action,cycle_id,link_id,link_mbps,link_monitor,link_usage_norm,rx_mbps,rx_pps,timestamp,tx_mbps,tx_pps
ip_shuffle,20260617T220708_703150,of:0000000000000004:1 -> of:000000000000000c:4,0.002,0.0025,0.002,0.002,1.46,2026-06-17T22:07:08,0.001,1.33
ip_shuffle,20260617T220708_703150,of:0000000000000005:1 -> of:000000000000000c:5,0.002,0.0025,0.002,0.002,1.46,2026-06-17T22:07:08,0.001,1.33
ip_shuffle,20260617T220708_703150,of:000000000000000a:1 -> of:000000000000000d:6,0.002,0.0025,0.002,0.002,1.39,2026-06-17T22:07:08,0.001,1.33
ip_shuffle,20260617T220708_703150,of:000000000000000b:3 -> of:000000000000000d:2,0.024,0.03,0.024,0.012,3.09,2026-06-17T22:07:08,0.024,4.08
ip_shuffle,20260617T220708_703150,of:000000000000000c:3 -> of:000000000000000d:3,0.001,0.00125,0.001,0.001,1.33,2026-06-17T22:07:08,0.001,1.33
ip_shuffle,20260617T220708_703150,of:0000000000000005:2 -> of:0000000000000009:3,0.002,0.0025,0.002,0.002,1.46,2026-06-17T22:07:08,0.001,1.33
ip_shuffle,20260617T220708_703150,of:0000000000000001:1 -> of:000000000000000b:1,0.002,0.0025,0.002,0.002,1.46,2026-06-17T22:07:08,0.001,1.33
ip_shuffle,20260617T220708_703150,of:000000000000000b:2 -> of:000000000000000c:2,0.001,0.00125,0.001,0.001,1.33,2026-06-17T22:07:08,0.001,1.33
ip_shuffle,20260617T220708_703150,of:0000000000000001:2 -> of:000000000000000c:1,0.002,0.0025,0.002,0.002,1.46,2026-06-17T22:07:08,0.001,1.33
ip_shuffle,20260617T220708_703150,of:0000000000000003:1 -> of:000000000000000b:5,0.002,0.0025,0.002,0.002,1.49,2026-06-17T22:07:08,0.001,1.36
ip_shuffle,20260617T220708_703150,of:0000000000000001:3 -> of:000000000000000d:1,0.002,0.0025,0.002,0.002,1.46,2026-06-17T22:07:08,0.001,1.33
ip_shuffle,20260617T220708_703150,of:0000000000000006:1 -> of:000000000000000d:4,0.002,0.0025,0.002,0.002,1.73,2026-06-17T22:07:08,0.002,1.59
ip_shuffle,20260617T220708_703150,of:0000000000000006:2 -> of:000000000000000a:2,0.002,0.0025,0.002,0.002,1.46,2026-06-17T22:07:08,0.001,1.33
ip_shuffle,20260617T220708_703150,of:0000000000000007:2 -> of:000000000000000a:3,0.002,0.0025,0.002,0.002,1.39,2026-06-17T22:07:08,0.001,1.33
ip_shuffle,20260617T220708_703150,of:0000000000000007:1 -> of:000000000000000d:5,0.024,0.03,0.024,0.024,3.78,2026-06-17T22:07:08,0.002,1.69
ip_shuffle,20260617T220708_703150,of:0000000000000002:2 -> of:0000000000000008:2,0.002,0.0025,0.002,0.002,1.46,2026-06-17T22:07:08,0.001,1.33
ip_shuffle,20260617T220708_703150,of:0000000000000003:2 -> of:0000000000000008:3,0.002,0.0025,0.002,0.002,1.46,2026-06-17T22:07:08,0.001,1.33
ip_shuffle,20260617T220708_703150,of:0000000000000008:1 -> of:000000000000000b:6,0.001,0.00125,0.001,0.001,1.33,2026-06-17T22:07:08,0.001,1.33
ip_shuffle,20260617T220708_703150,of:0000000000000004:2 -> of:0000000000000009:2,0.002,0.0025,0.002,0.002,1.46,2026-06-17T22:07:08,0.001,1.33
ip_shuffle,20260617T220708_703150,of:0000000000000002:1 -> of:000000000000000b:4,0.011,0.013749999999999998,0.011,0.002,1.73,2026-06-17T22:07:08,0.011,2.42
ip_shuffle,20260617T220708_703150,of:0000000000000009:1 -> of:000000000000000c:6,0.001,0.00125,0.001,0.001,1.33,2026-06-17T22:07:08,0.001,1.33
route_mutation,20260617T220738_898378,of:0000000000000004:1 -> of:000000000000000c:4,0.001,0.00125,0.001,0.001,1.2,2026-06-17T22:07:38,0.001,1.33
route_mutation,20260617T220738_898378,of:0000000000000005:1 -> of:000000000000000c:5,0.001,0.00125,0.001,0.001,1.2,2026-06-17T22:07:38,0.001,1.33
route_mutation,20260617T220738_898378,of:000000000000000a:1 -> of:000000000000000d:6,0.001,0.00125,0.001,0.001,1.27,2026-06-17T22:07:38,0.001,1.33
route_mutation,20260617T220738_898378,of:000000000000000b:3 -> of:000000000000000d:2,1.85,1.0,1.0,1.839,155.73,2026-06-17T22:07:38,1.85,156.73
route_mutation,20260617T220738_898378,of:000000000000000c:3 -> of:000000000000000d:3,0.001,0.00125,0.001,0.001,1.33,2026-06-17T22:07:38,0.001,1.33
route_mutation,20260617T220738_898378,of:0000000000000005:2 -> of:0000000000000009:3,0.001,0.00125,0.001,0.001,1.27,2026-06-17T22:07:38,0.001,1.33
route_mutation,20260617T220738_898378,of:0000000000000001:1 -> of:000000000000000b:1,0.001,0.00125,0.001,0.001,1.2,2026-06-17T22:07:38,0.001,1.33
route_mutation,20260617T220738_898378,of:000000000000000b:2 -> of:000000000000000c:2,0.001,0.00125,0.001,0.001,1.33,2026-06-17T22:07:38,0.001,1.33
route_mutation,20260617T220738_898378,of:0000000000000001:2 -> of:000000000000000c:1,0.001,0.00125,0.001,0.001,1.2,2026-06-17T22:07:38,0.001,1.33
route_mutation,20260617T220738_898378,of:0000000000000003:1 -> of:000000000000000b:5,0.913,1.0,0.913,0.867,74.44,2026-06-17T22:07:38,0.913,78.43
route_mutation,20260617T220738_898378,of:0000000000000001:3 -> of:000000000000000d:1,0.001,0.00125,0.001,0.001,1.2,2026-06-17T22:07:38,0.001,1.33
route_mutation,20260617T220738_898378,of:0000000000000006:1 -> of:000000000000000d:4,0.926,1.0,0.926,0.926,79.13,2026-06-17T22:07:38,0.889,76.17
route_mutation,20260617T220738_898378,of:0000000000000006:2 -> of:000000000000000a:2,0.001,0.00125,0.001,0.001,1.27,2026-06-17T22:07:38,0.001,1.33
route_mutation,20260617T220738_898378,of:0000000000000007:2 -> of:000000000000000a:3,0.001,0.00125,0.001,0.001,1.27,2026-06-17T22:07:38,0.001,1.33
route_mutation,20260617T220738_898378,of:0000000000000007:1 -> of:000000000000000d:5,0.926,1.0,0.926,0.926,78.9,2026-06-17T22:07:38,0.919,78.53
route_mutation,20260617T220738_898378,of:0000000000000002:2 -> of:0000000000000008:2,0.001,0.00125,0.001,0.001,1.2,2026-06-17T22:07:38,0.001,1.33
route_mutation,20260617T220738_898378,of:0000000000000003:2 -> of:0000000000000008:3,0.001,0.00125,0.001,0.001,1.27,2026-06-17T22:07:38,0.001,1.33
route_mutation,20260617T220738_898378,of:0000000000000008:1 -> of:000000000000000b:6,0.001,0.00125,0.001,0.001,1.33,2026-06-17T22:07:38,0.001,1.33
route_mutation,20260617T220738_898378,of:0000000000000004:2 -> of:0000000000000009:2,0.001,0.00125,0.001,0.001,1.2,2026-06-17T22:07:38,0.001,1.33
route_mutation,20260617T220738_898378,of:0000000000000002:1 -> of:000000000000000b:4,0.927,1.0,0.927,0.882,75.44,2026-06-17T22:07:38,0.927,79.2
route_mutation,20260617T220738_898378,of:0000000000000009:1 -> of:000000000000000c:6,0.001,0.00125,0.001,0.001,1.33,2026-06-17T22:07:38,0.001,1.33
route_mutation,20260617T220809_175707,of:0000000000000004:1 -> of:000000000000000c:4,0.002,0.0025,0.002,0.002,1.46,2026-06-17T22:08:09,0.002,1.4
route_mutation,20260617T220809_175707,of:0000000000000005:1 -> of:000000000000000c:5,0.002,0.0025,0.002,0.002,1.46,2026-06-17T22:08:09,0.002,1.4
route_mutation,20260617T220809_175707,of:000000000000000a:1 -> of:000000000000000d:6,0.001,0.00125,0.001,0.001,1.36,2026-06-17T22:08:09,0.001,1.3
route_mutation,20260617T220809_175707,of:000000000000000b:3 -> of:000000000000000d:2,1.851,1.0,1.0,1.851,156.54,2026-06-17T22:08:09,1.851,156.5
route_mutation,20260617T220809_175707,of:000000000000000c:3 -> of:000000000000000d:3,0.001,0.00125,0.001,0.001,1.33,2026-06-17T22:08:09,0.001,1.33
route_mutation,20260617T220809_175707,of:0000000000000005:2 -> of:0000000000000009:3,0.002,0.0025,0.002,0.002,1.4,2026-06-17T22:08:09,0.001,1.36
route_mutation,20260617T220809_175707,of:0000000000000001:1 -> of:000000000000000b:1,0.002,0.0025,0.002,0.002,1.46,2026-06-17T22:08:09,0.002,1.4
route_mutation,20260617T220809_175707,of:000000000000000b:2 -> of:000000000000000c:2,0.001,0.00125,0.001,0.001,1.33,2026-06-17T22:08:09,0.001,1.33
route_mutation,20260617T220809_175707,of:0000000000000001:2 -> of:000000000000000c:1,0.002,0.0025,0.002,0.002,1.46,2026-06-17T22:08:09,0.001,1.33
route_mutation,20260617T220809_175707,of:0000000000000003:1 -> of:000000000000000b:5,0.926,1.0,0.926,0.926,79.02,2026-06-17T22:08:09,0.926,78.92
route_mutation,20260617T220809_175707,of:0000000000000001:3 -> of:000000000000000d:1,0.002,0.0025,0.002,0.002,1.46,2026-06-17T22:08:09,0.001,1.33
route_mutation,20260617T220809_175707,of:0000000000000006:1 -> of:000000000000000d:4,0.926,1.0,0.926,0.926,79.05,2026-06-17T22:08:09,0.926,78.98
route_mutation,20260617T220809_175707,of:0000000000000006:2 -> of:000000000000000a:2,0.002,0.0025,0.002,0.002,1.4,2026-06-17T22:08:09,0.002,1.4
route_mutation,20260617T220809_175707,of:0000000000000007:2 -> of:000000000000000a:3,0.002,0.0025,0.002,0.002,1.4,2026-06-17T22:08:09,0.001,1.33
route_mutation,20260617T220809_175707,of:0000000000000007:1 -> of:000000000000000d:5,0.926,1.0,0.926,0.926,78.98,2026-06-17T22:08:09,0.926,78.88
route_mutation,20260617T220809_175707,of:0000000000000002:2 -> of:0000000000000008:2,0.002,0.0025,0.002,0.002,1.46,2026-06-17T22:08:09,0.002,1.4
route_mutation,20260617T220809_175707,of:0000000000000003:2 -> of:0000000000000008:3,0.002,0.0025,0.002,0.002,1.4,2026-06-17T22:08:09,0.001,1.36
route_mutation,20260617T220809_175707,of:0000000000000008:1 -> of:000000000000000b:6,0.002,0.0025,0.002,0.001,1.36,2026-06-17T22:08:09,0.002,1.43
route_mutation,20260617T220809_175707,of:0000000000000004:2 -> of:0000000000000009:2,0.002,0.0025,0.002,0.002,1.46,2026-06-17T22:08:09,0.001,1.36
route_mutation,20260617T220809_175707,of:0000000000000002:1 -> of:000000000000000b:4,0.926,1.0,0.926,0.926,79.05,2026-06-17T22:08:09,0.926,78.98
route_mutation,20260617T220809_175707,of:0000000000000009:1 -> of:000000000000000c:6,0.001,0.00125,0.001,0.001,1.36,2026-06-17T22:08:09,0.001,1.3
route_mutation,20260617T220839_413293,of:0000000000000004:1 -> of:000000000000000c:4,0.001,0.00125,0.001,0.001,1.33,2026-06-17T22:08:39,0.001,1.27
route_mutation,20260617T220839_413293,of:0000000000000005:1 -> of:000000000000000c:5,0.001,0.00125,0.001,0.001,1.33,2026-06-17T22:08:39,0.001,1.27
route_mutation,20260617T220839_413293,of:000000000000000a:1 -> of:000000000000000d:6,0.002,0.0025,0.002,0.001,1.3,2026-06-17T22:08:39,0.002,1.37
route_mutation,20260617T220839_413293,of:000000000000000b:3 -> of:000000000000000d:2,1.852,1.0,1.0,1.851,156.49,2026-06-17T22:08:39,1.852,156.56
route_mutation,20260617T220839_413293,of:000000000000000c:3 -> of:000000000000000d:3,0.001,0.00125,0.001,0.001,1.33,2026-06-17T22:08:39,0.001,1.33
route_mutation,20260617T220839_413293,of:0000000000000005:2 -> of:0000000000000009:3,0.001,0.00125,0.001,0.001,1.33,2026-06-17T22:08:39,0.001,1.3
route_mutation,20260617T220839_413293,of:0000000000000001:1 -> of:000000000000000b:1,0.001,0.00125,0.001,0.001,1.33,2026-06-17T22:08:39,0.001,1.27
route_mutation,20260617T220839_413293,of:000000000000000b:2 -> of:000000000000000c:2,0.001,0.00125,0.001,0.001,1.33,2026-06-17T22:08:39,0.001,1.33
route_mutation,20260617T220839_413293,of:0000000000000001:2 -> of:000000000000000c:1,0.001,0.00125,0.001,0.001,1.27,2026-06-17T22:08:39,0.001,1.33
route_mutation,20260617T220839_413293,of:0000000000000003:1 -> of:000000000000000b:5,0.927,1.0,0.927,0.927,78.98,2026-06-17T22:08:39,0.927,78.95
route_mutation,20260617T220839_413293,of:0000000000000001:3 -> of:000000000000000d:1,0.001,0.00125,0.001,0.001,1.27,2026-06-17T22:08:39,0.001,1.33
route_mutation,20260617T220839_413293,of:0000000000000006:1 -> of:000000000000000d:4,0.927,1.0,0.927,0.927,78.95,2026-06-17T22:08:39,0.927,78.88
route_mutation,20260617T220839_413293,of:0000000000000006:2 -> of:000000000000000a:2,0.001,0.00125,0.001,0.001,1.33,2026-06-17T22:08:39,0.001,1.27
route_mutation,20260617T220839_413293,of:0000000000000007:2 -> of:000000000000000a:3,0.001,0.00125,0.001,0.001,1.27,2026-06-17T22:08:39,0.001,1.33
route_mutation,20260617T220839_413293,of:0000000000000007:1 -> of:000000000000000d:5,0.927,1.0,0.927,0.927,78.91,2026-06-17T22:08:39,0.926,78.95
route_mutation,20260617T220839_413293,of:0000000000000002:2 -> of:0000000000000008:2,0.001,0.00125,0.001,0.001,1.33,2026-06-17T22:08:39,0.001,1.27
route_mutation,20260617T220839_413293,of:0000000000000003:2 -> of:0000000000000008:3,0.001,0.00125,0.001,0.001,1.33,2026-06-17T22:08:39,0.001,1.3
route_mutation,20260617T220839_413293,of:0000000000000008:1 -> of:000000000000000b:6,0.001,0.00125,0.001,0.001,1.3,2026-06-17T22:08:39,0.001,1.23
route_mutation,20260617T220839_413293,of:0000000000000004:2 -> of:0000000000000009:2,0.001,0.00125,0.001,0.001,1.33,2026-06-17T22:08:39,0.001,1.3
route_mutation,20260617T220839_413293,of:0000000000000002:1 -> of:000000000000000b:4,0.927,1.0,0.927,0.926,78.91,2026-06-17T22:08:39,0.927,78.88
route_mutation,20260617T220839_413293,of:0000000000000009:1 -> of:000000000000000c:6,0.002,0.0025,0.002,0.001,1.3,2026-06-17T22:08:39,0.002,1.37
route_mutation,20260617T220909_662306,of:0000000000000004:1 -> of:000000000000000c:4,0.001,0.00125,0.001,0.001,1.2,2026-06-17T22:09:09,0.001,1.33
route_mutation,20260617T220909_662306,of:0000000000000005:1 -> of:000000000000000c:5,0.001,0.00125,0.001,0.001,1.2,2026-06-17T22:09:09,0.001,1.33
route_mutation,20260617T220909_662306,of:000000000000000a:1 -> of:000000000000000d:6,0.001,0.00125,0.001,0.001,1.33,2026-06-17T22:09:09,0.001,1.33
route_mutation,20260617T220909_662306,of:000000000000000b:3 -> of:000000000000000d:2,1.851,1.0,1.0,1.851,156.5,2026-06-17T22:09:09,1.851,156.47
route_mutation,20260617T220909_662306,of:000000000000000c:3 -> of:000000000000000d:3,0.001,0.00125,0.001,0.001,1.33,2026-06-17T22:09:09,0.001,1.33
route_mutation,20260617T220909_662306,of:0000000000000005:2 -> of:0000000000000009:3,0.001,0.00125,0.001,0.001,1.27,2026-06-17T22:09:09,0.001,1.33
route_mutation,20260617T220909_662306,of:0000000000000001:1 -> of:000000000000000b:1,0.001,0.00125,0.001,0.001,1.2,2026-06-17T22:09:09,0.001,1.33
route_mutation,20260617T220909_662306,of:000000000000000b:2 -> of:000000000000000c:2,0.001,0.00125,0.001,0.001,1.33,2026-06-17T22:09:09,0.001,1.33
route_mutation,20260617T220909_662306,of:0000000000000001:2 -> of:000000000000000c:1,0.001,0.00125,0.001,0.001,1.27,2026-06-17T22:09:09,0.001,1.33
route_mutation,20260617T220909_662306,of:0000000000000003:1 -> of:000000000000000b:5,0.927,1.0,0.927,0.926,78.8,2026-06-17T22:09:09,0.927,78.93
route_mutation,20260617T220909_662306,of:0000000000000001:3 -> of:000000000000000d:1,0.001,0.00125,0.001,0.001,1.27,2026-06-17T22:09:09,0.001,1.33
route_mutation,20260617T220909_662306,of:0000000000000006:1 -> of:000000000000000d:4,0.926,1.0,0.926,0.926,78.77,2026-06-17T22:09:09,0.919,78.34
route_mutation,20260617T220909_662306,of:0000000000000006:2 -> of:000000000000000a:2,0.001,0.00125,0.001,0.001,1.27,2026-06-17T22:09:09,0.001,1.33
route_mutation,20260617T220909_662306,of:0000000000000007:2 -> of:000000000000000a:3,0.001,0.00125,0.001,0.001,1.33,2026-06-17T22:09:09,0.001,1.33
route_mutation,20260617T220909_662306,of:0000000000000007:1 -> of:000000000000000d:5,0.927,1.0,0.927,0.926,78.87,2026-06-17T22:09:09,0.927,78.93
route_mutation,20260617T220909_662306,of:0000000000000002:2 -> of:0000000000000008:2,0.001,0.00125,0.001,0.001,1.2,2026-06-17T22:09:09,0.001,1.33
route_mutation,20260617T220909_662306,of:0000000000000003:2 -> of:0000000000000008:3,0.001,0.00125,0.001,0.001,1.27,2026-06-17T22:09:09,0.001,1.33
route_mutation,20260617T220909_662306,of:0000000000000008:1 -> of:000000000000000b:6,0.001,0.00125,0.001,0.001,1.33,2026-06-17T22:09:09,0.001,1.33
route_mutation,20260617T220909_662306,of:0000000000000004:2 -> of:0000000000000009:2,0.001,0.00125,0.001,0.001,1.2,2026-06-17T22:09:09,0.001,1.33
route_mutation,20260617T220909_662306,of:0000000000000002:1 -> of:000000000000000b:4,0.926,1.0,0.926,0.925,78.7,2026-06-17T22:09:09,0.926,78.9
route_mutation,20260617T220909_662306,of:0000000000000009:1 -> of:000000000000000c:6,0.001,0.00125,0.001,0.001,1.33,2026-06-17T22:09:09,0.001,1.33
route_mutation,20260617T220940_058546,of:0000000000000004:1 -> of:000000000000000c:4,0.003,0.00375,0.003,0.003,3.76,2026-06-17T22:09:40,0.003,3.69
route_mutation,20260617T220940_058546,of:0000000000000005:1 -> of:000000000000000c:5,0.003,0.00375,0.003,0.003,3.53,2026-06-17T22:09:40,0.003,3.46
route_mutation,20260617T220940_058546,of:000000000000000a:1 -> of:000000000000000d:6,0.002,0.0025,0.002,0.002,2.26,2026-06-17T22:09:40,0.002,2.3
route_mutation,20260617T220940_058546,of:000000000000000b:3 -> of:000000000000000d:2,1.853,1.0,1.0,1.853,160.43,2026-06-17T22:09:40,1.853,160.4
route_mutation,20260617T220940_058546,of:000000000000000c:3 -> of:000000000000000d:3,0.003,0.00375,0.003,0.003,3.23,2026-06-17T22:09:40,0.003,3.23
route_mutation,20260617T220940_058546,of:0000000000000005:2 -> of:0000000000000009:3,0.003,0.00375,0.003,0.003,3.26,2026-06-17T22:09:40,0.003,3.33
route_mutation,20260617T220940_058546,of:0000000000000001:1 -> of:000000000000000b:1,0.003,0.00375,0.003,0.003,3.46,2026-06-17T22:09:40,0.003,3.39
route_mutation,20260617T220940_058546,of:000000000000000b:2 -> of:000000000000000c:2,0.005,0.0062499999999999995,0.005,0.005,5.66,2026-06-17T22:09:40,0.005,5.66
route_mutation,20260617T220940_058546,of:0000000000000001:2 -> of:000000000000000c:1,0.002,0.0025,0.002,0.002,2.83,2026-06-17T22:09:40,0.002,2.7
route_mutation,20260617T220940_058546,of:0000000000000003:1 -> of:000000000000000b:5,0.928,1.0,0.928,0.928,81.76,2026-06-17T22:09:40,0.928,81.73
route_mutation,20260617T220940_058546,of:0000000000000001:3 -> of:000000000000000d:1,0.003,0.00375,0.003,0.003,2.93,2026-06-17T22:09:40,0.002,2.83
route_mutation,20260617T220940_058546,of:0000000000000006:1 -> of:000000000000000d:4,0.935,1.0,0.935,0.928,81.23,2026-06-17T22:09:40,0.935,81.8
route_mutation,20260617T220940_058546,of:0000000000000006:2 -> of:000000000000000a:2,0.003,0.00375,0.003,0.003,3.26,2026-06-17T22:09:40,0.003,3.33
route_mutation,20260617T220940_058546,of:0000000000000007:2 -> of:000000000000000a:3,0.003,0.00375,0.003,0.003,3.26,2026-06-17T22:09:40,0.003,3.33
route_mutation,20260617T220940_058546,of:0000000000000007:1 -> of:000000000000000d:5,0.928,1.0,0.928,0.928,81.1,2026-06-17T22:09:40,0.928,81.06
route_mutation,20260617T220940_058546,of:0000000000000002:2 -> of:0000000000000008:2,0.003,0.00375,0.003,0.003,3.33,2026-06-17T22:09:40,0.003,3.26
route_mutation,20260617T220940_058546,of:0000000000000003:2 -> of:0000000000000008:3,0.003,0.00375,0.003,0.003,3.26,2026-06-17T22:09:40,0.003,3.33
route_mutation,20260617T220940_058546,of:0000000000000008:1 -> of:000000000000000b:6,0.002,0.0025,0.002,0.002,2.26,2026-06-17T22:09:40,0.002,2.33
route_mutation,20260617T220940_058546,of:0000000000000004:2 -> of:0000000000000009:2,0.003,0.00375,0.003,0.003,3.33,2026-06-17T22:09:40,0.003,3.33
route_mutation,20260617T220940_058546,of:0000000000000002:1 -> of:000000000000000b:4,0.933,1.0,0.933,0.933,85.92,2026-06-17T22:09:40,0.931,85.72
route_mutation,20260617T220940_058546,of:0000000000000009:1 -> of:000000000000000c:6,0.002,0.0025,0.002,0.002,2.26,2026-06-17T22:09:40,0.002,2.26
route_mutation,20260617T221012_760035,of:0000000000000004:1 -> of:000000000000000c:4,0.002,0.0025,0.002,0.002,2.33,2026-06-17T22:10:12,0.002,2.33
route_mutation,20260617T221012_760035,of:0000000000000005:1 -> of:000000000000000c:5,0.002,0.0025,0.002,0.002,2.23,2026-06-17T22:10:12,0.002,2.23
route_mutation,20260617T221012_760035,of:000000000000000a:1 -> of:000000000000000d:6,0.001,0.00125,0.001,0.001,1.46,2026-06-17T22:10:12,0.001,1.43
route_mutation,20260617T221012_760035,of:000000000000000b:3 -> of:000000000000000d:2,1.017,1.0,1.0,1.017,88.26,2026-06-17T22:10:12,0.993,86.22
route_mutation,20260617T221012_760035,of:000000000000000c:3 -> of:000000000000000d:3,0.071,0.08874999999999998,0.071,0.071,7.45,2026-06-17T22:10:12,0.071,7.45
route_mutation,20260617T221012_760035,of:0000000000000005:2 -> of:0000000000000009:3,0.001,0.00125,0.001,0.001,1.72,2026-06-17T22:10:12,0.001,1.65
route_mutation,20260617T221012_760035,of:0000000000000001:1 -> of:000000000000000b:1,0.002,0.0025,0.002,0.002,1.65,2026-06-17T22:10:12,0.002,1.65
route_mutation,20260617T221012_760035,of:000000000000000b:2 -> of:000000000000000c:2,0.07,0.08750000000000001,0.07,0.07,8.55,2026-06-17T22:10:12,0.068,8.42
route_mutation,20260617T221012_760035,of:0000000000000001:2 -> of:000000000000000c:1,0.002,0.0025,0.002,0.001,1.46,2026-06-17T22:10:12,0.002,1.55
route_mutation,20260617T221012_760035,of:0000000000000003:1 -> of:000000000000000b:5,0.564,0.7049999999999998,0.564,0.564,49.49,2026-06-17T22:10:12,0.534,46.9
route_mutation,20260617T221012_760035,of:0000000000000001:3 -> of:000000000000000d:1,0.001,0.00125,0.001,0.001,1.49,2026-06-17T22:10:12,0.001,1.52
route_mutation,20260617T221012_760035,of:0000000000000006:1 -> of:000000000000000d:4,0.593,0.74125,0.593,0.566,49.56,2026-06-17T22:10:12,0.593,51.76
route_mutation,20260617T221012_760035,of:0000000000000006:2 -> of:000000000000000a:2,0.002,0.0025,0.002,0.002,1.78,2026-06-17T22:10:12,0.001,1.72
route_mutation,20260617T221012_760035,of:0000000000000007:2 -> of:000000000000000a:3,0.002,0.0025,0.002,0.002,1.72,2026-06-17T22:10:12,0.001,1.65
route_mutation,20260617T221012_760035,of:0000000000000007:1 -> of:000000000000000d:5,0.607,0.7587499999999999,0.607,0.583,51.11,2026-06-17T22:10:12,0.607,53.09
route_mutation,20260617T221012_760035,of:0000000000000002:2 -> of:0000000000000008:2,0.002,0.0025,0.002,0.002,1.78,2026-06-17T22:10:12,0.002,1.81
route_mutation,20260617T221012_760035,of:0000000000000003:2 -> of:0000000000000008:3,0.001,0.00125,0.001,0.001,1.68,2026-06-17T22:10:12,0.001,1.72
route_mutation,20260617T221012_760035,of:0000000000000008:1 -> of:000000000000000b:6,0.001,0.00125,0.001,0.001,1.46,2026-06-17T22:10:12,0.001,1.39
route_mutation,20260617T221012_760035,of:0000000000000004:2 -> of:0000000000000009:2,0.002,0.0025,0.002,0.002,1.75,2026-06-17T22:10:12,0.001,1.68
route_mutation,20260617T221012_760035,of:0000000000000002:1 -> of:000000000000000b:4,0.581,0.72625,0.581,0.581,54.19,2026-06-17T22:10:12,0.547,51.4
route_mutation,20260617T221012_760035,of:0000000000000009:1 -> of:000000000000000c:6,0.001,0.00125,0.001,0.001,1.43,2026-06-17T22:10:12,0.001,1.43
route_mutation,20260617T221043_746175,of:0000000000000004:1 -> of:000000000000000c:4,0.001,0.00125,0.001,0.001,1.16,2026-06-17T22:10:43,0.001,1.16
route_mutation,20260617T221043_746175,of:0000000000000005:1 -> of:000000000000000c:5,0.001,0.00125,0.001,0.001,1.32,2026-06-17T22:10:43,0.001,1.32
route_mutation,20260617T221043_746175,of:000000000000000a:1 -> of:000000000000000d:6,0.001,0.00125,0.001,0.001,1.03,2026-06-17T22:10:43,0.001,1.03
route_mutation,20260617T221043_746175,of:000000000000000b:3 -> of:000000000000000d:2,0.181,0.22624999999999998,0.181,0.179,15.97,2026-06-17T22:10:43,0.181,16.09
route_mutation,20260617T221043_746175,of:000000000000000c:3 -> of:000000000000000d:3,0.167,0.20875,0.167,0.167,15.16,2026-06-17T22:10:43,0.167,15.16
route_mutation,20260617T221043_746175,of:0000000000000005:2 -> of:0000000000000009:3,0.001,0.00125,0.001,0.001,1.13,2026-06-17T22:10:43,0.001,1.13
route_mutation,20260617T221043_746175,of:0000000000000001:1 -> of:000000000000000b:1,0.096,0.12,0.096,0.062,6.22,2026-06-17T22:10:43,0.096,9.06
route_mutation,20260617T221043_746175,of:000000000000000b:2 -> of:000000000000000c:2,0.169,0.21125,0.169,0.168,15.38,2026-06-17T22:10:43,0.169,15.51
route_mutation,20260617T221043_746175,of:0000000000000001:2 -> of:000000000000000c:1,0.025,0.03125,0.025,0.001,1.19,2026-06-17T22:10:43,0.025,3.13
route_mutation,20260617T221043_746175,of:0000000000000003:1 -> of:000000000000000b:5,0.302,0.37749999999999995,0.302,0.302,26.38,2026-06-17T22:10:43,0.184,16.45
route_mutation,20260617T221043_746175,of:0000000000000001:3 -> of:000000000000000d:1,0.116,0.145,0.116,0.116,10.8,2026-06-17T22:10:43,0.065,6.42
route_mutation,20260617T221043_746175,of:0000000000000006:1 -> of:000000000000000d:4,0.191,0.23875,0.191,0.185,16.61,2026-06-17T22:10:43,0.191,17.09
route_mutation,20260617T221043_746175,of:0000000000000006:2 -> of:000000000000000a:2,0.001,0.00125,0.001,0.001,1.06,2026-06-17T22:10:43,0.001,1.06
route_mutation,20260617T221043_746175,of:0000000000000007:1 -> of:000000000000000d:5,0.211,0.26375,0.211,0.209,18.48,2026-06-17T22:10:43,0.211,18.61
route_mutation,20260617T221043_746175,of:0000000000000007:2 -> of:000000000000000a:3,0.001,0.00125,0.001,0.001,1.06,2026-06-17T22:10:43,0.001,1.06
route_mutation,20260617T221043_746175,of:0000000000000002:2 -> of:0000000000000008:2,0.001,0.00125,0.001,0.001,1.13,2026-06-17T22:10:43,0.001,1.1
route_mutation,20260617T221043_746175,of:0000000000000003:2 -> of:0000000000000008:3,0.012,0.015,0.012,0.012,2.16,2026-06-17T22:10:43,0.001,1.13
route_mutation,20260617T221043_746175,of:0000000000000008:1 -> of:000000000000000b:6,0.001,0.00125,0.001,0.001,1.03,2026-06-17T22:10:43,0.001,1.03
route_mutation,20260617T221043_746175,of:0000000000000004:2 -> of:0000000000000009:2,0.001,0.00125,0.001,0.001,1.16,2026-06-17T22:10:43,0.001,1.16
route_mutation,20260617T221043_746175,of:0000000000000002:1 -> of:000000000000000b:4,0.327,0.40875,0.327,0.327,28.93,2026-06-17T22:10:43,0.2,18.13
route_mutation,20260617T221043_746175,of:0000000000000009:1 -> of:000000000000000c:6,0.001,0.00125,0.001,0.001,1.06,2026-06-17T22:10:43,0.001,1.06
route_mutation,20260617T221114_877586,of:0000000000000004:1 -> of:000000000000000c:4,0.001,0.00125,0.001,0.001,1.26,2026-06-17T22:11:14,0.001,1.26
route_mutation,20260617T221114_877586,of:0000000000000005:1 -> of:000000000000000c:5,0.001,0.00125,0.001,0.001,1.32,2026-06-17T22:11:14,0.001,1.32
route_mutation,20260617T221114_877586,of:000000000000000a:1 -> of:000000000000000d:6,0.21,0.26249999999999996,0.21,0.21,18.78,2026-06-17T22:11:14,0.21,18.78
route_mutation,20260617T221114_877586,of:000000000000000b:3 -> of:000000000000000d:2,0.284,0.3549999999999999,0.284,0.284,25.65,2026-06-17T22:11:14,0.284,25.65
route_mutation,20260617T221114_877586,of:000000000000000c:3 -> of:000000000000000d:3,0.225,0.28125,0.225,0.225,19.97,2026-06-17T22:11:14,0.225,19.97
route_mutation,20260617T221114_877586,of:0000000000000005:2 -> of:0000000000000009:3,0.001,0.00125,0.001,0.001,1.55,2026-06-17T22:11:14,0.001,1.55
route_mutation,20260617T221114_877586,of:0000000000000001:1 -> of:000000000000000b:1,0.059,0.07375,0.059,0.059,6.13,2026-06-17T22:11:14,0.025,3.29
route_mutation,20260617T221114_877586,of:000000000000000b:2 -> of:000000000000000c:2,0.247,0.30874999999999997,0.247,0.247,22.1,2026-06-17T22:11:14,0.247,22.1
route_mutation,20260617T221114_877586,of:0000000000000001:2 -> of:000000000000000c:1,0.025,0.03125,0.025,0.025,3.23,2026-06-17T22:11:14,0.001,1.26
route_mutation,20260617T221114_877586,of:0000000000000003:1 -> of:000000000000000b:5,0.278,0.34750000000000003,0.278,0.182,16.46,2026-06-17T22:11:14,0.278,24.56
route_mutation,20260617T221114_877586,of:0000000000000001:3 -> of:000000000000000d:1,0.076,0.09499999999999999,0.076,0.025,3.29,2026-06-17T22:11:14,0.076,7.68
route_mutation,20260617T221114_877586,of:0000000000000006:1 -> of:000000000000000d:4,0.282,0.3524999999999999,0.282,0.27,24.23,2026-06-17T22:11:14,0.282,25.2
route_mutation,20260617T221114_877586,of:0000000000000006:2 -> of:000000000000000a:2,0.007,0.008749999999999999,0.007,0.007,2.03,2026-06-17T22:11:14,0.007,2.03
route_mutation,20260617T221114_877586,of:0000000000000007:1 -> of:000000000000000d:5,0.128,0.16,0.128,0.114,10.75,2026-06-17T22:11:14,0.128,11.97
route_mutation,20260617T221114_877586,of:0000000000000007:2 -> of:000000000000000a:3,0.203,0.25375,0.203,0.203,18.46,2026-06-17T22:11:14,0.203,18.46
route_mutation,20260617T221114_877586,of:0000000000000002:2 -> of:0000000000000008:2,0.001,0.00125,0.001,0.001,1.52,2026-06-17T22:11:14,0.001,1.52
route_mutation,20260617T221114_877586,of:0000000000000003:2 -> of:0000000000000008:3,0.013,0.016249999999999997,0.013,0.001,1.55,2026-06-17T22:11:14,0.013,2.48
route_mutation,20260617T221114_877586,of:0000000000000008:1 -> of:000000000000000b:6,0.012,0.015,0.012,0.012,2.29,2026-06-17T22:11:14,0.012,2.29
route_mutation,20260617T221114_877586,of:0000000000000004:2 -> of:0000000000000009:2,0.001,0.00125,0.001,0.001,1.48,2026-06-17T22:11:14,0.001,1.48
route_mutation,20260617T221114_877586,of:0000000000000002:1 -> of:000000000000000b:4,0.305,0.38125,0.305,0.203,18.43,2026-06-17T22:11:14,0.305,27.04
route_mutation,20260617T221114_877586,of:0000000000000009:1 -> of:000000000000000c:6,0.001,0.00125,0.001,0.001,1.29,2026-06-17T22:11:14,0.001,1.29
route_mutation,20260617T221146_792968,of:0000000000000004:1 -> of:000000000000000c:4,0.002,0.0025,0.002,0.002,1.73,2026-06-17T22:11:46,0.002,1.73
route_mutation,20260617T221146_792968,of:0000000000000005:1 -> of:000000000000000c:5,0.002,0.0025,0.002,0.002,1.79,2026-06-17T22:11:46,0.002,1.79
route_mutation,20260617T221146_792968,of:000000000000000a:1 -> of:000000000000000d:6,0.639,0.79875,0.639,0.639,54.93,2026-06-17T22:11:46,0.639,54.93
route_mutation,20260617T221146_792968,of:000000000000000b:3 -> of:000000000000000d:2,1.029,1.0,1.0,1.028,88.49,2026-06-17T22:11:46,1.029,88.59
route_mutation,20260617T221146_792968,of:000000000000000c:3 -> of:000000000000000d:3,0.062,0.0775,0.062,0.062,6.8,2026-06-17T22:11:46,0.062,6.8
route_mutation,20260617T221146_792968,of:0000000000000005:2 -> of:0000000000000009:3,0.002,0.0025,0.002,0.002,1.66,2026-06-17T22:11:46,0.002,1.66
route_mutation,20260617T221146_792968,of:0000000000000001:1 -> of:000000000000000b:1,0.339,0.42375,0.339,0.339,29.84,2026-06-17T22:11:46,0.339,29.84
route_mutation,20260617T221146_792968,of:000000000000000b:2 -> of:000000000000000c:2,0.371,0.46375,0.371,0.371,33.19,2026-06-17T22:11:46,0.371,33.19
route_mutation,20260617T221146_792968,of:0000000000000001:2 -> of:000000000000000c:1,0.388,0.485,0.388,0.388,33.79,2026-06-17T22:11:46,0.388,33.79
route_mutation,20260617T221146_792968,of:0000000000000003:1 -> of:000000000000000b:5,0.375,0.46875,0.375,0.375,33.09,2026-06-17T22:11:46,0.314,27.98
route_mutation,20260617T221146_792968,of:0000000000000001:3 -> of:000000000000000d:1,0.644,0.8049999999999999,0.644,0.644,55.33,2026-06-17T22:11:46,0.644,55.33
route_mutation,20260617T221146_792968,of:0000000000000006:1 -> of:000000000000000d:4,0.871,1.0,0.871,0.713,61.47,2026-06-17T22:11:46,0.871,74.75
route_mutation,20260617T221146_792968,of:0000000000000006:2 -> of:000000000000000a:2,1.079,1.0,1.0,1.079,92.08,2026-06-17T22:11:46,1.079,92.08
route_mutation,20260617T221146_792968,of:0000000000000007:1 -> of:000000000000000d:5,0.485,0.60625,0.485,0.326,29.34,2026-06-17T22:11:46,0.485,42.62
route_mutation,20260617T221146_792968,of:0000000000000007:2 -> of:000000000000000a:3,0.689,0.8612499999999998,0.689,0.689,59.32,2026-06-17T22:11:46,0.689,59.32
route_mutation,20260617T221146_792968,of:0000000000000002:2 -> of:0000000000000008:2,0.735,0.91875,0.735,0.735,63.07,2026-06-17T22:11:46,0.735,63.07
route_mutation,20260617T221146_792968,of:0000000000000003:2 -> of:0000000000000008:3,0.382,0.4775,0.382,0.382,33.46,2026-06-17T22:11:46,0.382,33.46
route_mutation,20260617T221146_792968,of:0000000000000008:1 -> of:000000000000000b:6,1.116,1.0,1.0,1.116,94.86,2026-06-17T22:11:46,1.116,94.86
route_mutation,20260617T221146_792968,of:0000000000000004:2 -> of:0000000000000009:2,0.002,0.0025,0.002,0.002,1.59,2026-06-17T22:11:46,0.002,1.59
route_mutation,20260617T221146_792968,of:0000000000000002:1 -> of:000000000000000b:4,0.394,0.4925,0.394,0.394,36.58,2026-06-17T22:11:46,0.333,31.5
route_mutation,20260617T221146_792968,of:0000000000000009:1 -> of:000000000000000c:6,0.002,0.0025,0.002,0.002,1.46,2026-06-17T22:11:46,0.002,1.46
route_mutation,20260617T221217_353371,of:0000000000000004:1 -> of:000000000000000c:4,0.001,0.00125,0.001,0.001,1.4,2026-06-17T22:12:17,0.001,1.4
route_mutation,20260617T221217_353371,of:0000000000000005:1 -> of:000000000000000c:5,0.001,0.00125,0.001,0.001,1.33,2026-06-17T22:12:17,0.001,1.33
route_mutation,20260617T221217_353371,of:000000000000000a:1 -> of:000000000000000d:6,0.001,0.00125,0.001,0.001,1.17,2026-06-17T22:12:17,0.001,1.13
route_mutation,20260617T221217_353371,of:000000000000000b:3 -> of:000000000000000d:2,0.591,0.7387499999999999,0.591,0.591,51.04,2026-06-17T22:12:17,0.548,47.58
route_mutation,20260617T221217_353371,of:000000000000000c:3 -> of:000000000000000d:3,0.173,0.21624999999999997,0.173,0.173,15.45,2026-06-17T22:12:17,0.173,15.45
route_mutation,20260617T221217_353371,of:0000000000000005:2 -> of:0000000000000009:3,0.001,0.00125,0.001,0.001,1.1,2026-06-17T22:12:17,0.001,1.1
route_mutation,20260617T221217_353371,of:0000000000000001:1 -> of:000000000000000b:1,0.827,1.0,0.827,0.827,71.18,2026-06-17T22:12:17,0.781,66.75
route_mutation,20260617T221217_353371,of:000000000000000b:2 -> of:000000000000000c:2,0.268,0.335,0.268,0.268,24.04,2026-06-17T22:12:17,0.17,15.71
route_mutation,20260617T221217_353371,of:0000000000000001:2 -> of:000000000000000c:1,0.001,0.00125,0.001,0.001,1.2,2026-06-17T22:12:17,0.001,1.2
route_mutation,20260617T221217_353371,of:0000000000000003:1 -> of:000000000000000b:5,0.83,1.0,0.83,0.761,65.72,2026-06-17T22:12:17,0.83,71.65
route_mutation,20260617T221217_353371,of:0000000000000001:3 -> of:000000000000000d:1,0.786,0.9825,0.786,0.786,66.99,2026-06-17T22:12:17,0.025,3.13
route_mutation,20260617T221217_353371,of:0000000000000006:1 -> of:000000000000000d:4,0.656,0.82,0.656,0.424,36.76,2026-06-17T22:12:17,0.656,56.33
route_mutation,20260617T221217_353371,of:0000000000000006:2 -> of:000000000000000a:2,0.001,0.00125,0.001,0.001,1.1,2026-06-17T22:12:17,0.001,1.1
route_mutation,20260617T221217_353371,of:0000000000000007:1 -> of:000000000000000d:5,0.68,0.85,0.68,0.454,39.42,2026-06-17T22:12:17,0.68,58.53
route_mutation,20260617T221217_353371,of:0000000000000007:2 -> of:000000000000000a:3,0.001,0.00125,0.001,0.001,1.1,2026-06-17T22:12:17,0.001,1.1
route_mutation,20260617T221217_353371,of:0000000000000002:2 -> of:0000000000000008:2,0.513,0.64125,0.513,0.51,43.85,2026-06-17T22:12:17,0.513,44.31
route_mutation,20260617T221217_353371,of:0000000000000003:2 -> of:0000000000000008:3,0.001,0.00125,0.001,0.001,1.17,2026-06-17T22:12:17,0.001,1.17
route_mutation,20260617T221217_353371,of:0000000000000008:1 -> of:000000000000000b:6,0.513,0.64125,0.513,0.513,44.38,2026-06-17T22:12:17,0.513,44.38
route_mutation,20260617T221217_353371,of:0000000000000004:2 -> of:0000000000000009:2,0.001,0.00125,0.001,0.001,1.17,2026-06-17T22:12:17,0.001,1.17
route_mutation,20260617T221217_353371,of:0000000000000002:1 -> of:000000000000000b:4,0.347,0.43374999999999997,0.347,0.279,26.17,2026-06-17T22:12:17,0.347,31.76
route_mutation,20260617T221217_353371,of:0000000000000009:1 -> of:000000000000000c:6,0.001,0.00125,0.001,0.001,1.17,2026-06-17T22:12:17,0.001,1.13
route_mutation,20260617T221247_783009,of:0000000000000004:1 -> of:000000000000000c:4,0.003,0.00375,0.003,0.003,3.13,2026-06-17T22:12:47,0.003,3.06
route_mutation,20260617T221247_783009,of:0000000000000005:1 -> of:000000000000000c:5,0.003,0.00375,0.003,0.003,3.19,2026-06-17T22:12:47,0.003,3.13
route_mutation,20260617T221247_783009,of:000000000000000a:1 -> of:000000000000000d:6,0.002,0.0025,0.002,0.002,1.76,2026-06-17T22:12:47,0.002,1.73
route_mutation,20260617T221247_783009,of:000000000000000b:3 -> of:000000000000000d:2,0.046,0.057499999999999996,0.046,0.005,5.79,2026-06-17T22:12:47,0.046,9.14
route_mutation,20260617T221247_783009,of:000000000000000c:3 -> of:000000000000000d:3,0.095,0.11875,0.095,0.095,10.21,2026-06-17T22:12:47,0.095,10.21
route_mutation,20260617T221247_783009,of:0000000000000005:2 -> of:0000000000000009:3,0.002,0.0025,0.002,0.002,2.36,2026-06-17T22:12:47,0.002,2.36
route_mutation,20260617T221247_783009,of:0000000000000001:1 -> of:000000000000000b:1,0.048,0.06,0.048,0.002,2.03,2026-06-17T22:12:47,0.048,6.45
route_mutation,20260617T221247_783009,of:000000000000000b:2 -> of:000000000000000c:2,0.102,0.12749999999999997,0.102,0.004,5.25,2026-06-17T22:12:47,0.102,13.6
route_mutation,20260617T221247_783009,of:0000000000000001:2 -> of:000000000000000c:1,0.002,0.0025,0.002,0.001,1.66,2026-06-17T22:12:47,0.002,1.73
route_mutation,20260617T221247_783009,of:0000000000000003:1 -> of:000000000000000b:5,0.007,0.008749999999999999,0.007,0.007,9.34,2026-06-17T22:12:47,0.007,9.18
route_mutation,20260617T221247_783009,of:0000000000000001:3 -> of:000000000000000d:1,0.803,1.0,0.803,0.043,5.75,2026-06-17T22:12:47,0.803,69.46
route_mutation,20260617T221247_783009,of:0000000000000006:1 -> of:000000000000000d:4,0.402,0.5025,0.402,0.402,37.11,2026-06-17T22:12:47,0.003,3.56
route_mutation,20260617T221247_783009,of:0000000000000006:2 -> of:000000000000000a:2,0.002,0.0025,0.002,0.002,2.36,2026-06-17T22:12:47,0.002,2.36
route_mutation,20260617T221247_783009,of:0000000000000007:1 -> of:000000000000000d:5,0.399,0.49875,0.399,0.399,37.01,2026-06-17T22:12:47,0.003,3.56
route_mutation,20260617T221247_783009,of:0000000000000007:2 -> of:000000000000000a:3,0.002,0.0025,0.002,0.002,2.36,2026-06-17T22:12:47,0.002,2.36
route_mutation,20260617T221247_783009,of:0000000000000002:2 -> of:0000000000000008:2,0.004,0.005,0.004,0.004,2.76,2026-06-17T22:12:47,0.002,2.29
route_mutation,20260617T221247_783009,of:0000000000000003:2 -> of:0000000000000008:3,0.002,0.0025,0.002,0.002,2.29,2026-06-17T22:12:47,0.002,2.29
route_mutation,20260617T221247_783009,of:0000000000000008:1 -> of:000000000000000b:6,0.002,0.0025,0.002,0.002,1.83,2026-06-17T22:12:47,0.002,1.83
route_mutation,20260617T221247_783009,of:0000000000000004:2 -> of:0000000000000009:2,0.002,0.0025,0.002,0.002,2.29,2026-06-17T22:12:47,0.002,2.29
route_mutation,20260617T221247_783009,of:0000000000000002:1 -> of:000000000000000b:4,0.004,0.005,0.004,0.004,4.46,2026-06-17T22:12:47,0.004,4.66
route_mutation,20260617T221247_783009,of:0000000000000009:1 -> of:000000000000000c:6,0.002,0.0025,0.002,0.002,1.76,2026-06-17T22:12:47,0.002,1.73
route_mutation,20260617T221318_149883,of:0000000000000004:1 -> of:000000000000000c:4,0.003,0.00375,0.003,0.003,3.49,2026-06-17T22:13:18,0.003,3.49
route_mutation,20260617T221318_149883,of:0000000000000005:1 -> of:000000000000000c:5,0.003,0.00375,0.003,0.003,3.39,2026-06-17T22:13:18,0.003,3.36
route_mutation,20260617T221318_149883,of:000000000000000a:1 -> of:000000000000000d:6,0.002,0.0025,0.002,0.002,1.8,2026-06-17T22:13:18,0.002,1.8
route_mutation,20260617T221318_149883,of:000000000000000b:3 -> of:000000000000000d:2,0.005,0.0062499999999999995,0.005,0.005,5.99,2026-06-17T22:13:18,0.005,5.99
route_mutation,20260617T221318_149883,of:000000000000000c:3 -> of:000000000000000d:3,0.002,0.0025,0.002,0.002,2.36,2026-06-17T22:13:18,0.002,2.36
route_mutation,20260617T221318_149883,of:0000000000000005:2 -> of:0000000000000009:3,0.002,0.0025,0.002,0.002,2.26,2026-06-17T22:13:18,0.002,2.26
route_mutation,20260617T221318_149883,of:0000000000000001:1 -> of:000000000000000b:1,0.002,0.0025,0.002,0.002,2.06,2026-06-17T22:13:18,0.002,2.06
route_mutation,20260617T221318_149883,of:000000000000000b:2 -> of:000000000000000c:2,0.004,0.005,0.004,0.004,5.65,2026-06-17T22:13:18,0.004,5.59
route_mutation,20260617T221318_149883,of:0000000000000001:2 -> of:000000000000000c:1,0.002,0.0025,0.002,0.002,1.83,2026-06-17T22:13:18,0.002,1.86
route_mutation,20260617T221318_149883,of:0000000000000003:1 -> of:000000000000000b:5,0.008,0.01,0.008,0.008,10.11,2026-06-17T22:13:18,0.008,10.18
route_mutation,20260617T221318_149883,of:0000000000000001:3 -> of:000000000000000d:1,0.002,0.0025,0.002,0.002,1.86,2026-06-17T22:13:18,0.002,1.86
route_mutation,20260617T221318_149883,of:0000000000000006:1 -> of:000000000000000d:4,0.003,0.00375,0.003,0.003,3.49,2026-06-17T22:13:18,0.003,3.53
route_mutation,20260617T221318_149883,of:0000000000000006:2 -> of:000000000000000a:2,0.002,0.0025,0.002,0.002,2.26,2026-06-17T22:13:18,0.002,2.26
route_mutation,20260617T221318_149883,of:0000000000000007:1 -> of:000000000000000d:5,0.003,0.00375,0.003,0.003,3.66,2026-06-17T22:13:18,0.003,3.66
route_mutation,20260617T221318_149883,of:0000000000000007:2 -> of:000000000000000a:3,0.002,0.0025,0.002,0.002,2.26,2026-06-17T22:13:18,0.002,2.26
route_mutation,20260617T221318_149883,of:0000000000000002:2 -> of:0000000000000008:2,0.002,0.0025,0.002,0.002,2.33,2026-06-17T22:13:18,0.002,2.33
route_mutation,20260617T221318_149883,of:0000000000000003:2 -> of:0000000000000008:3,0.002,0.0025,0.002,0.002,2.33,2026-06-17T22:13:18,0.002,2.33
route_mutation,20260617T221318_149883,of:0000000000000008:1 -> of:000000000000000b:6,0.002,0.0025,0.002,0.002,1.8,2026-06-17T22:13:18,0.002,1.8
route_mutation,20260617T221318_149883,of:0000000000000004:2 -> of:0000000000000009:2,0.002,0.0025,0.002,0.002,2.33,2026-06-17T22:13:18,0.002,2.33
route_mutation,20260617T221318_149883,of:0000000000000002:1 -> of:000000000000000b:4,0.003,0.00375,0.003,0.003,3.63,2026-06-17T22:13:18,0.003,3.63
route_mutation,20260617T221318_149883,of:0000000000000009:1 -> of:000000000000000c:6,0.002,0.0025,0.002,0.002,1.8,2026-06-17T22:13:18,0.002,1.76
route_mutation,20260617T221348_561439,of:0000000000000004:1 -> of:000000000000000c:4,0.008,0.01,0.008,0.008,9.35,2026-06-17T22:13:48,0.008,9.42
route_mutation,20260617T221348_561439,of:0000000000000005:1 -> of:000000000000000c:5,0.002,0.0025,0.002,0.002,1.93,2026-06-17T22:13:48,0.002,2.03
route_mutation,20260617T221348_561439,of:000000000000000a:1 -> of:000000000000000d:6,0.002,0.0025,0.002,0.002,1.86,2026-06-17T22:13:48,0.002,1.83
route_mutation,20260617T221348_561439,of:000000000000000b:3 -> of:000000000000000d:2,0.002,0.0025,0.002,0.002,2.63,2026-06-17T22:13:48,0.002,2.63
route_mutation,20260617T221348_561439,of:000000000000000c:3 -> of:000000000000000d:3,0.004,0.005,0.004,0.004,5.79,2026-06-17T22:13:48,0.004,5.79
route_mutation,20260617T221348_561439,of:0000000000000005:2 -> of:0000000000000009:3,0.003,0.00375,0.003,0.003,3.99,2026-06-17T22:13:48,0.003,3.99
route_mutation,20260617T221348_561439,of:0000000000000001:1 -> of:000000000000000b:1,0.002,0.0025,0.002,0.002,1.8,2026-06-17T22:13:48,0.002,1.76
route_mutation,20260617T221348_561439,of:000000000000000b:2 -> of:000000000000000c:2,0.005,0.0062499999999999995,0.005,0.005,5.99,2026-06-17T22:13:48,0.005,6.06
route_mutation,20260617T221348_561439,of:0000000000000001:2 -> of:000000000000000c:1,0.002,0.0025,0.002,0.002,2.33,2026-06-17T22:13:48,0.002,2.2
route_mutation,20260617T221348_561439,of:0000000000000003:1 -> of:000000000000000b:5,0.003,0.00375,0.003,0.003,3.59,2026-06-17T22:13:48,0.003,3.56
route_mutation,20260617T221348_561439,of:0000000000000001:3 -> of:000000000000000d:1,0.002,0.0025,0.002,0.002,1.83,2026-06-17T22:13:48,0.002,1.83
route_mutation,20260617T221348_561439,of:0000000000000006:1 -> of:000000000000000d:4,0.003,0.00375,0.003,0.003,3.59,2026-06-17T22:13:48,0.003,3.63
route_mutation,20260617T221348_561439,of:0000000000000006:2 -> of:000000000000000a:2,0.002,0.0025,0.002,0.002,2.4,2026-06-17T22:13:48,0.002,2.4
route_mutation,20260617T221348_561439,of:0000000000000007:1 -> of:000000000000000d:5,0.003,0.00375,0.003,0.003,3.66,2026-06-17T22:13:48,0.003,3.63
route_mutation,20260617T221348_561439,of:0000000000000007:2 -> of:000000000000000a:3,0.002,0.0025,0.002,0.002,2.4,2026-06-17T22:13:48,0.002,2.4
route_mutation,20260617T221348_561439,of:0000000000000002:2 -> of:0000000000000008:2,0.002,0.0025,0.002,0.002,2.36,2026-06-17T22:13:48,0.002,2.36
route_mutation,20260617T221348_561439,of:0000000000000003:2 -> of:0000000000000008:3,0.002,0.0025,0.002,0.002,2.4,2026-06-17T22:13:48,0.002,2.4
route_mutation,20260617T221348_561439,of:0000000000000008:1 -> of:000000000000000b:6,0.002,0.0025,0.002,0.002,1.8,2026-06-17T22:13:48,0.002,1.8
route_mutation,20260617T221348_561439,of:0000000000000004:2 -> of:0000000000000009:2,0.003,0.00375,0.003,0.003,3.99,2026-06-17T22:13:48,0.003,3.99
route_mutation,20260617T221348_561439,of:0000000000000002:1 -> of:000000000000000b:4,0.003,0.00375,0.003,0.003,3.43,2026-06-17T22:13:48,0.003,3.46
route_mutation,20260617T221348_561439,of:0000000000000009:1 -> of:000000000000000c:6,0.002,0.0025,0.002,0.002,1.93,2026-06-17T22:13:48,0.002,2.03
route_mutation,20260617T221418_915944,of:0000000000000004:1 -> of:000000000000000c:4,0.005,0.0062499999999999995,0.005,0.005,5.72,2026-06-17T22:14:18,0.005,5.75
route_mutation,20260617T221418_915944,of:0000000000000005:1 -> of:000000000000000c:5,0.004,0.005,0.004,0.004,5.22,2026-06-17T22:14:18,0.004,5.19
route_mutation,20260617T221418_915944,of:000000000000000a:1 -> of:000000000000000d:6,0.002,0.0025,0.002,0.002,1.83,2026-06-17T22:14:18,0.002,1.8
route_mutation,20260617T221418_915944,of:000000000000000b:3 -> of:000000000000000d:2,0.002,0.0025,0.002,0.002,2.29,2026-06-17T22:14:18,0.002,2.29
route_mutation,20260617T221418_915944,of:000000000000000c:3 -> of:000000000000000d:3,0.004,0.005,0.004,0.004,5.59,2026-06-17T22:14:18,0.004,5.65
route_mutation,20260617T221418_915944,of:0000000000000005:2 -> of:0000000000000009:3,0.003,0.00375,0.003,0.003,3.96,2026-06-17T22:14:18,0.003,3.96
route_mutation,20260617T221418_915944,of:0000000000000001:1 -> of:000000000000000b:1,0.002,0.0025,0.002,0.002,1.86,2026-06-17T22:14:18,0.002,1.83
route_mutation,20260617T221418_915944,of:000000000000000b:2 -> of:000000000000000c:2,0.005,0.0062499999999999995,0.005,0.005,6.02,2026-06-17T22:14:18,0.005,5.99
route_mutation,20260617T221418_915944,of:0000000000000001:2 -> of:000000000000000c:1,0.002,0.0025,0.002,0.002,2.03,2026-06-17T22:14:18,0.002,2.0
route_mutation,20260617T221418_915944,of:0000000000000003:1 -> of:000000000000000b:5,0.003,0.00375,0.003,0.003,3.63,2026-06-17T22:14:18,0.003,3.66
route_mutation,20260617T221418_915944,of:0000000000000001:3 -> of:000000000000000d:1,0.002,0.0025,0.002,0.002,1.73,2026-06-17T22:14:18,0.002,1.73
route_mutation,20260617T221418_915944,of:0000000000000006:1 -> of:000000000000000d:4,0.003,0.00375,0.003,0.003,3.33,2026-06-17T22:14:18,0.003,3.29
route_mutation,20260617T221418_915944,of:0000000000000006:2 -> of:000000000000000a:2,0.002,0.0025,0.002,0.002,2.43,2026-06-17T22:14:18,0.002,2.43
route_mutation,20260617T221418_915944,of:0000000000000007:1 -> of:000000000000000d:5,0.003,0.00375,0.003,0.003,3.49,2026-06-17T22:14:18,0.003,3.46
route_mutation,20260617T221418_915944,of:0000000000000007:2 -> of:000000000000000a:3,0.002,0.0025,0.002,0.002,2.39,2026-06-17T22:14:18,0.002,2.39
route_mutation,20260617T221418_915944,of:0000000000000002:2 -> of:0000000000000008:2,0.002,0.0025,0.002,0.002,2.36,2026-06-17T22:14:18,0.002,2.36
route_mutation,20260617T221418_915944,of:0000000000000003:2 -> of:0000000000000008:3,0.002,0.0025,0.002,0.002,2.29,2026-06-17T22:14:18,0.002,2.29
route_mutation,20260617T221418_915944,of:0000000000000008:1 -> of:000000000000000b:6,0.002,0.0025,0.002,0.002,1.9,2026-06-17T22:14:18,0.002,1.9
route_mutation,20260617T221418_915944,of:0000000000000004:2 -> of:0000000000000009:2,0.003,0.00375,0.003,0.003,3.92,2026-06-17T22:14:18,0.003,3.92
route_mutation,20260617T221418_915944,of:0000000000000002:1 -> of:000000000000000b:4,0.003,0.00375,0.003,0.003,3.59,2026-06-17T22:14:18,0.003,3.63
route_mutation,20260617T221418_915944,of:0000000000000009:1 -> of:000000000000000c:6,0.002,0.0025,0.002,0.002,1.86,2026-06-17T22:14:18,0.002,1.86
route_mutation,20260617T221449_275547,of:0000000000000004:1 -> of:000000000000000c:4,0.002,0.0025,0.002,0.002,1.93,2026-06-17T22:14:49,0.002,1.93
route_mutation,20260617T221449_275547,of:0000000000000005:1 -> of:000000000000000c:5,0.007,0.008749999999999999,0.007,0.007,9.21,2026-06-17T22:14:49,0.007,9.28
route_mutation,20260617T221449_275547,of:000000000000000a:1 -> of:000000000000000d:6,0.002,0.0025,0.002,0.002,1.9,2026-06-17T22:14:49,0.002,1.93
route_mutation,20260617T221449_275547,of:000000000000000b:3 -> of:000000000000000d:2,0.002,0.0025,0.002,0.002,2.43,2026-06-17T22:14:49,0.002,2.43
route_mutation,20260617T221449_275547,of:000000000000000c:3 -> of:000000000000000d:3,0.005,0.0062499999999999995,0.005,0.005,5.92,2026-06-17T22:14:49,0.005,5.89
route_mutation,20260617T221449_275547,of:0000000000000005:2 -> of:0000000000000009:3,0.003,0.00375,0.003,0.003,3.92,2026-06-17T22:14:49,0.003,3.92
route_mutation,20260617T221449_275547,of:0000000000000001:1 -> of:000000000000000b:1,0.002,0.0025,0.002,0.002,1.9,2026-06-17T22:14:49,0.002,1.9
route_mutation,20260617T221449_275547,of:000000000000000b:2 -> of:000000000000000c:2,0.005,0.0062499999999999995,0.005,0.005,6.12,2026-06-17T22:14:49,0.005,6.12
route_mutation,20260617T221449_275547,of:0000000000000001:2 -> of:000000000000000c:1,0.002,0.0025,0.002,0.002,2.23,2026-06-17T22:14:49,0.002,2.23
route_mutation,20260617T221449_275547,of:0000000000000003:1 -> of:000000000000000b:5,0.003,0.00375,0.003,0.003,3.72,2026-06-17T22:14:49,0.003,3.76
route_mutation,20260617T221449_275547,of:0000000000000001:3 -> of:000000000000000d:1,0.002,0.0025,0.002,0.002,1.93,2026-06-17T22:14:49,0.002,1.96
route_mutation,20260617T221449_275547,of:0000000000000006:1 -> of:000000000000000d:4,0.003,0.00375,0.003,0.003,3.59,2026-06-17T22:14:49,0.003,3.56
route_mutation,20260617T221449_275547,of:0000000000000006:2 -> of:000000000000000a:2,0.002,0.0025,0.002,0.002,2.33,2026-06-17T22:14:49,0.002,2.33
route_mutation,20260617T221449_275547,of:0000000000000007:1 -> of:000000000000000d:5,0.003,0.00375,0.003,0.003,3.66,2026-06-17T22:14:49,0.003,3.72
route_mutation,20260617T221449_275547,of:0000000000000007:2 -> of:000000000000000a:3,0.002,0.0025,0.002,0.002,2.29,2026-06-17T22:14:49,0.002,2.29
route_mutation,20260617T221449_275547,of:0000000000000002:2 -> of:0000000000000008:2,0.002,0.0025,0.002,0.002,2.33,2026-06-17T22:14:49,0.002,2.33
route_mutation,20260617T221449_275547,of:0000000000000003:2 -> of:0000000000000008:3,0.002,0.0025,0.002,0.002,2.36,2026-06-17T22:14:49,0.002,2.36
route_mutation,20260617T221449_275547,of:0000000000000008:1 -> of:000000000000000b:6,0.002,0.0025,0.002,0.002,1.83,2026-06-17T22:14:49,0.002,1.83
route_mutation,20260617T221449_275547,of:0000000000000004:2 -> of:0000000000000009:2,0.003,0.00375,0.003,0.003,3.99,2026-06-17T22:14:49,0.003,3.99
route_mutation,20260617T221449_275547,of:0000000000000002:1 -> of:000000000000000b:4,0.003,0.00375,0.003,0.003,3.76,2026-06-17T22:14:49,0.003,3.76
route_mutation,20260617T221449_275547,of:0000000000000009:1 -> of:000000000000000c:6,0.002,0.0025,0.002,0.002,1.9,2026-06-17T22:14:49,0.002,1.9
route_mutation,20260617T221849_308175,of:0000000000000004:1 -> of:000000000000000c:4,0.001,0.00125,0.001,0.001,1.33,2026-06-17T22:18:49,0.001,1.33
route_mutation,20260617T221849_308175,of:0000000000000005:1 -> of:000000000000000c:5,0.001,0.00125,0.001,0.001,1.33,2026-06-17T22:18:49,0.001,1.33
route_mutation,20260617T221849_308175,of:000000000000000a:1 -> of:000000000000000d:6,0.001,0.00125,0.001,0.001,1.33,2026-06-17T22:18:49,0.001,1.33
route_mutation,20260617T221849_308175,of:000000000000000b:3 -> of:000000000000000d:2,0.001,0.00125,0.001,0.001,1.33,2026-06-17T22:18:49,0.001,1.33
route_mutation,20260617T221849_308175,of:000000000000000c:3 -> of:000000000000000d:3,0.001,0.00125,0.001,0.001,1.33,2026-06-17T22:18:49,0.001,1.33
route_mutation,20260617T221849_308175,of:0000000000000005:2 -> of:0000000000000009:3,0.001,0.00125,0.001,0.001,1.33,2026-06-17T22:18:49,0.001,1.33
route_mutation,20260617T221849_308175,of:0000000000000001:1 -> of:000000000000000b:1,0.001,0.00125,0.001,0.001,1.27,2026-06-17T22:18:49,0.001,1.27
route_mutation,20260617T221849_308175,of:000000000000000b:2 -> of:000000000000000c:2,0.001,0.00125,0.001,0.001,1.33,2026-06-17T22:18:49,0.001,1.33
route_mutation,20260617T221849_308175,of:0000000000000001:2 -> of:000000000000000c:1,0.001,0.00125,0.001,0.001,1.27,2026-06-17T22:18:49,0.001,1.27
route_mutation,20260617T221849_308175,of:0000000000000003:1 -> of:000000000000000b:5,0.001,0.00125,0.001,0.001,1.27,2026-06-17T22:18:49,0.001,1.27
route_mutation,20260617T221849_308175,of:0000000000000001:3 -> of:000000000000000d:1,0.001,0.00125,0.001,0.001,1.27,2026-06-17T22:18:49,0.001,1.27
route_mutation,20260617T221849_308175,of:0000000000000006:1 -> of:000000000000000d:4,0.001,0.00125,0.001,0.001,1.33,2026-06-17T22:18:49,0.001,1.33
route_mutation,20260617T221849_308175,of:0000000000000006:2 -> of:000000000000000a:2,0.001,0.00125,0.001,0.001,1.33,2026-06-17T22:18:49,0.001,1.33
route_mutation,20260617T221849_308175,of:0000000000000007:1 -> of:000000000000000d:5,0.001,0.00125,0.001,0.001,1.33,2026-06-17T22:18:49,0.001,1.33
route_mutation,20260617T221849_308175,of:0000000000000007:2 -> of:000000000000000a:3,0.001,0.00125,0.001,0.001,1.33,2026-06-17T22:18:49,0.001,1.33
route_mutation,20260617T221849_308175,of:0000000000000002:2 -> of:0000000000000008:2,0.001,0.00125,0.001,0.001,1.27,2026-06-17T22:18:49,0.001,1.27
route_mutation,20260617T221849_308175,of:0000000000000003:2 -> of:0000000000000008:3,0.001,0.00125,0.001,0.001,1.27,2026-06-17T22:18:49,0.001,1.27
route_mutation,20260617T221849_308175,of:0000000000000008:1 -> of:000000000000000b:6,0.001,0.00125,0.001,0.001,1.33,2026-06-17T22:18:49,0.001,1.33
route_mutation,20260617T221849_308175,of:0000000000000004:2 -> of:0000000000000009:2,0.001,0.00125,0.001,0.001,1.33,2026-06-17T22:18:49,0.001,1.33
route_mutation,20260617T221849_308175,of:0000000000000002:1 -> of:000000000000000b:4,0.001,0.00125,0.001,0.001,1.27,2026-06-17T22:18:49,0.001,1.27
route_mutation,20260617T221849_308175,of:0000000000000009:1 -> of:000000000000000c:6,0.001,0.00125,0.001,0.001,1.33,2026-06-17T22:18:49,0.001,1.33
route_mutation,20260618T022627_804619,of:0000000000000005:1 -> of:000000000000000c:5,0.002,0.0025,0.002,0.002,1.37,2026-06-18T02:26:27,0.001,1.23
route_mutation,20260618T022627_804619,of:000000000000000a:1 -> of:000000000000000d:6,0.001,0.00125,0.001,0.001,1.27,2026-06-18T02:26:27,0.001,1.2
route_mutation,20260618T022627_804619,of:000000000000000b:2 -> of:000000000000000c:2,0.001,0.00125,0.001,0.001,1.2,2026-06-18T02:26:27,0.001,1.2
route_mutation,20260618T022627_804619,of:0000000000000004:2 -> of:0000000000000009:2,0.001,0.00125,0.001,0.001,1.33,2026-06-18T02:26:27,0.001,1.2
route_mutation,20260618T022627_804619,of:0000000000000005:2 -> of:0000000000000009:3,0.001,0.00125,0.001,0.001,1.33,2026-06-18T02:26:27,0.001,1.2
route_mutation,20260618T022627_804619,of:000000000000000b:3 -> of:000000000000000d:2,0.001,0.00125,0.001,0.001,1.27,2026-06-18T02:26:27,0.001,1.2
route_mutation,20260618T022627_804619,of:0000000000000004:1 -> of:000000000000000c:4,0.002,0.0025,0.002,0.002,2.1,2026-06-18T02:26:27,0.002,1.96
route_mutation,20260618T022627_804619,of:000000000000000c:3 -> of:000000000000000d:3,0.001,0.00125,0.001,0.001,1.2,2026-06-18T02:26:27,0.001,1.2
route_mutation,20260618T022627_804619,of:0000000000000001:1 -> of:000000000000000b:1,0.003,0.00375,0.003,0.003,3.13,2026-06-18T02:26:27,0.003,3.13
route_mutation,20260618T022627_804619,of:0000000000000006:2 -> of:000000000000000a:2,0.001,0.00125,0.001,0.001,1.27,2026-06-18T02:26:27,0.001,1.2
route_mutation,20260618T022627_804619,of:0000000000000002:1 -> of:000000000000000b:4,0.002,0.0025,0.002,0.002,2.2,2026-06-18T02:26:27,0.002,2.2
route_mutation,20260618T022627_804619,of:0000000000000001:3 -> of:000000000000000d:1,0.001,0.00125,0.001,0.001,1.33,2026-06-18T02:26:27,0.001,1.27
route_mutation,20260618T022627_804619,of:0000000000000006:1 -> of:000000000000000d:4,0.001,0.00125,0.001,0.001,1.33,2026-06-18T02:26:27,0.001,1.2
route_mutation,20260618T022627_804619,of:0000000000000003:1 -> of:000000000000000b:5,0.002,0.0025,0.002,0.002,2.26,2026-06-18T02:26:27,0.002,2.13
route_mutation,20260618T022627_804619,of:0000000000000007:1 -> of:000000000000000d:5,0.001,0.00125,0.001,0.001,1.33,2026-06-18T02:26:27,0.001,1.2
route_mutation,20260618T022627_804619,of:0000000000000007:2 -> of:000000000000000a:3,0.001,0.00125,0.001,0.001,1.27,2026-06-18T02:26:27,0.001,1.2
route_mutation,20260618T022627_804619,of:0000000000000002:2 -> of:0000000000000008:2,0.001,0.00125,0.001,0.001,1.27,2026-06-18T02:26:27,0.001,1.27
route_mutation,20260618T022627_804619,of:0000000000000008:1 -> of:000000000000000b:6,0.001,0.00125,0.001,0.001,1.27,2026-06-18T02:26:27,0.001,1.2
route_mutation,20260618T022627_804619,of:0000000000000009:1 -> of:000000000000000c:6,0.001,0.00125,0.001,0.001,1.27,2026-06-18T02:26:27,0.001,1.2
route_mutation,20260618T022627_804619,of:0000000000000001:2 -> of:000000000000000c:1,0.002,0.0025,0.002,0.002,2.33,2026-06-18T02:26:27,0.002,2.33
route_mutation,20260618T022627_804619,of:0000000000000003:2 -> of:0000000000000008:3,0.001,0.00125,0.001,0.001,1.33,2026-06-18T02:26:27,0.001,1.2
route_mutation,20260618T022658_074973,of:0000000000000005:1 -> of:000000000000000c:5,0.002,0.0025,0.002,0.002,2.03,2026-06-18T02:26:58,0.002,2.1
route_mutation,20260618T022658_074973,of:000000000000000a:1 -> of:000000000000000d:6,0.001,0.00125,0.001,0.001,1.33,2026-06-18T02:26:58,0.001,1.33
route_mutation,20260618T022658_074973,of:000000000000000b:2 -> of:000000000000000c:2,0.001,0.00125,0.001,0.001,1.33,2026-06-18T02:26:58,0.001,1.33
route_mutation,20260618T022658_074973,of:0000000000000004:2 -> of:0000000000000009:2,0.001,0.00125,0.001,0.001,1.26,2026-06-18T02:26:58,0.001,1.33
route_mutation,20260618T022658_074973,of:0000000000000005:2 -> of:0000000000000009:3,0.001,0.00125,0.001,0.001,1.26,2026-06-18T02:26:58,0.001,1.33
route_mutation,20260618T022658_074973,of:000000000000000b:3 -> of:000000000000000d:2,0.001,0.00125,0.001,0.001,1.33,2026-06-18T02:26:58,0.001,1.33
route_mutation,20260618T022658_074973,of:0000000000000004:1 -> of:000000000000000c:4,0.002,0.0025,0.002,0.001,1.23,2026-06-18T02:26:58,0.002,1.36
route_mutation,20260618T022658_074973,of:000000000000000c:3 -> of:000000000000000d:3,0.001,0.00125,0.001,0.001,1.33,2026-06-18T02:26:58,0.001,1.33
route_mutation,20260618T022658_074973,of:0000000000000001:1 -> of:000000000000000b:1,0.001,0.00125,0.001,0.001,1.33,2026-06-18T02:26:58,0.001,1.33
route_mutation,20260618T022658_074973,of:0000000000000006:2 -> of:000000000000000a:2,0.001,0.00125,0.001,0.001,1.33,2026-06-18T02:26:58,0.001,1.33
route_mutation,20260618T022658_074973,of:0000000000000002:1 -> of:000000000000000b:4,0.001,0.00125,0.001,0.001,1.33,2026-06-18T02:26:58,0.001,1.33
route_mutation,20260618T022658_074973,of:0000000000000001:3 -> of:000000000000000d:1,0.003,0.00375,0.003,0.003,2.93,2026-06-18T02:26:58,0.003,2.93
route_mutation,20260618T022658_074973,of:0000000000000006:1 -> of:000000000000000d:4,0.002,0.0025,0.002,0.002,2.06,2026-06-18T02:26:58,0.002,2.13
route_mutation,20260618T022658_074973,of:0000000000000003:1 -> of:000000000000000b:5,0.001,0.00125,0.001,0.001,1.2,2026-06-18T02:26:58,0.001,1.33
route_mutation,20260618T022658_074973,of:0000000000000007:1 -> of:000000000000000d:5,0.002,0.0025,0.002,0.002,2.06,2026-06-18T02:26:58,0.002,2.13
route_mutation,20260618T022658_074973,of:0000000000000007:2 -> of:000000000000000a:3,0.001,0.00125,0.001,0.001,1.33,2026-06-18T02:26:58,0.001,1.33
route_mutation,20260618T022658_074973,of:0000000000000002:2 -> of:0000000000000008:2,0.001,0.00125,0.001,0.001,1.26,2026-06-18T02:26:58,0.001,1.33
route_mutation,20260618T022658_074973,of:0000000000000008:1 -> of:000000000000000b:6,0.001,0.00125,0.001,0.001,1.33,2026-06-18T02:26:58,0.001,1.33
route_mutation,20260618T022658_074973,of:0000000000000009:1 -> of:000000000000000c:6,0.001,0.00125,0.001,0.001,1.33,2026-06-18T02:26:58,0.001,1.33
route_mutation,20260618T022658_074973,of:0000000000000001:2 -> of:000000000000000c:1,0.002,0.0025,0.002,0.002,1.86,2026-06-18T02:26:58,0.002,1.86
route_mutation,20260618T022658_074973,of:0000000000000003:2 -> of:0000000000000008:3,0.001,0.00125,0.001,0.001,1.26,2026-06-18T02:26:58,0.001,1.33
route_mutation,20260618T022728_351241,of:0000000000000005:1 -> of:000000000000000c:5,0.002,0.0025,0.002,0.001,1.3,2026-06-18T02:27:28,0.002,1.37
route_mutation,20260618T022728_351241,of:000000000000000a:1 -> of:000000000000000d:6,0.001,0.00125,0.001,0.001,1.27,2026-06-18T02:27:28,0.001,1.33
route_mutation,20260618T022728_351241,of:000000000000000b:2 -> of:000000000000000c:2,0.001,0.00125,0.001,0.001,1.33,2026-06-18T02:27:28,0.001,1.33
route_mutation,20260618T022728_351241,of:0000000000000004:2 -> of:0000000000000009:2,0.001,0.00125,0.001,0.001,1.3,2026-06-18T02:27:28,0.001,1.37
route_mutation,20260618T022728_351241,of:0000000000000005:2 -> of:0000000000000009:3,0.001,0.00125,0.001,0.001,1.27,2026-06-18T02:27:28,0.001,1.33
route_mutation,20260618T022728_351241,of:000000000000000b:3 -> of:000000000000000d:2,0.002,0.0025,0.002,0.001,1.3,2026-06-18T02:27:28,0.002,1.37
route_mutation,20260618T022728_351241,of:0000000000000004:1 -> of:000000000000000c:4,0.001,0.00125,0.001,0.001,1.33,2026-06-18T02:27:28,0.001,1.33
route_mutation,20260618T022728_351241,of:000000000000000c:3 -> of:000000000000000d:3,0.002,0.0025,0.002,0.002,1.37,2026-06-18T02:27:28,0.002,1.37
route_mutation,20260618T022728_351241,of:0000000000000001:1 -> of:000000000000000b:1,0.003,0.00375,0.003,0.003,2.73,2026-06-18T02:27:28,0.003,2.76
route_mutation,20260618T022728_351241,of:0000000000000006:2 -> of:000000000000000a:2,0.001,0.00125,0.001,0.001,1.27,2026-06-18T02:27:28,0.001,1.33
route_mutation,20260618T022728_351241,of:0000000000000002:1 -> of:000000000000000b:4,0.002,0.0025,0.002,0.002,2.2,2026-06-18T02:27:28,0.002,2.2
route_mutation,20260618T022728_351241,of:0000000000000001:3 -> of:000000000000000d:1,0.001,0.00125,0.001,0.001,1.2,2026-06-18T02:27:28,0.001,1.3
route_mutation,20260618T022728_351241,of:0000000000000006:1 -> of:000000000000000d:4,0.001,0.00125,0.001,0.001,1.27,2026-06-18T02:27:28,0.001,1.33
route_mutation,20260618T022728_351241,of:0000000000000003:1 -> of:000000000000000b:5,0.002,0.0025,0.002,0.002,1.63,2026-06-18T02:27:28,0.002,1.63
route_mutation,20260618T022728_351241,of:0000000000000007:1 -> of:000000000000000d:5,0.002,0.0025,0.002,0.001,1.3,2026-06-18T02:27:28,0.002,1.37
route_mutation,20260618T022728_351241,of:0000000000000007:2 -> of:000000000000000a:3,0.001,0.00125,0.001,0.001,1.27,2026-06-18T02:27:28,0.001,1.33
route_mutation,20260618T022728_351241,of:0000000000000002:2 -> of:0000000000000008:2,0.001,0.00125,0.001,0.001,1.33,2026-06-18T02:27:28,0.001,1.27
route_mutation,20260618T022728_351241,of:0000000000000008:1 -> of:000000000000000b:6,0.001,0.00125,0.001,0.001,1.27,2026-06-18T02:27:28,0.001,1.33
route_mutation,20260618T022728_351241,of:0000000000000009:1 -> of:000000000000000c:6,0.001,0.00125,0.001,0.001,1.27,2026-06-18T02:27:28,0.001,1.33
route_mutation,20260618T022728_351241,of:0000000000000001:2 -> of:000000000000000c:1,0.001,0.00125,0.001,0.001,1.27,2026-06-18T02:27:28,0.001,1.27
route_mutation,20260618T022728_351241,of:0000000000000003:2 -> of:0000000000000008:3,0.001,0.00125,0.001,0.001,1.27,2026-06-18T02:27:28,0.001,1.33
route_mutation,20260618T022758_608958,of:0000000000000005:1 -> of:000000000000000c:5,0.002,0.0025,0.002,0.002,2.23,2026-06-18T02:27:58,0.002,2.1
route_mutation,20260618T022758_608958,of:000000000000000a:1 -> of:000000000000000d:6,0.002,0.0025,0.002,0.002,1.4,2026-06-18T02:27:58,0.001,1.33
route_mutation,20260618T022758_608958,of:000000000000000b:2 -> of:000000000000000c:2,0.001,0.00125,0.001,0.001,1.33,2026-06-18T02:27:58,0.001,1.33
route_mutation,20260618T022758_608958,of:0000000000000004:2 -> of:0000000000000009:2,0.002,0.0025,0.002,0.002,1.4,2026-06-18T02:27:58,0.001,1.27
route_mutation,20260618T022758_608958,of:0000000000000005:2 -> of:0000000000000009:3,0.002,0.0025,0.002,0.002,1.43,2026-06-18T02:27:58,0.001,1.3
route_mutation,20260618T022758_608958,of:000000000000000b:3 -> of:000000000000000d:2,0.001,0.00125,0.001,0.001,1.33,2026-06-18T02:27:58,0.001,1.27
route_mutation,20260618T022758_608958,of:0000000000000004:1 -> of:000000000000000c:4,0.002,0.0025,0.002,0.002,2.23,2026-06-18T02:27:58,0.002,2.1
route_mutation,20260618T022758_608958,of:000000000000000c:3 -> of:000000000000000d:3,0.001,0.00125,0.001,0.001,1.3,2026-06-18T02:27:58,0.001,1.3
route_mutation,20260618T022758_608958,of:0000000000000001:1 -> of:000000000000000b:1,0.002,0.0025,0.002,0.002,1.8,2026-06-18T02:27:58,0.002,1.76
route_mutation,20260618T022758_608958,of:0000000000000006:2 -> of:000000000000000a:2,0.001,0.00125,0.001,0.001,1.37,2026-06-18T02:27:58,0.001,1.3
route_mutation,20260618T022758_608958,of:0000000000000002:1 -> of:000000000000000b:4,0.001,0.00125,0.001,0.001,1.37,2026-06-18T02:27:58,0.001,1.37
route_mutation,20260618T022758_608958,of:0000000000000001:3 -> of:000000000000000d:1,0.003,0.00375,0.003,0.003,2.96,2026-06-18T02:27:58,0.003,2.86
route_mutation,20260618T022758_608958,of:0000000000000006:1 -> of:000000000000000d:4,0.002,0.0025,0.002,0.002,2.2,2026-06-18T02:27:58,0.002,2.06
route_mutation,20260618T022758_608958,of:0000000000000003:1 -> of:000000000000000b:5,0.002,0.0025,0.002,0.002,2.06,2026-06-18T02:27:58,0.002,1.93
route_mutation,20260618T022758_608958,of:0000000000000007:1 -> of:000000000000000d:5,0.002,0.0025,0.002,0.002,1.93,2026-06-18T02:27:58,0.002,1.8
route_mutation,20260618T022758_608958,of:0000000000000007:2 -> of:000000000000000a:3,0.002,0.0025,0.002,0.002,1.4,2026-06-18T02:27:58,0.001,1.33
route_mutation,20260618T022758_608958,of:0000000000000002:2 -> of:0000000000000008:2,0.001,0.00125,0.001,0.001,1.37,2026-06-18T02:27:58,0.001,1.37
route_mutation,20260618T022758_608958,of:0000000000000008:1 -> of:000000000000000b:6,0.002,0.0025,0.002,0.002,1.4,2026-06-18T02:27:58,0.001,1.33
route_mutation,20260618T022758_608958,of:0000000000000009:1 -> of:000000000000000c:6,0.002,0.0025,0.002,0.002,1.4,2026-06-18T02:27:58,0.001,1.33
route_mutation,20260618T022758_608958,of:0000000000000001:2 -> of:000000000000000c:1,0.003,0.00375,0.003,0.003,2.96,2026-06-18T02:27:58,0.003,2.96
route_mutation,20260618T022758_608958,of:0000000000000003:2 -> of:0000000000000008:3,0.002,0.0025,0.002,0.002,1.43,2026-06-18T02:27:58,0.001,1.3
route_mutation,20260618T022828_879368,of:0000000000000005:1 -> of:000000000000000c:5,0.001,0.00125,0.001,0.001,1.27,2026-06-18T02:28:28,0.001,1.33
route_mutation,20260618T022828_879368,of:000000000000000a:1 -> of:000000000000000d:6,0.001,0.00125,0.001,0.001,1.33,2026-06-18T02:28:28,0.001,1.33
route_mutation,20260618T022828_879368,of:000000000000000b:2 -> of:000000000000000c:2,0.001,0.00125,0.001,0.001,1.33,2026-06-18T02:28:28,0.001,1.33
route_mutation,20260618T022828_879368,of:0000000000000004:2 -> of:0000000000000009:2,0.001,0.00125,0.001,0.001,1.3,2026-06-18T02:28:28,0.001,1.37
route_mutation,20260618T022828_879368,of:0000000000000005:2 -> of:0000000000000009:3,0.001,0.00125,0.001,0.001,1.3,2026-06-18T02:28:28,0.001,1.37
route_mutation,20260618T022828_879368,of:000000000000000b:3 -> of:000000000000000d:2,0.002,0.0025,0.002,0.002,1.37,2026-06-18T02:28:28,0.002,1.37
route_mutation,20260618T022828_879368,of:0000000000000004:1 -> of:000000000000000c:4,0.002,0.0025,0.002,0.001,1.23,2026-06-18T02:28:28,0.002,1.37
route_mutation,20260618T022828_879368,of:000000000000000c:3 -> of:000000000000000d:3,0.001,0.00125,0.001,0.001,1.33,2026-06-18T02:28:28,0.001,1.33
route_mutation,20260618T022828_879368,of:0000000000000001:1 -> of:000000000000000b:1,0.002,0.0025,0.002,0.002,1.4,2026-06-18T02:28:28,0.002,1.4
route_mutation,20260618T022828_879368,of:0000000000000006:2 -> of:000000000000000a:2,0.002,0.0025,0.002,0.002,1.37,2026-06-18T02:28:28,0.002,1.37
route_mutation,20260618T022828_879368,of:0000000000000002:1 -> of:000000000000000b:4,0.002,0.0025,0.002,0.002,1.47,2026-06-18T02:28:28,0.002,1.47
route_mutation,20260618T022828_879368,of:0000000000000001:3 -> of:000000000000000d:1,0.002,0.0025,0.002,0.002,1.43,2026-06-18T02:28:28,0.002,1.43
route_mutation,20260618T022828_879368,of:0000000000000006:1 -> of:000000000000000d:4,0.002,0.0025,0.002,0.001,1.33,2026-06-18T02:28:28,0.002,1.4
route_mutation,20260618T022828_879368,of:0000000000000003:1 -> of:000000000000000b:5,0.002,0.0025,0.002,0.002,1.37,2026-06-18T02:28:28,0.002,1.5
route_mutation,20260618T022828_879368,of:0000000000000007:1 -> of:000000000000000d:5,0.002,0.0025,0.002,0.002,1.56,2026-06-18T02:28:28,0.002,1.63
route_mutation,20260618T022828_879368,of:0000000000000007:2 -> of:000000000000000a:3,0.001,0.00125,0.001,0.001,1.33,2026-06-18T02:28:28,0.001,1.33
route_mutation,20260618T022828_879368,of:0000000000000002:2 -> of:0000000000000008:2,0.001,0.00125,0.001,0.001,1.3,2026-06-18T02:28:28,0.001,1.37
route_mutation,20260618T022828_879368,of:0000000000000008:1 -> of:000000000000000b:6,0.001,0.00125,0.001,0.001,1.33,2026-06-18T02:28:28,0.001,1.33
route_mutation,20260618T022828_879368,of:0000000000000009:1 -> of:000000000000000c:6,0.001,0.00125,0.001,0.001,1.33,2026-06-18T02:28:28,0.001,1.33
route_mutation,20260618T022828_879368,of:0000000000000001:2 -> of:000000000000000c:1,0.002,0.0025,0.002,0.002,1.37,2026-06-18T02:28:28,0.002,1.37
route_mutation,20260618T022828_879368,of:0000000000000003:2 -> of:0000000000000008:3,0.002,0.0025,0.002,0.001,1.37,2026-06-18T02:28:28,0.002,1.5
route_mutation,20260618T022859_149802,of:0000000000000005:1 -> of:000000000000000c:5,0.002,0.0025,0.002,0.002,1.93,2026-06-18T02:28:59,0.002,2.0
route_mutation,20260618T022859_149802,of:000000000000000a:1 -> of:000000000000000d:6,0.001,0.00125,0.001,0.001,1.27,2026-06-18T02:28:59,0.001,1.33
route_mutation,20260618T022859_149802,of:000000000000000b:2 -> of:000000000000000c:2,0.001,0.00125,0.001,0.001,1.33,2026-06-18T02:28:59,0.001,1.33
route_mutation,20260618T022859_149802,of:0000000000000004:2 -> of:0000000000000009:2,0.001,0.00125,0.001,0.001,1.27,2026-06-18T02:28:59,0.001,1.33
route_mutation,20260618T022859_149802,of:0000000000000005:2 -> of:0000000000000009:3,0.001,0.00125,0.001,0.001,1.27,2026-06-18T02:28:59,0.001,1.33
route_mutation,20260618T022859_149802,of:000000000000000b:3 -> of:000000000000000d:2,0.001,0.00125,0.001,0.001,1.33,2026-06-18T02:28:59,0.001,1.33
route_mutation,20260618T022859_149802,of:0000000000000004:1 -> of:000000000000000c:4,0.002,0.0025,0.002,0.002,2.13,2026-06-18T02:28:59,0.002,2.13
route_mutation,20260618T022859_149802,of:000000000000000c:3 -> of:000000000000000d:3,0.001,0.00125,0.001,0.001,1.33,2026-06-18T02:28:59,0.001,1.33
route_mutation,20260618T022859_149802,of:0000000000000001:1 -> of:000000000000000b:1,0.003,0.00375,0.003,0.003,3.06,2026-06-18T02:28:59,0.003,3.06
route_mutation,20260618T022859_149802,of:0000000000000006:2 -> of:000000000000000a:2,0.001,0.00125,0.001,0.001,1.27,2026-06-18T02:28:59,0.001,1.33
route_mutation,20260618T022859_149802,of:0000000000000002:1 -> of:000000000000000b:4,0.002,0.0025,0.002,0.002,2.1,2026-06-18T02:28:59,0.002,2.1
route_mutation,20260618T022859_149802,of:0000000000000001:3 -> of:000000000000000d:1,0.002,0.0025,0.002,0.002,1.4,2026-06-18T02:28:59,0.002,1.43
route_mutation,20260618T022859_149802,of:0000000000000006:1 -> of:000000000000000d:4,0.001,0.00125,0.001,0.001,1.27,2026-06-18T02:28:59,0.001,1.33
route_mutation,20260618T022859_149802,of:0000000000000003:1 -> of:000000000000000b:5,0.002,0.0025,0.002,0.002,2.26,2026-06-18T02:28:59,0.002,2.2
route_mutation,20260618T022859_149802,of:0000000000000007:1 -> of:000000000000000d:5,0.001,0.00125,0.001,0.001,1.27,2026-06-18T02:28:59,0.001,1.33
route_mutation,20260618T022859_149802,of:0000000000000007:2 -> of:000000000000000a:3,0.001,0.00125,0.001,0.001,1.33,2026-06-18T02:28:59,0.001,1.33
route_mutation,20260618T022859_149802,of:0000000000000002:2 -> of:0000000000000008:2,0.001,0.00125,0.001,0.001,1.33,2026-06-18T02:28:59,0.001,1.27
route_mutation,20260618T022859_149802,of:0000000000000008:1 -> of:000000000000000b:6,0.001,0.00125,0.001,0.001,1.33,2026-06-18T02:28:59,0.001,1.33
route_mutation,20260618T022859_149802,of:0000000000000009:1 -> of:000000000000000c:6,0.001,0.00125,0.001,0.001,1.33,2026-06-18T02:28:59,0.001,1.33
route_mutation,20260618T022859_149802,of:0000000000000001:2 -> of:000000000000000c:1,0.003,0.00375,0.003,0.003,2.83,2026-06-18T02:28:59,0.003,2.83
route_mutation,20260618T022859_149802,of:0000000000000003:2 -> of:0000000000000008:3,0.001,0.00125,0.001,0.001,1.33,2026-06-18T02:28:59,0.001,1.27
route_mutation,20260618T022929_351864,of:0000000000000005:1 -> of:000000000000000c:5,0.002,0.0025,0.002,0.002,1.46,2026-06-18T02:29:29,0.001,1.33
route_mutation,20260618T022929_351864,of:000000000000000a:1 -> of:000000000000000d:6,0.001,0.00125,0.001,0.001,1.26,2026-06-18T02:29:29,0.001,1.2
route_mutation,20260618T022929_351864,of:000000000000000b:2 -> of:000000000000000c:2,0.001,0.00125,0.001,0.001,1.2,2026-06-18T02:29:29,0.001,1.2
route_mutation,20260618T022929_351864,of:0000000000000004:2 -> of:0000000000000009:2,0.001,0.00125,0.001,0.001,1.33,2026-06-18T02:29:29,0.001,1.2
route_mutation,20260618T022929_351864,of:0000000000000005:2 -> of:0000000000000009:3,0.001,0.00125,0.001,0.001,1.33,2026-06-18T02:29:29,0.001,1.2
route_mutation,20260618T022929_351864,of:000000000000000b:3 -> of:000000000000000d:2,0.001,0.00125,0.001,0.001,1.2,2026-06-18T02:29:29,0.001,1.2
route_mutation,20260618T022929_351864,of:0000000000000004:1 -> of:000000000000000c:4,0.001,0.00125,0.001,0.001,1.33,2026-06-18T02:29:29,0.001,1.2
route_mutation,20260618T022929_351864,of:000000000000000c:3 -> of:000000000000000d:3,0.001,0.00125,0.001,0.001,1.2,2026-06-18T02:29:29,0.001,1.2
route_mutation,20260618T022929_351864,of:0000000000000001:1 -> of:000000000000000b:1,0.001,0.00125,0.001,0.001,1.26,2026-06-18T02:29:29,0.001,1.26
route_mutation,20260618T022929_351864,of:0000000000000006:2 -> of:000000000000000a:2,0.001,0.00125,0.001,0.001,1.33,2026-06-18T02:29:29,0.001,1.2
route_mutation,20260618T022929_351864,of:0000000000000002:1 -> of:000000000000000b:4,0.001,0.00125,0.001,0.001,1.26,2026-06-18T02:29:29,0.001,1.26
route_mutation,20260618T022929_351864,of:0000000000000001:3 -> of:000000000000000d:1,0.003,0.00375,0.003,0.003,2.73,2026-06-18T02:29:29,0.003,2.7
route_mutation,20260618T022929_351864,of:0000000000000006:1 -> of:000000000000000d:4,0.002,0.0025,0.002,0.002,2.13,2026-06-18T02:29:29,0.002,2.0
route_mutation,20260618T022929_351864,of:0000000000000003:1 -> of:000000000000000b:5,0.001,0.00125,0.001,0.001,1.26,2026-06-18T02:29:29,0.001,1.26
route_mutation,20260618T022929_351864,of:0000000000000007:1 -> of:000000000000000d:5,0.002,0.0025,0.002,0.002,2.13,2026-06-18T02:29:29,0.002,2.0
route_mutation,20260618T022929_351864,of:0000000000000007:2 -> of:000000000000000a:3,0.001,0.00125,0.001,0.001,1.2,2026-06-18T02:29:29,0.001,1.2
route_mutation,20260618T022929_351864,of:0000000000000002:2 -> of:0000000000000008:2,0.001,0.00125,0.001,0.001,1.26,2026-06-18T02:29:29,0.001,1.26
route_mutation,20260618T022929_351864,of:0000000000000008:1 -> of:000000000000000b:6,0.001,0.00125,0.001,0.001,1.2,2026-06-18T02:29:29,0.001,1.2
route_mutation,20260618T022929_351864,of:0000000000000009:1 -> of:000000000000000c:6,0.001,0.00125,0.001,0.001,1.2,2026-06-18T02:29:29,0.001,1.2
route_mutation,20260618T022929_351864,of:0000000000000001:2 -> of:000000000000000c:1,0.001,0.00125,0.001,0.001,1.3,2026-06-18T02:29:29,0.001,1.3
route_mutation,20260618T022929_351864,of:0000000000000003:2 -> of:0000000000000008:3,0.001,0.00125,0.001,0.001,1.33,2026-06-18T02:29:29,0.001,1.26
route_mutation,20260618T022959_613857,of:0000000000000005:1 -> of:000000000000000c:5,0.001,0.00125,0.001,0.001,1.27,2026-06-18T02:29:59,0.001,1.33
route_mutation,20260618T022959_613857,of:000000000000000a:1 -> of:000000000000000d:6,0.001,0.00125,0.001,0.001,1.33,2026-06-18T02:29:59,0.001,1.33
route_mutation,20260618T022959_613857,of:000000000000000b:2 -> of:000000000000000c:2,0.001,0.00125,0.001,0.001,1.33,2026-06-18T02:29:59,0.001,1.33
route_mutation,20260618T022959_613857,of:0000000000000004:2 -> of:0000000000000009:2,0.001,0.00125,0.001,0.001,1.27,2026-06-18T02:29:59,0.001,1.33
route_mutation,20260618T022959_613857,of:0000000000000005:2 -> of:0000000000000009:3,0.001,0.00125,0.001,0.001,1.27,2026-06-18T02:29:59,0.001,1.33
route_mutation,20260618T022959_613857,of:000000000000000b:3 -> of:000000000000000d:2,0.001,0.00125,0.001,0.001,1.33,2026-06-18T02:29:59,0.001,1.33
route_mutation,20260618T022959_613857,of:0000000000000004:1 -> of:000000000000000c:4,0.002,0.0025,0.002,0.001,1.3,2026-06-18T02:29:59,0.002,1.37
route_mutation,20260618T022959_613857,of:000000000000000c:3 -> of:000000000000000d:3,0.001,0.00125,0.001,0.001,1.33,2026-06-18T02:29:59,0.001,1.33
route_mutation,20260618T022959_613857,of:0000000000000001:1 -> of:000000000000000b:1,0.003,0.00375,0.003,0.003,3.2,2026-06-18T02:29:59,0.003,3.2
route_mutation,20260618T022959_613857,of:0000000000000006:2 -> of:000000000000000a:2,0.001,0.00125,0.001,0.001,1.27,2026-06-18T02:29:59,0.001,1.33
route_mutation,20260618T022959_613857,of:0000000000000002:1 -> of:000000000000000b:4,0.002,0.0025,0.002,0.002,2.26,2026-06-18T02:29:59,0.002,2.26
route_mutation,20260618T022959_613857,of:0000000000000001:3 -> of:000000000000000d:1,0.001,0.00125,0.001,0.001,1.33,2026-06-18T02:29:59,0.001,1.33
route_mutation,20260618T022959_613857,of:0000000000000006:1 -> of:000000000000000d:4,0.001,0.00125,0.001,0.001,1.27,2026-06-18T02:29:59,0.001,1.33
route_mutation,20260618T022959_613857,of:0000000000000003:1 -> of:000000000000000b:5,0.002,0.0025,0.002,0.002,2.26,2026-06-18T02:29:59,0.002,2.26
route_mutation,20260618T022959_613857,of:0000000000000007:1 -> of:000000000000000d:5,0.001,0.00125,0.001,0.001,1.27,2026-06-18T02:29:59,0.001,1.33
route_mutation,20260618T022959_613857,of:0000000000000007:2 -> of:000000000000000a:3,0.001,0.00125,0.001,0.001,1.33,2026-06-18T02:29:59,0.001,1.33
route_mutation,20260618T022959_613857,of:0000000000000002:2 -> of:0000000000000008:2,0.001,0.00125,0.001,0.001,1.27,2026-06-18T02:29:59,0.001,1.33
route_mutation,20260618T022959_613857,of:0000000000000008:1 -> of:000000000000000b:6,0.001,0.00125,0.001,0.001,1.33,2026-06-18T02:29:59,0.001,1.33
route_mutation,20260618T022959_613857,of:0000000000000009:1 -> of:000000000000000c:6,0.001,0.00125,0.001,0.001,1.33,2026-06-18T02:29:59,0.001,1.33
route_mutation,20260618T022959_613857,of:0000000000000001:2 -> of:000000000000000c:1,0.002,0.0025,0.002,0.002,1.6,2026-06-18T02:29:59,0.002,1.6
route_mutation,20260618T022959_613857,of:0000000000000003:2 -> of:0000000000000008:3,0.001,0.00125,0.001,0.001,1.2,2026-06-18T02:29:59,0.001,1.33
route_mutation,20260618T023029_871555,of:0000000000000005:1 -> of:000000000000000c:5,0.002,0.0025,0.002,0.002,2.06,2026-06-18T02:30:29,0.002,2.13
route_mutation,20260618T023029_871555,of:000000000000000a:1 -> of:000000000000000d:6,0.001,0.00125,0.001,0.001,1.33,2026-06-18T02:30:29,0.001,1.33
route_mutation,20260618T023029_871555,of:000000000000000b:2 -> of:000000000000000c:2,0.001,0.00125,0.001,0.001,1.33,2026-06-18T02:30:29,0.001,1.33
route_mutation,20260618T023029_871555,of:0000000000000004:2 -> of:0000000000000009:2,0.001,0.00125,0.001,0.001,1.26,2026-06-18T02:30:29,0.001,1.33
route_mutation,20260618T023029_871555,of:0000000000000005:2 -> of:0000000000000009:3,0.001,0.00125,0.001,0.001,1.26,2026-06-18T02:30:29,0.001,1.33
route_mutation,20260618T023029_871555,of:000000000000000b:3 -> of:000000000000000d:2,0.001,0.00125,0.001,0.001,1.33,2026-06-18T02:30:29,0.001,1.33
route_mutation,20260618T023029_871555,of:0000000000000004:1 -> of:000000000000000c:4,0.002,0.0025,0.002,0.002,2.03,2026-06-18T02:30:29,0.002,2.1
route_mutation,20260618T023029_871555,of:000000000000000c:3 -> of:000000000000000d:3,0.001,0.00125,0.001,0.001,1.33,2026-06-18T02:30:29,0.001,1.33
route_mutation,20260618T023029_871555,of:0000000000000001:1 -> of:000000000000000b:1,0.001,0.00125,0.001,0.001,1.26,2026-06-18T02:30:29,0.001,1.26
route_mutation,20260618T023029_871555,of:0000000000000006:2 -> of:000000000000000a:2,0.001,0.00125,0.001,0.001,1.26,2026-06-18T02:30:29,0.001,1.33
route_mutation,20260618T023029_871555,of:0000000000000002:1 -> of:000000000000000b:4,0.001,0.00125,0.001,0.001,1.26,2026-06-18T02:30:29,0.001,1.26
route_mutation,20260618T023029_871555,of:0000000000000001:3 -> of:000000000000000d:1,0.003,0.00375,0.003,0.003,2.86,2026-06-18T02:30:29,0.003,2.86
route_mutation,20260618T023029_871555,of:0000000000000006:1 -> of:000000000000000d:4,0.002,0.0025,0.002,0.002,2.06,2026-06-18T02:30:29,0.002,2.13
route_mutation,20260618T023029_871555,of:0000000000000003:1 -> of:000000000000000b:5,0.001,0.00125,0.001,0.001,1.26,2026-06-18T02:30:29,0.001,1.26
route_mutation,20260618T023029_871555,of:0000000000000007:1 -> of:000000000000000d:5,0.002,0.0025,0.002,0.002,2.06,2026-06-18T02:30:29,0.002,2.13
route_mutation,20260618T023029_871555,of:0000000000000007:2 -> of:000000000000000a:3,0.001,0.00125,0.001,0.001,1.33,2026-06-18T02:30:29,0.001,1.33
route_mutation,20260618T023029_871555,of:0000000000000002:2 -> of:0000000000000008:2,0.001,0.00125,0.001,0.001,1.33,2026-06-18T02:30:29,0.001,1.26
route_mutation,20260618T023029_871555,of:0000000000000008:1 -> of:000000000000000b:6,0.001,0.00125,0.001,0.001,1.33,2026-06-18T02:30:29,0.001,1.33
route_mutation,20260618T023029_871555,of:0000000000000009:1 -> of:000000000000000c:6,0.001,0.00125,0.001,0.001,1.33,2026-06-18T02:30:29,0.001,1.33
route_mutation,20260618T023029_871555,of:0000000000000001:2 -> of:000000000000000c:1,0.002,0.0025,0.002,0.002,2.6,2026-06-18T02:30:29,0.002,2.6
route_mutation,20260618T023029_871555,of:0000000000000003:2 -> of:0000000000000008:3,0.001,0.00125,0.001,0.001,1.33,2026-06-18T02:30:29,0.001,1.26
route_mutation,20260618T023100_132126,of:0000000000000005:1 -> of:000000000000000c:5,0.001,0.00125,0.001,0.001,1.33,2026-06-18T02:31:00,0.001,1.2
route_mutation,20260618T023100_132126,of:000000000000000a:1 -> of:000000000000000d:6,0.001,0.00125,0.001,0.001,1.27,2026-06-18T02:31:00,0.001,1.2
route_mutation,20260618T023100_132126,of:000000000000000b:2 -> of:000000000000000c:2,0.001,0.00125,0.001,0.001,1.2,2026-06-18T02:31:00,0.001,1.2
route_mutation,20260618T023100_132126,of:0000000000000004:2 -> of:0000000000000009:2,0.001,0.00125,0.001,0.001,1.33,2026-06-18T02:31:00,0.001,1.2
route_mutation,20260618T023100_132126,of:0000000000000005:2 -> of:0000000000000009:3,0.001,0.00125,0.001,0.001,1.33,2026-06-18T02:31:00,0.001,1.2
route_mutation,20260618T023100_132126,of:000000000000000b:3 -> of:000000000000000d:2,0.001,0.00125,0.001,0.001,1.2,2026-06-18T02:31:00,0.001,1.2
route_mutation,20260618T023100_132126,of:0000000000000004:1 -> of:000000000000000c:4,0.001,0.00125,0.001,0.001,1.33,2026-06-18T02:31:00,0.001,1.2
route_mutation,20260618T023100_132126,of:000000000000000c:3 -> of:000000000000000d:3,0.001,0.00125,0.001,0.001,1.2,2026-06-18T02:31:00,0.001,1.2
route_mutation,20260618T023100_132126,of:0000000000000001:1 -> of:000000000000000b:1,0.002,0.0025,0.002,0.002,1.93,2026-06-18T02:31:00,0.002,1.93
route_mutation,20260618T023100_132126,of:0000000000000006:2 -> of:000000000000000a:2,0.001,0.00125,0.001,0.001,1.33,2026-06-18T02:31:00,0.001,1.2
route_mutation,20260618T023100_132126,of:0000000000000002:1 -> of:000000000000000b:4,0.002,0.0025,0.002,0.002,1.93,2026-06-18T02:31:00,0.002,1.93
route_mutation,20260618T023100_132126,of:0000000000000001:3 -> of:000000000000000d:1,0.001,0.00125,0.001,0.001,1.27,2026-06-18T02:31:00,0.001,1.27
route_mutation,20260618T023100_132126,of:0000000000000006:1 -> of:000000000000000d:4,0.001,0.00125,0.001,0.001,1.33,2026-06-18T02:31:00,0.001,1.2
route_mutation,20260618T023100_132126,of:0000000000000003:1 -> of:000000000000000b:5,0.001,0.00125,0.001,0.001,1.3,2026-06-18T02:31:00,0.001,1.3
route_mutation,20260618T023100_132126,of:0000000000000007:1 -> of:000000000000000d:5,0.001,0.00125,0.001,0.001,1.33,2026-06-18T02:31:00,0.001,1.2
route_mutation,20260618T023100_132126,of:0000000000000007:2 -> of:000000000000000a:3,0.001,0.00125,0.001,0.001,1.2,2026-06-18T02:31:00,0.001,1.2
route_mutation,20260618T023100_132126,of:0000000000000002:2 -> of:0000000000000008:2,0.001,0.00125,0.001,0.001,1.33,2026-06-18T02:31:00,0.001,1.27
route_mutation,20260618T023100_132126,of:0000000000000008:1 -> of:000000000000000b:6,0.001,0.00125,0.001,0.001,1.2,2026-06-18T02:31:00,0.001,1.2
route_mutation,20260618T023100_132126,of:0000000000000009:1 -> of:000000000000000c:6,0.001,0.00125,0.001,0.001,1.2,2026-06-18T02:31:00,0.001,1.2
route_mutation,20260618T023100_132126,of:0000000000000001:2 -> of:000000000000000c:1,0.001,0.00125,0.001,0.001,1.27,2026-06-18T02:31:00,0.001,1.27
route_mutation,20260618T023100_132126,of:0000000000000003:2 -> of:0000000000000008:3,0.001,0.00125,0.001,0.001,1.33,2026-06-18T02:31:00,0.001,1.27
route_mutation,20260618T023130_410611,of:0000000000000005:1 -> of:000000000000000c:5,0.002,0.0025,0.002,0.002,2.09,2026-06-18T02:31:30,0.002,2.16
route_mutation,20260618T023130_410611,of:000000000000000a:1 -> of:000000000000000d:6,0.001,0.00125,0.001,0.001,1.26,2026-06-18T02:31:30,0.001,1.33
route_mutation,20260618T023130_410611,of:000000000000000b:2 -> of:000000000000000c:2,0.001,0.00125,0.001,0.001,1.33,2026-06-18T02:31:30,0.001,1.33
route_mutation,20260618T023130_410611,of:0000000000000004:2 -> of:0000000000000009:2,0.002,0.0025,0.002,0.001,1.36,2026-06-18T02:31:30,0.002,1.5
route_mutation,20260618T023130_410611,of:0000000000000005:2 -> of:0000000000000009:3,0.001,0.00125,0.001,0.001,1.26,2026-06-18T02:31:30,0.001,1.33
route_mutation,20260618T023130_410611,of:000000000000000b:3 -> of:000000000000000d:2,0.002,0.0025,0.002,0.002,1.36,2026-06-18T02:31:30,0.002,1.36
route_mutation,20260618T023130_410611,of:0000000000000004:1 -> of:000000000000000c:4,0.002,0.0025,0.002,0.002,2.13,2026-06-18T02:31:30,0.002,2.26
route_mutation,20260618T023130_410611,of:000000000000000c:3 -> of:000000000000000d:3,0.002,0.0025,0.002,0.002,1.36,2026-06-18T02:31:30,0.002,1.36
route_mutation,20260618T023130_410611,of:0000000000000001:1 -> of:000000000000000b:1,0.002,0.0025,0.002,0.002,2.53,2026-06-18T02:31:30,0.002,2.53
route_mutation,20260618T023130_410611,of:0000000000000006:2 -> of:000000000000000a:2,0.001,0.00125,0.001,0.001,1.26,2026-06-18T02:31:30,0.001,1.33
route_mutation,20260618T023130_410611,of:0000000000000002:1 -> of:000000000000000b:4,0.002,0.0025,0.002,0.002,1.6,2026-06-18T02:31:30,0.002,1.6
route_mutation,20260618T023130_410611,of:0000000000000001:3 -> of:000000000000000d:1,0.002,0.0025,0.002,0.002,2.13,2026-06-18T02:31:30,0.002,2.13
route_mutation,20260618T023130_410611,of:0000000000000006:1 -> of:000000000000000d:4,0.002,0.0025,0.002,0.002,1.8,2026-06-18T02:31:30,0.002,1.86
route_mutation,20260618T023130_410611,of:0000000000000003:1 -> of:000000000000000b:5,0.002,0.0025,0.002,0.002,2.26,2026-06-18T02:31:30,0.002,2.26
route_mutation,20260618T023130_410611,of:0000000000000007:1 -> of:000000000000000d:5,0.002,0.0025,0.002,0.001,1.3,2026-06-18T02:31:30,0.002,1.36
route_mutation,20260618T023130_410611,of:0000000000000007:2 -> of:000000000000000a:3,0.002,0.0025,0.002,0.002,1.36,2026-06-18T02:31:30,0.002,1.36
route_mutation,20260618T023130_410611,of:0000000000000002:2 -> of:0000000000000008:2,0.001,0.00125,0.001,0.001,1.2,2026-06-18T02:31:30,0.001,1.33
route_mutation,20260618T023130_410611,of:0000000000000008:1 -> of:000000000000000b:6,0.001,0.00125,0.001,0.001,1.33,2026-06-18T02:31:30,0.001,1.33
route_mutation,20260618T023130_410611,of:0000000000000009:1 -> of:000000000000000c:6,0.001,0.00125,0.001,0.001,1.33,2026-06-18T02:31:30,0.001,1.33
route_mutation,20260618T023130_410611,of:0000000000000001:2 -> of:000000000000000c:1,0.003,0.00375,0.003,0.003,2.93,2026-06-18T02:31:30,0.003,2.93
route_mutation,20260618T023130_410611,of:0000000000000003:2 -> of:0000000000000008:3,0.001,0.00125,0.001,0.001,1.2,2026-06-18T02:31:30,0.001,1.33
route_mutation,20260618T023200_595635,of:0000000000000005:1 -> of:000000000000000c:5,0.002,0.0025,0.002,0.001,1.3,2026-06-18T02:32:00,0.002,1.37
route_mutation,20260618T023200_595635,of:000000000000000a:1 -> of:000000000000000d:6,0.002,0.0025,0.002,0.002,1.37,2026-06-18T02:32:00,0.002,1.4
route_mutation,20260618T023200_595635,of:000000000000000b:2 -> of:000000000000000c:2,0.002,0.0025,0.002,0.002,1.37,2026-06-18T02:32:00,0.001,1.33
route_mutation,20260618T023200_595635,of:0000000000000004:2 -> of:0000000000000009:2,0.002,0.0025,0.002,0.002,1.4,2026-06-18T02:32:00,0.001,1.3
route_mutation,20260618T023200_595635,of:0000000000000005:2 -> of:0000000000000009:3,0.001,0.00125,0.001,0.001,1.3,2026-06-18T02:32:00,0.001,1.37
route_mutation,20260618T023200_595635,of:000000000000000b:3 -> of:000000000000000d:2,0.002,0.0025,0.002,0.002,1.37,2026-06-18T02:32:00,0.002,1.4
route_mutation,20260618T023200_595635,of:0000000000000004:1 -> of:000000000000000c:4,0.002,0.0025,0.002,0.002,1.43,2026-06-18T02:32:00,0.001,1.37
route_mutation,20260618T023200_595635,of:000000000000000c:3 -> of:000000000000000d:3,0.002,0.0025,0.002,0.002,1.37,2026-06-18T02:32:00,0.002,1.37
route_mutation,20260618T023200_595635,of:0000000000000001:1 -> of:000000000000000b:1,0.001,0.00125,0.001,0.001,1.37,2026-06-18T02:32:00,0.001,1.37
route_mutation,20260618T023200_595635,of:0000000000000006:2 -> of:000000000000000a:2,0.002,0.0025,0.002,0.001,1.27,2026-06-18T02:32:00,0.002,1.37
route_mutation,20260618T023200_595635,of:0000000000000002:1 -> of:000000000000000b:4,0.001,0.00125,0.001,0.001,1.33,2026-06-18T02:32:00,0.001,1.33
route_mutation,20260618T023200_595635,of:0000000000000001:3 -> of:000000000000000d:1,0.002,0.0025,0.002,0.002,2.16,2026-06-18T02:32:00,0.002,2.16
route_mutation,20260618T023200_595635,of:0000000000000006:1 -> of:000000000000000d:4,0.002,0.0025,0.002,0.002,1.56,2026-06-18T02:32:00,0.002,1.63
route_mutation,20260618T023200_595635,of:0000000000000003:1 -> of:000000000000000b:5,0.001,0.00125,0.001,0.001,1.33,2026-06-18T02:32:00,0.001,1.33
route_mutation,20260618T023200_595635,of:0000000000000007:1 -> of:000000000000000d:5,0.002,0.0025,0.002,0.002,2.1,2026-06-18T02:32:00,0.002,2.16
route_mutation,20260618T023200_595635,of:0000000000000007:2 -> of:000000000000000a:3,0.002,0.0025,0.002,0.002,1.37,2026-06-18T02:32:00,0.002,1.4
route_mutation,20260618T023200_595635,of:0000000000000002:2 -> of:0000000000000008:2,0.002,0.0025,0.002,0.002,1.4,2026-06-18T02:32:00,0.001,1.33
route_mutation,20260618T023200_595635,of:0000000000000008:1 -> of:000000000000000b:6,0.002,0.0025,0.002,0.002,1.37,2026-06-18T02:32:00,0.002,1.37
route_mutation,20260618T023200_595635,of:0000000000000009:1 -> of:000000000000000c:6,0.002,0.0025,0.002,0.002,1.37,2026-06-18T02:32:00,0.002,1.4
route_mutation,20260618T023200_595635,of:0000000000000001:2 -> of:000000000000000c:1,0.001,0.00125,0.001,0.001,1.37,2026-06-18T02:32:00,0.001,1.33
route_mutation,20260618T023200_595635,of:0000000000000003:2 -> of:0000000000000008:3,0.002,0.0025,0.002,0.002,1.37,2026-06-18T02:32:00,0.001,1.3
route_mutation,20260618T023230_863068,of:0000000000000005:1 -> of:000000000000000c:5,0.002,0.0025,0.002,0.002,1.4,2026-06-18T02:32:30,0.001,1.27
route_mutation,20260618T023230_863068,of:000000000000000a:1 -> of:000000000000000d:6,0.001,0.00125,0.001,0.001,1.37,2026-06-18T02:32:30,0.001,1.27
route_mutation,20260618T023230_863068,of:000000000000000b:2 -> of:000000000000000c:2,0.001,0.00125,0.001,0.001,1.23,2026-06-18T02:32:30,0.001,1.27
route_mutation,20260618T023230_863068,of:0000000000000004:2 -> of:0000000000000009:2,0.001,0.00125,0.001,0.001,1.33,2026-06-18T02:32:30,0.001,1.3
route_mutation,20260618T023230_863068,of:0000000000000005:2 -> of:0000000000000009:3,0.002,0.0025,0.002,0.002,1.4,2026-06-18T02:32:30,0.001,1.27
route_mutation,20260618T023230_863068,of:000000000000000b:3 -> of:000000000000000d:2,0.001,0.00125,0.001,0.001,1.23,2026-06-18T02:32:30,0.001,1.2
route_mutation,20260618T023230_863068,of:0000000000000004:1 -> of:000000000000000c:4,0.002,0.0025,0.002,0.002,2.1,2026-06-18T02:32:30,0.002,2.03
route_mutation,20260618T023230_863068,of:000000000000000c:3 -> of:000000000000000d:3,0.001,0.00125,0.001,0.001,1.27,2026-06-18T02:32:30,0.001,1.27
route_mutation,20260618T023230_863068,of:0000000000000001:1 -> of:000000000000000b:1,0.003,0.00375,0.003,0.003,3.13,2026-06-18T02:32:30,0.003,3.13
route_mutation,20260618T023230_863068,of:0000000000000006:2 -> of:000000000000000a:2,0.002,0.0025,0.002,0.002,1.4,2026-06-18T02:32:30,0.001,1.23
route_mutation,20260618T023230_863068,of:0000000000000002:1 -> of:000000000000000b:4,0.002,0.0025,0.002,0.002,2.2,2026-06-18T02:32:30,0.002,2.2
route_mutation,20260618T023230_863068,of:0000000000000001:3 -> of:000000000000000d:1,0.001,0.00125,0.001,0.001,1.27,2026-06-18T02:32:30,0.001,1.27
route_mutation,20260618T023230_863068,of:0000000000000006:1 -> of:000000000000000d:4,0.002,0.0025,0.002,0.002,1.37,2026-06-18T02:32:30,0.001,1.23
route_mutation,20260618T023230_863068,of:0000000000000003:1 -> of:000000000000000b:5,0.002,0.0025,0.002,0.002,2.2,2026-06-18T02:32:30,0.002,2.2
route_mutation,20260618T023230_863068,of:0000000000000007:1 -> of:000000000000000d:5,0.002,0.0025,0.002,0.002,1.37,2026-06-18T02:32:30,0.001,1.23
route_mutation,20260618T023230_863068,of:0000000000000007:2 -> of:000000000000000a:3,0.001,0.00125,0.001,0.001,1.33,2026-06-18T02:32:30,0.001,1.23
route_mutation,20260618T023230_863068,of:0000000000000002:2 -> of:0000000000000008:2,0.001,0.00125,0.001,0.001,1.33,2026-06-18T02:32:30,0.001,1.27
route_mutation,20260618T023230_863068,of:0000000000000008:1 -> of:000000000000000b:6,0.001,0.00125,0.001,0.001,1.3,2026-06-18T02:32:30,0.001,1.3
route_mutation,20260618T023230_863068,of:0000000000000009:1 -> of:000000000000000c:6,0.001,0.00125,0.001,0.001,1.27,2026-06-18T02:32:30,0.001,1.23
route_mutation,20260618T023230_863068,of:0000000000000001:2 -> of:000000000000000c:1,0.002,0.0025,0.002,0.002,2.16,2026-06-18T02:32:30,0.002,2.2
route_mutation,20260618T023230_863068,of:0000000000000003:2 -> of:0000000000000008:3,0.002,0.0025,0.002,0.002,1.37,2026-06-18T02:32:30,0.001,1.3
route_mutation,20260618T023301_127554,of:0000000000000005:1 -> of:000000000000000c:5,0.002,0.0025,0.002,0.002,2.06,2026-06-18T02:33:01,0.002,2.13
route_mutation,20260618T023301_127554,of:000000000000000a:1 -> of:000000000000000d:6,0.001,0.00125,0.001,0.001,1.26,2026-06-18T02:33:01,0.001,1.33
route_mutation,20260618T023301_127554,of:000000000000000b:2 -> of:000000000000000c:2,0.002,0.0025,0.002,0.002,1.4,2026-06-18T02:33:01,0.002,1.4
route_mutation,20260618T023301_127554,of:0000000000000004:2 -> of:0000000000000009:2,0.001,0.00125,0.001,0.001,1.2,2026-06-18T02:33:01,0.001,1.33
route_mutation,20260618T023301_127554,of:0000000000000005:2 -> of:0000000000000009:3,0.001,0.00125,0.001,0.001,1.26,2026-06-18T02:33:01,0.001,1.33
route_mutation,20260618T023301_127554,of:000000000000000b:3 -> of:000000000000000d:2,0.001,0.00125,0.001,0.001,1.33,2026-06-18T02:33:01,0.001,1.33
route_mutation,20260618T023301_127554,of:0000000000000004:1 -> of:000000000000000c:4,0.002,0.0025,0.002,0.001,1.3,2026-06-18T02:33:01,0.002,1.36
route_mutation,20260618T023301_127554,of:000000000000000c:3 -> of:000000000000000d:3,0.001,0.00125,0.001,0.001,1.33,2026-06-18T02:33:01,0.001,1.33
route_mutation,20260618T023301_127554,of:0000000000000001:1 -> of:000000000000000b:1,0.002,0.0025,0.002,0.002,1.36,2026-06-18T02:33:01,0.002,1.36
route_mutation,20260618T023301_127554,of:0000000000000006:2 -> of:000000000000000a:2,0.002,0.0025,0.002,0.001,1.33,2026-06-18T02:33:01,0.002,1.4
route_mutation,20260618T023301_127554,of:0000000000000002:1 -> of:000000000000000b:4,0.002,0.0025,0.002,0.002,1.36,2026-06-18T02:33:01,0.002,1.36
route_mutation,20260618T023301_127554,of:0000000000000001:3 -> of:000000000000000d:1,0.003,0.00375,0.003,0.003,2.96,2026-06-18T02:33:01,0.003,2.96
route_mutation,20260618T023301_127554,of:0000000000000006:1 -> of:000000000000000d:4,0.002,0.0025,0.002,0.002,2.06,2026-06-18T02:33:01,0.002,2.13
route_mutation,20260618T023301_127554,of:0000000000000003:1 -> of:000000000000000b:5,0.001,0.00125,0.001,0.001,1.33,2026-06-18T02:33:01,0.001,1.33
route_mutation,20260618T023301_127554,of:0000000000000007:1 -> of:000000000000000d:5,0.002,0.0025,0.002,0.002,2.06,2026-06-18T02:33:01,0.002,2.13
route_mutation,20260618T023301_127554,of:0000000000000007:2 -> of:000000000000000a:3,0.001,0.00125,0.001,0.001,1.26,2026-06-18T02:33:01,0.001,1.33
route_mutation,20260618T023301_127554,of:0000000000000002:2 -> of:0000000000000008:2,0.001,0.00125,0.001,0.001,1.3,2026-06-18T02:33:01,0.001,1.36
route_mutation,20260618T023301_127554,of:0000000000000008:1 -> of:000000000000000b:6,0.001,0.00125,0.001,0.001,1.33,2026-06-18T02:33:01,0.001,1.33
route_mutation,20260618T023301_127554,of:0000000000000009:1 -> of:000000000000000c:6,0.002,0.0025,0.002,0.002,1.36,2026-06-18T02:33:01,0.002,1.36
route_mutation,20260618T023301_127554,of:0000000000000001:2 -> of:000000000000000c:1,0.002,0.0025,0.002,0.002,2.03,2026-06-18T02:33:01,0.002,2.03
route_mutation,20260618T023301_127554,of:0000000000000003:2 -> of:0000000000000008:3,0.001,0.00125,0.001,0.001,1.23,2026-06-18T02:33:01,0.001,1.36
route_mutation,20260618T023331_377466,of:0000000000000005:1 -> of:000000000000000c:5,0.001,0.00125,0.001,0.001,1.26,2026-06-18T02:33:31,0.001,1.33
route_mutation,20260618T023331_377466,of:000000000000000a:1 -> of:000000000000000d:6,0.001,0.00125,0.001,0.001,1.33,2026-06-18T02:33:31,0.001,1.33
route_mutation,20260618T023331_377466,of:000000000000000b:2 -> of:000000000000000c:2,0.001,0.00125,0.001,0.001,1.33,2026-06-18T02:33:31,0.001,1.33
route_mutation,20260618T023331_377466,of:0000000000000004:2 -> of:0000000000000009:2,0.001,0.00125,0.001,0.001,1.36,2026-06-18T02:33:31,0.001,1.3
route_mutation,20260618T023331_377466,of:0000000000000005:2 -> of:0000000000000009:3,0.001,0.00125,0.001,0.001,1.3,2026-06-18T02:33:31,0.001,1.36
route_mutation,20260618T023331_377466,of:000000000000000b:3 -> of:000000000000000d:2,0.002,0.0025,0.002,0.002,1.36,2026-06-18T02:33:31,0.002,1.36
route_mutation,20260618T023331_377466,of:0000000000000004:1 -> of:000000000000000c:4,0.001,0.00125,0.001,0.001,1.3,2026-06-18T02:33:31,0.001,1.3
route_mutation,20260618T023331_377466,of:000000000000000c:3 -> of:000000000000000d:3,0.001,0.00125,0.001,0.001,1.33,2026-06-18T02:33:31,0.001,1.33
route_mutation,20260618T023331_377466,of:0000000000000001:1 -> of:000000000000000b:1,0.002,0.0025,0.002,0.002,2.56,2026-06-18T02:33:31,0.002,2.56
route_mutation,20260618T023331_377466,of:0000000000000006:2 -> of:000000000000000a:2,0.001,0.00125,0.001,0.001,1.33,2026-06-18T02:33:31,0.001,1.33
route_mutation,20260618T023331_377466,of:0000000000000002:1 -> of:000000000000000b:4,0.002,0.0025,0.002,0.002,2.2,2026-06-18T02:33:31,0.002,2.2
route_mutation,20260618T023331_377466,of:0000000000000001:3 -> of:000000000000000d:1,0.001,0.00125,0.001,0.001,1.26,2026-06-18T02:33:31,0.001,1.26
route_mutation,20260618T023331_377466,of:0000000000000006:1 -> of:000000000000000d:4,0.001,0.00125,0.001,0.001,1.26,2026-06-18T02:33:31,0.001,1.33
route_mutation,20260618T023331_377466,of:0000000000000003:1 -> of:000000000000000b:5,0.002,0.0025,0.002,0.002,1.66,2026-06-18T02:33:31,0.002,1.66
route_mutation,20260618T023331_377466,of:0000000000000007:1 -> of:000000000000000d:5,0.002,0.0025,0.002,0.001,1.3,2026-06-18T02:33:31,0.002,1.36
route_mutation,20260618T023331_377466,of:0000000000000007:2 -> of:000000000000000a:3,0.001,0.00125,0.001,0.001,1.33,2026-06-18T02:33:31,0.001,1.33
route_mutation,20260618T023331_377466,of:0000000000000002:2 -> of:0000000000000008:2,0.001,0.00125,0.001,0.001,1.26,2026-06-18T02:33:31,0.001,1.26
route_mutation,20260618T023331_377466,of:0000000000000008:1 -> of:000000000000000b:6,0.001,0.00125,0.001,0.001,1.33,2026-06-18T02:33:31,0.001,1.33
route_mutation,20260618T023331_377466,of:0000000000000009:1 -> of:000000000000000c:6,0.001,0.00125,0.001,0.001,1.33,2026-06-18T02:33:31,0.001,1.33
route_mutation,20260618T023331_377466,of:0000000000000001:2 -> of:000000000000000c:1,0.001,0.00125,0.001,0.001,1.3,2026-06-18T02:33:31,0.001,1.3
route_mutation,20260618T023331_377466,of:0000000000000003:2 -> of:0000000000000008:3,0.001,0.00125,0.001,0.001,1.36,2026-06-18T02:33:31,0.001,1.3
route_mutation,20260618T023401_655577,of:0000000000000005:1 -> of:000000000000000c:5,0.002,0.0025,0.002,0.002,2.26,2026-06-18T02:34:01,0.002,2.13
route_mutation,20260618T023401_655577,of:000000000000000a:1 -> of:000000000000000d:6,0.001,0.00125,0.001,0.001,1.26,2026-06-18T02:34:01,0.001,1.2
route_mutation,20260618T023401_655577,of:000000000000000b:2 -> of:000000000000000c:2,0.001,0.00125,0.001,0.001,1.2,2026-06-18T02:34:01,0.001,1.2
route_mutation,20260618T023401_655577,of:0000000000000004:2 -> of:0000000000000009:2,0.001,0.00125,0.001,0.001,1.33,2026-06-18T02:34:01,0.001,1.26
route_mutation,20260618T023401_655577,of:0000000000000005:2 -> of:0000000000000009:3,0.002,0.0025,0.002,0.002,1.46,2026-06-18T02:34:01,0.001,1.33
route_mutation,20260618T023401_655577,of:000000000000000b:3 -> of:000000000000000d:2,0.001,0.00125,0.001,0.001,1.26,2026-06-18T02:34:01,0.001,1.2
route_mutation,20260618T023401_655577,of:0000000000000004:1 -> of:000000000000000c:4,0.002,0.0025,0.002,0.002,2.13,2026-06-18T02:34:01,0.002,2.06
route_mutation,20260618T023401_655577,of:000000000000000c:3 -> of:000000000000000d:3,0.001,0.00125,0.001,0.001,1.2,2026-06-18T02:34:01,0.001,1.2
route_mutation,20260618T023401_655577,of:0000000000000001:1 -> of:000000000000000b:1,0.002,0.0025,0.002,0.002,1.83,2026-06-18T02:34:01,0.002,1.83
route_mutation,20260618T023401_655577,of:0000000000000006:2 -> of:000000000000000a:2,0.001,0.00125,0.001,0.001,1.26,2026-06-18T02:34:01,0.001,1.2
route_mutation,20260618T023401_655577,of:0000000000000002:1 -> of:000000000000000b:4,0.001,0.00125,0.001,0.001,1.3,2026-06-18T02:34:01,0.001,1.3
route_mutation,20260618T023401_655577,of:0000000000000001:3 -> of:000000000000000d:1,0.003,0.00375,0.003,0.003,2.7,2026-06-18T02:34:01,0.003,2.7
route_mutation,20260618T023401_655577,of:0000000000000006:1 -> of:000000000000000d:4,0.002,0.0025,0.002,0.002,2.2,2026-06-18T02:34:01,0.002,2.06
route_mutation,20260618T023401_655577,of:0000000000000003:1 -> of:000000000000000b:5,0.002,0.0025,0.002,0.002,1.9,2026-06-18T02:34:01,0.002,1.83
route_mutation,20260618T023401_655577,of:0000000000000007:1 -> of:000000000000000d:5,0.002,0.0025,0.002,0.002,1.73,2026-06-18T02:34:01,0.002,1.6
route_mutation,20260618T023401_655577,of:0000000000000007:2 -> of:000000000000000a:3,0.001,0.00125,0.001,0.001,1.26,2026-06-18T02:34:01,0.001,1.2
route_mutation,20260618T023401_655577,of:0000000000000002:2 -> of:0000000000000008:2,0.001,0.00125,0.001,0.001,1.36,2026-06-18T02:34:01,0.001,1.3
route_mutation,20260618T023401_655577,of:0000000000000008:1 -> of:000000000000000b:6,0.001,0.00125,0.001,0.001,1.26,2026-06-18T02:34:01,0.001,1.2
route_mutation,20260618T023401_655577,of:0000000000000009:1 -> of:000000000000000c:6,0.001,0.00125,0.001,0.001,1.26,2026-06-18T02:34:01,0.001,1.2
route_mutation,20260618T023401_655577,of:0000000000000001:2 -> of:000000000000000c:1,0.003,0.00375,0.003,0.003,2.86,2026-06-18T02:34:01,0.003,2.86
route_mutation,20260618T023401_655577,of:0000000000000003:2 -> of:0000000000000008:3,0.001,0.00125,0.001,0.001,1.33,2026-06-18T02:34:01,0.001,1.26
route_mutation,20260618T025842_926803,of:0000000000000008:1 -> of:000000000000000b:6,0.0,0.0,0.0,0.0,0.0,2026-06-18T02:58:42,0.0,0.0
route_mutation,20260618T025842_926803,of:0000000000000004:2 -> of:0000000000000009:2,0.0,0.0,0.0,0.0,0.0,2026-06-18T02:58:42,0.0,0.0
route_mutation,20260618T025842_926803,of:000000000000000b:3 -> of:000000000000000d:2,0.0,0.0,0.0,0.0,0.0,2026-06-18T02:58:42,0.0,0.0
route_mutation,20260618T025842_926803,of:0000000000000005:2 -> of:0000000000000009:3,0.0,0.0,0.0,0.0,0.0,2026-06-18T02:58:42,0.0,0.0
route_mutation,20260618T025842_926803,of:000000000000000c:3 -> of:000000000000000d:3,0.0,0.0,0.0,0.0,0.0,2026-06-18T02:58:42,0.0,0.0
route_mutation,20260618T025842_926803,of:000000000000000b:2 -> of:000000000000000c:2,0.0,0.0,0.0,0.0,0.0,2026-06-18T02:58:42,0.0,0.0
route_mutation,20260618T025842_926803,of:000000000000000a:1 -> of:000000000000000d:6,0.0,0.0,0.0,0.0,0.0,2026-06-18T02:58:42,0.0,0.0
route_mutation,20260618T025842_926803,of:0000000000000005:1 -> of:000000000000000c:5,0.0,0.0,0.0,0.0,0.0,2026-06-18T02:58:42,0.0,0.0
route_mutation,20260618T025842_926803,of:0000000000000004:1 -> of:000000000000000c:4,0.0,0.0,0.0,0.0,0.0,2026-06-18T02:58:42,0.0,0.0
route_mutation,20260618T025842_926803,of:0000000000000009:1 -> of:000000000000000c:6,0.0,0.0,0.0,0.0,0.0,2026-06-18T02:58:42,0.0,0.0
route_mutation,20260618T025842_926803,of:0000000000000001:1 -> of:000000000000000b:1,0.0,0.0,0.0,0.0,0.0,2026-06-18T02:58:42,0.0,0.0
route_mutation,20260618T025842_926803,of:0000000000000002:1 -> of:000000000000000b:4,0.0,0.0,0.0,0.0,0.0,2026-06-18T02:58:42,0.0,0.0
route_mutation,20260618T025842_926803,of:0000000000000001:3 -> of:000000000000000d:1,0.0,0.0,0.0,0.0,0.0,2026-06-18T02:58:42,0.0,0.0
route_mutation,20260618T025842_926803,of:0000000000000006:1 -> of:000000000000000d:4,0.0,0.0,0.0,0.0,0.0,2026-06-18T02:58:42,0.0,0.0
route_mutation,20260618T025842_926803,of:0000000000000006:2 -> of:000000000000000a:2,0.0,0.0,0.0,0.0,0.0,2026-06-18T02:58:42,0.0,0.0
route_mutation,20260618T025842_926803,of:0000000000000003:1 -> of:000000000000000b:5,0.0,0.0,0.0,0.0,0.0,2026-06-18T02:58:42,0.0,0.0
route_mutation,20260618T025842_926803,of:0000000000000007:1 -> of:000000000000000d:5,0.0,0.0,0.0,0.0,0.0,2026-06-18T02:58:42,0.0,0.0
route_mutation,20260618T025842_926803,of:0000000000000007:2 -> of:000000000000000a:3,0.0,0.0,0.0,0.0,0.0,2026-06-18T02:58:42,0.0,0.0
route_mutation,20260618T025842_926803,of:0000000000000002:2 -> of:0000000000000008:2,0.0,0.0,0.0,0.0,0.0,2026-06-18T02:58:42,0.0,0.0
route_mutation,20260618T025842_926803,of:0000000000000001:2 -> of:000000000000000c:1,0.0,0.0,0.0,0.0,0.0,2026-06-18T02:58:42,0.0,0.0
route_mutation,20260618T025842_926803,of:0000000000000003:2 -> of:0000000000000008:3,0.0,0.0,0.0,0.0,0.0,2026-06-18T02:58:42,0.0,0.0
route_mutation,20260618T025913_194221,of:0000000000000005:1 -> of:000000000000000c:5,0.002,0.0025,0.002,0.002,2.16,2026-06-18T02:59:13,0.002,2.16
route_mutation,20260618T025913_194221,of:000000000000000a:1 -> of:000000000000000d:6,0.002,0.0025,0.002,0.001,1.3,2026-06-18T02:59:13,0.002,1.36
route_mutation,20260618T025913_194221,of:000000000000000b:2 -> of:000000000000000c:2,0.001,0.00125,0.001,0.001,1.26,2026-06-18T02:59:13,0.001,1.26
route_mutation,20260618T025913_194221,of:0000000000000004:2 -> of:0000000000000009:2,0.001,0.00125,0.001,0.001,1.33,2026-06-18T02:59:13,0.001,1.26
route_mutation,20260618T025913_194221,of:0000000000000005:2 -> of:0000000000000009:3,0.001,0.00125,0.001,0.001,1.33,2026-06-18T02:59:13,0.001,1.26
route_mutation,20260618T025913_194221,of:000000000000000b:3 -> of:000000000000000d:2,0.001,0.00125,0.001,0.001,1.26,2026-06-18T02:59:13,0.001,1.26
route_mutation,20260618T025913_194221,of:0000000000000004:1 -> of:000000000000000c:4,0.002,0.0025,0.002,0.002,2.13,2026-06-18T02:59:13,0.002,2.13
route_mutation,20260618T025913_194221,of:000000000000000c:3 -> of:000000000000000d:3,0.001,0.00125,0.001,0.001,1.26,2026-06-18T02:59:13,0.001,1.33
route_mutation,20260618T025913_194221,of:0000000000000001:1 -> of:000000000000000b:1,0.003,0.00375,0.003,0.003,2.73,2026-06-18T02:59:13,0.003,2.73
route_mutation,20260618T025913_194221,of:0000000000000006:2 -> of:000000000000000a:2,0.002,0.0025,0.002,0.001,1.3,2026-06-18T02:59:13,0.002,1.36
route_mutation,20260618T025913_194221,of:0000000000000002:1 -> of:000000000000000b:4,0.002,0.0025,0.002,0.002,1.86,2026-06-18T02:59:13,0.002,1.8
route_mutation,20260618T025913_194221,of:0000000000000001:3 -> of:000000000000000d:1,0.002,0.0025,0.002,0.002,1.7,2026-06-18T02:59:13,0.002,1.86
route_mutation,20260618T025913_194221,of:0000000000000006:1 -> of:000000000000000d:4,0.002,0.0025,0.002,0.002,1.6,2026-06-18T02:59:13,0.002,1.6
route_mutation,20260618T025913_194221,of:0000000000000003:1 -> of:000000000000000b:5,0.002,0.0025,0.002,0.002,2.26,2026-06-18T02:59:13,0.002,2.2
route_mutation,20260618T025913_194221,of:0000000000000007:1 -> of:000000000000000d:5,0.001,0.00125,0.001,0.001,1.26,2026-06-18T02:59:13,0.001,1.26
route_mutation,20260618T025913_194221,of:0000000000000007:2 -> of:000000000000000a:3,0.001,0.00125,0.001,0.001,1.26,2026-06-18T02:59:13,0.001,1.26
route_mutation,20260618T025913_194221,of:0000000000000002:2 -> of:0000000000000008:2,0.001,0.00125,0.001,0.001,1.36,2026-06-18T02:59:13,0.001,1.36
route_mutation,20260618T025913_194221,of:0000000000000008:1 -> of:000000000000000b:6,0.001,0.00125,0.001,0.001,1.26,2026-06-18T02:59:13,0.001,1.26
route_mutation,20260618T025913_194221,of:0000000000000009:1 -> of:000000000000000c:6,0.001,0.00125,0.001,0.001,1.3,2026-06-18T02:59:13,0.001,1.3
route_mutation,20260618T025913_194221,of:0000000000000001:2 -> of:000000000000000c:1,0.003,0.00375,0.003,0.003,2.86,2026-06-18T02:59:13,0.003,2.93
route_mutation,20260618T025913_194221,of:0000000000000003:2 -> of:0000000000000008:3,0.001,0.00125,0.001,0.001,1.33,2026-06-18T02:59:13,0.001,1.33
route_mutation,20260618T025942_935420,of:0000000000000004:1 -> of:000000000000000c:4,0.002,0.0025,0.002,0.002,1.5,2026-06-18T02:59:42,0.002,1.46
route_mutation,20260618T025942_935420,of:0000000000000004:2 -> of:0000000000000009:2,0.002,0.0025,0.002,0.001,1.3,2026-06-18T02:59:42,0.002,1.36
route_mutation,20260618T025942_935420,of:000000000000000b:3 -> of:000000000000000d:2,0.001,0.00125,0.001,0.001,1.27,2026-06-18T02:59:42,0.001,1.27
route_mutation,20260618T025942_935420,of:0000000000000005:2 -> of:0000000000000009:3,0.002,0.0025,0.002,0.001,1.3,2026-06-18T02:59:42,0.002,1.36
route_mutation,20260618T025942_935420,of:000000000000000c:3 -> of:000000000000000d:3,0.001,0.00125,0.001,0.001,1.3,2026-06-18T02:59:42,0.001,1.23
route_mutation,20260618T025942_935420,of:000000000000000b:2 -> of:000000000000000c:2,0.001,0.00125,0.001,0.001,1.27,2026-06-18T02:59:42,0.001,1.27
route_mutation,20260618T025942_935420,of:000000000000000a:1 -> of:000000000000000d:6,0.001,0.00125,0.001,0.001,1.27,2026-06-18T02:59:42,0.001,1.2
route_mutation,20260618T025942_935420,of:0000000000000005:1 -> of:000000000000000c:5,0.002,0.0025,0.002,0.002,1.5,2026-06-18T02:59:42,0.002,1.46
route_mutation,20260618T025942_935420,of:0000000000000001:1 -> of:000000000000000b:1,0.002,0.0025,0.002,0.002,2.2,2026-06-18T02:59:42,0.002,2.2
route_mutation,20260618T025942_935420,of:0000000000000006:2 -> of:000000000000000a:2,0.002,0.0025,0.002,0.002,1.43,2026-06-18T02:59:42,0.002,1.36
route_mutation,20260618T025942_935420,of:0000000000000002:1 -> of:000000000000000b:4,0.002,0.0025,0.002,0.002,1.8,2026-06-18T02:59:42,0.002,1.83
route_mutation,20260618T025942_935420,of:0000000000000001:3 -> of:000000000000000d:1,0.003,0.00375,0.003,0.003,2.86,2026-06-18T02:59:42,0.003,2.76
route_mutation,20260618T025942_935420,of:0000000000000006:1 -> of:000000000000000d:4,0.002,0.0025,0.002,0.002,2.16,2026-06-18T02:59:42,0.002,2.06
route_mutation,20260618T025942_935420,of:0000000000000009:1 -> of:000000000000000c:6,0.001,0.00125,0.001,0.001,1.27,2026-06-18T02:59:42,0.001,1.27
route_mutation,20260618T025942_935420,of:0000000000000003:1 -> of:000000000000000b:5,0.002,0.0025,0.002,0.002,1.7,2026-06-18T02:59:42,0.002,1.73
route_mutation,20260618T025942_935420,of:0000000000000007:1 -> of:000000000000000d:5,0.002,0.0025,0.002,0.002,2.06,2026-06-18T02:59:42,0.002,2.06
route_mutation,20260618T025942_935420,of:0000000000000007:2 -> of:000000000000000a:3,0.001,0.00125,0.001,0.001,1.27,2026-06-18T02:59:42,0.001,1.27
route_mutation,20260618T025942_935420,of:0000000000000002:2 -> of:0000000000000008:2,0.001,0.00125,0.001,0.001,1.3,2026-06-18T02:59:42,0.001,1.3
route_mutation,20260618T025942_935420,of:0000000000000008:1 -> of:000000000000000b:6,0.001,0.00125,0.001,0.001,1.27,2026-06-18T02:59:42,0.001,1.27
route_mutation,20260618T025942_935420,of:0000000000000001:2 -> of:000000000000000c:1,0.002,0.0025,0.002,0.002,1.73,2026-06-18T02:59:42,0.002,1.7
route_mutation,20260618T025942_935420,of:0000000000000003:2 -> of:0000000000000008:3,0.001,0.00125,0.001,0.001,1.3,2026-06-18T02:59:42,0.001,1.3
route_mutation,20260618T025956_723243,of:0000000000000004:1 -> of:000000000000000c:4,0.002,0.0025,0.002,0.002,1.5,2026-06-18T02:59:56,0.002,1.46
route_mutation,20260618T025956_723243,of:0000000000000004:2 -> of:0000000000000009:2,0.002,0.0025,0.002,0.001,1.3,2026-06-18T02:59:56,0.002,1.36
route_mutation,20260618T025956_723243,of:000000000000000b:3 -> of:000000000000000d:2,0.001,0.00125,0.001,0.001,1.27,2026-06-18T02:59:56,0.001,1.27
route_mutation,20260618T025956_723243,of:0000000000000005:2 -> of:0000000000000009:3,0.002,0.0025,0.002,0.001,1.3,2026-06-18T02:59:56,0.002,1.36
route_mutation,20260618T025956_723243,of:000000000000000c:3 -> of:000000000000000d:3,0.001,0.00125,0.001,0.001,1.3,2026-06-18T02:59:56,0.001,1.23
route_mutation,20260618T025956_723243,of:000000000000000b:2 -> of:000000000000000c:2,0.001,0.00125,0.001,0.001,1.27,2026-06-18T02:59:56,0.001,1.27
route_mutation,20260618T025956_723243,of:000000000000000a:1 -> of:000000000000000d:6,0.001,0.00125,0.001,0.001,1.27,2026-06-18T02:59:56,0.001,1.2
route_mutation,20260618T025956_723243,of:0000000000000005:1 -> of:000000000000000c:5,0.002,0.0025,0.002,0.002,1.5,2026-06-18T02:59:56,0.002,1.46
route_mutation,20260618T025956_723243,of:0000000000000001:1 -> of:000000000000000b:1,0.002,0.0025,0.002,0.002,2.2,2026-06-18T02:59:56,0.002,2.2
route_mutation,20260618T025956_723243,of:0000000000000006:2 -> of:000000000000000a:2,0.002,0.0025,0.002,0.002,1.43,2026-06-18T02:59:56,0.002,1.36
route_mutation,20260618T025956_723243,of:0000000000000002:1 -> of:000000000000000b:4,0.002,0.0025,0.002,0.002,1.8,2026-06-18T02:59:56,0.002,1.83
route_mutation,20260618T025956_723243,of:0000000000000001:3 -> of:000000000000000d:1,0.003,0.00375,0.003,0.003,2.86,2026-06-18T02:59:56,0.003,2.76
route_mutation,20260618T025956_723243,of:0000000000000006:1 -> of:000000000000000d:4,0.002,0.0025,0.002,0.002,2.16,2026-06-18T02:59:56,0.002,2.06
route_mutation,20260618T025956_723243,of:0000000000000009:1 -> of:000000000000000c:6,0.001,0.00125,0.001,0.001,1.27,2026-06-18T02:59:56,0.001,1.27
route_mutation,20260618T025956_723243,of:0000000000000003:1 -> of:000000000000000b:5,0.002,0.0025,0.002,0.002,1.7,2026-06-18T02:59:56,0.002,1.73
route_mutation,20260618T025956_723243,of:0000000000000007:1 -> of:000000000000000d:5,0.002,0.0025,0.002,0.002,2.06,2026-06-18T02:59:56,0.002,2.06
route_mutation,20260618T025956_723243,of:0000000000000007:2 -> of:000000000000000a:3,0.001,0.00125,0.001,0.001,1.27,2026-06-18T02:59:56,0.001,1.27
route_mutation,20260618T025956_723243,of:0000000000000002:2 -> of:0000000000000008:2,0.001,0.00125,0.001,0.001,1.3,2026-06-18T02:59:56,0.001,1.3
route_mutation,20260618T025956_723243,of:0000000000000008:1 -> of:000000000000000b:6,0.001,0.00125,0.001,0.001,1.27,2026-06-18T02:59:56,0.001,1.27
route_mutation,20260618T025956_723243,of:0000000000000001:2 -> of:000000000000000c:1,0.002,0.0025,0.002,0.002,1.73,2026-06-18T02:59:56,0.002,1.7
route_mutation,20260618T025956_723243,of:0000000000000003:2 -> of:0000000000000008:3,0.001,0.00125,0.001,0.001,1.3,2026-06-18T02:59:56,0.001,1.3
route_mutation,20260618T030010_030211,of:0000000000000005:1 -> of:000000000000000c:5,0.004,0.005,0.004,0.004,4.16,2026-06-18T03:00:10,0.004,4.19
route_mutation,20260618T030010_030211,of:000000000000000a:1 -> of:000000000000000d:6,0.002,0.0025,0.002,0.002,1.36,2026-06-18T03:00:10,0.002,1.36
route_mutation,20260618T030010_030211,of:000000000000000b:2 -> of:000000000000000c:2,0.005,0.0062499999999999995,0.005,0.005,6.22,2026-06-18T03:00:10,0.005,6.19
route_mutation,20260618T030010_030211,of:0000000000000004:2 -> of:0000000000000009:2,0.001,0.00125,0.001,0.001,1.3,2026-06-18T03:00:10,0.001,1.3
route_mutation,20260618T030010_030211,of:0000000000000005:2 -> of:0000000000000009:3,0.001,0.00125,0.001,0.001,1.3,2026-06-18T03:00:10,0.001,1.3
route_mutation,20260618T030010_030211,of:000000000000000b:3 -> of:000000000000000d:2,0.006,0.0075,0.006,0.006,6.59,2026-06-18T03:00:10,0.006,6.59
route_mutation,20260618T030010_030211,of:0000000000000004:1 -> of:000000000000000c:4,0.004,0.005,0.004,0.004,4.69,2026-06-18T03:00:10,0.004,4.76
route_mutation,20260618T030010_030211,of:000000000000000c:3 -> of:000000000000000d:3,0.002,0.0025,0.002,0.002,1.4,2026-06-18T03:00:10,0.002,1.4
route_mutation,20260618T030010_030211,of:0000000000000001:1 -> of:000000000000000b:1,0.003,0.00375,0.003,0.003,3.69,2026-06-18T03:00:10,0.003,3.69
route_mutation,20260618T030010_030211,of:0000000000000006:2 -> of:000000000000000a:2,0.001,0.00125,0.001,0.001,1.3,2026-06-18T03:00:10,0.001,1.3
route_mutation,20260618T030010_030211,of:0000000000000002:1 -> of:000000000000000b:4,0.013,0.016249999999999997,0.013,0.013,16.63,2026-06-18T03:00:10,0.013,16.63
route_mutation,20260618T030010_030211,of:0000000000000001:3 -> of:000000000000000d:1,0.002,0.0025,0.002,0.002,1.76,2026-06-18T03:00:10,0.002,1.7
route_mutation,20260618T030010_030211,of:0000000000000006:1 -> of:000000000000000d:4,0.004,0.005,0.004,0.004,4.06,2026-06-18T03:00:10,0.004,4.09
route_mutation,20260618T030010_030211,of:0000000000000003:1 -> of:000000000000000b:5,0.005,0.0062499999999999995,0.005,0.005,5.52,2026-06-18T03:00:10,0.005,5.56
route_mutation,20260618T030010_030211,of:0000000000000007:1 -> of:000000000000000d:5,0.004,0.005,0.004,0.004,4.59,2026-06-18T03:00:10,0.004,4.59
route_mutation,20260618T030010_030211,of:0000000000000007:2 -> of:000000000000000a:3,0.002,0.0025,0.002,0.002,1.4,2026-06-18T03:00:10,0.002,1.4
route_mutation,20260618T030010_030211,of:0000000000000002:2 -> of:0000000000000008:2,0.001,0.00125,0.001,0.001,1.3,2026-06-18T03:00:10,0.001,1.3
route_mutation,20260618T030010_030211,of:0000000000000008:1 -> of:000000000000000b:6,0.002,0.0025,0.002,0.002,1.36,2026-06-18T03:00:10,0.002,1.36
route_mutation,20260618T030010_030211,of:0000000000000009:1 -> of:000000000000000c:6,0.002,0.0025,0.002,0.002,1.36,2026-06-18T03:00:10,0.002,1.36
route_mutation,20260618T030010_030211,of:0000000000000001:2 -> of:000000000000000c:1,0.002,0.0025,0.002,0.002,2.43,2026-06-18T03:00:10,0.002,2.33
route_mutation,20260618T030010_030211,of:0000000000000003:2 -> of:0000000000000008:3,0.001,0.00125,0.001,0.001,1.3,2026-06-18T03:00:10,0.001,1.3
ip_shuffle,20260618T030015_833516,of:0000000000000005:1 -> of:000000000000000c:5,0.004,0.005,0.004,0.004,4.16,2026-06-18T03:00:15,0.004,4.19
ip_shuffle,20260618T030015_833516,of:000000000000000a:1 -> of:000000000000000d:6,0.002,0.0025,0.002,0.002,1.36,2026-06-18T03:00:15,0.002,1.36
ip_shuffle,20260618T030015_833516,of:000000000000000b:2 -> of:000000000000000c:2,0.005,0.0062499999999999995,0.005,0.005,6.22,2026-06-18T03:00:15,0.005,6.19
ip_shuffle,20260618T030015_833516,of:0000000000000004:2 -> of:0000000000000009:2,0.001,0.00125,0.001,0.001,1.3,2026-06-18T03:00:15,0.001,1.3
ip_shuffle,20260618T030015_833516,of:0000000000000005:2 -> of:0000000000000009:3,0.001,0.00125,0.001,0.001,1.3,2026-06-18T03:00:15,0.001,1.3
ip_shuffle,20260618T030015_833516,of:000000000000000b:3 -> of:000000000000000d:2,0.006,0.0075,0.006,0.006,6.59,2026-06-18T03:00:15,0.006,6.59
ip_shuffle,20260618T030015_833516,of:0000000000000004:1 -> of:000000000000000c:4,0.004,0.005,0.004,0.004,4.69,2026-06-18T03:00:15,0.004,4.76
ip_shuffle,20260618T030015_833516,of:000000000000000c:3 -> of:000000000000000d:3,0.002,0.0025,0.002,0.002,1.4,2026-06-18T03:00:15,0.002,1.4
ip_shuffle,20260618T030015_833516,of:0000000000000001:1 -> of:000000000000000b:1,0.003,0.00375,0.003,0.003,3.69,2026-06-18T03:00:15,0.003,3.69
ip_shuffle,20260618T030015_833516,of:0000000000000006:2 -> of:000000000000000a:2,0.001,0.00125,0.001,0.001,1.3,2026-06-18T03:00:15,0.001,1.3
ip_shuffle,20260618T030015_833516,of:0000000000000002:1 -> of:000000000000000b:4,0.013,0.016249999999999997,0.013,0.013,16.63,2026-06-18T03:00:15,0.013,16.63
ip_shuffle,20260618T030015_833516,of:0000000000000001:3 -> of:000000000000000d:1,0.002,0.0025,0.002,0.002,1.76,2026-06-18T03:00:15,0.002,1.7
ip_shuffle,20260618T030015_833516,of:0000000000000006:1 -> of:000000000000000d:4,0.004,0.005,0.004,0.004,4.06,2026-06-18T03:00:15,0.004,4.09
ip_shuffle,20260618T030015_833516,of:0000000000000003:1 -> of:000000000000000b:5,0.005,0.0062499999999999995,0.005,0.005,5.52,2026-06-18T03:00:15,0.005,5.56
ip_shuffle,20260618T030015_833516,of:0000000000000007:1 -> of:000000000000000d:5,0.004,0.005,0.004,0.004,4.59,2026-06-18T03:00:15,0.004,4.59
ip_shuffle,20260618T030015_833516,of:0000000000000007:2 -> of:000000000000000a:3,0.002,0.0025,0.002,0.002,1.4,2026-06-18T03:00:15,0.002,1.4
ip_shuffle,20260618T030015_833516,of:0000000000000002:2 -> of:0000000000000008:2,0.001,0.00125,0.001,0.001,1.3,2026-06-18T03:00:15,0.001,1.3
ip_shuffle,20260618T030015_833516,of:0000000000000008:1 -> of:000000000000000b:6,0.002,0.0025,0.002,0.002,1.36,2026-06-18T03:00:15,0.002,1.36
ip_shuffle,20260618T030015_833516,of:0000000000000009:1 -> of:000000000000000c:6,0.002,0.0025,0.002,0.002,1.36,2026-06-18T03:00:15,0.002,1.36
ip_shuffle,20260618T030015_833516,of:0000000000000001:2 -> of:000000000000000c:1,0.002,0.0025,0.002,0.002,2.43,2026-06-18T03:00:15,0.002,2.33
ip_shuffle,20260618T030015_833516,of:0000000000000003:2 -> of:0000000000000008:3,0.001,0.00125,0.001,0.001,1.3,2026-06-18T03:00:15,0.001,1.3
ip_shuffle,20260618T030126_717222,of:0000000000000005:1 -> of:000000000000000c:5,0.002,0.0025,0.002,0.002,2.39,2026-06-18T03:01:26,0.002,2.39
ip_shuffle,20260618T030126_717222,of:000000000000000a:1 -> of:000000000000000d:6,0.002,0.0025,0.002,0.002,1.99,2026-06-18T03:01:26,0.002,1.93
ip_shuffle,20260618T030126_717222,of:000000000000000b:2 -> of:000000000000000c:2,0.003,0.00375,0.003,0.003,3.56,2026-06-18T03:01:26,0.002,3.49
ip_shuffle,20260618T030126_717222,of:0000000000000004:2 -> of:0000000000000009:2,0.002,0.0025,0.002,0.002,2.73,2026-06-18T03:01:26,0.002,2.79
ip_shuffle,20260618T030126_717222,of:0000000000000005:2 -> of:0000000000000009:3,0.002,0.0025,0.002,0.002,2.73,2026-06-18T03:01:26,0.002,2.79
ip_shuffle,20260618T030126_717222,of:000000000000000b:3 -> of:000000000000000d:2,0.003,0.00375,0.003,0.003,4.32,2026-06-18T03:01:26,0.003,4.25
ip_shuffle,20260618T030126_717222,of:0000000000000004:1 -> of:000000000000000c:4,0.002,0.0025,0.002,0.002,2.39,2026-06-18T03:01:26,0.002,2.39
ip_shuffle,20260618T030126_717222,of:000000000000000c:3 -> of:000000000000000d:3,0.002,0.0025,0.002,0.002,2.73,2026-06-18T03:01:26,0.002,2.66
ip_shuffle,20260618T030126_717222,of:0000000000000001:1 -> of:000000000000000b:1,0.002,0.0025,0.002,0.002,2.79,2026-06-18T03:01:26,0.002,2.79
ip_shuffle,20260618T030126_717222,of:0000000000000006:2 -> of:000000000000000a:2,0.002,0.0025,0.002,0.002,2.69,2026-06-18T03:01:26,0.002,2.69
ip_shuffle,20260618T030126_717222,of:0000000000000002:1 -> of:000000000000000b:4,0.003,0.00375,0.003,0.003,3.39,2026-06-18T03:01:26,0.003,3.39
ip_shuffle,20260618T030126_717222,of:0000000000000001:3 -> of:000000000000000d:1,0.002,0.0025,0.002,0.002,2.06,2026-06-18T03:01:26,0.002,1.96
ip_shuffle,20260618T030126_717222,of:0000000000000006:1 -> of:000000000000000d:4,0.002,0.0025,0.002,0.002,2.46,2026-06-18T03:01:26,0.002,2.49
ip_shuffle,20260618T030126_717222,of:0000000000000003:1 -> of:000000000000000b:5,0.004,0.005,0.004,0.004,4.82,2026-06-18T03:01:26,0.004,4.85
ip_shuffle,20260618T030126_717222,of:0000000000000007:1 -> of:000000000000000d:5,0.003,0.00375,0.003,0.003,3.12,2026-06-18T03:01:26,0.002,2.99
ip_shuffle,20260618T030126_717222,of:0000000000000007:2 -> of:000000000000000a:3,0.002,0.0025,0.002,0.002,2.92,2026-06-18T03:01:26,0.002,2.86
ip_shuffle,20260618T030126_717222,of:0000000000000002:2 -> of:0000000000000008:2,0.002,0.0025,0.002,0.002,2.69,2026-06-18T03:01:26,0.002,2.69
ip_shuffle,20260618T030126_717222,of:0000000000000008:1 -> of:000000000000000b:6,0.002,0.0025,0.002,0.002,1.99,2026-06-18T03:01:26,0.002,1.93
ip_shuffle,20260618T030126_717222,of:0000000000000009:1 -> of:000000000000000c:6,0.002,0.0025,0.002,0.002,1.99,2026-06-18T03:01:26,0.002,1.99
ip_shuffle,20260618T030126_717222,of:0000000000000001:2 -> of:000000000000000c:1,0.002,0.0025,0.002,0.002,2.06,2026-06-18T03:01:26,0.002,1.96
ip_shuffle,20260618T030126_717222,of:0000000000000003:2 -> of:0000000000000008:3,0.002,0.0025,0.002,0.002,2.69,2026-06-18T03:01:26,0.002,2.69
ip_shuffle,20260618T030237_603466,of:0000000000000005:1 -> of:000000000000000c:5,0.001,0.00125,0.001,0.001,1.36,2026-06-18T03:02:37,0.001,1.36
ip_shuffle,20260618T030237_603466,of:000000000000000a:1 -> of:000000000000000d:6,0.001,0.00125,0.001,0.001,1.3,2026-06-18T03:02:37,0.001,1.3
ip_shuffle,20260618T030237_603466,of:000000000000000b:2 -> of:000000000000000c:2,0.002,0.0025,0.002,0.002,1.4,2026-06-18T03:02:37,0.002,1.4
ip_shuffle,20260618T030237_603466,of:0000000000000004:2 -> of:0000000000000009:2,0.002,0.0025,0.002,0.002,1.43,2026-06-18T03:02:37,0.001,1.36
ip_shuffle,20260618T030237_603466,of:0000000000000005:2 -> of:0000000000000009:3,0.002,0.0025,0.002,0.002,1.43,2026-06-18T03:02:37,0.002,1.43
ip_shuffle,20260618T030237_603466,of:000000000000000b:3 -> of:000000000000000d:2,0.001,0.00125,0.001,0.001,1.33,2026-06-18T03:02:37,0.001,1.33
ip_shuffle,20260618T030237_603466,of:0000000000000004:1 -> of:000000000000000c:4,0.002,0.0025,0.002,0.002,1.4,2026-06-18T03:02:37,0.001,1.33
ip_shuffle,20260618T030237_603466,of:000000000000000c:3 -> of:000000000000000d:3,0.001,0.00125,0.001,0.001,1.33,2026-06-18T03:02:37,0.001,1.33
ip_shuffle,20260618T030237_603466,of:0000000000000001:1 -> of:000000000000000b:1,0.002,0.0025,0.002,0.002,2.4,2026-06-18T03:02:37,0.002,2.4
ip_shuffle,20260618T030237_603466,of:0000000000000006:2 -> of:000000000000000a:2,0.002,0.0025,0.002,0.002,1.4,2026-06-18T03:02:37,0.002,1.4
ip_shuffle,20260618T030237_603466,of:0000000000000002:1 -> of:000000000000000b:4,0.002,0.0025,0.002,0.002,1.4,2026-06-18T03:02:37,0.001,1.33
ip_shuffle,20260618T030237_603466,of:0000000000000001:3 -> of:000000000000000d:1,0.002,0.0025,0.002,0.002,2.36,2026-06-18T03:02:37,0.002,2.46
ip_shuffle,20260618T030237_603466,of:0000000000000006:1 -> of:000000000000000d:4,0.002,0.0025,0.002,0.002,1.66,2026-06-18T03:02:37,0.002,1.56
ip_shuffle,20260618T030237_603466,of:0000000000000003:1 -> of:000000000000000b:5,0.002,0.0025,0.002,0.002,2.4,2026-06-18T03:02:37,0.002,2.33
ip_shuffle,20260618T030237_603466,of:0000000000000007:1 -> of:000000000000000d:5,0.002,0.0025,0.002,0.002,2.2,2026-06-18T03:02:37,0.002,2.13
ip_shuffle,20260618T030237_603466,of:0000000000000007:2 -> of:000000000000000a:3,0.002,0.0025,0.002,0.002,1.4,2026-06-18T03:02:37,0.002,1.4
ip_shuffle,20260618T030237_603466,of:0000000000000002:2 -> of:0000000000000008:2,0.002,0.0025,0.002,0.002,1.43,2026-06-18T03:02:37,0.001,1.36
ip_shuffle,20260618T030237_603466,of:0000000000000008:1 -> of:000000000000000b:6,0.001,0.00125,0.001,0.001,1.33,2026-06-18T03:02:37,0.001,1.36
ip_shuffle,20260618T030237_603466,of:0000000000000009:1 -> of:000000000000000c:6,0.001,0.00125,0.001,0.001,1.33,2026-06-18T03:02:37,0.001,1.36
ip_shuffle,20260618T030237_603466,of:0000000000000001:2 -> of:000000000000000c:1,0.002,0.0025,0.002,0.001,1.33,2026-06-18T03:02:37,0.002,1.4
ip_shuffle,20260618T030237_603466,of:0000000000000003:2 -> of:0000000000000008:3,0.002,0.0025,0.002,0.002,1.43,2026-06-18T03:02:37,0.001,1.36
ip_shuffle,20260618T030348_648300,of:0000000000000005:1 -> of:000000000000000c:5,0.001,0.00125,0.001,0.001,1.33,2026-06-18T03:03:48,0.001,1.26
ip_shuffle,20260618T030348_648300,of:000000000000000a:1 -> of:000000000000000d:6,0.001,0.00125,0.001,0.001,1.26,2026-06-18T03:03:48,0.001,1.33
ip_shuffle,20260618T030348_648300,of:000000000000000b:2 -> of:000000000000000c:2,0.001,0.00125,0.001,0.001,1.33,2026-06-18T03:03:48,0.001,1.33
ip_shuffle,20260618T030348_648300,of:0000000000000004:2 -> of:0000000000000009:2,0.001,0.00125,0.001,0.001,1.33,2026-06-18T03:03:48,0.001,1.26
ip_shuffle,20260618T030348_648300,of:0000000000000005:2 -> of:0000000000000009:3,0.001,0.00125,0.001,0.001,1.36,2026-06-18T03:03:48,0.001,1.26
ip_shuffle,20260618T030348_648300,of:000000000000000b:3 -> of:000000000000000d:2,0.001,0.00125,0.001,0.001,1.26,2026-06-18T03:03:48,0.001,1.33
ip_shuffle,20260618T030348_648300,of:0000000000000004:1 -> of:000000000000000c:4,0.001,0.00125,0.001,0.001,1.33,2026-06-18T03:03:48,0.001,1.26
ip_shuffle,20260618T030348_648300,of:000000000000000c:3 -> of:000000000000000d:3,0.001,0.00125,0.001,0.001,1.26,2026-06-18T03:03:48,0.001,1.33
ip_shuffle,20260618T030348_648300,of:0000000000000001:1 -> of:000000000000000b:1,0.001,0.00125,0.001,0.001,1.26,2026-06-18T03:03:48,0.001,1.26
ip_shuffle,20260618T030348_648300,of:0000000000000006:2 -> of:000000000000000a:2,0.001,0.00125,0.001,0.001,1.33,2026-06-18T03:03:48,0.001,1.26
ip_shuffle,20260618T030348_648300,of:0000000000000002:1 -> of:000000000000000b:4,0.001,0.00125,0.001,0.001,1.33,2026-06-18T03:03:48,0.001,1.26
ip_shuffle,20260618T030348_648300,of:0000000000000001:3 -> of:000000000000000d:1,0.002,0.0025,0.002,0.002,1.66,2026-06-18T03:03:48,0.002,1.73
ip_shuffle,20260618T030348_648300,of:0000000000000006:1 -> of:000000000000000d:4,0.002,0.0025,0.002,0.002,1.36,2026-06-18T03:03:48,0.001,1.26
ip_shuffle,20260618T030348_648300,of:0000000000000003:1 -> of:000000000000000b:5,0.001,0.00125,0.001,0.001,1.33,2026-06-18T03:03:48,0.001,1.26
ip_shuffle,20260618T030348_648300,of:0000000000000007:1 -> of:000000000000000d:5,0.002,0.0025,0.002,0.002,1.73,2026-06-18T03:03:48,0.002,1.66
ip_shuffle,20260618T030348_648300,of:0000000000000007:2 -> of:000000000000000a:3,0.001,0.00125,0.001,0.001,1.33,2026-06-18T03:03:48,0.001,1.26
ip_shuffle,20260618T030348_648300,of:0000000000000002:2 -> of:0000000000000008:2,0.002,0.0025,0.002,0.002,1.46,2026-06-18T03:03:48,0.001,1.33
ip_shuffle,20260618T030348_648300,of:0000000000000008:1 -> of:000000000000000b:6,0.002,0.0025,0.002,0.002,1.4,2026-06-18T03:03:48,0.002,1.4
ip_shuffle,20260618T030348_648300,of:0000000000000009:1 -> of:000000000000000c:6,0.001,0.00125,0.001,0.001,1.26,2026-06-18T03:03:48,0.001,1.33
ip_shuffle,20260618T030348_648300,of:0000000000000001:2 -> of:000000000000000c:1,0.001,0.00125,0.001,0.001,1.26,2026-06-18T03:03:48,0.001,1.26
ip_shuffle,20260618T030348_648300,of:0000000000000003:2 -> of:0000000000000008:3,0.002,0.0025,0.002,0.002,1.46,2026-06-18T03:03:48,0.001,1.33
ip_shuffle,20260618T030402_864417,of:0000000000000005:1 -> of:000000000000000c:5,0.001,0.00125,0.001,0.001,1.33,2026-06-18T03:04:02,0.001,1.26
ip_shuffle,20260618T030402_864417,of:000000000000000a:1 -> of:000000000000000d:6,0.001,0.00125,0.001,0.001,1.26,2026-06-18T03:04:02,0.001,1.33
ip_shuffle,20260618T030402_864417,of:000000000000000b:2 -> of:000000000000000c:2,0.001,0.00125,0.001,0.001,1.33,2026-06-18T03:04:02,0.001,1.33
ip_shuffle,20260618T030402_864417,of:0000000000000004:2 -> of:0000000000000009:2,0.001,0.00125,0.001,0.001,1.33,2026-06-18T03:04:02,0.001,1.26
ip_shuffle,20260618T030402_864417,of:0000000000000005:2 -> of:0000000000000009:3,0.001,0.00125,0.001,0.001,1.36,2026-06-18T03:04:02,0.001,1.26
ip_shuffle,20260618T030402_864417,of:000000000000000b:3 -> of:000000000000000d:2,0.001,0.00125,0.001,0.001,1.26,2026-06-18T03:04:02,0.001,1.33
ip_shuffle,20260618T030402_864417,of:0000000000000004:1 -> of:000000000000000c:4,0.001,0.00125,0.001,0.001,1.33,2026-06-18T03:04:02,0.001,1.26
ip_shuffle,20260618T030402_864417,of:000000000000000c:3 -> of:000000000000000d:3,0.001,0.00125,0.001,0.001,1.26,2026-06-18T03:04:02,0.001,1.33
ip_shuffle,20260618T030402_864417,of:0000000000000001:1 -> of:000000000000000b:1,0.001,0.00125,0.001,0.001,1.26,2026-06-18T03:04:02,0.001,1.26
ip_shuffle,20260618T030402_864417,of:0000000000000006:2 -> of:000000000000000a:2,0.001,0.00125,0.001,0.001,1.33,2026-06-18T03:04:02,0.001,1.26
ip_shuffle,20260618T030402_864417,of:0000000000000002:1 -> of:000000000000000b:4,0.001,0.00125,0.001,0.001,1.33,2026-06-18T03:04:02,0.001,1.26
ip_shuffle,20260618T030402_864417,of:0000000000000001:3 -> of:000000000000000d:1,0.002,0.0025,0.002,0.002,1.66,2026-06-18T03:04:02,0.002,1.73
ip_shuffle,20260618T030402_864417,of:0000000000000006:1 -> of:000000000000000d:4,0.002,0.0025,0.002,0.002,1.36,2026-06-18T03:04:02,0.001,1.26
ip_shuffle,20260618T030402_864417,of:0000000000000003:1 -> of:000000000000000b:5,0.001,0.00125,0.001,0.001,1.33,2026-06-18T03:04:02,0.001,1.26
ip_shuffle,20260618T030402_864417,of:0000000000000007:1 -> of:000000000000000d:5,0.002,0.0025,0.002,0.002,1.73,2026-06-18T03:04:02,0.002,1.66
ip_shuffle,20260618T030402_864417,of:0000000000000007:2 -> of:000000000000000a:3,0.001,0.00125,0.001,0.001,1.33,2026-06-18T03:04:02,0.001,1.26
ip_shuffle,20260618T030402_864417,of:0000000000000002:2 -> of:0000000000000008:2,0.002,0.0025,0.002,0.002,1.46,2026-06-18T03:04:02,0.001,1.33
ip_shuffle,20260618T030402_864417,of:0000000000000008:1 -> of:000000000000000b:6,0.002,0.0025,0.002,0.002,1.4,2026-06-18T03:04:02,0.002,1.4
ip_shuffle,20260618T030402_864417,of:0000000000000009:1 -> of:000000000000000c:6,0.001,0.00125,0.001,0.001,1.26,2026-06-18T03:04:02,0.001,1.33
ip_shuffle,20260618T030402_864417,of:0000000000000001:2 -> of:000000000000000c:1,0.001,0.00125,0.001,0.001,1.26,2026-06-18T03:04:02,0.001,1.26
ip_shuffle,20260618T030402_864417,of:0000000000000003:2 -> of:0000000000000008:3,0.002,0.0025,0.002,0.002,1.46,2026-06-18T03:04:02,0.001,1.33
ip_shuffle,20260618T030513_491055,of:0000000000000005:1 -> of:000000000000000c:5,0.001,0.00125,0.001,0.001,1.33,2026-06-18T03:05:13,0.001,1.26
ip_shuffle,20260618T030513_491055,of:000000000000000a:1 -> of:000000000000000d:6,0.001,0.00125,0.001,0.001,1.26,2026-06-18T03:05:13,0.001,1.33
ip_shuffle,20260618T030513_491055,of:000000000000000b:2 -> of:000000000000000c:2,0.001,0.00125,0.001,0.001,1.33,2026-06-18T03:05:13,0.001,1.33
ip_shuffle,20260618T030513_491055,of:0000000000000004:2 -> of:0000000000000009:2,0.002,0.0025,0.002,0.002,1.46,2026-06-18T03:05:13,0.001,1.33
ip_shuffle,20260618T030513_491055,of:0000000000000005:2 -> of:0000000000000009:3,0.002,0.0025,0.002,0.002,1.4,2026-06-18T03:05:13,0.001,1.33
ip_shuffle,20260618T030513_491055,of:000000000000000b:3 -> of:000000000000000d:2,0.001,0.00125,0.001,0.001,1.26,2026-06-18T03:05:13,0.001,1.33
ip_shuffle,20260618T030513_491055,of:0000000000000004:1 -> of:000000000000000c:4,0.001,0.00125,0.001,0.001,1.33,2026-06-18T03:05:13,0.001,1.26
ip_shuffle,20260618T030513_491055,of:000000000000000c:3 -> of:000000000000000d:3,0.001,0.00125,0.001,0.001,1.33,2026-06-18T03:05:13,0.001,1.33
ip_shuffle,20260618T030513_491055,of:0000000000000001:1 -> of:000000000000000b:1,0.001,0.00125,0.001,0.001,1.26,2026-06-18T03:05:13,0.001,1.26
ip_shuffle,20260618T030513_491055,of:0000000000000006:2 -> of:000000000000000a:2,0.001,0.00125,0.001,0.001,1.33,2026-06-18T03:05:13,0.001,1.26
ip_shuffle,20260618T030513_491055,of:0000000000000002:1 -> of:000000000000000b:4,0.001,0.00125,0.001,0.001,1.26,2026-06-18T03:05:13,0.001,1.26
ip_shuffle,20260618T030513_491055,of:0000000000000001:3 -> of:000000000000000d:1,0.002,0.0025,0.002,0.002,1.93,2026-06-18T03:05:13,0.002,1.96
ip_shuffle,20260618T030513_491055,of:0000000000000006:1 -> of:000000000000000d:4,0.002,0.0025,0.002,0.002,1.36,2026-06-18T03:05:13,0.001,1.3
ip_shuffle,20260618T030513_491055,of:0000000000000003:1 -> of:000000000000000b:5,0.001,0.00125,0.001,0.001,1.33,2026-06-18T03:05:13,0.001,1.26
ip_shuffle,20260618T030513_491055,of:0000000000000007:1 -> of:000000000000000d:5,0.002,0.0025,0.002,0.002,1.9,2026-06-18T03:05:13,0.002,1.83
ip_shuffle,20260618T030513_491055,of:0000000000000007:2 -> of:000000000000000a:3,0.001,0.00125,0.001,0.001,1.33,2026-06-18T03:05:13,0.001,1.26
ip_shuffle,20260618T030513_491055,of:0000000000000002:2 -> of:0000000000000008:2,0.001,0.00125,0.001,0.001,1.33,2026-06-18T03:05:13,0.001,1.2
ip_shuffle,20260618T030513_491055,of:0000000000000008:1 -> of:000000000000000b:6,0.001,0.00125,0.001,0.001,1.33,2026-06-18T03:05:13,0.001,1.26
ip_shuffle,20260618T030513_491055,of:0000000000000009:1 -> of:000000000000000c:6,0.002,0.0025,0.002,0.002,1.4,2026-06-18T03:05:13,0.002,1.4
ip_shuffle,20260618T030513_491055,of:0000000000000001:2 -> of:000000000000000c:1,0.001,0.00125,0.001,0.001,1.26,2026-06-18T03:05:13,0.001,1.26
ip_shuffle,20260618T030513_491055,of:0000000000000003:2 -> of:0000000000000008:3,0.001,0.00125,0.001,0.001,1.33,2026-06-18T03:05:13,0.001,1.2
route_mutation,20260618T030611_145687,of:0000000000000005:1 -> of:000000000000000c:5,0.002,0.0025,0.002,0.002,2.26,2026-06-18T03:06:11,0.002,2.53
route_mutation,20260618T030611_145687,of:000000000000000a:1 -> of:000000000000000d:6,0.002,0.0025,0.002,0.002,1.6,2026-06-18T03:06:11,0.002,1.8
route_mutation,20260618T030611_145687,of:000000000000000b:2 -> of:000000000000000c:2,0.002,0.0025,0.002,0.002,2.33,2026-06-18T03:06:11,0.002,2.33
route_mutation,20260618T030611_145687,of:0000000000000004:2 -> of:0000000000000009:2,0.002,0.0025,0.002,0.002,1.96,2026-06-18T03:06:11,0.002,2.03
route_mutation,20260618T030611_145687,of:0000000000000005:2 -> of:0000000000000009:3,0.002,0.0025,0.002,0.002,1.96,2026-06-18T03:06:11,0.002,2.03
route_mutation,20260618T030611_145687,of:000000000000000b:3 -> of:000000000000000d:2,0.002,0.0025,0.002,0.002,2.3,2026-06-18T03:06:11,0.002,2.3
route_mutation,20260618T030611_145687,of:0000000000000004:1 -> of:000000000000000c:4,0.002,0.0025,0.002,0.002,2.43,2026-06-18T03:06:11,0.002,2.63
route_mutation,20260618T030611_145687,of:000000000000000c:3 -> of:000000000000000d:3,0.002,0.0025,0.002,0.002,2.3,2026-06-18T03:06:11,0.002,2.3
route_mutation,20260618T030611_145687,of:0000000000000001:1 -> of:000000000000000b:1,0.003,0.00375,0.003,0.003,3.2,2026-06-18T03:06:11,0.003,3.33
route_mutation,20260618T030611_145687,of:0000000000000006:2 -> of:000000000000000a:2,0.002,0.0025,0.002,0.002,1.96,2026-06-18T03:06:11,0.002,2.03
route_mutation,20260618T030611_145687,of:0000000000000002:1 -> of:000000000000000b:4,0.002,0.0025,0.002,0.002,1.86,2026-06-18T03:06:11,0.002,1.9
route_mutation,20260618T030611_145687,of:0000000000000001:3 -> of:000000000000000d:1,0.002,0.0025,0.002,0.002,1.83,2026-06-18T03:06:11,0.002,1.8
route_mutation,20260618T030611_145687,of:0000000000000006:1 -> of:000000000000000d:4,0.002,0.0025,0.002,0.002,1.76,2026-06-18T03:06:11,0.002,1.9
route_mutation,20260618T030611_145687,of:0000000000000003:1 -> of:000000000000000b:5,0.003,0.00375,0.003,0.003,3.1,2026-06-18T03:06:11,0.003,3.03
route_mutation,20260618T030611_145687,of:0000000000000007:1 -> of:000000000000000d:5,0.002,0.0025,0.002,0.001,1.56,2026-06-18T03:06:11,0.002,1.8
route_mutation,20260618T030611_145687,of:0000000000000007:2 -> of:000000000000000a:3,0.002,0.0025,0.002,0.002,1.96,2026-06-18T03:06:11,0.002,2.03
route_mutation,20260618T030611_145687,of:0000000000000002:2 -> of:0000000000000008:2,0.002,0.0025,0.002,0.002,2.06,2026-06-18T03:06:11,0.002,2.06
route_mutation,20260618T030611_145687,of:0000000000000008:1 -> of:000000000000000b:6,0.002,0.0025,0.002,0.002,1.6,2026-06-18T03:06:11,0.002,1.83
route_mutation,20260618T030611_145687,of:0000000000000009:1 -> of:000000000000000c:6,0.002,0.0025,0.002,0.002,1.66,2026-06-18T03:06:11,0.002,1.83
route_mutation,20260618T030611_145687,of:0000000000000001:2 -> of:000000000000000c:1,0.003,0.00375,0.003,0.003,3.33,2026-06-18T03:06:11,0.003,3.23
route_mutation,20260618T030611_145687,of:0000000000000003:2 -> of:0000000000000008:3,0.002,0.0025,0.002,0.002,1.96,2026-06-18T03:06:11,0.002,2.03
ip_shuffle,20260618T030641_312488,of:0000000000000005:1 -> of:000000000000000c:5,0.002,0.0025,0.002,0.002,1.53,2026-06-18T03:06:41,0.002,1.46
ip_shuffle,20260618T030641_312488,of:000000000000000a:1 -> of:000000000000000d:6,0.002,0.0025,0.002,0.002,1.43,2026-06-18T03:06:41,0.001,1.36
ip_shuffle,20260618T030641_312488,of:000000000000000b:2 -> of:000000000000000c:2,0.002,0.0025,0.002,0.002,1.53,2026-06-18T03:06:41,0.002,1.53
ip_shuffle,20260618T030641_312488,of:0000000000000004:2 -> of:0000000000000009:2,0.002,0.0025,0.002,0.002,1.53,2026-06-18T03:06:41,0.001,1.4
ip_shuffle,20260618T030641_312488,of:0000000000000005:2 -> of:0000000000000009:3,0.002,0.0025,0.002,0.002,1.53,2026-06-18T03:06:41,0.001,1.4
ip_shuffle,20260618T030641_312488,of:000000000000000b:3 -> of:000000000000000d:2,0.002,0.0025,0.002,0.001,1.46,2026-06-18T03:06:41,0.002,1.53
ip_shuffle,20260618T030641_312488,of:0000000000000004:1 -> of:000000000000000c:4,0.002,0.0025,0.002,0.002,1.43,2026-06-18T03:06:41,0.001,1.36
ip_shuffle,20260618T030641_312488,of:000000000000000c:3 -> of:000000000000000d:3,0.002,0.0025,0.002,0.002,1.53,2026-06-18T03:06:41,0.002,1.53
ip_shuffle,20260618T030641_312488,of:0000000000000001:1 -> of:000000000000000b:1,0.001,0.00125,0.001,0.001,1.36,2026-06-18T03:06:41,0.001,1.36
ip_shuffle,20260618T030641_312488,of:0000000000000006:2 -> of:000000000000000a:2,0.001,0.00125,0.001,0.001,1.46,2026-06-18T03:06:41,0.001,1.4
ip_shuffle,20260618T030641_312488,of:0000000000000002:1 -> of:000000000000000b:4,0.001,0.00125,0.001,0.001,1.36,2026-06-18T03:06:41,0.001,1.36
ip_shuffle,20260618T030641_312488,of:0000000000000001:3 -> of:000000000000000d:1,0.003,0.00375,0.003,0.003,2.96,2026-06-18T03:06:41,0.003,3.0
ip_shuffle,20260618T030641_312488,of:0000000000000006:1 -> of:000000000000000d:4,0.002,0.0025,0.002,0.002,2.2,2026-06-18T03:06:41,0.002,2.16
ip_shuffle,20260618T030641_312488,of:0000000000000003:1 -> of:000000000000000b:5,0.002,0.0025,0.002,0.002,1.43,2026-06-18T03:06:41,0.001,1.36
ip_shuffle,20260618T030641_312488,of:0000000000000007:1 -> of:000000000000000d:5,0.002,0.0025,0.002,0.002,2.23,2026-06-18T03:06:41,0.002,2.16
ip_shuffle,20260618T030641_312488,of:0000000000000007:2 -> of:000000000000000a:3,0.001,0.00125,0.001,0.001,1.46,2026-06-18T03:06:41,0.001,1.4
ip_shuffle,20260618T030641_312488,of:0000000000000002:2 -> of:0000000000000008:2,0.002,0.0025,0.002,0.002,1.53,2026-06-18T03:06:41,0.001,1.4
ip_shuffle,20260618T030641_312488,of:0000000000000008:1 -> of:000000000000000b:6,0.002,0.0025,0.002,0.002,1.43,2026-06-18T03:06:41,0.001,1.36
ip_shuffle,20260618T030641_312488,of:0000000000000009:1 -> of:000000000000000c:6,0.001,0.00125,0.001,0.001,1.36,2026-06-18T03:06:41,0.001,1.36
ip_shuffle,20260618T030641_312488,of:0000000000000001:2 -> of:000000000000000c:1,0.002,0.0025,0.002,0.002,1.46,2026-06-18T03:06:41,0.002,1.46
ip_shuffle,20260618T030641_312488,of:0000000000000003:2 -> of:0000000000000008:3,0.002,0.0025,0.002,0.002,1.53,2026-06-18T03:06:41,0.001,1.4
route_mutation,20260618T030738_955921,of:0000000000000005:1 -> of:000000000000000c:5,0.002,0.0025,0.002,0.002,1.9,2026-06-18T03:07:38,0.002,1.7
route_mutation,20260618T030738_955921,of:000000000000000a:1 -> of:000000000000000d:6,0.002,0.0025,0.002,0.002,1.86,2026-06-18T03:07:38,0.002,1.7
route_mutation,20260618T030738_955921,of:000000000000000b:2 -> of:000000000000000c:2,0.002,0.0025,0.002,0.002,2.06,2026-06-18T03:07:38,0.002,2.06
route_mutation,20260618T030738_955921,of:0000000000000004:2 -> of:0000000000000009:2,0.002,0.0025,0.002,0.002,2.43,2026-06-18T03:07:38,0.002,2.5
route_mutation,20260618T030738_955921,of:0000000000000005:2 -> of:0000000000000009:3,0.002,0.0025,0.002,0.002,2.43,2026-06-18T03:07:38,0.002,2.5
route_mutation,20260618T030738_955921,of:000000000000000b:3 -> of:000000000000000d:2,0.002,0.0025,0.002,0.002,2.13,2026-06-18T03:07:38,0.002,2.06
route_mutation,20260618T030738_955921,of:0000000000000004:1 -> of:000000000000000c:4,0.002,0.0025,0.002,0.002,1.9,2026-06-18T03:07:38,0.002,1.7
route_mutation,20260618T030738_955921,of:000000000000000c:3 -> of:000000000000000d:3,0.002,0.0025,0.002,0.002,2.06,2026-06-18T03:07:38,0.002,2.06
route_mutation,20260618T030738_955921,of:0000000000000001:1 -> of:000000000000000b:1,0.002,0.0025,0.002,0.002,2.66,2026-06-18T03:07:38,0.002,2.53
route_mutation,20260618T030738_955921,of:0000000000000006:2 -> of:000000000000000a:2,0.002,0.0025,0.002,0.002,2.5,2026-06-18T03:07:38,0.002,2.5
route_mutation,20260618T030738_955921,of:0000000000000002:1 -> of:000000000000000b:4,0.002,0.0025,0.002,0.002,2.53,2026-06-18T03:07:38,0.002,2.66
route_mutation,20260618T030738_955921,of:0000000000000001:3 -> of:000000000000000d:1,0.002,0.0025,0.002,0.002,2.4,2026-06-18T03:07:38,0.002,2.43
route_mutation,20260618T030738_955921,of:0000000000000006:1 -> of:000000000000000d:4,0.002,0.0025,0.002,0.002,2.53,2026-06-18T03:07:38,0.002,2.33
route_mutation,20260618T030738_955921,of:0000000000000003:1 -> of:000000000000000b:5,0.002,0.0025,0.002,0.002,1.8,2026-06-18T03:07:38,0.002,1.7
route_mutation,20260618T030738_955921,of:0000000000000007:1 -> of:000000000000000d:5,0.002,0.0025,0.002,0.002,1.9,2026-06-18T03:07:38,0.002,1.7
route_mutation,20260618T030738_955921,of:0000000000000007:2 -> of:000000000000000a:3,0.002,0.0025,0.002,0.002,2.5,2026-06-18T03:07:38,0.002,2.5
route_mutation,20260618T030738_955921,of:0000000000000002:2 -> of:0000000000000008:2,0.002,0.0025,0.002,0.002,2.36,2026-06-18T03:07:38,0.002,2.43
route_mutation,20260618T030738_955921,of:0000000000000008:1 -> of:000000000000000b:6,0.002,0.0025,0.002,0.002,1.83,2026-06-18T03:07:38,0.002,1.7
route_mutation,20260618T030738_955921,of:0000000000000009:1 -> of:000000000000000c:6,0.002,0.0025,0.002,0.002,1.86,2026-06-18T03:07:38,0.002,1.7
route_mutation,20260618T030738_955921,of:0000000000000001:2 -> of:000000000000000c:1,0.002,0.0025,0.002,0.002,1.7,2026-06-18T03:07:38,0.002,1.8
route_mutation,20260618T030738_955921,of:0000000000000003:2 -> of:0000000000000008:3,0.002,0.0025,0.002,0.002,2.36,2026-06-18T03:07:38,0.002,2.43
ip_shuffle,20260618T030809_224043,of:0000000000000005:1 -> of:000000000000000c:5,0.002,0.0025,0.002,0.002,2.33,2026-06-18T03:08:09,0.002,2.26
ip_shuffle,20260618T030809_224043,of:000000000000000a:1 -> of:000000000000000d:6,0.002,0.0025,0.002,0.002,1.53,2026-06-18T03:08:09,0.001,1.46
ip_shuffle,20260618T030809_224043,of:000000000000000b:2 -> of:000000000000000c:2,0.002,0.0025,0.002,0.002,1.66,2026-06-18T03:08:09,0.002,1.66
ip_shuffle,20260618T030809_224043,of:0000000000000004:2 -> of:0000000000000009:2,0.002,0.0025,0.002,0.002,1.73,2026-06-18T03:08:09,0.001,1.6
ip_shuffle,20260618T030809_224043,of:0000000000000005:2 -> of:0000000000000009:3,0.002,0.0025,0.002,0.002,1.73,2026-06-18T03:08:09,0.001,1.6
ip_shuffle,20260618T030809_224043,of:000000000000000b:3 -> of:000000000000000d:2,0.002,0.0025,0.002,0.002,1.73,2026-06-18T03:08:09,0.002,1.66
ip_shuffle,20260618T030809_224043,of:0000000000000004:1 -> of:000000000000000c:4,0.002,0.0025,0.002,0.002,1.9,2026-06-18T03:08:09,0.002,1.83
ip_shuffle,20260618T030809_224043,of:000000000000000c:3 -> of:000000000000000d:3,0.002,0.0025,0.002,0.002,1.73,2026-06-18T03:08:09,0.002,1.73
ip_shuffle,20260618T030809_224043,of:0000000000000001:1 -> of:000000000000000b:1,0.002,0.0025,0.002,0.002,1.53,2026-06-18T03:08:09,0.001,1.4
ip_shuffle,20260618T030809_224043,of:0000000000000006:2 -> of:000000000000000a:2,0.002,0.0025,0.002,0.002,1.73,2026-06-18T03:08:09,0.001,1.6
ip_shuffle,20260618T030809_224043,of:0000000000000002:1 -> of:000000000000000b:4,0.002,0.0025,0.002,0.002,1.53,2026-06-18T03:08:09,0.001,1.4
ip_shuffle,20260618T030809_224043,of:0000000000000001:3 -> of:000000000000000d:1,0.002,0.0025,0.002,0.002,2.53,2026-06-18T03:08:09,0.002,2.6
ip_shuffle,20260618T030809_224043,of:0000000000000006:1 -> of:000000000000000d:4,0.002,0.0025,0.002,0.002,2.46,2026-06-18T03:08:09,0.002,2.4
ip_shuffle,20260618T030809_224043,of:0000000000000003:1 -> of:000000000000000b:5,0.002,0.0025,0.002,0.002,1.53,2026-06-18T03:08:09,0.001,1.4
ip_shuffle,20260618T030809_224043,of:0000000000000007:1 -> of:000000000000000d:5,0.002,0.0025,0.002,0.002,1.8,2026-06-18T03:08:09,0.002,1.73
ip_shuffle,20260618T030809_224043,of:0000000000000007:2 -> of:000000000000000a:3,0.002,0.0025,0.002,0.002,1.66,2026-06-18T03:08:09,0.001,1.6
ip_shuffle,20260618T030809_224043,of:0000000000000002:2 -> of:0000000000000008:2,0.002,0.0025,0.002,0.002,1.73,2026-06-18T03:08:09,0.001,1.6
ip_shuffle,20260618T030809_224043,of:0000000000000008:1 -> of:000000000000000b:6,0.001,0.00125,0.001,0.001,1.4,2026-06-18T03:08:09,0.001,1.4
ip_shuffle,20260618T030809_224043,of:0000000000000009:1 -> of:000000000000000c:6,0.001,0.00125,0.001,0.001,1.46,2026-06-18T03:08:09,0.001,1.46
ip_shuffle,20260618T030809_224043,of:0000000000000001:2 -> of:000000000000000c:1,0.002,0.0025,0.002,0.002,2.66,2026-06-18T03:08:09,0.002,2.66
ip_shuffle,20260618T030809_224043,of:0000000000000003:2 -> of:0000000000000008:3,0.002,0.0025,0.002,0.002,1.73,2026-06-18T03:08:09,0.001,1.6
route_mutation,20260618T030906_802584,of:0000000000000005:1 -> of:000000000000000c:5,0.001,0.00125,0.001,0.001,1.36,2026-06-18T03:09:06,0.001,1.3
route_mutation,20260618T030906_802584,of:000000000000000a:1 -> of:000000000000000d:6,0.002,0.0025,0.002,0.002,1.36,2026-06-18T03:09:06,0.001,1.3
route_mutation,20260618T030906_802584,of:000000000000000b:2 -> of:000000000000000c:2,0.001,0.00125,0.001,0.001,1.33,2026-06-18T03:09:06,0.001,1.33
route_mutation,20260618T030906_802584,of:0000000000000004:2 -> of:0000000000000009:2,0.002,0.0025,0.002,0.001,1.33,2026-06-18T03:09:06,0.002,1.4
route_mutation,20260618T030906_802584,of:0000000000000005:2 -> of:0000000000000009:3,0.002,0.0025,0.002,0.001,1.33,2026-06-18T03:09:06,0.002,1.4
route_mutation,20260618T030906_802584,of:000000000000000b:3 -> of:000000000000000d:2,0.001,0.00125,0.001,0.001,1.33,2026-06-18T03:09:06,0.001,1.33
route_mutation,20260618T030906_802584,of:0000000000000004:1 -> of:000000000000000c:4,0.001,0.00125,0.001,0.001,1.36,2026-06-18T03:09:06,0.001,1.3
route_mutation,20260618T030906_802584,of:000000000000000c:3 -> of:000000000000000d:3,0.001,0.00125,0.001,0.001,1.27,2026-06-18T03:09:06,0.001,1.27
route_mutation,20260618T030906_802584,of:0000000000000001:1 -> of:000000000000000b:1,0.001,0.00125,0.001,0.001,1.3,2026-06-18T03:09:06,0.001,1.36
route_mutation,20260618T030906_802584,of:0000000000000006:2 -> of:000000000000000a:2,0.002,0.0025,0.002,0.001,1.33,2026-06-18T03:09:06,0.002,1.4
route_mutation,20260618T030906_802584,of:0000000000000002:1 -> of:000000000000000b:4,0.001,0.00125,0.001,0.001,1.3,2026-06-18T03:09:06,0.001,1.36
route_mutation,20260618T030906_802584,of:0000000000000001:3 -> of:000000000000000d:1,0.002,0.0025,0.002,0.002,2.63,2026-06-18T03:09:06,0.002,2.56
route_mutation,20260618T030906_802584,of:0000000000000006:1 -> of:000000000000000d:4,0.002,0.0025,0.002,0.002,1.4,2026-06-18T03:09:06,0.001,1.33
route_mutation,20260618T030906_802584,of:0000000000000003:1 -> of:000000000000000b:5,0.001,0.00125,0.001,0.001,1.23,2026-06-18T03:09:06,0.001,1.36
route_mutation,20260618T030906_802584,of:0000000000000007:1 -> of:000000000000000d:5,0.002,0.0025,0.002,0.002,2.53,2026-06-18T03:09:06,0.002,2.46
route_mutation,20260618T030906_802584,of:0000000000000007:2 -> of:000000000000000a:3,0.002,0.0025,0.002,0.002,1.4,2026-06-18T03:09:06,0.002,1.4
route_mutation,20260618T030906_802584,of:0000000000000002:2 -> of:0000000000000008:2,0.002,0.0025,0.002,0.001,1.33,2026-06-18T03:09:06,0.002,1.4
route_mutation,20260618T030906_802584,of:0000000000000008:1 -> of:000000000000000b:6,0.001,0.00125,0.001,0.001,1.36,2026-06-18T03:09:06,0.001,1.36
route_mutation,20260618T030906_802584,of:0000000000000009:1 -> of:000000000000000c:6,0.001,0.00125,0.001,0.001,1.3,2026-06-18T03:09:06,0.001,1.3
route_mutation,20260618T030906_802584,of:0000000000000001:2 -> of:000000000000000c:1,0.001,0.00125,0.001,0.001,1.3,2026-06-18T03:09:06,0.001,1.3
route_mutation,20260618T030906_802584,of:0000000000000003:2 -> of:0000000000000008:3,0.002,0.0025,0.002,0.001,1.33,2026-06-18T03:09:06,0.002,1.4
route_mutation,20260618T030937_062651,of:0000000000000005:1 -> of:000000000000000c:5,0.002,0.0025,0.002,0.002,2.06,2026-06-18T03:09:37,0.002,2.06
route_mutation,20260618T030937_062651,of:000000000000000a:1 -> of:000000000000000d:6,0.002,0.0025,0.002,0.002,2.1,2026-06-18T03:09:37,0.002,2.06
route_mutation,20260618T030937_062651,of:000000000000000b:2 -> of:000000000000000c:2,0.002,0.0025,0.002,0.002,2.96,2026-06-18T03:09:37,0.002,2.96
route_mutation,20260618T030937_062651,of:0000000000000004:2 -> of:0000000000000009:2,0.002,0.0025,0.002,0.002,3.03,2026-06-18T03:09:37,0.002,3.1
route_mutation,20260618T030937_062651,of:0000000000000005:2 -> of:0000000000000009:3,0.002,0.0025,0.002,0.002,3.03,2026-06-18T03:09:37,0.002,3.1
route_mutation,20260618T030937_062651,of:000000000000000b:3 -> of:000000000000000d:2,0.002,0.0025,0.002,0.002,2.9,2026-06-18T03:09:37,0.002,2.96
route_mutation,20260618T030937_062651,of:0000000000000004:1 -> of:000000000000000c:4,0.002,0.0025,0.002,0.002,2.13,2026-06-18T03:09:37,0.002,2.06
route_mutation,20260618T030937_062651,of:000000000000000c:3 -> of:000000000000000d:3,0.002,0.0025,0.002,0.002,2.8,2026-06-18T03:09:37,0.002,2.8
route_mutation,20260618T030937_062651,of:0000000000000001:1 -> of:000000000000000b:1,0.003,0.00375,0.003,0.003,3.96,2026-06-18T03:09:37,0.003,4.1
route_mutation,20260618T030937_062651,of:0000000000000006:2 -> of:000000000000000a:2,0.002,0.0025,0.002,0.002,3.03,2026-06-18T03:09:37,0.002,3.1
route_mutation,20260618T030937_062651,of:0000000000000002:1 -> of:000000000000000b:4,0.003,0.00375,0.003,0.003,3.73,2026-06-18T03:09:37,0.003,3.86
route_mutation,20260618T030937_062651,of:0000000000000001:3 -> of:000000000000000d:1,0.002,0.0025,0.002,0.002,2.06,2026-06-18T03:09:37,0.002,2.16
route_mutation,20260618T030937_062651,of:0000000000000006:1 -> of:000000000000000d:4,0.002,0.0025,0.002,0.002,2.06,2026-06-18T03:09:37,0.002,2.06
route_mutation,20260618T030937_062651,of:0000000000000003:1 -> of:000000000000000b:5,0.002,0.0025,0.002,0.002,2.46,2026-06-18T03:09:37,0.002,2.4
route_mutation,20260618T030937_062651,of:0000000000000007:1 -> of:000000000000000d:5,0.002,0.0025,0.002,0.002,2.06,2026-06-18T03:09:37,0.002,2.06
route_mutation,20260618T030937_062651,of:0000000000000007:2 -> of:000000000000000a:3,0.002,0.0025,0.002,0.002,3.03,2026-06-18T03:09:37,0.002,3.1
route_mutation,20260618T030937_062651,of:0000000000000002:2 -> of:0000000000000008:2,0.002,0.0025,0.002,0.002,3.0,2026-06-18T03:09:37,0.002,3.06
route_mutation,20260618T030937_062651,of:0000000000000008:1 -> of:000000000000000b:6,0.002,0.0025,0.002,0.002,2.23,2026-06-18T03:09:37,0.002,2.23
route_mutation,20260618T030937_062651,of:0000000000000009:1 -> of:000000000000000c:6,0.002,0.0025,0.002,0.002,2.23,2026-06-18T03:09:37,0.002,2.06
route_mutation,20260618T030937_062651,of:0000000000000001:2 -> of:000000000000000c:1,0.002,0.0025,0.002,0.002,2.06,2026-06-18T03:09:37,0.002,2.16
route_mutation,20260618T030937_062651,of:0000000000000003:2 -> of:0000000000000008:3,0.002,0.0025,0.002,0.002,3.0,2026-06-18T03:09:37,0.002,3.06
route_mutation,20260618T031007_306274,of:0000000000000005:1 -> of:000000000000000c:5,0.002,0.0025,0.002,0.002,2.46,2026-06-18T03:10:07,0.002,2.5
route_mutation,20260618T031007_306274,of:000000000000000a:1 -> of:000000000000000d:6,0.002,0.0025,0.002,0.002,1.7,2026-06-18T03:10:07,0.002,1.73
route_mutation,20260618T031007_306274,of:000000000000000b:2 -> of:000000000000000c:2,0.002,0.0025,0.002,0.002,2.1,2026-06-18T03:10:07,0.002,2.1
route_mutation,20260618T031007_306274,of:0000000000000004:2 -> of:0000000000000009:2,0.002,0.0025,0.002,0.002,2.06,2026-06-18T03:10:07,0.002,1.93
route_mutation,20260618T031007_306274,of:0000000000000005:2 -> of:0000000000000009:3,0.002,0.0025,0.002,0.002,2.06,2026-06-18T03:10:07,0.002,1.93
route_mutation,20260618T031007_306274,of:000000000000000b:3 -> of:000000000000000d:2,0.002,0.0025,0.002,0.002,2.16,2026-06-18T03:10:07,0.002,2.1
route_mutation,20260618T031007_306274,of:0000000000000004:1 -> of:000000000000000c:4,0.002,0.0025,0.002,0.002,2.43,2026-06-18T03:10:07,0.002,2.53
route_mutation,20260618T031007_306274,of:000000000000000c:3 -> of:000000000000000d:3,0.002,0.0025,0.002,0.002,2.26,2026-06-18T03:10:07,0.002,2.26
route_mutation,20260618T031007_306274,of:0000000000000001:1 -> of:000000000000000b:1,0.003,0.00375,0.003,0.003,2.96,2026-06-18T03:10:07,0.002,2.7
route_mutation,20260618T031007_306274,of:0000000000000006:2 -> of:000000000000000a:2,0.002,0.0025,0.002,0.002,2.06,2026-06-18T03:10:07,0.002,1.93
route_mutation,20260618T031007_306274,of:0000000000000002:1 -> of:000000000000000b:4,0.002,0.0025,0.002,0.002,1.7,2026-06-18T03:10:07,0.001,1.56
route_mutation,20260618T031007_306274,of:0000000000000001:3 -> of:000000000000000d:1,0.002,0.0025,0.002,0.002,1.83,2026-06-18T03:10:07,0.002,1.73
route_mutation,20260618T031007_306274,of:0000000000000006:1 -> of:000000000000000d:4,0.002,0.0025,0.002,0.002,1.83,2026-06-18T03:10:07,0.002,1.9
route_mutation,20260618T031007_306274,of:0000000000000003:1 -> of:000000000000000b:5,0.002,0.0025,0.002,0.002,2.86,2026-06-18T03:10:07,0.002,2.83
route_mutation,20260618T031007_306274,of:0000000000000007:1 -> of:000000000000000d:5,0.002,0.0025,0.002,0.002,1.7,2026-06-18T03:10:07,0.002,1.73
route_mutation,20260618T031007_306274,of:0000000000000007:2 -> of:000000000000000a:3,0.002,0.0025,0.002,0.002,2.0,2026-06-18T03:10:07,0.002,1.93
route_mutation,20260618T031007_306274,of:0000000000000002:2 -> of:0000000000000008:2,0.002,0.0025,0.002,0.002,2.06,2026-06-18T03:10:07,0.002,1.93
route_mutation,20260618T031007_306274,of:0000000000000008:1 -> of:000000000000000b:6,0.001,0.00125,0.001,0.001,1.56,2026-06-18T03:10:07,0.001,1.56
route_mutation,20260618T031007_306274,of:0000000000000009:1 -> of:000000000000000c:6,0.002,0.0025,0.002,0.002,1.63,2026-06-18T03:10:07,0.002,1.73
route_mutation,20260618T031007_306274,of:0000000000000001:2 -> of:000000000000000c:1,0.003,0.00375,0.003,0.003,3.3,2026-06-18T03:10:07,0.003,3.2
route_mutation,20260618T031007_306274,of:0000000000000003:2 -> of:0000000000000008:3,0.002,0.0025,0.002,0.002,2.1,2026-06-18T03:10:07,0.002,1.96
route_mutation,20260618T031037_570352,of:0000000000000005:1 -> of:000000000000000c:5,0.002,0.0025,0.002,0.002,1.7,2026-06-18T03:10:37,0.002,1.73
route_mutation,20260618T031037_570352,of:000000000000000a:1 -> of:000000000000000d:6,0.002,0.0025,0.002,0.002,1.56,2026-06-18T03:10:37,0.002,1.56
route_mutation,20260618T031037_570352,of:000000000000000b:2 -> of:000000000000000c:2,0.002,0.0025,0.002,0.002,1.93,2026-06-18T03:10:37,0.002,1.93
route_mutation,20260618T031037_570352,of:0000000000000004:2 -> of:0000000000000009:2,0.002,0.0025,0.002,0.002,1.76,2026-06-18T03:10:37,0.002,1.83
route_mutation,20260618T031037_570352,of:0000000000000005:2 -> of:0000000000000009:3,0.002,0.0025,0.002,0.002,1.76,2026-06-18T03:10:37,0.002,1.83
route_mutation,20260618T031037_570352,of:000000000000000b:3 -> of:000000000000000d:2,0.002,0.0025,0.002,0.002,1.86,2026-06-18T03:10:37,0.002,1.8
route_mutation,20260618T031037_570352,of:0000000000000004:1 -> of:000000000000000c:4,0.002,0.0025,0.002,0.002,1.66,2026-06-18T03:10:37,0.002,1.7
route_mutation,20260618T031037_570352,of:000000000000000c:3 -> of:000000000000000d:3,0.002,0.0025,0.002,0.002,1.93,2026-06-18T03:10:37,0.002,1.93
route_mutation,20260618T031037_570352,of:0000000000000001:1 -> of:000000000000000b:1,0.002,0.0025,0.002,0.001,1.5,2026-06-18T03:10:37,0.002,1.63
route_mutation,20260618T031037_570352,of:0000000000000006:2 -> of:000000000000000a:2,0.002,0.0025,0.002,0.002,1.76,2026-06-18T03:10:37,0.002,1.83
route_mutation,20260618T031037_570352,of:0000000000000002:1 -> of:000000000000000b:4,0.002,0.0025,0.002,0.002,1.56,2026-06-18T03:10:37,0.002,1.56
route_mutation,20260618T031037_570352,of:0000000000000001:3 -> of:000000000000000d:1,0.003,0.00375,0.003,0.003,3.36,2026-06-18T03:10:37,0.003,3.36
route_mutation,20260618T031037_570352,of:0000000000000006:1 -> of:000000000000000d:4,0.002,0.0025,0.002,0.002,2.46,2026-06-18T03:10:37,0.002,2.4
route_mutation,20260618T031037_570352,of:0000000000000003:1 -> of:000000000000000b:5,0.002,0.0025,0.002,0.002,1.6,2026-06-18T03:10:37,0.002,1.56
route_mutation,20260618T031037_570352,of:0000000000000007:1 -> of:000000000000000d:5,0.002,0.0025,0.002,0.002,2.5,2026-06-18T03:10:37,0.002,2.46
route_mutation,20260618T031037_570352,of:0000000000000007:2 -> of:000000000000000a:3,0.002,0.0025,0.002,0.002,1.83,2026-06-18T03:10:37,0.002,1.83
route_mutation,20260618T031037_570352,of:0000000000000002:2 -> of:0000000000000008:2,0.002,0.0025,0.002,0.002,1.8,2026-06-18T03:10:37,0.002,1.86
route_mutation,20260618T031037_570352,of:0000000000000008:1 -> of:000000000000000b:6,0.002,0.0025,0.002,0.002,1.56,2026-06-18T03:10:37,0.002,1.56
route_mutation,20260618T031037_570352,of:0000000000000009:1 -> of:000000000000000c:6,0.002,0.0025,0.002,0.002,1.63,2026-06-18T03:10:37,0.002,1.7
route_mutation,20260618T031037_570352,of:0000000000000001:2 -> of:000000000000000c:1,0.002,0.0025,0.002,0.002,1.73,2026-06-18T03:10:37,0.002,1.73
route_mutation,20260618T031037_570352,of:0000000000000003:2 -> of:0000000000000008:3,0.002,0.0025,0.002,0.002,1.76,2026-06-18T03:10:37,0.002,1.83
ip_shuffle,20260618T031107_820646,of:0000000000000005:1 -> of:000000000000000c:5,0.002,0.0025,0.002,0.002,1.7,2026-06-18T03:11:07,0.002,1.8
ip_shuffle,20260618T031107_820646,of:000000000000000a:1 -> of:000000000000000d:6,0.002,0.0025,0.002,0.001,1.66,2026-06-18T03:11:07,0.002,1.63
ip_shuffle,20260618T031107_820646,of:000000000000000b:2 -> of:000000000000000c:2,0.002,0.0025,0.002,0.002,2.26,2026-06-18T03:11:07,0.002,2.26
ip_shuffle,20260618T031107_820646,of:0000000000000004:2 -> of:0000000000000009:2,0.002,0.0025,0.002,0.002,2.16,2026-06-18T03:11:07,0.002,2.23
ip_shuffle,20260618T031107_820646,of:0000000000000005:2 -> of:0000000000000009:3,0.002,0.0025,0.002,0.002,2.16,2026-06-18T03:11:07,0.002,2.23
ip_shuffle,20260618T031107_820646,of:000000000000000b:3 -> of:000000000000000d:2,0.002,0.0025,0.002,0.002,1.96,2026-06-18T03:11:07,0.002,2.1
ip_shuffle,20260618T031107_820646,of:0000000000000004:1 -> of:000000000000000c:4,0.002,0.0025,0.002,0.002,1.7,2026-06-18T03:11:07,0.002,1.8
ip_shuffle,20260618T031107_820646,of:000000000000000c:3 -> of:000000000000000d:3,0.002,0.0025,0.002,0.002,2.1,2026-06-18T03:11:07,0.002,2.1
ip_shuffle,20260618T031107_820646,of:0000000000000001:1 -> of:000000000000000b:1,0.002,0.0025,0.002,0.002,2.5,2026-06-18T03:11:07,0.002,2.66
ip_shuffle,20260618T031107_820646,of:0000000000000006:2 -> of:000000000000000a:2,0.002,0.0025,0.002,0.002,2.16,2026-06-18T03:11:07,0.002,2.23
ip_shuffle,20260618T031107_820646,of:0000000000000002:1 -> of:000000000000000b:4,0.002,0.0025,0.002,0.002,2.6,2026-06-18T03:11:07,0.002,2.56
ip_shuffle,20260618T031107_820646,of:0000000000000001:3 -> of:000000000000000d:1,0.002,0.0025,0.002,0.002,1.63,2026-06-18T03:11:07,0.002,1.73
ip_shuffle,20260618T031107_820646,of:0000000000000006:1 -> of:000000000000000d:4,0.002,0.0025,0.002,0.001,1.63,2026-06-18T03:11:07,0.002,1.63
ip_shuffle,20260618T031107_820646,of:0000000000000003:1 -> of:000000000000000b:5,0.002,0.0025,0.002,0.001,1.6,2026-06-18T03:11:07,0.002,1.8
ip_shuffle,20260618T031107_820646,of:0000000000000007:1 -> of:000000000000000d:5,0.002,0.0025,0.002,0.001,1.63,2026-06-18T03:11:07,0.002,1.63
ip_shuffle,20260618T031107_820646,of:0000000000000007:2 -> of:000000000000000a:3,0.002,0.0025,0.002,0.002,2.16,2026-06-18T03:11:07,0.002,2.23
ip_shuffle,20260618T031107_820646,of:0000000000000002:2 -> of:0000000000000008:2,0.002,0.0025,0.002,0.002,2.1,2026-06-18T03:11:07,0.002,2.16
ip_shuffle,20260618T031107_820646,of:0000000000000008:1 -> of:000000000000000b:6,0.002,0.0025,0.002,0.002,1.76,2026-06-18T03:11:07,0.002,1.8
ip_shuffle,20260618T031107_820646,of:0000000000000009:1 -> of:000000000000000c:6,0.002,0.0025,0.002,0.002,1.8,2026-06-18T03:11:07,0.002,1.8
ip_shuffle,20260618T031107_820646,of:0000000000000001:2 -> of:000000000000000c:1,0.002,0.0025,0.002,0.002,1.73,2026-06-18T03:11:07,0.002,1.73
ip_shuffle,20260618T031107_820646,of:0000000000000003:2 -> of:0000000000000008:3,0.002,0.0025,0.002,0.002,2.1,2026-06-18T03:11:07,0.002,2.16
ip_shuffle,20260618T031205_369674,of:0000000000000005:1 -> of:000000000000000c:5,0.002,0.0025,0.002,0.002,2.4,2026-06-18T03:12:05,0.002,2.4
ip_shuffle,20260618T031205_369674,of:000000000000000a:1 -> of:000000000000000d:6,0.002,0.0025,0.002,0.002,1.63,2026-06-18T03:12:05,0.002,1.66
ip_shuffle,20260618T031205_369674,of:000000000000000b:2 -> of:000000000000000c:2,0.002,0.0025,0.002,0.002,1.9,2026-06-18T03:12:05,0.002,1.9
ip_shuffle,20260618T031205_369674,of:0000000000000004:2 -> of:0000000000000009:2,0.002,0.0025,0.002,0.002,1.9,2026-06-18T03:12:05,0.002,1.96
ip_shuffle,20260618T031205_369674,of:0000000000000005:2 -> of:0000000000000009:3,0.002,0.0025,0.002,0.002,1.9,2026-06-18T03:12:05,0.002,1.96
ip_shuffle,20260618T031205_369674,of:000000000000000b:3 -> of:000000000000000d:2,0.002,0.0025,0.002,0.002,2.03,2026-06-18T03:12:05,0.002,1.96
ip_shuffle,20260618T031205_369674,of:0000000000000004:1 -> of:000000000000000c:4,0.002,0.0025,0.002,0.002,2.46,2026-06-18T03:12:05,0.002,2.4
ip_shuffle,20260618T031205_369674,of:000000000000000c:3 -> of:000000000000000d:3,0.002,0.0025,0.002,0.002,2.0,2026-06-18T03:12:05,0.002,1.93
ip_shuffle,20260618T031205_369674,of:0000000000000001:1 -> of:000000000000000b:1,0.002,0.0025,0.002,0.002,2.2,2026-06-18T03:12:05,0.002,2.2
ip_shuffle,20260618T031205_369674,of:0000000000000006:2 -> of:000000000000000a:2,0.002,0.0025,0.002,0.002,1.83,2026-06-18T03:12:05,0.002,1.9
ip_shuffle,20260618T031205_369674,of:0000000000000002:1 -> of:000000000000000b:4,0.002,0.0025,0.002,0.002,1.6,2026-06-18T03:12:05,0.002,1.63
ip_shuffle,20260618T031205_369674,of:0000000000000001:3 -> of:000000000000000d:1,0.003,0.00375,0.003,0.003,3.13,2026-06-18T03:12:05,0.003,2.93
ip_shuffle,20260618T031205_369674,of:0000000000000006:1 -> of:000000000000000d:4,0.003,0.00375,0.003,0.003,2.93,2026-06-18T03:12:05,0.003,3.1
ip_shuffle,20260618T031205_369674,of:0000000000000003:1 -> of:000000000000000b:5,0.002,0.0025,0.002,0.002,2.16,2026-06-18T03:12:05,0.002,2.26
ip_shuffle,20260618T031205_369674,of:0000000000000007:1 -> of:000000000000000d:5,0.002,0.0025,0.002,0.002,1.66,2026-06-18T03:12:05,0.002,1.73
ip_shuffle,20260618T031205_369674,of:0000000000000007:2 -> of:000000000000000a:3,0.002,0.0025,0.002,0.002,1.9,2026-06-18T03:12:05,0.002,1.9
ip_shuffle,20260618T031205_369674,of:0000000000000002:2 -> of:0000000000000008:2,0.002,0.0025,0.002,0.002,1.96,2026-06-18T03:12:05,0.002,1.96
ip_shuffle,20260618T031205_369674,of:0000000000000008:1 -> of:000000000000000b:6,0.002,0.0025,0.002,0.002,1.63,2026-06-18T03:12:05,0.002,1.63
ip_shuffle,20260618T031205_369674,of:0000000000000009:1 -> of:000000000000000c:6,0.002,0.0025,0.002,0.002,1.63,2026-06-18T03:12:05,0.002,1.6
ip_shuffle,20260618T031205_369674,of:0000000000000001:2 -> of:000000000000000c:1,0.003,0.00375,0.003,0.003,3.13,2026-06-18T03:12:05,0.003,3.26
ip_shuffle,20260618T031205_369674,of:0000000000000003:2 -> of:0000000000000008:3,0.002,0.0025,0.002,0.002,1.9,2026-06-18T03:12:05,0.002,1.96
route_mutation,20260618T031303_171605,of:0000000000000005:1 -> of:000000000000000c:5,0.002,0.0025,0.002,0.002,1.8,2026-06-18T03:13:03,0.002,1.7
route_mutation,20260618T031303_171605,of:000000000000000a:1 -> of:000000000000000d:6,0.002,0.0025,0.002,0.002,1.93,2026-06-18T03:13:03,0.002,1.86
route_mutation,20260618T031303_171605,of:000000000000000b:2 -> of:000000000000000c:2,0.002,0.0025,0.002,0.002,2.2,2026-06-18T03:13:03,0.002,2.2
route_mutation,20260618T031303_171605,of:0000000000000004:2 -> of:0000000000000009:2,0.002,0.0025,0.002,0.002,2.23,2026-06-18T03:13:03,0.002,2.1
route_mutation,20260618T031303_171605,of:0000000000000005:2 -> of:0000000000000009:3,0.002,0.0025,0.002,0.002,2.26,2026-06-18T03:13:03,0.002,2.13
route_mutation,20260618T031303_171605,of:000000000000000b:3 -> of:000000000000000d:2,0.002,0.0025,0.002,0.002,2.5,2026-06-18T03:13:03,0.002,2.36
route_mutation,20260618T031303_171605,of:0000000000000004:1 -> of:000000000000000c:4,0.002,0.0025,0.002,0.002,1.76,2026-06-18T03:13:03,0.002,1.7
route_mutation,20260618T031303_171605,of:000000000000000c:3 -> of:000000000000000d:3,0.002,0.0025,0.002,0.002,2.36,2026-06-18T03:13:03,0.002,2.36
route_mutation,20260618T031303_171605,of:0000000000000001:1 -> of:000000000000000b:1,0.002,0.0025,0.002,0.002,2.66,2026-06-18T03:13:03,0.002,2.6
route_mutation,20260618T031303_171605,of:0000000000000006:2 -> of:000000000000000a:2,0.002,0.0025,0.002,0.002,2.26,2026-06-18T03:13:03,0.002,2.13
route_mutation,20260618T031303_171605,of:0000000000000002:1 -> of:000000000000000b:4,0.002,0.0025,0.002,0.002,2.73,2026-06-18T03:13:03,0.002,2.53
route_mutation,20260618T031303_171605,of:0000000000000001:3 -> of:000000000000000d:1,0.002,0.0025,0.002,0.002,2.46,2026-06-18T03:13:03,0.002,2.33
route_mutation,20260618T031303_171605,of:0000000000000006:1 -> of:000000000000000d:4,0.002,0.0025,0.002,0.002,2.46,2026-06-18T03:13:03,0.002,2.36
route_mutation,20260618T031303_171605,of:0000000000000003:1 -> of:000000000000000b:5,0.002,0.0025,0.002,0.002,1.76,2026-06-18T03:13:03,0.002,1.7
route_mutation,20260618T031303_171605,of:0000000000000007:1 -> of:000000000000000d:5,0.002,0.0025,0.002,0.002,1.93,2026-06-18T03:13:03,0.002,1.86
route_mutation,20260618T031303_171605,of:0000000000000007:2 -> of:000000000000000a:3,0.002,0.0025,0.002,0.002,2.2,2026-06-18T03:13:03,0.002,2.13
route_mutation,20260618T031303_171605,of:0000000000000002:2 -> of:0000000000000008:2,0.002,0.0025,0.002,0.002,2.23,2026-06-18T03:13:03,0.002,2.1
route_mutation,20260618T031303_171605,of:0000000000000008:1 -> of:000000000000000b:6,0.002,0.0025,0.002,0.002,1.73,2026-06-18T03:13:03,0.002,1.7
route_mutation,20260618T031303_171605,of:0000000000000009:1 -> of:000000000000000c:6,0.002,0.0025,0.002,0.001,1.66,2026-06-18T03:13:03,0.002,1.7
route_mutation,20260618T031303_171605,of:0000000000000001:2 -> of:000000000000000c:1,0.002,0.0025,0.002,0.002,1.83,2026-06-18T03:13:03,0.001,1.63
route_mutation,20260618T031303_171605,of:0000000000000003:2 -> of:0000000000000008:3,0.002,0.0025,0.002,0.002,2.23,2026-06-18T03:13:03,0.002,2.1
ip_shuffle,20260618T031333_424578,of:0000000000000005:1 -> of:000000000000000c:5,0.002,0.0025,0.002,0.002,2.0,2026-06-18T03:13:33,0.002,2.03
ip_shuffle,20260618T031333_424578,of:000000000000000a:1 -> of:000000000000000d:6,0.002,0.0025,0.002,0.002,2.0,2026-06-18T03:13:33,0.002,2.03
ip_shuffle,20260618T031333_424578,of:000000000000000b:2 -> of:000000000000000c:2,0.002,0.0025,0.002,0.002,2.73,2026-06-18T03:13:33,0.002,2.73
ip_shuffle,20260618T031333_424578,of:0000000000000004:2 -> of:0000000000000009:2,0.002,0.0025,0.002,0.002,2.76,2026-06-18T03:13:33,0.002,2.83
ip_shuffle,20260618T031333_424578,of:0000000000000005:2 -> of:0000000000000009:3,0.002,0.0025,0.002,0.002,2.73,2026-06-18T03:13:33,0.002,2.8
ip_shuffle,20260618T031333_424578,of:000000000000000b:3 -> of:000000000000000d:2,0.002,0.0025,0.002,0.002,2.66,2026-06-18T03:13:33,0.002,2.73
ip_shuffle,20260618T031333_424578,of:0000000000000004:1 -> of:000000000000000c:4,0.002,0.0025,0.002,0.002,2.56,2026-06-18T03:13:33,0.002,2.5
ip_shuffle,20260618T031333_424578,of:000000000000000c:3 -> of:000000000000000d:3,0.002,0.0025,0.002,0.002,2.73,2026-06-18T03:13:33,0.002,2.73
ip_shuffle,20260618T031333_424578,of:0000000000000001:1 -> of:000000000000000b:1,0.003,0.00375,0.003,0.003,4.16,2026-06-18T03:13:33,0.003,4.16
ip_shuffle,20260618T031333_424578,of:0000000000000006:2 -> of:000000000000000a:2,0.002,0.0025,0.002,0.002,2.73,2026-06-18T03:13:33,0.002,2.8
ip_shuffle,20260618T031333_424578,of:0000000000000002:1 -> of:000000000000000b:4,0.002,0.0025,0.002,0.002,2.73,2026-06-18T03:13:33,0.002,2.8
ip_shuffle,20260618T031333_424578,of:0000000000000001:3 -> of:000000000000000d:1,0.002,0.0025,0.002,0.002,1.96,2026-06-18T03:13:33,0.002,2.1
ip_shuffle,20260618T031333_424578,of:0000000000000006:1 -> of:000000000000000d:4,0.002,0.0025,0.002,0.002,2.0,2026-06-18T03:13:33,0.002,2.03
ip_shuffle,20260618T031333_424578,of:0000000000000003:1 -> of:000000000000000b:5,0.003,0.00375,0.003,0.003,3.53,2026-06-18T03:13:33,0.003,3.46
ip_shuffle,20260618T031333_424578,of:0000000000000007:1 -> of:000000000000000d:5,0.002,0.0025,0.002,0.002,2.0,2026-06-18T03:13:33,0.002,2.03
ip_shuffle,20260618T031333_424578,of:0000000000000007:2 -> of:000000000000000a:3,0.002,0.0025,0.002,0.002,2.73,2026-06-18T03:13:33,0.002,2.8
ip_shuffle,20260618T031333_424578,of:0000000000000002:2 -> of:0000000000000008:2,0.002,0.0025,0.002,0.002,2.83,2026-06-18T03:13:33,0.002,2.83
ip_shuffle,20260618T031333_424578,of:0000000000000008:1 -> of:000000000000000b:6,0.002,0.0025,0.002,0.002,2.0,2026-06-18T03:13:33,0.002,2.03
ip_shuffle,20260618T031333_424578,of:0000000000000009:1 -> of:000000000000000c:6,0.002,0.0025,0.002,0.002,2.06,2026-06-18T03:13:33,0.002,2.03
ip_shuffle,20260618T031333_424578,of:0000000000000001:2 -> of:000000000000000c:1,0.002,0.0025,0.002,0.002,2.43,2026-06-18T03:13:33,0.002,2.56
ip_shuffle,20260618T031333_424578,of:0000000000000003:2 -> of:0000000000000008:3,0.002,0.0025,0.002,0.002,2.76,2026-06-18T03:13:33,0.002,2.83
ip_shuffle,20260618T031444_037702,of:0000000000000005:1 -> of:000000000000000c:5,0.002,0.0025,0.002,0.002,2.23,2026-06-18T03:14:44,0.002,2.26
ip_shuffle,20260618T031444_037702,of:000000000000000a:1 -> of:000000000000000d:6,0.002,0.0025,0.002,0.002,2.2,2026-06-18T03:14:44,0.002,2.26
ip_shuffle,20260618T031444_037702,of:000000000000000b:2 -> of:000000000000000c:2,0.002,0.0025,0.002,0.002,3.2,2026-06-18T03:14:44,0.002,3.2
ip_shuffle,20260618T031444_037702,of:0000000000000004:2 -> of:0000000000000009:2,0.002,0.0025,0.002,0.002,3.1,2026-06-18T03:14:44,0.002,3.16
ip_shuffle,20260618T031444_037702,of:0000000000000005:2 -> of:0000000000000009:3,0.002,0.0025,0.002,0.002,3.1,2026-06-18T03:14:44,0.002,3.16
ip_shuffle,20260618T031444_037702,of:000000000000000b:3 -> of:000000000000000d:2,0.002,0.0025,0.002,0.002,3.13,2026-06-18T03:14:44,0.002,3.2
ip_shuffle,20260618T031444_037702,of:0000000000000004:1 -> of:000000000000000c:4,0.002,0.0025,0.002,0.002,2.23,2026-06-18T03:14:44,0.002,2.26
ip_shuffle,20260618T031444_037702,of:000000000000000c:3 -> of:000000000000000d:3,0.002,0.0025,0.002,0.002,3.13,2026-06-18T03:14:44,0.002,3.2
ip_shuffle,20260618T031444_037702,of:0000000000000001:1 -> of:000000000000000b:1,0.003,0.00375,0.003,0.003,4.1,2026-06-18T03:14:44,0.003,4.26
ip_shuffle,20260618T031444_037702,of:0000000000000006:2 -> of:000000000000000a:2,0.002,0.0025,0.002,0.002,3.1,2026-06-18T03:14:44,0.002,3.16
ip_shuffle,20260618T031444_037702,of:0000000000000002:1 -> of:000000000000000b:4,0.003,0.00375,0.003,0.003,3.83,2026-06-18T03:14:44,0.003,3.9
ip_shuffle,20260618T031444_037702,of:0000000000000001:3 -> of:000000000000000d:1,0.002,0.0025,0.002,0.002,2.2,2026-06-18T03:14:44,0.002,2.2
ip_shuffle,20260618T031444_037702,of:0000000000000006:1 -> of:000000000000000d:4,0.002,0.0025,0.002,0.002,2.16,2026-06-18T03:14:44,0.002,2.26
ip_shuffle,20260618T031444_037702,of:0000000000000003:1 -> of:000000000000000b:5,0.002,0.0025,0.002,0.002,2.63,2026-06-18T03:14:44,0.002,2.56
ip_shuffle,20260618T031444_037702,of:0000000000000007:1 -> of:000000000000000d:5,0.002,0.0025,0.002,0.002,2.16,2026-06-18T03:14:44,0.002,2.26
ip_shuffle,20260618T031444_037702,of:0000000000000007:2 -> of:000000000000000a:3,0.002,0.0025,0.002,0.002,3.1,2026-06-18T03:14:44,0.002,3.16
ip_shuffle,20260618T031444_037702,of:0000000000000002:2 -> of:0000000000000008:2,0.002,0.0025,0.002,0.002,3.13,2026-06-18T03:14:44,0.002,3.13
ip_shuffle,20260618T031444_037702,of:0000000000000008:1 -> of:000000000000000b:6,0.002,0.0025,0.002,0.002,2.2,2026-06-18T03:14:44,0.002,2.26
ip_shuffle,20260618T031444_037702,of:0000000000000009:1 -> of:000000000000000c:6,0.002,0.0025,0.002,0.002,2.26,2026-06-18T03:14:44,0.002,2.26
ip_shuffle,20260618T031444_037702,of:0000000000000001:2 -> of:000000000000000c:1,0.002,0.0025,0.002,0.002,2.2,2026-06-18T03:14:44,0.002,2.2
ip_shuffle,20260618T031444_037702,of:0000000000000003:2 -> of:0000000000000008:3,0.002,0.0025,0.002,0.002,3.16,2026-06-18T03:14:44,0.002,3.16
ip_shuffle,20260618T031548_124340,of:0000000000000005:1 -> of:000000000000000c:5,0.002,0.0025,0.002,0.002,1.96,2026-06-18T03:15:48,0.002,1.8
ip_shuffle,20260618T031548_124340,of:000000000000000a:1 -> of:000000000000000d:6,0.002,0.0025,0.002,0.002,1.86,2026-06-18T03:15:48,0.002,1.8
ip_shuffle,20260618T031548_124340,of:000000000000000b:2 -> of:000000000000000c:2,0.002,0.0025,0.002,0.002,2.46,2026-06-18T03:15:48,0.002,2.4
ip_shuffle,20260618T031548_124340,of:0000000000000004:2 -> of:0000000000000009:2,0.002,0.0025,0.002,0.002,2.56,2026-06-18T03:15:48,0.002,2.43
ip_shuffle,20260618T031548_124340,of:0000000000000005:2 -> of:0000000000000009:3,0.002,0.0025,0.002,0.002,2.56,2026-06-18T03:15:48,0.002,2.43
ip_shuffle,20260618T031548_124340,of:000000000000000b:3 -> of:000000000000000d:2,0.002,0.0025,0.002,0.002,2.46,2026-06-18T03:15:48,0.002,2.4
ip_shuffle,20260618T031548_124340,of:0000000000000004:1 -> of:000000000000000c:4,0.002,0.0025,0.002,0.002,1.96,2026-06-18T03:15:48,0.002,1.8
ip_shuffle,20260618T031548_124340,of:000000000000000c:3 -> of:000000000000000d:3,0.002,0.0025,0.002,0.002,2.46,2026-06-18T03:15:48,0.002,2.4
ip_shuffle,20260618T031548_124340,of:0000000000000001:1 -> of:000000000000000b:1,0.002,0.0025,0.002,0.002,1.93,2026-06-18T03:15:48,0.002,1.8
ip_shuffle,20260618T031548_124340,of:0000000000000006:2 -> of:000000000000000a:2,0.002,0.0025,0.002,0.002,2.46,2026-06-18T03:15:48,0.002,2.4
ip_shuffle,20260618T031548_124340,of:0000000000000002:1 -> of:000000000000000b:4,0.002,0.0025,0.002,0.002,1.93,2026-06-18T03:15:48,0.002,1.8
ip_shuffle,20260618T031548_124340,of:0000000000000001:3 -> of:000000000000000d:1,0.003,0.00375,0.003,0.003,3.53,2026-06-18T03:15:48,0.003,3.46
ip_shuffle,20260618T031548_124340,of:0000000000000006:1 -> of:000000000000000d:4,0.002,0.0025,0.002,0.002,2.6,2026-06-18T03:15:48,0.002,2.5
ip_shuffle,20260618T031548_124340,of:0000000000000003:1 -> of:000000000000000b:5,0.002,0.0025,0.002,0.002,1.93,2026-06-18T03:15:48,0.002,1.8
ip_shuffle,20260618T031548_124340,of:0000000000000007:1 -> of:000000000000000d:5,0.002,0.0025,0.002,0.002,2.93,2026-06-18T03:15:48,0.002,2.73
ip_shuffle,20260618T031548_124340,of:0000000000000007:2 -> of:000000000000000a:3,0.002,0.0025,0.002,0.002,2.46,2026-06-18T03:15:48,0.002,2.4
ip_shuffle,20260618T031548_124340,of:0000000000000002:2 -> of:0000000000000008:2,0.002,0.0025,0.002,0.002,2.53,2026-06-18T03:15:48,0.002,2.4
ip_shuffle,20260618T031548_124340,of:0000000000000008:1 -> of:000000000000000b:6,0.002,0.0025,0.002,0.002,1.86,2026-06-18T03:15:48,0.002,1.8
ip_shuffle,20260618T031548_124340,of:0000000000000009:1 -> of:000000000000000c:6,0.002,0.0025,0.002,0.002,1.86,2026-06-18T03:15:48,0.002,1.8
ip_shuffle,20260618T031548_124340,of:0000000000000001:2 -> of:000000000000000c:1,0.002,0.0025,0.002,0.002,1.93,2026-06-18T03:15:48,0.002,1.8
ip_shuffle,20260618T031548_124340,of:0000000000000003:2 -> of:0000000000000008:3,0.002,0.0025,0.002,0.002,2.53,2026-06-18T03:15:48,0.002,2.4
route_mutation,20260618T031645_957695,of:0000000000000005:1 -> of:000000000000000c:5,0.002,0.0025,0.002,0.002,2.06,2026-06-18T03:16:45,0.002,2.23
route_mutation,20260618T031645_957695,of:000000000000000a:1 -> of:000000000000000d:6,0.002,0.0025,0.002,0.002,2.23,2026-06-18T03:16:45,0.002,2.23
route_mutation,20260618T031645_957695,of:000000000000000b:2 -> of:000000000000000c:2,0.002,0.0025,0.002,0.002,3.13,2026-06-18T03:16:45,0.002,3.13
route_mutation,20260618T031645_957695,of:0000000000000004:2 -> of:0000000000000009:2,0.002,0.0025,0.002,0.002,3.0,2026-06-18T03:16:45,0.002,3.06
route_mutation,20260618T031645_957695,of:0000000000000005:2 -> of:0000000000000009:3,0.002,0.0025,0.002,0.002,3.03,2026-06-18T03:16:45,0.002,3.1
route_mutation,20260618T031645_957695,of:000000000000000b:3 -> of:000000000000000d:2,0.002,0.0025,0.002,0.002,3.23,2026-06-18T03:16:45,0.002,3.23
route_mutation,20260618T031645_957695,of:0000000000000004:1 -> of:000000000000000c:4,0.002,0.0025,0.002,0.002,2.03,2026-06-18T03:16:45,0.002,2.23
route_mutation,20260618T031645_957695,of:000000000000000c:3 -> of:000000000000000d:3,0.002,0.0025,0.002,0.002,3.13,2026-06-18T03:16:45,0.002,3.13
route_mutation,20260618T031645_957695,of:0000000000000001:1 -> of:000000000000000b:1,0.003,0.00375,0.003,0.003,4.13,2026-06-18T03:16:45,0.003,4.29
route_mutation,20260618T031645_957695,of:0000000000000006:2 -> of:000000000000000a:2,0.002,0.0025,0.002,0.002,3.1,2026-06-18T03:16:45,0.002,3.1
route_mutation,20260618T031645_957695,of:0000000000000002:1 -> of:000000000000000b:4,0.003,0.00375,0.003,0.003,3.59,2026-06-18T03:16:45,0.003,3.79
route_mutation,20260618T031645_957695,of:0000000000000001:3 -> of:000000000000000d:1,0.002,0.0025,0.002,0.002,2.26,2026-06-18T03:16:45,0.002,2.23
route_mutation,20260618T031645_957695,of:0000000000000006:1 -> of:000000000000000d:4,0.002,0.0025,0.002,0.002,2.06,2026-06-18T03:16:45,0.002,2.23
route_mutation,20260618T031645_957695,of:0000000000000003:1 -> of:000000000000000b:5,0.002,0.0025,0.002,0.002,2.83,2026-06-18T03:16:45,0.002,2.9
route_mutation,20260618T031645_957695,of:0000000000000007:1 -> of:000000000000000d:5,0.002,0.0025,0.002,0.002,2.3,2026-06-18T03:16:45,0.002,2.4
route_mutation,20260618T031645_957695,of:0000000000000007:2 -> of:000000000000000a:3,0.002,0.0025,0.002,0.002,3.1,2026-06-18T03:16:45,0.002,3.1
route_mutation,20260618T031645_957695,of:0000000000000002:2 -> of:0000000000000008:2,0.002,0.0025,0.002,0.002,2.9,2026-06-18T03:16:45,0.002,3.03
route_mutation,20260618T031645_957695,of:0000000000000008:1 -> of:000000000000000b:6,0.002,0.0025,0.002,0.002,2.2,2026-06-18T03:16:45,0.002,2.23
route_mutation,20260618T031645_957695,of:0000000000000009:1 -> of:000000000000000c:6,0.002,0.0025,0.002,0.002,2.23,2026-06-18T03:16:45,0.002,2.23
route_mutation,20260618T031645_957695,of:0000000000000001:2 -> of:000000000000000c:1,0.002,0.0025,0.002,0.002,2.16,2026-06-18T03:16:45,0.002,2.16
route_mutation,20260618T031645_957695,of:0000000000000003:2 -> of:0000000000000008:3,0.002,0.0025,0.002,0.002,2.9,2026-06-18T03:16:45,0.002,3.03
route_mutation,20260618T031716_210795,of:0000000000000005:1 -> of:000000000000000c:5,0.002,0.0025,0.002,0.002,2.46,2026-06-18T03:17:16,0.002,2.4
route_mutation,20260618T031716_210795,of:000000000000000a:1 -> of:000000000000000d:6,0.002,0.0025,0.002,0.002,1.6,2026-06-18T03:17:16,0.001,1.53
route_mutation,20260618T031716_210795,of:000000000000000b:2 -> of:000000000000000c:2,0.002,0.0025,0.002,0.002,1.93,2026-06-18T03:17:16,0.002,1.93
route_mutation,20260618T031716_210795,of:0000000000000004:2 -> of:0000000000000009:2,0.002,0.0025,0.002,0.002,2.03,2026-06-18T03:17:16,0.002,1.96
route_mutation,20260618T031716_210795,of:0000000000000005:2 -> of:0000000000000009:3,0.002,0.0025,0.002,0.002,2.0,2026-06-18T03:17:16,0.002,1.86
route_mutation,20260618T031716_210795,of:000000000000000b:3 -> of:000000000000000d:2,0.002,0.0025,0.002,0.002,1.93,2026-06-18T03:17:16,0.002,1.86
route_mutation,20260618T031716_210795,of:0000000000000004:1 -> of:000000000000000c:4,0.002,0.0025,0.002,0.002,2.5,2026-06-18T03:17:16,0.002,2.46
route_mutation,20260618T031716_210795,of:000000000000000c:3 -> of:000000000000000d:3,0.002,0.0025,0.002,0.002,1.93,2026-06-18T03:17:16,0.002,1.93
route_mutation,20260618T031716_210795,of:0000000000000001:1 -> of:000000000000000b:1,0.002,0.0025,0.002,0.002,2.56,2026-06-18T03:17:16,0.002,2.33
route_mutation,20260618T031716_210795,of:0000000000000006:2 -> of:000000000000000a:2,0.002,0.0025,0.002,0.002,1.93,2026-06-18T03:17:16,0.002,1.86
route_mutation,20260618T031716_210795,of:0000000000000002:1 -> of:000000000000000b:4,0.002,0.0025,0.002,0.002,1.66,2026-06-18T03:17:16,0.001,1.53
route_mutation,20260618T031716_210795,of:0000000000000001:3 -> of:000000000000000d:1,0.002,0.0025,0.002,0.002,2.33,2026-06-18T03:17:16,0.002,2.4
route_mutation,20260618T031716_210795,of:0000000000000006:1 -> of:000000000000000d:4,0.002,0.0025,0.002,0.002,2.46,2026-06-18T03:17:16,0.002,2.26
route_mutation,20260618T031716_210795,of:0000000000000003:1 -> of:000000000000000b:5,0.002,0.0025,0.002,0.002,2.5,2026-06-18T03:17:16,0.002,2.53
route_mutation,20260618T031716_210795,of:0000000000000007:1 -> of:000000000000000d:5,0.002,0.0025,0.002,0.002,1.76,2026-06-18T03:17:16,0.001,1.6
route_mutation,20260618T031716_210795,of:0000000000000007:2 -> of:000000000000000a:3,0.002,0.0025,0.002,0.002,1.96,2026-06-18T03:17:16,0.002,1.9
route_mutation,20260618T031716_210795,of:0000000000000002:2 -> of:0000000000000008:2,0.002,0.0025,0.002,0.002,2.03,2026-06-18T03:17:16,0.002,1.96
route_mutation,20260618T031716_210795,of:0000000000000008:1 -> of:000000000000000b:6,0.002,0.0025,0.002,0.002,1.63,2026-06-18T03:17:16,0.002,1.6
route_mutation,20260618T031716_210795,of:0000000000000009:1 -> of:000000000000000c:6,0.002,0.0025,0.002,0.002,1.6,2026-06-18T03:17:16,0.002,1.6
route_mutation,20260618T031716_210795,of:0000000000000001:2 -> of:000000000000000c:1,0.003,0.00375,0.003,0.003,3.26,2026-06-18T03:17:16,0.003,3.19
route_mutation,20260618T031716_210795,of:0000000000000003:2 -> of:0000000000000008:3,0.002,0.0025,0.002,0.002,2.06,2026-06-18T03:17:16,0.002,2.06
ip_shuffle,20260618T031746_449527,of:0000000000000005:1 -> of:000000000000000c:5,0.002,0.0025,0.002,0.002,1.86,2026-06-18T03:17:46,0.002,1.76
ip_shuffle,20260618T031746_449527,of:000000000000000a:1 -> of:000000000000000d:6,0.002,0.0025,0.002,0.002,1.76,2026-06-18T03:17:46,0.002,1.83
ip_shuffle,20260618T031746_449527,of:000000000000000b:2 -> of:000000000000000c:2,0.002,0.0025,0.002,0.002,2.26,2026-06-18T03:17:46,0.002,2.26
ip_shuffle,20260618T031746_449527,of:0000000000000004:2 -> of:0000000000000009:2,0.002,0.0025,0.002,0.002,2.36,2026-06-18T03:17:46,0.002,2.3
ip_shuffle,20260618T031746_449527,of:0000000000000005:2 -> of:0000000000000009:3,0.002,0.0025,0.002,0.002,2.3,2026-06-18T03:17:46,0.002,2.36
ip_shuffle,20260618T031746_449527,of:000000000000000b:3 -> of:000000000000000d:2,0.002,0.0025,0.002,0.002,2.26,2026-06-18T03:17:46,0.002,2.33
ip_shuffle,20260618T031746_449527,of:0000000000000004:1 -> of:000000000000000c:4,0.002,0.0025,0.002,0.002,1.86,2026-06-18T03:17:46,0.002,1.7
ip_shuffle,20260618T031746_449527,of:000000000000000c:3 -> of:000000000000000d:3,0.002,0.0025,0.002,0.002,2.26,2026-06-18T03:17:46,0.002,2.26
ip_shuffle,20260618T031746_449527,of:0000000000000001:1 -> of:000000000000000b:1,0.002,0.0025,0.002,0.002,1.83,2026-06-18T03:17:46,0.002,1.9
ip_shuffle,20260618T031746_449527,of:0000000000000006:2 -> of:000000000000000a:2,0.002,0.0025,0.002,0.002,2.3,2026-06-18T03:17:46,0.002,2.36
ip_shuffle,20260618T031746_449527,of:0000000000000002:1 -> of:000000000000000b:4,0.002,0.0025,0.002,0.002,1.9,2026-06-18T03:17:46,0.002,1.83
ip_shuffle,20260618T031746_449527,of:0000000000000001:3 -> of:000000000000000d:1,0.003,0.00375,0.003,0.003,3.36,2026-06-18T03:17:46,0.003,3.33
ip_shuffle,20260618T031746_449527,of:0000000000000006:1 -> of:000000000000000d:4,0.002,0.0025,0.002,0.002,2.16,2026-06-18T03:17:46,0.002,2.2
ip_shuffle,20260618T031746_449527,of:0000000000000003:1 -> of:000000000000000b:5,0.002,0.0025,0.002,0.002,1.86,2026-06-18T03:17:46,0.002,1.76
ip_shuffle,20260618T031746_449527,of:0000000000000007:1 -> of:000000000000000d:5,0.003,0.00375,0.003,0.002,2.9,2026-06-18T03:17:46,0.003,2.96
ip_shuffle,20260618T031746_449527,of:0000000000000007:2 -> of:000000000000000a:3,0.002,0.0025,0.002,0.002,2.26,2026-06-18T03:17:46,0.002,2.33
ip_shuffle,20260618T031746_449527,of:0000000000000002:2 -> of:0000000000000008:2,0.002,0.0025,0.002,0.002,2.4,2026-06-18T03:17:46,0.002,2.33
ip_shuffle,20260618T031746_449527,of:0000000000000008:1 -> of:000000000000000b:6,0.002,0.0025,0.002,0.002,1.76,2026-06-18T03:17:46,0.002,1.76
ip_shuffle,20260618T031746_449527,of:0000000000000009:1 -> of:000000000000000c:6,0.002,0.0025,0.002,0.002,1.76,2026-06-18T03:17:46,0.002,1.76
ip_shuffle,20260618T031746_449527,of:0000000000000001:2 -> of:000000000000000c:1,0.002,0.0025,0.002,0.002,1.83,2026-06-18T03:17:46,0.002,1.83
ip_shuffle,20260618T031746_449527,of:0000000000000003:2 -> of:0000000000000008:3,0.002,0.0025,0.002,0.002,2.36,2026-06-18T03:17:46,0.002,2.23
route_mutation,20260618T031844_153272,of:0000000000000005:1 -> of:000000000000000c:5,0.002,0.0025,0.002,0.002,2.03,2026-06-18T03:18:44,0.002,2.0
route_mutation,20260618T031844_153272,of:000000000000000a:1 -> of:000000000000000d:6,0.002,0.0025,0.002,0.002,1.93,2026-06-18T03:18:44,0.002,1.86
route_mutation,20260618T031844_153272,of:000000000000000b:2 -> of:000000000000000c:2,0.002,0.0025,0.002,0.002,2.66,2026-06-18T03:18:44,0.002,2.66
route_mutation,20260618T031844_153272,of:0000000000000004:2 -> of:0000000000000009:2,0.002,0.0025,0.002,0.002,2.7,2026-06-18T03:18:44,0.002,2.63
route_mutation,20260618T031844_153272,of:0000000000000005:2 -> of:0000000000000009:3,0.002,0.0025,0.002,0.002,2.63,2026-06-18T03:18:44,0.002,2.63
route_mutation,20260618T031844_153272,of:000000000000000b:3 -> of:000000000000000d:2,0.002,0.0025,0.002,0.002,2.73,2026-06-18T03:18:44,0.002,2.73
route_mutation,20260618T031844_153272,of:0000000000000004:1 -> of:000000000000000c:4,0.002,0.0025,0.002,0.002,2.56,2026-06-18T03:18:44,0.002,2.53
route_mutation,20260618T031844_153272,of:000000000000000c:3 -> of:000000000000000d:3,0.002,0.0025,0.002,0.002,2.6,2026-06-18T03:18:44,0.002,2.6
route_mutation,20260618T031844_153272,of:0000000000000001:1 -> of:000000000000000b:1,0.003,0.00375,0.003,0.003,4.3,2026-06-18T03:18:44,0.003,4.2
route_mutation,20260618T031844_153272,of:0000000000000006:2 -> of:000000000000000a:2,0.002,0.0025,0.002,0.002,2.63,2026-06-18T03:18:44,0.002,2.63
route_mutation,20260618T031844_153272,of:0000000000000002:1 -> of:000000000000000b:4,0.002,0.0025,0.002,0.002,2.9,2026-06-18T03:18:44,0.002,2.96
route_mutation,20260618T031844_153272,of:0000000000000001:3 -> of:000000000000000d:1,0.002,0.0025,0.002,0.002,2.06,2026-06-18T03:18:44,0.002,2.13
route_mutation,20260618T031844_153272,of:0000000000000006:1 -> of:000000000000000d:4,0.002,0.0025,0.002,0.002,2.03,2026-06-18T03:18:44,0.002,1.93
route_mutation,20260618T031844_153272,of:0000000000000003:1 -> of:000000000000000b:5,0.003,0.00375,0.003,0.003,3.6,2026-06-18T03:18:44,0.003,3.56
route_mutation,20260618T031844_153272,of:0000000000000007:1 -> of:000000000000000d:5,0.002,0.0025,0.002,0.002,2.26,2026-06-18T03:18:44,0.002,2.2
route_mutation,20260618T031844_153272,of:0000000000000007:2 -> of:000000000000000a:3,0.002,0.0025,0.002,0.002,2.6,2026-06-18T03:18:44,0.002,2.6
route_mutation,20260618T031844_153272,of:0000000000000002:2 -> of:0000000000000008:2,0.002,0.0025,0.002,0.002,2.73,2026-06-18T03:18:44,0.002,2.7
route_mutation,20260618T031844_153272,of:0000000000000008:1 -> of:000000000000000b:6,0.002,0.0025,0.002,0.002,1.93,2026-06-18T03:18:44,0.002,2.0
route_mutation,20260618T031844_153272,of:0000000000000009:1 -> of:000000000000000c:6,0.002,0.0025,0.002,0.002,1.93,2026-06-18T03:18:44,0.002,1.93
route_mutation,20260618T031844_153272,of:0000000000000001:2 -> of:000000000000000c:1,0.002,0.0025,0.002,0.002,2.4,2026-06-18T03:18:44,0.002,2.53
route_mutation,20260618T031844_153272,of:0000000000000003:2 -> of:0000000000000008:3,0.002,0.0025,0.002,0.002,2.7,2026-06-18T03:18:44,0.002,2.7
route_mutation,20260618T031914_417837,of:0000000000000005:1 -> of:000000000000000c:5,0.002,0.0025,0.002,0.002,2.43,2026-06-18T03:19:14,0.002,2.33
route_mutation,20260618T031914_417837,of:000000000000000a:1 -> of:000000000000000d:6,0.002,0.0025,0.002,0.002,1.6,2026-06-18T03:19:14,0.002,1.66
route_mutation,20260618T031914_417837,of:000000000000000b:2 -> of:000000000000000c:2,0.002,0.0025,0.002,0.002,1.86,2026-06-18T03:19:14,0.002,1.86
route_mutation,20260618T031914_417837,of:0000000000000004:2 -> of:0000000000000009:2,0.002,0.0025,0.002,0.002,1.96,2026-06-18T03:19:14,0.002,1.9
route_mutation,20260618T031914_417837,of:0000000000000005:2 -> of:0000000000000009:3,0.002,0.0025,0.002,0.002,1.9,2026-06-18T03:19:14,0.002,1.9
route_mutation,20260618T031914_417837,of:000000000000000b:3 -> of:000000000000000d:2,0.002,0.0025,0.002,0.002,1.93,2026-06-18T03:19:14,0.002,1.93
route_mutation,20260618T031914_417837,of:0000000000000004:1 -> of:000000000000000c:4,0.002,0.0025,0.002,0.002,1.9,2026-06-18T03:19:14,0.002,1.8
route_mutation,20260618T031914_417837,of:000000000000000c:3 -> of:000000000000000d:3,0.002,0.0025,0.002,0.002,1.93,2026-06-18T03:19:14,0.002,1.93
route_mutation,20260618T031914_417837,of:0000000000000001:1 -> of:000000000000000b:1,0.002,0.0025,0.002,0.002,1.66,2026-06-18T03:19:14,0.001,1.46
route_mutation,20260618T031914_417837,of:0000000000000006:2 -> of:000000000000000a:2,0.002,0.0025,0.002,0.002,1.9,2026-06-18T03:19:14,0.002,1.9
route_mutation,20260618T031914_417837,of:0000000000000002:1 -> of:000000000000000b:4,0.002,0.0025,0.002,0.002,1.6,2026-06-18T03:19:14,0.001,1.53
route_mutation,20260618T031914_417837,of:0000000000000001:3 -> of:000000000000000d:1,0.002,0.0025,0.002,0.002,2.46,2026-06-18T03:19:14,0.002,2.56
route_mutation,20260618T031914_417837,of:0000000000000006:1 -> of:000000000000000d:4,0.002,0.0025,0.002,0.002,2.6,2026-06-18T03:19:14,0.002,2.5
route_mutation,20260618T031914_417837,of:0000000000000003:1 -> of:000000000000000b:5,0.002,0.0025,0.002,0.002,1.63,2026-06-18T03:19:14,0.001,1.56
route_mutation,20260618T031914_417837,of:0000000000000007:1 -> of:000000000000000d:5,0.002,0.0025,0.002,0.002,1.6,2026-06-18T03:19:14,0.002,1.6
route_mutation,20260618T031914_417837,of:0000000000000007:2 -> of:000000000000000a:3,0.002,0.0025,0.002,0.002,1.9,2026-06-18T03:19:14,0.002,1.9
route_mutation,20260618T031914_417837,of:0000000000000002:2 -> of:0000000000000008:2,0.002,0.0025,0.002,0.002,1.9,2026-06-18T03:19:14,0.002,1.76
route_mutation,20260618T031914_417837,of:0000000000000008:1 -> of:000000000000000b:6,0.002,0.0025,0.002,0.002,1.56,2026-06-18T03:19:14,0.001,1.53
route_mutation,20260618T031914_417837,of:0000000000000009:1 -> of:000000000000000c:6,0.002,0.0025,0.002,0.002,1.6,2026-06-18T03:19:14,0.002,1.6
route_mutation,20260618T031914_417837,of:0000000000000001:2 -> of:000000000000000c:1,0.002,0.0025,0.002,0.002,2.8,2026-06-18T03:19:14,0.002,2.6
route_mutation,20260618T031914_417837,of:0000000000000003:2 -> of:0000000000000008:3,0.002,0.0025,0.002,0.002,1.9,2026-06-18T03:19:14,0.002,1.76
ip_shuffle,20260618T031944_588005,of:0000000000000005:1 -> of:000000000000000c:5,0.002,0.0025,0.002,0.002,1.66,2026-06-18T03:19:44,0.002,1.7
ip_shuffle,20260618T031944_588005,of:000000000000000a:1 -> of:000000000000000d:6,0.002,0.0025,0.002,0.002,1.7,2026-06-18T03:19:44,0.002,1.7
ip_shuffle,20260618T031944_588005,of:000000000000000b:2 -> of:000000000000000c:2,0.002,0.0025,0.002,0.002,2.06,2026-06-18T03:19:44,0.002,2.06
ip_shuffle,20260618T031944_588005,of:0000000000000004:2 -> of:0000000000000009:2,0.002,0.0025,0.002,0.002,1.96,2026-06-18T03:19:44,0.002,2.1
ip_shuffle,20260618T031944_588005,of:0000000000000005:2 -> of:0000000000000009:3,0.002,0.0025,0.002,0.002,2.1,2026-06-18T03:19:44,0.002,2.1
ip_shuffle,20260618T031944_588005,of:000000000000000b:3 -> of:000000000000000d:2,0.002,0.0025,0.002,0.002,2.06,2026-06-18T03:19:44,0.002,2.06
ip_shuffle,20260618T031944_588005,of:0000000000000004:1 -> of:000000000000000c:4,0.002,0.0025,0.002,0.001,1.6,2026-06-18T03:19:44,0.002,1.7
ip_shuffle,20260618T031944_588005,of:000000000000000c:3 -> of:000000000000000d:3,0.002,0.0025,0.002,0.002,2.06,2026-06-18T03:19:44,0.002,2.06
ip_shuffle,20260618T031944_588005,of:0000000000000001:1 -> of:000000000000000b:1,0.002,0.0025,0.002,0.002,1.63,2026-06-18T03:19:44,0.002,1.76
ip_shuffle,20260618T031944_588005,of:0000000000000006:2 -> of:000000000000000a:2,0.002,0.0025,0.002,0.002,2.1,2026-06-18T03:19:44,0.002,2.1
ip_shuffle,20260618T031944_588005,of:0000000000000002:1 -> of:000000000000000b:4,0.002,0.0025,0.002,0.001,1.63,2026-06-18T03:19:44,0.002,1.7
ip_shuffle,20260618T031944_588005,of:0000000000000001:3 -> of:000000000000000d:1,0.003,0.00375,0.003,0.003,3.1,2026-06-18T03:19:44,0.003,3.0
ip_shuffle,20260618T031944_588005,of:0000000000000006:1 -> of:000000000000000d:4,0.002,0.0025,0.002,0.002,1.7,2026-06-18T03:19:44,0.002,1.86
ip_shuffle,20260618T031944_588005,of:0000000000000003:1 -> of:000000000000000b:5,0.002,0.0025,0.002,0.001,1.63,2026-06-18T03:19:44,0.002,1.7
ip_shuffle,20260618T031944_588005,of:0000000000000007:1 -> of:000000000000000d:5,0.003,0.00375,0.003,0.002,2.83,2026-06-18T03:19:44,0.003,2.9
ip_shuffle,20260618T031944_588005,of:0000000000000007:2 -> of:000000000000000a:3,0.002,0.0025,0.002,0.002,2.1,2026-06-18T03:19:44,0.002,2.1
ip_shuffle,20260618T031944_588005,of:0000000000000002:2 -> of:0000000000000008:2,0.002,0.0025,0.002,0.002,2.03,2026-06-18T03:19:44,0.002,2.16
ip_shuffle,20260618T031944_588005,of:0000000000000008:1 -> of:000000000000000b:6,0.002,0.0025,0.002,0.002,1.73,2026-06-18T03:19:44,0.002,1.7
ip_shuffle,20260618T031944_588005,of:0000000000000009:1 -> of:000000000000000c:6,0.002,0.0025,0.002,0.002,1.7,2026-06-18T03:19:44,0.002,1.7
ip_shuffle,20260618T031944_588005,of:0000000000000001:2 -> of:000000000000000c:1,0.002,0.0025,0.002,0.002,1.63,2026-06-18T03:19:44,0.002,1.76
ip_shuffle,20260618T031944_588005,of:0000000000000003:2 -> of:0000000000000008:3,0.002,0.0025,0.002,0.002,2.1,2026-06-18T03:19:44,0.002,2.16
route_mutation,20260618T032042_193238,of:0000000000000005:1 -> of:000000000000000c:5,0.002,0.0025,0.002,0.002,2.13,2026-06-18T03:20:42,0.002,1.96
route_mutation,20260618T032042_193238,of:000000000000000a:1 -> of:000000000000000d:6,0.002,0.0025,0.002,0.002,1.8,2026-06-18T03:20:42,0.002,1.8
route_mutation,20260618T032042_193238,of:000000000000000b:2 -> of:000000000000000c:2,0.002,0.0025,0.002,0.002,2.26,2026-06-18T03:20:42,0.002,2.26
route_mutation,20260618T032042_193238,of:0000000000000004:2 -> of:0000000000000009:2,0.002,0.0025,0.002,0.002,2.43,2026-06-18T03:20:42,0.002,2.3
route_mutation,20260618T032042_193238,of:0000000000000005:2 -> of:0000000000000009:3,0.002,0.0025,0.002,0.002,2.43,2026-06-18T03:20:42,0.002,2.3
route_mutation,20260618T032042_193238,of:000000000000000b:3 -> of:000000000000000d:2,0.002,0.0025,0.002,0.002,2.46,2026-06-18T03:20:42,0.002,2.46
route_mutation,20260618T032042_193238,of:0000000000000004:1 -> of:000000000000000c:4,0.002,0.0025,0.002,0.002,2.7,2026-06-18T03:20:42,0.002,2.53
route_mutation,20260618T032042_193238,of:000000000000000c:3 -> of:000000000000000d:3,0.002,0.0025,0.002,0.002,2.33,2026-06-18T03:20:42,0.002,2.33
route_mutation,20260618T032042_193238,of:0000000000000001:1 -> of:000000000000000b:1,0.003,0.00375,0.003,0.003,3.8,2026-06-18T03:20:42,0.003,3.56
route_mutation,20260618T032042_193238,of:0000000000000006:2 -> of:000000000000000a:2,0.002,0.0025,0.002,0.002,2.36,2026-06-18T03:20:42,0.002,2.3
route_mutation,20260618T032042_193238,of:0000000000000002:1 -> of:000000000000000b:4,0.002,0.0025,0.002,0.002,2.4,2026-06-18T03:20:42,0.002,2.36
route_mutation,20260618T032042_193238,of:0000000000000001:3 -> of:000000000000000d:1,0.002,0.0025,0.002,0.002,1.93,2026-06-18T03:20:42,0.002,2.0
route_mutation,20260618T032042_193238,of:0000000000000006:1 -> of:000000000000000d:4,0.002,0.0025,0.002,0.002,1.9,2026-06-18T03:20:42,0.002,1.8
route_mutation,20260618T032042_193238,of:0000000000000003:1 -> of:000000000000000b:5,0.003,0.00375,0.003,0.003,3.36,2026-06-18T03:20:42,0.003,3.16
route_mutation,20260618T032042_193238,of:0000000000000007:1 -> of:000000000000000d:5,0.002,0.0025,0.002,0.002,2.16,2026-06-18T03:20:42,0.002,2.06
route_mutation,20260618T032042_193238,of:0000000000000007:2 -> of:000000000000000a:3,0.002,0.0025,0.002,0.002,2.36,2026-06-18T03:20:42,0.002,2.3
route_mutation,20260618T032042_193238,of:0000000000000002:2 -> of:0000000000000008:2,0.002,0.0025,0.002,0.002,2.46,2026-06-18T03:20:42,0.002,2.36
route_mutation,20260618T032042_193238,of:0000000000000008:1 -> of:000000000000000b:6,0.002,0.0025,0.002,0.002,1.8,2026-06-18T03:20:42,0.002,1.73
route_mutation,20260618T032042_193238,of:0000000000000009:1 -> of:000000000000000c:6,0.002,0.0025,0.002,0.002,1.8,2026-06-18T03:20:42,0.002,1.73
route_mutation,20260618T032042_193238,of:0000000000000001:2 -> of:000000000000000c:1,0.002,0.0025,0.002,0.002,2.86,2026-06-18T03:20:42,0.002,2.8
route_mutation,20260618T032042_193238,of:0000000000000003:2 -> of:0000000000000008:3,0.002,0.0025,0.002,0.002,2.5,2026-06-18T03:20:42,0.002,2.36
ip_shuffle,20260618T032112_427209,of:0000000000000005:1 -> of:000000000000000c:5,0.002,0.0025,0.002,0.002,2.46,2026-06-18T03:21:12,0.002,2.56
ip_shuffle,20260618T032112_427209,of:000000000000000a:1 -> of:000000000000000d:6,0.002,0.0025,0.002,0.002,2.0,2026-06-18T03:21:12,0.002,2.03
ip_shuffle,20260618T032112_427209,of:000000000000000b:2 -> of:000000000000000c:2,0.002,0.0025,0.002,0.002,2.66,2026-06-18T03:21:12,0.002,2.66
ip_shuffle,20260618T032112_427209,of:0000000000000004:2 -> of:0000000000000009:2,0.002,0.0025,0.002,0.002,2.56,2026-06-18T03:21:12,0.002,2.63
ip_shuffle,20260618T032112_427209,of:0000000000000005:2 -> of:0000000000000009:3,0.002,0.0025,0.002,0.002,2.56,2026-06-18T03:21:12,0.002,2.63
ip_shuffle,20260618T032112_427209,of:000000000000000b:3 -> of:000000000000000d:2,0.002,0.0025,0.002,0.002,2.7,2026-06-18T03:21:12,0.002,2.7
ip_shuffle,20260618T032112_427209,of:0000000000000004:1 -> of:000000000000000c:4,0.002,0.0025,0.002,0.002,1.83,2026-06-18T03:21:12,0.002,2.0
ip_shuffle,20260618T032112_427209,of:000000000000000c:3 -> of:000000000000000d:3,0.002,0.0025,0.002,0.002,2.7,2026-06-18T03:21:12,0.002,2.7
ip_shuffle,20260618T032112_427209,of:0000000000000001:1 -> of:000000000000000b:1,0.002,0.0025,0.002,0.002,1.93,2026-06-18T03:21:12,0.002,1.93
ip_shuffle,20260618T032112_427209,of:0000000000000006:2 -> of:000000000000000a:2,0.002,0.0025,0.002,0.002,2.63,2026-06-18T03:21:12,0.002,2.63
ip_shuffle,20260618T032112_427209,of:0000000000000002:1 -> of:000000000000000b:4,0.002,0.0025,0.002,0.002,1.8,2026-06-18T03:21:12,0.002,2.0
ip_shuffle,20260618T032112_427209,of:0000000000000001:3 -> of:000000000000000d:1,0.003,0.00375,0.003,0.003,3.73,2026-06-18T03:21:12,0.003,3.86
ip_shuffle,20260618T032112_427209,of:0000000000000006:1 -> of:000000000000000d:4,0.003,0.00375,0.003,0.002,2.93,2026-06-18T03:21:12,0.003,3.13
ip_shuffle,20260618T032112_427209,of:0000000000000003:1 -> of:000000000000000b:5,0.002,0.0025,0.002,0.002,1.83,2026-06-18T03:21:12,0.002,2.0
ip_shuffle,20260618T032112_427209,of:0000000000000007:1 -> of:000000000000000d:5,0.002,0.0025,0.002,0.002,2.76,2026-06-18T03:21:12,0.002,2.8
ip_shuffle,20260618T032112_427209,of:0000000000000007:2 -> of:000000000000000a:3,0.002,0.0025,0.002,0.002,2.66,2026-06-18T03:21:12,0.002,2.66
ip_shuffle,20260618T032112_427209,of:0000000000000002:2 -> of:0000000000000008:2,0.002,0.0025,0.002,0.002,2.46,2026-06-18T03:21:12,0.002,2.6
ip_shuffle,20260618T032112_427209,of:0000000000000008:1 -> of:000000000000000b:6,0.002,0.0025,0.002,0.002,2.0,2026-06-18T03:21:12,0.002,2.0
ip_shuffle,20260618T032112_427209,of:0000000000000009:1 -> of:000000000000000c:6,0.002,0.0025,0.002,0.002,2.0,2026-06-18T03:21:12,0.002,2.0
ip_shuffle,20260618T032112_427209,of:0000000000000001:2 -> of:000000000000000c:1,0.002,0.0025,0.002,0.002,2.53,2026-06-18T03:21:12,0.002,2.53
ip_shuffle,20260618T032112_427209,of:0000000000000003:2 -> of:0000000000000008:3,0.002,0.0025,0.002,0.002,2.56,2026-06-18T03:21:12,0.002,2.63
route_mutation,20260618T032216_479236,of:0000000000000005:1 -> of:000000000000000c:5,0.002,0.0025,0.002,0.002,2.1,2026-06-18T03:22:16,0.002,2.0
route_mutation,20260618T032216_479236,of:000000000000000a:1 -> of:000000000000000d:6,0.002,0.0025,0.002,0.002,2.06,2026-06-18T03:22:16,0.002,2.06
route_mutation,20260618T032216_479236,of:000000000000000b:2 -> of:000000000000000c:2,0.002,0.0025,0.002,0.002,2.79,2026-06-18T03:22:16,0.002,2.79
route_mutation,20260618T032216_479236,of:0000000000000004:2 -> of:0000000000000009:2,0.002,0.0025,0.002,0.002,2.89,2026-06-18T03:22:16,0.002,2.76
route_mutation,20260618T032216_479236,of:0000000000000005:2 -> of:0000000000000009:3,0.002,0.0025,0.002,0.002,2.89,2026-06-18T03:22:16,0.002,2.76
route_mutation,20260618T032216_479236,of:000000000000000b:3 -> of:000000000000000d:2,0.002,0.0025,0.002,0.002,3.06,2026-06-18T03:22:16,0.002,3.06
route_mutation,20260618T032216_479236,of:0000000000000004:1 -> of:000000000000000c:4,0.002,0.0025,0.002,0.002,2.1,2026-06-18T03:22:16,0.002,2.0
route_mutation,20260618T032216_479236,of:000000000000000c:3 -> of:000000000000000d:3,0.002,0.0025,0.002,0.002,2.86,2026-06-18T03:22:16,0.002,2.86
route_mutation,20260618T032216_479236,of:0000000000000001:1 -> of:000000000000000b:1,0.003,0.00375,0.003,0.003,4.23,2026-06-18T03:22:16,0.003,4.03
route_mutation,20260618T032216_479236,of:0000000000000006:2 -> of:000000000000000a:2,0.002,0.0025,0.002,0.002,2.83,2026-06-18T03:22:16,0.002,2.76
route_mutation,20260618T032216_479236,of:0000000000000002:1 -> of:000000000000000b:4,0.003,0.00375,0.003,0.003,3.83,2026-06-18T03:22:16,0.003,3.76
route_mutation,20260618T032216_479236,of:0000000000000001:3 -> of:000000000000000d:1,0.002,0.0025,0.002,0.002,2.13,2026-06-18T03:22:16,0.002,2.23
route_mutation,20260618T032216_479236,of:0000000000000006:1 -> of:000000000000000d:4,0.002,0.0025,0.002,0.002,2.36,2026-06-18T03:22:16,0.002,2.33
route_mutation,20260618T032216_479236,of:0000000000000003:1 -> of:000000000000000b:5,0.002,0.0025,0.002,0.002,2.93,2026-06-18T03:22:16,0.002,2.83
route_mutation,20260618T032216_479236,of:0000000000000007:1 -> of:000000000000000d:5,0.002,0.0025,0.002,0.002,2.3,2026-06-18T03:22:16,0.002,2.16
route_mutation,20260618T032216_479236,of:0000000000000007:2 -> of:000000000000000a:3,0.002,0.0025,0.002,0.002,2.83,2026-06-18T03:22:16,0.002,2.79
route_mutation,20260618T032216_479236,of:0000000000000002:2 -> of:0000000000000008:2,0.002,0.0025,0.002,0.002,2.86,2026-06-18T03:22:16,0.002,2.73
route_mutation,20260618T032216_479236,of:0000000000000008:1 -> of:000000000000000b:6,0.002,0.0025,0.002,0.002,2.06,2026-06-18T03:22:16,0.002,2.0
route_mutation,20260618T032216_479236,of:0000000000000009:1 -> of:000000000000000c:6,0.002,0.0025,0.002,0.002,2.06,2026-06-18T03:22:16,0.002,2.0
route_mutation,20260618T032216_479236,of:0000000000000001:2 -> of:000000000000000c:1,0.002,0.0025,0.002,0.002,2.13,2026-06-18T03:22:16,0.002,1.93
route_mutation,20260618T032216_479236,of:0000000000000003:2 -> of:0000000000000008:3,0.002,0.0025,0.002,0.002,2.89,2026-06-18T03:22:16,0.002,2.76
ip_shuffle,20260618T032246_732706,of:0000000000000005:1 -> of:000000000000000c:5,0.002,0.0025,0.002,0.002,2.4,2026-06-18T03:22:46,0.002,2.46
ip_shuffle,20260618T032246_732706,of:000000000000000a:1 -> of:000000000000000d:6,0.002,0.0025,0.002,0.002,1.66,2026-06-18T03:22:46,0.002,1.7
ip_shuffle,20260618T032246_732706,of:000000000000000b:2 -> of:000000000000000c:2,0.002,0.0025,0.002,0.002,2.0,2026-06-18T03:22:46,0.002,2.0
ip_shuffle,20260618T032246_732706,of:0000000000000004:2 -> of:0000000000000009:2,0.002,0.0025,0.002,0.002,1.93,2026-06-18T03:22:46,0.002,2.0
ip_shuffle,20260618T032246_732706,of:0000000000000005:2 -> of:0000000000000009:3,0.002,0.0025,0.002,0.002,1.93,2026-06-18T03:22:46,0.002,2.0
ip_shuffle,20260618T032246_732706,of:000000000000000b:3 -> of:000000000000000d:2,0.002,0.0025,0.002,0.002,2.1,2026-06-18T03:22:46,0.002,2.13
ip_shuffle,20260618T032246_732706,of:0000000000000004:1 -> of:000000000000000c:4,0.002,0.0025,0.002,0.002,2.33,2026-06-18T03:22:46,0.002,2.46
ip_shuffle,20260618T032246_732706,of:000000000000000c:3 -> of:000000000000000d:3,0.002,0.0025,0.002,0.002,2.0,2026-06-18T03:22:46,0.002,2.03
ip_shuffle,20260618T032246_732706,of:0000000000000001:1 -> of:000000000000000b:1,0.002,0.0025,0.002,0.002,2.43,2026-06-18T03:22:46,0.002,2.53
ip_shuffle,20260618T032246_732706,of:0000000000000006:2 -> of:000000000000000a:2,0.002,0.0025,0.002,0.002,2.0,2026-06-18T03:22:46,0.002,2.0
ip_shuffle,20260618T032246_732706,of:0000000000000002:1 -> of:000000000000000b:4,0.002,0.0025,0.002,0.001,1.56,2026-06-18T03:22:46,0.002,1.66
ip_shuffle,20260618T032246_732706,of:0000000000000001:3 -> of:000000000000000d:1,0.002,0.0025,0.002,0.002,2.36,2026-06-18T03:22:46,0.002,2.36
ip_shuffle,20260618T032246_732706,of:0000000000000006:1 -> of:000000000000000d:4,0.002,0.0025,0.002,0.002,2.2,2026-06-18T03:22:46,0.002,2.23
ip_shuffle,20260618T032246_732706,of:0000000000000003:1 -> of:000000000000000b:5,0.002,0.0025,0.002,0.002,2.43,2026-06-18T03:22:46,0.002,2.56
ip_shuffle,20260618T032246_732706,of:0000000000000007:1 -> of:000000000000000d:5,0.002,0.0025,0.002,0.002,1.76,2026-06-18T03:22:46,0.002,1.93
ip_shuffle,20260618T032246_732706,of:0000000000000007:2 -> of:000000000000000a:3,0.002,0.0025,0.002,0.002,2.03,2026-06-18T03:22:46,0.002,2.0
ip_shuffle,20260618T032246_732706,of:0000000000000002:2 -> of:0000000000000008:2,0.002,0.0025,0.002,0.002,1.96,2026-06-18T03:22:46,0.002,2.03
ip_shuffle,20260618T032246_732706,of:0000000000000008:1 -> of:000000000000000b:6,0.002,0.0025,0.002,0.002,1.66,2026-06-18T03:22:46,0.002,1.66
ip_shuffle,20260618T032246_732706,of:0000000000000009:1 -> of:000000000000000c:6,0.002,0.0025,0.002,0.002,1.66,2026-06-18T03:22:46,0.002,1.66
ip_shuffle,20260618T032246_732706,of:0000000000000001:2 -> of:000000000000000c:1,0.003,0.00375,0.003,0.003,3.2,2026-06-18T03:22:46,0.003,3.3
ip_shuffle,20260618T032246_732706,of:0000000000000003:2 -> of:0000000000000008:3,0.002,0.0025,0.002,0.002,1.93,2026-06-18T03:22:46,0.002,2.0
ip_shuffle,20260618T032350_829366,of:0000000000000005:1 -> of:000000000000000c:5,0.001,0.00125,0.001,0.001,1.36,2026-06-18T03:23:50,0.001,1.26
ip_shuffle,20260618T032350_829366,of:000000000000000a:1 -> of:000000000000000d:6,0.001,0.00125,0.001,0.001,1.33,2026-06-18T03:23:50,0.001,1.26
ip_shuffle,20260618T032350_829366,of:000000000000000b:2 -> of:000000000000000c:2,0.001,0.00125,0.001,0.001,1.33,2026-06-18T03:23:50,0.001,1.33
ip_shuffle,20260618T032350_829366,of:0000000000000004:2 -> of:0000000000000009:2,0.002,0.0025,0.002,0.002,1.43,2026-06-18T03:23:50,0.001,1.3
ip_shuffle,20260618T032350_829366,of:0000000000000005:2 -> of:0000000000000009:3,0.002,0.0025,0.002,0.002,1.43,2026-06-18T03:23:50,0.001,1.3
ip_shuffle,20260618T032350_829366,of:000000000000000b:3 -> of:000000000000000d:2,0.001,0.00125,0.001,0.001,1.4,2026-06-18T03:23:50,0.001,1.33
ip_shuffle,20260618T032350_829366,of:0000000000000004:1 -> of:000000000000000c:4,0.001,0.00125,0.001,0.001,1.36,2026-06-18T03:23:50,0.001,1.26
ip_shuffle,20260618T032350_829366,of:000000000000000c:3 -> of:000000000000000d:3,0.001,0.00125,0.001,0.001,1.4,2026-06-18T03:23:50,0.001,1.33
ip_shuffle,20260618T032350_829366,of:0000000000000001:1 -> of:000000000000000b:1,0.002,0.0025,0.002,0.002,1.4,2026-06-18T03:23:50,0.001,1.3
ip_shuffle,20260618T032350_829366,of:0000000000000006:2 -> of:000000000000000a:2,0.002,0.0025,0.002,0.002,1.43,2026-06-18T03:23:50,0.001,1.3
ip_shuffle,20260618T032350_829366,of:0000000000000002:1 -> of:000000000000000b:4,0.002,0.0025,0.002,0.002,1.43,2026-06-18T03:23:50,0.001,1.26
ip_shuffle,20260618T032350_829366,of:0000000000000001:3 -> of:000000000000000d:1,0.001,0.00125,0.001,0.001,1.43,2026-06-18T03:23:50,0.001,1.3
ip_shuffle,20260618T032350_829366,of:0000000000000006:1 -> of:000000000000000d:4,0.001,0.00125,0.001,0.001,1.36,2026-06-18T03:23:50,0.001,1.26
ip_shuffle,20260618T032350_829366,of:0000000000000003:1 -> of:000000000000000b:5,0.001,0.00125,0.001,0.001,1.33,2026-06-18T03:23:50,0.001,1.26
ip_shuffle,20260618T032350_829366,of:0000000000000007:1 -> of:000000000000000d:5,0.002,0.0025,0.002,0.002,1.43,2026-06-18T03:23:50,0.001,1.33
ip_shuffle,20260618T032350_829366,of:0000000000000007:2 -> of:000000000000000a:3,0.001,0.00125,0.001,0.001,1.36,2026-06-18T03:23:50,0.001,1.3
ip_shuffle,20260618T032350_829366,of:0000000000000002:2 -> of:0000000000000008:2,0.002,0.0025,0.002,0.002,1.4,2026-06-18T03:23:50,0.001,1.26
ip_shuffle,20260618T032350_829366,of:0000000000000008:1 -> of:000000000000000b:6,0.001,0.00125,0.001,0.001,1.26,2026-06-18T03:23:50,0.001,1.26
ip_shuffle,20260618T032350_829366,of:0000000000000009:1 -> of:000000000000000c:6,0.001,0.00125,0.001,0.001,1.33,2026-06-18T03:23:50,0.001,1.26
ip_shuffle,20260618T032350_829366,of:0000000000000001:2 -> of:000000000000000c:1,0.002,0.0025,0.002,0.002,1.4,2026-06-18T03:23:50,0.001,1.2
ip_shuffle,20260618T032350_829366,of:0000000000000003:2 -> of:0000000000000008:3,0.002,0.0025,0.002,0.002,1.4,2026-06-18T03:23:50,0.001,1.26
route_mutation,20260618T032448_496647,of:0000000000000005:1 -> of:000000000000000c:5,0.002,0.0025,0.002,0.002,2.4,2026-06-18T03:24:48,0.002,2.5
route_mutation,20260618T032448_496647,of:000000000000000a:1 -> of:000000000000000d:6,0.002,0.0025,0.002,0.002,1.6,2026-06-18T03:24:48,0.002,1.7
route_mutation,20260618T032448_496647,of:000000000000000b:2 -> of:000000000000000c:2,0.002,0.0025,0.002,0.002,2.03,2026-06-18T03:24:48,0.002,2.03
route_mutation,20260618T032448_496647,of:0000000000000004:2 -> of:0000000000000009:2,0.002,0.0025,0.002,0.002,1.93,2026-06-18T03:24:48,0.002,2.0
route_mutation,20260618T032448_496647,of:0000000000000005:2 -> of:0000000000000009:3,0.002,0.0025,0.002,0.002,1.93,2026-06-18T03:24:48,0.002,2.0
route_mutation,20260618T032448_496647,of:000000000000000b:3 -> of:000000000000000d:2,0.002,0.0025,0.002,0.002,2.0,2026-06-18T03:24:48,0.002,2.06
route_mutation,20260618T032448_496647,of:0000000000000004:1 -> of:000000000000000c:4,0.002,0.0025,0.002,0.002,2.4,2026-06-18T03:24:48,0.002,2.5
route_mutation,20260618T032448_496647,of:000000000000000c:3 -> of:000000000000000d:3,0.002,0.0025,0.002,0.002,2.0,2026-06-18T03:24:48,0.002,2.06
route_mutation,20260618T032448_496647,of:0000000000000001:1 -> of:000000000000000b:1,0.002,0.0025,0.002,0.002,2.26,2026-06-18T03:24:48,0.002,2.2
route_mutation,20260618T032448_496647,of:0000000000000006:2 -> of:000000000000000a:2,0.002,0.0025,0.002,0.002,1.96,2026-06-18T03:24:48,0.002,2.03
route_mutation,20260618T032448_496647,of:0000000000000002:1 -> of:000000000000000b:4,0.002,0.0025,0.002,0.002,1.63,2026-06-18T03:24:48,0.002,1.66
route_mutation,20260618T032448_496647,of:0000000000000001:3 -> of:000000000000000d:1,0.002,0.0025,0.002,0.002,2.43,2026-06-18T03:24:48,0.002,2.63
route_mutation,20260618T032448_496647,of:0000000000000006:1 -> of:000000000000000d:4,0.002,0.0025,0.002,0.002,2.63,2026-06-18T03:24:48,0.002,2.56
route_mutation,20260618T032448_496647,of:0000000000000003:1 -> of:000000000000000b:5,0.002,0.0025,0.002,0.002,2.2,2026-06-18T03:24:48,0.002,2.33
route_mutation,20260618T032448_496647,of:0000000000000007:1 -> of:000000000000000d:5,0.002,0.0025,0.002,0.002,1.66,2026-06-18T03:24:48,0.002,1.73
route_mutation,20260618T032448_496647,of:0000000000000007:2 -> of:000000000000000a:3,0.002,0.0025,0.002,0.002,1.96,2026-06-18T03:24:48,0.002,2.03
route_mutation,20260618T032448_496647,of:0000000000000002:2 -> of:0000000000000008:2,0.002,0.0025,0.002,0.002,1.96,2026-06-18T03:24:48,0.002,2.03
route_mutation,20260618T032448_496647,of:0000000000000008:1 -> of:000000000000000b:6,0.002,0.0025,0.002,0.002,1.66,2026-06-18T03:24:48,0.002,1.66
route_mutation,20260618T032448_496647,of:0000000000000009:1 -> of:000000000000000c:6,0.002,0.0025,0.002,0.002,1.66,2026-06-18T03:24:48,0.002,1.7
route_mutation,20260618T032448_496647,of:0000000000000001:2 -> of:000000000000000c:1,0.003,0.00375,0.003,0.003,3.23,2026-06-18T03:24:48,0.003,3.3
route_mutation,20260618T032448_496647,of:0000000000000003:2 -> of:0000000000000008:3,0.002,0.0025,0.002,0.002,1.96,2026-06-18T03:24:48,0.002,2.03
route_mutation,20260618T032518_675757,of:0000000000000005:1 -> of:000000000000000c:5,0.002,0.0025,0.002,0.002,1.8,2026-06-18T03:25:18,0.001,1.6
route_mutation,20260618T032518_675757,of:000000000000000a:1 -> of:000000000000000d:6,0.002,0.0025,0.002,0.002,1.7,2026-06-18T03:25:18,0.001,1.6
route_mutation,20260618T032518_675757,of:000000000000000b:2 -> of:000000000000000c:2,0.002,0.0025,0.002,0.002,2.03,2026-06-18T03:25:18,0.002,2.03
route_mutation,20260618T032518_675757,of:0000000000000004:2 -> of:0000000000000009:2,0.002,0.0025,0.002,0.002,2.23,2026-06-18T03:25:18,0.002,2.09
route_mutation,20260618T032518_675757,of:0000000000000005:2 -> of:0000000000000009:3,0.002,0.0025,0.002,0.002,2.26,2026-06-18T03:25:18,0.002,2.13
route_mutation,20260618T032518_675757,of:000000000000000b:3 -> of:000000000000000d:2,0.002,0.0025,0.002,0.002,2.09,2026-06-18T03:25:18,0.002,2.03
route_mutation,20260618T032518_675757,of:0000000000000004:1 -> of:000000000000000c:4,0.002,0.0025,0.002,0.002,1.8,2026-06-18T03:25:18,0.001,1.6
route_mutation,20260618T032518_675757,of:000000000000000c:3 -> of:000000000000000d:3,0.002,0.0025,0.002,0.002,2.06,2026-06-18T03:25:18,0.002,2.0
route_mutation,20260618T032518_675757,of:0000000000000001:1 -> of:000000000000000b:1,0.002,0.0025,0.002,0.002,1.76,2026-06-18T03:25:18,0.001,1.66
route_mutation,20260618T032518_675757,of:0000000000000006:2 -> of:000000000000000a:2,0.002,0.0025,0.002,0.002,2.19,2026-06-18T03:25:18,0.002,2.06
route_mutation,20260618T032518_675757,of:0000000000000002:1 -> of:000000000000000b:4,0.002,0.0025,0.002,0.002,1.8,2026-06-18T03:25:18,0.001,1.63
route_mutation,20260618T032518_675757,of:0000000000000001:3 -> of:000000000000000d:1,0.003,0.00375,0.003,0.003,3.09,2026-06-18T03:25:18,0.002,2.96
route_mutation,20260618T032518_675757,of:0000000000000006:1 -> of:000000000000000d:4,0.002,0.0025,0.002,0.002,1.86,2026-06-18T03:25:18,0.002,1.76
route_mutation,20260618T032518_675757,of:0000000000000003:1 -> of:000000000000000b:5,0.002,0.0025,0.002,0.002,1.8,2026-06-18T03:25:18,0.001,1.63
route_mutation,20260618T032518_675757,of:0000000000000007:1 -> of:000000000000000d:5,0.003,0.00375,0.003,0.003,2.96,2026-06-18T03:25:18,0.002,2.79
route_mutation,20260618T032518_675757,of:0000000000000007:2 -> of:000000000000000a:3,0.002,0.0025,0.002,0.002,2.13,2026-06-18T03:25:18,0.002,2.06
route_mutation,20260618T032518_675757,of:0000000000000002:2 -> of:0000000000000008:2,0.002,0.0025,0.002,0.002,2.23,2026-06-18T03:25:18,0.002,2.09
route_mutation,20260618T032518_675757,of:0000000000000008:1 -> of:000000000000000b:6,0.001,0.00125,0.001,0.001,1.63,2026-06-18T03:25:18,0.001,1.63
route_mutation,20260618T032518_675757,of:0000000000000009:1 -> of:000000000000000c:6,0.001,0.00125,0.001,0.001,1.63,2026-06-18T03:25:18,0.001,1.6
route_mutation,20260618T032518_675757,of:0000000000000001:2 -> of:000000000000000c:1,0.002,0.0025,0.002,0.002,1.73,2026-06-18T03:25:18,0.001,1.66
route_mutation,20260618T032518_675757,of:0000000000000003:2 -> of:0000000000000008:3,0.002,0.0025,0.002,0.002,2.23,2026-06-18T03:25:18,0.002,2.09
route_mutation,20260618T032548_944024,of:0000000000000005:1 -> of:000000000000000c:5,0.002,0.0025,0.002,0.002,1.63,2026-06-18T03:25:48,0.002,1.73
route_mutation,20260618T032548_944024,of:000000000000000a:1 -> of:000000000000000d:6,0.002,0.0025,0.002,0.002,1.73,2026-06-18T03:25:48,0.002,1.73
route_mutation,20260618T032548_944024,of:000000000000000b:2 -> of:000000000000000c:2,0.002,0.0025,0.002,0.002,2.13,2026-06-18T03:25:48,0.002,2.13
route_mutation,20260618T032548_944024,of:0000000000000004:2 -> of:0000000000000009:2,0.002,0.0025,0.002,0.002,2.03,2026-06-18T03:25:48,0.002,2.1
route_mutation,20260618T032548_944024,of:0000000000000005:2 -> of:0000000000000009:3,0.002,0.0025,0.002,0.002,2.03,2026-06-18T03:25:48,0.002,2.1
route_mutation,20260618T032548_944024,of:000000000000000b:3 -> of:000000000000000d:2,0.002,0.0025,0.002,0.002,2.16,2026-06-18T03:25:48,0.002,2.13
route_mutation,20260618T032548_944024,of:0000000000000004:1 -> of:000000000000000c:4,0.002,0.0025,0.002,0.002,1.63,2026-06-18T03:25:48,0.002,1.73
route_mutation,20260618T032548_944024,of:000000000000000c:3 -> of:000000000000000d:3,0.002,0.0025,0.002,0.002,2.13,2026-06-18T03:25:48,0.002,2.13
route_mutation,20260618T032548_944024,of:0000000000000001:1 -> of:000000000000000b:1,0.002,0.0025,0.002,0.002,2.6,2026-06-18T03:25:48,0.002,2.7
route_mutation,20260618T032548_944024,of:0000000000000006:2 -> of:000000000000000a:2,0.002,0.0025,0.002,0.002,2.06,2026-06-18T03:25:48,0.002,2.13
route_mutation,20260618T032548_944024,of:0000000000000002:1 -> of:000000000000000b:4,0.002,0.0025,0.002,0.002,2.66,2026-06-18T03:25:48,0.002,2.7
route_mutation,20260618T032548_944024,of:0000000000000001:3 -> of:000000000000000d:1,0.002,0.0025,0.002,0.002,1.73,2026-06-18T03:25:48,0.002,1.73
route_mutation,20260618T032548_944024,of:0000000000000006:1 -> of:000000000000000d:4,0.002,0.0025,0.002,0.002,1.7,2026-06-18T03:25:48,0.002,1.76
route_mutation,20260618T032548_944024,of:0000000000000003:1 -> of:000000000000000b:5,0.002,0.0025,0.002,0.002,1.96,2026-06-18T03:25:48,0.002,2.0
route_mutation,20260618T032548_944024,of:0000000000000007:1 -> of:000000000000000d:5,0.002,0.0025,0.002,0.002,1.66,2026-06-18T03:25:48,0.002,1.73
route_mutation,20260618T032548_944024,of:0000000000000007:2 -> of:000000000000000a:3,0.002,0.0025,0.002,0.002,2.13,2026-06-18T03:25:48,0.002,2.13
route_mutation,20260618T032548_944024,of:0000000000000002:2 -> of:0000000000000008:2,0.002,0.0025,0.002,0.002,2.03,2026-06-18T03:25:48,0.002,2.1
route_mutation,20260618T032548_944024,of:0000000000000008:1 -> of:000000000000000b:6,0.002,0.0025,0.002,0.002,1.73,2026-06-18T03:25:48,0.002,1.73
route_mutation,20260618T032548_944024,of:0000000000000009:1 -> of:000000000000000c:6,0.002,0.0025,0.002,0.002,1.73,2026-06-18T03:25:48,0.002,1.73
route_mutation,20260618T032548_944024,of:0000000000000001:2 -> of:000000000000000c:1,0.002,0.0025,0.002,0.002,1.66,2026-06-18T03:25:48,0.002,1.7
route_mutation,20260618T032548_944024,of:0000000000000003:2 -> of:0000000000000008:3,0.002,0.0025,0.002,0.002,2.03,2026-06-18T03:25:48,0.002,2.1
route_mutation,20260618T032619_194269,of:0000000000000005:1 -> of:000000000000000c:5,0.002,0.0025,0.002,0.002,1.93,2026-06-18T03:26:19,0.002,1.96
route_mutation,20260618T032619_194269,of:000000000000000a:1 -> of:000000000000000d:6,0.002,0.0025,0.002,0.002,1.86,2026-06-18T03:26:19,0.002,1.93
route_mutation,20260618T032619_194269,of:000000000000000b:2 -> of:000000000000000c:2,0.002,0.0025,0.002,0.002,2.53,2026-06-18T03:26:19,0.002,2.53
route_mutation,20260618T032619_194269,of:0000000000000004:2 -> of:0000000000000009:2,0.002,0.0025,0.002,0.002,2.5,2026-06-18T03:26:19,0.002,2.56
route_mutation,20260618T032619_194269,of:0000000000000005:2 -> of:0000000000000009:3,0.002,0.0025,0.002,0.002,2.5,2026-06-18T03:26:19,0.002,2.56
route_mutation,20260618T032619_194269,of:000000000000000b:3 -> of:000000000000000d:2,0.002,0.0025,0.002,0.002,2.56,2026-06-18T03:26:19,0.002,2.66
route_mutation,20260618T032619_194269,of:0000000000000004:1 -> of:000000000000000c:4,0.002,0.0025,0.002,0.002,2.66,2026-06-18T03:26:19,0.002,2.7
route_mutation,20260618T032619_194269,of:000000000000000c:3 -> of:000000000000000d:3,0.002,0.0025,0.002,0.002,2.53,2026-06-18T03:26:19,0.002,2.53
route_mutation,20260618T032619_194269,of:0000000000000001:1 -> of:000000000000000b:1,0.003,0.00375,0.003,0.003,3.93,2026-06-18T03:26:19,0.003,3.96
route_mutation,20260618T032619_194269,of:0000000000000006:2 -> of:000000000000000a:2,0.002,0.0025,0.002,0.002,2.46,2026-06-18T03:26:19,0.002,2.53
route_mutation,20260618T032619_194269,of:0000000000000002:1 -> of:000000000000000b:4,0.002,0.0025,0.002,0.002,2.63,2026-06-18T03:26:19,0.002,2.73
route_mutation,20260618T032619_194269,of:0000000000000001:3 -> of:000000000000000d:1,0.002,0.0025,0.002,0.002,2.0,2026-06-18T03:26:19,0.002,2.06
route_mutation,20260618T032619_194269,of:0000000000000006:1 -> of:000000000000000d:4,0.002,0.0025,0.002,0.002,2.1,2026-06-18T03:26:19,0.002,2.16
route_mutation,20260618T032619_194269,of:0000000000000003:1 -> of:000000000000000b:5,0.003,0.00375,0.003,0.003,3.2,2026-06-18T03:26:19,0.003,3.3
route_mutation,20260618T032619_194269,of:0000000000000007:1 -> of:000000000000000d:5,0.002,0.0025,0.002,0.002,1.86,2026-06-18T03:26:19,0.002,1.93
route_mutation,20260618T032619_194269,of:0000000000000007:2 -> of:000000000000000a:3,0.002,0.0025,0.002,0.002,2.56,2026-06-18T03:26:19,0.002,2.56
route_mutation,20260618T032619_194269,of:0000000000000002:2 -> of:0000000000000008:2,0.002,0.0025,0.002,0.002,2.5,2026-06-18T03:26:19,0.002,2.56
route_mutation,20260618T032619_194269,of:0000000000000008:1 -> of:000000000000000b:6,0.002,0.0025,0.002,0.002,1.93,2026-06-18T03:26:19,0.002,1.93
route_mutation,20260618T032619_194269,of:0000000000000009:1 -> of:000000000000000c:6,0.002,0.0025,0.002,0.002,1.96,2026-06-18T03:26:19,0.002,1.96
route_mutation,20260618T032619_194269,of:0000000000000001:2 -> of:000000000000000c:1,0.002,0.0025,0.002,0.002,2.6,2026-06-18T03:26:19,0.002,2.7
route_mutation,20260618T032619_194269,of:0000000000000003:2 -> of:0000000000000008:3,0.002,0.0025,0.002,0.002,2.5,2026-06-18T03:26:19,0.002,2.56
ip_shuffle,20260618T032649_461584,of:0000000000000005:1 -> of:000000000000000c:5,0.002,0.0025,0.002,0.002,2.7,2026-06-18T03:26:49,0.002,2.6
ip_shuffle,20260618T032649_461584,of:000000000000000a:1 -> of:000000000000000d:6,0.002,0.0025,0.002,0.002,1.9,2026-06-18T03:26:49,0.002,1.83
ip_shuffle,20260618T032649_461584,of:000000000000000b:2 -> of:000000000000000c:2,0.002,0.0025,0.002,0.002,2.46,2026-06-18T03:26:49,0.002,2.46
ip_shuffle,20260618T032649_461584,of:0000000000000004:2 -> of:0000000000000009:2,0.002,0.0025,0.002,0.002,2.56,2026-06-18T03:26:49,0.002,2.43
ip_shuffle,20260618T032649_461584,of:0000000000000005:2 -> of:0000000000000009:3,0.002,0.0025,0.002,0.002,2.56,2026-06-18T03:26:49,0.002,2.43
ip_shuffle,20260618T032649_461584,of:000000000000000b:3 -> of:000000000000000d:2,0.002,0.0025,0.002,0.002,2.53,2026-06-18T03:26:49,0.002,2.46
ip_shuffle,20260618T032649_461584,of:0000000000000004:1 -> of:000000000000000c:4,0.002,0.0025,0.002,0.002,2.0,2026-06-18T03:26:49,0.002,1.9
ip_shuffle,20260618T032649_461584,of:000000000000000c:3 -> of:000000000000000d:3,0.002,0.0025,0.002,0.002,2.46,2026-06-18T03:26:49,0.002,2.46
ip_shuffle,20260618T032649_461584,of:0000000000000001:1 -> of:000000000000000b:1,0.002,0.0025,0.002,0.002,1.96,2026-06-18T03:26:49,0.002,1.76
ip_shuffle,20260618T032649_461584,of:0000000000000006:2 -> of:000000000000000a:2,0.002,0.0025,0.002,0.002,2.56,2026-06-18T03:26:49,0.002,2.43
ip_shuffle,20260618T032649_461584,of:0000000000000002:1 -> of:000000000000000b:4,0.002,0.0025,0.002,0.002,1.9,2026-06-18T03:26:49,0.002,1.83
ip_shuffle,20260618T032649_461584,of:0000000000000001:3 -> of:000000000000000d:1,0.003,0.00375,0.003,0.003,3.7,2026-06-18T03:26:49,0.003,3.66
ip_shuffle,20260618T032649_461584,of:0000000000000006:1 -> of:000000000000000d:4,0.003,0.00375,0.003,0.003,3.03,2026-06-18T03:26:49,0.002,2.93
ip_shuffle,20260618T032649_461584,of:0000000000000003:1 -> of:000000000000000b:5,0.002,0.0025,0.002,0.002,1.9,2026-06-18T03:26:49,0.002,1.83
ip_shuffle,20260618T032649_461584,of:0000000000000007:1 -> of:000000000000000d:5,0.002,0.0025,0.002,0.002,2.73,2026-06-18T03:26:49,0.002,2.53
ip_shuffle,20260618T032649_461584,of:0000000000000007:2 -> of:000000000000000a:3,0.002,0.0025,0.002,0.002,2.43,2026-06-18T03:26:49,0.002,2.43
ip_shuffle,20260618T032649_461584,of:0000000000000002:2 -> of:0000000000000008:2,0.002,0.0025,0.002,0.002,2.5,2026-06-18T03:26:49,0.002,2.36
ip_shuffle,20260618T032649_461584,of:0000000000000008:1 -> of:000000000000000b:6,0.002,0.0025,0.002,0.002,1.8,2026-06-18T03:26:49,0.002,1.83
ip_shuffle,20260618T032649_461584,of:0000000000000009:1 -> of:000000000000000c:6,0.002,0.0025,0.002,0.002,1.83,2026-06-18T03:26:49,0.002,1.83
ip_shuffle,20260618T032649_461584,of:0000000000000001:2 -> of:000000000000000c:1,0.002,0.0025,0.002,0.002,2.83,2026-06-18T03:26:49,0.002,2.63
ip_shuffle,20260618T032649_461584,of:0000000000000003:2 -> of:0000000000000008:3,0.002,0.0025,0.002,0.002,2.5,2026-06-18T03:26:49,0.002,2.36
route_mutation,20260618T032747_139347,of:0000000000000005:1 -> of:000000000000000c:5,0.002,0.0025,0.002,0.002,2.0,2026-06-18T03:27:47,0.002,2.1
route_mutation,20260618T032747_139347,of:000000000000000a:1 -> of:000000000000000d:6,0.002,0.0025,0.002,0.002,2.06,2026-06-18T03:27:47,0.002,2.13
route_mutation,20260618T032747_139347,of:000000000000000b:2 -> of:000000000000000c:2,0.002,0.0025,0.002,0.002,2.86,2026-06-18T03:27:47,0.002,2.86
route_mutation,20260618T032747_139347,of:0000000000000004:2 -> of:0000000000000009:2,0.002,0.0025,0.002,0.002,2.69,2026-06-18T03:27:47,0.002,2.76
route_mutation,20260618T032747_139347,of:0000000000000005:2 -> of:0000000000000009:3,0.002,0.0025,0.002,0.002,2.73,2026-06-18T03:27:47,0.002,2.79
route_mutation,20260618T032747_139347,of:000000000000000b:3 -> of:000000000000000d:2,0.002,0.0025,0.002,0.002,2.99,2026-06-18T03:27:47,0.002,2.99
route_mutation,20260618T032747_139347,of:0000000000000004:1 -> of:000000000000000c:4,0.002,0.0025,0.002,0.002,1.9,2026-06-18T03:27:47,0.002,2.1
route_mutation,20260618T032747_139347,of:000000000000000c:3 -> of:000000000000000d:3,0.002,0.0025,0.002,0.002,2.86,2026-06-18T03:27:47,0.002,2.86
route_mutation,20260618T032747_139347,of:0000000000000001:1 -> of:000000000000000b:1,0.003,0.00375,0.003,0.003,3.96,2026-06-18T03:27:47,0.003,4.12
route_mutation,20260618T032747_139347,of:0000000000000006:2 -> of:000000000000000a:2,0.002,0.0025,0.002,0.002,2.76,2026-06-18T03:27:47,0.002,2.83
route_mutation,20260618T032747_139347,of:0000000000000002:1 -> of:000000000000000b:4,0.003,0.00375,0.003,0.003,3.73,2026-06-18T03:27:47,0.003,3.86
route_mutation,20260618T032747_139347,of:0000000000000001:3 -> of:000000000000000d:1,0.002,0.0025,0.002,0.002,2.16,2026-06-18T03:27:47,0.002,2.16
route_mutation,20260618T032747_139347,of:0000000000000006:1 -> of:000000000000000d:4,0.002,0.0025,0.002,0.002,2.26,2026-06-18T03:27:47,0.002,2.36
route_mutation,20260618T032747_139347,of:0000000000000003:1 -> of:000000000000000b:5,0.002,0.0025,0.002,0.002,2.63,2026-06-18T03:27:47,0.002,2.69
route_mutation,20260618T032747_139347,of:0000000000000007:1 -> of:000000000000000d:5,0.002,0.0025,0.002,0.002,2.0,2026-06-18T03:27:47,0.002,2.1
route_mutation,20260618T032747_139347,of:0000000000000007:2 -> of:000000000000000a:3,0.002,0.0025,0.002,0.002,2.83,2026-06-18T03:27:47,0.002,2.83
route_mutation,20260618T032747_139347,of:0000000000000002:2 -> of:0000000000000008:2,0.002,0.0025,0.002,0.002,2.69,2026-06-18T03:27:47,0.002,2.76
route_mutation,20260618T032747_139347,of:0000000000000008:1 -> of:000000000000000b:6,0.002,0.0025,0.002,0.002,2.06,2026-06-18T03:27:47,0.002,2.1
route_mutation,20260618T032747_139347,of:0000000000000009:1 -> of:000000000000000c:6,0.002,0.0025,0.002,0.002,2.1,2026-06-18T03:27:47,0.002,2.1
route_mutation,20260618T032747_139347,of:0000000000000001:2 -> of:000000000000000c:1,0.002,0.0025,0.002,0.002,2.03,2026-06-18T03:27:47,0.002,2.03
route_mutation,20260618T032747_139347,of:0000000000000003:2 -> of:0000000000000008:3,0.002,0.0025,0.002,0.002,2.69,2026-06-18T03:27:47,0.002,2.76
ip_shuffle,20260618T032817_403155,of:0000000000000005:1 -> of:000000000000000c:5,0.002,0.0025,0.002,0.002,2.5,2026-06-18T03:28:17,0.002,2.33
ip_shuffle,20260618T032817_403155,of:000000000000000a:1 -> of:000000000000000d:6,0.002,0.0025,0.002,0.002,1.66,2026-06-18T03:28:17,0.001,1.53
ip_shuffle,20260618T032817_403155,of:000000000000000b:2 -> of:000000000000000c:2,0.002,0.0025,0.002,0.002,1.86,2026-06-18T03:28:17,0.002,1.86
ip_shuffle,20260618T032817_403155,of:0000000000000004:2 -> of:0000000000000009:2,0.002,0.0025,0.002,0.002,2.1,2026-06-18T03:28:17,0.002,1.96
ip_shuffle,20260618T032817_403155,of:0000000000000005:2 -> of:0000000000000009:3,0.002,0.0025,0.002,0.002,2.06,2026-06-18T03:28:17,0.002,1.93
ip_shuffle,20260618T032817_403155,of:000000000000000b:3 -> of:000000000000000d:2,0.002,0.0025,0.002,0.002,1.93,2026-06-18T03:28:17,0.002,1.86
ip_shuffle,20260618T032817_403155,of:0000000000000004:1 -> of:000000000000000c:4,0.002,0.0025,0.002,0.002,2.53,2026-06-18T03:28:17,0.002,2.33
ip_shuffle,20260618T032817_403155,of:000000000000000c:3 -> of:000000000000000d:3,0.002,0.0025,0.002,0.002,1.86,2026-06-18T03:28:17,0.002,1.86
ip_shuffle,20260618T032817_403155,of:0000000000000001:1 -> of:000000000000000b:1,0.002,0.0025,0.002,0.002,2.73,2026-06-18T03:28:17,0.002,2.46
ip_shuffle,20260618T032817_403155,of:0000000000000006:2 -> of:000000000000000a:2,0.002,0.0025,0.002,0.002,2.03,2026-06-18T03:28:17,0.002,1.9
ip_shuffle,20260618T032817_403155,of:0000000000000002:1 -> of:000000000000000b:4,0.002,0.0025,0.002,0.002,1.73,2026-06-18T03:28:17,0.001,1.53
ip_shuffle,20260618T032817_403155,of:0000000000000001:3 -> of:000000000000000d:1,0.002,0.0025,0.002,0.002,2.1,2026-06-18T03:28:17,0.002,2.13
ip_shuffle,20260618T032817_403155,of:0000000000000006:1 -> of:000000000000000d:4,0.002,0.0025,0.002,0.002,2.26,2026-06-18T03:28:17,0.002,2.06
ip_shuffle,20260618T032817_403155,of:0000000000000003:1 -> of:000000000000000b:5,0.002,0.0025,0.002,0.002,2.63,2026-06-18T03:28:17,0.002,2.56
ip_shuffle,20260618T032817_403155,of:0000000000000007:1 -> of:000000000000000d:5,0.002,0.0025,0.002,0.002,1.7,2026-06-18T03:28:17,0.001,1.53
ip_shuffle,20260618T032817_403155,of:0000000000000007:2 -> of:000000000000000a:3,0.002,0.0025,0.002,0.002,1.96,2026-06-18T03:28:17,0.002,1.9
ip_shuffle,20260618T032817_403155,of:0000000000000002:2 -> of:0000000000000008:2,0.002,0.0025,0.002,0.002,2.1,2026-06-18T03:28:17,0.002,1.96
ip_shuffle,20260618T032817_403155,of:0000000000000008:1 -> of:000000000000000b:6,0.002,0.0025,0.002,0.002,1.63,2026-06-18T03:28:17,0.001,1.53
ip_shuffle,20260618T032817_403155,of:0000000000000009:1 -> of:000000000000000c:6,0.001,0.00125,0.001,0.001,1.53,2026-06-18T03:28:17,0.001,1.53
ip_shuffle,20260618T032817_403155,of:0000000000000001:2 -> of:000000000000000c:1,0.003,0.00375,0.003,0.003,3.26,2026-06-18T03:28:17,0.003,3.16
ip_shuffle,20260618T032817_403155,of:0000000000000003:2 -> of:0000000000000008:3,0.002,0.0025,0.002,0.002,2.1,2026-06-18T03:28:17,0.002,1.96
route_mutation,20260618T032921_437061,of:0000000000000005:1 -> of:000000000000000c:5,0.002,0.0025,0.002,0.002,1.53,2026-06-18T03:29:21,0.002,1.63
route_mutation,20260618T032921_437061,of:000000000000000a:1 -> of:000000000000000d:6,0.002,0.0025,0.002,0.002,1.56,2026-06-18T03:29:21,0.002,1.63
route_mutation,20260618T032921_437061,of:000000000000000b:2 -> of:000000000000000c:2,0.002,0.0025,0.002,0.002,1.93,2026-06-18T03:29:21,0.002,1.93
route_mutation,20260618T032921_437061,of:0000000000000004:2 -> of:0000000000000009:2,0.002,0.0025,0.002,0.002,1.83,2026-06-18T03:29:21,0.002,1.9
route_mutation,20260618T032921_437061,of:0000000000000005:2 -> of:0000000000000009:3,0.002,0.0025,0.002,0.002,1.83,2026-06-18T03:29:21,0.002,1.9
route_mutation,20260618T032921_437061,of:000000000000000b:3 -> of:000000000000000d:2,0.002,0.0025,0.002,0.002,1.96,2026-06-18T03:29:21,0.002,1.93
route_mutation,20260618T032921_437061,of:0000000000000004:1 -> of:000000000000000c:4,0.002,0.0025,0.002,0.001,1.46,2026-06-18T03:29:21,0.002,1.63
route_mutation,20260618T032921_437061,of:000000000000000c:3 -> of:000000000000000d:3,0.002,0.0025,0.002,0.002,1.93,2026-06-18T03:29:21,0.002,1.93
route_mutation,20260618T032921_437061,of:0000000000000001:1 -> of:000000000000000b:1,0.002,0.0025,0.002,0.002,2.2,2026-06-18T03:29:21,0.002,2.33
route_mutation,20260618T032921_437061,of:0000000000000006:2 -> of:000000000000000a:2,0.002,0.0025,0.002,0.002,1.9,2026-06-18T03:29:21,0.002,1.9
route_mutation,20260618T032921_437061,of:0000000000000002:1 -> of:000000000000000b:4,0.002,0.0025,0.002,0.002,2.2,2026-06-18T03:29:21,0.002,2.3
route_mutation,20260618T032921_437061,of:0000000000000001:3 -> of:000000000000000d:1,0.002,0.0025,0.002,0.002,1.6,2026-06-18T03:29:21,0.002,1.56
route_mutation,20260618T032921_437061,of:0000000000000006:1 -> of:000000000000000d:4,0.002,0.0025,0.002,0.002,1.53,2026-06-18T03:29:21,0.002,1.63
route_mutation,20260618T032921_437061,of:0000000000000003:1 -> of:000000000000000b:5,0.002,0.0025,0.002,0.002,1.6,2026-06-18T03:29:21,0.002,1.76
route_mutation,20260618T032921_437061,of:0000000000000007:1 -> of:000000000000000d:5,0.002,0.0025,0.002,0.002,1.56,2026-06-18T03:29:21,0.002,1.63
route_mutation,20260618T032921_437061,of:0000000000000007:2 -> of:000000000000000a:3,0.002,0.0025,0.002,0.002,1.93,2026-06-18T03:29:21,0.002,1.93
route_mutation,20260618T032921_437061,of:0000000000000002:2 -> of:0000000000000008:2,0.002,0.0025,0.002,0.002,1.76,2026-06-18T03:29:21,0.002,1.9
route_mutation,20260618T032921_437061,of:0000000000000008:1 -> of:000000000000000b:6,0.002,0.0025,0.002,0.002,1.66,2026-06-18T03:29:21,0.002,1.66
route_mutation,20260618T032921_437061,of:0000000000000009:1 -> of:000000000000000c:6,0.002,0.0025,0.002,0.002,1.63,2026-06-18T03:29:21,0.002,1.63
route_mutation,20260618T032921_437061,of:0000000000000001:2 -> of:000000000000000c:1,0.002,0.0025,0.002,0.002,1.56,2026-06-18T03:29:21,0.002,1.56
route_mutation,20260618T032921_437061,of:0000000000000003:2 -> of:0000000000000008:3,0.002,0.0025,0.002,0.002,1.83,2026-06-18T03:29:21,0.002,1.9
ip_shuffle,20260618T032951_700742,of:0000000000000005:1 -> of:000000000000000c:5,0.002,0.0025,0.002,0.002,2.16,2026-06-18T03:29:51,0.002,2.0
ip_shuffle,20260618T032951_700742,of:000000000000000a:1 -> of:000000000000000d:6,0.002,0.0025,0.002,0.002,2.13,2026-06-18T03:29:51,0.002,2.0
ip_shuffle,20260618T032951_700742,of:000000000000000b:2 -> of:000000000000000c:2,0.002,0.0025,0.002,0.002,2.8,2026-06-18T03:29:51,0.002,2.8
ip_shuffle,20260618T032951_700742,of:0000000000000004:2 -> of:0000000000000009:2,0.002,0.0025,0.002,0.002,2.96,2026-06-18T03:29:51,0.002,2.83
ip_shuffle,20260618T032951_700742,of:0000000000000005:2 -> of:0000000000000009:3,0.002,0.0025,0.002,0.002,2.96,2026-06-18T03:29:51,0.002,2.83
ip_shuffle,20260618T032951_700742,of:000000000000000b:3 -> of:000000000000000d:2,0.002,0.0025,0.002,0.002,3.0,2026-06-18T03:29:51,0.002,2.96
ip_shuffle,20260618T032951_700742,of:0000000000000004:1 -> of:000000000000000c:4,0.002,0.0025,0.002,0.002,2.3,2026-06-18T03:29:51,0.002,2.13
ip_shuffle,20260618T032951_700742,of:000000000000000c:3 -> of:000000000000000d:3,0.002,0.0025,0.002,0.002,2.8,2026-06-18T03:29:51,0.002,2.8
ip_shuffle,20260618T032951_700742,of:0000000000000001:1 -> of:000000000000000b:1,0.003,0.00375,0.003,0.003,4.46,2026-06-18T03:29:51,0.003,4.26
ip_shuffle,20260618T032951_700742,of:0000000000000006:2 -> of:000000000000000a:2,0.002,0.0025,0.002,0.002,2.9,2026-06-18T03:29:51,0.002,2.83
ip_shuffle,20260618T032951_700742,of:0000000000000002:1 -> of:000000000000000b:4,0.002,0.0025,0.002,0.002,3.23,2026-06-18T03:29:51,0.002,3.13
ip_shuffle,20260618T032951_700742,of:0000000000000001:3 -> of:000000000000000d:1,0.002,0.0025,0.002,0.002,2.26,2026-06-18T03:29:51,0.002,2.23
ip_shuffle,20260618T032951_700742,of:0000000000000006:1 -> of:000000000000000d:4,0.002,0.0025,0.002,0.002,2.5,2026-06-18T03:29:51,0.002,2.33
ip_shuffle,20260618T032951_700742,of:0000000000000003:1 -> of:000000000000000b:5,0.003,0.00375,0.003,0.003,3.63,2026-06-18T03:29:51,0.003,3.46
ip_shuffle,20260618T032951_700742,of:0000000000000007:1 -> of:000000000000000d:5,0.002,0.0025,0.002,0.002,2.13,2026-06-18T03:29:51,0.002,2.0
ip_shuffle,20260618T032951_700742,of:0000000000000007:2 -> of:000000000000000a:3,0.002,0.0025,0.002,0.002,2.9,2026-06-18T03:29:51,0.002,2.83
ip_shuffle,20260618T032951_700742,of:0000000000000002:2 -> of:0000000000000008:2,0.002,0.0025,0.002,0.002,2.96,2026-06-18T03:29:51,0.002,2.83
ip_shuffle,20260618T032951_700742,of:0000000000000008:1 -> of:000000000000000b:6,0.002,0.0025,0.002,0.002,2.06,2026-06-18T03:29:51,0.002,2.0
ip_shuffle,20260618T032951_700742,of:0000000000000009:1 -> of:000000000000000c:6,0.002,0.0025,0.002,0.002,2.0,2026-06-18T03:29:51,0.002,2.0
ip_shuffle,20260618T032951_700742,of:0000000000000001:2 -> of:000000000000000c:1,0.002,0.0025,0.002,0.002,2.23,2026-06-18T03:29:51,0.002,2.16
ip_shuffle,20260618T032951_700742,of:0000000000000003:2 -> of:0000000000000008:3,0.002,0.0025,0.002,0.002,2.96,2026-06-18T03:29:51,0.002,2.83
route_mutation,20260618T033049_301157,of:0000000000000005:1 -> of:000000000000000c:5,0.002,0.0025,0.002,0.001,1.46,2026-06-18T03:30:49,0.002,1.5
route_mutation,20260618T033049_301157,of:000000000000000a:1 -> of:000000000000000d:6,0.002,0.0025,0.002,0.002,1.53,2026-06-18T03:30:49,0.002,1.5
route_mutation,20260618T033049_301157,of:000000000000000b:2 -> of:000000000000000c:2,0.002,0.0025,0.002,0.002,1.7,2026-06-18T03:30:49,0.002,1.7
route_mutation,20260618T033049_301157,of:0000000000000004:2 -> of:0000000000000009:2,0.002,0.0025,0.002,0.002,1.66,2026-06-18T03:30:49,0.002,1.73
route_mutation,20260618T033049_301157,of:0000000000000005:2 -> of:0000000000000009:3,0.002,0.0025,0.002,0.002,1.66,2026-06-18T03:30:49,0.002,1.73
route_mutation,20260618T033049_301157,of:000000000000000b:3 -> of:000000000000000d:2,0.002,0.0025,0.002,0.002,1.7,2026-06-18T03:30:49,0.002,1.7
route_mutation,20260618T033049_301157,of:0000000000000004:1 -> of:000000000000000c:4,0.002,0.0025,0.002,0.001,1.4,2026-06-18T03:30:49,0.002,1.5
route_mutation,20260618T033049_301157,of:000000000000000c:3 -> of:000000000000000d:3,0.002,0.0025,0.002,0.002,1.66,2026-06-18T03:30:49,0.002,1.66
route_mutation,20260618T033049_301157,of:0000000000000001:1 -> of:000000000000000b:1,0.002,0.0025,0.002,0.001,1.46,2026-06-18T03:30:49,0.002,1.53
route_mutation,20260618T033049_301157,of:0000000000000006:2 -> of:000000000000000a:2,0.002,0.0025,0.002,0.002,1.73,2026-06-18T03:30:49,0.002,1.73
route_mutation,20260618T033049_301157,of:0000000000000002:1 -> of:000000000000000b:4,0.002,0.0025,0.002,0.001,1.4,2026-06-18T03:30:49,0.002,1.53
route_mutation,20260618T033049_301157,of:0000000000000001:3 -> of:000000000000000d:1,0.002,0.0025,0.002,0.002,2.26,2026-06-18T03:30:49,0.002,2.2
route_mutation,20260618T033049_301157,of:0000000000000006:1 -> of:000000000000000d:4,0.002,0.0025,0.002,0.001,1.46,2026-06-18T03:30:49,0.002,1.5
route_mutation,20260618T033049_301157,of:0000000000000003:1 -> of:000000000000000b:5,0.002,0.0025,0.002,0.001,1.4,2026-06-18T03:30:49,0.002,1.53
route_mutation,20260618T033049_301157,of:0000000000000007:1 -> of:000000000000000d:5,0.002,0.0025,0.002,0.002,2.06,2026-06-18T03:30:49,0.002,2.13
route_mutation,20260618T033049_301157,of:0000000000000007:2 -> of:000000000000000a:3,0.002,0.0025,0.002,0.002,1.73,2026-06-18T03:30:49,0.002,1.73
route_mutation,20260618T033049_301157,of:0000000000000002:2 -> of:0000000000000008:2,0.002,0.0025,0.002,0.001,1.6,2026-06-18T03:30:49,0.002,1.73
route_mutation,20260618T033049_301157,of:0000000000000008:1 -> of:000000000000000b:6,0.002,0.0025,0.002,0.002,1.53,2026-06-18T03:30:49,0.002,1.53
route_mutation,20260618T033049_301157,of:0000000000000009:1 -> of:000000000000000c:6,0.002,0.0025,0.002,0.002,1.53,2026-06-18T03:30:49,0.002,1.5
route_mutation,20260618T033049_301157,of:0000000000000001:2 -> of:000000000000000c:1,0.002,0.0025,0.002,0.001,1.43,2026-06-18T03:30:49,0.002,1.53
route_mutation,20260618T033049_301157,of:0000000000000003:2 -> of:0000000000000008:3,0.002,0.0025,0.002,0.001,1.6,2026-06-18T03:30:49,0.002,1.73
route_mutation,20260618T033119_570155,of:0000000000000005:1 -> of:000000000000000c:5,0.002,0.0025,0.002,0.002,1.96,2026-06-18T03:31:19,0.002,1.9
route_mutation,20260618T033119_570155,of:000000000000000a:1 -> of:000000000000000d:6,0.002,0.0025,0.002,0.002,1.93,2026-06-18T03:31:19,0.002,1.9
route_mutation,20260618T033119_570155,of:000000000000000b:2 -> of:000000000000000c:2,0.002,0.0025,0.002,0.002,2.63,2026-06-18T03:31:19,0.002,2.56
route_mutation,20260618T033119_570155,of:0000000000000004:2 -> of:0000000000000009:2,0.002,0.0025,0.002,0.002,2.63,2026-06-18T03:31:19,0.002,2.5
route_mutation,20260618T033119_570155,of:0000000000000005:2 -> of:0000000000000009:3,0.002,0.0025,0.002,0.002,2.63,2026-06-18T03:31:19,0.002,2.5
route_mutation,20260618T033119_570155,of:000000000000000b:3 -> of:000000000000000d:2,0.002,0.0025,0.002,0.002,2.63,2026-06-18T03:31:19,0.002,2.56
route_mutation,20260618T033119_570155,of:0000000000000004:1 -> of:000000000000000c:4,0.002,0.0025,0.002,0.002,1.96,2026-06-18T03:31:19,0.002,1.9
route_mutation,20260618T033119_570155,of:000000000000000c:3 -> of:000000000000000d:3,0.002,0.0025,0.002,0.002,2.66,2026-06-18T03:31:19,0.002,2.6
route_mutation,20260618T033119_570155,of:0000000000000001:1 -> of:000000000000000b:1,0.003,0.00375,0.003,0.003,3.66,2026-06-18T03:31:19,0.003,3.56
route_mutation,20260618T033119_570155,of:0000000000000006:2 -> of:000000000000000a:2,0.002,0.0025,0.002,0.002,2.6,2026-06-18T03:31:19,0.002,2.53
route_mutation,20260618T033119_570155,of:0000000000000002:1 -> of:000000000000000b:4,0.003,0.00375,0.003,0.003,3.6,2026-06-18T03:31:19,0.003,3.5
route_mutation,20260618T033119_570155,of:0000000000000001:3 -> of:000000000000000d:1,0.002,0.0025,0.002,0.002,1.96,2026-06-18T03:31:19,0.002,1.83
route_mutation,20260618T033119_570155,of:0000000000000006:1 -> of:000000000000000d:4,0.002,0.0025,0.002,0.002,2.0,2026-06-18T03:31:19,0.002,1.9
route_mutation,20260618T033119_570155,of:0000000000000003:1 -> of:000000000000000b:5,0.002,0.0025,0.002,0.002,2.36,2026-06-18T03:31:19,0.002,2.16
route_mutation,20260618T033119_570155,of:0000000000000007:1 -> of:000000000000000d:5,0.002,0.0025,0.002,0.002,2.0,2026-06-18T03:31:19,0.002,1.9
route_mutation,20260618T033119_570155,of:0000000000000007:2 -> of:000000000000000a:3,0.002,0.0025,0.002,0.002,2.6,2026-06-18T03:31:19,0.002,2.53
route_mutation,20260618T033119_570155,of:0000000000000002:2 -> of:0000000000000008:2,0.002,0.0025,0.002,0.002,2.63,2026-06-18T03:31:19,0.002,2.5
route_mutation,20260618T033119_570155,of:0000000000000008:1 -> of:000000000000000b:6,0.002,0.0025,0.002,0.002,1.93,2026-06-18T03:31:19,0.002,1.86
route_mutation,20260618T033119_570155,of:0000000000000009:1 -> of:000000000000000c:6,0.002,0.0025,0.002,0.002,1.93,2026-06-18T03:31:19,0.002,1.9
route_mutation,20260618T033119_570155,of:0000000000000001:2 -> of:000000000000000c:1,0.002,0.0025,0.002,0.002,2.03,2026-06-18T03:31:19,0.002,1.83
route_mutation,20260618T033119_570155,of:0000000000000003:2 -> of:0000000000000008:3,0.002,0.0025,0.002,0.002,2.63,2026-06-18T03:31:19,0.002,2.5
route_mutation,20260618T033149_827249,of:0000000000000005:1 -> of:000000000000000c:5,0.002,0.0025,0.002,0.002,2.63,2026-06-18T03:31:49,0.002,2.53
route_mutation,20260618T033149_827249,of:000000000000000a:1 -> of:000000000000000d:6,0.002,0.0025,0.002,0.002,1.76,2026-06-18T03:31:49,0.002,1.8
route_mutation,20260618T033149_827249,of:000000000000000b:2 -> of:000000000000000c:2,0.002,0.0025,0.002,0.002,2.16,2026-06-18T03:31:49,0.002,2.23
route_mutation,20260618T033149_827249,of:0000000000000004:2 -> of:0000000000000009:2,0.002,0.0025,0.002,0.002,2.2,2026-06-18T03:31:49,0.002,2.26
route_mutation,20260618T033149_827249,of:0000000000000005:2 -> of:0000000000000009:3,0.002,0.0025,0.002,0.002,2.23,2026-06-18T03:31:49,0.002,2.26
route_mutation,20260618T033149_827249,of:000000000000000b:3 -> of:000000000000000d:2,0.002,0.0025,0.002,0.002,2.16,2026-06-18T03:31:49,0.002,2.23
route_mutation,20260618T033149_827249,of:0000000000000004:1 -> of:000000000000000c:4,0.002,0.0025,0.002,0.002,2.63,2026-06-18T03:31:49,0.002,2.6
route_mutation,20260618T033149_827249,of:000000000000000c:3 -> of:000000000000000d:3,0.002,0.0025,0.002,0.002,2.13,2026-06-18T03:31:49,0.002,2.2
route_mutation,20260618T033149_827249,of:0000000000000001:1 -> of:000000000000000b:1,0.003,0.00375,0.003,0.003,3.23,2026-06-18T03:31:49,0.003,3.16
route_mutation,20260618T033149_827249,of:0000000000000006:2 -> of:000000000000000a:2,0.002,0.0025,0.002,0.002,2.23,2026-06-18T03:31:49,0.002,2.26
route_mutation,20260618T033149_827249,of:0000000000000002:1 -> of:000000000000000b:4,0.002,0.0025,0.002,0.002,1.9,2026-06-18T03:31:49,0.002,1.86
route_mutation,20260618T033149_827249,of:0000000000000001:3 -> of:000000000000000d:1,0.002,0.0025,0.002,0.002,1.73,2026-06-18T03:31:49,0.002,1.86
route_mutation,20260618T033149_827249,of:0000000000000006:1 -> of:000000000000000d:4,0.002,0.0025,0.002,0.002,1.86,2026-06-18T03:31:49,0.002,1.8
route_mutation,20260618T033149_827249,of:0000000000000003:1 -> of:000000000000000b:5,0.003,0.00375,0.003,0.003,3.06,2026-06-18T03:31:49,0.003,3.16
route_mutation,20260618T033149_827249,of:0000000000000007:1 -> of:000000000000000d:5,0.002,0.0025,0.002,0.002,1.76,2026-06-18T03:31:49,0.002,1.8
route_mutation,20260618T033149_827249,of:0000000000000007:2 -> of:000000000000000a:3,0.002,0.0025,0.002,0.002,2.2,2026-06-18T03:31:49,0.002,2.26
route_mutation,20260618T033149_827249,of:0000000000000002:2 -> of:0000000000000008:2,0.002,0.0025,0.002,0.002,2.3,2026-06-18T03:31:49,0.002,2.3
route_mutation,20260618T033149_827249,of:0000000000000008:1 -> of:000000000000000b:6,0.002,0.0025,0.002,0.002,1.76,2026-06-18T03:31:49,0.002,1.83
route_mutation,20260618T033149_827249,of:0000000000000009:1 -> of:000000000000000c:6,0.002,0.0025,0.002,0.002,1.76,2026-06-18T03:31:49,0.002,1.8
route_mutation,20260618T033149_827249,of:0000000000000001:2 -> of:000000000000000c:1,0.003,0.00375,0.003,0.003,3.2,2026-06-18T03:31:49,0.003,3.36
route_mutation,20260618T033149_827249,of:0000000000000003:2 -> of:0000000000000008:3,0.002,0.0025,0.002,0.002,2.26,2026-06-18T03:31:49,0.002,2.26
route_mutation,20260618T033220_109405,of:0000000000000005:1 -> of:000000000000000c:5,0.002,0.0025,0.002,0.002,1.83,2026-06-18T03:32:20,0.002,2.0
route_mutation,20260618T033220_109405,of:000000000000000a:1 -> of:000000000000000d:6,0.002,0.0025,0.002,0.002,1.93,2026-06-18T03:32:20,0.002,1.93
route_mutation,20260618T033220_109405,of:000000000000000b:2 -> of:000000000000000c:2,0.002,0.0025,0.002,0.002,2.56,2026-06-18T03:32:20,0.002,2.56
route_mutation,20260618T033220_109405,of:0000000000000004:2 -> of:0000000000000009:2,0.002,0.0025,0.002,0.002,2.5,2026-06-18T03:32:20,0.002,2.56
route_mutation,20260618T033220_109405,of:0000000000000005:2 -> of:0000000000000009:3,0.002,0.0025,0.002,0.002,2.46,2026-06-18T03:32:20,0.002,2.56
route_mutation,20260618T033220_109405,of:000000000000000b:3 -> of:000000000000000d:2,0.002,0.0025,0.002,0.002,2.53,2026-06-18T03:32:20,0.002,2.53
route_mutation,20260618T033220_109405,of:0000000000000004:1 -> of:000000000000000c:4,0.002,0.0025,0.002,0.002,1.83,2026-06-18T03:32:20,0.002,1.93
route_mutation,20260618T033220_109405,of:000000000000000c:3 -> of:000000000000000d:3,0.002,0.0025,0.002,0.002,2.53,2026-06-18T03:32:20,0.002,2.53
route_mutation,20260618T033220_109405,of:0000000000000001:1 -> of:000000000000000b:1,0.002,0.0025,0.002,0.002,1.8,2026-06-18T03:32:20,0.002,1.96
route_mutation,20260618T033220_109405,of:0000000000000006:2 -> of:000000000000000a:2,0.002,0.0025,0.002,0.002,2.56,2026-06-18T03:32:20,0.002,2.6
route_mutation,20260618T033220_109405,of:0000000000000002:1 -> of:000000000000000b:4,0.002,0.0025,0.002,0.002,1.83,2026-06-18T03:32:20,0.002,1.96
route_mutation,20260618T033220_109405,of:0000000000000001:3 -> of:000000000000000d:1,0.003,0.00375,0.003,0.003,4.23,2026-06-18T03:32:20,0.003,4.23
route_mutation,20260618T033220_109405,of:0000000000000006:1 -> of:000000000000000d:4,0.003,0.00375,0.003,0.002,2.86,2026-06-18T03:32:20,0.003,3.03
route_mutation,20260618T033220_109405,of:0000000000000003:1 -> of:000000000000000b:5,0.002,0.0025,0.002,0.002,1.83,2026-06-18T03:32:20,0.002,1.93
route_mutation,20260618T033220_109405,of:0000000000000007:1 -> of:000000000000000d:5,0.003,0.00375,0.003,0.003,3.06,2026-06-18T03:32:20,0.003,3.13
route_mutation,20260618T033220_109405,of:0000000000000007:2 -> of:000000000000000a:3,0.002,0.0025,0.002,0.002,2.53,2026-06-18T03:32:20,0.002,2.53
route_mutation,20260618T033220_109405,of:0000000000000002:2 -> of:0000000000000008:2,0.002,0.0025,0.002,0.002,2.43,2026-06-18T03:32:20,0.002,2.56
route_mutation,20260618T033220_109405,of:0000000000000008:1 -> of:000000000000000b:6,0.002,0.0025,0.002,0.002,1.93,2026-06-18T03:32:20,0.002,1.93
route_mutation,20260618T033220_109405,of:0000000000000009:1 -> of:000000000000000c:6,0.002,0.0025,0.002,0.002,1.93,2026-06-18T03:32:20,0.002,1.93
route_mutation,20260618T033220_109405,of:0000000000000001:2 -> of:000000000000000c:1,0.002,0.0025,0.002,0.002,2.0,2026-06-18T03:32:20,0.002,2.03
route_mutation,20260618T033220_109405,of:0000000000000003:2 -> of:0000000000000008:3,0.002,0.0025,0.002,0.002,2.46,2026-06-18T03:32:20,0.002,2.6
ip_shuffle,20260618T033250_380575,of:0000000000000005:1 -> of:000000000000000c:5,0.002,0.0025,0.002,0.002,1.46,2026-06-18T03:32:50,0.001,1.36
ip_shuffle,20260618T033250_380575,of:000000000000000a:1 -> of:000000000000000d:6,0.001,0.00125,0.001,0.001,1.46,2026-06-18T03:32:50,0.001,1.4
ip_shuffle,20260618T033250_380575,of:000000000000000b:2 -> of:000000000000000c:2,0.002,0.0025,0.002,0.002,1.6,2026-06-18T03:32:50,0.001,1.53
ip_shuffle,20260618T033250_380575,of:0000000000000004:2 -> of:0000000000000009:2,0.002,0.0025,0.002,0.002,1.63,2026-06-18T03:32:50,0.002,1.56
ip_shuffle,20260618T033250_380575,of:0000000000000005:2 -> of:0000000000000009:3,0.002,0.0025,0.002,0.002,1.63,2026-06-18T03:32:50,0.001,1.5
ip_shuffle,20260618T033250_380575,of:000000000000000b:3 -> of:000000000000000d:2,0.002,0.0025,0.002,0.002,1.6,2026-06-18T03:32:50,0.001,1.53
ip_shuffle,20260618T033250_380575,of:0000000000000004:1 -> of:000000000000000c:4,0.002,0.0025,0.002,0.002,1.46,2026-06-18T03:32:50,0.001,1.43
ip_shuffle,20260618T033250_380575,of:000000000000000c:3 -> of:000000000000000d:3,0.002,0.0025,0.002,0.002,1.6,2026-06-18T03:32:50,0.001,1.53
ip_shuffle,20260618T033250_380575,of:0000000000000001:1 -> of:000000000000000b:1,0.002,0.0025,0.002,0.002,1.6,2026-06-18T03:32:50,0.002,1.56
ip_shuffle,20260618T033250_380575,of:0000000000000006:2 -> of:000000000000000a:2,0.002,0.0025,0.002,0.002,1.56,2026-06-18T03:32:50,0.001,1.5
ip_shuffle,20260618T033250_380575,of:0000000000000002:1 -> of:000000000000000b:4,0.002,0.0025,0.002,0.002,1.7,2026-06-18T03:32:50,0.002,1.46
ip_shuffle,20260618T033250_380575,of:0000000000000001:3 -> of:000000000000000d:1,0.001,0.00125,0.001,0.001,1.43,2026-06-18T03:32:50,0.001,1.3
ip_shuffle,20260618T033250_380575,of:0000000000000006:1 -> of:000000000000000d:4,0.002,0.0025,0.002,0.002,1.46,2026-06-18T03:32:50,0.001,1.36
ip_shuffle,20260618T033250_380575,of:0000000000000003:1 -> of:000000000000000b:5,0.002,0.0025,0.002,0.002,1.43,2026-06-18T03:32:50,0.001,1.43
ip_shuffle,20260618T033250_380575,of:0000000000000007:1 -> of:000000000000000d:5,0.002,0.0025,0.002,0.002,1.46,2026-06-18T03:32:50,0.001,1.36
ip_shuffle,20260618T033250_380575,of:0000000000000007:2 -> of:000000000000000a:3,0.002,0.0025,0.002,0.002,1.56,2026-06-18T03:32:50,0.001,1.5
ip_shuffle,20260618T033250_380575,of:0000000000000002:2 -> of:0000000000000008:2,0.002,0.0025,0.002,0.002,1.6,2026-06-18T03:32:50,0.001,1.53
ip_shuffle,20260618T033250_380575,of:0000000000000008:1 -> of:000000000000000b:6,0.001,0.00125,0.001,0.001,1.43,2026-06-18T03:32:50,0.001,1.43
ip_shuffle,20260618T033250_380575,of:0000000000000009:1 -> of:000000000000000c:6,0.001,0.00125,0.001,0.001,1.43,2026-06-18T03:32:50,0.001,1.36
ip_shuffle,20260618T033250_380575,of:0000000000000001:2 -> of:000000000000000c:1,0.002,0.0025,0.002,0.002,1.5,2026-06-18T03:32:50,0.001,1.3
ip_shuffle,20260618T033250_380575,of:0000000000000003:2 -> of:0000000000000008:3,0.002,0.0025,0.002,0.002,1.6,2026-06-18T03:32:50,0.002,1.6
ip_shuffle,20260618T033348_084466,of:0000000000000005:1 -> of:000000000000000c:5,0.002,0.0025,0.002,0.002,2.33,2026-06-18T03:33:48,0.002,2.5
ip_shuffle,20260618T033348_084466,of:000000000000000a:1 -> of:000000000000000d:6,0.002,0.0025,0.002,0.002,1.7,2026-06-18T03:33:48,0.002,1.7
ip_shuffle,20260618T033348_084466,of:000000000000000b:2 -> of:000000000000000c:2,0.002,0.0025,0.002,0.002,2.06,2026-06-18T03:33:48,0.002,2.06
ip_shuffle,20260618T033348_084466,of:0000000000000004:2 -> of:0000000000000009:2,0.002,0.0025,0.002,0.002,1.9,2026-06-18T03:33:48,0.002,2.03
ip_shuffle,20260618T033348_084466,of:0000000000000005:2 -> of:0000000000000009:3,0.002,0.0025,0.002,0.002,2.03,2026-06-18T03:33:48,0.002,2.03
ip_shuffle,20260618T033348_084466,of:000000000000000b:3 -> of:000000000000000d:2,0.002,0.0025,0.002,0.002,2.06,2026-06-18T03:33:48,0.002,2.06
ip_shuffle,20260618T033348_084466,of:0000000000000004:1 -> of:000000000000000c:4,0.002,0.0025,0.002,0.002,2.33,2026-06-18T03:33:48,0.002,2.5
ip_shuffle,20260618T033348_084466,of:000000000000000c:3 -> of:000000000000000d:3,0.002,0.0025,0.002,0.002,2.06,2026-06-18T03:33:48,0.002,2.06
ip_shuffle,20260618T033348_084466,of:0000000000000001:1 -> of:000000000000000b:1,0.002,0.0025,0.002,0.002,2.0,2026-06-18T03:33:48,0.002,1.96
ip_shuffle,20260618T033348_084466,of:0000000000000006:2 -> of:000000000000000a:2,0.002,0.0025,0.002,0.002,2.03,2026-06-18T03:33:48,0.002,2.03
ip_shuffle,20260618T033348_084466,of:0000000000000002:1 -> of:000000000000000b:4,0.002,0.0025,0.002,0.001,1.53,2026-06-18T03:33:48,0.002,1.7
ip_shuffle,20260618T033348_084466,of:0000000000000001:3 -> of:000000000000000d:1,0.003,0.00375,0.003,0.003,2.8,2026-06-18T03:33:48,0.003,2.93
ip_shuffle,20260618T033348_084466,of:0000000000000006:1 -> of:000000000000000d:4,0.002,0.0025,0.002,0.002,2.6,2026-06-18T03:33:48,0.002,2.76
ip_shuffle,20260618T033348_084466,of:0000000000000003:1 -> of:000000000000000b:5,0.002,0.0025,0.002,0.002,1.86,2026-06-18T03:33:48,0.002,2.1
ip_shuffle,20260618T033348_084466,of:0000000000000007:1 -> of:000000000000000d:5,0.002,0.0025,0.002,0.002,1.8,2026-06-18T03:33:48,0.002,1.8
ip_shuffle,20260618T033348_084466,of:0000000000000007:2 -> of:000000000000000a:3,0.002,0.0025,0.002,0.002,2.03,2026-06-18T03:33:48,0.002,2.03
ip_shuffle,20260618T033348_084466,of:0000000000000002:2 -> of:0000000000000008:2,0.002,0.0025,0.002,0.002,1.9,2026-06-18T03:33:48,0.002,2.03
ip_shuffle,20260618T033348_084466,of:0000000000000008:1 -> of:000000000000000b:6,0.002,0.0025,0.002,0.002,1.7,2026-06-18T03:33:48,0.002,1.7
ip_shuffle,20260618T033348_084466,of:0000000000000009:1 -> of:000000000000000c:6,0.002,0.0025,0.002,0.002,1.7,2026-06-18T03:33:48,0.002,1.7
ip_shuffle,20260618T033348_084466,of:0000000000000001:2 -> of:000000000000000c:1,0.003,0.00375,0.003,0.003,3.3,2026-06-18T03:33:48,0.003,3.26
ip_shuffle,20260618T033348_084466,of:0000000000000003:2 -> of:0000000000000008:3,0.002,0.0025,0.002,0.002,1.93,2026-06-18T03:33:48,0.002,2.03
route_mutation,20260618T033458_739397,of:0000000000000005:1 -> of:000000000000000c:5,0.002,0.0025,0.002,0.002,1.86,2026-06-18T03:34:58,0.002,1.83
route_mutation,20260618T033458_739397,of:000000000000000a:1 -> of:000000000000000d:6,0.002,0.0025,0.002,0.002,1.83,2026-06-18T03:34:58,0.002,1.9
route_mutation,20260618T033458_739397,of:000000000000000b:2 -> of:000000000000000c:2,0.002,0.0025,0.002,0.002,2.4,2026-06-18T03:34:58,0.002,2.33
route_mutation,20260618T033458_739397,of:0000000000000004:2 -> of:0000000000000009:2,0.002,0.0025,0.002,0.002,2.43,2026-06-18T03:34:58,0.002,2.36
route_mutation,20260618T033458_739397,of:0000000000000005:2 -> of:0000000000000009:3,0.002,0.0025,0.002,0.002,2.36,2026-06-18T03:34:58,0.002,2.43
route_mutation,20260618T033458_739397,of:000000000000000b:3 -> of:000000000000000d:2,0.002,0.0025,0.002,0.002,2.4,2026-06-18T03:34:58,0.002,2.4
route_mutation,20260618T033458_739397,of:0000000000000004:1 -> of:000000000000000c:4,0.002,0.0025,0.002,0.002,1.86,2026-06-18T03:34:58,0.002,1.76
route_mutation,20260618T033458_739397,of:000000000000000c:3 -> of:000000000000000d:3,0.002,0.0025,0.002,0.002,2.4,2026-06-18T03:34:58,0.002,2.4
route_mutation,20260618T033458_739397,of:0000000000000001:1 -> of:000000000000000b:1,0.003,0.00375,0.003,0.003,3.2,2026-06-18T03:34:58,0.003,3.16
route_mutation,20260618T033458_739397,of:0000000000000006:2 -> of:000000000000000a:2,0.002,0.0025,0.002,0.002,2.36,2026-06-18T03:34:58,0.002,2.36
route_mutation,20260618T033458_739397,of:0000000000000002:1 -> of:000000000000000b:4,0.003,0.00375,0.003,0.003,3.3,2026-06-18T03:34:58,0.003,3.06
route_mutation,20260618T033458_739397,of:0000000000000001:3 -> of:000000000000000d:1,0.002,0.0025,0.002,0.002,1.9,2026-06-18T03:34:58,0.002,1.83
route_mutation,20260618T033458_739397,of:0000000000000006:1 -> of:000000000000000d:4,0.002,0.0025,0.002,0.002,1.86,2026-06-18T03:34:58,0.002,1.83
route_mutation,20260618T033458_739397,of:0000000000000003:1 -> of:000000000000000b:5,0.002,0.0025,0.002,0.002,2.1,2026-06-18T03:34:58,0.002,2.03
route_mutation,20260618T033458_739397,of:0000000000000007:1 -> of:000000000000000d:5,0.002,0.0025,0.002,0.002,1.8,2026-06-18T03:34:58,0.002,1.83
route_mutation,20260618T033458_739397,of:0000000000000007:2 -> of:000000000000000a:3,0.002,0.0025,0.002,0.002,2.36,2026-06-18T03:34:58,0.002,2.36
route_mutation,20260618T033458_739397,of:0000000000000002:2 -> of:0000000000000008:2,0.002,0.0025,0.002,0.002,2.4,2026-06-18T03:34:58,0.002,2.26
route_mutation,20260618T033458_739397,of:0000000000000008:1 -> of:000000000000000b:6,0.002,0.0025,0.002,0.002,1.83,2026-06-18T03:34:58,0.002,1.76
route_mutation,20260618T033458_739397,of:0000000000000009:1 -> of:000000000000000c:6,0.002,0.0025,0.002,0.002,1.83,2026-06-18T03:34:58,0.002,1.83
route_mutation,20260618T033458_739397,of:0000000000000001:2 -> of:000000000000000c:1,0.002,0.0025,0.002,0.002,1.9,2026-06-18T03:34:58,0.002,1.7
route_mutation,20260618T033458_739397,of:0000000000000003:2 -> of:0000000000000008:3,0.002,0.0025,0.002,0.002,2.4,2026-06-18T03:34:58,0.002,2.26
ip_shuffle,20260618T033529_005581,of:0000000000000005:1 -> of:000000000000000c:5,0.002,0.0025,0.002,0.002,2.36,2026-06-18T03:35:29,0.002,2.43
ip_shuffle,20260618T033529_005581,of:000000000000000a:1 -> of:000000000000000d:6,0.002,0.0025,0.002,0.002,1.8,2026-06-18T03:35:29,0.002,1.8
ip_shuffle,20260618T033529_005581,of:000000000000000b:2 -> of:000000000000000c:2,0.002,0.0025,0.002,0.002,2.26,2026-06-18T03:35:29,0.002,2.26
ip_shuffle,20260618T033529_005581,of:0000000000000004:2 -> of:0000000000000009:2,0.002,0.0025,0.002,0.002,2.16,2026-06-18T03:35:29,0.002,2.3
ip_shuffle,20260618T033529_005581,of:0000000000000005:2 -> of:0000000000000009:3,0.002,0.0025,0.002,0.002,2.3,2026-06-18T03:35:29,0.002,2.3
ip_shuffle,20260618T033529_005581,of:000000000000000b:3 -> of:000000000000000d:2,0.002,0.0025,0.002,0.002,2.36,2026-06-18T03:35:29,0.002,2.36
ip_shuffle,20260618T033529_005581,of:0000000000000004:1 -> of:000000000000000c:4,0.002,0.0025,0.002,0.002,2.5,2026-06-18T03:35:29,0.002,2.6
ip_shuffle,20260618T033529_005581,of:000000000000000c:3 -> of:000000000000000d:3,0.002,0.0025,0.002,0.002,2.26,2026-06-18T03:35:29,0.002,2.26
ip_shuffle,20260618T033529_005581,of:0000000000000001:1 -> of:000000000000000b:1,0.003,0.00375,0.003,0.003,3.36,2026-06-18T03:35:29,0.003,3.4
ip_shuffle,20260618T033529_005581,of:0000000000000006:2 -> of:000000000000000a:2,0.002,0.0025,0.002,0.002,2.3,2026-06-18T03:35:29,0.002,2.3
ip_shuffle,20260618T033529_005581,of:0000000000000002:1 -> of:000000000000000b:4,0.002,0.0025,0.002,0.002,1.96,2026-06-18T03:35:29,0.002,2.2
ip_shuffle,20260618T033529_005581,of:0000000000000001:3 -> of:000000000000000d:1,0.002,0.0025,0.002,0.002,1.93,2026-06-18T03:35:29,0.002,2.0
ip_shuffle,20260618T033529_005581,of:0000000000000006:1 -> of:000000000000000d:4,0.002,0.0025,0.002,0.002,1.93,2026-06-18T03:35:29,0.002,2.03
ip_shuffle,20260618T033529_005581,of:0000000000000003:1 -> of:000000000000000b:5,0.003,0.00375,0.003,0.003,3.13,2026-06-18T03:35:29,0.003,3.2
ip_shuffle,20260618T033529_005581,of:0000000000000007:1 -> of:000000000000000d:5,0.002,0.0025,0.002,0.002,1.76,2026-06-18T03:35:29,0.002,1.8
ip_shuffle,20260618T033529_005581,of:0000000000000007:2 -> of:000000000000000a:3,0.002,0.0025,0.002,0.002,2.3,2026-06-18T03:35:29,0.002,2.3
ip_shuffle,20260618T033529_005581,of:0000000000000002:2 -> of:0000000000000008:2,0.002,0.0025,0.002,0.002,2.2,2026-06-18T03:35:29,0.002,2.33
ip_shuffle,20260618T033529_005581,of:0000000000000008:1 -> of:000000000000000b:6,0.002,0.0025,0.002,0.002,1.8,2026-06-18T03:35:29,0.002,1.8
ip_shuffle,20260618T033529_005581,of:0000000000000009:1 -> of:000000000000000c:6,0.002,0.0025,0.002,0.002,1.8,2026-06-18T03:35:29,0.002,1.8
ip_shuffle,20260618T033529_005581,of:0000000000000001:2 -> of:000000000000000c:1,0.003,0.00375,0.003,0.003,3.13,2026-06-18T03:35:29,0.003,3.26
ip_shuffle,20260618T033529_005581,of:0000000000000003:2 -> of:0000000000000008:3,0.002,0.0025,0.002,0.002,2.26,2026-06-18T03:35:29,0.002,2.33
ip_shuffle,20260618T033626_646317,of:0000000000000005:1 -> of:000000000000000c:5,0.001,0.00125,0.001,0.001,1.33,2026-06-18T03:36:26,0.001,1.27
ip_shuffle,20260618T033626_646317,of:000000000000000a:1 -> of:000000000000000d:6,0.001,0.00125,0.001,0.001,1.3,2026-06-18T03:36:26,0.001,1.33
ip_shuffle,20260618T033626_646317,of:000000000000000b:2 -> of:000000000000000c:2,0.001,0.00125,0.001,0.001,1.3,2026-06-18T03:36:26,0.001,1.3
ip_shuffle,20260618T033626_646317,of:0000000000000004:2 -> of:0000000000000009:2,0.001,0.00125,0.001,0.001,1.37,2026-06-18T03:36:26,0.001,1.3
ip_shuffle,20260618T033626_646317,of:0000000000000005:2 -> of:0000000000000009:3,0.001,0.00125,0.001,0.001,1.3,2026-06-18T03:36:26,0.001,1.3
ip_shuffle,20260618T033626_646317,of:000000000000000b:3 -> of:000000000000000d:2,0.001,0.00125,0.001,0.001,1.37,2026-06-18T03:36:26,0.001,1.37
ip_shuffle,20260618T033626_646317,of:0000000000000004:1 -> of:000000000000000c:4,0.001,0.00125,0.001,0.001,1.33,2026-06-18T03:36:26,0.001,1.27
ip_shuffle,20260618T033626_646317,of:000000000000000c:3 -> of:000000000000000d:3,0.001,0.00125,0.001,0.001,1.4,2026-06-18T03:36:26,0.001,1.4
ip_shuffle,20260618T033626_646317,of:0000000000000001:1 -> of:000000000000000b:1,0.002,0.0025,0.002,0.002,1.37,2026-06-18T03:36:26,0.001,1.23
ip_shuffle,20260618T033626_646317,of:0000000000000006:2 -> of:000000000000000a:2,0.001,0.00125,0.001,0.001,1.33,2026-06-18T03:36:26,0.001,1.27
ip_shuffle,20260618T033626_646317,of:0000000000000002:1 -> of:000000000000000b:4,0.001,0.00125,0.001,0.001,1.37,2026-06-18T03:36:26,0.001,1.23
ip_shuffle,20260618T033626_646317,of:0000000000000001:3 -> of:000000000000000d:1,0.001,0.00125,0.001,0.001,1.43,2026-06-18T03:36:26,0.001,1.37
ip_shuffle,20260618T033626_646317,of:0000000000000006:1 -> of:000000000000000d:4,0.001,0.00125,0.001,0.001,1.37,2026-06-18T03:36:26,0.001,1.33
ip_shuffle,20260618T033626_646317,of:0000000000000003:1 -> of:000000000000000b:5,0.001,0.00125,0.001,0.001,1.33,2026-06-18T03:36:26,0.001,1.23
ip_shuffle,20260618T033626_646317,of:0000000000000007:1 -> of:000000000000000d:5,0.002,0.0025,0.002,0.002,1.43,2026-06-18T03:36:26,0.001,1.4
ip_shuffle,20260618T033626_646317,of:0000000000000007:2 -> of:000000000000000a:3,0.001,0.00125,0.001,0.001,1.33,2026-06-18T03:36:26,0.001,1.27
ip_shuffle,20260618T033626_646317,of:0000000000000002:2 -> of:0000000000000008:2,0.001,0.00125,0.001,0.001,1.37,2026-06-18T03:36:26,0.001,1.23
ip_shuffle,20260618T033626_646317,of:0000000000000008:1 -> of:000000000000000b:6,0.001,0.00125,0.001,0.001,1.3,2026-06-18T03:36:26,0.001,1.23
ip_shuffle,20260618T033626_646317,of:0000000000000009:1 -> of:000000000000000c:6,0.001,0.00125,0.001,0.001,1.3,2026-06-18T03:36:26,0.001,1.33
ip_shuffle,20260618T033626_646317,of:0000000000000001:2 -> of:000000000000000c:1,0.002,0.0025,0.002,0.002,1.4,2026-06-18T03:36:26,0.001,1.2
ip_shuffle,20260618T033626_646317,of:0000000000000003:2 -> of:0000000000000008:3,0.001,0.00125,0.001,0.001,1.37,2026-06-18T03:36:26,0.001,1.23
route_mutation,20260618T033724_271432,of:0000000000000005:1 -> of:000000000000000c:5,0.002,0.0025,0.002,0.002,1.73,2026-06-18T03:37:24,0.002,1.76
route_mutation,20260618T033724_271432,of:000000000000000a:1 -> of:000000000000000d:6,0.002,0.0025,0.002,0.002,1.56,2026-06-18T03:37:24,0.002,1.56
route_mutation,20260618T033724_271432,of:000000000000000b:2 -> of:000000000000000c:2,0.002,0.0025,0.002,0.002,1.93,2026-06-18T03:37:24,0.002,1.93
route_mutation,20260618T033724_271432,of:0000000000000004:2 -> of:0000000000000009:2,0.002,0.0025,0.002,0.002,1.9,2026-06-18T03:37:24,0.002,1.96
route_mutation,20260618T033724_271432,of:0000000000000005:2 -> of:0000000000000009:3,0.002,0.0025,0.002,0.002,1.9,2026-06-18T03:37:24,0.002,1.96
route_mutation,20260618T033724_271432,of:000000000000000b:3 -> of:000000000000000d:2,0.002,0.0025,0.002,0.002,2.0,2026-06-18T03:37:24,0.002,2.0
route_mutation,20260618T033724_271432,of:0000000000000004:1 -> of:000000000000000c:4,0.002,0.0025,0.002,0.002,2.46,2026-06-18T03:37:24,0.002,2.43
route_mutation,20260618T033724_271432,of:000000000000000c:3 -> of:000000000000000d:3,0.002,0.0025,0.002,0.002,1.86,2026-06-18T03:37:24,0.002,1.86
route_mutation,20260618T033724_271432,of:0000000000000001:1 -> of:000000000000000b:1,0.003,0.00375,0.003,0.002,2.9,2026-06-18T03:37:24,0.003,2.9
route_mutation,20260618T033724_271432,of:0000000000000006:2 -> of:000000000000000a:2,0.002,0.0025,0.002,0.002,1.9,2026-06-18T03:37:24,0.002,1.96
route_mutation,20260618T033724_271432,of:0000000000000002:1 -> of:000000000000000b:4,0.002,0.0025,0.002,0.002,1.76,2026-06-18T03:37:24,0.002,1.7
route_mutation,20260618T033724_271432,of:0000000000000001:3 -> of:000000000000000d:1,0.002,0.0025,0.002,0.002,1.7,2026-06-18T03:37:24,0.002,1.76
route_mutation,20260618T033724_271432,of:0000000000000006:1 -> of:000000000000000d:4,0.002,0.0025,0.002,0.002,1.93,2026-06-18T03:37:24,0.002,1.83
route_mutation,20260618T033724_271432,of:0000000000000003:1 -> of:000000000000000b:5,0.003,0.00375,0.003,0.003,2.93,2026-06-18T03:37:24,0.003,2.96
route_mutation,20260618T033724_271432,of:0000000000000007:1 -> of:000000000000000d:5,0.002,0.0025,0.002,0.002,1.6,2026-06-18T03:37:24,0.002,1.56
route_mutation,20260618T033724_271432,of:0000000000000007:2 -> of:000000000000000a:3,0.002,0.0025,0.002,0.002,1.9,2026-06-18T03:37:24,0.002,1.96
route_mutation,20260618T033724_271432,of:0000000000000002:2 -> of:0000000000000008:2,0.002,0.0025,0.002,0.002,2.0,2026-06-18T03:37:24,0.002,2.0
route_mutation,20260618T033724_271432,of:0000000000000008:1 -> of:000000000000000b:6,0.002,0.0025,0.002,0.002,1.56,2026-06-18T03:37:24,0.002,1.63
route_mutation,20260618T033724_271432,of:0000000000000009:1 -> of:000000000000000c:6,0.002,0.0025,0.002,0.002,1.56,2026-06-18T03:37:24,0.002,1.63
route_mutation,20260618T033724_271432,of:0000000000000001:2 -> of:000000000000000c:1,0.002,0.0025,0.002,0.002,2.43,2026-06-18T03:37:24,0.002,2.6
route_mutation,20260618T033724_271432,of:0000000000000003:2 -> of:0000000000000008:3,0.002,0.0025,0.002,0.002,1.9,2026-06-18T03:37:24,0.002,1.96
route_mutation,20260618T033754_529183,of:0000000000000005:1 -> of:000000000000000c:5,0.002,0.0025,0.002,0.002,2.63,2026-06-18T03:37:54,0.002,2.53
route_mutation,20260618T033754_529183,of:000000000000000a:1 -> of:000000000000000d:6,0.002,0.0025,0.002,0.002,1.93,2026-06-18T03:37:54,0.002,1.93
route_mutation,20260618T033754_529183,of:000000000000000b:2 -> of:000000000000000c:2,0.002,0.0025,0.002,0.002,2.53,2026-06-18T03:37:54,0.002,2.53
route_mutation,20260618T033754_529183,of:0000000000000004:2 -> of:0000000000000009:2,0.002,0.0025,0.002,0.002,2.63,2026-06-18T03:37:54,0.002,2.5
route_mutation,20260618T033754_529183,of:0000000000000005:2 -> of:0000000000000009:3,0.002,0.0025,0.002,0.002,2.63,2026-06-18T03:37:54,0.002,2.5
route_mutation,20260618T033754_529183,of:000000000000000b:3 -> of:000000000000000d:2,0.002,0.0025,0.002,0.002,2.6,2026-06-18T03:37:54,0.002,2.6
route_mutation,20260618T033754_529183,of:0000000000000004:1 -> of:000000000000000c:4,0.002,0.0025,0.002,0.002,1.96,2026-06-18T03:37:54,0.002,1.86
route_mutation,20260618T033754_529183,of:000000000000000c:3 -> of:000000000000000d:3,0.002,0.0025,0.002,0.002,2.6,2026-06-18T03:37:54,0.002,2.6
route_mutation,20260618T033754_529183,of:0000000000000001:1 -> of:000000000000000b:1,0.002,0.0025,0.002,0.002,2.0,2026-06-18T03:37:54,0.002,1.8
route_mutation,20260618T033754_529183,of:0000000000000006:2 -> of:000000000000000a:2,0.002,0.0025,0.002,0.002,2.56,2026-06-18T03:37:54,0.002,2.5
route_mutation,20260618T033754_529183,of:0000000000000002:1 -> of:000000000000000b:4,0.002,0.0025,0.002,0.002,1.93,2026-06-18T03:37:54,0.002,1.86
route_mutation,20260618T033754_529183,of:0000000000000001:3 -> of:000000000000000d:1,0.003,0.00375,0.003,0.003,3.73,2026-06-18T03:37:54,0.003,3.83
route_mutation,20260618T033754_529183,of:0000000000000006:1 -> of:000000000000000d:4,0.003,0.00375,0.003,0.003,3.06,2026-06-18T03:37:54,0.002,3.03
route_mutation,20260618T033754_529183,of:0000000000000003:1 -> of:000000000000000b:5,0.002,0.0025,0.002,0.002,1.93,2026-06-18T03:37:54,0.002,1.86
route_mutation,20260618T033754_529183,of:0000000000000007:1 -> of:000000000000000d:5,0.002,0.0025,0.002,0.002,2.83,2026-06-18T03:37:54,0.002,2.73
route_mutation,20260618T033754_529183,of:0000000000000007:2 -> of:000000000000000a:3,0.002,0.0025,0.002,0.002,2.56,2026-06-18T03:37:54,0.002,2.5
route_mutation,20260618T033754_529183,of:0000000000000002:2 -> of:0000000000000008:2,0.002,0.0025,0.002,0.002,2.56,2026-06-18T03:37:54,0.002,2.43
route_mutation,20260618T033754_529183,of:0000000000000008:1 -> of:000000000000000b:6,0.002,0.0025,0.002,0.002,1.9,2026-06-18T03:37:54,0.002,1.86
route_mutation,20260618T033754_529183,of:0000000000000009:1 -> of:000000000000000c:6,0.002,0.0025,0.002,0.002,1.93,2026-06-18T03:37:54,0.002,1.86
route_mutation,20260618T033754_529183,of:0000000000000001:2 -> of:000000000000000c:1,0.002,0.0025,0.002,0.002,2.73,2026-06-18T03:37:54,0.002,2.5
route_mutation,20260618T033754_529183,of:0000000000000003:2 -> of:0000000000000008:3,0.002,0.0025,0.002,0.002,2.56,2026-06-18T03:37:54,0.002,2.43
ip_shuffle,20260618T033824_761389,of:0000000000000005:1 -> of:000000000000000c:5,0.001,0.00125,0.001,0.001,1.33,2026-06-18T03:38:24,0.001,1.37
ip_shuffle,20260618T033824_761389,of:000000000000000a:1 -> of:000000000000000d:6,0.002,0.0025,0.002,0.002,1.37,2026-06-18T03:38:24,0.002,1.37
ip_shuffle,20260618T033824_761389,of:000000000000000b:2 -> of:000000000000000c:2,0.002,0.0025,0.002,0.002,1.4,2026-06-18T03:38:24,0.002,1.4
ip_shuffle,20260618T033824_761389,of:0000000000000004:2 -> of:0000000000000009:2,0.002,0.0025,0.002,0.001,1.37,2026-06-18T03:38:24,0.002,1.43
ip_shuffle,20260618T033824_761389,of:0000000000000005:2 -> of:0000000000000009:3,0.002,0.0025,0.002,0.001,1.37,2026-06-18T03:38:24,0.002,1.43
ip_shuffle,20260618T033824_761389,of:000000000000000b:3 -> of:000000000000000d:2,0.002,0.0025,0.002,0.002,1.4,2026-06-18T03:38:24,0.002,1.4
ip_shuffle,20260618T033824_761389,of:0000000000000004:1 -> of:000000000000000c:4,0.001,0.00125,0.001,0.001,1.27,2026-06-18T03:38:24,0.001,1.37
ip_shuffle,20260618T033824_761389,of:000000000000000c:3 -> of:000000000000000d:3,0.002,0.0025,0.002,0.002,1.4,2026-06-18T03:38:24,0.002,1.4
ip_shuffle,20260618T033824_761389,of:0000000000000001:1 -> of:000000000000000b:1,0.002,0.0025,0.002,0.001,1.3,2026-06-18T03:38:24,0.002,1.43
ip_shuffle,20260618T033824_761389,of:0000000000000006:2 -> of:000000000000000a:2,0.002,0.0025,0.002,0.002,1.43,2026-06-18T03:38:24,0.002,1.43
ip_shuffle,20260618T033824_761389,of:0000000000000002:1 -> of:000000000000000b:4,0.001,0.00125,0.001,0.001,1.3,2026-06-18T03:38:24,0.001,1.37
ip_shuffle,20260618T033824_761389,of:0000000000000001:3 -> of:000000000000000d:1,0.002,0.0025,0.002,0.002,1.86,2026-06-18T03:38:24,0.002,1.76
ip_shuffle,20260618T033824_761389,of:0000000000000006:1 -> of:000000000000000d:4,0.001,0.00125,0.001,0.001,1.27,2026-06-18T03:38:24,0.001,1.37
ip_shuffle,20260618T033824_761389,of:0000000000000003:1 -> of:000000000000000b:5,0.001,0.00125,0.001,0.001,1.3,2026-06-18T03:38:24,0.001,1.37
ip_shuffle,20260618T033824_761389,of:0000000000000007:1 -> of:000000000000000d:5,0.002,0.0025,0.002,0.002,1.66,2026-06-18T03:38:24,0.002,1.76
ip_shuffle,20260618T033824_761389,of:0000000000000007:2 -> of:000000000000000a:3,0.002,0.0025,0.002,0.002,1.43,2026-06-18T03:38:24,0.002,1.43
ip_shuffle,20260618T033824_761389,of:0000000000000002:2 -> of:0000000000000008:2,0.002,0.0025,0.002,0.001,1.43,2026-06-18T03:38:24,0.002,1.5
ip_shuffle,20260618T033824_761389,of:0000000000000008:1 -> of:000000000000000b:6,0.002,0.0025,0.002,0.002,1.4,2026-06-18T03:38:24,0.001,1.37
ip_shuffle,20260618T033824_761389,of:0000000000000009:1 -> of:000000000000000c:6,0.001,0.00125,0.001,0.001,1.37,2026-06-18T03:38:24,0.001,1.37
ip_shuffle,20260618T033824_761389,of:0000000000000001:2 -> of:000000000000000c:1,0.002,0.0025,0.002,0.001,1.3,2026-06-18T03:38:24,0.002,1.43
ip_shuffle,20260618T033824_761389,of:0000000000000003:2 -> of:0000000000000008:3,0.002,0.0025,0.002,0.001,1.43,2026-06-18T03:38:24,0.002,1.5
route_mutation,20260618T033922_390484,of:0000000000000005:1 -> of:000000000000000c:5,0.002,0.0025,0.002,0.002,2.5,2026-06-18T03:39:22,0.002,2.36
route_mutation,20260618T033922_390484,of:000000000000000a:1 -> of:000000000000000d:6,0.002,0.0025,0.002,0.002,1.63,2026-06-18T03:39:22,0.001,1.56
route_mutation,20260618T033922_390484,of:000000000000000b:2 -> of:000000000000000c:2,0.002,0.0025,0.002,0.002,1.93,2026-06-18T03:39:22,0.002,1.93
route_mutation,20260618T033922_390484,of:0000000000000004:2 -> of:0000000000000009:2,0.002,0.0025,0.002,0.002,2.1,2026-06-18T03:39:22,0.002,1.96
route_mutation,20260618T033922_390484,of:0000000000000005:2 -> of:0000000000000009:3,0.002,0.0025,0.002,0.002,2.1,2026-06-18T03:39:22,0.002,1.96
route_mutation,20260618T033922_390484,of:000000000000000b:3 -> of:000000000000000d:2,0.002,0.0025,0.002,0.002,2.1,2026-06-18T03:39:22,0.002,2.03
route_mutation,20260618T033922_390484,of:0000000000000004:1 -> of:000000000000000c:4,0.002,0.0025,0.002,0.002,2.5,2026-06-18T03:39:22,0.002,2.36
route_mutation,20260618T033922_390484,of:000000000000000c:3 -> of:000000000000000d:3,0.002,0.0025,0.002,0.002,2.0,2026-06-18T03:39:22,0.002,1.93
route_mutation,20260618T033922_390484,of:0000000000000001:1 -> of:000000000000000b:1,0.002,0.0025,0.002,0.002,2.7,2026-06-18T03:39:22,0.002,2.53
route_mutation,20260618T033922_390484,of:0000000000000006:2 -> of:000000000000000a:2,0.002,0.0025,0.002,0.002,2.1,2026-06-18T03:39:22,0.002,1.96
route_mutation,20260618T033922_390484,of:0000000000000002:1 -> of:000000000000000b:4,0.002,0.0025,0.002,0.002,1.73,2026-06-18T03:39:22,0.001,1.56
route_mutation,20260618T033922_390484,of:0000000000000001:3 -> of:000000000000000d:1,0.002,0.0025,0.002,0.002,2.03,2026-06-18T03:39:22,0.002,2.06
route_mutation,20260618T033922_390484,of:0000000000000006:1 -> of:000000000000000d:4,0.002,0.0025,0.002,0.002,2.3,2026-06-18T03:39:22,0.002,2.13
route_mutation,20260618T033922_390484,of:0000000000000003:1 -> of:000000000000000b:5,0.002,0.0025,0.002,0.002,2.8,2026-06-18T03:39:22,0.002,2.66
route_mutation,20260618T033922_390484,of:0000000000000007:1 -> of:000000000000000d:5,0.002,0.0025,0.002,0.002,1.73,2026-06-18T03:39:22,0.001,1.56
route_mutation,20260618T033922_390484,of:0000000000000007:2 -> of:000000000000000a:3,0.002,0.0025,0.002,0.002,2.03,2026-06-18T03:39:22,0.002,1.96
route_mutation,20260618T033922_390484,of:0000000000000002:2 -> of:0000000000000008:2,0.002,0.0025,0.002,0.002,2.13,2026-06-18T03:39:22,0.002,2.0
route_mutation,20260618T033922_390484,of:0000000000000008:1 -> of:000000000000000b:6,0.001,0.00125,0.001,0.001,1.6,2026-06-18T03:39:22,0.001,1.56
route_mutation,20260618T033922_390484,of:0000000000000009:1 -> of:000000000000000c:6,0.002,0.0025,0.002,0.002,1.63,2026-06-18T03:39:22,0.001,1.56
route_mutation,20260618T033922_390484,of:0000000000000001:2 -> of:000000000000000c:1,0.003,0.00375,0.003,0.003,3.3,2026-06-18T03:39:22,0.003,3.16
route_mutation,20260618T033922_390484,of:0000000000000003:2 -> of:0000000000000008:3,0.002,0.0025,0.002,0.002,2.13,2026-06-18T03:39:22,0.002,2.0
route_mutation,20260618T033952_580065,of:0000000000000005:1 -> of:000000000000000c:5,0.002,0.0025,0.002,0.002,1.93,2026-06-18T03:39:52,0.002,1.93
route_mutation,20260618T033952_580065,of:000000000000000a:1 -> of:000000000000000d:6,0.002,0.0025,0.002,0.002,1.93,2026-06-18T03:39:52,0.002,1.93
route_mutation,20260618T033952_580065,of:000000000000000b:2 -> of:000000000000000c:2,0.002,0.0025,0.002,0.002,2.53,2026-06-18T03:39:52,0.002,2.53
route_mutation,20260618T033952_580065,of:0000000000000004:2 -> of:0000000000000009:2,0.002,0.0025,0.002,0.002,2.5,2026-06-18T03:39:52,0.002,2.56
route_mutation,20260618T033952_580065,of:0000000000000005:2 -> of:0000000000000009:3,0.002,0.0025,0.002,0.002,2.5,2026-06-18T03:39:52,0.002,2.56
route_mutation,20260618T033952_580065,of:000000000000000b:3 -> of:000000000000000d:2,0.002,0.0025,0.002,0.002,2.53,2026-06-18T03:39:52,0.002,2.53
route_mutation,20260618T033952_580065,of:0000000000000004:1 -> of:000000000000000c:4,0.002,0.0025,0.002,0.002,1.83,2026-06-18T03:39:52,0.002,1.93
route_mutation,20260618T033952_580065,of:000000000000000c:3 -> of:000000000000000d:3,0.002,0.0025,0.002,0.002,2.53,2026-06-18T03:39:52,0.002,2.53
route_mutation,20260618T033952_580065,of:0000000000000001:1 -> of:000000000000000b:1,0.002,0.0025,0.002,0.002,1.86,2026-06-18T03:39:52,0.002,2.03
route_mutation,20260618T033952_580065,of:0000000000000006:2 -> of:000000000000000a:2,0.002,0.0025,0.002,0.002,2.46,2026-06-18T03:39:52,0.002,2.53
route_mutation,20260618T033952_580065,of:0000000000000002:1 -> of:000000000000000b:4,0.002,0.0025,0.002,0.002,1.93,2026-06-18T03:39:52,0.002,1.93
route_mutation,20260618T033952_580065,of:0000000000000001:3 -> of:000000000000000d:1,0.003,0.00375,0.003,0.003,3.93,2026-06-18T03:39:52,0.003,3.8
route_mutation,20260618T033952_580065,of:0000000000000006:1 -> of:000000000000000d:4,0.002,0.0025,0.002,0.002,2.5,2026-06-18T03:39:52,0.002,2.63
route_mutation,20260618T033952_580065,of:0000000000000003:1 -> of:000000000000000b:5,0.002,0.0025,0.002,0.002,1.83,2026-06-18T03:39:52,0.002,1.93
route_mutation,20260618T033952_580065,of:0000000000000007:1 -> of:000000000000000d:5,0.003,0.00375,0.003,0.003,3.06,2026-06-18T03:39:52,0.003,3.13
route_mutation,20260618T033952_580065,of:0000000000000007:2 -> of:000000000000000a:3,0.002,0.0025,0.002,0.002,2.53,2026-06-18T03:39:52,0.002,2.53
route_mutation,20260618T033952_580065,of:0000000000000002:2 -> of:0000000000000008:2,0.002,0.0025,0.002,0.002,2.5,2026-06-18T03:39:52,0.002,2.56
route_mutation,20260618T033952_580065,of:0000000000000008:1 -> of:000000000000000b:6,0.002,0.0025,0.002,0.002,1.93,2026-06-18T03:39:52,0.002,1.93
route_mutation,20260618T033952_580065,of:0000000000000009:1 -> of:000000000000000c:6,0.002,0.0025,0.002,0.002,1.93,2026-06-18T03:39:52,0.002,1.93
route_mutation,20260618T033952_580065,of:0000000000000001:2 -> of:000000000000000c:1,0.002,0.0025,0.002,0.002,1.9,2026-06-18T03:39:52,0.002,2.0
route_mutation,20260618T033952_580065,of:0000000000000003:2 -> of:0000000000000008:3,0.002,0.0025,0.002,0.002,2.5,2026-06-18T03:39:52,0.002,2.56
ip_shuffle,20260618T034022_854542,of:0000000000000005:1 -> of:000000000000000c:5,0.002,0.0025,0.002,0.001,1.46,2026-06-18T03:40:22,0.002,1.56
ip_shuffle,20260618T034022_854542,of:000000000000000a:1 -> of:000000000000000d:6,0.002,0.0025,0.002,0.001,1.46,2026-06-18T03:40:22,0.002,1.56
ip_shuffle,20260618T034022_854542,of:000000000000000b:2 -> of:000000000000000c:2,0.002,0.0025,0.002,0.002,1.73,2026-06-18T03:40:22,0.002,1.73
ip_shuffle,20260618T034022_854542,of:0000000000000004:2 -> of:0000000000000009:2,0.002,0.0025,0.002,0.002,1.7,2026-06-18T03:40:22,0.002,1.76
ip_shuffle,20260618T034022_854542,of:0000000000000005:2 -> of:0000000000000009:3,0.002,0.0025,0.002,0.002,1.66,2026-06-18T03:40:22,0.002,1.73
ip_shuffle,20260618T034022_854542,of:000000000000000b:3 -> of:000000000000000d:2,0.002,0.0025,0.002,0.002,1.7,2026-06-18T03:40:22,0.002,1.76
ip_shuffle,20260618T034022_854542,of:0000000000000004:1 -> of:000000000000000c:4,0.002,0.0025,0.002,0.002,1.53,2026-06-18T03:40:22,0.002,1.53
ip_shuffle,20260618T034022_854542,of:000000000000000c:3 -> of:000000000000000d:3,0.002,0.0025,0.002,0.002,1.7,2026-06-18T03:40:22,0.002,1.76
ip_shuffle,20260618T034022_854542,of:0000000000000001:1 -> of:000000000000000b:1,0.002,0.0025,0.002,0.002,1.83,2026-06-18T03:40:22,0.002,1.93
ip_shuffle,20260618T034022_854542,of:0000000000000006:2 -> of:000000000000000a:2,0.002,0.0025,0.002,0.002,1.66,2026-06-18T03:40:22,0.002,1.73
ip_shuffle,20260618T034022_854542,of:0000000000000002:1 -> of:000000000000000b:4,0.002,0.0025,0.002,0.002,1.86,2026-06-18T03:40:22,0.002,1.9
ip_shuffle,20260618T034022_854542,of:0000000000000001:3 -> of:000000000000000d:1,0.002,0.0025,0.002,0.002,1.53,2026-06-18T03:40:22,0.002,1.53
ip_shuffle,20260618T034022_854542,of:0000000000000006:1 -> of:000000000000000d:4,0.002,0.0025,0.002,0.001,1.46,2026-06-18T03:40:22,0.002,1.56
ip_shuffle,20260618T034022_854542,of:0000000000000003:1 -> of:000000000000000b:5,0.002,0.0025,0.002,0.002,1.56,2026-06-18T03:40:22,0.002,1.56
ip_shuffle,20260618T034022_854542,of:0000000000000007:1 -> of:000000000000000d:5,0.002,0.0025,0.002,0.001,1.46,2026-06-18T03:40:22,0.002,1.56
ip_shuffle,20260618T034022_854542,of:0000000000000007:2 -> of:000000000000000a:3,0.002,0.0025,0.002,0.002,1.66,2026-06-18T03:40:22,0.002,1.73
ip_shuffle,20260618T034022_854542,of:0000000000000002:2 -> of:0000000000000008:2,0.002,0.0025,0.002,0.002,1.66,2026-06-18T03:40:22,0.002,1.73
ip_shuffle,20260618T034022_854542,of:0000000000000008:1 -> of:000000000000000b:6,0.002,0.0025,0.002,0.002,1.53,2026-06-18T03:40:22,0.002,1.53
ip_shuffle,20260618T034022_854542,of:0000000000000009:1 -> of:000000000000000c:6,0.002,0.0025,0.002,0.002,1.53,2026-06-18T03:40:22,0.002,1.53
ip_shuffle,20260618T034022_854542,of:0000000000000001:2 -> of:000000000000000c:1,0.002,0.0025,0.002,0.001,1.46,2026-06-18T03:40:22,0.002,1.56
ip_shuffle,20260618T034022_854542,of:0000000000000003:2 -> of:0000000000000008:3,0.002,0.0025,0.002,0.002,1.66,2026-06-18T03:40:22,0.002,1.73
ip_shuffle,20260618T034120_719964,of:0000000000000005:1 -> of:000000000000000c:5,0.002,0.0025,0.002,0.002,2.43,2026-06-18T03:41:20,0.002,2.53
ip_shuffle,20260618T034120_719964,of:000000000000000a:1 -> of:000000000000000d:6,0.002,0.0025,0.002,0.002,1.7,2026-06-18T03:41:20,0.002,1.73
ip_shuffle,20260618T034120_719964,of:000000000000000b:2 -> of:000000000000000c:2,0.002,0.0025,0.002,0.002,2.13,2026-06-18T03:41:20,0.002,2.13
ip_shuffle,20260618T034120_719964,of:0000000000000004:2 -> of:0000000000000009:2,0.002,0.0025,0.002,0.002,1.96,2026-06-18T03:41:20,0.002,2.03
ip_shuffle,20260618T034120_719964,of:0000000000000005:2 -> of:0000000000000009:3,0.002,0.0025,0.002,0.002,2.0,2026-06-18T03:41:20,0.002,2.06
ip_shuffle,20260618T034120_719964,of:000000000000000b:3 -> of:000000000000000d:2,0.002,0.0025,0.002,0.002,2.13,2026-06-18T03:41:20,0.002,2.13
ip_shuffle,20260618T034120_719964,of:0000000000000004:1 -> of:000000000000000c:4,0.002,0.0025,0.002,0.002,2.4,2026-06-18T03:41:20,0.002,2.53
ip_shuffle,20260618T034120_719964,of:000000000000000c:3 -> of:000000000000000d:3,0.002,0.0025,0.002,0.002,2.13,2026-06-18T03:41:20,0.002,2.13
ip_shuffle,20260618T034120_719964,of:0000000000000001:1 -> of:000000000000000b:1,0.002,0.0025,0.002,0.002,2.06,2026-06-18T03:41:20,0.002,2.0
ip_shuffle,20260618T034120_719964,of:0000000000000006:2 -> of:000000000000000a:2,0.002,0.0025,0.002,0.002,2.0,2026-06-18T03:41:20,0.002,2.06
ip_shuffle,20260618T034120_719964,of:0000000000000002:1 -> of:000000000000000b:4,0.002,0.0025,0.002,0.002,1.6,2026-06-18T03:41:20,0.002,1.73
ip_shuffle,20260618T034120_719964,of:0000000000000001:3 -> of:000000000000000d:1,0.002,0.0025,0.002,0.002,2.76,2026-06-18T03:41:20,0.002,2.83
ip_shuffle,20260618T034120_719964,of:0000000000000006:1 -> of:000000000000000d:4,0.002,0.0025,0.002,0.002,2.6,2026-06-18T03:41:20,0.002,2.76
ip_shuffle,20260618T034120_719964,of:0000000000000003:1 -> of:000000000000000b:5,0.002,0.0025,0.002,0.002,2.0,2026-06-18T03:41:20,0.002,2.13
ip_shuffle,20260618T034120_719964,of:0000000000000007:1 -> of:000000000000000d:5,0.002,0.0025,0.002,0.002,1.76,2026-06-18T03:41:20,0.002,1.8
ip_shuffle,20260618T034120_719964,of:0000000000000007:2 -> of:000000000000000a:3,0.002,0.0025,0.002,0.002,2.1,2026-06-18T03:41:20,0.002,2.06
ip_shuffle,20260618T034120_719964,of:0000000000000002:2 -> of:0000000000000008:2,0.002,0.0025,0.002,0.002,1.96,2026-06-18T03:41:20,0.002,2.03
ip_shuffle,20260618T034120_719964,of:0000000000000008:1 -> of:000000000000000b:6,0.002,0.0025,0.002,0.002,1.7,2026-06-18T03:41:20,0.002,1.73
ip_shuffle,20260618T034120_719964,of:0000000000000009:1 -> of:000000000000000c:6,0.002,0.0025,0.002,0.002,1.7,2026-06-18T03:41:20,0.002,1.73
ip_shuffle,20260618T034120_719964,of:0000000000000001:2 -> of:000000000000000c:1,0.003,0.00375,0.003,0.003,3.26,2026-06-18T03:41:20,0.003,3.26
ip_shuffle,20260618T034120_719964,of:0000000000000003:2 -> of:0000000000000008:3,0.002,0.0025,0.002,0.002,1.96,2026-06-18T03:41:20,0.002,2.03
ip_shuffle,20260618T034218_347737,of:0000000000000005:1 -> of:000000000000000c:5,0.002,0.0025,0.002,0.002,1.8,2026-06-18T03:42:18,0.002,1.73
ip_shuffle,20260618T034218_347737,of:000000000000000a:1 -> of:000000000000000d:6,0.002,0.0025,0.002,0.002,1.76,2026-06-18T03:42:18,0.002,1.73
ip_shuffle,20260618T034218_347737,of:000000000000000b:2 -> of:000000000000000c:2,0.002,0.0025,0.002,0.002,2.26,2026-06-18T03:42:18,0.002,2.26
ip_shuffle,20260618T034218_347737,of:0000000000000004:2 -> of:0000000000000009:2,0.002,0.0025,0.002,0.002,2.3,2026-06-18T03:42:18,0.002,2.16
ip_shuffle,20260618T034218_347737,of:0000000000000005:2 -> of:0000000000000009:3,0.002,0.0025,0.002,0.002,2.3,2026-06-18T03:42:18,0.002,2.16
ip_shuffle,20260618T034218_347737,of:000000000000000b:3 -> of:000000000000000d:2,0.002,0.0025,0.002,0.002,2.43,2026-06-18T03:42:18,0.002,2.36
ip_shuffle,20260618T034218_347737,of:0000000000000004:1 -> of:000000000000000c:4,0.002,0.0025,0.002,0.002,1.8,2026-06-18T03:42:18,0.002,1.73
ip_shuffle,20260618T034218_347737,of:000000000000000c:3 -> of:000000000000000d:3,0.002,0.0025,0.002,0.002,2.26,2026-06-18T03:42:18,0.002,2.26
ip_shuffle,20260618T034218_347737,of:0000000000000001:1 -> of:000000000000000b:1,0.003,0.00375,0.003,0.003,3.16,2026-06-18T03:42:18,0.003,3.1
ip_shuffle,20260618T034218_347737,of:0000000000000006:2 -> of:000000000000000a:2,0.002,0.0025,0.002,0.002,2.33,2026-06-18T03:42:18,0.002,2.2
ip_shuffle,20260618T034218_347737,of:0000000000000002:1 -> of:000000000000000b:4,0.003,0.00375,0.003,0.003,3.33,2026-06-18T03:42:18,0.003,3.13
ip_shuffle,20260618T034218_347737,of:0000000000000001:3 -> of:000000000000000d:1,0.002,0.0025,0.002,0.002,1.93,2026-06-18T03:42:18,0.002,1.73
ip_shuffle,20260618T034218_347737,of:0000000000000006:1 -> of:000000000000000d:4,0.002,0.0025,0.002,0.002,2.0,2026-06-18T03:42:18,0.002,1.9
ip_shuffle,20260618T034218_347737,of:0000000000000003:1 -> of:000000000000000b:5,0.002,0.0025,0.002,0.002,2.06,2026-06-18T03:42:18,0.002,2.0
ip_shuffle,20260618T034218_347737,of:0000000000000007:1 -> of:000000000000000d:5,0.002,0.0025,0.002,0.002,1.83,2026-06-18T03:42:18,0.002,1.73
ip_shuffle,20260618T034218_347737,of:0000000000000007:2 -> of:000000000000000a:3,0.002,0.0025,0.002,0.002,2.2,2026-06-18T03:42:18,0.002,2.2
ip_shuffle,20260618T034218_347737,of:0000000000000002:2 -> of:0000000000000008:2,0.002,0.0025,0.002,0.002,2.3,2026-06-18T03:42:18,0.002,2.16
ip_shuffle,20260618T034218_347737,of:0000000000000008:1 -> of:000000000000000b:6,0.002,0.0025,0.002,0.002,1.7,2026-06-18T03:42:18,0.002,1.73
ip_shuffle,20260618T034218_347737,of:0000000000000009:1 -> of:000000000000000c:6,0.002,0.0025,0.002,0.002,1.7,2026-06-18T03:42:18,0.002,1.73
ip_shuffle,20260618T034218_347737,of:0000000000000001:2 -> of:000000000000000c:1,0.002,0.0025,0.002,0.002,1.86,2026-06-18T03:42:18,0.001,1.66
ip_shuffle,20260618T034218_347737,of:0000000000000003:2 -> of:0000000000000008:3,0.002,0.0025,0.002,0.002,2.3,2026-06-18T03:42:18,0.002,2.16
route_mutation,20260618T034315_966982,of:0000000000000005:1 -> of:000000000000000c:5,0.002,0.0025,0.002,0.002,2.36,2026-06-18T03:43:15,0.002,2.43
route_mutation,20260618T034315_966982,of:000000000000000a:1 -> of:000000000000000d:6,0.002,0.0025,0.002,0.002,1.96,2026-06-18T03:43:15,0.002,2.03
route_mutation,20260618T034315_966982,of:000000000000000b:2 -> of:000000000000000c:2,0.002,0.0025,0.002,0.002,2.73,2026-06-18T03:43:15,0.002,2.73
route_mutation,20260618T034315_966982,of:0000000000000004:2 -> of:0000000000000009:2,0.002,0.0025,0.002,0.002,2.66,2026-06-18T03:43:15,0.002,2.73
route_mutation,20260618T034315_966982,of:0000000000000005:2 -> of:0000000000000009:3,0.002,0.0025,0.002,0.002,2.66,2026-06-18T03:43:15,0.002,2.73
route_mutation,20260618T034315_966982,of:000000000000000b:3 -> of:000000000000000d:2,0.002,0.0025,0.002,0.002,2.66,2026-06-18T03:43:15,0.002,2.73
route_mutation,20260618T034315_966982,of:0000000000000004:1 -> of:000000000000000c:4,0.002,0.0025,0.002,0.002,1.9,2026-06-18T03:43:15,0.002,2.03
route_mutation,20260618T034315_966982,of:000000000000000c:3 -> of:000000000000000d:3,0.002,0.0025,0.002,0.002,2.73,2026-06-18T03:43:15,0.002,2.73
route_mutation,20260618T034315_966982,of:0000000000000001:1 -> of:000000000000000b:1,0.002,0.0025,0.002,0.002,1.96,2026-06-18T03:43:15,0.002,2.0
route_mutation,20260618T034315_966982,of:0000000000000006:2 -> of:000000000000000a:2,0.002,0.0025,0.002,0.002,2.66,2026-06-18T03:43:15,0.002,2.73
route_mutation,20260618T034315_966982,of:0000000000000002:1 -> of:000000000000000b:4,0.002,0.0025,0.002,0.002,1.93,2026-06-18T03:43:15,0.002,2.03
route_mutation,20260618T034315_966982,of:0000000000000001:3 -> of:000000000000000d:1,0.003,0.00375,0.003,0.003,3.93,2026-06-18T03:43:15,0.003,4.06
route_mutation,20260618T034315_966982,of:0000000000000006:1 -> of:000000000000000d:4,0.003,0.00375,0.003,0.002,3.0,2026-06-18T03:43:15,0.003,3.06
route_mutation,20260618T034315_966982,of:0000000000000003:1 -> of:000000000000000b:5,0.002,0.0025,0.002,0.002,1.9,2026-06-18T03:43:15,0.002,2.03
route_mutation,20260618T034315_966982,of:0000000000000007:1 -> of:000000000000000d:5,0.003,0.00375,0.003,0.002,3.03,2026-06-18T03:43:15,0.003,3.13
route_mutation,20260618T034315_966982,of:0000000000000007:2 -> of:000000000000000a:3,0.002,0.0025,0.002,0.002,2.73,2026-06-18T03:43:15,0.002,2.73
route_mutation,20260618T034315_966982,of:0000000000000002:2 -> of:0000000000000008:2,0.002,0.0025,0.002,0.002,2.63,2026-06-18T03:43:15,0.002,2.7
route_mutation,20260618T034315_966982,of:0000000000000008:1 -> of:000000000000000b:6,0.002,0.0025,0.002,0.002,2.03,2026-06-18T03:43:15,0.002,2.03
route_mutation,20260618T034315_966982,of:0000000000000009:1 -> of:000000000000000c:6,0.002,0.0025,0.002,0.002,2.03,2026-06-18T03:43:15,0.002,2.03
route_mutation,20260618T034315_966982,of:0000000000000001:2 -> of:000000000000000c:1,0.002,0.0025,0.002,0.002,2.4,2026-06-18T03:43:15,0.002,2.43
route_mutation,20260618T034315_966982,of:0000000000000003:2 -> of:0000000000000008:3,0.002,0.0025,0.002,0.002,2.66,2026-06-18T03:43:15,0.002,2.73
ip_shuffle,20260618T034346_245950,of:0000000000000005:1 -> of:000000000000000c:5,0.001,0.00125,0.001,0.001,1.33,2026-06-18T03:43:46,0.001,1.2
ip_shuffle,20260618T034346_245950,of:000000000000000a:1 -> of:000000000000000d:6,0.001,0.00125,0.001,0.001,1.33,2026-06-18T03:43:46,0.001,1.2
ip_shuffle,20260618T034346_245950,of:000000000000000b:2 -> of:000000000000000c:2,0.001,0.00125,0.001,0.001,1.2,2026-06-18T03:43:46,0.001,1.2
ip_shuffle,20260618T034346_245950,of:0000000000000004:2 -> of:0000000000000009:2,0.001,0.00125,0.001,0.001,1.33,2026-06-18T03:43:46,0.001,1.2
ip_shuffle,20260618T034346_245950,of:0000000000000005:2 -> of:0000000000000009:3,0.001,0.00125,0.001,0.001,1.33,2026-06-18T03:43:46,0.001,1.2
ip_shuffle,20260618T034346_245950,of:000000000000000b:3 -> of:000000000000000d:2,0.001,0.00125,0.001,0.001,1.33,2026-06-18T03:43:46,0.001,1.2
ip_shuffle,20260618T034346_245950,of:0000000000000004:1 -> of:000000000000000c:4,0.001,0.00125,0.001,0.001,1.33,2026-06-18T03:43:46,0.001,1.2
ip_shuffle,20260618T034346_245950,of:000000000000000c:3 -> of:000000000000000d:3,0.001,0.00125,0.001,0.001,1.2,2026-06-18T03:43:46,0.001,1.2
ip_shuffle,20260618T034346_245950,of:0000000000000001:1 -> of:000000000000000b:1,0.001,0.00125,0.001,0.001,1.33,2026-06-18T03:43:46,0.001,1.23
ip_shuffle,20260618T034346_245950,of:0000000000000006:2 -> of:000000000000000a:2,0.001,0.00125,0.001,0.001,1.33,2026-06-18T03:43:46,0.001,1.2
ip_shuffle,20260618T034346_245950,of:0000000000000002:1 -> of:000000000000000b:4,0.001,0.00125,0.001,0.001,1.36,2026-06-18T03:43:46,0.001,1.2
ip_shuffle,20260618T034346_245950,of:0000000000000001:3 -> of:000000000000000d:1,0.002,0.0025,0.002,0.002,1.6,2026-06-18T03:43:46,0.001,1.4
ip_shuffle,20260618T034346_245950,of:0000000000000006:1 -> of:000000000000000d:4,0.001,0.00125,0.001,0.001,1.33,2026-06-18T03:43:46,0.001,1.2
ip_shuffle,20260618T034346_245950,of:0000000000000003:1 -> of:000000000000000b:5,0.001,0.00125,0.001,0.001,1.33,2026-06-18T03:43:46,0.001,1.2
ip_shuffle,20260618T034346_245950,of:0000000000000007:1 -> of:000000000000000d:5,0.002,0.0025,0.002,0.002,1.46,2026-06-18T03:43:46,0.001,1.3
ip_shuffle,20260618T034346_245950,of:0000000000000007:2 -> of:000000000000000a:3,0.001,0.00125,0.001,0.001,1.27,2026-06-18T03:43:46,0.001,1.2
ip_shuffle,20260618T034346_245950,of:0000000000000002:2 -> of:0000000000000008:2,0.001,0.00125,0.001,0.001,1.36,2026-06-18T03:43:46,0.001,1.23
ip_shuffle,20260618T034346_245950,of:0000000000000008:1 -> of:000000000000000b:6,0.001,0.00125,0.001,0.001,1.27,2026-06-18T03:43:46,0.001,1.2
ip_shuffle,20260618T034346_245950,of:0000000000000009:1 -> of:000000000000000c:6,0.001,0.00125,0.001,0.001,1.2,2026-06-18T03:43:46,0.001,1.2
ip_shuffle,20260618T034346_245950,of:0000000000000001:2 -> of:000000000000000c:1,0.001,0.00125,0.001,0.001,1.33,2026-06-18T03:43:46,0.001,1.23
ip_shuffle,20260618T034346_245950,of:0000000000000003:2 -> of:0000000000000008:3,0.001,0.00125,0.001,0.001,1.33,2026-06-18T03:43:46,0.001,1.2
ip_shuffle,20260618T034443_963115,of:0000000000000005:1 -> of:000000000000000c:5,0.002,0.0025,0.002,0.002,2.39,2026-06-18T03:44:43,0.002,2.46
ip_shuffle,20260618T034443_963115,of:000000000000000a:1 -> of:000000000000000d:6,0.002,0.0025,0.002,0.002,1.6,2026-06-18T03:44:43,0.002,1.7
ip_shuffle,20260618T034443_963115,of:000000000000000b:2 -> of:000000000000000c:2,0.002,0.0025,0.002,0.002,2.0,2026-06-18T03:44:43,0.002,2.0
ip_shuffle,20260618T034443_963115,of:0000000000000004:2 -> of:0000000000000009:2,0.002,0.0025,0.002,0.002,1.93,2026-06-18T03:44:43,0.002,2.0
ip_shuffle,20260618T034443_963115,of:0000000000000005:2 -> of:0000000000000009:3,0.002,0.0025,0.002,0.002,1.93,2026-06-18T03:44:43,0.002,2.0
ip_shuffle,20260618T034443_963115,of:000000000000000b:3 -> of:000000000000000d:2,0.002,0.0025,0.002,0.002,2.03,2026-06-18T03:44:43,0.002,2.03
ip_shuffle,20260618T034443_963115,of:0000000000000004:1 -> of:000000000000000c:4,0.002,0.0025,0.002,0.002,2.33,2026-06-18T03:44:43,0.002,2.46
ip_shuffle,20260618T034443_963115,of:000000000000000c:3 -> of:000000000000000d:3,0.002,0.0025,0.002,0.002,2.03,2026-06-18T03:44:43,0.002,2.03
ip_shuffle,20260618T034443_963115,of:0000000000000001:1 -> of:000000000000000b:1,0.002,0.0025,0.002,0.002,2.56,2026-06-18T03:44:43,0.002,2.56
ip_shuffle,20260618T034443_963115,of:0000000000000006:2 -> of:000000000000000a:2,0.002,0.0025,0.002,0.002,2.03,2026-06-18T03:44:43,0.002,2.03
ip_shuffle,20260618T034443_963115,of:0000000000000002:1 -> of:000000000000000b:4,0.002,0.0025,0.002,0.001,1.56,2026-06-18T03:44:43,0.002,1.66
ip_shuffle,20260618T034443_963115,of:0000000000000001:3 -> of:000000000000000d:1,0.002,0.0025,0.002,0.002,2.69,2026-06-18T03:44:43,0.002,2.63
ip_shuffle,20260618T034443_963115,of:0000000000000006:1 -> of:000000000000000d:4,0.002,0.0025,0.002,0.002,2.39,2026-06-18T03:44:43,0.002,2.36
ip_shuffle,20260618T034443_963115,of:0000000000000003:1 -> of:000000000000000b:5,0.002,0.0025,0.002,0.002,2.16,2026-06-18T03:44:43,0.002,2.39
ip_shuffle,20260618T034443_963115,of:0000000000000007:1 -> of:000000000000000d:5,0.002,0.0025,0.002,0.002,1.63,2026-06-18T03:44:43,0.002,1.7
ip_shuffle,20260618T034443_963115,of:0000000000000007:2 -> of:000000000000000a:3,0.002,0.0025,0.002,0.002,2.03,2026-06-18T03:44:43,0.002,2.03
ip_shuffle,20260618T034443_963115,of:0000000000000002:2 -> of:0000000000000008:2,0.002,0.0025,0.002,0.002,1.9,2026-06-18T03:44:43,0.002,2.03
ip_shuffle,20260618T034443_963115,of:0000000000000008:1 -> of:000000000000000b:6,0.002,0.0025,0.002,0.002,1.66,2026-06-18T03:44:43,0.002,1.66
ip_shuffle,20260618T034443_963115,of:0000000000000009:1 -> of:000000000000000c:6,0.002,0.0025,0.002,0.002,1.66,2026-06-18T03:44:43,0.002,1.66
ip_shuffle,20260618T034443_963115,of:0000000000000001:2 -> of:000000000000000c:1,0.003,0.00375,0.003,0.003,3.33,2026-06-18T03:44:43,0.003,3.49
ip_shuffle,20260618T034443_963115,of:0000000000000003:2 -> of:0000000000000008:3,0.002,0.0025,0.002,0.002,1.96,2026-06-18T03:44:43,0.002,2.03
ip_shuffle,20260618T034541_608160,of:0000000000000005:1 -> of:000000000000000c:5,0.002,0.0025,0.002,0.002,1.9,2026-06-18T03:45:41,0.002,1.73
ip_shuffle,20260618T034541_608160,of:000000000000000a:1 -> of:000000000000000d:6,0.002,0.0025,0.002,0.002,1.86,2026-06-18T03:45:41,0.002,1.7
ip_shuffle,20260618T034541_608160,of:000000000000000b:2 -> of:000000000000000c:2,0.002,0.0025,0.002,0.002,2.26,2026-06-18T03:45:41,0.002,2.26
ip_shuffle,20260618T034541_608160,of:0000000000000004:2 -> of:0000000000000009:2,0.002,0.0025,0.002,0.002,2.43,2026-06-18T03:45:41,0.002,2.3
ip_shuffle,20260618T034541_608160,of:0000000000000005:2 -> of:0000000000000009:3,0.002,0.0025,0.002,0.002,2.43,2026-06-18T03:45:41,0.002,2.3
ip_shuffle,20260618T034541_608160,of:000000000000000b:3 -> of:000000000000000d:2,0.002,0.0025,0.002,0.002,2.3,2026-06-18T03:45:41,0.002,2.23
ip_shuffle,20260618T034541_608160,of:0000000000000004:1 -> of:000000000000000c:4,0.002,0.0025,0.002,0.002,1.9,2026-06-18T03:45:41,0.002,1.73
ip_shuffle,20260618T034541_608160,of:000000000000000c:3 -> of:000000000000000d:3,0.002,0.0025,0.002,0.002,2.23,2026-06-18T03:45:41,0.002,2.23
ip_shuffle,20260618T034541_608160,of:0000000000000001:1 -> of:000000000000000b:1,0.002,0.0025,0.002,0.002,1.8,2026-06-18T03:45:41,0.002,1.7
ip_shuffle,20260618T034541_608160,of:0000000000000006:2 -> of:000000000000000a:2,0.002,0.0025,0.002,0.002,2.33,2026-06-18T03:45:41,0.002,2.26
ip_shuffle,20260618T034541_608160,of:0000000000000002:1 -> of:000000000000000b:4,0.002,0.0025,0.002,0.002,1.9,2026-06-18T03:45:41,0.002,1.73
ip_shuffle,20260618T034541_608160,of:0000000000000001:3 -> of:000000000000000d:1,0.003,0.00375,0.003,0.003,3.7,2026-06-18T03:45:41,0.003,3.83
ip_shuffle,20260618T034541_608160,of:0000000000000006:1 -> of:000000000000000d:4,0.002,0.0025,0.002,0.002,2.76,2026-06-18T03:45:41,0.002,2.7
ip_shuffle,20260618T034541_608160,of:0000000000000003:1 -> of:000000000000000b:5,0.002,0.0025,0.002,0.002,1.9,2026-06-18T03:45:41,0.002,1.73
ip_shuffle,20260618T034541_608160,of:0000000000000007:1 -> of:000000000000000d:5,0.003,0.00375,0.003,0.003,3.06,2026-06-18T03:45:41,0.002,2.9
ip_shuffle,20260618T034541_608160,of:0000000000000007:2 -> of:000000000000000a:3,0.002,0.0025,0.002,0.002,2.33,2026-06-18T03:45:41,0.002,2.26
ip_shuffle,20260618T034541_608160,of:0000000000000002:2 -> of:0000000000000008:2,0.002,0.0025,0.002,0.002,2.43,2026-06-18T03:45:41,0.002,2.3
ip_shuffle,20260618T034541_608160,of:0000000000000008:1 -> of:000000000000000b:6,0.002,0.0025,0.002,0.002,1.8,2026-06-18T03:45:41,0.002,1.73
ip_shuffle,20260618T034541_608160,of:0000000000000009:1 -> of:000000000000000c:6,0.002,0.0025,0.002,0.002,1.73,2026-06-18T03:45:41,0.002,1.73
ip_shuffle,20260618T034541_608160,of:0000000000000001:2 -> of:000000000000000c:1,0.002,0.0025,0.002,0.002,1.8,2026-06-18T03:45:41,0.002,1.7
ip_shuffle,20260618T034541_608160,of:0000000000000003:2 -> of:0000000000000008:3,0.002,0.0025,0.002,0.002,2.43,2026-06-18T03:45:41,0.002,2.3
route_mutation,20260618T034639_275680,of:0000000000000005:1 -> of:000000000000000c:5,0.002,0.0025,0.002,0.002,2.03,2026-06-18T03:46:39,0.002,2.06
route_mutation,20260618T034639_275680,of:000000000000000a:1 -> of:000000000000000d:6,0.002,0.0025,0.002,0.002,2.06,2026-06-18T03:46:39,0.002,2.03
route_mutation,20260618T034639_275680,of:000000000000000b:2 -> of:000000000000000c:2,0.002,0.0025,0.002,0.002,2.8,2026-06-18T03:46:39,0.002,2.8
route_mutation,20260618T034639_275680,of:0000000000000004:2 -> of:0000000000000009:2,0.002,0.0025,0.002,0.002,2.76,2026-06-18T03:46:39,0.002,2.83
route_mutation,20260618T034639_275680,of:0000000000000005:2 -> of:0000000000000009:3,0.002,0.0025,0.002,0.002,2.76,2026-06-18T03:46:39,0.002,2.83
route_mutation,20260618T034639_275680,of:000000000000000b:3 -> of:000000000000000d:2,0.002,0.0025,0.002,0.002,2.9,2026-06-18T03:46:39,0.002,2.9
route_mutation,20260618T034639_275680,of:0000000000000004:1 -> of:000000000000000c:4,0.002,0.0025,0.002,0.002,2.5,2026-06-18T03:46:39,0.002,2.6
route_mutation,20260618T034639_275680,of:000000000000000c:3 -> of:000000000000000d:3,0.002,0.0025,0.002,0.002,2.76,2026-06-18T03:46:39,0.002,2.76
route_mutation,20260618T034639_275680,of:0000000000000001:1 -> of:000000000000000b:1,0.003,0.00375,0.003,0.003,3.89,2026-06-18T03:46:39,0.003,3.93
route_mutation,20260618T034639_275680,of:0000000000000006:2 -> of:000000000000000a:2,0.002,0.0025,0.002,0.002,2.83,2026-06-18T03:46:39,0.002,2.83
route_mutation,20260618T034639_275680,of:0000000000000002:1 -> of:000000000000000b:4,0.002,0.0025,0.002,0.002,2.9,2026-06-18T03:46:39,0.002,3.1
route_mutation,20260618T034639_275680,of:0000000000000001:3 -> of:000000000000000d:1,0.002,0.0025,0.002,0.002,2.86,2026-06-18T03:46:39,0.002,2.8
route_mutation,20260618T034639_275680,of:0000000000000006:1 -> of:000000000000000d:4,0.002,0.0025,0.002,0.002,3.1,2026-06-18T03:46:39,0.002,3.1
route_mutation,20260618T034639_275680,of:0000000000000003:1 -> of:000000000000000b:5,0.003,0.00375,0.003,0.003,3.46,2026-06-18T03:46:39,0.003,3.56
route_mutation,20260618T034639_275680,of:0000000000000007:1 -> of:000000000000000d:5,0.002,0.0025,0.002,0.002,2.6,2026-06-18T03:46:39,0.002,2.63
route_mutation,20260618T034639_275680,of:0000000000000007:2 -> of:000000000000000a:3,0.002,0.0025,0.002,0.002,2.8,2026-06-18T03:46:39,0.002,2.8
route_mutation,20260618T034639_275680,of:0000000000000002:2 -> of:0000000000000008:2,0.002,0.0025,0.002,0.002,2.7,2026-06-18T03:46:39,0.002,2.83
route_mutation,20260618T034639_275680,of:0000000000000008:1 -> of:000000000000000b:6,0.002,0.0025,0.002,0.002,2.06,2026-06-18T03:46:39,0.002,2.06
route_mutation,20260618T034639_275680,of:0000000000000009:1 -> of:000000000000000c:6,0.002,0.0025,0.002,0.002,2.06,2026-06-18T03:46:39,0.002,2.06
route_mutation,20260618T034639_275680,of:0000000000000001:2 -> of:000000000000000c:1,0.002,0.0025,0.002,0.002,2.8,2026-06-18T03:46:39,0.002,2.66
route_mutation,20260618T034639_275680,of:0000000000000003:2 -> of:0000000000000008:3,0.002,0.0025,0.002,0.002,2.7,2026-06-18T03:46:39,0.002,2.83
ip_shuffle,20260618T034709_477229,of:0000000000000005:1 -> of:000000000000000c:5,0.002,0.0025,0.002,0.002,2.63,2026-06-18T03:47:09,0.002,2.53
ip_shuffle,20260618T034709_477229,of:000000000000000a:1 -> of:000000000000000d:6,0.002,0.0025,0.002,0.002,1.8,2026-06-18T03:47:09,0.002,1.73
ip_shuffle,20260618T034709_477229,of:000000000000000b:2 -> of:000000000000000c:2,0.002,0.0025,0.002,0.002,2.33,2026-06-18T03:47:09,0.002,2.26
ip_shuffle,20260618T034709_477229,of:0000000000000004:2 -> of:0000000000000009:2,0.002,0.0025,0.002,0.002,2.33,2026-06-18T03:47:09,0.002,2.2
ip_shuffle,20260618T034709_477229,of:0000000000000005:2 -> of:0000000000000009:3,0.002,0.0025,0.002,0.002,2.33,2026-06-18T03:47:09,0.002,2.2
ip_shuffle,20260618T034709_477229,of:000000000000000b:3 -> of:000000000000000d:2,0.002,0.0025,0.002,0.002,2.33,2026-06-18T03:47:09,0.002,2.26
ip_shuffle,20260618T034709_477229,of:0000000000000004:1 -> of:000000000000000c:4,0.002,0.0025,0.002,0.002,2.1,2026-06-18T03:47:09,0.002,2.0
ip_shuffle,20260618T034709_477229,of:000000000000000c:3 -> of:000000000000000d:3,0.002,0.0025,0.002,0.002,2.33,2026-06-18T03:47:09,0.002,2.26
ip_shuffle,20260618T034709_477229,of:0000000000000001:1 -> of:000000000000000b:1,0.002,0.0025,0.002,0.002,1.8,2026-06-18T03:47:09,0.002,1.86
ip_shuffle,20260618T034709_477229,of:0000000000000006:2 -> of:000000000000000a:2,0.002,0.0025,0.002,0.002,2.3,2026-06-18T03:47:09,0.002,2.23
ip_shuffle,20260618T034709_477229,of:0000000000000002:1 -> of:000000000000000b:4,0.002,0.0025,0.002,0.002,1.8,2026-06-18T03:47:09,0.002,1.73
ip_shuffle,20260618T034709_477229,of:0000000000000001:3 -> of:000000000000000d:1,0.003,0.00375,0.003,0.003,3.83,2026-06-18T03:47:09,0.003,3.76
ip_shuffle,20260618T034709_477229,of:0000000000000006:1 -> of:000000000000000d:4,0.002,0.0025,0.002,0.002,2.93,2026-06-18T03:47:09,0.002,2.83
ip_shuffle,20260618T034709_477229,of:0000000000000003:1 -> of:000000000000000b:5,0.002,0.0025,0.002,0.002,1.8,2026-06-18T03:47:09,0.002,1.73
ip_shuffle,20260618T034709_477229,of:0000000000000007:1 -> of:000000000000000d:5,0.002,0.0025,0.002,0.002,2.9,2026-06-18T03:47:09,0.002,2.7
ip_shuffle,20260618T034709_477229,of:0000000000000007:2 -> of:000000000000000a:3,0.002,0.0025,0.002,0.002,2.3,2026-06-18T03:47:09,0.002,2.23
ip_shuffle,20260618T034709_477229,of:0000000000000002:2 -> of:0000000000000008:2,0.002,0.0025,0.002,0.002,2.3,2026-06-18T03:47:09,0.002,2.16
ip_shuffle,20260618T034709_477229,of:0000000000000008:1 -> of:000000000000000b:6,0.002,0.0025,0.002,0.002,1.76,2026-06-18T03:47:09,0.002,1.73
ip_shuffle,20260618T034709_477229,of:0000000000000009:1 -> of:000000000000000c:6,0.002,0.0025,0.002,0.002,1.8,2026-06-18T03:47:09,0.002,1.73
ip_shuffle,20260618T034709_477229,of:0000000000000001:2 -> of:000000000000000c:1,0.002,0.0025,0.002,0.002,2.6,2026-06-18T03:47:09,0.002,2.66
ip_shuffle,20260618T034709_477229,of:0000000000000003:2 -> of:0000000000000008:3,0.002,0.0025,0.002,0.002,2.3,2026-06-18T03:47:09,0.002,2.16
route_mutation,20260618T034807_116201,of:0000000000000005:1 -> of:000000000000000c:5,0.002,0.0025,0.002,0.002,2.03,2026-06-18T03:48:07,0.002,2.2
route_mutation,20260618T034807_116201,of:000000000000000a:1 -> of:000000000000000d:6,0.002,0.0025,0.002,0.002,2.2,2026-06-18T03:48:07,0.002,2.2
route_mutation,20260618T034807_116201,of:000000000000000b:2 -> of:000000000000000c:2,0.002,0.0025,0.002,0.002,3.06,2026-06-18T03:48:07,0.002,3.06
route_mutation,20260618T034807_116201,of:0000000000000004:2 -> of:0000000000000009:2,0.002,0.0025,0.002,0.002,2.9,2026-06-18T03:48:07,0.002,2.96
route_mutation,20260618T034807_116201,of:0000000000000005:2 -> of:0000000000000009:3,0.002,0.0025,0.002,0.002,2.93,2026-06-18T03:48:07,0.002,3.0
route_mutation,20260618T034807_116201,of:000000000000000b:3 -> of:000000000000000d:2,0.002,0.0025,0.002,0.002,3.23,2026-06-18T03:48:07,0.002,3.23
route_mutation,20260618T034807_116201,of:0000000000000004:1 -> of:000000000000000c:4,0.002,0.0025,0.002,0.002,2.0,2026-06-18T03:48:07,0.002,2.2
route_mutation,20260618T034807_116201,of:000000000000000c:3 -> of:000000000000000d:3,0.002,0.0025,0.002,0.002,3.06,2026-06-18T03:48:07,0.002,3.06
route_mutation,20260618T034807_116201,of:0000000000000001:1 -> of:000000000000000b:1,0.003,0.00375,0.003,0.003,4.26,2026-06-18T03:48:07,0.003,4.06
route_mutation,20260618T034807_116201,of:0000000000000006:2 -> of:000000000000000a:2,0.002,0.0025,0.002,0.002,3.03,2026-06-18T03:48:07,0.002,3.03
route_mutation,20260618T034807_116201,of:0000000000000002:1 -> of:000000000000000b:4,0.003,0.00375,0.003,0.003,3.96,2026-06-18T03:48:07,0.003,3.93
route_mutation,20260618T034807_116201,of:0000000000000001:3 -> of:000000000000000d:1,0.002,0.0025,0.002,0.002,2.76,2026-06-18T03:48:07,0.002,2.83
route_mutation,20260618T034807_116201,of:0000000000000006:1 -> of:000000000000000d:4,0.002,0.0025,0.002,0.002,2.93,2026-06-18T03:48:07,0.002,3.1
route_mutation,20260618T034807_116201,of:0000000000000003:1 -> of:000000000000000b:5,0.002,0.0025,0.002,0.002,2.56,2026-06-18T03:48:07,0.002,2.63
route_mutation,20260618T034807_116201,of:0000000000000007:1 -> of:000000000000000d:5,0.002,0.0025,0.002,0.002,2.1,2026-06-18T03:48:07,0.002,2.2
route_mutation,20260618T034807_116201,of:0000000000000007:2 -> of:000000000000000a:3,0.002,0.0025,0.002,0.002,3.03,2026-06-18T03:48:07,0.002,3.03
route_mutation,20260618T034807_116201,of:0000000000000002:2 -> of:0000000000000008:2,0.002,0.0025,0.002,0.002,3.0,2026-06-18T03:48:07,0.002,3.0
route_mutation,20260618T034807_116201,of:0000000000000008:1 -> of:000000000000000b:6,0.002,0.0025,0.002,0.002,2.16,2026-06-18T03:48:07,0.002,2.2
route_mutation,20260618T034807_116201,of:0000000000000009:1 -> of:000000000000000c:6,0.002,0.0025,0.002,0.002,2.16,2026-06-18T03:48:07,0.002,2.2
route_mutation,20260618T034807_116201,of:0000000000000001:2 -> of:000000000000000c:1,0.002,0.0025,0.002,0.002,2.13,2026-06-18T03:48:07,0.002,2.16
route_mutation,20260618T034807_116201,of:0000000000000003:2 -> of:0000000000000008:3,0.002,0.0025,0.002,0.002,2.83,2026-06-18T03:48:07,0.002,2.96
route_mutation,20260618T034837_369477,of:0000000000000005:1 -> of:000000000000000c:5,0.002,0.0025,0.002,0.002,2.5,2026-06-18T03:48:37,0.002,2.36
route_mutation,20260618T034837_369477,of:000000000000000a:1 -> of:000000000000000d:6,0.002,0.0025,0.002,0.002,1.63,2026-06-18T03:48:37,0.001,1.56
route_mutation,20260618T034837_369477,of:000000000000000b:2 -> of:000000000000000c:2,0.002,0.0025,0.002,0.002,2.0,2026-06-18T03:48:37,0.002,1.93
route_mutation,20260618T034837_369477,of:0000000000000004:2 -> of:0000000000000009:2,0.002,0.0025,0.002,0.002,2.13,2026-06-18T03:48:37,0.002,2.0
route_mutation,20260618T034837_369477,of:0000000000000005:2 -> of:0000000000000009:3,0.002,0.0025,0.002,0.002,2.1,2026-06-18T03:48:37,0.002,1.96
route_mutation,20260618T034837_369477,of:000000000000000b:3 -> of:000000000000000d:2,0.002,0.0025,0.002,0.002,2.0,2026-06-18T03:48:37,0.002,1.93
route_mutation,20260618T034837_369477,of:0000000000000004:1 -> of:000000000000000c:4,0.002,0.0025,0.002,0.002,2.53,2026-06-18T03:48:37,0.002,2.36
route_mutation,20260618T034837_369477,of:000000000000000c:3 -> of:000000000000000d:3,0.002,0.0025,0.002,0.002,2.0,2026-06-18T03:48:37,0.002,1.93
route_mutation,20260618T034837_369477,of:0000000000000001:1 -> of:000000000000000b:1,0.002,0.0025,0.002,0.002,2.5,2026-06-18T03:48:37,0.002,2.66
route_mutation,20260618T034837_369477,of:0000000000000006:2 -> of:000000000000000a:2,0.002,0.0025,0.002,0.002,2.0,2026-06-18T03:48:37,0.002,1.93
route_mutation,20260618T034837_369477,of:0000000000000002:1 -> of:000000000000000b:4,0.002,0.0025,0.002,0.002,1.63,2026-06-18T03:48:37,0.002,1.63
route_mutation,20260618T034837_369477,of:0000000000000001:3 -> of:000000000000000d:1,0.002,0.0025,0.002,0.002,2.13,2026-06-18T03:48:37,0.002,2.0
route_mutation,20260618T034837_369477,of:0000000000000006:1 -> of:000000000000000d:4,0.002,0.0025,0.002,0.002,2.06,2026-06-18T03:48:37,0.002,1.86
route_mutation,20260618T034837_369477,of:0000000000000003:1 -> of:000000000000000b:5,0.002,0.0025,0.002,0.002,2.76,2026-06-18T03:48:37,0.002,2.83
route_mutation,20260618T034837_369477,of:0000000000000007:1 -> of:000000000000000d:5,0.002,0.0025,0.002,0.002,1.7,2026-06-18T03:48:37,0.001,1.56
route_mutation,20260618T034837_369477,of:0000000000000007:2 -> of:000000000000000a:3,0.002,0.0025,0.002,0.002,2.0,2026-06-18T03:48:37,0.002,1.93
route_mutation,20260618T034837_369477,of:0000000000000002:2 -> of:0000000000000008:2,0.002,0.0025,0.002,0.002,2.03,2026-06-18T03:48:37,0.002,2.03
route_mutation,20260618T034837_369477,of:0000000000000008:1 -> of:000000000000000b:6,0.002,0.0025,0.002,0.002,1.66,2026-06-18T03:48:37,0.002,1.63
route_mutation,20260618T034837_369477,of:0000000000000009:1 -> of:000000000000000c:6,0.002,0.0025,0.002,0.002,1.66,2026-06-18T03:48:37,0.001,1.56
route_mutation,20260618T034837_369477,of:0000000000000001:2 -> of:000000000000000c:1,0.003,0.00375,0.003,0.003,3.23,2026-06-18T03:48:37,0.003,3.16
route_mutation,20260618T034837_369477,of:0000000000000003:2 -> of:0000000000000008:3,0.002,0.0025,0.002,0.002,2.1,2026-06-18T03:48:37,0.002,2.1
route_mutation,20260618T034907_637369,of:0000000000000005:1 -> of:000000000000000c:5,0.002,0.0025,0.002,0.002,1.9,2026-06-18T03:49:07,0.002,1.86
route_mutation,20260618T034907_637369,of:000000000000000a:1 -> of:000000000000000d:6,0.002,0.0025,0.002,0.002,1.8,2026-06-18T03:49:07,0.002,1.86
route_mutation,20260618T034907_637369,of:000000000000000b:2 -> of:000000000000000c:2,0.002,0.0025,0.002,0.002,2.33,2026-06-18T03:49:07,0.002,2.4
route_mutation,20260618T034907_637369,of:0000000000000004:2 -> of:0000000000000009:2,0.002,0.0025,0.002,0.002,2.43,2026-06-18T03:49:07,0.002,2.43
route_mutation,20260618T034907_637369,of:0000000000000005:2 -> of:0000000000000009:3,0.002,0.0025,0.002,0.002,2.4,2026-06-18T03:49:07,0.002,2.46
route_mutation,20260618T034907_637369,of:000000000000000b:3 -> of:000000000000000d:2,0.002,0.0025,0.002,0.002,2.33,2026-06-18T03:49:07,0.002,2.4
route_mutation,20260618T034907_637369,of:0000000000000004:1 -> of:000000000000000c:4,0.002,0.0025,0.002,0.002,1.9,2026-06-18T03:49:07,0.002,1.86
route_mutation,20260618T034907_637369,of:000000000000000c:3 -> of:000000000000000d:3,0.002,0.0025,0.002,0.002,2.33,2026-06-18T03:49:07,0.002,2.4
route_mutation,20260618T034907_637369,of:0000000000000001:1 -> of:000000000000000b:1,0.002,0.0025,0.002,0.002,1.86,2026-06-18T03:49:07,0.002,1.83
route_mutation,20260618T034907_637369,of:0000000000000006:2 -> of:000000000000000a:2,0.002,0.0025,0.002,0.002,2.36,2026-06-18T03:49:07,0.002,2.43
route_mutation,20260618T034907_637369,of:0000000000000002:1 -> of:000000000000000b:4,0.002,0.0025,0.002,0.002,1.8,2026-06-18T03:49:07,0.002,1.9
route_mutation,20260618T034907_637369,of:0000000000000001:3 -> of:000000000000000d:1,0.003,0.00375,0.003,0.003,3.6,2026-06-18T03:49:07,0.003,3.7
route_mutation,20260618T034907_637369,of:0000000000000006:1 -> of:000000000000000d:4,0.002,0.0025,0.002,0.002,2.76,2026-06-18T03:49:07,0.002,2.8
route_mutation,20260618T034907_637369,of:0000000000000003:1 -> of:000000000000000b:5,0.002,0.0025,0.002,0.002,1.93,2026-06-18T03:49:07,0.002,1.8
route_mutation,20260618T034907_637369,of:0000000000000007:1 -> of:000000000000000d:5,0.003,0.00375,0.003,0.003,3.23,2026-06-18T03:49:07,0.003,3.26
route_mutation,20260618T034907_637369,of:0000000000000007:2 -> of:000000000000000a:3,0.002,0.0025,0.002,0.002,2.36,2026-06-18T03:49:07,0.002,2.43
route_mutation,20260618T034907_637369,of:0000000000000002:2 -> of:0000000000000008:2,0.002,0.0025,0.002,0.002,2.3,2026-06-18T03:49:07,0.002,2.3
route_mutation,20260618T034907_637369,of:0000000000000008:1 -> of:000000000000000b:6,0.002,0.0025,0.002,0.002,1.8,2026-06-18T03:49:07,0.002,1.8
route_mutation,20260618T034907_637369,of:0000000000000009:1 -> of:000000000000000c:6,0.002,0.0025,0.002,0.002,1.8,2026-06-18T03:49:07,0.002,1.86
route_mutation,20260618T034907_637369,of:0000000000000001:2 -> of:000000000000000c:1,0.002,0.0025,0.002,0.002,1.86,2026-06-18T03:49:07,0.002,1.83
route_mutation,20260618T034907_637369,of:0000000000000003:2 -> of:0000000000000008:3,0.002,0.0025,0.002,0.002,2.46,2026-06-18T03:49:07,0.002,2.33
ip_shuffle,20260618T034937_886364,of:0000000000000005:1 -> of:000000000000000c:5,0.002,0.0025,0.002,0.001,1.4,2026-06-18T03:49:37,0.002,1.56
ip_shuffle,20260618T034937_886364,of:000000000000000a:1 -> of:000000000000000d:6,0.002,0.0025,0.002,0.002,1.56,2026-06-18T03:49:37,0.002,1.56
ip_shuffle,20260618T034937_886364,of:000000000000000b:2 -> of:000000000000000c:2,0.002,0.0025,0.002,0.002,1.8,2026-06-18T03:49:37,0.002,1.8
ip_shuffle,20260618T034937_886364,of:0000000000000004:2 -> of:0000000000000009:2,0.002,0.0025,0.002,0.001,1.63,2026-06-18T03:49:37,0.002,1.76
ip_shuffle,20260618T034937_886364,of:0000000000000005:2 -> of:0000000000000009:3,0.002,0.0025,0.002,0.002,1.76,2026-06-18T03:49:37,0.002,1.76
ip_shuffle,20260618T034937_886364,of:000000000000000b:3 -> of:000000000000000d:2,0.002,0.0025,0.002,0.002,1.8,2026-06-18T03:49:37,0.002,1.8
ip_shuffle,20260618T034937_886364,of:0000000000000004:1 -> of:000000000000000c:4,0.002,0.0025,0.002,0.001,1.4,2026-06-18T03:49:37,0.002,1.56
ip_shuffle,20260618T034937_886364,of:000000000000000c:3 -> of:000000000000000d:3,0.002,0.0025,0.002,0.002,1.8,2026-06-18T03:49:37,0.002,1.8
ip_shuffle,20260618T034937_886364,of:0000000000000001:1 -> of:000000000000000b:1,0.002,0.0025,0.002,0.002,2.33,2026-06-18T03:49:37,0.002,2.2
ip_shuffle,20260618T034937_886364,of:0000000000000006:2 -> of:000000000000000a:2,0.002,0.0025,0.002,0.002,1.76,2026-06-18T03:49:37,0.002,1.76
ip_shuffle,20260618T034937_886364,of:0000000000000002:1 -> of:000000000000000b:4,0.002,0.0025,0.002,0.002,2.2,2026-06-18T03:49:37,0.002,2.33
ip_shuffle,20260618T034937_886364,of:0000000000000001:3 -> of:000000000000000d:1,0.002,0.0025,0.002,0.002,1.56,2026-06-18T03:49:37,0.002,1.6
ip_shuffle,20260618T034937_886364,of:0000000000000006:1 -> of:000000000000000d:4,0.002,0.0025,0.002,0.001,1.4,2026-06-18T03:49:37,0.002,1.56
ip_shuffle,20260618T034937_886364,of:0000000000000003:1 -> of:000000000000000b:5,0.002,0.0025,0.002,0.001,1.46,2026-06-18T03:49:37,0.002,1.63
ip_shuffle,20260618T034937_886364,of:0000000000000007:1 -> of:000000000000000d:5,0.002,0.0025,0.002,0.001,1.46,2026-06-18T03:49:37,0.002,1.56
ip_shuffle,20260618T034937_886364,of:0000000000000007:2 -> of:000000000000000a:3,0.002,0.0025,0.002,0.002,1.76,2026-06-18T03:49:37,0.002,1.76
ip_shuffle,20260618T034937_886364,of:0000000000000002:2 -> of:0000000000000008:2,0.002,0.0025,0.002,0.002,1.8,2026-06-18T03:49:37,0.002,1.8
ip_shuffle,20260618T034937_886364,of:0000000000000008:1 -> of:000000000000000b:6,0.002,0.0025,0.002,0.002,1.53,2026-06-18T03:49:37,0.002,1.56
ip_shuffle,20260618T034937_886364,of:0000000000000009:1 -> of:000000000000000c:6,0.002,0.0025,0.002,0.002,1.56,2026-06-18T03:49:37,0.002,1.56
ip_shuffle,20260618T034937_886364,of:0000000000000001:2 -> of:000000000000000c:1,0.002,0.0025,0.002,0.002,1.56,2026-06-18T03:49:37,0.002,1.6
ip_shuffle,20260618T034937_886364,of:0000000000000003:2 -> of:0000000000000008:3,0.002,0.0025,0.002,0.001,1.6,2026-06-18T03:49:37,0.002,1.73
ip_shuffle,20260618T035035_412086,of:0000000000000005:1 -> of:000000000000000c:5,0.002,0.0025,0.002,0.002,2.53,2026-06-18T03:50:35,0.002,2.43
ip_shuffle,20260618T035035_412086,of:000000000000000a:1 -> of:000000000000000d:6,0.002,0.0025,0.002,0.002,1.66,2026-06-18T03:50:35,0.002,1.76
ip_shuffle,20260618T035035_412086,of:000000000000000b:2 -> of:000000000000000c:2,0.002,0.0025,0.002,0.002,2.1,2026-06-18T03:50:35,0.002,2.03
ip_shuffle,20260618T035035_412086,of:0000000000000004:2 -> of:0000000000000009:2,0.002,0.0025,0.002,0.002,2.13,2026-06-18T03:50:35,0.002,2.06
ip_shuffle,20260618T035035_412086,of:0000000000000005:2 -> of:0000000000000009:3,0.002,0.0025,0.002,0.002,2.06,2026-06-18T03:50:35,0.002,2.06
ip_shuffle,20260618T035035_412086,of:000000000000000b:3 -> of:000000000000000d:2,0.002,0.0025,0.002,0.002,2.1,2026-06-18T03:50:35,0.002,2.1
ip_shuffle,20260618T035035_412086,of:0000000000000004:1 -> of:000000000000000c:4,0.002,0.0025,0.002,0.002,2.53,2026-06-18T03:50:35,0.002,2.43
ip_shuffle,20260618T035035_412086,of:000000000000000c:3 -> of:000000000000000d:3,0.002,0.0025,0.002,0.002,2.13,2026-06-18T03:50:35,0.002,2.13
ip_shuffle,20260618T035035_412086,of:0000000000000001:1 -> of:000000000000000b:1,0.002,0.0025,0.002,0.002,1.73,2026-06-18T03:50:35,0.002,1.8
ip_shuffle,20260618T035035_412086,of:0000000000000006:2 -> of:000000000000000a:2,0.002,0.0025,0.002,0.002,2.06,2026-06-18T03:50:35,0.002,2.06
ip_shuffle,20260618T035035_412086,of:0000000000000002:1 -> of:000000000000000b:4,0.002,0.0025,0.002,0.002,1.73,2026-06-18T03:50:35,0.002,1.66
ip_shuffle,20260618T035035_412086,of:0000000000000001:3 -> of:000000000000000d:1,0.003,0.00375,0.003,0.003,3.7,2026-06-18T03:50:35,0.003,3.63
ip_shuffle,20260618T035035_412086,of:0000000000000006:1 -> of:000000000000000d:4,0.003,0.00375,0.003,0.003,3.33,2026-06-18T03:50:35,0.003,3.3
ip_shuffle,20260618T035035_412086,of:0000000000000003:1 -> of:000000000000000b:5,0.002,0.0025,0.002,0.002,2.13,2026-06-18T03:50:35,0.002,1.93
ip_shuffle,20260618T035035_412086,of:0000000000000007:1 -> of:000000000000000d:5,0.002,0.0025,0.002,0.002,2.2,2026-06-18T03:50:35,0.002,2.16
ip_shuffle,20260618T035035_412086,of:0000000000000007:2 -> of:000000000000000a:3,0.002,0.0025,0.002,0.002,2.06,2026-06-18T03:50:35,0.002,2.06
ip_shuffle,20260618T035035_412086,of:0000000000000002:2 -> of:0000000000000008:2,0.002,0.0025,0.002,0.002,2.13,2026-06-18T03:50:35,0.002,2.13
ip_shuffle,20260618T035035_412086,of:0000000000000008:1 -> of:000000000000000b:6,0.002,0.0025,0.002,0.002,1.66,2026-06-18T03:50:35,0.001,1.6
ip_shuffle,20260618T035035_412086,of:0000000000000009:1 -> of:000000000000000c:6,0.002,0.0025,0.002,0.002,1.66,2026-06-18T03:50:35,0.002,1.7
ip_shuffle,20260618T035035_412086,of:0000000000000001:2 -> of:000000000000000c:1,0.003,0.00375,0.003,0.003,3.2,2026-06-18T03:50:35,0.003,3.16
ip_shuffle,20260618T035035_412086,of:0000000000000003:2 -> of:0000000000000008:3,0.002,0.0025,0.002,0.002,2.33,2026-06-18T03:50:35,0.002,2.26
ip_shuffle,20260618T035133_041648,of:0000000000000005:1 -> of:000000000000000c:5,0.002,0.0025,0.002,0.002,1.66,2026-06-18T03:51:33,0.002,1.7
ip_shuffle,20260618T035133_041648,of:000000000000000a:1 -> of:000000000000000d:6,0.002,0.0025,0.002,0.002,1.63,2026-06-18T03:51:33,0.001,1.56
ip_shuffle,20260618T035133_041648,of:000000000000000b:2 -> of:000000000000000c:2,0.002,0.0025,0.002,0.002,2.0,2026-06-18T03:51:33,0.002,2.06
ip_shuffle,20260618T035133_041648,of:0000000000000004:2 -> of:0000000000000009:2,0.002,0.0025,0.002,0.002,2.03,2026-06-18T03:51:33,0.002,1.96
ip_shuffle,20260618T035133_041648,of:0000000000000005:2 -> of:0000000000000009:3,0.002,0.0025,0.002,0.002,1.96,2026-06-18T03:51:33,0.002,1.96
ip_shuffle,20260618T035133_041648,of:000000000000000b:3 -> of:000000000000000d:2,0.002,0.0025,0.002,0.002,2.0,2026-06-18T03:51:33,0.002,2.0
ip_shuffle,20260618T035133_041648,of:0000000000000004:1 -> of:000000000000000c:4,0.002,0.0025,0.002,0.002,1.66,2026-06-18T03:51:33,0.002,1.7
ip_shuffle,20260618T035133_041648,of:000000000000000c:3 -> of:000000000000000d:3,0.002,0.0025,0.002,0.002,2.0,2026-06-18T03:51:33,0.002,2.0
ip_shuffle,20260618T035133_041648,of:0000000000000001:1 -> of:000000000000000b:1,0.002,0.0025,0.002,0.002,2.83,2026-06-18T03:51:33,0.002,2.76
ip_shuffle,20260618T035133_041648,of:0000000000000006:2 -> of:000000000000000a:2,0.002,0.0025,0.002,0.002,1.96,2026-06-18T03:51:33,0.002,1.96
ip_shuffle,20260618T035133_041648,of:0000000000000002:1 -> of:000000000000000b:4,0.002,0.0025,0.002,0.002,2.76,2026-06-18T03:51:33,0.002,2.83
ip_shuffle,20260618T035133_041648,of:0000000000000001:3 -> of:000000000000000d:1,0.002,0.0025,0.002,0.002,1.7,2026-06-18T03:51:33,0.002,1.8
ip_shuffle,20260618T035133_041648,of:0000000000000006:1 -> of:000000000000000d:4,0.002,0.0025,0.002,0.002,1.66,2026-06-18T03:51:33,0.002,1.63
ip_shuffle,20260618T035133_041648,of:0000000000000003:1 -> of:000000000000000b:5,0.002,0.0025,0.002,0.002,2.0,2026-06-18T03:51:33,0.002,1.9
ip_shuffle,20260618T035133_041648,of:0000000000000007:1 -> of:000000000000000d:5,0.002,0.0025,0.002,0.002,2.0,2026-06-18T03:51:33,0.002,1.96
ip_shuffle,20260618T035133_041648,of:0000000000000007:2 -> of:000000000000000a:3,0.002,0.0025,0.002,0.002,1.96,2026-06-18T03:51:33,0.002,1.96
ip_shuffle,20260618T035133_041648,of:0000000000000002:2 -> of:0000000000000008:2,0.002,0.0025,0.002,0.002,2.1,2026-06-18T03:51:33,0.002,2.1
ip_shuffle,20260618T035133_041648,of:0000000000000008:1 -> of:000000000000000b:6,0.002,0.0025,0.002,0.002,1.63,2026-06-18T03:51:33,0.002,1.7
ip_shuffle,20260618T035133_041648,of:0000000000000009:1 -> of:000000000000000c:6,0.002,0.0025,0.002,0.002,1.63,2026-06-18T03:51:33,0.002,1.63
ip_shuffle,20260618T035133_041648,of:0000000000000001:2 -> of:000000000000000c:1,0.002,0.0025,0.002,0.001,1.56,2026-06-18T03:51:33,0.002,1.73
ip_shuffle,20260618T035133_041648,of:0000000000000003:2 -> of:0000000000000008:3,0.002,0.0025,0.002,0.002,2.1,2026-06-18T03:51:33,0.002,2.03
ip_shuffle,20260618T035230_707326,of:0000000000000005:1 -> of:000000000000000c:5,0.002,0.0025,0.002,0.002,2.36,2026-06-18T03:52:30,0.002,2.43
ip_shuffle,20260618T035230_707326,of:000000000000000a:1 -> of:000000000000000d:6,0.002,0.0025,0.002,0.002,1.63,2026-06-18T03:52:30,0.002,1.63
ip_shuffle,20260618T035230_707326,of:000000000000000b:2 -> of:000000000000000c:2,0.002,0.0025,0.002,0.002,1.93,2026-06-18T03:52:30,0.002,1.93
ip_shuffle,20260618T035230_707326,of:0000000000000004:2 -> of:0000000000000009:2,0.002,0.0025,0.002,0.002,1.86,2026-06-18T03:52:30,0.002,2.0
ip_shuffle,20260618T035230_707326,of:0000000000000005:2 -> of:0000000000000009:3,0.002,0.0025,0.002,0.002,1.96,2026-06-18T03:52:30,0.002,1.96
ip_shuffle,20260618T035230_707326,of:000000000000000b:3 -> of:000000000000000d:2,0.002,0.0025,0.002,0.002,1.96,2026-06-18T03:52:30,0.002,1.96
ip_shuffle,20260618T035230_707326,of:0000000000000004:1 -> of:000000000000000c:4,0.002,0.0025,0.002,0.002,2.33,2026-06-18T03:52:30,0.002,2.43
ip_shuffle,20260618T035230_707326,of:000000000000000c:3 -> of:000000000000000d:3,0.002,0.0025,0.002,0.002,1.93,2026-06-18T03:52:30,0.002,1.93
ip_shuffle,20260618T035230_707326,of:0000000000000001:1 -> of:000000000000000b:1,0.002,0.0025,0.002,0.002,1.93,2026-06-18T03:52:30,0.002,2.06
ip_shuffle,20260618T035230_707326,of:0000000000000006:2 -> of:000000000000000a:2,0.002,0.0025,0.002,0.002,1.93,2026-06-18T03:52:30,0.002,1.93
ip_shuffle,20260618T035230_707326,of:0000000000000002:1 -> of:000000000000000b:4,0.002,0.0025,0.002,0.002,1.63,2026-06-18T03:52:30,0.002,1.63
ip_shuffle,20260618T035230_707326,of:0000000000000001:3 -> of:000000000000000d:1,0.003,0.00375,0.003,0.003,2.99,2026-06-18T03:52:30,0.003,2.86
ip_shuffle,20260618T035230_707326,of:0000000000000006:1 -> of:000000000000000d:4,0.002,0.0025,0.002,0.002,2.59,2026-06-18T03:52:30,0.002,2.73
ip_shuffle,20260618T035230_707326,of:0000000000000003:1 -> of:000000000000000b:5,0.002,0.0025,0.002,0.002,2.03,2026-06-18T03:52:30,0.002,1.9
ip_shuffle,20260618T035230_707326,of:0000000000000007:1 -> of:000000000000000d:5,0.002,0.0025,0.002,0.002,1.93,2026-06-18T03:52:30,0.002,1.9
ip_shuffle,20260618T035230_707326,of:0000000000000007:2 -> of:000000000000000a:3,0.002,0.0025,0.002,0.002,1.93,2026-06-18T03:52:30,0.002,1.93
ip_shuffle,20260618T035230_707326,of:0000000000000002:2 -> of:0000000000000008:2,0.002,0.0025,0.002,0.002,1.96,2026-06-18T03:52:30,0.002,2.03
ip_shuffle,20260618T035230_707326,of:0000000000000008:1 -> of:000000000000000b:6,0.002,0.0025,0.002,0.002,1.66,2026-06-18T03:52:30,0.002,1.63
ip_shuffle,20260618T035230_707326,of:0000000000000009:1 -> of:000000000000000c:6,0.002,0.0025,0.002,0.002,1.66,2026-06-18T03:52:30,0.002,1.63
ip_shuffle,20260618T035230_707326,of:0000000000000001:2 -> of:000000000000000c:1,0.003,0.00375,0.003,0.003,3.23,2026-06-18T03:52:30,0.003,3.29
ip_shuffle,20260618T035230_707326,of:0000000000000003:2 -> of:0000000000000008:3,0.002,0.0025,0.002,0.002,1.96,2026-06-18T03:52:30,0.002,2.03
route_mutation,20260618T035328_317396,of:0000000000000005:1 -> of:000000000000000c:5,0.002,0.0025,0.002,0.002,1.63,2026-06-18T03:53:28,0.001,1.5
route_mutation,20260618T035328_317396,of:000000000000000a:1 -> of:000000000000000d:6,0.002,0.0025,0.002,0.002,1.56,2026-06-18T03:53:28,0.002,1.56
route_mutation,20260618T035328_317396,of:000000000000000b:2 -> of:000000000000000c:2,0.002,0.0025,0.002,0.002,1.8,2026-06-18T03:53:28,0.002,1.8
route_mutation,20260618T035328_317396,of:0000000000000004:2 -> of:0000000000000009:2,0.002,0.0025,0.002,0.002,1.93,2026-06-18T03:53:28,0.002,2.0
route_mutation,20260618T035328_317396,of:0000000000000005:2 -> of:0000000000000009:3,0.002,0.0025,0.002,0.002,1.93,2026-06-18T03:53:28,0.002,1.86
route_mutation,20260618T035328_317396,of:000000000000000b:3 -> of:000000000000000d:2,0.002,0.0025,0.002,0.002,1.86,2026-06-18T03:53:28,0.002,1.86
route_mutation,20260618T035328_317396,of:0000000000000004:1 -> of:000000000000000c:4,0.002,0.0025,0.002,0.002,1.63,2026-06-18T03:53:28,0.002,1.56
route_mutation,20260618T035328_317396,of:000000000000000c:3 -> of:000000000000000d:3,0.002,0.0025,0.002,0.002,1.86,2026-06-18T03:53:28,0.002,1.86
route_mutation,20260618T035328_317396,of:0000000000000001:1 -> of:000000000000000b:1,0.002,0.0025,0.002,0.002,2.63,2026-06-18T03:53:28,0.002,2.6
route_mutation,20260618T035328_317396,of:0000000000000006:2 -> of:000000000000000a:2,0.002,0.0025,0.002,0.002,1.86,2026-06-18T03:53:28,0.002,1.8
route_mutation,20260618T035328_317396,of:0000000000000002:1 -> of:000000000000000b:4,0.002,0.0025,0.002,0.002,2.6,2026-06-18T03:53:28,0.002,2.63
route_mutation,20260618T035328_317396,of:0000000000000001:3 -> of:000000000000000d:1,0.002,0.0025,0.002,0.002,1.63,2026-06-18T03:53:28,0.002,1.7
route_mutation,20260618T035328_317396,of:0000000000000006:1 -> of:000000000000000d:4,0.002,0.0025,0.002,0.002,1.63,2026-06-18T03:53:28,0.002,1.56
route_mutation,20260618T035328_317396,of:0000000000000003:1 -> of:000000000000000b:5,0.002,0.0025,0.002,0.002,1.9,2026-06-18T03:53:28,0.002,1.83
route_mutation,20260618T035328_317396,of:0000000000000007:1 -> of:000000000000000d:5,0.002,0.0025,0.002,0.002,1.63,2026-06-18T03:53:28,0.002,1.56
route_mutation,20260618T035328_317396,of:0000000000000007:2 -> of:000000000000000a:3,0.002,0.0025,0.002,0.002,1.86,2026-06-18T03:53:28,0.002,1.8
route_mutation,20260618T035328_317396,of:0000000000000002:2 -> of:0000000000000008:2,0.002,0.0025,0.002,0.002,1.93,2026-06-18T03:53:28,0.002,1.93
route_mutation,20260618T035328_317396,of:0000000000000008:1 -> of:000000000000000b:6,0.002,0.0025,0.002,0.002,1.56,2026-06-18T03:53:28,0.001,1.5
route_mutation,20260618T035328_317396,of:0000000000000009:1 -> of:000000000000000c:6,0.002,0.0025,0.002,0.002,1.56,2026-06-18T03:53:28,0.002,1.56
route_mutation,20260618T035328_317396,of:0000000000000001:2 -> of:000000000000000c:1,0.002,0.0025,0.002,0.002,1.56,2026-06-18T03:53:28,0.002,1.63
route_mutation,20260618T035328_317396,of:0000000000000003:2 -> of:0000000000000008:3,0.002,0.0025,0.002,0.002,2.0,2026-06-18T03:53:28,0.002,1.93
route_mutation,20260618T035358_621406,of:0000000000000005:1 -> of:000000000000000c:5,0.002,0.0025,0.002,0.002,1.96,2026-06-18T03:53:58,0.002,2.03
route_mutation,20260618T035358_621406,of:000000000000000a:1 -> of:000000000000000d:6,0.002,0.0025,0.002,0.002,2.03,2026-06-18T03:53:58,0.002,2.03
route_mutation,20260618T035358_621406,of:000000000000000b:2 -> of:000000000000000c:2,0.002,0.0025,0.002,0.002,2.73,2026-06-18T03:53:58,0.002,2.73
route_mutation,20260618T035358_621406,of:0000000000000004:2 -> of:0000000000000009:2,0.002,0.0025,0.002,0.002,2.6,2026-06-18T03:53:58,0.002,2.66
route_mutation,20260618T035358_621406,of:0000000000000005:2 -> of:0000000000000009:3,0.002,0.0025,0.002,0.002,2.66,2026-06-18T03:53:58,0.002,2.73
route_mutation,20260618T035358_621406,of:000000000000000b:3 -> of:000000000000000d:2,0.002,0.0025,0.002,0.002,2.86,2026-06-18T03:53:58,0.002,2.86
route_mutation,20260618T035358_621406,of:0000000000000004:1 -> of:000000000000000c:4,0.002,0.0025,0.002,0.002,2.43,2026-06-18T03:53:58,0.002,2.56
route_mutation,20260618T035358_621406,of:000000000000000c:3 -> of:000000000000000d:3,0.002,0.0025,0.002,0.002,2.73,2026-06-18T03:53:58,0.002,2.73
route_mutation,20260618T035358_621406,of:0000000000000001:1 -> of:000000000000000b:1,0.003,0.00375,0.003,0.003,3.93,2026-06-18T03:53:58,0.003,3.96
route_mutation,20260618T035358_621406,of:0000000000000006:2 -> of:000000000000000a:2,0.002,0.0025,0.002,0.002,2.73,2026-06-18T03:53:58,0.002,2.73
route_mutation,20260618T035358_621406,of:0000000000000002:1 -> of:000000000000000b:4,0.002,0.0025,0.002,0.002,2.6,2026-06-18T03:53:58,0.002,2.63
route_mutation,20260618T035358_621406,of:0000000000000001:3 -> of:000000000000000d:1,0.002,0.0025,0.002,0.002,2.16,2026-06-18T03:53:58,0.002,2.1
route_mutation,20260618T035358_621406,of:0000000000000006:1 -> of:000000000000000d:4,0.002,0.0025,0.002,0.002,2.16,2026-06-18T03:53:58,0.002,2.3
route_mutation,20260618T035358_621406,of:0000000000000003:1 -> of:000000000000000b:5,0.003,0.00375,0.003,0.003,3.33,2026-06-18T03:53:58,0.003,3.46
route_mutation,20260618T035358_621406,of:0000000000000007:1 -> of:000000000000000d:5,0.002,0.0025,0.002,0.002,1.96,2026-06-18T03:53:58,0.002,2.03
route_mutation,20260618T035358_621406,of:0000000000000007:2 -> of:000000000000000a:3,0.002,0.0025,0.002,0.002,2.73,2026-06-18T03:53:58,0.002,2.73
route_mutation,20260618T035358_621406,of:0000000000000002:2 -> of:0000000000000008:2,0.002,0.0025,0.002,0.002,2.6,2026-06-18T03:53:58,0.002,2.66
route_mutation,20260618T035358_621406,of:0000000000000008:1 -> of:000000000000000b:6,0.002,0.0025,0.002,0.002,2.03,2026-06-18T03:53:58,0.002,2.03
route_mutation,20260618T035358_621406,of:0000000000000009:1 -> of:000000000000000c:6,0.002,0.0025,0.002,0.002,2.03,2026-06-18T03:53:58,0.002,2.03
route_mutation,20260618T035358_621406,of:0000000000000001:2 -> of:000000000000000c:1,0.002,0.0025,0.002,0.002,2.5,2026-06-18T03:53:58,0.002,2.43
route_mutation,20260618T035358_621406,of:0000000000000003:2 -> of:0000000000000008:3,0.002,0.0025,0.002,0.002,2.53,2026-06-18T03:53:58,0.002,2.66
route_mutation,20260618T035428_877177,of:0000000000000005:1 -> of:000000000000000c:5,0.002,0.0025,0.002,0.002,2.46,2026-06-18T03:54:28,0.002,2.56
route_mutation,20260618T035428_877177,of:000000000000000a:1 -> of:000000000000000d:6,0.002,0.0025,0.002,0.002,1.7,2026-06-18T03:54:28,0.002,1.76
route_mutation,20260618T035428_877177,of:000000000000000b:2 -> of:000000000000000c:2,0.002,0.0025,0.002,0.002,2.2,2026-06-18T03:54:28,0.002,2.2
route_mutation,20260618T035428_877177,of:0000000000000004:2 -> of:0000000000000009:2,0.002,0.0025,0.002,0.002,2.3,2026-06-18T03:54:28,0.002,2.23
route_mutation,20260618T035428_877177,of:0000000000000005:2 -> of:0000000000000009:3,0.002,0.0025,0.002,0.002,2.1,2026-06-18T03:54:28,0.002,2.16
route_mutation,20260618T035428_877177,of:000000000000000b:3 -> of:000000000000000d:2,0.002,0.0025,0.002,0.002,2.13,2026-06-18T03:54:28,0.002,2.2
route_mutation,20260618T035428_877177,of:0000000000000004:1 -> of:000000000000000c:4,0.002,0.0025,0.002,0.002,2.13,2026-06-18T03:54:28,0.002,1.96
route_mutation,20260618T035428_877177,of:000000000000000c:3 -> of:000000000000000d:3,0.002,0.0025,0.002,0.002,2.13,2026-06-18T03:54:28,0.002,2.2
route_mutation,20260618T035428_877177,of:0000000000000001:1 -> of:000000000000000b:1,0.002,0.0025,0.002,0.002,1.7,2026-06-18T03:54:28,0.002,1.8
route_mutation,20260618T035428_877177,of:0000000000000006:2 -> of:000000000000000a:2,0.002,0.0025,0.002,0.002,2.1,2026-06-18T03:54:28,0.002,2.16
route_mutation,20260618T035428_877177,of:0000000000000002:1 -> of:000000000000000b:4,0.002,0.0025,0.002,0.002,1.86,2026-06-18T03:54:28,0.002,1.7
route_mutation,20260618T035428_877177,of:0000000000000001:3 -> of:000000000000000d:1,0.003,0.00375,0.003,0.003,3.53,2026-06-18T03:54:28,0.003,3.46
route_mutation,20260618T035428_877177,of:0000000000000006:1 -> of:000000000000000d:4,0.002,0.0025,0.002,0.002,2.83,2026-06-18T03:54:28,0.002,2.86
route_mutation,20260618T035428_877177,of:0000000000000003:1 -> of:000000000000000b:5,0.002,0.0025,0.002,0.002,1.86,2026-06-18T03:54:28,0.002,1.7
route_mutation,20260618T035428_877177,of:0000000000000007:1 -> of:000000000000000d:5,0.002,0.0025,0.002,0.002,2.5,2026-06-18T03:54:28,0.002,2.56
route_mutation,20260618T035428_877177,of:0000000000000007:2 -> of:000000000000000a:3,0.002,0.0025,0.002,0.002,2.1,2026-06-18T03:54:28,0.002,2.16
route_mutation,20260618T035428_877177,of:0000000000000002:2 -> of:0000000000000008:2,0.002,0.0025,0.002,0.002,2.3,2026-06-18T03:54:28,0.002,2.23
route_mutation,20260618T035428_877177,of:0000000000000008:1 -> of:000000000000000b:6,0.002,0.0025,0.002,0.002,1.7,2026-06-18T03:54:28,0.002,1.76
route_mutation,20260618T035428_877177,of:0000000000000009:1 -> of:000000000000000c:6,0.002,0.0025,0.002,0.002,1.7,2026-06-18T03:54:28,0.002,1.76
route_mutation,20260618T035428_877177,of:0000000000000001:2 -> of:000000000000000c:1,0.002,0.0025,0.002,0.002,2.83,2026-06-18T03:54:28,0.002,2.93
route_mutation,20260618T035428_877177,of:0000000000000003:2 -> of:0000000000000008:3,0.002,0.0025,0.002,0.002,2.3,2026-06-18T03:54:28,0.002,2.23
ip_shuffle,20260618T035459_136616,of:0000000000000005:1 -> of:000000000000000c:5,0.002,0.0025,0.002,0.002,1.53,2026-06-18T03:54:59,0.001,1.37
ip_shuffle,20260618T035459_136616,of:000000000000000a:1 -> of:000000000000000d:6,0.001,0.00125,0.001,0.001,1.43,2026-06-18T03:54:59,0.001,1.37
ip_shuffle,20260618T035459_136616,of:000000000000000b:2 -> of:000000000000000c:2,0.001,0.00125,0.001,0.001,1.53,2026-06-18T03:54:59,0.001,1.53
ip_shuffle,20260618T035459_136616,of:0000000000000004:2 -> of:0000000000000009:2,0.001,0.00125,0.001,0.001,1.5,2026-06-18T03:54:59,0.001,1.5
ip_shuffle,20260618T035459_136616,of:0000000000000005:2 -> of:0000000000000009:3,0.002,0.0025,0.002,0.002,1.7,2026-06-18T03:54:59,0.001,1.56
ip_shuffle,20260618T035459_136616,of:000000000000000b:3 -> of:000000000000000d:2,0.002,0.0025,0.002,0.002,1.6,2026-06-18T03:54:59,0.001,1.53
ip_shuffle,20260618T035459_136616,of:0000000000000004:1 -> of:000000000000000c:4,0.001,0.00125,0.001,0.001,1.33,2026-06-18T03:54:59,0.001,1.43
ip_shuffle,20260618T035459_136616,of:000000000000000c:3 -> of:000000000000000d:3,0.002,0.0025,0.002,0.002,1.6,2026-06-18T03:54:59,0.001,1.53
ip_shuffle,20260618T035459_136616,of:0000000000000001:1 -> of:000000000000000b:1,0.001,0.00125,0.001,0.001,1.43,2026-06-18T03:54:59,0.001,1.33
ip_shuffle,20260618T035459_136616,of:0000000000000006:2 -> of:000000000000000a:2,0.002,0.0025,0.002,0.002,1.7,2026-06-18T03:54:59,0.001,1.56
ip_shuffle,20260618T035459_136616,of:0000000000000002:1 -> of:000000000000000b:4,0.001,0.00125,0.001,0.001,1.33,2026-06-18T03:54:59,0.001,1.43
ip_shuffle,20260618T035459_136616,of:0000000000000001:3 -> of:000000000000000d:1,0.002,0.0025,0.002,0.002,1.83,2026-06-18T03:54:59,0.002,1.9
ip_shuffle,20260618T035459_136616,of:0000000000000006:1 -> of:000000000000000d:4,0.002,0.0025,0.002,0.002,1.53,2026-06-18T03:54:59,0.001,1.37
ip_shuffle,20260618T035459_136616,of:0000000000000003:1 -> of:000000000000000b:5,0.001,0.00125,0.001,0.001,1.33,2026-06-18T03:54:59,0.001,1.43
ip_shuffle,20260618T035459_136616,of:0000000000000007:1 -> of:000000000000000d:5,0.002,0.0025,0.002,0.002,2.1,2026-06-18T03:54:59,0.002,1.96
ip_shuffle,20260618T035459_136616,of:0000000000000007:2 -> of:000000000000000a:3,0.002,0.0025,0.002,0.002,1.63,2026-06-18T03:54:59,0.001,1.56
ip_shuffle,20260618T035459_136616,of:0000000000000002:2 -> of:0000000000000008:2,0.001,0.00125,0.001,0.001,1.5,2026-06-18T03:54:59,0.001,1.5
ip_shuffle,20260618T035459_136616,of:0000000000000008:1 -> of:000000000000000b:6,0.001,0.00125,0.001,0.001,1.43,2026-06-18T03:54:59,0.001,1.37
ip_shuffle,20260618T035459_136616,of:0000000000000009:1 -> of:000000000000000c:6,0.001,0.00125,0.001,0.001,1.43,2026-06-18T03:54:59,0.001,1.37
ip_shuffle,20260618T035459_136616,of:0000000000000001:2 -> of:000000000000000c:1,0.001,0.00125,0.001,0.001,1.43,2026-06-18T03:54:59,0.001,1.33
ip_shuffle,20260618T035459_136616,of:0000000000000003:2 -> of:0000000000000008:3,0.002,0.0025,0.002,0.002,1.56,2026-06-18T03:54:59,0.001,1.5
ip_shuffle,20260618T035556_819787,of:0000000000000005:1 -> of:000000000000000c:5,0.002,0.0025,0.002,0.002,2.63,2026-06-18T03:55:56,0.002,2.53
ip_shuffle,20260618T035556_819787,of:000000000000000a:1 -> of:000000000000000d:6,0.002,0.0025,0.002,0.002,1.6,2026-06-18T03:55:56,0.002,1.66
ip_shuffle,20260618T035556_819787,of:000000000000000b:2 -> of:000000000000000c:2,0.002,0.0025,0.002,0.002,2.0,2026-06-18T03:55:56,0.002,2.0
ip_shuffle,20260618T035556_819787,of:0000000000000004:2 -> of:0000000000000009:2,0.002,0.0025,0.002,0.002,2.0,2026-06-18T03:55:56,0.002,1.93
ip_shuffle,20260618T035556_819787,of:0000000000000005:2 -> of:0000000000000009:3,0.002,0.0025,0.002,0.002,2.16,2026-06-18T03:55:56,0.002,2.16
ip_shuffle,20260618T035556_819787,of:000000000000000b:3 -> of:000000000000000d:2,0.002,0.0025,0.002,0.002,2.06,2026-06-18T03:55:56,0.002,2.13
ip_shuffle,20260618T035556_819787,of:0000000000000004:1 -> of:000000000000000c:4,0.002,0.0025,0.002,0.002,2.46,2026-06-18T03:55:56,0.002,2.4
ip_shuffle,20260618T035556_819787,of:000000000000000c:3 -> of:000000000000000d:3,0.002,0.0025,0.002,0.002,1.93,2026-06-18T03:55:56,0.002,2.0
ip_shuffle,20260618T035556_819787,of:0000000000000001:1 -> of:000000000000000b:1,0.002,0.0025,0.002,0.002,2.63,2026-06-18T03:55:56,0.002,2.76
ip_shuffle,20260618T035556_819787,of:0000000000000006:2 -> of:000000000000000a:2,0.002,0.0025,0.002,0.002,1.93,2026-06-18T03:55:56,0.002,2.0
ip_shuffle,20260618T035556_819787,of:0000000000000002:1 -> of:000000000000000b:4,0.002,0.0025,0.002,0.002,1.63,2026-06-18T03:55:56,0.002,1.63
ip_shuffle,20260618T035556_819787,of:0000000000000001:3 -> of:000000000000000d:1,0.002,0.0025,0.002,0.002,2.1,2026-06-18T03:55:56,0.002,2.03
ip_shuffle,20260618T035556_819787,of:0000000000000006:1 -> of:000000000000000d:4,0.002,0.0025,0.002,0.002,2.13,2026-06-18T03:55:56,0.002,2.16
ip_shuffle,20260618T035556_819787,of:0000000000000003:1 -> of:000000000000000b:5,0.003,0.00375,0.003,0.003,2.93,2026-06-18T03:55:56,0.002,2.66
ip_shuffle,20260618T035556_819787,of:0000000000000007:1 -> of:000000000000000d:5,0.002,0.0025,0.002,0.002,1.6,2026-06-18T03:55:56,0.002,1.66
ip_shuffle,20260618T035556_819787,of:0000000000000007:2 -> of:000000000000000a:3,0.002,0.0025,0.002,0.002,1.93,2026-06-18T03:55:56,0.002,2.0
ip_shuffle,20260618T035556_819787,of:0000000000000002:2 -> of:0000000000000008:2,0.002,0.0025,0.002,0.002,2.0,2026-06-18T03:55:56,0.002,1.93
ip_shuffle,20260618T035556_819787,of:0000000000000008:1 -> of:000000000000000b:6,0.002,0.0025,0.002,0.002,1.66,2026-06-18T03:55:56,0.002,1.66
ip_shuffle,20260618T035556_819787,of:0000000000000009:1 -> of:000000000000000c:6,0.002,0.0025,0.002,0.002,1.66,2026-06-18T03:55:56,0.002,1.66
ip_shuffle,20260618T035556_819787,of:0000000000000001:2 -> of:000000000000000c:1,0.003,0.00375,0.003,0.003,3.2,2026-06-18T03:55:56,0.003,3.2
ip_shuffle,20260618T035556_819787,of:0000000000000003:2 -> of:0000000000000008:3,0.002,0.0025,0.002,0.002,2.0,2026-06-18T03:55:56,0.002,1.93
route_mutation,20260618T035707_591398,of:0000000000000005:1 -> of:000000000000000c:5,0.002,0.0025,0.002,0.001,1.43,2026-06-18T03:57:07,0.002,1.53
route_mutation,20260618T035707_591398,of:000000000000000a:1 -> of:000000000000000d:6,0.002,0.0025,0.002,0.002,1.53,2026-06-18T03:57:07,0.002,1.53
route_mutation,20260618T035707_591398,of:000000000000000b:2 -> of:000000000000000c:2,0.002,0.0025,0.002,0.002,1.73,2026-06-18T03:57:07,0.002,1.73
route_mutation,20260618T035707_591398,of:0000000000000004:2 -> of:0000000000000009:2,0.002,0.0025,0.002,0.002,1.7,2026-06-18T03:57:07,0.002,1.76
route_mutation,20260618T035707_591398,of:0000000000000005:2 -> of:0000000000000009:3,0.002,0.0025,0.002,0.001,1.63,2026-06-18T03:57:07,0.002,1.76
route_mutation,20260618T035707_591398,of:000000000000000b:3 -> of:000000000000000d:2,0.002,0.0025,0.002,0.002,1.73,2026-06-18T03:57:07,0.002,1.73
route_mutation,20260618T035707_591398,of:0000000000000004:1 -> of:000000000000000c:4,0.002,0.0025,0.002,0.001,1.5,2026-06-18T03:57:07,0.002,1.53
route_mutation,20260618T035707_591398,of:000000000000000c:3 -> of:000000000000000d:3,0.002,0.0025,0.002,0.002,1.73,2026-06-18T03:57:07,0.002,1.73
route_mutation,20260618T035707_591398,of:0000000000000001:1 -> of:000000000000000b:1,0.002,0.0025,0.002,0.002,2.06,2026-06-18T03:57:07,0.002,1.9
route_mutation,20260618T035707_591398,of:0000000000000006:2 -> of:000000000000000a:2,0.002,0.0025,0.002,0.002,1.63,2026-06-18T03:57:07,0.002,1.7
route_mutation,20260618T035707_591398,of:0000000000000002:1 -> of:000000000000000b:4,0.002,0.0025,0.002,0.002,1.9,2026-06-18T03:57:07,0.002,2.06
route_mutation,20260618T035707_591398,of:0000000000000001:3 -> of:000000000000000d:1,0.002,0.0025,0.002,0.002,2.1,2026-06-18T03:57:07,0.002,2.16
route_mutation,20260618T035707_591398,of:0000000000000006:1 -> of:000000000000000d:4,0.002,0.0025,0.002,0.002,2.06,2026-06-18T03:57:07,0.002,2.16
route_mutation,20260618T035707_591398,of:0000000000000003:1 -> of:000000000000000b:5,0.002,0.0025,0.002,0.002,1.63,2026-06-18T03:57:07,0.002,1.6
route_mutation,20260618T035707_591398,of:0000000000000007:1 -> of:000000000000000d:5,0.002,0.0025,0.002,0.002,1.57,2026-06-18T03:57:07,0.002,1.67
route_mutation,20260618T035707_591398,of:0000000000000007:2 -> of:000000000000000a:3,0.002,0.0025,0.002,0.002,1.7,2026-06-18T03:57:07,0.002,1.7
route_mutation,20260618T035707_591398,of:0000000000000002:2 -> of:0000000000000008:2,0.002,0.0025,0.002,0.001,1.6,2026-06-18T03:57:07,0.002,1.73
route_mutation,20260618T035707_591398,of:0000000000000008:1 -> of:000000000000000b:6,0.002,0.0025,0.002,0.002,1.5,2026-06-18T03:57:07,0.002,1.53
route_mutation,20260618T035707_591398,of:0000000000000009:1 -> of:000000000000000c:6,0.002,0.0025,0.002,0.002,1.53,2026-06-18T03:57:07,0.002,1.53
route_mutation,20260618T035707_591398,of:0000000000000001:2 -> of:000000000000000c:1,0.002,0.0025,0.002,0.002,1.53,2026-06-18T03:57:07,0.002,1.57
route_mutation,20260618T035707_591398,of:0000000000000003:2 -> of:0000000000000008:3,0.002,0.0025,0.002,0.001,1.6,2026-06-18T03:57:07,0.002,1.73
route_mutation,20260618T035737_850900,of:0000000000000005:1 -> of:000000000000000c:5,0.002,0.0025,0.002,0.002,2.13,2026-06-18T03:57:37,0.002,2.13
route_mutation,20260618T035737_850900,of:000000000000000a:1 -> of:000000000000000d:6,0.002,0.0025,0.002,0.002,2.13,2026-06-18T03:57:37,0.002,2.2
route_mutation,20260618T035737_850900,of:000000000000000b:2 -> of:000000000000000c:2,0.002,0.0025,0.002,0.002,3.06,2026-06-18T03:57:37,0.002,3.06
route_mutation,20260618T035737_850900,of:0000000000000004:2 -> of:0000000000000009:2,0.002,0.0025,0.002,0.002,3.0,2026-06-18T03:57:37,0.002,2.93
route_mutation,20260618T035737_850900,of:0000000000000005:2 -> of:0000000000000009:3,0.002,0.0025,0.002,0.002,3.0,2026-06-18T03:57:37,0.002,2.93
route_mutation,20260618T035737_850900,of:000000000000000b:3 -> of:000000000000000d:2,0.002,0.0025,0.002,0.002,3.1,2026-06-18T03:57:37,0.002,3.16
route_mutation,20260618T035737_850900,of:0000000000000004:1 -> of:000000000000000c:4,0.002,0.0025,0.002,0.002,2.23,2026-06-18T03:57:37,0.002,2.23
route_mutation,20260618T035737_850900,of:000000000000000c:3 -> of:000000000000000d:3,0.002,0.0025,0.002,0.002,3.06,2026-06-18T03:57:37,0.002,3.06
route_mutation,20260618T035737_850900,of:0000000000000001:1 -> of:000000000000000b:1,0.004,0.005,0.004,0.003,4.46,2026-06-18T03:57:37,0.004,4.59
route_mutation,20260618T035737_850900,of:0000000000000006:2 -> of:000000000000000a:2,0.002,0.0025,0.002,0.002,3.03,2026-06-18T03:57:37,0.002,3.1
route_mutation,20260618T035737_850900,of:0000000000000002:1 -> of:000000000000000b:4,0.003,0.00375,0.003,0.003,3.43,2026-06-18T03:57:37,0.003,3.3
route_mutation,20260618T035737_850900,of:0000000000000001:3 -> of:000000000000000d:1,0.002,0.0025,0.002,0.002,2.2,2026-06-18T03:57:37,0.002,2.2
route_mutation,20260618T035737_850900,of:0000000000000006:1 -> of:000000000000000d:4,0.002,0.0025,0.002,0.002,2.4,2026-06-18T03:57:37,0.002,2.43
route_mutation,20260618T035737_850900,of:0000000000000003:1 -> of:000000000000000b:5,0.003,0.00375,0.003,0.003,3.53,2026-06-18T03:57:37,0.003,3.6
route_mutation,20260618T035737_850900,of:0000000000000007:1 -> of:000000000000000d:5,0.002,0.0025,0.002,0.002,2.16,2026-06-18T03:57:37,0.002,2.2
route_mutation,20260618T035737_850900,of:0000000000000007:2 -> of:000000000000000a:3,0.002,0.0025,0.002,0.002,3.03,2026-06-18T03:57:37,0.002,3.1
route_mutation,20260618T035737_850900,of:0000000000000002:2 -> of:0000000000000008:2,0.002,0.0025,0.002,0.002,3.03,2026-06-18T03:57:37,0.002,2.96
route_mutation,20260618T035737_850900,of:0000000000000008:1 -> of:000000000000000b:6,0.002,0.0025,0.002,0.002,2.23,2026-06-18T03:57:37,0.002,2.2
route_mutation,20260618T035737_850900,of:0000000000000009:1 -> of:000000000000000c:6,0.002,0.0025,0.002,0.002,2.2,2026-06-18T03:57:37,0.002,2.2
route_mutation,20260618T035737_850900,of:0000000000000001:2 -> of:000000000000000c:1,0.002,0.0025,0.002,0.002,2.2,2026-06-18T03:57:37,0.002,2.13
route_mutation,20260618T035737_850900,of:0000000000000003:2 -> of:0000000000000008:3,0.002,0.0025,0.002,0.002,3.03,2026-06-18T03:57:37,0.002,2.96
ip_shuffle,20260618T035808_082163,of:0000000000000005:1 -> of:000000000000000c:5,0.002,0.0025,0.002,0.002,2.63,2026-06-18T03:58:08,0.002,2.43
ip_shuffle,20260618T035808_082163,of:000000000000000a:1 -> of:000000000000000d:6,0.002,0.0025,0.002,0.002,1.63,2026-06-18T03:58:08,0.001,1.56
ip_shuffle,20260618T035808_082163,of:000000000000000b:2 -> of:000000000000000c:2,0.002,0.0025,0.002,0.002,1.93,2026-06-18T03:58:08,0.002,1.93
ip_shuffle,20260618T035808_082163,of:0000000000000004:2 -> of:0000000000000009:2,0.002,0.0025,0.002,0.002,2.2,2026-06-18T03:58:08,0.002,2.13
ip_shuffle,20260618T035808_082163,of:0000000000000005:2 -> of:0000000000000009:3,0.002,0.0025,0.002,0.002,2.2,2026-06-18T03:58:08,0.002,2.13
ip_shuffle,20260618T035808_082163,of:000000000000000b:3 -> of:000000000000000d:2,0.002,0.0025,0.002,0.002,2.0,2026-06-18T03:58:08,0.002,1.93
ip_shuffle,20260618T035808_082163,of:0000000000000004:1 -> of:000000000000000c:4,0.002,0.0025,0.002,0.002,2.53,2026-06-18T03:58:08,0.002,2.33
ip_shuffle,20260618T035808_082163,of:000000000000000c:3 -> of:000000000000000d:3,0.002,0.0025,0.002,0.002,1.93,2026-06-18T03:58:08,0.002,1.93
ip_shuffle,20260618T035808_082163,of:0000000000000001:1 -> of:000000000000000b:1,0.002,0.0025,0.002,0.002,1.76,2026-06-18T03:58:08,0.002,1.86
ip_shuffle,20260618T035808_082163,of:0000000000000006:2 -> of:000000000000000a:2,0.002,0.0025,0.002,0.002,2.03,2026-06-18T03:58:08,0.002,1.9
ip_shuffle,20260618T035808_082163,of:0000000000000002:1 -> of:000000000000000b:4,0.002,0.0025,0.002,0.002,1.73,2026-06-18T03:58:08,0.002,1.63
ip_shuffle,20260618T035808_082163,of:0000000000000001:3 -> of:000000000000000d:1,0.003,0.00375,0.003,0.003,3.03,2026-06-18T03:58:08,0.002,2.83
ip_shuffle,20260618T035808_082163,of:0000000000000006:1 -> of:000000000000000d:4,0.002,0.0025,0.002,0.002,2.7,2026-06-18T03:58:08,0.002,2.6
ip_shuffle,20260618T035808_082163,of:0000000000000003:1 -> of:000000000000000b:5,0.002,0.0025,0.002,0.002,1.86,2026-06-18T03:58:08,0.002,1.76
ip_shuffle,20260618T035808_082163,of:0000000000000007:1 -> of:000000000000000d:5,0.002,0.0025,0.002,0.002,1.8,2026-06-18T03:58:08,0.002,1.66
ip_shuffle,20260618T035808_082163,of:0000000000000007:2 -> of:000000000000000a:3,0.002,0.0025,0.002,0.002,2.0,2026-06-18T03:58:08,0.002,1.93
ip_shuffle,20260618T035808_082163,of:0000000000000002:2 -> of:0000000000000008:2,0.002,0.0025,0.002,0.002,2.16,2026-06-18T03:58:08,0.002,2.1
ip_shuffle,20260618T035808_082163,of:0000000000000008:1 -> of:000000000000000b:6,0.001,0.00125,0.001,0.001,1.56,2026-06-18T03:58:08,0.001,1.56
ip_shuffle,20260618T035808_082163,of:0000000000000009:1 -> of:000000000000000c:6,0.001,0.00125,0.001,0.001,1.56,2026-06-18T03:58:08,0.001,1.56
ip_shuffle,20260618T035808_082163,of:0000000000000001:2 -> of:000000000000000c:1,0.003,0.00375,0.003,0.003,3.16,2026-06-18T03:58:08,0.003,3.26
ip_shuffle,20260618T035808_082163,of:0000000000000003:2 -> of:0000000000000008:3,0.002,0.0025,0.002,0.002,2.16,2026-06-18T03:58:08,0.002,2.1
ip_shuffle,20260618T035905_936283,of:0000000000000005:1 -> of:000000000000000c:5,0.002,0.0025,0.002,0.002,1.93,2026-06-18T03:59:05,0.002,1.73
ip_shuffle,20260618T035905_936283,of:000000000000000a:1 -> of:000000000000000d:6,0.002,0.0025,0.002,0.002,1.73,2026-06-18T03:59:05,0.002,1.8
ip_shuffle,20260618T035905_936283,of:000000000000000b:2 -> of:000000000000000c:2,0.002,0.0025,0.002,0.002,2.26,2026-06-18T03:59:05,0.002,2.26
ip_shuffle,20260618T035905_936283,of:0000000000000004:2 -> of:0000000000000009:2,0.002,0.0025,0.002,0.002,2.36,2026-06-18T03:59:05,0.002,2.3
ip_shuffle,20260618T035905_936283,of:0000000000000005:2 -> of:0000000000000009:3,0.002,0.0025,0.002,0.002,2.4,2026-06-18T03:59:05,0.002,2.33
ip_shuffle,20260618T035905_936283,of:000000000000000b:3 -> of:000000000000000d:2,0.002,0.0025,0.002,0.002,2.5,2026-06-18T03:59:05,0.002,2.56
ip_shuffle,20260618T035905_936283,of:0000000000000004:1 -> of:000000000000000c:4,0.002,0.0025,0.002,0.002,1.9,2026-06-18T03:59:05,0.002,1.73
ip_shuffle,20260618T035905_936283,of:000000000000000c:3 -> of:000000000000000d:3,0.002,0.0025,0.002,0.002,2.26,2026-06-18T03:59:05,0.002,2.26
ip_shuffle,20260618T035905_936283,of:0000000000000001:1 -> of:000000000000000b:1,0.003,0.00375,0.003,0.003,3.7,2026-06-18T03:59:05,0.003,3.53
ip_shuffle,20260618T035905_936283,of:0000000000000006:2 -> of:000000000000000a:2,0.002,0.0025,0.002,0.002,2.23,2026-06-18T03:59:05,0.002,2.3
ip_shuffle,20260618T035905_936283,of:0000000000000002:1 -> of:000000000000000b:4,0.003,0.00375,0.003,0.003,3.86,2026-06-18T03:59:05,0.003,3.8
ip_shuffle,20260618T035905_936283,of:0000000000000001:3 -> of:000000000000000d:1,0.002,0.0025,0.002,0.002,1.86,2026-06-18T03:59:05,0.002,2.16
ip_shuffle,20260618T035905_936283,of:0000000000000006:1 -> of:000000000000000d:4,0.002,0.0025,0.002,0.002,1.76,2026-06-18T03:59:05,0.002,1.8
ip_shuffle,20260618T035905_936283,of:0000000000000003:1 -> of:000000000000000b:5,0.002,0.0025,0.002,0.002,2.1,2026-06-18T03:59:05,0.002,2.1
ip_shuffle,20260618T035905_936283,of:0000000000000007:1 -> of:000000000000000d:5,0.002,0.0025,0.002,0.002,2.36,2026-06-18T03:59:05,0.002,2.5
ip_shuffle,20260618T035905_936283,of:0000000000000007:2 -> of:000000000000000a:3,0.002,0.0025,0.002,0.002,2.26,2026-06-18T03:59:05,0.002,2.26
ip_shuffle,20260618T035905_936283,of:0000000000000002:2 -> of:0000000000000008:2,0.002,0.0025,0.002,0.002,2.36,2026-06-18T03:59:05,0.002,2.3
ip_shuffle,20260618T035905_936283,of:0000000000000008:1 -> of:000000000000000b:6,0.002,0.0025,0.002,0.002,1.8,2026-06-18T03:59:05,0.002,1.8
ip_shuffle,20260618T035905_936283,of:0000000000000009:1 -> of:000000000000000c:6,0.002,0.0025,0.002,0.002,1.8,2026-06-18T03:59:05,0.002,1.8
ip_shuffle,20260618T035905_936283,of:0000000000000001:2 -> of:000000000000000c:1,0.002,0.0025,0.002,0.002,1.73,2026-06-18T03:59:05,0.002,1.83
ip_shuffle,20260618T035905_936283,of:0000000000000003:2 -> of:0000000000000008:3,0.002,0.0025,0.002,0.002,2.36,2026-06-18T03:59:05,0.002,2.3
ip_shuffle,20260618T040009_977664,of:0000000000000005:1 -> of:000000000000000c:5,0.002,0.0025,0.002,0.002,1.9,2026-06-18T04:00:09,0.002,2.1
ip_shuffle,20260618T040009_977664,of:000000000000000a:1 -> of:000000000000000d:6,0.002,0.0025,0.002,0.002,2.06,2026-06-18T04:00:09,0.002,2.06
ip_shuffle,20260618T040009_977664,of:000000000000000b:2 -> of:000000000000000c:2,0.002,0.0025,0.002,0.002,2.8,2026-06-18T04:00:09,0.002,2.8
ip_shuffle,20260618T040009_977664,of:0000000000000004:2 -> of:0000000000000009:2,0.002,0.0025,0.002,0.002,2.6,2026-06-18T04:00:09,0.002,2.73
ip_shuffle,20260618T040009_977664,of:0000000000000005:2 -> of:0000000000000009:3,0.002,0.0025,0.002,0.002,2.6,2026-06-18T04:00:09,0.002,2.73
ip_shuffle,20260618T040009_977664,of:000000000000000b:3 -> of:000000000000000d:2,0.002,0.0025,0.002,0.002,2.8,2026-06-18T04:00:09,0.002,2.8
ip_shuffle,20260618T040009_977664,of:0000000000000004:1 -> of:000000000000000c:4,0.002,0.0025,0.002,0.002,1.93,2026-06-18T04:00:09,0.002,2.06
ip_shuffle,20260618T040009_977664,of:000000000000000c:3 -> of:000000000000000d:3,0.002,0.0025,0.002,0.002,2.8,2026-06-18T04:00:09,0.002,2.8
ip_shuffle,20260618T040009_977664,of:0000000000000001:1 -> of:000000000000000b:1,0.002,0.0025,0.002,0.002,2.06,2026-06-18T04:00:09,0.002,2.06
ip_shuffle,20260618T040009_977664,of:0000000000000006:2 -> of:000000000000000a:2,0.002,0.0025,0.002,0.002,2.8,2026-06-18T04:00:09,0.002,2.93
ip_shuffle,20260618T040009_977664,of:0000000000000002:1 -> of:000000000000000b:4,0.002,0.0025,0.002,0.002,2.06,2026-06-18T04:00:09,0.002,2.06
ip_shuffle,20260618T040009_977664,of:0000000000000001:3 -> of:000000000000000d:1,0.004,0.005,0.004,0.004,4.89,2026-06-18T04:00:09,0.004,4.89
ip_shuffle,20260618T040009_977664,of:0000000000000006:1 -> of:000000000000000d:4,0.003,0.00375,0.003,0.003,4.03,2026-06-18T04:00:09,0.003,4.16
ip_shuffle,20260618T040009_977664,of:0000000000000003:1 -> of:000000000000000b:5,0.002,0.0025,0.002,0.002,2.06,2026-06-18T04:00:09,0.002,2.06
ip_shuffle,20260618T040009_977664,of:0000000000000007:1 -> of:000000000000000d:5,0.003,0.00375,0.003,0.003,3.13,2026-06-18T04:00:09,0.003,3.2
ip_shuffle,20260618T040009_977664,of:0000000000000007:2 -> of:000000000000000a:3,0.002,0.0025,0.002,0.002,2.8,2026-06-18T04:00:09,0.002,2.8
ip_shuffle,20260618T040009_977664,of:0000000000000002:2 -> of:0000000000000008:2,0.002,0.0025,0.002,0.002,2.73,2026-06-18T04:00:09,0.002,2.8
ip_shuffle,20260618T040009_977664,of:0000000000000008:1 -> of:000000000000000b:6,0.002,0.0025,0.002,0.002,2.0,2026-06-18T04:00:09,0.002,2.06
ip_shuffle,20260618T040009_977664,of:0000000000000009:1 -> of:000000000000000c:6,0.002,0.0025,0.002,0.002,2.06,2026-06-18T04:00:09,0.002,2.06
ip_shuffle,20260618T040009_977664,of:0000000000000001:2 -> of:000000000000000c:1,0.002,0.0025,0.002,0.002,2.1,2026-06-18T04:00:09,0.002,2.13
ip_shuffle,20260618T040009_977664,of:0000000000000003:2 -> of:0000000000000008:3,0.002,0.0025,0.002,0.002,2.66,2026-06-18T04:00:09,0.002,2.8
route_mutation,20260618T040107_607714,of:0000000000000005:1 -> of:000000000000000c:5,0.002,0.0025,0.002,0.002,2.16,2026-06-18T04:01:07,0.002,2.16
route_mutation,20260618T040107_607714,of:000000000000000a:1 -> of:000000000000000d:6,0.002,0.0025,0.002,0.002,2.23,2026-06-18T04:01:07,0.002,2.1
route_mutation,20260618T040107_607714,of:000000000000000b:2 -> of:000000000000000c:2,0.002,0.0025,0.002,0.002,3.0,2026-06-18T04:01:07,0.002,3.0
route_mutation,20260618T040107_607714,of:0000000000000004:2 -> of:0000000000000009:2,0.002,0.0025,0.002,0.002,3.06,2026-06-18T04:01:07,0.002,3.0
route_mutation,20260618T040107_607714,of:0000000000000005:2 -> of:0000000000000009:3,0.002,0.0025,0.002,0.002,3.06,2026-06-18T04:01:07,0.002,3.0
route_mutation,20260618T040107_607714,of:000000000000000b:3 -> of:000000000000000d:2,0.002,0.0025,0.002,0.002,3.33,2026-06-18T04:01:07,0.002,3.3
route_mutation,20260618T040107_607714,of:0000000000000004:1 -> of:000000000000000c:4,0.002,0.0025,0.002,0.002,2.16,2026-06-18T04:01:07,0.002,2.16
route_mutation,20260618T040107_607714,of:000000000000000c:3 -> of:000000000000000d:3,0.002,0.0025,0.002,0.002,3.0,2026-06-18T04:01:07,0.002,3.0
route_mutation,20260618T040107_607714,of:0000000000000001:1 -> of:000000000000000b:1,0.003,0.00375,0.003,0.003,4.43,2026-06-18T04:01:07,0.003,4.39
route_mutation,20260618T040107_607714,of:0000000000000006:2 -> of:000000000000000a:2,0.002,0.0025,0.002,0.002,3.06,2026-06-18T04:01:07,0.002,3.0
route_mutation,20260618T040107_607714,of:0000000000000002:1 -> of:000000000000000b:4,0.003,0.00375,0.003,0.003,3.89,2026-06-18T04:01:07,0.003,3.7
route_mutation,20260618T040107_607714,of:0000000000000001:3 -> of:000000000000000d:1,0.002,0.0025,0.002,0.002,2.96,2026-06-18T04:01:07,0.002,3.0
route_mutation,20260618T040107_607714,of:0000000000000006:1 -> of:000000000000000d:4,0.002,0.0025,0.002,0.002,2.5,2026-06-18T04:01:07,0.002,2.5
route_mutation,20260618T040107_607714,of:0000000000000003:1 -> of:000000000000000b:5,0.003,0.00375,0.003,0.003,3.26,2026-06-18T04:01:07,0.003,3.5
route_mutation,20260618T040107_607714,of:0000000000000007:1 -> of:000000000000000d:5,0.002,0.0025,0.002,0.002,3.1,2026-06-18T04:01:07,0.002,3.0
route_mutation,20260618T040107_607714,of:0000000000000007:2 -> of:000000000000000a:3,0.002,0.0025,0.002,0.002,3.03,2026-06-18T04:01:07,0.002,2.96
route_mutation,20260618T040107_607714,of:0000000000000002:2 -> of:0000000000000008:2,0.002,0.0025,0.002,0.002,3.1,2026-06-18T04:01:07,0.002,3.03
route_mutation,20260618T040107_607714,of:0000000000000008:1 -> of:000000000000000b:6,0.002,0.0025,0.002,0.002,2.16,2026-06-18T04:01:07,0.002,2.1
route_mutation,20260618T040107_607714,of:0000000000000009:1 -> of:000000000000000c:6,0.002,0.0025,0.002,0.002,2.1,2026-06-18T04:01:07,0.002,2.1
route_mutation,20260618T040107_607714,of:0000000000000001:2 -> of:000000000000000c:1,0.002,0.0025,0.002,0.002,2.16,2026-06-18T04:01:07,0.002,2.13
route_mutation,20260618T040107_607714,of:0000000000000003:2 -> of:0000000000000008:3,0.002,0.0025,0.002,0.002,3.1,2026-06-18T04:01:07,0.002,3.03
route_mutation,20260618T040137_837010,of:0000000000000005:1 -> of:000000000000000c:5,0.002,0.0025,0.002,0.002,2.36,2026-06-18T04:01:37,0.002,2.5
route_mutation,20260618T040137_837010,of:000000000000000a:1 -> of:000000000000000d:6,0.002,0.0025,0.002,0.002,1.6,2026-06-18T04:01:37,0.002,1.7
route_mutation,20260618T040137_837010,of:000000000000000b:2 -> of:000000000000000c:2,0.002,0.0025,0.002,0.002,2.03,2026-06-18T04:01:37,0.002,2.03
route_mutation,20260618T040137_837010,of:0000000000000004:2 -> of:0000000000000009:2,0.002,0.0025,0.002,0.002,1.9,2026-06-18T04:01:37,0.002,2.03
route_mutation,20260618T040137_837010,of:0000000000000005:2 -> of:0000000000000009:3,0.002,0.0025,0.002,0.002,1.9,2026-06-18T04:01:37,0.002,2.03
route_mutation,20260618T040137_837010,of:000000000000000b:3 -> of:000000000000000d:2,0.002,0.0025,0.002,0.002,1.96,2026-06-18T04:01:37,0.002,2.03
route_mutation,20260618T040137_837010,of:0000000000000004:1 -> of:000000000000000c:4,0.002,0.0025,0.002,0.002,2.43,2026-06-18T04:01:37,0.002,2.5
route_mutation,20260618T040137_837010,of:000000000000000c:3 -> of:000000000000000d:3,0.002,0.0025,0.002,0.002,2.06,2026-06-18T04:01:37,0.002,2.06
route_mutation,20260618T040137_837010,of:0000000000000001:1 -> of:000000000000000b:1,0.002,0.0025,0.002,0.002,2.1,2026-06-18T04:01:37,0.002,2.33
route_mutation,20260618T040137_837010,of:0000000000000006:2 -> of:000000000000000a:2,0.002,0.0025,0.002,0.002,1.9,2026-06-18T04:01:37,0.002,2.03
route_mutation,20260618T040137_837010,of:0000000000000002:1 -> of:000000000000000b:4,0.002,0.0025,0.002,0.002,1.66,2026-06-18T04:01:37,0.002,1.66
route_mutation,20260618T040137_837010,of:0000000000000001:3 -> of:000000000000000d:1,0.002,0.0025,0.002,0.002,2.76,2026-06-18T04:01:37,0.002,2.56
route_mutation,20260618T040137_837010,of:0000000000000006:1 -> of:000000000000000d:4,0.002,0.0025,0.002,0.002,2.46,2026-06-18T04:01:37,0.002,2.73
route_mutation,20260618T040137_837010,of:0000000000000003:1 -> of:000000000000000b:5,0.002,0.0025,0.002,0.002,2.3,2026-06-18T04:01:37,0.002,2.06
route_mutation,20260618T040137_837010,of:0000000000000007:1 -> of:000000000000000d:5,0.002,0.0025,0.002,0.002,1.63,2026-06-18T04:01:37,0.002,1.7
route_mutation,20260618T040137_837010,of:0000000000000007:2 -> of:000000000000000a:3,0.002,0.0025,0.002,0.002,1.96,2026-06-18T04:01:37,0.002,2.03
route_mutation,20260618T040137_837010,of:0000000000000002:2 -> of:0000000000000008:2,0.002,0.0025,0.002,0.002,1.93,2026-06-18T04:01:37,0.002,2.0
route_mutation,20260618T040137_837010,of:0000000000000008:1 -> of:000000000000000b:6,0.002,0.0025,0.002,0.002,1.6,2026-06-18T04:01:37,0.002,1.66
route_mutation,20260618T040137_837010,of:0000000000000009:1 -> of:000000000000000c:6,0.002,0.0025,0.002,0.002,1.66,2026-06-18T04:01:37,0.002,1.7
route_mutation,20260618T040137_837010,of:0000000000000001:2 -> of:000000000000000c:1,0.003,0.00375,0.003,0.003,3.3,2026-06-18T04:01:37,0.003,3.26
route_mutation,20260618T040137_837010,of:0000000000000003:2 -> of:0000000000000008:3,0.002,0.0025,0.002,0.002,1.96,2026-06-18T04:01:37,0.002,2.03
route_mutation,20260618T040208_030179,of:0000000000000005:1 -> of:000000000000000c:5,0.002,0.0025,0.002,0.002,1.66,2026-06-18T04:02:08,0.002,1.7
route_mutation,20260618T040208_030179,of:000000000000000a:1 -> of:000000000000000d:6,0.002,0.0025,0.002,0.002,1.8,2026-06-18T04:02:08,0.002,1.76
route_mutation,20260618T040208_030179,of:000000000000000b:2 -> of:000000000000000c:2,0.002,0.0025,0.002,0.002,2.23,2026-06-18T04:02:08,0.002,2.23
route_mutation,20260618T040208_030179,of:0000000000000004:2 -> of:0000000000000009:2,0.002,0.0025,0.002,0.002,2.13,2026-06-18T04:02:08,0.002,2.06
route_mutation,20260618T040208_030179,of:0000000000000005:2 -> of:0000000000000009:3,0.002,0.0025,0.002,0.002,2.13,2026-06-18T04:02:08,0.002,2.06
route_mutation,20260618T040208_030179,of:000000000000000b:3 -> of:000000000000000d:2,0.002,0.0025,0.002,0.002,2.23,2026-06-18T04:02:08,0.002,2.23
route_mutation,20260618T040208_030179,of:0000000000000004:1 -> of:000000000000000c:4,0.002,0.0025,0.002,0.002,1.6,2026-06-18T04:02:08,0.002,1.7
route_mutation,20260618T040208_030179,of:000000000000000c:3 -> of:000000000000000d:3,0.002,0.0025,0.002,0.002,2.2,2026-06-18T04:02:08,0.002,2.2
route_mutation,20260618T040208_030179,of:0000000000000001:1 -> of:000000000000000b:1,0.002,0.0025,0.002,0.002,1.73,2026-06-18T04:02:08,0.002,1.63
route_mutation,20260618T040208_030179,of:0000000000000006:2 -> of:000000000000000a:2,0.002,0.0025,0.002,0.002,2.13,2026-06-18T04:02:08,0.002,2.06
route_mutation,20260618T040208_030179,of:0000000000000002:1 -> of:000000000000000b:4,0.002,0.0025,0.002,0.002,1.63,2026-06-18T04:02:08,0.002,1.73
route_mutation,20260618T040208_030179,of:0000000000000001:3 -> of:000000000000000d:1,0.002,0.0025,0.002,0.002,2.9,2026-06-18T04:02:08,0.002,2.93
route_mutation,20260618T040208_030179,of:0000000000000006:1 -> of:000000000000000d:4,0.002,0.0025,0.002,0.002,1.8,2026-06-18T04:02:08,0.002,1.7
route_mutation,20260618T040208_030179,of:0000000000000003:1 -> of:000000000000000b:5,0.002,0.0025,0.002,0.002,1.6,2026-06-18T04:02:08,0.002,1.73
route_mutation,20260618T040208_030179,of:0000000000000007:1 -> of:000000000000000d:5,0.002,0.0025,0.002,0.002,2.83,2026-06-18T04:02:08,0.002,2.86
route_mutation,20260618T040208_030179,of:0000000000000007:2 -> of:000000000000000a:3,0.002,0.0025,0.002,0.002,2.26,2026-06-18T04:02:08,0.002,2.26
route_mutation,20260618T040208_030179,of:0000000000000002:2 -> of:0000000000000008:2,0.002,0.0025,0.002,0.002,2.1,2026-06-18T04:02:08,0.002,2.1
route_mutation,20260618T040208_030179,of:0000000000000008:1 -> of:000000000000000b:6,0.002,0.0025,0.002,0.002,1.8,2026-06-18T04:02:08,0.002,1.8
route_mutation,20260618T040208_030179,of:0000000000000009:1 -> of:000000000000000c:6,0.002,0.0025,0.002,0.002,1.8,2026-06-18T04:02:08,0.002,1.76
route_mutation,20260618T040208_030179,of:0000000000000001:2 -> of:000000000000000c:1,0.002,0.0025,0.002,0.002,1.7,2026-06-18T04:02:08,0.002,1.63
route_mutation,20260618T040208_030179,of:0000000000000003:2 -> of:0000000000000008:3,0.002,0.0025,0.002,0.002,2.06,2026-06-18T04:02:08,0.002,2.06
ip_shuffle,20260618T040238_288201,of:0000000000000005:1 -> of:000000000000000c:5,0.001,0.00125,0.001,0.001,1.37,2026-06-18T04:02:38,0.001,1.27
ip_shuffle,20260618T040238_288201,of:000000000000000a:1 -> of:000000000000000d:6,0.001,0.00125,0.001,0.001,1.27,2026-06-18T04:02:38,0.001,1.2
ip_shuffle,20260618T040238_288201,of:000000000000000b:2 -> of:000000000000000c:2,0.001,0.00125,0.001,0.001,1.2,2026-06-18T04:02:38,0.001,1.2
ip_shuffle,20260618T040238_288201,of:0000000000000004:2 -> of:0000000000000009:2,0.001,0.00125,0.001,0.001,1.37,2026-06-18T04:02:38,0.001,1.3
ip_shuffle,20260618T040238_288201,of:0000000000000005:2 -> of:0000000000000009:3,0.001,0.00125,0.001,0.001,1.37,2026-06-18T04:02:38,0.001,1.3
ip_shuffle,20260618T040238_288201,of:000000000000000b:3 -> of:000000000000000d:2,0.001,0.00125,0.001,0.001,1.27,2026-06-18T04:02:38,0.001,1.2
ip_shuffle,20260618T040238_288201,of:0000000000000004:1 -> of:000000000000000c:4,0.001,0.00125,0.001,0.001,1.37,2026-06-18T04:02:38,0.001,1.27
ip_shuffle,20260618T040238_288201,of:000000000000000c:3 -> of:000000000000000d:3,0.001,0.00125,0.001,0.001,1.27,2026-06-18T04:02:38,0.001,1.2
ip_shuffle,20260618T040238_288201,of:0000000000000001:1 -> of:000000000000000b:1,0.001,0.00125,0.001,0.001,1.27,2026-06-18T04:02:38,0.001,1.3
ip_shuffle,20260618T040238_288201,of:0000000000000006:2 -> of:000000000000000a:2,0.001,0.00125,0.001,0.001,1.37,2026-06-18T04:02:38,0.001,1.3
ip_shuffle,20260618T040238_288201,of:0000000000000002:1 -> of:000000000000000b:4,0.001,0.00125,0.001,0.001,1.3,2026-06-18T04:02:38,0.001,1.3
ip_shuffle,20260618T040238_288201,of:0000000000000001:3 -> of:000000000000000d:1,0.001,0.00125,0.001,0.001,1.27,2026-06-18T04:02:38,0.001,1.33
ip_shuffle,20260618T040238_288201,of:0000000000000006:1 -> of:000000000000000d:4,0.001,0.00125,0.001,0.001,1.37,2026-06-18T04:02:38,0.001,1.27
ip_shuffle,20260618T040238_288201,of:0000000000000003:1 -> of:000000000000000b:5,0.001,0.00125,0.001,0.001,1.37,2026-06-18T04:02:38,0.001,1.27
ip_shuffle,20260618T040238_288201,of:0000000000000007:1 -> of:000000000000000d:5,0.002,0.0025,0.002,0.002,1.46,2026-06-18T04:02:38,0.001,1.33
ip_shuffle,20260618T040238_288201,of:0000000000000007:2 -> of:000000000000000a:3,0.001,0.00125,0.001,0.001,1.27,2026-06-18T04:02:38,0.001,1.2
ip_shuffle,20260618T040238_288201,of:0000000000000002:2 -> of:0000000000000008:2,0.001,0.00125,0.001,0.001,1.37,2026-06-18T04:02:38,0.001,1.3
ip_shuffle,20260618T040238_288201,of:0000000000000008:1 -> of:000000000000000b:6,0.001,0.00125,0.001,0.001,1.27,2026-06-18T04:02:38,0.001,1.2
ip_shuffle,20260618T040238_288201,of:0000000000000009:1 -> of:000000000000000c:6,0.001,0.00125,0.001,0.001,1.2,2026-06-18T04:02:38,0.001,1.2
ip_shuffle,20260618T040238_288201,of:0000000000000001:2 -> of:000000000000000c:1,0.001,0.00125,0.001,0.001,1.27,2026-06-18T04:02:38,0.001,1.27
ip_shuffle,20260618T040238_288201,of:0000000000000003:2 -> of:0000000000000008:3,0.001,0.00125,0.001,0.001,1.37,2026-06-18T04:02:38,0.001,1.3
ip_shuffle,20260618T040436_085706,of:0000000000000005:1 -> of:000000000000000c:5,0.003,0.00375,0.003,0.003,2.8,2026-06-18T04:04:36,0.003,2.8
ip_shuffle,20260618T040436_085706,of:000000000000000a:1 -> of:000000000000000d:6,0.002,0.0025,0.002,0.002,2.36,2026-06-18T04:04:36,0.002,2.43
ip_shuffle,20260618T040436_085706,of:000000000000000b:2 -> of:000000000000000c:2,0.003,0.00375,0.003,0.003,3.23,2026-06-18T04:04:36,0.003,3.23
ip_shuffle,20260618T040436_085706,of:0000000000000004:2 -> of:0000000000000009:2,0.003,0.00375,0.003,0.003,3.16,2026-06-18T04:04:36,0.003,3.23
ip_shuffle,20260618T040436_085706,of:0000000000000005:2 -> of:0000000000000009:3,0.003,0.00375,0.003,0.003,3.16,2026-06-18T04:04:36,0.003,3.23
ip_shuffle,20260618T040436_085706,of:000000000000000b:3 -> of:000000000000000d:2,0.003,0.00375,0.003,0.003,3.16,2026-06-18T04:04:36,0.003,3.23
ip_shuffle,20260618T040436_085706,of:0000000000000004:1 -> of:000000000000000c:4,0.003,0.00375,0.003,0.003,3.0,2026-06-18T04:04:36,0.003,3.03
ip_shuffle,20260618T040436_085706,of:000000000000000c:3 -> of:000000000000000d:3,0.003,0.00375,0.003,0.003,3.26,2026-06-18T04:04:36,0.003,3.26
ip_shuffle,20260618T040436_085706,of:0000000000000001:1 -> of:000000000000000b:1,0.003,0.00375,0.003,0.003,3.83,2026-06-18T04:04:36,0.003,3.76
ip_shuffle,20260618T040436_085706,of:0000000000000006:1 -> of:000000000000000d:4,0.002,0.0025,0.002,0.002,2.33,2026-06-18T04:04:36,0.002,2.4
ip_shuffle,20260618T040436_085706,of:0000000000000002:1 -> of:000000000000000b:4,0.003,0.00375,0.003,0.003,3.06,2026-06-18T04:04:36,0.003,3.13
ip_shuffle,20260618T040436_085706,of:0000000000000001:3 -> of:000000000000000d:1,0.002,0.0025,0.002,0.002,2.36,2026-06-18T04:04:36,0.002,2.33
ip_shuffle,20260618T040436_085706,of:0000000000000006:2 -> of:000000000000000a:2,0.003,0.00375,0.003,0.003,3.16,2026-06-18T04:04:36,0.003,3.23
ip_shuffle,20260618T040436_085706,of:0000000000000003:1 -> of:000000000000000b:5,0.003,0.00375,0.003,0.003,3.06,2026-06-18T04:04:36,0.003,3.06
ip_shuffle,20260618T040436_085706,of:0000000000000007:1 -> of:000000000000000d:5,0.002,0.0025,0.002,0.002,2.36,2026-06-18T04:04:36,0.002,2.43
ip_shuffle,20260618T040436_085706,of:0000000000000007:2 -> of:000000000000000a:3,0.003,0.00375,0.003,0.003,3.2,2026-06-18T04:04:36,0.003,3.26
ip_shuffle,20260618T040436_085706,of:0000000000000002:2 -> of:0000000000000008:2,0.003,0.00375,0.003,0.003,3.16,2026-06-18T04:04:36,0.003,3.16
ip_shuffle,20260618T040436_085706,of:0000000000000008:1 -> of:000000000000000b:6,0.002,0.0025,0.002,0.002,2.3,2026-06-18T04:04:36,0.002,2.4
ip_shuffle,20260618T040436_085706,of:0000000000000009:1 -> of:000000000000000c:6,0.002,0.0025,0.002,0.002,2.36,2026-06-18T04:04:36,0.002,2.43
ip_shuffle,20260618T040436_085706,of:0000000000000001:2 -> of:000000000000000c:1,0.003,0.00375,0.003,0.003,3.23,2026-06-18T04:04:36,0.003,3.33
ip_shuffle,20260618T040436_085706,of:0000000000000003:2 -> of:0000000000000008:3,0.003,0.00375,0.003,0.003,3.1,2026-06-18T04:04:36,0.003,3.16
route_mutation,20260618T040546_581745,of:0000000000000005:1 -> of:000000000000000c:5,0.002,0.0025,0.002,0.002,2.4,2026-06-18T04:05:46,0.002,2.43
route_mutation,20260618T040546_581745,of:000000000000000a:1 -> of:000000000000000d:6,0.002,0.0025,0.002,0.002,1.56,2026-06-18T04:05:46,0.002,1.66
route_mutation,20260618T040546_581745,of:000000000000000b:2 -> of:000000000000000c:2,0.002,0.0025,0.002,0.002,1.7,2026-06-18T04:05:46,0.002,1.76
route_mutation,20260618T040546_581745,of:0000000000000004:2 -> of:0000000000000009:2,0.002,0.0025,0.002,0.002,1.63,2026-06-18T04:05:46,0.002,1.7
route_mutation,20260618T040546_581745,of:0000000000000005:2 -> of:0000000000000009:3,0.002,0.0025,0.002,0.002,1.63,2026-06-18T04:05:46,0.002,1.7
route_mutation,20260618T040546_581745,of:000000000000000b:3 -> of:000000000000000d:2,0.002,0.0025,0.002,0.002,1.76,2026-06-18T04:05:46,0.002,1.83
route_mutation,20260618T040546_581745,of:0000000000000004:1 -> of:000000000000000c:4,0.002,0.0025,0.002,0.002,2.36,2026-06-18T04:05:46,0.002,2.4
route_mutation,20260618T040546_581745,of:000000000000000c:3 -> of:000000000000000d:3,0.002,0.0025,0.002,0.002,1.8,2026-06-18T04:05:46,0.002,1.8
route_mutation,20260618T040546_581745,of:0000000000000001:1 -> of:000000000000000b:1,0.002,0.0025,0.002,0.002,2.1,2026-06-18T04:05:46,0.002,1.96
route_mutation,20260618T040546_581745,of:0000000000000006:1 -> of:000000000000000d:4,0.002,0.0025,0.002,0.002,2.46,2026-06-18T04:05:46,0.002,2.53
route_mutation,20260618T040546_581745,of:0000000000000002:1 -> of:000000000000000b:4,0.002,0.0025,0.002,0.002,1.56,2026-06-18T04:05:46,0.002,1.63
route_mutation,20260618T040546_581745,of:0000000000000001:3 -> of:000000000000000d:1,0.003,0.00375,0.003,0.003,2.83,2026-06-18T04:05:46,0.003,3.0
route_mutation,20260618T040546_581745,of:0000000000000006:2 -> of:000000000000000a:2,0.002,0.0025,0.002,0.002,1.66,2026-06-18T04:05:46,0.002,1.73
route_mutation,20260618T040546_581745,of:0000000000000003:1 -> of:000000000000000b:5,0.002,0.0025,0.002,0.002,1.96,2026-06-18T04:05:46,0.002,2.0
route_mutation,20260618T040546_581745,of:0000000000000007:1 -> of:000000000000000d:5,0.002,0.0025,0.002,0.002,2.06,2026-06-18T04:05:46,0.002,2.1
route_mutation,20260618T040546_581745,of:0000000000000007:2 -> of:000000000000000a:3,0.002,0.0025,0.002,0.002,1.7,2026-06-18T04:05:46,0.002,1.76
route_mutation,20260618T040546_581745,of:0000000000000002:2 -> of:0000000000000008:2,0.002,0.0025,0.002,0.002,1.7,2026-06-18T04:05:46,0.002,1.7
route_mutation,20260618T040546_581745,of:0000000000000008:1 -> of:000000000000000b:6,0.002,0.0025,0.002,0.002,1.53,2026-06-18T04:05:46,0.002,1.6
route_mutation,20260618T040546_581745,of:0000000000000009:1 -> of:000000000000000c:6,0.002,0.0025,0.002,0.002,1.56,2026-06-18T04:05:46,0.002,1.63
route_mutation,20260618T040546_581745,of:0000000000000001:2 -> of:000000000000000c:1,0.003,0.00375,0.003,0.003,3.16,2026-06-18T04:05:46,0.003,3.16
route_mutation,20260618T040546_581745,of:0000000000000003:2 -> of:0000000000000008:3,0.002,0.0025,0.002,0.002,1.73,2026-06-18T04:05:46,0.002,1.73
ip_shuffle,20260618T040616_815610,of:0000000000000005:1 -> of:000000000000000c:5,0.001,0.00125,0.001,0.001,1.26,2026-06-18T04:06:16,0.001,1.36
ip_shuffle,20260618T040616_815610,of:000000000000000a:1 -> of:000000000000000d:6,0.002,0.0025,0.002,0.002,1.36,2026-06-18T04:06:16,0.001,1.33
ip_shuffle,20260618T040616_815610,of:000000000000000b:2 -> of:000000000000000c:2,0.002,0.0025,0.002,0.002,1.43,2026-06-18T04:06:16,0.002,1.43
ip_shuffle,20260618T040616_815610,of:0000000000000004:2 -> of:0000000000000009:2,0.002,0.0025,0.002,0.001,1.43,2026-06-18T04:06:16,0.002,1.5
ip_shuffle,20260618T040616_815610,of:0000000000000005:2 -> of:0000000000000009:3,0.002,0.0025,0.002,0.002,1.5,2026-06-18T04:06:16,0.002,1.5
ip_shuffle,20260618T040616_815610,of:000000000000000b:3 -> of:000000000000000d:2,0.002,0.0025,0.002,0.002,1.36,2026-06-18T04:06:16,0.002,1.36
ip_shuffle,20260618T040616_815610,of:0000000000000004:1 -> of:000000000000000c:4,0.002,0.0025,0.002,0.001,1.3,2026-06-18T04:06:16,0.002,1.4
ip_shuffle,20260618T040616_815610,of:000000000000000c:3 -> of:000000000000000d:3,0.002,0.0025,0.002,0.002,1.4,2026-06-18T04:06:16,0.002,1.4
ip_shuffle,20260618T040616_815610,of:0000000000000001:1 -> of:000000000000000b:1,0.002,0.0025,0.002,0.001,1.23,2026-06-18T04:06:16,0.002,1.46
ip_shuffle,20260618T040616_815610,of:0000000000000006:1 -> of:000000000000000d:4,0.002,0.0025,0.002,0.001,1.3,2026-06-18T04:06:16,0.002,1.36
ip_shuffle,20260618T040616_815610,of:0000000000000002:1 -> of:000000000000000b:4,0.001,0.00125,0.001,0.001,1.3,2026-06-18T04:06:16,0.001,1.36
ip_shuffle,20260618T040616_815610,of:0000000000000001:3 -> of:000000000000000d:1,0.002,0.0025,0.002,0.002,1.9,2026-06-18T04:06:16,0.002,1.8
ip_shuffle,20260618T040616_815610,of:0000000000000006:2 -> of:000000000000000a:2,0.002,0.0025,0.002,0.002,1.46,2026-06-18T04:06:16,0.002,1.46
ip_shuffle,20260618T040616_815610,of:0000000000000003:1 -> of:000000000000000b:5,0.002,0.0025,0.002,0.001,1.3,2026-06-18T04:06:16,0.002,1.4
ip_shuffle,20260618T040616_815610,of:0000000000000007:1 -> of:000000000000000d:5,0.002,0.0025,0.002,0.002,1.7,2026-06-18T04:06:16,0.002,1.8
ip_shuffle,20260618T040616_815610,of:0000000000000007:2 -> of:000000000000000a:3,0.002,0.0025,0.002,0.002,1.43,2026-06-18T04:06:16,0.002,1.43
ip_shuffle,20260618T040616_815610,of:0000000000000002:2 -> of:0000000000000008:2,0.002,0.0025,0.002,0.001,1.36,2026-06-18T04:06:16,0.002,1.5
ip_shuffle,20260618T040616_815610,of:0000000000000008:1 -> of:000000000000000b:6,0.002,0.0025,0.002,0.002,1.4,2026-06-18T04:06:16,0.002,1.4
ip_shuffle,20260618T040616_815610,of:0000000000000009:1 -> of:000000000000000c:6,0.001,0.00125,0.001,0.001,1.36,2026-06-18T04:06:16,0.001,1.36
ip_shuffle,20260618T040616_815610,of:0000000000000001:2 -> of:000000000000000c:1,0.002,0.0025,0.002,0.001,1.3,2026-06-18T04:06:16,0.002,1.43
ip_shuffle,20260618T040616_815610,of:0000000000000003:2 -> of:0000000000000008:3,0.002,0.0025,0.002,0.001,1.33,2026-06-18T04:06:16,0.002,1.46
ip_shuffle,20260618T040721_000602,of:0000000000000005:1 -> of:000000000000000c:5,0.002,0.0025,0.002,0.002,2.3,2026-06-18T04:07:21,0.002,2.33
ip_shuffle,20260618T040721_000602,of:000000000000000a:1 -> of:000000000000000d:6,0.002,0.0025,0.002,0.002,1.63,2026-06-18T04:07:21,0.002,1.73
ip_shuffle,20260618T040721_000602,of:000000000000000b:2 -> of:000000000000000c:2,0.002,0.0025,0.002,0.002,1.93,2026-06-18T04:07:21,0.002,2.0
ip_shuffle,20260618T040721_000602,of:0000000000000004:2 -> of:0000000000000009:2,0.002,0.0025,0.002,0.002,1.9,2026-06-18T04:07:21,0.002,1.96
ip_shuffle,20260618T040721_000602,of:0000000000000005:2 -> of:0000000000000009:3,0.002,0.0025,0.002,0.002,1.9,2026-06-18T04:07:21,0.002,1.96
ip_shuffle,20260618T040721_000602,of:000000000000000b:3 -> of:000000000000000d:2,0.002,0.0025,0.002,0.002,1.96,2026-06-18T04:07:21,0.002,2.03
ip_shuffle,20260618T040721_000602,of:0000000000000004:1 -> of:000000000000000c:4,0.002,0.0025,0.002,0.002,1.63,2026-06-18T04:07:21,0.002,1.66
ip_shuffle,20260618T040721_000602,of:000000000000000c:3 -> of:000000000000000d:3,0.002,0.0025,0.002,0.002,1.96,2026-06-18T04:07:21,0.002,2.03
ip_shuffle,20260618T040721_000602,of:0000000000000001:1 -> of:000000000000000b:1,0.002,0.0025,0.002,0.002,1.73,2026-06-18T04:07:21,0.002,1.86
ip_shuffle,20260618T040721_000602,of:0000000000000006:1 -> of:000000000000000d:4,0.002,0.0025,0.002,0.002,2.63,2026-06-18T04:07:21,0.002,2.66
ip_shuffle,20260618T040721_000602,of:0000000000000002:1 -> of:000000000000000b:4,0.002,0.0025,0.002,0.002,1.63,2026-06-18T04:07:21,0.002,1.66
ip_shuffle,20260618T040721_000602,of:0000000000000001:3 -> of:000000000000000d:1,0.003,0.00375,0.003,0.003,3.43,2026-06-18T04:07:21,0.003,3.39
ip_shuffle,20260618T040721_000602,of:0000000000000006:2 -> of:000000000000000a:2,0.002,0.0025,0.002,0.002,1.9,2026-06-18T04:07:21,0.002,1.96
ip_shuffle,20260618T040721_000602,of:0000000000000003:1 -> of:000000000000000b:5,0.002,0.0025,0.002,0.002,1.63,2026-06-18T04:07:21,0.002,1.66
ip_shuffle,20260618T040721_000602,of:0000000000000007:1 -> of:000000000000000d:5,0.002,0.0025,0.002,0.002,2.13,2026-06-18T04:07:21,0.002,2.16
ip_shuffle,20260618T040721_000602,of:0000000000000007:2 -> of:000000000000000a:3,0.002,0.0025,0.002,0.002,1.93,2026-06-18T04:07:21,0.002,2.0
ip_shuffle,20260618T040721_000602,of:0000000000000002:2 -> of:0000000000000008:2,0.002,0.0025,0.002,0.002,1.96,2026-06-18T04:07:21,0.002,1.96
ip_shuffle,20260618T040721_000602,of:0000000000000008:1 -> of:000000000000000b:6,0.002,0.0025,0.002,0.002,1.6,2026-06-18T04:07:21,0.002,1.66
ip_shuffle,20260618T040721_000602,of:0000000000000009:1 -> of:000000000000000c:6,0.002,0.0025,0.002,0.002,1.6,2026-06-18T04:07:21,0.002,1.66
ip_shuffle,20260618T040721_000602,of:0000000000000001:2 -> of:000000000000000c:1,0.002,0.0025,0.002,0.002,2.43,2026-06-18T04:07:21,0.002,2.56
ip_shuffle,20260618T040721_000602,of:0000000000000003:2 -> of:0000000000000008:3,0.002,0.0025,0.002,0.002,1.96,2026-06-18T04:07:21,0.002,1.96
ip_shuffle,20260618T040825_155029,of:0000000000000005:1 -> of:000000000000000c:5,0.002,0.0025,0.002,0.002,1.6,2026-06-18T04:08:25,0.002,1.53
ip_shuffle,20260618T040825_155029,of:000000000000000a:1 -> of:000000000000000d:6,0.002,0.0025,0.002,0.002,1.53,2026-06-18T04:08:25,0.002,1.6
ip_shuffle,20260618T040825_155029,of:000000000000000b:2 -> of:000000000000000c:2,0.002,0.0025,0.002,0.002,1.76,2026-06-18T04:08:25,0.002,1.76
ip_shuffle,20260618T040825_155029,of:0000000000000004:2 -> of:0000000000000009:2,0.002,0.0025,0.002,0.002,1.76,2026-06-18T04:08:25,0.002,1.83
ip_shuffle,20260618T040825_155029,of:0000000000000005:2 -> of:0000000000000009:3,0.002,0.0025,0.002,0.002,1.8,2026-06-18T04:08:25,0.002,1.86
ip_shuffle,20260618T040825_155029,of:000000000000000b:3 -> of:000000000000000d:2,0.002,0.0025,0.002,0.002,1.73,2026-06-18T04:08:25,0.002,1.8
ip_shuffle,20260618T040825_155029,of:0000000000000004:1 -> of:000000000000000c:4,0.002,0.0025,0.002,0.002,2.26,2026-06-18T04:08:25,0.002,2.16
ip_shuffle,20260618T040825_155029,of:000000000000000c:3 -> of:000000000000000d:3,0.002,0.0025,0.002,0.002,1.76,2026-06-18T04:08:25,0.002,1.76
ip_shuffle,20260618T040825_155029,of:0000000000000001:1 -> of:000000000000000b:1,0.003,0.00375,0.003,0.003,3.69,2026-06-18T04:08:25,0.003,3.73
ip_shuffle,20260618T040825_155029,of:0000000000000006:1 -> of:000000000000000d:4,0.002,0.0025,0.002,0.002,1.63,2026-06-18T04:08:25,0.002,1.56
ip_shuffle,20260618T040825_155029,of:0000000000000002:1 -> of:000000000000000b:4,0.002,0.0025,0.002,0.002,2.66,2026-06-18T04:08:25,0.002,2.66
ip_shuffle,20260618T040825_155029,of:0000000000000001:3 -> of:000000000000000d:1,0.002,0.0025,0.002,0.001,1.53,2026-06-18T04:08:25,0.002,1.66
ip_shuffle,20260618T040825_155029,of:0000000000000006:2 -> of:000000000000000a:2,0.002,0.0025,0.002,0.002,1.76,2026-06-18T04:08:25,0.002,1.76
ip_shuffle,20260618T040825_155029,of:0000000000000003:1 -> of:000000000000000b:5,0.002,0.0025,0.002,0.002,2.66,2026-06-18T04:08:25,0.002,2.66
ip_shuffle,20260618T040825_155029,of:0000000000000007:1 -> of:000000000000000d:5,0.002,0.0025,0.002,0.002,1.56,2026-06-18T04:08:25,0.002,1.56
ip_shuffle,20260618T040825_155029,of:0000000000000007:2 -> of:000000000000000a:3,0.002,0.0025,0.002,0.002,1.8,2026-06-18T04:08:25,0.002,1.8
ip_shuffle,20260618T040825_155029,of:0000000000000002:2 -> of:0000000000000008:2,0.002,0.0025,0.002,0.002,1.83,2026-06-18T04:08:25,0.002,1.83
ip_shuffle,20260618T040825_155029,of:0000000000000008:1 -> of:000000000000000b:6,0.002,0.0025,0.002,0.002,1.53,2026-06-18T04:08:25,0.002,1.6
ip_shuffle,20260618T040825_155029,of:0000000000000009:1 -> of:000000000000000c:6,0.002,0.0025,0.002,0.002,1.56,2026-06-18T04:08:25,0.002,1.56
ip_shuffle,20260618T040825_155029,of:0000000000000001:2 -> of:000000000000000c:1,0.002,0.0025,0.002,0.002,2.4,2026-06-18T04:08:25,0.002,2.4
ip_shuffle,20260618T040825_155029,of:0000000000000003:2 -> of:0000000000000008:3,0.002,0.0025,0.002,0.002,1.83,2026-06-18T04:08:25,0.002,1.83
route_mutation,20260618T040922_741758,of:0000000000000005:1 -> of:000000000000000c:5,0.001,0.00125,0.001,0.001,1.26,2026-06-18T04:09:22,0.001,1.36
route_mutation,20260618T040922_741758,of:000000000000000a:1 -> of:000000000000000d:6,0.002,0.0025,0.002,0.002,1.36,2026-06-18T04:09:22,0.002,1.36
route_mutation,20260618T040922_741758,of:000000000000000b:2 -> of:000000000000000c:2,0.002,0.0025,0.002,0.002,1.4,2026-06-18T04:09:22,0.002,1.4
route_mutation,20260618T040922_741758,of:0000000000000004:2 -> of:0000000000000009:2,0.002,0.0025,0.002,0.001,1.36,2026-06-18T04:09:22,0.002,1.43
route_mutation,20260618T040922_741758,of:0000000000000005:2 -> of:0000000000000009:3,0.002,0.0025,0.002,0.002,1.43,2026-06-18T04:09:22,0.002,1.43
route_mutation,20260618T040922_741758,of:000000000000000b:3 -> of:000000000000000d:2,0.002,0.0025,0.002,0.002,1.4,2026-06-18T04:09:22,0.002,1.4
route_mutation,20260618T040922_741758,of:0000000000000004:1 -> of:000000000000000c:4,0.001,0.00125,0.001,0.001,1.26,2026-06-18T04:09:22,0.001,1.36
route_mutation,20260618T040922_741758,of:000000000000000c:3 -> of:000000000000000d:3,0.002,0.0025,0.002,0.002,1.4,2026-06-18T04:09:22,0.002,1.4
route_mutation,20260618T040922_741758,of:0000000000000001:1 -> of:000000000000000b:1,0.001,0.00125,0.001,0.001,1.3,2026-06-18T04:09:22,0.001,1.26
route_mutation,20260618T040922_741758,of:0000000000000006:1 -> of:000000000000000d:4,0.001,0.00125,0.001,0.001,1.26,2026-06-18T04:09:22,0.001,1.36
route_mutation,20260618T040922_741758,of:0000000000000002:1 -> of:000000000000000b:4,0.001,0.00125,0.001,0.001,1.26,2026-06-18T04:09:22,0.001,1.3
route_mutation,20260618T040922_741758,of:0000000000000001:3 -> of:000000000000000d:1,0.002,0.0025,0.002,0.002,1.6,2026-06-18T04:09:22,0.002,1.63
route_mutation,20260618T040922_741758,of:0000000000000006:2 -> of:000000000000000a:2,0.002,0.0025,0.002,0.002,1.43,2026-06-18T04:09:22,0.002,1.43
route_mutation,20260618T040922_741758,of:0000000000000003:1 -> of:000000000000000b:5,0.001,0.00125,0.001,0.001,1.26,2026-06-18T04:09:22,0.001,1.36
route_mutation,20260618T040922_741758,of:0000000000000007:1 -> of:000000000000000d:5,0.002,0.0025,0.002,0.002,1.76,2026-06-18T04:09:22,0.002,1.83
route_mutation,20260618T040922_741758,of:0000000000000007:2 -> of:000000000000000a:3,0.002,0.0025,0.002,0.002,1.4,2026-06-18T04:09:22,0.002,1.4
route_mutation,20260618T040922_741758,of:0000000000000002:2 -> of:0000000000000008:2,0.001,0.00125,0.001,0.001,1.3,2026-06-18T04:09:22,0.001,1.3
route_mutation,20260618T040922_741758,of:0000000000000008:1 -> of:000000000000000b:6,0.001,0.00125,0.001,0.001,1.36,2026-06-18T04:09:22,0.001,1.36
route_mutation,20260618T040922_741758,of:0000000000000009:1 -> of:000000000000000c:6,0.001,0.00125,0.001,0.001,1.36,2026-06-18T04:09:22,0.001,1.36
route_mutation,20260618T040922_741758,of:0000000000000001:2 -> of:000000000000000c:1,0.001,0.00125,0.001,0.001,1.36,2026-06-18T04:09:22,0.001,1.26
route_mutation,20260618T040922_741758,of:0000000000000003:2 -> of:0000000000000008:3,0.002,0.0025,0.002,0.001,1.36,2026-06-18T04:09:22,0.002,1.43
ip_shuffle,20260618T040952_970796,of:0000000000000005:1 -> of:000000000000000c:5,0.002,0.0025,0.002,0.002,1.53,2026-06-18T04:09:52,0.002,1.53
ip_shuffle,20260618T040952_970796,of:000000000000000a:1 -> of:000000000000000d:6,0.002,0.0025,0.002,0.001,1.46,2026-06-18T04:09:52,0.002,1.53
ip_shuffle,20260618T040952_970796,of:000000000000000b:2 -> of:000000000000000c:2,0.002,0.0025,0.002,0.002,1.66,2026-06-18T04:09:52,0.002,1.73
ip_shuffle,20260618T040952_970796,of:0000000000000004:2 -> of:0000000000000009:2,0.002,0.0025,0.002,0.002,1.66,2026-06-18T04:09:52,0.002,1.73
ip_shuffle,20260618T040952_970796,of:0000000000000005:2 -> of:0000000000000009:3,0.002,0.0025,0.002,0.002,1.66,2026-06-18T04:09:52,0.002,1.73
ip_shuffle,20260618T040952_970796,of:000000000000000b:3 -> of:000000000000000d:2,0.002,0.0025,0.002,0.002,1.66,2026-06-18T04:09:52,0.002,1.73
ip_shuffle,20260618T040952_970796,of:0000000000000004:1 -> of:000000000000000c:4,0.002,0.0025,0.002,0.002,2.2,2026-06-18T04:09:52,0.002,2.2
ip_shuffle,20260618T040952_970796,of:000000000000000c:3 -> of:000000000000000d:3,0.002,0.0025,0.002,0.002,1.66,2026-06-18T04:09:52,0.002,1.73
ip_shuffle,20260618T040952_970796,of:0000000000000001:1 -> of:000000000000000b:1,0.003,0.00375,0.003,0.003,3.6,2026-06-18T04:09:52,0.003,3.6
ip_shuffle,20260618T040952_970796,of:0000000000000006:1 -> of:000000000000000d:4,0.002,0.0025,0.002,0.002,1.53,2026-06-18T04:09:52,0.002,1.53
ip_shuffle,20260618T040952_970796,of:0000000000000002:1 -> of:000000000000000b:4,0.002,0.0025,0.002,0.002,2.56,2026-06-18T04:09:52,0.002,2.56
ip_shuffle,20260618T040952_970796,of:0000000000000001:3 -> of:000000000000000d:1,0.002,0.0025,0.002,0.001,1.4,2026-06-18T04:09:52,0.002,1.53
ip_shuffle,20260618T040952_970796,of:0000000000000006:2 -> of:000000000000000a:2,0.002,0.0025,0.002,0.002,1.66,2026-06-18T04:09:52,0.002,1.73
ip_shuffle,20260618T040952_970796,of:0000000000000003:1 -> of:000000000000000b:5,0.002,0.0025,0.002,0.002,2.56,2026-06-18T04:09:52,0.002,2.56
ip_shuffle,20260618T040952_970796,of:0000000000000007:1 -> of:000000000000000d:5,0.002,0.0025,0.002,0.001,1.46,2026-06-18T04:09:52,0.002,1.53
ip_shuffle,20260618T040952_970796,of:0000000000000007:2 -> of:000000000000000a:3,0.002,0.0025,0.002,0.002,1.66,2026-06-18T04:09:52,0.002,1.73
ip_shuffle,20260618T040952_970796,of:0000000000000002:2 -> of:0000000000000008:2,0.002,0.0025,0.002,0.002,1.73,2026-06-18T04:09:52,0.002,1.73
ip_shuffle,20260618T040952_970796,of:0000000000000008:1 -> of:000000000000000b:6,0.002,0.0025,0.002,0.001,1.46,2026-06-18T04:09:52,0.002,1.53
ip_shuffle,20260618T040952_970796,of:0000000000000009:1 -> of:000000000000000c:6,0.002,0.0025,0.002,0.001,1.46,2026-06-18T04:09:52,0.002,1.53
ip_shuffle,20260618T040952_970796,of:0000000000000001:2 -> of:000000000000000c:1,0.002,0.0025,0.002,0.002,2.33,2026-06-18T04:09:52,0.002,2.46
ip_shuffle,20260618T040952_970796,of:0000000000000003:2 -> of:0000000000000008:3,0.002,0.0025,0.002,0.002,1.66,2026-06-18T04:09:52,0.002,1.73
route_mutation,20260618T041050_642824,of:0000000000000005:1 -> of:000000000000000c:5,0.002,0.0025,0.002,0.001,1.37,2026-06-18T04:10:50,0.002,1.47
route_mutation,20260618T041050_642824,of:000000000000000a:1 -> of:000000000000000d:6,0.002,0.0025,0.002,0.002,1.43,2026-06-18T04:10:50,0.002,1.43
route_mutation,20260618T041050_642824,of:000000000000000b:2 -> of:000000000000000c:2,0.002,0.0025,0.002,0.002,1.53,2026-06-18T04:10:50,0.002,1.53
route_mutation,20260618T041050_642824,of:0000000000000004:2 -> of:0000000000000009:2,0.002,0.0025,0.002,0.002,1.56,2026-06-18T04:10:50,0.002,1.63
route_mutation,20260618T041050_642824,of:0000000000000005:2 -> of:0000000000000009:3,0.002,0.0025,0.002,0.002,1.6,2026-06-18T04:10:50,0.002,1.6
route_mutation,20260618T041050_642824,of:000000000000000b:3 -> of:000000000000000d:2,0.002,0.0025,0.002,0.002,1.53,2026-06-18T04:10:50,0.002,1.53
route_mutation,20260618T041050_642824,of:0000000000000004:1 -> of:000000000000000c:4,0.002,0.0025,0.002,0.001,1.37,2026-06-18T04:10:50,0.002,1.43
route_mutation,20260618T041050_642824,of:000000000000000c:3 -> of:000000000000000d:3,0.002,0.0025,0.002,0.002,1.53,2026-06-18T04:10:50,0.002,1.53
route_mutation,20260618T041050_642824,of:0000000000000001:1 -> of:000000000000000b:1,0.001,0.00125,0.001,0.001,1.37,2026-06-18T04:10:50,0.001,1.33
route_mutation,20260618T041050_642824,of:0000000000000006:1 -> of:000000000000000d:4,0.002,0.0025,0.002,0.001,1.4,2026-06-18T04:10:50,0.002,1.43
route_mutation,20260618T041050_642824,of:0000000000000002:1 -> of:000000000000000b:4,0.002,0.0025,0.002,0.001,1.27,2026-06-18T04:10:50,0.002,1.43
route_mutation,20260618T041050_642824,of:0000000000000001:3 -> of:000000000000000d:1,0.002,0.0025,0.002,0.002,1.66,2026-06-18T04:10:50,0.002,1.8
route_mutation,20260618T041050_642824,of:0000000000000006:2 -> of:000000000000000a:2,0.002,0.0025,0.002,0.002,1.56,2026-06-18T04:10:50,0.002,1.56
route_mutation,20260618T041050_642824,of:0000000000000003:1 -> of:000000000000000b:5,0.002,0.0025,0.002,0.001,1.37,2026-06-18T04:10:50,0.002,1.43
route_mutation,20260618T041050_642824,of:0000000000000007:1 -> of:000000000000000d:5,0.002,0.0025,0.002,0.002,1.83,2026-06-18T04:10:50,0.002,1.93
route_mutation,20260618T041050_642824,of:0000000000000007:2 -> of:000000000000000a:3,0.002,0.0025,0.002,0.002,1.56,2026-06-18T04:10:50,0.002,1.56
route_mutation,20260618T041050_642824,of:0000000000000002:2 -> of:0000000000000008:2,0.002,0.0025,0.002,0.001,1.4,2026-06-18T04:10:50,0.002,1.47
route_mutation,20260618T041050_642824,of:0000000000000008:1 -> of:000000000000000b:6,0.002,0.0025,0.002,0.002,1.47,2026-06-18T04:10:50,0.002,1.43
route_mutation,20260618T041050_642824,of:0000000000000009:1 -> of:000000000000000c:6,0.002,0.0025,0.002,0.002,1.47,2026-06-18T04:10:50,0.002,1.43
route_mutation,20260618T041050_642824,of:0000000000000001:2 -> of:000000000000000c:1,0.002,0.0025,0.002,0.002,1.43,2026-06-18T04:10:50,0.001,1.33
route_mutation,20260618T041050_642824,of:0000000000000003:2 -> of:0000000000000008:3,0.002,0.0025,0.002,0.002,1.56,2026-06-18T04:10:50,0.002,1.63
route_mutation,20260618T041120_928668,of:0000000000000005:1 -> of:000000000000000c:5,0.002,0.0025,0.002,0.002,1.56,2026-06-18T04:11:20,0.002,1.56
route_mutation,20260618T041120_928668,of:000000000000000a:1 -> of:000000000000000d:6,0.002,0.0025,0.002,0.002,1.5,2026-06-18T04:11:20,0.002,1.56
route_mutation,20260618T041120_928668,of:000000000000000b:2 -> of:000000000000000c:2,0.002,0.0025,0.002,0.002,1.66,2026-06-18T04:11:20,0.002,1.73
route_mutation,20260618T041120_928668,of:0000000000000004:2 -> of:0000000000000009:2,0.002,0.0025,0.002,0.002,1.66,2026-06-18T04:11:20,0.002,1.73
route_mutation,20260618T041120_928668,of:0000000000000005:2 -> of:0000000000000009:3,0.002,0.0025,0.002,0.002,1.66,2026-06-18T04:11:20,0.002,1.73
route_mutation,20260618T041120_928668,of:000000000000000b:3 -> of:000000000000000d:2,0.002,0.0025,0.002,0.002,1.7,2026-06-18T04:11:20,0.002,1.76
route_mutation,20260618T041120_928668,of:0000000000000004:1 -> of:000000000000000c:4,0.002,0.0025,0.002,0.002,2.06,2026-06-18T04:11:20,0.002,2.06
route_mutation,20260618T041120_928668,of:000000000000000c:3 -> of:000000000000000d:3,0.002,0.0025,0.002,0.002,1.73,2026-06-18T04:11:20,0.002,1.73
route_mutation,20260618T041120_928668,of:0000000000000001:1 -> of:000000000000000b:1,0.003,0.00375,0.003,0.003,3.59,2026-06-18T04:11:20,0.003,3.53
route_mutation,20260618T041120_928668,of:0000000000000006:1 -> of:000000000000000d:4,0.002,0.0025,0.002,0.001,1.46,2026-06-18T04:11:20,0.002,1.56
route_mutation,20260618T041120_928668,of:0000000000000002:1 -> of:000000000000000b:4,0.002,0.0025,0.002,0.002,2.56,2026-06-18T04:11:20,0.002,2.5
route_mutation,20260618T041120_928668,of:0000000000000001:3 -> of:000000000000000d:1,0.001,0.00125,0.001,0.001,1.4,2026-06-18T04:11:20,0.001,1.46
route_mutation,20260618T041120_928668,of:0000000000000006:2 -> of:000000000000000a:2,0.002,0.0025,0.002,0.002,1.66,2026-06-18T04:11:20,0.002,1.73
route_mutation,20260618T041120_928668,of:0000000000000003:1 -> of:000000000000000b:5,0.003,0.00375,0.003,0.003,2.73,2026-06-18T04:11:20,0.002,2.66
route_mutation,20260618T041120_928668,of:0000000000000007:1 -> of:000000000000000d:5,0.002,0.0025,0.002,0.001,1.46,2026-06-18T04:11:20,0.002,1.53
route_mutation,20260618T041120_928668,of:0000000000000007:2 -> of:000000000000000a:3,0.002,0.0025,0.002,0.002,1.66,2026-06-18T04:11:20,0.002,1.73
route_mutation,20260618T041120_928668,of:0000000000000002:2 -> of:0000000000000008:2,0.002,0.0025,0.002,0.002,1.73,2026-06-18T04:11:20,0.002,1.66
route_mutation,20260618T041120_928668,of:0000000000000008:1 -> of:000000000000000b:6,0.002,0.0025,0.002,0.001,1.5,2026-06-18T04:11:20,0.002,1.56
route_mutation,20260618T041120_928668,of:0000000000000009:1 -> of:000000000000000c:6,0.002,0.0025,0.002,0.001,1.46,2026-06-18T04:11:20,0.002,1.53
route_mutation,20260618T041120_928668,of:0000000000000001:2 -> of:000000000000000c:1,0.002,0.0025,0.002,0.002,2.26,2026-06-18T04:11:20,0.002,2.26
route_mutation,20260618T041120_928668,of:0000000000000003:2 -> of:0000000000000008:3,0.002,0.0025,0.002,0.002,1.8,2026-06-18T04:11:20,0.002,1.8
ip_shuffle,20260618T041151_211307,of:0000000000000005:1 -> of:000000000000000c:5,0.002,0.0025,0.002,0.002,2.66,2026-06-18T04:11:51,0.002,2.56
ip_shuffle,20260618T041151_211307,of:000000000000000a:1 -> of:000000000000000d:6,0.002,0.0025,0.002,0.002,1.83,2026-06-18T04:11:51,0.002,1.76
ip_shuffle,20260618T041151_211307,of:000000000000000b:2 -> of:000000000000000c:2,0.002,0.0025,0.002,0.002,2.43,2026-06-18T04:11:51,0.002,2.36
ip_shuffle,20260618T041151_211307,of:0000000000000004:2 -> of:0000000000000009:2,0.002,0.0025,0.002,0.002,2.36,2026-06-18T04:11:51,0.002,2.23
ip_shuffle,20260618T041151_211307,of:0000000000000005:2 -> of:0000000000000009:3,0.002,0.0025,0.002,0.002,2.4,2026-06-18T04:11:51,0.002,2.26
ip_shuffle,20260618T041151_211307,of:000000000000000b:3 -> of:000000000000000d:2,0.002,0.0025,0.002,0.002,2.43,2026-06-18T04:11:51,0.002,2.36
ip_shuffle,20260618T041151_211307,of:0000000000000004:1 -> of:000000000000000c:4,0.002,0.0025,0.002,0.002,2.1,2026-06-18T04:11:51,0.002,2.03
ip_shuffle,20260618T041151_211307,of:000000000000000c:3 -> of:000000000000000d:3,0.002,0.0025,0.002,0.002,2.33,2026-06-18T04:11:51,0.002,2.33
ip_shuffle,20260618T041151_211307,of:0000000000000001:1 -> of:000000000000000b:1,0.002,0.0025,0.002,0.002,1.83,2026-06-18T04:11:51,0.002,1.93
ip_shuffle,20260618T041151_211307,of:0000000000000006:1 -> of:000000000000000d:4,0.003,0.00375,0.003,0.003,3.0,2026-06-18T04:11:51,0.002,2.86
ip_shuffle,20260618T041151_211307,of:0000000000000002:1 -> of:000000000000000b:4,0.002,0.0025,0.002,0.002,1.93,2026-06-18T04:11:51,0.002,1.86
ip_shuffle,20260618T041151_211307,of:0000000000000001:3 -> of:000000000000000d:1,0.003,0.00375,0.003,0.003,3.86,2026-06-18T04:11:51,0.003,3.66
ip_shuffle,20260618T041151_211307,of:0000000000000006:2 -> of:000000000000000a:2,0.002,0.0025,0.002,0.002,2.36,2026-06-18T04:11:51,0.002,2.3
ip_shuffle,20260618T041151_211307,of:0000000000000003:1 -> of:000000000000000b:5,0.002,0.0025,0.002,0.002,1.93,2026-06-18T04:11:51,0.002,1.83
ip_shuffle,20260618T041151_211307,of:0000000000000007:1 -> of:000000000000000d:5,0.002,0.0025,0.002,0.002,2.5,2026-06-18T04:11:51,0.002,2.33
ip_shuffle,20260618T041151_211307,of:0000000000000007:2 -> of:000000000000000a:3,0.002,0.0025,0.002,0.002,2.36,2026-06-18T04:11:51,0.002,2.3
ip_shuffle,20260618T041151_211307,of:0000000000000002:2 -> of:0000000000000008:2,0.002,0.0025,0.002,0.002,2.46,2026-06-18T04:11:51,0.002,2.46
ip_shuffle,20260618T041151_211307,of:0000000000000008:1 -> of:000000000000000b:6,0.002,0.0025,0.002,0.002,1.8,2026-06-18T04:11:51,0.002,1.76
ip_shuffle,20260618T041151_211307,of:0000000000000009:1 -> of:000000000000000c:6,0.002,0.0025,0.002,0.002,1.83,2026-06-18T04:11:51,0.002,1.8
ip_shuffle,20260618T041151_211307,of:0000000000000001:2 -> of:000000000000000c:1,0.002,0.0025,0.002,0.002,2.66,2026-06-18T04:11:51,0.002,2.76
ip_shuffle,20260618T041151_211307,of:0000000000000003:2 -> of:0000000000000008:3,0.002,0.0025,0.002,0.002,2.5,2026-06-18T04:11:51,0.002,2.5
route_mutation,20260618T041248_841480,of:0000000000000005:1 -> of:000000000000000c:5,0.002,0.0025,0.002,0.001,1.46,2026-06-18T04:12:48,0.002,1.53
route_mutation,20260618T041248_841480,of:000000000000000a:1 -> of:000000000000000d:6,0.002,0.0025,0.002,0.002,1.5,2026-06-18T04:12:48,0.002,1.56
route_mutation,20260618T041248_841480,of:000000000000000b:2 -> of:000000000000000c:2,0.002,0.0025,0.002,0.002,1.73,2026-06-18T04:12:48,0.002,1.73
route_mutation,20260618T041248_841480,of:0000000000000004:2 -> of:0000000000000009:2,0.002,0.0025,0.002,0.002,1.66,2026-06-18T04:12:48,0.002,1.73
route_mutation,20260618T041248_841480,of:0000000000000005:2 -> of:0000000000000009:3,0.002,0.0025,0.002,0.002,1.7,2026-06-18T04:12:48,0.002,1.76
route_mutation,20260618T041248_841480,of:000000000000000b:3 -> of:000000000000000d:2,0.002,0.0025,0.002,0.002,1.73,2026-06-18T04:12:48,0.002,1.73
route_mutation,20260618T041248_841480,of:0000000000000004:1 -> of:000000000000000c:4,0.002,0.0025,0.002,0.002,1.96,2026-06-18T04:12:48,0.002,2.0
route_mutation,20260618T041248_841480,of:000000000000000c:3 -> of:000000000000000d:3,0.002,0.0025,0.002,0.002,1.73,2026-06-18T04:12:48,0.002,1.73
route_mutation,20260618T041248_841480,of:0000000000000001:1 -> of:000000000000000b:1,0.003,0.00375,0.003,0.003,3.56,2026-06-18T04:12:48,0.003,3.56
route_mutation,20260618T041248_841480,of:0000000000000006:1 -> of:000000000000000d:4,0.002,0.0025,0.002,0.001,1.46,2026-06-18T04:12:48,0.002,1.53
route_mutation,20260618T041248_841480,of:0000000000000002:1 -> of:000000000000000b:4,0.002,0.0025,0.002,0.002,2.56,2026-06-18T04:12:48,0.002,2.5
route_mutation,20260618T041248_841480,of:0000000000000001:3 -> of:000000000000000d:1,0.001,0.00125,0.001,0.001,1.46,2026-06-18T04:12:48,0.001,1.46
route_mutation,20260618T041248_841480,of:0000000000000006:2 -> of:000000000000000a:2,0.002,0.0025,0.002,0.002,1.66,2026-06-18T04:12:48,0.002,1.73
route_mutation,20260618T041248_841480,of:0000000000000003:1 -> of:000000000000000b:5,0.002,0.0025,0.002,0.002,2.6,2026-06-18T04:12:48,0.002,2.53
route_mutation,20260618T041248_841480,of:0000000000000007:1 -> of:000000000000000d:5,0.002,0.0025,0.002,0.001,1.5,2026-06-18T04:12:48,0.002,1.56
route_mutation,20260618T041248_841480,of:0000000000000007:2 -> of:000000000000000a:3,0.002,0.0025,0.002,0.002,1.7,2026-06-18T04:12:48,0.002,1.76
route_mutation,20260618T041248_841480,of:0000000000000002:2 -> of:0000000000000008:2,0.002,0.0025,0.002,0.002,1.73,2026-06-18T04:12:48,0.002,1.66
route_mutation,20260618T041248_841480,of:0000000000000008:1 -> of:000000000000000b:6,0.002,0.0025,0.002,0.001,1.46,2026-06-18T04:12:48,0.002,1.53
route_mutation,20260618T041248_841480,of:0000000000000009:1 -> of:000000000000000c:6,0.002,0.0025,0.002,0.001,1.5,2026-06-18T04:12:48,0.002,1.56
route_mutation,20260618T041248_841480,of:0000000000000001:2 -> of:000000000000000c:1,0.002,0.0025,0.002,0.002,2.2,2026-06-18T04:12:48,0.002,2.16
route_mutation,20260618T041248_841480,of:0000000000000003:2 -> of:0000000000000008:3,0.002,0.0025,0.002,0.002,1.73,2026-06-18T04:12:48,0.002,1.66
route_mutation,20260618T041319_122932,of:0000000000000005:1 -> of:000000000000000c:5,0.002,0.0025,0.002,0.002,2.6,2026-06-18T04:13:19,0.002,2.5
route_mutation,20260618T041319_122932,of:000000000000000a:1 -> of:000000000000000d:6,0.002,0.0025,0.002,0.002,1.73,2026-06-18T04:13:19,0.002,1.7
route_mutation,20260618T041319_122932,of:000000000000000b:2 -> of:000000000000000c:2,0.002,0.0025,0.002,0.002,2.23,2026-06-18T04:13:19,0.002,2.23
route_mutation,20260618T041319_122932,of:0000000000000004:2 -> of:0000000000000009:2,0.002,0.0025,0.002,0.002,2.23,2026-06-18T04:13:19,0.002,2.1
route_mutation,20260618T041319_122932,of:0000000000000005:2 -> of:0000000000000009:3,0.002,0.0025,0.002,0.002,2.3,2026-06-18T04:13:19,0.002,2.16
route_mutation,20260618T041319_122932,of:000000000000000b:3 -> of:000000000000000d:2,0.002,0.0025,0.002,0.002,2.2,2026-06-18T04:13:19,0.002,2.2
route_mutation,20260618T041319_122932,of:0000000000000004:1 -> of:000000000000000c:4,0.002,0.0025,0.002,0.002,2.16,2026-06-18T04:13:19,0.002,2.06
route_mutation,20260618T041319_122932,of:000000000000000c:3 -> of:000000000000000d:3,0.002,0.0025,0.002,0.002,2.2,2026-06-18T04:13:19,0.002,2.2
route_mutation,20260618T041319_122932,of:0000000000000001:1 -> of:000000000000000b:1,0.002,0.0025,0.002,0.002,1.76,2026-06-18T04:13:19,0.002,1.86
route_mutation,20260618T041319_122932,of:0000000000000006:1 -> of:000000000000000d:4,0.002,0.0025,0.002,0.002,2.86,2026-06-18T04:13:19,0.002,2.76
route_mutation,20260618T041319_122932,of:0000000000000002:1 -> of:000000000000000b:4,0.002,0.0025,0.002,0.002,1.86,2026-06-18T04:13:19,0.002,1.76
route_mutation,20260618T041319_122932,of:0000000000000001:3 -> of:000000000000000d:1,0.003,0.00375,0.003,0.003,3.79,2026-06-18T04:13:19,0.003,3.66
route_mutation,20260618T041319_122932,of:0000000000000006:2 -> of:000000000000000a:2,0.002,0.0025,0.002,0.002,2.23,2026-06-18T04:13:19,0.002,2.16
route_mutation,20260618T041319_122932,of:0000000000000003:1 -> of:000000000000000b:5,0.002,0.0025,0.002,0.002,1.86,2026-06-18T04:13:19,0.002,1.76
route_mutation,20260618T041319_122932,of:0000000000000007:1 -> of:000000000000000d:5,0.002,0.0025,0.002,0.002,2.5,2026-06-18T04:13:19,0.002,2.33
route_mutation,20260618T041319_122932,of:0000000000000007:2 -> of:000000000000000a:3,0.002,0.0025,0.002,0.002,2.23,2026-06-18T04:13:19,0.002,2.13
route_mutation,20260618T041319_122932,of:0000000000000002:2 -> of:0000000000000008:2,0.002,0.0025,0.002,0.002,2.4,2026-06-18T04:13:19,0.002,2.4
route_mutation,20260618T041319_122932,of:0000000000000008:1 -> of:000000000000000b:6,0.002,0.0025,0.002,0.002,1.73,2026-06-18T04:13:19,0.002,1.7
route_mutation,20260618T041319_122932,of:0000000000000009:1 -> of:000000000000000c:6,0.002,0.0025,0.002,0.002,1.73,2026-06-18T04:13:19,0.002,1.7
route_mutation,20260618T041319_122932,of:0000000000000001:2 -> of:000000000000000c:1,0.002,0.0025,0.002,0.002,2.66,2026-06-18T04:13:19,0.002,2.8
route_mutation,20260618T041319_122932,of:0000000000000003:2 -> of:0000000000000008:3,0.002,0.0025,0.002,0.002,2.43,2026-06-18T04:13:19,0.002,2.36
ip_shuffle,20260618T041349_425494,of:0000000000000005:1 -> of:000000000000000c:5,0.002,0.0025,0.002,0.001,1.4,2026-06-18T04:13:49,0.002,1.43
ip_shuffle,20260618T041349_425494,of:000000000000000a:1 -> of:000000000000000d:6,0.002,0.0025,0.002,0.002,1.46,2026-06-18T04:13:49,0.002,1.43
ip_shuffle,20260618T041349_425494,of:000000000000000b:2 -> of:000000000000000c:2,0.002,0.0025,0.002,0.002,1.53,2026-06-18T04:13:49,0.002,1.53
ip_shuffle,20260618T041349_425494,of:0000000000000004:2 -> of:0000000000000009:2,0.002,0.0025,0.002,0.002,1.6,2026-06-18T04:13:49,0.002,1.66
ip_shuffle,20260618T041349_425494,of:0000000000000005:2 -> of:0000000000000009:3,0.002,0.0025,0.002,0.001,1.53,2026-06-18T04:13:49,0.002,1.6
ip_shuffle,20260618T041349_425494,of:000000000000000b:3 -> of:000000000000000d:2,0.002,0.0025,0.002,0.002,1.53,2026-06-18T04:13:49,0.002,1.53
ip_shuffle,20260618T041349_425494,of:0000000000000004:1 -> of:000000000000000c:4,0.002,0.0025,0.002,0.001,1.4,2026-06-18T04:13:49,0.002,1.46
ip_shuffle,20260618T041349_425494,of:000000000000000c:3 -> of:000000000000000d:3,0.002,0.0025,0.002,0.002,1.56,2026-06-18T04:13:49,0.002,1.56
ip_shuffle,20260618T041349_425494,of:0000000000000001:1 -> of:000000000000000b:1,0.002,0.0025,0.002,0.002,1.43,2026-06-18T04:13:49,0.001,1.33
ip_shuffle,20260618T041349_425494,of:0000000000000006:1 -> of:000000000000000d:4,0.002,0.0025,0.002,0.001,1.43,2026-06-18T04:13:49,0.002,1.46
ip_shuffle,20260618T041349_425494,of:0000000000000002:1 -> of:000000000000000b:4,0.002,0.0025,0.002,0.001,1.33,2026-06-18T04:13:49,0.002,1.43
ip_shuffle,20260618T041349_425494,of:0000000000000001:3 -> of:000000000000000d:1,0.002,0.0025,0.002,0.002,1.73,2026-06-18T04:13:49,0.002,1.86
ip_shuffle,20260618T041349_425494,of:0000000000000006:2 -> of:000000000000000a:2,0.002,0.0025,0.002,0.002,1.6,2026-06-18T04:13:49,0.002,1.6
ip_shuffle,20260618T041349_425494,of:0000000000000003:1 -> of:000000000000000b:5,0.002,0.0025,0.002,0.001,1.27,2026-06-18T04:13:49,0.002,1.43
ip_shuffle,20260618T041349_425494,of:0000000000000007:1 -> of:000000000000000d:5,0.002,0.0025,0.002,0.002,1.93,2026-06-18T04:13:49,0.002,2.03
ip_shuffle,20260618T041349_425494,of:0000000000000007:2 -> of:000000000000000a:3,0.002,0.0025,0.002,0.002,1.56,2026-06-18T04:13:49,0.002,1.6
ip_shuffle,20260618T041349_425494,of:0000000000000002:2 -> of:0000000000000008:2,0.002,0.0025,0.002,0.001,1.4,2026-06-18T04:13:49,0.002,1.46
ip_shuffle,20260618T041349_425494,of:0000000000000008:1 -> of:000000000000000b:6,0.002,0.0025,0.002,0.002,1.5,2026-06-18T04:13:49,0.002,1.46
ip_shuffle,20260618T041349_425494,of:0000000000000009:1 -> of:000000000000000c:6,0.002,0.0025,0.002,0.002,1.46,2026-06-18T04:13:49,0.002,1.43
ip_shuffle,20260618T041349_425494,of:0000000000000001:2 -> of:000000000000000c:1,0.002,0.0025,0.002,0.002,1.43,2026-06-18T04:13:49,0.001,1.33
ip_shuffle,20260618T041349_425494,of:0000000000000003:2 -> of:0000000000000008:3,0.002,0.0025,0.002,0.001,1.33,2026-06-18T04:13:49,0.002,1.46
ip_shuffle,20260618T041447_061677,of:0000000000000005:1 -> of:000000000000000c:5,0.002,0.0025,0.002,0.002,2.4,2026-06-18T04:14:47,0.002,2.3
ip_shuffle,20260618T041447_061677,of:000000000000000a:1 -> of:000000000000000d:6,0.002,0.0025,0.002,0.002,1.56,2026-06-18T04:14:47,0.001,1.5
ip_shuffle,20260618T041447_061677,of:000000000000000b:2 -> of:000000000000000c:2,0.002,0.0025,0.002,0.002,1.8,2026-06-18T04:14:47,0.002,1.8
ip_shuffle,20260618T041447_061677,of:0000000000000004:2 -> of:0000000000000009:2,0.002,0.0025,0.002,0.002,2.03,2026-06-18T04:14:47,0.002,1.96
ip_shuffle,20260618T041447_061677,of:0000000000000005:2 -> of:0000000000000009:3,0.002,0.0025,0.002,0.002,1.9,2026-06-18T04:14:47,0.002,1.76
ip_shuffle,20260618T041447_061677,of:000000000000000b:3 -> of:000000000000000d:2,0.002,0.0025,0.002,0.002,1.8,2026-06-18T04:14:47,0.002,1.8
ip_shuffle,20260618T041447_061677,of:0000000000000004:1 -> of:000000000000000c:4,0.002,0.0025,0.002,0.002,2.43,2026-06-18T04:14:47,0.002,2.33
ip_shuffle,20260618T041447_061677,of:000000000000000c:3 -> of:000000000000000d:3,0.002,0.0025,0.002,0.002,1.8,2026-06-18T04:14:47,0.002,1.8
ip_shuffle,20260618T041447_061677,of:0000000000000001:1 -> of:000000000000000b:1,0.002,0.0025,0.002,0.002,1.73,2026-06-18T04:14:47,0.002,1.83
ip_shuffle,20260618T041447_061677,of:0000000000000006:1 -> of:000000000000000d:4,0.002,0.0025,0.002,0.002,2.63,2026-06-18T04:14:47,0.002,2.5
ip_shuffle,20260618T041447_061677,of:0000000000000002:1 -> of:000000000000000b:4,0.002,0.0025,0.002,0.002,1.66,2026-06-18T04:14:47,0.002,1.56
ip_shuffle,20260618T041447_061677,of:0000000000000001:3 -> of:000000000000000d:1,0.003,0.00375,0.003,0.003,2.93,2026-06-18T04:14:47,0.002,2.8
ip_shuffle,20260618T041447_061677,of:0000000000000006:2 -> of:000000000000000a:2,0.002,0.0025,0.002,0.002,1.9,2026-06-18T04:14:47,0.002,1.76
ip_shuffle,20260618T041447_061677,of:0000000000000003:1 -> of:000000000000000b:5,0.002,0.0025,0.002,0.002,1.83,2026-06-18T04:14:47,0.002,1.73
ip_shuffle,20260618T041447_061677,of:0000000000000007:1 -> of:000000000000000d:5,0.002,0.0025,0.002,0.002,1.73,2026-06-18T04:14:47,0.002,1.6
ip_shuffle,20260618T041447_061677,of:0000000000000007:2 -> of:000000000000000a:3,0.002,0.0025,0.002,0.002,1.8,2026-06-18T04:14:47,0.002,1.8
ip_shuffle,20260618T041447_061677,of:0000000000000002:2 -> of:0000000000000008:2,0.002,0.0025,0.002,0.002,1.96,2026-06-18T04:14:47,0.002,1.96
ip_shuffle,20260618T041447_061677,of:0000000000000008:1 -> of:000000000000000b:6,0.001,0.00125,0.001,0.001,1.5,2026-06-18T04:14:47,0.001,1.5
ip_shuffle,20260618T041447_061677,of:0000000000000009:1 -> of:000000000000000c:6,0.002,0.0025,0.002,0.002,1.56,2026-06-18T04:14:47,0.001,1.5
ip_shuffle,20260618T041447_061677,of:0000000000000001:2 -> of:000000000000000c:1,0.003,0.00375,0.003,0.003,3.13,2026-06-18T04:14:47,0.003,3.23
ip_shuffle,20260618T041447_061677,of:0000000000000003:2 -> of:0000000000000008:3,0.002,0.0025,0.002,0.002,2.03,2026-06-18T04:14:47,0.002,1.96
ip_shuffle,20260618T041545_638810,of:0000000000000005:1 -> of:000000000000000c:5,0.002,0.0025,0.002,0.001,1.47,2026-06-18T04:15:45,0.002,1.53
ip_shuffle,20260618T041545_638810,of:000000000000000a:1 -> of:000000000000000d:6,0.002,0.0025,0.002,0.002,1.53,2026-06-18T04:15:45,0.002,1.53
ip_shuffle,20260618T041545_638810,of:000000000000000b:2 -> of:000000000000000c:2,0.002,0.0025,0.002,0.002,1.73,2026-06-18T04:15:45,0.002,1.73
ip_shuffle,20260618T041545_638810,of:0000000000000004:2 -> of:0000000000000009:2,0.002,0.0025,0.002,0.002,1.73,2026-06-18T04:15:45,0.002,1.66
ip_shuffle,20260618T041545_638810,of:0000000000000005:2 -> of:0000000000000009:3,0.002,0.0025,0.002,0.002,1.66,2026-06-18T04:15:45,0.002,1.73
ip_shuffle,20260618T041545_638810,of:000000000000000b:3 -> of:000000000000000d:2,0.002,0.0025,0.002,0.002,1.73,2026-06-18T04:15:45,0.002,1.73
ip_shuffle,20260618T041545_638810,of:0000000000000004:1 -> of:000000000000000c:4,0.002,0.0025,0.002,0.002,1.63,2026-06-18T04:15:45,0.002,1.57
ip_shuffle,20260618T041545_638810,of:000000000000000c:3 -> of:000000000000000d:3,0.002,0.0025,0.002,0.002,1.73,2026-06-18T04:15:45,0.002,1.73
ip_shuffle,20260618T041545_638810,of:0000000000000001:1 -> of:000000000000000b:1,0.003,0.00375,0.003,0.003,3.4,2026-06-18T04:15:45,0.003,3.4
ip_shuffle,20260618T041545_638810,of:0000000000000006:1 -> of:000000000000000d:4,0.002,0.0025,0.002,0.001,1.47,2026-06-18T04:15:45,0.002,1.53
ip_shuffle,20260618T041545_638810,of:0000000000000002:1 -> of:000000000000000b:4,0.002,0.0025,0.002,0.002,2.5,2026-06-18T04:15:45,0.002,2.5
ip_shuffle,20260618T041545_638810,of:0000000000000001:3 -> of:000000000000000d:1,0.001,0.00125,0.001,0.001,1.47,2026-06-18T04:15:45,0.001,1.47
ip_shuffle,20260618T041545_638810,of:0000000000000006:2 -> of:000000000000000a:2,0.002,0.0025,0.002,0.002,1.66,2026-06-18T04:15:45,0.002,1.73
ip_shuffle,20260618T041545_638810,of:0000000000000003:1 -> of:000000000000000b:5,0.002,0.0025,0.002,0.002,2.43,2026-06-18T04:15:45,0.002,2.36
ip_shuffle,20260618T041545_638810,of:0000000000000007:1 -> of:000000000000000d:5,0.002,0.0025,0.002,0.001,1.47,2026-06-18T04:15:45,0.002,1.53
ip_shuffle,20260618T041545_638810,of:0000000000000007:2 -> of:000000000000000a:3,0.002,0.0025,0.002,0.002,1.73,2026-06-18T04:15:45,0.002,1.73
ip_shuffle,20260618T041545_638810,of:0000000000000002:2 -> of:0000000000000008:2,0.002,0.0025,0.002,0.002,1.73,2026-06-18T04:15:45,0.002,1.66
ip_shuffle,20260618T041545_638810,of:0000000000000008:1 -> of:000000000000000b:6,0.002,0.0025,0.002,0.002,1.53,2026-06-18T04:15:45,0.002,1.53
ip_shuffle,20260618T041545_638810,of:0000000000000009:1 -> of:000000000000000c:6,0.002,0.0025,0.002,0.002,1.53,2026-06-18T04:15:45,0.002,1.53
ip_shuffle,20260618T041545_638810,of:0000000000000001:2 -> of:000000000000000c:1,0.002,0.0025,0.002,0.002,1.57,2026-06-18T04:15:45,0.002,1.57
ip_shuffle,20260618T041545_638810,of:0000000000000003:2 -> of:0000000000000008:3,0.002,0.0025,0.002,0.002,1.73,2026-06-18T04:15:45,0.002,1.66
ip_shuffle,20260618T041649_644230,of:0000000000000005:1 -> of:000000000000000c:5,0.002,0.0025,0.002,0.002,1.56,2026-06-18T04:16:49,0.002,1.6
ip_shuffle,20260618T041649_644230,of:000000000000000a:1 -> of:000000000000000d:6,0.002,0.0025,0.002,0.002,1.53,2026-06-18T04:16:49,0.002,1.6
ip_shuffle,20260618T041649_644230,of:000000000000000b:2 -> of:000000000000000c:2,0.002,0.0025,0.002,0.002,1.86,2026-06-18T04:16:49,0.002,1.86
ip_shuffle,20260618T041649_644230,of:0000000000000004:2 -> of:0000000000000009:2,0.002,0.0025,0.002,0.001,1.63,2026-06-18T04:16:49,0.002,1.76
ip_shuffle,20260618T041649_644230,of:0000000000000005:2 -> of:0000000000000009:3,0.002,0.0025,0.002,0.002,1.83,2026-06-18T04:16:49,0.002,1.9
ip_shuffle,20260618T041649_644230,of:000000000000000b:3 -> of:000000000000000d:2,0.002,0.0025,0.002,0.002,1.86,2026-06-18T04:16:49,0.002,1.86
ip_shuffle,20260618T041649_644230,of:0000000000000004:1 -> of:000000000000000c:4,0.002,0.0025,0.002,0.001,1.43,2026-06-18T04:16:49,0.002,1.6
ip_shuffle,20260618T041649_644230,of:000000000000000c:3 -> of:000000000000000d:3,0.002,0.0025,0.002,0.002,1.86,2026-06-18T04:16:49,0.002,1.86
ip_shuffle,20260618T041649_644230,of:0000000000000001:1 -> of:000000000000000b:1,0.002,0.0025,0.002,0.002,1.6,2026-06-18T04:16:49,0.002,1.53
ip_shuffle,20260618T041649_644230,of:0000000000000006:1 -> of:000000000000000d:4,0.002,0.0025,0.002,0.002,1.6,2026-06-18T04:16:49,0.002,1.63
ip_shuffle,20260618T041649_644230,of:0000000000000002:1 -> of:000000000000000b:4,0.002,0.0025,0.002,0.002,1.53,2026-06-18T04:16:49,0.002,1.6
ip_shuffle,20260618T041649_644230,of:0000000000000001:3 -> of:000000000000000d:1,0.002,0.0025,0.002,0.002,2.2,2026-06-18T04:16:49,0.002,2.36
ip_shuffle,20260618T041649_644230,of:0000000000000006:2 -> of:000000000000000a:2,0.002,0.0025,0.002,0.002,1.83,2026-06-18T04:16:49,0.002,1.9
ip_shuffle,20260618T041649_644230,of:0000000000000003:1 -> of:000000000000000b:5,0.002,0.0025,0.002,0.001,1.46,2026-06-18T04:16:49,0.002,1.6
ip_shuffle,20260618T041649_644230,of:0000000000000007:1 -> of:000000000000000d:5,0.002,0.0025,0.002,0.002,2.4,2026-06-18T04:16:49,0.002,2.43
ip_shuffle,20260618T041649_644230,of:0000000000000007:2 -> of:000000000000000a:3,0.002,0.0025,0.002,0.002,1.86,2026-06-18T04:16:49,0.002,1.86
ip_shuffle,20260618T041649_644230,of:0000000000000002:2 -> of:0000000000000008:2,0.002,0.0025,0.002,0.001,1.66,2026-06-18T04:16:49,0.002,1.8
ip_shuffle,20260618T041649_644230,of:0000000000000008:1 -> of:000000000000000b:6,0.002,0.0025,0.002,0.002,1.6,2026-06-18T04:16:49,0.002,1.6
ip_shuffle,20260618T041649_644230,of:0000000000000009:1 -> of:000000000000000c:6,0.002,0.0025,0.002,0.002,1.6,2026-06-18T04:16:49,0.002,1.6
ip_shuffle,20260618T041649_644230,of:0000000000000001:2 -> of:000000000000000c:1,0.002,0.0025,0.002,0.002,1.6,2026-06-18T04:16:49,0.002,1.53
ip_shuffle,20260618T041649_644230,of:0000000000000003:2 -> of:0000000000000008:3,0.002,0.0025,0.002,0.001,1.66,2026-06-18T04:16:49,0.002,1.8
route_mutation,20260618T041747_300070,of:0000000000000005:1 -> of:000000000000000c:5,0.002,0.0025,0.002,0.002,2.63,2026-06-18T04:17:47,0.002,2.46
route_mutation,20260618T041747_300070,of:000000000000000a:1 -> of:000000000000000d:6,0.002,0.0025,0.002,0.002,1.63,2026-06-18T04:17:47,0.001,1.56
route_mutation,20260618T041747_300070,of:000000000000000b:2 -> of:000000000000000c:2,0.002,0.0025,0.002,0.002,1.93,2026-06-18T04:17:47,0.002,1.93
route_mutation,20260618T041747_300070,of:0000000000000004:2 -> of:0000000000000009:2,0.002,0.0025,0.002,0.002,2.13,2026-06-18T04:17:47,0.002,2.06
route_mutation,20260618T041747_300070,of:0000000000000005:2 -> of:0000000000000009:3,0.002,0.0025,0.002,0.002,2.16,2026-06-18T04:17:47,0.002,2.1
route_mutation,20260618T041747_300070,of:000000000000000b:3 -> of:000000000000000d:2,0.002,0.0025,0.002,0.002,2.0,2026-06-18T04:17:47,0.002,1.93
route_mutation,20260618T041747_300070,of:0000000000000004:1 -> of:000000000000000c:4,0.002,0.0025,0.002,0.002,2.4,2026-06-18T04:17:47,0.002,2.26
route_mutation,20260618T041747_300070,of:000000000000000c:3 -> of:000000000000000d:3,0.002,0.0025,0.002,0.002,1.93,2026-06-18T04:17:47,0.002,1.93
route_mutation,20260618T041747_300070,of:0000000000000001:1 -> of:000000000000000b:1,0.002,0.0025,0.002,0.002,1.66,2026-06-18T04:17:47,0.002,1.73
route_mutation,20260618T041747_300070,of:0000000000000006:1 -> of:000000000000000d:4,0.002,0.0025,0.002,0.002,2.73,2026-06-18T04:17:47,0.002,2.63
route_mutation,20260618T041747_300070,of:0000000000000002:1 -> of:000000000000000b:4,0.002,0.0025,0.002,0.002,1.7,2026-06-18T04:17:47,0.002,1.63
route_mutation,20260618T041747_300070,of:0000000000000001:3 -> of:000000000000000d:1,0.003,0.00375,0.003,0.003,3.2,2026-06-18T04:17:47,0.003,3.1
route_mutation,20260618T041747_300070,of:0000000000000006:2 -> of:000000000000000a:2,0.002,0.0025,0.002,0.002,2.03,2026-06-18T04:17:47,0.002,1.9
route_mutation,20260618T041747_300070,of:0000000000000003:1 -> of:000000000000000b:5,0.002,0.0025,0.002,0.002,1.8,2026-06-18T04:17:47,0.002,1.66
route_mutation,20260618T041747_300070,of:0000000000000007:1 -> of:000000000000000d:5,0.002,0.0025,0.002,0.002,1.93,2026-06-18T04:17:47,0.002,1.76
route_mutation,20260618T041747_300070,of:0000000000000007:2 -> of:000000000000000a:3,0.002,0.0025,0.002,0.002,1.96,2026-06-18T04:17:47,0.002,1.9
route_mutation,20260618T041747_300070,of:0000000000000002:2 -> of:0000000000000008:2,0.002,0.0025,0.002,0.002,2.13,2026-06-18T04:17:47,0.002,2.06
route_mutation,20260618T041747_300070,of:0000000000000008:1 -> of:000000000000000b:6,0.001,0.00125,0.001,0.001,1.56,2026-06-18T04:17:47,0.001,1.56
route_mutation,20260618T041747_300070,of:0000000000000009:1 -> of:000000000000000c:6,0.001,0.00125,0.001,0.001,1.56,2026-06-18T04:17:47,0.001,1.56
route_mutation,20260618T041747_300070,of:0000000000000001:2 -> of:000000000000000c:1,0.003,0.00375,0.003,0.003,3.1,2026-06-18T04:17:47,0.003,3.16
route_mutation,20260618T041747_300070,of:0000000000000003:2 -> of:0000000000000008:3,0.002,0.0025,0.002,0.002,2.13,2026-06-18T04:17:47,0.002,2.06
ip_shuffle,20260618T041817_484640,of:0000000000000005:1 -> of:000000000000000c:5,0.002,0.0025,0.002,0.001,1.33,2026-06-18T04:18:17,0.002,1.56
ip_shuffle,20260618T041817_484640,of:000000000000000a:1 -> of:000000000000000d:6,0.002,0.0025,0.002,0.001,1.5,2026-06-18T04:18:17,0.002,1.56
ip_shuffle,20260618T041817_484640,of:000000000000000b:2 -> of:000000000000000c:2,0.002,0.0025,0.002,0.002,1.8,2026-06-18T04:18:17,0.002,1.8
ip_shuffle,20260618T041817_484640,of:0000000000000004:2 -> of:0000000000000009:2,0.002,0.0025,0.002,0.001,1.6,2026-06-18T04:18:17,0.002,1.73
ip_shuffle,20260618T041817_484640,of:0000000000000005:2 -> of:0000000000000009:3,0.002,0.0025,0.002,0.001,1.56,2026-06-18T04:18:17,0.002,1.7
ip_shuffle,20260618T041817_484640,of:000000000000000b:3 -> of:000000000000000d:2,0.002,0.0025,0.002,0.002,1.73,2026-06-18T04:18:17,0.002,1.8
ip_shuffle,20260618T041817_484640,of:0000000000000004:1 -> of:000000000000000c:4,0.002,0.0025,0.002,0.001,1.43,2026-06-18T04:18:17,0.002,1.56
ip_shuffle,20260618T041817_484640,of:000000000000000c:3 -> of:000000000000000d:3,0.002,0.0025,0.002,0.002,1.8,2026-06-18T04:18:17,0.002,1.8
ip_shuffle,20260618T041817_484640,of:0000000000000001:1 -> of:000000000000000b:1,0.002,0.0025,0.002,0.002,1.56,2026-06-18T04:18:17,0.002,1.5
ip_shuffle,20260618T041817_484640,of:0000000000000006:1 -> of:000000000000000d:4,0.002,0.0025,0.002,0.002,1.53,2026-06-18T04:18:17,0.002,1.56
ip_shuffle,20260618T041817_484640,of:0000000000000002:1 -> of:000000000000000b:4,0.002,0.0025,0.002,0.002,1.5,2026-06-18T04:18:17,0.002,1.56
ip_shuffle,20260618T041817_484640,of:0000000000000001:3 -> of:000000000000000d:1,0.002,0.0025,0.002,0.002,2.26,2026-06-18T04:18:17,0.002,2.36
ip_shuffle,20260618T041817_484640,of:0000000000000006:2 -> of:000000000000000a:2,0.002,0.0025,0.002,0.002,1.76,2026-06-18T04:18:17,0.002,1.83
ip_shuffle,20260618T041817_484640,of:0000000000000003:1 -> of:000000000000000b:5,0.002,0.0025,0.002,0.001,1.43,2026-06-18T04:18:17,0.002,1.56
ip_shuffle,20260618T041817_484640,of:0000000000000007:1 -> of:000000000000000d:5,0.002,0.0025,0.002,0.002,2.46,2026-06-18T04:18:17,0.002,2.56
ip_shuffle,20260618T041817_484640,of:0000000000000007:2 -> of:000000000000000a:3,0.002,0.0025,0.002,0.002,1.76,2026-06-18T04:18:17,0.002,1.83
ip_shuffle,20260618T041817_484640,of:0000000000000002:2 -> of:0000000000000008:2,0.002,0.0025,0.002,0.001,1.6,2026-06-18T04:18:17,0.002,1.73
ip_shuffle,20260618T041817_484640,of:0000000000000008:1 -> of:000000000000000b:6,0.002,0.0025,0.002,0.002,1.56,2026-06-18T04:18:17,0.002,1.56
ip_shuffle,20260618T041817_484640,of:0000000000000009:1 -> of:000000000000000c:6,0.002,0.0025,0.002,0.002,1.56,2026-06-18T04:18:17,0.002,1.56
ip_shuffle,20260618T041817_484640,of:0000000000000001:2 -> of:000000000000000c:1,0.002,0.0025,0.002,0.002,1.56,2026-06-18T04:18:17,0.002,1.5
ip_shuffle,20260618T041817_484640,of:0000000000000003:2 -> of:0000000000000008:3,0.002,0.0025,0.002,0.001,1.6,2026-06-18T04:18:17,0.002,1.73
route_mutation,20260618T041915_152143,of:0000000000000005:1 -> of:000000000000000c:5,0.002,0.0025,0.002,0.002,2.66,2026-06-18T04:19:15,0.002,2.5
route_mutation,20260618T041915_152143,of:000000000000000a:1 -> of:000000000000000d:6,0.002,0.0025,0.002,0.002,1.7,2026-06-18T04:19:15,0.001,1.63
route_mutation,20260618T041915_152143,of:000000000000000b:2 -> of:000000000000000c:2,0.002,0.0025,0.002,0.002,2.1,2026-06-18T04:19:15,0.002,2.1
route_mutation,20260618T041915_152143,of:0000000000000004:2 -> of:0000000000000009:2,0.002,0.0025,0.002,0.002,2.26,2026-06-18T04:19:15,0.002,2.2
route_mutation,20260618T041915_152143,of:0000000000000005:2 -> of:0000000000000009:3,0.002,0.0025,0.002,0.002,2.3,2026-06-18T04:19:15,0.002,2.23
route_mutation,20260618T041915_152143,of:000000000000000b:3 -> of:000000000000000d:2,0.002,0.0025,0.002,0.002,2.16,2026-06-18T04:19:15,0.002,2.1
route_mutation,20260618T041915_152143,of:0000000000000004:1 -> of:000000000000000c:4,0.002,0.0025,0.002,0.002,2.36,2026-06-18T04:19:15,0.002,2.23
route_mutation,20260618T041915_152143,of:000000000000000c:3 -> of:000000000000000d:3,0.002,0.0025,0.002,0.002,2.06,2026-06-18T04:19:15,0.002,2.06
route_mutation,20260618T041915_152143,of:0000000000000001:1 -> of:000000000000000b:1,0.002,0.0025,0.002,0.002,1.7,2026-06-18T04:19:15,0.002,1.8
route_mutation,20260618T041915_152143,of:0000000000000006:1 -> of:000000000000000d:4,0.003,0.00375,0.003,0.003,3.13,2026-06-18T04:19:15,0.002,2.9
route_mutation,20260618T041915_152143,of:0000000000000002:1 -> of:000000000000000b:4,0.002,0.0025,0.002,0.002,1.76,2026-06-18T04:19:15,0.002,1.7
route_mutation,20260618T041915_152143,of:0000000000000001:3 -> of:000000000000000d:1,0.003,0.00375,0.003,0.003,3.23,2026-06-18T04:19:15,0.003,3.1
route_mutation,20260618T041915_152143,of:0000000000000006:2 -> of:000000000000000a:2,0.002,0.0025,0.002,0.002,2.36,2026-06-18T04:19:15,0.002,2.3
route_mutation,20260618T041915_152143,of:0000000000000003:1 -> of:000000000000000b:5,0.002,0.0025,0.002,0.002,1.86,2026-06-18T04:19:15,0.002,1.73
route_mutation,20260618T041915_152143,of:0000000000000007:1 -> of:000000000000000d:5,0.002,0.0025,0.002,0.002,1.93,2026-06-18T04:19:15,0.002,1.73
route_mutation,20260618T041915_152143,of:0000000000000007:2 -> of:000000000000000a:3,0.002,0.0025,0.002,0.002,2.1,2026-06-18T04:19:15,0.002,2.03
route_mutation,20260618T041915_152143,of:0000000000000002:2 -> of:0000000000000008:2,0.002,0.0025,0.002,0.002,2.26,2026-06-18T04:19:15,0.002,2.2
route_mutation,20260618T041915_152143,of:0000000000000008:1 -> of:000000000000000b:6,0.002,0.0025,0.002,0.002,1.7,2026-06-18T04:19:15,0.001,1.63
route_mutation,20260618T041915_152143,of:0000000000000009:1 -> of:000000000000000c:6,0.002,0.0025,0.002,0.002,1.7,2026-06-18T04:19:15,0.001,1.63
route_mutation,20260618T041915_152143,of:0000000000000001:2 -> of:000000000000000c:1,0.003,0.00375,0.003,0.003,3.1,2026-06-18T04:19:15,0.003,3.16
route_mutation,20260618T041915_152143,of:0000000000000003:2 -> of:0000000000000008:3,0.002,0.0025,0.002,0.002,2.26,2026-06-18T04:19:15,0.002,2.2
route_mutation,20260618T041945_352483,of:0000000000000005:1 -> of:000000000000000c:5,0.002,0.0025,0.002,0.001,1.4,2026-06-18T04:19:45,0.002,1.63
route_mutation,20260618T041945_352483,of:000000000000000a:1 -> of:000000000000000d:6,0.002,0.0025,0.002,0.002,1.53,2026-06-18T04:19:45,0.002,1.6
route_mutation,20260618T041945_352483,of:000000000000000b:2 -> of:000000000000000c:2,0.002,0.0025,0.002,0.002,1.86,2026-06-18T04:19:45,0.002,1.86
route_mutation,20260618T041945_352483,of:0000000000000004:2 -> of:0000000000000009:2,0.002,0.0025,0.002,0.001,1.66,2026-06-18T04:19:45,0.002,1.8
route_mutation,20260618T041945_352483,of:0000000000000005:2 -> of:0000000000000009:3,0.002,0.0025,0.002,0.001,1.63,2026-06-18T04:19:45,0.002,1.76
route_mutation,20260618T041945_352483,of:000000000000000b:3 -> of:000000000000000d:2,0.002,0.0025,0.002,0.002,1.8,2026-06-18T04:19:45,0.002,1.86
route_mutation,20260618T041945_352483,of:0000000000000004:1 -> of:000000000000000c:4,0.002,0.0025,0.002,0.001,1.46,2026-06-18T04:19:45,0.002,1.6
route_mutation,20260618T041945_352483,of:000000000000000c:3 -> of:000000000000000d:3,0.002,0.0025,0.002,0.002,1.86,2026-06-18T04:19:45,0.002,1.86
route_mutation,20260618T041945_352483,of:0000000000000001:1 -> of:000000000000000b:1,0.002,0.0025,0.002,0.002,1.6,2026-06-18T04:19:45,0.002,1.53
route_mutation,20260618T041945_352483,of:0000000000000006:1 -> of:000000000000000d:4,0.002,0.0025,0.002,0.001,1.36,2026-06-18T04:19:45,0.002,1.6
route_mutation,20260618T041945_352483,of:0000000000000002:1 -> of:000000000000000b:4,0.002,0.0025,0.002,0.002,1.53,2026-06-18T04:19:45,0.002,1.6
route_mutation,20260618T041945_352483,of:0000000000000001:3 -> of:000000000000000d:1,0.002,0.0025,0.002,0.002,2.36,2026-06-18T04:19:45,0.002,2.5
route_mutation,20260618T041945_352483,of:0000000000000006:2 -> of:000000000000000a:2,0.002,0.0025,0.002,0.001,1.63,2026-06-18T04:19:45,0.002,1.76
route_mutation,20260618T041945_352483,of:0000000000000003:1 -> of:000000000000000b:5,0.002,0.0025,0.002,0.001,1.46,2026-06-18T04:19:45,0.002,1.6
route_mutation,20260618T041945_352483,of:0000000000000007:1 -> of:000000000000000d:5,0.002,0.0025,0.002,0.002,2.56,2026-06-18T04:19:45,0.002,2.7
route_mutation,20260618T041945_352483,of:0000000000000007:2 -> of:000000000000000a:3,0.002,0.0025,0.002,0.002,1.83,2026-06-18T04:19:45,0.002,1.9
route_mutation,20260618T041945_352483,of:0000000000000002:2 -> of:0000000000000008:2,0.002,0.0025,0.002,0.002,1.73,2026-06-18T04:19:45,0.002,1.8
route_mutation,20260618T041945_352483,of:0000000000000008:1 -> of:000000000000000b:6,0.002,0.0025,0.002,0.002,1.53,2026-06-18T04:19:45,0.002,1.6
route_mutation,20260618T041945_352483,of:0000000000000009:1 -> of:000000000000000c:6,0.002,0.0025,0.002,0.002,1.53,2026-06-18T04:19:45,0.002,1.6
route_mutation,20260618T041945_352483,of:0000000000000001:2 -> of:000000000000000c:1,0.002,0.0025,0.002,0.002,1.63,2026-06-18T04:19:45,0.002,1.56
route_mutation,20260618T041945_352483,of:0000000000000003:2 -> of:0000000000000008:3,0.002,0.0025,0.002,0.002,1.7,2026-06-18T04:19:45,0.002,1.83
ip_shuffle,20260618T042015_616341,of:0000000000000005:1 -> of:000000000000000c:5,0.002,0.0025,0.002,0.002,1.53,2026-06-18T04:20:15,0.001,1.46
ip_shuffle,20260618T042015_616341,of:000000000000000a:1 -> of:000000000000000d:6,0.002,0.0025,0.002,0.002,1.53,2026-06-18T04:20:15,0.002,1.53
ip_shuffle,20260618T042015_616341,of:000000000000000b:2 -> of:000000000000000c:2,0.002,0.0025,0.002,0.002,1.73,2026-06-18T04:20:15,0.002,1.73
ip_shuffle,20260618T042015_616341,of:0000000000000004:2 -> of:0000000000000009:2,0.002,0.0025,0.002,0.002,1.73,2026-06-18T04:20:15,0.002,1.66
ip_shuffle,20260618T042015_616341,of:0000000000000005:2 -> of:0000000000000009:3,0.002,0.0025,0.002,0.002,1.73,2026-06-18T04:20:15,0.002,1.66
ip_shuffle,20260618T042015_616341,of:000000000000000b:3 -> of:000000000000000d:2,0.002,0.0025,0.002,0.002,1.76,2026-06-18T04:20:15,0.002,1.76
ip_shuffle,20260618T042015_616341,of:0000000000000004:1 -> of:000000000000000c:4,0.002,0.0025,0.002,0.002,1.63,2026-06-18T04:20:15,0.002,1.63
ip_shuffle,20260618T042015_616341,of:000000000000000c:3 -> of:000000000000000d:3,0.002,0.0025,0.002,0.002,1.73,2026-06-18T04:20:15,0.002,1.73
ip_shuffle,20260618T042015_616341,of:0000000000000001:1 -> of:000000000000000b:1,0.003,0.00375,0.003,0.003,3.46,2026-06-18T04:20:15,0.003,3.43
ip_shuffle,20260618T042015_616341,of:0000000000000006:1 -> of:000000000000000d:4,0.002,0.0025,0.002,0.002,1.53,2026-06-18T04:20:15,0.001,1.46
ip_shuffle,20260618T042015_616341,of:0000000000000002:1 -> of:000000000000000b:4,0.002,0.0025,0.002,0.002,2.5,2026-06-18T04:20:15,0.002,2.5
ip_shuffle,20260618T042015_616341,of:0000000000000001:3 -> of:000000000000000d:1,0.002,0.0025,0.002,0.002,1.53,2026-06-18T04:20:15,0.001,1.46
ip_shuffle,20260618T042015_616341,of:0000000000000006:2 -> of:000000000000000a:2,0.002,0.0025,0.002,0.002,1.73,2026-06-18T04:20:15,0.002,1.66
ip_shuffle,20260618T042015_616341,of:0000000000000003:1 -> of:000000000000000b:5,0.002,0.0025,0.002,0.002,2.4,2026-06-18T04:20:15,0.002,2.4
ip_shuffle,20260618T042015_616341,of:0000000000000007:1 -> of:000000000000000d:5,0.002,0.0025,0.002,0.001,1.46,2026-06-18T04:20:15,0.002,1.53
ip_shuffle,20260618T042015_616341,of:0000000000000007:2 -> of:000000000000000a:3,0.002,0.0025,0.002,0.002,1.73,2026-06-18T04:20:15,0.002,1.73
ip_shuffle,20260618T042015_616341,of:0000000000000002:2 -> of:0000000000000008:2,0.002,0.0025,0.002,0.002,1.66,2026-06-18T04:20:15,0.002,1.66
ip_shuffle,20260618T042015_616341,of:0000000000000008:1 -> of:000000000000000b:6,0.002,0.0025,0.002,0.002,1.53,2026-06-18T04:20:15,0.002,1.53
ip_shuffle,20260618T042015_616341,of:0000000000000009:1 -> of:000000000000000c:6,0.002,0.0025,0.002,0.002,1.56,2026-06-18T04:20:15,0.002,1.56
ip_shuffle,20260618T042015_616341,of:0000000000000001:2 -> of:000000000000000c:1,0.002,0.0025,0.002,0.002,1.56,2026-06-18T04:20:15,0.002,1.56
ip_shuffle,20260618T042015_616341,of:0000000000000003:2 -> of:0000000000000008:3,0.002,0.0025,0.002,0.002,1.73,2026-06-18T04:20:15,0.002,1.66
route_mutation,20260618T042114_128681,of:0000000000000005:1 -> of:000000000000000c:5,0.002,0.0025,0.002,0.002,2.73,2026-06-18T04:21:14,0.002,2.56
route_mutation,20260618T042114_128681,of:000000000000000a:1 -> of:000000000000000d:6,0.002,0.0025,0.002,0.002,1.73,2026-06-18T04:21:14,0.002,1.7
route_mutation,20260618T042114_128681,of:000000000000000b:2 -> of:000000000000000c:2,0.002,0.0025,0.002,0.002,2.2,2026-06-18T04:21:14,0.002,2.13
route_mutation,20260618T042114_128681,of:0000000000000004:2 -> of:0000000000000009:2,0.002,0.0025,0.002,0.002,2.36,2026-06-18T04:21:14,0.002,2.3
route_mutation,20260618T042114_128681,of:0000000000000005:2 -> of:0000000000000009:3,0.002,0.0025,0.002,0.002,2.33,2026-06-18T04:21:14,0.002,2.26
route_mutation,20260618T042114_128681,of:000000000000000b:3 -> of:000000000000000d:2,0.002,0.0025,0.002,0.002,2.2,2026-06-18T04:21:14,0.002,2.13
route_mutation,20260618T042114_128681,of:0000000000000004:1 -> of:000000000000000c:4,0.002,0.0025,0.002,0.002,2.56,2026-06-18T04:21:14,0.002,2.4
route_mutation,20260618T042114_128681,of:000000000000000c:3 -> of:000000000000000d:3,0.002,0.0025,0.002,0.002,2.16,2026-06-18T04:21:14,0.002,2.16
route_mutation,20260618T042114_128681,of:0000000000000001:1 -> of:000000000000000b:1,0.002,0.0025,0.002,0.002,2.26,2026-06-18T04:21:14,0.002,2.4
route_mutation,20260618T042114_128681,of:0000000000000006:1 -> of:000000000000000d:4,0.003,0.00375,0.003,0.003,3.1,2026-06-18T04:21:14,0.003,2.93
route_mutation,20260618T042114_128681,of:0000000000000002:1 -> of:000000000000000b:4,0.002,0.0025,0.002,0.002,2.4,2026-06-18T04:21:14,0.002,2.23
route_mutation,20260618T042114_128681,of:0000000000000001:3 -> of:000000000000000d:1,0.003,0.00375,0.003,0.003,3.16,2026-06-18T04:21:14,0.003,3.1
route_mutation,20260618T042114_128681,of:0000000000000006:2 -> of:000000000000000a:2,0.002,0.0025,0.002,0.002,2.36,2026-06-18T04:21:14,0.002,2.3
route_mutation,20260618T042114_128681,of:0000000000000003:1 -> of:000000000000000b:5,0.002,0.0025,0.002,0.002,2.03,2026-06-18T04:21:14,0.002,1.86
route_mutation,20260618T042114_128681,of:0000000000000007:1 -> of:000000000000000d:5,0.002,0.0025,0.002,0.002,1.93,2026-06-18T04:21:14,0.002,1.76
route_mutation,20260618T042114_128681,of:0000000000000007:2 -> of:000000000000000a:3,0.002,0.0025,0.002,0.002,2.16,2026-06-18T04:21:14,0.002,2.1
route_mutation,20260618T042114_128681,of:0000000000000002:2 -> of:0000000000000008:2,0.002,0.0025,0.002,0.002,2.33,2026-06-18T04:21:14,0.002,2.26
route_mutation,20260618T042114_128681,of:0000000000000008:1 -> of:000000000000000b:6,0.002,0.0025,0.002,0.002,1.73,2026-06-18T04:21:14,0.002,1.7
route_mutation,20260618T042114_128681,of:0000000000000009:1 -> of:000000000000000c:6,0.002,0.0025,0.002,0.002,1.73,2026-06-18T04:21:14,0.002,1.7
route_mutation,20260618T042114_128681,of:0000000000000001:2 -> of:000000000000000c:1,0.003,0.00375,0.003,0.003,3.26,2026-06-18T04:21:14,0.003,3.36
route_mutation,20260618T042114_128681,of:0000000000000003:2 -> of:0000000000000008:3,0.002,0.0025,0.002,0.002,2.33,2026-06-18T04:21:14,0.002,2.26
ip_shuffle,20260618T042144_375008,of:0000000000000005:1 -> of:000000000000000c:5,0.002,0.0025,0.002,0.001,1.47,2026-06-18T04:21:44,0.002,1.63
ip_shuffle,20260618T042144_375008,of:000000000000000a:1 -> of:000000000000000d:6,0.002,0.0025,0.002,0.002,1.63,2026-06-18T04:21:44,0.002,1.66
ip_shuffle,20260618T042144_375008,of:000000000000000b:2 -> of:000000000000000c:2,0.002,0.0025,0.002,0.002,1.86,2026-06-18T04:21:44,0.002,1.93
ip_shuffle,20260618T042144_375008,of:0000000000000004:2 -> of:0000000000000009:2,0.002,0.0025,0.002,0.002,1.73,2026-06-18T04:21:44,0.002,1.86
ip_shuffle,20260618T042144_375008,of:0000000000000005:2 -> of:0000000000000009:3,0.002,0.0025,0.002,0.002,1.73,2026-06-18T04:21:44,0.002,1.86
ip_shuffle,20260618T042144_375008,of:000000000000000b:3 -> of:000000000000000d:2,0.002,0.0025,0.002,0.002,1.86,2026-06-18T04:21:44,0.002,1.93
ip_shuffle,20260618T042144_375008,of:0000000000000004:1 -> of:000000000000000c:4,0.002,0.0025,0.002,0.001,1.5,2026-06-18T04:21:44,0.002,1.66
ip_shuffle,20260618T042144_375008,of:000000000000000c:3 -> of:000000000000000d:3,0.002,0.0025,0.002,0.002,1.93,2026-06-18T04:21:44,0.002,1.93
ip_shuffle,20260618T042144_375008,of:0000000000000001:1 -> of:000000000000000b:1,0.002,0.0025,0.002,0.002,1.66,2026-06-18T04:21:44,0.002,1.56
ip_shuffle,20260618T042144_375008,of:0000000000000006:1 -> of:000000000000000d:4,0.002,0.0025,0.002,0.001,1.43,2026-06-18T04:21:44,0.002,1.66
ip_shuffle,20260618T042144_375008,of:0000000000000002:1 -> of:000000000000000b:4,0.002,0.0025,0.002,0.001,1.47,2026-06-18T04:21:44,0.002,1.63
ip_shuffle,20260618T042144_375008,of:0000000000000001:3 -> of:000000000000000d:1,0.002,0.0025,0.002,0.002,2.56,2026-06-18T04:21:44,0.002,2.7
ip_shuffle,20260618T042144_375008,of:0000000000000006:2 -> of:000000000000000a:2,0.002,0.0025,0.002,0.002,1.8,2026-06-18T04:21:44,0.002,1.86
ip_shuffle,20260618T042144_375008,of:0000000000000003:1 -> of:000000000000000b:5,0.002,0.0025,0.002,0.001,1.5,2026-06-18T04:21:44,0.002,1.66
ip_shuffle,20260618T042144_375008,of:0000000000000007:1 -> of:000000000000000d:5,0.002,0.0025,0.002,0.002,2.7,2026-06-18T04:21:44,0.002,2.8
ip_shuffle,20260618T042144_375008,of:0000000000000007:2 -> of:000000000000000a:3,0.002,0.0025,0.002,0.002,1.93,2026-06-18T04:21:44,0.002,2.0
ip_shuffle,20260618T042144_375008,of:0000000000000002:2 -> of:0000000000000008:2,0.002,0.0025,0.002,0.002,1.8,2026-06-18T04:21:44,0.002,1.86
ip_shuffle,20260618T042144_375008,of:0000000000000008:1 -> of:000000000000000b:6,0.002,0.0025,0.002,0.002,1.6,2026-06-18T04:21:44,0.002,1.63
ip_shuffle,20260618T042144_375008,of:0000000000000009:1 -> of:000000000000000c:6,0.002,0.0025,0.002,0.002,1.63,2026-06-18T04:21:44,0.002,1.66
ip_shuffle,20260618T042144_375008,of:0000000000000001:2 -> of:000000000000000c:1,0.002,0.0025,0.002,0.002,1.63,2026-06-18T04:21:44,0.002,1.53
ip_shuffle,20260618T042144_375008,of:0000000000000003:2 -> of:0000000000000008:3,0.002,0.0025,0.002,0.002,1.73,2026-06-18T04:21:44,0.002,1.86
route_mutation,20260618T042242_068602,of:0000000000000005:1 -> of:000000000000000c:5,0.002,0.0025,0.002,0.002,2.63,2026-06-18T04:22:42,0.002,2.49
route_mutation,20260618T042242_068602,of:000000000000000a:1 -> of:000000000000000d:6,0.002,0.0025,0.002,0.002,1.66,2026-06-18T04:22:42,0.001,1.63
route_mutation,20260618T042242_068602,of:000000000000000b:2 -> of:000000000000000c:2,0.002,0.0025,0.002,0.002,2.16,2026-06-18T04:22:42,0.002,2.1
route_mutation,20260618T042242_068602,of:0000000000000004:2 -> of:0000000000000009:2,0.002,0.0025,0.002,0.002,2.26,2026-06-18T04:22:42,0.002,2.2
route_mutation,20260618T042242_068602,of:0000000000000005:2 -> of:0000000000000009:3,0.002,0.0025,0.002,0.002,2.23,2026-06-18T04:22:42,0.002,2.2
route_mutation,20260618T042242_068602,of:000000000000000b:3 -> of:000000000000000d:2,0.002,0.0025,0.002,0.002,2.43,2026-06-18T04:22:42,0.002,2.36
route_mutation,20260618T042242_068602,of:0000000000000004:1 -> of:000000000000000c:4,0.002,0.0025,0.002,0.002,2.56,2026-06-18T04:22:42,0.002,2.39
route_mutation,20260618T042242_068602,of:000000000000000c:3 -> of:000000000000000d:3,0.002,0.0025,0.002,0.002,2.13,2026-06-18T04:22:42,0.002,2.06
route_mutation,20260618T042242_068602,of:0000000000000001:1 -> of:000000000000000b:1,0.002,0.0025,0.002,0.002,2.36,2026-06-18T04:22:42,0.002,2.39
route_mutation,20260618T042242_068602,of:0000000000000006:1 -> of:000000000000000d:4,0.002,0.0025,0.002,0.002,2.89,2026-06-18T04:22:42,0.002,2.76
route_mutation,20260618T042242_068602,of:0000000000000002:1 -> of:000000000000000b:4,0.002,0.0025,0.002,0.002,2.56,2026-06-18T04:22:42,0.002,2.39
route_mutation,20260618T042242_068602,of:0000000000000001:3 -> of:000000000000000d:1,0.003,0.00375,0.003,0.003,3.36,2026-06-18T04:22:42,0.003,3.23
route_mutation,20260618T042242_068602,of:0000000000000006:2 -> of:000000000000000a:2,0.002,0.0025,0.002,0.002,2.23,2026-06-18T04:22:42,0.002,2.16
route_mutation,20260618T042242_068602,of:0000000000000003:1 -> of:000000000000000b:5,0.002,0.0025,0.002,0.002,2.06,2026-06-18T04:22:42,0.002,1.9
route_mutation,20260618T042242_068602,of:0000000000000007:1 -> of:000000000000000d:5,0.002,0.0025,0.002,0.002,2.66,2026-06-18T04:22:42,0.002,2.69
route_mutation,20260618T042242_068602,of:0000000000000007:2 -> of:000000000000000a:3,0.002,0.0025,0.002,0.002,2.39,2026-06-18T04:22:42,0.002,2.33
route_mutation,20260618T042242_068602,of:0000000000000002:2 -> of:0000000000000008:2,0.002,0.0025,0.002,0.002,2.3,2026-06-18T04:22:42,0.002,2.2
route_mutation,20260618T042242_068602,of:0000000000000008:1 -> of:000000000000000b:6,0.002,0.0025,0.002,0.002,1.66,2026-06-18T04:22:42,0.001,1.63
route_mutation,20260618T042242_068602,of:0000000000000009:1 -> of:000000000000000c:6,0.002,0.0025,0.002,0.002,1.66,2026-06-18T04:22:42,0.001,1.63
route_mutation,20260618T042242_068602,of:0000000000000001:2 -> of:000000000000000c:1,0.003,0.00375,0.003,0.003,3.26,2026-06-18T04:22:42,0.003,3.39
route_mutation,20260618T042242_068602,of:0000000000000003:2 -> of:0000000000000008:3,0.002,0.0025,0.002,0.002,2.26,2026-06-18T04:22:42,0.002,2.2
route_mutation,20260618T042312_321140,of:0000000000000005:1 -> of:000000000000000c:5,0.002,0.0025,0.002,0.001,1.5,2026-06-18T04:23:12,0.002,1.66
route_mutation,20260618T042312_321140,of:000000000000000a:1 -> of:000000000000000d:6,0.002,0.0025,0.002,0.002,1.63,2026-06-18T04:23:12,0.002,1.66
route_mutation,20260618T042312_321140,of:000000000000000b:2 -> of:000000000000000c:2,0.002,0.0025,0.002,0.002,1.93,2026-06-18T04:23:12,0.002,2.0
route_mutation,20260618T042312_321140,of:0000000000000004:2 -> of:0000000000000009:2,0.002,0.0025,0.002,0.002,1.8,2026-06-18T04:23:12,0.002,1.93
route_mutation,20260618T042312_321140,of:0000000000000005:2 -> of:0000000000000009:3,0.002,0.0025,0.002,0.002,1.8,2026-06-18T04:23:12,0.002,1.93
route_mutation,20260618T042312_321140,of:000000000000000b:3 -> of:000000000000000d:2,0.002,0.0025,0.002,0.002,1.93,2026-06-18T04:23:12,0.002,2.0
route_mutation,20260618T042312_321140,of:0000000000000004:1 -> of:000000000000000c:4,0.002,0.0025,0.002,0.001,1.5,2026-06-18T04:23:12,0.002,1.66
route_mutation,20260618T042312_321140,of:000000000000000c:3 -> of:000000000000000d:3,0.002,0.0025,0.002,0.002,1.93,2026-06-18T04:23:12,0.002,2.0
route_mutation,20260618T042312_321140,of:0000000000000001:1 -> of:000000000000000b:1,0.002,0.0025,0.002,0.002,1.6,2026-06-18T04:23:12,0.002,1.56
route_mutation,20260618T042312_321140,of:0000000000000006:1 -> of:000000000000000d:4,0.002,0.0025,0.002,0.001,1.43,2026-06-18T04:23:12,0.002,1.7
route_mutation,20260618T042312_321140,of:0000000000000002:1 -> of:000000000000000b:4,0.002,0.0025,0.002,0.001,1.5,2026-06-18T04:23:12,0.002,1.66
route_mutation,20260618T042312_321140,of:0000000000000001:3 -> of:000000000000000d:1,0.002,0.0025,0.002,0.002,2.63,2026-06-18T04:23:12,0.002,2.76
route_mutation,20260618T042312_321140,of:0000000000000006:2 -> of:000000000000000a:2,0.002,0.0025,0.002,0.002,1.83,2026-06-18T04:23:12,0.002,1.9
route_mutation,20260618T042312_321140,of:0000000000000003:1 -> of:000000000000000b:5,0.002,0.0025,0.002,0.001,1.5,2026-06-18T04:23:12,0.002,1.66
route_mutation,20260618T042312_321140,of:0000000000000007:1 -> of:000000000000000d:5,0.002,0.0025,0.002,0.002,2.56,2026-06-18T04:23:12,0.002,2.53
route_mutation,20260618T042312_321140,of:0000000000000007:2 -> of:000000000000000a:3,0.002,0.0025,0.002,0.002,1.83,2026-06-18T04:23:12,0.002,1.9
route_mutation,20260618T042312_321140,of:0000000000000002:2 -> of:0000000000000008:2,0.002,0.0025,0.002,0.002,1.9,2026-06-18T04:23:12,0.002,1.96
route_mutation,20260618T042312_321140,of:0000000000000008:1 -> of:000000000000000b:6,0.002,0.0025,0.002,0.002,1.63,2026-06-18T04:23:12,0.002,1.66
route_mutation,20260618T042312_321140,of:0000000000000009:1 -> of:000000000000000c:6,0.002,0.0025,0.002,0.002,1.63,2026-06-18T04:23:12,0.002,1.66
route_mutation,20260618T042312_321140,of:0000000000000001:2 -> of:000000000000000c:1,0.002,0.0025,0.002,0.002,1.66,2026-06-18T04:23:12,0.002,1.56
route_mutation,20260618T042312_321140,of:0000000000000003:2 -> of:0000000000000008:3,0.002,0.0025,0.002,0.002,1.9,2026-06-18T04:23:12,0.002,1.96
route_mutation,20260618T042342_601175,of:0000000000000005:1 -> of:000000000000000c:5,0.001,0.00125,0.001,0.001,1.37,2026-06-18T04:23:42,0.001,1.37
route_mutation,20260618T042342_601175,of:000000000000000a:1 -> of:000000000000000d:6,0.002,0.0025,0.002,0.002,1.43,2026-06-18T04:23:42,0.002,1.43
route_mutation,20260618T042342_601175,of:000000000000000b:2 -> of:000000000000000c:2,0.002,0.0025,0.002,0.002,1.53,2026-06-18T04:23:42,0.002,1.53
route_mutation,20260618T042342_601175,of:0000000000000004:2 -> of:0000000000000009:2,0.002,0.0025,0.002,0.002,1.53,2026-06-18T04:23:42,0.001,1.47
route_mutation,20260618T042342_601175,of:0000000000000005:2 -> of:0000000000000009:3,0.002,0.0025,0.002,0.002,1.57,2026-06-18T04:23:42,0.001,1.5
route_mutation,20260618T042342_601175,of:000000000000000b:3 -> of:000000000000000d:2,0.002,0.0025,0.002,0.002,1.67,2026-06-18T04:23:42,0.002,1.67
route_mutation,20260618T042342_601175,of:0000000000000004:1 -> of:000000000000000c:4,0.002,0.0025,0.002,0.002,1.53,2026-06-18T04:23:42,0.002,1.53
route_mutation,20260618T042342_601175,of:000000000000000c:3 -> of:000000000000000d:3,0.002,0.0025,0.002,0.002,1.53,2026-06-18T04:23:42,0.002,1.53
route_mutation,20260618T042342_601175,of:0000000000000001:1 -> of:000000000000000b:1,0.003,0.00375,0.003,0.003,3.23,2026-06-18T04:23:42,0.003,3.23
route_mutation,20260618T042342_601175,of:0000000000000006:1 -> of:000000000000000d:4,0.002,0.0025,0.002,0.002,1.43,2026-06-18T04:23:42,0.001,1.37
route_mutation,20260618T042342_601175,of:0000000000000002:1 -> of:000000000000000b:4,0.002,0.0025,0.002,0.002,2.46,2026-06-18T04:23:42,0.002,2.46
route_mutation,20260618T042342_601175,of:0000000000000001:3 -> of:000000000000000d:1,0.002,0.0025,0.002,0.002,1.6,2026-06-18T04:23:42,0.002,1.53
route_mutation,20260618T042342_601175,of:0000000000000006:2 -> of:000000000000000a:2,0.001,0.00125,0.001,0.001,1.5,2026-06-18T04:23:42,0.001,1.5
route_mutation,20260618T042342_601175,of:0000000000000003:1 -> of:000000000000000b:5,0.002,0.0025,0.002,0.002,2.26,2026-06-18T04:23:42,0.002,2.26
route_mutation,20260618T042342_601175,of:0000000000000007:1 -> of:000000000000000d:5,0.002,0.0025,0.002,0.002,1.7,2026-06-18T04:23:42,0.002,1.63
route_mutation,20260618T042342_601175,of:0000000000000007:2 -> of:000000000000000a:3,0.001,0.00125,0.001,0.001,1.47,2026-06-18T04:23:42,0.001,1.47
route_mutation,20260618T042342_601175,of:0000000000000002:2 -> of:0000000000000008:2,0.001,0.00125,0.001,0.001,1.47,2026-06-18T04:23:42,0.001,1.47
route_mutation,20260618T042342_601175,of:0000000000000008:1 -> of:000000000000000b:6,0.002,0.0025,0.002,0.002,1.43,2026-06-18T04:23:42,0.002,1.43
route_mutation,20260618T042342_601175,of:0000000000000009:1 -> of:000000000000000c:6,0.002,0.0025,0.002,0.002,1.43,2026-06-18T04:23:42,0.002,1.43
route_mutation,20260618T042342_601175,of:0000000000000001:2 -> of:000000000000000c:1,0.002,0.0025,0.002,0.002,1.47,2026-06-18T04:23:42,0.002,1.47
route_mutation,20260618T042342_601175,of:0000000000000003:2 -> of:0000000000000008:3,0.001,0.00125,0.001,0.001,1.47,2026-06-18T04:23:42,0.001,1.47
ip_shuffle,20260618T042412_865972,of:0000000000000005:1 -> of:000000000000000c:5,0.002,0.0025,0.002,0.002,2.63,2026-06-18T04:24:12,0.002,2.46
ip_shuffle,20260618T042412_865972,of:000000000000000a:1 -> of:000000000000000d:6,0.002,0.0025,0.002,0.002,1.66,2026-06-18T04:24:12,0.002,1.73
ip_shuffle,20260618T042412_865972,of:000000000000000b:2 -> of:000000000000000c:2,0.002,0.0025,0.002,0.002,2.06,2026-06-18T04:24:12,0.002,2.06
ip_shuffle,20260618T042412_865972,of:0000000000000004:2 -> of:0000000000000009:2,0.002,0.0025,0.002,0.002,2.23,2026-06-18T04:24:12,0.002,2.16
ip_shuffle,20260618T042412_865972,of:0000000000000005:2 -> of:0000000000000009:3,0.002,0.0025,0.002,0.002,2.2,2026-06-18T04:24:12,0.002,2.13
ip_shuffle,20260618T042412_865972,of:000000000000000b:3 -> of:000000000000000d:2,0.002,0.0025,0.002,0.002,2.06,2026-06-18T04:24:12,0.002,2.13
ip_shuffle,20260618T042412_865972,of:0000000000000004:1 -> of:000000000000000c:4,0.002,0.0025,0.002,0.002,2.5,2026-06-18T04:24:12,0.002,2.33
ip_shuffle,20260618T042412_865972,of:000000000000000c:3 -> of:000000000000000d:3,0.002,0.0025,0.002,0.002,2.1,2026-06-18T04:24:12,0.002,2.1
ip_shuffle,20260618T042412_865972,of:0000000000000001:1 -> of:000000000000000b:1,0.002,0.0025,0.002,0.002,1.86,2026-06-18T04:24:12,0.002,1.96
ip_shuffle,20260618T042412_865972,of:0000000000000006:1 -> of:000000000000000d:4,0.003,0.00375,0.003,0.003,2.93,2026-06-18T04:24:12,0.002,2.83
ip_shuffle,20260618T042412_865972,of:0000000000000002:1 -> of:000000000000000b:4,0.002,0.0025,0.002,0.002,1.83,2026-06-18T04:24:12,0.002,1.73
ip_shuffle,20260618T042412_865972,of:0000000000000001:3 -> of:000000000000000d:1,0.003,0.00375,0.003,0.003,2.96,2026-06-18T04:24:12,0.003,2.96
ip_shuffle,20260618T042412_865972,of:0000000000000006:2 -> of:000000000000000a:2,0.002,0.0025,0.002,0.002,2.23,2026-06-18T04:24:12,0.002,2.23
ip_shuffle,20260618T042412_865972,of:0000000000000003:1 -> of:000000000000000b:5,0.002,0.0025,0.002,0.002,1.96,2026-06-18T04:24:12,0.002,1.86
ip_shuffle,20260618T042412_865972,of:0000000000000007:1 -> of:000000000000000d:5,0.002,0.0025,0.002,0.002,1.93,2026-06-18T04:24:12,0.002,2.1
ip_shuffle,20260618T042412_865972,of:0000000000000007:2 -> of:000000000000000a:3,0.002,0.0025,0.002,0.002,2.23,2026-06-18T04:24:12,0.002,2.23
ip_shuffle,20260618T042412_865972,of:0000000000000002:2 -> of:0000000000000008:2,0.002,0.0025,0.002,0.002,2.2,2026-06-18T04:24:12,0.002,2.13
ip_shuffle,20260618T042412_865972,of:0000000000000008:1 -> of:000000000000000b:6,0.002,0.0025,0.002,0.002,1.63,2026-06-18T04:24:12,0.002,1.66
ip_shuffle,20260618T042412_865972,of:0000000000000009:1 -> of:000000000000000c:6,0.002,0.0025,0.002,0.002,1.63,2026-06-18T04:24:12,0.001,1.6
ip_shuffle,20260618T042412_865972,of:0000000000000001:2 -> of:000000000000000c:1,0.003,0.00375,0.003,0.003,3.16,2026-06-18T04:24:12,0.003,3.26
ip_shuffle,20260618T042412_865972,of:0000000000000003:2 -> of:0000000000000008:3,0.002,0.0025,0.002,0.002,2.2,2026-06-18T04:24:12,0.002,2.13
route_mutation,20260618T042510_675500,of:0000000000000005:1 -> of:000000000000000c:5,0.001,0.00125,0.001,0.001,1.37,2026-06-18T04:25:10,0.001,1.3
route_mutation,20260618T042510_675500,of:000000000000000a:1 -> of:000000000000000d:6,0.002,0.0025,0.002,0.002,1.37,2026-06-18T04:25:10,0.002,1.37
route_mutation,20260618T042510_675500,of:000000000000000b:2 -> of:000000000000000c:2,0.002,0.0025,0.002,0.002,1.4,2026-06-18T04:25:10,0.002,1.4
route_mutation,20260618T042510_675500,of:0000000000000004:2 -> of:0000000000000009:2,0.001,0.00125,0.001,0.001,1.4,2026-06-18T04:25:10,0.001,1.4
route_mutation,20260618T042510_675500,of:0000000000000005:2 -> of:0000000000000009:3,0.001,0.00125,0.001,0.001,1.4,2026-06-18T04:25:10,0.001,1.4
route_mutation,20260618T042510_675500,of:000000000000000b:3 -> of:000000000000000d:2,0.002,0.0025,0.002,0.002,1.47,2026-06-18T04:25:10,0.002,1.47
route_mutation,20260618T042510_675500,of:0000000000000004:1 -> of:000000000000000c:4,0.001,0.00125,0.001,0.001,1.37,2026-06-18T04:25:10,0.001,1.3
route_mutation,20260618T042510_675500,of:000000000000000c:3 -> of:000000000000000d:3,0.002,0.0025,0.002,0.002,1.4,2026-06-18T04:25:10,0.002,1.4
route_mutation,20260618T042510_675500,of:0000000000000001:1 -> of:000000000000000b:1,0.002,0.0025,0.002,0.002,2.53,2026-06-18T04:25:10,0.002,2.43
route_mutation,20260618T042510_675500,of:0000000000000006:1 -> of:000000000000000d:4,0.002,0.0025,0.002,0.002,1.93,2026-06-18T04:25:10,0.002,1.83
route_mutation,20260618T042510_675500,of:0000000000000002:1 -> of:000000000000000b:4,0.002,0.0025,0.002,0.002,2.4,2026-06-18T04:25:10,0.002,2.33
route_mutation,20260618T042510_675500,of:0000000000000001:3 -> of:000000000000000d:1,0.002,0.0025,0.002,0.002,2.03,2026-06-18T04:25:10,0.002,2.03
route_mutation,20260618T042510_675500,of:0000000000000006:2 -> of:000000000000000a:2,0.001,0.00125,0.001,0.001,1.4,2026-06-18T04:25:10,0.001,1.4
route_mutation,20260618T042510_675500,of:0000000000000003:1 -> of:000000000000000b:5,0.002,0.0025,0.002,0.002,1.5,2026-06-18T04:25:10,0.002,1.63
route_mutation,20260618T042510_675500,of:0000000000000007:1 -> of:000000000000000d:5,0.002,0.0025,0.002,0.002,1.56,2026-06-18T04:25:10,0.002,1.5
route_mutation,20260618T042510_675500,of:0000000000000007:2 -> of:000000000000000a:3,0.001,0.00125,0.001,0.001,1.4,2026-06-18T04:25:10,0.001,1.4
route_mutation,20260618T042510_675500,of:0000000000000002:2 -> of:0000000000000008:2,0.001,0.00125,0.001,0.001,1.37,2026-06-18T04:25:10,0.001,1.37
route_mutation,20260618T042510_675500,of:0000000000000008:1 -> of:000000000000000b:6,0.001,0.00125,0.001,0.001,1.37,2026-06-18T04:25:10,0.001,1.37
route_mutation,20260618T042510_675500,of:0000000000000009:1 -> of:000000000000000c:6,0.001,0.00125,0.001,0.001,1.37,2026-06-18T04:25:10,0.001,1.37
route_mutation,20260618T042510_675500,of:0000000000000001:2 -> of:000000000000000c:1,0.001,0.00125,0.001,0.001,1.3,2026-06-18T04:25:10,0.001,1.33
route_mutation,20260618T042510_675500,of:0000000000000003:2 -> of:0000000000000008:3,0.001,0.00125,0.001,0.001,1.4,2026-06-18T04:25:10,0.001,1.4
ip_shuffle,20260618T042540_932063,of:0000000000000005:1 -> of:000000000000000c:5,0.002,0.0025,0.002,0.002,2.4,2026-06-18T04:25:40,0.002,2.4
ip_shuffle,20260618T042540_932063,of:000000000000000a:1 -> of:000000000000000d:6,0.002,0.0025,0.002,0.002,1.53,2026-06-18T04:25:40,0.002,1.6
ip_shuffle,20260618T042540_932063,of:000000000000000b:2 -> of:000000000000000c:2,0.002,0.0025,0.002,0.002,1.8,2026-06-18T04:25:40,0.002,1.86
ip_shuffle,20260618T042540_932063,of:0000000000000004:2 -> of:0000000000000009:2,0.002,0.0025,0.002,0.002,1.83,2026-06-18T04:25:40,0.002,1.76
ip_shuffle,20260618T042540_932063,of:0000000000000005:2 -> of:0000000000000009:3,0.002,0.0025,0.002,0.002,1.83,2026-06-18T04:25:40,0.002,1.76
ip_shuffle,20260618T042540_932063,of:000000000000000b:3 -> of:000000000000000d:2,0.002,0.0025,0.002,0.002,1.86,2026-06-18T04:25:40,0.002,1.93
ip_shuffle,20260618T042540_932063,of:0000000000000004:1 -> of:000000000000000c:4,0.002,0.0025,0.002,0.002,2.4,2026-06-18T04:25:40,0.002,2.4
ip_shuffle,20260618T042540_932063,of:000000000000000c:3 -> of:000000000000000d:3,0.002,0.0025,0.002,0.002,1.8,2026-06-18T04:25:40,0.002,1.86
ip_shuffle,20260618T042540_932063,of:0000000000000001:1 -> of:000000000000000b:1,0.002,0.0025,0.002,0.002,2.36,2026-06-18T04:25:40,0.002,2.53
ip_shuffle,20260618T042540_932063,of:0000000000000006:1 -> of:000000000000000d:4,0.002,0.0025,0.002,0.002,2.26,2026-06-18T04:25:40,0.002,2.53
ip_shuffle,20260618T042540_932063,of:0000000000000002:1 -> of:000000000000000b:4,0.002,0.0025,0.002,0.002,1.66,2026-06-18T04:25:40,0.002,1.66
ip_shuffle,20260618T042540_932063,of:0000000000000001:3 -> of:000000000000000d:1,0.002,0.0025,0.002,0.002,2.4,2026-06-18T04:25:40,0.002,2.33
ip_shuffle,20260618T042540_932063,of:0000000000000006:2 -> of:000000000000000a:2,0.002,0.0025,0.002,0.002,1.9,2026-06-18T04:25:40,0.002,1.9
ip_shuffle,20260618T042540_932063,of:0000000000000003:1 -> of:000000000000000b:5,0.002,0.0025,0.002,0.002,2.5,2026-06-18T04:25:40,0.002,2.3
ip_shuffle,20260618T042540_932063,of:0000000000000007:1 -> of:000000000000000d:5,0.002,0.0025,0.002,0.002,1.7,2026-06-18T04:25:40,0.002,1.66
ip_shuffle,20260618T042540_932063,of:0000000000000007:2 -> of:000000000000000a:3,0.002,0.0025,0.002,0.002,1.9,2026-06-18T04:25:40,0.002,1.9
ip_shuffle,20260618T042540_932063,of:0000000000000002:2 -> of:0000000000000008:2,0.002,0.0025,0.002,0.002,2.16,2026-06-18T04:25:40,0.002,2.1
ip_shuffle,20260618T042540_932063,of:0000000000000008:1 -> of:000000000000000b:6,0.002,0.0025,0.002,0.002,1.8,2026-06-18T04:25:40,0.002,1.66
ip_shuffle,20260618T042540_932063,of:0000000000000009:1 -> of:000000000000000c:6,0.002,0.0025,0.002,0.001,1.5,2026-06-18T04:25:40,0.002,1.53
ip_shuffle,20260618T042540_932063,of:0000000000000001:2 -> of:000000000000000c:1,0.003,0.00375,0.003,0.003,3.13,2026-06-18T04:25:40,0.003,3.23
ip_shuffle,20260618T042540_932063,of:0000000000000003:2 -> of:0000000000000008:3,0.002,0.0025,0.002,0.002,2.13,2026-06-18T04:25:40,0.002,2.06
ip_shuffle,20260618T042645_057083,of:0000000000000005:1 -> of:000000000000000c:5,0.002,0.0025,0.002,0.001,1.4,2026-06-18T04:26:45,0.002,1.43
ip_shuffle,20260618T042645_057083,of:000000000000000a:1 -> of:000000000000000d:6,0.002,0.0025,0.002,0.002,1.43,2026-06-18T04:26:45,0.002,1.47
ip_shuffle,20260618T042645_057083,of:000000000000000b:2 -> of:000000000000000c:2,0.002,0.0025,0.002,0.002,1.53,2026-06-18T04:26:45,0.002,1.53
ip_shuffle,20260618T042645_057083,of:0000000000000004:2 -> of:0000000000000009:2,0.002,0.0025,0.002,0.001,1.5,2026-06-18T04:26:45,0.002,1.57
ip_shuffle,20260618T042645_057083,of:0000000000000005:2 -> of:0000000000000009:3,0.002,0.0025,0.002,0.001,1.5,2026-06-18T04:26:45,0.002,1.57
ip_shuffle,20260618T042645_057083,of:000000000000000b:3 -> of:000000000000000d:2,0.002,0.0025,0.002,0.002,1.63,2026-06-18T04:26:45,0.002,1.63
ip_shuffle,20260618T042645_057083,of:0000000000000004:1 -> of:000000000000000c:4,0.002,0.0025,0.002,0.001,1.4,2026-06-18T04:26:45,0.002,1.43
ip_shuffle,20260618T042645_057083,of:000000000000000c:3 -> of:000000000000000d:3,0.002,0.0025,0.002,0.002,1.57,2026-06-18T04:26:45,0.002,1.57
ip_shuffle,20260618T042645_057083,of:0000000000000001:1 -> of:000000000000000b:1,0.002,0.0025,0.002,0.002,2.66,2026-06-18T04:26:45,0.002,2.53
ip_shuffle,20260618T042645_057083,of:0000000000000006:1 -> of:000000000000000d:4,0.002,0.0025,0.002,0.002,1.9,2026-06-18T04:26:45,0.002,1.8
ip_shuffle,20260618T042645_057083,of:0000000000000002:1 -> of:000000000000000b:4,0.002,0.0025,0.002,0.002,2.43,2026-06-18T04:26:45,0.002,2.46
ip_shuffle,20260618T042645_057083,of:0000000000000001:3 -> of:000000000000000d:1,0.002,0.0025,0.002,0.002,2.66,2026-06-18T04:26:45,0.002,2.7
ip_shuffle,20260618T042645_057083,of:0000000000000006:2 -> of:000000000000000a:2,0.001,0.00125,0.001,0.001,1.5,2026-06-18T04:26:45,0.001,1.5
ip_shuffle,20260618T042645_057083,of:0000000000000003:1 -> of:000000000000000b:5,0.002,0.0025,0.002,0.002,1.63,2026-06-18T04:26:45,0.002,1.83
ip_shuffle,20260618T042645_057083,of:0000000000000007:1 -> of:000000000000000d:5,0.002,0.0025,0.002,0.002,2.16,2026-06-18T04:26:45,0.002,2.23
ip_shuffle,20260618T042645_057083,of:0000000000000007:2 -> of:000000000000000a:3,0.001,0.00125,0.001,0.001,1.5,2026-06-18T04:26:45,0.001,1.5
ip_shuffle,20260618T042645_057083,of:0000000000000002:2 -> of:0000000000000008:2,0.002,0.0025,0.002,0.002,1.6,2026-06-18T04:26:45,0.001,1.53
ip_shuffle,20260618T042645_057083,of:0000000000000008:1 -> of:000000000000000b:6,0.001,0.00125,0.001,0.001,1.4,2026-06-18T04:26:45,0.001,1.37
ip_shuffle,20260618T042645_057083,of:0000000000000009:1 -> of:000000000000000c:6,0.002,0.0025,0.002,0.002,1.43,2026-06-18T04:26:45,0.002,1.43
ip_shuffle,20260618T042645_057083,of:0000000000000001:2 -> of:000000000000000c:1,0.002,0.0025,0.002,0.002,1.43,2026-06-18T04:26:45,0.001,1.4
ip_shuffle,20260618T042645_057083,of:0000000000000003:2 -> of:0000000000000008:3,0.002,0.0025,0.002,0.002,1.6,2026-06-18T04:26:45,0.001,1.47
ip_shuffle,20260618T042743_000905,of:0000000000000005:1 -> of:000000000000000c:5,0.002,0.0025,0.002,0.002,1.7,2026-06-18T04:27:43,0.002,1.83
ip_shuffle,20260618T042743_000905,of:000000000000000a:1 -> of:000000000000000d:6,0.002,0.0025,0.002,0.002,1.83,2026-06-18T04:27:43,0.002,1.76
ip_shuffle,20260618T042743_000905,of:000000000000000b:2 -> of:000000000000000c:2,0.002,0.0025,0.002,0.002,2.4,2026-06-18T04:27:43,0.002,2.33
ip_shuffle,20260618T042743_000905,of:0000000000000004:2 -> of:0000000000000009:2,0.002,0.0025,0.002,0.002,2.03,2026-06-18T04:27:43,0.002,2.16
ip_shuffle,20260618T042743_000905,of:0000000000000005:2 -> of:0000000000000009:3,0.002,0.0025,0.002,0.002,2.13,2026-06-18T04:27:43,0.002,2.13
ip_shuffle,20260618T042743_000905,of:000000000000000b:3 -> of:000000000000000d:2,0.002,0.0025,0.002,0.002,2.4,2026-06-18T04:27:43,0.002,2.33
ip_shuffle,20260618T042743_000905,of:0000000000000004:1 -> of:000000000000000c:4,0.002,0.0025,0.002,0.002,1.73,2026-06-18T04:27:43,0.002,1.83
ip_shuffle,20260618T042743_000905,of:000000000000000c:3 -> of:000000000000000d:3,0.002,0.0025,0.002,0.002,2.33,2026-06-18T04:27:43,0.002,2.33
ip_shuffle,20260618T042743_000905,of:0000000000000001:1 -> of:000000000000000b:1,0.002,0.0025,0.002,0.002,1.83,2026-06-18T04:27:43,0.002,1.73
ip_shuffle,20260618T042743_000905,of:0000000000000006:1 -> of:000000000000000d:4,0.002,0.0025,0.002,0.002,2.06,2026-06-18T04:27:43,0.002,1.9
ip_shuffle,20260618T042743_000905,of:0000000000000002:1 -> of:000000000000000b:4,0.002,0.0025,0.002,0.002,1.73,2026-06-18T04:27:43,0.002,1.83
ip_shuffle,20260618T042743_000905,of:0000000000000001:3 -> of:000000000000000d:1,0.003,0.00375,0.003,0.003,3.8,2026-06-18T04:27:43,0.003,3.86
ip_shuffle,20260618T042743_000905,of:0000000000000006:2 -> of:000000000000000a:2,0.002,0.0025,0.002,0.002,2.26,2026-06-18T04:27:43,0.002,2.26
ip_shuffle,20260618T042743_000905,of:0000000000000003:1 -> of:000000000000000b:5,0.002,0.0025,0.002,0.002,1.73,2026-06-18T04:27:43,0.002,1.83
ip_shuffle,20260618T042743_000905,of:0000000000000007:1 -> of:000000000000000d:5,0.003,0.00375,0.003,0.003,3.5,2026-06-18T04:27:43,0.003,3.53
ip_shuffle,20260618T042743_000905,of:0000000000000007:2 -> of:000000000000000a:3,0.002,0.0025,0.002,0.002,2.26,2026-06-18T04:27:43,0.002,2.26
ip_shuffle,20260618T042743_000905,of:0000000000000002:2 -> of:0000000000000008:2,0.002,0.0025,0.002,0.002,2.03,2026-06-18T04:27:43,0.002,2.16
ip_shuffle,20260618T042743_000905,of:0000000000000008:1 -> of:000000000000000b:6,0.002,0.0025,0.002,0.002,1.63,2026-06-18T04:27:43,0.002,1.83
ip_shuffle,20260618T042743_000905,of:0000000000000009:1 -> of:000000000000000c:6,0.002,0.0025,0.002,0.002,1.63,2026-06-18T04:27:43,0.002,1.83
ip_shuffle,20260618T042743_000905,of:0000000000000001:2 -> of:000000000000000c:1,0.002,0.0025,0.002,0.002,1.83,2026-06-18T04:27:43,0.002,1.73
ip_shuffle,20260618T042743_000905,of:0000000000000003:2 -> of:0000000000000008:3,0.002,0.0025,0.002,0.002,2.03,2026-06-18T04:27:43,0.002,2.16
route_mutation,20260618T042840_599773,of:0000000000000005:1 -> of:000000000000000c:5,0.002,0.0025,0.002,0.002,2.4,2026-06-18T04:28:40,0.002,2.36
route_mutation,20260618T042840_599773,of:000000000000000a:1 -> of:000000000000000d:6,0.002,0.0025,0.002,0.002,1.53,2026-06-18T04:28:40,0.002,1.63
route_mutation,20260618T042840_599773,of:000000000000000b:2 -> of:000000000000000c:2,0.002,0.0025,0.002,0.002,1.9,2026-06-18T04:28:40,0.002,1.9
route_mutation,20260618T042840_599773,of:0000000000000004:2 -> of:0000000000000009:2,0.002,0.0025,0.002,0.002,1.9,2026-06-18T04:28:40,0.002,1.83
route_mutation,20260618T042840_599773,of:0000000000000005:2 -> of:0000000000000009:3,0.002,0.0025,0.002,0.002,1.83,2026-06-18T04:28:40,0.002,1.83
route_mutation,20260618T042840_599773,of:000000000000000b:3 -> of:000000000000000d:2,0.002,0.0025,0.002,0.002,1.93,2026-06-18T04:28:40,0.002,1.96
route_mutation,20260618T042840_599773,of:0000000000000004:1 -> of:000000000000000c:4,0.002,0.0025,0.002,0.002,2.4,2026-06-18T04:28:40,0.002,2.36
route_mutation,20260618T042840_599773,of:000000000000000c:3 -> of:000000000000000d:3,0.002,0.0025,0.002,0.002,1.93,2026-06-18T04:28:40,0.002,1.93
route_mutation,20260618T042840_599773,of:0000000000000001:1 -> of:000000000000000b:1,0.002,0.0025,0.002,0.002,2.36,2026-06-18T04:28:40,0.002,2.36
route_mutation,20260618T042840_599773,of:0000000000000006:1 -> of:000000000000000d:4,0.003,0.00375,0.003,0.003,2.83,2026-06-18T04:28:40,0.003,3.06
route_mutation,20260618T042840_599773,of:0000000000000002:1 -> of:000000000000000b:4,0.002,0.0025,0.002,0.002,1.7,2026-06-18T04:28:40,0.002,1.56
route_mutation,20260618T042840_599773,of:0000000000000001:3 -> of:000000000000000d:1,0.003,0.00375,0.003,0.003,3.0,2026-06-18T04:28:40,0.003,2.86
route_mutation,20260618T042840_599773,of:0000000000000006:2 -> of:000000000000000a:2,0.002,0.0025,0.002,0.002,1.86,2026-06-18T04:28:40,0.002,1.86
route_mutation,20260618T042840_599773,of:0000000000000003:1 -> of:000000000000000b:5,0.002,0.0025,0.002,0.002,2.43,2026-06-18T04:28:40,0.002,2.2
route_mutation,20260618T042840_599773,of:0000000000000007:1 -> of:000000000000000d:5,0.002,0.0025,0.002,0.002,1.66,2026-06-18T04:28:40,0.002,1.66
route_mutation,20260618T042840_599773,of:0000000000000007:2 -> of:000000000000000a:3,0.002,0.0025,0.002,0.002,1.9,2026-06-18T04:28:40,0.002,1.83
route_mutation,20260618T042840_599773,of:0000000000000002:2 -> of:0000000000000008:2,0.002,0.0025,0.002,0.002,1.9,2026-06-18T04:28:40,0.002,1.83
route_mutation,20260618T042840_599773,of:0000000000000008:1 -> of:000000000000000b:6,0.002,0.0025,0.002,0.002,1.63,2026-06-18T04:28:40,0.002,1.6
route_mutation,20260618T042840_599773,of:0000000000000009:1 -> of:000000000000000c:6,0.002,0.0025,0.002,0.002,1.63,2026-06-18T04:28:40,0.002,1.63
route_mutation,20260618T042840_599773,of:0000000000000001:2 -> of:000000000000000c:1,0.003,0.00375,0.003,0.003,3.16,2026-06-18T04:28:40,0.003,3.13
route_mutation,20260618T042840_599773,of:0000000000000003:2 -> of:0000000000000008:3,0.002,0.0025,0.002,0.002,1.9,2026-06-18T04:28:40,0.002,1.83
route_mutation,20260618T042910_847171,of:0000000000000005:1 -> of:000000000000000c:5,0.002,0.0025,0.002,0.002,1.7,2026-06-18T04:29:10,0.002,1.8
route_mutation,20260618T042910_847171,of:000000000000000a:1 -> of:000000000000000d:6,0.002,0.0025,0.002,0.002,1.96,2026-06-18T04:29:10,0.002,1.86
route_mutation,20260618T042910_847171,of:000000000000000b:2 -> of:000000000000000c:2,0.002,0.0025,0.002,0.002,2.3,2026-06-18T04:29:10,0.002,2.3
route_mutation,20260618T042910_847171,of:0000000000000004:2 -> of:0000000000000009:2,0.002,0.0025,0.002,0.002,2.1,2026-06-18T04:29:10,0.002,2.16
route_mutation,20260618T042910_847171,of:0000000000000005:2 -> of:0000000000000009:3,0.002,0.0025,0.002,0.002,2.16,2026-06-18T04:29:10,0.002,2.16
route_mutation,20260618T042910_847171,of:000000000000000b:3 -> of:000000000000000d:2,0.002,0.0025,0.002,0.002,2.33,2026-06-18T04:29:10,0.002,2.3
route_mutation,20260618T042910_847171,of:0000000000000004:1 -> of:000000000000000c:4,0.002,0.0025,0.002,0.002,1.7,2026-06-18T04:29:10,0.002,1.8
route_mutation,20260618T042910_847171,of:000000000000000c:3 -> of:000000000000000d:3,0.002,0.0025,0.002,0.002,2.26,2026-06-18T04:29:10,0.002,2.26
route_mutation,20260618T042910_847171,of:0000000000000001:1 -> of:000000000000000b:1,0.002,0.0025,0.002,0.002,1.8,2026-06-18T04:29:10,0.002,1.73
route_mutation,20260618T042910_847171,of:0000000000000006:1 -> of:000000000000000d:4,0.002,0.0025,0.002,0.002,2.2,2026-06-18T04:29:10,0.002,2.0
route_mutation,20260618T042910_847171,of:0000000000000002:1 -> of:000000000000000b:4,0.002,0.0025,0.002,0.002,1.7,2026-06-18T04:29:10,0.002,1.83
route_mutation,20260618T042910_847171,of:0000000000000001:3 -> of:000000000000000d:1,0.003,0.00375,0.003,0.003,3.26,2026-06-18T04:29:10,0.003,3.33
route_mutation,20260618T042910_847171,of:0000000000000006:2 -> of:000000000000000a:2,0.002,0.0025,0.002,0.002,2.4,2026-06-18T04:29:10,0.002,2.4
route_mutation,20260618T042910_847171,of:0000000000000003:1 -> of:000000000000000b:5,0.002,0.0025,0.002,0.002,1.7,2026-06-18T04:29:10,0.002,1.83
route_mutation,20260618T042910_847171,of:0000000000000007:1 -> of:000000000000000d:5,0.003,0.00375,0.003,0.003,2.93,2026-06-18T04:29:10,0.003,3.0
route_mutation,20260618T042910_847171,of:0000000000000007:2 -> of:000000000000000a:3,0.002,0.0025,0.002,0.002,2.36,2026-06-18T04:29:10,0.002,2.36
route_mutation,20260618T042910_847171,of:0000000000000002:2 -> of:0000000000000008:2,0.002,0.0025,0.002,0.002,2.03,2026-06-18T04:29:10,0.002,2.16
route_mutation,20260618T042910_847171,of:0000000000000008:1 -> of:000000000000000b:6,0.002,0.0025,0.002,0.002,1.66,2026-06-18T04:29:10,0.002,1.83
route_mutation,20260618T042910_847171,of:0000000000000009:1 -> of:000000000000000c:6,0.002,0.0025,0.002,0.002,1.66,2026-06-18T04:29:10,0.002,1.8
route_mutation,20260618T042910_847171,of:0000000000000001:2 -> of:000000000000000c:1,0.002,0.0025,0.002,0.002,1.8,2026-06-18T04:29:10,0.002,1.73
route_mutation,20260618T042910_847171,of:0000000000000003:2 -> of:0000000000000008:3,0.002,0.0025,0.002,0.002,2.03,2026-06-18T04:29:10,0.002,2.16
route_mutation,20260618T042941_098886,of:0000000000000005:1 -> of:000000000000000c:5,0.002,0.0025,0.002,0.001,1.43,2026-06-18T04:29:41,0.002,1.43
route_mutation,20260618T042941_098886,of:000000000000000a:1 -> of:000000000000000d:6,0.002,0.0025,0.002,0.001,1.47,2026-06-18T04:29:41,0.002,1.43
route_mutation,20260618T042941_098886,of:000000000000000b:2 -> of:000000000000000c:2,0.002,0.0025,0.002,0.002,1.53,2026-06-18T04:29:41,0.002,1.53
route_mutation,20260618T042941_098886,of:0000000000000004:2 -> of:0000000000000009:2,0.002,0.0025,0.002,0.002,1.63,2026-06-18T04:29:41,0.002,1.7
route_mutation,20260618T042941_098886,of:0000000000000005:2 -> of:0000000000000009:3,0.002,0.0025,0.002,0.002,1.63,2026-06-18T04:29:41,0.002,1.7
route_mutation,20260618T042941_098886,of:000000000000000b:3 -> of:000000000000000d:2,0.002,0.0025,0.002,0.002,1.53,2026-06-18T04:29:41,0.002,1.53
route_mutation,20260618T042941_098886,of:0000000000000004:1 -> of:000000000000000c:4,0.002,0.0025,0.002,0.001,1.43,2026-06-18T04:29:41,0.002,1.43
route_mutation,20260618T042941_098886,of:000000000000000c:3 -> of:000000000000000d:3,0.002,0.0025,0.002,0.002,1.53,2026-06-18T04:29:41,0.002,1.53
route_mutation,20260618T042941_098886,of:0000000000000001:1 -> of:000000000000000b:1,0.002,0.0025,0.002,0.002,2.56,2026-06-18T04:29:41,0.002,2.56
route_mutation,20260618T042941_098886,of:0000000000000006:1 -> of:000000000000000d:4,0.002,0.0025,0.002,0.001,1.37,2026-06-18T04:29:41,0.002,1.43
route_mutation,20260618T042941_098886,of:0000000000000002:1 -> of:000000000000000b:4,0.002,0.0025,0.002,0.002,2.43,2026-06-18T04:29:41,0.002,2.4
route_mutation,20260618T042941_098886,of:0000000000000001:3 -> of:000000000000000d:1,0.002,0.0025,0.002,0.002,1.43,2026-06-18T04:29:41,0.002,1.47
route_mutation,20260618T042941_098886,of:0000000000000006:2 -> of:000000000000000a:2,0.002,0.0025,0.002,0.002,1.63,2026-06-18T04:29:41,0.002,1.7
route_mutation,20260618T042941_098886,of:0000000000000003:1 -> of:000000000000000b:5,0.002,0.0025,0.002,0.002,1.56,2026-06-18T04:29:41,0.002,1.6
route_mutation,20260618T042941_098886,of:0000000000000007:1 -> of:000000000000000d:5,0.002,0.0025,0.002,0.001,1.37,2026-06-18T04:29:41,0.002,1.43
route_mutation,20260618T042941_098886,of:0000000000000007:2 -> of:000000000000000a:3,0.002,0.0025,0.002,0.002,1.63,2026-06-18T04:29:41,0.002,1.7
route_mutation,20260618T042941_098886,of:0000000000000002:2 -> of:0000000000000008:2,0.002,0.0025,0.002,0.002,1.66,2026-06-18T04:29:41,0.002,1.6
route_mutation,20260618T042941_098886,of:0000000000000008:1 -> of:000000000000000b:6,0.001,0.00125,0.001,0.001,1.47,2026-06-18T04:29:41,0.001,1.37
route_mutation,20260618T042941_098886,of:0000000000000009:1 -> of:000000000000000c:6,0.002,0.0025,0.002,0.001,1.47,2026-06-18T04:29:41,0.002,1.43
route_mutation,20260618T042941_098886,of:0000000000000001:2 -> of:000000000000000c:1,0.002,0.0025,0.002,0.002,1.43,2026-06-18T04:29:41,0.002,1.47
route_mutation,20260618T042941_098886,of:0000000000000003:2 -> of:0000000000000008:3,0.002,0.0025,0.002,0.002,1.66,2026-06-18T04:29:41,0.002,1.6
route_mutation,20260618T043011_351216,of:0000000000000005:1 -> of:000000000000000c:5,0.002,0.0025,0.002,0.002,2.4,2026-06-18T04:30:11,0.002,2.3
route_mutation,20260618T043011_351216,of:000000000000000a:1 -> of:000000000000000d:6,0.002,0.0025,0.002,0.002,1.6,2026-06-18T04:30:11,0.001,1.5
route_mutation,20260618T043011_351216,of:000000000000000b:2 -> of:000000000000000c:2,0.002,0.0025,0.002,0.002,1.76,2026-06-18T04:30:11,0.002,1.76
route_mutation,20260618T043011_351216,of:0000000000000004:2 -> of:0000000000000009:2,0.002,0.0025,0.002,0.002,1.86,2026-06-18T04:30:11,0.002,1.73
route_mutation,20260618T043011_351216,of:0000000000000005:2 -> of:0000000000000009:3,0.002,0.0025,0.002,0.002,1.86,2026-06-18T04:30:11,0.002,1.73
route_mutation,20260618T043011_351216,of:000000000000000b:3 -> of:000000000000000d:2,0.002,0.0025,0.002,0.002,1.76,2026-06-18T04:30:11,0.002,1.76
route_mutation,20260618T043011_351216,of:0000000000000004:1 -> of:000000000000000c:4,0.002,0.0025,0.002,0.002,2.4,2026-06-18T04:30:11,0.002,2.3
route_mutation,20260618T043011_351216,of:000000000000000c:3 -> of:000000000000000d:3,0.002,0.0025,0.002,0.002,1.8,2026-06-18T04:30:11,0.002,1.8
route_mutation,20260618T043011_351216,of:0000000000000001:1 -> of:000000000000000b:1,0.002,0.0025,0.002,0.002,2.4,2026-06-18T04:30:11,0.002,2.5
route_mutation,20260618T043011_351216,of:0000000000000006:1 -> of:000000000000000d:4,0.002,0.0025,0.002,0.002,2.2,2026-06-18T04:30:11,0.002,2.33
route_mutation,20260618T043011_351216,of:0000000000000002:1 -> of:000000000000000b:4,0.002,0.0025,0.002,0.002,1.6,2026-06-18T04:30:11,0.002,1.53
route_mutation,20260618T043011_351216,of:0000000000000001:3 -> of:000000000000000d:1,0.002,0.0025,0.002,0.002,2.23,2026-06-18T04:30:11,0.002,2.13
route_mutation,20260618T043011_351216,of:0000000000000006:2 -> of:000000000000000a:2,0.002,0.0025,0.002,0.002,1.8,2026-06-18T04:30:11,0.002,1.73
route_mutation,20260618T043011_351216,of:0000000000000003:1 -> of:000000000000000b:5,0.002,0.0025,0.002,0.002,2.5,2026-06-18T04:30:11,0.002,2.33
route_mutation,20260618T043011_351216,of:0000000000000007:1 -> of:000000000000000d:5,0.002,0.0025,0.002,0.002,1.63,2026-06-18T04:30:11,0.001,1.5
route_mutation,20260618T043011_351216,of:0000000000000007:2 -> of:000000000000000a:3,0.002,0.0025,0.002,0.002,1.83,2026-06-18T04:30:11,0.002,1.76
route_mutation,20260618T043011_351216,of:0000000000000002:2 -> of:0000000000000008:2,0.002,0.0025,0.002,0.002,1.86,2026-06-18T04:30:11,0.002,1.8
route_mutation,20260618T043011_351216,of:0000000000000008:1 -> of:000000000000000b:6,0.002,0.0025,0.002,0.002,1.6,2026-06-18T04:30:11,0.002,1.53
route_mutation,20260618T043011_351216,of:0000000000000009:1 -> of:000000000000000c:6,0.002,0.0025,0.002,0.002,1.6,2026-06-18T04:30:11,0.001,1.5
route_mutation,20260618T043011_351216,of:0000000000000001:2 -> of:000000000000000c:1,0.003,0.00375,0.003,0.003,3.1,2026-06-18T04:30:11,0.003,3.13
route_mutation,20260618T043011_351216,of:0000000000000003:2 -> of:0000000000000008:3,0.002,0.0025,0.002,0.002,1.9,2026-06-18T04:30:11,0.002,1.83
route_mutation,20260618T043041_609434,of:0000000000000005:1 -> of:000000000000000c:5,0.002,0.0025,0.002,0.002,1.8,2026-06-18T04:30:41,0.002,1.83
route_mutation,20260618T043041_609434,of:000000000000000a:1 -> of:000000000000000d:6,0.002,0.0025,0.002,0.002,1.7,2026-06-18T04:30:41,0.002,1.83
route_mutation,20260618T043041_609434,of:000000000000000b:2 -> of:000000000000000c:2,0.002,0.0025,0.002,0.002,2.5,2026-06-18T04:30:41,0.002,2.5
route_mutation,20260618T043041_609434,of:0000000000000004:2 -> of:0000000000000009:2,0.002,0.0025,0.002,0.002,2.16,2026-06-18T04:30:41,0.002,2.23
route_mutation,20260618T043041_609434,of:0000000000000005:2 -> of:0000000000000009:3,0.002,0.0025,0.002,0.002,2.16,2026-06-18T04:30:41,0.002,2.23
route_mutation,20260618T043041_609434,of:000000000000000b:3 -> of:000000000000000d:2,0.002,0.0025,0.002,0.002,2.5,2026-06-18T04:30:41,0.002,2.5
route_mutation,20260618T043041_609434,of:0000000000000004:1 -> of:000000000000000c:4,0.002,0.0025,0.002,0.002,1.73,2026-06-18T04:30:41,0.002,1.83
route_mutation,20260618T043041_609434,of:000000000000000c:3 -> of:000000000000000d:3,0.002,0.0025,0.002,0.002,2.33,2026-06-18T04:30:41,0.002,2.33
route_mutation,20260618T043041_609434,of:0000000000000001:1 -> of:000000000000000b:1,0.002,0.0025,0.002,0.002,1.93,2026-06-18T04:30:41,0.002,1.9
route_mutation,20260618T043041_609434,of:0000000000000006:1 -> of:000000000000000d:4,0.002,0.0025,0.002,0.002,2.3,2026-06-18T04:30:41,0.002,2.1
route_mutation,20260618T043041_609434,of:0000000000000002:1 -> of:000000000000000b:4,0.002,0.0025,0.002,0.002,1.83,2026-06-18T04:30:41,0.002,2.0
route_mutation,20260618T043041_609434,of:0000000000000001:3 -> of:000000000000000d:1,0.003,0.00375,0.003,0.003,3.4,2026-06-18T04:30:41,0.003,3.46
route_mutation,20260618T043041_609434,of:0000000000000006:2 -> of:000000000000000a:2,0.002,0.0025,0.002,0.002,2.23,2026-06-18T04:30:41,0.002,2.23
route_mutation,20260618T043041_609434,of:0000000000000003:1 -> of:000000000000000b:5,0.002,0.0025,0.002,0.002,1.8,2026-06-18T04:30:41,0.002,2.0
route_mutation,20260618T043041_609434,of:0000000000000007:1 -> of:000000000000000d:5,0.003,0.00375,0.003,0.003,2.96,2026-06-18T04:30:41,0.003,3.03
route_mutation,20260618T043041_609434,of:0000000000000007:2 -> of:000000000000000a:3,0.002,0.0025,0.002,0.002,2.2,2026-06-18T04:30:41,0.002,2.2
route_mutation,20260618T043041_609434,of:0000000000000002:2 -> of:0000000000000008:2,0.002,0.0025,0.002,0.002,2.13,2026-06-18T04:30:41,0.002,2.26
route_mutation,20260618T043041_609434,of:0000000000000008:1 -> of:000000000000000b:6,0.002,0.0025,0.002,0.002,1.83,2026-06-18T04:30:41,0.002,2.0
route_mutation,20260618T043041_609434,of:0000000000000009:1 -> of:000000000000000c:6,0.002,0.0025,0.002,0.002,1.7,2026-06-18T04:30:41,0.002,1.83
route_mutation,20260618T043041_609434,of:0000000000000001:2 -> of:000000000000000c:1,0.002,0.0025,0.002,0.002,1.83,2026-06-18T04:30:41,0.002,1.76
route_mutation,20260618T043041_609434,of:0000000000000003:2 -> of:0000000000000008:3,0.002,0.0025,0.002,0.002,2.1,2026-06-18T04:30:41,0.002,2.23
ip_shuffle,20260618T043111_878897,of:0000000000000005:1 -> of:000000000000000c:5,0.002,0.0025,0.002,0.001,1.37,2026-06-18T04:31:11,0.002,1.46
ip_shuffle,20260618T043111_878897,of:000000000000000a:1 -> of:000000000000000d:6,0.002,0.0025,0.002,0.001,1.4,2026-06-18T04:31:11,0.002,1.43
ip_shuffle,20260618T043111_878897,of:000000000000000b:2 -> of:000000000000000c:2,0.002,0.0025,0.002,0.002,1.6,2026-06-18T04:31:11,0.002,1.6
ip_shuffle,20260618T043111_878897,of:0000000000000004:2 -> of:0000000000000009:2,0.002,0.0025,0.002,0.001,1.5,2026-06-18T04:31:11,0.002,1.56
ip_shuffle,20260618T043111_878897,of:0000000000000005:2 -> of:0000000000000009:3,0.002,0.0025,0.002,0.001,1.53,2026-06-18T04:31:11,0.002,1.6
ip_shuffle,20260618T043111_878897,of:000000000000000b:3 -> of:000000000000000d:2,0.002,0.0025,0.002,0.002,1.53,2026-06-18T04:31:11,0.002,1.6
ip_shuffle,20260618T043111_878897,of:0000000000000004:1 -> of:000000000000000c:4,0.002,0.0025,0.002,0.001,1.37,2026-06-18T04:31:11,0.002,1.43
ip_shuffle,20260618T043111_878897,of:000000000000000c:3 -> of:000000000000000d:3,0.002,0.0025,0.002,0.002,1.53,2026-06-18T04:31:11,0.002,1.53
ip_shuffle,20260618T043111_878897,of:0000000000000001:1 -> of:000000000000000b:1,0.003,0.00375,0.003,0.003,2.73,2026-06-18T04:31:11,0.003,2.76
ip_shuffle,20260618T043111_878897,of:0000000000000006:1 -> of:000000000000000d:4,0.002,0.0025,0.002,0.001,1.33,2026-06-18T04:31:11,0.002,1.43
ip_shuffle,20260618T043111_878897,of:0000000000000002:1 -> of:000000000000000b:4,0.002,0.0025,0.002,0.002,2.43,2026-06-18T04:31:11,0.002,2.5
ip_shuffle,20260618T043111_878897,of:0000000000000001:3 -> of:000000000000000d:1,0.002,0.0025,0.002,0.002,1.43,2026-06-18T04:31:11,0.002,1.43
ip_shuffle,20260618T043111_878897,of:0000000000000006:2 -> of:000000000000000a:2,0.002,0.0025,0.002,0.002,1.53,2026-06-18T04:31:11,0.002,1.6
ip_shuffle,20260618T043111_878897,of:0000000000000003:1 -> of:000000000000000b:5,0.002,0.0025,0.002,0.002,1.76,2026-06-18T04:31:11,0.002,1.73
ip_shuffle,20260618T043111_878897,of:0000000000000007:1 -> of:000000000000000d:5,0.002,0.0025,0.002,0.001,1.33,2026-06-18T04:31:11,0.002,1.43
ip_shuffle,20260618T043111_878897,of:0000000000000007:2 -> of:000000000000000a:3,0.002,0.0025,0.002,0.002,1.53,2026-06-18T04:31:11,0.002,1.6
ip_shuffle,20260618T043111_878897,of:0000000000000002:2 -> of:0000000000000008:2,0.002,0.0025,0.002,0.002,1.56,2026-06-18T04:31:11,0.001,1.5
ip_shuffle,20260618T043111_878897,of:0000000000000008:1 -> of:000000000000000b:6,0.001,0.00125,0.001,0.001,1.4,2026-06-18T04:31:11,0.001,1.43
ip_shuffle,20260618T043111_878897,of:0000000000000009:1 -> of:000000000000000c:6,0.002,0.0025,0.002,0.001,1.4,2026-06-18T04:31:11,0.002,1.43
ip_shuffle,20260618T043111_878897,of:0000000000000001:2 -> of:000000000000000c:1,0.002,0.0025,0.002,0.002,1.43,2026-06-18T04:31:11,0.002,1.43
ip_shuffle,20260618T043111_878897,of:0000000000000003:2 -> of:0000000000000008:3,0.002,0.0025,0.002,0.002,1.56,2026-06-18T04:31:11,0.001,1.5
route_mutation,20260618T043216_187696,of:0000000000000005:1 -> of:000000000000000c:5,0.002,0.0025,0.002,0.001,1.33,2026-06-18T04:32:16,0.002,1.43
route_mutation,20260618T043216_187696,of:000000000000000a:1 -> of:000000000000000d:6,0.002,0.0025,0.002,0.001,1.43,2026-06-18T04:32:16,0.002,1.43
route_mutation,20260618T043216_187696,of:000000000000000b:2 -> of:000000000000000c:2,0.002,0.0025,0.002,0.002,1.6,2026-06-18T04:32:16,0.002,1.6
route_mutation,20260618T043216_187696,of:0000000000000004:2 -> of:0000000000000009:2,0.002,0.0025,0.002,0.002,1.57,2026-06-18T04:32:16,0.002,1.63
route_mutation,20260618T043216_187696,of:0000000000000005:2 -> of:0000000000000009:3,0.002,0.0025,0.002,0.002,1.57,2026-06-18T04:32:16,0.002,1.63
route_mutation,20260618T043216_187696,of:000000000000000b:3 -> of:000000000000000d:2,0.002,0.0025,0.002,0.002,1.6,2026-06-18T04:32:16,0.002,1.6
route_mutation,20260618T043216_187696,of:0000000000000004:1 -> of:000000000000000c:4,0.002,0.0025,0.002,0.001,1.4,2026-06-18T04:32:16,0.002,1.43
route_mutation,20260618T043216_187696,of:000000000000000c:3 -> of:000000000000000d:3,0.002,0.0025,0.002,0.002,1.53,2026-06-18T04:32:16,0.002,1.53
route_mutation,20260618T043216_187696,of:0000000000000001:1 -> of:000000000000000b:1,0.003,0.00375,0.003,0.002,2.7,2026-06-18T04:32:16,0.003,2.8
route_mutation,20260618T043216_187696,of:0000000000000006:1 -> of:000000000000000d:4,0.002,0.0025,0.002,0.001,1.33,2026-06-18T04:32:16,0.002,1.43
route_mutation,20260618T043216_187696,of:0000000000000002:1 -> of:000000000000000b:4,0.002,0.0025,0.002,0.002,2.4,2026-06-18T04:32:16,0.002,2.53
route_mutation,20260618T043216_187696,of:0000000000000001:3 -> of:000000000000000d:1,0.002,0.0025,0.002,0.002,1.43,2026-06-18T04:32:16,0.002,1.43
route_mutation,20260618T043216_187696,of:0000000000000006:2 -> of:000000000000000a:2,0.002,0.0025,0.002,0.002,1.57,2026-06-18T04:32:16,0.002,1.63
route_mutation,20260618T043216_187696,of:0000000000000003:1 -> of:000000000000000b:5,0.002,0.0025,0.002,0.002,1.83,2026-06-18T04:32:16,0.002,1.8
route_mutation,20260618T043216_187696,of:0000000000000007:1 -> of:000000000000000d:5,0.002,0.0025,0.002,0.001,1.33,2026-06-18T04:32:16,0.002,1.43
route_mutation,20260618T043216_187696,of:0000000000000007:2 -> of:000000000000000a:3,0.002,0.0025,0.002,0.002,1.57,2026-06-18T04:32:16,0.002,1.63
route_mutation,20260618T043216_187696,of:0000000000000002:2 -> of:0000000000000008:2,0.002,0.0025,0.002,0.002,1.6,2026-06-18T04:32:16,0.002,1.6
route_mutation,20260618T043216_187696,of:0000000000000008:1 -> of:000000000000000b:6,0.002,0.0025,0.002,0.002,1.5,2026-06-18T04:32:16,0.002,1.5
route_mutation,20260618T043216_187696,of:0000000000000009:1 -> of:000000000000000c:6,0.002,0.0025,0.002,0.001,1.43,2026-06-18T04:32:16,0.002,1.43
route_mutation,20260618T043216_187696,of:0000000000000001:2 -> of:000000000000000c:1,0.002,0.0025,0.002,0.002,1.43,2026-06-18T04:32:16,0.002,1.43
route_mutation,20260618T043216_187696,of:0000000000000003:2 -> of:0000000000000008:3,0.002,0.0025,0.002,0.002,1.63,2026-06-18T04:32:16,0.002,1.63
route_mutation,20260618T043246_440575,of:0000000000000005:1 -> of:000000000000000c:5,0.002,0.0025,0.002,0.002,2.4,2026-06-18T04:32:46,0.002,2.26
route_mutation,20260618T043246_440575,of:000000000000000a:1 -> of:000000000000000d:6,0.002,0.0025,0.002,0.002,1.6,2026-06-18T04:32:46,0.001,1.46
route_mutation,20260618T043246_440575,of:000000000000000b:2 -> of:000000000000000c:2,0.002,0.0025,0.002,0.002,1.73,2026-06-18T04:32:46,0.002,1.73
route_mutation,20260618T043246_440575,of:0000000000000004:2 -> of:0000000000000009:2,0.002,0.0025,0.002,0.002,1.86,2026-06-18T04:32:46,0.002,1.73
route_mutation,20260618T043246_440575,of:0000000000000005:2 -> of:0000000000000009:3,0.002,0.0025,0.002,0.002,1.86,2026-06-18T04:32:46,0.002,1.73
route_mutation,20260618T043246_440575,of:000000000000000b:3 -> of:000000000000000d:2,0.002,0.0025,0.002,0.002,1.73,2026-06-18T04:32:46,0.002,1.73
route_mutation,20260618T043246_440575,of:0000000000000004:1 -> of:000000000000000c:4,0.002,0.0025,0.002,0.002,2.4,2026-06-18T04:32:46,0.002,2.26
route_mutation,20260618T043246_440575,of:000000000000000c:3 -> of:000000000000000d:3,0.002,0.0025,0.002,0.002,1.73,2026-06-18T04:32:46,0.002,1.73
route_mutation,20260618T043246_440575,of:0000000000000001:1 -> of:000000000000000b:1,0.002,0.0025,0.002,0.002,2.4,2026-06-18T04:32:46,0.002,2.16
route_mutation,20260618T043246_440575,of:0000000000000006:1 -> of:000000000000000d:4,0.002,0.0025,0.002,0.002,2.23,2026-06-18T04:32:46,0.002,2.26
route_mutation,20260618T043246_440575,of:0000000000000002:1 -> of:000000000000000b:4,0.002,0.0025,0.002,0.002,1.6,2026-06-18T04:32:46,0.001,1.46
route_mutation,20260618T043246_440575,of:0000000000000001:3 -> of:000000000000000d:1,0.002,0.0025,0.002,0.002,2.16,2026-06-18T04:32:46,0.002,2.1
route_mutation,20260618T043246_440575,of:0000000000000006:2 -> of:000000000000000a:2,0.002,0.0025,0.002,0.002,1.8,2026-06-18T04:32:46,0.002,1.73
route_mutation,20260618T043246_440575,of:0000000000000003:1 -> of:000000000000000b:5,0.002,0.0025,0.002,0.002,2.26,2026-06-18T04:32:46,0.002,2.2
route_mutation,20260618T043246_440575,of:0000000000000007:1 -> of:000000000000000d:5,0.002,0.0025,0.002,0.002,1.7,2026-06-18T04:32:46,0.002,1.56
route_mutation,20260618T043246_440575,of:0000000000000007:2 -> of:000000000000000a:3,0.002,0.0025,0.002,0.002,1.83,2026-06-18T04:32:46,0.002,1.76
route_mutation,20260618T043246_440575,of:0000000000000002:2 -> of:0000000000000008:2,0.002,0.0025,0.002,0.002,1.86,2026-06-18T04:32:46,0.002,1.73
route_mutation,20260618T043246_440575,of:0000000000000008:1 -> of:000000000000000b:6,0.001,0.00125,0.001,0.001,1.46,2026-06-18T04:32:46,0.001,1.46
route_mutation,20260618T043246_440575,of:0000000000000009:1 -> of:000000000000000c:6,0.002,0.0025,0.002,0.002,1.6,2026-06-18T04:32:46,0.001,1.46
route_mutation,20260618T043246_440575,of:0000000000000001:2 -> of:000000000000000c:1,0.003,0.00375,0.003,0.003,3.06,2026-06-18T04:32:46,0.003,3.13
route_mutation,20260618T043246_440575,of:0000000000000003:2 -> of:0000000000000008:3,0.002,0.0025,0.002,0.002,1.86,2026-06-18T04:32:46,0.002,1.73
route_mutation,20260618T043316_629129,of:0000000000000005:1 -> of:000000000000000c:5,0.002,0.0025,0.002,0.002,1.83,2026-06-18T04:33:16,0.002,1.93
route_mutation,20260618T043316_629129,of:000000000000000a:1 -> of:000000000000000d:6,0.002,0.0025,0.002,0.002,1.66,2026-06-18T04:33:16,0.002,1.8
route_mutation,20260618T043316_629129,of:000000000000000b:2 -> of:000000000000000c:2,0.002,0.0025,0.002,0.002,2.33,2026-06-18T04:33:16,0.002,2.33
route_mutation,20260618T043316_629129,of:0000000000000004:2 -> of:0000000000000009:2,0.002,0.0025,0.002,0.002,2.09,2026-06-18T04:33:16,0.002,2.16
route_mutation,20260618T043316_629129,of:0000000000000005:2 -> of:0000000000000009:3,0.002,0.0025,0.002,0.002,2.09,2026-06-18T04:33:16,0.002,2.16
route_mutation,20260618T043316_629129,of:000000000000000b:3 -> of:000000000000000d:2,0.002,0.0025,0.002,0.002,2.19,2026-06-18T04:33:16,0.002,2.19
route_mutation,20260618T043316_629129,of:0000000000000004:1 -> of:000000000000000c:4,0.002,0.0025,0.002,0.002,1.83,2026-06-18T04:33:16,0.002,1.93
route_mutation,20260618T043316_629129,of:000000000000000c:3 -> of:000000000000000d:3,0.002,0.0025,0.002,0.002,2.39,2026-06-18T04:33:16,0.002,2.39
route_mutation,20260618T043316_629129,of:0000000000000001:1 -> of:000000000000000b:1,0.002,0.0025,0.002,0.002,1.66,2026-06-18T04:33:16,0.002,1.8
route_mutation,20260618T043316_629129,of:0000000000000006:1 -> of:000000000000000d:4,0.002,0.0025,0.002,0.002,2.26,2026-06-18T04:33:16,0.002,2.13
route_mutation,20260618T043316_629129,of:0000000000000002:1 -> of:000000000000000b:4,0.002,0.0025,0.002,0.002,1.73,2026-06-18T04:33:16,0.002,1.73
route_mutation,20260618T043316_629129,of:0000000000000001:3 -> of:000000000000000d:1,0.003,0.00375,0.003,0.003,3.39,2026-06-18T04:33:16,0.003,3.46
route_mutation,20260618T043316_629129,of:0000000000000006:2 -> of:000000000000000a:2,0.002,0.0025,0.002,0.002,2.16,2026-06-18T04:33:16,0.002,2.16
route_mutation,20260618T043316_629129,of:0000000000000003:1 -> of:000000000000000b:5,0.002,0.0025,0.002,0.002,1.73,2026-06-18T04:33:16,0.002,1.76
route_mutation,20260618T043316_629129,of:0000000000000007:1 -> of:000000000000000d:5,0.003,0.00375,0.003,0.003,3.03,2026-06-18T04:33:16,0.003,3.06
route_mutation,20260618T043316_629129,of:0000000000000007:2 -> of:000000000000000a:3,0.002,0.0025,0.002,0.002,2.13,2026-06-18T04:33:16,0.002,2.13
route_mutation,20260618T043316_629129,of:0000000000000002:2 -> of:0000000000000008:2,0.002,0.0025,0.002,0.002,2.06,2026-06-18T04:33:16,0.002,2.19
route_mutation,20260618T043316_629129,of:0000000000000008:1 -> of:000000000000000b:6,0.002,0.0025,0.002,0.002,1.73,2026-06-18T04:33:16,0.002,1.73
route_mutation,20260618T043316_629129,of:0000000000000009:1 -> of:000000000000000c:6,0.002,0.0025,0.002,0.002,1.8,2026-06-18T04:33:16,0.002,1.93
route_mutation,20260618T043316_629129,of:0000000000000001:2 -> of:000000000000000c:1,0.002,0.0025,0.002,0.002,1.93,2026-06-18T04:33:16,0.002,1.86
route_mutation,20260618T043316_629129,of:0000000000000003:2 -> of:0000000000000008:3,0.002,0.0025,0.002,0.002,2.09,2026-06-18T04:33:16,0.002,2.16
ip_shuffle,20260618T043346_879903,of:0000000000000005:1 -> of:000000000000000c:5,0.002,0.0025,0.002,0.001,1.43,2026-06-18T04:33:46,0.002,1.53
ip_shuffle,20260618T043346_879903,of:000000000000000a:1 -> of:000000000000000d:6,0.002,0.0025,0.002,0.002,1.53,2026-06-18T04:33:46,0.002,1.43
ip_shuffle,20260618T043346_879903,of:000000000000000b:2 -> of:000000000000000c:2,0.002,0.0025,0.002,0.002,1.73,2026-06-18T04:33:46,0.002,1.73
ip_shuffle,20260618T043346_879903,of:0000000000000004:2 -> of:0000000000000009:2,0.002,0.0025,0.002,0.002,1.56,2026-06-18T04:33:46,0.002,1.63
ip_shuffle,20260618T043346_879903,of:0000000000000005:2 -> of:0000000000000009:3,0.002,0.0025,0.002,0.002,1.56,2026-06-18T04:33:46,0.002,1.63
ip_shuffle,20260618T043346_879903,of:000000000000000b:3 -> of:000000000000000d:2,0.002,0.0025,0.002,0.002,1.63,2026-06-18T04:33:46,0.002,1.66
ip_shuffle,20260618T043346_879903,of:0000000000000004:1 -> of:000000000000000c:4,0.002,0.0025,0.002,0.001,1.4,2026-06-18T04:33:46,0.002,1.53
ip_shuffle,20260618T043346_879903,of:000000000000000c:3 -> of:000000000000000d:3,0.002,0.0025,0.002,0.002,1.63,2026-06-18T04:33:46,0.002,1.63
ip_shuffle,20260618T043346_879903,of:0000000000000001:1 -> of:000000000000000b:1,0.003,0.00375,0.003,0.003,2.76,2026-06-18T04:33:46,0.003,2.9
ip_shuffle,20260618T043346_879903,of:0000000000000006:1 -> of:000000000000000d:4,0.002,0.0025,0.002,0.001,1.4,2026-06-18T04:33:46,0.002,1.43
ip_shuffle,20260618T043346_879903,of:0000000000000002:1 -> of:000000000000000b:4,0.002,0.0025,0.002,0.002,2.43,2026-06-18T04:33:46,0.002,2.56
ip_shuffle,20260618T043346_879903,of:0000000000000001:3 -> of:000000000000000d:1,0.002,0.0025,0.002,0.002,1.43,2026-06-18T04:33:46,0.002,1.46
ip_shuffle,20260618T043346_879903,of:0000000000000006:2 -> of:000000000000000a:2,0.002,0.0025,0.002,0.002,1.6,2026-06-18T04:33:46,0.002,1.66
ip_shuffle,20260618T043346_879903,of:0000000000000003:1 -> of:000000000000000b:5,0.002,0.0025,0.002,0.002,1.8,2026-06-18T04:33:46,0.002,1.8
ip_shuffle,20260618T043346_879903,of:0000000000000007:1 -> of:000000000000000d:5,0.002,0.0025,0.002,0.001,1.36,2026-06-18T04:33:46,0.002,1.43
ip_shuffle,20260618T043346_879903,of:0000000000000007:2 -> of:000000000000000a:3,0.002,0.0025,0.002,0.002,1.6,2026-06-18T04:33:46,0.002,1.66
ip_shuffle,20260618T043346_879903,of:0000000000000002:2 -> of:0000000000000008:2,0.002,0.0025,0.002,0.002,1.63,2026-06-18T04:33:46,0.002,1.63
ip_shuffle,20260618T043346_879903,of:0000000000000008:1 -> of:000000000000000b:6,0.002,0.0025,0.002,0.002,1.53,2026-06-18T04:33:46,0.002,1.56
ip_shuffle,20260618T043346_879903,of:0000000000000009:1 -> of:000000000000000c:6,0.002,0.0025,0.002,0.002,1.5,2026-06-18T04:33:46,0.002,1.53
ip_shuffle,20260618T043346_879903,of:0000000000000001:2 -> of:000000000000000c:1,0.002,0.0025,0.002,0.001,1.46,2026-06-18T04:33:46,0.002,1.46
ip_shuffle,20260618T043346_879903,of:0000000000000003:2 -> of:0000000000000008:3,0.002,0.0025,0.002,0.002,1.56,2026-06-18T04:33:46,0.002,1.63
route_mutation,20260618T043444_495713,of:0000000000000005:1 -> of:000000000000000c:5,0.002,0.0025,0.002,0.002,2.36,2026-06-18T04:34:44,0.002,2.23
route_mutation,20260618T043444_495713,of:000000000000000a:1 -> of:000000000000000d:6,0.002,0.0025,0.002,0.002,1.6,2026-06-18T04:34:44,0.002,1.73
route_mutation,20260618T043444_495713,of:000000000000000b:2 -> of:000000000000000c:2,0.001,0.00125,0.001,0.001,1.66,2026-06-18T04:34:44,0.001,1.66
route_mutation,20260618T043444_495713,of:0000000000000004:2 -> of:0000000000000009:2,0.002,0.0025,0.002,0.002,1.86,2026-06-18T04:34:44,0.002,1.73
route_mutation,20260618T043444_495713,of:0000000000000005:2 -> of:0000000000000009:3,0.002,0.0025,0.002,0.002,1.86,2026-06-18T04:34:44,0.002,1.73
route_mutation,20260618T043444_495713,of:000000000000000b:3 -> of:000000000000000d:2,0.002,0.0025,0.002,0.002,1.96,2026-06-18T04:34:44,0.002,1.93
route_mutation,20260618T043444_495713,of:0000000000000004:1 -> of:000000000000000c:4,0.002,0.0025,0.002,0.002,2.4,2026-06-18T04:34:44,0.002,2.23
route_mutation,20260618T043444_495713,of:000000000000000c:3 -> of:000000000000000d:3,0.002,0.0025,0.002,0.002,1.93,2026-06-18T04:34:44,0.002,1.93
route_mutation,20260618T043444_495713,of:0000000000000001:1 -> of:000000000000000b:1,0.002,0.0025,0.002,0.002,2.33,2026-06-18T04:34:44,0.002,2.1
route_mutation,20260618T043444_495713,of:0000000000000006:1 -> of:000000000000000d:4,0.003,0.00375,0.003,0.003,3.26,2026-06-18T04:34:44,0.003,3.19
route_mutation,20260618T043444_495713,of:0000000000000002:1 -> of:000000000000000b:4,0.002,0.0025,0.002,0.002,1.6,2026-06-18T04:34:44,0.001,1.43
route_mutation,20260618T043444_495713,of:0000000000000001:3 -> of:000000000000000d:1,0.003,0.00375,0.003,0.003,3.19,2026-06-18T04:34:44,0.003,3.19
route_mutation,20260618T043444_495713,of:0000000000000006:2 -> of:000000000000000a:2,0.002,0.0025,0.002,0.002,1.86,2026-06-18T04:34:44,0.002,1.73
route_mutation,20260618T043444_495713,of:0000000000000003:1 -> of:000000000000000b:5,0.002,0.0025,0.002,0.002,2.23,2026-06-18T04:34:44,0.002,2.2
route_mutation,20260618T043444_495713,of:0000000000000007:1 -> of:000000000000000d:5,0.002,0.0025,0.002,0.002,1.9,2026-06-18T04:34:44,0.002,1.83
route_mutation,20260618T043444_495713,of:0000000000000007:2 -> of:000000000000000a:3,0.002,0.0025,0.002,0.002,1.8,2026-06-18T04:34:44,0.002,1.73
route_mutation,20260618T043444_495713,of:0000000000000002:2 -> of:0000000000000008:2,0.002,0.0025,0.002,0.002,1.86,2026-06-18T04:34:44,0.002,1.73
route_mutation,20260618T043444_495713,of:0000000000000008:1 -> of:000000000000000b:6,0.001,0.00125,0.001,0.001,1.46,2026-06-18T04:34:44,0.001,1.43
route_mutation,20260618T043444_495713,of:0000000000000009:1 -> of:000000000000000c:6,0.001,0.00125,0.001,0.001,1.46,2026-06-18T04:34:44,0.001,1.43
route_mutation,20260618T043444_495713,of:0000000000000001:2 -> of:000000000000000c:1,0.003,0.00375,0.003,0.003,3.16,2026-06-18T04:34:44,0.003,3.06
route_mutation,20260618T043444_495713,of:0000000000000003:2 -> of:0000000000000008:3,0.002,0.0025,0.002,0.002,1.86,2026-06-18T04:34:44,0.002,1.73
route_mutation,20260618T043514_746864,of:0000000000000005:1 -> of:000000000000000c:5,0.002,0.0025,0.002,0.002,1.7,2026-06-18T04:35:14,0.002,1.73
route_mutation,20260618T043514_746864,of:000000000000000a:1 -> of:000000000000000d:6,0.002,0.0025,0.002,0.002,1.73,2026-06-18T04:35:14,0.002,1.7
route_mutation,20260618T043514_746864,of:000000000000000b:2 -> of:000000000000000c:2,0.002,0.0025,0.002,0.002,2.13,2026-06-18T04:35:14,0.002,2.13
route_mutation,20260618T043514_746864,of:0000000000000004:2 -> of:0000000000000009:2,0.002,0.0025,0.002,0.002,2.1,2026-06-18T04:35:14,0.002,2.16
route_mutation,20260618T043514_746864,of:0000000000000005:2 -> of:0000000000000009:3,0.002,0.0025,0.002,0.002,2.1,2026-06-18T04:35:14,0.002,2.16
route_mutation,20260618T043514_746864,of:000000000000000b:3 -> of:000000000000000d:2,0.002,0.0025,0.002,0.002,2.1,2026-06-18T04:35:14,0.002,2.1
route_mutation,20260618T043514_746864,of:0000000000000004:1 -> of:000000000000000c:4,0.002,0.0025,0.002,0.002,1.7,2026-06-18T04:35:14,0.002,1.73
route_mutation,20260618T043514_746864,of:000000000000000c:3 -> of:000000000000000d:3,0.002,0.0025,0.002,0.002,2.1,2026-06-18T04:35:14,0.002,2.1
route_mutation,20260618T043514_746864,of:0000000000000001:1 -> of:000000000000000b:1,0.002,0.0025,0.002,0.002,1.66,2026-06-18T04:35:14,0.002,1.76
route_mutation,20260618T043514_746864,of:0000000000000006:1 -> of:000000000000000d:4,0.002,0.0025,0.002,0.002,1.86,2026-06-18T04:35:14,0.002,1.96
route_mutation,20260618T043514_746864,of:0000000000000002:1 -> of:000000000000000b:4,0.002,0.0025,0.002,0.002,1.7,2026-06-18T04:35:14,0.002,1.73
route_mutation,20260618T043514_746864,of:0000000000000001:3 -> of:000000000000000d:1,0.003,0.00375,0.003,0.003,3.06,2026-06-18T04:35:14,0.003,3.03
route_mutation,20260618T043514_746864,of:0000000000000006:2 -> of:000000000000000a:2,0.002,0.0025,0.002,0.002,2.06,2026-06-18T04:35:14,0.002,2.13
route_mutation,20260618T043514_746864,of:0000000000000003:1 -> of:000000000000000b:5,0.002,0.0025,0.002,0.001,1.63,2026-06-18T04:35:14,0.002,1.73
route_mutation,20260618T043514_746864,of:0000000000000007:1 -> of:000000000000000d:5,0.003,0.00375,0.003,0.002,2.9,2026-06-18T04:35:14,0.003,2.96
route_mutation,20260618T043514_746864,of:0000000000000007:2 -> of:000000000000000a:3,0.002,0.0025,0.002,0.002,2.13,2026-06-18T04:35:14,0.002,2.13
route_mutation,20260618T043514_746864,of:0000000000000002:2 -> of:0000000000000008:2,0.002,0.0025,0.002,0.002,2.03,2026-06-18T04:35:14,0.002,2.16
route_mutation,20260618T043514_746864,of:0000000000000008:1 -> of:000000000000000b:6,0.002,0.0025,0.002,0.002,1.73,2026-06-18T04:35:14,0.002,1.73
route_mutation,20260618T043514_746864,of:0000000000000009:1 -> of:000000000000000c:6,0.002,0.0025,0.002,0.002,1.73,2026-06-18T04:35:14,0.002,1.73
route_mutation,20260618T043514_746864,of:0000000000000001:2 -> of:000000000000000c:1,0.002,0.0025,0.002,0.002,1.66,2026-06-18T04:35:14,0.002,1.76
route_mutation,20260618T043514_746864,of:0000000000000003:2 -> of:0000000000000008:3,0.002,0.0025,0.002,0.002,2.03,2026-06-18T04:35:14,0.002,2.16
ip_shuffle,20260618T043545_003758,of:0000000000000005:1 -> of:000000000000000c:5,0.002,0.0025,0.002,0.001,1.43,2026-06-18T04:35:45,0.002,1.53
ip_shuffle,20260618T043545_003758,of:000000000000000a:1 -> of:000000000000000d:6,0.002,0.0025,0.002,0.002,1.53,2026-06-18T04:35:45,0.002,1.53
ip_shuffle,20260618T043545_003758,of:000000000000000b:2 -> of:000000000000000c:2,0.002,0.0025,0.002,0.002,1.76,2026-06-18T04:35:45,0.002,1.76
ip_shuffle,20260618T043545_003758,of:0000000000000004:2 -> of:0000000000000009:2,0.002,0.0025,0.002,0.002,1.63,2026-06-18T04:35:45,0.002,1.7
ip_shuffle,20260618T043545_003758,of:0000000000000005:2 -> of:0000000000000009:3,0.002,0.0025,0.002,0.002,1.63,2026-06-18T04:35:45,0.002,1.7
ip_shuffle,20260618T043545_003758,of:000000000000000b:3 -> of:000000000000000d:2,0.002,0.0025,0.002,0.002,1.73,2026-06-18T04:35:45,0.002,1.73
ip_shuffle,20260618T043545_003758,of:0000000000000004:1 -> of:000000000000000c:4,0.002,0.0025,0.002,0.001,1.43,2026-06-18T04:35:45,0.002,1.53
ip_shuffle,20260618T043545_003758,of:000000000000000c:3 -> of:000000000000000d:3,0.002,0.0025,0.002,0.002,1.73,2026-06-18T04:35:45,0.002,1.73
ip_shuffle,20260618T043545_003758,of:0000000000000001:1 -> of:000000000000000b:1,0.003,0.00375,0.003,0.003,2.76,2026-06-18T04:35:45,0.003,2.9
ip_shuffle,20260618T043545_003758,of:0000000000000006:1 -> of:000000000000000d:4,0.002,0.0025,0.002,0.001,1.43,2026-06-18T04:35:45,0.002,1.53
ip_shuffle,20260618T043545_003758,of:0000000000000002:1 -> of:000000000000000b:4,0.002,0.0025,0.002,0.002,2.43,2026-06-18T04:35:45,0.002,2.56
ip_shuffle,20260618T043545_003758,of:0000000000000001:3 -> of:000000000000000d:1,0.002,0.0025,0.002,0.001,1.46,2026-06-18T04:35:45,0.002,1.46
ip_shuffle,20260618T043545_003758,of:0000000000000006:2 -> of:000000000000000a:2,0.002,0.0025,0.002,0.002,1.63,2026-06-18T04:35:45,0.002,1.7
ip_shuffle,20260618T043545_003758,of:0000000000000003:1 -> of:000000000000000b:5,0.002,0.0025,0.002,0.002,1.9,2026-06-18T04:35:45,0.002,1.86
ip_shuffle,20260618T043545_003758,of:0000000000000007:1 -> of:000000000000000d:5,0.002,0.0025,0.002,0.001,1.43,2026-06-18T04:35:45,0.002,1.53
ip_shuffle,20260618T043545_003758,of:0000000000000007:2 -> of:000000000000000a:3,0.002,0.0025,0.002,0.002,1.63,2026-06-18T04:35:45,0.002,1.7
ip_shuffle,20260618T043545_003758,of:0000000000000002:2 -> of:0000000000000008:2,0.002,0.0025,0.002,0.002,1.66,2026-06-18T04:35:45,0.002,1.66
ip_shuffle,20260618T043545_003758,of:0000000000000008:1 -> of:000000000000000b:6,0.002,0.0025,0.002,0.002,1.53,2026-06-18T04:35:45,0.002,1.53
ip_shuffle,20260618T043545_003758,of:0000000000000009:1 -> of:000000000000000c:6,0.002,0.0025,0.002,0.002,1.53,2026-06-18T04:35:45,0.002,1.53
ip_shuffle,20260618T043545_003758,of:0000000000000001:2 -> of:000000000000000c:1,0.002,0.0025,0.002,0.001,1.5,2026-06-18T04:35:45,0.002,1.5
ip_shuffle,20260618T043545_003758,of:0000000000000003:2 -> of:0000000000000008:3,0.002,0.0025,0.002,0.002,1.7,2026-06-18T04:35:45,0.002,1.7
route_mutation,20260618T043649_077498,of:0000000000000005:1 -> of:000000000000000c:5,0.002,0.0025,0.002,0.001,1.4,2026-06-18T04:36:49,0.002,1.46
route_mutation,20260618T043649_077498,of:000000000000000a:1 -> of:000000000000000d:6,0.002,0.0025,0.002,0.002,1.43,2026-06-18T04:36:49,0.002,1.43
route_mutation,20260618T043649_077498,of:000000000000000b:2 -> of:000000000000000c:2,0.002,0.0025,0.002,0.002,1.53,2026-06-18T04:36:49,0.002,1.53
route_mutation,20260618T043649_077498,of:0000000000000004:2 -> of:0000000000000009:2,0.002,0.0025,0.002,0.001,1.46,2026-06-18T04:36:49,0.002,1.53
route_mutation,20260618T043649_077498,of:0000000000000005:2 -> of:0000000000000009:3,0.002,0.0025,0.002,0.001,1.46,2026-06-18T04:36:49,0.002,1.53
route_mutation,20260618T043649_077498,of:000000000000000b:3 -> of:000000000000000d:2,0.002,0.0025,0.002,0.002,1.53,2026-06-18T04:36:49,0.002,1.53
route_mutation,20260618T043649_077498,of:0000000000000004:1 -> of:000000000000000c:4,0.002,0.0025,0.002,0.001,1.36,2026-06-18T04:36:49,0.002,1.43
route_mutation,20260618T043649_077498,of:000000000000000c:3 -> of:000000000000000d:3,0.002,0.0025,0.002,0.002,1.53,2026-06-18T04:36:49,0.002,1.53
route_mutation,20260618T043649_077498,of:0000000000000001:1 -> of:000000000000000b:1,0.002,0.0025,0.002,0.002,2.23,2026-06-18T04:36:49,0.002,2.29
route_mutation,20260618T043649_077498,of:0000000000000006:1 -> of:000000000000000d:4,0.002,0.0025,0.002,0.001,1.36,2026-06-18T04:36:49,0.002,1.43
route_mutation,20260618T043649_077498,of:0000000000000002:1 -> of:000000000000000b:4,0.002,0.0025,0.002,0.002,2.23,2026-06-18T04:36:49,0.002,2.29
route_mutation,20260618T043649_077498,of:0000000000000001:3 -> of:000000000000000d:1,0.002,0.0025,0.002,0.001,1.36,2026-06-18T04:36:49,0.002,1.43
route_mutation,20260618T043649_077498,of:0000000000000006:2 -> of:000000000000000a:2,0.002,0.0025,0.002,0.001,1.46,2026-06-18T04:36:49,0.002,1.53
route_mutation,20260618T043649_077498,of:0000000000000003:1 -> of:000000000000000b:5,0.002,0.0025,0.002,0.001,1.3,2026-06-18T04:36:49,0.002,1.43
route_mutation,20260618T043649_077498,of:0000000000000007:1 -> of:000000000000000d:5,0.002,0.0025,0.002,0.001,1.36,2026-06-18T04:36:49,0.002,1.43
route_mutation,20260618T043649_077498,of:0000000000000007:2 -> of:000000000000000a:3,0.002,0.0025,0.002,0.001,1.46,2026-06-18T04:36:49,0.002,1.53
route_mutation,20260618T043649_077498,of:0000000000000002:2 -> of:0000000000000008:2,0.002,0.0025,0.002,0.001,1.46,2026-06-18T04:36:49,0.002,1.53
route_mutation,20260618T043649_077498,of:0000000000000008:1 -> of:000000000000000b:6,0.002,0.0025,0.002,0.002,1.43,2026-06-18T04:36:49,0.002,1.43
route_mutation,20260618T043649_077498,of:0000000000000009:1 -> of:000000000000000c:6,0.002,0.0025,0.002,0.002,1.43,2026-06-18T04:36:49,0.002,1.43
route_mutation,20260618T043649_077498,of:0000000000000001:2 -> of:000000000000000c:1,0.002,0.0025,0.002,0.001,1.36,2026-06-18T04:36:49,0.002,1.43
route_mutation,20260618T043649_077498,of:0000000000000003:2 -> of:0000000000000008:3,0.002,0.0025,0.002,0.001,1.46,2026-06-18T04:36:49,0.002,1.53
route_mutation,20260618T043719_340294,of:0000000000000005:1 -> of:000000000000000c:5,0.002,0.0025,0.002,0.002,2.26,2026-06-18T04:37:19,0.002,2.16
route_mutation,20260618T043719_340294,of:000000000000000a:1 -> of:000000000000000d:6,0.001,0.00125,0.001,0.001,1.36,2026-06-18T04:37:19,0.001,1.36
route_mutation,20260618T043719_340294,of:000000000000000b:2 -> of:000000000000000c:2,0.001,0.00125,0.001,0.001,1.53,2026-06-18T04:37:19,0.001,1.53
route_mutation,20260618T043719_340294,of:0000000000000004:2 -> of:0000000000000009:2,0.002,0.0025,0.002,0.002,1.63,2026-06-18T04:37:19,0.001,1.5
route_mutation,20260618T043719_340294,of:0000000000000005:2 -> of:0000000000000009:3,0.002,0.0025,0.002,0.002,1.63,2026-06-18T04:37:19,0.001,1.5
route_mutation,20260618T043719_340294,of:000000000000000b:3 -> of:000000000000000d:2,0.001,0.00125,0.001,0.001,1.56,2026-06-18T04:37:19,0.001,1.56
route_mutation,20260618T043719_340294,of:0000000000000004:1 -> of:000000000000000c:4,0.002,0.0025,0.002,0.002,2.26,2026-06-18T04:37:19,0.002,2.16
route_mutation,20260618T043719_340294,of:000000000000000c:3 -> of:000000000000000d:3,0.001,0.00125,0.001,0.001,1.53,2026-06-18T04:37:19,0.001,1.53
route_mutation,20260618T043719_340294,of:0000000000000001:1 -> of:000000000000000b:1,0.002,0.0025,0.002,0.002,2.69,2026-06-18T04:37:19,0.002,2.49
route_mutation,20260618T043719_340294,of:0000000000000006:1 -> of:000000000000000d:4,0.002,0.0025,0.002,0.002,1.83,2026-06-18T04:37:19,0.002,1.66
route_mutation,20260618T043719_340294,of:0000000000000002:1 -> of:000000000000000b:4,0.002,0.0025,0.002,0.002,1.6,2026-06-18T04:37:19,0.002,1.53
route_mutation,20260618T043719_340294,of:0000000000000001:3 -> of:000000000000000d:1,0.002,0.0025,0.002,0.002,1.73,2026-06-18T04:37:19,0.002,1.63
route_mutation,20260618T043719_340294,of:0000000000000006:2 -> of:000000000000000a:2,0.002,0.0025,0.002,0.002,1.63,2026-06-18T04:37:19,0.001,1.5
route_mutation,20260618T043719_340294,of:0000000000000003:1 -> of:000000000000000b:5,0.002,0.0025,0.002,0.002,2.49,2026-06-18T04:37:19,0.002,2.4
route_mutation,20260618T043719_340294,of:0000000000000007:1 -> of:000000000000000d:5,0.002,0.0025,0.002,0.002,1.46,2026-06-18T04:37:19,0.001,1.36
route_mutation,20260618T043719_340294,of:0000000000000007:2 -> of:000000000000000a:3,0.002,0.0025,0.002,0.002,1.66,2026-06-18T04:37:19,0.001,1.53
route_mutation,20260618T043719_340294,of:0000000000000002:2 -> of:0000000000000008:2,0.002,0.0025,0.002,0.002,1.6,2026-06-18T04:37:19,0.001,1.46
route_mutation,20260618T043719_340294,of:0000000000000008:1 -> of:000000000000000b:6,0.001,0.00125,0.001,0.001,1.36,2026-06-18T04:37:19,0.001,1.36
route_mutation,20260618T043719_340294,of:0000000000000009:1 -> of:000000000000000c:6,0.001,0.00125,0.001,0.001,1.4,2026-06-18T04:37:19,0.001,1.4
route_mutation,20260618T043719_340294,of:0000000000000001:2 -> of:000000000000000c:1,0.003,0.00375,0.003,0.003,3.09,2026-06-18T04:37:19,0.003,2.89
route_mutation,20260618T043719_340294,of:0000000000000003:2 -> of:0000000000000008:3,0.002,0.0025,0.002,0.002,1.63,2026-06-18T04:37:19,0.001,1.5
route_mutation,20260618T043749_595574,of:0000000000000005:1 -> of:000000000000000c:5,0.002,0.0025,0.002,0.002,1.93,2026-06-18T04:37:49,0.002,1.96
route_mutation,20260618T043749_595574,of:000000000000000a:1 -> of:000000000000000d:6,0.002,0.0025,0.002,0.002,1.96,2026-06-18T04:37:49,0.002,1.96
route_mutation,20260618T043749_595574,of:000000000000000b:2 -> of:000000000000000c:2,0.002,0.0025,0.002,0.002,2.53,2026-06-18T04:37:49,0.002,2.53
route_mutation,20260618T043749_595574,of:0000000000000004:2 -> of:0000000000000009:2,0.002,0.0025,0.002,0.002,2.53,2026-06-18T04:37:49,0.002,2.6
route_mutation,20260618T043749_595574,of:0000000000000005:2 -> of:0000000000000009:3,0.002,0.0025,0.002,0.002,2.5,2026-06-18T04:37:49,0.002,2.56
route_mutation,20260618T043749_595574,of:000000000000000b:3 -> of:000000000000000d:2,0.002,0.0025,0.002,0.002,2.53,2026-06-18T04:37:49,0.002,2.53
route_mutation,20260618T043749_595574,of:0000000000000004:1 -> of:000000000000000c:4,0.002,0.0025,0.002,0.002,2.03,2026-06-18T04:37:49,0.002,2.0
route_mutation,20260618T043749_595574,of:000000000000000c:3 -> of:000000000000000d:3,0.002,0.0025,0.002,0.002,2.53,2026-06-18T04:37:49,0.002,2.53
route_mutation,20260618T043749_595574,of:0000000000000001:1 -> of:000000000000000b:1,0.002,0.0025,0.002,0.002,1.9,2026-06-18T04:37:49,0.002,2.03
route_mutation,20260618T043749_595574,of:0000000000000006:1 -> of:000000000000000d:4,0.002,0.0025,0.002,0.002,2.7,2026-06-18T04:37:49,0.002,2.8
route_mutation,20260618T043749_595574,of:0000000000000002:1 -> of:000000000000000b:4,0.002,0.0025,0.002,0.002,1.96,2026-06-18T04:37:49,0.002,1.96
route_mutation,20260618T043749_595574,of:0000000000000001:3 -> of:000000000000000d:1,0.003,0.00375,0.003,0.003,3.73,2026-06-18T04:37:49,0.003,3.83
route_mutation,20260618T043749_595574,of:0000000000000006:2 -> of:000000000000000a:2,0.002,0.0025,0.002,0.002,2.53,2026-06-18T04:37:49,0.002,2.6
route_mutation,20260618T043749_595574,of:0000000000000003:1 -> of:000000000000000b:5,0.002,0.0025,0.002,0.002,2.0,2026-06-18T04:37:49,0.002,1.96
route_mutation,20260618T043749_595574,of:0000000000000007:1 -> of:000000000000000d:5,0.003,0.00375,0.003,0.003,3.16,2026-06-18T04:37:49,0.003,3.2
route_mutation,20260618T043749_595574,of:0000000000000007:2 -> of:000000000000000a:3,0.002,0.0025,0.002,0.002,2.5,2026-06-18T04:37:49,0.002,2.56
route_mutation,20260618T043749_595574,of:0000000000000002:2 -> of:0000000000000008:2,0.002,0.0025,0.002,0.002,2.53,2026-06-18T04:37:49,0.002,2.6
route_mutation,20260618T043749_595574,of:0000000000000008:1 -> of:000000000000000b:6,0.002,0.0025,0.002,0.002,1.96,2026-06-18T04:37:49,0.002,1.96
route_mutation,20260618T043749_595574,of:0000000000000009:1 -> of:000000000000000c:6,0.002,0.0025,0.002,0.002,2.0,2026-06-18T04:37:49,0.002,2.0
route_mutation,20260618T043749_595574,of:0000000000000001:2 -> of:000000000000000c:1,0.002,0.0025,0.002,0.002,1.9,2026-06-18T04:37:49,0.002,2.03
route_mutation,20260618T043749_595574,of:0000000000000003:2 -> of:0000000000000008:3,0.002,0.0025,0.002,0.002,2.5,2026-06-18T04:37:49,0.002,2.56
ip_shuffle,20260618T043819_854052,of:0000000000000005:1 -> of:000000000000000c:5,0.001,0.00125,0.001,0.001,1.27,2026-06-18T04:38:19,0.001,1.33
ip_shuffle,20260618T043819_854052,of:000000000000000a:1 -> of:000000000000000d:6,0.002,0.0025,0.002,0.002,1.37,2026-06-18T04:38:19,0.002,1.37
ip_shuffle,20260618T043819_854052,of:000000000000000b:2 -> of:000000000000000c:2,0.001,0.00125,0.001,0.001,1.33,2026-06-18T04:38:19,0.001,1.33
ip_shuffle,20260618T043819_854052,of:0000000000000004:2 -> of:0000000000000009:2,0.001,0.00125,0.001,0.001,1.27,2026-06-18T04:38:19,0.001,1.33
ip_shuffle,20260618T043819_854052,of:0000000000000005:2 -> of:0000000000000009:3,0.001,0.00125,0.001,0.001,1.27,2026-06-18T04:38:19,0.001,1.33
ip_shuffle,20260618T043819_854052,of:000000000000000b:3 -> of:000000000000000d:2,0.001,0.00125,0.001,0.001,1.33,2026-06-18T04:38:19,0.001,1.33
ip_shuffle,20260618T043819_854052,of:0000000000000004:1 -> of:000000000000000c:4,0.001,0.00125,0.001,0.001,1.2,2026-06-18T04:38:19,0.001,1.33
ip_shuffle,20260618T043819_854052,of:000000000000000c:3 -> of:000000000000000d:3,0.002,0.0025,0.002,0.002,1.37,2026-06-18T04:38:19,0.002,1.37
ip_shuffle,20260618T043819_854052,of:0000000000000001:1 -> of:000000000000000b:1,0.001,0.00125,0.001,0.001,1.3,2026-06-18T04:38:19,0.001,1.33
ip_shuffle,20260618T043819_854052,of:0000000000000006:1 -> of:000000000000000d:4,0.001,0.00125,0.001,0.001,1.27,2026-06-18T04:38:19,0.001,1.33
ip_shuffle,20260618T043819_854052,of:0000000000000002:1 -> of:000000000000000b:4,0.002,0.0025,0.002,0.001,1.27,2026-06-18T04:38:19,0.002,1.37
ip_shuffle,20260618T043819_854052,of:0000000000000001:3 -> of:000000000000000d:1,0.002,0.0025,0.002,0.002,1.47,2026-06-18T04:38:19,0.002,1.47
ip_shuffle,20260618T043819_854052,of:0000000000000006:2 -> of:000000000000000a:2,0.001,0.00125,0.001,0.001,1.27,2026-06-18T04:38:19,0.001,1.33
ip_shuffle,20260618T043819_854052,of:0000000000000003:1 -> of:000000000000000b:5,0.001,0.00125,0.001,0.001,1.2,2026-06-18T04:38:19,0.001,1.33
ip_shuffle,20260618T043819_854052,of:0000000000000007:1 -> of:000000000000000d:5,0.002,0.0025,0.002,0.001,1.37,2026-06-18T04:38:19,0.002,1.43
ip_shuffle,20260618T043819_854052,of:0000000000000007:2 -> of:000000000000000a:3,0.001,0.00125,0.001,0.001,1.33,2026-06-18T04:38:19,0.001,1.33
ip_shuffle,20260618T043819_854052,of:0000000000000002:2 -> of:0000000000000008:2,0.001,0.00125,0.001,0.001,1.27,2026-06-18T04:38:19,0.001,1.33
ip_shuffle,20260618T043819_854052,of:0000000000000008:1 -> of:000000000000000b:6,0.001,0.00125,0.001,0.001,1.33,2026-06-18T04:38:19,0.001,1.33
ip_shuffle,20260618T043819_854052,of:0000000000000009:1 -> of:000000000000000c:6,0.001,0.00125,0.001,0.001,1.33,2026-06-18T04:38:19,0.001,1.33
ip_shuffle,20260618T043819_854052,of:0000000000000001:2 -> of:000000000000000c:1,0.001,0.00125,0.001,0.001,1.27,2026-06-18T04:38:19,0.001,1.33
ip_shuffle,20260618T043819_854052,of:0000000000000003:2 -> of:0000000000000008:3,0.001,0.00125,0.001,0.001,1.27,2026-06-18T04:38:19,0.001,1.33
ip_shuffle,20260618T043917_538405,of:0000000000000005:1 -> of:000000000000000c:5,0.002,0.0025,0.002,0.002,2.4,2026-06-18T04:39:17,0.002,2.43
ip_shuffle,20260618T043917_538405,of:000000000000000a:1 -> of:000000000000000d:6,0.002,0.0025,0.002,0.002,1.96,2026-06-18T04:39:17,0.002,2.03
ip_shuffle,20260618T043917_538405,of:000000000000000b:2 -> of:000000000000000c:2,0.002,0.0025,0.002,0.002,2.73,2026-06-18T04:39:17,0.002,2.73
ip_shuffle,20260618T043917_538405,of:0000000000000004:2 -> of:0000000000000009:2,0.002,0.0025,0.002,0.002,2.63,2026-06-18T04:39:17,0.002,2.7
ip_shuffle,20260618T043917_538405,of:0000000000000005:2 -> of:0000000000000009:3,0.002,0.0025,0.002,0.002,2.63,2026-06-18T04:39:17,0.002,2.7
ip_shuffle,20260618T043917_538405,of:000000000000000b:3 -> of:000000000000000d:2,0.002,0.0025,0.002,0.002,2.66,2026-06-18T04:39:17,0.002,2.73
ip_shuffle,20260618T043917_538405,of:0000000000000004:1 -> of:000000000000000c:4,0.002,0.0025,0.002,0.002,2.0,2026-06-18T04:39:17,0.002,2.03
ip_shuffle,20260618T043917_538405,of:000000000000000c:3 -> of:000000000000000d:3,0.002,0.0025,0.002,0.002,2.73,2026-06-18T04:39:17,0.002,2.73
ip_shuffle,20260618T043917_538405,of:0000000000000001:1 -> of:000000000000000b:1,0.002,0.0025,0.002,0.002,2.0,2026-06-18T04:39:17,0.002,2.03
ip_shuffle,20260618T043917_538405,of:0000000000000006:1 -> of:000000000000000d:4,0.003,0.00375,0.003,0.003,3.16,2026-06-18T04:39:17,0.003,3.23
ip_shuffle,20260618T043917_538405,of:0000000000000002:1 -> of:000000000000000b:4,0.002,0.0025,0.002,0.002,2.0,2026-06-18T04:39:17,0.002,2.03
ip_shuffle,20260618T043917_538405,of:0000000000000001:3 -> of:000000000000000d:1,0.003,0.00375,0.003,0.003,3.99,2026-06-18T04:39:17,0.003,4.16
ip_shuffle,20260618T043917_538405,of:0000000000000006:2 -> of:000000000000000a:2,0.002,0.0025,0.002,0.002,2.66,2026-06-18T04:39:17,0.002,2.73
ip_shuffle,20260618T043917_538405,of:0000000000000003:1 -> of:000000000000000b:5,0.002,0.0025,0.002,0.002,2.0,2026-06-18T04:39:17,0.002,2.03
ip_shuffle,20260618T043917_538405,of:0000000000000007:1 -> of:000000000000000d:5,0.003,0.00375,0.003,0.003,3.26,2026-06-18T04:39:17,0.003,3.26
ip_shuffle,20260618T043917_538405,of:0000000000000007:2 -> of:000000000000000a:3,0.002,0.0025,0.002,0.002,2.7,2026-06-18T04:39:17,0.002,2.76
ip_shuffle,20260618T043917_538405,of:0000000000000002:2 -> of:0000000000000008:2,0.002,0.0025,0.002,0.002,2.7,2026-06-18T04:39:17,0.002,2.7
ip_shuffle,20260618T043917_538405,of:0000000000000008:1 -> of:000000000000000b:6,0.002,0.0025,0.002,0.002,2.03,2026-06-18T04:39:17,0.002,2.03
ip_shuffle,20260618T043917_538405,of:0000000000000009:1 -> of:000000000000000c:6,0.002,0.0025,0.002,0.002,2.03,2026-06-18T04:39:17,0.002,2.03
ip_shuffle,20260618T043917_538405,of:0000000000000001:2 -> of:000000000000000c:1,0.002,0.0025,0.002,0.002,2.43,2026-06-18T04:39:17,0.002,2.46
ip_shuffle,20260618T043917_538405,of:0000000000000003:2 -> of:0000000000000008:3,0.002,0.0025,0.002,0.002,2.63,2026-06-18T04:39:17,0.002,2.7
route_mutation,20260618T044021_689358,of:0000000000000005:1 -> of:000000000000000c:5,0.002,0.0025,0.002,0.002,1.66,2026-06-18T04:40:21,0.002,1.53
route_mutation,20260618T044021_689358,of:000000000000000a:1 -> of:000000000000000d:6,0.001,0.00125,0.001,0.001,1.46,2026-06-18T04:40:21,0.001,1.4
route_mutation,20260618T044021_689358,of:000000000000000b:2 -> of:000000000000000c:2,0.001,0.00125,0.001,0.001,1.6,2026-06-18T04:40:21,0.001,1.6
route_mutation,20260618T044021_689358,of:0000000000000004:2 -> of:0000000000000009:2,0.002,0.0025,0.002,0.002,1.73,2026-06-18T04:40:21,0.001,1.6
route_mutation,20260618T044021_689358,of:0000000000000005:2 -> of:0000000000000009:3,0.002,0.0025,0.002,0.002,1.73,2026-06-18T04:40:21,0.001,1.6
route_mutation,20260618T044021_689358,of:000000000000000b:3 -> of:000000000000000d:2,0.002,0.0025,0.002,0.002,1.66,2026-06-18T04:40:21,0.001,1.6
route_mutation,20260618T044021_689358,of:0000000000000004:1 -> of:000000000000000c:4,0.002,0.0025,0.002,0.002,2.33,2026-06-18T04:40:21,0.002,2.2
route_mutation,20260618T044021_689358,of:000000000000000c:3 -> of:000000000000000d:3,0.001,0.00125,0.001,0.001,1.6,2026-06-18T04:40:21,0.001,1.6
route_mutation,20260618T044021_689358,of:0000000000000001:1 -> of:000000000000000b:1,0.003,0.00375,0.003,0.003,3.6,2026-06-18T04:40:21,0.003,3.46
route_mutation,20260618T044021_689358,of:0000000000000006:1 -> of:000000000000000d:4,0.002,0.0025,0.002,0.002,1.53,2026-06-18T04:40:21,0.001,1.4
route_mutation,20260618T044021_689358,of:0000000000000002:1 -> of:000000000000000b:4,0.002,0.0025,0.002,0.002,2.56,2026-06-18T04:40:21,0.002,2.43
route_mutation,20260618T044021_689358,of:0000000000000001:3 -> of:000000000000000d:1,0.002,0.0025,0.002,0.002,1.53,2026-06-18T04:40:21,0.001,1.4
route_mutation,20260618T044021_689358,of:0000000000000006:2 -> of:000000000000000a:2,0.002,0.0025,0.002,0.002,1.73,2026-06-18T04:40:21,0.001,1.6
route_mutation,20260618T044021_689358,of:0000000000000003:1 -> of:000000000000000b:5,0.002,0.0025,0.002,0.002,2.56,2026-06-18T04:40:21,0.002,2.43
route_mutation,20260618T044021_689358,of:0000000000000007:1 -> of:000000000000000d:5,0.002,0.0025,0.002,0.002,1.53,2026-06-18T04:40:21,0.001,1.4
route_mutation,20260618T044021_689358,of:0000000000000007:2 -> of:000000000000000a:3,0.002,0.0025,0.002,0.002,1.66,2026-06-18T04:40:21,0.001,1.6
route_mutation,20260618T044021_689358,of:0000000000000002:2 -> of:0000000000000008:2,0.002,0.0025,0.002,0.002,1.73,2026-06-18T04:40:21,0.001,1.6
route_mutation,20260618T044021_689358,of:0000000000000008:1 -> of:000000000000000b:6,0.001,0.00125,0.001,0.001,1.4,2026-06-18T04:40:21,0.001,1.4
route_mutation,20260618T044021_689358,of:0000000000000009:1 -> of:000000000000000c:6,0.001,0.00125,0.001,0.001,1.4,2026-06-18T04:40:21,0.001,1.4
route_mutation,20260618T044021_689358,of:0000000000000001:2 -> of:000000000000000c:1,0.002,0.0025,0.002,0.002,2.4,2026-06-18T04:40:21,0.002,2.26
route_mutation,20260618T044021_689358,of:0000000000000003:2 -> of:0000000000000008:3,0.002,0.0025,0.002,0.002,1.73,2026-06-18T04:40:21,0.001,1.6
ip_shuffle,20260618T044051_964194,of:0000000000000005:1 -> of:000000000000000c:5,0.002,0.0025,0.002,0.002,2.59,2026-06-18T04:40:51,0.002,2.59
ip_shuffle,20260618T044051_964194,of:000000000000000a:1 -> of:000000000000000d:6,0.002,0.0025,0.002,0.002,1.86,2026-06-18T04:40:51,0.002,1.93
ip_shuffle,20260618T044051_964194,of:000000000000000b:2 -> of:000000000000000c:2,0.002,0.0025,0.002,0.002,2.52,2026-06-18T04:40:51,0.002,2.52
ip_shuffle,20260618T044051_964194,of:0000000000000004:2 -> of:0000000000000009:2,0.002,0.0025,0.002,0.002,2.46,2026-06-18T04:40:51,0.002,2.52
ip_shuffle,20260618T044051_964194,of:0000000000000005:2 -> of:0000000000000009:3,0.002,0.0025,0.002,0.002,2.49,2026-06-18T04:40:51,0.002,2.56
ip_shuffle,20260618T044051_964194,of:000000000000000b:3 -> of:000000000000000d:2,0.002,0.0025,0.002,0.002,2.46,2026-06-18T04:40:51,0.002,2.52
ip_shuffle,20260618T044051_964194,of:0000000000000004:1 -> of:000000000000000c:4,0.002,0.0025,0.002,0.002,1.93,2026-06-18T04:40:51,0.002,1.93
ip_shuffle,20260618T044051_964194,of:000000000000000c:3 -> of:000000000000000d:3,0.002,0.0025,0.002,0.002,2.52,2026-06-18T04:40:51,0.002,2.52
ip_shuffle,20260618T044051_964194,of:0000000000000001:1 -> of:000000000000000b:1,0.002,0.0025,0.002,0.002,1.93,2026-06-18T04:40:51,0.002,1.93
ip_shuffle,20260618T044051_964194,of:0000000000000006:1 -> of:000000000000000d:4,0.003,0.00375,0.003,0.002,2.96,2026-06-18T04:40:51,0.003,3.02
ip_shuffle,20260618T044051_964194,of:0000000000000002:1 -> of:000000000000000b:4,0.002,0.0025,0.002,0.002,1.93,2026-06-18T04:40:51,0.002,1.93
ip_shuffle,20260618T044051_964194,of:0000000000000001:3 -> of:000000000000000d:1,0.003,0.00375,0.003,0.003,3.65,2026-06-18T04:40:51,0.003,3.75
ip_shuffle,20260618T044051_964194,of:0000000000000006:2 -> of:000000000000000a:2,0.002,0.0025,0.002,0.002,2.46,2026-06-18T04:40:51,0.002,2.52
ip_shuffle,20260618T044051_964194,of:0000000000000003:1 -> of:000000000000000b:5,0.002,0.0025,0.002,0.002,1.93,2026-06-18T04:40:51,0.002,1.93
ip_shuffle,20260618T044051_964194,of:0000000000000007:1 -> of:000000000000000d:5,0.002,0.0025,0.002,0.002,2.59,2026-06-18T04:40:51,0.002,2.66
ip_shuffle,20260618T044051_964194,of:0000000000000007:2 -> of:000000000000000a:3,0.002,0.0025,0.002,0.002,2.46,2026-06-18T04:40:51,0.002,2.52
ip_shuffle,20260618T044051_964194,of:0000000000000002:2 -> of:0000000000000008:2,0.002,0.0025,0.002,0.002,2.52,2026-06-18T04:40:51,0.002,2.52
ip_shuffle,20260618T044051_964194,of:0000000000000008:1 -> of:000000000000000b:6,0.002,0.0025,0.002,0.002,1.93,2026-06-18T04:40:51,0.002,1.93
ip_shuffle,20260618T044051_964194,of:0000000000000009:1 -> of:000000000000000c:6,0.002,0.0025,0.002,0.002,1.93,2026-06-18T04:40:51,0.002,1.93
ip_shuffle,20260618T044051_964194,of:0000000000000001:2 -> of:000000000000000c:1,0.002,0.0025,0.002,0.002,2.59,2026-06-18T04:40:51,0.002,2.66
ip_shuffle,20260618T044051_964194,of:0000000000000003:2 -> of:0000000000000008:3,0.002,0.0025,0.002,0.002,2.52,2026-06-18T04:40:51,0.002,2.52
ip_shuffle,20260618T044149_557414,of:0000000000000005:1 -> of:000000000000000c:5,0.002,0.0025,0.002,0.002,1.53,2026-06-18T04:41:49,0.001,1.46
ip_shuffle,20260618T044149_557414,of:000000000000000a:1 -> of:000000000000000d:6,0.001,0.00125,0.001,0.001,1.46,2026-06-18T04:41:49,0.001,1.46
ip_shuffle,20260618T044149_557414,of:000000000000000b:2 -> of:000000000000000c:2,0.002,0.0025,0.002,0.002,1.66,2026-06-18T04:41:49,0.001,1.6
ip_shuffle,20260618T044149_557414,of:0000000000000004:2 -> of:0000000000000009:2,0.002,0.0025,0.002,0.002,1.73,2026-06-18T04:41:49,0.001,1.6
ip_shuffle,20260618T044149_557414,of:0000000000000005:2 -> of:0000000000000009:3,0.002,0.0025,0.002,0.002,1.73,2026-06-18T04:41:49,0.002,1.66
ip_shuffle,20260618T044149_557414,of:000000000000000b:3 -> of:000000000000000d:2,0.002,0.0025,0.002,0.002,1.66,2026-06-18T04:41:49,0.002,1.66
ip_shuffle,20260618T044149_557414,of:0000000000000004:1 -> of:000000000000000c:4,0.002,0.0025,0.002,0.002,1.53,2026-06-18T04:41:49,0.001,1.4
ip_shuffle,20260618T044149_557414,of:000000000000000c:3 -> of:000000000000000d:3,0.002,0.0025,0.002,0.002,1.66,2026-06-18T04:41:49,0.002,1.66
ip_shuffle,20260618T044149_557414,of:0000000000000001:1 -> of:000000000000000b:1,0.003,0.00375,0.003,0.003,3.36,2026-06-18T04:41:49,0.003,3.23
ip_shuffle,20260618T044149_557414,of:0000000000000006:1 -> of:000000000000000d:4,0.002,0.0025,0.002,0.002,1.53,2026-06-18T04:41:49,0.001,1.46
ip_shuffle,20260618T044149_557414,of:0000000000000002:1 -> of:000000000000000b:4,0.002,0.0025,0.002,0.002,2.56,2026-06-18T04:41:49,0.002,2.5
ip_shuffle,20260618T044149_557414,of:0000000000000001:3 -> of:000000000000000d:1,0.001,0.00125,0.001,0.001,1.5,2026-06-18T04:41:49,0.001,1.5
ip_shuffle,20260618T044149_557414,of:0000000000000006:2 -> of:000000000000000a:2,0.002,0.0025,0.002,0.002,1.66,2026-06-18T04:41:49,0.001,1.6
ip_shuffle,20260618T044149_557414,of:0000000000000003:1 -> of:000000000000000b:5,0.002,0.0025,0.002,0.002,2.36,2026-06-18T04:41:49,0.002,2.23
ip_shuffle,20260618T044149_557414,of:0000000000000007:1 -> of:000000000000000d:5,0.001,0.00125,0.001,0.001,1.46,2026-06-18T04:41:49,0.001,1.46
ip_shuffle,20260618T044149_557414,of:0000000000000007:2 -> of:000000000000000a:3,0.002,0.0025,0.002,0.002,1.66,2026-06-18T04:41:49,0.001,1.6
ip_shuffle,20260618T044149_557414,of:0000000000000002:2 -> of:0000000000000008:2,0.002,0.0025,0.002,0.002,1.73,2026-06-18T04:41:49,0.002,1.66
ip_shuffle,20260618T044149_557414,of:0000000000000008:1 -> of:000000000000000b:6,0.001,0.00125,0.001,0.001,1.4,2026-06-18T04:41:49,0.001,1.4
ip_shuffle,20260618T044149_557414,of:0000000000000009:1 -> of:000000000000000c:6,0.001,0.00125,0.001,0.001,1.46,2026-06-18T04:41:49,0.001,1.4
ip_shuffle,20260618T044149_557414,of:0000000000000001:2 -> of:000000000000000c:1,0.002,0.0025,0.002,0.002,1.53,2026-06-18T04:41:49,0.001,1.4
ip_shuffle,20260618T044149_557414,of:0000000000000003:2 -> of:0000000000000008:3,0.002,0.0025,0.002,0.002,1.73,2026-06-18T04:41:49,0.001,1.6
route_mutation,20260618T044248_130883,of:0000000000000005:1 -> of:000000000000000c:5,0.002,0.0025,0.002,0.001,1.52,2026-06-18T04:42:48,0.002,1.59
route_mutation,20260618T044248_130883,of:000000000000000a:1 -> of:000000000000000d:6,0.002,0.0025,0.002,0.002,1.62,2026-06-18T04:42:48,0.002,1.59
route_mutation,20260618T044248_130883,of:000000000000000b:2 -> of:000000000000000c:2,0.002,0.0025,0.002,0.002,1.89,2026-06-18T04:42:48,0.002,1.89
route_mutation,20260618T044248_130883,of:0000000000000004:2 -> of:0000000000000009:2,0.002,0.0025,0.002,0.002,1.89,2026-06-18T04:42:48,0.002,1.95
route_mutation,20260618T044248_130883,of:0000000000000005:2 -> of:0000000000000009:3,0.002,0.0025,0.002,0.002,1.89,2026-06-18T04:42:48,0.002,1.95
route_mutation,20260618T044248_130883,of:000000000000000b:3 -> of:000000000000000d:2,0.002,0.0025,0.002,0.002,1.89,2026-06-18T04:42:48,0.002,1.89
route_mutation,20260618T044248_130883,of:0000000000000004:1 -> of:000000000000000c:4,0.002,0.0025,0.002,0.001,1.56,2026-06-18T04:42:48,0.002,1.62
route_mutation,20260618T044248_130883,of:000000000000000c:3 -> of:000000000000000d:3,0.002,0.0025,0.002,0.002,1.89,2026-06-18T04:42:48,0.002,1.89
route_mutation,20260618T044248_130883,of:0000000000000001:1 -> of:000000000000000b:1,0.002,0.0025,0.002,0.001,1.49,2026-06-18T04:42:48,0.002,1.65
route_mutation,20260618T044248_130883,of:0000000000000006:1 -> of:000000000000000d:4,0.002,0.0025,0.002,0.001,1.49,2026-06-18T04:42:48,0.002,1.59
route_mutation,20260618T044248_130883,of:0000000000000002:1 -> of:000000000000000b:4,0.002,0.0025,0.002,0.001,1.52,2026-06-18T04:42:48,0.002,1.62
route_mutation,20260618T044248_130883,of:0000000000000001:3 -> of:000000000000000d:1,0.002,0.0025,0.002,0.002,2.71,2026-06-18T04:42:48,0.002,2.61
route_mutation,20260618T044248_130883,of:0000000000000006:2 -> of:000000000000000a:2,0.002,0.0025,0.002,0.002,1.95,2026-06-18T04:42:48,0.002,1.95
route_mutation,20260618T044248_130883,of:0000000000000003:1 -> of:000000000000000b:5,0.002,0.0025,0.002,0.001,1.52,2026-06-18T04:42:48,0.002,1.62
route_mutation,20260618T044248_130883,of:0000000000000007:1 -> of:000000000000000d:5,0.002,0.0025,0.002,0.002,2.61,2026-06-18T04:42:48,0.002,2.68
route_mutation,20260618T044248_130883,of:0000000000000007:2 -> of:000000000000000a:3,0.002,0.0025,0.002,0.002,1.92,2026-06-18T04:42:48,0.002,1.92
route_mutation,20260618T044248_130883,of:0000000000000002:2 -> of:0000000000000008:2,0.002,0.0025,0.002,0.002,1.82,2026-06-18T04:42:48,0.002,1.95
route_mutation,20260618T044248_130883,of:0000000000000008:1 -> of:000000000000000b:6,0.002,0.0025,0.002,0.002,1.62,2026-06-18T04:42:48,0.002,1.62
route_mutation,20260618T044248_130883,of:0000000000000009:1 -> of:000000000000000c:6,0.002,0.0025,0.002,0.002,1.62,2026-06-18T04:42:48,0.002,1.59
route_mutation,20260618T044248_130883,of:0000000000000001:2 -> of:000000000000000c:1,0.002,0.0025,0.002,0.001,1.46,2026-06-18T04:42:48,0.002,1.65
route_mutation,20260618T044248_130883,of:0000000000000003:2 -> of:0000000000000008:3,0.002,0.0025,0.002,0.002,1.82,2026-06-18T04:42:48,0.002,1.95
route_mutation,20260618T044318_400597,of:0000000000000005:1 -> of:000000000000000c:5,0.002,0.0025,0.002,0.002,1.53,2026-06-18T04:43:18,0.002,1.53
route_mutation,20260618T044318_400597,of:000000000000000a:1 -> of:000000000000000d:6,0.001,0.00125,0.001,0.001,1.47,2026-06-18T04:43:18,0.001,1.47
route_mutation,20260618T044318_400597,of:000000000000000b:2 -> of:000000000000000c:2,0.002,0.0025,0.002,0.002,1.66,2026-06-18T04:43:18,0.002,1.66
route_mutation,20260618T044318_400597,of:0000000000000004:2 -> of:0000000000000009:2,0.002,0.0025,0.002,0.002,1.73,2026-06-18T04:43:18,0.002,1.66
route_mutation,20260618T044318_400597,of:0000000000000005:2 -> of:0000000000000009:3,0.002,0.0025,0.002,0.002,1.73,2026-06-18T04:43:18,0.002,1.66
route_mutation,20260618T044318_400597,of:000000000000000b:3 -> of:000000000000000d:2,0.002,0.0025,0.002,0.002,1.66,2026-06-18T04:43:18,0.002,1.66
route_mutation,20260618T044318_400597,of:0000000000000004:1 -> of:000000000000000c:4,0.002,0.0025,0.002,0.002,1.53,2026-06-18T04:43:18,0.002,1.53
route_mutation,20260618T044318_400597,of:000000000000000c:3 -> of:000000000000000d:3,0.002,0.0025,0.002,0.002,1.66,2026-06-18T04:43:18,0.002,1.73
route_mutation,20260618T044318_400597,of:0000000000000001:1 -> of:000000000000000b:1,0.003,0.00375,0.003,0.003,3.2,2026-06-18T04:43:18,0.003,3.1
route_mutation,20260618T044318_400597,of:0000000000000006:1 -> of:000000000000000d:4,0.002,0.0025,0.002,0.002,1.57,2026-06-18T04:43:18,0.001,1.5
route_mutation,20260618T044318_400597,of:0000000000000002:1 -> of:000000000000000b:4,0.002,0.0025,0.002,0.002,2.56,2026-06-18T04:43:18,0.002,2.5
route_mutation,20260618T044318_400597,of:0000000000000001:3 -> of:000000000000000d:1,0.002,0.0025,0.002,0.001,1.47,2026-06-18T04:43:18,0.002,1.53
route_mutation,20260618T044318_400597,of:0000000000000006:2 -> of:000000000000000a:2,0.002,0.0025,0.002,0.002,1.66,2026-06-18T04:43:18,0.001,1.6
route_mutation,20260618T044318_400597,of:0000000000000003:1 -> of:000000000000000b:5,0.002,0.0025,0.002,0.002,2.13,2026-06-18T04:43:18,0.002,2.06
route_mutation,20260618T044318_400597,of:0000000000000007:1 -> of:000000000000000d:5,0.001,0.00125,0.001,0.001,1.47,2026-06-18T04:43:18,0.001,1.47
route_mutation,20260618T044318_400597,of:0000000000000007:2 -> of:000000000000000a:3,0.002,0.0025,0.002,0.002,1.66,2026-06-18T04:43:18,0.001,1.6
route_mutation,20260618T044318_400597,of:0000000000000002:2 -> of:0000000000000008:2,0.002,0.0025,0.002,0.002,1.73,2026-06-18T04:43:18,0.002,1.66
route_mutation,20260618T044318_400597,of:0000000000000008:1 -> of:000000000000000b:6,0.001,0.00125,0.001,0.001,1.4,2026-06-18T04:43:18,0.001,1.4
route_mutation,20260618T044318_400597,of:0000000000000009:1 -> of:000000000000000c:6,0.001,0.00125,0.001,0.001,1.47,2026-06-18T04:43:18,0.001,1.47
route_mutation,20260618T044318_400597,of:0000000000000001:2 -> of:000000000000000c:1,0.002,0.0025,0.002,0.002,1.53,2026-06-18T04:43:18,0.002,1.53
route_mutation,20260618T044318_400597,of:0000000000000003:2 -> of:0000000000000008:3,0.002,0.0025,0.002,0.002,1.73,2026-06-18T04:43:18,0.002,1.66
route_mutation,20260618T044348_675300,of:0000000000000005:1 -> of:000000000000000c:5,0.002,0.0025,0.002,0.002,2.43,2026-06-18T04:43:48,0.002,2.36
route_mutation,20260618T044348_675300,of:000000000000000a:1 -> of:000000000000000d:6,0.002,0.0025,0.002,0.002,1.6,2026-06-18T04:43:48,0.002,1.63
route_mutation,20260618T044348_675300,of:000000000000000b:2 -> of:000000000000000c:2,0.002,0.0025,0.002,0.002,1.96,2026-06-18T04:43:48,0.002,1.96
route_mutation,20260618T044348_675300,of:0000000000000004:2 -> of:0000000000000009:2,0.002,0.0025,0.002,0.002,2.0,2026-06-18T04:43:48,0.002,1.93
route_mutation,20260618T044348_675300,of:0000000000000005:2 -> of:0000000000000009:3,0.002,0.0025,0.002,0.002,1.9,2026-06-18T04:43:48,0.002,1.9
route_mutation,20260618T044348_675300,of:000000000000000b:3 -> of:000000000000000d:2,0.002,0.0025,0.002,0.002,1.96,2026-06-18T04:43:48,0.002,1.96
route_mutation,20260618T044348_675300,of:0000000000000004:1 -> of:000000000000000c:4,0.002,0.0025,0.002,0.002,2.43,2026-06-18T04:43:48,0.002,2.36
route_mutation,20260618T044348_675300,of:000000000000000c:3 -> of:000000000000000d:3,0.002,0.0025,0.002,0.002,2.0,2026-06-18T04:43:48,0.002,1.93
route_mutation,20260618T044348_675300,of:0000000000000001:1 -> of:000000000000000b:1,0.002,0.0025,0.002,0.002,2.06,2026-06-18T04:43:48,0.002,2.0
route_mutation,20260618T044348_675300,of:0000000000000006:1 -> of:000000000000000d:4,0.002,0.0025,0.002,0.002,2.7,2026-06-18T04:43:48,0.002,2.66
route_mutation,20260618T044348_675300,of:0000000000000002:1 -> of:000000000000000b:4,0.002,0.0025,0.002,0.002,1.63,2026-06-18T04:43:48,0.002,1.6
route_mutation,20260618T044348_675300,of:0000000000000001:3 -> of:000000000000000d:1,0.002,0.0025,0.002,0.002,2.56,2026-06-18T04:43:48,0.002,2.6
route_mutation,20260618T044348_675300,of:0000000000000006:2 -> of:000000000000000a:2,0.002,0.0025,0.002,0.002,1.93,2026-06-18T04:43:48,0.002,2.0
route_mutation,20260618T044348_675300,of:0000000000000003:1 -> of:000000000000000b:5,0.002,0.0025,0.002,0.002,2.06,2026-06-18T04:43:48,0.002,2.03
route_mutation,20260618T044348_675300,of:0000000000000007:1 -> of:000000000000000d:5,0.002,0.0025,0.002,0.002,1.73,2026-06-18T04:43:48,0.002,1.7
route_mutation,20260618T044348_675300,of:0000000000000007:2 -> of:000000000000000a:3,0.002,0.0025,0.002,0.002,1.93,2026-06-18T04:43:48,0.002,2.0
route_mutation,20260618T044348_675300,of:0000000000000002:2 -> of:0000000000000008:2,0.002,0.0025,0.002,0.002,1.96,2026-06-18T04:43:48,0.002,1.9
route_mutation,20260618T044348_675300,of:0000000000000008:1 -> of:000000000000000b:6,0.002,0.0025,0.002,0.002,1.66,2026-06-18T04:43:48,0.002,1.66
route_mutation,20260618T044348_675300,of:0000000000000009:1 -> of:000000000000000c:6,0.002,0.0025,0.002,0.002,1.6,2026-06-18T04:43:48,0.002,1.63
route_mutation,20260618T044348_675300,of:0000000000000001:2 -> of:000000000000000c:1,0.003,0.00375,0.003,0.003,3.3,2026-06-18T04:43:48,0.003,3.1
route_mutation,20260618T044348_675300,of:0000000000000003:2 -> of:0000000000000008:3,0.002,0.0025,0.002,0.002,1.96,2026-06-18T04:43:48,0.002,1.9
ip_shuffle,20260618T044418_867662,of:0000000000000005:1 -> of:000000000000000c:5,0.002,0.0025,0.002,0.001,1.6,2026-06-18T04:44:18,0.002,1.66
ip_shuffle,20260618T044418_867662,of:000000000000000a:1 -> of:000000000000000d:6,0.002,0.0025,0.002,0.002,1.7,2026-06-18T04:44:18,0.002,1.66
ip_shuffle,20260618T044418_867662,of:000000000000000b:2 -> of:000000000000000c:2,0.002,0.0025,0.002,0.002,2.03,2026-06-18T04:44:18,0.002,2.03
ip_shuffle,20260618T044418_867662,of:0000000000000004:2 -> of:0000000000000009:2,0.002,0.0025,0.002,0.002,1.96,2026-06-18T04:44:18,0.002,2.1
ip_shuffle,20260618T044418_867662,of:0000000000000005:2 -> of:0000000000000009:3,0.002,0.0025,0.002,0.002,2.1,2026-06-18T04:44:18,0.002,2.1
ip_shuffle,20260618T044418_867662,of:000000000000000b:3 -> of:000000000000000d:2,0.002,0.0025,0.002,0.002,2.03,2026-06-18T04:44:18,0.002,2.03
ip_shuffle,20260618T044418_867662,of:0000000000000004:1 -> of:000000000000000c:4,0.002,0.0025,0.002,0.001,1.6,2026-06-18T04:44:18,0.002,1.66
ip_shuffle,20260618T044418_867662,of:000000000000000c:3 -> of:000000000000000d:3,0.002,0.0025,0.002,0.002,2.0,2026-06-18T04:44:18,0.002,2.0
ip_shuffle,20260618T044418_867662,of:0000000000000001:1 -> of:000000000000000b:1,0.002,0.0025,0.002,0.001,1.56,2026-06-18T04:44:18,0.002,1.73
ip_shuffle,20260618T044418_867662,of:0000000000000006:1 -> of:000000000000000d:4,0.002,0.0025,0.002,0.002,1.7,2026-06-18T04:44:18,0.002,1.73
ip_shuffle,20260618T044418_867662,of:0000000000000002:1 -> of:000000000000000b:4,0.002,0.0025,0.002,0.001,1.6,2026-06-18T04:44:18,0.002,1.7
ip_shuffle,20260618T044418_867662,of:0000000000000001:3 -> of:000000000000000d:1,0.003,0.00375,0.003,0.003,3.03,2026-06-18T04:44:18,0.003,2.93
ip_shuffle,20260618T044418_867662,of:0000000000000006:2 -> of:000000000000000a:2,0.002,0.0025,0.002,0.002,2.06,2026-06-18T04:44:18,0.002,2.06
ip_shuffle,20260618T044418_867662,of:0000000000000003:1 -> of:000000000000000b:5,0.002,0.0025,0.002,0.001,1.6,2026-06-18T04:44:18,0.002,1.7
ip_shuffle,20260618T044418_867662,of:0000000000000007:1 -> of:000000000000000d:5,0.002,0.0025,0.002,0.002,2.8,2026-06-18T04:44:18,0.002,2.83
ip_shuffle,20260618T044418_867662,of:0000000000000007:2 -> of:000000000000000a:3,0.002,0.0025,0.002,0.002,2.06,2026-06-18T04:44:18,0.002,2.06
ip_shuffle,20260618T044418_867662,of:0000000000000002:2 -> of:0000000000000008:2,0.002,0.0025,0.002,0.002,1.96,2026-06-18T04:44:18,0.002,2.1
ip_shuffle,20260618T044418_867662,of:0000000000000008:1 -> of:000000000000000b:6,0.002,0.0025,0.002,0.002,1.7,2026-06-18T04:44:18,0.002,1.7
ip_shuffle,20260618T044418_867662,of:0000000000000009:1 -> of:000000000000000c:6,0.002,0.0025,0.002,0.002,1.7,2026-06-18T04:44:18,0.002,1.66
ip_shuffle,20260618T044418_867662,of:0000000000000001:2 -> of:000000000000000c:1,0.002,0.0025,0.002,0.002,1.6,2026-06-18T04:44:18,0.002,1.73
ip_shuffle,20260618T044418_867662,of:0000000000000003:2 -> of:0000000000000008:3,0.002,0.0025,0.002,0.002,1.96,2026-06-18T04:44:18,0.002,2.1
route_mutation,20260618T044516_649313,of:0000000000000005:1 -> of:000000000000000c:5,0.002,0.0025,0.002,0.002,1.5,2026-06-18T04:45:16,0.002,1.5
route_mutation,20260618T044516_649313,of:000000000000000a:1 -> of:000000000000000d:6,0.001,0.00125,0.001,0.001,1.43,2026-06-18T04:45:16,0.001,1.43
route_mutation,20260618T044516_649313,of:000000000000000b:2 -> of:000000000000000c:2,0.002,0.0025,0.002,0.002,1.6,2026-06-18T04:45:16,0.002,1.66
route_mutation,20260618T044516_649313,of:0000000000000004:2 -> of:0000000000000009:2,0.002,0.0025,0.002,0.002,1.66,2026-06-18T04:45:16,0.002,1.6
route_mutation,20260618T044516_649313,of:0000000000000005:2 -> of:0000000000000009:3,0.002,0.0025,0.002,0.002,1.6,2026-06-18T04:45:16,0.002,1.6
route_mutation,20260618T044516_649313,of:000000000000000b:3 -> of:000000000000000d:2,0.002,0.0025,0.002,0.002,1.96,2026-06-18T04:45:16,0.002,2.03
route_mutation,20260618T044516_649313,of:0000000000000004:1 -> of:000000000000000c:4,0.002,0.0025,0.002,0.002,1.5,2026-06-18T04:45:16,0.002,1.5
route_mutation,20260618T044516_649313,of:000000000000000c:3 -> of:000000000000000d:3,0.002,0.0025,0.002,0.002,1.66,2026-06-18T04:45:16,0.002,1.66
route_mutation,20260618T044516_649313,of:0000000000000001:1 -> of:000000000000000b:1,0.003,0.00375,0.003,0.003,3.5,2026-06-18T04:45:16,0.003,3.5
route_mutation,20260618T044516_649313,of:0000000000000006:1 -> of:000000000000000d:4,0.002,0.0025,0.002,0.001,1.43,2026-06-18T04:45:16,0.002,1.5
route_mutation,20260618T044516_649313,of:0000000000000002:1 -> of:000000000000000b:4,0.003,0.00375,0.003,0.003,3.23,2026-06-18T04:45:16,0.003,3.23
route_mutation,20260618T044516_649313,of:0000000000000001:3 -> of:000000000000000d:1,0.002,0.0025,0.002,0.002,1.8,2026-06-18T04:45:16,0.002,1.86
route_mutation,20260618T044516_649313,of:0000000000000006:2 -> of:000000000000000a:2,0.002,0.0025,0.002,0.002,1.6,2026-06-18T04:45:16,0.002,1.6
route_mutation,20260618T044516_649313,of:0000000000000003:1 -> of:000000000000000b:5,0.002,0.0025,0.002,0.002,2.2,2026-06-18T04:45:16,0.002,2.2
route_mutation,20260618T044516_649313,of:0000000000000007:1 -> of:000000000000000d:5,0.002,0.0025,0.002,0.002,2.16,2026-06-18T04:45:16,0.002,2.23
route_mutation,20260618T044516_649313,of:0000000000000007:2 -> of:000000000000000a:3,0.002,0.0025,0.002,0.002,1.6,2026-06-18T04:45:16,0.002,1.6
route_mutation,20260618T044516_649313,of:0000000000000002:2 -> of:0000000000000008:2,0.002,0.0025,0.002,0.002,1.66,2026-06-18T04:45:16,0.002,1.6
route_mutation,20260618T044516_649313,of:0000000000000008:1 -> of:000000000000000b:6,0.001,0.00125,0.001,0.001,1.43,2026-06-18T04:45:16,0.001,1.43
route_mutation,20260618T044516_649313,of:0000000000000009:1 -> of:000000000000000c:6,0.001,0.00125,0.001,0.001,1.43,2026-06-18T04:45:16,0.001,1.43
route_mutation,20260618T044516_649313,of:0000000000000001:2 -> of:000000000000000c:1,0.002,0.0025,0.002,0.001,1.43,2026-06-18T04:45:16,0.002,1.5
route_mutation,20260618T044516_649313,of:0000000000000003:2 -> of:0000000000000008:3,0.002,0.0025,0.002,0.002,1.66,2026-06-18T04:45:16,0.002,1.6
route_mutation,20260618T044546_975271,of:0000000000000005:1 -> of:000000000000000c:5,0.002,0.0025,0.002,0.002,2.46,2026-06-18T04:45:46,0.002,2.4
route_mutation,20260618T044546_975271,of:000000000000000a:1 -> of:000000000000000d:6,0.002,0.0025,0.002,0.002,1.63,2026-06-18T04:45:46,0.002,1.66
route_mutation,20260618T044546_975271,of:000000000000000b:2 -> of:000000000000000c:2,0.002,0.0025,0.002,0.002,2.03,2026-06-18T04:45:46,0.002,1.96
route_mutation,20260618T044546_975271,of:0000000000000004:2 -> of:0000000000000009:2,0.002,0.0025,0.002,0.002,2.03,2026-06-18T04:45:46,0.002,1.96
route_mutation,20260618T044546_975271,of:0000000000000005:2 -> of:0000000000000009:3,0.002,0.0025,0.002,0.002,2.03,2026-06-18T04:45:46,0.002,1.96
route_mutation,20260618T044546_975271,of:000000000000000b:3 -> of:000000000000000d:2,0.002,0.0025,0.002,0.002,2.03,2026-06-18T04:45:46,0.002,1.96
route_mutation,20260618T044546_975271,of:0000000000000004:1 -> of:000000000000000c:4,0.002,0.0025,0.002,0.002,2.46,2026-06-18T04:45:46,0.002,2.4
route_mutation,20260618T044546_975271,of:000000000000000c:3 -> of:000000000000000d:3,0.002,0.0025,0.002,0.002,2.0,2026-06-18T04:45:46,0.002,2.0
route_mutation,20260618T044546_975271,of:0000000000000001:1 -> of:000000000000000b:1,0.002,0.0025,0.002,0.002,2.1,2026-06-18T04:45:46,0.002,1.93
route_mutation,20260618T044546_975271,of:0000000000000006:1 -> of:000000000000000d:4,0.002,0.0025,0.002,0.002,2.73,2026-06-18T04:45:46,0.002,2.63
route_mutation,20260618T044546_975271,of:0000000000000002:1 -> of:000000000000000b:4,0.002,0.0025,0.002,0.002,1.66,2026-06-18T04:45:46,0.001,1.57
route_mutation,20260618T044546_975271,of:0000000000000001:3 -> of:000000000000000d:1,0.002,0.0025,0.002,0.002,2.76,2026-06-18T04:45:46,0.002,2.7
route_mutation,20260618T044546_975271,of:0000000000000006:2 -> of:000000000000000a:2,0.002,0.0025,0.002,0.002,2.0,2026-06-18T04:45:46,0.002,2.0
route_mutation,20260618T044546_975271,of:0000000000000003:1 -> of:000000000000000b:5,0.002,0.0025,0.002,0.002,2.0,2026-06-18T04:45:46,0.002,1.9
route_mutation,20260618T044546_975271,of:0000000000000007:1 -> of:000000000000000d:5,0.002,0.0025,0.002,0.002,1.83,2026-06-18T04:45:46,0.002,1.66
route_mutation,20260618T044546_975271,of:0000000000000007:2 -> of:000000000000000a:3,0.002,0.0025,0.002,0.002,2.0,2026-06-18T04:45:46,0.002,2.0
route_mutation,20260618T044546_975271,of:0000000000000002:2 -> of:0000000000000008:2,0.002,0.0025,0.002,0.002,2.03,2026-06-18T04:45:46,0.002,1.96
route_mutation,20260618T044546_975271,of:0000000000000008:1 -> of:000000000000000b:6,0.002,0.0025,0.002,0.002,1.66,2026-06-18T04:45:46,0.002,1.66
route_mutation,20260618T044546_975271,of:0000000000000009:1 -> of:000000000000000c:6,0.002,0.0025,0.002,0.002,1.63,2026-06-18T04:45:46,0.002,1.66
route_mutation,20260618T044546_975271,of:0000000000000001:2 -> of:000000000000000c:1,0.003,0.00375,0.003,0.003,3.33,2026-06-18T04:45:46,0.003,3.13
route_mutation,20260618T044546_975271,of:0000000000000003:2 -> of:0000000000000008:3,0.002,0.0025,0.002,0.002,2.03,2026-06-18T04:45:46,0.002,1.96
ip_shuffle,20260618T044617_255947,of:0000000000000005:1 -> of:000000000000000c:5,0.002,0.0025,0.002,0.002,1.63,2026-06-18T04:46:17,0.002,1.63
ip_shuffle,20260618T044617_255947,of:000000000000000a:1 -> of:000000000000000d:6,0.002,0.0025,0.002,0.002,1.66,2026-06-18T04:46:17,0.002,1.63
ip_shuffle,20260618T044617_255947,of:000000000000000b:2 -> of:000000000000000c:2,0.002,0.0025,0.002,0.002,1.96,2026-06-18T04:46:17,0.002,1.96
ip_shuffle,20260618T044617_255947,of:0000000000000004:2 -> of:0000000000000009:2,0.002,0.0025,0.002,0.002,1.9,2026-06-18T04:46:17,0.002,2.03
ip_shuffle,20260618T044617_255947,of:0000000000000005:2 -> of:0000000000000009:3,0.002,0.0025,0.002,0.002,1.96,2026-06-18T04:46:17,0.002,2.03
ip_shuffle,20260618T044617_255947,of:000000000000000b:3 -> of:000000000000000d:2,0.002,0.0025,0.002,0.002,1.96,2026-06-18T04:46:17,0.002,1.96
ip_shuffle,20260618T044617_255947,of:0000000000000004:1 -> of:000000000000000c:4,0.002,0.0025,0.002,0.001,1.56,2026-06-18T04:46:17,0.002,1.63
ip_shuffle,20260618T044617_255947,of:000000000000000c:3 -> of:000000000000000d:3,0.002,0.0025,0.002,0.002,1.93,2026-06-18T04:46:17,0.002,1.93
ip_shuffle,20260618T044617_255947,of:0000000000000001:1 -> of:000000000000000b:1,0.002,0.0025,0.002,0.001,1.53,2026-06-18T04:46:17,0.002,1.7
ip_shuffle,20260618T044617_255947,of:0000000000000006:1 -> of:000000000000000d:4,0.002,0.0025,0.002,0.002,1.66,2026-06-18T04:46:17,0.002,1.7
ip_shuffle,20260618T044617_255947,of:0000000000000002:1 -> of:000000000000000b:4,0.002,0.0025,0.002,0.001,1.56,2026-06-18T04:46:17,0.002,1.66
ip_shuffle,20260618T044617_255947,of:0000000000000001:3 -> of:000000000000000d:1,0.002,0.0025,0.002,0.002,2.83,2026-06-18T04:46:17,0.002,2.83
ip_shuffle,20260618T044617_255947,of:0000000000000006:2 -> of:000000000000000a:2,0.002,0.0025,0.002,0.002,2.0,2026-06-18T04:46:17,0.002,2.0
ip_shuffle,20260618T044617_255947,of:0000000000000003:1 -> of:000000000000000b:5,0.002,0.0025,0.002,0.001,1.56,2026-06-18T04:46:17,0.002,1.66
ip_shuffle,20260618T044617_255947,of:0000000000000007:1 -> of:000000000000000d:5,0.002,0.0025,0.002,0.002,2.66,2026-06-18T04:46:17,0.002,2.76
ip_shuffle,20260618T044617_255947,of:0000000000000007:2 -> of:000000000000000a:3,0.002,0.0025,0.002,0.002,2.0,2026-06-18T04:46:17,0.002,2.0
ip_shuffle,20260618T044617_255947,of:0000000000000002:2 -> of:0000000000000008:2,0.002,0.0025,0.002,0.002,1.9,2026-06-18T04:46:17,0.002,2.03
ip_shuffle,20260618T044617_255947,of:0000000000000008:1 -> of:000000000000000b:6,0.002,0.0025,0.002,0.002,1.66,2026-06-18T04:46:17,0.002,1.66
ip_shuffle,20260618T044617_255947,of:0000000000000009:1 -> of:000000000000000c:6,0.002,0.0025,0.002,0.002,1.66,2026-06-18T04:46:17,0.002,1.63
ip_shuffle,20260618T044617_255947,of:0000000000000001:2 -> of:000000000000000c:1,0.002,0.0025,0.002,0.002,1.56,2026-06-18T04:46:17,0.002,1.7
ip_shuffle,20260618T044617_255947,of:0000000000000003:2 -> of:0000000000000008:3,0.002,0.0025,0.002,0.002,1.9,2026-06-18T04:46:17,0.002,2.03
route_mutation,20260618T044721_300633,of:0000000000000005:1 -> of:000000000000000c:5,0.002,0.0025,0.002,0.002,1.6,2026-06-18T04:47:21,0.002,1.63
route_mutation,20260618T044721_300633,of:000000000000000a:1 -> of:000000000000000d:6,0.002,0.0025,0.002,0.002,1.63,2026-06-18T04:47:21,0.002,1.63
route_mutation,20260618T044721_300633,of:000000000000000b:2 -> of:000000000000000c:2,0.002,0.0025,0.002,0.002,1.93,2026-06-18T04:47:21,0.002,1.93
route_mutation,20260618T044721_300633,of:0000000000000004:2 -> of:0000000000000009:2,0.002,0.0025,0.002,0.002,1.9,2026-06-18T04:47:21,0.002,1.96
route_mutation,20260618T044721_300633,of:0000000000000005:2 -> of:0000000000000009:3,0.002,0.0025,0.002,0.002,1.9,2026-06-18T04:47:21,0.002,1.96
route_mutation,20260618T044721_300633,of:000000000000000b:3 -> of:000000000000000d:2,0.002,0.0025,0.002,0.002,1.93,2026-06-18T04:47:21,0.002,1.93
route_mutation,20260618T044721_300633,of:0000000000000004:1 -> of:000000000000000c:4,0.002,0.0025,0.002,0.001,1.53,2026-06-18T04:47:21,0.002,1.63
route_mutation,20260618T044721_300633,of:000000000000000c:3 -> of:000000000000000d:3,0.002,0.0025,0.002,0.002,1.93,2026-06-18T04:47:21,0.002,1.93
route_mutation,20260618T044721_300633,of:0000000000000001:1 -> of:000000000000000b:1,0.002,0.0025,0.002,0.002,1.56,2026-06-18T04:47:21,0.002,1.7
route_mutation,20260618T044721_300633,of:0000000000000006:1 -> of:000000000000000d:4,0.002,0.0025,0.002,0.002,1.63,2026-06-18T04:47:21,0.002,1.7
route_mutation,20260618T044721_300633,of:0000000000000002:1 -> of:000000000000000b:4,0.002,0.0025,0.002,0.002,1.63,2026-06-18T04:47:21,0.002,1.63
route_mutation,20260618T044721_300633,of:0000000000000001:3 -> of:000000000000000d:1,0.002,0.0025,0.002,0.002,2.83,2026-06-18T04:47:21,0.002,2.83
route_mutation,20260618T044721_300633,of:0000000000000006:2 -> of:000000000000000a:2,0.002,0.0025,0.002,0.002,1.96,2026-06-18T04:47:21,0.002,1.96
route_mutation,20260618T044721_300633,of:0000000000000003:1 -> of:000000000000000b:5,0.002,0.0025,0.002,0.001,1.56,2026-06-18T04:47:21,0.002,1.63
route_mutation,20260618T044721_300633,of:0000000000000007:1 -> of:000000000000000d:5,0.002,0.0025,0.002,0.002,2.66,2026-06-18T04:47:21,0.002,2.76
route_mutation,20260618T044721_300633,of:0000000000000007:2 -> of:000000000000000a:3,0.002,0.0025,0.002,0.002,1.96,2026-06-18T04:47:21,0.002,1.96
route_mutation,20260618T044721_300633,of:0000000000000002:2 -> of:0000000000000008:2,0.002,0.0025,0.002,0.002,1.9,2026-06-18T04:47:21,0.002,2.03
route_mutation,20260618T044721_300633,of:0000000000000008:1 -> of:000000000000000b:6,0.002,0.0025,0.002,0.002,1.66,2026-06-18T04:47:21,0.002,1.63
route_mutation,20260618T044721_300633,of:0000000000000009:1 -> of:000000000000000c:6,0.002,0.0025,0.002,0.002,1.63,2026-06-18T04:47:21,0.002,1.63
route_mutation,20260618T044721_300633,of:0000000000000001:2 -> of:000000000000000c:1,0.002,0.0025,0.002,0.002,1.56,2026-06-18T04:47:21,0.002,1.7
route_mutation,20260618T044721_300633,of:0000000000000003:2 -> of:0000000000000008:3,0.002,0.0025,0.002,0.002,1.9,2026-06-18T04:47:21,0.002,2.03
route_mutation,20260618T044751_574908,of:0000000000000005:1 -> of:000000000000000c:5,0.002,0.0025,0.002,0.001,1.36,2026-06-18T04:47:51,0.002,1.43
route_mutation,20260618T044751_574908,of:000000000000000a:1 -> of:000000000000000d:6,0.002,0.0025,0.002,0.002,1.43,2026-06-18T04:47:51,0.002,1.43
route_mutation,20260618T044751_574908,of:000000000000000b:2 -> of:000000000000000c:2,0.002,0.0025,0.002,0.002,1.53,2026-06-18T04:47:51,0.002,1.53
route_mutation,20260618T044751_574908,of:0000000000000004:2 -> of:0000000000000009:2,0.002,0.0025,0.002,0.001,1.46,2026-06-18T04:47:51,0.002,1.53
route_mutation,20260618T044751_574908,of:0000000000000005:2 -> of:0000000000000009:3,0.002,0.0025,0.002,0.001,1.46,2026-06-18T04:47:51,0.002,1.53
route_mutation,20260618T044751_574908,of:000000000000000b:3 -> of:000000000000000d:2,0.002,0.0025,0.002,0.002,1.66,2026-06-18T04:47:51,0.002,1.66
route_mutation,20260618T044751_574908,of:0000000000000004:1 -> of:000000000000000c:4,0.002,0.0025,0.002,0.002,1.43,2026-06-18T04:47:51,0.002,1.43
route_mutation,20260618T044751_574908,of:000000000000000c:3 -> of:000000000000000d:3,0.002,0.0025,0.002,0.002,1.53,2026-06-18T04:47:51,0.002,1.53
route_mutation,20260618T044751_574908,of:0000000000000001:1 -> of:000000000000000b:1,0.003,0.00375,0.003,0.003,3.2,2026-06-18T04:47:51,0.003,3.26
route_mutation,20260618T044751_574908,of:0000000000000006:1 -> of:000000000000000d:4,0.002,0.0025,0.002,0.001,1.36,2026-06-18T04:47:51,0.002,1.43
route_mutation,20260618T044751_574908,of:0000000000000002:1 -> of:000000000000000b:4,0.002,0.0025,0.002,0.002,2.46,2026-06-18T04:47:51,0.002,2.53
route_mutation,20260618T044751_574908,of:0000000000000001:3 -> of:000000000000000d:1,0.002,0.0025,0.002,0.002,1.5,2026-06-18T04:47:51,0.002,1.56
route_mutation,20260618T044751_574908,of:0000000000000006:2 -> of:000000000000000a:2,0.002,0.0025,0.002,0.001,1.46,2026-06-18T04:47:51,0.002,1.53
route_mutation,20260618T044751_574908,of:0000000000000003:1 -> of:000000000000000b:5,0.002,0.0025,0.002,0.002,2.3,2026-06-18T04:47:51,0.002,2.3
route_mutation,20260618T044751_574908,of:0000000000000007:1 -> of:000000000000000d:5,0.002,0.0025,0.002,0.002,1.63,2026-06-18T04:47:51,0.002,1.7
route_mutation,20260618T044751_574908,of:0000000000000007:2 -> of:000000000000000a:3,0.002,0.0025,0.002,0.001,1.46,2026-06-18T04:47:51,0.002,1.53
route_mutation,20260618T044751_574908,of:0000000000000002:2 -> of:0000000000000008:2,0.002,0.0025,0.002,0.002,1.53,2026-06-18T04:47:51,0.001,1.46
route_mutation,20260618T044751_574908,of:0000000000000008:1 -> of:000000000000000b:6,0.001,0.00125,0.001,0.001,1.36,2026-06-18T04:47:51,0.001,1.36
route_mutation,20260618T044751_574908,of:0000000000000009:1 -> of:000000000000000c:6,0.002,0.0025,0.002,0.001,1.36,2026-06-18T04:47:51,0.002,1.43
route_mutation,20260618T044751_574908,of:0000000000000001:2 -> of:000000000000000c:1,0.002,0.0025,0.002,0.001,1.36,2026-06-18T04:47:51,0.002,1.43
route_mutation,20260618T044751_574908,of:0000000000000003:2 -> of:0000000000000008:3,0.002,0.0025,0.002,0.002,1.53,2026-06-18T04:47:51,0.001,1.46
route_mutation,20260618T044821_807950,of:0000000000000005:1 -> of:000000000000000c:5,0.002,0.0025,0.002,0.002,2.53,2026-06-18T04:48:21,0.002,2.43
route_mutation,20260618T044821_807950,of:000000000000000a:1 -> of:000000000000000d:6,0.001,0.00125,0.001,0.001,1.63,2026-06-18T04:48:21,0.001,1.63
route_mutation,20260618T044821_807950,of:000000000000000b:2 -> of:000000000000000c:2,0.002,0.0025,0.002,0.002,2.06,2026-06-18T04:48:21,0.002,2.06
route_mutation,20260618T044821_807950,of:0000000000000004:2 -> of:0000000000000009:2,0.002,0.0025,0.002,0.002,2.13,2026-06-18T04:48:21,0.002,2.0
route_mutation,20260618T044821_807950,of:0000000000000005:2 -> of:0000000000000009:3,0.002,0.0025,0.002,0.002,2.13,2026-06-18T04:48:21,0.002,2.0
route_mutation,20260618T044821_807950,of:000000000000000b:3 -> of:000000000000000d:2,0.002,0.0025,0.002,0.002,2.06,2026-06-18T04:48:21,0.002,2.06
route_mutation,20260618T044821_807950,of:0000000000000004:1 -> of:000000000000000c:4,0.002,0.0025,0.002,0.002,2.53,2026-06-18T04:48:21,0.002,2.43
route_mutation,20260618T044821_807950,of:000000000000000c:3 -> of:000000000000000d:3,0.002,0.0025,0.002,0.002,2.06,2026-06-18T04:48:21,0.002,2.06
route_mutation,20260618T044821_807950,of:0000000000000001:1 -> of:000000000000000b:1,0.002,0.0025,0.002,0.002,1.93,2026-06-18T04:48:21,0.002,1.73
route_mutation,20260618T044821_807950,of:0000000000000006:1 -> of:000000000000000d:4,0.002,0.0025,0.002,0.002,2.8,2026-06-18T04:48:21,0.002,2.7
route_mutation,20260618T044821_807950,of:0000000000000002:1 -> of:000000000000000b:4,0.002,0.0025,0.002,0.002,1.7,2026-06-18T04:48:21,0.001,1.63
route_mutation,20260618T044821_807950,of:0000000000000001:3 -> of:000000000000000d:1,0.003,0.00375,0.003,0.003,2.9,2026-06-18T04:48:21,0.002,2.86
route_mutation,20260618T044821_807950,of:0000000000000006:2 -> of:000000000000000a:2,0.002,0.0025,0.002,0.002,2.1,2026-06-18T04:48:21,0.002,2.03
route_mutation,20260618T044821_807950,of:0000000000000003:1 -> of:000000000000000b:5,0.002,0.0025,0.002,0.002,1.86,2026-06-18T04:48:21,0.002,1.8
route_mutation,20260618T044821_807950,of:0000000000000007:1 -> of:000000000000000d:5,0.002,0.0025,0.002,0.002,1.93,2026-06-18T04:48:21,0.002,1.73
route_mutation,20260618T044821_807950,of:0000000000000007:2 -> of:000000000000000a:3,0.002,0.0025,0.002,0.002,2.1,2026-06-18T04:48:21,0.002,2.03
route_mutation,20260618T044821_807950,of:0000000000000002:2 -> of:0000000000000008:2,0.002,0.0025,0.002,0.002,2.1,2026-06-18T04:48:21,0.002,2.03
route_mutation,20260618T044821_807950,of:0000000000000008:1 -> of:000000000000000b:6,0.002,0.0025,0.002,0.002,1.66,2026-06-18T04:48:21,0.002,1.7
route_mutation,20260618T044821_807950,of:0000000000000009:1 -> of:000000000000000c:6,0.002,0.0025,0.002,0.002,1.66,2026-06-18T04:48:21,0.001,1.63
route_mutation,20260618T044821_807950,of:0000000000000001:2 -> of:000000000000000c:1,0.003,0.00375,0.003,0.003,3.36,2026-06-18T04:48:21,0.003,3.16
route_mutation,20260618T044821_807950,of:0000000000000003:2 -> of:0000000000000008:3,0.002,0.0025,0.002,0.002,2.1,2026-06-18T04:48:21,0.002,2.03
ip_shuffle,20260618T044851_986045,of:0000000000000005:1 -> of:000000000000000c:5,0.002,0.0025,0.002,0.002,1.56,2026-06-18T04:48:51,0.002,1.6
ip_shuffle,20260618T044851_986045,of:000000000000000a:1 -> of:000000000000000d:6,0.002,0.0025,0.002,0.002,1.6,2026-06-18T04:48:51,0.002,1.6
ip_shuffle,20260618T044851_986045,of:000000000000000b:2 -> of:000000000000000c:2,0.002,0.0025,0.002,0.002,1.86,2026-06-18T04:48:51,0.002,1.86
ip_shuffle,20260618T044851_986045,of:0000000000000004:2 -> of:0000000000000009:2,0.002,0.0025,0.002,0.002,1.86,2026-06-18T04:48:51,0.002,1.93
ip_shuffle,20260618T044851_986045,of:0000000000000005:2 -> of:0000000000000009:3,0.002,0.0025,0.002,0.002,1.86,2026-06-18T04:48:51,0.002,1.93
ip_shuffle,20260618T044851_986045,of:000000000000000b:3 -> of:000000000000000d:2,0.002,0.0025,0.002,0.002,1.86,2026-06-18T04:48:51,0.002,1.86
ip_shuffle,20260618T044851_986045,of:0000000000000004:1 -> of:000000000000000c:4,0.002,0.0025,0.002,0.002,1.56,2026-06-18T04:48:51,0.002,1.6
ip_shuffle,20260618T044851_986045,of:000000000000000c:3 -> of:000000000000000d:3,0.002,0.0025,0.002,0.002,1.86,2026-06-18T04:48:51,0.002,1.86
ip_shuffle,20260618T044851_986045,of:0000000000000001:1 -> of:000000000000000b:1,0.002,0.0025,0.002,0.002,1.53,2026-06-18T04:48:51,0.002,1.66
ip_shuffle,20260618T044851_986045,of:0000000000000006:1 -> of:000000000000000d:4,0.002,0.0025,0.002,0.002,1.6,2026-06-18T04:48:51,0.002,1.63
ip_shuffle,20260618T044851_986045,of:0000000000000002:1 -> of:000000000000000b:4,0.002,0.0025,0.002,0.002,1.6,2026-06-18T04:48:51,0.002,1.6
ip_shuffle,20260618T044851_986045,of:0000000000000001:3 -> of:000000000000000d:1,0.002,0.0025,0.002,0.002,2.63,2026-06-18T04:48:51,0.002,2.6
ip_shuffle,20260618T044851_986045,of:0000000000000006:2 -> of:000000000000000a:2,0.002,0.0025,0.002,0.002,1.9,2026-06-18T04:48:51,0.002,1.9
ip_shuffle,20260618T044851_986045,of:0000000000000003:1 -> of:000000000000000b:5,0.002,0.0025,0.002,0.001,1.53,2026-06-18T04:48:51,0.002,1.6
ip_shuffle,20260618T044851_986045,of:0000000000000007:1 -> of:000000000000000d:5,0.002,0.0025,0.002,0.002,2.5,2026-06-18T04:48:51,0.002,2.63
ip_shuffle,20260618T044851_986045,of:0000000000000007:2 -> of:000000000000000a:3,0.002,0.0025,0.002,0.002,1.9,2026-06-18T04:48:51,0.002,1.9
ip_shuffle,20260618T044851_986045,of:0000000000000002:2 -> of:0000000000000008:2,0.002,0.0025,0.002,0.002,1.83,2026-06-18T04:48:51,0.002,1.96
ip_shuffle,20260618T044851_986045,of:0000000000000008:1 -> of:000000000000000b:6,0.002,0.0025,0.002,0.002,1.63,2026-06-18T04:48:51,0.002,1.6
ip_shuffle,20260618T044851_986045,of:0000000000000009:1 -> of:000000000000000c:6,0.002,0.0025,0.002,0.002,1.63,2026-06-18T04:48:51,0.002,1.6
ip_shuffle,20260618T044851_986045,of:0000000000000001:2 -> of:000000000000000c:1,0.002,0.0025,0.002,0.002,1.53,2026-06-18T04:48:51,0.002,1.66
ip_shuffle,20260618T044851_986045,of:0000000000000003:2 -> of:0000000000000008:3,0.002,0.0025,0.002,0.002,1.83,2026-06-18T04:48:51,0.002,1.96
route_mutation,20260618T044949_781554,of:0000000000000005:1 -> of:000000000000000c:5,0.002,0.0025,0.002,0.002,2.5,2026-06-18T04:49:49,0.002,2.4
route_mutation,20260618T044949_781554,of:000000000000000a:1 -> of:000000000000000d:6,0.001,0.00125,0.001,0.001,1.6,2026-06-18T04:49:49,0.001,1.6
route_mutation,20260618T044949_781554,of:000000000000000b:2 -> of:000000000000000c:2,0.002,0.0025,0.002,0.002,2.0,2026-06-18T04:49:49,0.002,2.0
route_mutation,20260618T044949_781554,of:0000000000000004:2 -> of:0000000000000009:2,0.002,0.0025,0.002,0.002,2.1,2026-06-18T04:49:49,0.002,1.96
route_mutation,20260618T044949_781554,of:0000000000000005:2 -> of:0000000000000009:3,0.002,0.0025,0.002,0.002,2.1,2026-06-18T04:49:49,0.002,1.96
route_mutation,20260618T044949_781554,of:000000000000000b:3 -> of:000000000000000d:2,0.002,0.0025,0.002,0.002,2.13,2026-06-18T04:49:49,0.002,2.13
route_mutation,20260618T044949_781554,of:0000000000000004:1 -> of:000000000000000c:4,0.002,0.0025,0.002,0.002,2.46,2026-06-18T04:49:49,0.002,2.36
route_mutation,20260618T044949_781554,of:000000000000000c:3 -> of:000000000000000d:3,0.002,0.0025,0.002,0.002,2.0,2026-06-18T04:49:49,0.002,2.0
route_mutation,20260618T044949_781554,of:0000000000000001:1 -> of:000000000000000b:1,0.002,0.0025,0.002,0.002,2.0,2026-06-18T04:49:49,0.002,1.83
route_mutation,20260618T044949_781554,of:0000000000000006:1 -> of:000000000000000d:4,0.002,0.0025,0.002,0.002,2.9,2026-06-18T04:49:49,0.002,2.76
route_mutation,20260618T044949_781554,of:0000000000000002:1 -> of:000000000000000b:4,0.002,0.0025,0.002,0.002,1.96,2026-06-18T04:49:49,0.002,1.86
route_mutation,20260618T044949_781554,of:0000000000000001:3 -> of:000000000000000d:1,0.003,0.00375,0.003,0.003,3.06,2026-06-18T04:49:49,0.003,3.03
route_mutation,20260618T044949_781554,of:0000000000000006:2 -> of:000000000000000a:2,0.002,0.0025,0.002,0.002,2.13,2026-06-18T04:49:49,0.002,2.0
route_mutation,20260618T044949_781554,of:0000000000000003:1 -> of:000000000000000b:5,0.002,0.0025,0.002,0.002,1.73,2026-06-18T04:49:49,0.002,1.66
route_mutation,20260618T044949_781554,of:0000000000000007:1 -> of:000000000000000d:5,0.002,0.0025,0.002,0.002,2.13,2026-06-18T04:49:49,0.002,1.93
route_mutation,20260618T044949_781554,of:0000000000000007:2 -> of:000000000000000a:3,0.002,0.0025,0.002,0.002,2.06,2026-06-18T04:49:49,0.002,2.0
route_mutation,20260618T044949_781554,of:0000000000000002:2 -> of:0000000000000008:2,0.002,0.0025,0.002,0.002,2.1,2026-06-18T04:49:49,0.002,1.96
route_mutation,20260618T044949_781554,of:0000000000000008:1 -> of:000000000000000b:6,0.001,0.00125,0.001,0.001,1.6,2026-06-18T04:49:49,0.001,1.6
route_mutation,20260618T044949_781554,of:0000000000000009:1 -> of:000000000000000c:6,0.001,0.00125,0.001,0.001,1.6,2026-06-18T04:49:49,0.001,1.6
route_mutation,20260618T044949_781554,of:0000000000000001:2 -> of:000000000000000c:1,0.003,0.00375,0.003,0.003,3.3,2026-06-18T04:49:49,0.003,3.13
route_mutation,20260618T044949_781554,of:0000000000000003:2 -> of:0000000000000008:3,0.002,0.0025,0.002,0.002,2.1,2026-06-18T04:49:49,0.002,1.96
ip_shuffle,20260618T045019_951680,of:0000000000000005:1 -> of:000000000000000c:5,0.002,0.0025,0.002,0.001,1.5,2026-06-18T04:50:19,0.002,1.53
ip_shuffle,20260618T045019_951680,of:000000000000000a:1 -> of:000000000000000d:6,0.002,0.0025,0.002,0.002,1.53,2026-06-18T04:50:19,0.002,1.53
ip_shuffle,20260618T045019_951680,of:000000000000000b:2 -> of:000000000000000c:2,0.002,0.0025,0.002,0.002,1.73,2026-06-18T04:50:19,0.002,1.73
ip_shuffle,20260618T045019_951680,of:0000000000000004:2 -> of:0000000000000009:2,0.002,0.0025,0.002,0.002,1.7,2026-06-18T04:50:19,0.002,1.76
ip_shuffle,20260618T045019_951680,of:0000000000000005:2 -> of:0000000000000009:3,0.002,0.0025,0.002,0.002,1.7,2026-06-18T04:50:19,0.002,1.76
ip_shuffle,20260618T045019_951680,of:000000000000000b:3 -> of:000000000000000d:2,0.002,0.0025,0.002,0.002,1.73,2026-06-18T04:50:19,0.002,1.73
ip_shuffle,20260618T045019_951680,of:0000000000000004:1 -> of:000000000000000c:4,0.002,0.0025,0.002,0.001,1.5,2026-06-18T04:50:19,0.002,1.53
ip_shuffle,20260618T045019_951680,of:000000000000000c:3 -> of:000000000000000d:3,0.002,0.0025,0.002,0.002,1.73,2026-06-18T04:50:19,0.002,1.73
ip_shuffle,20260618T045019_951680,of:0000000000000001:1 -> of:000000000000000b:1,0.002,0.0025,0.002,0.001,1.46,2026-06-18T04:50:19,0.002,1.56
ip_shuffle,20260618T045019_951680,of:0000000000000006:1 -> of:000000000000000d:4,0.002,0.0025,0.002,0.001,1.46,2026-06-18T04:50:19,0.002,1.53
ip_shuffle,20260618T045019_951680,of:0000000000000002:1 -> of:000000000000000b:4,0.002,0.0025,0.002,0.001,1.5,2026-06-18T04:50:19,0.002,1.53
ip_shuffle,20260618T045019_951680,of:0000000000000001:3 -> of:000000000000000d:1,0.002,0.0025,0.002,0.002,2.36,2026-06-18T04:50:19,0.002,2.33
ip_shuffle,20260618T045019_951680,of:0000000000000006:2 -> of:000000000000000a:2,0.002,0.0025,0.002,0.002,1.66,2026-06-18T04:50:19,0.002,1.73
ip_shuffle,20260618T045019_951680,of:0000000000000003:1 -> of:000000000000000b:5,0.002,0.0025,0.002,0.001,1.5,2026-06-18T04:50:19,0.002,1.53
ip_shuffle,20260618T045019_951680,of:0000000000000007:1 -> of:000000000000000d:5,0.002,0.0025,0.002,0.002,2.26,2026-06-18T04:50:19,0.002,2.4
ip_shuffle,20260618T045019_951680,of:0000000000000007:2 -> of:000000000000000a:3,0.002,0.0025,0.002,0.002,1.73,2026-06-18T04:50:19,0.002,1.73
ip_shuffle,20260618T045019_951680,of:0000000000000002:2 -> of:0000000000000008:2,0.002,0.0025,0.002,0.001,1.63,2026-06-18T04:50:19,0.002,1.76
ip_shuffle,20260618T045019_951680,of:0000000000000008:1 -> of:000000000000000b:6,0.002,0.0025,0.002,0.002,1.53,2026-06-18T04:50:19,0.002,1.53
ip_shuffle,20260618T045019_951680,of:0000000000000009:1 -> of:000000000000000c:6,0.002,0.0025,0.002,0.002,1.53,2026-06-18T04:50:19,0.002,1.53
ip_shuffle,20260618T045019_951680,of:0000000000000001:2 -> of:000000000000000c:1,0.002,0.0025,0.002,0.001,1.46,2026-06-18T04:50:19,0.002,1.56
ip_shuffle,20260618T045019_951680,of:0000000000000003:2 -> of:0000000000000008:3,0.002,0.0025,0.002,0.002,1.7,2026-06-18T04:50:19,0.002,1.76
ip_shuffle,20260618T045117_574280,of:0000000000000005:1 -> of:000000000000000c:5,0.002,0.0025,0.002,0.002,1.53,2026-06-18T04:51:17,0.002,1.6
ip_shuffle,20260618T045117_574280,of:000000000000000a:1 -> of:000000000000000d:6,0.002,0.0025,0.002,0.002,1.6,2026-06-18T04:51:17,0.002,1.6
ip_shuffle,20260618T045117_574280,of:000000000000000b:2 -> of:000000000000000c:2,0.002,0.0025,0.002,0.002,1.86,2026-06-18T04:51:17,0.002,1.86
ip_shuffle,20260618T045117_574280,of:0000000000000004:2 -> of:0000000000000009:2,0.002,0.0025,0.002,0.002,1.8,2026-06-18T04:51:17,0.002,1.86
ip_shuffle,20260618T045117_574280,of:0000000000000005:2 -> of:0000000000000009:3,0.002,0.0025,0.002,0.002,1.8,2026-06-18T04:51:17,0.002,1.86
ip_shuffle,20260618T045117_574280,of:000000000000000b:3 -> of:000000000000000d:2,0.002,0.0025,0.002,0.002,2.03,2026-06-18T04:51:17,0.002,2.03
ip_shuffle,20260618T045117_574280,of:0000000000000004:1 -> of:000000000000000c:4,0.002,0.0025,0.002,0.002,1.66,2026-06-18T04:51:17,0.002,1.73
ip_shuffle,20260618T045117_574280,of:000000000000000c:3 -> of:000000000000000d:3,0.002,0.0025,0.002,0.002,1.86,2026-06-18T04:51:17,0.002,1.86
ip_shuffle,20260618T045117_574280,of:0000000000000001:1 -> of:000000000000000b:1,0.003,0.00375,0.003,0.003,3.5,2026-06-18T04:51:17,0.003,3.56
ip_shuffle,20260618T045117_574280,of:0000000000000006:1 -> of:000000000000000d:4,0.002,0.0025,0.002,0.002,1.53,2026-06-18T04:51:17,0.002,1.6
ip_shuffle,20260618T045117_574280,of:0000000000000002:1 -> of:000000000000000b:4,0.002,0.0025,0.002,0.002,2.66,2026-06-18T04:51:17,0.002,2.73
ip_shuffle,20260618T045117_574280,of:0000000000000001:3 -> of:000000000000000d:1,0.002,0.0025,0.002,0.002,2.23,2026-06-18T04:51:17,0.002,2.3
ip_shuffle,20260618T045117_574280,of:0000000000000006:2 -> of:000000000000000a:2,0.002,0.0025,0.002,0.002,1.8,2026-06-18T04:51:17,0.002,1.86
ip_shuffle,20260618T045117_574280,of:0000000000000003:1 -> of:000000000000000b:5,0.002,0.0025,0.002,0.002,2.53,2026-06-18T04:51:17,0.002,2.6
ip_shuffle,20260618T045117_574280,of:0000000000000007:1 -> of:000000000000000d:5,0.002,0.0025,0.002,0.002,2.4,2026-06-18T04:51:17,0.002,2.46
ip_shuffle,20260618T045117_574280,of:0000000000000007:2 -> of:000000000000000a:3,0.002,0.0025,0.002,0.002,1.8,2026-06-18T04:51:17,0.002,1.86
ip_shuffle,20260618T045117_574280,of:0000000000000002:2 -> of:0000000000000008:2,0.002,0.0025,0.002,0.002,1.86,2026-06-18T04:51:17,0.002,1.86
ip_shuffle,20260618T045117_574280,of:0000000000000008:1 -> of:000000000000000b:6,0.002,0.0025,0.002,0.002,1.6,2026-06-18T04:51:17,0.002,1.6
ip_shuffle,20260618T045117_574280,of:0000000000000009:1 -> of:000000000000000c:6,0.002,0.0025,0.002,0.002,1.6,2026-06-18T04:51:17,0.002,1.6
ip_shuffle,20260618T045117_574280,of:0000000000000001:2 -> of:000000000000000c:1,0.002,0.0025,0.002,0.002,1.63,2026-06-18T04:51:17,0.002,1.7
ip_shuffle,20260618T045117_574280,of:0000000000000003:2 -> of:0000000000000008:3,0.002,0.0025,0.002,0.002,1.8,2026-06-18T04:51:17,0.002,1.86
route_mutation,20260618T045228_087058,of:0000000000000005:1 -> of:000000000000000c:5,0.002,0.0025,0.002,0.001,1.46,2026-06-18T04:52:28,0.002,1.53
route_mutation,20260618T045228_087058,of:000000000000000a:1 -> of:000000000000000d:6,0.002,0.0025,0.002,0.002,1.53,2026-06-18T04:52:28,0.002,1.53
route_mutation,20260618T045228_087058,of:000000000000000b:2 -> of:000000000000000c:2,0.002,0.0025,0.002,0.002,1.73,2026-06-18T04:52:28,0.002,1.73
route_mutation,20260618T045228_087058,of:0000000000000004:2 -> of:0000000000000009:2,0.002,0.0025,0.002,0.002,1.66,2026-06-18T04:52:28,0.002,1.73
route_mutation,20260618T045228_087058,of:0000000000000005:2 -> of:0000000000000009:3,0.002,0.0025,0.002,0.002,1.66,2026-06-18T04:52:28,0.002,1.73
route_mutation,20260618T045228_087058,of:000000000000000b:3 -> of:000000000000000d:2,0.002,0.0025,0.002,0.002,1.73,2026-06-18T04:52:28,0.002,1.73
route_mutation,20260618T045228_087058,of:0000000000000004:1 -> of:000000000000000c:4,0.002,0.0025,0.002,0.001,1.46,2026-06-18T04:52:28,0.002,1.53
route_mutation,20260618T045228_087058,of:000000000000000c:3 -> of:000000000000000d:3,0.002,0.0025,0.002,0.002,1.73,2026-06-18T04:52:28,0.002,1.73
route_mutation,20260618T045228_087058,of:0000000000000001:1 -> of:000000000000000b:1,0.003,0.00375,0.003,0.003,2.96,2026-06-18T04:52:28,0.003,3.03
route_mutation,20260618T045228_087058,of:0000000000000006:1 -> of:000000000000000d:4,0.002,0.0025,0.002,0.001,1.46,2026-06-18T04:52:28,0.002,1.53
route_mutation,20260618T045228_087058,of:0000000000000002:1 -> of:000000000000000b:4,0.002,0.0025,0.002,0.002,2.5,2026-06-18T04:52:28,0.002,2.56
route_mutation,20260618T045228_087058,of:0000000000000001:3 -> of:000000000000000d:1,0.002,0.0025,0.002,0.001,1.46,2026-06-18T04:52:28,0.002,1.53
route_mutation,20260618T045228_087058,of:0000000000000006:2 -> of:000000000000000a:2,0.002,0.0025,0.002,0.002,1.66,2026-06-18T04:52:28,0.002,1.73
route_mutation,20260618T045228_087058,of:0000000000000003:1 -> of:000000000000000b:5,0.002,0.0025,0.002,0.002,1.86,2026-06-18T04:52:28,0.002,2.0
route_mutation,20260618T045228_087058,of:0000000000000007:1 -> of:000000000000000d:5,0.002,0.0025,0.002,0.001,1.46,2026-06-18T04:52:28,0.002,1.53
route_mutation,20260618T045228_087058,of:0000000000000007:2 -> of:000000000000000a:3,0.002,0.0025,0.002,0.002,1.66,2026-06-18T04:52:28,0.002,1.73
route_mutation,20260618T045228_087058,of:0000000000000002:2 -> of:0000000000000008:2,0.002,0.0025,0.002,0.002,1.66,2026-06-18T04:52:28,0.002,1.73
route_mutation,20260618T045228_087058,of:0000000000000008:1 -> of:000000000000000b:6,0.002,0.0025,0.002,0.002,1.53,2026-06-18T04:52:28,0.002,1.53
route_mutation,20260618T045228_087058,of:0000000000000009:1 -> of:000000000000000c:6,0.002,0.0025,0.002,0.002,1.53,2026-06-18T04:52:28,0.002,1.53
route_mutation,20260618T045228_087058,of:0000000000000001:2 -> of:000000000000000c:1,0.002,0.0025,0.002,0.001,1.46,2026-06-18T04:52:28,0.002,1.53
route_mutation,20260618T045228_087058,of:0000000000000003:2 -> of:0000000000000008:3,0.002,0.0025,0.002,0.002,1.66,2026-06-18T04:52:28,0.002,1.73
route_mutation,20260618T045258_306180,of:0000000000000005:1 -> of:000000000000000c:5,0.002,0.0025,0.002,0.002,2.31,2026-06-18T04:52:58,0.002,2.22
route_mutation,20260618T045258_306180,of:000000000000000a:1 -> of:000000000000000d:6,0.001,0.00125,0.001,0.001,1.42,2026-06-18T04:52:58,0.001,1.42
route_mutation,20260618T045258_306180,of:000000000000000b:2 -> of:000000000000000c:2,0.001,0.00125,0.001,0.001,1.65,2026-06-18T04:52:58,0.001,1.65
route_mutation,20260618T045258_306180,of:0000000000000004:2 -> of:0000000000000009:2,0.002,0.0025,0.002,0.002,1.75,2026-06-18T04:52:58,0.001,1.62
route_mutation,20260618T045258_306180,of:0000000000000005:2 -> of:0000000000000009:3,0.002,0.0025,0.002,0.002,1.75,2026-06-18T04:52:58,0.001,1.62
route_mutation,20260618T045258_306180,of:000000000000000b:3 -> of:000000000000000d:2,0.002,0.0025,0.002,0.002,1.75,2026-06-18T04:52:58,0.002,1.75
route_mutation,20260618T045258_306180,of:0000000000000004:1 -> of:000000000000000c:4,0.002,0.0025,0.002,0.002,2.31,2026-06-18T04:52:58,0.002,2.22
route_mutation,20260618T045258_306180,of:000000000000000c:3 -> of:000000000000000d:3,0.001,0.00125,0.001,0.001,1.65,2026-06-18T04:52:58,0.001,1.65
route_mutation,20260618T045258_306180,of:0000000000000001:1 -> of:000000000000000b:1,0.002,0.0025,0.002,0.002,2.15,2026-06-18T04:52:58,0.002,1.95
route_mutation,20260618T045258_306180,of:0000000000000006:1 -> of:000000000000000d:4,0.002,0.0025,0.002,0.002,2.55,2026-06-18T04:52:58,0.002,2.31
route_mutation,20260618T045258_306180,of:0000000000000002:1 -> of:000000000000000b:4,0.002,0.0025,0.002,0.002,1.65,2026-06-18T04:52:58,0.002,1.59
route_mutation,20260618T045258_306180,of:0000000000000001:3 -> of:000000000000000d:1,0.002,0.0025,0.002,0.002,2.31,2026-06-18T04:52:58,0.002,2.28
route_mutation,20260618T045258_306180,of:0000000000000006:2 -> of:000000000000000a:2,0.002,0.0025,0.002,0.002,1.75,2026-06-18T04:52:58,0.001,1.62
route_mutation,20260618T045258_306180,of:0000000000000003:1 -> of:000000000000000b:5,0.002,0.0025,0.002,0.002,2.05,2026-06-18T04:52:58,0.002,1.95
route_mutation,20260618T045258_306180,of:0000000000000007:1 -> of:000000000000000d:5,0.002,0.0025,0.002,0.002,1.55,2026-06-18T04:52:58,0.001,1.42
route_mutation,20260618T045258_306180,of:0000000000000007:2 -> of:000000000000000a:3,0.002,0.0025,0.002,0.002,1.79,2026-06-18T04:52:58,0.001,1.65
route_mutation,20260618T045258_306180,of:0000000000000002:2 -> of:0000000000000008:2,0.002,0.0025,0.002,0.002,1.72,2026-06-18T04:52:58,0.001,1.59
route_mutation,20260618T045258_306180,of:0000000000000008:1 -> of:000000000000000b:6,0.001,0.00125,0.001,0.001,1.42,2026-06-18T04:52:58,0.001,1.42
route_mutation,20260618T045258_306180,of:0000000000000009:1 -> of:000000000000000c:6,0.001,0.00125,0.001,0.001,1.42,2026-06-18T04:52:58,0.001,1.42
route_mutation,20260618T045258_306180,of:0000000000000001:2 -> of:000000000000000c:1,0.003,0.00375,0.003,0.003,3.14,2026-06-18T04:52:58,0.003,2.94
route_mutation,20260618T045258_306180,of:0000000000000003:2 -> of:0000000000000008:3,0.002,0.0025,0.002,0.002,1.75,2026-06-18T04:52:58,0.001,1.62
route_mutation,20260618T045328_475227,of:0000000000000005:1 -> of:000000000000000c:5,0.002,0.0025,0.002,0.002,1.7,2026-06-18T04:53:28,0.002,1.73
route_mutation,20260618T045328_475227,of:000000000000000a:1 -> of:000000000000000d:6,0.002,0.0025,0.002,0.002,1.73,2026-06-18T04:53:28,0.002,1.73
route_mutation,20260618T045328_475227,of:000000000000000b:2 -> of:000000000000000c:2,0.002,0.0025,0.002,0.002,2.13,2026-06-18T04:53:28,0.002,2.13
route_mutation,20260618T045328_475227,of:0000000000000004:2 -> of:0000000000000009:2,0.002,0.0025,0.002,0.002,2.1,2026-06-18T04:53:28,0.002,2.16
route_mutation,20260618T045328_475227,of:0000000000000005:2 -> of:0000000000000009:3,0.002,0.0025,0.002,0.002,2.1,2026-06-18T04:53:28,0.002,2.16
route_mutation,20260618T045328_475227,of:000000000000000b:3 -> of:000000000000000d:2,0.002,0.0025,0.002,0.002,2.13,2026-06-18T04:53:28,0.002,2.13
route_mutation,20260618T045328_475227,of:0000000000000004:1 -> of:000000000000000c:4,0.002,0.0025,0.002,0.002,1.7,2026-06-18T04:53:28,0.002,1.73
route_mutation,20260618T045328_475227,of:000000000000000c:3 -> of:000000000000000d:3,0.002,0.0025,0.002,0.002,2.13,2026-06-18T04:53:28,0.002,2.13
route_mutation,20260618T045328_475227,of:0000000000000001:1 -> of:000000000000000b:1,0.002,0.0025,0.002,0.002,1.73,2026-06-18T04:53:28,0.002,1.86
route_mutation,20260618T045328_475227,of:0000000000000006:1 -> of:000000000000000d:4,0.002,0.0025,0.002,0.002,1.8,2026-06-18T04:53:28,0.002,1.96
route_mutation,20260618T045328_475227,of:0000000000000002:1 -> of:000000000000000b:4,0.002,0.0025,0.002,0.002,1.8,2026-06-18T04:53:28,0.002,1.8
route_mutation,20260618T045328_475227,of:0000000000000001:3 -> of:000000000000000d:1,0.003,0.00375,0.003,0.003,3.13,2026-06-18T04:53:28,0.003,3.1
route_mutation,20260618T045328_475227,of:0000000000000006:2 -> of:000000000000000a:2,0.002,0.0025,0.002,0.002,2.1,2026-06-18T04:53:28,0.002,2.16
route_mutation,20260618T045328_475227,of:0000000000000003:1 -> of:000000000000000b:5,0.002,0.0025,0.002,0.002,1.76,2026-06-18T04:53:28,0.002,1.73
route_mutation,20260618T045328_475227,of:0000000000000007:1 -> of:000000000000000d:5,0.003,0.00375,0.003,0.002,2.86,2026-06-18T04:53:28,0.003,2.93
route_mutation,20260618T045328_475227,of:0000000000000007:2 -> of:000000000000000a:3,0.002,0.0025,0.002,0.002,2.06,2026-06-18T04:53:28,0.002,2.13
route_mutation,20260618T045328_475227,of:0000000000000002:2 -> of:0000000000000008:2,0.002,0.0025,0.002,0.002,2.13,2026-06-18T04:53:28,0.002,2.2
route_mutation,20260618T045328_475227,of:0000000000000008:1 -> of:000000000000000b:6,0.002,0.0025,0.002,0.002,1.73,2026-06-18T04:53:28,0.002,1.73
route_mutation,20260618T045328_475227,of:0000000000000009:1 -> of:000000000000000c:6,0.002,0.0025,0.002,0.002,1.73,2026-06-18T04:53:28,0.002,1.73
route_mutation,20260618T045328_475227,of:0000000000000001:2 -> of:000000000000000c:1,0.002,0.0025,0.002,0.002,1.66,2026-06-18T04:53:28,0.002,1.8
route_mutation,20260618T045328_475227,of:0000000000000003:2 -> of:0000000000000008:3,0.002,0.0025,0.002,0.002,2.1,2026-06-18T04:53:28,0.002,2.16
route_mutation,20260618T045358_764122,of:0000000000000005:1 -> of:000000000000000c:5,0.002,0.0025,0.002,0.001,1.43,2026-06-18T04:53:58,0.002,1.53
route_mutation,20260618T045358_764122,of:000000000000000a:1 -> of:000000000000000d:6,0.002,0.0025,0.002,0.002,1.53,2026-06-18T04:53:58,0.002,1.53
route_mutation,20260618T045358_764122,of:000000000000000b:2 -> of:000000000000000c:2,0.002,0.0025,0.002,0.002,1.73,2026-06-18T04:53:58,0.002,1.73
route_mutation,20260618T045358_764122,of:0000000000000004:2 -> of:0000000000000009:2,0.002,0.0025,0.002,0.002,1.63,2026-06-18T04:53:58,0.002,1.7
route_mutation,20260618T045358_764122,of:0000000000000005:2 -> of:0000000000000009:3,0.002,0.0025,0.002,0.002,1.63,2026-06-18T04:53:58,0.002,1.7
route_mutation,20260618T045358_764122,of:000000000000000b:3 -> of:000000000000000d:2,0.002,0.0025,0.002,0.002,1.73,2026-06-18T04:53:58,0.002,1.73
route_mutation,20260618T045358_764122,of:0000000000000004:1 -> of:000000000000000c:4,0.002,0.0025,0.002,0.001,1.43,2026-06-18T04:53:58,0.002,1.53
route_mutation,20260618T045358_764122,of:000000000000000c:3 -> of:000000000000000d:3,0.002,0.0025,0.002,0.002,1.73,2026-06-18T04:53:58,0.002,1.73
route_mutation,20260618T045358_764122,of:0000000000000001:1 -> of:000000000000000b:1,0.003,0.00375,0.003,0.003,2.76,2026-06-18T04:53:58,0.003,2.9
route_mutation,20260618T045358_764122,of:0000000000000006:1 -> of:000000000000000d:4,0.002,0.0025,0.002,0.001,1.43,2026-06-18T04:53:58,0.002,1.53
route_mutation,20260618T045358_764122,of:0000000000000002:1 -> of:000000000000000b:4,0.002,0.0025,0.002,0.002,2.43,2026-06-18T04:53:58,0.002,2.56
route_mutation,20260618T045358_764122,of:0000000000000001:3 -> of:000000000000000d:1,0.002,0.0025,0.002,0.001,1.46,2026-06-18T04:53:58,0.002,1.46
route_mutation,20260618T045358_764122,of:0000000000000006:2 -> of:000000000000000a:2,0.002,0.0025,0.002,0.002,1.63,2026-06-18T04:53:58,0.002,1.7
route_mutation,20260618T045358_764122,of:0000000000000003:1 -> of:000000000000000b:5,0.002,0.0025,0.002,0.002,1.76,2026-06-18T04:53:58,0.002,1.8
route_mutation,20260618T045358_764122,of:0000000000000007:1 -> of:000000000000000d:5,0.002,0.0025,0.002,0.001,1.43,2026-06-18T04:53:58,0.002,1.53
route_mutation,20260618T045358_764122,of:0000000000000007:2 -> of:000000000000000a:3,0.002,0.0025,0.002,0.002,1.7,2026-06-18T04:53:58,0.002,1.7
route_mutation,20260618T045358_764122,of:0000000000000002:2 -> of:0000000000000008:2,0.002,0.0025,0.002,0.002,1.6,2026-06-18T04:53:58,0.002,1.66
route_mutation,20260618T045358_764122,of:0000000000000008:1 -> of:000000000000000b:6,0.002,0.0025,0.002,0.002,1.53,2026-06-18T04:53:58,0.002,1.53
route_mutation,20260618T045358_764122,of:0000000000000009:1 -> of:000000000000000c:6,0.002,0.0025,0.002,0.002,1.53,2026-06-18T04:53:58,0.002,1.53
route_mutation,20260618T045358_764122,of:0000000000000001:2 -> of:000000000000000c:1,0.002,0.0025,0.002,0.001,1.46,2026-06-18T04:53:58,0.002,1.46
route_mutation,20260618T045358_764122,of:0000000000000003:2 -> of:0000000000000008:3,0.002,0.0025,0.002,0.002,1.6,2026-06-18T04:53:58,0.002,1.66
route_mutation,20260618T045429_081787,of:0000000000000005:1 -> of:000000000000000c:5,0.002,0.0025,0.002,0.002,2.36,2026-06-18T04:54:29,0.002,2.23
route_mutation,20260618T045429_081787,of:000000000000000a:1 -> of:000000000000000d:6,0.001,0.00125,0.001,0.001,1.5,2026-06-18T04:54:29,0.001,1.43
route_mutation,20260618T045429_081787,of:000000000000000b:2 -> of:000000000000000c:2,0.001,0.00125,0.001,0.001,1.66,2026-06-18T04:54:29,0.001,1.66
route_mutation,20260618T045429_081787,of:0000000000000004:2 -> of:0000000000000009:2,0.002,0.0025,0.002,0.002,1.8,2026-06-18T04:54:29,0.001,1.66
route_mutation,20260618T045429_081787,of:0000000000000005:2 -> of:0000000000000009:3,0.002,0.0025,0.002,0.002,1.8,2026-06-18T04:54:29,0.001,1.66
route_mutation,20260618T045429_081787,of:000000000000000b:3 -> of:000000000000000d:2,0.002,0.0025,0.002,0.002,1.8,2026-06-18T04:54:29,0.002,1.73
route_mutation,20260618T045429_081787,of:0000000000000004:1 -> of:000000000000000c:4,0.002,0.0025,0.002,0.002,2.36,2026-06-18T04:54:29,0.002,2.23
route_mutation,20260618T045429_081787,of:000000000000000c:3 -> of:000000000000000d:3,0.001,0.00125,0.001,0.001,1.66,2026-06-18T04:54:29,0.001,1.66
route_mutation,20260618T045429_081787,of:0000000000000001:1 -> of:000000000000000b:1,0.002,0.0025,0.002,0.002,2.4,2026-06-18T04:54:29,0.002,2.13
route_mutation,20260618T045429_081787,of:0000000000000006:1 -> of:000000000000000d:4,0.002,0.0025,0.002,0.002,2.53,2026-06-18T04:54:29,0.002,2.33
route_mutation,20260618T045429_081787,of:0000000000000002:1 -> of:000000000000000b:4,0.002,0.0025,0.002,0.002,1.7,2026-06-18T04:54:29,0.002,1.56
route_mutation,20260618T045429_081787,of:0000000000000001:3 -> of:000000000000000d:1,0.002,0.0025,0.002,0.002,2.4,2026-06-18T04:54:29,0.002,2.4
route_mutation,20260618T045429_081787,of:0000000000000006:2 -> of:000000000000000a:2,0.002,0.0025,0.002,0.002,1.8,2026-06-18T04:54:29,0.001,1.66
route_mutation,20260618T045429_081787,of:0000000000000003:1 -> of:000000000000000b:5,0.002,0.0025,0.002,0.002,2.2,2026-06-18T04:54:29,0.002,2.2
route_mutation,20260618T045429_081787,of:0000000000000007:1 -> of:000000000000000d:5,0.002,0.0025,0.002,0.002,1.63,2026-06-18T04:54:29,0.001,1.5
route_mutation,20260618T045429_081787,of:0000000000000007:2 -> of:000000000000000a:3,0.002,0.0025,0.002,0.002,1.76,2026-06-18T04:54:29,0.002,1.7
route_mutation,20260618T045429_081787,of:0000000000000002:2 -> of:0000000000000008:2,0.002,0.0025,0.002,0.002,1.8,2026-06-18T04:54:29,0.001,1.66
route_mutation,20260618T045429_081787,of:0000000000000008:1 -> of:000000000000000b:6,0.001,0.00125,0.001,0.001,1.43,2026-06-18T04:54:29,0.001,1.43
route_mutation,20260618T045429_081787,of:0000000000000009:1 -> of:000000000000000c:6,0.001,0.00125,0.001,0.001,1.43,2026-06-18T04:54:29,0.001,1.43
route_mutation,20260618T045429_081787,of:0000000000000001:2 -> of:000000000000000c:1,0.003,0.00375,0.003,0.003,3.16,2026-06-18T04:54:29,0.003,3.03
route_mutation,20260618T045429_081787,of:0000000000000003:2 -> of:0000000000000008:3,0.002,0.0025,0.002,0.002,1.83,2026-06-18T04:54:29,0.001,1.7
route_mutation,20260618T045459_262358,of:0000000000000005:1 -> of:000000000000000c:5,0.002,0.0025,0.002,0.002,1.73,2026-06-18T04:54:59,0.002,1.7
route_mutation,20260618T045459_262358,of:000000000000000a:1 -> of:000000000000000d:6,0.002,0.0025,0.002,0.002,1.63,2026-06-18T04:54:59,0.002,1.7
route_mutation,20260618T045459_262358,of:000000000000000b:2 -> of:000000000000000c:2,0.002,0.0025,0.002,0.002,2.06,2026-06-18T04:54:59,0.002,2.06
route_mutation,20260618T045459_262358,of:0000000000000004:2 -> of:0000000000000009:2,0.002,0.0025,0.002,0.002,2.03,2026-06-18T04:54:59,0.002,2.1
route_mutation,20260618T045459_262358,of:0000000000000005:2 -> of:0000000000000009:3,0.002,0.0025,0.002,0.002,2.03,2026-06-18T04:54:59,0.002,2.1
route_mutation,20260618T045459_262358,of:000000000000000b:3 -> of:000000000000000d:2,0.002,0.0025,0.002,0.002,2.06,2026-06-18T04:54:59,0.002,2.13
route_mutation,20260618T045459_262358,of:0000000000000004:1 -> of:000000000000000c:4,0.002,0.0025,0.002,0.002,1.73,2026-06-18T04:54:59,0.002,1.7
route_mutation,20260618T045459_262358,of:000000000000000c:3 -> of:000000000000000d:3,0.002,0.0025,0.002,0.002,2.06,2026-06-18T04:54:59,0.002,2.06
route_mutation,20260618T045459_262358,of:0000000000000001:1 -> of:000000000000000b:1,0.002,0.0025,0.002,0.002,1.63,2026-06-18T04:54:59,0.002,1.76
route_mutation,20260618T045459_262358,of:0000000000000006:1 -> of:000000000000000d:4,0.002,0.0025,0.002,0.002,1.86,2026-06-18T04:54:59,0.002,1.96
route_mutation,20260618T045459_262358,of:0000000000000002:1 -> of:000000000000000b:4,0.002,0.0025,0.002,0.002,1.83,2026-06-18T04:54:59,0.002,1.76
route_mutation,20260618T045459_262358,of:0000000000000001:3 -> of:000000000000000d:1,0.003,0.00375,0.003,0.003,3.03,2026-06-18T04:54:59,0.003,3.03
route_mutation,20260618T045459_262358,of:0000000000000006:2 -> of:000000000000000a:2,0.002,0.0025,0.002,0.002,2.03,2026-06-18T04:54:59,0.002,2.1
route_mutation,20260618T045459_262358,of:0000000000000003:1 -> of:000000000000000b:5,0.002,0.0025,0.002,0.002,1.73,2026-06-18T04:54:59,0.002,1.7
route_mutation,20260618T045459_262358,of:0000000000000007:1 -> of:000000000000000d:5,0.002,0.0025,0.002,0.002,2.8,2026-06-18T04:54:59,0.002,2.83
route_mutation,20260618T045459_262358,of:0000000000000007:2 -> of:000000000000000a:3,0.002,0.0025,0.002,0.002,2.0,2026-06-18T04:54:59,0.002,2.06
route_mutation,20260618T045459_262358,of:0000000000000002:2 -> of:0000000000000008:2,0.002,0.0025,0.002,0.002,2.13,2026-06-18T04:54:59,0.002,2.13
route_mutation,20260618T045459_262358,of:0000000000000008:1 -> of:000000000000000b:6,0.002,0.0025,0.002,0.002,1.7,2026-06-18T04:54:59,0.002,1.7
route_mutation,20260618T045459_262358,of:0000000000000009:1 -> of:000000000000000c:6,0.002,0.0025,0.002,0.002,1.7,2026-06-18T04:54:59,0.002,1.7
route_mutation,20260618T045459_262358,of:0000000000000001:2 -> of:000000000000000c:1,0.002,0.0025,0.002,0.002,1.63,2026-06-18T04:54:59,0.002,1.76
route_mutation,20260618T045459_262358,of:0000000000000003:2 -> of:0000000000000008:3,0.002,0.0025,0.002,0.002,2.03,2026-06-18T04:54:59,0.002,2.1
ip_shuffle,20260618T045529_503281,of:0000000000000005:1 -> of:000000000000000c:5,0.002,0.0025,0.002,0.001,1.4,2026-06-18T04:55:29,0.002,1.53
ip_shuffle,20260618T045529_503281,of:000000000000000a:1 -> of:000000000000000d:6,0.002,0.0025,0.002,0.002,1.53,2026-06-18T04:55:29,0.002,1.53
ip_shuffle,20260618T045529_503281,of:000000000000000b:2 -> of:000000000000000c:2,0.002,0.0025,0.002,0.002,1.73,2026-06-18T04:55:29,0.002,1.73
ip_shuffle,20260618T045529_503281,of:0000000000000004:2 -> of:0000000000000009:2,0.002,0.0025,0.002,0.002,1.67,2026-06-18T04:55:29,0.002,1.73
ip_shuffle,20260618T045529_503281,of:0000000000000005:2 -> of:0000000000000009:3,0.002,0.0025,0.002,0.002,1.67,2026-06-18T04:55:29,0.002,1.73
ip_shuffle,20260618T045529_503281,of:000000000000000b:3 -> of:000000000000000d:2,0.002,0.0025,0.002,0.002,1.73,2026-06-18T04:55:29,0.002,1.73
ip_shuffle,20260618T045529_503281,of:0000000000000004:1 -> of:000000000000000c:4,0.002,0.0025,0.002,0.001,1.4,2026-06-18T04:55:29,0.002,1.53
ip_shuffle,20260618T045529_503281,of:000000000000000c:3 -> of:000000000000000d:3,0.002,0.0025,0.002,0.002,1.73,2026-06-18T04:55:29,0.002,1.73
ip_shuffle,20260618T045529_503281,of:0000000000000001:1 -> of:000000000000000b:1,0.003,0.00375,0.003,0.003,2.86,2026-06-18T04:55:29,0.003,3.03
ip_shuffle,20260618T045529_503281,of:0000000000000006:1 -> of:000000000000000d:4,0.002,0.0025,0.002,0.001,1.47,2026-06-18T04:55:29,0.002,1.53
ip_shuffle,20260618T045529_503281,of:0000000000000002:1 -> of:000000000000000b:4,0.002,0.0025,0.002,0.002,2.4,2026-06-18T04:55:29,0.002,2.56
ip_shuffle,20260618T045529_503281,of:0000000000000001:3 -> of:000000000000000d:1,0.002,0.0025,0.002,0.001,1.47,2026-06-18T04:55:29,0.002,1.5
ip_shuffle,20260618T045529_503281,of:0000000000000006:2 -> of:000000000000000a:2,0.002,0.0025,0.002,0.002,1.67,2026-06-18T04:55:29,0.002,1.73
ip_shuffle,20260618T045529_503281,of:0000000000000003:1 -> of:000000000000000b:5,0.002,0.0025,0.002,0.002,1.86,2026-06-18T04:55:29,0.002,1.93
ip_shuffle,20260618T045529_503281,of:0000000000000007:1 -> of:000000000000000d:5,0.002,0.0025,0.002,0.002,1.53,2026-06-18T04:55:29,0.002,1.53
ip_shuffle,20260618T045529_503281,of:0000000000000007:2 -> of:000000000000000a:3,0.002,0.0025,0.002,0.002,1.73,2026-06-18T04:55:29,0.002,1.73
ip_shuffle,20260618T045529_503281,of:0000000000000002:2 -> of:0000000000000008:2,0.002,0.0025,0.002,0.001,1.57,2026-06-18T04:55:29,0.002,1.7
ip_shuffle,20260618T045529_503281,of:0000000000000008:1 -> of:000000000000000b:6,0.002,0.0025,0.002,0.002,1.53,2026-06-18T04:55:29,0.002,1.53
ip_shuffle,20260618T045529_503281,of:0000000000000009:1 -> of:000000000000000c:6,0.002,0.0025,0.002,0.002,1.53,2026-06-18T04:55:29,0.002,1.53
ip_shuffle,20260618T045529_503281,of:0000000000000001:2 -> of:000000000000000c:1,0.002,0.0025,0.002,0.001,1.47,2026-06-18T04:55:29,0.002,1.5
ip_shuffle,20260618T045529_503281,of:0000000000000003:2 -> of:0000000000000008:3,0.002,0.0025,0.002,0.002,1.67,2026-06-18T04:55:29,0.002,1.73
ip_shuffle,20260618T045634_701877,of:0000000000000005:1 -> of:000000000000000c:5,0.002,0.0025,0.002,0.002,1.7,2026-06-18T04:56:34,0.002,1.66
ip_shuffle,20260618T045634_701877,of:000000000000000a:1 -> of:000000000000000d:6,0.002,0.0025,0.002,0.002,1.63,2026-06-18T04:56:34,0.002,1.66
ip_shuffle,20260618T045634_701877,of:000000000000000b:2 -> of:000000000000000c:2,0.002,0.0025,0.002,0.002,2.0,2026-06-18T04:56:34,0.002,2.0
ip_shuffle,20260618T045634_701877,of:0000000000000004:2 -> of:0000000000000009:2,0.002,0.0025,0.002,0.002,2.03,2026-06-18T04:56:34,0.002,2.1
ip_shuffle,20260618T045634_701877,of:0000000000000005:2 -> of:0000000000000009:3,0.002,0.0025,0.002,0.002,2.0,2026-06-18T04:56:34,0.002,2.06
ip_shuffle,20260618T045634_701877,of:000000000000000b:3 -> of:000000000000000d:2,0.002,0.0025,0.002,0.002,1.93,2026-06-18T04:56:34,0.002,2.0
ip_shuffle,20260618T045634_701877,of:0000000000000004:1 -> of:000000000000000c:4,0.002,0.0025,0.002,0.002,1.73,2026-06-18T04:56:34,0.002,1.66
ip_shuffle,20260618T045634_701877,of:000000000000000c:3 -> of:000000000000000d:3,0.002,0.0025,0.002,0.002,1.93,2026-06-18T04:56:34,0.002,2.0
ip_shuffle,20260618T045634_701877,of:0000000000000001:1 -> of:000000000000000b:1,0.002,0.0025,0.002,0.002,1.6,2026-06-18T04:56:34,0.002,1.73
ip_shuffle,20260618T045634_701877,of:0000000000000006:1 -> of:000000000000000d:4,0.002,0.0025,0.002,0.002,1.7,2026-06-18T04:56:34,0.002,1.73
ip_shuffle,20260618T045634_701877,of:0000000000000002:1 -> of:000000000000000b:4,0.002,0.0025,0.002,0.002,1.73,2026-06-18T04:56:34,0.002,1.66
ip_shuffle,20260618T045634_701877,of:0000000000000001:3 -> of:000000000000000d:1,0.002,0.0025,0.002,0.002,2.86,2026-06-18T04:56:34,0.002,2.83
ip_shuffle,20260618T045634_701877,of:0000000000000006:2 -> of:000000000000000a:2,0.002,0.0025,0.002,0.002,2.0,2026-06-18T04:56:34,0.002,2.06
ip_shuffle,20260618T045634_701877,of:0000000000000003:1 -> of:000000000000000b:5,0.002,0.0025,0.002,0.002,1.73,2026-06-18T04:56:34,0.002,1.66
ip_shuffle,20260618T045634_701877,of:0000000000000007:1 -> of:000000000000000d:5,0.002,0.0025,0.002,0.002,2.66,2026-06-18T04:56:34,0.002,2.76
ip_shuffle,20260618T045634_701877,of:0000000000000007:2 -> of:000000000000000a:3,0.002,0.0025,0.002,0.002,2.0,2026-06-18T04:56:34,0.002,2.06
ip_shuffle,20260618T045634_701877,of:0000000000000002:2 -> of:0000000000000008:2,0.002,0.0025,0.002,0.002,2.1,2026-06-18T04:56:34,0.002,2.1
ip_shuffle,20260618T045634_701877,of:0000000000000008:1 -> of:000000000000000b:6,0.002,0.0025,0.002,0.002,1.7,2026-06-18T04:56:34,0.002,1.66
ip_shuffle,20260618T045634_701877,of:0000000000000009:1 -> of:000000000000000c:6,0.002,0.0025,0.002,0.002,1.7,2026-06-18T04:56:34,0.002,1.66
ip_shuffle,20260618T045634_701877,of:0000000000000001:2 -> of:000000000000000c:1,0.002,0.0025,0.002,0.002,1.6,2026-06-18T04:56:34,0.002,1.73
ip_shuffle,20260618T045634_701877,of:0000000000000003:2 -> of:0000000000000008:3,0.002,0.0025,0.002,0.002,2.03,2026-06-18T04:56:34,0.002,2.1
ip_shuffle,20260618T045732_393979,of:0000000000000005:1 -> of:000000000000000c:5,0.002,0.0025,0.002,0.002,2.36,2026-06-18T04:57:32,0.002,2.36
ip_shuffle,20260618T045732_393979,of:000000000000000a:1 -> of:000000000000000d:6,0.002,0.0025,0.002,0.002,1.53,2026-06-18T04:57:32,0.002,1.56
ip_shuffle,20260618T045732_393979,of:000000000000000b:2 -> of:000000000000000c:2,0.002,0.0025,0.002,0.002,1.76,2026-06-18T04:57:32,0.002,1.76
ip_shuffle,20260618T045732_393979,of:0000000000000004:2 -> of:0000000000000009:2,0.002,0.0025,0.002,0.002,1.83,2026-06-18T04:57:32,0.002,1.7
ip_shuffle,20260618T045732_393979,of:0000000000000005:2 -> of:0000000000000009:3,0.002,0.0025,0.002,0.002,1.83,2026-06-18T04:57:32,0.002,1.76
ip_shuffle,20260618T045732_393979,of:000000000000000b:3 -> of:000000000000000d:2,0.002,0.0025,0.002,0.002,1.96,2026-06-18T04:57:32,0.002,1.96
ip_shuffle,20260618T045732_393979,of:0000000000000004:1 -> of:000000000000000c:4,0.002,0.0025,0.002,0.002,2.36,2026-06-18T04:57:32,0.002,2.3
ip_shuffle,20260618T045732_393979,of:000000000000000c:3 -> of:000000000000000d:3,0.002,0.0025,0.002,0.002,1.86,2026-06-18T04:57:32,0.002,1.86
ip_shuffle,20260618T045732_393979,of:0000000000000001:1 -> of:000000000000000b:1,0.002,0.0025,0.002,0.002,2.33,2026-06-18T04:57:32,0.002,2.06
ip_shuffle,20260618T045732_393979,of:0000000000000006:1 -> of:000000000000000d:4,0.002,0.0025,0.002,0.002,2.6,2026-06-18T04:57:32,0.002,2.56
ip_shuffle,20260618T045732_393979,of:0000000000000002:1 -> of:000000000000000b:4,0.002,0.0025,0.002,0.002,1.73,2026-06-18T04:57:32,0.002,1.7
ip_shuffle,20260618T045732_393979,of:0000000000000001:3 -> of:000000000000000d:1,0.002,0.0025,0.002,0.002,2.43,2026-06-18T04:57:32,0.002,2.53
ip_shuffle,20260618T045732_393979,of:0000000000000006:2 -> of:000000000000000a:2,0.002,0.0025,0.002,0.002,1.86,2026-06-18T04:57:32,0.002,1.73
ip_shuffle,20260618T045732_393979,of:0000000000000003:1 -> of:000000000000000b:5,0.002,0.0025,0.002,0.002,2.13,2026-06-18T04:57:32,0.002,2.1
ip_shuffle,20260618T045732_393979,of:0000000000000007:1 -> of:000000000000000d:5,0.002,0.0025,0.002,0.002,1.66,2026-06-18T04:57:32,0.002,1.63
ip_shuffle,20260618T045732_393979,of:0000000000000007:2 -> of:000000000000000a:3,0.002,0.0025,0.002,0.002,1.8,2026-06-18T04:57:32,0.002,1.73
ip_shuffle,20260618T045732_393979,of:0000000000000002:2 -> of:0000000000000008:2,0.002,0.0025,0.002,0.002,1.83,2026-06-18T04:57:32,0.002,1.76
ip_shuffle,20260618T045732_393979,of:0000000000000008:1 -> of:000000000000000b:6,0.001,0.00125,0.001,0.001,1.47,2026-06-18T04:57:32,0.001,1.47
ip_shuffle,20260618T045732_393979,of:0000000000000009:1 -> of:000000000000000c:6,0.001,0.00125,0.001,0.001,1.47,2026-06-18T04:57:32,0.001,1.5
ip_shuffle,20260618T045732_393979,of:0000000000000001:2 -> of:000000000000000c:1,0.003,0.00375,0.003,0.003,3.23,2026-06-18T04:57:32,0.003,3.06
ip_shuffle,20260618T045732_393979,of:0000000000000003:2 -> of:0000000000000008:3,0.002,0.0025,0.002,0.002,1.83,2026-06-18T04:57:32,0.002,1.7
ip_shuffle,20260618T045830_017070,of:0000000000000005:1 -> of:000000000000000c:5,0.002,0.0025,0.002,0.001,1.4,2026-06-18T04:58:30,0.002,1.53
ip_shuffle,20260618T045830_017070,of:000000000000000a:1 -> of:000000000000000d:6,0.002,0.0025,0.002,0.002,1.53,2026-06-18T04:58:30,0.002,1.53
ip_shuffle,20260618T045830_017070,of:000000000000000b:2 -> of:000000000000000c:2,0.002,0.0025,0.002,0.002,1.73,2026-06-18T04:58:30,0.002,1.73
ip_shuffle,20260618T045830_017070,of:0000000000000004:2 -> of:0000000000000009:2,0.002,0.0025,0.002,0.002,1.66,2026-06-18T04:58:30,0.002,1.73
ip_shuffle,20260618T045830_017070,of:0000000000000005:2 -> of:0000000000000009:3,0.002,0.0025,0.002,0.002,1.66,2026-06-18T04:58:30,0.002,1.73
ip_shuffle,20260618T045830_017070,of:000000000000000b:3 -> of:000000000000000d:2,0.002,0.0025,0.002,0.002,1.73,2026-06-18T04:58:30,0.002,1.73
ip_shuffle,20260618T045830_017070,of:0000000000000004:1 -> of:000000000000000c:4,0.002,0.0025,0.002,0.001,1.4,2026-06-18T04:58:30,0.002,1.53
ip_shuffle,20260618T045830_017070,of:000000000000000c:3 -> of:000000000000000d:3,0.002,0.0025,0.002,0.002,1.73,2026-06-18T04:58:30,0.002,1.73
ip_shuffle,20260618T045830_017070,of:0000000000000001:1 -> of:000000000000000b:1,0.003,0.00375,0.003,0.003,2.96,2026-06-18T04:58:30,0.003,3.13
ip_shuffle,20260618T045830_017070,of:0000000000000006:1 -> of:000000000000000d:4,0.002,0.0025,0.002,0.001,1.47,2026-06-18T04:58:30,0.002,1.53
ip_shuffle,20260618T045830_017070,of:0000000000000002:1 -> of:000000000000000b:4,0.002,0.0025,0.002,0.002,2.43,2026-06-18T04:58:30,0.002,2.56
ip_shuffle,20260618T045830_017070,of:0000000000000001:3 -> of:000000000000000d:1,0.002,0.0025,0.002,0.002,1.53,2026-06-18T04:58:30,0.002,1.53
ip_shuffle,20260618T045830_017070,of:0000000000000006:2 -> of:000000000000000a:2,0.002,0.0025,0.002,0.002,1.73,2026-06-18T04:58:30,0.002,1.73
ip_shuffle,20260618T045830_017070,of:0000000000000003:1 -> of:000000000000000b:5,0.002,0.0025,0.002,0.002,1.96,2026-06-18T04:58:30,0.002,2.1
ip_shuffle,20260618T045830_017070,of:0000000000000007:1 -> of:000000000000000d:5,0.002,0.0025,0.002,0.002,1.53,2026-06-18T04:58:30,0.002,1.53
ip_shuffle,20260618T045830_017070,of:0000000000000007:2 -> of:000000000000000a:3,0.002,0.0025,0.002,0.002,1.73,2026-06-18T04:58:30,0.002,1.73
ip_shuffle,20260618T045830_017070,of:0000000000000002:2 -> of:0000000000000008:2,0.002,0.0025,0.002,0.001,1.6,2026-06-18T04:58:30,0.002,1.73
ip_shuffle,20260618T045830_017070,of:0000000000000008:1 -> of:000000000000000b:6,0.002,0.0025,0.002,0.002,1.53,2026-06-18T04:58:30,0.002,1.53
ip_shuffle,20260618T045830_017070,of:0000000000000009:1 -> of:000000000000000c:6,0.002,0.0025,0.002,0.002,1.53,2026-06-18T04:58:30,0.002,1.53
ip_shuffle,20260618T045830_017070,of:0000000000000001:2 -> of:000000000000000c:1,0.002,0.0025,0.002,0.001,1.4,2026-06-18T04:58:30,0.002,1.53
ip_shuffle,20260618T045830_017070,of:0000000000000003:2 -> of:0000000000000008:3,0.002,0.0025,0.002,0.001,1.6,2026-06-18T04:58:30,0.002,1.73
route_mutation,20260618T045927_522053,of:0000000000000005:1 -> of:000000000000000c:5,0.002,0.0025,0.002,0.002,1.63,2026-06-18T04:59:27,0.001,1.47
route_mutation,20260618T045927_522053,of:000000000000000a:1 -> of:000000000000000d:6,0.002,0.0025,0.002,0.002,1.56,2026-06-18T04:59:27,0.002,1.53
route_mutation,20260618T045927_522053,of:000000000000000b:2 -> of:000000000000000c:2,0.002,0.0025,0.002,0.002,1.8,2026-06-18T04:59:27,0.002,1.8
route_mutation,20260618T045927_522053,of:0000000000000004:2 -> of:0000000000000009:2,0.002,0.0025,0.002,0.002,1.9,2026-06-18T04:59:27,0.002,1.96
route_mutation,20260618T045927_522053,of:0000000000000005:2 -> of:0000000000000009:3,0.002,0.0025,0.002,0.002,1.86,2026-06-18T04:59:27,0.002,1.86
route_mutation,20260618T045927_522053,of:000000000000000b:3 -> of:000000000000000d:2,0.002,0.0025,0.002,0.002,1.8,2026-06-18T04:59:27,0.002,1.8
route_mutation,20260618T045927_522053,of:0000000000000004:1 -> of:000000000000000c:4,0.002,0.0025,0.002,0.002,1.66,2026-06-18T04:59:27,0.002,1.53
route_mutation,20260618T045927_522053,of:000000000000000c:3 -> of:000000000000000d:3,0.002,0.0025,0.002,0.002,1.8,2026-06-18T04:59:27,0.002,1.73
route_mutation,20260618T045927_522053,of:0000000000000001:1 -> of:000000000000000b:1,0.002,0.0025,0.002,0.002,1.6,2026-06-18T04:59:27,0.002,1.6
route_mutation,20260618T045927_522053,of:0000000000000006:1 -> of:000000000000000d:4,0.002,0.0025,0.002,0.002,1.66,2026-06-18T04:59:27,0.002,1.56
route_mutation,20260618T045927_522053,of:0000000000000002:1 -> of:000000000000000b:4,0.002,0.0025,0.002,0.002,1.66,2026-06-18T04:59:27,0.002,1.53
route_mutation,20260618T045927_522053,of:0000000000000001:3 -> of:000000000000000d:1,0.002,0.0025,0.002,0.002,2.73,2026-06-18T04:59:27,0.002,2.5
route_mutation,20260618T045927_522053,of:0000000000000006:2 -> of:000000000000000a:2,0.002,0.0025,0.002,0.002,1.86,2026-06-18T04:59:27,0.002,1.93
route_mutation,20260618T045927_522053,of:0000000000000003:1 -> of:000000000000000b:5,0.002,0.0025,0.002,0.002,1.66,2026-06-18T04:59:27,0.002,1.6
route_mutation,20260618T045927_522053,of:0000000000000007:1 -> of:000000000000000d:5,0.002,0.0025,0.002,0.002,2.5,2026-06-18T04:59:27,0.002,2.56
route_mutation,20260618T045927_522053,of:0000000000000007:2 -> of:000000000000000a:3,0.002,0.0025,0.002,0.002,1.83,2026-06-18T04:59:27,0.002,1.93
route_mutation,20260618T045927_522053,of:0000000000000002:2 -> of:0000000000000008:2,0.002,0.0025,0.002,0.002,1.96,2026-06-18T04:59:27,0.002,1.9
route_mutation,20260618T045927_522053,of:0000000000000008:1 -> of:000000000000000b:6,0.002,0.0025,0.002,0.002,1.63,2026-06-18T04:59:27,0.002,1.6
route_mutation,20260618T045927_522053,of:0000000000000009:1 -> of:000000000000000c:6,0.002,0.0025,0.002,0.002,1.56,2026-06-18T04:59:27,0.002,1.53
route_mutation,20260618T045927_522053,of:0000000000000001:2 -> of:000000000000000c:1,0.002,0.0025,0.002,0.002,1.6,2026-06-18T04:59:27,0.001,1.53
route_mutation,20260618T045927_522053,of:0000000000000003:2 -> of:0000000000000008:3,0.002,0.0025,0.002,0.002,1.96,2026-06-18T04:59:27,0.002,1.96
route_mutation,20260618T045957_752037,of:0000000000000005:1 -> of:000000000000000c:5,0.002,0.0025,0.002,0.001,1.4,2026-06-18T04:59:57,0.002,1.53
route_mutation,20260618T045957_752037,of:000000000000000a:1 -> of:000000000000000d:6,0.002,0.0025,0.002,0.002,1.53,2026-06-18T04:59:57,0.002,1.53
route_mutation,20260618T045957_752037,of:000000000000000b:2 -> of:000000000000000c:2,0.002,0.0025,0.002,0.002,1.73,2026-06-18T04:59:57,0.002,1.73
route_mutation,20260618T045957_752037,of:0000000000000004:2 -> of:0000000000000009:2,0.002,0.0025,0.002,0.002,1.66,2026-06-18T04:59:57,0.002,1.73
route_mutation,20260618T045957_752037,of:0000000000000005:2 -> of:0000000000000009:3,0.002,0.0025,0.002,0.002,1.66,2026-06-18T04:59:57,0.002,1.73
route_mutation,20260618T045957_752037,of:000000000000000b:3 -> of:000000000000000d:2,0.002,0.0025,0.002,0.002,1.73,2026-06-18T04:59:57,0.002,1.73
route_mutation,20260618T045957_752037,of:0000000000000004:1 -> of:000000000000000c:4,0.002,0.0025,0.002,0.001,1.4,2026-06-18T04:59:57,0.002,1.53
route_mutation,20260618T045957_752037,of:000000000000000c:3 -> of:000000000000000d:3,0.002,0.0025,0.002,0.002,1.73,2026-06-18T04:59:57,0.002,1.73
route_mutation,20260618T045957_752037,of:0000000000000001:1 -> of:000000000000000b:1,0.003,0.00375,0.003,0.003,3.06,2026-06-18T04:59:57,0.003,3.2
route_mutation,20260618T045957_752037,of:0000000000000006:1 -> of:000000000000000d:4,0.002,0.0025,0.002,0.001,1.47,2026-06-18T04:59:57,0.002,1.53
route_mutation,20260618T045957_752037,of:0000000000000002:1 -> of:000000000000000b:4,0.002,0.0025,0.002,0.002,2.43,2026-06-18T04:59:57,0.002,2.56
route_mutation,20260618T045957_752037,of:0000000000000001:3 -> of:000000000000000d:1,0.002,0.0025,0.002,0.001,1.47,2026-06-18T04:59:57,0.002,1.53
route_mutation,20260618T045957_752037,of:0000000000000006:2 -> of:000000000000000a:2,0.002,0.0025,0.002,0.002,1.73,2026-06-18T04:59:57,0.002,1.73
route_mutation,20260618T045957_752037,of:0000000000000003:1 -> of:000000000000000b:5,0.002,0.0025,0.002,0.002,2.1,2026-06-18T04:59:57,0.002,2.23
route_mutation,20260618T045957_752037,of:0000000000000007:1 -> of:000000000000000d:5,0.002,0.0025,0.002,0.002,1.53,2026-06-18T04:59:57,0.002,1.53
route_mutation,20260618T045957_752037,of:0000000000000007:2 -> of:000000000000000a:3,0.002,0.0025,0.002,0.002,1.73,2026-06-18T04:59:57,0.002,1.73
route_mutation,20260618T045957_752037,of:0000000000000002:2 -> of:0000000000000008:2,0.002,0.0025,0.002,0.001,1.6,2026-06-18T04:59:57,0.002,1.73
route_mutation,20260618T045957_752037,of:0000000000000008:1 -> of:000000000000000b:6,0.002,0.0025,0.002,0.002,1.53,2026-06-18T04:59:57,0.002,1.53
route_mutation,20260618T045957_752037,of:0000000000000009:1 -> of:000000000000000c:6,0.002,0.0025,0.002,0.002,1.53,2026-06-18T04:59:57,0.002,1.53
route_mutation,20260618T045957_752037,of:0000000000000001:2 -> of:000000000000000c:1,0.002,0.0025,0.002,0.001,1.47,2026-06-18T04:59:57,0.002,1.53
route_mutation,20260618T045957_752037,of:0000000000000003:2 -> of:0000000000000008:3,0.002,0.0025,0.002,0.001,1.6,2026-06-18T04:59:57,0.002,1.73
route_mutation,20260618T050028_012282,of:0000000000000005:1 -> of:000000000000000c:5,0.002,0.0025,0.002,0.002,2.43,2026-06-18T05:00:28,0.002,2.46
route_mutation,20260618T050028_012282,of:000000000000000a:1 -> of:000000000000000d:6,0.002,0.0025,0.002,0.002,1.6,2026-06-18T05:00:28,0.002,1.6
route_mutation,20260618T050028_012282,of:000000000000000b:2 -> of:000000000000000c:2,0.002,0.0025,0.002,0.002,1.93,2026-06-18T05:00:28,0.002,1.93
route_mutation,20260618T050028_012282,of:0000000000000004:2 -> of:0000000000000009:2,0.002,0.0025,0.002,0.002,1.93,2026-06-18T05:00:28,0.002,1.86
route_mutation,20260618T050028_012282,of:0000000000000005:2 -> of:0000000000000009:3,0.002,0.0025,0.002,0.002,1.93,2026-06-18T05:00:28,0.002,1.86
route_mutation,20260618T050028_012282,of:000000000000000b:3 -> of:000000000000000d:2,0.002,0.0025,0.002,0.002,2.06,2026-06-18T05:00:28,0.002,2.06
route_mutation,20260618T050028_012282,of:0000000000000004:1 -> of:000000000000000c:4,0.002,0.0025,0.002,0.002,2.43,2026-06-18T05:00:28,0.002,2.46
route_mutation,20260618T050028_012282,of:000000000000000c:3 -> of:000000000000000d:3,0.002,0.0025,0.002,0.002,2.0,2026-06-18T05:00:28,0.002,2.0
route_mutation,20260618T050028_012282,of:0000000000000001:1 -> of:000000000000000b:1,0.002,0.0025,0.002,0.002,2.13,2026-06-18T05:00:28,0.002,2.0
route_mutation,20260618T050028_012282,of:0000000000000006:1 -> of:000000000000000d:4,0.002,0.0025,0.002,0.002,2.7,2026-06-18T05:00:28,0.002,2.8
route_mutation,20260618T050028_012282,of:0000000000000002:1 -> of:000000000000000b:4,0.002,0.0025,0.002,0.002,1.8,2026-06-18T05:00:28,0.002,1.8
route_mutation,20260618T050028_012282,of:0000000000000001:3 -> of:000000000000000d:1,0.003,0.00375,0.003,0.002,2.63,2026-06-18T05:00:28,0.003,2.8
route_mutation,20260618T050028_012282,of:0000000000000006:2 -> of:000000000000000a:2,0.002,0.0025,0.002,0.002,1.9,2026-06-18T05:00:28,0.002,1.9
route_mutation,20260618T050028_012282,of:0000000000000003:1 -> of:000000000000000b:5,0.002,0.0025,0.002,0.002,1.93,2026-06-18T05:00:28,0.002,1.93
route_mutation,20260618T050028_012282,of:0000000000000007:1 -> of:000000000000000d:5,0.002,0.0025,0.002,0.002,1.76,2026-06-18T05:00:28,0.002,1.7
route_mutation,20260618T050028_012282,of:0000000000000007:2 -> of:000000000000000a:3,0.002,0.0025,0.002,0.002,1.9,2026-06-18T05:00:28,0.002,1.83
route_mutation,20260618T050028_012282,of:0000000000000002:2 -> of:0000000000000008:2,0.002,0.0025,0.002,0.002,1.9,2026-06-18T05:00:28,0.002,1.83
route_mutation,20260618T050028_012282,of:0000000000000008:1 -> of:000000000000000b:6,0.001,0.00125,0.001,0.001,1.5,2026-06-18T05:00:28,0.001,1.53
route_mutation,20260618T050028_012282,of:0000000000000009:1 -> of:000000000000000c:6,0.002,0.0025,0.002,0.002,1.57,2026-06-18T05:00:28,0.002,1.6
route_mutation,20260618T050028_012282,of:0000000000000001:2 -> of:000000000000000c:1,0.003,0.00375,0.003,0.003,3.2,2026-06-18T05:00:28,0.003,3.2
route_mutation,20260618T050028_012282,of:0000000000000003:2 -> of:0000000000000008:3,0.002,0.0025,0.002,0.002,1.9,2026-06-18T05:00:28,0.002,1.83
route_mutation,20260618T050058_176155,of:0000000000000005:1 -> of:000000000000000c:5,0.002,0.0025,0.002,0.002,1.63,2026-06-18T05:00:58,0.001,1.46
route_mutation,20260618T050058_176155,of:000000000000000a:1 -> of:000000000000000d:6,0.002,0.0025,0.002,0.002,1.53,2026-06-18T05:00:58,0.002,1.53
route_mutation,20260618T050058_176155,of:000000000000000b:2 -> of:000000000000000c:2,0.002,0.0025,0.002,0.002,1.8,2026-06-18T05:00:58,0.002,1.8
route_mutation,20260618T050058_176155,of:0000000000000004:2 -> of:0000000000000009:2,0.002,0.0025,0.002,0.002,1.93,2026-06-18T05:00:58,0.002,1.86
route_mutation,20260618T050058_176155,of:0000000000000005:2 -> of:0000000000000009:3,0.002,0.0025,0.002,0.002,1.93,2026-06-18T05:00:58,0.002,1.86
route_mutation,20260618T050058_176155,of:000000000000000b:3 -> of:000000000000000d:2,0.002,0.0025,0.002,0.002,1.8,2026-06-18T05:00:58,0.002,1.8
route_mutation,20260618T050058_176155,of:0000000000000004:1 -> of:000000000000000c:4,0.002,0.0025,0.002,0.002,1.63,2026-06-18T05:00:58,0.001,1.46
route_mutation,20260618T050058_176155,of:000000000000000c:3 -> of:000000000000000d:3,0.002,0.0025,0.002,0.002,1.73,2026-06-18T05:00:58,0.002,1.73
route_mutation,20260618T050058_176155,of:0000000000000001:1 -> of:000000000000000b:1,0.002,0.0025,0.002,0.002,1.6,2026-06-18T05:00:58,0.002,1.6
route_mutation,20260618T050058_176155,of:0000000000000006:1 -> of:000000000000000d:4,0.002,0.0025,0.002,0.002,1.66,2026-06-18T05:00:58,0.001,1.5
route_mutation,20260618T050058_176155,of:0000000000000002:1 -> of:000000000000000b:4,0.002,0.0025,0.002,0.002,1.66,2026-06-18T05:00:58,0.002,1.53
route_mutation,20260618T050058_176155,of:0000000000000001:3 -> of:000000000000000d:1,0.002,0.0025,0.002,0.002,2.8,2026-06-18T05:00:58,0.002,2.56
route_mutation,20260618T050058_176155,of:0000000000000006:2 -> of:000000000000000a:2,0.002,0.0025,0.002,0.002,1.83,2026-06-18T05:00:58,0.002,1.83
route_mutation,20260618T050058_176155,of:0000000000000003:1 -> of:000000000000000b:5,0.002,0.0025,0.002,0.002,1.66,2026-06-18T05:00:58,0.002,1.53
route_mutation,20260618T050058_176155,of:0000000000000007:1 -> of:000000000000000d:5,0.002,0.0025,0.002,0.002,2.63,2026-06-18T05:00:58,0.002,2.63
route_mutation,20260618T050058_176155,of:0000000000000007:2 -> of:000000000000000a:3,0.002,0.0025,0.002,0.002,1.83,2026-06-18T05:00:58,0.002,1.9
route_mutation,20260618T050058_176155,of:0000000000000002:2 -> of:0000000000000008:2,0.002,0.0025,0.002,0.002,1.96,2026-06-18T05:00:58,0.002,1.9
route_mutation,20260618T050058_176155,of:0000000000000008:1 -> of:000000000000000b:6,0.002,0.0025,0.002,0.002,1.63,2026-06-18T05:00:58,0.002,1.6
route_mutation,20260618T050058_176155,of:0000000000000009:1 -> of:000000000000000c:6,0.002,0.0025,0.002,0.002,1.56,2026-06-18T05:00:58,0.002,1.53
route_mutation,20260618T050058_176155,of:0000000000000001:2 -> of:000000000000000c:1,0.002,0.0025,0.002,0.002,1.6,2026-06-18T05:00:58,0.001,1.53
route_mutation,20260618T050058_176155,of:0000000000000003:2 -> of:0000000000000008:3,0.002,0.0025,0.002,0.002,1.96,2026-06-18T05:00:58,0.002,1.9
ip_shuffle,20260618T050128_431230,of:0000000000000005:1 -> of:000000000000000c:5,0.002,0.0025,0.002,0.001,1.47,2026-06-18T05:01:28,0.002,1.53
ip_shuffle,20260618T050128_431230,of:000000000000000a:1 -> of:000000000000000d:6,0.002,0.0025,0.002,0.002,1.53,2026-06-18T05:01:28,0.002,1.53
ip_shuffle,20260618T050128_431230,of:000000000000000b:2 -> of:000000000000000c:2,0.002,0.0025,0.002,0.002,1.73,2026-06-18T05:01:28,0.002,1.73
ip_shuffle,20260618T050128_431230,of:0000000000000004:2 -> of:0000000000000009:2,0.002,0.0025,0.002,0.001,1.6,2026-06-18T05:01:28,0.002,1.73
ip_shuffle,20260618T050128_431230,of:0000000000000005:2 -> of:0000000000000009:3,0.002,0.0025,0.002,0.002,1.67,2026-06-18T05:01:28,0.002,1.73
ip_shuffle,20260618T050128_431230,of:000000000000000b:3 -> of:000000000000000d:2,0.002,0.0025,0.002,0.002,1.73,2026-06-18T05:01:28,0.002,1.73
ip_shuffle,20260618T050128_431230,of:0000000000000004:1 -> of:000000000000000c:4,0.002,0.0025,0.002,0.001,1.4,2026-06-18T05:01:28,0.002,1.53
ip_shuffle,20260618T050128_431230,of:000000000000000c:3 -> of:000000000000000d:3,0.002,0.0025,0.002,0.002,1.73,2026-06-18T05:01:28,0.002,1.73
ip_shuffle,20260618T050128_431230,of:0000000000000001:1 -> of:000000000000000b:1,0.003,0.00375,0.003,0.003,3.16,2026-06-18T05:01:28,0.003,3.3
ip_shuffle,20260618T050128_431230,of:0000000000000006:1 -> of:000000000000000d:4,0.002,0.0025,0.002,0.001,1.47,2026-06-18T05:01:28,0.002,1.53
ip_shuffle,20260618T050128_431230,of:0000000000000002:1 -> of:000000000000000b:4,0.002,0.0025,0.002,0.002,2.43,2026-06-18T05:01:28,0.002,2.56
ip_shuffle,20260618T050128_431230,of:0000000000000001:3 -> of:000000000000000d:1,0.002,0.0025,0.002,0.001,1.47,2026-06-18T05:01:28,0.002,1.53
ip_shuffle,20260618T050128_431230,of:0000000000000006:2 -> of:000000000000000a:2,0.002,0.0025,0.002,0.002,1.73,2026-06-18T05:01:28,0.002,1.73
ip_shuffle,20260618T050128_431230,of:0000000000000003:1 -> of:000000000000000b:5,0.002,0.0025,0.002,0.002,2.13,2026-06-18T05:01:28,0.002,2.26
ip_shuffle,20260618T050128_431230,of:0000000000000007:1 -> of:000000000000000d:5,0.002,0.0025,0.002,0.001,1.47,2026-06-18T05:01:28,0.002,1.53
ip_shuffle,20260618T050128_431230,of:0000000000000007:2 -> of:000000000000000a:3,0.002,0.0025,0.002,0.002,1.73,2026-06-18T05:01:28,0.002,1.73
ip_shuffle,20260618T050128_431230,of:0000000000000002:2 -> of:0000000000000008:2,0.002,0.0025,0.002,0.001,1.6,2026-06-18T05:01:28,0.002,1.73
ip_shuffle,20260618T050128_431230,of:0000000000000008:1 -> of:000000000000000b:6,0.002,0.0025,0.002,0.002,1.53,2026-06-18T05:01:28,0.002,1.53
ip_shuffle,20260618T050128_431230,of:0000000000000009:1 -> of:000000000000000c:6,0.002,0.0025,0.002,0.002,1.53,2026-06-18T05:01:28,0.002,1.53
ip_shuffle,20260618T050128_431230,of:0000000000000001:2 -> of:000000000000000c:1,0.002,0.0025,0.002,0.001,1.47,2026-06-18T05:01:28,0.002,1.53
ip_shuffle,20260618T050128_431230,of:0000000000000003:2 -> of:0000000000000008:3,0.002,0.0025,0.002,0.001,1.6,2026-06-18T05:01:28,0.002,1.73
route_mutation,20260618T050232_666399,of:0000000000000005:1 -> of:000000000000000c:5,0.002,0.0025,0.002,0.002,1.63,2026-06-18T05:02:32,0.001,1.43
route_mutation,20260618T050232_666399,of:000000000000000a:1 -> of:000000000000000d:6,0.002,0.0025,0.002,0.002,1.53,2026-06-18T05:02:32,0.001,1.5
route_mutation,20260618T050232_666399,of:000000000000000b:2 -> of:000000000000000c:2,0.002,0.0025,0.002,0.002,1.7,2026-06-18T05:02:32,0.002,1.7
route_mutation,20260618T050232_666399,of:0000000000000004:2 -> of:0000000000000009:2,0.002,0.0025,0.002,0.002,1.9,2026-06-18T05:02:32,0.002,1.83
route_mutation,20260618T050232_666399,of:0000000000000005:2 -> of:0000000000000009:3,0.002,0.0025,0.002,0.002,1.9,2026-06-18T05:02:32,0.002,1.83
route_mutation,20260618T050232_666399,of:000000000000000b:3 -> of:000000000000000d:2,0.002,0.0025,0.002,0.002,1.76,2026-06-18T05:02:32,0.002,1.7
route_mutation,20260618T050232_666399,of:0000000000000004:1 -> of:000000000000000c:4,0.002,0.0025,0.002,0.002,1.63,2026-06-18T05:02:32,0.001,1.43
route_mutation,20260618T050232_666399,of:000000000000000c:3 -> of:000000000000000d:3,0.001,0.00125,0.001,0.001,1.66,2026-06-18T05:02:32,0.001,1.66
route_mutation,20260618T050232_666399,of:0000000000000001:1 -> of:000000000000000b:1,0.002,0.0025,0.002,0.002,1.6,2026-06-18T05:02:32,0.001,1.5
route_mutation,20260618T050232_666399,of:0000000000000006:1 -> of:000000000000000d:4,0.002,0.0025,0.002,0.002,1.6,2026-06-18T05:02:32,0.001,1.43
route_mutation,20260618T050232_666399,of:0000000000000002:1 -> of:000000000000000b:4,0.002,0.0025,0.002,0.002,1.63,2026-06-18T05:02:32,0.001,1.46
route_mutation,20260618T050232_666399,of:0000000000000001:3 -> of:000000000000000d:1,0.002,0.0025,0.002,0.002,2.63,2026-06-18T05:02:32,0.002,2.4
route_mutation,20260618T050232_666399,of:0000000000000006:2 -> of:000000000000000a:2,0.002,0.0025,0.002,0.002,1.8,2026-06-18T05:02:32,0.002,1.8
route_mutation,20260618T050232_666399,of:0000000000000003:1 -> of:000000000000000b:5,0.002,0.0025,0.002,0.002,1.63,2026-06-18T05:02:32,0.001,1.46
route_mutation,20260618T050232_666399,of:0000000000000007:1 -> of:000000000000000d:5,0.002,0.0025,0.002,0.002,2.4,2026-06-18T05:02:32,0.002,2.43
route_mutation,20260618T050232_666399,of:0000000000000007:2 -> of:000000000000000a:3,0.002,0.0025,0.002,0.002,1.8,2026-06-18T05:02:32,0.002,1.86
route_mutation,20260618T050232_666399,of:0000000000000002:2 -> of:0000000000000008:2,0.002,0.0025,0.002,0.002,1.9,2026-06-18T05:02:32,0.002,1.83
route_mutation,20260618T050232_666399,of:0000000000000008:1 -> of:000000000000000b:6,0.002,0.0025,0.002,0.002,1.53,2026-06-18T05:02:32,0.002,1.53
route_mutation,20260618T050232_666399,of:0000000000000009:1 -> of:000000000000000c:6,0.002,0.0025,0.002,0.002,1.53,2026-06-18T05:02:32,0.001,1.5
route_mutation,20260618T050232_666399,of:0000000000000001:2 -> of:000000000000000c:1,0.002,0.0025,0.002,0.002,1.56,2026-06-18T05:02:32,0.001,1.5
route_mutation,20260618T050232_666399,of:0000000000000003:2 -> of:0000000000000008:3,0.002,0.0025,0.002,0.002,1.9,2026-06-18T05:02:32,0.002,1.83
ip_shuffle,20260618T050302_916202,of:0000000000000005:1 -> of:000000000000000c:5,0.002,0.0025,0.002,0.001,1.46,2026-06-18T05:03:02,0.002,1.53
ip_shuffle,20260618T050302_916202,of:000000000000000a:1 -> of:000000000000000d:6,0.002,0.0025,0.002,0.002,1.56,2026-06-18T05:03:02,0.002,1.56
ip_shuffle,20260618T050302_916202,of:000000000000000b:2 -> of:000000000000000c:2,0.002,0.0025,0.002,0.002,1.73,2026-06-18T05:03:02,0.002,1.73
ip_shuffle,20260618T050302_916202,of:0000000000000004:2 -> of:0000000000000009:2,0.002,0.0025,0.002,0.001,1.6,2026-06-18T05:03:02,0.002,1.73
ip_shuffle,20260618T050302_916202,of:0000000000000005:2 -> of:0000000000000009:3,0.002,0.0025,0.002,0.002,1.66,2026-06-18T05:03:02,0.002,1.73
ip_shuffle,20260618T050302_916202,of:000000000000000b:3 -> of:000000000000000d:2,0.002,0.0025,0.002,0.002,1.73,2026-06-18T05:03:02,0.002,1.73
ip_shuffle,20260618T050302_916202,of:0000000000000004:1 -> of:000000000000000c:4,0.002,0.0025,0.002,0.001,1.4,2026-06-18T05:03:02,0.002,1.53
ip_shuffle,20260618T050302_916202,of:000000000000000c:3 -> of:000000000000000d:3,0.002,0.0025,0.002,0.002,1.73,2026-06-18T05:03:02,0.002,1.73
ip_shuffle,20260618T050302_916202,of:0000000000000001:1 -> of:000000000000000b:1,0.003,0.00375,0.003,0.003,3.3,2026-06-18T05:03:02,0.003,3.36
ip_shuffle,20260618T050302_916202,of:0000000000000006:1 -> of:000000000000000d:4,0.002,0.0025,0.002,0.001,1.46,2026-06-18T05:03:02,0.002,1.53
ip_shuffle,20260618T050302_916202,of:0000000000000002:1 -> of:000000000000000b:4,0.002,0.0025,0.002,0.002,2.5,2026-06-18T05:03:02,0.002,2.56
ip_shuffle,20260618T050302_916202,of:0000000000000001:3 -> of:000000000000000d:1,0.002,0.0025,0.002,0.001,1.46,2026-06-18T05:03:02,0.002,1.53
ip_shuffle,20260618T050302_916202,of:0000000000000006:2 -> of:000000000000000a:2,0.002,0.0025,0.002,0.002,1.73,2026-06-18T05:03:02,0.002,1.73
ip_shuffle,20260618T050302_916202,of:0000000000000003:1 -> of:000000000000000b:5,0.002,0.0025,0.002,0.002,2.23,2026-06-18T05:03:02,0.002,2.36
ip_shuffle,20260618T050302_916202,of:0000000000000007:1 -> of:000000000000000d:5,0.002,0.0025,0.002,0.002,1.53,2026-06-18T05:03:02,0.002,1.53
ip_shuffle,20260618T050302_916202,of:0000000000000007:2 -> of:000000000000000a:3,0.002,0.0025,0.002,0.002,1.73,2026-06-18T05:03:02,0.002,1.73
ip_shuffle,20260618T050302_916202,of:0000000000000002:2 -> of:0000000000000008:2,0.002,0.0025,0.002,0.001,1.6,2026-06-18T05:03:02,0.002,1.73
ip_shuffle,20260618T050302_916202,of:0000000000000008:1 -> of:000000000000000b:6,0.002,0.0025,0.002,0.002,1.56,2026-06-18T05:03:02,0.002,1.56
ip_shuffle,20260618T050302_916202,of:0000000000000009:1 -> of:000000000000000c:6,0.002,0.0025,0.002,0.002,1.53,2026-06-18T05:03:02,0.002,1.53
ip_shuffle,20260618T050302_916202,of:0000000000000001:2 -> of:000000000000000c:1,0.002,0.0025,0.002,0.001,1.46,2026-06-18T05:03:02,0.002,1.53
ip_shuffle,20260618T050302_916202,of:0000000000000003:2 -> of:0000000000000008:3,0.002,0.0025,0.002,0.001,1.6,2026-06-18T05:03:02,0.002,1.73
route_mutation,20260618T050400_424055,of:0000000000000005:1 -> of:000000000000000c:5,0.002,0.0025,0.002,0.002,1.83,2026-06-18T05:04:00,0.001,1.66
route_mutation,20260618T050400_424055,of:000000000000000a:1 -> of:000000000000000d:6,0.002,0.0025,0.002,0.002,1.76,2026-06-18T05:04:00,0.002,1.73
route_mutation,20260618T050400_424055,of:000000000000000b:2 -> of:000000000000000c:2,0.002,0.0025,0.002,0.002,2.16,2026-06-18T05:04:00,0.002,2.16
route_mutation,20260618T050400_424055,of:0000000000000004:2 -> of:0000000000000009:2,0.002,0.0025,0.002,0.002,2.33,2026-06-18T05:04:00,0.002,2.26
route_mutation,20260618T050400_424055,of:0000000000000005:2 -> of:0000000000000009:3,0.002,0.0025,0.002,0.002,2.33,2026-06-18T05:04:00,0.002,2.26
route_mutation,20260618T050400_424055,of:000000000000000b:3 -> of:000000000000000d:2,0.002,0.0025,0.002,0.002,2.23,2026-06-18T05:04:00,0.002,2.23
route_mutation,20260618T050400_424055,of:0000000000000004:1 -> of:000000000000000c:4,0.002,0.0025,0.002,0.002,1.83,2026-06-18T05:04:00,0.001,1.66
route_mutation,20260618T050400_424055,of:000000000000000c:3 -> of:000000000000000d:3,0.002,0.0025,0.002,0.002,2.13,2026-06-18T05:04:00,0.002,2.13
route_mutation,20260618T050400_424055,of:0000000000000001:1 -> of:000000000000000b:1,0.002,0.0025,0.002,0.002,2.03,2026-06-18T05:04:00,0.002,1.93
route_mutation,20260618T050400_424055,of:0000000000000006:1 -> of:000000000000000d:4,0.002,0.0025,0.002,0.002,2.2,2026-06-18T05:04:00,0.002,2.1
route_mutation,20260618T050400_424055,of:0000000000000002:1 -> of:000000000000000b:4,0.002,0.0025,0.002,0.002,2.06,2026-06-18T05:04:00,0.002,1.9
route_mutation,20260618T050400_424055,of:0000000000000001:3 -> of:000000000000000d:1,0.003,0.00375,0.003,0.003,3.43,2026-06-18T05:04:00,0.003,3.39
route_mutation,20260618T050400_424055,of:0000000000000006:2 -> of:000000000000000a:2,0.002,0.0025,0.002,0.002,2.26,2026-06-18T05:04:00,0.002,2.26
route_mutation,20260618T050400_424055,of:0000000000000003:1 -> of:000000000000000b:5,0.002,0.0025,0.002,0.002,1.83,2026-06-18T05:04:00,0.002,1.7
route_mutation,20260618T050400_424055,of:0000000000000007:1 -> of:000000000000000d:5,0.003,0.00375,0.003,0.003,3.03,2026-06-18T05:04:00,0.002,2.86
route_mutation,20260618T050400_424055,of:0000000000000007:2 -> of:000000000000000a:3,0.002,0.0025,0.002,0.002,2.26,2026-06-18T05:04:00,0.002,2.26
route_mutation,20260618T050400_424055,of:0000000000000002:2 -> of:0000000000000008:2,0.002,0.0025,0.002,0.002,2.33,2026-06-18T05:04:00,0.002,2.26
route_mutation,20260618T050400_424055,of:0000000000000008:1 -> of:000000000000000b:6,0.002,0.0025,0.002,0.002,1.76,2026-06-18T05:04:00,0.002,1.76
route_mutation,20260618T050400_424055,of:0000000000000009:1 -> of:000000000000000c:6,0.002,0.0025,0.002,0.002,1.76,2026-06-18T05:04:00,0.002,1.73
route_mutation,20260618T050400_424055,of:0000000000000001:2 -> of:000000000000000c:1,0.002,0.0025,0.002,0.002,1.9,2026-06-18T05:04:00,0.002,1.86
route_mutation,20260618T050400_424055,of:0000000000000003:2 -> of:0000000000000008:3,0.002,0.0025,0.002,0.002,2.33,2026-06-18T05:04:00,0.002,2.26
ip_shuffle,20260618T050430_689333,of:0000000000000005:1 -> of:000000000000000c:5,0.002,0.0025,0.002,0.001,1.36,2026-06-18T05:04:30,0.002,1.43
ip_shuffle,20260618T050430_689333,of:000000000000000a:1 -> of:000000000000000d:6,0.002,0.0025,0.002,0.002,1.43,2026-06-18T05:04:30,0.002,1.43
ip_shuffle,20260618T050430_689333,of:000000000000000b:2 -> of:000000000000000c:2,0.002,0.0025,0.002,0.002,1.53,2026-06-18T05:04:30,0.002,1.53
ip_shuffle,20260618T050430_689333,of:0000000000000004:2 -> of:0000000000000009:2,0.002,0.0025,0.002,0.001,1.4,2026-06-18T05:04:30,0.002,1.53
ip_shuffle,20260618T050430_689333,of:0000000000000005:2 -> of:0000000000000009:3,0.002,0.0025,0.002,0.001,1.46,2026-06-18T05:04:30,0.002,1.53
ip_shuffle,20260618T050430_689333,of:000000000000000b:3 -> of:000000000000000d:2,0.002,0.0025,0.002,0.002,1.53,2026-06-18T05:04:30,0.002,1.53
ip_shuffle,20260618T050430_689333,of:0000000000000004:1 -> of:000000000000000c:4,0.002,0.0025,0.002,0.001,1.3,2026-06-18T05:04:30,0.002,1.43
ip_shuffle,20260618T050430_689333,of:000000000000000c:3 -> of:000000000000000d:3,0.002,0.0025,0.002,0.002,1.53,2026-06-18T05:04:30,0.002,1.53
ip_shuffle,20260618T050430_689333,of:0000000000000001:1 -> of:000000000000000b:1,0.003,0.00375,0.003,0.003,2.8,2026-06-18T05:04:30,0.003,2.73
ip_shuffle,20260618T050430_689333,of:0000000000000006:1 -> of:000000000000000d:4,0.002,0.0025,0.002,0.001,1.36,2026-06-18T05:04:30,0.002,1.43
ip_shuffle,20260618T050430_689333,of:0000000000000002:1 -> of:000000000000000b:4,0.002,0.0025,0.002,0.002,2.33,2026-06-18T05:04:30,0.002,2.4
ip_shuffle,20260618T050430_689333,of:0000000000000001:3 -> of:000000000000000d:1,0.002,0.0025,0.002,0.002,1.43,2026-06-18T05:04:30,0.002,1.53
ip_shuffle,20260618T050430_689333,of:0000000000000006:2 -> of:000000000000000a:2,0.002,0.0025,0.002,0.002,1.53,2026-06-18T05:04:30,0.002,1.53
ip_shuffle,20260618T050430_689333,of:0000000000000003:1 -> of:000000000000000b:5,0.002,0.0025,0.002,0.001,1.43,2026-06-18T05:04:30,0.002,1.56
ip_shuffle,20260618T050430_689333,of:0000000000000007:1 -> of:000000000000000d:5,0.002,0.0025,0.002,0.001,1.36,2026-06-18T05:04:30,0.002,1.43
ip_shuffle,20260618T050430_689333,of:0000000000000007:2 -> of:000000000000000a:3,0.002,0.0025,0.002,0.002,1.53,2026-06-18T05:04:30,0.002,1.53
ip_shuffle,20260618T050430_689333,of:0000000000000002:2 -> of:0000000000000008:2,0.002,0.0025,0.002,0.001,1.4,2026-06-18T05:04:30,0.002,1.53
ip_shuffle,20260618T050430_689333,of:0000000000000008:1 -> of:000000000000000b:6,0.002,0.0025,0.002,0.002,1.43,2026-06-18T05:04:30,0.002,1.43
ip_shuffle,20260618T050430_689333,of:0000000000000009:1 -> of:000000000000000c:6,0.002,0.0025,0.002,0.002,1.43,2026-06-18T05:04:30,0.002,1.43
ip_shuffle,20260618T050430_689333,of:0000000000000001:2 -> of:000000000000000c:1,0.002,0.0025,0.002,0.002,1.43,2026-06-18T05:04:30,0.002,1.53
ip_shuffle,20260618T050430_689333,of:0000000000000003:2 -> of:0000000000000008:3,0.002,0.0025,0.002,0.001,1.4,2026-06-18T05:04:30,0.002,1.53
route_mutation,20260618T050528_186781,of:0000000000000005:1 -> of:000000000000000c:5,0.002,0.0025,0.002,0.002,1.83,2026-06-18T05:05:28,0.001,1.63
route_mutation,20260618T050528_186781,of:000000000000000a:1 -> of:000000000000000d:6,0.001,0.00125,0.001,0.001,1.66,2026-06-18T05:05:28,0.001,1.63
route_mutation,20260618T050528_186781,of:000000000000000b:2 -> of:000000000000000c:2,0.002,0.0025,0.002,0.002,2.1,2026-06-18T05:05:28,0.002,2.1
route_mutation,20260618T050528_186781,of:0000000000000004:2 -> of:0000000000000009:2,0.002,0.0025,0.002,0.002,2.3,2026-06-18T05:05:28,0.002,2.23
route_mutation,20260618T050528_186781,of:0000000000000005:2 -> of:0000000000000009:3,0.002,0.0025,0.002,0.002,2.3,2026-06-18T05:05:28,0.002,2.23
route_mutation,20260618T050528_186781,of:000000000000000b:3 -> of:000000000000000d:2,0.002,0.0025,0.002,0.002,2.13,2026-06-18T05:05:28,0.002,2.16
route_mutation,20260618T050528_186781,of:0000000000000004:1 -> of:000000000000000c:4,0.002,0.0025,0.002,0.002,1.83,2026-06-18T05:05:28,0.001,1.63
route_mutation,20260618T050528_186781,of:000000000000000c:3 -> of:000000000000000d:3,0.002,0.0025,0.002,0.002,2.06,2026-06-18T05:05:28,0.002,2.06
route_mutation,20260618T050528_186781,of:0000000000000001:1 -> of:000000000000000b:1,0.002,0.0025,0.002,0.002,1.8,2026-06-18T05:05:28,0.002,1.7
route_mutation,20260618T050528_186781,of:0000000000000006:1 -> of:000000000000000d:4,0.002,0.0025,0.002,0.002,2.03,2026-06-18T05:05:28,0.002,1.93
route_mutation,20260618T050528_186781,of:0000000000000002:1 -> of:000000000000000b:4,0.002,0.0025,0.002,0.002,2.0,2026-06-18T05:05:28,0.002,1.83
route_mutation,20260618T050528_186781,of:0000000000000001:3 -> of:000000000000000d:1,0.003,0.00375,0.003,0.002,2.9,2026-06-18T05:05:28,0.003,2.96
route_mutation,20260618T050528_186781,of:0000000000000006:2 -> of:000000000000000a:2,0.002,0.0025,0.002,0.002,2.2,2026-06-18T05:05:28,0.002,2.13
route_mutation,20260618T050528_186781,of:0000000000000003:1 -> of:000000000000000b:5,0.002,0.0025,0.002,0.002,1.83,2026-06-18T05:05:28,0.001,1.66
route_mutation,20260618T050528_186781,of:0000000000000007:1 -> of:000000000000000d:5,0.003,0.00375,0.003,0.003,3.0,2026-06-18T05:05:28,0.002,2.83
route_mutation,20260618T050528_186781,of:0000000000000007:2 -> of:000000000000000a:3,0.002,0.0025,0.002,0.002,2.2,2026-06-18T05:05:28,0.002,2.13
route_mutation,20260618T050528_186781,of:0000000000000002:2 -> of:0000000000000008:2,0.002,0.0025,0.002,0.002,2.3,2026-06-18T05:05:28,0.002,2.23
route_mutation,20260618T050528_186781,of:0000000000000008:1 -> of:000000000000000b:6,0.002,0.0025,0.002,0.002,1.73,2026-06-18T05:05:28,0.002,1.73
route_mutation,20260618T050528_186781,of:0000000000000009:1 -> of:000000000000000c:6,0.002,0.0025,0.002,0.002,1.73,2026-06-18T05:05:28,0.002,1.7
route_mutation,20260618T050528_186781,of:0000000000000001:2 -> of:000000000000000c:1,0.002,0.0025,0.002,0.002,1.7,2026-06-18T05:05:28,0.002,1.63
route_mutation,20260618T050528_186781,of:0000000000000003:2 -> of:0000000000000008:3,0.002,0.0025,0.002,0.002,2.3,2026-06-18T05:05:28,0.002,2.23
route_mutation,20260618T050558_417533,of:0000000000000005:1 -> of:000000000000000c:5,0.002,0.0025,0.002,0.001,1.36,2026-06-18T05:05:58,0.002,1.46
route_mutation,20260618T050558_417533,of:000000000000000a:1 -> of:000000000000000d:6,0.002,0.0025,0.002,0.002,1.46,2026-06-18T05:05:58,0.002,1.46
route_mutation,20260618T050558_417533,of:000000000000000b:2 -> of:000000000000000c:2,0.002,0.0025,0.002,0.002,1.6,2026-06-18T05:05:58,0.002,1.6
route_mutation,20260618T050558_417533,of:0000000000000004:2 -> of:0000000000000009:2,0.002,0.0025,0.002,0.001,1.5,2026-06-18T05:05:58,0.002,1.56
route_mutation,20260618T050558_417533,of:0000000000000005:2 -> of:0000000000000009:3,0.002,0.0025,0.002,0.001,1.5,2026-06-18T05:05:58,0.002,1.56
route_mutation,20260618T050558_417533,of:000000000000000b:3 -> of:000000000000000d:2,0.002,0.0025,0.002,0.002,1.6,2026-06-18T05:05:58,0.002,1.6
route_mutation,20260618T050558_417533,of:0000000000000004:1 -> of:000000000000000c:4,0.002,0.0025,0.002,0.001,1.36,2026-06-18T05:05:58,0.002,1.46
route_mutation,20260618T050558_417533,of:000000000000000c:3 -> of:000000000000000d:3,0.002,0.0025,0.002,0.002,1.6,2026-06-18T05:05:58,0.002,1.6
route_mutation,20260618T050558_417533,of:0000000000000001:1 -> of:000000000000000b:1,0.003,0.00375,0.003,0.003,3.0,2026-06-18T05:05:58,0.003,2.86
route_mutation,20260618T050558_417533,of:0000000000000006:1 -> of:000000000000000d:4,0.002,0.0025,0.002,0.001,1.36,2026-06-18T05:05:58,0.002,1.46
route_mutation,20260618T050558_417533,of:0000000000000002:1 -> of:000000000000000b:4,0.002,0.0025,0.002,0.002,2.63,2026-06-18T05:05:58,0.002,2.63
route_mutation,20260618T050558_417533,of:0000000000000001:3 -> of:000000000000000d:1,0.002,0.0025,0.002,0.002,1.46,2026-06-18T05:05:58,0.002,1.53
route_mutation,20260618T050558_417533,of:0000000000000006:2 -> of:000000000000000a:2,0.002,0.0025,0.002,0.002,1.56,2026-06-18T05:05:58,0.002,1.56
route_mutation,20260618T050558_417533,of:0000000000000003:1 -> of:000000000000000b:5,0.002,0.0025,0.002,0.002,1.56,2026-06-18T05:05:58,0.002,1.7
route_mutation,20260618T050558_417533,of:0000000000000007:1 -> of:000000000000000d:5,0.002,0.0025,0.002,0.001,1.36,2026-06-18T05:05:58,0.002,1.46
route_mutation,20260618T050558_417533,of:0000000000000007:2 -> of:000000000000000a:3,0.002,0.0025,0.002,0.002,1.56,2026-06-18T05:05:58,0.002,1.56
route_mutation,20260618T050558_417533,of:0000000000000002:2 -> of:0000000000000008:2,0.002,0.0025,0.002,0.002,1.66,2026-06-18T05:05:58,0.002,1.8
route_mutation,20260618T050558_417533,of:0000000000000008:1 -> of:000000000000000b:6,0.002,0.0025,0.002,0.002,1.46,2026-06-18T05:05:58,0.002,1.46
route_mutation,20260618T050558_417533,of:0000000000000009:1 -> of:000000000000000c:6,0.002,0.0025,0.002,0.002,1.46,2026-06-18T05:05:58,0.002,1.46
route_mutation,20260618T050558_417533,of:0000000000000001:2 -> of:000000000000000c:1,0.002,0.0025,0.002,0.002,1.46,2026-06-18T05:05:58,0.002,1.53
route_mutation,20260618T050558_417533,of:0000000000000003:2 -> of:0000000000000008:3,0.002,0.0025,0.002,0.001,1.43,2026-06-18T05:05:58,0.002,1.56
ip_shuffle,20260618T050628_663420,of:0000000000000005:1 -> of:000000000000000c:5,0.002,0.0025,0.002,0.002,2.3,2026-06-18T05:06:28,0.002,2.36
ip_shuffle,20260618T050628_663420,of:000000000000000a:1 -> of:000000000000000d:6,0.002,0.0025,0.002,0.002,1.56,2026-06-18T05:06:28,0.002,1.56
ip_shuffle,20260618T050628_663420,of:000000000000000b:2 -> of:000000000000000c:2,0.002,0.0025,0.002,0.002,1.83,2026-06-18T05:06:28,0.002,1.83
ip_shuffle,20260618T050628_663420,of:0000000000000004:2 -> of:0000000000000009:2,0.002,0.0025,0.002,0.002,1.73,2026-06-18T05:06:28,0.002,1.8
ip_shuffle,20260618T050628_663420,of:0000000000000005:2 -> of:0000000000000009:3,0.002,0.0025,0.002,0.002,1.73,2026-06-18T05:06:28,0.002,1.8
ip_shuffle,20260618T050628_663420,of:000000000000000b:3 -> of:000000000000000d:2,0.002,0.0025,0.002,0.002,1.86,2026-06-18T05:06:28,0.002,1.86
ip_shuffle,20260618T050628_663420,of:0000000000000004:1 -> of:000000000000000c:4,0.002,0.0025,0.002,0.002,2.3,2026-06-18T05:06:28,0.002,2.36
ip_shuffle,20260618T050628_663420,of:000000000000000c:3 -> of:000000000000000d:3,0.002,0.0025,0.002,0.002,1.8,2026-06-18T05:06:28,0.002,1.8
ip_shuffle,20260618T050628_663420,of:0000000000000001:1 -> of:000000000000000b:1,0.002,0.0025,0.002,0.002,2.13,2026-06-18T05:06:28,0.002,2.36
ip_shuffle,20260618T050628_663420,of:0000000000000006:1 -> of:000000000000000d:4,0.002,0.0025,0.002,0.002,2.36,2026-06-18T05:06:28,0.002,2.36
ip_shuffle,20260618T050628_663420,of:0000000000000002:1 -> of:000000000000000b:4,0.002,0.0025,0.002,0.002,1.73,2026-06-18T05:06:28,0.002,1.7
ip_shuffle,20260618T050628_663420,of:0000000000000001:3 -> of:000000000000000d:1,0.002,0.0025,0.002,0.002,2.53,2026-06-18T05:06:28,0.002,2.33
ip_shuffle,20260618T050628_663420,of:0000000000000006:2 -> of:000000000000000a:2,0.002,0.0025,0.002,0.002,1.73,2026-06-18T05:06:28,0.002,1.8
ip_shuffle,20260618T050628_663420,of:0000000000000003:1 -> of:000000000000000b:5,0.002,0.0025,0.002,0.002,2.3,2026-06-18T05:06:28,0.002,2.36
ip_shuffle,20260618T050628_663420,of:0000000000000007:1 -> of:000000000000000d:5,0.002,0.0025,0.002,0.001,1.5,2026-06-18T05:06:28,0.002,1.56
ip_shuffle,20260618T050628_663420,of:0000000000000007:2 -> of:000000000000000a:3,0.002,0.0025,0.002,0.002,1.73,2026-06-18T05:06:28,0.002,1.8
ip_shuffle,20260618T050628_663420,of:0000000000000002:2 -> of:0000000000000008:2,0.002,0.0025,0.002,0.002,1.8,2026-06-18T05:06:28,0.001,1.66
ip_shuffle,20260618T050628_663420,of:0000000000000008:1 -> of:000000000000000b:6,0.001,0.00125,0.001,0.001,1.46,2026-06-18T05:06:28,0.001,1.5
ip_shuffle,20260618T050628_663420,of:0000000000000009:1 -> of:000000000000000c:6,0.002,0.0025,0.002,0.002,1.56,2026-06-18T05:06:28,0.002,1.56
ip_shuffle,20260618T050628_663420,of:0000000000000001:2 -> of:000000000000000c:1,0.003,0.00375,0.003,0.003,3.1,2026-06-18T05:06:28,0.003,3.13
ip_shuffle,20260618T050628_663420,of:0000000000000003:2 -> of:0000000000000008:3,0.002,0.0025,0.002,0.002,1.73,2026-06-18T05:06:28,0.002,1.66
route_mutation,20260618T050727_232330,of:0000000000000005:1 -> of:000000000000000c:5,0.002,0.0025,0.002,0.001,1.36,2026-06-18T05:07:27,0.002,1.5
route_mutation,20260618T050727_232330,of:000000000000000a:1 -> of:000000000000000d:6,0.002,0.0025,0.002,0.002,1.46,2026-06-18T05:07:27,0.002,1.5
route_mutation,20260618T050727_232330,of:000000000000000b:2 -> of:000000000000000c:2,0.002,0.0025,0.002,0.002,1.63,2026-06-18T05:07:27,0.002,1.63
route_mutation,20260618T050727_232330,of:0000000000000004:2 -> of:0000000000000009:2,0.002,0.0025,0.002,0.001,1.5,2026-06-18T05:07:27,0.002,1.56
route_mutation,20260618T050727_232330,of:0000000000000005:2 -> of:0000000000000009:3,0.002,0.0025,0.002,0.001,1.5,2026-06-18T05:07:27,0.002,1.56
route_mutation,20260618T050727_232330,of:000000000000000b:3 -> of:000000000000000d:2,0.002,0.0025,0.002,0.002,1.63,2026-06-18T05:07:27,0.002,1.63
route_mutation,20260618T050727_232330,of:0000000000000004:1 -> of:000000000000000c:4,0.002,0.0025,0.002,0.001,1.36,2026-06-18T05:07:27,0.002,1.5
route_mutation,20260618T050727_232330,of:000000000000000c:3 -> of:000000000000000d:3,0.002,0.0025,0.002,0.002,1.66,2026-06-18T05:07:27,0.002,1.66
route_mutation,20260618T050727_232330,of:0000000000000001:1 -> of:000000000000000b:1,0.003,0.00375,0.003,0.003,3.0,2026-06-18T05:07:27,0.003,2.86
route_mutation,20260618T050727_232330,of:0000000000000006:1 -> of:000000000000000d:4,0.002,0.0025,0.002,0.001,1.4,2026-06-18T05:07:27,0.002,1.5
route_mutation,20260618T050727_232330,of:0000000000000002:1 -> of:000000000000000b:4,0.002,0.0025,0.002,0.002,2.56,2026-06-18T05:07:27,0.002,2.5
route_mutation,20260618T050727_232330,of:0000000000000001:3 -> of:000000000000000d:1,0.002,0.0025,0.002,0.002,1.5,2026-06-18T05:07:27,0.002,1.53
route_mutation,20260618T050727_232330,of:0000000000000006:2 -> of:000000000000000a:2,0.002,0.0025,0.002,0.002,1.53,2026-06-18T05:07:27,0.002,1.6
route_mutation,20260618T050727_232330,of:0000000000000003:1 -> of:000000000000000b:5,0.002,0.0025,0.002,0.002,1.56,2026-06-18T05:07:27,0.002,1.7
route_mutation,20260618T050727_232330,of:0000000000000007:1 -> of:000000000000000d:5,0.002,0.0025,0.002,0.001,1.4,2026-06-18T05:07:27,0.002,1.5
route_mutation,20260618T050727_232330,of:0000000000000007:2 -> of:000000000000000a:3,0.002,0.0025,0.002,0.002,1.6,2026-06-18T05:07:27,0.002,1.6
route_mutation,20260618T050727_232330,of:0000000000000002:2 -> of:0000000000000008:2,0.002,0.0025,0.002,0.002,1.66,2026-06-18T05:07:27,0.002,1.66
route_mutation,20260618T050727_232330,of:0000000000000008:1 -> of:000000000000000b:6,0.002,0.0025,0.002,0.002,1.46,2026-06-18T05:07:27,0.002,1.46
route_mutation,20260618T050727_232330,of:0000000000000009:1 -> of:000000000000000c:6,0.002,0.0025,0.002,0.002,1.46,2026-06-18T05:07:27,0.002,1.5
route_mutation,20260618T050727_232330,of:0000000000000001:2 -> of:000000000000000c:1,0.002,0.0025,0.002,0.002,1.5,2026-06-18T05:07:27,0.002,1.53
route_mutation,20260618T050727_232330,of:0000000000000003:2 -> of:0000000000000008:3,0.002,0.0025,0.002,0.001,1.43,2026-06-18T05:07:27,0.002,1.56
ip_shuffle,20260618T050757_471070,of:0000000000000005:1 -> of:000000000000000c:5,0.002,0.0025,0.002,0.002,2.36,2026-06-18T05:07:57,0.002,2.4
ip_shuffle,20260618T050757_471070,of:000000000000000a:1 -> of:000000000000000d:6,0.002,0.0025,0.002,0.002,1.63,2026-06-18T05:07:57,0.002,1.6
ip_shuffle,20260618T050757_471070,of:000000000000000b:2 -> of:000000000000000c:2,0.002,0.0025,0.002,0.002,1.9,2026-06-18T05:07:57,0.002,1.9
ip_shuffle,20260618T050757_471070,of:0000000000000004:2 -> of:0000000000000009:2,0.002,0.0025,0.002,0.002,1.8,2026-06-18T05:07:57,0.002,1.86
ip_shuffle,20260618T050757_471070,of:0000000000000005:2 -> of:0000000000000009:3,0.002,0.0025,0.002,0.002,1.83,2026-06-18T05:07:57,0.002,1.9
ip_shuffle,20260618T050757_471070,of:000000000000000b:3 -> of:000000000000000d:2,0.002,0.0025,0.002,0.002,2.0,2026-06-18T05:07:57,0.002,2.0
ip_shuffle,20260618T050757_471070,of:0000000000000004:1 -> of:000000000000000c:4,0.002,0.0025,0.002,0.002,2.33,2026-06-18T05:07:57,0.002,2.4
ip_shuffle,20260618T050757_471070,of:000000000000000c:3 -> of:000000000000000d:3,0.002,0.0025,0.002,0.002,1.86,2026-06-18T05:07:57,0.002,1.86
ip_shuffle,20260618T050757_471070,of:0000000000000001:1 -> of:000000000000000b:1,0.002,0.0025,0.002,0.002,2.2,2026-06-18T05:07:57,0.002,2.43
ip_shuffle,20260618T050757_471070,of:0000000000000006:1 -> of:000000000000000d:4,0.002,0.0025,0.002,0.002,2.5,2026-06-18T05:07:57,0.002,2.5
ip_shuffle,20260618T050757_471070,of:0000000000000002:1 -> of:000000000000000b:4,0.002,0.0025,0.002,0.002,1.8,2026-06-18T05:07:57,0.002,1.76
ip_shuffle,20260618T050757_471070,of:0000000000000001:3 -> of:000000000000000d:1,0.002,0.0025,0.002,0.002,2.6,2026-06-18T05:07:57,0.002,2.43
ip_shuffle,20260618T050757_471070,of:0000000000000006:2 -> of:000000000000000a:2,0.002,0.0025,0.002,0.002,1.83,2026-06-18T05:07:57,0.002,1.9
ip_shuffle,20260618T050757_471070,of:0000000000000003:1 -> of:000000000000000b:5,0.002,0.0025,0.002,0.002,2.36,2026-06-18T05:07:57,0.002,2.43
ip_shuffle,20260618T050757_471070,of:0000000000000007:1 -> of:000000000000000d:5,0.002,0.0025,0.002,0.002,1.53,2026-06-18T05:07:57,0.002,1.6
ip_shuffle,20260618T050757_471070,of:0000000000000007:2 -> of:000000000000000a:3,0.002,0.0025,0.002,0.002,1.83,2026-06-18T05:07:57,0.002,1.9
ip_shuffle,20260618T050757_471070,of:0000000000000002:2 -> of:0000000000000008:2,0.002,0.0025,0.002,0.002,1.86,2026-06-18T05:07:57,0.002,1.86
ip_shuffle,20260618T050757_471070,of:0000000000000008:1 -> of:000000000000000b:6,0.002,0.0025,0.002,0.002,1.6,2026-06-18T05:07:57,0.002,1.63
ip_shuffle,20260618T050757_471070,of:0000000000000009:1 -> of:000000000000000c:6,0.002,0.0025,0.002,0.002,1.6,2026-06-18T05:07:57,0.002,1.6
ip_shuffle,20260618T050757_471070,of:0000000000000001:2 -> of:000000000000000c:1,0.003,0.00375,0.003,0.003,3.13,2026-06-18T05:07:57,0.003,3.2
ip_shuffle,20260618T050757_471070,of:0000000000000003:2 -> of:0000000000000008:3,0.002,0.0025,0.002,0.002,1.86,2026-06-18T05:07:57,0.002,1.86
route_mutation,20260618T050855_205208,of:0000000000000005:1 -> of:000000000000000c:5,0.002,0.0025,0.002,0.001,1.36,2026-06-18T05:08:55,0.002,1.43
route_mutation,20260618T050855_205208,of:000000000000000a:1 -> of:000000000000000d:6,0.002,0.0025,0.002,0.002,1.43,2026-06-18T05:08:55,0.002,1.43
route_mutation,20260618T050855_205208,of:000000000000000b:2 -> of:000000000000000c:2,0.002,0.0025,0.002,0.002,1.53,2026-06-18T05:08:55,0.002,1.53
route_mutation,20260618T050855_205208,of:0000000000000004:2 -> of:0000000000000009:2,0.002,0.0025,0.002,0.001,1.46,2026-06-18T05:08:55,0.002,1.53
route_mutation,20260618T050855_205208,of:0000000000000005:2 -> of:0000000000000009:3,0.002,0.0025,0.002,0.001,1.46,2026-06-18T05:08:55,0.002,1.53
route_mutation,20260618T050855_205208,of:000000000000000b:3 -> of:000000000000000d:2,0.002,0.0025,0.002,0.002,1.66,2026-06-18T05:08:55,0.002,1.66
route_mutation,20260618T050855_205208,of:0000000000000004:1 -> of:000000000000000c:4,0.002,0.0025,0.002,0.001,1.4,2026-06-18T05:08:55,0.002,1.46
route_mutation,20260618T050855_205208,of:000000000000000c:3 -> of:000000000000000d:3,0.002,0.0025,0.002,0.002,1.53,2026-06-18T05:08:55,0.002,1.53
route_mutation,20260618T050855_205208,of:0000000000000001:1 -> of:000000000000000b:1,0.003,0.00375,0.003,0.003,3.13,2026-06-18T05:08:55,0.003,3.13
route_mutation,20260618T050855_205208,of:0000000000000006:1 -> of:000000000000000d:4,0.002,0.0025,0.002,0.001,1.36,2026-06-18T05:08:55,0.002,1.43
route_mutation,20260618T050855_205208,of:0000000000000002:1 -> of:000000000000000b:4,0.002,0.0025,0.002,0.002,2.56,2026-06-18T05:08:55,0.002,2.56
route_mutation,20260618T050855_205208,of:0000000000000001:3 -> of:000000000000000d:1,0.002,0.0025,0.002,0.002,1.5,2026-06-18T05:08:55,0.002,1.5
route_mutation,20260618T050855_205208,of:0000000000000006:2 -> of:000000000000000a:2,0.002,0.0025,0.002,0.001,1.46,2026-06-18T05:08:55,0.002,1.53
route_mutation,20260618T050855_205208,of:0000000000000003:1 -> of:000000000000000b:5,0.002,0.0025,0.002,0.002,2.16,2026-06-18T05:08:55,0.002,2.3
route_mutation,20260618T050855_205208,of:0000000000000007:1 -> of:000000000000000d:5,0.002,0.0025,0.002,0.002,1.56,2026-06-18T05:08:55,0.002,1.63
route_mutation,20260618T050855_205208,of:0000000000000007:2 -> of:000000000000000a:3,0.002,0.0025,0.002,0.002,1.53,2026-06-18T05:08:55,0.002,1.53
route_mutation,20260618T050855_205208,of:0000000000000002:2 -> of:0000000000000008:2,0.002,0.0025,0.002,0.002,1.53,2026-06-18T05:08:55,0.002,1.53
route_mutation,20260618T050855_205208,of:0000000000000008:1 -> of:000000000000000b:6,0.002,0.0025,0.002,0.002,1.43,2026-06-18T05:08:55,0.002,1.43
route_mutation,20260618T050855_205208,of:0000000000000009:1 -> of:000000000000000c:6,0.002,0.0025,0.002,0.002,1.43,2026-06-18T05:08:55,0.002,1.43
route_mutation,20260618T050855_205208,of:0000000000000001:2 -> of:000000000000000c:1,0.002,0.0025,0.002,0.002,1.43,2026-06-18T05:08:55,0.002,1.43
route_mutation,20260618T050855_205208,of:0000000000000003:2 -> of:0000000000000008:3,0.002,0.0025,0.002,0.002,1.53,2026-06-18T05:08:55,0.002,1.66
ip_shuffle,20260618T050925_472094,of:0000000000000005:1 -> of:000000000000000c:5,0.002,0.0025,0.002,0.002,2.3,2026-06-18T05:09:25,0.002,2.4
ip_shuffle,20260618T050925_472094,of:000000000000000a:1 -> of:000000000000000d:6,0.002,0.0025,0.002,0.002,1.6,2026-06-18T05:09:25,0.002,1.6
ip_shuffle,20260618T050925_472094,of:000000000000000b:2 -> of:000000000000000c:2,0.002,0.0025,0.002,0.002,1.86,2026-06-18T05:09:25,0.002,1.86
ip_shuffle,20260618T050925_472094,of:0000000000000004:2 -> of:0000000000000009:2,0.002,0.0025,0.002,0.002,1.76,2026-06-18T05:09:25,0.002,1.83
ip_shuffle,20260618T050925_472094,of:0000000000000005:2 -> of:0000000000000009:3,0.002,0.0025,0.002,0.002,1.76,2026-06-18T05:09:25,0.002,1.83
ip_shuffle,20260618T050925_472094,of:000000000000000b:3 -> of:000000000000000d:2,0.002,0.0025,0.002,0.002,2.0,2026-06-18T05:09:25,0.002,2.0
ip_shuffle,20260618T050925_472094,of:0000000000000004:1 -> of:000000000000000c:4,0.002,0.0025,0.002,0.002,2.3,2026-06-18T05:09:25,0.002,2.4
ip_shuffle,20260618T050925_472094,of:000000000000000c:3 -> of:000000000000000d:3,0.002,0.0025,0.002,0.002,1.86,2026-06-18T05:09:25,0.002,1.86
ip_shuffle,20260618T050925_472094,of:0000000000000001:1 -> of:000000000000000b:1,0.002,0.0025,0.002,0.002,1.96,2026-06-18T05:09:25,0.002,2.06
ip_shuffle,20260618T050925_472094,of:0000000000000006:1 -> of:000000000000000d:4,0.002,0.0025,0.002,0.002,2.56,2026-06-18T05:09:25,0.002,2.66
ip_shuffle,20260618T050925_472094,of:0000000000000002:1 -> of:000000000000000b:4,0.002,0.0025,0.002,0.002,1.9,2026-06-18T05:09:25,0.002,1.8
ip_shuffle,20260618T050925_472094,of:0000000000000001:3 -> of:000000000000000d:1,0.002,0.0025,0.002,0.002,2.83,2026-06-18T05:09:25,0.002,2.7
ip_shuffle,20260618T050925_472094,of:0000000000000006:2 -> of:000000000000000a:2,0.002,0.0025,0.002,0.002,1.76,2026-06-18T05:09:25,0.002,1.83
ip_shuffle,20260618T050925_472094,of:0000000000000003:1 -> of:000000000000000b:5,0.002,0.0025,0.002,0.002,2.0,2026-06-18T05:09:25,0.002,1.83
ip_shuffle,20260618T050925_472094,of:0000000000000007:1 -> of:000000000000000d:5,0.002,0.0025,0.002,0.002,1.63,2026-06-18T05:09:25,0.002,1.7
ip_shuffle,20260618T050925_472094,of:0000000000000007:2 -> of:000000000000000a:3,0.002,0.0025,0.002,0.002,1.8,2026-06-18T05:09:25,0.002,1.86
ip_shuffle,20260618T050925_472094,of:0000000000000002:2 -> of:0000000000000008:2,0.002,0.0025,0.002,0.002,1.9,2026-06-18T05:09:25,0.002,1.9
ip_shuffle,20260618T050925_472094,of:0000000000000008:1 -> of:000000000000000b:6,0.002,0.0025,0.002,0.002,1.6,2026-06-18T05:09:25,0.002,1.6
ip_shuffle,20260618T050925_472094,of:0000000000000009:1 -> of:000000000000000c:6,0.002,0.0025,0.002,0.002,1.63,2026-06-18T05:09:25,0.002,1.63
ip_shuffle,20260618T050925_472094,of:0000000000000001:2 -> of:000000000000000c:1,0.003,0.00375,0.003,0.003,3.13,2026-06-18T05:09:25,0.003,3.23
ip_shuffle,20260618T050925_472094,of:0000000000000003:2 -> of:0000000000000008:3,0.002,0.0025,0.002,0.002,2.0,2026-06-18T05:09:25,0.002,1.93
route_mutation,20260618T051023_051944,of:0000000000000005:1 -> of:000000000000000c:5,0.002,0.0025,0.002,0.001,1.36,2026-06-18T05:10:23,0.002,1.43
route_mutation,20260618T051023_051944,of:000000000000000a:1 -> of:000000000000000d:6,0.002,0.0025,0.002,0.002,1.43,2026-06-18T05:10:23,0.002,1.43
route_mutation,20260618T051023_051944,of:000000000000000b:2 -> of:000000000000000c:2,0.002,0.0025,0.002,0.002,1.53,2026-06-18T05:10:23,0.002,1.53
route_mutation,20260618T051023_051944,of:0000000000000004:2 -> of:0000000000000009:2,0.002,0.0025,0.002,0.001,1.5,2026-06-18T05:10:23,0.002,1.53
route_mutation,20260618T051023_051944,of:0000000000000005:2 -> of:0000000000000009:3,0.002,0.0025,0.002,0.001,1.46,2026-06-18T05:10:23,0.002,1.53
route_mutation,20260618T051023_051944,of:000000000000000b:3 -> of:000000000000000d:2,0.002,0.0025,0.002,0.002,1.66,2026-06-18T05:10:23,0.002,1.66
route_mutation,20260618T051023_051944,of:0000000000000004:1 -> of:000000000000000c:4,0.002,0.0025,0.002,0.001,1.36,2026-06-18T05:10:23,0.002,1.43
route_mutation,20260618T051023_051944,of:000000000000000c:3 -> of:000000000000000d:3,0.002,0.0025,0.002,0.002,1.53,2026-06-18T05:10:23,0.002,1.53
route_mutation,20260618T051023_051944,of:0000000000000001:1 -> of:000000000000000b:1,0.003,0.00375,0.003,0.003,3.29,2026-06-18T05:10:23,0.003,3.33
route_mutation,20260618T051023_051944,of:0000000000000006:1 -> of:000000000000000d:4,0.002,0.0025,0.002,0.001,1.36,2026-06-18T05:10:23,0.002,1.43
route_mutation,20260618T051023_051944,of:0000000000000002:1 -> of:000000000000000b:4,0.002,0.0025,0.002,0.002,2.53,2026-06-18T05:10:23,0.002,2.53
route_mutation,20260618T051023_051944,of:0000000000000001:3 -> of:000000000000000d:1,0.002,0.0025,0.002,0.002,1.56,2026-06-18T05:10:23,0.002,1.56
route_mutation,20260618T051023_051944,of:0000000000000006:2 -> of:000000000000000a:2,0.002,0.0025,0.002,0.001,1.46,2026-06-18T05:10:23,0.002,1.53
route_mutation,20260618T051023_051944,of:0000000000000003:1 -> of:000000000000000b:5,0.002,0.0025,0.002,0.002,2.36,2026-06-18T05:10:23,0.002,2.33
route_mutation,20260618T051023_051944,of:0000000000000007:1 -> of:000000000000000d:5,0.002,0.0025,0.002,0.002,1.63,2026-06-18T05:10:23,0.002,1.7
route_mutation,20260618T051023_051944,of:0000000000000007:2 -> of:000000000000000a:3,0.002,0.0025,0.002,0.002,1.53,2026-06-18T05:10:23,0.002,1.53
route_mutation,20260618T051023_051944,of:0000000000000002:2 -> of:0000000000000008:2,0.002,0.0025,0.002,0.002,1.53,2026-06-18T05:10:23,0.002,1.53
route_mutation,20260618T051023_051944,of:0000000000000008:1 -> of:000000000000000b:6,0.002,0.0025,0.002,0.002,1.43,2026-06-18T05:10:23,0.002,1.43
route_mutation,20260618T051023_051944,of:0000000000000009:1 -> of:000000000000000c:6,0.002,0.0025,0.002,0.002,1.43,2026-06-18T05:10:23,0.002,1.43
route_mutation,20260618T051023_051944,of:0000000000000001:2 -> of:000000000000000c:1,0.002,0.0025,0.002,0.002,1.53,2026-06-18T05:10:23,0.002,1.53
route_mutation,20260618T051023_051944,of:0000000000000003:2 -> of:0000000000000008:3,0.002,0.0025,0.002,0.001,1.46,2026-06-18T05:10:23,0.002,1.53
route_mutation,20260618T051053_311481,of:0000000000000005:1 -> of:000000000000000c:5,0.002,0.0025,0.002,0.002,2.39,2026-06-18T05:10:53,0.002,2.49
route_mutation,20260618T051053_311481,of:000000000000000a:1 -> of:000000000000000d:6,0.002,0.0025,0.002,0.002,1.7,2026-06-18T05:10:53,0.002,1.7
route_mutation,20260618T051053_311481,of:000000000000000b:2 -> of:000000000000000c:2,0.002,0.0025,0.002,0.002,2.06,2026-06-18T05:10:53,0.002,2.06
route_mutation,20260618T051053_311481,of:0000000000000004:2 -> of:0000000000000009:2,0.002,0.0025,0.002,0.002,1.9,2026-06-18T05:10:53,0.002,1.96
route_mutation,20260618T051053_311481,of:0000000000000005:2 -> of:0000000000000009:3,0.002,0.0025,0.002,0.002,1.93,2026-06-18T05:10:53,0.002,2.0
route_mutation,20260618T051053_311481,of:000000000000000b:3 -> of:000000000000000d:2,0.002,0.0025,0.002,0.002,2.2,2026-06-18T05:10:53,0.002,2.2
route_mutation,20260618T051053_311481,of:0000000000000004:1 -> of:000000000000000c:4,0.002,0.0025,0.002,0.002,2.36,2026-06-18T05:10:53,0.002,2.49
route_mutation,20260618T051053_311481,of:000000000000000c:3 -> of:000000000000000d:3,0.002,0.0025,0.002,0.002,2.06,2026-06-18T05:10:53,0.002,2.06
route_mutation,20260618T051053_311481,of:0000000000000001:1 -> of:000000000000000b:1,0.002,0.0025,0.002,0.002,1.9,2026-06-18T05:10:53,0.002,1.9
route_mutation,20260618T051053_311481,of:0000000000000006:1 -> of:000000000000000d:4,0.002,0.0025,0.002,0.002,2.76,2026-06-18T05:10:53,0.002,2.86
route_mutation,20260618T051053_311481,of:0000000000000002:1 -> of:000000000000000b:4,0.002,0.0025,0.002,0.002,1.96,2026-06-18T05:10:53,0.002,1.9
route_mutation,20260618T051053_311481,of:0000000000000001:3 -> of:000000000000000d:1,0.003,0.00375,0.003,0.003,3.13,2026-06-18T05:10:53,0.003,3.03
route_mutation,20260618T051053_311481,of:0000000000000006:2 -> of:000000000000000a:2,0.002,0.0025,0.002,0.002,1.96,2026-06-18T05:10:53,0.002,2.03
route_mutation,20260618T051053_311481,of:0000000000000003:1 -> of:000000000000000b:5,0.002,0.0025,0.002,0.002,1.8,2026-06-18T05:10:53,0.002,1.76
route_mutation,20260618T051053_311481,of:0000000000000007:1 -> of:000000000000000d:5,0.002,0.0025,0.002,0.002,1.86,2026-06-18T05:10:53,0.002,1.9
route_mutation,20260618T051053_311481,of:0000000000000007:2 -> of:000000000000000a:3,0.002,0.0025,0.002,0.002,1.96,2026-06-18T05:10:53,0.002,2.03
route_mutation,20260618T051053_311481,of:0000000000000002:2 -> of:0000000000000008:2,0.002,0.0025,0.002,0.002,2.0,2026-06-18T05:10:53,0.002,2.0
route_mutation,20260618T051053_311481,of:0000000000000008:1 -> of:000000000000000b:6,0.002,0.0025,0.002,0.002,1.66,2026-06-18T05:10:53,0.002,1.7
route_mutation,20260618T051053_311481,of:0000000000000009:1 -> of:000000000000000c:6,0.002,0.0025,0.002,0.002,1.7,2026-06-18T05:10:53,0.002,1.73
route_mutation,20260618T051053_311481,of:0000000000000001:2 -> of:000000000000000c:1,0.003,0.00375,0.003,0.003,3.13,2026-06-18T05:10:53,0.003,3.16
route_mutation,20260618T051053_311481,of:0000000000000003:2 -> of:0000000000000008:3,0.002,0.0025,0.002,0.002,2.1,2026-06-18T05:10:53,0.002,2.03
ip_shuffle,20260618T051123_480724,of:0000000000000005:1 -> of:000000000000000c:5,0.002,0.0025,0.002,0.002,1.59,2026-06-18T05:11:23,0.001,1.43
ip_shuffle,20260618T051123_480724,of:000000000000000a:1 -> of:000000000000000d:6,0.001,0.00125,0.001,0.001,1.46,2026-06-18T05:11:23,0.001,1.46
ip_shuffle,20260618T051123_480724,of:000000000000000b:2 -> of:000000000000000c:2,0.001,0.00125,0.001,0.001,1.66,2026-06-18T05:11:23,0.001,1.66
ip_shuffle,20260618T051123_480724,of:0000000000000004:2 -> of:0000000000000009:2,0.002,0.0025,0.002,0.002,2.03,2026-06-18T05:11:23,0.002,1.89
ip_shuffle,20260618T051123_480724,of:0000000000000005:2 -> of:0000000000000009:3,0.002,0.0025,0.002,0.002,1.86,2026-06-18T05:11:23,0.002,1.73
ip_shuffle,20260618T051123_480724,of:000000000000000b:3 -> of:000000000000000d:2,0.002,0.0025,0.002,0.002,1.69,2026-06-18T05:11:23,0.002,1.69
ip_shuffle,20260618T051123_480724,of:0000000000000004:1 -> of:000000000000000c:4,0.002,0.0025,0.002,0.002,1.76,2026-06-18T05:11:23,0.002,1.56
ip_shuffle,20260618T051123_480724,of:000000000000000c:3 -> of:000000000000000d:3,0.001,0.00125,0.001,0.001,1.66,2026-06-18T05:11:23,0.001,1.66
ip_shuffle,20260618T051123_480724,of:0000000000000001:1 -> of:000000000000000b:1,0.002,0.0025,0.002,0.002,1.53,2026-06-18T05:11:23,0.001,1.49
ip_shuffle,20260618T051123_480724,of:0000000000000006:1 -> of:000000000000000d:4,0.002,0.0025,0.002,0.002,1.59,2026-06-18T05:11:23,0.001,1.43
ip_shuffle,20260618T051123_480724,of:0000000000000002:1 -> of:000000000000000b:4,0.001,0.00125,0.001,0.001,1.43,2026-06-18T05:11:23,0.001,1.49
ip_shuffle,20260618T051123_480724,of:0000000000000001:3 -> of:000000000000000d:1,0.002,0.0025,0.002,0.002,2.22,2026-06-18T05:11:23,0.002,2.32
ip_shuffle,20260618T051123_480724,of:0000000000000006:2 -> of:000000000000000a:2,0.002,0.0025,0.002,0.002,1.83,2026-06-18T05:11:23,0.002,1.69
ip_shuffle,20260618T051123_480724,of:0000000000000003:1 -> of:000000000000000b:5,0.001,0.00125,0.001,0.001,1.43,2026-06-18T05:11:23,0.001,1.49
ip_shuffle,20260618T051123_480724,of:0000000000000007:1 -> of:000000000000000d:5,0.002,0.0025,0.002,0.002,2.52,2026-06-18T05:11:23,0.002,2.42
ip_shuffle,20260618T051123_480724,of:0000000000000007:2 -> of:000000000000000a:3,0.002,0.0025,0.002,0.002,1.83,2026-06-18T05:11:23,0.002,1.69
ip_shuffle,20260618T051123_480724,of:0000000000000002:2 -> of:0000000000000008:2,0.002,0.0025,0.002,0.002,1.73,2026-06-18T05:11:23,0.002,1.73
ip_shuffle,20260618T051123_480724,of:0000000000000008:1 -> of:000000000000000b:6,0.001,0.00125,0.001,0.001,1.46,2026-06-18T05:11:23,0.001,1.43
ip_shuffle,20260618T051123_480724,of:0000000000000009:1 -> of:000000000000000c:6,0.001,0.00125,0.001,0.001,1.46,2026-06-18T05:11:23,0.001,1.43
ip_shuffle,20260618T051123_480724,of:0000000000000001:2 -> of:000000000000000c:1,0.001,0.00125,0.001,0.001,1.49,2026-06-18T05:11:23,0.001,1.46
ip_shuffle,20260618T051123_480724,of:0000000000000003:2 -> of:0000000000000008:3,0.002,0.0025,0.002,0.002,1.69,2026-06-18T05:11:23,0.002,1.69
route_mutation,20260618T051221_076078,of:0000000000000005:1 -> of:000000000000000c:5,0.002,0.0025,0.002,0.002,2.2,2026-06-18T05:12:21,0.002,2.36
route_mutation,20260618T051221_076078,of:000000000000000a:1 -> of:000000000000000d:6,0.002,0.0025,0.002,0.002,1.53,2026-06-18T05:12:21,0.002,1.56
route_mutation,20260618T051221_076078,of:000000000000000b:2 -> of:000000000000000c:2,0.002,0.0025,0.002,0.002,1.76,2026-06-18T05:12:21,0.002,1.73
route_mutation,20260618T051221_076078,of:0000000000000004:2 -> of:0000000000000009:2,0.002,0.0025,0.002,0.002,1.73,2026-06-18T05:12:21,0.002,1.66
route_mutation,20260618T051221_076078,of:0000000000000005:2 -> of:0000000000000009:3,0.002,0.0025,0.002,0.002,1.66,2026-06-18T05:12:21,0.002,1.73
route_mutation,20260618T051221_076078,of:000000000000000b:3 -> of:000000000000000d:2,0.002,0.0025,0.002,0.002,1.8,2026-06-18T05:12:21,0.002,1.83
route_mutation,20260618T051221_076078,of:0000000000000004:1 -> of:000000000000000c:4,0.002,0.0025,0.002,0.002,1.86,2026-06-18T05:12:21,0.002,1.86
route_mutation,20260618T051221_076078,of:000000000000000c:3 -> of:000000000000000d:3,0.002,0.0025,0.002,0.002,1.76,2026-06-18T05:12:21,0.002,1.76
route_mutation,20260618T051221_076078,of:0000000000000001:1 -> of:000000000000000b:1,0.002,0.0025,0.002,0.002,1.56,2026-06-18T05:12:21,0.002,1.56
route_mutation,20260618T051221_076078,of:0000000000000006:1 -> of:000000000000000d:4,0.002,0.0025,0.002,0.002,2.33,2026-06-18T05:12:21,0.002,2.4
route_mutation,20260618T051221_076078,of:0000000000000002:1 -> of:000000000000000b:4,0.002,0.0025,0.002,0.002,1.66,2026-06-18T05:12:21,0.002,1.66
route_mutation,20260618T051221_076078,of:0000000000000001:3 -> of:000000000000000d:1,0.002,0.0025,0.002,0.002,2.4,2026-06-18T05:12:21,0.002,2.3
route_mutation,20260618T051221_076078,of:0000000000000006:2 -> of:000000000000000a:2,0.002,0.0025,0.002,0.002,1.63,2026-06-18T05:12:21,0.002,1.73
route_mutation,20260618T051221_076078,of:0000000000000003:1 -> of:000000000000000b:5,0.001,0.00125,0.001,0.001,1.46,2026-06-18T05:12:21,0.001,1.46
route_mutation,20260618T051221_076078,of:0000000000000007:1 -> of:000000000000000d:5,0.002,0.0025,0.002,0.002,1.53,2026-06-18T05:12:21,0.002,1.56
route_mutation,20260618T051221_076078,of:0000000000000007:2 -> of:000000000000000a:3,0.002,0.0025,0.002,0.002,1.7,2026-06-18T05:12:21,0.002,1.73
route_mutation,20260618T051221_076078,of:0000000000000002:2 -> of:0000000000000008:2,0.002,0.0025,0.002,0.002,1.66,2026-06-18T05:12:21,0.002,1.66
route_mutation,20260618T051221_076078,of:0000000000000008:1 -> of:000000000000000b:6,0.002,0.0025,0.002,0.002,1.53,2026-06-18T05:12:21,0.002,1.53
route_mutation,20260618T051221_076078,of:0000000000000009:1 -> of:000000000000000c:6,0.002,0.0025,0.002,0.002,1.53,2026-06-18T05:12:21,0.002,1.53
route_mutation,20260618T051221_076078,of:0000000000000001:2 -> of:000000000000000c:1,0.002,0.0025,0.002,0.002,2.66,2026-06-18T05:12:21,0.002,2.66
route_mutation,20260618T051221_076078,of:0000000000000003:2 -> of:0000000000000008:3,0.002,0.0025,0.002,0.002,1.73,2026-06-18T05:12:21,0.002,1.66
ip_shuffle,20260618T051251_321607,of:0000000000000005:1 -> of:000000000000000c:5,0.002,0.0025,0.002,0.002,1.76,2026-06-18T05:12:51,0.001,1.6
ip_shuffle,20260618T051251_321607,of:000000000000000a:1 -> of:000000000000000d:6,0.002,0.0025,0.002,0.002,1.66,2026-06-18T05:12:51,0.002,1.66
ip_shuffle,20260618T051251_321607,of:000000000000000b:2 -> of:000000000000000c:2,0.002,0.0025,0.002,0.002,2.0,2026-06-18T05:12:51,0.002,2.0
ip_shuffle,20260618T051251_321607,of:0000000000000004:2 -> of:0000000000000009:2,0.002,0.0025,0.002,0.002,2.13,2026-06-18T05:12:51,0.002,2.06
ip_shuffle,20260618T051251_321607,of:0000000000000005:2 -> of:0000000000000009:3,0.002,0.0025,0.002,0.002,2.16,2026-06-18T05:12:51,0.002,2.03
ip_shuffle,20260618T051251_321607,of:000000000000000b:3 -> of:000000000000000d:2,0.002,0.0025,0.002,0.002,2.13,2026-06-18T05:12:51,0.002,2.13
ip_shuffle,20260618T051251_321607,of:0000000000000004:1 -> of:000000000000000c:4,0.002,0.0025,0.002,0.002,1.73,2026-06-18T05:12:51,0.002,1.66
ip_shuffle,20260618T051251_321607,of:000000000000000c:3 -> of:000000000000000d:3,0.002,0.0025,0.002,0.002,2.06,2026-06-18T05:12:51,0.002,2.06
ip_shuffle,20260618T051251_321607,of:0000000000000001:1 -> of:000000000000000b:1,0.002,0.0025,0.002,0.002,1.7,2026-06-18T05:12:51,0.002,1.7
ip_shuffle,20260618T051251_321607,of:0000000000000006:1 -> of:000000000000000d:4,0.002,0.0025,0.002,0.002,1.96,2026-06-18T05:12:51,0.002,1.93
ip_shuffle,20260618T051251_321607,of:0000000000000002:1 -> of:000000000000000b:4,0.002,0.0025,0.002,0.002,1.73,2026-06-18T05:12:51,0.002,1.73
ip_shuffle,20260618T051251_321607,of:0000000000000001:3 -> of:000000000000000d:1,0.003,0.00375,0.003,0.002,2.9,2026-06-18T05:12:51,0.003,3.06
ip_shuffle,20260618T051251_321607,of:0000000000000006:2 -> of:000000000000000a:2,0.002,0.0025,0.002,0.002,2.16,2026-06-18T05:12:51,0.002,2.03
ip_shuffle,20260618T051251_321607,of:0000000000000003:1 -> of:000000000000000b:5,0.002,0.0025,0.002,0.002,1.73,2026-06-18T05:12:51,0.002,1.66
ip_shuffle,20260618T051251_321607,of:0000000000000007:1 -> of:000000000000000d:5,0.002,0.0025,0.002,0.002,2.9,2026-06-18T05:12:51,0.002,2.86
ip_shuffle,20260618T051251_321607,of:0000000000000007:2 -> of:000000000000000a:3,0.002,0.0025,0.002,0.002,2.1,2026-06-18T05:12:51,0.002,2.03
ip_shuffle,20260618T051251_321607,of:0000000000000002:2 -> of:0000000000000008:2,0.002,0.0025,0.002,0.002,2.06,2026-06-18T05:12:51,0.002,2.06
ip_shuffle,20260618T051251_321607,of:0000000000000008:1 -> of:000000000000000b:6,0.001,0.00125,0.001,0.001,1.6,2026-06-18T05:12:51,0.001,1.6
ip_shuffle,20260618T051251_321607,of:0000000000000009:1 -> of:000000000000000c:6,0.001,0.00125,0.001,0.001,1.6,2026-06-18T05:12:51,0.001,1.6
ip_shuffle,20260618T051251_321607,of:0000000000000001:2 -> of:000000000000000c:1,0.002,0.0025,0.002,0.002,1.66,2026-06-18T05:12:51,0.002,1.66
ip_shuffle,20260618T051251_321607,of:0000000000000003:2 -> of:0000000000000008:3,0.002,0.0025,0.002,0.002,2.13,2026-06-18T05:12:51,0.002,2.06
ip_shuffle,20260618T051356_431652,of:0000000000000005:1 -> of:000000000000000c:5,0.002,0.0025,0.002,0.002,2.26,2026-06-18T05:13:56,0.002,2.3
ip_shuffle,20260618T051356_431652,of:000000000000000a:1 -> of:000000000000000d:6,0.002,0.0025,0.002,0.002,1.53,2026-06-18T05:13:56,0.002,1.53
ip_shuffle,20260618T051356_431652,of:000000000000000b:2 -> of:000000000000000c:2,0.002,0.0025,0.002,0.002,1.8,2026-06-18T05:13:56,0.002,1.8
ip_shuffle,20260618T051356_431652,of:0000000000000004:2 -> of:0000000000000009:2,0.002,0.0025,0.002,0.002,1.73,2026-06-18T05:13:56,0.002,1.66
ip_shuffle,20260618T051356_431652,of:0000000000000005:2 -> of:0000000000000009:3,0.002,0.0025,0.002,0.002,1.73,2026-06-18T05:13:56,0.002,1.66
ip_shuffle,20260618T051356_431652,of:000000000000000b:3 -> of:000000000000000d:2,0.002,0.0025,0.002,0.002,1.83,2026-06-18T05:13:56,0.002,1.86
ip_shuffle,20260618T051356_431652,of:0000000000000004:1 -> of:000000000000000c:4,0.002,0.0025,0.002,0.002,2.26,2026-06-18T05:13:56,0.002,2.3
ip_shuffle,20260618T051356_431652,of:000000000000000c:3 -> of:000000000000000d:3,0.002,0.0025,0.002,0.002,1.76,2026-06-18T05:13:56,0.002,1.76
ip_shuffle,20260618T051356_431652,of:0000000000000001:1 -> of:000000000000000b:1,0.002,0.0025,0.002,0.002,2.7,2026-06-18T05:13:56,0.002,2.7
ip_shuffle,20260618T051356_431652,of:0000000000000006:1 -> of:000000000000000d:4,0.002,0.0025,0.002,0.002,1.86,2026-06-18T05:13:56,0.002,1.83
ip_shuffle,20260618T051356_431652,of:0000000000000002:1 -> of:000000000000000b:4,0.002,0.0025,0.002,0.002,1.8,2026-06-18T05:13:56,0.002,1.76
ip_shuffle,20260618T051356_431652,of:0000000000000001:3 -> of:000000000000000d:1,0.002,0.0025,0.002,0.002,2.06,2026-06-18T05:13:56,0.002,2.0
ip_shuffle,20260618T051356_431652,of:0000000000000006:2 -> of:000000000000000a:2,0.002,0.0025,0.002,0.002,1.7,2026-06-18T05:13:56,0.002,1.76
ip_shuffle,20260618T051356_431652,of:0000000000000003:1 -> of:000000000000000b:5,0.002,0.0025,0.002,0.002,2.5,2026-06-18T05:13:56,0.002,2.5
ip_shuffle,20260618T051356_431652,of:0000000000000007:1 -> of:000000000000000d:5,0.002,0.0025,0.002,0.002,1.76,2026-06-18T05:13:56,0.002,1.83
ip_shuffle,20260618T051356_431652,of:0000000000000007:2 -> of:000000000000000a:3,0.002,0.0025,0.002,0.002,1.73,2026-06-18T05:13:56,0.002,1.73
ip_shuffle,20260618T051356_431652,of:0000000000000002:2 -> of:0000000000000008:2,0.002,0.0025,0.002,0.002,1.66,2026-06-18T05:13:56,0.002,1.66
ip_shuffle,20260618T051356_431652,of:0000000000000008:1 -> of:000000000000000b:6,0.002,0.0025,0.002,0.002,1.53,2026-06-18T05:13:56,0.002,1.53
ip_shuffle,20260618T051356_431652,of:0000000000000009:1 -> of:000000000000000c:6,0.002,0.0025,0.002,0.002,1.53,2026-06-18T05:13:56,0.002,1.56
ip_shuffle,20260618T051356_431652,of:0000000000000001:2 -> of:000000000000000c:1,0.003,0.00375,0.003,0.003,3.1,2026-06-18T05:13:56,0.003,3.06
ip_shuffle,20260618T051356_431652,of:0000000000000003:2 -> of:0000000000000008:3,0.002,0.0025,0.002,0.002,1.73,2026-06-18T05:13:56,0.002,1.66
route_mutation,20260618T051454_077390,of:0000000000000005:1 -> of:000000000000000c:5,0.001,0.00125,0.001,0.001,1.27,2026-06-18T05:14:54,0.001,1.33
route_mutation,20260618T051454_077390,of:000000000000000a:1 -> of:000000000000000d:6,0.001,0.00125,0.001,0.001,1.27,2026-06-18T05:14:54,0.001,1.27
route_mutation,20260618T051454_077390,of:000000000000000b:2 -> of:000000000000000c:2,0.001,0.00125,0.001,0.001,1.33,2026-06-18T05:14:54,0.001,1.33
route_mutation,20260618T051454_077390,of:0000000000000004:2 -> of:0000000000000009:2,0.001,0.00125,0.001,0.001,1.2,2026-06-18T05:14:54,0.001,1.33
route_mutation,20260618T051454_077390,of:0000000000000005:2 -> of:0000000000000009:3,0.001,0.00125,0.001,0.001,1.2,2026-06-18T05:14:54,0.001,1.33
route_mutation,20260618T051454_077390,of:000000000000000b:3 -> of:000000000000000d:2,0.001,0.00125,0.001,0.001,1.27,2026-06-18T05:14:54,0.001,1.27
route_mutation,20260618T051454_077390,of:0000000000000004:1 -> of:000000000000000c:4,0.001,0.00125,0.001,0.001,1.27,2026-06-18T05:14:54,0.001,1.33
route_mutation,20260618T051454_077390,of:000000000000000c:3 -> of:000000000000000d:3,0.001,0.00125,0.001,0.001,1.27,2026-06-18T05:14:54,0.001,1.27
route_mutation,20260618T051454_077390,of:0000000000000001:1 -> of:000000000000000b:1,0.002,0.0025,0.002,0.002,1.5,2026-06-18T05:14:54,0.002,1.5
route_mutation,20260618T051454_077390,of:0000000000000006:1 -> of:000000000000000d:4,0.001,0.00125,0.001,0.001,1.33,2026-06-18T05:14:54,0.001,1.27
route_mutation,20260618T051454_077390,of:0000000000000002:1 -> of:000000000000000b:4,0.002,0.0025,0.002,0.002,1.5,2026-06-18T05:14:54,0.002,1.5
route_mutation,20260618T051454_077390,of:0000000000000001:3 -> of:000000000000000d:1,0.002,0.0025,0.002,0.002,1.4,2026-06-18T05:14:54,0.001,1.33
route_mutation,20260618T051454_077390,of:0000000000000006:2 -> of:000000000000000a:2,0.001,0.00125,0.001,0.001,1.27,2026-06-18T05:14:54,0.001,1.33
route_mutation,20260618T051454_077390,of:0000000000000003:1 -> of:000000000000000b:5,0.001,0.00125,0.001,0.001,1.27,2026-06-18T05:14:54,0.001,1.33
route_mutation,20260618T051454_077390,of:0000000000000007:1 -> of:000000000000000d:5,0.002,0.0025,0.002,0.002,1.46,2026-06-18T05:14:54,0.002,1.46
route_mutation,20260618T051454_077390,of:0000000000000007:2 -> of:000000000000000a:3,0.001,0.00125,0.001,0.001,1.27,2026-06-18T05:14:54,0.001,1.33
route_mutation,20260618T051454_077390,of:0000000000000002:2 -> of:0000000000000008:2,0.001,0.00125,0.001,0.001,1.33,2026-06-18T05:14:54,0.001,1.33
route_mutation,20260618T051454_077390,of:0000000000000008:1 -> of:000000000000000b:6,0.001,0.00125,0.001,0.001,1.33,2026-06-18T05:14:54,0.001,1.33
route_mutation,20260618T051454_077390,of:0000000000000009:1 -> of:000000000000000c:6,0.001,0.00125,0.001,0.001,1.33,2026-06-18T05:14:54,0.001,1.33
route_mutation,20260618T051454_077390,of:0000000000000001:2 -> of:000000000000000c:1,0.001,0.00125,0.001,0.001,1.33,2026-06-18T05:14:54,0.001,1.33
route_mutation,20260618T051454_077390,of:0000000000000003:2 -> of:0000000000000008:3,0.001,0.00125,0.001,0.001,1.27,2026-06-18T05:14:54,0.001,1.33
route_mutation,20260618T051524_333289,of:0000000000000005:1 -> of:000000000000000c:5,0.002,0.0025,0.002,0.002,2.1,2026-06-18T05:15:24,0.002,2.1
route_mutation,20260618T051524_333289,of:000000000000000a:1 -> of:000000000000000d:6,0.002,0.0025,0.002,0.002,1.53,2026-06-18T05:15:24,0.002,1.53
route_mutation,20260618T051524_333289,of:000000000000000b:2 -> of:000000000000000c:2,0.002,0.0025,0.002,0.002,1.73,2026-06-18T05:15:24,0.002,1.73
route_mutation,20260618T051524_333289,of:0000000000000004:2 -> of:0000000000000009:2,0.002,0.0025,0.002,0.002,1.73,2026-06-18T05:15:24,0.002,1.66
route_mutation,20260618T051524_333289,of:0000000000000005:2 -> of:0000000000000009:3,0.002,0.0025,0.002,0.002,1.73,2026-06-18T05:15:24,0.002,1.66
route_mutation,20260618T051524_333289,of:000000000000000b:3 -> of:000000000000000d:2,0.002,0.0025,0.002,0.002,1.73,2026-06-18T05:15:24,0.002,1.73
route_mutation,20260618T051524_333289,of:0000000000000004:1 -> of:000000000000000c:4,0.002,0.0025,0.002,0.002,2.26,2026-06-18T05:15:24,0.002,2.26
route_mutation,20260618T051524_333289,of:000000000000000c:3 -> of:000000000000000d:3,0.002,0.0025,0.002,0.002,1.73,2026-06-18T05:15:24,0.002,1.73
route_mutation,20260618T051524_333289,of:0000000000000001:1 -> of:000000000000000b:1,0.003,0.00375,0.003,0.003,3.36,2026-06-18T05:15:24,0.003,3.43
route_mutation,20260618T051524_333289,of:0000000000000006:1 -> of:000000000000000d:4,0.002,0.0025,0.002,0.001,1.46,2026-06-18T05:15:24,0.002,1.53
route_mutation,20260618T051524_333289,of:0000000000000002:1 -> of:000000000000000b:4,0.002,0.0025,0.002,0.002,2.33,2026-06-18T05:15:24,0.002,2.4
route_mutation,20260618T051524_333289,of:0000000000000001:3 -> of:000000000000000d:1,0.002,0.0025,0.002,0.002,1.53,2026-06-18T05:15:24,0.002,1.53
route_mutation,20260618T051524_333289,of:0000000000000006:2 -> of:000000000000000a:2,0.002,0.0025,0.002,0.002,1.73,2026-06-18T05:15:24,0.002,1.73
route_mutation,20260618T051524_333289,of:0000000000000003:1 -> of:000000000000000b:5,0.002,0.0025,0.002,0.002,2.5,2026-06-18T05:15:24,0.002,2.5
route_mutation,20260618T051524_333289,of:0000000000000007:1 -> of:000000000000000d:5,0.002,0.0025,0.002,0.002,1.53,2026-06-18T05:15:24,0.002,1.53
route_mutation,20260618T051524_333289,of:0000000000000007:2 -> of:000000000000000a:3,0.002,0.0025,0.002,0.002,1.73,2026-06-18T05:15:24,0.002,1.73
route_mutation,20260618T051524_333289,of:0000000000000002:2 -> of:0000000000000008:2,0.002,0.0025,0.002,0.002,1.66,2026-06-18T05:15:24,0.002,1.73
route_mutation,20260618T051524_333289,of:0000000000000008:1 -> of:000000000000000b:6,0.002,0.0025,0.002,0.002,1.53,2026-06-18T05:15:24,0.002,1.53
route_mutation,20260618T051524_333289,of:0000000000000009:1 -> of:000000000000000c:6,0.002,0.0025,0.002,0.002,1.53,2026-06-18T05:15:24,0.002,1.53
route_mutation,20260618T051524_333289,of:0000000000000001:2 -> of:000000000000000c:1,0.003,0.00375,0.003,0.003,2.93,2026-06-18T05:15:24,0.003,2.93
route_mutation,20260618T051524_333289,of:0000000000000003:2 -> of:0000000000000008:3,0.002,0.0025,0.002,0.002,1.66,2026-06-18T05:15:24,0.002,1.66
route_mutation,20260618T051554_606449,of:0000000000000005:1 -> of:000000000000000c:5,0.002,0.0025,0.002,0.002,2.13,2026-06-18T05:15:54,0.002,2.13
route_mutation,20260618T051554_606449,of:000000000000000a:1 -> of:000000000000000d:6,0.002,0.0025,0.002,0.002,1.9,2026-06-18T05:15:54,0.002,1.9
route_mutation,20260618T051554_606449,of:000000000000000b:2 -> of:000000000000000c:2,0.002,0.0025,0.002,0.002,2.53,2026-06-18T05:15:54,0.002,2.53
route_mutation,20260618T051554_606449,of:0000000000000004:2 -> of:0000000000000009:2,0.002,0.0025,0.002,0.002,2.6,2026-06-18T05:15:54,0.002,2.53
route_mutation,20260618T051554_606449,of:0000000000000005:2 -> of:0000000000000009:3,0.002,0.0025,0.002,0.002,2.6,2026-06-18T05:15:54,0.002,2.53
route_mutation,20260618T051554_606449,of:000000000000000b:3 -> of:000000000000000d:2,0.002,0.0025,0.002,0.002,2.63,2026-06-18T05:15:54,0.002,2.63
route_mutation,20260618T051554_606449,of:0000000000000004:1 -> of:000000000000000c:4,0.002,0.0025,0.002,0.002,1.96,2026-06-18T05:15:54,0.002,1.96
route_mutation,20260618T051554_606449,of:000000000000000c:3 -> of:000000000000000d:3,0.002,0.0025,0.002,0.002,2.6,2026-06-18T05:15:54,0.002,2.6
route_mutation,20260618T051554_606449,of:0000000000000001:1 -> of:000000000000000b:1,0.002,0.0025,0.002,0.002,2.03,2026-06-18T05:15:54,0.002,2.0
route_mutation,20260618T051554_606449,of:0000000000000006:1 -> of:000000000000000d:4,0.002,0.0025,0.002,0.002,3.03,2026-06-18T05:15:54,0.002,3.03
route_mutation,20260618T051554_606449,of:0000000000000002:1 -> of:000000000000000b:4,0.002,0.0025,0.002,0.002,2.2,2026-06-18T05:15:54,0.002,2.06
route_mutation,20260618T051554_606449,of:0000000000000001:3 -> of:000000000000000d:1,0.003,0.00375,0.003,0.003,4.03,2026-06-18T05:15:54,0.003,4.1
route_mutation,20260618T051554_606449,of:0000000000000006:2 -> of:000000000000000a:2,0.002,0.0025,0.002,0.002,2.53,2026-06-18T05:15:54,0.002,2.46
route_mutation,20260618T051554_606449,of:0000000000000003:1 -> of:000000000000000b:5,0.002,0.0025,0.002,0.002,1.96,2026-06-18T05:15:54,0.002,1.93
route_mutation,20260618T051554_606449,of:0000000000000007:1 -> of:000000000000000d:5,0.003,0.00375,0.003,0.002,3.0,2026-06-18T05:15:54,0.003,3.1
route_mutation,20260618T051554_606449,of:0000000000000007:2 -> of:000000000000000a:3,0.002,0.0025,0.002,0.002,2.53,2026-06-18T05:15:54,0.002,2.46
route_mutation,20260618T051554_606449,of:0000000000000002:2 -> of:0000000000000008:2,0.002,0.0025,0.002,0.002,2.6,2026-06-18T05:15:54,0.002,2.46
route_mutation,20260618T051554_606449,of:0000000000000008:1 -> of:000000000000000b:6,0.002,0.0025,0.002,0.002,1.83,2026-06-18T05:15:54,0.002,1.83
route_mutation,20260618T051554_606449,of:0000000000000009:1 -> of:000000000000000c:6,0.002,0.0025,0.002,0.002,1.9,2026-06-18T05:15:54,0.002,1.9
route_mutation,20260618T051554_606449,of:0000000000000001:2 -> of:000000000000000c:1,0.002,0.0025,0.002,0.002,2.03,2026-06-18T05:15:54,0.002,2.1
route_mutation,20260618T051554_606449,of:0000000000000003:2 -> of:0000000000000008:3,0.002,0.0025,0.002,0.002,2.6,2026-06-18T05:15:54,0.002,2.53
ip_shuffle,20260618T051624_841573,of:0000000000000005:1 -> of:000000000000000c:5,0.001,0.00125,0.001,0.001,1.26,2026-06-18T05:16:24,0.001,1.26
ip_shuffle,20260618T051624_841573,of:000000000000000a:1 -> of:000000000000000d:6,0.001,0.00125,0.001,0.001,1.26,2026-06-18T05:16:24,0.001,1.26
ip_shuffle,20260618T051624_841573,of:000000000000000b:2 -> of:000000000000000c:2,0.001,0.00125,0.001,0.001,1.26,2026-06-18T05:16:24,0.001,1.26
ip_shuffle,20260618T051624_841573,of:0000000000000004:2 -> of:0000000000000009:2,0.001,0.00125,0.001,0.001,1.2,2026-06-18T05:16:24,0.001,1.33
ip_shuffle,20260618T051624_841573,of:0000000000000005:2 -> of:0000000000000009:3,0.001,0.00125,0.001,0.001,1.2,2026-06-18T05:16:24,0.001,1.33
ip_shuffle,20260618T051624_841573,of:000000000000000b:3 -> of:000000000000000d:2,0.001,0.00125,0.001,0.001,1.26,2026-06-18T05:16:24,0.001,1.26
ip_shuffle,20260618T051624_841573,of:0000000000000004:1 -> of:000000000000000c:4,0.001,0.00125,0.001,0.001,1.26,2026-06-18T05:16:24,0.001,1.26
ip_shuffle,20260618T051624_841573,of:000000000000000c:3 -> of:000000000000000d:3,0.001,0.00125,0.001,0.001,1.2,2026-06-18T05:16:24,0.001,1.2
ip_shuffle,20260618T051624_841573,of:0000000000000001:1 -> of:000000000000000b:1,0.002,0.0025,0.002,0.002,1.56,2026-06-18T05:16:24,0.002,1.56
ip_shuffle,20260618T051624_841573,of:0000000000000006:1 -> of:000000000000000d:4,0.002,0.0025,0.002,0.002,1.4,2026-06-18T05:16:24,0.002,1.4
ip_shuffle,20260618T051624_841573,of:0000000000000002:1 -> of:000000000000000b:4,0.002,0.0025,0.002,0.002,1.53,2026-06-18T05:16:24,0.002,1.6
ip_shuffle,20260618T051624_841573,of:0000000000000001:3 -> of:000000000000000d:1,0.001,0.00125,0.001,0.001,1.36,2026-06-18T05:16:24,0.001,1.3
ip_shuffle,20260618T051624_841573,of:0000000000000006:2 -> of:000000000000000a:2,0.002,0.0025,0.002,0.001,1.33,2026-06-18T05:16:24,0.002,1.46
ip_shuffle,20260618T051624_841573,of:0000000000000003:1 -> of:000000000000000b:5,0.001,0.00125,0.001,0.001,1.3,2026-06-18T05:16:24,0.001,1.33
ip_shuffle,20260618T051624_841573,of:0000000000000007:1 -> of:000000000000000d:5,0.001,0.00125,0.001,0.001,1.4,2026-06-18T05:16:24,0.001,1.3
ip_shuffle,20260618T051624_841573,of:0000000000000007:2 -> of:000000000000000a:3,0.002,0.0025,0.002,0.001,1.3,2026-06-18T05:16:24,0.002,1.36
ip_shuffle,20260618T051624_841573,of:0000000000000002:2 -> of:0000000000000008:2,0.001,0.00125,0.001,0.001,1.26,2026-06-18T05:16:24,0.001,1.33
ip_shuffle,20260618T051624_841573,of:0000000000000008:1 -> of:000000000000000b:6,0.001,0.00125,0.001,0.001,1.33,2026-06-18T05:16:24,0.001,1.33
ip_shuffle,20260618T051624_841573,of:0000000000000009:1 -> of:000000000000000c:6,0.001,0.00125,0.001,0.001,1.26,2026-06-18T05:16:24,0.001,1.26
ip_shuffle,20260618T051624_841573,of:0000000000000001:2 -> of:000000000000000c:1,0.001,0.00125,0.001,0.001,1.33,2026-06-18T05:16:24,0.001,1.26
ip_shuffle,20260618T051624_841573,of:0000000000000003:2 -> of:0000000000000008:3,0.001,0.00125,0.001,0.001,1.26,2026-06-18T05:16:24,0.001,1.33
route_mutation,20260618T051722_556615,of:0000000000000005:1 -> of:000000000000000c:5,0.002,0.0025,0.002,0.002,2.1,2026-06-18T05:17:22,0.002,2.1
route_mutation,20260618T051722_556615,of:000000000000000a:1 -> of:000000000000000d:6,0.002,0.0025,0.002,0.002,1.86,2026-06-18T05:17:22,0.002,1.86
route_mutation,20260618T051722_556615,of:000000000000000b:2 -> of:000000000000000c:2,0.002,0.0025,0.002,0.002,2.46,2026-06-18T05:17:22,0.002,2.46
route_mutation,20260618T051722_556615,of:0000000000000004:2 -> of:0000000000000009:2,0.002,0.0025,0.002,0.002,2.53,2026-06-18T05:17:22,0.002,2.46
route_mutation,20260618T051722_556615,of:0000000000000005:2 -> of:0000000000000009:3,0.002,0.0025,0.002,0.002,2.53,2026-06-18T05:17:22,0.002,2.46
route_mutation,20260618T051722_556615,of:000000000000000b:3 -> of:000000000000000d:2,0.002,0.0025,0.002,0.002,2.6,2026-06-18T05:17:22,0.002,2.6
route_mutation,20260618T051722_556615,of:0000000000000004:1 -> of:000000000000000c:4,0.002,0.0025,0.002,0.002,1.93,2026-06-18T05:17:22,0.002,1.93
route_mutation,20260618T051722_556615,of:000000000000000c:3 -> of:000000000000000d:3,0.002,0.0025,0.002,0.002,2.53,2026-06-18T05:17:22,0.002,2.53
route_mutation,20260618T051722_556615,of:0000000000000001:1 -> of:000000000000000b:1,0.002,0.0025,0.002,0.002,2.06,2026-06-18T05:17:22,0.002,1.93
route_mutation,20260618T051722_556615,of:0000000000000006:1 -> of:000000000000000d:4,0.002,0.0025,0.002,0.002,2.96,2026-06-18T05:17:22,0.002,3.0
route_mutation,20260618T051722_556615,of:0000000000000002:1 -> of:000000000000000b:4,0.002,0.0025,0.002,0.002,2.2,2026-06-18T05:17:22,0.002,2.06
route_mutation,20260618T051722_556615,of:0000000000000001:3 -> of:000000000000000d:1,0.003,0.00375,0.003,0.003,3.99,2026-06-18T05:17:22,0.003,3.96
route_mutation,20260618T051722_556615,of:0000000000000006:2 -> of:000000000000000a:2,0.002,0.0025,0.002,0.002,2.53,2026-06-18T05:17:22,0.002,2.46
route_mutation,20260618T051722_556615,of:0000000000000003:1 -> of:000000000000000b:5,0.002,0.0025,0.002,0.002,1.93,2026-06-18T05:17:22,0.002,1.86
route_mutation,20260618T051722_556615,of:0000000000000007:1 -> of:000000000000000d:5,0.003,0.00375,0.003,0.003,3.0,2026-06-18T05:17:22,0.003,3.0
route_mutation,20260618T051722_556615,of:0000000000000007:2 -> of:000000000000000a:3,0.002,0.0025,0.002,0.002,2.46,2026-06-18T05:17:22,0.002,2.4
route_mutation,20260618T051722_556615,of:0000000000000002:2 -> of:0000000000000008:2,0.002,0.0025,0.002,0.002,2.53,2026-06-18T05:17:22,0.002,2.4
route_mutation,20260618T051722_556615,of:0000000000000008:1 -> of:000000000000000b:6,0.002,0.0025,0.002,0.002,1.8,2026-06-18T05:17:22,0.002,1.8
route_mutation,20260618T051722_556615,of:0000000000000009:1 -> of:000000000000000c:6,0.002,0.0025,0.002,0.002,1.86,2026-06-18T05:17:22,0.002,1.86
route_mutation,20260618T051722_556615,of:0000000000000001:2 -> of:000000000000000c:1,0.002,0.0025,0.002,0.002,2.03,2026-06-18T05:17:22,0.002,2.03
route_mutation,20260618T051722_556615,of:0000000000000003:2 -> of:0000000000000008:3,0.002,0.0025,0.002,0.002,2.53,2026-06-18T05:17:22,0.002,2.46
route_mutation,20260618T051752_832882,of:0000000000000005:1 -> of:000000000000000c:5,0.001,0.00125,0.001,0.001,1.26,2026-06-18T05:17:52,0.001,1.26
route_mutation,20260618T051752_832882,of:000000000000000a:1 -> of:000000000000000d:6,0.001,0.00125,0.001,0.001,1.26,2026-06-18T05:17:52,0.001,1.26
route_mutation,20260618T051752_832882,of:000000000000000b:2 -> of:000000000000000c:2,0.001,0.00125,0.001,0.001,1.26,2026-06-18T05:17:52,0.001,1.26
route_mutation,20260618T051752_832882,of:0000000000000004:2 -> of:0000000000000009:2,0.001,0.00125,0.001,0.001,1.2,2026-06-18T05:17:52,0.001,1.33
route_mutation,20260618T051752_832882,of:0000000000000005:2 -> of:0000000000000009:3,0.001,0.00125,0.001,0.001,1.2,2026-06-18T05:17:52,0.001,1.33
route_mutation,20260618T051752_832882,of:000000000000000b:3 -> of:000000000000000d:2,0.001,0.00125,0.001,0.001,1.26,2026-06-18T05:17:52,0.001,1.26
route_mutation,20260618T051752_832882,of:0000000000000004:1 -> of:000000000000000c:4,0.001,0.00125,0.001,0.001,1.26,2026-06-18T05:17:52,0.001,1.26
route_mutation,20260618T051752_832882,of:000000000000000c:3 -> of:000000000000000d:3,0.001,0.00125,0.001,0.001,1.2,2026-06-18T05:17:52,0.001,1.2
route_mutation,20260618T051752_832882,of:0000000000000001:1 -> of:000000000000000b:1,0.002,0.0025,0.002,0.002,1.53,2026-06-18T05:17:52,0.002,1.6
route_mutation,20260618T051752_832882,of:0000000000000006:1 -> of:000000000000000d:4,0.001,0.00125,0.001,0.001,1.33,2026-06-18T05:17:52,0.001,1.26
route_mutation,20260618T051752_832882,of:0000000000000002:1 -> of:000000000000000b:4,0.002,0.0025,0.002,0.002,1.53,2026-06-18T05:17:52,0.002,1.6
route_mutation,20260618T051752_832882,of:0000000000000001:3 -> of:000000000000000d:1,0.001,0.00125,0.001,0.001,1.3,2026-06-18T05:17:52,0.001,1.3
route_mutation,20260618T051752_832882,of:0000000000000006:2 -> of:000000000000000a:2,0.001,0.00125,0.001,0.001,1.26,2026-06-18T05:17:52,0.001,1.33
route_mutation,20260618T051752_832882,of:0000000000000003:1 -> of:000000000000000b:5,0.001,0.00125,0.001,0.001,1.26,2026-06-18T05:17:52,0.001,1.33
route_mutation,20260618T051752_832882,of:0000000000000007:1 -> of:000000000000000d:5,0.001,0.00125,0.001,0.001,1.33,2026-06-18T05:17:52,0.001,1.33
route_mutation,20260618T051752_832882,of:0000000000000007:2 -> of:000000000000000a:3,0.001,0.00125,0.001,0.001,1.26,2026-06-18T05:17:52,0.001,1.33
route_mutation,20260618T051752_832882,of:0000000000000002:2 -> of:0000000000000008:2,0.001,0.00125,0.001,0.001,1.26,2026-06-18T05:17:52,0.001,1.33
route_mutation,20260618T051752_832882,of:0000000000000008:1 -> of:000000000000000b:6,0.001,0.00125,0.001,0.001,1.33,2026-06-18T05:17:52,0.001,1.33
route_mutation,20260618T051752_832882,of:0000000000000009:1 -> of:000000000000000c:6,0.001,0.00125,0.001,0.001,1.26,2026-06-18T05:17:52,0.001,1.26
route_mutation,20260618T051752_832882,of:0000000000000001:2 -> of:000000000000000c:1,0.001,0.00125,0.001,0.001,1.26,2026-06-18T05:17:52,0.001,1.26
route_mutation,20260618T051752_832882,of:0000000000000003:2 -> of:0000000000000008:3,0.001,0.00125,0.001,0.001,1.26,2026-06-18T05:17:52,0.001,1.33
ip_shuffle,20260618T051823_078675,of:0000000000000005:1 -> of:000000000000000c:5,0.002,0.0025,0.002,0.002,2.16,2026-06-18T05:18:23,0.002,2.23
ip_shuffle,20260618T051823_078675,of:000000000000000a:1 -> of:000000000000000d:6,0.002,0.0025,0.002,0.002,1.53,2026-06-18T05:18:23,0.002,1.53
ip_shuffle,20260618T051823_078675,of:000000000000000b:2 -> of:000000000000000c:2,0.002,0.0025,0.002,0.002,1.73,2026-06-18T05:18:23,0.002,1.73
ip_shuffle,20260618T051823_078675,of:0000000000000004:2 -> of:0000000000000009:2,0.002,0.0025,0.002,0.002,1.73,2026-06-18T05:18:23,0.002,1.66
ip_shuffle,20260618T051823_078675,of:0000000000000005:2 -> of:0000000000000009:3,0.002,0.0025,0.002,0.002,1.73,2026-06-18T05:18:23,0.002,1.73
ip_shuffle,20260618T051823_078675,of:000000000000000b:3 -> of:000000000000000d:2,0.002,0.0025,0.002,0.002,1.73,2026-06-18T05:18:23,0.002,1.73
ip_shuffle,20260618T051823_078675,of:0000000000000004:1 -> of:000000000000000c:4,0.002,0.0025,0.002,0.002,2.26,2026-06-18T05:18:23,0.002,2.26
ip_shuffle,20260618T051823_078675,of:000000000000000c:3 -> of:000000000000000d:3,0.002,0.0025,0.002,0.002,1.73,2026-06-18T05:18:23,0.002,1.73
ip_shuffle,20260618T051823_078675,of:0000000000000001:1 -> of:000000000000000b:1,0.003,0.00375,0.003,0.003,3.33,2026-06-18T05:18:23,0.003,3.33
ip_shuffle,20260618T051823_078675,of:0000000000000006:1 -> of:000000000000000d:4,0.002,0.0025,0.002,0.001,1.5,2026-06-18T05:18:23,0.002,1.56
ip_shuffle,20260618T051823_078675,of:0000000000000002:1 -> of:000000000000000b:4,0.002,0.0025,0.002,0.002,2.3,2026-06-18T05:18:23,0.002,2.3
ip_shuffle,20260618T051823_078675,of:0000000000000001:3 -> of:000000000000000d:1,0.002,0.0025,0.002,0.002,1.56,2026-06-18T05:18:23,0.002,1.56
ip_shuffle,20260618T051823_078675,of:0000000000000006:2 -> of:000000000000000a:2,0.002,0.0025,0.002,0.002,1.66,2026-06-18T05:18:23,0.002,1.66
ip_shuffle,20260618T051823_078675,of:0000000000000003:1 -> of:000000000000000b:5,0.002,0.0025,0.002,0.002,2.5,2026-06-18T05:18:23,0.002,2.5
ip_shuffle,20260618T051823_078675,of:0000000000000007:1 -> of:000000000000000d:5,0.002,0.0025,0.002,0.002,1.53,2026-06-18T05:18:23,0.002,1.53
ip_shuffle,20260618T051823_078675,of:0000000000000007:2 -> of:000000000000000a:3,0.002,0.0025,0.002,0.002,1.73,2026-06-18T05:18:23,0.002,1.73
ip_shuffle,20260618T051823_078675,of:0000000000000002:2 -> of:0000000000000008:2,0.002,0.0025,0.002,0.002,1.66,2026-06-18T05:18:23,0.002,1.73
ip_shuffle,20260618T051823_078675,of:0000000000000008:1 -> of:000000000000000b:6,0.002,0.0025,0.002,0.002,1.53,2026-06-18T05:18:23,0.002,1.53
ip_shuffle,20260618T051823_078675,of:0000000000000009:1 -> of:000000000000000c:6,0.002,0.0025,0.002,0.002,1.53,2026-06-18T05:18:23,0.002,1.53
ip_shuffle,20260618T051823_078675,of:0000000000000001:2 -> of:000000000000000c:1,0.003,0.00375,0.003,0.003,3.03,2026-06-18T05:18:23,0.003,3.03
ip_shuffle,20260618T051823_078675,of:0000000000000003:2 -> of:0000000000000008:3,0.002,0.0025,0.002,0.002,1.66,2026-06-18T05:18:23,0.002,1.66
route_mutation,20260618T051920_682973,of:0000000000000005:1 -> of:000000000000000c:5,0.001,0.00125,0.001,0.001,1.3,2026-06-18T05:19:20,0.001,1.26
route_mutation,20260618T051920_682973,of:000000000000000a:1 -> of:000000000000000d:6,0.001,0.00125,0.001,0.001,1.26,2026-06-18T05:19:20,0.001,1.26
route_mutation,20260618T051920_682973,of:000000000000000b:2 -> of:000000000000000c:2,0.001,0.00125,0.001,0.001,1.2,2026-06-18T05:19:20,0.001,1.2
route_mutation,20260618T051920_682973,of:0000000000000004:2 -> of:0000000000000009:2,0.001,0.00125,0.001,0.001,1.26,2026-06-18T05:19:20,0.001,1.33
route_mutation,20260618T051920_682973,of:0000000000000005:2 -> of:0000000000000009:3,0.001,0.00125,0.001,0.001,1.3,2026-06-18T05:19:20,0.001,1.36
route_mutation,20260618T051920_682973,of:000000000000000b:3 -> of:000000000000000d:2,0.001,0.00125,0.001,0.001,1.2,2026-06-18T05:19:20,0.001,1.2
route_mutation,20260618T051920_682973,of:0000000000000004:1 -> of:000000000000000c:4,0.001,0.00125,0.001,0.001,1.26,2026-06-18T05:19:20,0.001,1.26
route_mutation,20260618T051920_682973,of:000000000000000c:3 -> of:000000000000000d:3,0.001,0.00125,0.001,0.001,1.2,2026-06-18T05:19:20,0.001,1.2
route_mutation,20260618T051920_682973,of:0000000000000001:1 -> of:000000000000000b:1,0.002,0.0025,0.002,0.002,1.66,2026-06-18T05:19:20,0.002,1.66
route_mutation,20260618T051920_682973,of:0000000000000006:1 -> of:000000000000000d:4,0.001,0.00125,0.001,0.001,1.36,2026-06-18T05:19:20,0.001,1.26
route_mutation,20260618T051920_682973,of:0000000000000002:1 -> of:000000000000000b:4,0.002,0.0025,0.002,0.002,1.66,2026-06-18T05:19:20,0.002,1.66
route_mutation,20260618T051920_682973,of:0000000000000001:3 -> of:000000000000000d:1,0.001,0.00125,0.001,0.001,1.26,2026-06-18T05:19:20,0.001,1.26
route_mutation,20260618T051920_682973,of:0000000000000006:2 -> of:000000000000000a:2,0.001,0.00125,0.001,0.001,1.3,2026-06-18T05:19:20,0.001,1.36
route_mutation,20260618T051920_682973,of:0000000000000003:1 -> of:000000000000000b:5,0.001,0.00125,0.001,0.001,1.26,2026-06-18T05:19:20,0.001,1.26
route_mutation,20260618T051920_682973,of:0000000000000007:1 -> of:000000000000000d:5,0.002,0.0025,0.002,0.002,1.53,2026-06-18T05:19:20,0.001,1.36
route_mutation,20260618T051920_682973,of:0000000000000007:2 -> of:000000000000000a:3,0.002,0.0025,0.002,0.002,1.43,2026-06-18T05:19:20,0.002,1.43
route_mutation,20260618T051920_682973,of:0000000000000002:2 -> of:0000000000000008:2,0.001,0.00125,0.001,0.001,1.26,2026-06-18T05:19:20,0.001,1.33
route_mutation,20260618T051920_682973,of:0000000000000008:1 -> of:000000000000000b:6,0.001,0.00125,0.001,0.001,1.26,2026-06-18T05:19:20,0.001,1.26
route_mutation,20260618T051920_682973,of:0000000000000009:1 -> of:000000000000000c:6,0.001,0.00125,0.001,0.001,1.26,2026-06-18T05:19:20,0.001,1.26
route_mutation,20260618T051920_682973,of:0000000000000001:2 -> of:000000000000000c:1,0.001,0.00125,0.001,0.001,1.26,2026-06-18T05:19:20,0.001,1.26
route_mutation,20260618T051920_682973,of:0000000000000003:2 -> of:0000000000000008:3,0.001,0.00125,0.001,0.001,1.26,2026-06-18T05:19:20,0.001,1.33
ip_shuffle,20260618T051950_934248,of:0000000000000005:1 -> of:000000000000000c:5,0.002,0.0025,0.002,0.002,2.13,2026-06-18T05:19:50,0.002,2.23
ip_shuffle,20260618T051950_934248,of:000000000000000a:1 -> of:000000000000000d:6,0.002,0.0025,0.002,0.002,1.53,2026-06-18T05:19:50,0.002,1.53
ip_shuffle,20260618T051950_934248,of:000000000000000b:2 -> of:000000000000000c:2,0.002,0.0025,0.002,0.002,1.73,2026-06-18T05:19:50,0.002,1.73
ip_shuffle,20260618T051950_934248,of:0000000000000004:2 -> of:0000000000000009:2,0.002,0.0025,0.002,0.002,1.66,2026-06-18T05:19:50,0.002,1.66
ip_shuffle,20260618T051950_934248,of:0000000000000005:2 -> of:0000000000000009:3,0.002,0.0025,0.002,0.002,1.63,2026-06-18T05:19:50,0.002,1.7
ip_shuffle,20260618T051950_934248,of:000000000000000b:3 -> of:000000000000000d:2,0.002,0.0025,0.002,0.002,1.73,2026-06-18T05:19:50,0.002,1.73
ip_shuffle,20260618T051950_934248,of:0000000000000004:1 -> of:000000000000000c:4,0.002,0.0025,0.002,0.002,2.26,2026-06-18T05:19:50,0.002,2.26
ip_shuffle,20260618T051950_934248,of:000000000000000c:3 -> of:000000000000000d:3,0.002,0.0025,0.002,0.002,1.73,2026-06-18T05:19:50,0.002,1.73
ip_shuffle,20260618T051950_934248,of:0000000000000001:1 -> of:000000000000000b:1,0.003,0.00375,0.003,0.003,3.2,2026-06-18T05:19:50,0.003,3.2
ip_shuffle,20260618T051950_934248,of:0000000000000006:1 -> of:000000000000000d:4,0.002,0.0025,0.002,0.002,1.53,2026-06-18T05:19:50,0.002,1.66
ip_shuffle,20260618T051950_934248,of:0000000000000002:1 -> of:000000000000000b:4,0.002,0.0025,0.002,0.002,2.16,2026-06-18T05:19:50,0.002,2.16
ip_shuffle,20260618T051950_934248,of:0000000000000001:3 -> of:000000000000000d:1,0.002,0.0025,0.002,0.002,1.63,2026-06-18T05:19:50,0.002,1.63
ip_shuffle,20260618T051950_934248,of:0000000000000006:2 -> of:000000000000000a:2,0.002,0.0025,0.002,0.002,1.63,2026-06-18T05:19:50,0.002,1.7
ip_shuffle,20260618T051950_934248,of:0000000000000003:1 -> of:000000000000000b:5,0.002,0.0025,0.002,0.002,2.5,2026-06-18T05:19:50,0.002,2.56
ip_shuffle,20260618T051950_934248,of:0000000000000007:1 -> of:000000000000000d:5,0.001,0.00125,0.001,0.001,1.4,2026-06-18T05:19:50,0.001,1.46
ip_shuffle,20260618T051950_934248,of:0000000000000007:2 -> of:000000000000000a:3,0.002,0.0025,0.002,0.002,1.66,2026-06-18T05:19:50,0.002,1.66
ip_shuffle,20260618T051950_934248,of:0000000000000002:2 -> of:0000000000000008:2,0.002,0.0025,0.002,0.002,1.66,2026-06-18T05:19:50,0.002,1.73
ip_shuffle,20260618T051950_934248,of:0000000000000008:1 -> of:000000000000000b:6,0.002,0.0025,0.002,0.002,1.53,2026-06-18T05:19:50,0.002,1.53
ip_shuffle,20260618T051950_934248,of:0000000000000009:1 -> of:000000000000000c:6,0.002,0.0025,0.002,0.002,1.53,2026-06-18T05:19:50,0.002,1.53
ip_shuffle,20260618T051950_934248,of:0000000000000001:2 -> of:000000000000000c:1,0.003,0.00375,0.003,0.003,3.03,2026-06-18T05:19:50,0.003,3.03
ip_shuffle,20260618T051950_934248,of:0000000000000003:2 -> of:0000000000000008:3,0.002,0.0025,0.002,0.002,1.66,2026-06-18T05:19:50,0.002,1.73
ip_shuffle,20260618T052048_515817,of:0000000000000005:1 -> of:000000000000000c:5,0.002,0.0025,0.002,0.002,2.06,2026-06-18T05:20:48,0.002,2.0
ip_shuffle,20260618T052048_515817,of:000000000000000a:1 -> of:000000000000000d:6,0.002,0.0025,0.002,0.002,1.96,2026-06-18T05:20:48,0.002,1.96
ip_shuffle,20260618T052048_515817,of:000000000000000b:2 -> of:000000000000000c:2,0.002,0.0025,0.002,0.002,2.6,2026-06-18T05:20:48,0.002,2.6
ip_shuffle,20260618T052048_515817,of:0000000000000004:2 -> of:0000000000000009:2,0.002,0.0025,0.002,0.002,2.6,2026-06-18T05:20:48,0.002,2.53
ip_shuffle,20260618T052048_515817,of:0000000000000005:2 -> of:0000000000000009:3,0.002,0.0025,0.002,0.002,2.66,2026-06-18T05:20:48,0.002,2.53
ip_shuffle,20260618T052048_515817,of:000000000000000b:3 -> of:000000000000000d:2,0.002,0.0025,0.002,0.002,2.73,2026-06-18T05:20:48,0.002,2.73
ip_shuffle,20260618T052048_515817,of:0000000000000004:1 -> of:000000000000000c:4,0.002,0.0025,0.002,0.002,1.96,2026-06-18T05:20:48,0.002,1.96
ip_shuffle,20260618T052048_515817,of:000000000000000c:3 -> of:000000000000000d:3,0.002,0.0025,0.002,0.002,2.63,2026-06-18T05:20:48,0.002,2.63
ip_shuffle,20260618T052048_515817,of:0000000000000001:1 -> of:000000000000000b:1,0.002,0.0025,0.002,0.002,1.96,2026-06-18T05:20:48,0.002,1.96
ip_shuffle,20260618T052048_515817,of:0000000000000006:1 -> of:000000000000000d:4,0.002,0.0025,0.002,0.002,3.0,2026-06-18T05:20:48,0.002,2.96
ip_shuffle,20260618T052048_515817,of:0000000000000002:1 -> of:000000000000000b:4,0.002,0.0025,0.002,0.002,2.1,2026-06-18T05:20:48,0.002,2.1
ip_shuffle,20260618T052048_515817,of:0000000000000001:3 -> of:000000000000000d:1,0.004,0.005,0.004,0.004,4.66,2026-06-18T05:20:48,0.004,4.66
ip_shuffle,20260618T052048_515817,of:0000000000000006:2 -> of:000000000000000a:2,0.002,0.0025,0.002,0.002,2.6,2026-06-18T05:20:48,0.002,2.53
ip_shuffle,20260618T052048_515817,of:0000000000000003:1 -> of:000000000000000b:5,0.002,0.0025,0.002,0.002,1.96,2026-06-18T05:20:48,0.002,1.9
ip_shuffle,20260618T052048_515817,of:0000000000000007:1 -> of:000000000000000d:5,0.003,0.00375,0.003,0.003,3.7,2026-06-18T05:20:48,0.003,3.73
ip_shuffle,20260618T052048_515817,of:0000000000000007:2 -> of:000000000000000a:3,0.002,0.0025,0.002,0.002,2.56,2026-06-18T05:20:48,0.002,2.56
ip_shuffle,20260618T052048_515817,of:0000000000000002:2 -> of:0000000000000008:2,0.002,0.0025,0.002,0.002,2.63,2026-06-18T05:20:48,0.002,2.5
ip_shuffle,20260618T052048_515817,of:0000000000000008:1 -> of:000000000000000b:6,0.002,0.0025,0.002,0.002,1.9,2026-06-18T05:20:48,0.002,1.9
ip_shuffle,20260618T052048_515817,of:0000000000000009:1 -> of:000000000000000c:6,0.002,0.0025,0.002,0.002,1.9,2026-06-18T05:20:48,0.002,1.9
ip_shuffle,20260618T052048_515817,of:0000000000000001:2 -> of:000000000000000c:1,0.002,0.0025,0.002,0.002,2.03,2026-06-18T05:20:48,0.002,2.03
ip_shuffle,20260618T052048_515817,of:0000000000000003:2 -> of:0000000000000008:3,0.002,0.0025,0.002,0.002,2.63,2026-06-18T05:20:48,0.002,2.5
route_mutation,20260618T052146_102790,of:0000000000000005:1 -> of:000000000000000c:5,0.002,0.0025,0.002,0.001,1.46,2026-06-18T05:21:46,0.002,1.7
route_mutation,20260618T052146_102790,of:000000000000000a:1 -> of:000000000000000d:6,0.002,0.0025,0.002,0.002,1.6,2026-06-18T05:21:46,0.002,1.6
route_mutation,20260618T052146_102790,of:000000000000000b:2 -> of:000000000000000c:2,0.002,0.0025,0.002,0.002,1.86,2026-06-18T05:21:46,0.002,1.86
route_mutation,20260618T052146_102790,of:0000000000000004:2 -> of:0000000000000009:2,0.002,0.0025,0.002,0.002,1.7,2026-06-18T05:21:46,0.002,1.76
route_mutation,20260618T052146_102790,of:0000000000000005:2 -> of:0000000000000009:3,0.002,0.0025,0.002,0.001,1.63,2026-06-18T05:21:46,0.002,1.76
route_mutation,20260618T052146_102790,of:000000000000000b:3 -> of:000000000000000d:2,0.002,0.0025,0.002,0.002,1.86,2026-06-18T05:21:46,0.002,1.86
route_mutation,20260618T052146_102790,of:0000000000000004:1 -> of:000000000000000c:4,0.002,0.0025,0.002,0.002,2.1,2026-06-18T05:21:46,0.002,2.3
route_mutation,20260618T052146_102790,of:000000000000000c:3 -> of:000000000000000d:3,0.002,0.0025,0.002,0.002,1.86,2026-06-18T05:21:46,0.002,1.86
route_mutation,20260618T052146_102790,of:0000000000000001:1 -> of:000000000000000b:1,0.003,0.00375,0.003,0.003,3.19,2026-06-18T05:21:46,0.003,3.16
route_mutation,20260618T052146_102790,of:0000000000000006:1 -> of:000000000000000d:4,0.002,0.0025,0.002,0.002,1.96,2026-06-18T05:21:46,0.002,2.1
route_mutation,20260618T052146_102790,of:0000000000000002:1 -> of:000000000000000b:4,0.002,0.0025,0.002,0.002,2.16,2026-06-18T05:21:46,0.002,2.2
route_mutation,20260618T052146_102790,of:0000000000000001:3 -> of:000000000000000d:1,0.002,0.0025,0.002,0.002,2.16,2026-06-18T05:21:46,0.002,2.16
route_mutation,20260618T052146_102790,of:0000000000000006:2 -> of:000000000000000a:2,0.002,0.0025,0.002,0.002,1.7,2026-06-18T05:21:46,0.002,1.76
route_mutation,20260618T052146_102790,of:0000000000000003:1 -> of:000000000000000b:5,0.002,0.0025,0.002,0.002,2.46,2026-06-18T05:21:46,0.002,2.59
route_mutation,20260618T052146_102790,of:0000000000000007:1 -> of:000000000000000d:5,0.002,0.0025,0.002,0.001,1.36,2026-06-18T05:21:46,0.002,1.6
route_mutation,20260618T052146_102790,of:0000000000000007:2 -> of:000000000000000a:3,0.002,0.0025,0.002,0.002,1.7,2026-06-18T05:21:46,0.002,1.76
route_mutation,20260618T052146_102790,of:0000000000000002:2 -> of:0000000000000008:2,0.002,0.0025,0.002,0.002,1.73,2026-06-18T05:21:46,0.002,1.8
route_mutation,20260618T052146_102790,of:0000000000000008:1 -> of:000000000000000b:6,0.002,0.0025,0.002,0.002,1.6,2026-06-18T05:21:46,0.002,1.6
route_mutation,20260618T052146_102790,of:0000000000000009:1 -> of:000000000000000c:6,0.002,0.0025,0.002,0.002,1.6,2026-06-18T05:21:46,0.002,1.6
route_mutation,20260618T052146_102790,of:0000000000000001:2 -> of:000000000000000c:1,0.002,0.0025,0.002,0.002,2.33,2026-06-18T05:21:46,0.002,2.23
route_mutation,20260618T052146_102790,of:0000000000000003:2 -> of:0000000000000008:3,0.002,0.0025,0.002,0.002,1.73,2026-06-18T05:21:46,0.002,1.8
route_mutation,20260618T052216_290744,of:0000000000000005:1 -> of:000000000000000c:5,0.002,0.0025,0.002,0.002,2.63,2026-06-18T05:22:16,0.002,2.46
route_mutation,20260618T052216_290744,of:000000000000000a:1 -> of:000000000000000d:6,0.002,0.0025,0.002,0.002,1.83,2026-06-18T05:22:16,0.002,1.83
route_mutation,20260618T052216_290744,of:000000000000000b:2 -> of:000000000000000c:2,0.002,0.0025,0.002,0.002,2.33,2026-06-18T05:22:16,0.002,2.33
route_mutation,20260618T052216_290744,of:0000000000000004:2 -> of:0000000000000009:2,0.002,0.0025,0.002,0.002,2.43,2026-06-18T05:22:16,0.002,2.36
route_mutation,20260618T052216_290744,of:0000000000000005:2 -> of:0000000000000009:3,0.002,0.0025,0.002,0.002,2.43,2026-06-18T05:22:16,0.002,2.36
route_mutation,20260618T052216_290744,of:000000000000000b:3 -> of:000000000000000d:2,0.002,0.0025,0.002,0.002,2.46,2026-06-18T05:22:16,0.002,2.46
route_mutation,20260618T052216_290744,of:0000000000000004:1 -> of:000000000000000c:4,0.002,0.0025,0.002,0.002,2.06,2026-06-18T05:22:16,0.002,1.86
route_mutation,20260618T052216_290744,of:000000000000000c:3 -> of:000000000000000d:3,0.002,0.0025,0.002,0.002,2.33,2026-06-18T05:22:16,0.002,2.33
route_mutation,20260618T052216_290744,of:0000000000000001:1 -> of:000000000000000b:1,0.002,0.0025,0.002,0.002,1.9,2026-06-18T05:22:16,0.002,2.0
route_mutation,20260618T052216_290744,of:0000000000000006:1 -> of:000000000000000d:4,0.003,0.00375,0.003,0.003,3.1,2026-06-18T05:22:16,0.002,2.93
route_mutation,20260618T052216_290744,of:0000000000000002:1 -> of:000000000000000b:4,0.002,0.0025,0.002,0.002,2.13,2026-06-18T05:22:16,0.002,2.03
route_mutation,20260618T052216_290744,of:0000000000000001:3 -> of:000000000000000d:1,0.003,0.00375,0.003,0.003,3.7,2026-06-18T05:22:16,0.003,3.56
route_mutation,20260618T052216_290744,of:0000000000000006:2 -> of:000000000000000a:2,0.002,0.0025,0.002,0.002,2.43,2026-06-18T05:22:16,0.002,2.36
route_mutation,20260618T052216_290744,of:0000000000000003:1 -> of:000000000000000b:5,0.002,0.0025,0.002,0.002,1.93,2026-06-18T05:22:16,0.002,1.76
route_mutation,20260618T052216_290744,of:0000000000000007:1 -> of:000000000000000d:5,0.002,0.0025,0.002,0.002,2.66,2026-06-18T05:22:16,0.002,2.8
route_mutation,20260618T052216_290744,of:0000000000000007:2 -> of:000000000000000a:3,0.002,0.0025,0.002,0.002,2.43,2026-06-18T05:22:16,0.002,2.36
route_mutation,20260618T052216_290744,of:0000000000000002:2 -> of:0000000000000008:2,0.002,0.0025,0.002,0.002,2.66,2026-06-18T05:22:16,0.002,2.53
route_mutation,20260618T052216_290744,of:0000000000000008:1 -> of:000000000000000b:6,0.002,0.0025,0.002,0.002,2.0,2026-06-18T05:22:16,0.002,1.9
route_mutation,20260618T052216_290744,of:0000000000000009:1 -> of:000000000000000c:6,0.002,0.0025,0.002,0.002,1.83,2026-06-18T05:22:16,0.002,1.83
route_mutation,20260618T052216_290744,of:0000000000000001:2 -> of:000000000000000c:1,0.002,0.0025,0.002,0.002,2.63,2026-06-18T05:22:16,0.002,2.76
route_mutation,20260618T052216_290744,of:0000000000000003:2 -> of:0000000000000008:3,0.002,0.0025,0.002,0.002,2.66,2026-06-18T05:22:16,0.002,2.53
route_mutation,20260618T052246_507713,of:0000000000000005:1 -> of:000000000000000c:5,0.001,0.00125,0.001,0.001,1.33,2026-06-18T05:22:46,0.001,1.36
route_mutation,20260618T052246_507713,of:000000000000000a:1 -> of:000000000000000d:6,0.001,0.00125,0.001,0.001,1.3,2026-06-18T05:22:46,0.001,1.3
route_mutation,20260618T052246_507713,of:000000000000000b:2 -> of:000000000000000c:2,0.001,0.00125,0.001,0.001,1.4,2026-06-18T05:22:46,0.001,1.4
route_mutation,20260618T052246_507713,of:0000000000000004:2 -> of:0000000000000009:2,0.001,0.00125,0.001,0.001,1.36,2026-06-18T05:22:46,0.001,1.36
route_mutation,20260618T052246_507713,of:0000000000000005:2 -> of:0000000000000009:3,0.002,0.0025,0.002,0.002,1.43,2026-06-18T05:22:46,0.001,1.36
route_mutation,20260618T052246_507713,of:000000000000000b:3 -> of:000000000000000d:2,0.001,0.00125,0.001,0.001,1.4,2026-06-18T05:22:46,0.001,1.4
route_mutation,20260618T052246_507713,of:0000000000000004:1 -> of:000000000000000c:4,0.001,0.00125,0.001,0.001,1.26,2026-06-18T05:22:46,0.001,1.36
route_mutation,20260618T052246_507713,of:000000000000000c:3 -> of:000000000000000d:3,0.001,0.00125,0.001,0.001,1.4,2026-06-18T05:22:46,0.001,1.4
route_mutation,20260618T052246_507713,of:0000000000000001:1 -> of:000000000000000b:1,0.001,0.00125,0.001,0.001,1.36,2026-06-18T05:22:46,0.001,1.26
route_mutation,20260618T052246_507713,of:0000000000000006:1 -> of:000000000000000d:4,0.001,0.00125,0.001,0.001,1.33,2026-06-18T05:22:46,0.001,1.36
route_mutation,20260618T052246_507713,of:0000000000000002:1 -> of:000000000000000b:4,0.001,0.00125,0.001,0.001,1.26,2026-06-18T05:22:46,0.001,1.36
route_mutation,20260618T052246_507713,of:0000000000000001:3 -> of:000000000000000d:1,0.002,0.0025,0.002,0.002,1.66,2026-06-18T05:22:46,0.002,1.8
route_mutation,20260618T052246_507713,of:0000000000000006:2 -> of:000000000000000a:2,0.002,0.0025,0.002,0.002,1.43,2026-06-18T05:22:46,0.001,1.36
route_mutation,20260618T052246_507713,of:0000000000000003:1 -> of:000000000000000b:5,0.001,0.00125,0.001,0.001,1.26,2026-06-18T05:22:46,0.001,1.36
route_mutation,20260618T052246_507713,of:0000000000000007:1 -> of:000000000000000d:5,0.002,0.0025,0.002,0.002,1.8,2026-06-18T05:22:46,0.002,1.53
route_mutation,20260618T052246_507713,of:0000000000000007:2 -> of:000000000000000a:3,0.001,0.00125,0.001,0.001,1.36,2026-06-18T05:22:46,0.001,1.36
route_mutation,20260618T052246_507713,of:0000000000000002:2 -> of:0000000000000008:2,0.001,0.00125,0.001,0.001,1.2,2026-06-18T05:22:46,0.001,1.33
route_mutation,20260618T052246_507713,of:0000000000000008:1 -> of:000000000000000b:6,0.001,0.00125,0.001,0.001,1.26,2026-06-18T05:22:46,0.001,1.36
route_mutation,20260618T052246_507713,of:0000000000000009:1 -> of:000000000000000c:6,0.001,0.00125,0.001,0.001,1.3,2026-06-18T05:22:46,0.001,1.3
route_mutation,20260618T052246_507713,of:0000000000000001:2 -> of:000000000000000c:1,0.001,0.00125,0.001,0.001,1.36,2026-06-18T05:22:46,0.001,1.26
route_mutation,20260618T052246_507713,of:0000000000000003:2 -> of:0000000000000008:3,0.001,0.00125,0.001,0.001,1.2,2026-06-18T05:22:46,0.001,1.33
ip_shuffle,20260618T052316_745424,of:0000000000000005:1 -> of:000000000000000c:5,0.002,0.0025,0.002,0.001,1.5,2026-06-18T05:23:16,0.002,1.63
ip_shuffle,20260618T052316_745424,of:000000000000000a:1 -> of:000000000000000d:6,0.002,0.0025,0.002,0.002,1.53,2026-06-18T05:23:16,0.002,1.53
ip_shuffle,20260618T052316_745424,of:000000000000000b:2 -> of:000000000000000c:2,0.002,0.0025,0.002,0.002,1.73,2026-06-18T05:23:16,0.002,1.73
ip_shuffle,20260618T052316_745424,of:0000000000000004:2 -> of:0000000000000009:2,0.002,0.0025,0.002,0.002,1.8,2026-06-18T05:23:16,0.002,1.8
ip_shuffle,20260618T052316_745424,of:0000000000000005:2 -> of:0000000000000009:3,0.002,0.0025,0.002,0.002,1.73,2026-06-18T05:23:16,0.002,1.8
ip_shuffle,20260618T052316_745424,of:000000000000000b:3 -> of:000000000000000d:2,0.002,0.0025,0.002,0.002,1.73,2026-06-18T05:23:16,0.002,1.73
ip_shuffle,20260618T052316_745424,of:0000000000000004:1 -> of:000000000000000c:4,0.002,0.0025,0.002,0.002,2.16,2026-06-18T05:23:16,0.002,2.23
ip_shuffle,20260618T052316_745424,of:000000000000000c:3 -> of:000000000000000d:3,0.002,0.0025,0.002,0.002,1.73,2026-06-18T05:23:16,0.002,1.73
ip_shuffle,20260618T052316_745424,of:0000000000000001:1 -> of:000000000000000b:1,0.003,0.00375,0.003,0.003,3.6,2026-06-18T05:23:16,0.003,3.6
ip_shuffle,20260618T052316_745424,of:0000000000000006:1 -> of:000000000000000d:4,0.002,0.0025,0.002,0.001,1.4,2026-06-18T05:23:16,0.002,1.53
ip_shuffle,20260618T052316_745424,of:0000000000000002:1 -> of:000000000000000b:4,0.002,0.0025,0.002,0.002,2.56,2026-06-18T05:23:16,0.002,2.56
ip_shuffle,20260618T052316_745424,of:0000000000000001:3 -> of:000000000000000d:1,0.002,0.0025,0.002,0.002,1.53,2026-06-18T05:23:16,0.002,1.53
ip_shuffle,20260618T052316_745424,of:0000000000000006:2 -> of:000000000000000a:2,0.002,0.0025,0.002,0.001,1.6,2026-06-18T05:23:16,0.002,1.73
ip_shuffle,20260618T052316_745424,of:0000000000000003:1 -> of:000000000000000b:5,0.002,0.0025,0.002,0.002,2.5,2026-06-18T05:23:16,0.002,2.56
ip_shuffle,20260618T052316_745424,of:0000000000000007:1 -> of:000000000000000d:5,0.002,0.0025,0.002,0.001,1.4,2026-06-18T05:23:16,0.002,1.53
ip_shuffle,20260618T052316_745424,of:0000000000000007:2 -> of:000000000000000a:3,0.002,0.0025,0.002,0.002,1.66,2026-06-18T05:23:16,0.002,1.73
ip_shuffle,20260618T052316_745424,of:0000000000000002:2 -> of:0000000000000008:2,0.002,0.0025,0.002,0.002,1.73,2026-06-18T05:23:16,0.002,1.66
ip_shuffle,20260618T052316_745424,of:0000000000000008:1 -> of:000000000000000b:6,0.001,0.00125,0.001,0.001,1.46,2026-06-18T05:23:16,0.001,1.46
ip_shuffle,20260618T052316_745424,of:0000000000000009:1 -> of:000000000000000c:6,0.002,0.0025,0.002,0.002,1.6,2026-06-18T05:23:16,0.002,1.6
ip_shuffle,20260618T052316_745424,of:0000000000000001:2 -> of:000000000000000c:1,0.002,0.0025,0.002,0.002,2.3,2026-06-18T05:23:16,0.002,2.3
ip_shuffle,20260618T052316_745424,of:0000000000000003:2 -> of:0000000000000008:3,0.002,0.0025,0.002,0.002,1.73,2026-06-18T05:23:16,0.002,1.66
route_mutation,20260618T052427_385527,of:0000000000000005:1 -> of:000000000000000c:5,0.002,0.0025,0.002,0.002,1.66,2026-06-18T05:24:27,0.002,1.83
route_mutation,20260618T052427_385527,of:000000000000000a:1 -> of:000000000000000d:6,0.002,0.0025,0.002,0.002,1.43,2026-06-18T05:24:27,0.002,1.43
route_mutation,20260618T052427_385527,of:000000000000000b:2 -> of:000000000000000c:2,0.002,0.0025,0.002,0.002,1.53,2026-06-18T05:24:27,0.002,1.53
route_mutation,20260618T052427_385527,of:0000000000000004:2 -> of:0000000000000009:2,0.002,0.0025,0.002,0.001,1.47,2026-06-18T05:24:27,0.002,1.53
route_mutation,20260618T052427_385527,of:0000000000000005:2 -> of:0000000000000009:3,0.002,0.0025,0.002,0.001,1.47,2026-06-18T05:24:27,0.002,1.53
route_mutation,20260618T052427_385527,of:000000000000000b:3 -> of:000000000000000d:2,0.002,0.0025,0.002,0.002,1.66,2026-06-18T05:24:27,0.002,1.66
route_mutation,20260618T052427_385527,of:0000000000000004:1 -> of:000000000000000c:4,0.002,0.0025,0.002,0.002,2.1,2026-06-18T05:24:27,0.002,2.23
route_mutation,20260618T052427_385527,of:000000000000000c:3 -> of:000000000000000d:3,0.002,0.0025,0.002,0.002,1.53,2026-06-18T05:24:27,0.002,1.53
route_mutation,20260618T052427_385527,of:0000000000000001:1 -> of:000000000000000b:1,0.003,0.00375,0.003,0.003,3.36,2026-06-18T05:24:27,0.003,3.36
route_mutation,20260618T052427_385527,of:0000000000000006:1 -> of:000000000000000d:4,0.002,0.0025,0.002,0.002,1.57,2026-06-18T05:24:27,0.002,1.7
route_mutation,20260618T052427_385527,of:0000000000000002:1 -> of:000000000000000b:4,0.002,0.0025,0.002,0.002,2.46,2026-06-18T05:24:27,0.002,2.46
route_mutation,20260618T052427_385527,of:0000000000000001:3 -> of:000000000000000d:1,0.002,0.0025,0.002,0.002,1.57,2026-06-18T05:24:27,0.002,1.57
route_mutation,20260618T052427_385527,of:0000000000000006:2 -> of:000000000000000a:2,0.002,0.0025,0.002,0.001,1.4,2026-06-18T05:24:27,0.002,1.53
route_mutation,20260618T052427_385527,of:0000000000000003:1 -> of:000000000000000b:5,0.002,0.0025,0.002,0.002,2.4,2026-06-18T05:24:27,0.002,2.46
route_mutation,20260618T052427_385527,of:0000000000000007:1 -> of:000000000000000d:5,0.002,0.0025,0.002,0.001,1.3,2026-06-18T05:24:27,0.002,1.43
route_mutation,20260618T052427_385527,of:0000000000000007:2 -> of:000000000000000a:3,0.002,0.0025,0.002,0.001,1.47,2026-06-18T05:24:27,0.002,1.53
route_mutation,20260618T052427_385527,of:0000000000000002:2 -> of:0000000000000008:2,0.002,0.0025,0.002,0.002,1.53,2026-06-18T05:24:27,0.001,1.47
route_mutation,20260618T052427_385527,of:0000000000000008:1 -> of:000000000000000b:6,0.001,0.00125,0.001,0.001,1.37,2026-06-18T05:24:27,0.001,1.37
route_mutation,20260618T052427_385527,of:0000000000000009:1 -> of:000000000000000c:6,0.002,0.0025,0.002,0.002,1.43,2026-06-18T05:24:27,0.002,1.43
route_mutation,20260618T052427_385527,of:0000000000000001:2 -> of:000000000000000c:1,0.002,0.0025,0.002,0.002,2.56,2026-06-18T05:24:27,0.002,2.53
route_mutation,20260618T052427_385527,of:0000000000000003:2 -> of:0000000000000008:3,0.002,0.0025,0.002,0.002,1.53,2026-06-18T05:24:27,0.001,1.47
route_mutation,20260618T052457_626031,of:0000000000000005:1 -> of:000000000000000c:5,0.002,0.0025,0.002,0.002,2.4,2026-06-18T05:24:57,0.002,2.3
route_mutation,20260618T052457_626031,of:000000000000000a:1 -> of:000000000000000d:6,0.002,0.0025,0.002,0.002,2.03,2026-06-18T05:24:57,0.002,2.03
route_mutation,20260618T052457_626031,of:000000000000000b:2 -> of:000000000000000c:2,0.002,0.0025,0.002,0.002,2.6,2026-06-18T05:24:57,0.002,2.6
route_mutation,20260618T052457_626031,of:0000000000000004:2 -> of:0000000000000009:2,0.002,0.0025,0.002,0.002,2.63,2026-06-18T05:24:57,0.002,2.5
route_mutation,20260618T052457_626031,of:0000000000000005:2 -> of:0000000000000009:3,0.002,0.0025,0.002,0.002,2.6,2026-06-18T05:24:57,0.002,2.46
route_mutation,20260618T052457_626031,of:000000000000000b:3 -> of:000000000000000d:2,0.002,0.0025,0.002,0.002,2.7,2026-06-18T05:24:57,0.002,2.7
route_mutation,20260618T052457_626031,of:0000000000000004:1 -> of:000000000000000c:4,0.002,0.0025,0.002,0.002,2.0,2026-06-18T05:24:57,0.002,1.93
route_mutation,20260618T052457_626031,of:000000000000000c:3 -> of:000000000000000d:3,0.002,0.0025,0.002,0.002,2.6,2026-06-18T05:24:57,0.002,2.6
route_mutation,20260618T052457_626031,of:0000000000000001:1 -> of:000000000000000b:1,0.002,0.0025,0.002,0.002,2.03,2026-06-18T05:24:57,0.002,2.03
route_mutation,20260618T052457_626031,of:0000000000000006:1 -> of:000000000000000d:4,0.003,0.00375,0.003,0.003,3.03,2026-06-18T05:24:57,0.002,2.96
route_mutation,20260618T052457_626031,of:0000000000000002:1 -> of:000000000000000b:4,0.002,0.0025,0.002,0.002,2.13,2026-06-18T05:24:57,0.002,2.13
route_mutation,20260618T052457_626031,of:0000000000000001:3 -> of:000000000000000d:1,0.003,0.00375,0.003,0.003,3.9,2026-06-18T05:24:57,0.003,3.83
route_mutation,20260618T052457_626031,of:0000000000000006:2 -> of:000000000000000a:2,0.002,0.0025,0.002,0.002,2.76,2026-06-18T05:24:57,0.002,2.63
route_mutation,20260618T052457_626031,of:0000000000000003:1 -> of:000000000000000b:5,0.002,0.0025,0.002,0.002,1.96,2026-06-18T05:24:57,0.002,1.9
route_mutation,20260618T052457_626031,of:0000000000000007:1 -> of:000000000000000d:5,0.002,0.0025,0.002,0.002,3.03,2026-06-18T05:24:57,0.002,3.0
route_mutation,20260618T052457_626031,of:0000000000000007:2 -> of:000000000000000a:3,0.002,0.0025,0.002,0.002,2.66,2026-06-18T05:24:57,0.002,2.6
route_mutation,20260618T052457_626031,of:0000000000000002:2 -> of:0000000000000008:2,0.002,0.0025,0.002,0.002,2.6,2026-06-18T05:24:57,0.002,2.53
route_mutation,20260618T052457_626031,of:0000000000000008:1 -> of:000000000000000b:6,0.002,0.0025,0.002,0.002,1.96,2026-06-18T05:24:57,0.002,1.96
route_mutation,20260618T052457_626031,of:0000000000000009:1 -> of:000000000000000c:6,0.002,0.0025,0.002,0.002,1.9,2026-06-18T05:24:57,0.002,1.9
route_mutation,20260618T052457_626031,of:0000000000000001:2 -> of:000000000000000c:1,0.002,0.0025,0.002,0.002,2.36,2026-06-18T05:24:57,0.002,2.4
route_mutation,20260618T052457_626031,of:0000000000000003:2 -> of:0000000000000008:3,0.002,0.0025,0.002,0.002,2.6,2026-06-18T05:24:57,0.002,2.53
ip_shuffle,20260618T052527_895906,of:0000000000000005:1 -> of:000000000000000c:5,0.001,0.00125,0.001,0.001,1.33,2026-06-18T05:25:27,0.001,1.27
ip_shuffle,20260618T052527_895906,of:000000000000000a:1 -> of:000000000000000d:6,0.001,0.00125,0.001,0.001,1.27,2026-06-18T05:25:27,0.001,1.27
ip_shuffle,20260618T052527_895906,of:000000000000000b:2 -> of:000000000000000c:2,0.001,0.00125,0.001,0.001,1.2,2026-06-18T05:25:27,0.001,1.2
ip_shuffle,20260618T052527_895906,of:0000000000000004:2 -> of:0000000000000009:2,0.001,0.00125,0.001,0.001,1.27,2026-06-18T05:25:27,0.001,1.33
ip_shuffle,20260618T052527_895906,of:0000000000000005:2 -> of:0000000000000009:3,0.001,0.00125,0.001,0.001,1.27,2026-06-18T05:25:27,0.001,1.33
ip_shuffle,20260618T052527_895906,of:000000000000000b:3 -> of:000000000000000d:2,0.001,0.00125,0.001,0.001,1.2,2026-06-18T05:25:27,0.001,1.2
ip_shuffle,20260618T052527_895906,of:0000000000000004:1 -> of:000000000000000c:4,0.001,0.00125,0.001,0.001,1.33,2026-06-18T05:25:27,0.001,1.27
ip_shuffle,20260618T052527_895906,of:000000000000000c:3 -> of:000000000000000d:3,0.001,0.00125,0.001,0.001,1.2,2026-06-18T05:25:27,0.001,1.2
ip_shuffle,20260618T052527_895906,of:0000000000000001:1 -> of:000000000000000b:1,0.001,0.00125,0.001,0.001,1.36,2026-06-18T05:25:27,0.001,1.36
ip_shuffle,20260618T052527_895906,of:0000000000000006:1 -> of:000000000000000d:4,0.001,0.00125,0.001,0.001,1.33,2026-06-18T05:25:27,0.001,1.27
ip_shuffle,20260618T052527_895906,of:0000000000000002:1 -> of:000000000000000b:4,0.001,0.00125,0.001,0.001,1.36,2026-06-18T05:25:27,0.001,1.36
ip_shuffle,20260618T052527_895906,of:0000000000000001:3 -> of:000000000000000d:1,0.002,0.0025,0.002,0.001,1.43,2026-06-18T05:25:27,0.002,1.5
ip_shuffle,20260618T052527_895906,of:0000000000000006:2 -> of:000000000000000a:2,0.001,0.00125,0.001,0.001,1.27,2026-06-18T05:25:27,0.001,1.33
ip_shuffle,20260618T052527_895906,of:0000000000000003:1 -> of:000000000000000b:5,0.001,0.00125,0.001,0.001,1.27,2026-06-18T05:25:27,0.001,1.27
ip_shuffle,20260618T052527_895906,of:0000000000000007:1 -> of:000000000000000d:5,0.002,0.0025,0.002,0.002,1.5,2026-06-18T05:25:27,0.001,1.4
ip_shuffle,20260618T052527_895906,of:0000000000000007:2 -> of:000000000000000a:3,0.001,0.00125,0.001,0.001,1.33,2026-06-18T05:25:27,0.001,1.33
ip_shuffle,20260618T052527_895906,of:0000000000000002:2 -> of:0000000000000008:2,0.001,0.00125,0.001,0.001,1.27,2026-06-18T05:25:27,0.001,1.33
ip_shuffle,20260618T052527_895906,of:0000000000000008:1 -> of:000000000000000b:6,0.001,0.00125,0.001,0.001,1.27,2026-06-18T05:25:27,0.001,1.27
ip_shuffle,20260618T052527_895906,of:0000000000000009:1 -> of:000000000000000c:6,0.001,0.00125,0.001,0.001,1.27,2026-06-18T05:25:27,0.001,1.27
ip_shuffle,20260618T052527_895906,of:0000000000000001:2 -> of:000000000000000c:1,0.001,0.00125,0.001,0.001,1.27,2026-06-18T05:25:27,0.001,1.27
ip_shuffle,20260618T052527_895906,of:0000000000000003:2 -> of:0000000000000008:3,0.001,0.00125,0.001,0.001,1.2,2026-06-18T05:25:27,0.001,1.33
route_mutation,20260618T052625_567418,of:0000000000000005:1 -> of:000000000000000c:5,0.002,0.0025,0.002,0.002,2.1,2026-06-18T05:26:25,0.002,2.03
route_mutation,20260618T052625_567418,of:000000000000000a:1 -> of:000000000000000d:6,0.002,0.0025,0.002,0.002,1.86,2026-06-18T05:26:25,0.002,1.86
route_mutation,20260618T052625_567418,of:000000000000000b:2 -> of:000000000000000c:2,0.002,0.0025,0.002,0.002,2.6,2026-06-18T05:26:25,0.002,2.6
route_mutation,20260618T052625_567418,of:0000000000000004:2 -> of:0000000000000009:2,0.002,0.0025,0.002,0.002,2.53,2026-06-18T05:26:25,0.002,2.4
route_mutation,20260618T052625_567418,of:0000000000000005:2 -> of:0000000000000009:3,0.002,0.0025,0.002,0.002,2.53,2026-06-18T05:26:25,0.002,2.4
route_mutation,20260618T052625_567418,of:000000000000000b:3 -> of:000000000000000d:2,0.002,0.0025,0.002,0.002,2.73,2026-06-18T05:26:25,0.002,2.73
route_mutation,20260618T052625_567418,of:0000000000000004:1 -> of:000000000000000c:4,0.002,0.0025,0.002,0.002,1.93,2026-06-18T05:26:25,0.002,1.86
route_mutation,20260618T052625_567418,of:000000000000000c:3 -> of:000000000000000d:3,0.002,0.0025,0.002,0.002,2.53,2026-06-18T05:26:25,0.002,2.53
route_mutation,20260618T052625_567418,of:0000000000000001:1 -> of:000000000000000b:1,0.002,0.0025,0.002,0.002,2.06,2026-06-18T05:26:25,0.002,2.0
route_mutation,20260618T052625_567418,of:0000000000000006:1 -> of:000000000000000d:4,0.002,0.0025,0.002,0.002,3.0,2026-06-18T05:26:25,0.002,2.93
route_mutation,20260618T052625_567418,of:0000000000000002:1 -> of:000000000000000b:4,0.002,0.0025,0.002,0.002,2.2,2026-06-18T05:26:25,0.002,2.13
route_mutation,20260618T052625_567418,of:0000000000000001:3 -> of:000000000000000d:1,0.003,0.00375,0.003,0.003,4.0,2026-06-18T05:26:25,0.003,4.0
route_mutation,20260618T052625_567418,of:0000000000000006:2 -> of:000000000000000a:2,0.002,0.0025,0.002,0.002,2.53,2026-06-18T05:26:25,0.002,2.4
route_mutation,20260618T052625_567418,of:0000000000000003:1 -> of:000000000000000b:5,0.002,0.0025,0.002,0.002,2.06,2026-06-18T05:26:25,0.002,1.93
route_mutation,20260618T052625_567418,of:0000000000000007:1 -> of:000000000000000d:5,0.003,0.00375,0.003,0.003,3.1,2026-06-18T05:26:25,0.003,3.03
route_mutation,20260618T052625_567418,of:0000000000000007:2 -> of:000000000000000a:3,0.002,0.0025,0.002,0.002,2.46,2026-06-18T05:26:25,0.002,2.4
route_mutation,20260618T052625_567418,of:0000000000000002:2 -> of:0000000000000008:2,0.002,0.0025,0.002,0.002,2.53,2026-06-18T05:26:25,0.002,2.4
route_mutation,20260618T052625_567418,of:0000000000000008:1 -> of:000000000000000b:6,0.002,0.0025,0.002,0.002,1.93,2026-06-18T05:26:25,0.002,1.93
route_mutation,20260618T052625_567418,of:0000000000000009:1 -> of:000000000000000c:6,0.002,0.0025,0.002,0.002,1.86,2026-06-18T05:26:25,0.002,1.86
route_mutation,20260618T052625_567418,of:0000000000000001:2 -> of:000000000000000c:1,0.002,0.0025,0.002,0.002,2.06,2026-06-18T05:26:25,0.002,2.06
route_mutation,20260618T052625_567418,of:0000000000000003:2 -> of:0000000000000008:3,0.002,0.0025,0.002,0.002,2.53,2026-06-18T05:26:25,0.002,2.4
route_mutation,20260618T052655_820067,of:0000000000000005:1 -> of:000000000000000c:5,0.001,0.00125,0.001,0.001,1.33,2026-06-18T05:26:55,0.001,1.27
route_mutation,20260618T052655_820067,of:000000000000000a:1 -> of:000000000000000d:6,0.001,0.00125,0.001,0.001,1.27,2026-06-18T05:26:55,0.001,1.27
route_mutation,20260618T052655_820067,of:000000000000000b:2 -> of:000000000000000c:2,0.001,0.00125,0.001,0.001,1.27,2026-06-18T05:26:55,0.001,1.27
route_mutation,20260618T052655_820067,of:0000000000000004:2 -> of:0000000000000009:2,0.001,0.00125,0.001,0.001,1.27,2026-06-18T05:26:55,0.001,1.33
route_mutation,20260618T052655_820067,of:0000000000000005:2 -> of:0000000000000009:3,0.001,0.00125,0.001,0.001,1.27,2026-06-18T05:26:55,0.001,1.33
route_mutation,20260618T052655_820067,of:000000000000000b:3 -> of:000000000000000d:2,0.001,0.00125,0.001,0.001,1.27,2026-06-18T05:26:55,0.001,1.3
route_mutation,20260618T052655_820067,of:0000000000000004:1 -> of:000000000000000c:4,0.001,0.00125,0.001,0.001,1.33,2026-06-18T05:26:55,0.001,1.27
route_mutation,20260618T052655_820067,of:000000000000000c:3 -> of:000000000000000d:3,0.001,0.00125,0.001,0.001,1.2,2026-06-18T05:26:55,0.001,1.2
route_mutation,20260618T052655_820067,of:0000000000000001:1 -> of:000000000000000b:1,0.002,0.0025,0.002,0.002,1.86,2026-06-18T05:26:55,0.002,1.9
route_mutation,20260618T052655_820067,of:0000000000000006:1 -> of:000000000000000d:4,0.001,0.00125,0.001,0.001,1.33,2026-06-18T05:26:55,0.001,1.27
route_mutation,20260618T052655_820067,of:0000000000000002:1 -> of:000000000000000b:4,0.002,0.0025,0.002,0.002,1.86,2026-06-18T05:26:55,0.002,1.93
route_mutation,20260618T052655_820067,of:0000000000000001:3 -> of:000000000000000d:1,0.001,0.00125,0.001,0.001,1.3,2026-06-18T05:26:55,0.001,1.3
route_mutation,20260618T052655_820067,of:0000000000000006:2 -> of:000000000000000a:2,0.001,0.00125,0.001,0.001,1.27,2026-06-18T05:26:55,0.001,1.33
route_mutation,20260618T052655_820067,of:0000000000000003:1 -> of:000000000000000b:5,0.001,0.00125,0.001,0.001,1.2,2026-06-18T05:26:55,0.001,1.33
route_mutation,20260618T052655_820067,of:0000000000000007:1 -> of:000000000000000d:5,0.001,0.00125,0.001,0.001,1.36,2026-06-18T05:26:55,0.001,1.3
route_mutation,20260618T052655_820067,of:0000000000000007:2 -> of:000000000000000a:3,0.001,0.00125,0.001,0.001,1.33,2026-06-18T05:26:55,0.001,1.33
route_mutation,20260618T052655_820067,of:0000000000000002:2 -> of:0000000000000008:2,0.001,0.00125,0.001,0.001,1.27,2026-06-18T05:26:55,0.001,1.33
route_mutation,20260618T052655_820067,of:0000000000000008:1 -> of:000000000000000b:6,0.001,0.00125,0.001,0.001,1.33,2026-06-18T05:26:55,0.001,1.33
route_mutation,20260618T052655_820067,of:0000000000000009:1 -> of:000000000000000c:6,0.001,0.00125,0.001,0.001,1.27,2026-06-18T05:26:55,0.001,1.27
route_mutation,20260618T052655_820067,of:0000000000000001:2 -> of:000000000000000c:1,0.001,0.00125,0.001,0.001,1.27,2026-06-18T05:26:55,0.001,1.27
route_mutation,20260618T052655_820067,of:0000000000000003:2 -> of:0000000000000008:3,0.001,0.00125,0.001,0.001,1.2,2026-06-18T05:26:55,0.001,1.33
route_mutation,20260618T052726_082157,of:0000000000000005:1 -> of:000000000000000c:5,0.002,0.0025,0.002,0.002,2.13,2026-06-18T05:27:26,0.002,2.2
route_mutation,20260618T052726_082157,of:000000000000000a:1 -> of:000000000000000d:6,0.002,0.0025,0.002,0.002,1.53,2026-06-18T05:27:26,0.002,1.43
route_mutation,20260618T052726_082157,of:000000000000000b:2 -> of:000000000000000c:2,0.002,0.0025,0.002,0.002,1.63,2026-06-18T05:27:26,0.002,1.63
route_mutation,20260618T052726_082157,of:0000000000000004:2 -> of:0000000000000009:2,0.002,0.0025,0.002,0.002,1.63,2026-06-18T05:27:26,0.002,1.7
route_mutation,20260618T052726_082157,of:0000000000000005:2 -> of:0000000000000009:3,0.002,0.0025,0.002,0.002,1.63,2026-06-18T05:27:26,0.002,1.7
route_mutation,20260618T052726_082157,of:000000000000000b:3 -> of:000000000000000d:2,0.002,0.0025,0.002,0.002,1.76,2026-06-18T05:27:26,0.002,1.73
route_mutation,20260618T052726_082157,of:0000000000000004:1 -> of:000000000000000c:4,0.002,0.0025,0.002,0.002,2.16,2026-06-18T05:27:26,0.002,2.23
route_mutation,20260618T052726_082157,of:000000000000000c:3 -> of:000000000000000d:3,0.002,0.0025,0.002,0.002,1.53,2026-06-18T05:27:26,0.002,1.53
route_mutation,20260618T052726_082157,of:0000000000000001:1 -> of:000000000000000b:1,0.003,0.00375,0.003,0.003,2.86,2026-06-18T05:27:26,0.003,2.9
route_mutation,20260618T052726_082157,of:0000000000000006:1 -> of:000000000000000d:4,0.002,0.0025,0.002,0.002,1.76,2026-06-18T05:27:26,0.002,1.93
route_mutation,20260618T052726_082157,of:0000000000000002:1 -> of:000000000000000b:4,0.002,0.0025,0.002,0.002,1.9,2026-06-18T05:27:26,0.002,2.03
route_mutation,20260618T052726_082157,of:0000000000000001:3 -> of:000000000000000d:1,0.002,0.0025,0.002,0.002,1.76,2026-06-18T05:27:26,0.002,1.73
route_mutation,20260618T052726_082157,of:0000000000000006:2 -> of:000000000000000a:2,0.002,0.0025,0.002,0.002,1.63,2026-06-18T05:27:26,0.002,1.7
route_mutation,20260618T052726_082157,of:0000000000000003:1 -> of:000000000000000b:5,0.002,0.0025,0.002,0.002,2.5,2026-06-18T05:27:26,0.002,2.56
route_mutation,20260618T052726_082157,of:0000000000000007:1 -> of:000000000000000d:5,0.002,0.0025,0.002,0.001,1.36,2026-06-18T05:27:26,0.002,1.43
route_mutation,20260618T052726_082157,of:0000000000000007:2 -> of:000000000000000a:3,0.002,0.0025,0.002,0.002,1.63,2026-06-18T05:27:26,0.002,1.7
route_mutation,20260618T052726_082157,of:0000000000000002:2 -> of:0000000000000008:2,0.002,0.0025,0.002,0.002,1.56,2026-06-18T05:27:26,0.002,1.63
route_mutation,20260618T052726_082157,of:0000000000000008:1 -> of:000000000000000b:6,0.002,0.0025,0.002,0.002,1.5,2026-06-18T05:27:26,0.002,1.53
route_mutation,20260618T052726_082157,of:0000000000000009:1 -> of:000000000000000c:6,0.002,0.0025,0.002,0.002,1.53,2026-06-18T05:27:26,0.002,1.43
route_mutation,20260618T052726_082157,of:0000000000000001:2 -> of:000000000000000c:1,0.003,0.00375,0.003,0.003,3.0,2026-06-18T05:27:26,0.003,3.03
route_mutation,20260618T052726_082157,of:0000000000000003:2 -> of:0000000000000008:3,0.002,0.0025,0.002,0.002,1.63,2026-06-18T05:27:26,0.002,1.63
ip_shuffle,20260618T052756_308961,of:0000000000000005:1 -> of:000000000000000c:5,0.002,0.0025,0.002,0.002,1.9,2026-06-18T05:27:56,0.002,1.9
ip_shuffle,20260618T052756_308961,of:000000000000000a:1 -> of:000000000000000d:6,0.002,0.0025,0.002,0.002,1.76,2026-06-18T05:27:56,0.002,1.86
ip_shuffle,20260618T052756_308961,of:000000000000000b:2 -> of:000000000000000c:2,0.002,0.0025,0.002,0.002,2.36,2026-06-18T05:27:56,0.002,2.36
ip_shuffle,20260618T052756_308961,of:0000000000000004:2 -> of:0000000000000009:2,0.002,0.0025,0.002,0.002,2.36,2026-06-18T05:27:56,0.002,2.23
ip_shuffle,20260618T052756_308961,of:0000000000000005:2 -> of:0000000000000009:3,0.002,0.0025,0.002,0.002,2.36,2026-06-18T05:27:56,0.002,2.23
ip_shuffle,20260618T052756_308961,of:000000000000000b:3 -> of:000000000000000d:2,0.002,0.0025,0.002,0.002,2.5,2026-06-18T05:27:56,0.002,2.5
ip_shuffle,20260618T052756_308961,of:0000000000000004:1 -> of:000000000000000c:4,0.002,0.0025,0.002,0.002,1.86,2026-06-18T05:27:56,0.002,1.86
ip_shuffle,20260618T052756_308961,of:000000000000000c:3 -> of:000000000000000d:3,0.002,0.0025,0.002,0.002,2.53,2026-06-18T05:27:56,0.002,2.53
ip_shuffle,20260618T052756_308961,of:0000000000000001:1 -> of:000000000000000b:1,0.002,0.0025,0.002,0.002,1.9,2026-06-18T05:27:56,0.002,1.83
ip_shuffle,20260618T052756_308961,of:0000000000000006:1 -> of:000000000000000d:4,0.002,0.0025,0.002,0.002,2.83,2026-06-18T05:27:56,0.002,2.73
ip_shuffle,20260618T052756_308961,of:0000000000000002:1 -> of:000000000000000b:4,0.002,0.0025,0.002,0.002,2.1,2026-06-18T05:27:56,0.002,1.9
ip_shuffle,20260618T052756_308961,of:0000000000000001:3 -> of:000000000000000d:1,0.003,0.00375,0.003,0.003,3.89,2026-06-18T05:27:56,0.003,3.86
ip_shuffle,20260618T052756_308961,of:0000000000000006:2 -> of:000000000000000a:2,0.002,0.0025,0.002,0.002,2.36,2026-06-18T05:27:56,0.002,2.23
ip_shuffle,20260618T052756_308961,of:0000000000000003:1 -> of:000000000000000b:5,0.002,0.0025,0.002,0.002,1.9,2026-06-18T05:27:56,0.002,1.7
ip_shuffle,20260618T052756_308961,of:0000000000000007:1 -> of:000000000000000d:5,0.003,0.00375,0.003,0.003,3.06,2026-06-18T05:27:56,0.003,3.06
ip_shuffle,20260618T052756_308961,of:0000000000000007:2 -> of:000000000000000a:3,0.002,0.0025,0.002,0.002,2.3,2026-06-18T05:27:56,0.002,2.23
ip_shuffle,20260618T052756_308961,of:0000000000000002:2 -> of:0000000000000008:2,0.002,0.0025,0.002,0.002,2.43,2026-06-18T05:27:56,0.002,2.3
ip_shuffle,20260618T052756_308961,of:0000000000000008:1 -> of:000000000000000b:6,0.002,0.0025,0.002,0.002,1.73,2026-06-18T05:27:56,0.002,1.7
ip_shuffle,20260618T052756_308961,of:0000000000000009:1 -> of:000000000000000c:6,0.002,0.0025,0.002,0.002,1.76,2026-06-18T05:27:56,0.002,1.86
ip_shuffle,20260618T052756_308961,of:0000000000000001:2 -> of:000000000000000c:1,0.002,0.0025,0.002,0.002,1.9,2026-06-18T05:27:56,0.002,1.86
ip_shuffle,20260618T052756_308961,of:0000000000000003:2 -> of:0000000000000008:3,0.002,0.0025,0.002,0.002,2.43,2026-06-18T05:27:56,0.002,2.3
route_mutation,20260618T052854_925442,of:0000000000000005:1 -> of:000000000000000c:5,0.002,0.0025,0.002,0.002,2.33,2026-06-18T05:28:54,0.002,2.46
route_mutation,20260618T052854_925442,of:000000000000000a:1 -> of:000000000000000d:6,0.001,0.00125,0.001,0.001,1.46,2026-06-18T05:28:54,0.001,1.4
route_mutation,20260618T052854_925442,of:000000000000000b:2 -> of:000000000000000c:2,0.002,0.0025,0.002,0.002,1.86,2026-06-18T05:28:54,0.002,1.86
route_mutation,20260618T052854_925442,of:0000000000000004:2 -> of:0000000000000009:2,0.002,0.0025,0.002,0.002,1.66,2026-06-18T05:28:54,0.002,1.73
route_mutation,20260618T052854_925442,of:0000000000000005:2 -> of:0000000000000009:3,0.002,0.0025,0.002,0.002,1.66,2026-06-18T05:28:54,0.002,1.73
route_mutation,20260618T052854_925442,of:000000000000000b:3 -> of:000000000000000d:2,0.002,0.0025,0.002,0.002,1.73,2026-06-18T05:28:54,0.002,1.66
route_mutation,20260618T052854_925442,of:0000000000000004:1 -> of:000000000000000c:4,0.002,0.0025,0.002,0.002,2.33,2026-06-18T05:28:54,0.002,2.46
route_mutation,20260618T052854_925442,of:000000000000000c:3 -> of:000000000000000d:3,0.002,0.0025,0.002,0.002,1.73,2026-06-18T05:28:54,0.002,1.73
route_mutation,20260618T052854_925442,of:0000000000000001:1 -> of:000000000000000b:1,0.002,0.0025,0.002,0.002,2.56,2026-06-18T05:28:54,0.002,2.63
route_mutation,20260618T052854_925442,of:0000000000000006:1 -> of:000000000000000d:4,0.002,0.0025,0.002,0.002,1.86,2026-06-18T05:28:54,0.002,2.03
route_mutation,20260618T052854_925442,of:0000000000000002:1 -> of:000000000000000b:4,0.002,0.0025,0.002,0.002,1.63,2026-06-18T05:28:54,0.002,1.7
route_mutation,20260618T052854_925442,of:0000000000000001:3 -> of:000000000000000d:1,0.002,0.0025,0.002,0.002,1.96,2026-06-18T05:28:54,0.002,1.86
route_mutation,20260618T052854_925442,of:0000000000000006:2 -> of:000000000000000a:2,0.002,0.0025,0.002,0.002,1.66,2026-06-18T05:28:54,0.002,1.73
route_mutation,20260618T052854_925442,of:0000000000000003:1 -> of:000000000000000b:5,0.002,0.0025,0.002,0.002,2.46,2026-06-18T05:28:54,0.002,2.53
route_mutation,20260618T052854_925442,of:0000000000000007:1 -> of:000000000000000d:5,0.001,0.00125,0.001,0.001,1.46,2026-06-18T05:28:54,0.001,1.4
route_mutation,20260618T052854_925442,of:0000000000000007:2 -> of:000000000000000a:3,0.002,0.0025,0.002,0.002,1.73,2026-06-18T05:28:54,0.002,1.73
route_mutation,20260618T052854_925442,of:0000000000000002:2 -> of:0000000000000008:2,0.002,0.0025,0.002,0.002,1.66,2026-06-18T05:28:54,0.002,1.73
route_mutation,20260618T052854_925442,of:0000000000000008:1 -> of:000000000000000b:6,0.002,0.0025,0.002,0.002,1.53,2026-06-18T05:28:54,0.002,1.53
route_mutation,20260618T052854_925442,of:0000000000000009:1 -> of:000000000000000c:6,0.002,0.0025,0.002,0.002,1.66,2026-06-18T05:28:54,0.002,1.66
route_mutation,20260618T052854_925442,of:0000000000000001:2 -> of:000000000000000c:1,0.003,0.00375,0.003,0.003,3.2,2026-06-18T05:28:54,0.003,3.26
route_mutation,20260618T052854_925442,of:0000000000000003:2 -> of:0000000000000008:3,0.002,0.0025,0.002,0.002,1.66,2026-06-18T05:28:54,0.002,1.73
ip_shuffle,20260618T052925_183390,of:0000000000000005:1 -> of:000000000000000c:5,0.002,0.0025,0.002,0.002,1.86,2026-06-18T05:29:25,0.002,1.73
ip_shuffle,20260618T052925_183390,of:000000000000000a:1 -> of:000000000000000d:6,0.002,0.0025,0.002,0.002,1.8,2026-06-18T05:29:25,0.002,1.86
ip_shuffle,20260618T052925_183390,of:000000000000000b:2 -> of:000000000000000c:2,0.002,0.0025,0.002,0.002,2.26,2026-06-18T05:29:25,0.002,2.26
ip_shuffle,20260618T052925_183390,of:0000000000000004:2 -> of:0000000000000009:2,0.002,0.0025,0.002,0.002,2.4,2026-06-18T05:29:25,0.002,2.26
ip_shuffle,20260618T052925_183390,of:0000000000000005:2 -> of:0000000000000009:3,0.002,0.0025,0.002,0.002,2.4,2026-06-18T05:29:25,0.002,2.26
ip_shuffle,20260618T052925_183390,of:000000000000000b:3 -> of:000000000000000d:2,0.002,0.0025,0.002,0.002,2.5,2026-06-18T05:29:25,0.002,2.5
ip_shuffle,20260618T052925_183390,of:0000000000000004:1 -> of:000000000000000c:4,0.002,0.0025,0.002,0.002,1.86,2026-06-18T05:29:25,0.002,1.73
ip_shuffle,20260618T052925_183390,of:000000000000000c:3 -> of:000000000000000d:3,0.002,0.0025,0.002,0.002,2.4,2026-06-18T05:29:25,0.002,2.4
ip_shuffle,20260618T052925_183390,of:0000000000000001:1 -> of:000000000000000b:1,0.002,0.0025,0.002,0.002,1.93,2026-06-18T05:29:25,0.002,1.8
ip_shuffle,20260618T052925_183390,of:0000000000000006:1 -> of:000000000000000d:4,0.002,0.0025,0.002,0.002,2.63,2026-06-18T05:29:25,0.002,2.46
ip_shuffle,20260618T052925_183390,of:0000000000000002:1 -> of:000000000000000b:4,0.002,0.0025,0.002,0.002,2.03,2026-06-18T05:29:25,0.002,1.9
ip_shuffle,20260618T052925_183390,of:0000000000000001:3 -> of:000000000000000d:1,0.003,0.00375,0.003,0.003,3.53,2026-06-18T05:29:25,0.003,3.56
ip_shuffle,20260618T052925_183390,of:0000000000000006:2 -> of:000000000000000a:2,0.002,0.0025,0.002,0.002,2.4,2026-06-18T05:29:25,0.002,2.26
ip_shuffle,20260618T052925_183390,of:0000000000000003:1 -> of:000000000000000b:5,0.002,0.0025,0.002,0.002,1.86,2026-06-18T05:29:25,0.002,1.73
ip_shuffle,20260618T052925_183390,of:0000000000000007:1 -> of:000000000000000d:5,0.002,0.0025,0.002,0.002,2.93,2026-06-18T05:29:25,0.002,3.0
ip_shuffle,20260618T052925_183390,of:0000000000000007:2 -> of:000000000000000a:3,0.002,0.0025,0.002,0.002,2.33,2026-06-18T05:29:25,0.002,2.26
ip_shuffle,20260618T052925_183390,of:0000000000000002:2 -> of:0000000000000008:2,0.002,0.0025,0.002,0.002,2.4,2026-06-18T05:29:25,0.002,2.26
ip_shuffle,20260618T052925_183390,of:0000000000000008:1 -> of:000000000000000b:6,0.002,0.0025,0.002,0.002,1.76,2026-06-18T05:29:25,0.002,1.76
ip_shuffle,20260618T052925_183390,of:0000000000000009:1 -> of:000000000000000c:6,0.002,0.0025,0.002,0.002,1.73,2026-06-18T05:29:25,0.002,1.73
ip_shuffle,20260618T052925_183390,of:0000000000000001:2 -> of:000000000000000c:1,0.002,0.0025,0.002,0.002,1.86,2026-06-18T05:29:25,0.002,1.73
ip_shuffle,20260618T052925_183390,of:0000000000000003:2 -> of:0000000000000008:3,0.002,0.0025,0.002,0.002,2.4,2026-06-18T05:29:25,0.002,2.26
ip_shuffle,20260618T053022_840529,of:0000000000000005:1 -> of:000000000000000c:5,0.002,0.0025,0.002,0.002,2.16,2026-06-18T05:30:22,0.002,2.26
ip_shuffle,20260618T053022_840529,of:000000000000000a:1 -> of:000000000000000d:6,0.001,0.00125,0.001,0.001,1.37,2026-06-18T05:30:22,0.001,1.37
ip_shuffle,20260618T053022_840529,of:000000000000000b:2 -> of:000000000000000c:2,0.002,0.0025,0.002,0.002,1.6,2026-06-18T05:30:22,0.002,1.6
ip_shuffle,20260618T053022_840529,of:0000000000000004:2 -> of:0000000000000009:2,0.002,0.0025,0.002,0.001,1.47,2026-06-18T05:30:22,0.002,1.53
ip_shuffle,20260618T053022_840529,of:0000000000000005:2 -> of:0000000000000009:3,0.002,0.0025,0.002,0.001,1.47,2026-06-18T05:30:22,0.002,1.53
ip_shuffle,20260618T053022_840529,of:000000000000000b:3 -> of:000000000000000d:2,0.002,0.0025,0.002,0.002,1.63,2026-06-18T05:30:22,0.002,1.63
ip_shuffle,20260618T053022_840529,of:0000000000000004:1 -> of:000000000000000c:4,0.002,0.0025,0.002,0.002,2.16,2026-06-18T05:30:22,0.002,2.26
ip_shuffle,20260618T053022_840529,of:000000000000000c:3 -> of:000000000000000d:3,0.001,0.00125,0.001,0.001,1.5,2026-06-18T05:30:22,0.001,1.5
ip_shuffle,20260618T053022_840529,of:0000000000000001:1 -> of:000000000000000b:1,0.003,0.00375,0.003,0.003,3.06,2026-06-18T05:30:22,0.003,3.1
ip_shuffle,20260618T053022_840529,of:0000000000000006:1 -> of:000000000000000d:4,0.002,0.0025,0.002,0.002,1.73,2026-06-18T05:30:22,0.002,1.73
ip_shuffle,20260618T053022_840529,of:0000000000000002:1 -> of:000000000000000b:4,0.002,0.0025,0.002,0.002,2.13,2026-06-18T05:30:22,0.002,2.23
ip_shuffle,20260618T053022_840529,of:0000000000000001:3 -> of:000000000000000d:1,0.002,0.0025,0.002,0.002,1.6,2026-06-18T05:30:22,0.002,1.53
ip_shuffle,20260618T053022_840529,of:0000000000000006:2 -> of:000000000000000a:2,0.002,0.0025,0.002,0.001,1.47,2026-06-18T05:30:22,0.002,1.53
ip_shuffle,20260618T053022_840529,of:0000000000000003:1 -> of:000000000000000b:5,0.002,0.0025,0.002,0.002,2.33,2026-06-18T05:30:22,0.002,2.5
ip_shuffle,20260618T053022_840529,of:0000000000000007:1 -> of:000000000000000d:5,0.001,0.00125,0.001,0.001,1.37,2026-06-18T05:30:22,0.001,1.37
ip_shuffle,20260618T053022_840529,of:0000000000000007:2 -> of:000000000000000a:3,0.002,0.0025,0.002,0.002,1.53,2026-06-18T05:30:22,0.002,1.53
ip_shuffle,20260618T053022_840529,of:0000000000000002:2 -> of:0000000000000008:2,0.002,0.0025,0.002,0.001,1.47,2026-06-18T05:30:22,0.002,1.53
ip_shuffle,20260618T053022_840529,of:0000000000000008:1 -> of:000000000000000b:6,0.002,0.0025,0.002,0.002,1.43,2026-06-18T05:30:22,0.002,1.47
ip_shuffle,20260618T053022_840529,of:0000000000000009:1 -> of:000000000000000c:6,0.002,0.0025,0.002,0.002,1.43,2026-06-18T05:30:22,0.002,1.47
ip_shuffle,20260618T053022_840529,of:0000000000000001:2 -> of:000000000000000c:1,0.003,0.00375,0.003,0.003,3.0,2026-06-18T05:30:22,0.003,3.03
ip_shuffle,20260618T053022_840529,of:0000000000000003:2 -> of:0000000000000008:3,0.002,0.0025,0.002,0.001,1.47,2026-06-18T05:30:22,0.002,1.53
ip_shuffle,20260618T053120_419544,of:0000000000000005:1 -> of:000000000000000c:5,0.002,0.0025,0.002,0.002,1.96,2026-06-18T05:31:20,0.002,1.83
ip_shuffle,20260618T053120_419544,of:000000000000000a:1 -> of:000000000000000d:6,0.002,0.0025,0.002,0.002,2.06,2026-06-18T05:31:20,0.002,2.06
ip_shuffle,20260618T053120_419544,of:000000000000000b:2 -> of:000000000000000c:2,0.002,0.0025,0.002,0.002,2.46,2026-06-18T05:31:20,0.002,2.46
ip_shuffle,20260618T053120_419544,of:0000000000000004:2 -> of:0000000000000009:2,0.002,0.0025,0.002,0.002,2.63,2026-06-18T05:31:20,0.002,2.5
ip_shuffle,20260618T053120_419544,of:0000000000000005:2 -> of:0000000000000009:3,0.002,0.0025,0.002,0.002,2.63,2026-06-18T05:31:20,0.002,2.5
ip_shuffle,20260618T053120_419544,of:000000000000000b:3 -> of:000000000000000d:2,0.002,0.0025,0.002,0.002,2.83,2026-06-18T05:31:20,0.002,2.83
ip_shuffle,20260618T053120_419544,of:0000000000000004:1 -> of:000000000000000c:4,0.002,0.0025,0.002,0.002,1.96,2026-06-18T05:31:20,0.002,1.83
ip_shuffle,20260618T053120_419544,of:000000000000000c:3 -> of:000000000000000d:3,0.002,0.0025,0.002,0.002,2.7,2026-06-18T05:31:20,0.002,2.7
ip_shuffle,20260618T053120_419544,of:0000000000000001:1 -> of:000000000000000b:1,0.002,0.0025,0.002,0.002,2.1,2026-06-18T05:31:20,0.002,1.93
ip_shuffle,20260618T053120_419544,of:0000000000000006:1 -> of:000000000000000d:4,0.003,0.00375,0.003,0.003,3.63,2026-06-18T05:31:20,0.003,3.66
ip_shuffle,20260618T053120_419544,of:0000000000000002:1 -> of:000000000000000b:4,0.002,0.0025,0.002,0.002,2.2,2026-06-18T05:31:20,0.002,2.16
ip_shuffle,20260618T053120_419544,of:0000000000000001:3 -> of:000000000000000d:1,0.004,0.005,0.004,0.004,4.33,2026-06-18T05:31:20,0.004,4.39
ip_shuffle,20260618T053120_419544,of:0000000000000006:2 -> of:000000000000000a:2,0.002,0.0025,0.002,0.002,2.63,2026-06-18T05:31:20,0.002,2.5
ip_shuffle,20260618T053120_419544,of:0000000000000003:1 -> of:000000000000000b:5,0.002,0.0025,0.002,0.002,1.96,2026-06-18T05:31:20,0.002,1.83
ip_shuffle,20260618T053120_419544,of:0000000000000007:1 -> of:000000000000000d:5,0.003,0.00375,0.003,0.003,3.03,2026-06-18T05:31:20,0.003,3.03
ip_shuffle,20260618T053120_419544,of:0000000000000007:2 -> of:000000000000000a:3,0.002,0.0025,0.002,0.002,2.6,2026-06-18T05:31:20,0.002,2.53
ip_shuffle,20260618T053120_419544,of:0000000000000002:2 -> of:0000000000000008:2,0.002,0.0025,0.002,0.002,2.6,2026-06-18T05:31:20,0.002,2.53
ip_shuffle,20260618T053120_419544,of:0000000000000008:1 -> of:000000000000000b:6,0.002,0.0025,0.002,0.002,1.86,2026-06-18T05:31:20,0.002,1.83
ip_shuffle,20260618T053120_419544,of:0000000000000009:1 -> of:000000000000000c:6,0.002,0.0025,0.002,0.002,1.86,2026-06-18T05:31:20,0.002,1.83
ip_shuffle,20260618T053120_419544,of:0000000000000001:2 -> of:000000000000000c:1,0.002,0.0025,0.002,0.002,1.96,2026-06-18T05:31:20,0.002,1.8
ip_shuffle,20260618T053120_419544,of:0000000000000003:2 -> of:0000000000000008:3,0.002,0.0025,0.002,0.002,2.63,2026-06-18T05:31:20,0.002,2.5
route_mutation,20260618T053218_049627,of:0000000000000005:1 -> of:000000000000000c:5,0.002,0.0025,0.002,0.001,1.47,2026-06-18T05:32:18,0.002,1.53
route_mutation,20260618T053218_049627,of:000000000000000a:1 -> of:000000000000000d:6,0.002,0.0025,0.002,0.002,1.6,2026-06-18T05:32:18,0.002,1.53
route_mutation,20260618T053218_049627,of:000000000000000b:2 -> of:000000000000000c:2,0.002,0.0025,0.002,0.002,1.76,2026-06-18T05:32:18,0.002,1.76
route_mutation,20260618T053218_049627,of:0000000000000004:2 -> of:0000000000000009:2,0.002,0.0025,0.002,0.002,1.8,2026-06-18T05:32:18,0.002,1.86
route_mutation,20260618T053218_049627,of:0000000000000005:2 -> of:0000000000000009:3,0.002,0.0025,0.002,0.002,1.8,2026-06-18T05:32:18,0.002,1.86
route_mutation,20260618T053218_049627,of:000000000000000b:3 -> of:000000000000000d:2,0.002,0.0025,0.002,0.002,1.8,2026-06-18T05:32:18,0.002,1.76
route_mutation,20260618T053218_049627,of:0000000000000004:1 -> of:000000000000000c:4,0.002,0.0025,0.002,0.001,1.53,2026-06-18T05:32:18,0.002,1.6
route_mutation,20260618T053218_049627,of:000000000000000c:3 -> of:000000000000000d:3,0.002,0.0025,0.002,0.002,1.73,2026-06-18T05:32:18,0.002,1.73
route_mutation,20260618T053218_049627,of:0000000000000001:1 -> of:000000000000000b:1,0.004,0.005,0.004,0.003,4.03,2026-06-18T05:32:18,0.004,4.13
route_mutation,20260618T053218_049627,of:0000000000000006:1 -> of:000000000000000d:4,0.002,0.0025,0.002,0.002,1.57,2026-06-18T05:32:18,0.002,1.6
route_mutation,20260618T053218_049627,of:0000000000000002:1 -> of:000000000000000b:4,0.003,0.00375,0.003,0.003,3.03,2026-06-18T05:32:18,0.003,3.16
route_mutation,20260618T053218_049627,of:0000000000000001:3 -> of:000000000000000d:1,0.002,0.0025,0.002,0.002,1.57,2026-06-18T05:32:18,0.002,1.6
route_mutation,20260618T053218_049627,of:0000000000000006:2 -> of:000000000000000a:2,0.002,0.0025,0.002,0.002,1.8,2026-06-18T05:32:18,0.002,1.86
route_mutation,20260618T053218_049627,of:0000000000000003:1 -> of:000000000000000b:5,0.002,0.0025,0.002,0.002,2.46,2026-06-18T05:32:18,0.002,2.56
route_mutation,20260618T053218_049627,of:0000000000000007:1 -> of:000000000000000d:5,0.002,0.0025,0.002,0.002,1.6,2026-06-18T05:32:18,0.002,1.53
route_mutation,20260618T053218_049627,of:0000000000000007:2 -> of:000000000000000a:3,0.002,0.0025,0.002,0.002,1.86,2026-06-18T05:32:18,0.002,1.86
route_mutation,20260618T053218_049627,of:0000000000000002:2 -> of:0000000000000008:2,0.002,0.0025,0.002,0.002,1.73,2026-06-18T05:32:18,0.002,1.86
route_mutation,20260618T053218_049627,of:0000000000000008:1 -> of:000000000000000b:6,0.002,0.0025,0.002,0.002,1.6,2026-06-18T05:32:18,0.002,1.57
route_mutation,20260618T053218_049627,of:0000000000000009:1 -> of:000000000000000c:6,0.002,0.0025,0.002,0.002,1.6,2026-06-18T05:32:18,0.002,1.53
route_mutation,20260618T053218_049627,of:0000000000000001:2 -> of:000000000000000c:1,0.002,0.0025,0.002,0.002,1.53,2026-06-18T05:32:18,0.002,1.66
route_mutation,20260618T053218_049627,of:0000000000000003:2 -> of:0000000000000008:3,0.002,0.0025,0.002,0.002,1.8,2026-06-18T05:32:18,0.002,1.86
ip_shuffle,20260618T053248_313751,of:0000000000000005:1 -> of:000000000000000c:5,0.002,0.0025,0.002,0.002,2.33,2026-06-18T05:32:48,0.002,2.2
ip_shuffle,20260618T053248_313751,of:000000000000000a:1 -> of:000000000000000d:6,0.001,0.00125,0.001,0.001,1.46,2026-06-18T05:32:48,0.001,1.5
ip_shuffle,20260618T053248_313751,of:000000000000000b:2 -> of:000000000000000c:2,0.001,0.00125,0.001,0.001,1.6,2026-06-18T05:32:48,0.001,1.6
ip_shuffle,20260618T053248_313751,of:0000000000000004:2 -> of:0000000000000009:2,0.002,0.0025,0.002,0.002,1.73,2026-06-18T05:32:48,0.001,1.6
ip_shuffle,20260618T053248_313751,of:0000000000000005:2 -> of:0000000000000009:3,0.002,0.0025,0.002,0.002,1.73,2026-06-18T05:32:48,0.001,1.6
ip_shuffle,20260618T053248_313751,of:000000000000000b:3 -> of:000000000000000d:2,0.002,0.0025,0.002,0.002,1.86,2026-06-18T05:32:48,0.002,1.86
ip_shuffle,20260618T053248_313751,of:0000000000000004:1 -> of:000000000000000c:4,0.002,0.0025,0.002,0.002,2.26,2026-06-18T05:32:48,0.002,2.13
ip_shuffle,20260618T053248_313751,of:000000000000000c:3 -> of:000000000000000d:3,0.002,0.0025,0.002,0.002,1.7,2026-06-18T05:32:48,0.002,1.7
ip_shuffle,20260618T053248_313751,of:0000000000000001:1 -> of:000000000000000b:1,0.002,0.0025,0.002,0.002,1.7,2026-06-18T05:32:48,0.002,1.63
ip_shuffle,20260618T053248_313751,of:0000000000000006:1 -> of:000000000000000d:4,0.002,0.0025,0.002,0.002,2.53,2026-06-18T05:32:48,0.002,2.46
ip_shuffle,20260618T053248_313751,of:0000000000000002:1 -> of:000000000000000b:4,0.002,0.0025,0.002,0.002,1.83,2026-06-18T05:32:48,0.002,1.76
ip_shuffle,20260618T053248_313751,of:0000000000000001:3 -> of:000000000000000d:1,0.002,0.0025,0.002,0.002,2.3,2026-06-18T05:32:48,0.002,2.36
ip_shuffle,20260618T053248_313751,of:0000000000000006:2 -> of:000000000000000a:2,0.002,0.0025,0.002,0.002,1.73,2026-06-18T05:32:48,0.001,1.6
ip_shuffle,20260618T053248_313751,of:0000000000000003:1 -> of:000000000000000b:5,0.002,0.0025,0.002,0.002,1.56,2026-06-18T05:32:48,0.001,1.43
ip_shuffle,20260618T053248_313751,of:0000000000000007:1 -> of:000000000000000d:5,0.001,0.00125,0.001,0.001,1.46,2026-06-18T05:32:48,0.001,1.5
ip_shuffle,20260618T053248_313751,of:0000000000000007:2 -> of:000000000000000a:3,0.002,0.0025,0.002,0.002,1.66,2026-06-18T05:32:48,0.001,1.6
ip_shuffle,20260618T053248_313751,of:0000000000000002:2 -> of:0000000000000008:2,0.002,0.0025,0.002,0.002,1.73,2026-06-18T05:32:48,0.002,1.66
ip_shuffle,20260618T053248_313751,of:0000000000000008:1 -> of:000000000000000b:6,0.001,0.00125,0.001,0.001,1.4,2026-06-18T05:32:48,0.001,1.4
ip_shuffle,20260618T053248_313751,of:0000000000000009:1 -> of:000000000000000c:6,0.001,0.00125,0.001,0.001,1.4,2026-06-18T05:32:48,0.001,1.4
ip_shuffle,20260618T053248_313751,of:0000000000000001:2 -> of:000000000000000c:1,0.003,0.00375,0.003,0.003,3.06,2026-06-18T05:32:48,0.003,3.0
ip_shuffle,20260618T053248_313751,of:0000000000000003:2 -> of:0000000000000008:3,0.002,0.0025,0.002,0.002,1.73,2026-06-18T05:32:48,0.001,1.6
route_mutation,20260618T053345_920296,of:0000000000000005:1 -> of:000000000000000c:5,0.002,0.0025,0.002,0.001,1.3,2026-06-18T05:33:45,0.002,1.43
route_mutation,20260618T053345_920296,of:000000000000000a:1 -> of:000000000000000d:6,0.002,0.0025,0.002,0.002,1.43,2026-06-18T05:33:45,0.002,1.43
route_mutation,20260618T053345_920296,of:000000000000000b:2 -> of:000000000000000c:2,0.002,0.0025,0.002,0.002,1.53,2026-06-18T05:33:45,0.002,1.53
route_mutation,20260618T053345_920296,of:0000000000000004:2 -> of:0000000000000009:2,0.002,0.0025,0.002,0.001,1.47,2026-06-18T05:33:45,0.002,1.53
route_mutation,20260618T053345_920296,of:0000000000000005:2 -> of:0000000000000009:3,0.002,0.0025,0.002,0.001,1.47,2026-06-18T05:33:45,0.002,1.53
route_mutation,20260618T053345_920296,of:000000000000000b:3 -> of:000000000000000d:2,0.002,0.0025,0.002,0.002,1.53,2026-06-18T05:33:45,0.002,1.53
route_mutation,20260618T053345_920296,of:0000000000000004:1 -> of:000000000000000c:4,0.002,0.0025,0.002,0.001,1.3,2026-06-18T05:33:45,0.002,1.43
route_mutation,20260618T053345_920296,of:000000000000000c:3 -> of:000000000000000d:3,0.002,0.0025,0.002,0.002,1.53,2026-06-18T05:33:45,0.002,1.53
route_mutation,20260618T053345_920296,of:0000000000000001:1 -> of:000000000000000b:1,0.002,0.0025,0.002,0.002,2.33,2026-06-18T05:33:45,0.002,2.46
route_mutation,20260618T053345_920296,of:0000000000000006:1 -> of:000000000000000d:4,0.002,0.0025,0.002,0.001,1.37,2026-06-18T05:33:45,0.002,1.43
route_mutation,20260618T053345_920296,of:0000000000000002:1 -> of:000000000000000b:4,0.002,0.0025,0.002,0.002,2.23,2026-06-18T05:33:45,0.002,2.36
route_mutation,20260618T053345_920296,of:0000000000000001:3 -> of:000000000000000d:1,0.002,0.0025,0.002,0.002,1.83,2026-06-18T05:33:45,0.002,1.9
route_mutation,20260618T053345_920296,of:0000000000000006:2 -> of:000000000000000a:2,0.002,0.0025,0.002,0.002,1.53,2026-06-18T05:33:45,0.002,1.53
route_mutation,20260618T053345_920296,of:0000000000000003:1 -> of:000000000000000b:5,0.002,0.0025,0.002,0.001,1.43,2026-06-18T05:33:45,0.002,1.57
route_mutation,20260618T053345_920296,of:0000000000000007:1 -> of:000000000000000d:5,0.002,0.0025,0.002,0.002,1.86,2026-06-18T05:33:45,0.002,1.86
route_mutation,20260618T053345_920296,of:0000000000000007:2 -> of:000000000000000a:3,0.002,0.0025,0.002,0.002,1.53,2026-06-18T05:33:45,0.002,1.53
route_mutation,20260618T053345_920296,of:0000000000000002:2 -> of:0000000000000008:2,0.002,0.0025,0.002,0.001,1.4,2026-06-18T05:33:45,0.002,1.53
route_mutation,20260618T053345_920296,of:0000000000000008:1 -> of:000000000000000b:6,0.002,0.0025,0.002,0.002,1.43,2026-06-18T05:33:45,0.002,1.43
route_mutation,20260618T053345_920296,of:0000000000000009:1 -> of:000000000000000c:6,0.002,0.0025,0.002,0.002,1.43,2026-06-18T05:33:45,0.002,1.43
route_mutation,20260618T053345_920296,of:0000000000000001:2 -> of:000000000000000c:1,0.002,0.0025,0.002,0.001,1.37,2026-06-18T05:33:45,0.002,1.43
route_mutation,20260618T053345_920296,of:0000000000000003:2 -> of:0000000000000008:3,0.002,0.0025,0.002,0.001,1.47,2026-06-18T05:33:45,0.002,1.53
route_mutation,20260618T053416_179061,of:0000000000000005:1 -> of:000000000000000c:5,0.002,0.0025,0.002,0.002,2.36,2026-06-18T05:34:16,0.002,2.4
route_mutation,20260618T053416_179061,of:000000000000000a:1 -> of:000000000000000d:6,0.002,0.0025,0.002,0.002,1.53,2026-06-18T05:34:16,0.002,1.56
route_mutation,20260618T053416_179061,of:000000000000000b:2 -> of:000000000000000c:2,0.002,0.0025,0.002,0.002,1.8,2026-06-18T05:34:16,0.002,1.8
route_mutation,20260618T053416_179061,of:0000000000000004:2 -> of:0000000000000009:2,0.002,0.0025,0.002,0.002,1.83,2026-06-18T05:34:16,0.002,1.7
route_mutation,20260618T053416_179061,of:0000000000000005:2 -> of:0000000000000009:3,0.002,0.0025,0.002,0.002,1.83,2026-06-18T05:34:16,0.002,1.76
route_mutation,20260618T053416_179061,of:000000000000000b:3 -> of:000000000000000d:2,0.002,0.0025,0.002,0.002,1.83,2026-06-18T05:34:16,0.002,1.83
route_mutation,20260618T053416_179061,of:0000000000000004:1 -> of:000000000000000c:4,0.002,0.0025,0.002,0.002,2.36,2026-06-18T05:34:16,0.002,2.33
route_mutation,20260618T053416_179061,of:000000000000000c:3 -> of:000000000000000d:3,0.002,0.0025,0.002,0.002,1.93,2026-06-18T05:34:16,0.002,1.9
route_mutation,20260618T053416_179061,of:0000000000000001:1 -> of:000000000000000b:1,0.002,0.0025,0.002,0.002,2.63,2026-06-18T05:34:16,0.002,2.5
route_mutation,20260618T053416_179061,of:0000000000000006:1 -> of:000000000000000d:4,0.002,0.0025,0.002,0.002,2.26,2026-06-18T05:34:16,0.002,2.2
route_mutation,20260618T053416_179061,of:0000000000000002:1 -> of:000000000000000b:4,0.002,0.0025,0.002,0.002,1.66,2026-06-18T05:34:16,0.002,1.63
route_mutation,20260618T053416_179061,of:0000000000000001:3 -> of:000000000000000d:1,0.002,0.0025,0.002,0.002,2.13,2026-06-18T05:34:16,0.002,2.3
route_mutation,20260618T053416_179061,of:0000000000000006:2 -> of:000000000000000a:2,0.002,0.0025,0.002,0.002,1.76,2026-06-18T05:34:16,0.002,1.73
route_mutation,20260618T053416_179061,of:0000000000000003:1 -> of:000000000000000b:5,0.002,0.0025,0.002,0.002,2.46,2026-06-18T05:34:16,0.002,2.36
route_mutation,20260618T053416_179061,of:0000000000000007:1 -> of:000000000000000d:5,0.002,0.0025,0.002,0.002,1.53,2026-06-18T05:34:16,0.002,1.56
route_mutation,20260618T053416_179061,of:0000000000000007:2 -> of:000000000000000a:3,0.002,0.0025,0.002,0.002,1.8,2026-06-18T05:34:16,0.002,1.73
route_mutation,20260618T053416_179061,of:0000000000000002:2 -> of:0000000000000008:2,0.002,0.0025,0.002,0.002,1.83,2026-06-18T05:34:16,0.002,1.76
route_mutation,20260618T053416_179061,of:0000000000000008:1 -> of:000000000000000b:6,0.001,0.00125,0.001,0.001,1.46,2026-06-18T05:34:16,0.001,1.46
route_mutation,20260618T053416_179061,of:0000000000000009:1 -> of:000000000000000c:6,0.002,0.0025,0.002,0.002,1.53,2026-06-18T05:34:16,0.002,1.53
route_mutation,20260618T053416_179061,of:0000000000000001:2 -> of:000000000000000c:1,0.003,0.00375,0.003,0.003,3.13,2026-06-18T05:34:16,0.003,3.13
route_mutation,20260618T053416_179061,of:0000000000000003:2 -> of:0000000000000008:3,0.002,0.0025,0.002,0.002,1.83,2026-06-18T05:34:16,0.002,1.7
ip_shuffle,20260618T053446_358686,of:0000000000000005:1 -> of:000000000000000c:5,0.002,0.0025,0.002,0.002,1.9,2026-06-18T05:34:46,0.002,1.73
ip_shuffle,20260618T053446_358686,of:000000000000000a:1 -> of:000000000000000d:6,0.002,0.0025,0.002,0.002,1.8,2026-06-18T05:34:46,0.002,1.76
ip_shuffle,20260618T053446_358686,of:000000000000000b:2 -> of:000000000000000c:2,0.002,0.0025,0.002,0.002,2.33,2026-06-18T05:34:46,0.002,2.33
ip_shuffle,20260618T053446_358686,of:0000000000000004:2 -> of:0000000000000009:2,0.002,0.0025,0.002,0.002,2.36,2026-06-18T05:34:46,0.002,2.43
ip_shuffle,20260618T053446_358686,of:0000000000000005:2 -> of:0000000000000009:3,0.002,0.0025,0.002,0.002,2.36,2026-06-18T05:34:46,0.002,2.36
ip_shuffle,20260618T053446_358686,of:000000000000000b:3 -> of:000000000000000d:2,0.002,0.0025,0.002,0.002,2.3,2026-06-18T05:34:46,0.002,2.3
ip_shuffle,20260618T053446_358686,of:0000000000000004:1 -> of:000000000000000c:4,0.002,0.0025,0.002,0.002,1.9,2026-06-18T05:34:46,0.002,1.8
ip_shuffle,20260618T053446_358686,of:000000000000000c:3 -> of:000000000000000d:3,0.002,0.0025,0.002,0.002,2.2,2026-06-18T05:34:46,0.002,2.23
ip_shuffle,20260618T053446_358686,of:0000000000000001:1 -> of:000000000000000b:1,0.002,0.0025,0.002,0.002,1.86,2026-06-18T05:34:46,0.002,1.86
ip_shuffle,20260618T053446_358686,of:0000000000000006:1 -> of:000000000000000d:4,0.002,0.0025,0.002,0.002,2.23,2026-06-18T05:34:46,0.002,2.23
ip_shuffle,20260618T053446_358686,of:0000000000000002:1 -> of:000000000000000b:4,0.002,0.0025,0.002,0.002,1.9,2026-06-18T05:34:46,0.002,1.8
ip_shuffle,20260618T053446_358686,of:0000000000000001:3 -> of:000000000000000d:1,0.003,0.00375,0.003,0.003,3.49,2026-06-18T05:34:46,0.003,3.26
ip_shuffle,20260618T053446_358686,of:0000000000000006:2 -> of:000000000000000a:2,0.002,0.0025,0.002,0.002,2.36,2026-06-18T05:34:46,0.002,2.4
ip_shuffle,20260618T053446_358686,of:0000000000000003:1 -> of:000000000000000b:5,0.002,0.0025,0.002,0.002,1.9,2026-06-18T05:34:46,0.002,1.86
ip_shuffle,20260618T053446_358686,of:0000000000000007:1 -> of:000000000000000d:5,0.002,0.0025,0.002,0.002,2.96,2026-06-18T05:34:46,0.002,2.93
ip_shuffle,20260618T053446_358686,of:0000000000000007:2 -> of:000000000000000a:3,0.002,0.0025,0.002,0.002,2.33,2026-06-18T05:34:46,0.002,2.4
ip_shuffle,20260618T053446_358686,of:0000000000000002:2 -> of:0000000000000008:2,0.002,0.0025,0.002,0.002,2.43,2026-06-18T05:34:46,0.002,2.36
ip_shuffle,20260618T053446_358686,of:0000000000000008:1 -> of:000000000000000b:6,0.002,0.0025,0.002,0.002,1.86,2026-06-18T05:34:46,0.002,1.86
ip_shuffle,20260618T053446_358686,of:0000000000000009:1 -> of:000000000000000c:6,0.002,0.0025,0.002,0.002,1.8,2026-06-18T05:34:46,0.002,1.8
ip_shuffle,20260618T053446_358686,of:0000000000000001:2 -> of:000000000000000c:1,0.002,0.0025,0.002,0.002,1.86,2026-06-18T05:34:46,0.002,1.8
ip_shuffle,20260618T053446_358686,of:0000000000000003:2 -> of:0000000000000008:3,0.002,0.0025,0.002,0.002,2.43,2026-06-18T05:34:46,0.002,2.43
ip_shuffle,20260618T053543_958660,of:0000000000000005:1 -> of:000000000000000c:5,0.002,0.0025,0.002,0.002,2.2,2026-06-18T05:35:43,0.002,2.2
ip_shuffle,20260618T053543_958660,of:000000000000000a:1 -> of:000000000000000d:6,0.001,0.00125,0.001,0.001,1.46,2026-06-18T05:35:43,0.001,1.46
ip_shuffle,20260618T053543_958660,of:000000000000000b:2 -> of:000000000000000c:2,0.002,0.0025,0.002,0.002,1.66,2026-06-18T05:35:43,0.002,1.66
ip_shuffle,20260618T053543_958660,of:0000000000000004:2 -> of:0000000000000009:2,0.002,0.0025,0.002,0.002,1.73,2026-06-18T05:35:43,0.001,1.6
ip_shuffle,20260618T053543_958660,of:0000000000000005:2 -> of:0000000000000009:3,0.002,0.0025,0.002,0.002,1.73,2026-06-18T05:35:43,0.002,1.66
ip_shuffle,20260618T053543_958660,of:000000000000000b:3 -> of:000000000000000d:2,0.002,0.0025,0.002,0.002,1.66,2026-06-18T05:35:43,0.002,1.66
ip_shuffle,20260618T053543_958660,of:0000000000000004:1 -> of:000000000000000c:4,0.002,0.0025,0.002,0.002,2.33,2026-06-18T05:35:43,0.002,2.26
ip_shuffle,20260618T053543_958660,of:000000000000000c:3 -> of:000000000000000d:3,0.002,0.0025,0.002,0.002,1.73,2026-06-18T05:35:43,0.002,1.73
ip_shuffle,20260618T053543_958660,of:0000000000000001:1 -> of:000000000000000b:1,0.003,0.00375,0.003,0.003,3.4,2026-06-18T05:35:43,0.003,3.33
ip_shuffle,20260618T053543_958660,of:0000000000000006:1 -> of:000000000000000d:4,0.002,0.0025,0.002,0.002,1.73,2026-06-18T05:35:43,0.002,1.73
ip_shuffle,20260618T053543_958660,of:0000000000000002:1 -> of:000000000000000b:4,0.002,0.0025,0.002,0.002,2.36,2026-06-18T05:35:43,0.002,2.3
ip_shuffle,20260618T053543_958660,of:0000000000000001:3 -> of:000000000000000d:1,0.002,0.0025,0.002,0.002,1.8,2026-06-18T05:35:43,0.002,1.83
ip_shuffle,20260618T053543_958660,of:0000000000000006:2 -> of:000000000000000a:2,0.002,0.0025,0.002,0.002,1.66,2026-06-18T05:35:43,0.001,1.6
ip_shuffle,20260618T053543_958660,of:0000000000000003:1 -> of:000000000000000b:5,0.002,0.0025,0.002,0.002,2.56,2026-06-18T05:35:43,0.002,2.43
ip_shuffle,20260618T053543_958660,of:0000000000000007:1 -> of:000000000000000d:5,0.001,0.00125,0.001,0.001,1.46,2026-06-18T05:35:43,0.001,1.46
ip_shuffle,20260618T053543_958660,of:0000000000000007:2 -> of:000000000000000a:3,0.002,0.0025,0.002,0.002,1.66,2026-06-18T05:35:43,0.001,1.6
ip_shuffle,20260618T053543_958660,of:0000000000000002:2 -> of:0000000000000008:2,0.002,0.0025,0.002,0.002,1.73,2026-06-18T05:35:43,0.002,1.66
ip_shuffle,20260618T053543_958660,of:0000000000000008:1 -> of:000000000000000b:6,0.001,0.00125,0.001,0.001,1.4,2026-06-18T05:35:43,0.001,1.4
ip_shuffle,20260618T053543_958660,of:0000000000000009:1 -> of:000000000000000c:6,0.001,0.00125,0.001,0.001,1.46,2026-06-18T05:35:43,0.001,1.46
ip_shuffle,20260618T053543_958660,of:0000000000000001:2 -> of:000000000000000c:1,0.003,0.00375,0.003,0.003,2.9,2026-06-18T05:35:43,0.003,3.0
ip_shuffle,20260618T053543_958660,of:0000000000000003:2 -> of:0000000000000008:3,0.002,0.0025,0.002,0.002,1.73,2026-06-18T05:35:43,0.001,1.6
ip_shuffle,20260618T053642_539225,of:0000000000000005:1 -> of:000000000000000c:5,0.001,0.00125,0.001,0.001,1.2,2026-06-18T05:36:42,0.001,1.33
ip_shuffle,20260618T053642_539225,of:000000000000000a:1 -> of:000000000000000d:6,0.001,0.00125,0.001,0.001,1.33,2026-06-18T05:36:42,0.001,1.33
ip_shuffle,20260618T053642_539225,of:000000000000000b:2 -> of:000000000000000c:2,0.001,0.00125,0.001,0.001,1.33,2026-06-18T05:36:42,0.001,1.33
ip_shuffle,20260618T053642_539225,of:0000000000000004:2 -> of:0000000000000009:2,0.001,0.00125,0.001,0.001,1.27,2026-06-18T05:36:42,0.001,1.33
ip_shuffle,20260618T053642_539225,of:0000000000000005:2 -> of:0000000000000009:3,0.001,0.00125,0.001,0.001,1.27,2026-06-18T05:36:42,0.001,1.33
ip_shuffle,20260618T053642_539225,of:000000000000000b:3 -> of:000000000000000d:2,0.001,0.00125,0.001,0.001,1.33,2026-06-18T05:36:42,0.001,1.33
ip_shuffle,20260618T053642_539225,of:0000000000000004:1 -> of:000000000000000c:4,0.001,0.00125,0.001,0.001,1.2,2026-06-18T05:36:42,0.001,1.33
ip_shuffle,20260618T053642_539225,of:000000000000000c:3 -> of:000000000000000d:3,0.001,0.00125,0.001,0.001,1.33,2026-06-18T05:36:42,0.001,1.33
ip_shuffle,20260618T053642_539225,of:0000000000000001:1 -> of:000000000000000b:1,0.002,0.0025,0.002,0.001,1.37,2026-06-18T05:36:42,0.002,1.5
ip_shuffle,20260618T053642_539225,of:0000000000000006:1 -> of:000000000000000d:4,0.002,0.0025,0.002,0.001,1.27,2026-06-18T05:36:42,0.002,1.37
ip_shuffle,20260618T053642_539225,of:0000000000000002:1 -> of:000000000000000b:4,0.002,0.0025,0.002,0.001,1.37,2026-06-18T05:36:42,0.002,1.43
ip_shuffle,20260618T053642_539225,of:0000000000000001:3 -> of:000000000000000d:1,0.002,0.0025,0.002,0.002,1.43,2026-06-18T05:36:42,0.002,1.43
ip_shuffle,20260618T053642_539225,of:0000000000000006:2 -> of:000000000000000a:2,0.001,0.00125,0.001,0.001,1.33,2026-06-18T05:36:42,0.001,1.33
ip_shuffle,20260618T053642_539225,of:0000000000000003:1 -> of:000000000000000b:5,0.001,0.00125,0.001,0.001,1.27,2026-06-18T05:36:42,0.001,1.33
ip_shuffle,20260618T053642_539225,of:0000000000000007:1 -> of:000000000000000d:5,0.002,0.0025,0.002,0.002,1.4,2026-06-18T05:36:42,0.002,1.4
ip_shuffle,20260618T053642_539225,of:0000000000000007:2 -> of:000000000000000a:3,0.001,0.00125,0.001,0.001,1.33,2026-06-18T05:36:42,0.001,1.33
ip_shuffle,20260618T053642_539225,of:0000000000000002:2 -> of:0000000000000008:2,0.001,0.00125,0.001,0.001,1.2,2026-06-18T05:36:42,0.001,1.33
ip_shuffle,20260618T053642_539225,of:0000000000000008:1 -> of:000000000000000b:6,0.001,0.00125,0.001,0.001,1.33,2026-06-18T05:36:42,0.001,1.33
ip_shuffle,20260618T053642_539225,of:0000000000000009:1 -> of:000000000000000c:6,0.001,0.00125,0.001,0.001,1.33,2026-06-18T05:36:42,0.001,1.33
ip_shuffle,20260618T053642_539225,of:0000000000000001:2 -> of:000000000000000c:1,0.001,0.00125,0.001,0.001,1.27,2026-06-18T05:36:42,0.001,1.33
ip_shuffle,20260618T053642_539225,of:0000000000000003:2 -> of:0000000000000008:3,0.001,0.00125,0.001,0.001,1.2,2026-06-18T05:36:42,0.001,1.33
route_mutation,20260618T053740_107728,of:0000000000000005:1 -> of:000000000000000c:5,0.002,0.0025,0.002,0.002,2.63,2026-06-18T05:37:40,0.002,2.53
route_mutation,20260618T053740_107728,of:000000000000000a:1 -> of:000000000000000d:6,0.002,0.0025,0.002,0.002,1.76,2026-06-18T05:37:40,0.002,1.8
route_mutation,20260618T053740_107728,of:000000000000000b:2 -> of:000000000000000c:2,0.002,0.0025,0.002,0.002,2.3,2026-06-18T05:37:40,0.002,2.3
route_mutation,20260618T053740_107728,of:0000000000000004:2 -> of:0000000000000009:2,0.002,0.0025,0.002,0.002,2.33,2026-06-18T05:37:40,0.002,2.26
route_mutation,20260618T053740_107728,of:0000000000000005:2 -> of:0000000000000009:3,0.002,0.0025,0.002,0.002,2.33,2026-06-18T05:37:40,0.002,2.26
route_mutation,20260618T053740_107728,of:000000000000000b:3 -> of:000000000000000d:2,0.002,0.0025,0.002,0.002,2.3,2026-06-18T05:37:40,0.002,2.3
route_mutation,20260618T053740_107728,of:0000000000000004:1 -> of:000000000000000c:4,0.002,0.0025,0.002,0.002,2.23,2026-06-18T05:37:40,0.002,2.13
route_mutation,20260618T053740_107728,of:000000000000000c:3 -> of:000000000000000d:3,0.002,0.0025,0.002,0.002,2.26,2026-06-18T05:37:40,0.002,2.26
route_mutation,20260618T053740_107728,of:0000000000000001:1 -> of:000000000000000b:1,0.002,0.0025,0.002,0.002,1.83,2026-06-18T05:37:40,0.002,1.76
route_mutation,20260618T053740_107728,of:0000000000000006:1 -> of:000000000000000d:4,0.002,0.0025,0.002,0.002,2.93,2026-06-18T05:37:40,0.002,2.83
route_mutation,20260618T053740_107728,of:0000000000000002:1 -> of:000000000000000b:4,0.002,0.0025,0.002,0.002,1.83,2026-06-18T05:37:40,0.002,1.76
route_mutation,20260618T053740_107728,of:0000000000000001:3 -> of:000000000000000d:1,0.003,0.00375,0.003,0.003,3.36,2026-06-18T05:37:40,0.003,3.3
route_mutation,20260618T053740_107728,of:0000000000000006:2 -> of:000000000000000a:2,0.002,0.0025,0.002,0.002,2.26,2026-06-18T05:37:40,0.002,2.26
route_mutation,20260618T053740_107728,of:0000000000000003:1 -> of:000000000000000b:5,0.002,0.0025,0.002,0.002,1.83,2026-06-18T05:37:40,0.002,1.76
route_mutation,20260618T053740_107728,of:0000000000000007:1 -> of:000000000000000d:5,0.002,0.0025,0.002,0.002,2.3,2026-06-18T05:37:40,0.002,2.3
route_mutation,20260618T053740_107728,of:0000000000000007:2 -> of:000000000000000a:3,0.002,0.0025,0.002,0.002,2.26,2026-06-18T05:37:40,0.002,2.33
route_mutation,20260618T053740_107728,of:0000000000000002:2 -> of:0000000000000008:2,0.002,0.0025,0.002,0.002,2.33,2026-06-18T05:37:40,0.002,2.26
route_mutation,20260618T053740_107728,of:0000000000000008:1 -> of:000000000000000b:6,0.002,0.0025,0.002,0.002,1.83,2026-06-18T05:37:40,0.002,1.83
route_mutation,20260618T053740_107728,of:0000000000000009:1 -> of:000000000000000c:6,0.002,0.0025,0.002,0.002,1.76,2026-06-18T05:37:40,0.002,1.8
route_mutation,20260618T053740_107728,of:0000000000000001:2 -> of:000000000000000c:1,0.003,0.00375,0.003,0.003,3.13,2026-06-18T05:37:40,0.002,2.96
route_mutation,20260618T053740_107728,of:0000000000000003:2 -> of:0000000000000008:3,0.002,0.0025,0.002,0.002,2.33,2026-06-18T05:37:40,0.002,2.26
route_mutation,20260618T053810_352887,of:0000000000000005:1 -> of:000000000000000c:5,0.002,0.0025,0.002,0.001,1.4,2026-06-18T05:38:10,0.002,1.5
route_mutation,20260618T053810_352887,of:000000000000000a:1 -> of:000000000000000d:6,0.002,0.0025,0.002,0.002,1.53,2026-06-18T05:38:10,0.002,1.5
route_mutation,20260618T053810_352887,of:000000000000000b:2 -> of:000000000000000c:2,0.002,0.0025,0.002,0.002,1.7,2026-06-18T05:38:10,0.002,1.7
route_mutation,20260618T053810_352887,of:0000000000000004:2 -> of:0000000000000009:2,0.002,0.0025,0.002,0.001,1.6,2026-06-18T05:38:10,0.002,1.73
route_mutation,20260618T053810_352887,of:0000000000000005:2 -> of:0000000000000009:3,0.002,0.0025,0.002,0.001,1.6,2026-06-18T05:38:10,0.002,1.73
route_mutation,20260618T053810_352887,of:000000000000000b:3 -> of:000000000000000d:2,0.002,0.0025,0.002,0.002,1.7,2026-06-18T05:38:10,0.002,1.7
route_mutation,20260618T053810_352887,of:0000000000000004:1 -> of:000000000000000c:4,0.002,0.0025,0.002,0.001,1.4,2026-06-18T05:38:10,0.002,1.5
route_mutation,20260618T053810_352887,of:000000000000000c:3 -> of:000000000000000d:3,0.002,0.0025,0.002,0.002,1.66,2026-06-18T05:38:10,0.002,1.66
route_mutation,20260618T053810_352887,of:0000000000000001:1 -> of:000000000000000b:1,0.002,0.0025,0.002,0.001,1.46,2026-06-18T05:38:10,0.002,1.53
route_mutation,20260618T053810_352887,of:0000000000000006:1 -> of:000000000000000d:4,0.002,0.0025,0.002,0.001,1.46,2026-06-18T05:38:10,0.002,1.5
route_mutation,20260618T053810_352887,of:0000000000000002:1 -> of:000000000000000b:4,0.002,0.0025,0.002,0.001,1.46,2026-06-18T05:38:10,0.002,1.53
route_mutation,20260618T053810_352887,of:0000000000000001:3 -> of:000000000000000d:1,0.002,0.0025,0.002,0.002,2.26,2026-06-18T05:38:10,0.002,2.26
route_mutation,20260618T053810_352887,of:0000000000000006:2 -> of:000000000000000a:2,0.002,0.0025,0.002,0.002,1.73,2026-06-18T05:38:10,0.002,1.73
route_mutation,20260618T053810_352887,of:0000000000000003:1 -> of:000000000000000b:5,0.002,0.0025,0.002,0.001,1.4,2026-06-18T05:38:10,0.002,1.53
route_mutation,20260618T053810_352887,of:0000000000000007:1 -> of:000000000000000d:5,0.002,0.0025,0.002,0.002,2.2,2026-06-18T05:38:10,0.002,2.2
route_mutation,20260618T053810_352887,of:0000000000000007:2 -> of:000000000000000a:3,0.002,0.0025,0.002,0.002,1.73,2026-06-18T05:38:10,0.002,1.73
route_mutation,20260618T053810_352887,of:0000000000000002:2 -> of:0000000000000008:2,0.002,0.0025,0.002,0.001,1.6,2026-06-18T05:38:10,0.002,1.73
route_mutation,20260618T053810_352887,of:0000000000000008:1 -> of:000000000000000b:6,0.002,0.0025,0.002,0.002,1.53,2026-06-18T05:38:10,0.002,1.53
route_mutation,20260618T053810_352887,of:0000000000000009:1 -> of:000000000000000c:6,0.002,0.0025,0.002,0.002,1.53,2026-06-18T05:38:10,0.002,1.5
route_mutation,20260618T053810_352887,of:0000000000000001:2 -> of:000000000000000c:1,0.002,0.0025,0.002,0.001,1.43,2026-06-18T05:38:10,0.002,1.53
route_mutation,20260618T053810_352887,of:0000000000000003:2 -> of:0000000000000008:3,0.002,0.0025,0.002,0.001,1.6,2026-06-18T05:38:10,0.002,1.73
route_mutation,20260618T053840_613521,of:0000000000000005:1 -> of:000000000000000c:5,0.002,0.0025,0.002,0.002,1.53,2026-06-18T05:38:40,0.002,1.53
route_mutation,20260618T053840_613521,of:000000000000000a:1 -> of:000000000000000d:6,0.001,0.00125,0.001,0.001,1.46,2026-06-18T05:38:40,0.001,1.46
route_mutation,20260618T053840_613521,of:000000000000000b:2 -> of:000000000000000c:2,0.002,0.0025,0.002,0.002,1.66,2026-06-18T05:38:40,0.002,1.66
route_mutation,20260618T053840_613521,of:0000000000000004:2 -> of:0000000000000009:2,0.002,0.0025,0.002,0.002,1.73,2026-06-18T05:38:40,0.002,1.66
route_mutation,20260618T053840_613521,of:0000000000000005:2 -> of:0000000000000009:3,0.002,0.0025,0.002,0.002,1.73,2026-06-18T05:38:40,0.002,1.66
route_mutation,20260618T053840_613521,of:000000000000000b:3 -> of:000000000000000d:2,0.002,0.0025,0.002,0.002,1.66,2026-06-18T05:38:40,0.002,1.66
route_mutation,20260618T053840_613521,of:0000000000000004:1 -> of:000000000000000c:4,0.002,0.0025,0.002,0.002,1.8,2026-06-18T05:38:40,0.002,1.8
route_mutation,20260618T053840_613521,of:000000000000000c:3 -> of:000000000000000d:3,0.002,0.0025,0.002,0.002,1.73,2026-06-18T05:38:40,0.002,1.73
route_mutation,20260618T053840_613521,of:0000000000000001:1 -> of:000000000000000b:1,0.003,0.00375,0.003,0.003,3.53,2026-06-18T05:38:40,0.003,3.53
route_mutation,20260618T053840_613521,of:0000000000000006:1 -> of:000000000000000d:4,0.002,0.0025,0.002,0.001,1.46,2026-06-18T05:38:40,0.002,1.53
route_mutation,20260618T053840_613521,of:0000000000000002:1 -> of:000000000000000b:4,0.002,0.0025,0.002,0.002,2.5,2026-06-18T05:38:40,0.002,2.5
route_mutation,20260618T053840_613521,of:0000000000000001:3 -> of:000000000000000d:1,0.002,0.0025,0.002,0.001,1.46,2026-06-18T05:38:40,0.002,1.53
route_mutation,20260618T053840_613521,of:0000000000000006:2 -> of:000000000000000a:2,0.002,0.0025,0.002,0.002,1.66,2026-06-18T05:38:40,0.002,1.66
route_mutation,20260618T053840_613521,of:0000000000000003:1 -> of:000000000000000b:5,0.002,0.0025,0.002,0.002,2.56,2026-06-18T05:38:40,0.002,2.5
route_mutation,20260618T053840_613521,of:0000000000000007:1 -> of:000000000000000d:5,0.002,0.0025,0.002,0.001,1.46,2026-06-18T05:38:40,0.002,1.53
route_mutation,20260618T053840_613521,of:0000000000000007:2 -> of:000000000000000a:3,0.002,0.0025,0.002,0.002,1.66,2026-06-18T05:38:40,0.002,1.66
route_mutation,20260618T053840_613521,of:0000000000000002:2 -> of:0000000000000008:2,0.002,0.0025,0.002,0.002,1.73,2026-06-18T05:38:40,0.002,1.66
route_mutation,20260618T053840_613521,of:0000000000000008:1 -> of:000000000000000b:6,0.001,0.00125,0.001,0.001,1.4,2026-06-18T05:38:40,0.001,1.4
route_mutation,20260618T053840_613521,of:0000000000000009:1 -> of:000000000000000c:6,0.001,0.00125,0.001,0.001,1.46,2026-06-18T05:38:40,0.001,1.46
route_mutation,20260618T053840_613521,of:0000000000000001:2 -> of:000000000000000c:1,0.002,0.0025,0.002,0.002,1.66,2026-06-18T05:38:40,0.002,1.73
route_mutation,20260618T053840_613521,of:0000000000000003:2 -> of:0000000000000008:3,0.002,0.0025,0.002,0.002,1.73,2026-06-18T05:38:40,0.002,1.66
ip_shuffle,20260618T053910_867607,of:0000000000000005:1 -> of:000000000000000c:5,0.002,0.0025,0.002,0.002,2.63,2026-06-18T05:39:10,0.002,2.5
ip_shuffle,20260618T053910_867607,of:000000000000000a:1 -> of:000000000000000d:6,0.002,0.0025,0.002,0.002,1.76,2026-06-18T05:39:10,0.002,1.76
ip_shuffle,20260618T053910_867607,of:000000000000000b:2 -> of:000000000000000c:2,0.002,0.0025,0.002,0.002,2.26,2026-06-18T05:39:10,0.002,2.26
ip_shuffle,20260618T053910_867607,of:0000000000000004:2 -> of:0000000000000009:2,0.002,0.0025,0.002,0.002,2.3,2026-06-18T05:39:10,0.002,2.23
ip_shuffle,20260618T053910_867607,of:0000000000000005:2 -> of:0000000000000009:3,0.002,0.0025,0.002,0.002,2.33,2026-06-18T05:39:10,0.002,2.26
ip_shuffle,20260618T053910_867607,of:000000000000000b:3 -> of:000000000000000d:2,0.002,0.0025,0.002,0.002,2.26,2026-06-18T05:39:10,0.002,2.26
ip_shuffle,20260618T053910_867607,of:0000000000000004:1 -> of:000000000000000c:4,0.002,0.0025,0.002,0.002,2.33,2026-06-18T05:39:10,0.002,2.23
ip_shuffle,20260618T053910_867607,of:000000000000000c:3 -> of:000000000000000d:3,0.002,0.0025,0.002,0.002,2.2,2026-06-18T05:39:10,0.002,2.2
ip_shuffle,20260618T053910_867607,of:0000000000000001:1 -> of:000000000000000b:1,0.002,0.0025,0.002,0.002,1.83,2026-06-18T05:39:10,0.002,1.73
ip_shuffle,20260618T053910_867607,of:0000000000000006:1 -> of:000000000000000d:4,0.002,0.0025,0.002,0.002,2.93,2026-06-18T05:39:10,0.002,2.8
ip_shuffle,20260618T053910_867607,of:0000000000000002:1 -> of:000000000000000b:4,0.002,0.0025,0.002,0.002,1.8,2026-06-18T05:39:10,0.002,1.76
ip_shuffle,20260618T053910_867607,of:0000000000000001:3 -> of:000000000000000d:1,0.003,0.00375,0.003,0.003,3.23,2026-06-18T05:39:10,0.003,3.19
ip_shuffle,20260618T053910_867607,of:0000000000000006:2 -> of:000000000000000a:2,0.002,0.0025,0.002,0.002,2.26,2026-06-18T05:39:10,0.002,2.26
ip_shuffle,20260618T053910_867607,of:0000000000000003:1 -> of:000000000000000b:5,0.002,0.0025,0.002,0.002,1.8,2026-06-18T05:39:10,0.002,1.76
ip_shuffle,20260618T053910_867607,of:0000000000000007:1 -> of:000000000000000d:5,0.002,0.0025,0.002,0.002,2.23,2026-06-18T05:39:10,0.002,2.03
ip_shuffle,20260618T053910_867607,of:0000000000000007:2 -> of:000000000000000a:3,0.002,0.0025,0.002,0.002,2.26,2026-06-18T05:39:10,0.002,2.26
ip_shuffle,20260618T053910_867607,of:0000000000000002:2 -> of:0000000000000008:2,0.002,0.0025,0.002,0.002,2.3,2026-06-18T05:39:10,0.002,2.23
ip_shuffle,20260618T053910_867607,of:0000000000000008:1 -> of:000000000000000b:6,0.002,0.0025,0.002,0.002,1.83,2026-06-18T05:39:10,0.002,1.83
ip_shuffle,20260618T053910_867607,of:0000000000000009:1 -> of:000000000000000c:6,0.002,0.0025,0.002,0.002,1.76,2026-06-18T05:39:10,0.002,1.76
ip_shuffle,20260618T053910_867607,of:0000000000000001:2 -> of:000000000000000c:1,0.003,0.00375,0.003,0.003,3.23,2026-06-18T05:39:10,0.003,3.06
ip_shuffle,20260618T053910_867607,of:0000000000000003:2 -> of:0000000000000008:3,0.002,0.0025,0.002,0.002,2.3,2026-06-18T05:39:10,0.002,2.23
ip_shuffle,20260618T054008_545267,of:0000000000000005:1 -> of:000000000000000c:5,0.002,0.0025,0.002,0.001,1.46,2026-06-18T05:40:08,0.002,1.53
ip_shuffle,20260618T054008_545267,of:000000000000000a:1 -> of:000000000000000d:6,0.001,0.00125,0.001,0.001,1.46,2026-06-18T05:40:08,0.001,1.46
ip_shuffle,20260618T054008_545267,of:000000000000000b:2 -> of:000000000000000c:2,0.002,0.0025,0.002,0.002,1.73,2026-06-18T05:40:08,0.002,1.73
ip_shuffle,20260618T054008_545267,of:0000000000000004:2 -> of:0000000000000009:2,0.002,0.0025,0.002,0.002,1.73,2026-06-18T05:40:08,0.002,1.66
ip_shuffle,20260618T054008_545267,of:0000000000000005:2 -> of:0000000000000009:3,0.002,0.0025,0.002,0.002,1.66,2026-06-18T05:40:08,0.002,1.66
ip_shuffle,20260618T054008_545267,of:000000000000000b:3 -> of:000000000000000d:2,0.002,0.0025,0.002,0.002,1.73,2026-06-18T05:40:08,0.002,1.73
ip_shuffle,20260618T054008_545267,of:0000000000000004:1 -> of:000000000000000c:4,0.002,0.0025,0.002,0.002,1.66,2026-06-18T05:40:08,0.002,1.66
ip_shuffle,20260618T054008_545267,of:000000000000000c:3 -> of:000000000000000d:3,0.002,0.0025,0.002,0.002,1.73,2026-06-18T05:40:08,0.002,1.73
ip_shuffle,20260618T054008_545267,of:0000000000000001:1 -> of:000000000000000b:1,0.003,0.00375,0.003,0.003,3.49,2026-06-18T05:40:08,0.003,3.56
ip_shuffle,20260618T054008_545267,of:0000000000000006:1 -> of:000000000000000d:4,0.002,0.0025,0.002,0.001,1.46,2026-06-18T05:40:08,0.002,1.53
ip_shuffle,20260618T054008_545267,of:0000000000000002:1 -> of:000000000000000b:4,0.002,0.0025,0.002,0.002,2.5,2026-06-18T05:40:08,0.002,2.56
ip_shuffle,20260618T054008_545267,of:0000000000000001:3 -> of:000000000000000d:1,0.002,0.0025,0.002,0.001,1.46,2026-06-18T05:40:08,0.002,1.53
ip_shuffle,20260618T054008_545267,of:0000000000000006:2 -> of:000000000000000a:2,0.002,0.0025,0.002,0.002,1.66,2026-06-18T05:40:08,0.002,1.66
ip_shuffle,20260618T054008_545267,of:0000000000000003:1 -> of:000000000000000b:5,0.002,0.0025,0.002,0.002,2.53,2026-06-18T05:40:08,0.002,2.53
ip_shuffle,20260618T054008_545267,of:0000000000000007:1 -> of:000000000000000d:5,0.002,0.0025,0.002,0.001,1.46,2026-06-18T05:40:08,0.002,1.53
ip_shuffle,20260618T054008_545267,of:0000000000000007:2 -> of:000000000000000a:3,0.002,0.0025,0.002,0.002,1.66,2026-06-18T05:40:08,0.002,1.66
ip_shuffle,20260618T054008_545267,of:0000000000000002:2 -> of:0000000000000008:2,0.002,0.0025,0.002,0.002,1.73,2026-06-18T05:40:08,0.002,1.66
ip_shuffle,20260618T054008_545267,of:0000000000000008:1 -> of:000000000000000b:6,0.001,0.00125,0.001,0.001,1.46,2026-06-18T05:40:08,0.001,1.46
ip_shuffle,20260618T054008_545267,of:0000000000000009:1 -> of:000000000000000c:6,0.001,0.00125,0.001,0.001,1.46,2026-06-18T05:40:08,0.001,1.46
ip_shuffle,20260618T054008_545267,of:0000000000000001:2 -> of:000000000000000c:1,0.002,0.0025,0.002,0.002,1.56,2026-06-18T05:40:08,0.002,1.63
ip_shuffle,20260618T054008_545267,of:0000000000000003:2 -> of:0000000000000008:3,0.002,0.0025,0.002,0.002,1.73,2026-06-18T05:40:08,0.002,1.66
route_mutation,20260618T054112_631352,of:0000000000000005:1 -> of:000000000000000c:5,0.002,0.0025,0.002,0.002,1.66,2026-06-18T05:41:12,0.002,1.73
route_mutation,20260618T054112_631352,of:000000000000000a:1 -> of:000000000000000d:6,0.002,0.0025,0.002,0.002,1.73,2026-06-18T05:41:12,0.002,1.73
route_mutation,20260618T054112_631352,of:000000000000000b:2 -> of:000000000000000c:2,0.002,0.0025,0.002,0.002,2.13,2026-06-18T05:41:12,0.002,2.13
route_mutation,20260618T054112_631352,of:0000000000000004:2 -> of:0000000000000009:2,0.002,0.0025,0.002,0.002,2.0,2026-06-18T05:41:12,0.002,2.13
route_mutation,20260618T054112_631352,of:0000000000000005:2 -> of:0000000000000009:3,0.002,0.0025,0.002,0.002,2.06,2026-06-18T05:41:12,0.002,2.13
route_mutation,20260618T054112_631352,of:000000000000000b:3 -> of:000000000000000d:2,0.002,0.0025,0.002,0.002,2.13,2026-06-18T05:41:12,0.002,2.13
route_mutation,20260618T054112_631352,of:0000000000000004:1 -> of:000000000000000c:4,0.002,0.0025,0.002,0.001,1.6,2026-06-18T05:41:12,0.002,1.73
route_mutation,20260618T054112_631352,of:000000000000000c:3 -> of:000000000000000d:3,0.002,0.0025,0.002,0.002,2.13,2026-06-18T05:41:12,0.002,2.13
route_mutation,20260618T054112_631352,of:0000000000000001:1 -> of:000000000000000b:1,0.002,0.0025,0.002,0.002,1.66,2026-06-18T05:41:12,0.002,1.73
route_mutation,20260618T054112_631352,of:0000000000000006:1 -> of:000000000000000d:4,0.002,0.0025,0.002,0.002,1.66,2026-06-18T05:41:12,0.002,1.73
route_mutation,20260618T054112_631352,of:0000000000000002:1 -> of:000000000000000b:4,0.002,0.0025,0.002,0.002,1.66,2026-06-18T05:41:12,0.002,1.73
route_mutation,20260618T054112_631352,of:0000000000000001:3 -> of:000000000000000d:1,0.003,0.00375,0.003,0.003,2.96,2026-06-18T05:41:12,0.003,3.03
route_mutation,20260618T054112_631352,of:0000000000000006:2 -> of:000000000000000a:2,0.002,0.0025,0.002,0.002,2.13,2026-06-18T05:41:12,0.002,2.13
route_mutation,20260618T054112_631352,of:0000000000000003:1 -> of:000000000000000b:5,0.002,0.0025,0.002,0.001,1.6,2026-06-18T05:41:12,0.002,1.73
route_mutation,20260618T054112_631352,of:0000000000000007:1 -> of:000000000000000d:5,0.003,0.00375,0.003,0.003,2.9,2026-06-18T05:41:12,0.003,2.96
route_mutation,20260618T054112_631352,of:0000000000000007:2 -> of:000000000000000a:3,0.002,0.0025,0.002,0.002,2.13,2026-06-18T05:41:12,0.002,2.13
route_mutation,20260618T054112_631352,of:0000000000000002:2 -> of:0000000000000008:2,0.002,0.0025,0.002,0.002,2.06,2026-06-18T05:41:12,0.002,2.13
route_mutation,20260618T054112_631352,of:0000000000000008:1 -> of:000000000000000b:6,0.002,0.0025,0.002,0.002,1.73,2026-06-18T05:41:12,0.002,1.73
route_mutation,20260618T054112_631352,of:0000000000000009:1 -> of:000000000000000c:6,0.002,0.0025,0.002,0.002,1.73,2026-06-18T05:41:12,0.002,1.73
route_mutation,20260618T054112_631352,of:0000000000000001:2 -> of:000000000000000c:1,0.002,0.0025,0.002,0.002,1.66,2026-06-18T05:41:12,0.002,1.73
route_mutation,20260618T054112_631352,of:0000000000000003:2 -> of:0000000000000008:3,0.002,0.0025,0.002,0.002,2.0,2026-06-18T05:41:12,0.002,2.13
ip_shuffle,20260618T054142_848734,of:0000000000000005:1 -> of:000000000000000c:5,0.002,0.0025,0.002,0.001,1.37,2026-06-18T05:41:42,0.002,1.47
ip_shuffle,20260618T054142_848734,of:000000000000000a:1 -> of:000000000000000d:6,0.002,0.0025,0.002,0.002,1.43,2026-06-18T05:41:42,0.002,1.47
ip_shuffle,20260618T054142_848734,of:000000000000000b:2 -> of:000000000000000c:2,0.002,0.0025,0.002,0.002,1.56,2026-06-18T05:41:42,0.002,1.56
ip_shuffle,20260618T054142_848734,of:0000000000000004:2 -> of:0000000000000009:2,0.002,0.0025,0.002,0.002,1.53,2026-06-18T05:41:42,0.001,1.47
ip_shuffle,20260618T054142_848734,of:0000000000000005:2 -> of:0000000000000009:3,0.001,0.00125,0.001,0.001,1.47,2026-06-18T05:41:42,0.001,1.47
ip_shuffle,20260618T054142_848734,of:000000000000000b:3 -> of:000000000000000d:2,0.002,0.0025,0.002,0.002,1.56,2026-06-18T05:41:42,0.002,1.56
ip_shuffle,20260618T054142_848734,of:0000000000000004:1 -> of:000000000000000c:4,0.002,0.0025,0.002,0.002,1.43,2026-06-18T05:41:42,0.002,1.47
ip_shuffle,20260618T054142_848734,of:000000000000000c:3 -> of:000000000000000d:3,0.002,0.0025,0.002,0.002,1.6,2026-06-18T05:41:42,0.002,1.6
ip_shuffle,20260618T054142_848734,of:0000000000000001:1 -> of:000000000000000b:1,0.002,0.0025,0.002,0.002,2.53,2026-06-18T05:41:42,0.002,2.56
ip_shuffle,20260618T054142_848734,of:0000000000000006:1 -> of:000000000000000d:4,0.002,0.0025,0.002,0.001,1.37,2026-06-18T05:41:42,0.002,1.47
ip_shuffle,20260618T054142_848734,of:0000000000000002:1 -> of:000000000000000b:4,0.002,0.0025,0.002,0.002,2.36,2026-06-18T05:41:42,0.002,2.43
ip_shuffle,20260618T054142_848734,of:0000000000000001:3 -> of:000000000000000d:1,0.002,0.0025,0.002,0.001,1.4,2026-06-18T05:41:42,0.002,1.43
ip_shuffle,20260618T054142_848734,of:0000000000000006:2 -> of:000000000000000a:2,0.002,0.0025,0.002,0.001,1.47,2026-06-18T05:41:42,0.002,1.53
ip_shuffle,20260618T054142_848734,of:0000000000000003:1 -> of:000000000000000b:5,0.002,0.0025,0.002,0.002,1.56,2026-06-18T05:41:42,0.002,1.6
ip_shuffle,20260618T054142_848734,of:0000000000000007:1 -> of:000000000000000d:5,0.002,0.0025,0.002,0.001,1.37,2026-06-18T05:41:42,0.002,1.47
ip_shuffle,20260618T054142_848734,of:0000000000000007:2 -> of:000000000000000a:3,0.002,0.0025,0.002,0.001,1.47,2026-06-18T05:41:42,0.002,1.53
ip_shuffle,20260618T054142_848734,of:0000000000000002:2 -> of:0000000000000008:2,0.001,0.00125,0.001,0.001,1.47,2026-06-18T05:41:42,0.001,1.47
ip_shuffle,20260618T054142_848734,of:0000000000000008:1 -> of:000000000000000b:6,0.001,0.00125,0.001,0.001,1.37,2026-06-18T05:41:42,0.001,1.37
ip_shuffle,20260618T054142_848734,of:0000000000000009:1 -> of:000000000000000c:6,0.001,0.00125,0.001,0.001,1.37,2026-06-18T05:41:42,0.001,1.4
ip_shuffle,20260618T054142_848734,of:0000000000000001:2 -> of:000000000000000c:1,0.002,0.0025,0.002,0.001,1.4,2026-06-18T05:41:42,0.002,1.43
ip_shuffle,20260618T054142_848734,of:0000000000000003:2 -> of:0000000000000008:3,0.002,0.0025,0.002,0.002,1.53,2026-06-18T05:41:42,0.001,1.47
route_mutation,20260618T054246_884532,of:0000000000000005:1 -> of:000000000000000c:5,0.002,0.0025,0.002,0.002,1.8,2026-06-18T05:42:46,0.002,1.83
route_mutation,20260618T054246_884532,of:000000000000000a:1 -> of:000000000000000d:6,0.002,0.0025,0.002,0.002,1.83,2026-06-18T05:42:46,0.002,1.83
route_mutation,20260618T054246_884532,of:000000000000000b:2 -> of:000000000000000c:2,0.002,0.0025,0.002,0.002,2.33,2026-06-18T05:42:46,0.002,2.33
route_mutation,20260618T054246_884532,of:0000000000000004:2 -> of:0000000000000009:2,0.002,0.0025,0.002,0.002,2.43,2026-06-18T05:42:46,0.002,2.49
route_mutation,20260618T054246_884532,of:0000000000000005:2 -> of:0000000000000009:3,0.002,0.0025,0.002,0.002,2.33,2026-06-18T05:42:46,0.002,2.39
route_mutation,20260618T054246_884532,of:000000000000000b:3 -> of:000000000000000d:2,0.002,0.0025,0.002,0.002,2.33,2026-06-18T05:42:46,0.002,2.33
route_mutation,20260618T054246_884532,of:0000000000000004:1 -> of:000000000000000c:4,0.002,0.0025,0.002,0.002,1.86,2026-06-18T05:42:46,0.002,1.83
route_mutation,20260618T054246_884532,of:000000000000000c:3 -> of:000000000000000d:3,0.002,0.0025,0.002,0.002,2.33,2026-06-18T05:42:46,0.002,2.33
route_mutation,20260618T054246_884532,of:0000000000000001:1 -> of:000000000000000b:1,0.002,0.0025,0.002,0.002,1.76,2026-06-18T05:42:46,0.002,1.96
route_mutation,20260618T054246_884532,of:0000000000000006:1 -> of:000000000000000d:4,0.002,0.0025,0.002,0.002,2.56,2026-06-18T05:42:46,0.002,2.66
route_mutation,20260618T054246_884532,of:0000000000000002:1 -> of:000000000000000b:4,0.002,0.0025,0.002,0.002,1.9,2026-06-18T05:42:46,0.002,1.83
route_mutation,20260618T054246_884532,of:0000000000000001:3 -> of:000000000000000d:1,0.003,0.00375,0.003,0.003,3.99,2026-06-18T05:42:46,0.003,3.96
route_mutation,20260618T054246_884532,of:0000000000000006:2 -> of:000000000000000a:2,0.002,0.0025,0.002,0.002,2.36,2026-06-18T05:42:46,0.002,2.36
route_mutation,20260618T054246_884532,of:0000000000000003:1 -> of:000000000000000b:5,0.002,0.0025,0.002,0.002,1.83,2026-06-18T05:42:46,0.002,1.83
route_mutation,20260618T054246_884532,of:0000000000000007:1 -> of:000000000000000d:5,0.003,0.00375,0.003,0.002,2.99,2026-06-18T05:42:46,0.003,3.03
route_mutation,20260618T054246_884532,of:0000000000000007:2 -> of:000000000000000a:3,0.002,0.0025,0.002,0.002,2.36,2026-06-18T05:42:46,0.002,2.36
route_mutation,20260618T054246_884532,of:0000000000000002:2 -> of:0000000000000008:2,0.002,0.0025,0.002,0.002,2.43,2026-06-18T05:42:46,0.002,2.49
route_mutation,20260618T054246_884532,of:0000000000000008:1 -> of:000000000000000b:6,0.002,0.0025,0.002,0.002,1.86,2026-06-18T05:42:46,0.002,1.83
route_mutation,20260618T054246_884532,of:0000000000000009:1 -> of:000000000000000c:6,0.002,0.0025,0.002,0.002,1.86,2026-06-18T05:42:46,0.002,1.83
route_mutation,20260618T054246_884532,of:0000000000000001:2 -> of:000000000000000c:1,0.002,0.0025,0.002,0.002,1.76,2026-06-18T05:42:46,0.002,1.96
route_mutation,20260618T054246_884532,of:0000000000000003:2 -> of:0000000000000008:3,0.002,0.0025,0.002,0.002,2.36,2026-06-18T05:42:46,0.002,2.49
route_mutation,20260618T054317_147607,of:0000000000000005:1 -> of:000000000000000c:5,0.002,0.0025,0.002,0.001,1.37,2026-06-18T05:43:17,0.002,1.43
route_mutation,20260618T054317_147607,of:000000000000000a:1 -> of:000000000000000d:6,0.002,0.0025,0.002,0.002,1.43,2026-06-18T05:43:17,0.002,1.43
route_mutation,20260618T054317_147607,of:000000000000000b:2 -> of:000000000000000c:2,0.002,0.0025,0.002,0.002,1.53,2026-06-18T05:43:17,0.002,1.53
route_mutation,20260618T054317_147607,of:0000000000000004:2 -> of:0000000000000009:2,0.002,0.0025,0.002,0.001,1.47,2026-06-18T05:43:17,0.002,1.53
route_mutation,20260618T054317_147607,of:0000000000000005:2 -> of:0000000000000009:3,0.002,0.0025,0.002,0.001,1.47,2026-06-18T05:43:17,0.002,1.53
route_mutation,20260618T054317_147607,of:000000000000000b:3 -> of:000000000000000d:2,0.002,0.0025,0.002,0.002,1.53,2026-06-18T05:43:17,0.002,1.53
route_mutation,20260618T054317_147607,of:0000000000000004:1 -> of:000000000000000c:4,0.002,0.0025,0.002,0.001,1.37,2026-06-18T05:43:17,0.002,1.43
route_mutation,20260618T054317_147607,of:000000000000000c:3 -> of:000000000000000d:3,0.002,0.0025,0.002,0.002,1.53,2026-06-18T05:43:17,0.002,1.53
route_mutation,20260618T054317_147607,of:0000000000000001:1 -> of:000000000000000b:1,0.002,0.0025,0.002,0.002,2.36,2026-06-18T05:43:17,0.002,2.4
route_mutation,20260618T054317_147607,of:0000000000000006:1 -> of:000000000000000d:4,0.002,0.0025,0.002,0.001,1.37,2026-06-18T05:43:17,0.002,1.43
route_mutation,20260618T054317_147607,of:0000000000000002:1 -> of:000000000000000b:4,0.002,0.0025,0.002,0.002,2.3,2026-06-18T05:43:17,0.002,2.36
route_mutation,20260618T054317_147607,of:0000000000000001:3 -> of:000000000000000d:1,0.002,0.0025,0.002,0.001,1.37,2026-06-18T05:43:17,0.002,1.43
route_mutation,20260618T054317_147607,of:0000000000000006:2 -> of:000000000000000a:2,0.002,0.0025,0.002,0.001,1.47,2026-06-18T05:43:17,0.002,1.53
route_mutation,20260618T054317_147607,of:0000000000000003:1 -> of:000000000000000b:5,0.002,0.0025,0.002,0.002,1.47,2026-06-18T05:43:17,0.002,1.5
route_mutation,20260618T054317_147607,of:0000000000000007:1 -> of:000000000000000d:5,0.002,0.0025,0.002,0.001,1.37,2026-06-18T05:43:17,0.002,1.43
route_mutation,20260618T054317_147607,of:0000000000000007:2 -> of:000000000000000a:3,0.002,0.0025,0.002,0.001,1.47,2026-06-18T05:43:17,0.002,1.53
route_mutation,20260618T054317_147607,of:0000000000000002:2 -> of:0000000000000008:2,0.002,0.0025,0.002,0.001,1.47,2026-06-18T05:43:17,0.002,1.53
route_mutation,20260618T054317_147607,of:0000000000000008:1 -> of:000000000000000b:6,0.002,0.0025,0.002,0.002,1.43,2026-06-18T05:43:17,0.002,1.43
route_mutation,20260618T054317_147607,of:0000000000000009:1 -> of:000000000000000c:6,0.002,0.0025,0.002,0.002,1.43,2026-06-18T05:43:17,0.002,1.43
route_mutation,20260618T054317_147607,of:0000000000000001:2 -> of:000000000000000c:1,0.002,0.0025,0.002,0.001,1.37,2026-06-18T05:43:17,0.002,1.43
route_mutation,20260618T054317_147607,of:0000000000000003:2 -> of:0000000000000008:3,0.002,0.0025,0.002,0.002,1.53,2026-06-18T05:43:17,0.002,1.53
route_mutation,20260618T054347_378377,of:0000000000000005:1 -> of:000000000000000c:5,0.002,0.0025,0.002,0.002,2.33,2026-06-18T05:43:47,0.002,2.23
route_mutation,20260618T054347_378377,of:000000000000000a:1 -> of:000000000000000d:6,0.001,0.00125,0.001,0.001,1.43,2026-06-18T05:43:47,0.001,1.43
route_mutation,20260618T054347_378377,of:000000000000000b:2 -> of:000000000000000c:2,0.001,0.00125,0.001,0.001,1.66,2026-06-18T05:43:47,0.001,1.66
route_mutation,20260618T054347_378377,of:0000000000000004:2 -> of:0000000000000009:2,0.002,0.0025,0.002,0.002,1.76,2026-06-18T05:43:47,0.001,1.63
route_mutation,20260618T054347_378377,of:0000000000000005:2 -> of:0000000000000009:3,0.002,0.0025,0.002,0.002,1.76,2026-06-18T05:43:47,0.001,1.63
route_mutation,20260618T054347_378377,of:000000000000000b:3 -> of:000000000000000d:2,0.001,0.00125,0.001,0.001,1.66,2026-06-18T05:43:47,0.001,1.66
route_mutation,20260618T054347_378377,of:0000000000000004:1 -> of:000000000000000c:4,0.002,0.0025,0.002,0.002,2.33,2026-06-18T05:43:47,0.002,2.23
route_mutation,20260618T054347_378377,of:000000000000000c:3 -> of:000000000000000d:3,0.001,0.00125,0.001,0.001,1.66,2026-06-18T05:43:47,0.001,1.66
route_mutation,20260618T054347_378377,of:0000000000000001:1 -> of:000000000000000b:1,0.002,0.0025,0.002,0.002,2.63,2026-06-18T05:43:47,0.002,2.5
route_mutation,20260618T054347_378377,of:0000000000000006:1 -> of:000000000000000d:4,0.002,0.0025,0.002,0.002,2.16,2026-06-18T05:43:47,0.002,2.0
route_mutation,20260618T054347_378377,of:0000000000000002:1 -> of:000000000000000b:4,0.002,0.0025,0.002,0.002,1.63,2026-06-18T05:43:47,0.001,1.53
route_mutation,20260618T054347_378377,of:0000000000000001:3 -> of:000000000000000d:1,0.002,0.0025,0.002,0.002,2.13,2026-06-18T05:43:47,0.002,1.96
route_mutation,20260618T054347_378377,of:0000000000000006:2 -> of:000000000000000a:2,0.002,0.0025,0.002,0.002,1.7,2026-06-18T05:43:47,0.001,1.63
route_mutation,20260618T054347_378377,of:0000000000000003:1 -> of:000000000000000b:5,0.002,0.0025,0.002,0.002,2.53,2026-06-18T05:43:47,0.002,2.4
route_mutation,20260618T054347_378377,of:0000000000000007:1 -> of:000000000000000d:5,0.002,0.0025,0.002,0.002,1.56,2026-06-18T05:43:47,0.001,1.43
route_mutation,20260618T054347_378377,of:0000000000000007:2 -> of:000000000000000a:3,0.002,0.0025,0.002,0.002,1.73,2026-06-18T05:43:47,0.001,1.66
route_mutation,20260618T054347_378377,of:0000000000000002:2 -> of:0000000000000008:2,0.002,0.0025,0.002,0.002,1.76,2026-06-18T05:43:47,0.001,1.63
route_mutation,20260618T054347_378377,of:0000000000000008:1 -> of:000000000000000b:6,0.001,0.00125,0.001,0.001,1.43,2026-06-18T05:43:47,0.001,1.43
route_mutation,20260618T054347_378377,of:0000000000000009:1 -> of:000000000000000c:6,0.001,0.00125,0.001,0.001,1.43,2026-06-18T05:43:47,0.001,1.43
route_mutation,20260618T054347_378377,of:0000000000000001:2 -> of:000000000000000c:1,0.003,0.00375,0.003,0.003,3.16,2026-06-18T05:43:47,0.003,3.0
route_mutation,20260618T054347_378377,of:0000000000000003:2 -> of:0000000000000008:3,0.002,0.0025,0.002,0.002,1.76,2026-06-18T05:43:47,0.001,1.63
route_mutation,20260618T054417_621371,of:0000000000000005:1 -> of:000000000000000c:5,0.002,0.0025,0.002,0.002,1.86,2026-06-18T05:44:17,0.002,1.9
route_mutation,20260618T054417_621371,of:000000000000000a:1 -> of:000000000000000d:6,0.002,0.0025,0.002,0.002,1.9,2026-06-18T05:44:17,0.002,1.9
route_mutation,20260618T054417_621371,of:000000000000000b:2 -> of:000000000000000c:2,0.002,0.0025,0.002,0.002,2.46,2026-06-18T05:44:17,0.002,2.46
route_mutation,20260618T054417_621371,of:0000000000000004:2 -> of:0000000000000009:2,0.002,0.0025,0.002,0.002,2.43,2026-06-18T05:44:17,0.002,2.5
route_mutation,20260618T054417_621371,of:0000000000000005:2 -> of:0000000000000009:3,0.002,0.0025,0.002,0.002,2.43,2026-06-18T05:44:17,0.002,2.5
route_mutation,20260618T054417_621371,of:000000000000000b:3 -> of:000000000000000d:2,0.002,0.0025,0.002,0.002,2.46,2026-06-18T05:44:17,0.002,2.46
route_mutation,20260618T054417_621371,of:0000000000000004:1 -> of:000000000000000c:4,0.002,0.0025,0.002,0.002,1.86,2026-06-18T05:44:17,0.002,1.9
route_mutation,20260618T054417_621371,of:000000000000000c:3 -> of:000000000000000d:3,0.002,0.0025,0.002,0.002,2.46,2026-06-18T05:44:17,0.002,2.46
route_mutation,20260618T054417_621371,of:0000000000000001:1 -> of:000000000000000b:1,0.002,0.0025,0.002,0.002,1.83,2026-06-18T05:44:17,0.002,1.93
route_mutation,20260618T054417_621371,of:0000000000000006:1 -> of:000000000000000d:4,0.002,0.0025,0.002,0.002,2.33,2026-06-18T05:44:17,0.002,2.43
route_mutation,20260618T054417_621371,of:0000000000000002:1 -> of:000000000000000b:4,0.002,0.0025,0.002,0.002,1.86,2026-06-18T05:44:17,0.002,1.9
route_mutation,20260618T054417_621371,of:0000000000000001:3 -> of:000000000000000d:1,0.003,0.00375,0.003,0.003,3.56,2026-06-18T05:44:17,0.003,3.66
route_mutation,20260618T054417_621371,of:0000000000000006:2 -> of:000000000000000a:2,0.002,0.0025,0.002,0.002,2.5,2026-06-18T05:44:17,0.002,2.5
route_mutation,20260618T054417_621371,of:0000000000000003:1 -> of:000000000000000b:5,0.002,0.0025,0.002,0.002,1.8,2026-06-18T05:44:17,0.002,1.9
route_mutation,20260618T054417_621371,of:0000000000000007:1 -> of:000000000000000d:5,0.003,0.00375,0.003,0.003,3.03,2026-06-18T05:44:17,0.003,3.1
route_mutation,20260618T054417_621371,of:0000000000000007:2 -> of:000000000000000a:3,0.002,0.0025,0.002,0.002,2.46,2026-06-18T05:44:17,0.002,2.46
route_mutation,20260618T054417_621371,of:0000000000000002:2 -> of:0000000000000008:2,0.002,0.0025,0.002,0.002,2.43,2026-06-18T05:44:17,0.002,2.5
route_mutation,20260618T054417_621371,of:0000000000000008:1 -> of:000000000000000b:6,0.002,0.0025,0.002,0.002,1.9,2026-06-18T05:44:17,0.002,1.9
route_mutation,20260618T054417_621371,of:0000000000000009:1 -> of:000000000000000c:6,0.002,0.0025,0.002,0.002,1.9,2026-06-18T05:44:17,0.002,1.9
route_mutation,20260618T054417_621371,of:0000000000000001:2 -> of:000000000000000c:1,0.002,0.0025,0.002,0.002,1.83,2026-06-18T05:44:17,0.002,1.93
route_mutation,20260618T054417_621371,of:0000000000000003:2 -> of:0000000000000008:3,0.002,0.0025,0.002,0.002,2.36,2026-06-18T05:44:17,0.002,2.5
route_mutation,20260618T054447_866161,of:0000000000000005:1 -> of:000000000000000c:5,0.002,0.0025,0.002,0.001,1.36,2026-06-18T05:44:47,0.002,1.43
route_mutation,20260618T054447_866161,of:000000000000000a:1 -> of:000000000000000d:6,0.002,0.0025,0.002,0.002,1.43,2026-06-18T05:44:47,0.002,1.43
route_mutation,20260618T054447_866161,of:000000000000000b:2 -> of:000000000000000c:2,0.002,0.0025,0.002,0.002,1.53,2026-06-18T05:44:47,0.002,1.53
route_mutation,20260618T054447_866161,of:0000000000000004:2 -> of:0000000000000009:2,0.002,0.0025,0.002,0.001,1.46,2026-06-18T05:44:47,0.002,1.53
route_mutation,20260618T054447_866161,of:0000000000000005:2 -> of:0000000000000009:3,0.002,0.0025,0.002,0.001,1.46,2026-06-18T05:44:47,0.002,1.53
route_mutation,20260618T054447_866161,of:000000000000000b:3 -> of:000000000000000d:2,0.002,0.0025,0.002,0.002,1.53,2026-06-18T05:44:47,0.002,1.53
route_mutation,20260618T054447_866161,of:0000000000000004:1 -> of:000000000000000c:4,0.002,0.0025,0.002,0.001,1.36,2026-06-18T05:44:47,0.002,1.43
route_mutation,20260618T054447_866161,of:000000000000000c:3 -> of:000000000000000d:3,0.002,0.0025,0.002,0.002,1.53,2026-06-18T05:44:47,0.002,1.53
route_mutation,20260618T054447_866161,of:0000000000000001:1 -> of:000000000000000b:1,0.002,0.0025,0.002,0.002,2.13,2026-06-18T05:44:47,0.002,2.3
route_mutation,20260618T054447_866161,of:0000000000000006:1 -> of:000000000000000d:4,0.002,0.0025,0.002,0.001,1.36,2026-06-18T05:44:47,0.002,1.43
route_mutation,20260618T054447_866161,of:0000000000000002:1 -> of:000000000000000b:4,0.002,0.0025,0.002,0.002,2.23,2026-06-18T05:44:47,0.002,2.2
route_mutation,20260618T054447_866161,of:0000000000000001:3 -> of:000000000000000d:1,0.002,0.0025,0.002,0.001,1.36,2026-06-18T05:44:47,0.002,1.4
route_mutation,20260618T054447_866161,of:0000000000000006:2 -> of:000000000000000a:2,0.002,0.0025,0.002,0.001,1.46,2026-06-18T05:44:47,0.002,1.53
route_mutation,20260618T054447_866161,of:0000000000000003:1 -> of:000000000000000b:5,0.002,0.0025,0.002,0.002,1.43,2026-06-18T05:44:47,0.002,1.43
route_mutation,20260618T054447_866161,of:0000000000000007:1 -> of:000000000000000d:5,0.002,0.0025,0.002,0.001,1.36,2026-06-18T05:44:47,0.002,1.43
route_mutation,20260618T054447_866161,of:0000000000000007:2 -> of:000000000000000a:3,0.002,0.0025,0.002,0.001,1.46,2026-06-18T05:44:47,0.002,1.53
route_mutation,20260618T054447_866161,of:0000000000000002:2 -> of:0000000000000008:2,0.002,0.0025,0.002,0.001,1.43,2026-06-18T05:44:47,0.002,1.5
route_mutation,20260618T054447_866161,of:0000000000000008:1 -> of:000000000000000b:6,0.002,0.0025,0.002,0.002,1.43,2026-06-18T05:44:47,0.002,1.43
route_mutation,20260618T054447_866161,of:0000000000000009:1 -> of:000000000000000c:6,0.002,0.0025,0.002,0.002,1.43,2026-06-18T05:44:47,0.002,1.43
route_mutation,20260618T054447_866161,of:0000000000000001:2 -> of:000000000000000c:1,0.002,0.0025,0.002,0.001,1.36,2026-06-18T05:44:47,0.002,1.4
route_mutation,20260618T054447_866161,of:0000000000000003:2 -> of:0000000000000008:3,0.002,0.0025,0.002,0.002,1.5,2026-06-18T05:44:47,0.002,1.5
route_mutation,20260618T054518_124473,of:0000000000000005:1 -> of:000000000000000c:5,0.002,0.0025,0.002,0.002,2.33,2026-06-18T05:45:18,0.002,2.2
route_mutation,20260618T054518_124473,of:000000000000000a:1 -> of:000000000000000d:6,0.001,0.00125,0.001,0.001,1.4,2026-06-18T05:45:18,0.001,1.4
route_mutation,20260618T054518_124473,of:000000000000000b:2 -> of:000000000000000c:2,0.001,0.00125,0.001,0.001,1.6,2026-06-18T05:45:18,0.001,1.6
route_mutation,20260618T054518_124473,of:0000000000000004:2 -> of:0000000000000009:2,0.002,0.0025,0.002,0.002,1.73,2026-06-18T05:45:18,0.001,1.6
route_mutation,20260618T054518_124473,of:0000000000000005:2 -> of:0000000000000009:3,0.002,0.0025,0.002,0.002,1.73,2026-06-18T05:45:18,0.001,1.6
route_mutation,20260618T054518_124473,of:000000000000000b:3 -> of:000000000000000d:2,0.001,0.00125,0.001,0.001,1.6,2026-06-18T05:45:18,0.001,1.6
route_mutation,20260618T054518_124473,of:0000000000000004:1 -> of:000000000000000c:4,0.002,0.0025,0.002,0.002,2.33,2026-06-18T05:45:18,0.002,2.2
route_mutation,20260618T054518_124473,of:000000000000000c:3 -> of:000000000000000d:3,0.001,0.00125,0.001,0.001,1.6,2026-06-18T05:45:18,0.001,1.6
route_mutation,20260618T054518_124473,of:0000000000000001:1 -> of:000000000000000b:1,0.003,0.00375,0.003,0.003,2.83,2026-06-18T05:45:18,0.002,2.56
route_mutation,20260618T054518_124473,of:0000000000000006:1 -> of:000000000000000d:4,0.002,0.0025,0.002,0.002,2.0,2026-06-18T05:45:18,0.002,1.8
route_mutation,20260618T054518_124473,of:0000000000000002:1 -> of:000000000000000b:4,0.002,0.0025,0.002,0.002,1.66,2026-06-18T05:45:18,0.002,1.66
route_mutation,20260618T054518_124473,of:0000000000000001:3 -> of:000000000000000d:1,0.002,0.0025,0.002,0.002,1.9,2026-06-18T05:45:18,0.002,1.9
route_mutation,20260618T054518_124473,of:0000000000000006:2 -> of:000000000000000a:2,0.002,0.0025,0.002,0.002,1.73,2026-06-18T05:45:18,0.001,1.6
route_mutation,20260618T054518_124473,of:0000000000000003:1 -> of:000000000000000b:5,0.002,0.0025,0.002,0.002,2.56,2026-06-18T05:45:18,0.002,2.43
route_mutation,20260618T054518_124473,of:0000000000000007:1 -> of:000000000000000d:5,0.002,0.0025,0.002,0.002,1.53,2026-06-18T05:45:18,0.001,1.4
route_mutation,20260618T054518_124473,of:0000000000000007:2 -> of:000000000000000a:3,0.002,0.0025,0.002,0.002,1.66,2026-06-18T05:45:18,0.001,1.6
route_mutation,20260618T054518_124473,of:0000000000000002:2 -> of:0000000000000008:2,0.002,0.0025,0.002,0.002,1.73,2026-06-18T05:45:18,0.001,1.6
route_mutation,20260618T054518_124473,of:0000000000000008:1 -> of:000000000000000b:6,0.001,0.00125,0.001,0.001,1.4,2026-06-18T05:45:18,0.001,1.4
route_mutation,20260618T054518_124473,of:0000000000000009:1 -> of:000000000000000c:6,0.001,0.00125,0.001,0.001,1.4,2026-06-18T05:45:18,0.001,1.4
route_mutation,20260618T054518_124473,of:0000000000000001:2 -> of:000000000000000c:1,0.003,0.00375,0.003,0.003,3.13,2026-06-18T05:45:18,0.003,3.0
route_mutation,20260618T054518_124473,of:0000000000000003:2 -> of:0000000000000008:3,0.002,0.0025,0.002,0.002,1.76,2026-06-18T05:45:18,0.001,1.63
route_mutation,20260618T054548_367377,of:0000000000000005:1 -> of:000000000000000c:5,0.002,0.0025,0.002,0.002,1.86,2026-06-18T05:45:48,0.002,1.93
route_mutation,20260618T054548_367377,of:000000000000000a:1 -> of:000000000000000d:6,0.002,0.0025,0.002,0.002,1.93,2026-06-18T05:45:48,0.002,1.93
route_mutation,20260618T054548_367377,of:000000000000000b:2 -> of:000000000000000c:2,0.002,0.0025,0.002,0.002,2.53,2026-06-18T05:45:48,0.002,2.53
route_mutation,20260618T054548_367377,of:0000000000000004:2 -> of:0000000000000009:2,0.002,0.0025,0.002,0.002,2.46,2026-06-18T05:45:48,0.002,2.53
route_mutation,20260618T054548_367377,of:0000000000000005:2 -> of:0000000000000009:3,0.002,0.0025,0.002,0.002,2.46,2026-06-18T05:45:48,0.002,2.53
route_mutation,20260618T054548_367377,of:000000000000000b:3 -> of:000000000000000d:2,0.002,0.0025,0.002,0.002,2.53,2026-06-18T05:45:48,0.002,2.53
route_mutation,20260618T054548_367377,of:0000000000000004:1 -> of:000000000000000c:4,0.002,0.0025,0.002,0.002,1.86,2026-06-18T05:45:48,0.002,1.93
route_mutation,20260618T054548_367377,of:000000000000000c:3 -> of:000000000000000d:3,0.002,0.0025,0.002,0.002,2.53,2026-06-18T05:45:48,0.002,2.53
route_mutation,20260618T054548_367377,of:0000000000000001:1 -> of:000000000000000b:1,0.002,0.0025,0.002,0.002,1.86,2026-06-18T05:45:48,0.002,1.96
route_mutation,20260618T054548_367377,of:0000000000000006:1 -> of:000000000000000d:4,0.002,0.0025,0.002,0.002,2.5,2026-06-18T05:45:48,0.002,2.63
route_mutation,20260618T054548_367377,of:0000000000000002:1 -> of:000000000000000b:4,0.002,0.0025,0.002,0.002,1.9,2026-06-18T05:45:48,0.002,1.93
route_mutation,20260618T054548_367377,of:0000000000000001:3 -> of:000000000000000d:1,0.003,0.00375,0.003,0.003,3.8,2026-06-18T05:45:48,0.003,3.76
route_mutation,20260618T054548_367377,of:0000000000000006:2 -> of:000000000000000a:2,0.002,0.0025,0.002,0.002,2.46,2026-06-18T05:45:48,0.002,2.53
route_mutation,20260618T054548_367377,of:0000000000000003:1 -> of:000000000000000b:5,0.002,0.0025,0.002,0.002,1.8,2026-06-18T05:45:48,0.002,1.93
route_mutation,20260618T054548_367377,of:0000000000000007:1 -> of:000000000000000d:5,0.003,0.00375,0.003,0.003,3.06,2026-06-18T05:45:48,0.003,3.13
route_mutation,20260618T054548_367377,of:0000000000000007:2 -> of:000000000000000a:3,0.002,0.0025,0.002,0.002,2.53,2026-06-18T05:45:48,0.002,2.53
route_mutation,20260618T054548_367377,of:0000000000000002:2 -> of:0000000000000008:2,0.002,0.0025,0.002,0.002,2.5,2026-06-18T05:45:48,0.002,2.56
route_mutation,20260618T054548_367377,of:0000000000000008:1 -> of:000000000000000b:6,0.002,0.0025,0.002,0.002,1.93,2026-06-18T05:45:48,0.002,1.93
route_mutation,20260618T054548_367377,of:0000000000000009:1 -> of:000000000000000c:6,0.002,0.0025,0.002,0.002,1.93,2026-06-18T05:45:48,0.002,1.93
route_mutation,20260618T054548_367377,of:0000000000000001:2 -> of:000000000000000c:1,0.002,0.0025,0.002,0.002,1.86,2026-06-18T05:45:48,0.002,1.96
route_mutation,20260618T054548_367377,of:0000000000000003:2 -> of:0000000000000008:3,0.002,0.0025,0.002,0.002,2.4,2026-06-18T05:45:48,0.002,2.53
ip_shuffle,20260618T054618_623034,of:0000000000000005:1 -> of:000000000000000c:5,0.002,0.0025,0.002,0.001,1.33,2026-06-18T05:46:18,0.002,1.43
ip_shuffle,20260618T054618_623034,of:000000000000000a:1 -> of:000000000000000d:6,0.002,0.0025,0.002,0.002,1.43,2026-06-18T05:46:18,0.002,1.43
ip_shuffle,20260618T054618_623034,of:000000000000000b:2 -> of:000000000000000c:2,0.002,0.0025,0.002,0.002,1.53,2026-06-18T05:46:18,0.002,1.53
ip_shuffle,20260618T054618_623034,of:0000000000000004:2 -> of:0000000000000009:2,0.002,0.0025,0.002,0.001,1.43,2026-06-18T05:46:18,0.002,1.5
ip_shuffle,20260618T054618_623034,of:0000000000000005:2 -> of:0000000000000009:3,0.002,0.0025,0.002,0.001,1.43,2026-06-18T05:46:18,0.002,1.5
ip_shuffle,20260618T054618_623034,of:000000000000000b:3 -> of:000000000000000d:2,0.002,0.0025,0.002,0.002,1.53,2026-06-18T05:46:18,0.002,1.53
ip_shuffle,20260618T054618_623034,of:0000000000000004:1 -> of:000000000000000c:4,0.002,0.0025,0.002,0.001,1.33,2026-06-18T05:46:18,0.002,1.43
ip_shuffle,20260618T054618_623034,of:000000000000000c:3 -> of:000000000000000d:3,0.002,0.0025,0.002,0.002,1.53,2026-06-18T05:46:18,0.002,1.53
ip_shuffle,20260618T054618_623034,of:0000000000000001:1 -> of:000000000000000b:1,0.002,0.0025,0.002,0.002,2.03,2026-06-18T05:46:18,0.002,2.16
ip_shuffle,20260618T054618_623034,of:0000000000000006:1 -> of:000000000000000d:4,0.002,0.0025,0.002,0.001,1.33,2026-06-18T05:46:18,0.002,1.43
ip_shuffle,20260618T054618_623034,of:0000000000000002:1 -> of:000000000000000b:4,0.002,0.0025,0.002,0.002,2.1,2026-06-18T05:46:18,0.002,2.1
ip_shuffle,20260618T054618_623034,of:0000000000000001:3 -> of:000000000000000d:1,0.002,0.0025,0.002,0.002,1.43,2026-06-18T05:46:18,0.001,1.37
ip_shuffle,20260618T054618_623034,of:0000000000000006:2 -> of:000000000000000a:2,0.002,0.0025,0.002,0.001,1.43,2026-06-18T05:46:18,0.002,1.5
ip_shuffle,20260618T054618_623034,of:0000000000000003:1 -> of:000000000000000b:5,0.002,0.0025,0.002,0.001,1.37,2026-06-18T05:46:18,0.002,1.43
ip_shuffle,20260618T054618_623034,of:0000000000000007:1 -> of:000000000000000d:5,0.002,0.0025,0.002,0.001,1.33,2026-06-18T05:46:18,0.002,1.43
ip_shuffle,20260618T054618_623034,of:0000000000000007:2 -> of:000000000000000a:3,0.002,0.0025,0.002,0.001,1.43,2026-06-18T05:46:18,0.002,1.5
ip_shuffle,20260618T054618_623034,of:0000000000000002:2 -> of:0000000000000008:2,0.002,0.0025,0.002,0.001,1.37,2026-06-18T05:46:18,0.002,1.43
ip_shuffle,20260618T054618_623034,of:0000000000000008:1 -> of:000000000000000b:6,0.002,0.0025,0.002,0.002,1.4,2026-06-18T05:46:18,0.002,1.43
ip_shuffle,20260618T054618_623034,of:0000000000000009:1 -> of:000000000000000c:6,0.002,0.0025,0.002,0.002,1.43,2026-06-18T05:46:18,0.002,1.43
ip_shuffle,20260618T054618_623034,of:0000000000000001:2 -> of:000000000000000c:1,0.001,0.00125,0.001,0.001,1.37,2026-06-18T05:46:18,0.001,1.37
ip_shuffle,20260618T054618_623034,of:0000000000000003:2 -> of:0000000000000008:3,0.002,0.0025,0.002,0.002,1.43,2026-06-18T05:46:18,0.002,1.43
ip_shuffle,20260618T054730_385827,of:0000000000000005:1 -> of:000000000000000c:5,0.001,0.00125,0.001,0.001,1.27,2026-06-18T05:47:30,0.001,1.33
ip_shuffle,20260618T054730_385827,of:000000000000000a:1 -> of:000000000000000d:6,0.001,0.00125,0.001,0.001,1.33,2026-06-18T05:47:30,0.001,1.33
ip_shuffle,20260618T054730_385827,of:000000000000000b:2 -> of:000000000000000c:2,0.001,0.00125,0.001,0.001,1.33,2026-06-18T05:47:30,0.001,1.33
ip_shuffle,20260618T054730_385827,of:0000000000000004:2 -> of:0000000000000009:2,0.001,0.00125,0.001,0.001,1.27,2026-06-18T05:47:30,0.001,1.33
ip_shuffle,20260618T054730_385827,of:0000000000000005:2 -> of:0000000000000009:3,0.001,0.00125,0.001,0.001,1.27,2026-06-18T05:47:30,0.001,1.33
ip_shuffle,20260618T054730_385827,of:000000000000000b:3 -> of:000000000000000d:2,0.001,0.00125,0.001,0.001,1.33,2026-06-18T05:47:30,0.001,1.33
ip_shuffle,20260618T054730_385827,of:0000000000000004:1 -> of:000000000000000c:4,0.001,0.00125,0.001,0.001,1.27,2026-06-18T05:47:30,0.001,1.33
ip_shuffle,20260618T054730_385827,of:000000000000000c:3 -> of:000000000000000d:3,0.001,0.00125,0.001,0.001,1.33,2026-06-18T05:47:30,0.001,1.33
ip_shuffle,20260618T054730_385827,of:0000000000000001:1 -> of:000000000000000b:1,0.001,0.00125,0.001,0.001,1.27,2026-06-18T05:47:30,0.001,1.37
ip_shuffle,20260618T054730_385827,of:0000000000000006:1 -> of:000000000000000d:4,0.001,0.00125,0.001,0.001,1.27,2026-06-18T05:47:30,0.001,1.33
ip_shuffle,20260618T054730_385827,of:0000000000000002:1 -> of:000000000000000b:4,0.001,0.00125,0.001,0.001,1.3,2026-06-18T05:47:30,0.001,1.33
ip_shuffle,20260618T054730_385827,of:0000000000000001:3 -> of:000000000000000d:1,0.002,0.0025,0.002,0.002,1.63,2026-06-18T05:47:30,0.002,1.53
ip_shuffle,20260618T054730_385827,of:0000000000000006:2 -> of:000000000000000a:2,0.001,0.00125,0.001,0.001,1.27,2026-06-18T05:47:30,0.001,1.33
ip_shuffle,20260618T054730_385827,of:0000000000000003:1 -> of:000000000000000b:5,0.001,0.00125,0.001,0.001,1.2,2026-06-18T05:47:30,0.001,1.33
ip_shuffle,20260618T054730_385827,of:0000000000000007:1 -> of:000000000000000d:5,0.002,0.0025,0.002,0.002,1.5,2026-06-18T05:47:30,0.002,1.5
ip_shuffle,20260618T054730_385827,of:0000000000000007:2 -> of:000000000000000a:3,0.001,0.00125,0.001,0.001,1.33,2026-06-18T05:47:30,0.001,1.33
ip_shuffle,20260618T054730_385827,of:0000000000000002:2 -> of:0000000000000008:2,0.001,0.00125,0.001,0.001,1.3,2026-06-18T05:47:30,0.001,1.37
ip_shuffle,20260618T054730_385827,of:0000000000000008:1 -> of:000000000000000b:6,0.001,0.00125,0.001,0.001,1.33,2026-06-18T05:47:30,0.001,1.33
ip_shuffle,20260618T054730_385827,of:0000000000000009:1 -> of:000000000000000c:6,0.001,0.00125,0.001,0.001,1.33,2026-06-18T05:47:30,0.001,1.33
ip_shuffle,20260618T054730_385827,of:0000000000000001:2 -> of:000000000000000c:1,0.001,0.00125,0.001,0.001,1.27,2026-06-18T05:47:30,0.001,1.37
ip_shuffle,20260618T054730_385827,of:0000000000000003:2 -> of:0000000000000008:3,0.001,0.00125,0.001,0.001,1.27,2026-06-18T05:47:30,0.001,1.33
route_mutation,20260618T054827_984276,of:0000000000000005:1 -> of:000000000000000c:5,0.002,0.0025,0.002,0.002,2.43,2026-06-18T05:48:27,0.002,2.49
route_mutation,20260618T054827_984276,of:000000000000000a:1 -> of:000000000000000d:6,0.002,0.0025,0.002,0.002,1.96,2026-06-18T05:48:27,0.002,1.96
route_mutation,20260618T054827_984276,of:000000000000000b:2 -> of:000000000000000c:2,0.002,0.0025,0.002,0.002,2.59,2026-06-18T05:48:27,0.002,2.59
route_mutation,20260618T054827_984276,of:0000000000000004:2 -> of:0000000000000009:2,0.002,0.0025,0.002,0.002,2.53,2026-06-18T05:48:27,0.002,2.59
route_mutation,20260618T054827_984276,of:0000000000000005:2 -> of:0000000000000009:3,0.002,0.0025,0.002,0.002,2.53,2026-06-18T05:48:27,0.002,2.59
route_mutation,20260618T054827_984276,of:000000000000000b:3 -> of:000000000000000d:2,0.002,0.0025,0.002,0.002,2.59,2026-06-18T05:48:27,0.002,2.59
route_mutation,20260618T054827_984276,of:0000000000000004:1 -> of:000000000000000c:4,0.002,0.0025,0.002,0.002,1.9,2026-06-18T05:48:27,0.002,1.96
route_mutation,20260618T054827_984276,of:000000000000000c:3 -> of:000000000000000d:3,0.002,0.0025,0.002,0.002,2.59,2026-06-18T05:48:27,0.002,2.59
route_mutation,20260618T054827_984276,of:0000000000000001:1 -> of:000000000000000b:1,0.002,0.0025,0.002,0.002,1.9,2026-06-18T05:48:27,0.002,1.9
route_mutation,20260618T054827_984276,of:0000000000000006:1 -> of:000000000000000d:4,0.003,0.00375,0.003,0.002,2.96,2026-06-18T05:48:27,0.003,3.03
route_mutation,20260618T054827_984276,of:0000000000000002:1 -> of:000000000000000b:4,0.002,0.0025,0.002,0.002,1.9,2026-06-18T05:48:27,0.002,1.9
route_mutation,20260618T054827_984276,of:0000000000000001:3 -> of:000000000000000d:1,0.003,0.00375,0.003,0.003,3.89,2026-06-18T05:48:27,0.003,3.96
route_mutation,20260618T054827_984276,of:0000000000000006:2 -> of:000000000000000a:2,0.002,0.0025,0.002,0.002,2.53,2026-06-18T05:48:27,0.002,2.59
route_mutation,20260618T054827_984276,of:0000000000000003:1 -> of:000000000000000b:5,0.002,0.0025,0.002,0.002,1.96,2026-06-18T05:48:27,0.002,1.96
route_mutation,20260618T054827_984276,of:0000000000000007:1 -> of:000000000000000d:5,0.003,0.00375,0.003,0.003,3.19,2026-06-18T05:48:27,0.003,3.23
route_mutation,20260618T054827_984276,of:0000000000000007:2 -> of:000000000000000a:3,0.002,0.0025,0.002,0.002,2.53,2026-06-18T05:48:27,0.002,2.59
route_mutation,20260618T054827_984276,of:0000000000000002:2 -> of:0000000000000008:2,0.002,0.0025,0.002,0.002,2.53,2026-06-18T05:48:27,0.002,2.53
route_mutation,20260618T054827_984276,of:0000000000000008:1 -> of:000000000000000b:6,0.002,0.0025,0.002,0.002,1.96,2026-06-18T05:48:27,0.002,1.96
route_mutation,20260618T054827_984276,of:0000000000000009:1 -> of:000000000000000c:6,0.002,0.0025,0.002,0.002,1.96,2026-06-18T05:48:27,0.002,1.96
route_mutation,20260618T054827_984276,of:0000000000000001:2 -> of:000000000000000c:1,0.002,0.0025,0.002,0.002,2.39,2026-06-18T05:48:27,0.002,2.43
route_mutation,20260618T054827_984276,of:0000000000000003:2 -> of:0000000000000008:3,0.002,0.0025,0.002,0.002,2.53,2026-06-18T05:48:27,0.002,2.59
route_mutation,20260618T054858_273496,of:0000000000000005:1 -> of:000000000000000c:5,0.001,0.00125,0.001,0.001,1.26,2026-06-18T05:48:58,0.001,1.33
route_mutation,20260618T054858_273496,of:000000000000000a:1 -> of:000000000000000d:6,0.001,0.00125,0.001,0.001,1.33,2026-06-18T05:48:58,0.001,1.33
route_mutation,20260618T054858_273496,of:000000000000000b:2 -> of:000000000000000c:2,0.001,0.00125,0.001,0.001,1.33,2026-06-18T05:48:58,0.001,1.33
route_mutation,20260618T054858_273496,of:0000000000000004:2 -> of:0000000000000009:2,0.001,0.00125,0.001,0.001,1.26,2026-06-18T05:48:58,0.001,1.33
route_mutation,20260618T054858_273496,of:0000000000000005:2 -> of:0000000000000009:3,0.001,0.00125,0.001,0.001,1.26,2026-06-18T05:48:58,0.001,1.33
route_mutation,20260618T054858_273496,of:000000000000000b:3 -> of:000000000000000d:2,0.001,0.00125,0.001,0.001,1.33,2026-06-18T05:48:58,0.001,1.33
route_mutation,20260618T054858_273496,of:0000000000000004:1 -> of:000000000000000c:4,0.001,0.00125,0.001,0.001,1.26,2026-06-18T05:48:58,0.001,1.33
route_mutation,20260618T054858_273496,of:000000000000000c:3 -> of:000000000000000d:3,0.001,0.00125,0.001,0.001,1.33,2026-06-18T05:48:58,0.001,1.33
route_mutation,20260618T054858_273496,of:0000000000000001:1 -> of:000000000000000b:1,0.002,0.0025,0.002,0.001,1.3,2026-06-18T05:48:58,0.002,1.36
route_mutation,20260618T054858_273496,of:0000000000000006:1 -> of:000000000000000d:4,0.001,0.00125,0.001,0.001,1.26,2026-06-18T05:48:58,0.001,1.33
route_mutation,20260618T054858_273496,of:0000000000000002:1 -> of:000000000000000b:4,0.002,0.0025,0.002,0.001,1.3,2026-06-18T05:48:58,0.002,1.36
route_mutation,20260618T054858_273496,of:0000000000000001:3 -> of:000000000000000d:1,0.002,0.0025,0.002,0.002,1.56,2026-06-18T05:48:58,0.002,1.5
route_mutation,20260618T054858_273496,of:0000000000000006:2 -> of:000000000000000a:2,0.001,0.00125,0.001,0.001,1.26,2026-06-18T05:48:58,0.001,1.33
route_mutation,20260618T054858_273496,of:0000000000000003:1 -> of:000000000000000b:5,0.001,0.00125,0.001,0.001,1.2,2026-06-18T05:48:58,0.001,1.33
route_mutation,20260618T054858_273496,of:0000000000000007:1 -> of:000000000000000d:5,0.002,0.0025,0.002,0.002,1.4,2026-06-18T05:48:58,0.002,1.43
route_mutation,20260618T054858_273496,of:0000000000000007:2 -> of:000000000000000a:3,0.001,0.00125,0.001,0.001,1.33,2026-06-18T05:48:58,0.001,1.33
route_mutation,20260618T054858_273496,of:0000000000000002:2 -> of:0000000000000008:2,0.001,0.00125,0.001,0.001,1.26,2026-06-18T05:48:58,0.001,1.33
route_mutation,20260618T054858_273496,of:0000000000000008:1 -> of:000000000000000b:6,0.001,0.00125,0.001,0.001,1.33,2026-06-18T05:48:58,0.001,1.33
route_mutation,20260618T054858_273496,of:0000000000000009:1 -> of:000000000000000c:6,0.001,0.00125,0.001,0.001,1.33,2026-06-18T05:48:58,0.001,1.33
route_mutation,20260618T054858_273496,of:0000000000000001:2 -> of:000000000000000c:1,0.001,0.00125,0.001,0.001,1.33,2026-06-18T05:48:58,0.001,1.33
route_mutation,20260618T054858_273496,of:0000000000000003:2 -> of:0000000000000008:3,0.001,0.00125,0.001,0.001,1.26,2026-06-18T05:48:58,0.001,1.33
route_mutation,20260618T054928_527298,of:0000000000000005:1 -> of:000000000000000c:5,0.002,0.0025,0.002,0.002,1.93,2026-06-18T05:49:28,0.002,1.8
route_mutation,20260618T054928_527298,of:000000000000000a:1 -> of:000000000000000d:6,0.001,0.00125,0.001,0.001,1.47,2026-06-18T05:49:28,0.001,1.47
route_mutation,20260618T054928_527298,of:000000000000000b:2 -> of:000000000000000c:2,0.001,0.00125,0.001,0.001,1.6,2026-06-18T05:49:28,0.001,1.6
route_mutation,20260618T054928_527298,of:0000000000000004:2 -> of:0000000000000009:2,0.002,0.0025,0.002,0.002,1.73,2026-06-18T05:49:28,0.001,1.6
route_mutation,20260618T054928_527298,of:0000000000000005:2 -> of:0000000000000009:3,0.002,0.0025,0.002,0.002,1.73,2026-06-18T05:49:28,0.001,1.6
route_mutation,20260618T054928_527298,of:000000000000000b:3 -> of:000000000000000d:2,0.002,0.0025,0.002,0.002,1.66,2026-06-18T05:49:28,0.002,1.66
route_mutation,20260618T054928_527298,of:0000000000000004:1 -> of:000000000000000c:4,0.002,0.0025,0.002,0.002,2.33,2026-06-18T05:49:28,0.002,2.2
route_mutation,20260618T054928_527298,of:000000000000000c:3 -> of:000000000000000d:3,0.002,0.0025,0.002,0.002,1.66,2026-06-18T05:49:28,0.002,1.66
route_mutation,20260618T054928_527298,of:0000000000000001:1 -> of:000000000000000b:1,0.003,0.00375,0.003,0.003,3.56,2026-06-18T05:49:28,0.003,3.5
route_mutation,20260618T054928_527298,of:0000000000000006:1 -> of:000000000000000d:4,0.002,0.0025,0.002,0.002,1.53,2026-06-18T05:49:28,0.001,1.47
route_mutation,20260618T054928_527298,of:0000000000000002:1 -> of:000000000000000b:4,0.002,0.0025,0.002,0.002,2.53,2026-06-18T05:49:28,0.002,2.46
route_mutation,20260618T054928_527298,of:0000000000000001:3 -> of:000000000000000d:1,0.002,0.0025,0.002,0.001,1.47,2026-06-18T05:49:28,0.002,1.53
route_mutation,20260618T054928_527298,of:0000000000000006:2 -> of:000000000000000a:2,0.002,0.0025,0.002,0.002,1.73,2026-06-18T05:49:28,0.001,1.6
route_mutation,20260618T054928_527298,of:0000000000000003:1 -> of:000000000000000b:5,0.002,0.0025,0.002,0.002,2.56,2026-06-18T05:49:28,0.002,2.43
route_mutation,20260618T054928_527298,of:0000000000000007:1 -> of:000000000000000d:5,0.001,0.00125,0.001,0.001,1.47,2026-06-18T05:49:28,0.001,1.47
route_mutation,20260618T054928_527298,of:0000000000000007:2 -> of:000000000000000a:3,0.002,0.0025,0.002,0.002,1.66,2026-06-18T05:49:28,0.001,1.6
route_mutation,20260618T054928_527298,of:0000000000000002:2 -> of:0000000000000008:2,0.002,0.0025,0.002,0.002,1.73,2026-06-18T05:49:28,0.002,1.66
route_mutation,20260618T054928_527298,of:0000000000000008:1 -> of:000000000000000b:6,0.001,0.00125,0.001,0.001,1.4,2026-06-18T05:49:28,0.001,1.4
route_mutation,20260618T054928_527298,of:0000000000000009:1 -> of:000000000000000c:6,0.001,0.00125,0.001,0.001,1.4,2026-06-18T05:49:28,0.001,1.4
route_mutation,20260618T054928_527298,of:0000000000000001:2 -> of:000000000000000c:1,0.002,0.0025,0.002,0.002,2.6,2026-06-18T05:49:28,0.002,2.6
route_mutation,20260618T054928_527298,of:0000000000000003:2 -> of:0000000000000008:3,0.002,0.0025,0.002,0.002,1.73,2026-06-18T05:49:28,0.001,1.6
route_mutation,20260618T054958_802123,of:0000000000000005:1 -> of:000000000000000c:5,0.002,0.0025,0.002,0.002,2.33,2026-06-18T05:49:58,0.002,2.33
route_mutation,20260618T054958_802123,of:000000000000000a:1 -> of:000000000000000d:6,0.002,0.0025,0.002,0.002,1.86,2026-06-18T05:49:58,0.002,1.86
route_mutation,20260618T054958_802123,of:000000000000000b:2 -> of:000000000000000c:2,0.002,0.0025,0.002,0.002,2.53,2026-06-18T05:49:58,0.002,2.53
route_mutation,20260618T054958_802123,of:0000000000000004:2 -> of:0000000000000009:2,0.002,0.0025,0.002,0.002,2.46,2026-06-18T05:49:58,0.002,2.53
route_mutation,20260618T054958_802123,of:0000000000000005:2 -> of:0000000000000009:3,0.002,0.0025,0.002,0.002,2.46,2026-06-18T05:49:58,0.002,2.53
route_mutation,20260618T054958_802123,of:000000000000000b:3 -> of:000000000000000d:2,0.002,0.0025,0.002,0.002,2.46,2026-06-18T05:49:58,0.002,2.46
route_mutation,20260618T054958_802123,of:0000000000000004:1 -> of:000000000000000c:4,0.002,0.0025,0.002,0.002,1.93,2026-06-18T05:49:58,0.002,1.93
route_mutation,20260618T054958_802123,of:000000000000000c:3 -> of:000000000000000d:3,0.002,0.0025,0.002,0.002,2.46,2026-06-18T05:49:58,0.002,2.46
route_mutation,20260618T054958_802123,of:0000000000000001:1 -> of:000000000000000b:1,0.002,0.0025,0.002,0.002,1.86,2026-06-18T05:49:58,0.002,1.86
route_mutation,20260618T054958_802123,of:0000000000000006:1 -> of:000000000000000d:4,0.002,0.0025,0.002,0.002,3.03,2026-06-18T05:49:58,0.002,3.03
route_mutation,20260618T054958_802123,of:0000000000000002:1 -> of:000000000000000b:4,0.002,0.0025,0.002,0.002,1.93,2026-06-18T05:49:58,0.002,1.86
route_mutation,20260618T054958_802123,of:0000000000000001:3 -> of:000000000000000d:1,0.003,0.00375,0.003,0.003,4.03,2026-06-18T05:49:58,0.003,4.0
route_mutation,20260618T054958_802123,of:0000000000000006:2 -> of:000000000000000a:2,0.002,0.0025,0.002,0.002,2.46,2026-06-18T05:49:58,0.002,2.53
route_mutation,20260618T054958_802123,of:0000000000000003:1 -> of:000000000000000b:5,0.002,0.0025,0.002,0.002,1.93,2026-06-18T05:49:58,0.002,1.93
route_mutation,20260618T054958_802123,of:0000000000000007:1 -> of:000000000000000d:5,0.003,0.00375,0.003,0.003,3.2,2026-06-18T05:49:58,0.003,3.2
route_mutation,20260618T054958_802123,of:0000000000000007:2 -> of:000000000000000a:3,0.002,0.0025,0.002,0.002,2.46,2026-06-18T05:49:58,0.002,2.53
route_mutation,20260618T054958_802123,of:0000000000000002:2 -> of:0000000000000008:2,0.002,0.0025,0.002,0.002,2.53,2026-06-18T05:49:58,0.002,2.46
route_mutation,20260618T054958_802123,of:0000000000000008:1 -> of:000000000000000b:6,0.002,0.0025,0.002,0.002,1.93,2026-06-18T05:49:58,0.002,1.93
route_mutation,20260618T054958_802123,of:0000000000000009:1 -> of:000000000000000c:6,0.002,0.0025,0.002,0.002,1.93,2026-06-18T05:49:58,0.002,1.93
route_mutation,20260618T054958_802123,of:0000000000000001:2 -> of:000000000000000c:1,0.002,0.0025,0.002,0.002,2.33,2026-06-18T05:49:58,0.002,2.33
route_mutation,20260618T054958_802123,of:0000000000000003:2 -> of:0000000000000008:3,0.002,0.0025,0.002,0.002,2.46,2026-06-18T05:49:58,0.002,2.53
route_mutation,20260618T055029_064529,of:0000000000000005:1 -> of:000000000000000c:5,0.001,0.00125,0.001,0.001,1.2,2026-06-18T05:50:29,0.001,1.33
route_mutation,20260618T055029_064529,of:000000000000000a:1 -> of:000000000000000d:6,0.001,0.00125,0.001,0.001,1.33,2026-06-18T05:50:29,0.001,1.33
route_mutation,20260618T055029_064529,of:000000000000000b:2 -> of:000000000000000c:2,0.001,0.00125,0.001,0.001,1.33,2026-06-18T05:50:29,0.001,1.33
route_mutation,20260618T055029_064529,of:0000000000000004:2 -> of:0000000000000009:2,0.001,0.00125,0.001,0.001,1.27,2026-06-18T05:50:29,0.001,1.33
route_mutation,20260618T055029_064529,of:0000000000000005:2 -> of:0000000000000009:3,0.001,0.00125,0.001,0.001,1.27,2026-06-18T05:50:29,0.001,1.33
route_mutation,20260618T055029_064529,of:000000000000000b:3 -> of:000000000000000d:2,0.001,0.00125,0.001,0.001,1.33,2026-06-18T05:50:29,0.001,1.33
route_mutation,20260618T055029_064529,of:0000000000000004:1 -> of:000000000000000c:4,0.001,0.00125,0.001,0.001,1.2,2026-06-18T05:50:29,0.001,1.33
route_mutation,20260618T055029_064529,of:000000000000000c:3 -> of:000000000000000d:3,0.001,0.00125,0.001,0.001,1.33,2026-06-18T05:50:29,0.001,1.33
route_mutation,20260618T055029_064529,of:0000000000000001:1 -> of:000000000000000b:1,0.002,0.0025,0.002,0.001,1.3,2026-06-18T05:50:29,0.002,1.37
route_mutation,20260618T055029_064529,of:0000000000000006:1 -> of:000000000000000d:4,0.001,0.00125,0.001,0.001,1.27,2026-06-18T05:50:29,0.001,1.33
route_mutation,20260618T055029_064529,of:0000000000000002:1 -> of:000000000000000b:4,0.002,0.0025,0.002,0.001,1.23,2026-06-18T05:50:29,0.002,1.37
route_mutation,20260618T055029_064529,of:0000000000000001:3 -> of:000000000000000d:1,0.002,0.0025,0.002,0.002,1.46,2026-06-18T05:50:29,0.002,1.43
route_mutation,20260618T055029_064529,of:0000000000000006:2 -> of:000000000000000a:2,0.001,0.00125,0.001,0.001,1.27,2026-06-18T05:50:29,0.001,1.33
route_mutation,20260618T055029_064529,of:0000000000000003:1 -> of:000000000000000b:5,0.001,0.00125,0.001,0.001,1.2,2026-06-18T05:50:29,0.001,1.33
route_mutation,20260618T055029_064529,of:0000000000000007:1 -> of:000000000000000d:5,0.002,0.0025,0.002,0.002,1.4,2026-06-18T05:50:29,0.002,1.4
route_mutation,20260618T055029_064529,of:0000000000000007:2 -> of:000000000000000a:3,0.001,0.00125,0.001,0.001,1.33,2026-06-18T05:50:29,0.001,1.33
route_mutation,20260618T055029_064529,of:0000000000000002:2 -> of:0000000000000008:2,0.001,0.00125,0.001,0.001,1.2,2026-06-18T05:50:29,0.001,1.33
route_mutation,20260618T055029_064529,of:0000000000000008:1 -> of:000000000000000b:6,0.001,0.00125,0.001,0.001,1.33,2026-06-18T05:50:29,0.001,1.33
route_mutation,20260618T055029_064529,of:0000000000000009:1 -> of:000000000000000c:6,0.001,0.00125,0.001,0.001,1.33,2026-06-18T05:50:29,0.001,1.33
route_mutation,20260618T055029_064529,of:0000000000000001:2 -> of:000000000000000c:1,0.001,0.00125,0.001,0.001,1.33,2026-06-18T05:50:29,0.001,1.33
route_mutation,20260618T055029_064529,of:0000000000000003:2 -> of:0000000000000008:3,0.001,0.00125,0.001,0.001,1.27,2026-06-18T05:50:29,0.001,1.33
route_mutation,20260618T055059_312556,of:0000000000000005:1 -> of:000000000000000c:5,0.002,0.0025,0.002,0.002,1.93,2026-06-18T05:50:59,0.002,1.8
route_mutation,20260618T055059_312556,of:000000000000000a:1 -> of:000000000000000d:6,0.001,0.00125,0.001,0.001,1.47,2026-06-18T05:50:59,0.001,1.47
route_mutation,20260618T055059_312556,of:000000000000000b:2 -> of:000000000000000c:2,0.001,0.00125,0.001,0.001,1.6,2026-06-18T05:50:59,0.001,1.6
route_mutation,20260618T055059_312556,of:0000000000000004:2 -> of:0000000000000009:2,0.002,0.0025,0.002,0.002,1.73,2026-06-18T05:50:59,0.001,1.6
route_mutation,20260618T055059_312556,of:0000000000000005:2 -> of:0000000000000009:3,0.002,0.0025,0.002,0.002,1.73,2026-06-18T05:50:59,0.001,1.6
route_mutation,20260618T055059_312556,of:000000000000000b:3 -> of:000000000000000d:2,0.002,0.0025,0.002,0.002,1.66,2026-06-18T05:50:59,0.002,1.66
route_mutation,20260618T055059_312556,of:0000000000000004:1 -> of:000000000000000c:4,0.002,0.0025,0.002,0.002,2.33,2026-06-18T05:50:59,0.002,2.2
route_mutation,20260618T055059_312556,of:000000000000000c:3 -> of:000000000000000d:3,0.002,0.0025,0.002,0.002,1.66,2026-06-18T05:50:59,0.002,1.66
route_mutation,20260618T055059_312556,of:0000000000000001:1 -> of:000000000000000b:1,0.003,0.00375,0.003,0.003,3.56,2026-06-18T05:50:59,0.003,3.5
route_mutation,20260618T055059_312556,of:0000000000000006:1 -> of:000000000000000d:4,0.002,0.0025,0.002,0.002,1.53,2026-06-18T05:50:59,0.001,1.47
route_mutation,20260618T055059_312556,of:0000000000000002:1 -> of:000000000000000b:4,0.002,0.0025,0.002,0.002,2.53,2026-06-18T05:50:59,0.002,2.46
route_mutation,20260618T055059_312556,of:0000000000000001:3 -> of:000000000000000d:1,0.002,0.0025,0.002,0.001,1.47,2026-06-18T05:50:59,0.002,1.53
route_mutation,20260618T055059_312556,of:0000000000000006:2 -> of:000000000000000a:2,0.002,0.0025,0.002,0.002,1.73,2026-06-18T05:50:59,0.001,1.6
route_mutation,20260618T055059_312556,of:0000000000000003:1 -> of:000000000000000b:5,0.002,0.0025,0.002,0.002,2.56,2026-06-18T05:50:59,0.002,2.43
route_mutation,20260618T055059_312556,of:0000000000000007:1 -> of:000000000000000d:5,0.001,0.00125,0.001,0.001,1.47,2026-06-18T05:50:59,0.001,1.47
route_mutation,20260618T055059_312556,of:0000000000000007:2 -> of:000000000000000a:3,0.002,0.0025,0.002,0.002,1.66,2026-06-18T05:50:59,0.001,1.6
route_mutation,20260618T055059_312556,of:0000000000000002:2 -> of:0000000000000008:2,0.002,0.0025,0.002,0.002,1.73,2026-06-18T05:50:59,0.002,1.66
route_mutation,20260618T055059_312556,of:0000000000000008:1 -> of:000000000000000b:6,0.001,0.00125,0.001,0.001,1.4,2026-06-18T05:50:59,0.001,1.4
route_mutation,20260618T055059_312556,of:0000000000000009:1 -> of:000000000000000c:6,0.001,0.00125,0.001,0.001,1.4,2026-06-18T05:50:59,0.001,1.4
route_mutation,20260618T055059_312556,of:0000000000000001:2 -> of:000000000000000c:1,0.002,0.0025,0.002,0.002,2.7,2026-06-18T05:50:59,0.002,2.66
route_mutation,20260618T055059_312556,of:0000000000000003:2 -> of:0000000000000008:3,0.002,0.0025,0.002,0.002,1.73,2026-06-18T05:50:59,0.001,1.6
ip_shuffle,20260618T055129_543191,of:0000000000000005:1 -> of:000000000000000c:5,0.002,0.0025,0.002,0.002,2.33,2026-06-18T05:51:29,0.002,2.33
ip_shuffle,20260618T055129_543191,of:000000000000000a:1 -> of:000000000000000d:6,0.002,0.0025,0.002,0.002,1.86,2026-06-18T05:51:29,0.002,1.86
ip_shuffle,20260618T055129_543191,of:000000000000000b:2 -> of:000000000000000c:2,0.002,0.0025,0.002,0.002,2.53,2026-06-18T05:51:29,0.002,2.53
ip_shuffle,20260618T055129_543191,of:0000000000000004:2 -> of:0000000000000009:2,0.002,0.0025,0.002,0.002,2.46,2026-06-18T05:51:29,0.002,2.53
ip_shuffle,20260618T055129_543191,of:0000000000000005:2 -> of:0000000000000009:3,0.002,0.0025,0.002,0.002,2.46,2026-06-18T05:51:29,0.002,2.53
ip_shuffle,20260618T055129_543191,of:000000000000000b:3 -> of:000000000000000d:2,0.002,0.0025,0.002,0.002,2.46,2026-06-18T05:51:29,0.002,2.46
ip_shuffle,20260618T055129_543191,of:0000000000000004:1 -> of:000000000000000c:4,0.002,0.0025,0.002,0.002,1.93,2026-06-18T05:51:29,0.002,1.93
ip_shuffle,20260618T055129_543191,of:000000000000000c:3 -> of:000000000000000d:3,0.002,0.0025,0.002,0.002,2.46,2026-06-18T05:51:29,0.002,2.46
ip_shuffle,20260618T055129_543191,of:0000000000000001:1 -> of:000000000000000b:1,0.002,0.0025,0.002,0.002,1.93,2026-06-18T05:51:29,0.002,1.86
ip_shuffle,20260618T055129_543191,of:0000000000000006:1 -> of:000000000000000d:4,0.002,0.0025,0.002,0.002,3.03,2026-06-18T05:51:29,0.002,3.03
ip_shuffle,20260618T055129_543191,of:0000000000000002:1 -> of:000000000000000b:4,0.002,0.0025,0.002,0.002,1.93,2026-06-18T05:51:29,0.002,1.86
ip_shuffle,20260618T055129_543191,of:0000000000000001:3 -> of:000000000000000d:1,0.003,0.00375,0.003,0.003,4.16,2026-06-18T05:51:29,0.003,4.03
ip_shuffle,20260618T055129_543191,of:0000000000000006:2 -> of:000000000000000a:2,0.002,0.0025,0.002,0.002,2.46,2026-06-18T05:51:29,0.002,2.53
ip_shuffle,20260618T055129_543191,of:0000000000000003:1 -> of:000000000000000b:5,0.002,0.0025,0.002,0.002,1.93,2026-06-18T05:51:29,0.002,1.93
ip_shuffle,20260618T055129_543191,of:0000000000000007:1 -> of:000000000000000d:5,0.003,0.00375,0.003,0.003,3.23,2026-06-18T05:51:29,0.003,3.23
ip_shuffle,20260618T055129_543191,of:0000000000000007:2 -> of:000000000000000a:3,0.002,0.0025,0.002,0.002,2.46,2026-06-18T05:51:29,0.002,2.53
ip_shuffle,20260618T055129_543191,of:0000000000000002:2 -> of:0000000000000008:2,0.002,0.0025,0.002,0.002,2.53,2026-06-18T05:51:29,0.002,2.46
ip_shuffle,20260618T055129_543191,of:0000000000000008:1 -> of:000000000000000b:6,0.002,0.0025,0.002,0.002,1.93,2026-06-18T05:51:29,0.002,1.93
ip_shuffle,20260618T055129_543191,of:0000000000000009:1 -> of:000000000000000c:6,0.002,0.0025,0.002,0.002,1.93,2026-06-18T05:51:29,0.002,1.93
ip_shuffle,20260618T055129_543191,of:0000000000000001:2 -> of:000000000000000c:1,0.002,0.0025,0.002,0.002,2.3,2026-06-18T05:51:29,0.002,2.26
ip_shuffle,20260618T055129_543191,of:0000000000000003:2 -> of:0000000000000008:3,0.002,0.0025,0.002,0.002,2.53,2026-06-18T05:51:29,0.002,2.53
ip_shuffle,20260618T055233_694658,of:0000000000000005:1 -> of:000000000000000c:5,0.002,0.0025,0.002,0.002,2.2,2026-06-18T05:52:33,0.002,2.13
ip_shuffle,20260618T055233_694658,of:000000000000000a:1 -> of:000000000000000d:6,0.001,0.00125,0.001,0.001,1.37,2026-06-18T05:52:33,0.001,1.37
ip_shuffle,20260618T055233_694658,of:000000000000000b:2 -> of:000000000000000c:2,0.001,0.00125,0.001,0.001,1.4,2026-06-18T05:52:33,0.001,1.4
ip_shuffle,20260618T055233_694658,of:0000000000000004:2 -> of:0000000000000009:2,0.002,0.0025,0.002,0.002,1.53,2026-06-18T05:52:33,0.001,1.4
ip_shuffle,20260618T055233_694658,of:0000000000000005:2 -> of:0000000000000009:3,0.002,0.0025,0.002,0.002,1.53,2026-06-18T05:52:33,0.001,1.47
ip_shuffle,20260618T055233_694658,of:000000000000000b:3 -> of:000000000000000d:2,0.002,0.0025,0.002,0.002,1.53,2026-06-18T05:52:33,0.002,1.53
ip_shuffle,20260618T055233_694658,of:0000000000000004:1 -> of:000000000000000c:4,0.002,0.0025,0.002,0.002,2.23,2026-06-18T05:52:33,0.002,2.1
ip_shuffle,20260618T055233_694658,of:000000000000000c:3 -> of:000000000000000d:3,0.001,0.00125,0.001,0.001,1.47,2026-06-18T05:52:33,0.001,1.47
ip_shuffle,20260618T055233_694658,of:0000000000000001:1 -> of:000000000000000b:1,0.003,0.00375,0.003,0.003,3.16,2026-06-18T05:52:33,0.003,3.16
ip_shuffle,20260618T055233_694658,of:0000000000000006:1 -> of:000000000000000d:4,0.002,0.0025,0.002,0.002,1.53,2026-06-18T05:52:33,0.002,1.53
ip_shuffle,20260618T055233_694658,of:0000000000000002:1 -> of:000000000000000b:4,0.002,0.0025,0.002,0.002,2.2,2026-06-18T05:52:33,0.002,2.2
ip_shuffle,20260618T055233_694658,of:0000000000000001:3 -> of:000000000000000d:1,0.002,0.0025,0.002,0.002,1.47,2026-06-18T05:52:33,0.002,1.53
ip_shuffle,20260618T055233_694658,of:0000000000000006:2 -> of:000000000000000a:2,0.001,0.00125,0.001,0.001,1.47,2026-06-18T05:52:33,0.001,1.4
ip_shuffle,20260618T055233_694658,of:0000000000000003:1 -> of:000000000000000b:5,0.002,0.0025,0.002,0.002,2.46,2026-06-18T05:52:33,0.002,2.33
ip_shuffle,20260618T055233_694658,of:0000000000000007:1 -> of:000000000000000d:5,0.001,0.00125,0.001,0.001,1.37,2026-06-18T05:52:33,0.001,1.37
ip_shuffle,20260618T055233_694658,of:0000000000000007:2 -> of:000000000000000a:3,0.001,0.00125,0.001,0.001,1.47,2026-06-18T05:52:33,0.001,1.4
ip_shuffle,20260618T055233_694658,of:0000000000000002:2 -> of:0000000000000008:2,0.002,0.0025,0.002,0.002,1.53,2026-06-18T05:52:33,0.001,1.47
ip_shuffle,20260618T055233_694658,of:0000000000000008:1 -> of:000000000000000b:6,0.001,0.00125,0.001,0.001,1.3,2026-06-18T05:52:33,0.001,1.3
ip_shuffle,20260618T055233_694658,of:0000000000000009:1 -> of:000000000000000c:6,0.001,0.00125,0.001,0.001,1.3,2026-06-18T05:52:33,0.001,1.3
ip_shuffle,20260618T055233_694658,of:0000000000000001:2 -> of:000000000000000c:1,0.003,0.00375,0.003,0.003,2.86,2026-06-18T05:52:33,0.003,2.86
ip_shuffle,20260618T055233_694658,of:0000000000000003:2 -> of:0000000000000008:3,0.002,0.0025,0.002,0.002,1.53,2026-06-18T05:52:33,0.001,1.4
ip_shuffle,20260618T055331_351058,of:0000000000000005:1 -> of:000000000000000c:5,0.001,0.00125,0.001,0.001,1.2,2026-06-18T05:53:31,0.001,1.33
ip_shuffle,20260618T055331_351058,of:000000000000000a:1 -> of:000000000000000d:6,0.001,0.00125,0.001,0.001,1.33,2026-06-18T05:53:31,0.001,1.33
ip_shuffle,20260618T055331_351058,of:000000000000000b:2 -> of:000000000000000c:2,0.001,0.00125,0.001,0.001,1.33,2026-06-18T05:53:31,0.001,1.33
ip_shuffle,20260618T055331_351058,of:0000000000000004:2 -> of:0000000000000009:2,0.001,0.00125,0.001,0.001,1.26,2026-06-18T05:53:31,0.001,1.33
ip_shuffle,20260618T055331_351058,of:0000000000000005:2 -> of:0000000000000009:3,0.001,0.00125,0.001,0.001,1.26,2026-06-18T05:53:31,0.001,1.33
ip_shuffle,20260618T055331_351058,of:000000000000000b:3 -> of:000000000000000d:2,0.001,0.00125,0.001,0.001,1.33,2026-06-18T05:53:31,0.001,1.33
ip_shuffle,20260618T055331_351058,of:0000000000000004:1 -> of:000000000000000c:4,0.001,0.00125,0.001,0.001,1.2,2026-06-18T05:53:31,0.001,1.33
ip_shuffle,20260618T055331_351058,of:000000000000000c:3 -> of:000000000000000d:3,0.001,0.00125,0.001,0.001,1.33,2026-06-18T05:53:31,0.001,1.33
ip_shuffle,20260618T055331_351058,of:0000000000000001:1 -> of:000000000000000b:1,0.002,0.0025,0.002,0.001,1.36,2026-06-18T05:53:31,0.002,1.43
ip_shuffle,20260618T055331_351058,of:0000000000000006:1 -> of:000000000000000d:4,0.001,0.00125,0.001,0.001,1.26,2026-06-18T05:53:31,0.001,1.33
ip_shuffle,20260618T055331_351058,of:0000000000000002:1 -> of:000000000000000b:4,0.002,0.0025,0.002,0.002,1.4,2026-06-18T05:53:31,0.002,1.46
ip_shuffle,20260618T055331_351058,of:0000000000000001:3 -> of:000000000000000d:1,0.001,0.00125,0.001,0.001,1.3,2026-06-18T05:53:31,0.001,1.36
ip_shuffle,20260618T055331_351058,of:0000000000000006:2 -> of:000000000000000a:2,0.001,0.00125,0.001,0.001,1.33,2026-06-18T05:53:31,0.001,1.33
ip_shuffle,20260618T055331_351058,of:0000000000000003:1 -> of:000000000000000b:5,0.001,0.00125,0.001,0.001,1.2,2026-06-18T05:53:31,0.001,1.33
ip_shuffle,20260618T055331_351058,of:0000000000000007:1 -> of:000000000000000d:5,0.001,0.00125,0.001,0.001,1.36,2026-06-18T05:53:31,0.001,1.36
ip_shuffle,20260618T055331_351058,of:0000000000000007:2 -> of:000000000000000a:3,0.001,0.00125,0.001,0.001,1.33,2026-06-18T05:53:31,0.001,1.33
ip_shuffle,20260618T055331_351058,of:0000000000000002:2 -> of:0000000000000008:2,0.001,0.00125,0.001,0.001,1.2,2026-06-18T05:53:31,0.001,1.33
ip_shuffle,20260618T055331_351058,of:0000000000000008:1 -> of:000000000000000b:6,0.001,0.00125,0.001,0.001,1.33,2026-06-18T05:53:31,0.001,1.33
ip_shuffle,20260618T055331_351058,of:0000000000000009:1 -> of:000000000000000c:6,0.001,0.00125,0.001,0.001,1.33,2026-06-18T05:53:31,0.001,1.33
ip_shuffle,20260618T055331_351058,of:0000000000000001:2 -> of:000000000000000c:1,0.001,0.00125,0.001,0.001,1.26,2026-06-18T05:53:31,0.001,1.33
ip_shuffle,20260618T055331_351058,of:0000000000000003:2 -> of:0000000000000008:3,0.001,0.00125,0.001,0.001,1.2,2026-06-18T05:53:31,0.001,1.33
route_mutation,20260618T055428_953072,of:0000000000000005:1 -> of:000000000000000c:5,0.002,0.0025,0.002,0.002,2.06,2026-06-18T05:54:28,0.002,1.93
route_mutation,20260618T055428_953072,of:000000000000000a:1 -> of:000000000000000d:6,0.002,0.0025,0.002,0.002,1.96,2026-06-18T05:54:28,0.002,1.96
route_mutation,20260618T055428_953072,of:000000000000000b:2 -> of:000000000000000c:2,0.002,0.0025,0.002,0.002,2.66,2026-06-18T05:54:28,0.002,2.66
route_mutation,20260618T055428_953072,of:0000000000000004:2 -> of:0000000000000009:2,0.002,0.0025,0.002,0.002,2.66,2026-06-18T05:54:28,0.002,2.73
route_mutation,20260618T055428_953072,of:0000000000000005:2 -> of:0000000000000009:3,0.002,0.0025,0.002,0.002,2.66,2026-06-18T05:54:28,0.002,2.66
route_mutation,20260618T055428_953072,of:000000000000000b:3 -> of:000000000000000d:2,0.002,0.0025,0.002,0.002,2.66,2026-06-18T05:54:28,0.002,2.66
route_mutation,20260618T055428_953072,of:0000000000000004:1 -> of:000000000000000c:4,0.002,0.0025,0.002,0.002,2.03,2026-06-18T05:54:28,0.002,1.96
route_mutation,20260618T055428_953072,of:000000000000000c:3 -> of:000000000000000d:3,0.002,0.0025,0.002,0.002,2.6,2026-06-18T05:54:28,0.002,2.6
route_mutation,20260618T055428_953072,of:0000000000000001:1 -> of:000000000000000b:1,0.002,0.0025,0.002,0.002,2.03,2026-06-18T05:54:28,0.002,1.96
route_mutation,20260618T055428_953072,of:0000000000000006:1 -> of:000000000000000d:4,0.003,0.00375,0.003,0.003,3.09,2026-06-18T05:54:28,0.002,3.03
route_mutation,20260618T055428_953072,of:0000000000000002:1 -> of:000000000000000b:4,0.002,0.0025,0.002,0.002,2.03,2026-06-18T05:54:28,0.002,1.96
route_mutation,20260618T055428_953072,of:0000000000000001:3 -> of:000000000000000d:1,0.003,0.00375,0.003,0.003,4.19,2026-06-18T05:54:28,0.003,4.09
route_mutation,20260618T055428_953072,of:0000000000000006:2 -> of:000000000000000a:2,0.002,0.0025,0.002,0.002,2.66,2026-06-18T05:54:28,0.002,2.73
route_mutation,20260618T055428_953072,of:0000000000000003:1 -> of:000000000000000b:5,0.002,0.0025,0.002,0.002,2.03,2026-06-18T05:54:28,0.002,1.96
route_mutation,20260618T055428_953072,of:0000000000000007:1 -> of:000000000000000d:5,0.003,0.00375,0.003,0.003,3.19,2026-06-18T05:54:28,0.002,3.06
route_mutation,20260618T055428_953072,of:0000000000000007:2 -> of:000000000000000a:3,0.002,0.0025,0.002,0.002,2.66,2026-06-18T05:54:28,0.002,2.66
route_mutation,20260618T055428_953072,of:0000000000000002:2 -> of:0000000000000008:2,0.002,0.0025,0.002,0.002,2.73,2026-06-18T05:54:28,0.002,2.66
route_mutation,20260618T055428_953072,of:0000000000000008:1 -> of:000000000000000b:6,0.002,0.0025,0.002,0.002,2.03,2026-06-18T05:54:28,0.002,2.03
route_mutation,20260618T055428_953072,of:0000000000000009:1 -> of:000000000000000c:6,0.002,0.0025,0.002,0.002,1.96,2026-06-18T05:54:28,0.002,1.96
route_mutation,20260618T055428_953072,of:0000000000000001:2 -> of:000000000000000c:1,0.002,0.0025,0.002,0.002,2.13,2026-06-18T05:54:28,0.002,1.96
route_mutation,20260618T055428_953072,of:0000000000000003:2 -> of:0000000000000008:3,0.002,0.0025,0.002,0.002,2.73,2026-06-18T05:54:28,0.002,2.66
route_mutation,20260618T055459_208930,of:0000000000000005:1 -> of:000000000000000c:5,0.001,0.00125,0.001,0.001,1.27,2026-06-18T05:54:59,0.001,1.33
route_mutation,20260618T055459_208930,of:000000000000000a:1 -> of:000000000000000d:6,0.001,0.00125,0.001,0.001,1.33,2026-06-18T05:54:59,0.001,1.33
route_mutation,20260618T055459_208930,of:000000000000000b:2 -> of:000000000000000c:2,0.001,0.00125,0.001,0.001,1.33,2026-06-18T05:54:59,0.001,1.33
route_mutation,20260618T055459_208930,of:0000000000000004:2 -> of:0000000000000009:2,0.001,0.00125,0.001,0.001,1.27,2026-06-18T05:54:59,0.001,1.33
route_mutation,20260618T055459_208930,of:0000000000000005:2 -> of:0000000000000009:3,0.001,0.00125,0.001,0.001,1.33,2026-06-18T05:54:59,0.001,1.33
route_mutation,20260618T055459_208930,of:000000000000000b:3 -> of:000000000000000d:2,0.001,0.00125,0.001,0.001,1.33,2026-06-18T05:54:59,0.001,1.33
route_mutation,20260618T055459_208930,of:0000000000000004:1 -> of:000000000000000c:4,0.001,0.00125,0.001,0.001,1.2,2026-06-18T05:54:59,0.001,1.33
route_mutation,20260618T055459_208930,of:000000000000000c:3 -> of:000000000000000d:3,0.001,0.00125,0.001,0.001,1.33,2026-06-18T05:54:59,0.001,1.33
route_mutation,20260618T055459_208930,of:0000000000000001:1 -> of:000000000000000b:1,0.002,0.0025,0.002,0.002,1.46,2026-06-18T05:54:59,0.002,1.53
route_mutation,20260618T055459_208930,of:0000000000000006:1 -> of:000000000000000d:4,0.001,0.00125,0.001,0.001,1.27,2026-06-18T05:54:59,0.001,1.33
route_mutation,20260618T055459_208930,of:0000000000000002:1 -> of:000000000000000b:4,0.002,0.0025,0.002,0.002,1.46,2026-06-18T05:54:59,0.002,1.53
route_mutation,20260618T055459_208930,of:0000000000000001:3 -> of:000000000000000d:1,0.002,0.0025,0.002,0.001,1.33,2026-06-18T05:54:59,0.002,1.4
route_mutation,20260618T055459_208930,of:0000000000000006:2 -> of:000000000000000a:2,0.001,0.00125,0.001,0.001,1.33,2026-06-18T05:54:59,0.001,1.33
route_mutation,20260618T055459_208930,of:0000000000000003:1 -> of:000000000000000b:5,0.001,0.00125,0.001,0.001,1.2,2026-06-18T05:54:59,0.001,1.33
route_mutation,20260618T055459_208930,of:0000000000000007:1 -> of:000000000000000d:5,0.001,0.00125,0.001,0.001,1.3,2026-06-18T05:54:59,0.001,1.37
route_mutation,20260618T055459_208930,of:0000000000000007:2 -> of:000000000000000a:3,0.001,0.00125,0.001,0.001,1.33,2026-06-18T05:54:59,0.001,1.33
route_mutation,20260618T055459_208930,of:0000000000000002:2 -> of:0000000000000008:2,0.001,0.00125,0.001,0.001,1.2,2026-06-18T05:54:59,0.001,1.33
route_mutation,20260618T055459_208930,of:0000000000000008:1 -> of:000000000000000b:6,0.001,0.00125,0.001,0.001,1.33,2026-06-18T05:54:59,0.001,1.33
route_mutation,20260618T055459_208930,of:0000000000000009:1 -> of:000000000000000c:6,0.001,0.00125,0.001,0.001,1.33,2026-06-18T05:54:59,0.001,1.33
route_mutation,20260618T055459_208930,of:0000000000000001:2 -> of:000000000000000c:1,0.001,0.00125,0.001,0.001,1.27,2026-06-18T05:54:59,0.001,1.33
route_mutation,20260618T055459_208930,of:0000000000000003:2 -> of:0000000000000008:3,0.001,0.00125,0.001,0.001,1.2,2026-06-18T05:54:59,0.001,1.33
route_mutation,20260618T055529_437385,of:0000000000000005:1 -> of:000000000000000c:5,0.002,0.0025,0.002,0.002,2.16,2026-06-18T05:55:29,0.002,2.23
route_mutation,20260618T055529_437385,of:000000000000000a:1 -> of:000000000000000d:6,0.001,0.00125,0.001,0.001,1.37,2026-06-18T05:55:29,0.001,1.37
route_mutation,20260618T055529_437385,of:000000000000000b:2 -> of:000000000000000c:2,0.002,0.0025,0.002,0.002,1.53,2026-06-18T05:55:29,0.002,1.53
route_mutation,20260618T055529_437385,of:0000000000000004:2 -> of:0000000000000009:2,0.002,0.0025,0.002,0.002,1.53,2026-06-18T05:55:29,0.001,1.46
route_mutation,20260618T055529_437385,of:0000000000000005:2 -> of:0000000000000009:3,0.001,0.00125,0.001,0.001,1.46,2026-06-18T05:55:29,0.001,1.46
route_mutation,20260618T055529_437385,of:000000000000000b:3 -> of:000000000000000d:2,0.002,0.0025,0.002,0.002,1.66,2026-06-18T05:55:29,0.002,1.66
route_mutation,20260618T055529_437385,of:0000000000000004:1 -> of:000000000000000c:4,0.002,0.0025,0.002,0.002,2.23,2026-06-18T05:55:29,0.002,2.23
route_mutation,20260618T055529_437385,of:000000000000000c:3 -> of:000000000000000d:3,0.002,0.0025,0.002,0.002,1.53,2026-06-18T05:55:29,0.002,1.53
route_mutation,20260618T055529_437385,of:0000000000000001:1 -> of:000000000000000b:1,0.003,0.00375,0.003,0.003,3.16,2026-06-18T05:55:29,0.003,3.23
route_mutation,20260618T055529_437385,of:0000000000000006:1 -> of:000000000000000d:4,0.002,0.0025,0.002,0.002,1.76,2026-06-18T05:55:29,0.002,1.83
route_mutation,20260618T055529_437385,of:0000000000000002:1 -> of:000000000000000b:4,0.002,0.0025,0.002,0.002,2.26,2026-06-18T05:55:29,0.002,2.33
route_mutation,20260618T055529_437385,of:0000000000000001:3 -> of:000000000000000d:1,0.002,0.0025,0.002,0.002,1.6,2026-06-18T05:55:29,0.002,1.66
route_mutation,20260618T055529_437385,of:0000000000000006:2 -> of:000000000000000a:2,0.001,0.00125,0.001,0.001,1.46,2026-06-18T05:55:29,0.001,1.46
route_mutation,20260618T055529_437385,of:0000000000000003:1 -> of:000000000000000b:5,0.002,0.0025,0.002,0.002,2.46,2026-06-18T05:55:29,0.002,2.46
route_mutation,20260618T055529_437385,of:0000000000000007:1 -> of:000000000000000d:5,0.002,0.0025,0.002,0.001,1.37,2026-06-18T05:55:29,0.002,1.43
route_mutation,20260618T055529_437385,of:0000000000000007:2 -> of:000000000000000a:3,0.001,0.00125,0.001,0.001,1.46,2026-06-18T05:55:29,0.001,1.46
route_mutation,20260618T055529_437385,of:0000000000000002:2 -> of:0000000000000008:2,0.002,0.0025,0.002,0.002,1.53,2026-06-18T05:55:29,0.001,1.46
route_mutation,20260618T055529_437385,of:0000000000000008:1 -> of:000000000000000b:6,0.001,0.00125,0.001,0.001,1.37,2026-06-18T05:55:29,0.001,1.37
route_mutation,20260618T055529_437385,of:0000000000000009:1 -> of:000000000000000c:6,0.001,0.00125,0.001,0.001,1.37,2026-06-18T05:55:29,0.001,1.37
route_mutation,20260618T055529_437385,of:0000000000000001:2 -> of:000000000000000c:1,0.003,0.00375,0.003,0.003,2.93,2026-06-18T05:55:29,0.003,3.0
route_mutation,20260618T055529_437385,of:0000000000000003:2 -> of:0000000000000008:3,0.002,0.0025,0.002,0.002,1.53,2026-06-18T05:55:29,0.001,1.46
ip_shuffle,20260618T055559_681259,of:0000000000000005:1 -> of:000000000000000c:5,0.002,0.0025,0.002,0.002,2.03,2026-06-18T05:55:59,0.002,1.9
ip_shuffle,20260618T055559_681259,of:000000000000000a:1 -> of:000000000000000d:6,0.002,0.0025,0.002,0.002,1.96,2026-06-18T05:55:59,0.002,1.96
ip_shuffle,20260618T055559_681259,of:000000000000000b:2 -> of:000000000000000c:2,0.002,0.0025,0.002,0.002,2.6,2026-06-18T05:55:59,0.002,2.6
ip_shuffle,20260618T055559_681259,of:0000000000000004:2 -> of:0000000000000009:2,0.002,0.0025,0.002,0.002,2.73,2026-06-18T05:55:59,0.002,2.66
ip_shuffle,20260618T055559_681259,of:0000000000000005:2 -> of:0000000000000009:3,0.002,0.0025,0.002,0.002,2.73,2026-06-18T05:55:59,0.002,2.66
ip_shuffle,20260618T055559_681259,of:000000000000000b:3 -> of:000000000000000d:2,0.002,0.0025,0.002,0.002,2.6,2026-06-18T05:55:59,0.002,2.6
ip_shuffle,20260618T055559_681259,of:0000000000000004:1 -> of:000000000000000c:4,0.002,0.0025,0.002,0.002,2.03,2026-06-18T05:55:59,0.002,1.9
ip_shuffle,20260618T055559_681259,of:000000000000000c:3 -> of:000000000000000d:3,0.002,0.0025,0.002,0.002,2.6,2026-06-18T05:55:59,0.002,2.6
ip_shuffle,20260618T055559_681259,of:0000000000000001:1 -> of:000000000000000b:1,0.002,0.0025,0.002,0.002,2.03,2026-06-18T05:55:59,0.002,1.9
ip_shuffle,20260618T055559_681259,of:0000000000000006:1 -> of:000000000000000d:4,0.002,0.0025,0.002,0.002,2.93,2026-06-18T05:55:59,0.002,2.8
ip_shuffle,20260618T055559_681259,of:0000000000000002:1 -> of:000000000000000b:4,0.002,0.0025,0.002,0.002,2.03,2026-06-18T05:55:59,0.002,1.9
ip_shuffle,20260618T055559_681259,of:0000000000000001:3 -> of:000000000000000d:1,0.003,0.00375,0.003,0.003,4.13,2026-06-18T05:55:59,0.003,4.0
ip_shuffle,20260618T055559_681259,of:0000000000000006:2 -> of:000000000000000a:2,0.002,0.0025,0.002,0.002,2.66,2026-06-18T05:55:59,0.002,2.66
ip_shuffle,20260618T055559_681259,of:0000000000000003:1 -> of:000000000000000b:5,0.002,0.0025,0.002,0.002,2.03,2026-06-18T05:55:59,0.002,1.9
ip_shuffle,20260618T055559_681259,of:0000000000000007:1 -> of:000000000000000d:5,0.003,0.00375,0.003,0.003,3.23,2026-06-18T05:55:59,0.002,3.1
ip_shuffle,20260618T055559_681259,of:0000000000000007:2 -> of:000000000000000a:3,0.002,0.0025,0.002,0.002,2.66,2026-06-18T05:55:59,0.002,2.66
ip_shuffle,20260618T055559_681259,of:0000000000000002:2 -> of:0000000000000008:2,0.002,0.0025,0.002,0.002,2.73,2026-06-18T05:55:59,0.002,2.66
ip_shuffle,20260618T055559_681259,of:0000000000000008:1 -> of:000000000000000b:6,0.002,0.0025,0.002,0.002,1.96,2026-06-18T05:55:59,0.002,1.96
ip_shuffle,20260618T055559_681259,of:0000000000000009:1 -> of:000000000000000c:6,0.002,0.0025,0.002,0.002,1.96,2026-06-18T05:55:59,0.002,1.96
ip_shuffle,20260618T055559_681259,of:0000000000000001:2 -> of:000000000000000c:1,0.002,0.0025,0.002,0.002,2.06,2026-06-18T05:55:59,0.002,1.93
ip_shuffle,20260618T055559_681259,of:0000000000000003:2 -> of:0000000000000008:3,0.002,0.0025,0.002,0.002,2.73,2026-06-18T05:55:59,0.002,2.66
route_mutation,20260618T055657_317357,of:0000000000000005:1 -> of:000000000000000c:5,0.002,0.0025,0.002,0.002,2.16,2026-06-18T05:56:57,0.002,2.26
route_mutation,20260618T055657_317357,of:000000000000000a:1 -> of:000000000000000d:6,0.002,0.0025,0.002,0.002,1.43,2026-06-18T05:56:57,0.002,1.47
route_mutation,20260618T055657_317357,of:000000000000000b:2 -> of:000000000000000c:2,0.002,0.0025,0.002,0.002,1.56,2026-06-18T05:56:57,0.002,1.56
route_mutation,20260618T055657_317357,of:0000000000000004:2 -> of:0000000000000009:2,0.002,0.0025,0.002,0.002,1.53,2026-06-18T05:56:57,0.001,1.47
route_mutation,20260618T055657_317357,of:0000000000000005:2 -> of:0000000000000009:3,0.001,0.00125,0.001,0.001,1.47,2026-06-18T05:56:57,0.001,1.47
route_mutation,20260618T055657_317357,of:000000000000000b:3 -> of:000000000000000d:2,0.002,0.0025,0.002,0.002,1.7,2026-06-18T05:56:57,0.002,1.7
route_mutation,20260618T055657_317357,of:0000000000000004:1 -> of:000000000000000c:4,0.002,0.0025,0.002,0.002,2.23,2026-06-18T05:56:57,0.002,2.26
route_mutation,20260618T055657_317357,of:000000000000000c:3 -> of:000000000000000d:3,0.002,0.0025,0.002,0.002,1.6,2026-06-18T05:56:57,0.002,1.6
route_mutation,20260618T055657_317357,of:0000000000000001:1 -> of:000000000000000b:1,0.003,0.00375,0.003,0.003,3.03,2026-06-18T05:56:57,0.003,3.1
route_mutation,20260618T055657_317357,of:0000000000000006:1 -> of:000000000000000d:4,0.002,0.0025,0.002,0.002,1.9,2026-06-18T05:56:57,0.002,1.96
route_mutation,20260618T055657_317357,of:0000000000000002:1 -> of:000000000000000b:4,0.002,0.0025,0.002,0.002,2.13,2026-06-18T05:56:57,0.002,2.2
route_mutation,20260618T055657_317357,of:0000000000000001:3 -> of:000000000000000d:1,0.002,0.0025,0.002,0.002,1.7,2026-06-18T05:56:57,0.002,1.76
route_mutation,20260618T055657_317357,of:0000000000000006:2 -> of:000000000000000a:2,0.002,0.0025,0.002,0.001,1.47,2026-06-18T05:56:57,0.002,1.53
route_mutation,20260618T055657_317357,of:0000000000000003:1 -> of:000000000000000b:5,0.002,0.0025,0.002,0.002,2.46,2026-06-18T05:56:57,0.002,2.46
route_mutation,20260618T055657_317357,of:0000000000000007:1 -> of:000000000000000d:5,0.002,0.0025,0.002,0.001,1.37,2026-06-18T05:56:57,0.002,1.47
route_mutation,20260618T055657_317357,of:0000000000000007:2 -> of:000000000000000a:3,0.002,0.0025,0.002,0.001,1.47,2026-06-18T05:56:57,0.002,1.53
route_mutation,20260618T055657_317357,of:0000000000000002:2 -> of:0000000000000008:2,0.001,0.00125,0.001,0.001,1.47,2026-06-18T05:56:57,0.001,1.47
route_mutation,20260618T055657_317357,of:0000000000000008:1 -> of:000000000000000b:6,0.001,0.00125,0.001,0.001,1.37,2026-06-18T05:56:57,0.001,1.37
route_mutation,20260618T055657_317357,of:0000000000000009:1 -> of:000000000000000c:6,0.001,0.00125,0.001,0.001,1.37,2026-06-18T05:56:57,0.001,1.4
route_mutation,20260618T055657_317357,of:0000000000000001:2 -> of:000000000000000c:1,0.003,0.00375,0.003,0.003,3.0,2026-06-18T05:56:57,0.003,3.03
route_mutation,20260618T055657_317357,of:0000000000000003:2 -> of:0000000000000008:3,0.002,0.0025,0.002,0.002,1.53,2026-06-18T05:56:57,0.001,1.47
ip_shuffle,20260618T055727_566300,of:0000000000000005:1 -> of:000000000000000c:5,0.002,0.0025,0.002,0.002,2.03,2026-06-18T05:57:27,0.002,1.86
ip_shuffle,20260618T055727_566300,of:000000000000000a:1 -> of:000000000000000d:6,0.002,0.0025,0.002,0.002,1.9,2026-06-18T05:57:27,0.002,1.86
ip_shuffle,20260618T055727_566300,of:000000000000000b:2 -> of:000000000000000c:2,0.002,0.0025,0.002,0.002,2.56,2026-06-18T05:57:27,0.002,2.56
ip_shuffle,20260618T055727_566300,of:0000000000000004:2 -> of:0000000000000009:2,0.002,0.0025,0.002,0.002,2.73,2026-06-18T05:57:27,0.002,2.66
ip_shuffle,20260618T055727_566300,of:0000000000000005:2 -> of:0000000000000009:3,0.002,0.0025,0.002,0.002,2.73,2026-06-18T05:57:27,0.002,2.66
ip_shuffle,20260618T055727_566300,of:000000000000000b:3 -> of:000000000000000d:2,0.002,0.0025,0.002,0.002,2.56,2026-06-18T05:57:27,0.002,2.56
ip_shuffle,20260618T055727_566300,of:0000000000000004:1 -> of:000000000000000c:4,0.002,0.0025,0.002,0.002,2.03,2026-06-18T05:57:27,0.002,1.86
ip_shuffle,20260618T055727_566300,of:000000000000000c:3 -> of:000000000000000d:3,0.002,0.0025,0.002,0.002,2.53,2026-06-18T05:57:27,0.002,2.53
ip_shuffle,20260618T055727_566300,of:0000000000000001:1 -> of:000000000000000b:1,0.002,0.0025,0.002,0.002,2.03,2026-06-18T05:57:27,0.002,1.9
ip_shuffle,20260618T055727_566300,of:0000000000000006:1 -> of:000000000000000d:4,0.002,0.0025,0.002,0.002,2.8,2026-06-18T05:57:27,0.002,2.66
ip_shuffle,20260618T055727_566300,of:0000000000000002:1 -> of:000000000000000b:4,0.002,0.0025,0.002,0.002,2.03,2026-06-18T05:57:27,0.002,1.9
ip_shuffle,20260618T055727_566300,of:0000000000000001:3 -> of:000000000000000d:1,0.003,0.00375,0.003,0.003,4.06,2026-06-18T05:57:27,0.003,3.93
ip_shuffle,20260618T055727_566300,of:0000000000000006:2 -> of:000000000000000a:2,0.002,0.0025,0.002,0.002,2.66,2026-06-18T05:57:27,0.002,2.6
ip_shuffle,20260618T055727_566300,of:0000000000000003:1 -> of:000000000000000b:5,0.002,0.0025,0.002,0.002,2.03,2026-06-18T05:57:27,0.002,1.9
ip_shuffle,20260618T055727_566300,of:0000000000000007:1 -> of:000000000000000d:5,0.003,0.00375,0.003,0.003,3.23,2026-06-18T05:57:27,0.002,3.06
ip_shuffle,20260618T055727_566300,of:0000000000000007:2 -> of:000000000000000a:3,0.002,0.0025,0.002,0.002,2.66,2026-06-18T05:57:27,0.002,2.6
ip_shuffle,20260618T055727_566300,of:0000000000000002:2 -> of:0000000000000008:2,0.002,0.0025,0.002,0.002,2.73,2026-06-18T05:57:27,0.002,2.66
ip_shuffle,20260618T055727_566300,of:0000000000000008:1 -> of:000000000000000b:6,0.002,0.0025,0.002,0.002,1.96,2026-06-18T05:57:27,0.002,1.96
ip_shuffle,20260618T055727_566300,of:0000000000000009:1 -> of:000000000000000c:6,0.002,0.0025,0.002,0.002,1.96,2026-06-18T05:57:27,0.002,1.93
ip_shuffle,20260618T055727_566300,of:0000000000000001:2 -> of:000000000000000c:1,0.002,0.0025,0.002,0.002,2.0,2026-06-18T05:57:27,0.002,1.9
ip_shuffle,20260618T055727_566300,of:0000000000000003:2 -> of:0000000000000008:3,0.002,0.0025,0.002,0.002,2.73,2026-06-18T05:57:27,0.002,2.66
ip_shuffle,20260618T055826_170601,of:0000000000000005:1 -> of:000000000000000c:5,0.002,0.0025,0.002,0.002,2.16,2026-06-18T05:58:26,0.002,2.26
ip_shuffle,20260618T055826_170601,of:000000000000000a:1 -> of:000000000000000d:6,0.002,0.0025,0.002,0.002,1.46,2026-06-18T05:58:26,0.002,1.5
ip_shuffle,20260618T055826_170601,of:000000000000000b:2 -> of:000000000000000c:2,0.002,0.0025,0.002,0.002,1.6,2026-06-18T05:58:26,0.002,1.6
ip_shuffle,20260618T055826_170601,of:0000000000000004:2 -> of:0000000000000009:2,0.002,0.0025,0.002,0.001,1.5,2026-06-18T05:58:26,0.002,1.56
ip_shuffle,20260618T055826_170601,of:0000000000000005:2 -> of:0000000000000009:3,0.002,0.0025,0.002,0.001,1.5,2026-06-18T05:58:26,0.002,1.56
ip_shuffle,20260618T055826_170601,of:000000000000000b:3 -> of:000000000000000d:2,0.002,0.0025,0.002,0.002,1.76,2026-06-18T05:58:26,0.002,1.76
ip_shuffle,20260618T055826_170601,of:0000000000000004:1 -> of:000000000000000c:4,0.002,0.0025,0.002,0.002,2.16,2026-06-18T05:58:26,0.002,2.26
ip_shuffle,20260618T055826_170601,of:000000000000000c:3 -> of:000000000000000d:3,0.002,0.0025,0.002,0.002,1.63,2026-06-18T05:58:26,0.002,1.63
ip_shuffle,20260618T055826_170601,of:0000000000000001:1 -> of:000000000000000b:1,0.003,0.00375,0.003,0.003,3.0,2026-06-18T05:58:26,0.003,3.03
ip_shuffle,20260618T055826_170601,of:0000000000000006:1 -> of:000000000000000d:4,0.002,0.0025,0.002,0.002,2.0,2026-06-18T05:58:26,0.002,2.03
ip_shuffle,20260618T055826_170601,of:0000000000000002:1 -> of:000000000000000b:4,0.002,0.0025,0.002,0.002,2.06,2026-06-18T05:58:26,0.002,2.16
ip_shuffle,20260618T055826_170601,of:0000000000000001:3 -> of:000000000000000d:1,0.002,0.0025,0.002,0.002,1.76,2026-06-18T05:58:26,0.002,1.9
ip_shuffle,20260618T055826_170601,of:0000000000000006:2 -> of:000000000000000a:2,0.002,0.0025,0.002,0.001,1.5,2026-06-18T05:58:26,0.002,1.56
ip_shuffle,20260618T055826_170601,of:0000000000000003:1 -> of:000000000000000b:5,0.002,0.0025,0.002,0.002,2.46,2026-06-18T05:58:26,0.002,2.5
ip_shuffle,20260618T055826_170601,of:0000000000000007:1 -> of:000000000000000d:5,0.002,0.0025,0.002,0.001,1.4,2026-06-18T05:58:26,0.002,1.5
ip_shuffle,20260618T055826_170601,of:0000000000000007:2 -> of:000000000000000a:3,0.002,0.0025,0.002,0.002,1.53,2026-06-18T05:58:26,0.002,1.6
ip_shuffle,20260618T055826_170601,of:0000000000000002:2 -> of:0000000000000008:2,0.001,0.00125,0.001,0.001,1.5,2026-06-18T05:58:26,0.001,1.5
ip_shuffle,20260618T055826_170601,of:0000000000000008:1 -> of:000000000000000b:6,0.001,0.00125,0.001,0.001,1.4,2026-06-18T05:58:26,0.001,1.4
ip_shuffle,20260618T055826_170601,of:0000000000000009:1 -> of:000000000000000c:6,0.002,0.0025,0.002,0.002,1.46,2026-06-18T05:58:26,0.002,1.46
ip_shuffle,20260618T055826_170601,of:0000000000000001:2 -> of:000000000000000c:1,0.003,0.00375,0.003,0.003,3.0,2026-06-18T05:58:26,0.003,3.03
ip_shuffle,20260618T055826_170601,of:0000000000000003:2 -> of:0000000000000008:3,0.002,0.0025,0.002,0.002,1.56,2026-06-18T05:58:26,0.001,1.5
route_mutation,20260618T055923_764690,of:0000000000000005:1 -> of:000000000000000c:5,0.001,0.00125,0.001,0.001,1.33,2026-06-18T05:59:23,0.001,1.37
route_mutation,20260618T055923_764690,of:000000000000000a:1 -> of:000000000000000d:6,0.002,0.0025,0.002,0.002,1.37,2026-06-18T05:59:23,0.002,1.37
route_mutation,20260618T055923_764690,of:000000000000000b:2 -> of:000000000000000c:2,0.002,0.0025,0.002,0.002,1.4,2026-06-18T05:59:23,0.002,1.4
route_mutation,20260618T055923_764690,of:0000000000000004:2 -> of:0000000000000009:2,0.002,0.0025,0.002,0.001,1.37,2026-06-18T05:59:23,0.002,1.43
route_mutation,20260618T055923_764690,of:0000000000000005:2 -> of:0000000000000009:3,0.002,0.0025,0.002,0.001,1.37,2026-06-18T05:59:23,0.002,1.43
route_mutation,20260618T055923_764690,of:000000000000000b:3 -> of:000000000000000d:2,0.002,0.0025,0.002,0.002,1.4,2026-06-18T05:59:23,0.002,1.4
route_mutation,20260618T055923_764690,of:0000000000000004:1 -> of:000000000000000c:4,0.001,0.00125,0.001,0.001,1.33,2026-06-18T05:59:23,0.001,1.37
route_mutation,20260618T055923_764690,of:000000000000000c:3 -> of:000000000000000d:3,0.002,0.0025,0.002,0.002,1.4,2026-06-18T05:59:23,0.002,1.4
route_mutation,20260618T055923_764690,of:0000000000000001:1 -> of:000000000000000b:1,0.002,0.0025,0.002,0.001,1.3,2026-06-18T05:59:23,0.002,1.43
route_mutation,20260618T055923_764690,of:0000000000000006:1 -> of:000000000000000d:4,0.001,0.00125,0.001,0.001,1.33,2026-06-18T05:59:23,0.001,1.37
route_mutation,20260618T055923_764690,of:0000000000000002:1 -> of:000000000000000b:4,0.001,0.00125,0.001,0.001,1.37,2026-06-18T05:59:23,0.001,1.37
route_mutation,20260618T055923_764690,of:0000000000000001:3 -> of:000000000000000d:1,0.002,0.0025,0.002,0.002,1.8,2026-06-18T05:59:23,0.002,1.76
route_mutation,20260618T055923_764690,of:0000000000000006:2 -> of:000000000000000a:2,0.002,0.0025,0.002,0.001,1.37,2026-06-18T05:59:23,0.002,1.43
route_mutation,20260618T055923_764690,of:0000000000000003:1 -> of:000000000000000b:5,0.001,0.00125,0.001,0.001,1.27,2026-06-18T05:59:23,0.001,1.37
route_mutation,20260618T055923_764690,of:0000000000000007:1 -> of:000000000000000d:5,0.002,0.0025,0.002,0.002,1.63,2026-06-18T05:59:23,0.002,1.76
route_mutation,20260618T055923_764690,of:0000000000000007:2 -> of:000000000000000a:3,0.002,0.0025,0.002,0.002,1.43,2026-06-18T05:59:23,0.002,1.43
route_mutation,20260618T055923_764690,of:0000000000000002:2 -> of:0000000000000008:2,0.002,0.0025,0.002,0.001,1.4,2026-06-18T05:59:23,0.002,1.47
route_mutation,20260618T055923_764690,of:0000000000000008:1 -> of:000000000000000b:6,0.001,0.00125,0.001,0.001,1.37,2026-06-18T05:59:23,0.001,1.37
route_mutation,20260618T055923_764690,of:0000000000000009:1 -> of:000000000000000c:6,0.001,0.00125,0.001,0.001,1.37,2026-06-18T05:59:23,0.001,1.37
route_mutation,20260618T055923_764690,of:0000000000000001:2 -> of:000000000000000c:1,0.002,0.0025,0.002,0.001,1.3,2026-06-18T05:59:23,0.002,1.43
route_mutation,20260618T055923_764690,of:0000000000000003:2 -> of:0000000000000008:3,0.002,0.0025,0.002,0.001,1.3,2026-06-18T05:59:23,0.002,1.43
route_mutation,20260618T055953_994673,of:0000000000000005:1 -> of:000000000000000c:5,0.002,0.0025,0.002,0.001,1.46,2026-06-18T05:59:53,0.002,1.53
route_mutation,20260618T055953_994673,of:000000000000000a:1 -> of:000000000000000d:6,0.002,0.0025,0.002,0.002,1.53,2026-06-18T05:59:53,0.002,1.53
route_mutation,20260618T055953_994673,of:000000000000000b:2 -> of:000000000000000c:2,0.002,0.0025,0.002,0.002,1.73,2026-06-18T05:59:53,0.002,1.73
route_mutation,20260618T055953_994673,of:0000000000000004:2 -> of:0000000000000009:2,0.002,0.0025,0.002,0.002,1.66,2026-06-18T05:59:53,0.002,1.73
route_mutation,20260618T055953_994673,of:0000000000000005:2 -> of:0000000000000009:3,0.002,0.0025,0.002,0.002,1.66,2026-06-18T05:59:53,0.002,1.73
route_mutation,20260618T055953_994673,of:000000000000000b:3 -> of:000000000000000d:2,0.002,0.0025,0.002,0.002,1.89,2026-06-18T05:59:53,0.002,1.89
route_mutation,20260618T055953_994673,of:0000000000000004:1 -> of:000000000000000c:4,0.002,0.0025,0.002,0.001,1.46,2026-06-18T05:59:53,0.002,1.53
route_mutation,20260618T055953_994673,of:000000000000000c:3 -> of:000000000000000d:3,0.002,0.0025,0.002,0.002,1.73,2026-06-18T05:59:53,0.002,1.73
route_mutation,20260618T055953_994673,of:0000000000000001:1 -> of:000000000000000b:1,0.003,0.00375,0.003,0.003,2.86,2026-06-18T05:59:53,0.003,2.93
route_mutation,20260618T055953_994673,of:0000000000000006:1 -> of:000000000000000d:4,0.002,0.0025,0.002,0.002,1.76,2026-06-18T05:59:53,0.002,1.83
route_mutation,20260618T055953_994673,of:0000000000000002:1 -> of:000000000000000b:4,0.002,0.0025,0.002,0.002,2.59,2026-06-18T05:59:53,0.002,2.66
route_mutation,20260618T055953_994673,of:0000000000000001:3 -> of:000000000000000d:1,0.002,0.0025,0.002,0.002,1.6,2026-06-18T05:59:53,0.002,1.66
route_mutation,20260618T055953_994673,of:0000000000000006:2 -> of:000000000000000a:2,0.002,0.0025,0.002,0.002,1.66,2026-06-18T05:59:53,0.002,1.73
route_mutation,20260618T055953_994673,of:0000000000000003:1 -> of:000000000000000b:5,0.002,0.0025,0.002,0.002,1.96,2026-06-18T05:59:53,0.002,1.96
route_mutation,20260618T055953_994673,of:0000000000000007:1 -> of:000000000000000d:5,0.002,0.0025,0.002,0.001,1.46,2026-06-18T05:59:53,0.002,1.53
route_mutation,20260618T055953_994673,of:0000000000000007:2 -> of:000000000000000a:3,0.002,0.0025,0.002,0.002,1.66,2026-06-18T05:59:53,0.002,1.73
route_mutation,20260618T055953_994673,of:0000000000000002:2 -> of:0000000000000008:2,0.002,0.0025,0.002,0.002,1.66,2026-06-18T05:59:53,0.002,1.66
route_mutation,20260618T055953_994673,of:0000000000000008:1 -> of:000000000000000b:6,0.001,0.00125,0.001,0.001,1.46,2026-06-18T05:59:53,0.001,1.46
route_mutation,20260618T055953_994673,of:0000000000000009:1 -> of:000000000000000c:6,0.002,0.0025,0.002,0.002,1.53,2026-06-18T05:59:53,0.002,1.53
route_mutation,20260618T055953_994673,of:0000000000000001:2 -> of:000000000000000c:1,0.002,0.0025,0.002,0.001,1.5,2026-06-18T05:59:53,0.002,1.56
route_mutation,20260618T055953_994673,of:0000000000000003:2 -> of:0000000000000008:3,0.002,0.0025,0.002,0.002,1.73,2026-06-18T05:59:53,0.002,1.66
ip_shuffle,20260618T060024_266615,of:0000000000000005:1 -> of:000000000000000c:5,0.002,0.0025,0.002,0.002,2.26,2026-06-18T06:00:24,0.002,2.16
ip_shuffle,20260618T060024_266615,of:000000000000000a:1 -> of:000000000000000d:6,0.001,0.00125,0.001,0.001,1.36,2026-06-18T06:00:24,0.001,1.36
ip_shuffle,20260618T060024_266615,of:000000000000000b:2 -> of:000000000000000c:2,0.001,0.00125,0.001,0.001,1.53,2026-06-18T06:00:24,0.001,1.53
ip_shuffle,20260618T060024_266615,of:0000000000000004:2 -> of:0000000000000009:2,0.002,0.0025,0.002,0.002,1.56,2026-06-18T06:00:24,0.001,1.43
ip_shuffle,20260618T060024_266615,of:0000000000000005:2 -> of:0000000000000009:3,0.002,0.0025,0.002,0.002,1.6,2026-06-18T06:00:24,0.001,1.46
ip_shuffle,20260618T060024_266615,of:000000000000000b:3 -> of:000000000000000d:2,0.001,0.00125,0.001,0.001,1.53,2026-06-18T06:00:24,0.001,1.53
ip_shuffle,20260618T060024_266615,of:0000000000000004:1 -> of:000000000000000c:4,0.002,0.0025,0.002,0.002,2.23,2026-06-18T06:00:24,0.002,2.16
ip_shuffle,20260618T060024_266615,of:000000000000000c:3 -> of:000000000000000d:3,0.001,0.00125,0.001,0.001,1.53,2026-06-18T06:00:24,0.001,1.53
ip_shuffle,20260618T060024_266615,of:0000000000000001:1 -> of:000000000000000b:1,0.002,0.0025,0.002,0.002,2.06,2026-06-18T06:00:24,0.002,1.86
ip_shuffle,20260618T060024_266615,of:0000000000000006:1 -> of:000000000000000d:4,0.002,0.0025,0.002,0.002,2.13,2026-06-18T06:00:24,0.002,1.96
ip_shuffle,20260618T060024_266615,of:0000000000000002:1 -> of:000000000000000b:4,0.002,0.0025,0.002,0.002,1.43,2026-06-18T06:00:24,0.001,1.36
ip_shuffle,20260618T060024_266615,of:0000000000000001:3 -> of:000000000000000d:1,0.002,0.0025,0.002,0.002,2.03,2026-06-18T06:00:24,0.002,1.93
ip_shuffle,20260618T060024_266615,of:0000000000000006:2 -> of:000000000000000a:2,0.002,0.0025,0.002,0.002,1.63,2026-06-18T06:00:24,0.001,1.5
ip_shuffle,20260618T060024_266615,of:0000000000000003:1 -> of:000000000000000b:5,0.002,0.0025,0.002,0.002,2.0,2026-06-18T06:00:24,0.002,1.93
ip_shuffle,20260618T060024_266615,of:0000000000000007:1 -> of:000000000000000d:5,0.002,0.0025,0.002,0.002,1.46,2026-06-18T06:00:24,0.001,1.36
ip_shuffle,20260618T060024_266615,of:0000000000000007:2 -> of:000000000000000a:3,0.002,0.0025,0.002,0.002,1.56,2026-06-18T06:00:24,0.001,1.5
ip_shuffle,20260618T060024_266615,of:0000000000000002:2 -> of:0000000000000008:2,0.002,0.0025,0.002,0.002,1.56,2026-06-18T06:00:24,0.001,1.5
ip_shuffle,20260618T060024_266615,of:0000000000000008:1 -> of:000000000000000b:6,0.001,0.00125,0.001,0.001,1.4,2026-06-18T06:00:24,0.001,1.43
ip_shuffle,20260618T060024_266615,of:0000000000000009:1 -> of:000000000000000c:6,0.001,0.00125,0.001,0.001,1.33,2026-06-18T06:00:24,0.001,1.36
ip_shuffle,20260618T060024_266615,of:0000000000000001:2 -> of:000000000000000c:1,0.003,0.00375,0.003,0.003,3.1,2026-06-18T06:00:24,0.003,2.9
ip_shuffle,20260618T060024_266615,of:0000000000000003:2 -> of:0000000000000008:3,0.002,0.0025,0.002,0.002,1.56,2026-06-18T06:00:24,0.001,1.5
route_mutation,20260618T060121_897130,of:0000000000000005:1 -> of:000000000000000c:5,0.002,0.0025,0.002,0.002,1.7,2026-06-18T06:01:21,0.002,1.73
route_mutation,20260618T060121_897130,of:000000000000000a:1 -> of:000000000000000d:6,0.002,0.0025,0.002,0.002,1.73,2026-06-18T06:01:21,0.002,1.73
route_mutation,20260618T060121_897130,of:000000000000000b:2 -> of:000000000000000c:2,0.002,0.0025,0.002,0.002,2.13,2026-06-18T06:01:21,0.002,2.13
route_mutation,20260618T060121_897130,of:0000000000000004:2 -> of:0000000000000009:2,0.002,0.0025,0.002,0.002,2.16,2026-06-18T06:01:21,0.002,2.23
route_mutation,20260618T060121_897130,of:0000000000000005:2 -> of:0000000000000009:3,0.002,0.0025,0.002,0.002,2.13,2026-06-18T06:01:21,0.002,2.2
route_mutation,20260618T060121_897130,of:000000000000000b:3 -> of:000000000000000d:2,0.002,0.0025,0.002,0.002,2.13,2026-06-18T06:01:21,0.002,2.13
route_mutation,20260618T060121_897130,of:0000000000000004:1 -> of:000000000000000c:4,0.002,0.0025,0.002,0.002,1.73,2026-06-18T06:01:21,0.002,1.73
route_mutation,20260618T060121_897130,of:000000000000000c:3 -> of:000000000000000d:3,0.002,0.0025,0.002,0.002,2.13,2026-06-18T06:01:21,0.002,2.13
route_mutation,20260618T060121_897130,of:0000000000000001:1 -> of:000000000000000b:1,0.002,0.0025,0.002,0.002,1.66,2026-06-18T06:01:21,0.002,1.8
route_mutation,20260618T060121_897130,of:0000000000000006:1 -> of:000000000000000d:4,0.002,0.0025,0.002,0.002,2.2,2026-06-18T06:01:21,0.002,2.3
route_mutation,20260618T060121_897130,of:0000000000000002:1 -> of:000000000000000b:4,0.002,0.0025,0.002,0.002,1.73,2026-06-18T06:01:21,0.002,1.73
route_mutation,20260618T060121_897130,of:0000000000000001:3 -> of:000000000000000d:1,0.003,0.00375,0.003,0.003,3.16,2026-06-18T06:01:21,0.003,3.2
route_mutation,20260618T060121_897130,of:0000000000000006:2 -> of:000000000000000a:2,0.002,0.0025,0.002,0.002,2.1,2026-06-18T06:01:21,0.002,2.16
route_mutation,20260618T060121_897130,of:0000000000000003:1 -> of:000000000000000b:5,0.002,0.0025,0.002,0.001,1.66,2026-06-18T06:01:21,0.002,1.73
route_mutation,20260618T060121_897130,of:0000000000000007:1 -> of:000000000000000d:5,0.002,0.0025,0.002,0.002,2.7,2026-06-18T06:01:21,0.002,2.73
route_mutation,20260618T060121_897130,of:0000000000000007:2 -> of:000000000000000a:3,0.002,0.0025,0.002,0.002,2.16,2026-06-18T06:01:21,0.002,2.16
route_mutation,20260618T060121_897130,of:0000000000000002:2 -> of:0000000000000008:2,0.002,0.0025,0.002,0.002,2.16,2026-06-18T06:01:21,0.002,2.23
route_mutation,20260618T060121_897130,of:0000000000000008:1 -> of:000000000000000b:6,0.002,0.0025,0.002,0.002,1.76,2026-06-18T06:01:21,0.002,1.73
route_mutation,20260618T060121_897130,of:0000000000000009:1 -> of:000000000000000c:6,0.002,0.0025,0.002,0.002,1.76,2026-06-18T06:01:21,0.002,1.73
route_mutation,20260618T060121_897130,of:0000000000000001:2 -> of:000000000000000c:1,0.002,0.0025,0.002,0.002,1.66,2026-06-18T06:01:21,0.002,1.8
route_mutation,20260618T060121_897130,of:0000000000000003:2 -> of:0000000000000008:3,0.002,0.0025,0.002,0.002,2.1,2026-06-18T06:01:21,0.002,2.23
route_mutation,20260618T060152_140575,of:0000000000000005:1 -> of:000000000000000c:5,0.002,0.0025,0.002,0.001,1.46,2026-06-18T06:01:52,0.002,1.53
route_mutation,20260618T060152_140575,of:000000000000000a:1 -> of:000000000000000d:6,0.002,0.0025,0.002,0.002,1.53,2026-06-18T06:01:52,0.002,1.53
route_mutation,20260618T060152_140575,of:000000000000000b:2 -> of:000000000000000c:2,0.002,0.0025,0.002,0.002,1.73,2026-06-18T06:01:52,0.002,1.73
route_mutation,20260618T060152_140575,of:0000000000000004:2 -> of:0000000000000009:2,0.002,0.0025,0.002,0.002,1.66,2026-06-18T06:01:52,0.002,1.73
route_mutation,20260618T060152_140575,of:0000000000000005:2 -> of:0000000000000009:3,0.002,0.0025,0.002,0.002,1.66,2026-06-18T06:01:52,0.002,1.73
route_mutation,20260618T060152_140575,of:000000000000000b:3 -> of:000000000000000d:2,0.002,0.0025,0.002,0.002,1.73,2026-06-18T06:01:52,0.002,1.73
route_mutation,20260618T060152_140575,of:0000000000000004:1 -> of:000000000000000c:4,0.002,0.0025,0.002,0.001,1.46,2026-06-18T06:01:52,0.002,1.53
route_mutation,20260618T060152_140575,of:000000000000000c:3 -> of:000000000000000d:3,0.002,0.0025,0.002,0.002,1.73,2026-06-18T06:01:52,0.002,1.73
route_mutation,20260618T060152_140575,of:0000000000000001:1 -> of:000000000000000b:1,0.002,0.0025,0.002,0.001,1.46,2026-06-18T06:01:52,0.002,1.53
route_mutation,20260618T060152_140575,of:0000000000000006:1 -> of:000000000000000d:4,0.002,0.0025,0.002,0.001,1.46,2026-06-18T06:01:52,0.002,1.53
route_mutation,20260618T060152_140575,of:0000000000000002:1 -> of:000000000000000b:4,0.002,0.0025,0.002,0.001,1.46,2026-06-18T06:01:52,0.002,1.53
route_mutation,20260618T060152_140575,of:0000000000000001:3 -> of:000000000000000d:1,0.002,0.0025,0.002,0.002,2.2,2026-06-18T06:01:52,0.002,2.26
route_mutation,20260618T060152_140575,of:0000000000000006:2 -> of:000000000000000a:2,0.002,0.0025,0.002,0.002,1.66,2026-06-18T06:01:52,0.002,1.73
route_mutation,20260618T060152_140575,of:0000000000000003:1 -> of:000000000000000b:5,0.002,0.0025,0.002,0.002,1.53,2026-06-18T06:01:52,0.002,1.53
route_mutation,20260618T060152_140575,of:0000000000000007:1 -> of:000000000000000d:5,0.002,0.0025,0.002,0.002,2.2,2026-06-18T06:01:52,0.002,2.26
route_mutation,20260618T060152_140575,of:0000000000000007:2 -> of:000000000000000a:3,0.002,0.0025,0.002,0.002,1.66,2026-06-18T06:01:52,0.002,1.73
route_mutation,20260618T060152_140575,of:0000000000000002:2 -> of:0000000000000008:2,0.002,0.0025,0.002,0.002,1.66,2026-06-18T06:01:52,0.002,1.73
route_mutation,20260618T060152_140575,of:0000000000000008:1 -> of:000000000000000b:6,0.002,0.0025,0.002,0.002,1.53,2026-06-18T06:01:52,0.002,1.53
route_mutation,20260618T060152_140575,of:0000000000000009:1 -> of:000000000000000c:6,0.002,0.0025,0.002,0.002,1.53,2026-06-18T06:01:52,0.002,1.53
route_mutation,20260618T060152_140575,of:0000000000000001:2 -> of:000000000000000c:1,0.002,0.0025,0.002,0.001,1.46,2026-06-18T06:01:52,0.002,1.53
route_mutation,20260618T060152_140575,of:0000000000000003:2 -> of:0000000000000008:3,0.002,0.0025,0.002,0.002,1.73,2026-06-18T06:01:52,0.002,1.73
route_mutation,20260618T060222_386693,of:0000000000000005:1 -> of:000000000000000c:5,0.002,0.0025,0.002,0.002,1.53,2026-06-18T06:02:22,0.001,1.4
route_mutation,20260618T060222_386693,of:000000000000000a:1 -> of:000000000000000d:6,0.001,0.00125,0.001,0.001,1.4,2026-06-18T06:02:22,0.001,1.4
route_mutation,20260618T060222_386693,of:000000000000000b:2 -> of:000000000000000c:2,0.001,0.00125,0.001,0.001,1.6,2026-06-18T06:02:22,0.001,1.6
route_mutation,20260618T060222_386693,of:0000000000000004:2 -> of:0000000000000009:2,0.002,0.0025,0.002,0.002,1.73,2026-06-18T06:02:22,0.001,1.6
route_mutation,20260618T060222_386693,of:0000000000000005:2 -> of:0000000000000009:3,0.002,0.0025,0.002,0.002,1.73,2026-06-18T06:02:22,0.001,1.6
route_mutation,20260618T060222_386693,of:000000000000000b:3 -> of:000000000000000d:2,0.001,0.00125,0.001,0.001,1.6,2026-06-18T06:02:22,0.001,1.6
route_mutation,20260618T060222_386693,of:0000000000000004:1 -> of:000000000000000c:4,0.002,0.0025,0.002,0.002,1.53,2026-06-18T06:02:22,0.001,1.4
route_mutation,20260618T060222_386693,of:000000000000000c:3 -> of:000000000000000d:3,0.001,0.00125,0.001,0.001,1.6,2026-06-18T06:02:22,0.001,1.6
route_mutation,20260618T060222_386693,of:0000000000000001:1 -> of:000000000000000b:1,0.003,0.00375,0.003,0.003,3.0,2026-06-18T06:02:22,0.003,2.93
route_mutation,20260618T060222_386693,of:0000000000000006:1 -> of:000000000000000d:4,0.002,0.0025,0.002,0.002,1.53,2026-06-18T06:02:22,0.001,1.4
route_mutation,20260618T060222_386693,of:0000000000000002:1 -> of:000000000000000b:4,0.002,0.0025,0.002,0.002,2.56,2026-06-18T06:02:22,0.002,2.43
route_mutation,20260618T060222_386693,of:0000000000000001:3 -> of:000000000000000d:1,0.002,0.0025,0.002,0.002,1.53,2026-06-18T06:02:22,0.001,1.4
route_mutation,20260618T060222_386693,of:0000000000000006:2 -> of:000000000000000a:2,0.002,0.0025,0.002,0.002,1.73,2026-06-18T06:02:22,0.001,1.6
route_mutation,20260618T060222_386693,of:0000000000000003:1 -> of:000000000000000b:5,0.002,0.0025,0.002,0.002,2.03,2026-06-18T06:02:22,0.002,1.83
route_mutation,20260618T060222_386693,of:0000000000000007:1 -> of:000000000000000d:5,0.002,0.0025,0.002,0.002,1.53,2026-06-18T06:02:22,0.001,1.4
route_mutation,20260618T060222_386693,of:0000000000000007:2 -> of:000000000000000a:3,0.002,0.0025,0.002,0.002,1.73,2026-06-18T06:02:22,0.001,1.6
route_mutation,20260618T060222_386693,of:0000000000000002:2 -> of:0000000000000008:2,0.002,0.0025,0.002,0.002,1.73,2026-06-18T06:02:22,0.001,1.6
route_mutation,20260618T060222_386693,of:0000000000000008:1 -> of:000000000000000b:6,0.001,0.00125,0.001,0.001,1.4,2026-06-18T06:02:22,0.001,1.4
route_mutation,20260618T060222_386693,of:0000000000000009:1 -> of:000000000000000c:6,0.001,0.00125,0.001,0.001,1.4,2026-06-18T06:02:22,0.001,1.4
route_mutation,20260618T060222_386693,of:0000000000000001:2 -> of:000000000000000c:1,0.002,0.0025,0.002,0.002,1.53,2026-06-18T06:02:22,0.001,1.4
route_mutation,20260618T060222_386693,of:0000000000000003:2 -> of:0000000000000008:3,0.002,0.0025,0.002,0.002,1.73,2026-06-18T06:02:22,0.001,1.6
ip_shuffle,20260618T060252_569514,of:0000000000000005:1 -> of:000000000000000c:5,0.002,0.0025,0.002,0.002,2.36,2026-06-18T06:02:52,0.002,2.46
ip_shuffle,20260618T060252_569514,of:000000000000000a:1 -> of:000000000000000d:6,0.002,0.0025,0.002,0.002,1.66,2026-06-18T06:02:52,0.002,1.66
ip_shuffle,20260618T060252_569514,of:000000000000000b:2 -> of:000000000000000c:2,0.002,0.0025,0.002,0.002,2.0,2026-06-18T06:02:52,0.002,2.0
ip_shuffle,20260618T060252_569514,of:0000000000000004:2 -> of:0000000000000009:2,0.002,0.0025,0.002,0.002,1.86,2026-06-18T06:02:52,0.002,1.93
ip_shuffle,20260618T060252_569514,of:0000000000000005:2 -> of:0000000000000009:3,0.002,0.0025,0.002,0.002,1.86,2026-06-18T06:02:52,0.002,1.93
ip_shuffle,20260618T060252_569514,of:000000000000000b:3 -> of:000000000000000d:2,0.002,0.0025,0.002,0.002,2.0,2026-06-18T06:02:52,0.002,2.0
ip_shuffle,20260618T060252_569514,of:0000000000000004:1 -> of:000000000000000c:4,0.002,0.0025,0.002,0.002,2.36,2026-06-18T06:02:52,0.002,2.46
ip_shuffle,20260618T060252_569514,of:000000000000000c:3 -> of:000000000000000d:3,0.002,0.0025,0.002,0.002,2.0,2026-06-18T06:02:52,0.002,2.0
ip_shuffle,20260618T060252_569514,of:0000000000000001:1 -> of:000000000000000b:1,0.002,0.0025,0.002,0.002,2.2,2026-06-18T06:02:52,0.002,2.13
ip_shuffle,20260618T060252_569514,of:0000000000000006:1 -> of:000000000000000d:4,0.002,0.0025,0.002,0.002,2.56,2026-06-18T06:02:52,0.002,2.6
ip_shuffle,20260618T060252_569514,of:0000000000000002:1 -> of:000000000000000b:4,0.002,0.0025,0.002,0.002,1.53,2026-06-18T06:02:52,0.002,1.66
ip_shuffle,20260618T060252_569514,of:0000000000000001:3 -> of:000000000000000d:1,0.002,0.0025,0.002,0.002,2.5,2026-06-18T06:02:52,0.002,2.66
ip_shuffle,20260618T060252_569514,of:0000000000000006:2 -> of:000000000000000a:2,0.002,0.0025,0.002,0.002,1.9,2026-06-18T06:02:52,0.002,1.96
ip_shuffle,20260618T060252_569514,of:0000000000000003:1 -> of:000000000000000b:5,0.002,0.0025,0.002,0.002,2.06,2026-06-18T06:02:52,0.002,2.26
ip_shuffle,20260618T060252_569514,of:0000000000000007:1 -> of:000000000000000d:5,0.002,0.0025,0.002,0.002,1.6,2026-06-18T06:02:52,0.002,1.66
ip_shuffle,20260618T060252_569514,of:0000000000000007:2 -> of:000000000000000a:3,0.002,0.0025,0.002,0.002,1.9,2026-06-18T06:02:52,0.002,1.96
ip_shuffle,20260618T060252_569514,of:0000000000000002:2 -> of:0000000000000008:2,0.002,0.0025,0.002,0.002,1.83,2026-06-18T06:02:52,0.002,1.9
ip_shuffle,20260618T060252_569514,of:0000000000000008:1 -> of:000000000000000b:6,0.002,0.0025,0.002,0.002,1.63,2026-06-18T06:02:52,0.002,1.66
ip_shuffle,20260618T060252_569514,of:0000000000000009:1 -> of:000000000000000c:6,0.002,0.0025,0.002,0.002,1.63,2026-06-18T06:02:52,0.002,1.66
ip_shuffle,20260618T060252_569514,of:0000000000000001:2 -> of:000000000000000c:1,0.003,0.00375,0.003,0.003,3.2,2026-06-18T06:02:52,0.003,3.2
ip_shuffle,20260618T060252_569514,of:0000000000000003:2 -> of:0000000000000008:3,0.002,0.0025,0.002,0.002,1.76,2026-06-18T06:02:52,0.002,1.9
route_mutation,20260618T060350_204672,of:0000000000000005:1 -> of:000000000000000c:5,0.002,0.0025,0.002,0.002,1.53,2026-06-18T06:03:50,0.001,1.43
route_mutation,20260618T060350_204672,of:000000000000000a:1 -> of:000000000000000d:6,0.001,0.00125,0.001,0.001,1.43,2026-06-18T06:03:50,0.001,1.43
route_mutation,20260618T060350_204672,of:000000000000000b:2 -> of:000000000000000c:2,0.001,0.00125,0.001,0.001,1.66,2026-06-18T06:03:50,0.001,1.66
route_mutation,20260618T060350_204672,of:0000000000000004:2 -> of:0000000000000009:2,0.002,0.0025,0.002,0.002,1.76,2026-06-18T06:03:50,0.001,1.63
route_mutation,20260618T060350_204672,of:0000000000000005:2 -> of:0000000000000009:3,0.002,0.0025,0.002,0.002,1.76,2026-06-18T06:03:50,0.001,1.63
route_mutation,20260618T060350_204672,of:000000000000000b:3 -> of:000000000000000d:2,0.001,0.00125,0.001,0.001,1.66,2026-06-18T06:03:50,0.001,1.66
route_mutation,20260618T060350_204672,of:0000000000000004:1 -> of:000000000000000c:4,0.002,0.0025,0.002,0.002,1.53,2026-06-18T06:03:50,0.001,1.43
route_mutation,20260618T060350_204672,of:000000000000000c:3 -> of:000000000000000d:3,0.001,0.00125,0.001,0.001,1.66,2026-06-18T06:03:50,0.001,1.66
route_mutation,20260618T060350_204672,of:0000000000000001:1 -> of:000000000000000b:1,0.003,0.00375,0.003,0.003,2.86,2026-06-18T06:03:50,0.003,2.83
route_mutation,20260618T060350_204672,of:0000000000000006:1 -> of:000000000000000d:4,0.002,0.0025,0.002,0.002,2.16,2026-06-18T06:03:50,0.002,2.06
route_mutation,20260618T060350_204672,of:0000000000000002:1 -> of:000000000000000b:4,0.002,0.0025,0.002,0.002,2.56,2026-06-18T06:03:50,0.002,2.46
route_mutation,20260618T060350_204672,of:0000000000000001:3 -> of:000000000000000d:1,0.002,0.0025,0.002,0.002,2.2,2026-06-18T06:03:50,0.002,2.0
route_mutation,20260618T060350_204672,of:0000000000000006:2 -> of:000000000000000a:2,0.002,0.0025,0.002,0.002,1.76,2026-06-18T06:03:50,0.001,1.63
route_mutation,20260618T060350_204672,of:0000000000000003:1 -> of:000000000000000b:5,0.002,0.0025,0.002,0.002,1.93,2026-06-18T06:03:50,0.002,1.76
route_mutation,20260618T060350_204672,of:0000000000000007:1 -> of:000000000000000d:5,0.002,0.0025,0.002,0.002,1.56,2026-06-18T06:03:50,0.001,1.43
route_mutation,20260618T060350_204672,of:0000000000000007:2 -> of:000000000000000a:3,0.002,0.0025,0.002,0.002,1.8,2026-06-18T06:03:50,0.001,1.66
route_mutation,20260618T060350_204672,of:0000000000000002:2 -> of:0000000000000008:2,0.002,0.0025,0.002,0.002,1.76,2026-06-18T06:03:50,0.001,1.63
route_mutation,20260618T060350_204672,of:0000000000000008:1 -> of:000000000000000b:6,0.001,0.00125,0.001,0.001,1.43,2026-06-18T06:03:50,0.001,1.43
route_mutation,20260618T060350_204672,of:0000000000000009:1 -> of:000000000000000c:6,0.001,0.00125,0.001,0.001,1.43,2026-06-18T06:03:50,0.001,1.43
route_mutation,20260618T060350_204672,of:0000000000000001:2 -> of:000000000000000c:1,0.002,0.0025,0.002,0.002,1.56,2026-06-18T06:03:50,0.001,1.37
route_mutation,20260618T060350_204672,of:0000000000000003:2 -> of:0000000000000008:3,0.002,0.0025,0.002,0.002,1.76,2026-06-18T06:03:50,0.001,1.63
route_mutation,20260618T060420_453447,of:0000000000000005:1 -> of:000000000000000c:5,0.002,0.0025,0.002,0.002,2.33,2026-06-18T06:04:20,0.002,2.43
route_mutation,20260618T060420_453447,of:000000000000000a:1 -> of:000000000000000d:6,0.002,0.0025,0.002,0.002,1.63,2026-06-18T06:04:20,0.002,1.66
route_mutation,20260618T060420_453447,of:000000000000000b:2 -> of:000000000000000c:2,0.002,0.0025,0.002,0.002,1.9,2026-06-18T06:04:20,0.002,1.9
route_mutation,20260618T060420_453447,of:0000000000000004:2 -> of:0000000000000009:2,0.002,0.0025,0.002,0.002,1.8,2026-06-18T06:04:20,0.002,1.86
route_mutation,20260618T060420_453447,of:0000000000000005:2 -> of:0000000000000009:3,0.002,0.0025,0.002,0.002,1.8,2026-06-18T06:04:20,0.002,1.86
route_mutation,20260618T060420_453447,of:000000000000000b:3 -> of:000000000000000d:2,0.002,0.0025,0.002,0.002,1.9,2026-06-18T06:04:20,0.002,1.9
route_mutation,20260618T060420_453447,of:0000000000000004:1 -> of:000000000000000c:4,0.002,0.0025,0.002,0.002,2.33,2026-06-18T06:04:20,0.002,2.43
route_mutation,20260618T060420_453447,of:000000000000000c:3 -> of:000000000000000d:3,0.002,0.0025,0.002,0.002,1.93,2026-06-18T06:04:20,0.002,1.93
route_mutation,20260618T060420_453447,of:0000000000000001:1 -> of:000000000000000b:1,0.002,0.0025,0.002,0.002,2.3,2026-06-18T06:04:20,0.002,2.23
route_mutation,20260618T060420_453447,of:0000000000000006:1 -> of:000000000000000d:4,0.002,0.0025,0.002,0.002,2.5,2026-06-18T06:04:20,0.002,2.5
route_mutation,20260618T060420_453447,of:0000000000000002:1 -> of:000000000000000b:4,0.002,0.0025,0.002,0.002,1.53,2026-06-18T06:04:20,0.002,1.6
route_mutation,20260618T060420_453447,of:0000000000000001:3 -> of:000000000000000d:1,0.002,0.0025,0.002,0.002,2.36,2026-06-18T06:04:20,0.002,2.56
route_mutation,20260618T060420_453447,of:0000000000000006:2 -> of:000000000000000a:2,0.002,0.0025,0.002,0.002,1.83,2026-06-18T06:04:20,0.002,1.9
route_mutation,20260618T060420_453447,of:0000000000000003:1 -> of:000000000000000b:5,0.002,0.0025,0.002,0.002,2.23,2026-06-18T06:04:20,0.002,2.33
route_mutation,20260618T060420_453447,of:0000000000000007:1 -> of:000000000000000d:5,0.002,0.0025,0.002,0.002,1.53,2026-06-18T06:04:20,0.002,1.63
route_mutation,20260618T060420_453447,of:0000000000000007:2 -> of:000000000000000a:3,0.002,0.0025,0.002,0.002,1.8,2026-06-18T06:04:20,0.002,1.86
route_mutation,20260618T060420_453447,of:0000000000000002:2 -> of:0000000000000008:2,0.002,0.0025,0.002,0.002,1.8,2026-06-18T06:04:20,0.002,1.86
route_mutation,20260618T060420_453447,of:0000000000000008:1 -> of:000000000000000b:6,0.002,0.0025,0.002,0.002,1.63,2026-06-18T06:04:20,0.002,1.63
route_mutation,20260618T060420_453447,of:0000000000000009:1 -> of:000000000000000c:6,0.002,0.0025,0.002,0.002,1.63,2026-06-18T06:04:20,0.002,1.66
route_mutation,20260618T060420_453447,of:0000000000000001:2 -> of:000000000000000c:1,0.003,0.00375,0.003,0.003,3.16,2026-06-18T06:04:20,0.003,3.23
route_mutation,20260618T060420_453447,of:0000000000000003:2 -> of:0000000000000008:3,0.002,0.0025,0.002,0.002,1.8,2026-06-18T06:04:20,0.002,1.86
ip_shuffle,20260618T060450_695036,of:0000000000000005:1 -> of:000000000000000c:5,0.002,0.0025,0.002,0.002,1.73,2026-06-18T06:04:50,0.002,1.73
ip_shuffle,20260618T060450_695036,of:000000000000000a:1 -> of:000000000000000d:6,0.002,0.0025,0.002,0.002,1.76,2026-06-18T06:04:50,0.002,1.73
ip_shuffle,20260618T060450_695036,of:000000000000000b:2 -> of:000000000000000c:2,0.002,0.0025,0.002,0.002,2.16,2026-06-18T06:04:50,0.002,2.16
ip_shuffle,20260618T060450_695036,of:0000000000000004:2 -> of:0000000000000009:2,0.002,0.0025,0.002,0.002,2.16,2026-06-18T06:04:50,0.002,2.23
ip_shuffle,20260618T060450_695036,of:0000000000000005:2 -> of:0000000000000009:3,0.002,0.0025,0.002,0.002,2.16,2026-06-18T06:04:50,0.002,2.23
ip_shuffle,20260618T060450_695036,of:000000000000000b:3 -> of:000000000000000d:2,0.002,0.0025,0.002,0.002,2.16,2026-06-18T06:04:50,0.002,2.16
ip_shuffle,20260618T060450_695036,of:0000000000000004:1 -> of:000000000000000c:4,0.002,0.0025,0.002,0.002,1.73,2026-06-18T06:04:50,0.002,1.73
ip_shuffle,20260618T060450_695036,of:000000000000000c:3 -> of:000000000000000d:3,0.002,0.0025,0.002,0.002,2.13,2026-06-18T06:04:50,0.002,2.13
ip_shuffle,20260618T060450_695036,of:0000000000000001:1 -> of:000000000000000b:1,0.002,0.0025,0.002,0.002,1.7,2026-06-18T06:04:50,0.002,1.8
ip_shuffle,20260618T060450_695036,of:0000000000000006:1 -> of:000000000000000d:4,0.002,0.0025,0.002,0.002,1.86,2026-06-18T06:04:50,0.002,1.96
ip_shuffle,20260618T060450_695036,of:0000000000000002:1 -> of:000000000000000b:4,0.002,0.0025,0.002,0.002,1.73,2026-06-18T06:04:50,0.002,1.76
ip_shuffle,20260618T060450_695036,of:0000000000000001:3 -> of:000000000000000d:1,0.003,0.00375,0.003,0.003,3.23,2026-06-18T06:04:50,0.003,3.16
ip_shuffle,20260618T060450_695036,of:0000000000000006:2 -> of:000000000000000a:2,0.002,0.0025,0.002,0.002,2.13,2026-06-18T06:04:50,0.002,2.2
ip_shuffle,20260618T060450_695036,of:0000000000000003:1 -> of:000000000000000b:5,0.002,0.0025,0.002,0.002,1.7,2026-06-18T06:04:50,0.002,1.76
ip_shuffle,20260618T060450_695036,of:0000000000000007:1 -> of:000000000000000d:5,0.003,0.00375,0.003,0.002,2.9,2026-06-18T06:04:50,0.003,2.93
ip_shuffle,20260618T060450_695036,of:0000000000000007:2 -> of:000000000000000a:3,0.002,0.0025,0.002,0.002,2.13,2026-06-18T06:04:50,0.002,2.2
ip_shuffle,20260618T060450_695036,of:0000000000000002:2 -> of:0000000000000008:2,0.002,0.0025,0.002,0.002,2.16,2026-06-18T06:04:50,0.002,2.23
ip_shuffle,20260618T060450_695036,of:0000000000000008:1 -> of:000000000000000b:6,0.002,0.0025,0.002,0.002,1.76,2026-06-18T06:04:50,0.002,1.76
ip_shuffle,20260618T060450_695036,of:0000000000000009:1 -> of:000000000000000c:6,0.002,0.0025,0.002,0.002,1.76,2026-06-18T06:04:50,0.002,1.73
ip_shuffle,20260618T060450_695036,of:0000000000000001:2 -> of:000000000000000c:1,0.002,0.0025,0.002,0.002,1.66,2026-06-18T06:04:50,0.002,1.8
ip_shuffle,20260618T060450_695036,of:0000000000000003:2 -> of:0000000000000008:3,0.002,0.0025,0.002,0.002,2.16,2026-06-18T06:04:50,0.002,2.23
ip_shuffle,20260618T060548_345526,of:0000000000000005:1 -> of:000000000000000c:5,0.002,0.0025,0.002,0.002,2.46,2026-06-18T06:05:48,0.002,2.46
ip_shuffle,20260618T060548_345526,of:000000000000000a:1 -> of:000000000000000d:6,0.002,0.0025,0.002,0.002,1.66,2026-06-18T06:05:48,0.002,1.63
ip_shuffle,20260618T060548_345526,of:000000000000000b:2 -> of:000000000000000c:2,0.002,0.0025,0.002,0.002,2.03,2026-06-18T06:05:48,0.002,2.0
ip_shuffle,20260618T060548_345526,of:0000000000000004:2 -> of:0000000000000009:2,0.002,0.0025,0.002,0.002,1.93,2026-06-18T06:05:48,0.002,2.0
ip_shuffle,20260618T060548_345526,of:0000000000000005:2 -> of:0000000000000009:3,0.002,0.0025,0.002,0.002,1.93,2026-06-18T06:05:48,0.002,2.0
ip_shuffle,20260618T060548_345526,of:000000000000000b:3 -> of:000000000000000d:2,0.002,0.0025,0.002,0.002,1.96,2026-06-18T06:05:48,0.002,1.96
ip_shuffle,20260618T060548_345526,of:0000000000000004:1 -> of:000000000000000c:4,0.002,0.0025,0.002,0.002,2.46,2026-06-18T06:05:48,0.002,2.46
ip_shuffle,20260618T060548_345526,of:000000000000000c:3 -> of:000000000000000d:3,0.002,0.0025,0.002,0.002,1.96,2026-06-18T06:05:48,0.002,1.96
ip_shuffle,20260618T060548_345526,of:0000000000000001:1 -> of:000000000000000b:1,0.002,0.0025,0.002,0.002,2.13,2026-06-18T06:05:48,0.002,2.26
ip_shuffle,20260618T060548_345526,of:0000000000000006:1 -> of:000000000000000d:4,0.003,0.00375,0.003,0.003,3.0,2026-06-18T06:05:48,0.003,3.03
ip_shuffle,20260618T060548_345526,of:0000000000000002:1 -> of:000000000000000b:4,0.002,0.0025,0.002,0.002,1.63,2026-06-18T06:05:48,0.002,1.6
ip_shuffle,20260618T060548_345526,of:0000000000000001:3 -> of:000000000000000d:1,0.003,0.00375,0.003,0.003,3.1,2026-06-18T06:05:48,0.003,2.96
ip_shuffle,20260618T060548_345526,of:0000000000000006:2 -> of:000000000000000a:2,0.002,0.0025,0.002,0.002,1.96,2026-06-18T06:05:48,0.002,2.03
ip_shuffle,20260618T060548_345526,of:0000000000000003:1 -> of:000000000000000b:5,0.002,0.0025,0.002,0.002,2.33,2026-06-18T06:05:48,0.002,2.4
ip_shuffle,20260618T060548_345526,of:0000000000000007:1 -> of:000000000000000d:5,0.002,0.0025,0.002,0.002,1.63,2026-06-18T06:05:48,0.002,1.63
ip_shuffle,20260618T060548_345526,of:0000000000000007:2 -> of:000000000000000a:3,0.002,0.0025,0.002,0.002,1.96,2026-06-18T06:05:48,0.002,2.03
ip_shuffle,20260618T060548_345526,of:0000000000000002:2 -> of:0000000000000008:2,0.002,0.0025,0.002,0.002,1.96,2026-06-18T06:05:48,0.002,1.96
ip_shuffle,20260618T060548_345526,of:0000000000000008:1 -> of:000000000000000b:6,0.002,0.0025,0.002,0.002,1.66,2026-06-18T06:05:48,0.002,1.66
ip_shuffle,20260618T060548_345526,of:0000000000000009:1 -> of:000000000000000c:6,0.002,0.0025,0.002,0.002,1.66,2026-06-18T06:05:48,0.002,1.66
ip_shuffle,20260618T060548_345526,of:0000000000000001:2 -> of:000000000000000c:1,0.003,0.00375,0.003,0.003,3.26,2026-06-18T06:05:48,0.003,3.26
ip_shuffle,20260618T060548_345526,of:0000000000000003:2 -> of:0000000000000008:3,0.002,0.0025,0.002,0.002,1.93,2026-06-18T06:05:48,0.002,2.0
ip_shuffle,20260618T060645_964233,of:0000000000000005:1 -> of:000000000000000c:5,0.002,0.0025,0.002,0.002,1.43,2026-06-18T06:06:45,0.001,1.33
ip_shuffle,20260618T060645_964233,of:000000000000000a:1 -> of:000000000000000d:6,0.001,0.00125,0.001,0.001,1.4,2026-06-18T06:06:45,0.001,1.4
ip_shuffle,20260618T060645_964233,of:000000000000000b:2 -> of:000000000000000c:2,0.001,0.00125,0.001,0.001,1.46,2026-06-18T06:06:45,0.001,1.46
ip_shuffle,20260618T060645_964233,of:0000000000000004:2 -> of:0000000000000009:2,0.002,0.0025,0.002,0.002,1.56,2026-06-18T06:06:45,0.001,1.43
ip_shuffle,20260618T060645_964233,of:0000000000000005:2 -> of:0000000000000009:3,0.002,0.0025,0.002,0.002,1.56,2026-06-18T06:06:45,0.001,1.43
ip_shuffle,20260618T060645_964233,of:000000000000000b:3 -> of:000000000000000d:2,0.002,0.0025,0.002,0.002,1.53,2026-06-18T06:06:45,0.002,1.53
ip_shuffle,20260618T060645_964233,of:0000000000000004:1 -> of:000000000000000c:4,0.002,0.0025,0.002,0.002,1.43,2026-06-18T06:06:45,0.001,1.33
ip_shuffle,20260618T060645_964233,of:000000000000000c:3 -> of:000000000000000d:3,0.002,0.0025,0.002,0.002,1.53,2026-06-18T06:06:45,0.002,1.53
ip_shuffle,20260618T060645_964233,of:0000000000000001:1 -> of:000000000000000b:1,0.003,0.00375,0.003,0.003,2.93,2026-06-18T06:06:45,0.003,2.8
ip_shuffle,20260618T060645_964233,of:0000000000000006:1 -> of:000000000000000d:4,0.002,0.0025,0.002,0.002,1.96,2026-06-18T06:06:45,0.002,1.96
ip_shuffle,20260618T060645_964233,of:0000000000000002:1 -> of:000000000000000b:4,0.002,0.0025,0.002,0.002,2.63,2026-06-18T06:06:45,0.002,2.5
ip_shuffle,20260618T060645_964233,of:0000000000000001:3 -> of:000000000000000d:1,0.002,0.0025,0.002,0.002,1.6,2026-06-18T06:06:45,0.002,1.9
ip_shuffle,20260618T060645_964233,of:0000000000000006:2 -> of:000000000000000a:2,0.002,0.0025,0.002,0.002,1.56,2026-06-18T06:06:45,0.001,1.43
ip_shuffle,20260618T060645_964233,of:0000000000000003:1 -> of:000000000000000b:5,0.002,0.0025,0.002,0.002,1.7,2026-06-18T06:06:45,0.002,1.56
ip_shuffle,20260618T060645_964233,of:0000000000000007:1 -> of:000000000000000d:5,0.001,0.00125,0.001,0.001,1.36,2026-06-18T06:06:45,0.001,1.4
ip_shuffle,20260618T060645_964233,of:0000000000000007:2 -> of:000000000000000a:3,0.001,0.00125,0.001,0.001,1.5,2026-06-18T06:06:45,0.001,1.43
ip_shuffle,20260618T060645_964233,of:0000000000000002:2 -> of:0000000000000008:2,0.002,0.0025,0.002,0.002,1.73,2026-06-18T06:06:45,0.002,1.66
ip_shuffle,20260618T060645_964233,of:0000000000000008:1 -> of:000000000000000b:6,0.001,0.00125,0.001,0.001,1.33,2026-06-18T06:06:45,0.001,1.33
ip_shuffle,20260618T060645_964233,of:0000000000000009:1 -> of:000000000000000c:6,0.001,0.00125,0.001,0.001,1.33,2026-06-18T06:06:45,0.001,1.33
ip_shuffle,20260618T060645_964233,of:0000000000000001:2 -> of:000000000000000c:1,0.001,0.00125,0.001,0.001,1.33,2026-06-18T06:06:45,0.001,1.46
ip_shuffle,20260618T060645_964233,of:0000000000000003:2 -> of:0000000000000008:3,0.002,0.0025,0.002,0.002,1.56,2026-06-18T06:06:45,0.001,1.43
route_mutation,20260618T060744_469036,of:0000000000000005:1 -> of:000000000000000c:5,0.002,0.0025,0.002,0.001,1.66,2026-06-18T06:07:44,0.002,1.76
route_mutation,20260618T060744_469036,of:000000000000000a:1 -> of:000000000000000d:6,0.002,0.0025,0.002,0.002,1.76,2026-06-18T06:07:44,0.002,1.76
route_mutation,20260618T060744_469036,of:000000000000000b:2 -> of:000000000000000c:2,0.002,0.0025,0.002,0.002,2.2,2026-06-18T06:07:44,0.002,2.2
route_mutation,20260618T060744_469036,of:0000000000000004:2 -> of:0000000000000009:2,0.002,0.0025,0.002,0.002,2.23,2026-06-18T06:07:44,0.002,2.3
route_mutation,20260618T060744_469036,of:0000000000000005:2 -> of:0000000000000009:3,0.002,0.0025,0.002,0.002,2.2,2026-06-18T06:07:44,0.002,2.26
route_mutation,20260618T060744_469036,of:000000000000000b:3 -> of:000000000000000d:2,0.002,0.0025,0.002,0.002,2.2,2026-06-18T06:07:44,0.002,2.2
route_mutation,20260618T060744_469036,of:0000000000000004:1 -> of:000000000000000c:4,0.002,0.0025,0.002,0.002,1.7,2026-06-18T06:07:44,0.002,1.76
route_mutation,20260618T060744_469036,of:000000000000000c:3 -> of:000000000000000d:3,0.002,0.0025,0.002,0.002,2.2,2026-06-18T06:07:44,0.002,2.2
route_mutation,20260618T060744_469036,of:0000000000000001:1 -> of:000000000000000b:1,0.002,0.0025,0.002,0.002,1.76,2026-06-18T06:07:44,0.002,1.6
route_mutation,20260618T060744_469036,of:0000000000000006:1 -> of:000000000000000d:4,0.002,0.0025,0.002,0.002,1.96,2026-06-18T06:07:44,0.002,2.06
route_mutation,20260618T060744_469036,of:0000000000000002:1 -> of:000000000000000b:4,0.002,0.0025,0.002,0.002,1.6,2026-06-18T06:07:44,0.002,1.83
route_mutation,20260618T060744_469036,of:0000000000000001:3 -> of:000000000000000d:1,0.003,0.00375,0.003,0.002,2.83,2026-06-18T06:07:44,0.003,3.0
route_mutation,20260618T060744_469036,of:0000000000000006:2 -> of:000000000000000a:2,0.002,0.0025,0.002,0.002,2.16,2026-06-18T06:07:44,0.002,2.23
route_mutation,20260618T060744_469036,of:0000000000000003:1 -> of:000000000000000b:5,0.002,0.0025,0.002,0.002,1.73,2026-06-18T06:07:44,0.002,1.76
route_mutation,20260618T060744_469036,of:0000000000000007:1 -> of:000000000000000d:5,0.003,0.00375,0.003,0.003,2.96,2026-06-18T06:07:44,0.003,2.96
route_mutation,20260618T060744_469036,of:0000000000000007:2 -> of:000000000000000a:3,0.002,0.0025,0.002,0.002,2.23,2026-06-18T06:07:44,0.002,2.23
route_mutation,20260618T060744_469036,of:0000000000000002:2 -> of:0000000000000008:2,0.002,0.0025,0.002,0.002,2.06,2026-06-18T06:07:44,0.002,2.13
route_mutation,20260618T060744_469036,of:0000000000000008:1 -> of:000000000000000b:6,0.002,0.0025,0.002,0.002,1.8,2026-06-18T06:07:44,0.002,1.76
route_mutation,20260618T060744_469036,of:0000000000000009:1 -> of:000000000000000c:6,0.002,0.0025,0.002,0.002,1.8,2026-06-18T06:07:44,0.002,1.76
route_mutation,20260618T060744_469036,of:0000000000000001:2 -> of:000000000000000c:1,0.002,0.0025,0.002,0.002,1.76,2026-06-18T06:07:44,0.002,1.6
route_mutation,20260618T060744_469036,of:0000000000000003:2 -> of:0000000000000008:3,0.002,0.0025,0.002,0.002,2.2,2026-06-18T06:07:44,0.002,2.33
route_mutation,20260618T060814_714506,of:0000000000000005:1 -> of:000000000000000c:5,0.001,0.00125,0.001,0.001,1.33,2026-06-18T06:08:14,0.001,1.27
route_mutation,20260618T060814_714506,of:000000000000000a:1 -> of:000000000000000d:6,0.001,0.00125,0.001,0.001,1.27,2026-06-18T06:08:14,0.001,1.27
route_mutation,20260618T060814_714506,of:000000000000000b:2 -> of:000000000000000c:2,0.001,0.00125,0.001,0.001,1.2,2026-06-18T06:08:14,0.001,1.2
route_mutation,20260618T060814_714506,of:0000000000000004:2 -> of:0000000000000009:2,0.001,0.00125,0.001,0.001,1.33,2026-06-18T06:08:14,0.001,1.2
route_mutation,20260618T060814_714506,of:0000000000000005:2 -> of:0000000000000009:3,0.001,0.00125,0.001,0.001,1.33,2026-06-18T06:08:14,0.001,1.27
route_mutation,20260618T060814_714506,of:000000000000000b:3 -> of:000000000000000d:2,0.001,0.00125,0.001,0.001,1.27,2026-06-18T06:08:14,0.001,1.27
route_mutation,20260618T060814_714506,of:0000000000000004:1 -> of:000000000000000c:4,0.001,0.00125,0.001,0.001,1.33,2026-06-18T06:08:14,0.001,1.2
route_mutation,20260618T060814_714506,of:000000000000000c:3 -> of:000000000000000d:3,0.001,0.00125,0.001,0.001,1.27,2026-06-18T06:08:14,0.001,1.27
route_mutation,20260618T060814_714506,of:0000000000000001:1 -> of:000000000000000b:1,0.002,0.0025,0.002,0.002,2.03,2026-06-18T06:08:14,0.002,1.96
route_mutation,20260618T060814_714506,of:0000000000000006:1 -> of:000000000000000d:4,0.001,0.00125,0.001,0.001,1.33,2026-06-18T06:08:14,0.001,1.27
route_mutation,20260618T060814_714506,of:0000000000000002:1 -> of:000000000000000b:4,0.002,0.0025,0.002,0.002,1.96,2026-06-18T06:08:14,0.002,1.96
route_mutation,20260618T060814_714506,of:0000000000000001:3 -> of:000000000000000d:1,0.002,0.0025,0.002,0.001,1.2,2026-06-18T06:08:14,0.002,1.43
route_mutation,20260618T060814_714506,of:0000000000000006:2 -> of:000000000000000a:2,0.001,0.00125,0.001,0.001,1.33,2026-06-18T06:08:14,0.001,1.2
route_mutation,20260618T060814_714506,of:0000000000000003:1 -> of:000000000000000b:5,0.001,0.00125,0.001,0.001,1.33,2026-06-18T06:08:14,0.001,1.2
route_mutation,20260618T060814_714506,of:0000000000000007:1 -> of:000000000000000d:5,0.001,0.00125,0.001,0.001,1.27,2026-06-18T06:08:14,0.001,1.27
route_mutation,20260618T060814_714506,of:0000000000000007:2 -> of:000000000000000a:3,0.001,0.00125,0.001,0.001,1.27,2026-06-18T06:08:14,0.001,1.2
route_mutation,20260618T060814_714506,of:0000000000000002:2 -> of:0000000000000008:2,0.001,0.00125,0.001,0.001,1.37,2026-06-18T06:08:14,0.001,1.3
route_mutation,20260618T060814_714506,of:0000000000000008:1 -> of:000000000000000b:6,0.001,0.00125,0.001,0.001,1.2,2026-06-18T06:08:14,0.001,1.2
route_mutation,20260618T060814_714506,of:0000000000000009:1 -> of:000000000000000c:6,0.001,0.00125,0.001,0.001,1.2,2026-06-18T06:08:14,0.001,1.2
route_mutation,20260618T060814_714506,of:0000000000000001:2 -> of:000000000000000c:1,0.001,0.00125,0.001,0.001,1.2,2026-06-18T06:08:14,0.001,1.37
route_mutation,20260618T060814_714506,of:0000000000000003:2 -> of:0000000000000008:3,0.001,0.00125,0.001,0.001,1.33,2026-06-18T06:08:14,0.001,1.2
ip_shuffle,20260618T060844_953902,of:0000000000000005:1 -> of:000000000000000c:5,0.002,0.0025,0.002,0.002,2.33,2026-06-18T06:08:44,0.002,2.26
ip_shuffle,20260618T060844_953902,of:000000000000000a:1 -> of:000000000000000d:6,0.001,0.00125,0.001,0.001,1.46,2026-06-18T06:08:44,0.001,1.5
ip_shuffle,20260618T060844_953902,of:000000000000000b:2 -> of:000000000000000c:2,0.002,0.0025,0.002,0.002,1.76,2026-06-18T06:08:44,0.002,1.76
ip_shuffle,20260618T060844_953902,of:0000000000000004:2 -> of:0000000000000009:2,0.002,0.0025,0.002,0.002,1.66,2026-06-18T06:08:44,0.002,1.73
ip_shuffle,20260618T060844_953902,of:0000000000000005:2 -> of:0000000000000009:3,0.002,0.0025,0.002,0.002,1.66,2026-06-18T06:08:44,0.002,1.66
ip_shuffle,20260618T060844_953902,of:000000000000000b:3 -> of:000000000000000d:2,0.002,0.0025,0.002,0.002,1.73,2026-06-18T06:08:44,0.002,1.73
ip_shuffle,20260618T060844_953902,of:0000000000000004:1 -> of:000000000000000c:4,0.002,0.0025,0.002,0.002,2.33,2026-06-18T06:08:44,0.002,2.33
ip_shuffle,20260618T060844_953902,of:000000000000000c:3 -> of:000000000000000d:3,0.002,0.0025,0.002,0.002,1.7,2026-06-18T06:08:44,0.002,1.7
ip_shuffle,20260618T060844_953902,of:0000000000000001:1 -> of:000000000000000b:1,0.003,0.00375,0.003,0.003,2.83,2026-06-18T06:08:44,0.003,3.0
ip_shuffle,20260618T060844_953902,of:0000000000000006:1 -> of:000000000000000d:4,0.002,0.0025,0.002,0.002,1.83,2026-06-18T06:08:44,0.002,1.73
ip_shuffle,20260618T060844_953902,of:0000000000000002:1 -> of:000000000000000b:4,0.002,0.0025,0.002,0.002,1.96,2026-06-18T06:08:44,0.002,1.8
ip_shuffle,20260618T060844_953902,of:0000000000000001:3 -> of:000000000000000d:1,0.002,0.0025,0.002,0.002,1.96,2026-06-18T06:08:44,0.002,1.73
ip_shuffle,20260618T060844_953902,of:0000000000000006:2 -> of:000000000000000a:2,0.002,0.0025,0.002,0.002,1.7,2026-06-18T06:08:44,0.002,1.76
ip_shuffle,20260618T060844_953902,of:0000000000000003:1 -> of:000000000000000b:5,0.002,0.0025,0.002,0.002,2.56,2026-06-18T06:08:44,0.002,2.56
ip_shuffle,20260618T060844_953902,of:0000000000000007:1 -> of:000000000000000d:5,0.001,0.00125,0.001,0.001,1.46,2026-06-18T06:08:44,0.001,1.5
ip_shuffle,20260618T060844_953902,of:0000000000000007:2 -> of:000000000000000a:3,0.002,0.0025,0.002,0.002,1.7,2026-06-18T06:08:44,0.002,1.76
ip_shuffle,20260618T060844_953902,of:0000000000000002:2 -> of:0000000000000008:2,0.002,0.0025,0.002,0.002,1.73,2026-06-18T06:08:44,0.002,1.73
ip_shuffle,20260618T060844_953902,of:0000000000000008:1 -> of:000000000000000b:6,0.002,0.0025,0.002,0.002,1.53,2026-06-18T06:08:44,0.002,1.53
ip_shuffle,20260618T060844_953902,of:0000000000000009:1 -> of:000000000000000c:6,0.002,0.0025,0.002,0.002,1.53,2026-06-18T06:08:44,0.002,1.53
ip_shuffle,20260618T060844_953902,of:0000000000000001:2 -> of:000000000000000c:1,0.003,0.00375,0.003,0.003,3.13,2026-06-18T06:08:44,0.003,3.13
ip_shuffle,20260618T060844_953902,of:0000000000000003:2 -> of:0000000000000008:3,0.002,0.0025,0.002,0.002,1.73,2026-06-18T06:08:44,0.002,1.73
ip_shuffle,20260618T060942_786965,of:0000000000000005:1 -> of:000000000000000c:5,0.001,0.00125,0.001,0.001,1.33,2026-06-18T06:09:42,0.001,1.36
ip_shuffle,20260618T060942_786965,of:000000000000000a:1 -> of:000000000000000d:6,0.001,0.00125,0.001,0.001,1.3,2026-06-18T06:09:42,0.001,1.3
ip_shuffle,20260618T060942_786965,of:000000000000000b:2 -> of:000000000000000c:2,0.001,0.00125,0.001,0.001,1.33,2026-06-18T06:09:42,0.001,1.33
ip_shuffle,20260618T060942_786965,of:0000000000000004:2 -> of:0000000000000009:2,0.001,0.00125,0.001,0.001,1.36,2026-06-18T06:09:42,0.001,1.23
ip_shuffle,20260618T060942_786965,of:0000000000000005:2 -> of:0000000000000009:3,0.001,0.00125,0.001,0.001,1.36,2026-06-18T06:09:42,0.001,1.3
ip_shuffle,20260618T060942_786965,of:000000000000000b:3 -> of:000000000000000d:2,0.001,0.00125,0.001,0.001,1.33,2026-06-18T06:09:42,0.001,1.33
ip_shuffle,20260618T060942_786965,of:0000000000000004:1 -> of:000000000000000c:4,0.001,0.00125,0.001,0.001,1.33,2026-06-18T06:09:42,0.001,1.3
ip_shuffle,20260618T060942_786965,of:000000000000000c:3 -> of:000000000000000d:3,0.002,0.0025,0.002,0.002,1.4,2026-06-18T06:09:42,0.002,1.4
ip_shuffle,20260618T060942_786965,of:0000000000000001:1 -> of:000000000000000b:1,0.002,0.0025,0.002,0.002,2.2,2026-06-18T06:09:42,0.002,2.0
ip_shuffle,20260618T060942_786965,of:0000000000000006:1 -> of:000000000000000d:4,0.002,0.0025,0.002,0.002,1.43,2026-06-18T06:09:42,0.002,1.46
ip_shuffle,20260618T060942_786965,of:0000000000000002:1 -> of:000000000000000b:4,0.002,0.0025,0.002,0.002,2.13,2026-06-18T06:09:42,0.002,2.13
ip_shuffle,20260618T060942_786965,of:0000000000000001:3 -> of:000000000000000d:1,0.001,0.00125,0.001,0.001,1.3,2026-06-18T06:09:42,0.001,1.43
ip_shuffle,20260618T060942_786965,of:0000000000000006:2 -> of:000000000000000a:2,0.001,0.00125,0.001,0.001,1.3,2026-06-18T06:09:42,0.001,1.23
ip_shuffle,20260618T060942_786965,of:0000000000000003:1 -> of:000000000000000b:5,0.002,0.0025,0.002,0.002,1.43,2026-06-18T06:09:42,0.001,1.3
ip_shuffle,20260618T060942_786965,of:0000000000000007:1 -> of:000000000000000d:5,0.001,0.00125,0.001,0.001,1.26,2026-06-18T06:09:42,0.001,1.3
ip_shuffle,20260618T060942_786965,of:0000000000000007:2 -> of:000000000000000a:3,0.001,0.00125,0.001,0.001,1.3,2026-06-18T06:09:42,0.001,1.23
ip_shuffle,20260618T060942_786965,of:0000000000000002:2 -> of:0000000000000008:2,0.002,0.0025,0.002,0.002,1.46,2026-06-18T06:09:42,0.001,1.33
ip_shuffle,20260618T060942_786965,of:0000000000000008:1 -> of:000000000000000b:6,0.001,0.00125,0.001,0.001,1.23,2026-06-18T06:09:42,0.001,1.23
ip_shuffle,20260618T060942_786965,of:0000000000000009:1 -> of:000000000000000c:6,0.001,0.00125,0.001,0.001,1.3,2026-06-18T06:09:42,0.001,1.3
ip_shuffle,20260618T060942_786965,of:0000000000000001:2 -> of:000000000000000c:1,0.001,0.00125,0.001,0.001,1.23,2026-06-18T06:09:42,0.001,1.36
ip_shuffle,20260618T060942_786965,of:0000000000000003:2 -> of:0000000000000008:3,0.002,0.0025,0.002,0.002,1.46,2026-06-18T06:09:42,0.001,1.4
route_mutation,20260618T061040_492399,of:0000000000000005:1 -> of:000000000000000c:5,0.002,0.0025,0.002,0.002,1.79,2026-06-18T06:10:40,0.002,1.89
route_mutation,20260618T061040_492399,of:000000000000000a:1 -> of:000000000000000d:6,0.002,0.0025,0.002,0.002,1.89,2026-06-18T06:10:40,0.002,1.89
route_mutation,20260618T061040_492399,of:000000000000000b:2 -> of:000000000000000c:2,0.002,0.0025,0.002,0.002,2.46,2026-06-18T06:10:40,0.002,2.46
route_mutation,20260618T061040_492399,of:0000000000000004:2 -> of:0000000000000009:2,0.002,0.0025,0.002,0.002,2.46,2026-06-18T06:10:40,0.002,2.53
route_mutation,20260618T061040_492399,of:0000000000000005:2 -> of:0000000000000009:3,0.002,0.0025,0.002,0.002,2.46,2026-06-18T06:10:40,0.002,2.53
route_mutation,20260618T061040_492399,of:000000000000000b:3 -> of:000000000000000d:2,0.002,0.0025,0.002,0.002,2.46,2026-06-18T06:10:40,0.002,2.46
route_mutation,20260618T061040_492399,of:0000000000000004:1 -> of:000000000000000c:4,0.002,0.0025,0.002,0.002,1.79,2026-06-18T06:10:40,0.002,1.89
route_mutation,20260618T061040_492399,of:000000000000000c:3 -> of:000000000000000d:3,0.002,0.0025,0.002,0.002,2.46,2026-06-18T06:10:40,0.002,2.46
route_mutation,20260618T061040_492399,of:0000000000000001:1 -> of:000000000000000b:1,0.002,0.0025,0.002,0.002,1.83,2026-06-18T06:10:40,0.002,1.83
route_mutation,20260618T061040_492399,of:0000000000000006:1 -> of:000000000000000d:4,0.002,0.0025,0.002,0.002,2.69,2026-06-18T06:10:40,0.002,2.76
route_mutation,20260618T061040_492399,of:0000000000000002:1 -> of:000000000000000b:4,0.002,0.0025,0.002,0.002,1.76,2026-06-18T06:10:40,0.002,1.89
route_mutation,20260618T061040_492399,of:0000000000000001:3 -> of:000000000000000d:1,0.003,0.00375,0.003,0.003,3.62,2026-06-18T06:10:40,0.003,3.76
route_mutation,20260618T061040_492399,of:0000000000000006:2 -> of:000000000000000a:2,0.002,0.0025,0.002,0.002,2.49,2026-06-18T06:10:40,0.002,2.49
route_mutation,20260618T061040_492399,of:0000000000000003:1 -> of:000000000000000b:5,0.002,0.0025,0.002,0.002,1.76,2026-06-18T06:10:40,0.002,1.83
route_mutation,20260618T061040_492399,of:0000000000000007:1 -> of:000000000000000d:5,0.003,0.00375,0.003,0.003,3.06,2026-06-18T06:10:40,0.003,3.02
route_mutation,20260618T061040_492399,of:0000000000000007:2 -> of:000000000000000a:3,0.002,0.0025,0.002,0.002,2.49,2026-06-18T06:10:40,0.002,2.49
route_mutation,20260618T061040_492399,of:0000000000000002:2 -> of:0000000000000008:2,0.002,0.0025,0.002,0.002,2.36,2026-06-18T06:10:40,0.002,2.43
route_mutation,20260618T061040_492399,of:0000000000000008:1 -> of:000000000000000b:6,0.002,0.0025,0.002,0.002,1.93,2026-06-18T06:10:40,0.002,1.89
route_mutation,20260618T061040_492399,of:0000000000000009:1 -> of:000000000000000c:6,0.002,0.0025,0.002,0.002,1.93,2026-06-18T06:10:40,0.002,1.89
route_mutation,20260618T061040_492399,of:0000000000000001:2 -> of:000000000000000c:1,0.002,0.0025,0.002,0.002,1.89,2026-06-18T06:10:40,0.002,1.83
route_mutation,20260618T061040_492399,of:0000000000000003:2 -> of:0000000000000008:3,0.002,0.0025,0.002,0.002,2.36,2026-06-18T06:10:40,0.002,2.36
ip_shuffle,20260618T061110_751184,of:0000000000000005:1 -> of:000000000000000c:5,0.001,0.00125,0.001,0.001,1.33,2026-06-18T06:11:10,0.001,1.33
ip_shuffle,20260618T061110_751184,of:000000000000000a:1 -> of:000000000000000d:6,0.001,0.00125,0.001,0.001,1.27,2026-06-18T06:11:10,0.001,1.27
ip_shuffle,20260618T061110_751184,of:000000000000000b:2 -> of:000000000000000c:2,0.001,0.00125,0.001,0.001,1.27,2026-06-18T06:11:10,0.001,1.27
ip_shuffle,20260618T061110_751184,of:0000000000000004:2 -> of:0000000000000009:2,0.002,0.0025,0.002,0.002,1.47,2026-06-18T06:11:10,0.001,1.33
ip_shuffle,20260618T061110_751184,of:0000000000000005:2 -> of:0000000000000009:3,0.001,0.00125,0.001,0.001,1.33,2026-06-18T06:11:10,0.001,1.27
ip_shuffle,20260618T061110_751184,of:000000000000000b:3 -> of:000000000000000d:2,0.001,0.00125,0.001,0.001,1.33,2026-06-18T06:11:10,0.001,1.3
ip_shuffle,20260618T061110_751184,of:0000000000000004:1 -> of:000000000000000c:4,0.002,0.0025,0.002,0.002,1.5,2026-06-18T06:11:10,0.002,1.4
ip_shuffle,20260618T061110_751184,of:000000000000000c:3 -> of:000000000000000d:3,0.001,0.00125,0.001,0.001,1.33,2026-06-18T06:11:10,0.001,1.33
ip_shuffle,20260618T061110_751184,of:0000000000000001:1 -> of:000000000000000b:1,0.002,0.0025,0.002,0.002,2.23,2026-06-18T06:11:10,0.002,2.1
ip_shuffle,20260618T061110_751184,of:0000000000000006:1 -> of:000000000000000d:4,0.001,0.00125,0.001,0.001,1.27,2026-06-18T06:11:10,0.001,1.33
ip_shuffle,20260618T061110_751184,of:0000000000000002:1 -> of:000000000000000b:4,0.002,0.0025,0.002,0.002,2.16,2026-06-18T06:11:10,0.002,2.06
ip_shuffle,20260618T061110_751184,of:0000000000000001:3 -> of:000000000000000d:1,0.001,0.00125,0.001,0.001,1.33,2026-06-18T06:11:10,0.001,1.33
ip_shuffle,20260618T061110_751184,of:0000000000000006:2 -> of:000000000000000a:2,0.001,0.00125,0.001,0.001,1.27,2026-06-18T06:11:10,0.001,1.27
ip_shuffle,20260618T061110_751184,of:0000000000000003:1 -> of:000000000000000b:5,0.002,0.0025,0.002,0.002,1.43,2026-06-18T06:11:10,0.001,1.37
ip_shuffle,20260618T061110_751184,of:0000000000000007:1 -> of:000000000000000d:5,0.002,0.0025,0.002,0.001,1.37,2026-06-18T06:11:10,0.002,1.43
ip_shuffle,20260618T061110_751184,of:0000000000000007:2 -> of:000000000000000a:3,0.001,0.00125,0.001,0.001,1.27,2026-06-18T06:11:10,0.001,1.27
ip_shuffle,20260618T061110_751184,of:0000000000000002:2 -> of:0000000000000008:2,0.001,0.00125,0.001,0.001,1.33,2026-06-18T06:11:10,0.001,1.2
ip_shuffle,20260618T061110_751184,of:0000000000000008:1 -> of:000000000000000b:6,0.001,0.00125,0.001,0.001,1.2,2026-06-18T06:11:10,0.001,1.2
ip_shuffle,20260618T061110_751184,of:0000000000000009:1 -> of:000000000000000c:6,0.001,0.00125,0.001,0.001,1.27,2026-06-18T06:11:10,0.001,1.27
ip_shuffle,20260618T061110_751184,of:0000000000000001:2 -> of:000000000000000c:1,0.001,0.00125,0.001,0.001,1.27,2026-06-18T06:11:10,0.001,1.27
ip_shuffle,20260618T061110_751184,of:0000000000000003:2 -> of:0000000000000008:3,0.001,0.00125,0.001,0.001,1.33,2026-06-18T06:11:10,0.001,1.27
route_mutation,20260618T061208_294123,of:0000000000000005:1 -> of:000000000000000c:5,0.002,0.0025,0.002,0.002,1.86,2026-06-18T06:12:08,0.002,1.9
route_mutation,20260618T061208_294123,of:000000000000000a:1 -> of:000000000000000d:6,0.002,0.0025,0.002,0.002,1.9,2026-06-18T06:12:08,0.002,1.9
route_mutation,20260618T061208_294123,of:000000000000000b:2 -> of:000000000000000c:2,0.002,0.0025,0.002,0.002,2.4,2026-06-18T06:12:08,0.002,2.4
route_mutation,20260618T061208_294123,of:0000000000000004:2 -> of:0000000000000009:2,0.002,0.0025,0.002,0.002,2.26,2026-06-18T06:12:08,0.002,2.26
route_mutation,20260618T061208_294123,of:0000000000000005:2 -> of:0000000000000009:3,0.002,0.0025,0.002,0.002,2.36,2026-06-18T06:12:08,0.002,2.43
route_mutation,20260618T061208_294123,of:000000000000000b:3 -> of:000000000000000d:2,0.002,0.0025,0.002,0.002,2.4,2026-06-18T06:12:08,0.002,2.4
route_mutation,20260618T061208_294123,of:0000000000000004:1 -> of:000000000000000c:4,0.002,0.0025,0.002,0.002,1.76,2026-06-18T06:12:08,0.002,1.83
route_mutation,20260618T061208_294123,of:000000000000000c:3 -> of:000000000000000d:3,0.002,0.0025,0.002,0.002,2.4,2026-06-18T06:12:08,0.002,2.4
route_mutation,20260618T061208_294123,of:0000000000000001:1 -> of:000000000000000b:1,0.002,0.0025,0.002,0.002,1.9,2026-06-18T06:12:08,0.002,1.86
route_mutation,20260618T061208_294123,of:0000000000000006:1 -> of:000000000000000d:4,0.002,0.0025,0.002,0.002,2.4,2026-06-18T06:12:08,0.002,2.53
route_mutation,20260618T061208_294123,of:0000000000000002:1 -> of:000000000000000b:4,0.002,0.0025,0.002,0.002,1.86,2026-06-18T06:12:08,0.002,1.9
route_mutation,20260618T061208_294123,of:0000000000000001:3 -> of:000000000000000d:1,0.003,0.00375,0.003,0.003,3.46,2026-06-18T06:12:08,0.003,3.5
route_mutation,20260618T061208_294123,of:0000000000000006:2 -> of:000000000000000a:2,0.002,0.0025,0.002,0.002,2.4,2026-06-18T06:12:08,0.002,2.4
route_mutation,20260618T061208_294123,of:0000000000000003:1 -> of:000000000000000b:5,0.002,0.0025,0.002,0.002,1.76,2026-06-18T06:12:08,0.002,1.9
route_mutation,20260618T061208_294123,of:0000000000000007:1 -> of:000000000000000d:5,0.003,0.00375,0.003,0.003,3.03,2026-06-18T06:12:08,0.003,3.1
route_mutation,20260618T061208_294123,of:0000000000000007:2 -> of:000000000000000a:3,0.002,0.0025,0.002,0.002,2.4,2026-06-18T06:12:08,0.002,2.4
route_mutation,20260618T061208_294123,of:0000000000000002:2 -> of:0000000000000008:2,0.002,0.0025,0.002,0.002,2.3,2026-06-18T06:12:08,0.002,2.36
route_mutation,20260618T061208_294123,of:0000000000000008:1 -> of:000000000000000b:6,0.002,0.0025,0.002,0.002,1.9,2026-06-18T06:12:08,0.002,1.9
route_mutation,20260618T061208_294123,of:0000000000000009:1 -> of:000000000000000c:6,0.002,0.0025,0.002,0.002,1.9,2026-06-18T06:12:08,0.002,1.9
route_mutation,20260618T061208_294123,of:0000000000000001:2 -> of:000000000000000c:1,0.002,0.0025,0.002,0.002,1.9,2026-06-18T06:12:08,0.002,1.86
route_mutation,20260618T061208_294123,of:0000000000000003:2 -> of:0000000000000008:3,0.002,0.0025,0.002,0.002,2.26,2026-06-18T06:12:08,0.002,2.33
route_mutation,20260618T061238_549241,of:0000000000000005:1 -> of:000000000000000c:5,0.001,0.00125,0.001,0.001,1.27,2026-06-18T06:12:38,0.001,1.33
route_mutation,20260618T061238_549241,of:000000000000000a:1 -> of:000000000000000d:6,0.001,0.00125,0.001,0.001,1.27,2026-06-18T06:12:38,0.001,1.27
route_mutation,20260618T061238_549241,of:000000000000000b:2 -> of:000000000000000c:2,0.001,0.00125,0.001,0.001,1.33,2026-06-18T06:12:38,0.001,1.33
route_mutation,20260618T061238_549241,of:0000000000000004:2 -> of:0000000000000009:2,0.002,0.0025,0.002,0.002,1.43,2026-06-18T06:12:38,0.001,1.37
route_mutation,20260618T061238_549241,of:0000000000000005:2 -> of:0000000000000009:3,0.001,0.00125,0.001,0.001,1.27,2026-06-18T06:12:38,0.001,1.27
route_mutation,20260618T061238_549241,of:000000000000000b:3 -> of:000000000000000d:2,0.002,0.0025,0.002,0.002,1.4,2026-06-18T06:12:38,0.002,1.4
route_mutation,20260618T061238_549241,of:0000000000000004:1 -> of:000000000000000c:4,0.002,0.0025,0.002,0.002,1.43,2026-06-18T06:12:38,0.001,1.33
route_mutation,20260618T061238_549241,of:000000000000000c:3 -> of:000000000000000d:3,0.001,0.00125,0.001,0.001,1.33,2026-06-18T06:12:38,0.001,1.33
route_mutation,20260618T061238_549241,of:0000000000000001:1 -> of:000000000000000b:1,0.002,0.0025,0.002,0.002,2.56,2026-06-18T06:12:38,0.002,2.5
route_mutation,20260618T061238_549241,of:0000000000000006:1 -> of:000000000000000d:4,0.001,0.00125,0.001,0.001,1.27,2026-06-18T06:12:38,0.001,1.33
route_mutation,20260618T061238_549241,of:0000000000000002:1 -> of:000000000000000b:4,0.002,0.0025,0.002,0.002,2.4,2026-06-18T06:12:38,0.002,2.3
route_mutation,20260618T061238_549241,of:0000000000000001:3 -> of:000000000000000d:1,0.002,0.0025,0.002,0.001,1.37,2026-06-18T06:12:38,0.002,1.47
route_mutation,20260618T061238_549241,of:0000000000000006:2 -> of:000000000000000a:2,0.001,0.00125,0.001,0.001,1.27,2026-06-18T06:12:38,0.001,1.27
route_mutation,20260618T061238_549241,of:0000000000000003:1 -> of:000000000000000b:5,0.002,0.0025,0.002,0.002,1.63,2026-06-18T06:12:38,0.002,1.63
route_mutation,20260618T061238_549241,of:0000000000000007:1 -> of:000000000000000d:5,0.002,0.0025,0.002,0.002,1.4,2026-06-18T06:12:38,0.002,1.47
route_mutation,20260618T061238_549241,of:0000000000000007:2 -> of:000000000000000a:3,0.001,0.00125,0.001,0.001,1.27,2026-06-18T06:12:38,0.001,1.27
route_mutation,20260618T061238_549241,of:0000000000000002:2 -> of:0000000000000008:2,0.002,0.0025,0.002,0.002,1.43,2026-06-18T06:12:38,0.001,1.3
route_mutation,20260618T061238_549241,of:0000000000000008:1 -> of:000000000000000b:6,0.001,0.00125,0.001,0.001,1.27,2026-06-18T06:12:38,0.001,1.27
route_mutation,20260618T061238_549241,of:0000000000000009:1 -> of:000000000000000c:6,0.001,0.00125,0.001,0.001,1.27,2026-06-18T06:12:38,0.001,1.27
route_mutation,20260618T061238_549241,of:0000000000000001:2 -> of:000000000000000c:1,0.001,0.00125,0.001,0.001,1.27,2026-06-18T06:12:38,0.001,1.37
route_mutation,20260618T061238_549241,of:0000000000000003:2 -> of:0000000000000008:3,0.002,0.0025,0.002,0.002,1.43,2026-06-18T06:12:38,0.001,1.3
ip_shuffle,20260618T061308_785401,of:0000000000000005:1 -> of:000000000000000c:5,0.002,0.0025,0.002,0.002,2.36,2026-06-18T06:13:08,0.002,2.26
ip_shuffle,20260618T061308_785401,of:000000000000000a:1 -> of:000000000000000d:6,0.001,0.00125,0.001,0.001,1.46,2026-06-18T06:13:08,0.001,1.5
ip_shuffle,20260618T061308_785401,of:000000000000000b:2 -> of:000000000000000c:2,0.001,0.00125,0.001,0.001,1.66,2026-06-18T06:13:08,0.001,1.66
ip_shuffle,20260618T061308_785401,of:0000000000000004:2 -> of:0000000000000009:2,0.002,0.0025,0.002,0.002,1.7,2026-06-18T06:13:08,0.002,1.76
ip_shuffle,20260618T061308_785401,of:0000000000000005:2 -> of:0000000000000009:3,0.002,0.0025,0.002,0.002,1.73,2026-06-18T06:13:08,0.002,1.66
ip_shuffle,20260618T061308_785401,of:000000000000000b:3 -> of:000000000000000d:2,0.002,0.0025,0.002,0.002,1.76,2026-06-18T06:13:08,0.002,1.76
ip_shuffle,20260618T061308_785401,of:0000000000000004:1 -> of:000000000000000c:4,0.002,0.0025,0.002,0.002,2.33,2026-06-18T06:13:08,0.002,2.33
ip_shuffle,20260618T061308_785401,of:000000000000000c:3 -> of:000000000000000d:3,0.001,0.00125,0.001,0.001,1.66,2026-06-18T06:13:08,0.001,1.66
ip_shuffle,20260618T061308_785401,of:0000000000000001:1 -> of:000000000000000b:1,0.002,0.0025,0.002,0.002,2.2,2026-06-18T06:13:08,0.002,2.36
ip_shuffle,20260618T061308_785401,of:0000000000000006:1 -> of:000000000000000d:4,0.002,0.0025,0.002,0.002,2.26,2026-06-18T06:13:08,0.002,2.1
ip_shuffle,20260618T061308_785401,of:0000000000000002:1 -> of:000000000000000b:4,0.002,0.0025,0.002,0.002,1.6,2026-06-18T06:13:08,0.002,1.6
ip_shuffle,20260618T061308_785401,of:0000000000000001:3 -> of:000000000000000d:1,0.002,0.0025,0.002,0.002,2.53,2026-06-18T06:13:08,0.002,2.3
ip_shuffle,20260618T061308_785401,of:0000000000000006:2 -> of:000000000000000a:2,0.002,0.0025,0.002,0.002,1.66,2026-06-18T06:13:08,0.002,1.66
ip_shuffle,20260618T061308_785401,of:0000000000000003:1 -> of:000000000000000b:5,0.002,0.0025,0.002,0.002,2.33,2026-06-18T06:13:08,0.002,2.16
ip_shuffle,20260618T061308_785401,of:0000000000000007:1 -> of:000000000000000d:5,0.002,0.0025,0.002,0.002,1.66,2026-06-18T06:13:08,0.001,1.56
ip_shuffle,20260618T061308_785401,of:0000000000000007:2 -> of:000000000000000a:3,0.002,0.0025,0.002,0.002,1.66,2026-06-18T06:13:08,0.002,1.66
ip_shuffle,20260618T061308_785401,of:0000000000000002:2 -> of:0000000000000008:2,0.002,0.0025,0.002,0.002,1.73,2026-06-18T06:13:08,0.002,1.8
ip_shuffle,20260618T061308_785401,of:0000000000000008:1 -> of:000000000000000b:6,0.001,0.00125,0.001,0.001,1.46,2026-06-18T06:13:08,0.001,1.5
ip_shuffle,20260618T061308_785401,of:0000000000000009:1 -> of:000000000000000c:6,0.001,0.00125,0.001,0.001,1.46,2026-06-18T06:13:08,0.001,1.5
ip_shuffle,20260618T061308_785401,of:0000000000000001:2 -> of:000000000000000c:1,0.003,0.00375,0.003,0.003,3.09,2026-06-18T06:13:08,0.003,3.09
ip_shuffle,20260618T061308_785401,of:0000000000000003:2 -> of:0000000000000008:3,0.002,0.0025,0.002,0.002,1.73,2026-06-18T06:13:08,0.002,1.8
ip_shuffle,20260618T061406_385190,of:0000000000000005:1 -> of:000000000000000c:5,0.002,0.0025,0.002,0.002,1.5,2026-06-18T06:14:06,0.002,1.46
ip_shuffle,20260618T061406_385190,of:000000000000000a:1 -> of:000000000000000d:6,0.002,0.0025,0.002,0.002,1.4,2026-06-18T06:14:06,0.002,1.43
ip_shuffle,20260618T061406_385190,of:000000000000000b:2 -> of:000000000000000c:2,0.002,0.0025,0.002,0.002,1.46,2026-06-18T06:14:06,0.002,1.46
ip_shuffle,20260618T061406_385190,of:0000000000000004:2 -> of:0000000000000009:2,0.002,0.0025,0.002,0.002,1.5,2026-06-18T06:14:06,0.001,1.36
ip_shuffle,20260618T061406_385190,of:0000000000000005:2 -> of:0000000000000009:3,0.002,0.0025,0.002,0.002,1.56,2026-06-18T06:14:06,0.002,1.5
ip_shuffle,20260618T061406_385190,of:000000000000000b:3 -> of:000000000000000d:2,0.002,0.0025,0.002,0.002,1.63,2026-06-18T06:14:06,0.002,1.63
ip_shuffle,20260618T061406_385190,of:0000000000000004:1 -> of:000000000000000c:4,0.002,0.0025,0.002,0.002,1.43,2026-06-18T06:14:06,0.001,1.33
ip_shuffle,20260618T061406_385190,of:000000000000000c:3 -> of:000000000000000d:3,0.002,0.0025,0.002,0.002,1.5,2026-06-18T06:14:06,0.002,1.5
ip_shuffle,20260618T061406_385190,of:0000000000000001:1 -> of:000000000000000b:1,0.003,0.00375,0.003,0.003,2.73,2026-06-18T06:14:06,0.002,2.66
ip_shuffle,20260618T061406_385190,of:0000000000000006:1 -> of:000000000000000d:4,0.002,0.0025,0.002,0.001,1.3,2026-06-18T06:14:06,0.002,1.43
ip_shuffle,20260618T061406_385190,of:0000000000000002:1 -> of:000000000000000b:4,0.002,0.0025,0.002,0.002,2.46,2026-06-18T06:14:06,0.002,2.43
ip_shuffle,20260618T061406_385190,of:0000000000000001:3 -> of:000000000000000d:1,0.002,0.0025,0.002,0.002,1.5,2026-06-18T06:14:06,0.002,1.5
ip_shuffle,20260618T061406_385190,of:0000000000000006:2 -> of:000000000000000a:2,0.002,0.0025,0.002,0.001,1.36,2026-06-18T06:14:06,0.002,1.43
ip_shuffle,20260618T061406_385190,of:0000000000000003:1 -> of:000000000000000b:5,0.002,0.0025,0.002,0.002,1.76,2026-06-18T06:14:06,0.002,1.76
ip_shuffle,20260618T061406_385190,of:0000000000000007:1 -> of:000000000000000d:5,0.002,0.0025,0.002,0.002,1.6,2026-06-18T06:14:06,0.002,1.7
ip_shuffle,20260618T061406_385190,of:0000000000000007:2 -> of:000000000000000a:3,0.002,0.0025,0.002,0.001,1.4,2026-06-18T06:14:06,0.002,1.46
ip_shuffle,20260618T061406_385190,of:0000000000000002:2 -> of:0000000000000008:2,0.002,0.0025,0.002,0.002,1.5,2026-06-18T06:14:06,0.001,1.36
ip_shuffle,20260618T061406_385190,of:0000000000000008:1 -> of:000000000000000b:6,0.001,0.00125,0.001,0.001,1.33,2026-06-18T06:14:06,0.001,1.33
ip_shuffle,20260618T061406_385190,of:0000000000000009:1 -> of:000000000000000c:6,0.001,0.00125,0.001,0.001,1.33,2026-06-18T06:14:06,0.001,1.33
ip_shuffle,20260618T061406_385190,of:0000000000000001:2 -> of:000000000000000c:1,0.001,0.00125,0.001,0.001,1.33,2026-06-18T06:14:06,0.001,1.36
ip_shuffle,20260618T061406_385190,of:0000000000000003:2 -> of:0000000000000008:3,0.002,0.0025,0.002,0.002,1.5,2026-06-18T06:14:06,0.001,1.36
route_mutation,20260618T061504_003396,of:0000000000000005:1 -> of:000000000000000c:5,0.002,0.0025,0.002,0.002,1.76,2026-06-18T06:15:04,0.002,2.0
route_mutation,20260618T061504_003396,of:000000000000000a:1 -> of:000000000000000d:6,0.002,0.0025,0.002,0.002,2.0,2026-06-18T06:15:04,0.002,2.0
route_mutation,20260618T061504_003396,of:000000000000000b:2 -> of:000000000000000c:2,0.002,0.0025,0.002,0.002,2.66,2026-06-18T06:15:04,0.002,2.66
route_mutation,20260618T061504_003396,of:0000000000000004:2 -> of:0000000000000009:2,0.002,0.0025,0.002,0.002,2.5,2026-06-18T06:15:04,0.002,2.56
route_mutation,20260618T061504_003396,of:0000000000000005:2 -> of:0000000000000009:3,0.002,0.0025,0.002,0.002,2.43,2026-06-18T06:15:04,0.002,2.56
route_mutation,20260618T061504_003396,of:000000000000000b:3 -> of:000000000000000d:2,0.002,0.0025,0.002,0.002,2.66,2026-06-18T06:15:04,0.002,2.66
route_mutation,20260618T061504_003396,of:0000000000000004:1 -> of:000000000000000c:4,0.002,0.0025,0.002,0.002,1.83,2026-06-18T06:15:04,0.002,2.0
route_mutation,20260618T061504_003396,of:000000000000000c:3 -> of:000000000000000d:3,0.002,0.0025,0.002,0.002,2.66,2026-06-18T06:15:04,0.002,2.66
route_mutation,20260618T061504_003396,of:0000000000000001:1 -> of:000000000000000b:1,0.002,0.0025,0.002,0.002,2.0,2026-06-18T06:15:04,0.002,1.93
route_mutation,20260618T061504_003396,of:0000000000000006:1 -> of:000000000000000d:4,0.002,0.0025,0.002,0.002,2.73,2026-06-18T06:15:04,0.002,2.76
route_mutation,20260618T061504_003396,of:0000000000000002:1 -> of:000000000000000b:4,0.002,0.0025,0.002,0.002,1.93,2026-06-18T06:15:04,0.002,2.0
route_mutation,20260618T061504_003396,of:0000000000000001:3 -> of:000000000000000d:1,0.003,0.00375,0.003,0.003,3.69,2026-06-18T06:15:04,0.003,3.86
route_mutation,20260618T061504_003396,of:0000000000000006:2 -> of:000000000000000a:2,0.002,0.0025,0.002,0.002,2.7,2026-06-18T06:15:04,0.002,2.7
route_mutation,20260618T061504_003396,of:0000000000000003:1 -> of:000000000000000b:5,0.002,0.0025,0.002,0.002,1.86,2026-06-18T06:15:04,0.002,2.0
route_mutation,20260618T061504_003396,of:0000000000000007:1 -> of:000000000000000d:5,0.003,0.00375,0.003,0.003,3.13,2026-06-18T06:15:04,0.003,3.19
route_mutation,20260618T061504_003396,of:0000000000000007:2 -> of:000000000000000a:3,0.002,0.0025,0.002,0.002,2.66,2026-06-18T06:15:04,0.002,2.66
route_mutation,20260618T061504_003396,of:0000000000000002:2 -> of:0000000000000008:2,0.002,0.0025,0.002,0.002,2.53,2026-06-18T06:15:04,0.002,2.6
route_mutation,20260618T061504_003396,of:0000000000000008:1 -> of:000000000000000b:6,0.002,0.0025,0.002,0.002,2.0,2026-06-18T06:15:04,0.002,2.0
route_mutation,20260618T061504_003396,of:0000000000000009:1 -> of:000000000000000c:6,0.002,0.0025,0.002,0.002,2.0,2026-06-18T06:15:04,0.002,2.0
route_mutation,20260618T061504_003396,of:0000000000000001:2 -> of:000000000000000c:1,0.002,0.0025,0.002,0.002,2.0,2026-06-18T06:15:04,0.002,1.93
route_mutation,20260618T061504_003396,of:0000000000000003:2 -> of:0000000000000008:3,0.002,0.0025,0.002,0.002,2.53,2026-06-18T06:15:04,0.002,2.6
ip_shuffle,20260618T061534_246482,of:0000000000000005:1 -> of:000000000000000c:5,0.001,0.00125,0.001,0.001,1.33,2026-06-18T06:15:34,0.001,1.27
ip_shuffle,20260618T061534_246482,of:000000000000000a:1 -> of:000000000000000d:6,0.001,0.00125,0.001,0.001,1.33,2026-06-18T06:15:34,0.001,1.33
ip_shuffle,20260618T061534_246482,of:000000000000000b:2 -> of:000000000000000c:2,0.001,0.00125,0.001,0.001,1.33,2026-06-18T06:15:34,0.001,1.33
ip_shuffle,20260618T061534_246482,of:0000000000000004:2 -> of:0000000000000009:2,0.001,0.00125,0.001,0.001,1.33,2026-06-18T06:15:34,0.001,1.2
ip_shuffle,20260618T061534_246482,of:0000000000000005:2 -> of:0000000000000009:3,0.001,0.00125,0.001,0.001,1.33,2026-06-18T06:15:34,0.001,1.2
ip_shuffle,20260618T061534_246482,of:000000000000000b:3 -> of:000000000000000d:2,0.001,0.00125,0.001,0.001,1.33,2026-06-18T06:15:34,0.001,1.33
ip_shuffle,20260618T061534_246482,of:0000000000000004:1 -> of:000000000000000c:4,0.001,0.00125,0.001,0.001,1.33,2026-06-18T06:15:34,0.001,1.27
ip_shuffle,20260618T061534_246482,of:000000000000000c:3 -> of:000000000000000d:3,0.001,0.00125,0.001,0.001,1.33,2026-06-18T06:15:34,0.001,1.33
ip_shuffle,20260618T061534_246482,of:0000000000000001:1 -> of:000000000000000b:1,0.002,0.0025,0.002,0.002,1.96,2026-06-18T06:15:34,0.002,2.03
ip_shuffle,20260618T061534_246482,of:0000000000000006:1 -> of:000000000000000d:4,0.001,0.00125,0.001,0.001,1.27,2026-06-18T06:15:34,0.001,1.33
ip_shuffle,20260618T061534_246482,of:0000000000000002:1 -> of:000000000000000b:4,0.002,0.0025,0.002,0.002,2.03,2026-06-18T06:15:34,0.002,2.06
ip_shuffle,20260618T061534_246482,of:0000000000000001:3 -> of:000000000000000d:1,0.001,0.00125,0.001,0.001,1.33,2026-06-18T06:15:34,0.001,1.27
ip_shuffle,20260618T061534_246482,of:0000000000000006:2 -> of:000000000000000a:2,0.001,0.00125,0.001,0.001,1.27,2026-06-18T06:15:34,0.001,1.33
ip_shuffle,20260618T061534_246482,of:0000000000000003:1 -> of:000000000000000b:5,0.002,0.0025,0.002,0.002,1.37,2026-06-18T06:15:34,0.001,1.3
ip_shuffle,20260618T061534_246482,of:0000000000000007:1 -> of:000000000000000d:5,0.001,0.00125,0.001,0.001,1.27,2026-06-18T06:15:34,0.001,1.33
ip_shuffle,20260618T061534_246482,of:0000000000000007:2 -> of:000000000000000a:3,0.001,0.00125,0.001,0.001,1.27,2026-06-18T06:15:34,0.001,1.33
ip_shuffle,20260618T061534_246482,of:0000000000000002:2 -> of:0000000000000008:2,0.001,0.00125,0.001,0.001,1.33,2026-06-18T06:15:34,0.001,1.2
ip_shuffle,20260618T061534_246482,of:0000000000000008:1 -> of:000000000000000b:6,0.001,0.00125,0.001,0.001,1.27,2026-06-18T06:15:34,0.001,1.27
ip_shuffle,20260618T061534_246482,of:0000000000000009:1 -> of:000000000000000c:6,0.001,0.00125,0.001,0.001,1.27,2026-06-18T06:15:34,0.001,1.27
ip_shuffle,20260618T061534_246482,of:0000000000000001:2 -> of:000000000000000c:1,0.001,0.00125,0.001,0.001,1.27,2026-06-18T06:15:34,0.001,1.27
ip_shuffle,20260618T061534_246482,of:0000000000000003:2 -> of:0000000000000008:3,0.001,0.00125,0.001,0.001,1.33,2026-06-18T06:15:34,0.001,1.2
route_mutation,20260618T061631_917251,of:0000000000000005:1 -> of:000000000000000c:5,0.002,0.0025,0.002,0.002,2.2,2026-06-18T06:16:31,0.002,2.26
route_mutation,20260618T061631_917251,of:000000000000000a:1 -> of:000000000000000d:6,0.002,0.0025,0.002,0.002,2.0,2026-06-18T06:16:31,0.002,2.0
route_mutation,20260618T061631_917251,of:000000000000000b:2 -> of:000000000000000c:2,0.002,0.0025,0.002,0.002,2.66,2026-06-18T06:16:31,0.002,2.66
route_mutation,20260618T061631_917251,of:0000000000000004:2 -> of:0000000000000009:2,0.002,0.0025,0.002,0.002,2.63,2026-06-18T06:16:31,0.002,2.7
route_mutation,20260618T061631_917251,of:0000000000000005:2 -> of:0000000000000009:3,0.002,0.0025,0.002,0.002,2.56,2026-06-18T06:16:31,0.002,2.7
route_mutation,20260618T061631_917251,of:000000000000000b:3 -> of:000000000000000d:2,0.002,0.0025,0.002,0.002,2.66,2026-06-18T06:16:31,0.002,2.66
route_mutation,20260618T061631_917251,of:0000000000000004:1 -> of:000000000000000c:4,0.002,0.0025,0.002,0.002,1.96,2026-06-18T06:16:31,0.002,2.0
route_mutation,20260618T061631_917251,of:000000000000000c:3 -> of:000000000000000d:3,0.002,0.0025,0.002,0.002,2.66,2026-06-18T06:16:31,0.002,2.66
route_mutation,20260618T061631_917251,of:0000000000000001:1 -> of:000000000000000b:1,0.002,0.0025,0.002,0.002,2.0,2026-06-18T06:16:31,0.002,2.03
route_mutation,20260618T061631_917251,of:0000000000000006:1 -> of:000000000000000d:4,0.003,0.00375,0.003,0.002,3.0,2026-06-18T06:16:31,0.003,3.1
route_mutation,20260618T061631_917251,of:0000000000000002:1 -> of:000000000000000b:4,0.002,0.0025,0.002,0.002,2.03,2026-06-18T06:16:31,0.002,2.0
route_mutation,20260618T061631_917251,of:0000000000000001:3 -> of:000000000000000d:1,0.003,0.00375,0.003,0.003,4.16,2026-06-18T06:16:31,0.003,4.06
route_mutation,20260618T061631_917251,of:0000000000000006:2 -> of:000000000000000a:2,0.002,0.0025,0.002,0.002,2.56,2026-06-18T06:16:31,0.002,2.7
route_mutation,20260618T061631_917251,of:0000000000000003:1 -> of:000000000000000b:5,0.002,0.0025,0.002,0.002,1.96,2026-06-18T06:16:31,0.002,2.0
route_mutation,20260618T061631_917251,of:0000000000000007:1 -> of:000000000000000d:5,0.002,0.0025,0.002,0.002,2.76,2026-06-18T06:16:31,0.002,2.8
route_mutation,20260618T061631_917251,of:0000000000000007:2 -> of:000000000000000a:3,0.002,0.0025,0.002,0.002,2.63,2026-06-18T06:16:31,0.002,2.63
route_mutation,20260618T061631_917251,of:0000000000000002:2 -> of:0000000000000008:2,0.002,0.0025,0.002,0.002,2.66,2026-06-18T06:16:31,0.002,2.66
route_mutation,20260618T061631_917251,of:0000000000000008:1 -> of:000000000000000b:6,0.002,0.0025,0.002,0.002,1.96,2026-06-18T06:16:31,0.002,2.0
route_mutation,20260618T061631_917251,of:0000000000000009:1 -> of:000000000000000c:6,0.002,0.0025,0.002,0.002,2.0,2026-06-18T06:16:31,0.002,2.0
route_mutation,20260618T061631_917251,of:0000000000000001:2 -> of:000000000000000c:1,0.002,0.0025,0.002,0.002,2.33,2026-06-18T06:16:31,0.002,2.4
route_mutation,20260618T061631_917251,of:0000000000000003:2 -> of:0000000000000008:3,0.002,0.0025,0.002,0.002,2.6,2026-06-18T06:16:31,0.002,2.66
route_mutation,20260618T061702_144593,of:0000000000000005:1 -> of:000000000000000c:5,0.001,0.00125,0.001,0.001,1.33,2026-06-18T06:17:02,0.001,1.3
route_mutation,20260618T061702_144593,of:000000000000000a:1 -> of:000000000000000d:6,0.002,0.0025,0.002,0.002,1.37,2026-06-18T06:17:02,0.002,1.37
route_mutation,20260618T061702_144593,of:000000000000000b:2 -> of:000000000000000c:2,0.002,0.0025,0.002,0.002,1.4,2026-06-18T06:17:02,0.002,1.4
route_mutation,20260618T061702_144593,of:0000000000000004:2 -> of:0000000000000009:2,0.001,0.00125,0.001,0.001,1.37,2026-06-18T06:17:02,0.001,1.23
route_mutation,20260618T061702_144593,of:0000000000000005:2 -> of:0000000000000009:3,0.001,0.00125,0.001,0.001,1.37,2026-06-18T06:17:02,0.001,1.23
route_mutation,20260618T061702_144593,of:000000000000000b:3 -> of:000000000000000d:2,0.002,0.0025,0.002,0.002,1.4,2026-06-18T06:17:02,0.002,1.4
route_mutation,20260618T061702_144593,of:0000000000000004:1 -> of:000000000000000c:4,0.001,0.00125,0.001,0.001,1.33,2026-06-18T06:17:02,0.001,1.3
route_mutation,20260618T061702_144593,of:000000000000000c:3 -> of:000000000000000d:3,0.002,0.0025,0.002,0.002,1.4,2026-06-18T06:17:02,0.002,1.4
route_mutation,20260618T061702_144593,of:0000000000000001:1 -> of:000000000000000b:1,0.001,0.00125,0.001,0.001,1.33,2026-06-18T06:17:02,0.001,1.3
route_mutation,20260618T061702_144593,of:0000000000000006:1 -> of:000000000000000d:4,0.001,0.00125,0.001,0.001,1.33,2026-06-18T06:17:02,0.001,1.3
route_mutation,20260618T061702_144593,of:0000000000000002:1 -> of:000000000000000b:4,0.001,0.00125,0.001,0.001,1.3,2026-06-18T06:17:02,0.001,1.33
route_mutation,20260618T061702_144593,of:0000000000000001:3 -> of:000000000000000d:1,0.002,0.0025,0.002,0.001,1.43,2026-06-18T06:17:02,0.002,1.53
route_mutation,20260618T061702_144593,of:0000000000000006:2 -> of:000000000000000a:2,0.001,0.00125,0.001,0.001,1.37,2026-06-18T06:17:02,0.001,1.3
route_mutation,20260618T061702_144593,of:0000000000000003:1 -> of:000000000000000b:5,0.001,0.00125,0.001,0.001,1.33,2026-06-18T06:17:02,0.001,1.3
route_mutation,20260618T061702_144593,of:0000000000000007:1 -> of:000000000000000d:5,0.002,0.0025,0.002,0.002,1.66,2026-06-18T06:17:02,0.002,1.76
route_mutation,20260618T061702_144593,of:0000000000000007:2 -> of:000000000000000a:3,0.002,0.0025,0.002,0.001,1.37,2026-06-18T06:17:02,0.002,1.43
route_mutation,20260618T061702_144593,of:0000000000000002:2 -> of:0000000000000008:2,0.001,0.00125,0.001,0.001,1.33,2026-06-18T06:17:02,0.001,1.27
route_mutation,20260618T061702_144593,of:0000000000000008:1 -> of:000000000000000b:6,0.001,0.00125,0.001,0.001,1.33,2026-06-18T06:17:02,0.001,1.3
route_mutation,20260618T061702_144593,of:0000000000000009:1 -> of:000000000000000c:6,0.001,0.00125,0.001,0.001,1.3,2026-06-18T06:17:02,0.001,1.3
route_mutation,20260618T061702_144593,of:0000000000000001:2 -> of:000000000000000c:1,0.001,0.00125,0.001,0.001,1.3,2026-06-18T06:17:02,0.001,1.27
route_mutation,20260618T061702_144593,of:0000000000000003:2 -> of:0000000000000008:3,0.002,0.0025,0.002,0.002,1.4,2026-06-18T06:17:02,0.001,1.27
route_mutation,20260618T061732_398132,of:0000000000000005:1 -> of:000000000000000c:5,0.002,0.0025,0.002,0.002,1.96,2026-06-18T06:17:32,0.002,1.9
route_mutation,20260618T061732_398132,of:000000000000000a:1 -> of:000000000000000d:6,0.001,0.00125,0.001,0.001,1.33,2026-06-18T06:17:32,0.001,1.33
route_mutation,20260618T061732_398132,of:000000000000000b:2 -> of:000000000000000c:2,0.001,0.00125,0.001,0.001,1.43,2026-06-18T06:17:32,0.001,1.43
route_mutation,20260618T061732_398132,of:0000000000000004:2 -> of:0000000000000009:2,0.002,0.0025,0.002,0.001,1.5,2026-06-18T06:17:32,0.002,1.56
route_mutation,20260618T061732_398132,of:0000000000000005:2 -> of:0000000000000009:3,0.002,0.0025,0.002,0.002,1.53,2026-06-18T06:17:32,0.002,1.53
route_mutation,20260618T061732_398132,of:000000000000000b:3 -> of:000000000000000d:2,0.001,0.00125,0.001,0.001,1.53,2026-06-18T06:17:32,0.001,1.53
route_mutation,20260618T061732_398132,of:0000000000000004:1 -> of:000000000000000c:4,0.002,0.0025,0.002,0.002,2.16,2026-06-18T06:17:32,0.002,2.16
route_mutation,20260618T061732_398132,of:000000000000000c:3 -> of:000000000000000d:3,0.001,0.00125,0.001,0.001,1.43,2026-06-18T06:17:32,0.001,1.43
route_mutation,20260618T061732_398132,of:0000000000000001:1 -> of:000000000000000b:1,0.003,0.00375,0.003,0.003,3.36,2026-06-18T06:17:32,0.003,3.36
route_mutation,20260618T061732_398132,of:0000000000000006:1 -> of:000000000000000d:4,0.002,0.0025,0.002,0.002,1.43,2026-06-18T06:17:32,0.001,1.36
route_mutation,20260618T061732_398132,of:0000000000000002:1 -> of:000000000000000b:4,0.002,0.0025,0.002,0.002,2.46,2026-06-18T06:17:32,0.002,2.46
route_mutation,20260618T061732_398132,of:0000000000000001:3 -> of:000000000000000d:1,0.002,0.0025,0.002,0.002,1.5,2026-06-18T06:17:32,0.002,1.5
route_mutation,20260618T061732_398132,of:0000000000000006:2 -> of:000000000000000a:2,0.002,0.0025,0.002,0.002,1.53,2026-06-18T06:17:32,0.001,1.46
route_mutation,20260618T061732_398132,of:0000000000000003:1 -> of:000000000000000b:5,0.002,0.0025,0.002,0.002,2.43,2026-06-18T06:17:32,0.002,2.43
route_mutation,20260618T061732_398132,of:0000000000000007:1 -> of:000000000000000d:5,0.002,0.0025,0.002,0.002,1.73,2026-06-18T06:17:32,0.002,1.6
route_mutation,20260618T061732_398132,of:0000000000000007:2 -> of:000000000000000a:3,0.001,0.00125,0.001,0.001,1.46,2026-06-18T06:17:32,0.001,1.4
route_mutation,20260618T061732_398132,of:0000000000000002:2 -> of:0000000000000008:2,0.002,0.0025,0.002,0.001,1.46,2026-06-18T06:17:32,0.002,1.53
route_mutation,20260618T061732_398132,of:0000000000000008:1 -> of:000000000000000b:6,0.001,0.00125,0.001,0.001,1.36,2026-06-18T06:17:32,0.001,1.36
route_mutation,20260618T061732_398132,of:0000000000000009:1 -> of:000000000000000c:6,0.001,0.00125,0.001,0.001,1.4,2026-06-18T06:17:32,0.001,1.4
route_mutation,20260618T061732_398132,of:0000000000000001:2 -> of:000000000000000c:1,0.002,0.0025,0.002,0.002,2.66,2026-06-18T06:17:32,0.002,2.7
route_mutation,20260618T061732_398132,of:0000000000000003:2 -> of:0000000000000008:3,0.002,0.0025,0.002,0.001,1.5,2026-06-18T06:17:32,0.002,1.56
ip_shuffle,20260618T061802_639853,of:0000000000000005:1 -> of:000000000000000c:5,0.002,0.0025,0.002,0.002,2.16,2026-06-18T06:18:02,0.002,2.29
ip_shuffle,20260618T061802_639853,of:000000000000000a:1 -> of:000000000000000d:6,0.002,0.0025,0.002,0.002,1.99,2026-06-18T06:18:02,0.002,2.03
ip_shuffle,20260618T061802_639853,of:000000000000000b:2 -> of:000000000000000c:2,0.002,0.0025,0.002,0.002,2.73,2026-06-18T06:18:02,0.002,2.73
ip_shuffle,20260618T061802_639853,of:0000000000000004:2 -> of:0000000000000009:2,0.002,0.0025,0.002,0.002,2.63,2026-06-18T06:18:02,0.002,2.69
ip_shuffle,20260618T061802_639853,of:0000000000000005:2 -> of:0000000000000009:3,0.002,0.0025,0.002,0.002,2.56,2026-06-18T06:18:02,0.002,2.69
ip_shuffle,20260618T061802_639853,of:000000000000000b:3 -> of:000000000000000d:2,0.002,0.0025,0.002,0.002,2.73,2026-06-18T06:18:02,0.002,2.73
ip_shuffle,20260618T061802_639853,of:0000000000000004:1 -> of:000000000000000c:4,0.002,0.0025,0.002,0.002,1.96,2026-06-18T06:18:02,0.002,2.03
ip_shuffle,20260618T061802_639853,of:000000000000000c:3 -> of:000000000000000d:3,0.002,0.0025,0.002,0.002,2.73,2026-06-18T06:18:02,0.002,2.73
ip_shuffle,20260618T061802_639853,of:0000000000000001:1 -> of:000000000000000b:1,0.002,0.0025,0.002,0.002,2.03,2026-06-18T06:18:02,0.002,2.03
ip_shuffle,20260618T061802_639853,of:0000000000000006:1 -> of:000000000000000d:4,0.003,0.00375,0.003,0.002,2.99,2026-06-18T06:18:02,0.003,3.12
ip_shuffle,20260618T061802_639853,of:0000000000000002:1 -> of:000000000000000b:4,0.002,0.0025,0.002,0.002,2.03,2026-06-18T06:18:02,0.002,2.03
ip_shuffle,20260618T061802_639853,of:0000000000000001:3 -> of:000000000000000d:1,0.003,0.00375,0.003,0.003,4.15,2026-06-18T06:18:02,0.003,4.09
ip_shuffle,20260618T061802_639853,of:0000000000000006:2 -> of:000000000000000a:2,0.002,0.0025,0.002,0.002,2.56,2026-06-18T06:18:02,0.002,2.69
ip_shuffle,20260618T061802_639853,of:0000000000000003:1 -> of:000000000000000b:5,0.002,0.0025,0.002,0.002,2.03,2026-06-18T06:18:02,0.002,2.03
ip_shuffle,20260618T061802_639853,of:0000000000000007:1 -> of:000000000000000d:5,0.003,0.00375,0.003,0.002,3.02,2026-06-18T06:18:02,0.003,3.22
ip_shuffle,20260618T061802_639853,of:0000000000000007:2 -> of:000000000000000a:3,0.002,0.0025,0.002,0.002,2.76,2026-06-18T06:18:02,0.002,2.83
ip_shuffle,20260618T061802_639853,of:0000000000000002:2 -> of:0000000000000008:2,0.002,0.0025,0.002,0.002,2.69,2026-06-18T06:18:02,0.002,2.69
ip_shuffle,20260618T061802_639853,of:0000000000000008:1 -> of:000000000000000b:6,0.002,0.0025,0.002,0.002,1.99,2026-06-18T06:18:02,0.002,2.03
ip_shuffle,20260618T061802_639853,of:0000000000000009:1 -> of:000000000000000c:6,0.002,0.0025,0.002,0.002,1.99,2026-06-18T06:18:02,0.002,2.03
ip_shuffle,20260618T061802_639853,of:0000000000000001:2 -> of:000000000000000c:1,0.002,0.0025,0.002,0.002,2.33,2026-06-18T06:18:02,0.002,2.29
ip_shuffle,20260618T061802_639853,of:0000000000000003:2 -> of:0000000000000008:3,0.002,0.0025,0.002,0.002,2.63,2026-06-18T06:18:02,0.002,2.69
ip_shuffle,20260618T061900_258021,of:0000000000000005:1 -> of:000000000000000c:5,0.002,0.0025,0.002,0.002,2.06,2026-06-18T06:19:00,0.002,2.0
ip_shuffle,20260618T061900_258021,of:000000000000000a:1 -> of:000000000000000d:6,0.001,0.00125,0.001,0.001,1.3,2026-06-18T06:19:00,0.001,1.3
ip_shuffle,20260618T061900_258021,of:000000000000000b:2 -> of:000000000000000c:2,0.001,0.00125,0.001,0.001,1.4,2026-06-18T06:19:00,0.001,1.4
ip_shuffle,20260618T061900_258021,of:0000000000000004:2 -> of:0000000000000009:2,0.001,0.00125,0.001,0.001,1.46,2026-06-18T06:19:00,0.001,1.46
ip_shuffle,20260618T061900_258021,of:0000000000000005:2 -> of:0000000000000009:3,0.002,0.0025,0.002,0.002,1.53,2026-06-18T06:19:00,0.001,1.46
ip_shuffle,20260618T061900_258021,of:000000000000000b:3 -> of:000000000000000d:2,0.001,0.00125,0.001,0.001,1.53,2026-06-18T06:19:00,0.001,1.53
ip_shuffle,20260618T061900_258021,of:0000000000000004:1 -> of:000000000000000c:4,0.002,0.0025,0.002,0.002,2.16,2026-06-18T06:19:00,0.002,2.16
ip_shuffle,20260618T061900_258021,of:000000000000000c:3 -> of:000000000000000d:3,0.001,0.00125,0.001,0.001,1.4,2026-06-18T06:19:00,0.001,1.4
ip_shuffle,20260618T061900_258021,of:0000000000000001:1 -> of:000000000000000b:1,0.003,0.00375,0.003,0.003,3.33,2026-06-18T06:19:00,0.003,3.29
ip_shuffle,20260618T061900_258021,of:0000000000000006:1 -> of:000000000000000d:4,0.002,0.0025,0.002,0.002,1.46,2026-06-18T06:19:00,0.001,1.4
ip_shuffle,20260618T061900_258021,of:0000000000000002:1 -> of:000000000000000b:4,0.002,0.0025,0.002,0.002,2.36,2026-06-18T06:19:00,0.002,2.4
ip_shuffle,20260618T061900_258021,of:0000000000000001:3 -> of:000000000000000d:1,0.002,0.0025,0.002,0.002,1.5,2026-06-18T06:19:00,0.002,1.5
ip_shuffle,20260618T061900_258021,of:0000000000000006:2 -> of:000000000000000a:2,0.002,0.0025,0.002,0.002,1.53,2026-06-18T06:19:00,0.001,1.46
ip_shuffle,20260618T061900_258021,of:0000000000000003:1 -> of:000000000000000b:5,0.002,0.0025,0.002,0.002,2.4,2026-06-18T06:19:00,0.002,2.4
ip_shuffle,20260618T061900_258021,of:0000000000000007:1 -> of:000000000000000d:5,0.002,0.0025,0.002,0.002,1.7,2026-06-18T06:19:00,0.002,1.63
ip_shuffle,20260618T061900_258021,of:0000000000000007:2 -> of:000000000000000a:3,0.001,0.00125,0.001,0.001,1.46,2026-06-18T06:19:00,0.001,1.46
ip_shuffle,20260618T061900_258021,of:0000000000000002:2 -> of:0000000000000008:2,0.002,0.0025,0.002,0.001,1.46,2026-06-18T06:19:00,0.002,1.53
ip_shuffle,20260618T061900_258021,of:0000000000000008:1 -> of:000000000000000b:6,0.001,0.00125,0.001,0.001,1.36,2026-06-18T06:19:00,0.001,1.36
ip_shuffle,20260618T061900_258021,of:0000000000000009:1 -> of:000000000000000c:6,0.001,0.00125,0.001,0.001,1.3,2026-06-18T06:19:00,0.001,1.3
ip_shuffle,20260618T061900_258021,of:0000000000000001:2 -> of:000000000000000c:1,0.003,0.00375,0.003,0.003,2.76,2026-06-18T06:19:00,0.003,2.76
ip_shuffle,20260618T061900_258021,of:0000000000000003:2 -> of:0000000000000008:3,0.002,0.0025,0.002,0.001,1.46,2026-06-18T06:19:00,0.002,1.53
route_mutation,20260618T061958_868196,of:0000000000000005:1 -> of:000000000000000c:5,0.001,0.00125,0.001,0.001,1.33,2026-06-18T06:19:58,0.001,1.26
route_mutation,20260618T061958_868196,of:000000000000000a:1 -> of:000000000000000d:6,0.001,0.00125,0.001,0.001,1.33,2026-06-18T06:19:58,0.001,1.33
route_mutation,20260618T061958_868196,of:000000000000000b:2 -> of:000000000000000c:2,0.001,0.00125,0.001,0.001,1.33,2026-06-18T06:19:58,0.001,1.33
route_mutation,20260618T061958_868196,of:0000000000000004:2 -> of:0000000000000009:2,0.001,0.00125,0.001,0.001,1.33,2026-06-18T06:19:58,0.001,1.26
route_mutation,20260618T061958_868196,of:0000000000000005:2 -> of:0000000000000009:3,0.001,0.00125,0.001,0.001,1.33,2026-06-18T06:19:58,0.001,1.26
route_mutation,20260618T061958_868196,of:000000000000000b:3 -> of:000000000000000d:2,0.001,0.00125,0.001,0.001,1.33,2026-06-18T06:19:58,0.001,1.33
route_mutation,20260618T061958_868196,of:0000000000000004:1 -> of:000000000000000c:4,0.001,0.00125,0.001,0.001,1.33,2026-06-18T06:19:58,0.001,1.26
route_mutation,20260618T061958_868196,of:000000000000000c:3 -> of:000000000000000d:3,0.001,0.00125,0.001,0.001,1.33,2026-06-18T06:19:58,0.001,1.33
route_mutation,20260618T061958_868196,of:0000000000000001:1 -> of:000000000000000b:1,0.001,0.00125,0.001,0.001,1.36,2026-06-18T06:19:58,0.001,1.36
route_mutation,20260618T061958_868196,of:0000000000000006:1 -> of:000000000000000d:4,0.001,0.00125,0.001,0.001,1.33,2026-06-18T06:19:58,0.001,1.26
route_mutation,20260618T061958_868196,of:0000000000000002:1 -> of:000000000000000b:4,0.001,0.00125,0.001,0.001,1.36,2026-06-18T06:19:58,0.001,1.36
route_mutation,20260618T061958_868196,of:0000000000000001:3 -> of:000000000000000d:1,0.001,0.00125,0.001,0.001,1.4,2026-06-18T06:19:58,0.001,1.4
route_mutation,20260618T061958_868196,of:0000000000000006:2 -> of:000000000000000a:2,0.001,0.00125,0.001,0.001,1.33,2026-06-18T06:19:58,0.001,1.26
route_mutation,20260618T061958_868196,of:0000000000000003:1 -> of:000000000000000b:5,0.001,0.00125,0.001,0.001,1.26,2026-06-18T06:19:58,0.001,1.26
route_mutation,20260618T061958_868196,of:0000000000000007:1 -> of:000000000000000d:5,0.002,0.0025,0.002,0.002,1.43,2026-06-18T06:19:58,0.001,1.36
route_mutation,20260618T061958_868196,of:0000000000000007:2 -> of:000000000000000a:3,0.001,0.00125,0.001,0.001,1.33,2026-06-18T06:19:58,0.001,1.26
route_mutation,20260618T061958_868196,of:0000000000000002:2 -> of:0000000000000008:2,0.001,0.00125,0.001,0.001,1.26,2026-06-18T06:19:58,0.001,1.26
route_mutation,20260618T061958_868196,of:0000000000000008:1 -> of:000000000000000b:6,0.001,0.00125,0.001,0.001,1.33,2026-06-18T06:19:58,0.001,1.33
route_mutation,20260618T061958_868196,of:0000000000000009:1 -> of:000000000000000c:6,0.001,0.00125,0.001,0.001,1.33,2026-06-18T06:19:58,0.001,1.33
route_mutation,20260618T061958_868196,of:0000000000000001:2 -> of:000000000000000c:1,0.001,0.00125,0.001,0.001,1.26,2026-06-18T06:19:58,0.001,1.26
route_mutation,20260618T061958_868196,of:0000000000000003:2 -> of:0000000000000008:3,0.001,0.00125,0.001,0.001,1.33,2026-06-18T06:19:58,0.001,1.26
route_mutation,20260618T062029_120275,of:0000000000000005:1 -> of:000000000000000c:5,0.002,0.0025,0.002,0.002,2.06,2026-06-18T06:20:29,0.002,2.0
route_mutation,20260618T062029_120275,of:000000000000000a:1 -> of:000000000000000d:6,0.001,0.00125,0.001,0.001,1.3,2026-06-18T06:20:29,0.001,1.3
route_mutation,20260618T062029_120275,of:000000000000000b:2 -> of:000000000000000c:2,0.001,0.00125,0.001,0.001,1.4,2026-06-18T06:20:29,0.001,1.4
route_mutation,20260618T062029_120275,of:0000000000000004:2 -> of:0000000000000009:2,0.002,0.0025,0.002,0.002,1.53,2026-06-18T06:20:29,0.001,1.46
route_mutation,20260618T062029_120275,of:0000000000000005:2 -> of:0000000000000009:3,0.002,0.0025,0.002,0.002,1.53,2026-06-18T06:20:29,0.001,1.46
route_mutation,20260618T062029_120275,of:000000000000000b:3 -> of:000000000000000d:2,0.001,0.00125,0.001,0.001,1.53,2026-06-18T06:20:29,0.001,1.53
route_mutation,20260618T062029_120275,of:0000000000000004:1 -> of:000000000000000c:4,0.002,0.0025,0.002,0.002,2.23,2026-06-18T06:20:29,0.002,2.16
route_mutation,20260618T062029_120275,of:000000000000000c:3 -> of:000000000000000d:3,0.001,0.00125,0.001,0.001,1.4,2026-06-18T06:20:29,0.001,1.4
route_mutation,20260618T062029_120275,of:0000000000000001:1 -> of:000000000000000b:1,0.003,0.00375,0.003,0.003,3.26,2026-06-18T06:20:29,0.003,3.26
route_mutation,20260618T062029_120275,of:0000000000000006:1 -> of:000000000000000d:4,0.002,0.0025,0.002,0.002,1.53,2026-06-18T06:20:29,0.002,1.46
route_mutation,20260618T062029_120275,of:0000000000000002:1 -> of:000000000000000b:4,0.002,0.0025,0.002,0.002,2.36,2026-06-18T06:20:29,0.002,2.36
route_mutation,20260618T062029_120275,of:0000000000000001:3 -> of:000000000000000d:1,0.002,0.0025,0.002,0.002,1.53,2026-06-18T06:20:29,0.002,1.53
route_mutation,20260618T062029_120275,of:0000000000000006:2 -> of:000000000000000a:2,0.002,0.0025,0.002,0.002,1.53,2026-06-18T06:20:29,0.001,1.46
route_mutation,20260618T062029_120275,of:0000000000000003:1 -> of:000000000000000b:5,0.002,0.0025,0.002,0.002,2.4,2026-06-18T06:20:29,0.002,2.4
route_mutation,20260618T062029_120275,of:0000000000000007:1 -> of:000000000000000d:5,0.002,0.0025,0.002,0.002,1.7,2026-06-18T06:20:29,0.002,1.63
route_mutation,20260618T062029_120275,of:0000000000000007:2 -> of:000000000000000a:3,0.002,0.0025,0.002,0.002,1.53,2026-06-18T06:20:29,0.001,1.46
route_mutation,20260618T062029_120275,of:0000000000000002:2 -> of:0000000000000008:2,0.002,0.0025,0.002,0.002,1.6,2026-06-18T06:20:29,0.002,1.6
route_mutation,20260618T062029_120275,of:0000000000000008:1 -> of:000000000000000b:6,0.002,0.0025,0.002,0.002,1.43,2026-06-18T06:20:29,0.002,1.43
route_mutation,20260618T062029_120275,of:0000000000000009:1 -> of:000000000000000c:6,0.001,0.00125,0.001,0.001,1.3,2026-06-18T06:20:29,0.001,1.3
route_mutation,20260618T062029_120275,of:0000000000000001:2 -> of:000000000000000c:1,0.003,0.00375,0.003,0.003,2.8,2026-06-18T06:20:29,0.003,2.8
route_mutation,20260618T062029_120275,of:0000000000000003:2 -> of:0000000000000008:3,0.002,0.0025,0.002,0.002,1.53,2026-06-18T06:20:29,0.002,1.6
ip_shuffle,20260618T062059_381647,of:0000000000000005:1 -> of:000000000000000c:5,0.002,0.0025,0.002,0.002,2.13,2026-06-18T06:20:59,0.002,2.2
ip_shuffle,20260618T062059_381647,of:000000000000000a:1 -> of:000000000000000d:6,0.002,0.0025,0.002,0.002,2.03,2026-06-18T06:20:59,0.002,2.03
ip_shuffle,20260618T062059_381647,of:000000000000000b:2 -> of:000000000000000c:2,0.002,0.0025,0.002,0.002,2.73,2026-06-18T06:20:59,0.002,2.73
ip_shuffle,20260618T062059_381647,of:0000000000000004:2 -> of:0000000000000009:2,0.002,0.0025,0.002,0.002,2.6,2026-06-18T06:20:59,0.002,2.73
ip_shuffle,20260618T062059_381647,of:0000000000000005:2 -> of:0000000000000009:3,0.002,0.0025,0.002,0.002,2.6,2026-06-18T06:20:59,0.002,2.73
ip_shuffle,20260618T062059_381647,of:000000000000000b:3 -> of:000000000000000d:2,0.002,0.0025,0.002,0.002,2.73,2026-06-18T06:20:59,0.002,2.73
ip_shuffle,20260618T062059_381647,of:0000000000000004:1 -> of:000000000000000c:4,0.002,0.0025,0.002,0.002,1.96,2026-06-18T06:20:59,0.002,2.03
ip_shuffle,20260618T062059_381647,of:000000000000000c:3 -> of:000000000000000d:3,0.002,0.0025,0.002,0.002,2.73,2026-06-18T06:20:59,0.002,2.73
ip_shuffle,20260618T062059_381647,of:0000000000000001:1 -> of:000000000000000b:1,0.002,0.0025,0.002,0.002,2.03,2026-06-18T06:20:59,0.002,2.03
ip_shuffle,20260618T062059_381647,of:0000000000000006:1 -> of:000000000000000d:4,0.002,0.0025,0.002,0.002,2.9,2026-06-18T06:20:59,0.002,3.03
ip_shuffle,20260618T062059_381647,of:0000000000000002:1 -> of:000000000000000b:4,0.002,0.0025,0.002,0.002,2.03,2026-06-18T06:20:59,0.002,2.03
ip_shuffle,20260618T062059_381647,of:0000000000000001:3 -> of:000000000000000d:1,0.003,0.00375,0.003,0.003,4.23,2026-06-18T06:20:59,0.003,4.23
ip_shuffle,20260618T062059_381647,of:0000000000000006:2 -> of:000000000000000a:2,0.002,0.0025,0.002,0.002,2.6,2026-06-18T06:20:59,0.002,2.73
ip_shuffle,20260618T062059_381647,of:0000000000000003:1 -> of:000000000000000b:5,0.002,0.0025,0.002,0.002,2.03,2026-06-18T06:20:59,0.002,2.03
ip_shuffle,20260618T062059_381647,of:0000000000000007:1 -> of:000000000000000d:5,0.003,0.00375,0.003,0.002,3.03,2026-06-18T06:20:59,0.003,3.16
ip_shuffle,20260618T062059_381647,of:0000000000000007:2 -> of:000000000000000a:3,0.002,0.0025,0.002,0.002,2.6,2026-06-18T06:20:59,0.002,2.73
ip_shuffle,20260618T062059_381647,of:0000000000000002:2 -> of:0000000000000008:2,0.002,0.0025,0.002,0.002,2.66,2026-06-18T06:20:59,0.002,2.66
ip_shuffle,20260618T062059_381647,of:0000000000000008:1 -> of:000000000000000b:6,0.002,0.0025,0.002,0.002,1.96,2026-06-18T06:20:59,0.002,1.96
ip_shuffle,20260618T062059_381647,of:0000000000000009:1 -> of:000000000000000c:6,0.002,0.0025,0.002,0.002,2.03,2026-06-18T06:20:59,0.002,2.03
ip_shuffle,20260618T062059_381647,of:0000000000000001:2 -> of:000000000000000c:1,0.002,0.0025,0.002,0.002,2.2,2026-06-18T06:20:59,0.002,2.2
ip_shuffle,20260618T062059_381647,of:0000000000000003:2 -> of:0000000000000008:3,0.002,0.0025,0.002,0.002,2.73,2026-06-18T06:20:59,0.002,2.66
route_mutation,20260618T062209_917632,of:0000000000000005:1 -> of:000000000000000c:5,0.002,0.0025,0.002,0.002,2.1,2026-06-18T06:22:09,0.002,2.03
route_mutation,20260618T062209_917632,of:000000000000000a:1 -> of:000000000000000d:6,0.001,0.00125,0.001,0.001,1.4,2026-06-18T06:22:09,0.001,1.4
route_mutation,20260618T062209_917632,of:000000000000000b:2 -> of:000000000000000c:2,0.001,0.00125,0.001,0.001,1.6,2026-06-18T06:22:09,0.001,1.6
route_mutation,20260618T062209_917632,of:0000000000000004:2 -> of:0000000000000009:2,0.002,0.0025,0.002,0.002,1.8,2026-06-18T06:22:09,0.002,1.8
route_mutation,20260618T062209_917632,of:0000000000000005:2 -> of:0000000000000009:3,0.002,0.0025,0.002,0.002,1.8,2026-06-18T06:22:09,0.002,1.8
route_mutation,20260618T062209_917632,of:000000000000000b:3 -> of:000000000000000d:2,0.002,0.0025,0.002,0.002,1.76,2026-06-18T06:22:09,0.002,1.76
route_mutation,20260618T062209_917632,of:0000000000000004:1 -> of:000000000000000c:4,0.002,0.0025,0.002,0.002,2.33,2026-06-18T06:22:09,0.002,2.26
route_mutation,20260618T062209_917632,of:000000000000000c:3 -> of:000000000000000d:3,0.001,0.00125,0.001,0.001,1.6,2026-06-18T06:22:09,0.001,1.6
route_mutation,20260618T062209_917632,of:0000000000000001:1 -> of:000000000000000b:1,0.003,0.00375,0.003,0.003,3.29,2026-06-18T06:22:09,0.003,3.29
route_mutation,20260618T062209_917632,of:0000000000000006:1 -> of:000000000000000d:4,0.002,0.0025,0.002,0.002,1.56,2026-06-18T06:22:09,0.002,1.5
route_mutation,20260618T062209_917632,of:0000000000000002:1 -> of:000000000000000b:4,0.002,0.0025,0.002,0.002,2.43,2026-06-18T06:22:09,0.002,2.43
route_mutation,20260618T062209_917632,of:0000000000000001:3 -> of:000000000000000d:1,0.002,0.0025,0.002,0.002,1.56,2026-06-18T06:22:09,0.002,1.56
route_mutation,20260618T062209_917632,of:0000000000000006:2 -> of:000000000000000a:2,0.002,0.0025,0.002,0.002,1.73,2026-06-18T06:22:09,0.002,1.66
route_mutation,20260618T062209_917632,of:0000000000000003:1 -> of:000000000000000b:5,0.002,0.0025,0.002,0.002,2.49,2026-06-18T06:22:09,0.002,2.49
route_mutation,20260618T062209_917632,of:0000000000000007:1 -> of:000000000000000d:5,0.002,0.0025,0.002,0.002,1.8,2026-06-18T06:22:09,0.002,1.73
route_mutation,20260618T062209_917632,of:0000000000000007:2 -> of:000000000000000a:3,0.002,0.0025,0.002,0.002,1.73,2026-06-18T06:22:09,0.002,1.66
route_mutation,20260618T062209_917632,of:0000000000000002:2 -> of:0000000000000008:2,0.002,0.0025,0.002,0.002,1.66,2026-06-18T06:22:09,0.002,1.73
route_mutation,20260618T062209_917632,of:0000000000000008:1 -> of:000000000000000b:6,0.001,0.00125,0.001,0.001,1.46,2026-06-18T06:22:09,0.001,1.46
route_mutation,20260618T062209_917632,of:0000000000000009:1 -> of:000000000000000c:6,0.002,0.0025,0.002,0.002,1.53,2026-06-18T06:22:09,0.002,1.53
route_mutation,20260618T062209_917632,of:0000000000000001:2 -> of:000000000000000c:1,0.003,0.00375,0.003,0.003,2.79,2026-06-18T06:22:09,0.003,2.79
route_mutation,20260618T062209_917632,of:0000000000000003:2 -> of:0000000000000008:3,0.002,0.0025,0.002,0.001,1.6,2026-06-18T06:22:09,0.002,1.73
ip_shuffle,20260618T062240_095453,of:0000000000000005:1 -> of:000000000000000c:5,0.002,0.0025,0.002,0.002,2.2,2026-06-18T06:22:40,0.002,2.26
ip_shuffle,20260618T062240_095453,of:000000000000000a:1 -> of:000000000000000d:6,0.002,0.0025,0.002,0.002,2.03,2026-06-18T06:22:40,0.002,2.03
ip_shuffle,20260618T062240_095453,of:000000000000000b:2 -> of:000000000000000c:2,0.002,0.0025,0.002,0.002,2.73,2026-06-18T06:22:40,0.002,2.73
ip_shuffle,20260618T062240_095453,of:0000000000000004:2 -> of:0000000000000009:2,0.002,0.0025,0.002,0.002,2.66,2026-06-18T06:22:40,0.002,2.73
ip_shuffle,20260618T062240_095453,of:0000000000000005:2 -> of:0000000000000009:3,0.002,0.0025,0.002,0.002,2.66,2026-06-18T06:22:40,0.002,2.73
ip_shuffle,20260618T062240_095453,of:000000000000000b:3 -> of:000000000000000d:2,0.002,0.0025,0.002,0.002,2.73,2026-06-18T06:22:40,0.002,2.73
ip_shuffle,20260618T062240_095453,of:0000000000000004:1 -> of:000000000000000c:4,0.002,0.0025,0.002,0.002,1.96,2026-06-18T06:22:40,0.002,2.03
ip_shuffle,20260618T062240_095453,of:000000000000000c:3 -> of:000000000000000d:3,0.002,0.0025,0.002,0.002,2.73,2026-06-18T06:22:40,0.002,2.73
ip_shuffle,20260618T062240_095453,of:0000000000000001:1 -> of:000000000000000b:1,0.002,0.0025,0.002,0.002,2.03,2026-06-18T06:22:40,0.002,2.03
ip_shuffle,20260618T062240_095453,of:0000000000000006:1 -> of:000000000000000d:4,0.003,0.00375,0.003,0.002,2.96,2026-06-18T06:22:40,0.003,3.1
ip_shuffle,20260618T062240_095453,of:0000000000000002:1 -> of:000000000000000b:4,0.002,0.0025,0.002,0.002,2.03,2026-06-18T06:22:40,0.002,2.03
ip_shuffle,20260618T062240_095453,of:0000000000000001:3 -> of:000000000000000d:1,0.003,0.00375,0.003,0.003,4.16,2026-06-18T06:22:40,0.003,4.09
ip_shuffle,20260618T062240_095453,of:0000000000000006:2 -> of:000000000000000a:2,0.002,0.0025,0.002,0.002,2.6,2026-06-18T06:22:40,0.002,2.73
ip_shuffle,20260618T062240_095453,of:0000000000000003:1 -> of:000000000000000b:5,0.002,0.0025,0.002,0.002,2.03,2026-06-18T06:22:40,0.002,2.03
ip_shuffle,20260618T062240_095453,of:0000000000000007:1 -> of:000000000000000d:5,0.003,0.00375,0.003,0.002,2.9,2026-06-18T06:22:40,0.003,3.1
ip_shuffle,20260618T062240_095453,of:0000000000000007:2 -> of:000000000000000a:3,0.002,0.0025,0.002,0.002,2.6,2026-06-18T06:22:40,0.002,2.73
ip_shuffle,20260618T062240_095453,of:0000000000000002:2 -> of:0000000000000008:2,0.002,0.0025,0.002,0.002,2.66,2026-06-18T06:22:40,0.002,2.73
ip_shuffle,20260618T062240_095453,of:0000000000000008:1 -> of:000000000000000b:6,0.002,0.0025,0.002,0.002,2.03,2026-06-18T06:22:40,0.002,2.03
ip_shuffle,20260618T062240_095453,of:0000000000000009:1 -> of:000000000000000c:6,0.002,0.0025,0.002,0.002,2.03,2026-06-18T06:22:40,0.002,2.03
ip_shuffle,20260618T062240_095453,of:0000000000000001:2 -> of:000000000000000c:1,0.002,0.0025,0.002,0.002,2.3,2026-06-18T06:22:40,0.002,2.3
ip_shuffle,20260618T062240_095453,of:0000000000000003:2 -> of:0000000000000008:3,0.002,0.0025,0.002,0.002,2.73,2026-06-18T06:22:40,0.002,2.73
route_mutation,20260618T062337_731668,of:0000000000000005:1 -> of:000000000000000c:5,0.002,0.0025,0.002,0.002,1.53,2026-06-18T06:23:37,0.001,1.46
route_mutation,20260618T062337_731668,of:000000000000000a:1 -> of:000000000000000d:6,0.002,0.0025,0.002,0.002,1.53,2026-06-18T06:23:37,0.002,1.53
route_mutation,20260618T062337_731668,of:000000000000000b:2 -> of:000000000000000c:2,0.001,0.00125,0.001,0.001,1.6,2026-06-18T06:23:37,0.001,1.6
route_mutation,20260618T062337_731668,of:0000000000000004:2 -> of:0000000000000009:2,0.002,0.0025,0.002,0.002,1.66,2026-06-18T06:23:37,0.002,1.73
route_mutation,20260618T062337_731668,of:0000000000000005:2 -> of:0000000000000009:3,0.002,0.0025,0.002,0.002,1.66,2026-06-18T06:23:37,0.002,1.73
route_mutation,20260618T062337_731668,of:000000000000000b:3 -> of:000000000000000d:2,0.001,0.00125,0.001,0.001,1.6,2026-06-18T06:23:37,0.001,1.6
route_mutation,20260618T062337_731668,of:0000000000000004:1 -> of:000000000000000c:4,0.002,0.0025,0.002,0.002,1.8,2026-06-18T06:23:37,0.002,1.73
route_mutation,20260618T062337_731668,of:000000000000000c:3 -> of:000000000000000d:3,0.001,0.00125,0.001,0.001,1.6,2026-06-18T06:23:37,0.001,1.6
route_mutation,20260618T062337_731668,of:0000000000000001:1 -> of:000000000000000b:1,0.003,0.00375,0.003,0.003,3.43,2026-06-18T06:23:37,0.003,3.39
route_mutation,20260618T062337_731668,of:0000000000000006:1 -> of:000000000000000d:4,0.002,0.0025,0.002,0.002,1.53,2026-06-18T06:23:37,0.001,1.46
route_mutation,20260618T062337_731668,of:0000000000000002:1 -> of:000000000000000b:4,0.002,0.0025,0.002,0.002,2.39,2026-06-18T06:23:37,0.002,2.39
route_mutation,20260618T062337_731668,of:0000000000000001:3 -> of:000000000000000d:1,0.001,0.00125,0.001,0.001,1.46,2026-06-18T06:23:37,0.001,1.46
route_mutation,20260618T062337_731668,of:0000000000000006:2 -> of:000000000000000a:2,0.002,0.0025,0.002,0.002,1.8,2026-06-18T06:23:37,0.002,1.8
route_mutation,20260618T062337_731668,of:0000000000000003:1 -> of:000000000000000b:5,0.002,0.0025,0.002,0.002,2.46,2026-06-18T06:23:37,0.002,2.46
route_mutation,20260618T062337_731668,of:0000000000000007:1 -> of:000000000000000d:5,0.002,0.0025,0.002,0.002,1.53,2026-06-18T06:23:37,0.001,1.46
route_mutation,20260618T062337_731668,of:0000000000000007:2 -> of:000000000000000a:3,0.002,0.0025,0.002,0.002,1.8,2026-06-18T06:23:37,0.002,1.8
route_mutation,20260618T062337_731668,of:0000000000000002:2 -> of:0000000000000008:2,0.002,0.0025,0.002,0.002,1.66,2026-06-18T06:23:37,0.002,1.73
route_mutation,20260618T062337_731668,of:0000000000000008:1 -> of:000000000000000b:6,0.001,0.00125,0.001,0.001,1.46,2026-06-18T06:23:37,0.001,1.46
route_mutation,20260618T062337_731668,of:0000000000000009:1 -> of:000000000000000c:6,0.001,0.00125,0.001,0.001,1.46,2026-06-18T06:23:37,0.001,1.46
route_mutation,20260618T062337_731668,of:0000000000000001:2 -> of:000000000000000c:1,0.002,0.0025,0.002,0.002,1.7,2026-06-18T06:23:37,0.002,1.7
route_mutation,20260618T062337_731668,of:0000000000000003:2 -> of:0000000000000008:3,0.002,0.0025,0.002,0.001,1.6,2026-06-18T06:23:37,0.002,1.73
route_mutation,20260618T062408_008110,of:0000000000000005:1 -> of:000000000000000c:5,0.002,0.0025,0.002,0.002,2.6,2026-06-18T06:24:08,0.002,2.56
route_mutation,20260618T062408_008110,of:000000000000000a:1 -> of:000000000000000d:6,0.002,0.0025,0.002,0.002,1.9,2026-06-18T06:24:08,0.002,1.76
route_mutation,20260618T062408_008110,of:000000000000000b:2 -> of:000000000000000c:2,0.002,0.0025,0.002,0.002,2.2,2026-06-18T06:24:08,0.002,2.2
route_mutation,20260618T062408_008110,of:0000000000000004:2 -> of:0000000000000009:2,0.002,0.0025,0.002,0.002,2.33,2026-06-18T06:24:08,0.002,2.4
route_mutation,20260618T062408_008110,of:0000000000000005:2 -> of:0000000000000009:3,0.002,0.0025,0.002,0.002,2.33,2026-06-18T06:24:08,0.002,2.4
route_mutation,20260618T062408_008110,of:000000000000000b:3 -> of:000000000000000d:2,0.002,0.0025,0.002,0.002,2.2,2026-06-18T06:24:08,0.002,2.2
route_mutation,20260618T062408_008110,of:0000000000000004:1 -> of:000000000000000c:4,0.002,0.0025,0.002,0.002,2.33,2026-06-18T06:24:08,0.002,2.3
route_mutation,20260618T062408_008110,of:000000000000000c:3 -> of:000000000000000d:3,0.002,0.0025,0.002,0.002,2.2,2026-06-18T06:24:08,0.002,2.2
route_mutation,20260618T062408_008110,of:0000000000000001:1 -> of:000000000000000b:1,0.002,0.0025,0.002,0.002,1.76,2026-06-18T06:24:08,0.002,1.83
route_mutation,20260618T062408_008110,of:0000000000000006:1 -> of:000000000000000d:4,0.002,0.0025,0.002,0.002,2.83,2026-06-18T06:24:08,0.002,2.86
route_mutation,20260618T062408_008110,of:0000000000000002:1 -> of:000000000000000b:4,0.002,0.0025,0.002,0.002,1.83,2026-06-18T06:24:08,0.002,1.76
route_mutation,20260618T062408_008110,of:0000000000000001:3 -> of:000000000000000d:1,0.003,0.00375,0.003,0.003,3.33,2026-06-18T06:24:08,0.003,3.16
route_mutation,20260618T062408_008110,of:0000000000000006:2 -> of:000000000000000a:2,0.002,0.0025,0.002,0.002,2.36,2026-06-18T06:24:08,0.002,2.43
route_mutation,20260618T062408_008110,of:0000000000000003:1 -> of:000000000000000b:5,0.002,0.0025,0.002,0.002,1.83,2026-06-18T06:24:08,0.002,1.76
route_mutation,20260618T062408_008110,of:0000000000000007:1 -> of:000000000000000d:5,0.002,0.0025,0.002,0.002,2.0,2026-06-18T06:24:08,0.002,2.26
route_mutation,20260618T062408_008110,of:0000000000000007:2 -> of:000000000000000a:3,0.002,0.0025,0.002,0.002,2.36,2026-06-18T06:24:08,0.002,2.43
route_mutation,20260618T062408_008110,of:0000000000000002:2 -> of:0000000000000008:2,0.002,0.0025,0.002,0.002,2.3,2026-06-18T06:24:08,0.002,2.36
route_mutation,20260618T062408_008110,of:0000000000000008:1 -> of:000000000000000b:6,0.002,0.0025,0.002,0.002,1.86,2026-06-18T06:24:08,0.002,1.76
route_mutation,20260618T062408_008110,of:0000000000000009:1 -> of:000000000000000c:6,0.002,0.0025,0.002,0.002,1.86,2026-06-18T06:24:08,0.002,1.76
route_mutation,20260618T062408_008110,of:0000000000000001:2 -> of:000000000000000c:1,0.003,0.00375,0.003,0.003,3.13,2026-06-18T06:24:08,0.003,3.2
route_mutation,20260618T062408_008110,of:0000000000000003:2 -> of:0000000000000008:3,0.002,0.0025,0.002,0.002,2.36,2026-06-18T06:24:08,0.002,2.36
ip_shuffle,20260618T062438_237358,of:0000000000000005:1 -> of:000000000000000c:5,0.002,0.0025,0.002,0.001,1.43,2026-06-18T06:24:38,0.002,1.53
ip_shuffle,20260618T062438_237358,of:000000000000000a:1 -> of:000000000000000d:6,0.002,0.0025,0.002,0.001,1.4,2026-06-18T06:24:38,0.002,1.53
ip_shuffle,20260618T062438_237358,of:000000000000000b:2 -> of:000000000000000c:2,0.002,0.0025,0.002,0.002,1.93,2026-06-18T06:24:38,0.002,1.93
ip_shuffle,20260618T062438_237358,of:0000000000000004:2 -> of:0000000000000009:2,0.002,0.0025,0.002,0.002,1.66,2026-06-18T06:24:38,0.001,1.53
ip_shuffle,20260618T062438_237358,of:0000000000000005:2 -> of:0000000000000009:3,0.002,0.0025,0.002,0.002,1.66,2026-06-18T06:24:38,0.001,1.53
ip_shuffle,20260618T062438_237358,of:000000000000000b:3 -> of:000000000000000d:2,0.002,0.0025,0.002,0.002,1.93,2026-06-18T06:24:38,0.002,1.93
ip_shuffle,20260618T062438_237358,of:0000000000000004:1 -> of:000000000000000c:4,0.002,0.0025,0.002,0.001,1.43,2026-06-18T06:24:38,0.002,1.53
ip_shuffle,20260618T062438_237358,of:000000000000000c:3 -> of:000000000000000d:3,0.002,0.0025,0.002,0.002,1.86,2026-06-18T06:24:38,0.002,1.86
ip_shuffle,20260618T062438_237358,of:0000000000000001:1 -> of:000000000000000b:1,0.002,0.0025,0.002,0.002,1.66,2026-06-18T06:24:38,0.002,1.53
ip_shuffle,20260618T062438_237358,of:0000000000000006:1 -> of:000000000000000d:4,0.002,0.0025,0.002,0.002,1.5,2026-06-18T06:24:38,0.002,1.53
ip_shuffle,20260618T062438_237358,of:0000000000000002:1 -> of:000000000000000b:4,0.002,0.0025,0.002,0.002,1.6,2026-06-18T06:24:38,0.002,1.6
ip_shuffle,20260618T062438_237358,of:0000000000000001:3 -> of:000000000000000d:1,0.002,0.0025,0.002,0.002,2.33,2026-06-18T06:24:38,0.002,2.43
ip_shuffle,20260618T062438_237358,of:0000000000000006:2 -> of:000000000000000a:2,0.002,0.0025,0.002,0.002,1.63,2026-06-18T06:24:38,0.001,1.5
ip_shuffle,20260618T062438_237358,of:0000000000000003:1 -> of:000000000000000b:5,0.002,0.0025,0.002,0.002,1.6,2026-06-18T06:24:38,0.002,1.6
ip_shuffle,20260618T062438_237358,of:0000000000000007:1 -> of:000000000000000d:5,0.002,0.0025,0.002,0.002,2.43,2026-06-18T06:24:38,0.002,2.23
ip_shuffle,20260618T062438_237358,of:0000000000000007:2 -> of:000000000000000a:3,0.002,0.0025,0.002,0.002,1.63,2026-06-18T06:24:38,0.001,1.5
ip_shuffle,20260618T062438_237358,of:0000000000000002:2 -> of:0000000000000008:2,0.002,0.0025,0.002,0.002,1.7,2026-06-18T06:24:38,0.001,1.56
ip_shuffle,20260618T062438_237358,of:0000000000000008:1 -> of:000000000000000b:6,0.002,0.0025,0.002,0.002,1.5,2026-06-18T06:24:38,0.002,1.6
ip_shuffle,20260618T062438_237358,of:0000000000000009:1 -> of:000000000000000c:6,0.002,0.0025,0.002,0.001,1.43,2026-06-18T06:24:38,0.002,1.53
ip_shuffle,20260618T062438_237358,of:0000000000000001:2 -> of:000000000000000c:1,0.002,0.0025,0.002,0.002,1.53,2026-06-18T06:24:38,0.001,1.46
ip_shuffle,20260618T062438_237358,of:0000000000000003:2 -> of:0000000000000008:3,0.002,0.0025,0.002,0.002,1.7,2026-06-18T06:24:38,0.001,1.56
route_mutation,20260618T062535_861388,of:0000000000000005:1 -> of:000000000000000c:5,0.002,0.0025,0.002,0.002,2.3,2026-06-18T06:25:35,0.002,2.33
route_mutation,20260618T062535_861388,of:000000000000000a:1 -> of:000000000000000d:6,0.002,0.0025,0.002,0.002,1.53,2026-06-18T06:25:35,0.001,1.5
route_mutation,20260618T062535_861388,of:000000000000000b:2 -> of:000000000000000c:2,0.002,0.0025,0.002,0.002,1.8,2026-06-18T06:25:35,0.002,1.8
route_mutation,20260618T062535_861388,of:0000000000000004:2 -> of:0000000000000009:2,0.002,0.0025,0.002,0.002,1.76,2026-06-18T06:25:35,0.002,1.83
route_mutation,20260618T062535_861388,of:0000000000000005:2 -> of:0000000000000009:3,0.002,0.0025,0.002,0.002,1.76,2026-06-18T06:25:35,0.002,1.83
route_mutation,20260618T062535_861388,of:000000000000000b:3 -> of:000000000000000d:2,0.002,0.0025,0.002,0.002,1.76,2026-06-18T06:25:35,0.002,1.76
route_mutation,20260618T062535_861388,of:0000000000000004:1 -> of:000000000000000c:4,0.002,0.0025,0.002,0.002,2.3,2026-06-18T06:25:35,0.002,2.33
route_mutation,20260618T062535_861388,of:000000000000000c:3 -> of:000000000000000d:3,0.002,0.0025,0.002,0.002,1.73,2026-06-18T06:25:35,0.002,1.7
route_mutation,20260618T062535_861388,of:0000000000000001:1 -> of:000000000000000b:1,0.002,0.0025,0.002,0.002,2.2,2026-06-18T06:25:35,0.002,2.1
route_mutation,20260618T062535_861388,of:0000000000000006:1 -> of:000000000000000d:4,0.002,0.0025,0.002,0.002,2.2,2026-06-18T06:25:35,0.002,2.46
route_mutation,20260618T062535_861388,of:0000000000000002:1 -> of:000000000000000b:4,0.002,0.0025,0.002,0.001,1.46,2026-06-18T06:25:35,0.002,1.6
route_mutation,20260618T062535_861388,of:0000000000000001:3 -> of:000000000000000d:1,0.002,0.0025,0.002,0.002,2.46,2026-06-18T06:25:35,0.002,2.26
route_mutation,20260618T062535_861388,of:0000000000000006:2 -> of:000000000000000a:2,0.002,0.0025,0.002,0.002,1.76,2026-06-18T06:25:35,0.002,1.83
route_mutation,20260618T062535_861388,of:0000000000000003:1 -> of:000000000000000b:5,0.002,0.0025,0.002,0.002,2.0,2026-06-18T06:25:35,0.002,2.23
route_mutation,20260618T062535_861388,of:0000000000000007:1 -> of:000000000000000d:5,0.002,0.0025,0.002,0.001,1.46,2026-06-18T06:25:35,0.002,1.6
route_mutation,20260618T062535_861388,of:0000000000000007:2 -> of:000000000000000a:3,0.002,0.0025,0.002,0.002,1.76,2026-06-18T06:25:35,0.002,1.86
route_mutation,20260618T062535_861388,of:0000000000000002:2 -> of:0000000000000008:2,0.002,0.0025,0.002,0.002,1.73,2026-06-18T06:25:35,0.002,1.8
route_mutation,20260618T062535_861388,of:0000000000000008:1 -> of:000000000000000b:6,0.002,0.0025,0.002,0.002,1.6,2026-06-18T06:25:35,0.002,1.6
route_mutation,20260618T062535_861388,of:0000000000000009:1 -> of:000000000000000c:6,0.002,0.0025,0.002,0.002,1.6,2026-06-18T06:25:35,0.002,1.53
route_mutation,20260618T062535_861388,of:0000000000000001:2 -> of:000000000000000c:1,0.003,0.00375,0.003,0.003,3.16,2026-06-18T06:25:35,0.003,3.16
route_mutation,20260618T062535_861388,of:0000000000000003:2 -> of:0000000000000008:3,0.002,0.0025,0.002,0.002,1.76,2026-06-18T06:25:35,0.002,1.83
route_mutation,20260618T062606_067250,of:0000000000000005:1 -> of:000000000000000c:5,0.002,0.0025,0.002,0.002,1.63,2026-06-18T06:26:06,0.002,1.76
route_mutation,20260618T062606_067250,of:000000000000000a:1 -> of:000000000000000d:6,0.002,0.0025,0.002,0.002,1.6,2026-06-18T06:26:06,0.002,1.73
route_mutation,20260618T062606_067250,of:000000000000000b:2 -> of:000000000000000c:2,0.002,0.0025,0.002,0.002,2.1,2026-06-18T06:26:06,0.002,2.1
route_mutation,20260618T062606_067250,of:0000000000000004:2 -> of:0000000000000009:2,0.002,0.0025,0.002,0.002,2.06,2026-06-18T06:26:06,0.002,1.93
route_mutation,20260618T062606_067250,of:0000000000000005:2 -> of:0000000000000009:3,0.002,0.0025,0.002,0.002,2.1,2026-06-18T06:26:06,0.002,1.96
route_mutation,20260618T062606_067250,of:000000000000000b:3 -> of:000000000000000d:2,0.002,0.0025,0.002,0.002,2.06,2026-06-18T06:26:06,0.002,2.06
route_mutation,20260618T062606_067250,of:0000000000000004:1 -> of:000000000000000c:4,0.002,0.0025,0.002,0.002,1.63,2026-06-18T06:26:06,0.002,1.76
route_mutation,20260618T062606_067250,of:000000000000000c:3 -> of:000000000000000d:3,0.002,0.0025,0.002,0.002,2.3,2026-06-18T06:26:06,0.002,2.33
route_mutation,20260618T062606_067250,of:0000000000000001:1 -> of:000000000000000b:1,0.002,0.0025,0.002,0.002,1.66,2026-06-18T06:26:06,0.001,1.6
route_mutation,20260618T062606_067250,of:0000000000000006:1 -> of:000000000000000d:4,0.002,0.0025,0.002,0.002,2.0,2026-06-18T06:26:06,0.002,1.83
route_mutation,20260618T062606_067250,of:0000000000000002:1 -> of:000000000000000b:4,0.002,0.0025,0.002,0.002,1.73,2026-06-18T06:26:06,0.001,1.53
route_mutation,20260618T062606_067250,of:0000000000000001:3 -> of:000000000000000d:1,0.003,0.00375,0.003,0.003,3.13,2026-06-18T06:26:06,0.003,3.13
route_mutation,20260618T062606_067250,of:0000000000000006:2 -> of:000000000000000a:2,0.002,0.0025,0.002,0.002,2.03,2026-06-18T06:26:06,0.002,1.9
route_mutation,20260618T062606_067250,of:0000000000000003:1 -> of:000000000000000b:5,0.002,0.0025,0.002,0.002,1.7,2026-06-18T06:26:06,0.001,1.53
route_mutation,20260618T062606_067250,of:0000000000000007:1 -> of:000000000000000d:5,0.002,0.0025,0.002,0.002,2.86,2026-06-18T06:26:06,0.002,2.83
route_mutation,20260618T062606_067250,of:0000000000000007:2 -> of:000000000000000a:3,0.002,0.0025,0.002,0.002,2.03,2026-06-18T06:26:06,0.002,1.86
route_mutation,20260618T062606_067250,of:0000000000000002:2 -> of:0000000000000008:2,0.002,0.0025,0.002,0.002,2.06,2026-06-18T06:26:06,0.002,1.93
route_mutation,20260618T062606_067250,of:0000000000000008:1 -> of:000000000000000b:6,0.001,0.00125,0.001,0.001,1.53,2026-06-18T06:26:06,0.001,1.53
route_mutation,20260618T062606_067250,of:0000000000000009:1 -> of:000000000000000c:6,0.002,0.0025,0.002,0.002,1.6,2026-06-18T06:26:06,0.002,1.76
route_mutation,20260618T062606_067250,of:0000000000000001:2 -> of:000000000000000c:1,0.002,0.0025,0.002,0.002,1.76,2026-06-18T06:26:06,0.002,1.7
route_mutation,20260618T062606_067250,of:0000000000000003:2 -> of:0000000000000008:3,0.002,0.0025,0.002,0.002,2.03,2026-06-18T06:26:06,0.002,1.9
ip_shuffle,20260618T062636_296181,of:0000000000000005:1 -> of:000000000000000c:5,0.002,0.0025,0.002,0.002,1.53,2026-06-18T06:26:36,0.001,1.37
ip_shuffle,20260618T062636_296181,of:000000000000000a:1 -> of:000000000000000d:6,0.002,0.0025,0.002,0.002,1.53,2026-06-18T06:26:36,0.002,1.43
ip_shuffle,20260618T062636_296181,of:000000000000000b:2 -> of:000000000000000c:2,0.002,0.0025,0.002,0.002,1.56,2026-06-18T06:26:36,0.002,1.56
ip_shuffle,20260618T062636_296181,of:0000000000000004:2 -> of:0000000000000009:2,0.002,0.0025,0.002,0.002,1.66,2026-06-18T06:26:36,0.002,1.73
ip_shuffle,20260618T062636_296181,of:0000000000000005:2 -> of:0000000000000009:3,0.002,0.0025,0.002,0.002,1.66,2026-06-18T06:26:36,0.002,1.73
ip_shuffle,20260618T062636_296181,of:000000000000000b:3 -> of:000000000000000d:2,0.002,0.0025,0.002,0.002,1.63,2026-06-18T06:26:36,0.002,1.63
ip_shuffle,20260618T062636_296181,of:0000000000000004:1 -> of:000000000000000c:4,0.002,0.0025,0.002,0.002,1.53,2026-06-18T06:26:36,0.001,1.37
ip_shuffle,20260618T062636_296181,of:000000000000000c:3 -> of:000000000000000d:3,0.001,0.00125,0.001,0.001,1.46,2026-06-18T06:26:36,0.001,1.46
ip_shuffle,20260618T062636_296181,of:0000000000000001:1 -> of:000000000000000b:1,0.003,0.00375,0.003,0.003,2.96,2026-06-18T06:26:36,0.003,3.1
ip_shuffle,20260618T062636_296181,of:0000000000000006:1 -> of:000000000000000d:4,0.002,0.0025,0.002,0.002,1.53,2026-06-18T06:26:36,0.002,1.43
ip_shuffle,20260618T062636_296181,of:0000000000000002:1 -> of:000000000000000b:4,0.002,0.0025,0.002,0.002,2.5,2026-06-18T06:26:36,0.002,2.56
ip_shuffle,20260618T062636_296181,of:0000000000000001:3 -> of:000000000000000d:1,0.002,0.0025,0.002,0.001,1.3,2026-06-18T06:26:36,0.002,1.53
ip_shuffle,20260618T062636_296181,of:0000000000000006:2 -> of:000000000000000a:2,0.002,0.0025,0.002,0.002,1.66,2026-06-18T06:26:36,0.002,1.73
ip_shuffle,20260618T062636_296181,of:0000000000000003:1 -> of:000000000000000b:5,0.002,0.0025,0.002,0.002,2.06,2026-06-18T06:26:36,0.002,2.0
ip_shuffle,20260618T062636_296181,of:0000000000000007:1 -> of:000000000000000d:5,0.002,0.0025,0.002,0.002,1.53,2026-06-18T06:26:36,0.002,1.43
ip_shuffle,20260618T062636_296181,of:0000000000000007:2 -> of:000000000000000a:3,0.002,0.0025,0.002,0.002,1.66,2026-06-18T06:26:36,0.002,1.73
ip_shuffle,20260618T062636_296181,of:0000000000000002:2 -> of:0000000000000008:2,0.002,0.0025,0.002,0.002,1.66,2026-06-18T06:26:36,0.002,1.73
ip_shuffle,20260618T062636_296181,of:0000000000000008:1 -> of:000000000000000b:6,0.002,0.0025,0.002,0.002,1.53,2026-06-18T06:26:36,0.002,1.53
ip_shuffle,20260618T062636_296181,of:0000000000000009:1 -> of:000000000000000c:6,0.001,0.00125,0.001,0.001,1.46,2026-06-18T06:26:36,0.001,1.37
ip_shuffle,20260618T062636_296181,of:0000000000000001:2 -> of:000000000000000c:1,0.001,0.00125,0.001,0.001,1.37,2026-06-18T06:26:36,0.001,1.46
ip_shuffle,20260618T062636_296181,of:0000000000000003:2 -> of:0000000000000008:3,0.002,0.0025,0.002,0.002,1.73,2026-06-18T06:26:36,0.002,1.73
route_mutation,20260618T062734_834599,of:0000000000000005:1 -> of:000000000000000c:5,0.002,0.0025,0.002,0.002,1.66,2026-06-18T06:27:34,0.001,1.5
route_mutation,20260618T062734_834599,of:000000000000000a:1 -> of:000000000000000d:6,0.002,0.0025,0.002,0.002,1.56,2026-06-18T06:27:34,0.002,1.7
route_mutation,20260618T062734_834599,of:000000000000000b:2 -> of:000000000000000c:2,0.002,0.0025,0.002,0.002,1.8,2026-06-18T06:27:34,0.002,1.8
route_mutation,20260618T062734_834599,of:0000000000000004:2 -> of:0000000000000009:2,0.002,0.0025,0.002,0.002,1.96,2026-06-18T06:27:34,0.002,1.83
route_mutation,20260618T062734_834599,of:0000000000000005:2 -> of:0000000000000009:3,0.002,0.0025,0.002,0.002,1.96,2026-06-18T06:27:34,0.002,1.83
route_mutation,20260618T062734_834599,of:000000000000000b:3 -> of:000000000000000d:2,0.002,0.0025,0.002,0.002,2.0,2026-06-18T06:27:34,0.002,2.0
route_mutation,20260618T062734_834599,of:0000000000000004:1 -> of:000000000000000c:4,0.002,0.0025,0.002,0.002,1.66,2026-06-18T06:27:34,0.001,1.5
route_mutation,20260618T062734_834599,of:000000000000000c:3 -> of:000000000000000d:3,0.002,0.0025,0.002,0.002,2.0,2026-06-18T06:27:34,0.002,2.0
route_mutation,20260618T062734_834599,of:0000000000000001:1 -> of:000000000000000b:1,0.002,0.0025,0.002,0.002,1.63,2026-06-18T06:27:34,0.001,1.56
route_mutation,20260618T062734_834599,of:0000000000000006:1 -> of:000000000000000d:4,0.002,0.0025,0.002,0.002,1.76,2026-06-18T06:27:34,0.002,1.73
route_mutation,20260618T062734_834599,of:0000000000000002:1 -> of:000000000000000b:4,0.002,0.0025,0.002,0.002,1.7,2026-06-18T06:27:34,0.002,1.56
route_mutation,20260618T062734_834599,of:0000000000000001:3 -> of:000000000000000d:1,0.003,0.00375,0.003,0.003,2.96,2026-06-18T06:27:34,0.003,3.0
route_mutation,20260618T062734_834599,of:0000000000000006:2 -> of:000000000000000a:2,0.002,0.0025,0.002,0.002,1.96,2026-06-18T06:27:34,0.002,1.83
route_mutation,20260618T062734_834599,of:0000000000000003:1 -> of:000000000000000b:5,0.002,0.0025,0.002,0.002,1.66,2026-06-18T06:27:34,0.001,1.5
route_mutation,20260618T062734_834599,of:0000000000000007:1 -> of:000000000000000d:5,0.002,0.0025,0.002,0.002,2.8,2026-06-18T06:27:34,0.002,2.8
route_mutation,20260618T062734_834599,of:0000000000000007:2 -> of:000000000000000a:3,0.002,0.0025,0.002,0.002,1.9,2026-06-18T06:27:34,0.002,1.83
route_mutation,20260618T062734_834599,of:0000000000000002:2 -> of:0000000000000008:2,0.002,0.0025,0.002,0.002,2.0,2026-06-18T06:27:34,0.002,1.93
route_mutation,20260618T062734_834599,of:0000000000000008:1 -> of:000000000000000b:6,0.001,0.00125,0.001,0.001,1.5,2026-06-18T06:27:34,0.001,1.5
route_mutation,20260618T062734_834599,of:0000000000000009:1 -> of:000000000000000c:6,0.001,0.00125,0.001,0.001,1.5,2026-06-18T06:27:34,0.001,1.5
route_mutation,20260618T062734_834599,of:0000000000000001:2 -> of:000000000000000c:1,0.002,0.0025,0.002,0.002,1.63,2026-06-18T06:27:34,0.001,1.56
route_mutation,20260618T062734_834599,of:0000000000000003:2 -> of:0000000000000008:3,0.002,0.0025,0.002,0.002,1.96,2026-06-18T06:27:34,0.002,1.83
route_mutation,20260618T062805_085708,of:0000000000000005:1 -> of:000000000000000c:5,0.002,0.0025,0.002,0.002,1.53,2026-06-18T06:28:05,0.002,1.53
route_mutation,20260618T062805_085708,of:000000000000000a:1 -> of:000000000000000d:6,0.002,0.0025,0.002,0.002,1.53,2026-06-18T06:28:05,0.002,1.47
route_mutation,20260618T062805_085708,of:000000000000000b:2 -> of:000000000000000c:2,0.002,0.0025,0.002,0.002,1.73,2026-06-18T06:28:05,0.002,1.73
route_mutation,20260618T062805_085708,of:0000000000000004:2 -> of:0000000000000009:2,0.002,0.0025,0.002,0.002,1.66,2026-06-18T06:28:05,0.002,1.73
route_mutation,20260618T062805_085708,of:0000000000000005:2 -> of:0000000000000009:3,0.002,0.0025,0.002,0.002,1.66,2026-06-18T06:28:05,0.002,1.73
route_mutation,20260618T062805_085708,of:000000000000000b:3 -> of:000000000000000d:2,0.002,0.0025,0.002,0.002,1.66,2026-06-18T06:28:05,0.002,1.66
route_mutation,20260618T062805_085708,of:0000000000000004:1 -> of:000000000000000c:4,0.002,0.0025,0.002,0.002,1.53,2026-06-18T06:28:05,0.002,1.53
route_mutation,20260618T062805_085708,of:000000000000000c:3 -> of:000000000000000d:3,0.002,0.0025,0.002,0.002,1.66,2026-06-18T06:28:05,0.002,1.66
route_mutation,20260618T062805_085708,of:0000000000000001:1 -> of:000000000000000b:1,0.003,0.00375,0.003,0.003,3.13,2026-06-18T06:28:05,0.003,3.2
route_mutation,20260618T062805_085708,of:0000000000000006:1 -> of:000000000000000d:4,0.002,0.0025,0.002,0.002,1.53,2026-06-18T06:28:05,0.002,1.47
route_mutation,20260618T062805_085708,of:0000000000000002:1 -> of:000000000000000b:4,0.002,0.0025,0.002,0.002,2.56,2026-06-18T06:28:05,0.002,2.5
route_mutation,20260618T062805_085708,of:0000000000000001:3 -> of:000000000000000d:1,0.002,0.0025,0.002,0.001,1.33,2026-06-18T06:28:05,0.002,1.53
route_mutation,20260618T062805_085708,of:0000000000000006:2 -> of:000000000000000a:2,0.002,0.0025,0.002,0.002,1.66,2026-06-18T06:28:05,0.002,1.73
route_mutation,20260618T062805_085708,of:0000000000000003:1 -> of:000000000000000b:5,0.002,0.0025,0.002,0.002,2.16,2026-06-18T06:28:05,0.002,2.16
route_mutation,20260618T062805_085708,of:0000000000000007:1 -> of:000000000000000d:5,0.002,0.0025,0.002,0.002,1.53,2026-06-18T06:28:05,0.002,1.47
route_mutation,20260618T062805_085708,of:0000000000000007:2 -> of:000000000000000a:3,0.002,0.0025,0.002,0.002,1.66,2026-06-18T06:28:05,0.002,1.73
route_mutation,20260618T062805_085708,of:0000000000000002:2 -> of:0000000000000008:2,0.002,0.0025,0.002,0.002,1.73,2026-06-18T06:28:05,0.002,1.66
route_mutation,20260618T062805_085708,of:0000000000000008:1 -> of:000000000000000b:6,0.002,0.0025,0.002,0.002,1.53,2026-06-18T06:28:05,0.002,1.53
route_mutation,20260618T062805_085708,of:0000000000000009:1 -> of:000000000000000c:6,0.002,0.0025,0.002,0.002,1.53,2026-06-18T06:28:05,0.002,1.53
route_mutation,20260618T062805_085708,of:0000000000000001:2 -> of:000000000000000c:1,0.002,0.0025,0.002,0.001,1.47,2026-06-18T06:28:05,0.002,1.53
route_mutation,20260618T062805_085708,of:0000000000000003:2 -> of:0000000000000008:3,0.002,0.0025,0.002,0.002,1.73,2026-06-18T06:28:05,0.002,1.73
ip_shuffle,20260618T062835_340943,of:0000000000000005:1 -> of:000000000000000c:5,0.002,0.0025,0.002,0.002,2.3,2026-06-18T06:28:35,0.002,2.46
ip_shuffle,20260618T062835_340943,of:000000000000000a:1 -> of:000000000000000d:6,0.002,0.0025,0.002,0.002,1.6,2026-06-18T06:28:35,0.002,1.53
ip_shuffle,20260618T062835_340943,of:000000000000000b:2 -> of:000000000000000c:2,0.002,0.0025,0.002,0.002,2.0,2026-06-18T06:28:35,0.002,2.0
ip_shuffle,20260618T062835_340943,of:0000000000000004:2 -> of:0000000000000009:2,0.002,0.0025,0.002,0.002,1.9,2026-06-18T06:28:35,0.002,1.96
ip_shuffle,20260618T062835_340943,of:0000000000000005:2 -> of:0000000000000009:3,0.002,0.0025,0.002,0.002,1.9,2026-06-18T06:28:35,0.002,1.96
ip_shuffle,20260618T062835_340943,of:000000000000000b:3 -> of:000000000000000d:2,0.002,0.0025,0.002,0.002,1.86,2026-06-18T06:28:35,0.002,1.86
ip_shuffle,20260618T062835_340943,of:0000000000000004:1 -> of:000000000000000c:4,0.002,0.0025,0.002,0.002,2.3,2026-06-18T06:28:35,0.002,2.46
ip_shuffle,20260618T062835_340943,of:000000000000000c:3 -> of:000000000000000d:3,0.002,0.0025,0.002,0.002,1.86,2026-06-18T06:28:35,0.002,1.86
ip_shuffle,20260618T062835_340943,of:0000000000000001:1 -> of:000000000000000b:1,0.002,0.0025,0.002,0.002,2.0,2026-06-18T06:28:35,0.002,2.0
ip_shuffle,20260618T062835_340943,of:0000000000000006:1 -> of:000000000000000d:4,0.002,0.0025,0.002,0.002,2.5,2026-06-18T06:28:35,0.002,2.53
ip_shuffle,20260618T062835_340943,of:0000000000000002:1 -> of:000000000000000b:4,0.002,0.0025,0.002,0.001,1.5,2026-06-18T06:28:35,0.002,1.66
ip_shuffle,20260618T062835_340943,of:0000000000000001:3 -> of:000000000000000d:1,0.002,0.0025,0.002,0.002,2.7,2026-06-18T06:28:35,0.002,2.46
ip_shuffle,20260618T062835_340943,of:0000000000000006:2 -> of:000000000000000a:2,0.002,0.0025,0.002,0.002,1.9,2026-06-18T06:28:35,0.002,1.96
ip_shuffle,20260618T062835_340943,of:0000000000000003:1 -> of:000000000000000b:5,0.002,0.0025,0.002,0.002,1.9,2026-06-18T06:28:35,0.002,2.06
ip_shuffle,20260618T062835_340943,of:0000000000000007:1 -> of:000000000000000d:5,0.002,0.0025,0.002,0.002,1.63,2026-06-18T06:28:35,0.002,1.76
ip_shuffle,20260618T062835_340943,of:0000000000000007:2 -> of:000000000000000a:3,0.002,0.0025,0.002,0.002,2.0,2026-06-18T06:28:35,0.002,2.0
ip_shuffle,20260618T062835_340943,of:0000000000000002:2 -> of:0000000000000008:2,0.002,0.0025,0.002,0.002,1.83,2026-06-18T06:28:35,0.002,1.96
ip_shuffle,20260618T062835_340943,of:0000000000000008:1 -> of:000000000000000b:6,0.002,0.0025,0.002,0.002,1.66,2026-06-18T06:28:35,0.002,1.66
ip_shuffle,20260618T062835_340943,of:0000000000000009:1 -> of:000000000000000c:6,0.002,0.0025,0.002,0.002,1.66,2026-06-18T06:28:35,0.002,1.66
ip_shuffle,20260618T062835_340943,of:0000000000000001:2 -> of:000000000000000c:1,0.003,0.00375,0.003,0.003,3.2,2026-06-18T06:28:35,0.003,3.2
ip_shuffle,20260618T062835_340943,of:0000000000000003:2 -> of:0000000000000008:3,0.002,0.0025,0.002,0.002,1.83,2026-06-18T06:28:35,0.002,1.96
route_mutation,20260618T062933_239323,of:0000000000000005:1 -> of:000000000000000c:5,0.002,0.0025,0.002,0.002,1.53,2026-06-18T06:29:33,0.001,1.4
route_mutation,20260618T062933_239323,of:000000000000000a:1 -> of:000000000000000d:6,0.001,0.00125,0.001,0.001,1.46,2026-06-18T06:29:33,0.001,1.46
route_mutation,20260618T062933_239323,of:000000000000000b:2 -> of:000000000000000c:2,0.002,0.0025,0.002,0.002,1.66,2026-06-18T06:29:33,0.002,1.66
route_mutation,20260618T062933_239323,of:0000000000000004:2 -> of:0000000000000009:2,0.002,0.0025,0.002,0.002,1.66,2026-06-18T06:29:33,0.002,1.73
route_mutation,20260618T062933_239323,of:0000000000000005:2 -> of:0000000000000009:3,0.002,0.0025,0.002,0.002,1.66,2026-06-18T06:29:33,0.002,1.66
route_mutation,20260618T062933_239323,of:000000000000000b:3 -> of:000000000000000d:2,0.002,0.0025,0.002,0.002,1.66,2026-06-18T06:29:33,0.002,1.66
route_mutation,20260618T062933_239323,of:0000000000000004:1 -> of:000000000000000c:4,0.002,0.0025,0.002,0.002,1.53,2026-06-18T06:29:33,0.001,1.46
route_mutation,20260618T062933_239323,of:000000000000000c:3 -> of:000000000000000d:3,0.001,0.00125,0.001,0.001,1.6,2026-06-18T06:29:33,0.001,1.6
route_mutation,20260618T062933_239323,of:0000000000000001:1 -> of:000000000000000b:1,0.003,0.00375,0.003,0.003,3.0,2026-06-18T06:29:33,0.003,2.93
route_mutation,20260618T062933_239323,of:0000000000000006:1 -> of:000000000000000d:4,0.002,0.0025,0.002,0.002,1.53,2026-06-18T06:29:33,0.001,1.46
route_mutation,20260618T062933_239323,of:0000000000000002:1 -> of:000000000000000b:4,0.002,0.0025,0.002,0.002,2.56,2026-06-18T06:29:33,0.002,2.5
route_mutation,20260618T062933_239323,of:0000000000000001:3 -> of:000000000000000d:1,0.002,0.0025,0.002,0.002,1.53,2026-06-18T06:29:33,0.001,1.4
route_mutation,20260618T062933_239323,of:0000000000000006:2 -> of:000000000000000a:2,0.002,0.0025,0.002,0.002,1.66,2026-06-18T06:29:33,0.002,1.73
route_mutation,20260618T062933_239323,of:0000000000000003:1 -> of:000000000000000b:5,0.002,0.0025,0.002,0.002,1.96,2026-06-18T06:29:33,0.002,1.9
route_mutation,20260618T062933_239323,of:0000000000000007:1 -> of:000000000000000d:5,0.001,0.00125,0.001,0.001,1.46,2026-06-18T06:29:33,0.001,1.4
route_mutation,20260618T062933_239323,of:0000000000000007:2 -> of:000000000000000a:3,0.002,0.0025,0.002,0.002,1.66,2026-06-18T06:29:33,0.002,1.66
route_mutation,20260618T062933_239323,of:0000000000000002:2 -> of:0000000000000008:2,0.002,0.0025,0.002,0.002,1.73,2026-06-18T06:29:33,0.002,1.66
route_mutation,20260618T062933_239323,of:0000000000000008:1 -> of:000000000000000b:6,0.002,0.0025,0.002,0.002,1.53,2026-06-18T06:29:33,0.002,1.53
route_mutation,20260618T062933_239323,of:0000000000000009:1 -> of:000000000000000c:6,0.001,0.00125,0.001,0.001,1.46,2026-06-18T06:29:33,0.001,1.46
route_mutation,20260618T062933_239323,of:0000000000000001:2 -> of:000000000000000c:1,0.002,0.0025,0.002,0.002,1.53,2026-06-18T06:29:33,0.001,1.4
route_mutation,20260618T062933_239323,of:0000000000000003:2 -> of:0000000000000008:3,0.002,0.0025,0.002,0.002,1.73,2026-06-18T06:29:33,0.002,1.66
ip_shuffle,20260618T063003_484773,of:0000000000000005:1 -> of:000000000000000c:5,0.002,0.0025,0.002,0.002,2.1,2026-06-18T06:30:03,0.002,2.23
ip_shuffle,20260618T063003_484773,of:000000000000000a:1 -> of:000000000000000d:6,0.002,0.0025,0.002,0.002,1.43,2026-06-18T06:30:03,0.002,1.46
ip_shuffle,20260618T063003_484773,of:000000000000000b:2 -> of:000000000000000c:2,0.002,0.0025,0.002,0.002,1.53,2026-06-18T06:30:03,0.002,1.53
ip_shuffle,20260618T063003_484773,of:0000000000000004:2 -> of:0000000000000009:2,0.002,0.0025,0.002,0.001,1.46,2026-06-18T06:30:03,0.002,1.53
ip_shuffle,20260618T063003_484773,of:0000000000000005:2 -> of:0000000000000009:3,0.002,0.0025,0.002,0.001,1.46,2026-06-18T06:30:03,0.002,1.53
ip_shuffle,20260618T063003_484773,of:000000000000000b:3 -> of:000000000000000d:2,0.002,0.0025,0.002,0.002,1.56,2026-06-18T06:30:03,0.002,1.56
ip_shuffle,20260618T063003_484773,of:0000000000000004:1 -> of:000000000000000c:4,0.002,0.0025,0.002,0.002,2.1,2026-06-18T06:30:03,0.002,2.23
ip_shuffle,20260618T063003_484773,of:000000000000000c:3 -> of:000000000000000d:3,0.002,0.0025,0.002,0.002,1.56,2026-06-18T06:30:03,0.002,1.56
ip_shuffle,20260618T063003_484773,of:0000000000000001:1 -> of:000000000000000b:1,0.002,0.0025,0.002,0.002,1.86,2026-06-18T06:30:03,0.002,2.0
ip_shuffle,20260618T063003_484773,of:0000000000000006:1 -> of:000000000000000d:4,0.002,0.0025,0.002,0.002,2.1,2026-06-18T06:30:03,0.002,2.13
ip_shuffle,20260618T063003_484773,of:0000000000000002:1 -> of:000000000000000b:4,0.002,0.0025,0.002,0.001,1.3,2026-06-18T06:30:03,0.002,1.43
ip_shuffle,20260618T063003_484773,of:0000000000000001:3 -> of:000000000000000d:1,0.002,0.0025,0.002,0.002,2.0,2026-06-18T06:30:03,0.002,2.1
ip_shuffle,20260618T063003_484773,of:0000000000000006:2 -> of:000000000000000a:2,0.002,0.0025,0.002,0.002,1.53,2026-06-18T06:30:03,0.002,1.53
ip_shuffle,20260618T063003_484773,of:0000000000000003:1 -> of:000000000000000b:5,0.002,0.0025,0.002,0.002,1.86,2026-06-18T06:30:03,0.002,2.0
ip_shuffle,20260618T063003_484773,of:0000000000000007:1 -> of:000000000000000d:5,0.002,0.0025,0.002,0.002,1.43,2026-06-18T06:30:03,0.002,1.46
ip_shuffle,20260618T063003_484773,of:0000000000000007:2 -> of:000000000000000a:3,0.002,0.0025,0.002,0.002,1.53,2026-06-18T06:30:03,0.002,1.53
ip_shuffle,20260618T063003_484773,of:0000000000000002:2 -> of:0000000000000008:2,0.002,0.0025,0.002,0.001,1.4,2026-06-18T06:30:03,0.002,1.53
ip_shuffle,20260618T063003_484773,of:0000000000000008:1 -> of:000000000000000b:6,0.002,0.0025,0.002,0.002,1.43,2026-06-18T06:30:03,0.002,1.43
ip_shuffle,20260618T063003_484773,of:0000000000000009:1 -> of:000000000000000c:6,0.002,0.0025,0.002,0.002,1.43,2026-06-18T06:30:03,0.002,1.43
ip_shuffle,20260618T063003_484773,of:0000000000000001:2 -> of:000000000000000c:1,0.003,0.00375,0.003,0.003,2.96,2026-06-18T06:30:03,0.003,3.03
ip_shuffle,20260618T063003_484773,of:0000000000000003:2 -> of:0000000000000008:3,0.002,0.0025,0.002,0.001,1.4,2026-06-18T06:30:03,0.002,1.53
route_mutation,20260618T063101_089640,of:0000000000000005:1 -> of:000000000000000c:5,0.001,0.00125,0.001,0.001,1.33,2026-06-18T06:31:01,0.001,1.2
route_mutation,20260618T063101_089640,of:000000000000000a:1 -> of:000000000000000d:6,0.001,0.00125,0.001,0.001,1.26,2026-06-18T06:31:01,0.001,1.26
route_mutation,20260618T063101_089640,of:000000000000000b:2 -> of:000000000000000c:2,0.001,0.00125,0.001,0.001,1.26,2026-06-18T06:31:01,0.001,1.26
route_mutation,20260618T063101_089640,of:0000000000000004:2 -> of:0000000000000009:2,0.001,0.00125,0.001,0.001,1.26,2026-06-18T06:31:01,0.001,1.33
route_mutation,20260618T063101_089640,of:0000000000000005:2 -> of:0000000000000009:3,0.001,0.00125,0.001,0.001,1.26,2026-06-18T06:31:01,0.001,1.26
route_mutation,20260618T063101_089640,of:000000000000000b:3 -> of:000000000000000d:2,0.001,0.00125,0.001,0.001,1.26,2026-06-18T06:31:01,0.001,1.26
route_mutation,20260618T063101_089640,of:0000000000000004:1 -> of:000000000000000c:4,0.001,0.00125,0.001,0.001,1.33,2026-06-18T06:31:01,0.001,1.26
route_mutation,20260618T063101_089640,of:000000000000000c:3 -> of:000000000000000d:3,0.001,0.00125,0.001,0.001,1.2,2026-06-18T06:31:01,0.001,1.2
route_mutation,20260618T063101_089640,of:0000000000000001:1 -> of:000000000000000b:1,0.002,0.0025,0.002,0.002,1.66,2026-06-18T06:31:01,0.002,1.6
route_mutation,20260618T063101_089640,of:0000000000000006:1 -> of:000000000000000d:4,0.001,0.00125,0.001,0.001,1.33,2026-06-18T06:31:01,0.001,1.26
route_mutation,20260618T063101_089640,of:0000000000000002:1 -> of:000000000000000b:4,0.002,0.0025,0.002,0.002,1.66,2026-06-18T06:31:01,0.002,1.6
route_mutation,20260618T063101_089640,of:0000000000000001:3 -> of:000000000000000d:1,0.001,0.00125,0.001,0.001,1.36,2026-06-18T06:31:01,0.001,1.23
route_mutation,20260618T063101_089640,of:0000000000000006:2 -> of:000000000000000a:2,0.001,0.00125,0.001,0.001,1.26,2026-06-18T06:31:01,0.001,1.33
route_mutation,20260618T063101_089640,of:0000000000000003:1 -> of:000000000000000b:5,0.001,0.00125,0.001,0.001,1.33,2026-06-18T06:31:01,0.001,1.26
route_mutation,20260618T063101_089640,of:0000000000000007:1 -> of:000000000000000d:5,0.001,0.00125,0.001,0.001,1.33,2026-06-18T06:31:01,0.001,1.2
route_mutation,20260618T063101_089640,of:0000000000000007:2 -> of:000000000000000a:3,0.001,0.00125,0.001,0.001,1.26,2026-06-18T06:31:01,0.001,1.26
route_mutation,20260618T063101_089640,of:0000000000000002:2 -> of:0000000000000008:2,0.001,0.00125,0.001,0.001,1.33,2026-06-18T06:31:01,0.001,1.26
route_mutation,20260618T063101_089640,of:0000000000000008:1 -> of:000000000000000b:6,0.001,0.00125,0.001,0.001,1.33,2026-06-18T06:31:01,0.001,1.33
route_mutation,20260618T063101_089640,of:0000000000000009:1 -> of:000000000000000c:6,0.001,0.00125,0.001,0.001,1.26,2026-06-18T06:31:01,0.001,1.26
route_mutation,20260618T063101_089640,of:0000000000000001:2 -> of:000000000000000c:1,0.001,0.00125,0.001,0.001,1.33,2026-06-18T06:31:01,0.001,1.2
route_mutation,20260618T063101_089640,of:0000000000000003:2 -> of:0000000000000008:3,0.001,0.00125,0.001,0.001,1.33,2026-06-18T06:31:01,0.001,1.26
ip_shuffle,20260618T063131_338679,of:0000000000000005:1 -> of:000000000000000c:5,0.002,0.0025,0.002,0.002,2.16,2026-06-18T06:31:31,0.002,2.3
ip_shuffle,20260618T063131_338679,of:000000000000000a:1 -> of:000000000000000d:6,0.002,0.0025,0.002,0.002,1.53,2026-06-18T06:31:31,0.002,1.53
ip_shuffle,20260618T063131_338679,of:000000000000000b:2 -> of:000000000000000c:2,0.002,0.0025,0.002,0.002,1.73,2026-06-18T06:31:31,0.002,1.73
ip_shuffle,20260618T063131_338679,of:0000000000000004:2 -> of:0000000000000009:2,0.002,0.0025,0.002,0.002,1.66,2026-06-18T06:31:31,0.002,1.73
ip_shuffle,20260618T063131_338679,of:0000000000000005:2 -> of:0000000000000009:3,0.002,0.0025,0.002,0.002,1.66,2026-06-18T06:31:31,0.002,1.73
ip_shuffle,20260618T063131_338679,of:000000000000000b:3 -> of:000000000000000d:2,0.002,0.0025,0.002,0.002,1.73,2026-06-18T06:31:31,0.002,1.73
ip_shuffle,20260618T063131_338679,of:0000000000000004:1 -> of:000000000000000c:4,0.002,0.0025,0.002,0.002,2.2,2026-06-18T06:31:31,0.002,2.33
ip_shuffle,20260618T063131_338679,of:000000000000000c:3 -> of:000000000000000d:3,0.002,0.0025,0.002,0.002,1.73,2026-06-18T06:31:31,0.002,1.73
ip_shuffle,20260618T063131_338679,of:0000000000000001:1 -> of:000000000000000b:1,0.003,0.00375,0.003,0.003,3.13,2026-06-18T06:31:31,0.003,3.26
ip_shuffle,20260618T063131_338679,of:0000000000000006:1 -> of:000000000000000d:4,0.002,0.0025,0.002,0.002,1.5,2026-06-18T06:31:31,0.002,1.6
ip_shuffle,20260618T063131_338679,of:0000000000000002:1 -> of:000000000000000b:4,0.002,0.0025,0.002,0.002,2.1,2026-06-18T06:31:31,0.002,2.23
ip_shuffle,20260618T063131_338679,of:0000000000000001:3 -> of:000000000000000d:1,0.002,0.0025,0.002,0.002,1.53,2026-06-18T06:31:31,0.002,1.56
ip_shuffle,20260618T063131_338679,of:0000000000000006:2 -> of:000000000000000a:2,0.002,0.0025,0.002,0.002,1.73,2026-06-18T06:31:31,0.002,1.73
ip_shuffle,20260618T063131_338679,of:0000000000000003:1 -> of:000000000000000b:5,0.002,0.0025,0.002,0.002,2.43,2026-06-18T06:31:31,0.002,2.56
ip_shuffle,20260618T063131_338679,of:0000000000000007:1 -> of:000000000000000d:5,0.002,0.0025,0.002,0.001,1.46,2026-06-18T06:31:31,0.002,1.53
ip_shuffle,20260618T063131_338679,of:0000000000000007:2 -> of:000000000000000a:3,0.002,0.0025,0.002,0.002,1.73,2026-06-18T06:31:31,0.002,1.73
ip_shuffle,20260618T063131_338679,of:0000000000000002:2 -> of:0000000000000008:2,0.002,0.0025,0.002,0.001,1.6,2026-06-18T06:31:31,0.002,1.73
ip_shuffle,20260618T063131_338679,of:0000000000000008:1 -> of:000000000000000b:6,0.002,0.0025,0.002,0.002,1.53,2026-06-18T06:31:31,0.002,1.53
ip_shuffle,20260618T063131_338679,of:0000000000000009:1 -> of:000000000000000c:6,0.002,0.0025,0.002,0.002,1.53,2026-06-18T06:31:31,0.002,1.53
ip_shuffle,20260618T063131_338679,of:0000000000000001:2 -> of:000000000000000c:1,0.003,0.00375,0.003,0.003,2.96,2026-06-18T06:31:31,0.003,3.06
ip_shuffle,20260618T063131_338679,of:0000000000000003:2 -> of:0000000000000008:3,0.002,0.0025,0.002,0.001,1.6,2026-06-18T06:31:31,0.002,1.73
route_mutation,20260618T063235_456225,of:0000000000000005:1 -> of:000000000000000c:5,0.001,0.00125,0.001,0.001,1.33,2026-06-18T06:32:35,0.001,1.2
route_mutation,20260618T063235_456225,of:000000000000000a:1 -> of:000000000000000d:6,0.001,0.00125,0.001,0.001,1.27,2026-06-18T06:32:35,0.001,1.27
route_mutation,20260618T063235_456225,of:000000000000000b:2 -> of:000000000000000c:2,0.001,0.00125,0.001,0.001,1.27,2026-06-18T06:32:35,0.001,1.27
route_mutation,20260618T063235_456225,of:0000000000000004:2 -> of:0000000000000009:2,0.001,0.00125,0.001,0.001,1.33,2026-06-18T06:32:35,0.001,1.27
route_mutation,20260618T063235_456225,of:0000000000000005:2 -> of:0000000000000009:3,0.001,0.00125,0.001,0.001,1.33,2026-06-18T06:32:35,0.001,1.27
route_mutation,20260618T063235_456225,of:000000000000000b:3 -> of:000000000000000d:2,0.001,0.00125,0.001,0.001,1.27,2026-06-18T06:32:35,0.001,1.27
route_mutation,20260618T063235_456225,of:0000000000000004:1 -> of:000000000000000c:4,0.001,0.00125,0.001,0.001,1.33,2026-06-18T06:32:35,0.001,1.2
route_mutation,20260618T063235_456225,of:000000000000000c:3 -> of:000000000000000d:3,0.001,0.00125,0.001,0.001,1.2,2026-06-18T06:32:35,0.001,1.2
route_mutation,20260618T063235_456225,of:0000000000000001:1 -> of:000000000000000b:1,0.002,0.0025,0.002,0.002,1.53,2026-06-18T06:32:35,0.002,1.47
route_mutation,20260618T063235_456225,of:0000000000000006:1 -> of:000000000000000d:4,0.001,0.00125,0.001,0.001,1.33,2026-06-18T06:32:35,0.001,1.2
route_mutation,20260618T063235_456225,of:0000000000000002:1 -> of:000000000000000b:4,0.002,0.0025,0.002,0.002,1.53,2026-06-18T06:32:35,0.002,1.47
route_mutation,20260618T063235_456225,of:0000000000000001:3 -> of:000000000000000d:1,0.001,0.00125,0.001,0.001,1.37,2026-06-18T06:32:35,0.001,1.23
route_mutation,20260618T063235_456225,of:0000000000000006:2 -> of:000000000000000a:2,0.001,0.00125,0.001,0.001,1.27,2026-06-18T06:32:35,0.001,1.27
route_mutation,20260618T063235_456225,of:0000000000000003:1 -> of:000000000000000b:5,0.001,0.00125,0.001,0.001,1.33,2026-06-18T06:32:35,0.001,1.27
route_mutation,20260618T063235_456225,of:0000000000000007:1 -> of:000000000000000d:5,0.001,0.00125,0.001,0.001,1.33,2026-06-18T06:32:35,0.001,1.2
route_mutation,20260618T063235_456225,of:0000000000000007:2 -> of:000000000000000a:3,0.001,0.00125,0.001,0.001,1.27,2026-06-18T06:32:35,0.001,1.27
route_mutation,20260618T063235_456225,of:0000000000000002:2 -> of:0000000000000008:2,0.001,0.00125,0.001,0.001,1.33,2026-06-18T06:32:35,0.001,1.27
route_mutation,20260618T063235_456225,of:0000000000000008:1 -> of:000000000000000b:6,0.001,0.00125,0.001,0.001,1.33,2026-06-18T06:32:35,0.001,1.33
route_mutation,20260618T063235_456225,of:0000000000000009:1 -> of:000000000000000c:6,0.001,0.00125,0.001,0.001,1.27,2026-06-18T06:32:35,0.001,1.27
route_mutation,20260618T063235_456225,of:0000000000000001:2 -> of:000000000000000c:1,0.001,0.00125,0.001,0.001,1.33,2026-06-18T06:32:35,0.001,1.2
route_mutation,20260618T063235_456225,of:0000000000000003:2 -> of:0000000000000008:3,0.001,0.00125,0.001,0.001,1.33,2026-06-18T06:32:35,0.001,1.27
route_mutation,20260618T063305_732173,of:0000000000000005:1 -> of:000000000000000c:5,0.002,0.0025,0.002,0.002,2.16,2026-06-18T06:33:05,0.002,2.23
route_mutation,20260618T063305_732173,of:000000000000000a:1 -> of:000000000000000d:6,0.002,0.0025,0.002,0.002,1.43,2026-06-18T06:33:05,0.002,1.43
route_mutation,20260618T063305_732173,of:000000000000000b:2 -> of:000000000000000c:2,0.002,0.0025,0.002,0.002,1.53,2026-06-18T06:33:05,0.002,1.53
route_mutation,20260618T063305_732173,of:0000000000000004:2 -> of:0000000000000009:2,0.002,0.0025,0.002,0.001,1.4,2026-06-18T06:33:05,0.002,1.53
route_mutation,20260618T063305_732173,of:0000000000000005:2 -> of:0000000000000009:3,0.002,0.0025,0.002,0.001,1.47,2026-06-18T06:33:05,0.002,1.53
route_mutation,20260618T063305_732173,of:000000000000000b:3 -> of:000000000000000d:2,0.002,0.0025,0.002,0.002,1.66,2026-06-18T06:33:05,0.002,1.66
route_mutation,20260618T063305_732173,of:0000000000000004:1 -> of:000000000000000c:4,0.002,0.0025,0.002,0.002,2.1,2026-06-18T06:33:05,0.002,2.23
route_mutation,20260618T063305_732173,of:000000000000000c:3 -> of:000000000000000d:3,0.002,0.0025,0.002,0.002,1.53,2026-06-18T06:33:05,0.002,1.53
route_mutation,20260618T063305_732173,of:0000000000000001:1 -> of:000000000000000b:1,0.003,0.00375,0.003,0.003,3.16,2026-06-18T06:33:05,0.003,3.23
route_mutation,20260618T063305_732173,of:0000000000000006:1 -> of:000000000000000d:4,0.002,0.0025,0.002,0.002,1.5,2026-06-18T06:33:05,0.002,1.57
route_mutation,20260618T063305_732173,of:0000000000000002:1 -> of:000000000000000b:4,0.002,0.0025,0.002,0.002,2.26,2026-06-18T06:33:05,0.002,2.33
route_mutation,20260618T063305_732173,of:0000000000000001:3 -> of:000000000000000d:1,0.002,0.0025,0.002,0.002,1.6,2026-06-18T06:33:05,0.002,1.66
route_mutation,20260618T063305_732173,of:0000000000000006:2 -> of:000000000000000a:2,0.002,0.0025,0.002,0.002,1.53,2026-06-18T06:33:05,0.002,1.53
route_mutation,20260618T063305_732173,of:0000000000000003:1 -> of:000000000000000b:5,0.002,0.0025,0.002,0.002,2.33,2026-06-18T06:33:05,0.002,2.46
route_mutation,20260618T063305_732173,of:0000000000000007:1 -> of:000000000000000d:5,0.002,0.0025,0.002,0.002,1.63,2026-06-18T06:33:05,0.002,1.7
route_mutation,20260618T063305_732173,of:0000000000000007:2 -> of:000000000000000a:3,0.002,0.0025,0.002,0.002,1.53,2026-06-18T06:33:05,0.002,1.53
route_mutation,20260618T063305_732173,of:0000000000000002:2 -> of:0000000000000008:2,0.002,0.0025,0.002,0.001,1.4,2026-06-18T06:33:05,0.002,1.53
route_mutation,20260618T063305_732173,of:0000000000000008:1 -> of:000000000000000b:6,0.002,0.0025,0.002,0.002,1.43,2026-06-18T06:33:05,0.002,1.43
route_mutation,20260618T063305_732173,of:0000000000000009:1 -> of:000000000000000c:6,0.002,0.0025,0.002,0.002,1.43,2026-06-18T06:33:05,0.002,1.43
route_mutation,20260618T063305_732173,of:0000000000000001:2 -> of:000000000000000c:1,0.003,0.00375,0.003,0.003,2.93,2026-06-18T06:33:05,0.003,3.0
route_mutation,20260618T063305_732173,of:0000000000000003:2 -> of:0000000000000008:3,0.002,0.0025,0.002,0.001,1.4,2026-06-18T06:33:05,0.002,1.53
ip_shuffle,20260618T063336_017508,of:0000000000000005:1 -> of:000000000000000c:5,0.002,0.0025,0.002,0.002,1.83,2026-06-18T06:33:36,0.002,1.93
ip_shuffle,20260618T063336_017508,of:000000000000000a:1 -> of:000000000000000d:6,0.002,0.0025,0.002,0.002,1.86,2026-06-18T06:33:36,0.002,1.86
ip_shuffle,20260618T063336_017508,of:000000000000000b:2 -> of:000000000000000c:2,0.002,0.0025,0.002,0.002,2.53,2026-06-18T06:33:36,0.002,2.53
ip_shuffle,20260618T063336_017508,of:0000000000000004:2 -> of:0000000000000009:2,0.002,0.0025,0.002,0.002,2.5,2026-06-18T06:33:36,0.002,2.43
ip_shuffle,20260618T063336_017508,of:0000000000000005:2 -> of:0000000000000009:3,0.002,0.0025,0.002,0.002,2.43,2026-06-18T06:33:36,0.002,2.43
ip_shuffle,20260618T063336_017508,of:000000000000000b:3 -> of:000000000000000d:2,0.002,0.0025,0.002,0.002,2.53,2026-06-18T06:33:36,0.002,2.53
ip_shuffle,20260618T063336_017508,of:0000000000000004:1 -> of:000000000000000c:4,0.002,0.0025,0.002,0.002,1.9,2026-06-18T06:33:36,0.002,1.93
ip_shuffle,20260618T063336_017508,of:000000000000000c:3 -> of:000000000000000d:3,0.002,0.0025,0.002,0.002,2.53,2026-06-18T06:33:36,0.002,2.53
ip_shuffle,20260618T063336_017508,of:0000000000000001:1 -> of:000000000000000b:1,0.002,0.0025,0.002,0.002,1.86,2026-06-18T06:33:36,0.002,1.86
ip_shuffle,20260618T063336_017508,of:0000000000000006:1 -> of:000000000000000d:4,0.002,0.0025,0.002,0.002,2.76,2026-06-18T06:33:36,0.002,2.86
ip_shuffle,20260618T063336_017508,of:0000000000000002:1 -> of:000000000000000b:4,0.002,0.0025,0.002,0.002,1.8,2026-06-18T06:33:36,0.002,1.93
ip_shuffle,20260618T063336_017508,of:0000000000000001:3 -> of:000000000000000d:1,0.003,0.00375,0.003,0.003,3.43,2026-06-18T06:33:36,0.003,3.59
ip_shuffle,20260618T063336_017508,of:0000000000000006:2 -> of:000000000000000a:2,0.002,0.0025,0.002,0.002,2.43,2026-06-18T06:33:36,0.002,2.43
ip_shuffle,20260618T063336_017508,of:0000000000000003:1 -> of:000000000000000b:5,0.002,0.0025,0.002,0.002,1.9,2026-06-18T06:33:36,0.002,1.93
ip_shuffle,20260618T063336_017508,of:0000000000000007:1 -> of:000000000000000d:5,0.002,0.0025,0.002,0.002,2.6,2026-06-18T06:33:36,0.002,2.66
ip_shuffle,20260618T063336_017508,of:0000000000000007:2 -> of:000000000000000a:3,0.002,0.0025,0.002,0.002,2.46,2026-06-18T06:33:36,0.002,2.46
ip_shuffle,20260618T063336_017508,of:0000000000000002:2 -> of:0000000000000008:2,0.002,0.0025,0.002,0.002,2.46,2026-06-18T06:33:36,0.002,2.4
ip_shuffle,20260618T063336_017508,of:0000000000000008:1 -> of:000000000000000b:6,0.002,0.0025,0.002,0.002,1.86,2026-06-18T06:33:36,0.002,1.86
ip_shuffle,20260618T063336_017508,of:0000000000000009:1 -> of:000000000000000c:6,0.002,0.0025,0.002,0.002,1.86,2026-06-18T06:33:36,0.002,1.86
ip_shuffle,20260618T063336_017508,of:0000000000000001:2 -> of:000000000000000c:1,0.002,0.0025,0.002,0.002,1.9,2026-06-18T06:33:36,0.002,1.9
ip_shuffle,20260618T063336_017508,of:0000000000000003:2 -> of:0000000000000008:3,0.002,0.0025,0.002,0.002,2.5,2026-06-18T06:33:36,0.002,2.43
route_mutation,20260618T063433_612191,of:0000000000000005:1 -> of:000000000000000c:5,0.002,0.0025,0.002,0.001,1.43,2026-06-18T06:34:33,0.002,1.5
route_mutation,20260618T063433_612191,of:000000000000000a:1 -> of:000000000000000d:6,0.002,0.0025,0.002,0.002,1.43,2026-06-18T06:34:33,0.002,1.43
route_mutation,20260618T063433_612191,of:000000000000000b:2 -> of:000000000000000c:2,0.002,0.0025,0.002,0.002,1.53,2026-06-18T06:34:33,0.002,1.53
route_mutation,20260618T063433_612191,of:0000000000000004:2 -> of:0000000000000009:2,0.002,0.0025,0.002,0.001,1.4,2026-06-18T06:34:33,0.002,1.53
route_mutation,20260618T063433_612191,of:0000000000000005:2 -> of:0000000000000009:3,0.002,0.0025,0.002,0.001,1.46,2026-06-18T06:34:33,0.002,1.53
route_mutation,20260618T063433_612191,of:000000000000000b:3 -> of:000000000000000d:2,0.002,0.0025,0.002,0.002,1.66,2026-06-18T06:34:33,0.002,1.66
route_mutation,20260618T063433_612191,of:0000000000000004:1 -> of:000000000000000c:4,0.002,0.0025,0.002,0.002,2.06,2026-06-18T06:34:33,0.002,2.2
route_mutation,20260618T063433_612191,of:000000000000000c:3 -> of:000000000000000d:3,0.002,0.0025,0.002,0.002,1.53,2026-06-18T06:34:33,0.002,1.53
route_mutation,20260618T063433_612191,of:0000000000000001:1 -> of:000000000000000b:1,0.003,0.00375,0.003,0.003,3.36,2026-06-18T06:34:33,0.003,3.43
route_mutation,20260618T063433_612191,of:0000000000000006:1 -> of:000000000000000d:4,0.002,0.0025,0.002,0.001,1.36,2026-06-18T06:34:33,0.002,1.43
route_mutation,20260618T063433_612191,of:0000000000000002:1 -> of:000000000000000b:4,0.002,0.0025,0.002,0.002,2.46,2026-06-18T06:34:33,0.002,2.53
route_mutation,20260618T063433_612191,of:0000000000000001:3 -> of:000000000000000d:1,0.002,0.0025,0.002,0.002,1.5,2026-06-18T06:34:33,0.002,1.56
route_mutation,20260618T063433_612191,of:0000000000000006:2 -> of:000000000000000a:2,0.002,0.0025,0.002,0.002,1.53,2026-06-18T06:34:33,0.002,1.53
route_mutation,20260618T063433_612191,of:0000000000000003:1 -> of:000000000000000b:5,0.002,0.0025,0.002,0.002,2.33,2026-06-18T06:34:33,0.002,2.46
route_mutation,20260618T063433_612191,of:0000000000000007:1 -> of:000000000000000d:5,0.002,0.0025,0.002,0.002,1.63,2026-06-18T06:34:33,0.002,1.7
route_mutation,20260618T063433_612191,of:0000000000000007:2 -> of:000000000000000a:3,0.002,0.0025,0.002,0.002,1.53,2026-06-18T06:34:33,0.002,1.53
route_mutation,20260618T063433_612191,of:0000000000000002:2 -> of:0000000000000008:2,0.002,0.0025,0.002,0.001,1.4,2026-06-18T06:34:33,0.002,1.53
route_mutation,20260618T063433_612191,of:0000000000000008:1 -> of:000000000000000b:6,0.002,0.0025,0.002,0.002,1.43,2026-06-18T06:34:33,0.002,1.43
route_mutation,20260618T063433_612191,of:0000000000000009:1 -> of:000000000000000c:6,0.002,0.0025,0.002,0.002,1.43,2026-06-18T06:34:33,0.002,1.43
route_mutation,20260618T063433_612191,of:0000000000000001:2 -> of:000000000000000c:1,0.002,0.0025,0.002,0.002,2.2,2026-06-18T06:34:33,0.002,2.26
route_mutation,20260618T063433_612191,of:0000000000000003:2 -> of:0000000000000008:3,0.002,0.0025,0.002,0.001,1.4,2026-06-18T06:34:33,0.002,1.53
route_mutation,20260618T063503_842318,of:0000000000000005:1 -> of:000000000000000c:5,0.002,0.0025,0.002,0.002,2.6,2026-06-18T06:35:03,0.002,2.7
route_mutation,20260618T063503_842318,of:000000000000000a:1 -> of:000000000000000d:6,0.002,0.0025,0.002,0.002,1.96,2026-06-18T06:35:03,0.002,1.96
route_mutation,20260618T063503_842318,of:000000000000000b:2 -> of:000000000000000c:2,0.002,0.0025,0.002,0.002,2.6,2026-06-18T06:35:03,0.002,2.6
route_mutation,20260618T063503_842318,of:0000000000000004:2 -> of:0000000000000009:2,0.002,0.0025,0.002,0.002,2.56,2026-06-18T06:35:03,0.002,2.5
route_mutation,20260618T063503_842318,of:0000000000000005:2 -> of:0000000000000009:3,0.002,0.0025,0.002,0.002,2.5,2026-06-18T06:35:03,0.002,2.5
route_mutation,20260618T063503_842318,of:000000000000000b:3 -> of:000000000000000d:2,0.002,0.0025,0.002,0.002,2.6,2026-06-18T06:35:03,0.002,2.6
route_mutation,20260618T063503_842318,of:0000000000000004:1 -> of:000000000000000c:4,0.002,0.0025,0.002,0.002,1.96,2026-06-18T06:35:03,0.002,2.0
route_mutation,20260618T063503_842318,of:000000000000000c:3 -> of:000000000000000d:3,0.002,0.0025,0.002,0.002,2.6,2026-06-18T06:35:03,0.002,2.6
route_mutation,20260618T063503_842318,of:0000000000000001:1 -> of:000000000000000b:1,0.002,0.0025,0.002,0.002,1.9,2026-06-18T06:35:03,0.002,1.9
route_mutation,20260618T063503_842318,of:0000000000000006:1 -> of:000000000000000d:4,0.003,0.00375,0.003,0.002,2.96,2026-06-18T06:35:03,0.003,3.06
route_mutation,20260618T063503_842318,of:0000000000000002:1 -> of:000000000000000b:4,0.002,0.0025,0.002,0.002,1.83,2026-06-18T06:35:03,0.002,1.96
route_mutation,20260618T063503_842318,of:0000000000000001:3 -> of:000000000000000d:1,0.003,0.00375,0.003,0.003,3.63,2026-06-18T06:35:03,0.003,3.8
route_mutation,20260618T063503_842318,of:0000000000000006:2 -> of:000000000000000a:2,0.002,0.0025,0.002,0.002,2.5,2026-06-18T06:35:03,0.002,2.56
route_mutation,20260618T063503_842318,of:0000000000000003:1 -> of:000000000000000b:5,0.002,0.0025,0.002,0.002,1.93,2026-06-18T06:35:03,0.002,1.96
route_mutation,20260618T063503_842318,of:0000000000000007:1 -> of:000000000000000d:5,0.002,0.0025,0.002,0.002,2.66,2026-06-18T06:35:03,0.002,2.66
route_mutation,20260618T063503_842318,of:0000000000000007:2 -> of:000000000000000a:3,0.002,0.0025,0.002,0.002,2.5,2026-06-18T06:35:03,0.002,2.56
route_mutation,20260618T063503_842318,of:0000000000000002:2 -> of:0000000000000008:2,0.002,0.0025,0.002,0.002,2.53,2026-06-18T06:35:03,0.002,2.46
route_mutation,20260618T063503_842318,of:0000000000000008:1 -> of:000000000000000b:6,0.002,0.0025,0.002,0.002,1.9,2026-06-18T06:35:03,0.002,1.9
route_mutation,20260618T063503_842318,of:0000000000000009:1 -> of:000000000000000c:6,0.002,0.0025,0.002,0.002,1.9,2026-06-18T06:35:03,0.002,1.9
route_mutation,20260618T063503_842318,of:0000000000000001:2 -> of:000000000000000c:1,0.002,0.0025,0.002,0.002,2.66,2026-06-18T06:35:03,0.002,2.66
route_mutation,20260618T063503_842318,of:0000000000000003:2 -> of:0000000000000008:3,0.002,0.0025,0.002,0.002,2.56,2026-06-18T06:35:03,0.002,2.5
ip_shuffle,20260618T063534_135793,of:0000000000000005:1 -> of:000000000000000c:5,0.002,0.0025,0.002,0.002,1.43,2026-06-18T06:35:34,0.001,1.26
ip_shuffle,20260618T063534_135793,of:000000000000000a:1 -> of:000000000000000d:6,0.001,0.00125,0.001,0.001,1.26,2026-06-18T06:35:34,0.001,1.26
ip_shuffle,20260618T063534_135793,of:000000000000000b:2 -> of:000000000000000c:2,0.001,0.00125,0.001,0.001,1.33,2026-06-18T06:35:34,0.001,1.33
ip_shuffle,20260618T063534_135793,of:0000000000000004:2 -> of:0000000000000009:2,0.002,0.0025,0.002,0.002,1.5,2026-06-18T06:35:34,0.001,1.43
ip_shuffle,20260618T063534_135793,of:0000000000000005:2 -> of:0000000000000009:3,0.002,0.0025,0.002,0.002,1.5,2026-06-18T06:35:34,0.001,1.43
ip_shuffle,20260618T063534_135793,of:000000000000000b:3 -> of:000000000000000d:2,0.001,0.00125,0.001,0.001,1.33,2026-06-18T06:35:34,0.001,1.33
ip_shuffle,20260618T063534_135793,of:0000000000000004:1 -> of:000000000000000c:4,0.002,0.0025,0.002,0.002,1.43,2026-06-18T06:35:34,0.001,1.26
ip_shuffle,20260618T063534_135793,of:000000000000000c:3 -> of:000000000000000d:3,0.001,0.00125,0.001,0.001,1.33,2026-06-18T06:35:34,0.001,1.33
ip_shuffle,20260618T063534_135793,of:0000000000000001:1 -> of:000000000000000b:1,0.002,0.0025,0.002,0.002,1.4,2026-06-18T06:35:34,0.001,1.33
ip_shuffle,20260618T063534_135793,of:0000000000000006:1 -> of:000000000000000d:4,0.002,0.0025,0.002,0.002,1.43,2026-06-18T06:35:34,0.001,1.26
ip_shuffle,20260618T063534_135793,of:0000000000000002:1 -> of:000000000000000b:4,0.002,0.0025,0.002,0.002,1.46,2026-06-18T06:35:34,0.001,1.26
ip_shuffle,20260618T063534_135793,of:0000000000000001:3 -> of:000000000000000d:1,0.002,0.0025,0.002,0.002,1.96,2026-06-18T06:35:34,0.002,1.73
ip_shuffle,20260618T063534_135793,of:0000000000000006:2 -> of:000000000000000a:2,0.001,0.00125,0.001,0.001,1.43,2026-06-18T06:35:34,0.001,1.36
ip_shuffle,20260618T063534_135793,of:0000000000000003:1 -> of:000000000000000b:5,0.002,0.0025,0.002,0.002,1.43,2026-06-18T06:35:34,0.001,1.26
ip_shuffle,20260618T063534_135793,of:0000000000000007:1 -> of:000000000000000d:5,0.002,0.0025,0.002,0.002,1.83,2026-06-18T06:35:34,0.002,1.76
ip_shuffle,20260618T063534_135793,of:0000000000000007:2 -> of:000000000000000a:3,0.001,0.00125,0.001,0.001,1.43,2026-06-18T06:35:34,0.001,1.36
ip_shuffle,20260618T063534_135793,of:0000000000000002:2 -> of:0000000000000008:2,0.002,0.0025,0.002,0.002,1.53,2026-06-18T06:35:34,0.001,1.46
ip_shuffle,20260618T063534_135793,of:0000000000000008:1 -> of:000000000000000b:6,0.001,0.00125,0.001,0.001,1.33,2026-06-18T06:35:34,0.001,1.33
ip_shuffle,20260618T063534_135793,of:0000000000000009:1 -> of:000000000000000c:6,0.001,0.00125,0.001,0.001,1.33,2026-06-18T06:35:34,0.001,1.33
ip_shuffle,20260618T063534_135793,of:0000000000000001:2 -> of:000000000000000c:1,0.002,0.0025,0.002,0.002,1.4,2026-06-18T06:35:34,0.001,1.33
ip_shuffle,20260618T063534_135793,of:0000000000000003:2 -> of:0000000000000008:3,0.002,0.0025,0.002,0.002,1.5,2026-06-18T06:35:34,0.001,1.43
route_mutation,20260618T063631_765939,of:0000000000000005:1 -> of:000000000000000c:5,0.002,0.0025,0.002,0.002,2.53,2026-06-18T06:36:31,0.002,2.6
route_mutation,20260618T063631_765939,of:000000000000000a:1 -> of:000000000000000d:6,0.002,0.0025,0.002,0.002,1.93,2026-06-18T06:36:31,0.002,1.93
route_mutation,20260618T063631_765939,of:000000000000000b:2 -> of:000000000000000c:2,0.002,0.0025,0.002,0.002,2.53,2026-06-18T06:36:31,0.002,2.53
route_mutation,20260618T063631_765939,of:0000000000000004:2 -> of:0000000000000009:2,0.002,0.0025,0.002,0.002,2.46,2026-06-18T06:36:31,0.002,2.53
route_mutation,20260618T063631_765939,of:0000000000000005:2 -> of:0000000000000009:3,0.002,0.0025,0.002,0.002,2.46,2026-06-18T06:36:31,0.002,2.53
route_mutation,20260618T063631_765939,of:000000000000000b:3 -> of:000000000000000d:2,0.002,0.0025,0.002,0.002,2.53,2026-06-18T06:36:31,0.002,2.53
route_mutation,20260618T063631_765939,of:0000000000000004:1 -> of:000000000000000c:4,0.002,0.0025,0.002,0.002,1.86,2026-06-18T06:36:31,0.002,1.93
route_mutation,20260618T063631_765939,of:000000000000000c:3 -> of:000000000000000d:3,0.002,0.0025,0.002,0.002,2.53,2026-06-18T06:36:31,0.002,2.53
route_mutation,20260618T063631_765939,of:0000000000000001:1 -> of:000000000000000b:1,0.002,0.0025,0.002,0.002,1.86,2026-06-18T06:36:31,0.002,1.9
route_mutation,20260618T063631_765939,of:0000000000000006:1 -> of:000000000000000d:4,0.003,0.00375,0.003,0.002,2.9,2026-06-18T06:36:31,0.003,2.96
route_mutation,20260618T063631_765939,of:0000000000000002:1 -> of:000000000000000b:4,0.002,0.0025,0.002,0.002,1.86,2026-06-18T06:36:31,0.002,1.93
route_mutation,20260618T063631_765939,of:0000000000000001:3 -> of:000000000000000d:1,0.003,0.00375,0.003,0.003,3.56,2026-06-18T06:36:31,0.003,3.69
route_mutation,20260618T063631_765939,of:0000000000000006:2 -> of:000000000000000a:2,0.002,0.0025,0.002,0.002,2.46,2026-06-18T06:36:31,0.002,2.53
route_mutation,20260618T063631_765939,of:0000000000000003:1 -> of:000000000000000b:5,0.002,0.0025,0.002,0.002,1.93,2026-06-18T06:36:31,0.002,1.93
route_mutation,20260618T063631_765939,of:0000000000000007:1 -> of:000000000000000d:5,0.002,0.0025,0.002,0.002,2.6,2026-06-18T06:36:31,0.002,2.66
route_mutation,20260618T063631_765939,of:0000000000000007:2 -> of:000000000000000a:3,0.002,0.0025,0.002,0.002,2.46,2026-06-18T06:36:31,0.002,2.53
route_mutation,20260618T063631_765939,of:0000000000000002:2 -> of:0000000000000008:2,0.002,0.0025,0.002,0.002,2.53,2026-06-18T06:36:31,0.002,2.46
route_mutation,20260618T063631_765939,of:0000000000000008:1 -> of:000000000000000b:6,0.002,0.0025,0.002,0.002,1.86,2026-06-18T06:36:31,0.002,1.86
route_mutation,20260618T063631_765939,of:0000000000000009:1 -> of:000000000000000c:6,0.002,0.0025,0.002,0.002,1.93,2026-06-18T06:36:31,0.002,1.93
route_mutation,20260618T063631_765939,of:0000000000000001:2 -> of:000000000000000c:1,0.002,0.0025,0.002,0.002,2.6,2026-06-18T06:36:31,0.002,2.63
route_mutation,20260618T063631_765939,of:0000000000000003:2 -> of:0000000000000008:3,0.002,0.0025,0.002,0.002,2.53,2026-06-18T06:36:31,0.002,2.46
ip_shuffle,20260618T063701_998992,of:0000000000000005:1 -> of:000000000000000c:5,0.002,0.0025,0.002,0.002,1.43,2026-06-18T06:37:01,0.001,1.3
ip_shuffle,20260618T063701_998992,of:000000000000000a:1 -> of:000000000000000d:6,0.001,0.00125,0.001,0.001,1.3,2026-06-18T06:37:01,0.001,1.3
ip_shuffle,20260618T063701_998992,of:000000000000000b:2 -> of:000000000000000c:2,0.001,0.00125,0.001,0.001,1.4,2026-06-18T06:37:01,0.001,1.4
ip_shuffle,20260618T063701_998992,of:0000000000000004:2 -> of:0000000000000009:2,0.002,0.0025,0.002,0.002,1.53,2026-06-18T06:37:01,0.001,1.4
ip_shuffle,20260618T063701_998992,of:0000000000000005:2 -> of:0000000000000009:3,0.002,0.0025,0.002,0.002,1.53,2026-06-18T06:37:01,0.001,1.4
ip_shuffle,20260618T063701_998992,of:000000000000000b:3 -> of:000000000000000d:2,0.001,0.00125,0.001,0.001,1.4,2026-06-18T06:37:01,0.001,1.4
ip_shuffle,20260618T063701_998992,of:0000000000000004:1 -> of:000000000000000c:4,0.002,0.0025,0.002,0.002,1.43,2026-06-18T06:37:01,0.001,1.3
ip_shuffle,20260618T063701_998992,of:000000000000000c:3 -> of:000000000000000d:3,0.001,0.00125,0.001,0.001,1.4,2026-06-18T06:37:01,0.001,1.4
ip_shuffle,20260618T063701_998992,of:0000000000000001:1 -> of:000000000000000b:1,0.002,0.0025,0.002,0.002,1.43,2026-06-18T06:37:01,0.001,1.33
ip_shuffle,20260618T063701_998992,of:0000000000000006:1 -> of:000000000000000d:4,0.002,0.0025,0.002,0.002,1.43,2026-06-18T06:37:01,0.001,1.3
ip_shuffle,20260618T063701_998992,of:0000000000000002:1 -> of:000000000000000b:4,0.002,0.0025,0.002,0.002,1.43,2026-06-18T06:37:01,0.001,1.3
ip_shuffle,20260618T063701_998992,of:0000000000000001:3 -> of:000000000000000d:1,0.002,0.0025,0.002,0.002,1.9,2026-06-18T06:37:01,0.002,1.7
ip_shuffle,20260618T063701_998992,of:0000000000000006:2 -> of:000000000000000a:2,0.002,0.0025,0.002,0.002,1.53,2026-06-18T06:37:01,0.001,1.4
ip_shuffle,20260618T063701_998992,of:0000000000000003:1 -> of:000000000000000b:5,0.002,0.0025,0.002,0.002,1.43,2026-06-18T06:37:01,0.001,1.3
ip_shuffle,20260618T063701_998992,of:0000000000000007:1 -> of:000000000000000d:5,0.002,0.0025,0.002,0.002,1.83,2026-06-18T06:37:01,0.002,1.7
ip_shuffle,20260618T063701_998992,of:0000000000000007:2 -> of:000000000000000a:3,0.001,0.00125,0.001,0.001,1.46,2026-06-18T06:37:01,0.001,1.4
ip_shuffle,20260618T063701_998992,of:0000000000000002:2 -> of:0000000000000008:2,0.002,0.0025,0.002,0.002,1.53,2026-06-18T06:37:01,0.001,1.46
ip_shuffle,20260618T063701_998992,of:0000000000000008:1 -> of:000000000000000b:6,0.001,0.00125,0.001,0.001,1.36,2026-06-18T06:37:01,0.001,1.36
ip_shuffle,20260618T063701_998992,of:0000000000000009:1 -> of:000000000000000c:6,0.001,0.00125,0.001,0.001,1.3,2026-06-18T06:37:01,0.001,1.3
ip_shuffle,20260618T063701_998992,of:0000000000000001:2 -> of:000000000000000c:1,0.002,0.0025,0.002,0.002,1.43,2026-06-18T06:37:01,0.001,1.33
ip_shuffle,20260618T063701_998992,of:0000000000000003:2 -> of:0000000000000008:3,0.002,0.0025,0.002,0.002,1.53,2026-06-18T06:37:01,0.001,1.46
route_mutation,20260618T063759_641938,of:0000000000000005:1 -> of:000000000000000c:5,0.002,0.0025,0.002,0.002,2.36,2026-06-18T06:37:59,0.002,2.43
route_mutation,20260618T063759_641938,of:000000000000000a:1 -> of:000000000000000d:6,0.002,0.0025,0.002,0.002,1.6,2026-06-18T06:37:59,0.002,1.63
route_mutation,20260618T063759_641938,of:000000000000000b:2 -> of:000000000000000c:2,0.002,0.0025,0.002,0.002,1.9,2026-06-18T06:37:59,0.002,1.9
route_mutation,20260618T063759_641938,of:0000000000000004:2 -> of:0000000000000009:2,0.002,0.0025,0.002,0.002,1.8,2026-06-18T06:37:59,0.002,1.86
route_mutation,20260618T063759_641938,of:0000000000000005:2 -> of:0000000000000009:3,0.002,0.0025,0.002,0.002,1.83,2026-06-18T06:37:59,0.002,1.9
route_mutation,20260618T063759_641938,of:000000000000000b:3 -> of:000000000000000d:2,0.002,0.0025,0.002,0.002,1.96,2026-06-18T06:37:59,0.002,1.93
route_mutation,20260618T063759_641938,of:0000000000000004:1 -> of:000000000000000c:4,0.002,0.0025,0.002,0.002,2.33,2026-06-18T06:37:59,0.002,2.43
route_mutation,20260618T063759_641938,of:000000000000000c:3 -> of:000000000000000d:3,0.002,0.0025,0.002,0.002,1.93,2026-06-18T06:37:59,0.002,1.93
route_mutation,20260618T063759_641938,of:0000000000000001:1 -> of:000000000000000b:1,0.002,0.0025,0.002,0.002,2.46,2026-06-18T06:37:59,0.002,2.43
route_mutation,20260618T063759_641938,of:0000000000000006:1 -> of:000000000000000d:4,0.002,0.0025,0.002,0.002,2.4,2026-06-18T06:37:59,0.002,2.36
route_mutation,20260618T063759_641938,of:0000000000000002:1 -> of:000000000000000b:4,0.002,0.0025,0.002,0.002,1.66,2026-06-18T06:37:59,0.002,1.73
route_mutation,20260618T063759_641938,of:0000000000000001:3 -> of:000000000000000d:1,0.002,0.0025,0.002,0.002,2.26,2026-06-18T06:37:59,0.002,2.46
route_mutation,20260618T063759_641938,of:0000000000000006:2 -> of:000000000000000a:2,0.002,0.0025,0.002,0.002,1.83,2026-06-18T06:37:59,0.002,1.9
route_mutation,20260618T063759_641938,of:0000000000000003:1 -> of:000000000000000b:5,0.002,0.0025,0.002,0.002,2.36,2026-06-18T06:37:59,0.002,2.4
route_mutation,20260618T063759_641938,of:0000000000000007:1 -> of:000000000000000d:5,0.002,0.0025,0.002,0.002,1.6,2026-06-18T06:37:59,0.002,1.7
route_mutation,20260618T063759_641938,of:0000000000000007:2 -> of:000000000000000a:3,0.002,0.0025,0.002,0.002,1.8,2026-06-18T06:37:59,0.002,1.86
route_mutation,20260618T063759_641938,of:0000000000000002:2 -> of:0000000000000008:2,0.002,0.0025,0.002,0.002,1.86,2026-06-18T06:37:59,0.002,1.86
route_mutation,20260618T063759_641938,of:0000000000000008:1 -> of:000000000000000b:6,0.002,0.0025,0.002,0.002,1.6,2026-06-18T06:37:59,0.002,1.6
route_mutation,20260618T063759_641938,of:0000000000000009:1 -> of:000000000000000c:6,0.002,0.0025,0.002,0.002,1.6,2026-06-18T06:37:59,0.002,1.63
route_mutation,20260618T063759_641938,of:0000000000000001:2 -> of:000000000000000c:1,0.003,0.00375,0.003,0.003,3.16,2026-06-18T06:37:59,0.003,3.2
route_mutation,20260618T063759_641938,of:0000000000000003:2 -> of:0000000000000008:3,0.002,0.0025,0.002,0.002,1.86,2026-06-18T06:37:59,0.002,1.86
route_mutation,20260618T063829_863834,of:0000000000000005:1 -> of:000000000000000c:5,0.002,0.0025,0.002,0.002,1.83,2026-06-18T06:38:29,0.001,1.66
route_mutation,20260618T063829_863834,of:000000000000000a:1 -> of:000000000000000d:6,0.002,0.0025,0.002,0.002,1.7,2026-06-18T06:38:29,0.001,1.66
route_mutation,20260618T063829_863834,of:000000000000000b:2 -> of:000000000000000c:2,0.002,0.0025,0.002,0.002,2.16,2026-06-18T06:38:29,0.002,2.16
route_mutation,20260618T063829_863834,of:0000000000000004:2 -> of:0000000000000009:2,0.002,0.0025,0.002,0.002,2.36,2026-06-18T06:38:29,0.002,2.23
route_mutation,20260618T063829_863834,of:0000000000000005:2 -> of:0000000000000009:3,0.002,0.0025,0.002,0.002,2.33,2026-06-18T06:38:29,0.002,2.2
route_mutation,20260618T063829_863834,of:000000000000000b:3 -> of:000000000000000d:2,0.002,0.0025,0.002,0.002,2.13,2026-06-18T06:38:29,0.002,2.16
route_mutation,20260618T063829_863834,of:0000000000000004:1 -> of:000000000000000c:4,0.002,0.0025,0.002,0.002,1.86,2026-06-18T06:38:29,0.001,1.66
route_mutation,20260618T063829_863834,of:000000000000000c:3 -> of:000000000000000d:3,0.002,0.0025,0.002,0.002,2.13,2026-06-18T06:38:29,0.002,2.13
route_mutation,20260618T063829_863834,of:0000000000000001:1 -> of:000000000000000b:1,0.002,0.0025,0.002,0.002,1.8,2026-06-18T06:38:29,0.002,1.73
route_mutation,20260618T063829_863834,of:0000000000000006:1 -> of:000000000000000d:4,0.002,0.0025,0.002,0.002,2.1,2026-06-18T06:38:29,0.002,2.03
route_mutation,20260618T063829_863834,of:0000000000000002:1 -> of:000000000000000b:4,0.002,0.0025,0.002,0.002,1.86,2026-06-18T06:38:29,0.002,1.7
route_mutation,20260618T063829_863834,of:0000000000000001:3 -> of:000000000000000d:1,0.003,0.00375,0.003,0.003,3.43,2026-06-18T06:38:29,0.003,3.19
route_mutation,20260618T063829_863834,of:0000000000000006:2 -> of:000000000000000a:2,0.002,0.0025,0.002,0.002,2.33,2026-06-18T06:38:29,0.002,2.2
route_mutation,20260618T063829_863834,of:0000000000000003:1 -> of:000000000000000b:5,0.002,0.0025,0.002,0.002,1.86,2026-06-18T06:38:29,0.002,1.7
route_mutation,20260618T063829_863834,of:0000000000000007:1 -> of:000000000000000d:5,0.003,0.00375,0.003,0.003,3.03,2026-06-18T06:38:29,0.002,2.86
route_mutation,20260618T063829_863834,of:0000000000000007:2 -> of:000000000000000a:3,0.002,0.0025,0.002,0.002,2.33,2026-06-18T06:38:29,0.002,2.2
route_mutation,20260618T063829_863834,of:0000000000000002:2 -> of:0000000000000008:2,0.002,0.0025,0.002,0.002,2.36,2026-06-18T06:38:29,0.002,2.23
route_mutation,20260618T063829_863834,of:0000000000000008:1 -> of:000000000000000b:6,0.002,0.0025,0.002,0.002,1.7,2026-06-18T06:38:29,0.002,1.7
route_mutation,20260618T063829_863834,of:0000000000000009:1 -> of:000000000000000c:6,0.002,0.0025,0.002,0.002,1.7,2026-06-18T06:38:29,0.001,1.66
route_mutation,20260618T063829_863834,of:0000000000000001:2 -> of:000000000000000c:1,0.002,0.0025,0.002,0.002,1.8,2026-06-18T06:38:29,0.002,1.73
route_mutation,20260618T063829_863834,of:0000000000000003:2 -> of:0000000000000008:3,0.002,0.0025,0.002,0.002,2.36,2026-06-18T06:38:29,0.002,2.23
ip_shuffle,20260618T063900_089522,of:0000000000000005:1 -> of:000000000000000c:5,0.002,0.0025,0.002,0.001,1.3,2026-06-18T06:39:00,0.002,1.4
ip_shuffle,20260618T063900_089522,of:000000000000000a:1 -> of:000000000000000d:6,0.002,0.0025,0.002,0.002,1.4,2026-06-18T06:39:00,0.002,1.4
ip_shuffle,20260618T063900_089522,of:000000000000000b:2 -> of:000000000000000c:2,0.002,0.0025,0.002,0.002,1.46,2026-06-18T06:39:00,0.002,1.46
ip_shuffle,20260618T063900_089522,of:0000000000000004:2 -> of:0000000000000009:2,0.002,0.0025,0.002,0.001,1.36,2026-06-18T06:39:00,0.002,1.43
ip_shuffle,20260618T063900_089522,of:0000000000000005:2 -> of:0000000000000009:3,0.002,0.0025,0.002,0.001,1.36,2026-06-18T06:39:00,0.002,1.43
ip_shuffle,20260618T063900_089522,of:000000000000000b:3 -> of:000000000000000d:2,0.002,0.0025,0.002,0.002,1.6,2026-06-18T06:39:00,0.002,1.6
ip_shuffle,20260618T063900_089522,of:0000000000000004:1 -> of:000000000000000c:4,0.002,0.0025,0.002,0.001,1.3,2026-06-18T06:39:00,0.002,1.4
ip_shuffle,20260618T063900_089522,of:000000000000000c:3 -> of:000000000000000d:3,0.002,0.0025,0.002,0.002,1.46,2026-06-18T06:39:00,0.002,1.46
ip_shuffle,20260618T063900_089522,of:0000000000000001:1 -> of:000000000000000b:1,0.002,0.0025,0.002,0.002,2.46,2026-06-18T06:39:00,0.002,2.56
ip_shuffle,20260618T063900_089522,of:0000000000000006:1 -> of:000000000000000d:4,0.002,0.0025,0.002,0.001,1.3,2026-06-18T06:39:00,0.002,1.4
ip_shuffle,20260618T063900_089522,of:0000000000000002:1 -> of:000000000000000b:4,0.002,0.0025,0.002,0.002,2.26,2026-06-18T06:39:00,0.002,2.4
ip_shuffle,20260618T063900_089522,of:0000000000000001:3 -> of:000000000000000d:1,0.002,0.0025,0.002,0.001,1.43,2026-06-18T06:39:00,0.002,1.43
ip_shuffle,20260618T063900_089522,of:0000000000000006:2 -> of:000000000000000a:2,0.002,0.0025,0.002,0.001,1.36,2026-06-18T06:39:00,0.002,1.43
ip_shuffle,20260618T063900_089522,of:0000000000000003:1 -> of:000000000000000b:5,0.002,0.0025,0.002,0.002,1.73,2026-06-18T06:39:00,0.002,1.7
ip_shuffle,20260618T063900_089522,of:0000000000000007:1 -> of:000000000000000d:5,0.002,0.0025,0.002,0.002,1.56,2026-06-18T06:39:00,0.002,1.66
ip_shuffle,20260618T063900_089522,of:0000000000000007:2 -> of:000000000000000a:3,0.002,0.0025,0.002,0.001,1.36,2026-06-18T06:39:00,0.002,1.43
ip_shuffle,20260618T063900_089522,of:0000000000000002:2 -> of:0000000000000008:2,0.002,0.0025,0.002,0.001,1.33,2026-06-18T06:39:00,0.002,1.4
ip_shuffle,20260618T063900_089522,of:0000000000000008:1 -> of:000000000000000b:6,0.002,0.0025,0.002,0.002,1.4,2026-06-18T06:39:00,0.002,1.4
ip_shuffle,20260618T063900_089522,of:0000000000000009:1 -> of:000000000000000c:6,0.002,0.0025,0.002,0.002,1.4,2026-06-18T06:39:00,0.002,1.4
ip_shuffle,20260618T063900_089522,of:0000000000000001:2 -> of:000000000000000c:1,0.001,0.00125,0.001,0.001,1.33,2026-06-18T06:39:00,0.001,1.33
ip_shuffle,20260618T063900_089522,of:0000000000000003:2 -> of:0000000000000008:3,0.002,0.0025,0.002,0.001,1.36,2026-06-18T06:39:00,0.002,1.43
ip_shuffle,20260618T064005_160724,of:0000000000000005:1 -> of:000000000000000c:5,0.002,0.0025,0.002,0.002,1.83,2026-06-18T06:40:05,0.001,1.66
ip_shuffle,20260618T064005_160724,of:000000000000000a:1 -> of:000000000000000d:6,0.001,0.00125,0.001,0.001,1.66,2026-06-18T06:40:05,0.001,1.66
ip_shuffle,20260618T064005_160724,of:000000000000000b:2 -> of:000000000000000c:2,0.002,0.0025,0.002,0.002,2.13,2026-06-18T06:40:05,0.002,2.13
ip_shuffle,20260618T064005_160724,of:0000000000000004:2 -> of:0000000000000009:2,0.002,0.0025,0.002,0.002,2.3,2026-06-18T06:40:05,0.002,2.16
ip_shuffle,20260618T064005_160724,of:0000000000000005:2 -> of:0000000000000009:3,0.002,0.0025,0.002,0.002,2.3,2026-06-18T06:40:05,0.002,2.16
ip_shuffle,20260618T064005_160724,of:000000000000000b:3 -> of:000000000000000d:2,0.002,0.0025,0.002,0.002,2.13,2026-06-18T06:40:05,0.002,2.13
ip_shuffle,20260618T064005_160724,of:0000000000000004:1 -> of:000000000000000c:4,0.002,0.0025,0.002,0.002,1.83,2026-06-18T06:40:05,0.001,1.66
ip_shuffle,20260618T064005_160724,of:000000000000000c:3 -> of:000000000000000d:3,0.002,0.0025,0.002,0.002,2.13,2026-06-18T06:40:05,0.002,2.13
ip_shuffle,20260618T064005_160724,of:0000000000000001:1 -> of:000000000000000b:1,0.002,0.0025,0.002,0.002,1.8,2026-06-18T06:40:05,0.002,1.73
ip_shuffle,20260618T064005_160724,of:0000000000000006:1 -> of:000000000000000d:4,0.002,0.0025,0.002,0.002,2.03,2026-06-18T06:40:05,0.002,1.96
ip_shuffle,20260618T064005_160724,of:0000000000000002:1 -> of:000000000000000b:4,0.002,0.0025,0.002,0.002,1.86,2026-06-18T06:40:05,0.001,1.66
ip_shuffle,20260618T064005_160724,of:0000000000000001:3 -> of:000000000000000d:1,0.003,0.00375,0.003,0.003,3.36,2026-06-18T06:40:05,0.003,3.13
ip_shuffle,20260618T064005_160724,of:0000000000000006:2 -> of:000000000000000a:2,0.002,0.0025,0.002,0.002,2.3,2026-06-18T06:40:05,0.002,2.16
ip_shuffle,20260618T064005_160724,of:0000000000000003:1 -> of:000000000000000b:5,0.002,0.0025,0.002,0.002,1.83,2026-06-18T06:40:05,0.001,1.66
ip_shuffle,20260618T064005_160724,of:0000000000000007:1 -> of:000000000000000d:5,0.003,0.00375,0.003,0.003,3.03,2026-06-18T06:40:05,0.002,2.86
ip_shuffle,20260618T064005_160724,of:0000000000000007:2 -> of:000000000000000a:3,0.002,0.0025,0.002,0.002,2.3,2026-06-18T06:40:05,0.002,2.16
ip_shuffle,20260618T064005_160724,of:0000000000000002:2 -> of:0000000000000008:2,0.002,0.0025,0.002,0.002,2.33,2026-06-18T06:40:05,0.002,2.2
ip_shuffle,20260618T064005_160724,of:0000000000000008:1 -> of:000000000000000b:6,0.001,0.00125,0.001,0.001,1.66,2026-06-18T06:40:05,0.001,1.66
ip_shuffle,20260618T064005_160724,of:0000000000000009:1 -> of:000000000000000c:6,0.001,0.00125,0.001,0.001,1.66,2026-06-18T06:40:05,0.001,1.66
ip_shuffle,20260618T064005_160724,of:0000000000000001:2 -> of:000000000000000c:1,0.002,0.0025,0.002,0.002,1.8,2026-06-18T06:40:05,0.002,1.73
ip_shuffle,20260618T064005_160724,of:0000000000000003:2 -> of:0000000000000008:3,0.002,0.0025,0.002,0.002,2.3,2026-06-18T06:40:05,0.002,2.16
route_mutation,20260618T064102_742166,of:0000000000000005:1 -> of:000000000000000c:5,0.002,0.0025,0.002,0.002,2.33,2026-06-18T06:41:02,0.002,2.4
route_mutation,20260618T064102_742166,of:000000000000000a:1 -> of:000000000000000d:6,0.002,0.0025,0.002,0.002,1.63,2026-06-18T06:41:02,0.002,1.6
route_mutation,20260618T064102_742166,of:000000000000000b:2 -> of:000000000000000c:2,0.002,0.0025,0.002,0.002,1.9,2026-06-18T06:41:02,0.002,1.9
route_mutation,20260618T064102_742166,of:0000000000000004:2 -> of:0000000000000009:2,0.002,0.0025,0.002,0.002,1.83,2026-06-18T06:41:02,0.002,1.9
route_mutation,20260618T064102_742166,of:0000000000000005:2 -> of:0000000000000009:3,0.002,0.0025,0.002,0.002,1.83,2026-06-18T06:41:02,0.002,1.9
route_mutation,20260618T064102_742166,of:000000000000000b:3 -> of:000000000000000d:2,0.002,0.0025,0.002,0.002,1.93,2026-06-18T06:41:02,0.002,1.93
route_mutation,20260618T064102_742166,of:0000000000000004:1 -> of:000000000000000c:4,0.002,0.0025,0.002,0.002,2.33,2026-06-18T06:41:02,0.002,2.4
route_mutation,20260618T064102_742166,of:000000000000000c:3 -> of:000000000000000d:3,0.002,0.0025,0.002,0.002,1.86,2026-06-18T06:41:02,0.002,1.86
route_mutation,20260618T064102_742166,of:0000000000000001:1 -> of:000000000000000b:1,0.002,0.0025,0.002,0.002,2.43,2026-06-18T06:41:02,0.002,2.46
route_mutation,20260618T064102_742166,of:0000000000000006:1 -> of:000000000000000d:4,0.002,0.0025,0.002,0.002,2.26,2026-06-18T06:41:02,0.002,2.26
route_mutation,20260618T064102_742166,of:0000000000000002:1 -> of:000000000000000b:4,0.002,0.0025,0.002,0.002,1.56,2026-06-18T06:41:02,0.002,1.76
route_mutation,20260618T064102_742166,of:0000000000000001:3 -> of:000000000000000d:1,0.002,0.0025,0.002,0.002,2.16,2026-06-18T06:41:02,0.002,2.33
route_mutation,20260618T064102_742166,of:0000000000000006:2 -> of:000000000000000a:2,0.002,0.0025,0.002,0.002,1.83,2026-06-18T06:41:02,0.002,1.9
route_mutation,20260618T064102_742166,of:0000000000000003:1 -> of:000000000000000b:5,0.002,0.0025,0.002,0.002,2.3,2026-06-18T06:41:02,0.002,2.46
route_mutation,20260618T064102_742166,of:0000000000000007:1 -> of:000000000000000d:5,0.002,0.0025,0.002,0.002,1.7,2026-06-18T06:41:02,0.002,1.66
route_mutation,20260618T064102_742166,of:0000000000000007:2 -> of:000000000000000a:3,0.002,0.0025,0.002,0.002,1.9,2026-06-18T06:41:02,0.002,1.9
route_mutation,20260618T064102_742166,of:0000000000000002:2 -> of:0000000000000008:2,0.002,0.0025,0.002,0.002,1.8,2026-06-18T06:41:02,0.002,1.86
route_mutation,20260618T064102_742166,of:0000000000000008:1 -> of:000000000000000b:6,0.002,0.0025,0.002,0.002,1.63,2026-06-18T06:41:02,0.002,1.63
route_mutation,20260618T064102_742166,of:0000000000000009:1 -> of:000000000000000c:6,0.002,0.0025,0.002,0.002,1.63,2026-06-18T06:41:02,0.002,1.6
route_mutation,20260618T064102_742166,of:0000000000000001:2 -> of:000000000000000c:1,0.003,0.00375,0.003,0.003,3.13,2026-06-18T06:41:02,0.003,3.16
route_mutation,20260618T064102_742166,of:0000000000000003:2 -> of:0000000000000008:3,0.002,0.0025,0.002,0.002,1.8,2026-06-18T06:41:02,0.002,1.86
route_mutation,20260618T064132_984730,of:0000000000000005:1 -> of:000000000000000c:5,0.002,0.0025,0.002,0.002,1.86,2026-06-18T06:41:32,0.002,1.7
route_mutation,20260618T064132_984730,of:000000000000000a:1 -> of:000000000000000d:6,0.002,0.0025,0.002,0.002,1.7,2026-06-18T06:41:32,0.002,1.7
route_mutation,20260618T064132_984730,of:000000000000000b:2 -> of:000000000000000c:2,0.002,0.0025,0.002,0.002,2.2,2026-06-18T06:41:32,0.002,2.2
route_mutation,20260618T064132_984730,of:0000000000000004:2 -> of:0000000000000009:2,0.002,0.0025,0.002,0.002,2.36,2026-06-18T06:41:32,0.002,2.23
route_mutation,20260618T064132_984730,of:0000000000000005:2 -> of:0000000000000009:3,0.002,0.0025,0.002,0.002,2.36,2026-06-18T06:41:32,0.002,2.23
route_mutation,20260618T064132_984730,of:000000000000000b:3 -> of:000000000000000d:2,0.002,0.0025,0.002,0.002,2.2,2026-06-18T06:41:32,0.002,2.2
route_mutation,20260618T064132_984730,of:0000000000000004:1 -> of:000000000000000c:4,0.002,0.0025,0.002,0.002,1.86,2026-06-18T06:41:32,0.002,1.7
route_mutation,20260618T064132_984730,of:000000000000000c:3 -> of:000000000000000d:3,0.002,0.0025,0.002,0.002,2.2,2026-06-18T06:41:32,0.002,2.2
route_mutation,20260618T064132_984730,of:0000000000000001:1 -> of:000000000000000b:1,0.002,0.0025,0.002,0.002,1.83,2026-06-18T06:41:32,0.002,1.76
route_mutation,20260618T064132_984730,of:0000000000000006:1 -> of:000000000000000d:4,0.002,0.0025,0.002,0.002,2.23,2026-06-18T06:41:32,0.002,2.13
route_mutation,20260618T064132_984730,of:0000000000000002:1 -> of:000000000000000b:4,0.002,0.0025,0.002,0.002,1.9,2026-06-18T06:41:32,0.002,1.7
route_mutation,20260618T064132_984730,of:0000000000000001:3 -> of:000000000000000d:1,0.003,0.00375,0.003,0.003,3.53,2026-06-18T06:41:32,0.003,3.33
route_mutation,20260618T064132_984730,of:0000000000000006:2 -> of:000000000000000a:2,0.002,0.0025,0.002,0.002,2.36,2026-06-18T06:41:32,0.002,2.23
route_mutation,20260618T064132_984730,of:0000000000000003:1 -> of:000000000000000b:5,0.002,0.0025,0.002,0.002,1.9,2026-06-18T06:41:32,0.002,1.7
route_mutation,20260618T064132_984730,of:0000000000000007:1 -> of:000000000000000d:5,0.002,0.0025,0.002,0.002,2.99,2026-06-18T06:41:32,0.002,2.9
route_mutation,20260618T064132_984730,of:0000000000000007:2 -> of:000000000000000a:3,0.002,0.0025,0.002,0.002,2.3,2026-06-18T06:41:32,0.002,2.23
route_mutation,20260618T064132_984730,of:0000000000000002:2 -> of:0000000000000008:2,0.002,0.0025,0.002,0.002,2.4,2026-06-18T06:41:32,0.002,2.26
route_mutation,20260618T064132_984730,of:0000000000000008:1 -> of:000000000000000b:6,0.002,0.0025,0.002,0.002,1.7,2026-06-18T06:41:32,0.002,1.7
route_mutation,20260618T064132_984730,of:0000000000000009:1 -> of:000000000000000c:6,0.002,0.0025,0.002,0.002,1.7,2026-06-18T06:41:32,0.002,1.7
route_mutation,20260618T064132_984730,of:0000000000000001:2 -> of:000000000000000c:1,0.002,0.0025,0.002,0.002,1.83,2026-06-18T06:41:32,0.002,1.76
route_mutation,20260618T064132_984730,of:0000000000000003:2 -> of:0000000000000008:3,0.002,0.0025,0.002,0.002,2.4,2026-06-18T06:41:32,0.002,2.26
ip_shuffle,20260618T064203_234115,of:0000000000000005:1 -> of:000000000000000c:5,0.002,0.0025,0.002,0.001,1.36,2026-06-18T06:42:03,0.002,1.43
ip_shuffle,20260618T064203_234115,of:000000000000000a:1 -> of:000000000000000d:6,0.002,0.0025,0.002,0.002,1.43,2026-06-18T06:42:03,0.002,1.43
ip_shuffle,20260618T064203_234115,of:000000000000000b:2 -> of:000000000000000c:2,0.002,0.0025,0.002,0.002,1.53,2026-06-18T06:42:03,0.002,1.53
ip_shuffle,20260618T064203_234115,of:0000000000000004:2 -> of:0000000000000009:2,0.002,0.0025,0.002,0.001,1.46,2026-06-18T06:42:03,0.002,1.53
ip_shuffle,20260618T064203_234115,of:0000000000000005:2 -> of:0000000000000009:3,0.002,0.0025,0.002,0.001,1.46,2026-06-18T06:42:03,0.002,1.53
ip_shuffle,20260618T064203_234115,of:000000000000000b:3 -> of:000000000000000d:2,0.002,0.0025,0.002,0.002,1.53,2026-06-18T06:42:03,0.002,1.53
ip_shuffle,20260618T064203_234115,of:0000000000000004:1 -> of:000000000000000c:4,0.002,0.0025,0.002,0.001,1.36,2026-06-18T06:42:03,0.002,1.43
ip_shuffle,20260618T064203_234115,of:000000000000000c:3 -> of:000000000000000d:3,0.002,0.0025,0.002,0.002,1.53,2026-06-18T06:42:03,0.002,1.53
ip_shuffle,20260618T064203_234115,of:0000000000000001:1 -> of:000000000000000b:1,0.002,0.0025,0.002,0.002,2.4,2026-06-18T06:42:03,0.002,2.46
ip_shuffle,20260618T064203_234115,of:0000000000000006:1 -> of:000000000000000d:4,0.002,0.0025,0.002,0.001,1.36,2026-06-18T06:42:03,0.002,1.43
ip_shuffle,20260618T064203_234115,of:0000000000000002:1 -> of:000000000000000b:4,0.002,0.0025,0.002,0.002,2.3,2026-06-18T06:42:03,0.002,2.36
ip_shuffle,20260618T064203_234115,of:0000000000000001:3 -> of:000000000000000d:1,0.002,0.0025,0.002,0.001,1.36,2026-06-18T06:42:03,0.002,1.43
ip_shuffle,20260618T064203_234115,of:0000000000000006:2 -> of:000000000000000a:2,0.002,0.0025,0.002,0.001,1.46,2026-06-18T06:42:03,0.002,1.53
ip_shuffle,20260618T064203_234115,of:0000000000000003:1 -> of:000000000000000b:5,0.002,0.0025,0.002,0.002,1.53,2026-06-18T06:42:03,0.002,1.53
ip_shuffle,20260618T064203_234115,of:0000000000000007:1 -> of:000000000000000d:5,0.002,0.0025,0.002,0.001,1.36,2026-06-18T06:42:03,0.002,1.43
ip_shuffle,20260618T064203_234115,of:0000000000000007:2 -> of:000000000000000a:3,0.002,0.0025,0.002,0.001,1.46,2026-06-18T06:42:03,0.002,1.53
ip_shuffle,20260618T064203_234115,of:0000000000000002:2 -> of:0000000000000008:2,0.002,0.0025,0.002,0.001,1.46,2026-06-18T06:42:03,0.002,1.53
ip_shuffle,20260618T064203_234115,of:0000000000000008:1 -> of:000000000000000b:6,0.002,0.0025,0.002,0.002,1.43,2026-06-18T06:42:03,0.002,1.43
ip_shuffle,20260618T064203_234115,of:0000000000000009:1 -> of:000000000000000c:6,0.002,0.0025,0.002,0.002,1.43,2026-06-18T06:42:03,0.002,1.43
ip_shuffle,20260618T064203_234115,of:0000000000000001:2 -> of:000000000000000c:1,0.002,0.0025,0.002,0.001,1.36,2026-06-18T06:42:03,0.002,1.43
ip_shuffle,20260618T064203_234115,of:0000000000000003:2 -> of:0000000000000008:3,0.002,0.0025,0.002,0.001,1.46,2026-06-18T06:42:03,0.002,1.53
route_mutation,20260618T064300_963086,of:0000000000000005:1 -> of:000000000000000c:5,0.002,0.0025,0.002,0.002,1.93,2026-06-18T06:43:00,0.002,1.73
route_mutation,20260618T064300_963086,of:000000000000000a:1 -> of:000000000000000d:6,0.002,0.0025,0.002,0.002,1.83,2026-06-18T06:43:00,0.002,1.79
route_mutation,20260618T064300_963086,of:000000000000000b:2 -> of:000000000000000c:2,0.002,0.0025,0.002,0.002,2.29,2026-06-18T06:43:00,0.002,2.29
route_mutation,20260618T064300_963086,of:0000000000000004:2 -> of:0000000000000009:2,0.002,0.0025,0.002,0.002,2.49,2026-06-18T06:43:00,0.002,2.36
route_mutation,20260618T064300_963086,of:0000000000000005:2 -> of:0000000000000009:3,0.002,0.0025,0.002,0.002,2.49,2026-06-18T06:43:00,0.002,2.36
route_mutation,20260618T064300_963086,of:000000000000000b:3 -> of:000000000000000d:2,0.002,0.0025,0.002,0.002,2.36,2026-06-18T06:43:00,0.002,2.36
route_mutation,20260618T064300_963086,of:0000000000000004:1 -> of:000000000000000c:4,0.002,0.0025,0.002,0.002,1.93,2026-06-18T06:43:00,0.002,1.73
route_mutation,20260618T064300_963086,of:000000000000000c:3 -> of:000000000000000d:3,0.002,0.0025,0.002,0.002,2.33,2026-06-18T06:43:00,0.002,2.33
route_mutation,20260618T064300_963086,of:0000000000000001:1 -> of:000000000000000b:1,0.002,0.0025,0.002,0.002,1.89,2026-06-18T06:43:00,0.002,1.79
route_mutation,20260618T064300_963086,of:0000000000000006:1 -> of:000000000000000d:4,0.002,0.0025,0.002,0.002,2.26,2026-06-18T06:43:00,0.002,2.23
route_mutation,20260618T064300_963086,of:0000000000000002:1 -> of:000000000000000b:4,0.002,0.0025,0.002,0.002,1.93,2026-06-18T06:43:00,0.002,1.76
route_mutation,20260618T064300_963086,of:0000000000000001:3 -> of:000000000000000d:1,0.003,0.00375,0.003,0.003,3.56,2026-06-18T06:43:00,0.003,3.46
route_mutation,20260618T064300_963086,of:0000000000000006:2 -> of:000000000000000a:2,0.002,0.0025,0.002,0.002,2.46,2026-06-18T06:43:00,0.002,2.33
route_mutation,20260618T064300_963086,of:0000000000000003:1 -> of:000000000000000b:5,0.002,0.0025,0.002,0.002,1.93,2026-06-18T06:43:00,0.002,1.76
route_mutation,20260618T064300_963086,of:0000000000000007:1 -> of:000000000000000d:5,0.003,0.00375,0.003,0.003,3.02,2026-06-18T06:43:00,0.002,2.99
route_mutation,20260618T064300_963086,of:0000000000000007:2 -> of:000000000000000a:3,0.002,0.0025,0.002,0.002,2.39,2026-06-18T06:43:00,0.002,2.33
route_mutation,20260618T064300_963086,of:0000000000000002:2 -> of:0000000000000008:2,0.002,0.0025,0.002,0.002,2.49,2026-06-18T06:43:00,0.002,2.36
route_mutation,20260618T064300_963086,of:0000000000000008:1 -> of:000000000000000b:6,0.002,0.0025,0.002,0.002,1.76,2026-06-18T06:43:00,0.002,1.76
route_mutation,20260618T064300_963086,of:0000000000000009:1 -> of:000000000000000c:6,0.002,0.0025,0.002,0.002,1.76,2026-06-18T06:43:00,0.002,1.73
route_mutation,20260618T064300_963086,of:0000000000000001:2 -> of:000000000000000c:1,0.002,0.0025,0.002,0.002,1.86,2026-06-18T06:43:00,0.002,1.79
route_mutation,20260618T064300_963086,of:0000000000000003:2 -> of:0000000000000008:3,0.002,0.0025,0.002,0.002,2.49,2026-06-18T06:43:00,0.002,2.36
route_mutation,20260618T064331_202137,of:0000000000000005:1 -> of:000000000000000c:5,0.002,0.0025,0.002,0.001,1.36,2026-06-18T06:43:31,0.002,1.43
route_mutation,20260618T064331_202137,of:000000000000000a:1 -> of:000000000000000d:6,0.001,0.00125,0.001,0.001,1.36,2026-06-18T06:43:31,0.001,1.36
route_mutation,20260618T064331_202137,of:000000000000000b:2 -> of:000000000000000c:2,0.002,0.0025,0.002,0.002,1.53,2026-06-18T06:43:31,0.002,1.53
route_mutation,20260618T064331_202137,of:0000000000000004:2 -> of:0000000000000009:2,0.002,0.0025,0.002,0.001,1.46,2026-06-18T06:43:31,0.002,1.53
route_mutation,20260618T064331_202137,of:0000000000000005:2 -> of:0000000000000009:3,0.002,0.0025,0.002,0.001,1.46,2026-06-18T06:43:31,0.002,1.53
route_mutation,20260618T064331_202137,of:000000000000000b:3 -> of:000000000000000d:2,0.001,0.00125,0.001,0.001,1.46,2026-06-18T06:43:31,0.001,1.46
route_mutation,20260618T064331_202137,of:0000000000000004:1 -> of:000000000000000c:4,0.002,0.0025,0.002,0.001,1.36,2026-06-18T06:43:31,0.002,1.43
route_mutation,20260618T064331_202137,of:000000000000000c:3 -> of:000000000000000d:3,0.001,0.00125,0.001,0.001,1.46,2026-06-18T06:43:31,0.001,1.46
route_mutation,20260618T064331_202137,of:0000000000000001:1 -> of:000000000000000b:1,0.002,0.0025,0.002,0.002,2.13,2026-06-18T06:43:31,0.002,2.3
route_mutation,20260618T064331_202137,of:0000000000000006:1 -> of:000000000000000d:4,0.001,0.00125,0.001,0.001,1.36,2026-06-18T06:43:31,0.001,1.36
route_mutation,20260618T064331_202137,of:0000000000000002:1 -> of:000000000000000b:4,0.002,0.0025,0.002,0.002,2.3,2026-06-18T06:43:31,0.002,2.23
route_mutation,20260618T064331_202137,of:0000000000000001:3 -> of:000000000000000d:1,0.001,0.00125,0.001,0.001,1.36,2026-06-18T06:43:31,0.001,1.33
route_mutation,20260618T064331_202137,of:0000000000000006:2 -> of:000000000000000a:2,0.002,0.0025,0.002,0.001,1.46,2026-06-18T06:43:31,0.002,1.53
route_mutation,20260618T064331_202137,of:0000000000000003:1 -> of:000000000000000b:5,0.002,0.0025,0.002,0.002,1.43,2026-06-18T06:43:31,0.002,1.43
route_mutation,20260618T064331_202137,of:0000000000000007:1 -> of:000000000000000d:5,0.001,0.00125,0.001,0.001,1.36,2026-06-18T06:43:31,0.001,1.36
route_mutation,20260618T064331_202137,of:0000000000000007:2 -> of:000000000000000a:3,0.002,0.0025,0.002,0.001,1.46,2026-06-18T06:43:31,0.002,1.53
route_mutation,20260618T064331_202137,of:0000000000000002:2 -> of:0000000000000008:2,0.002,0.0025,0.002,0.002,1.5,2026-06-18T06:43:31,0.002,1.53
route_mutation,20260618T064331_202137,of:0000000000000008:1 -> of:000000000000000b:6,0.002,0.0025,0.002,0.002,1.43,2026-06-18T06:43:31,0.002,1.43
route_mutation,20260618T064331_202137,of:0000000000000009:1 -> of:000000000000000c:6,0.002,0.0025,0.002,0.002,1.43,2026-06-18T06:43:31,0.002,1.43
route_mutation,20260618T064331_202137,of:0000000000000001:2 -> of:000000000000000c:1,0.002,0.0025,0.002,0.001,1.36,2026-06-18T06:43:31,0.002,1.4
route_mutation,20260618T064331_202137,of:0000000000000003:2 -> of:0000000000000008:3,0.002,0.0025,0.002,0.002,1.53,2026-06-18T06:43:31,0.002,1.53
route_mutation,20260618T064401_461373,of:0000000000000005:1 -> of:000000000000000c:5,0.002,0.0025,0.002,0.002,2.26,2026-06-18T06:44:01,0.002,2.33
route_mutation,20260618T064401_461373,of:000000000000000a:1 -> of:000000000000000d:6,0.002,0.0025,0.002,0.002,1.53,2026-06-18T06:44:01,0.002,1.53
route_mutation,20260618T064401_461373,of:000000000000000b:2 -> of:000000000000000c:2,0.002,0.0025,0.002,0.002,1.73,2026-06-18T06:44:01,0.002,1.73
route_mutation,20260618T064401_461373,of:0000000000000004:2 -> of:0000000000000009:2,0.002,0.0025,0.002,0.002,1.66,2026-06-18T06:44:01,0.002,1.73
route_mutation,20260618T064401_461373,of:0000000000000005:2 -> of:0000000000000009:3,0.002,0.0025,0.002,0.002,1.66,2026-06-18T06:44:01,0.002,1.73
route_mutation,20260618T064401_461373,of:000000000000000b:3 -> of:000000000000000d:2,0.002,0.0025,0.002,0.002,1.73,2026-06-18T06:44:01,0.002,1.73
route_mutation,20260618T064401_461373,of:0000000000000004:1 -> of:000000000000000c:4,0.002,0.0025,0.002,0.002,2.26,2026-06-18T06:44:01,0.002,2.33
route_mutation,20260618T064401_461373,of:000000000000000c:3 -> of:000000000000000d:3,0.002,0.0025,0.002,0.002,1.73,2026-06-18T06:44:01,0.002,1.73
route_mutation,20260618T064401_461373,of:0000000000000001:1 -> of:000000000000000b:1,0.002,0.0025,0.002,0.002,2.76,2026-06-18T06:44:01,0.002,2.7
route_mutation,20260618T064401_461373,of:0000000000000006:1 -> of:000000000000000d:4,0.002,0.0025,0.002,0.002,1.96,2026-06-18T06:44:01,0.002,1.96
route_mutation,20260618T064401_461373,of:0000000000000002:1 -> of:000000000000000b:4,0.002,0.0025,0.002,0.002,1.56,2026-06-18T06:44:01,0.002,1.76
route_mutation,20260618T064401_461373,of:0000000000000001:3 -> of:000000000000000d:1,0.002,0.0025,0.002,0.002,1.93,2026-06-18T06:44:01,0.002,2.06
route_mutation,20260618T064401_461373,of:0000000000000006:2 -> of:000000000000000a:2,0.002,0.0025,0.002,0.002,1.66,2026-06-18T06:44:01,0.002,1.73
route_mutation,20260618T064401_461373,of:0000000000000003:1 -> of:000000000000000b:5,0.002,0.0025,0.002,0.002,2.43,2026-06-18T06:44:01,0.002,2.56
route_mutation,20260618T064401_461373,of:0000000000000007:1 -> of:000000000000000d:5,0.002,0.0025,0.002,0.002,1.53,2026-06-18T06:44:01,0.002,1.53
route_mutation,20260618T064401_461373,of:0000000000000007:2 -> of:000000000000000a:3,0.002,0.0025,0.002,0.002,1.73,2026-06-18T06:44:01,0.002,1.73
route_mutation,20260618T064401_461373,of:0000000000000002:2 -> of:0000000000000008:2,0.002,0.0025,0.002,0.001,1.63,2026-06-18T06:44:01,0.002,1.73
route_mutation,20260618T064401_461373,of:0000000000000008:1 -> of:000000000000000b:6,0.002,0.0025,0.002,0.002,1.53,2026-06-18T06:44:01,0.002,1.53
route_mutation,20260618T064401_461373,of:0000000000000009:1 -> of:000000000000000c:6,0.002,0.0025,0.002,0.002,1.53,2026-06-18T06:44:01,0.002,1.53
route_mutation,20260618T064401_461373,of:0000000000000001:2 -> of:000000000000000c:1,0.003,0.00375,0.003,0.003,3.06,2026-06-18T06:44:01,0.003,3.13
route_mutation,20260618T064401_461373,of:0000000000000003:2 -> of:0000000000000008:3,0.002,0.0025,0.002,0.001,1.6,2026-06-18T06:44:01,0.002,1.73
ip_shuffle,20260618T064431_671643,of:0000000000000005:1 -> of:000000000000000c:5,0.002,0.0025,0.002,0.002,1.93,2026-06-18T06:44:31,0.002,1.8
ip_shuffle,20260618T064431_671643,of:000000000000000a:1 -> of:000000000000000d:6,0.002,0.0025,0.002,0.002,1.86,2026-06-18T06:44:31,0.002,1.86
ip_shuffle,20260618T064431_671643,of:000000000000000b:2 -> of:000000000000000c:2,0.002,0.0025,0.002,0.002,2.4,2026-06-18T06:44:31,0.002,2.4
ip_shuffle,20260618T064431_671643,of:0000000000000004:2 -> of:0000000000000009:2,0.002,0.0025,0.002,0.002,2.53,2026-06-18T06:44:31,0.002,2.4
ip_shuffle,20260618T064431_671643,of:0000000000000005:2 -> of:0000000000000009:3,0.002,0.0025,0.002,0.002,2.53,2026-06-18T06:44:31,0.002,2.4
ip_shuffle,20260618T064431_671643,of:000000000000000b:3 -> of:000000000000000d:2,0.002,0.0025,0.002,0.002,2.46,2026-06-18T06:44:31,0.002,2.46
ip_shuffle,20260618T064431_671643,of:0000000000000004:1 -> of:000000000000000c:4,0.002,0.0025,0.002,0.002,1.93,2026-06-18T06:44:31,0.002,1.8
ip_shuffle,20260618T064431_671643,of:000000000000000c:3 -> of:000000000000000d:3,0.002,0.0025,0.002,0.002,2.46,2026-06-18T06:44:31,0.002,2.46
ip_shuffle,20260618T064431_671643,of:0000000000000001:1 -> of:000000000000000b:1,0.002,0.0025,0.002,0.002,1.93,2026-06-18T06:44:31,0.002,1.83
ip_shuffle,20260618T064431_671643,of:0000000000000006:1 -> of:000000000000000d:4,0.002,0.0025,0.002,0.002,2.53,2026-06-18T06:44:31,0.002,2.53
ip_shuffle,20260618T064431_671643,of:0000000000000002:1 -> of:000000000000000b:4,0.002,0.0025,0.002,0.002,1.93,2026-06-18T06:44:31,0.002,1.86
ip_shuffle,20260618T064431_671643,of:0000000000000001:3 -> of:000000000000000d:1,0.003,0.00375,0.003,0.003,3.76,2026-06-18T06:44:31,0.003,3.66
ip_shuffle,20260618T064431_671643,of:0000000000000006:2 -> of:000000000000000a:2,0.002,0.0025,0.002,0.002,2.53,2026-06-18T06:44:31,0.002,2.4
ip_shuffle,20260618T064431_671643,of:0000000000000003:1 -> of:000000000000000b:5,0.002,0.0025,0.002,0.002,1.93,2026-06-18T06:44:31,0.002,1.8
ip_shuffle,20260618T064431_671643,of:0000000000000007:1 -> of:000000000000000d:5,0.003,0.00375,0.003,0.003,3.06,2026-06-18T06:44:31,0.003,3.06
ip_shuffle,20260618T064431_671643,of:0000000000000007:2 -> of:000000000000000a:3,0.002,0.0025,0.002,0.002,2.46,2026-06-18T06:44:31,0.002,2.4
ip_shuffle,20260618T064431_671643,of:0000000000000002:2 -> of:0000000000000008:2,0.002,0.0025,0.002,0.002,2.53,2026-06-18T06:44:31,0.002,2.46
ip_shuffle,20260618T064431_671643,of:0000000000000008:1 -> of:000000000000000b:6,0.002,0.0025,0.002,0.002,1.8,2026-06-18T06:44:31,0.002,1.8
ip_shuffle,20260618T064431_671643,of:0000000000000009:1 -> of:000000000000000c:6,0.002,0.0025,0.002,0.002,1.8,2026-06-18T06:44:31,0.002,1.8
ip_shuffle,20260618T064431_671643,of:0000000000000001:2 -> of:000000000000000c:1,0.002,0.0025,0.002,0.002,1.93,2026-06-18T06:44:31,0.002,1.83
ip_shuffle,20260618T064431_671643,of:0000000000000003:2 -> of:0000000000000008:3,0.002,0.0025,0.002,0.002,2.53,2026-06-18T06:44:31,0.002,2.4
route_mutation,20260618T064529_513059,of:0000000000000005:1 -> of:000000000000000c:5,0.002,0.0025,0.002,0.002,2.2,2026-06-18T06:45:29,0.002,2.33
route_mutation,20260618T064529_513059,of:000000000000000a:1 -> of:000000000000000d:6,0.002,0.0025,0.002,0.002,1.53,2026-06-18T06:45:29,0.002,1.53
route_mutation,20260618T064529_513059,of:000000000000000b:2 -> of:000000000000000c:2,0.002,0.0025,0.002,0.002,1.73,2026-06-18T06:45:29,0.002,1.73
route_mutation,20260618T064529_513059,of:0000000000000004:2 -> of:0000000000000009:2,0.002,0.0025,0.002,0.002,1.6,2026-06-18T06:45:29,0.002,1.66
route_mutation,20260618T064529_513059,of:0000000000000005:2 -> of:0000000000000009:3,0.002,0.0025,0.002,0.002,1.63,2026-06-18T06:45:29,0.002,1.7
route_mutation,20260618T064529_513059,of:000000000000000b:3 -> of:000000000000000d:2,0.002,0.0025,0.002,0.002,1.73,2026-06-18T06:45:29,0.002,1.73
route_mutation,20260618T064529_513059,of:0000000000000004:1 -> of:000000000000000c:4,0.002,0.0025,0.002,0.002,2.16,2026-06-18T06:45:29,0.002,2.33
route_mutation,20260618T064529_513059,of:000000000000000c:3 -> of:000000000000000d:3,0.002,0.0025,0.002,0.002,1.73,2026-06-18T06:45:29,0.002,1.73
route_mutation,20260618T064529_513059,of:0000000000000001:1 -> of:000000000000000b:1,0.003,0.00375,0.003,0.002,2.8,2026-06-18T06:45:29,0.003,2.8
route_mutation,20260618T064529_513059,of:0000000000000006:1 -> of:000000000000000d:4,0.002,0.0025,0.002,0.002,1.93,2026-06-18T06:45:29,0.002,1.86
route_mutation,20260618T064529_513059,of:0000000000000002:1 -> of:000000000000000b:4,0.002,0.0025,0.002,0.002,1.63,2026-06-18T06:45:29,0.002,1.9
route_mutation,20260618T064529_513059,of:0000000000000001:3 -> of:000000000000000d:1,0.002,0.0025,0.002,0.002,1.73,2026-06-18T06:45:29,0.002,1.93
route_mutation,20260618T064529_513059,of:0000000000000006:2 -> of:000000000000000a:2,0.002,0.0025,0.002,0.002,1.73,2026-06-18T06:45:29,0.002,1.73
route_mutation,20260618T064529_513059,of:0000000000000003:1 -> of:000000000000000b:5,0.002,0.0025,0.002,0.002,2.4,2026-06-18T06:45:29,0.002,2.56
route_mutation,20260618T064529_513059,of:0000000000000007:1 -> of:000000000000000d:5,0.002,0.0025,0.002,0.002,1.53,2026-06-18T06:45:29,0.002,1.53
route_mutation,20260618T064529_513059,of:0000000000000007:2 -> of:000000000000000a:3,0.002,0.0025,0.002,0.002,1.73,2026-06-18T06:45:29,0.002,1.73
route_mutation,20260618T064529_513059,of:0000000000000002:2 -> of:0000000000000008:2,0.002,0.0025,0.002,0.001,1.56,2026-06-18T06:45:29,0.002,1.7
route_mutation,20260618T064529_513059,of:0000000000000008:1 -> of:000000000000000b:6,0.002,0.0025,0.002,0.002,1.5,2026-06-18T06:45:29,0.002,1.53
route_mutation,20260618T064529_513059,of:0000000000000009:1 -> of:000000000000000c:6,0.002,0.0025,0.002,0.002,1.5,2026-06-18T06:45:29,0.002,1.53
route_mutation,20260618T064529_513059,of:0000000000000001:2 -> of:000000000000000c:1,0.003,0.00375,0.003,0.003,3.0,2026-06-18T06:45:29,0.003,3.13
route_mutation,20260618T064529_513059,of:0000000000000003:2 -> of:0000000000000008:3,0.002,0.0025,0.002,0.001,1.53,2026-06-18T06:45:29,0.002,1.66
ip_shuffle,20260618T064559_756710,of:0000000000000005:1 -> of:000000000000000c:5,0.002,0.0025,0.002,0.002,1.96,2026-06-18T06:45:59,0.002,1.86
ip_shuffle,20260618T064559_756710,of:000000000000000a:1 -> of:000000000000000d:6,0.002,0.0025,0.002,0.002,1.86,2026-06-18T06:45:59,0.002,1.86
ip_shuffle,20260618T064559_756710,of:000000000000000b:2 -> of:000000000000000c:2,0.002,0.0025,0.002,0.002,2.46,2026-06-18T06:45:59,0.002,2.46
ip_shuffle,20260618T064559_756710,of:0000000000000004:2 -> of:0000000000000009:2,0.002,0.0025,0.002,0.002,2.63,2026-06-18T06:45:59,0.002,2.49
ip_shuffle,20260618T064559_756710,of:0000000000000005:2 -> of:0000000000000009:3,0.002,0.0025,0.002,0.002,2.59,2026-06-18T06:45:59,0.002,2.46
ip_shuffle,20260618T064559_756710,of:000000000000000b:3 -> of:000000000000000d:2,0.002,0.0025,0.002,0.002,2.46,2026-06-18T06:45:59,0.002,2.46
ip_shuffle,20260618T064559_756710,of:0000000000000004:1 -> of:000000000000000c:4,0.002,0.0025,0.002,0.002,2.0,2026-06-18T06:45:59,0.002,1.86
ip_shuffle,20260618T064559_756710,of:000000000000000c:3 -> of:000000000000000d:3,0.002,0.0025,0.002,0.002,2.53,2026-06-18T06:45:59,0.002,2.53
ip_shuffle,20260618T064559_756710,of:0000000000000001:1 -> of:000000000000000b:1,0.002,0.0025,0.002,0.002,1.93,2026-06-18T06:45:59,0.002,1.93
ip_shuffle,20260618T064559_756710,of:0000000000000006:1 -> of:000000000000000d:4,0.002,0.0025,0.002,0.002,2.59,2026-06-18T06:45:59,0.002,2.63
ip_shuffle,20260618T064559_756710,of:0000000000000002:1 -> of:000000000000000b:4,0.002,0.0025,0.002,0.002,2.0,2026-06-18T06:45:59,0.002,1.86
ip_shuffle,20260618T064559_756710,of:0000000000000001:3 -> of:000000000000000d:1,0.003,0.00375,0.003,0.003,3.89,2026-06-18T06:45:59,0.003,3.89
ip_shuffle,20260618T064559_756710,of:0000000000000006:2 -> of:000000000000000a:2,0.002,0.0025,0.002,0.002,2.49,2026-06-18T06:45:59,0.002,2.43
ip_shuffle,20260618T064559_756710,of:0000000000000003:1 -> of:000000000000000b:5,0.002,0.0025,0.002,0.002,2.0,2026-06-18T06:45:59,0.002,1.8
ip_shuffle,20260618T064559_756710,of:0000000000000007:1 -> of:000000000000000d:5,0.003,0.00375,0.003,0.003,3.09,2026-06-18T06:45:59,0.003,3.13
ip_shuffle,20260618T064559_756710,of:0000000000000007:2 -> of:000000000000000a:3,0.002,0.0025,0.002,0.002,2.49,2026-06-18T06:45:59,0.002,2.49
ip_shuffle,20260618T064559_756710,of:0000000000000002:2 -> of:0000000000000008:2,0.002,0.0025,0.002,0.002,2.63,2026-06-18T06:45:59,0.002,2.56
ip_shuffle,20260618T064559_756710,of:0000000000000008:1 -> of:000000000000000b:6,0.002,0.0025,0.002,0.002,1.83,2026-06-18T06:45:59,0.002,1.8
ip_shuffle,20260618T064559_756710,of:0000000000000009:1 -> of:000000000000000c:6,0.002,0.0025,0.002,0.002,1.9,2026-06-18T06:45:59,0.002,1.86
ip_shuffle,20260618T064559_756710,of:0000000000000001:2 -> of:000000000000000c:1,0.002,0.0025,0.002,0.002,1.93,2026-06-18T06:45:59,0.002,2.0
ip_shuffle,20260618T064559_756710,of:0000000000000003:2 -> of:0000000000000008:3,0.002,0.0025,0.002,0.002,2.63,2026-06-18T06:45:59,0.002,2.49
route_mutation,20260618T064711_586324,of:0000000000000005:1 -> of:000000000000000c:5,0.002,0.0025,0.002,0.002,2.2,2026-06-18T06:47:11,0.002,2.36
route_mutation,20260618T064711_586324,of:000000000000000a:1 -> of:000000000000000d:6,0.002,0.0025,0.002,0.002,1.53,2026-06-18T06:47:11,0.002,1.57
route_mutation,20260618T064711_586324,of:000000000000000b:2 -> of:000000000000000c:2,0.002,0.0025,0.002,0.002,1.76,2026-06-18T06:47:11,0.002,1.76
route_mutation,20260618T064711_586324,of:0000000000000004:2 -> of:0000000000000009:2,0.002,0.0025,0.002,0.002,1.66,2026-06-18T06:47:11,0.002,1.73
route_mutation,20260618T064711_586324,of:0000000000000005:2 -> of:0000000000000009:3,0.002,0.0025,0.002,0.002,1.66,2026-06-18T06:47:11,0.002,1.73
route_mutation,20260618T064711_586324,of:000000000000000b:3 -> of:000000000000000d:2,0.002,0.0025,0.002,0.002,1.73,2026-06-18T06:47:11,0.002,1.76
route_mutation,20260618T064711_586324,of:0000000000000004:1 -> of:000000000000000c:4,0.002,0.0025,0.002,0.002,2.2,2026-06-18T06:47:11,0.002,2.36
route_mutation,20260618T064711_586324,of:000000000000000c:3 -> of:000000000000000d:3,0.002,0.0025,0.002,0.002,1.8,2026-06-18T06:47:11,0.002,1.8
route_mutation,20260618T064711_586324,of:0000000000000001:1 -> of:000000000000000b:1,0.003,0.00375,0.003,0.003,2.86,2026-06-18T06:47:11,0.003,2.93
route_mutation,20260618T064711_586324,of:0000000000000006:1 -> of:000000000000000d:4,0.002,0.0025,0.002,0.002,1.93,2026-06-18T06:47:11,0.002,1.86
route_mutation,20260618T064711_586324,of:0000000000000002:1 -> of:000000000000000b:4,0.002,0.0025,0.002,0.002,1.76,2026-06-18T06:47:11,0.002,1.93
route_mutation,20260618T064711_586324,of:0000000000000001:3 -> of:000000000000000d:1,0.002,0.0025,0.002,0.002,1.7,2026-06-18T06:47:11,0.002,1.86
route_mutation,20260618T064711_586324,of:0000000000000006:2 -> of:000000000000000a:2,0.002,0.0025,0.002,0.002,1.76,2026-06-18T06:47:11,0.002,1.76
route_mutation,20260618T064711_586324,of:0000000000000003:1 -> of:000000000000000b:5,0.002,0.0025,0.002,0.002,2.43,2026-06-18T06:47:11,0.002,2.56
route_mutation,20260618T064711_586324,of:0000000000000007:1 -> of:000000000000000d:5,0.002,0.0025,0.002,0.002,1.53,2026-06-18T06:47:11,0.002,1.57
route_mutation,20260618T064711_586324,of:0000000000000007:2 -> of:000000000000000a:3,0.002,0.0025,0.002,0.002,1.73,2026-06-18T06:47:11,0.002,1.73
route_mutation,20260618T064711_586324,of:0000000000000002:2 -> of:0000000000000008:2,0.002,0.0025,0.002,0.001,1.6,2026-06-18T06:47:11,0.002,1.73
route_mutation,20260618T064711_586324,of:0000000000000008:1 -> of:000000000000000b:6,0.002,0.0025,0.002,0.002,1.53,2026-06-18T06:47:11,0.002,1.53
route_mutation,20260618T064711_586324,of:0000000000000009:1 -> of:000000000000000c:6,0.002,0.0025,0.002,0.002,1.53,2026-06-18T06:47:11,0.002,1.57
route_mutation,20260618T064711_586324,of:0000000000000001:2 -> of:000000000000000c:1,0.003,0.00375,0.003,0.003,3.1,2026-06-18T06:47:11,0.003,3.13
route_mutation,20260618T064711_586324,of:0000000000000003:2 -> of:0000000000000008:3,0.002,0.0025,0.002,0.001,1.6,2026-06-18T06:47:11,0.002,1.73
route_mutation,20260618T064741_771060,of:0000000000000005:1 -> of:000000000000000c:5,0.002,0.0025,0.002,0.002,1.93,2026-06-18T06:47:41,0.002,1.86
route_mutation,20260618T064741_771060,of:000000000000000a:1 -> of:000000000000000d:6,0.002,0.0025,0.002,0.002,1.83,2026-06-18T06:47:41,0.002,1.8
route_mutation,20260618T064741_771060,of:000000000000000b:2 -> of:000000000000000c:2,0.002,0.0025,0.002,0.002,2.36,2026-06-18T06:47:41,0.002,2.36
route_mutation,20260618T064741_771060,of:0000000000000004:2 -> of:0000000000000009:2,0.002,0.0025,0.002,0.002,2.5,2026-06-18T06:47:41,0.002,2.36
route_mutation,20260618T064741_771060,of:0000000000000005:2 -> of:0000000000000009:3,0.002,0.0025,0.002,0.002,2.5,2026-06-18T06:47:41,0.002,2.43
route_mutation,20260618T064741_771060,of:000000000000000b:3 -> of:000000000000000d:2,0.002,0.0025,0.002,0.002,2.36,2026-06-18T06:47:41,0.002,2.36
route_mutation,20260618T064741_771060,of:0000000000000004:1 -> of:000000000000000c:4,0.002,0.0025,0.002,0.002,1.93,2026-06-18T06:47:41,0.002,1.8
route_mutation,20260618T064741_771060,of:000000000000000c:3 -> of:000000000000000d:3,0.002,0.0025,0.002,0.002,2.4,2026-06-18T06:47:41,0.002,2.4
route_mutation,20260618T064741_771060,of:0000000000000001:1 -> of:000000000000000b:1,0.002,0.0025,0.002,0.002,1.9,2026-06-18T06:47:41,0.002,1.86
route_mutation,20260618T064741_771060,of:0000000000000006:1 -> of:000000000000000d:4,0.002,0.0025,0.002,0.002,2.63,2026-06-18T06:47:41,0.002,2.66
route_mutation,20260618T064741_771060,of:0000000000000002:1 -> of:000000000000000b:4,0.002,0.0025,0.002,0.002,1.93,2026-06-18T06:47:41,0.002,1.83
route_mutation,20260618T064741_771060,of:0000000000000001:3 -> of:000000000000000d:1,0.003,0.00375,0.003,0.003,3.86,2026-06-18T06:47:41,0.003,3.9
route_mutation,20260618T064741_771060,of:0000000000000006:2 -> of:000000000000000a:2,0.002,0.0025,0.002,0.002,2.4,2026-06-18T06:47:41,0.002,2.33
route_mutation,20260618T064741_771060,of:0000000000000003:1 -> of:000000000000000b:5,0.002,0.0025,0.002,0.002,1.93,2026-06-18T06:47:41,0.002,1.76
route_mutation,20260618T064741_771060,of:0000000000000007:1 -> of:000000000000000d:5,0.003,0.00375,0.003,0.003,3.23,2026-06-18T06:47:41,0.003,3.26
route_mutation,20260618T064741_771060,of:0000000000000007:2 -> of:000000000000000a:3,0.002,0.0025,0.002,0.002,2.4,2026-06-18T06:47:41,0.002,2.4
route_mutation,20260618T064741_771060,of:0000000000000002:2 -> of:0000000000000008:2,0.002,0.0025,0.002,0.002,2.5,2026-06-18T06:47:41,0.002,2.43
route_mutation,20260618T064741_771060,of:0000000000000008:1 -> of:000000000000000b:6,0.002,0.0025,0.002,0.002,1.83,2026-06-18T06:47:41,0.002,1.76
route_mutation,20260618T064741_771060,of:0000000000000009:1 -> of:000000000000000c:6,0.002,0.0025,0.002,0.002,1.83,2026-06-18T06:47:41,0.002,1.8
route_mutation,20260618T064741_771060,of:0000000000000001:2 -> of:000000000000000c:1,0.002,0.0025,0.002,0.002,1.8,2026-06-18T06:47:41,0.002,1.93
route_mutation,20260618T064741_771060,of:0000000000000003:2 -> of:0000000000000008:3,0.002,0.0025,0.002,0.002,2.5,2026-06-18T06:47:41,0.002,2.36
route_mutation,20260618T064812_018753,of:0000000000000005:1 -> of:000000000000000c:5,0.001,0.00125,0.001,0.001,1.36,2026-06-18T06:48:12,0.001,1.26
route_mutation,20260618T064812_018753,of:000000000000000a:1 -> of:000000000000000d:6,0.001,0.00125,0.001,0.001,1.33,2026-06-18T06:48:12,0.001,1.33
route_mutation,20260618T064812_018753,of:000000000000000b:2 -> of:000000000000000c:2,0.001,0.00125,0.001,0.001,1.4,2026-06-18T06:48:12,0.001,1.4
route_mutation,20260618T064812_018753,of:0000000000000004:2 -> of:0000000000000009:2,0.002,0.0025,0.002,0.001,1.36,2026-06-18T06:48:12,0.002,1.43
route_mutation,20260618T064812_018753,of:0000000000000005:2 -> of:0000000000000009:3,0.001,0.00125,0.001,0.001,1.36,2026-06-18T06:48:12,0.001,1.36
route_mutation,20260618T064812_018753,of:000000000000000b:3 -> of:000000000000000d:2,0.001,0.00125,0.001,0.001,1.4,2026-06-18T06:48:12,0.001,1.4
route_mutation,20260618T064812_018753,of:0000000000000004:1 -> of:000000000000000c:4,0.001,0.00125,0.001,0.001,1.36,2026-06-18T06:48:12,0.001,1.33
route_mutation,20260618T064812_018753,of:000000000000000c:3 -> of:000000000000000d:3,0.001,0.00125,0.001,0.001,1.33,2026-06-18T06:48:12,0.001,1.33
route_mutation,20260618T064812_018753,of:0000000000000001:1 -> of:000000000000000b:1,0.002,0.0025,0.002,0.002,2.03,2026-06-18T06:48:12,0.002,1.99
route_mutation,20260618T064812_018753,of:0000000000000006:1 -> of:000000000000000d:4,0.001,0.00125,0.001,0.001,1.36,2026-06-18T06:48:12,0.001,1.33
route_mutation,20260618T064812_018753,of:0000000000000002:1 -> of:000000000000000b:4,0.002,0.0025,0.002,0.002,2.09,2026-06-18T06:48:12,0.002,1.96
route_mutation,20260618T064812_018753,of:0000000000000001:3 -> of:000000000000000d:1,0.002,0.0025,0.002,0.002,1.4,2026-06-18T06:48:12,0.001,1.2
route_mutation,20260618T064812_018753,of:0000000000000006:2 -> of:000000000000000a:2,0.002,0.0025,0.002,0.001,1.36,2026-06-18T06:48:12,0.002,1.43
route_mutation,20260618T064812_018753,of:0000000000000003:1 -> of:000000000000000b:5,0.002,0.0025,0.002,0.001,1.36,2026-06-18T06:48:12,0.002,1.4
route_mutation,20260618T064812_018753,of:0000000000000007:1 -> of:000000000000000d:5,0.001,0.00125,0.001,0.001,1.36,2026-06-18T06:48:12,0.001,1.26
route_mutation,20260618T064812_018753,of:0000000000000007:2 -> of:000000000000000a:3,0.001,0.00125,0.001,0.001,1.36,2026-06-18T06:48:12,0.001,1.36
route_mutation,20260618T064812_018753,of:0000000000000002:2 -> of:0000000000000008:2,0.002,0.0025,0.002,0.002,1.4,2026-06-18T06:48:12,0.001,1.33
route_mutation,20260618T064812_018753,of:0000000000000008:1 -> of:000000000000000b:6,0.002,0.0025,0.002,0.001,1.33,2026-06-18T06:48:12,0.002,1.4
route_mutation,20260618T064812_018753,of:0000000000000009:1 -> of:000000000000000c:6,0.001,0.00125,0.001,0.001,1.33,2026-06-18T06:48:12,0.001,1.33
route_mutation,20260618T064812_018753,of:0000000000000001:2 -> of:000000000000000c:1,0.002,0.0025,0.002,0.002,1.4,2026-06-18T06:48:12,0.001,1.2
route_mutation,20260618T064812_018753,of:0000000000000003:2 -> of:0000000000000008:3,0.002,0.0025,0.002,0.002,1.43,2026-06-18T06:48:12,0.002,1.43
ip_shuffle,20260618T064842_267555,of:0000000000000005:1 -> of:000000000000000c:5,0.002,0.0025,0.002,0.002,2.26,2026-06-18T06:48:42,0.002,2.36
ip_shuffle,20260618T064842_267555,of:000000000000000a:1 -> of:000000000000000d:6,0.002,0.0025,0.002,0.002,1.53,2026-06-18T06:48:42,0.002,1.57
ip_shuffle,20260618T064842_267555,of:000000000000000b:2 -> of:000000000000000c:2,0.002,0.0025,0.002,0.002,1.76,2026-06-18T06:48:42,0.002,1.76
ip_shuffle,20260618T064842_267555,of:0000000000000004:2 -> of:0000000000000009:2,0.002,0.0025,0.002,0.002,1.66,2026-06-18T06:48:42,0.002,1.73
ip_shuffle,20260618T064842_267555,of:0000000000000005:2 -> of:0000000000000009:3,0.002,0.0025,0.002,0.002,1.73,2026-06-18T06:48:42,0.002,1.73
ip_shuffle,20260618T064842_267555,of:000000000000000b:3 -> of:000000000000000d:2,0.002,0.0025,0.002,0.002,1.76,2026-06-18T06:48:42,0.002,1.76
ip_shuffle,20260618T064842_267555,of:0000000000000004:1 -> of:000000000000000c:4,0.002,0.0025,0.002,0.002,2.2,2026-06-18T06:48:42,0.002,2.36
ip_shuffle,20260618T064842_267555,of:000000000000000c:3 -> of:000000000000000d:3,0.002,0.0025,0.002,0.002,1.8,2026-06-18T06:48:42,0.002,1.8
ip_shuffle,20260618T064842_267555,of:0000000000000001:1 -> of:000000000000000b:1,0.003,0.00375,0.003,0.002,2.83,2026-06-18T06:48:42,0.003,2.9
ip_shuffle,20260618T064842_267555,of:0000000000000006:1 -> of:000000000000000d:4,0.002,0.0025,0.002,0.002,1.9,2026-06-18T06:48:42,0.002,1.9
ip_shuffle,20260618T064842_267555,of:0000000000000002:1 -> of:000000000000000b:4,0.002,0.0025,0.002,0.002,1.7,2026-06-18T06:48:42,0.002,1.93
ip_shuffle,20260618T064842_267555,of:0000000000000001:3 -> of:000000000000000d:1,0.002,0.0025,0.002,0.002,1.76,2026-06-18T06:48:42,0.002,1.96
ip_shuffle,20260618T064842_267555,of:0000000000000006:2 -> of:000000000000000a:2,0.002,0.0025,0.002,0.002,1.76,2026-06-18T06:48:42,0.002,1.76
ip_shuffle,20260618T064842_267555,of:0000000000000003:1 -> of:000000000000000b:5,0.002,0.0025,0.002,0.002,2.43,2026-06-18T06:48:42,0.002,2.56
ip_shuffle,20260618T064842_267555,of:0000000000000007:1 -> of:000000000000000d:5,0.002,0.0025,0.002,0.001,1.5,2026-06-18T06:48:42,0.002,1.57
ip_shuffle,20260618T064842_267555,of:0000000000000007:2 -> of:000000000000000a:3,0.002,0.0025,0.002,0.002,1.76,2026-06-18T06:48:42,0.002,1.76
ip_shuffle,20260618T064842_267555,of:0000000000000002:2 -> of:0000000000000008:2,0.002,0.0025,0.002,0.001,1.63,2026-06-18T06:48:42,0.002,1.76
ip_shuffle,20260618T064842_267555,of:0000000000000008:1 -> of:000000000000000b:6,0.002,0.0025,0.002,0.002,1.53,2026-06-18T06:48:42,0.002,1.53
ip_shuffle,20260618T064842_267555,of:0000000000000009:1 -> of:000000000000000c:6,0.002,0.0025,0.002,0.002,1.53,2026-06-18T06:48:42,0.002,1.57
ip_shuffle,20260618T064842_267555,of:0000000000000001:2 -> of:000000000000000c:1,0.003,0.00375,0.003,0.003,3.1,2026-06-18T06:48:42,0.003,3.16
ip_shuffle,20260618T064842_267555,of:0000000000000003:2 -> of:0000000000000008:3,0.002,0.0025,0.002,0.001,1.6,2026-06-18T06:48:42,0.002,1.73
ip_shuffle,20260618T064939_982388,of:0000000000000005:1 -> of:000000000000000c:5,0.002,0.0025,0.002,0.002,1.4,2026-06-18T06:49:39,0.001,1.3
ip_shuffle,20260618T064939_982388,of:000000000000000a:1 -> of:000000000000000d:6,0.001,0.00125,0.001,0.001,1.36,2026-06-18T06:49:39,0.001,1.36
ip_shuffle,20260618T064939_982388,of:000000000000000b:2 -> of:000000000000000c:2,0.001,0.00125,0.001,0.001,1.4,2026-06-18T06:49:39,0.001,1.4
ip_shuffle,20260618T064939_982388,of:0000000000000004:2 -> of:0000000000000009:2,0.002,0.0025,0.002,0.001,1.43,2026-06-18T06:49:39,0.002,1.5
ip_shuffle,20260618T064939_982388,of:0000000000000005:2 -> of:0000000000000009:3,0.001,0.00125,0.001,0.001,1.43,2026-06-18T06:49:39,0.001,1.43
ip_shuffle,20260618T064939_982388,of:000000000000000b:3 -> of:000000000000000d:2,0.001,0.00125,0.001,0.001,1.4,2026-06-18T06:49:39,0.001,1.4
ip_shuffle,20260618T064939_982388,of:0000000000000004:1 -> of:000000000000000c:4,0.002,0.0025,0.002,0.002,1.4,2026-06-18T06:49:39,0.001,1.36
ip_shuffle,20260618T064939_982388,of:000000000000000c:3 -> of:000000000000000d:3,0.001,0.00125,0.001,0.001,1.4,2026-06-18T06:49:39,0.001,1.4
ip_shuffle,20260618T064939_982388,of:0000000000000001:1 -> of:000000000000000b:1,0.002,0.0025,0.002,0.002,2.1,2026-06-18T06:49:39,0.002,2.03
ip_shuffle,20260618T064939_982388,of:0000000000000006:1 -> of:000000000000000d:4,0.002,0.0025,0.002,0.002,1.4,2026-06-18T06:49:39,0.001,1.36
ip_shuffle,20260618T064939_982388,of:0000000000000002:1 -> of:000000000000000b:4,0.002,0.0025,0.002,0.002,2.16,2026-06-18T06:49:39,0.002,1.96
ip_shuffle,20260618T064939_982388,of:0000000000000001:3 -> of:000000000000000d:1,0.002,0.0025,0.002,0.002,1.43,2026-06-18T06:49:39,0.001,1.23
ip_shuffle,20260618T064939_982388,of:0000000000000006:2 -> of:000000000000000a:2,0.002,0.0025,0.002,0.001,1.43,2026-06-18T06:49:39,0.002,1.5
ip_shuffle,20260618T064939_982388,of:0000000000000003:1 -> of:000000000000000b:5,0.001,0.00125,0.001,0.001,1.36,2026-06-18T06:49:39,0.001,1.3
ip_shuffle,20260618T064939_982388,of:0000000000000007:1 -> of:000000000000000d:5,0.002,0.0025,0.002,0.002,1.4,2026-06-18T06:49:39,0.001,1.3
ip_shuffle,20260618T064939_982388,of:0000000000000007:2 -> of:000000000000000a:3,0.001,0.00125,0.001,0.001,1.43,2026-06-18T06:49:39,0.001,1.43
ip_shuffle,20260618T064939_982388,of:0000000000000002:2 -> of:0000000000000008:2,0.002,0.0025,0.002,0.002,1.46,2026-06-18T06:49:39,0.001,1.4
ip_shuffle,20260618T064939_982388,of:0000000000000008:1 -> of:000000000000000b:6,0.001,0.00125,0.001,0.001,1.36,2026-06-18T06:49:39,0.001,1.36
ip_shuffle,20260618T064939_982388,of:0000000000000009:1 -> of:000000000000000c:6,0.001,0.00125,0.001,0.001,1.36,2026-06-18T06:49:39,0.001,1.36
ip_shuffle,20260618T064939_982388,of:0000000000000001:2 -> of:000000000000000c:1,0.002,0.0025,0.002,0.002,1.43,2026-06-18T06:49:39,0.001,1.23
ip_shuffle,20260618T064939_982388,of:0000000000000003:2 -> of:0000000000000008:3,0.002,0.0025,0.002,0.002,1.46,2026-06-18T06:49:39,0.001,1.4
ip_shuffle,20260618T065037_721543,of:0000000000000005:1 -> of:000000000000000c:5,0.002,0.0025,0.002,0.002,2.26,2026-06-18T06:50:37,0.002,2.33
ip_shuffle,20260618T065037_721543,of:000000000000000a:1 -> of:000000000000000d:6,0.002,0.0025,0.002,0.002,1.86,2026-06-18T06:50:37,0.002,1.86
ip_shuffle,20260618T065037_721543,of:000000000000000b:2 -> of:000000000000000c:2,0.002,0.0025,0.002,0.002,2.53,2026-06-18T06:50:37,0.002,2.53
ip_shuffle,20260618T065037_721543,of:0000000000000004:2 -> of:0000000000000009:2,0.002,0.0025,0.002,0.002,2.53,2026-06-18T06:50:37,0.002,2.46
ip_shuffle,20260618T065037_721543,of:0000000000000005:2 -> of:0000000000000009:3,0.002,0.0025,0.002,0.002,2.46,2026-06-18T06:50:37,0.002,2.46
ip_shuffle,20260618T065037_721543,of:000000000000000b:3 -> of:000000000000000d:2,0.002,0.0025,0.002,0.002,2.53,2026-06-18T06:50:37,0.002,2.53
ip_shuffle,20260618T065037_721543,of:0000000000000004:1 -> of:000000000000000c:4,0.002,0.0025,0.002,0.002,1.93,2026-06-18T06:50:37,0.002,1.93
ip_shuffle,20260618T065037_721543,of:000000000000000c:3 -> of:000000000000000d:3,0.002,0.0025,0.002,0.002,2.53,2026-06-18T06:50:37,0.002,2.53
ip_shuffle,20260618T065037_721543,of:0000000000000001:1 -> of:000000000000000b:1,0.002,0.0025,0.002,0.002,1.86,2026-06-18T06:50:37,0.002,1.93
ip_shuffle,20260618T065037_721543,of:0000000000000006:1 -> of:000000000000000d:4,0.003,0.00375,0.003,0.002,3.03,2026-06-18T06:50:37,0.003,3.1
ip_shuffle,20260618T065037_721543,of:0000000000000002:1 -> of:000000000000000b:4,0.002,0.0025,0.002,0.002,1.86,2026-06-18T06:50:37,0.002,1.93
ip_shuffle,20260618T065037_721543,of:0000000000000001:3 -> of:000000000000000d:1,0.003,0.00375,0.003,0.003,3.96,2026-06-18T06:50:37,0.003,4.1
ip_shuffle,20260618T065037_721543,of:0000000000000006:2 -> of:000000000000000a:2,0.002,0.0025,0.002,0.002,2.46,2026-06-18T06:50:37,0.002,2.46
ip_shuffle,20260618T065037_721543,of:0000000000000003:1 -> of:000000000000000b:5,0.002,0.0025,0.002,0.002,1.93,2026-06-18T06:50:37,0.002,1.93
ip_shuffle,20260618T065037_721543,of:0000000000000007:1 -> of:000000000000000d:5,0.003,0.00375,0.003,0.003,3.2,2026-06-18T06:50:37,0.003,3.26
ip_shuffle,20260618T065037_721543,of:0000000000000007:2 -> of:000000000000000a:3,0.002,0.0025,0.002,0.002,2.46,2026-06-18T06:50:37,0.002,2.46
ip_shuffle,20260618T065037_721543,of:0000000000000002:2 -> of:0000000000000008:2,0.002,0.0025,0.002,0.002,2.53,2026-06-18T06:50:37,0.002,2.46
ip_shuffle,20260618T065037_721543,of:0000000000000008:1 -> of:000000000000000b:6,0.002,0.0025,0.002,0.002,1.86,2026-06-18T06:50:37,0.002,1.86
ip_shuffle,20260618T065037_721543,of:0000000000000009:1 -> of:000000000000000c:6,0.002,0.0025,0.002,0.002,1.86,2026-06-18T06:50:37,0.002,1.86
ip_shuffle,20260618T065037_721543,of:0000000000000001:2 -> of:000000000000000c:1,0.002,0.0025,0.002,0.002,2.33,2026-06-18T06:50:37,0.002,2.4
ip_shuffle,20260618T065037_721543,of:0000000000000003:2 -> of:0000000000000008:3,0.002,0.0025,0.002,0.002,2.53,2026-06-18T06:50:37,0.002,2.46
route_mutation,20260618T065135_490264,of:0000000000000005:1 -> of:000000000000000c:5,0.002,0.0025,0.002,0.002,2.03,2026-06-18T06:51:35,0.002,2.1
route_mutation,20260618T065135_490264,of:000000000000000a:1 -> of:000000000000000d:6,0.002,0.0025,0.002,0.002,1.43,2026-06-18T06:51:35,0.002,1.43
route_mutation,20260618T065135_490264,of:000000000000000b:2 -> of:000000000000000c:2,0.002,0.0025,0.002,0.002,1.53,2026-06-18T06:51:35,0.002,1.53
route_mutation,20260618T065135_490264,of:0000000000000004:2 -> of:0000000000000009:2,0.002,0.0025,0.002,0.001,1.4,2026-06-18T06:51:35,0.002,1.53
route_mutation,20260618T065135_490264,of:0000000000000005:2 -> of:0000000000000009:3,0.002,0.0025,0.002,0.001,1.46,2026-06-18T06:51:35,0.002,1.53
route_mutation,20260618T065135_490264,of:000000000000000b:3 -> of:000000000000000d:2,0.002,0.0025,0.002,0.002,1.6,2026-06-18T06:51:35,0.002,1.6
route_mutation,20260618T065135_490264,of:0000000000000004:1 -> of:000000000000000c:4,0.002,0.0025,0.002,0.002,2.1,2026-06-18T06:51:35,0.002,2.23
route_mutation,20260618T065135_490264,of:000000000000000c:3 -> of:000000000000000d:3,0.002,0.0025,0.002,0.002,1.53,2026-06-18T06:51:35,0.002,1.53
route_mutation,20260618T065135_490264,of:0000000000000001:1 -> of:000000000000000b:1,0.003,0.00375,0.003,0.003,3.23,2026-06-18T06:51:35,0.003,3.29
route_mutation,20260618T065135_490264,of:0000000000000006:1 -> of:000000000000000d:4,0.002,0.0025,0.002,0.002,1.5,2026-06-18T06:51:35,0.002,1.56
route_mutation,20260618T065135_490264,of:0000000000000002:1 -> of:000000000000000b:4,0.002,0.0025,0.002,0.002,2.26,2026-06-18T06:51:35,0.002,2.33
route_mutation,20260618T065135_490264,of:0000000000000001:3 -> of:000000000000000d:1,0.002,0.0025,0.002,0.001,1.43,2026-06-18T06:51:35,0.002,1.5
route_mutation,20260618T065135_490264,of:0000000000000006:2 -> of:000000000000000a:2,0.002,0.0025,0.002,0.002,1.53,2026-06-18T06:51:35,0.002,1.53
route_mutation,20260618T065135_490264,of:0000000000000003:1 -> of:000000000000000b:5,0.002,0.0025,0.002,0.002,2.33,2026-06-18T06:51:35,0.002,2.46
route_mutation,20260618T065135_490264,of:0000000000000007:1 -> of:000000000000000d:5,0.002,0.0025,0.002,0.001,1.36,2026-06-18T06:51:35,0.002,1.43
route_mutation,20260618T065135_490264,of:0000000000000007:2 -> of:000000000000000a:3,0.002,0.0025,0.002,0.002,1.53,2026-06-18T06:51:35,0.002,1.53
route_mutation,20260618T065135_490264,of:0000000000000002:2 -> of:0000000000000008:2,0.002,0.0025,0.002,0.001,1.4,2026-06-18T06:51:35,0.002,1.53
route_mutation,20260618T065135_490264,of:0000000000000008:1 -> of:000000000000000b:6,0.002,0.0025,0.002,0.002,1.43,2026-06-18T06:51:35,0.002,1.43
route_mutation,20260618T065135_490264,of:0000000000000009:1 -> of:000000000000000c:6,0.002,0.0025,0.002,0.002,1.43,2026-06-18T06:51:35,0.002,1.43
route_mutation,20260618T065135_490264,of:0000000000000001:2 -> of:000000000000000c:1,0.003,0.00375,0.003,0.003,2.76,2026-06-18T06:51:35,0.003,2.83
route_mutation,20260618T065135_490264,of:0000000000000003:2 -> of:0000000000000008:3,0.002,0.0025,0.002,0.001,1.4,2026-06-18T06:51:35,0.002,1.53
route_mutation,20260618T065205_725773,of:0000000000000005:1 -> of:000000000000000c:5,0.002,0.0025,0.002,0.002,2.03,2026-06-18T06:52:05,0.002,2.1
route_mutation,20260618T065205_725773,of:000000000000000a:1 -> of:000000000000000d:6,0.002,0.0025,0.002,0.002,1.96,2026-06-18T06:52:05,0.002,1.96
route_mutation,20260618T065205_725773,of:000000000000000b:2 -> of:000000000000000c:2,0.002,0.0025,0.002,0.002,2.6,2026-06-18T06:52:05,0.002,2.6
route_mutation,20260618T065205_725773,of:0000000000000004:2 -> of:0000000000000009:2,0.002,0.0025,0.002,0.002,2.6,2026-06-18T06:52:05,0.002,2.53
route_mutation,20260618T065205_725773,of:0000000000000005:2 -> of:0000000000000009:3,0.002,0.0025,0.002,0.002,2.53,2026-06-18T06:52:05,0.002,2.53
route_mutation,20260618T065205_725773,of:000000000000000b:3 -> of:000000000000000d:2,0.002,0.0025,0.002,0.002,2.6,2026-06-18T06:52:05,0.002,2.6
route_mutation,20260618T065205_725773,of:0000000000000004:1 -> of:000000000000000c:4,0.002,0.0025,0.002,0.002,1.96,2026-06-18T06:52:05,0.002,1.96
route_mutation,20260618T065205_725773,of:000000000000000c:3 -> of:000000000000000d:3,0.002,0.0025,0.002,0.002,2.6,2026-06-18T06:52:05,0.002,2.6
route_mutation,20260618T065205_725773,of:0000000000000001:1 -> of:000000000000000b:1,0.002,0.0025,0.002,0.002,1.9,2026-06-18T06:52:05,0.002,1.96
route_mutation,20260618T065205_725773,of:0000000000000006:1 -> of:000000000000000d:4,0.003,0.00375,0.003,0.002,3.03,2026-06-18T06:52:05,0.003,3.1
route_mutation,20260618T065205_725773,of:0000000000000002:1 -> of:000000000000000b:4,0.002,0.0025,0.002,0.002,1.9,2026-06-18T06:52:05,0.002,1.96
route_mutation,20260618T065205_725773,of:0000000000000001:3 -> of:000000000000000d:1,0.003,0.00375,0.003,0.003,4.16,2026-06-18T06:52:05,0.003,4.23
route_mutation,20260618T065205_725773,of:0000000000000006:2 -> of:000000000000000a:2,0.002,0.0025,0.002,0.002,2.53,2026-06-18T06:52:05,0.002,2.6
route_mutation,20260618T065205_725773,of:0000000000000003:1 -> of:000000000000000b:5,0.002,0.0025,0.002,0.002,1.96,2026-06-18T06:52:05,0.002,1.96
route_mutation,20260618T065205_725773,of:0000000000000007:1 -> of:000000000000000d:5,0.003,0.00375,0.003,0.003,3.26,2026-06-18T06:52:05,0.003,3.33
route_mutation,20260618T065205_725773,of:0000000000000007:2 -> of:000000000000000a:3,0.002,0.0025,0.002,0.002,2.53,2026-06-18T06:52:05,0.002,2.6
route_mutation,20260618T065205_725773,of:0000000000000002:2 -> of:0000000000000008:2,0.002,0.0025,0.002,0.002,2.6,2026-06-18T06:52:05,0.002,2.53
route_mutation,20260618T065205_725773,of:0000000000000008:1 -> of:000000000000000b:6,0.002,0.0025,0.002,0.002,1.9,2026-06-18T06:52:05,0.002,1.9
route_mutation,20260618T065205_725773,of:0000000000000009:1 -> of:000000000000000c:6,0.002,0.0025,0.002,0.002,1.9,2026-06-18T06:52:05,0.002,1.9
route_mutation,20260618T065205_725773,of:0000000000000001:2 -> of:000000000000000c:1,0.002,0.0025,0.002,0.002,2.1,2026-06-18T06:52:05,0.002,2.16
route_mutation,20260618T065205_725773,of:0000000000000003:2 -> of:0000000000000008:3,0.002,0.0025,0.002,0.002,2.6,2026-06-18T06:52:05,0.002,2.53
route_mutation,20260618T065236_002349,of:0000000000000005:1 -> of:000000000000000c:5,0.001,0.00125,0.001,0.001,1.33,2026-06-18T06:52:36,0.001,1.2
route_mutation,20260618T065236_002349,of:000000000000000a:1 -> of:000000000000000d:6,0.001,0.00125,0.001,0.001,1.2,2026-06-18T06:52:36,0.001,1.2
route_mutation,20260618T065236_002349,of:000000000000000b:2 -> of:000000000000000c:2,0.001,0.00125,0.001,0.001,1.2,2026-06-18T06:52:36,0.001,1.2
route_mutation,20260618T065236_002349,of:0000000000000004:2 -> of:0000000000000009:2,0.001,0.00125,0.001,0.001,1.33,2026-06-18T06:52:36,0.001,1.26
route_mutation,20260618T065236_002349,of:0000000000000005:2 -> of:0000000000000009:3,0.001,0.00125,0.001,0.001,1.33,2026-06-18T06:52:36,0.001,1.26
route_mutation,20260618T065236_002349,of:000000000000000b:3 -> of:000000000000000d:2,0.001,0.00125,0.001,0.001,1.2,2026-06-18T06:52:36,0.001,1.2
route_mutation,20260618T065236_002349,of:0000000000000004:1 -> of:000000000000000c:4,0.001,0.00125,0.001,0.001,1.33,2026-06-18T06:52:36,0.001,1.2
route_mutation,20260618T065236_002349,of:000000000000000c:3 -> of:000000000000000d:3,0.001,0.00125,0.001,0.001,1.2,2026-06-18T06:52:36,0.001,1.2
route_mutation,20260618T065236_002349,of:0000000000000001:1 -> of:000000000000000b:1,0.002,0.0025,0.002,0.002,1.63,2026-06-18T06:52:36,0.002,1.46
route_mutation,20260618T065236_002349,of:0000000000000006:1 -> of:000000000000000d:4,0.001,0.00125,0.001,0.001,1.33,2026-06-18T06:52:36,0.001,1.2
route_mutation,20260618T065236_002349,of:0000000000000002:1 -> of:000000000000000b:4,0.002,0.0025,0.002,0.002,1.6,2026-06-18T06:52:36,0.002,1.5
route_mutation,20260618T065236_002349,of:0000000000000001:3 -> of:000000000000000d:1,0.001,0.00125,0.001,0.001,1.36,2026-06-18T06:52:36,0.001,1.23
route_mutation,20260618T065236_002349,of:0000000000000006:2 -> of:000000000000000a:2,0.001,0.00125,0.001,0.001,1.26,2026-06-18T06:52:36,0.001,1.2
route_mutation,20260618T065236_002349,of:0000000000000003:1 -> of:000000000000000b:5,0.001,0.00125,0.001,0.001,1.33,2026-06-18T06:52:36,0.001,1.2
route_mutation,20260618T065236_002349,of:0000000000000007:1 -> of:000000000000000d:5,0.001,0.00125,0.001,0.001,1.33,2026-06-18T06:52:36,0.001,1.2
route_mutation,20260618T065236_002349,of:0000000000000007:2 -> of:000000000000000a:3,0.001,0.00125,0.001,0.001,1.26,2026-06-18T06:52:36,0.001,1.2
route_mutation,20260618T065236_002349,of:0000000000000002:2 -> of:0000000000000008:2,0.001,0.00125,0.001,0.001,1.33,2026-06-18T06:52:36,0.001,1.26
route_mutation,20260618T065236_002349,of:0000000000000008:1 -> of:000000000000000b:6,0.001,0.00125,0.001,0.001,1.26,2026-06-18T06:52:36,0.001,1.26
route_mutation,20260618T065236_002349,of:0000000000000009:1 -> of:000000000000000c:6,0.001,0.00125,0.001,0.001,1.26,2026-06-18T06:52:36,0.001,1.26
route_mutation,20260618T065236_002349,of:0000000000000001:2 -> of:000000000000000c:1,0.001,0.00125,0.001,0.001,1.33,2026-06-18T06:52:36,0.001,1.2
route_mutation,20260618T065236_002349,of:0000000000000003:2 -> of:0000000000000008:3,0.001,0.00125,0.001,0.001,1.33,2026-06-18T06:52:36,0.001,1.26
route_mutation,20260618T065306_237300,of:0000000000000005:1 -> of:000000000000000c:5,0.002,0.0025,0.002,0.002,2.16,2026-06-18T06:53:06,0.002,2.23
route_mutation,20260618T065306_237300,of:000000000000000a:1 -> of:000000000000000d:6,0.002,0.0025,0.002,0.002,1.43,2026-06-18T06:53:06,0.002,1.43
route_mutation,20260618T065306_237300,of:000000000000000b:2 -> of:000000000000000c:2,0.002,0.0025,0.002,0.002,1.53,2026-06-18T06:53:06,0.002,1.53
route_mutation,20260618T065306_237300,of:0000000000000004:2 -> of:0000000000000009:2,0.002,0.0025,0.002,0.001,1.46,2026-06-18T06:53:06,0.002,1.53
route_mutation,20260618T065306_237300,of:0000000000000005:2 -> of:0000000000000009:3,0.002,0.0025,0.002,0.001,1.46,2026-06-18T06:53:06,0.002,1.53
route_mutation,20260618T065306_237300,of:000000000000000b:3 -> of:000000000000000d:2,0.002,0.0025,0.002,0.002,1.66,2026-06-18T06:53:06,0.002,1.66
route_mutation,20260618T065306_237300,of:0000000000000004:1 -> of:000000000000000c:4,0.002,0.0025,0.002,0.002,2.16,2026-06-18T06:53:06,0.002,2.23
route_mutation,20260618T065306_237300,of:000000000000000c:3 -> of:000000000000000d:3,0.002,0.0025,0.002,0.002,1.53,2026-06-18T06:53:06,0.002,1.53
route_mutation,20260618T065306_237300,of:0000000000000001:1 -> of:000000000000000b:1,0.003,0.00375,0.003,0.003,3.06,2026-06-18T06:53:06,0.003,3.16
route_mutation,20260618T065306_237300,of:0000000000000006:1 -> of:000000000000000d:4,0.002,0.0025,0.002,0.002,1.76,2026-06-18T06:53:06,0.002,1.83
route_mutation,20260618T065306_237300,of:0000000000000002:1 -> of:000000000000000b:4,0.002,0.0025,0.002,0.002,2.19,2026-06-18T06:53:06,0.002,2.23
route_mutation,20260618T065306_237300,of:0000000000000001:3 -> of:000000000000000d:1,0.002,0.0025,0.002,0.002,1.63,2026-06-18T06:53:06,0.002,1.66
route_mutation,20260618T065306_237300,of:0000000000000006:2 -> of:000000000000000a:2,0.002,0.0025,0.002,0.002,1.53,2026-06-18T06:53:06,0.002,1.53
route_mutation,20260618T065306_237300,of:0000000000000003:1 -> of:000000000000000b:5,0.002,0.0025,0.002,0.002,2.33,2026-06-18T06:53:06,0.002,2.46
route_mutation,20260618T065306_237300,of:0000000000000007:1 -> of:000000000000000d:5,0.002,0.0025,0.002,0.001,1.36,2026-06-18T06:53:06,0.002,1.43
route_mutation,20260618T065306_237300,of:0000000000000007:2 -> of:000000000000000a:3,0.002,0.0025,0.002,0.002,1.53,2026-06-18T06:53:06,0.002,1.53
route_mutation,20260618T065306_237300,of:0000000000000002:2 -> of:0000000000000008:2,0.002,0.0025,0.002,0.001,1.4,2026-06-18T06:53:06,0.002,1.53
route_mutation,20260618T065306_237300,of:0000000000000008:1 -> of:000000000000000b:6,0.002,0.0025,0.002,0.002,1.43,2026-06-18T06:53:06,0.002,1.43
route_mutation,20260618T065306_237300,of:0000000000000009:1 -> of:000000000000000c:6,0.002,0.0025,0.002,0.002,1.43,2026-06-18T06:53:06,0.002,1.43
route_mutation,20260618T065306_237300,of:0000000000000001:2 -> of:000000000000000c:1,0.003,0.00375,0.003,0.003,2.92,2026-06-18T06:53:06,0.003,3.02
route_mutation,20260618T065306_237300,of:0000000000000003:2 -> of:0000000000000008:3,0.002,0.0025,0.002,0.001,1.4,2026-06-18T06:53:06,0.002,1.53
route_mutation,20260618T065336_490528,of:0000000000000005:1 -> of:000000000000000c:5,0.002,0.0025,0.002,0.002,1.86,2026-06-18T06:53:36,0.002,1.93
route_mutation,20260618T065336_490528,of:000000000000000a:1 -> of:000000000000000d:6,0.002,0.0025,0.002,0.002,1.93,2026-06-18T06:53:36,0.002,1.93
route_mutation,20260618T065336_490528,of:000000000000000b:2 -> of:000000000000000c:2,0.002,0.0025,0.002,0.002,2.53,2026-06-18T06:53:36,0.002,2.53
route_mutation,20260618T065336_490528,of:0000000000000004:2 -> of:0000000000000009:2,0.002,0.0025,0.002,0.002,2.46,2026-06-18T06:53:36,0.002,2.53
route_mutation,20260618T065336_490528,of:0000000000000005:2 -> of:0000000000000009:3,0.002,0.0025,0.002,0.002,2.46,2026-06-18T06:53:36,0.002,2.53
route_mutation,20260618T065336_490528,of:000000000000000b:3 -> of:000000000000000d:2,0.002,0.0025,0.002,0.002,2.53,2026-06-18T06:53:36,0.002,2.53
route_mutation,20260618T065336_490528,of:0000000000000004:1 -> of:000000000000000c:4,0.002,0.0025,0.002,0.002,1.86,2026-06-18T06:53:36,0.002,1.93
route_mutation,20260618T065336_490528,of:000000000000000c:3 -> of:000000000000000d:3,0.002,0.0025,0.002,0.002,2.53,2026-06-18T06:53:36,0.002,2.53
route_mutation,20260618T065336_490528,of:0000000000000001:1 -> of:000000000000000b:1,0.002,0.0025,0.002,0.002,1.86,2026-06-18T06:53:36,0.002,1.93
route_mutation,20260618T065336_490528,of:0000000000000006:1 -> of:000000000000000d:4,0.002,0.0025,0.002,0.002,2.9,2026-06-18T06:53:36,0.002,2.96
route_mutation,20260618T065336_490528,of:0000000000000002:1 -> of:000000000000000b:4,0.002,0.0025,0.002,0.002,1.86,2026-06-18T06:53:36,0.002,1.93
route_mutation,20260618T065336_490528,of:0000000000000001:3 -> of:000000000000000d:1,0.003,0.00375,0.003,0.003,4.03,2026-06-18T06:53:36,0.003,4.13
route_mutation,20260618T065336_490528,of:0000000000000006:2 -> of:000000000000000a:2,0.002,0.0025,0.002,0.002,2.46,2026-06-18T06:53:36,0.002,2.53
route_mutation,20260618T065336_490528,of:0000000000000003:1 -> of:000000000000000b:5,0.002,0.0025,0.002,0.002,1.93,2026-06-18T06:53:36,0.002,1.93
route_mutation,20260618T065336_490528,of:0000000000000007:1 -> of:000000000000000d:5,0.003,0.00375,0.003,0.003,3.26,2026-06-18T06:53:36,0.003,3.33
route_mutation,20260618T065336_490528,of:0000000000000007:2 -> of:000000000000000a:3,0.002,0.0025,0.002,0.002,2.46,2026-06-18T06:53:36,0.002,2.53
route_mutation,20260618T065336_490528,of:0000000000000002:2 -> of:0000000000000008:2,0.002,0.0025,0.002,0.002,2.53,2026-06-18T06:53:36,0.002,2.46
route_mutation,20260618T065336_490528,of:0000000000000008:1 -> of:000000000000000b:6,0.002,0.0025,0.002,0.002,1.86,2026-06-18T06:53:36,0.002,1.86
route_mutation,20260618T065336_490528,of:0000000000000009:1 -> of:000000000000000c:6,0.002,0.0025,0.002,0.002,1.93,2026-06-18T06:53:36,0.002,1.93
route_mutation,20260618T065336_490528,of:0000000000000001:2 -> of:000000000000000c:1,0.002,0.0025,0.002,0.002,1.9,2026-06-18T06:53:36,0.002,1.93
route_mutation,20260618T065336_490528,of:0000000000000003:2 -> of:0000000000000008:3,0.002,0.0025,0.002,0.002,2.53,2026-06-18T06:53:36,0.002,2.46
ip_shuffle,20260618T065406_746912,of:0000000000000005:1 -> of:000000000000000c:5,0.001,0.00125,0.001,0.001,1.33,2026-06-18T06:54:06,0.001,1.2
ip_shuffle,20260618T065406_746912,of:000000000000000a:1 -> of:000000000000000d:6,0.001,0.00125,0.001,0.001,1.2,2026-06-18T06:54:06,0.001,1.2
ip_shuffle,20260618T065406_746912,of:000000000000000b:2 -> of:000000000000000c:2,0.001,0.00125,0.001,0.001,1.2,2026-06-18T06:54:06,0.001,1.2
ip_shuffle,20260618T065406_746912,of:0000000000000004:2 -> of:0000000000000009:2,0.001,0.00125,0.001,0.001,1.33,2026-06-18T06:54:06,0.001,1.2
ip_shuffle,20260618T065406_746912,of:0000000000000005:2 -> of:0000000000000009:3,0.001,0.00125,0.001,0.001,1.33,2026-06-18T06:54:06,0.001,1.2
ip_shuffle,20260618T065406_746912,of:000000000000000b:3 -> of:000000000000000d:2,0.001,0.00125,0.001,0.001,1.23,2026-06-18T06:54:06,0.001,1.23
ip_shuffle,20260618T065406_746912,of:0000000000000004:1 -> of:000000000000000c:4,0.001,0.00125,0.001,0.001,1.33,2026-06-18T06:54:06,0.001,1.2
ip_shuffle,20260618T065406_746912,of:000000000000000c:3 -> of:000000000000000d:3,0.001,0.00125,0.001,0.001,1.2,2026-06-18T06:54:06,0.001,1.2
ip_shuffle,20260618T065406_746912,of:0000000000000001:1 -> of:000000000000000b:1,0.002,0.0025,0.002,0.002,1.93,2026-06-18T06:54:06,0.002,1.76
ip_shuffle,20260618T065406_746912,of:0000000000000006:1 -> of:000000000000000d:4,0.002,0.0025,0.002,0.002,1.36,2026-06-18T06:54:06,0.001,1.23
ip_shuffle,20260618T065406_746912,of:0000000000000002:1 -> of:000000000000000b:4,0.002,0.0025,0.002,0.002,1.93,2026-06-18T06:54:06,0.002,1.8
ip_shuffle,20260618T065406_746912,of:0000000000000001:3 -> of:000000000000000d:1,0.001,0.00125,0.001,0.001,1.33,2026-06-18T06:54:06,0.001,1.23
ip_shuffle,20260618T065406_746912,of:0000000000000006:2 -> of:000000000000000a:2,0.001,0.00125,0.001,0.001,1.26,2026-06-18T06:54:06,0.001,1.2
ip_shuffle,20260618T065406_746912,of:0000000000000003:1 -> of:000000000000000b:5,0.001,0.00125,0.001,0.001,1.33,2026-06-18T06:54:06,0.001,1.2
ip_shuffle,20260618T065406_746912,of:0000000000000007:1 -> of:000000000000000d:5,0.001,0.00125,0.001,0.001,1.33,2026-06-18T06:54:06,0.001,1.2
ip_shuffle,20260618T065406_746912,of:0000000000000007:2 -> of:000000000000000a:3,0.001,0.00125,0.001,0.001,1.26,2026-06-18T06:54:06,0.001,1.2
ip_shuffle,20260618T065406_746912,of:0000000000000002:2 -> of:0000000000000008:2,0.001,0.00125,0.001,0.001,1.33,2026-06-18T06:54:06,0.001,1.26
ip_shuffle,20260618T065406_746912,of:0000000000000008:1 -> of:000000000000000b:6,0.001,0.00125,0.001,0.001,1.26,2026-06-18T06:54:06,0.001,1.26
ip_shuffle,20260618T065406_746912,of:0000000000000009:1 -> of:000000000000000c:6,0.001,0.00125,0.001,0.001,1.2,2026-06-18T06:54:06,0.001,1.2
ip_shuffle,20260618T065406_746912,of:0000000000000001:2 -> of:000000000000000c:1,0.001,0.00125,0.001,0.001,1.33,2026-06-18T06:54:06,0.001,1.2
ip_shuffle,20260618T065406_746912,of:0000000000000003:2 -> of:0000000000000008:3,0.001,0.00125,0.001,0.001,1.33,2026-06-18T06:54:06,0.001,1.26
route_mutation,20260618T065517_163387,of:0000000000000005:1 -> of:000000000000000c:5,0.002,0.0025,0.002,0.002,1.9,2026-06-18T06:55:17,0.002,1.93
route_mutation,20260618T065517_163387,of:000000000000000a:1 -> of:000000000000000d:6,0.002,0.0025,0.002,0.002,1.93,2026-06-18T06:55:17,0.002,1.93
route_mutation,20260618T065517_163387,of:000000000000000b:2 -> of:000000000000000c:2,0.002,0.0025,0.002,0.002,2.53,2026-06-18T06:55:17,0.002,2.53
route_mutation,20260618T065517_163387,of:0000000000000004:2 -> of:0000000000000009:2,0.002,0.0025,0.002,0.002,2.49,2026-06-18T06:55:17,0.002,2.56
route_mutation,20260618T065517_163387,of:0000000000000005:2 -> of:0000000000000009:3,0.002,0.0025,0.002,0.002,2.49,2026-06-18T06:55:17,0.002,2.56
route_mutation,20260618T065517_163387,of:000000000000000b:3 -> of:000000000000000d:2,0.002,0.0025,0.002,0.002,2.53,2026-06-18T06:55:17,0.002,2.53
route_mutation,20260618T065517_163387,of:0000000000000004:1 -> of:000000000000000c:4,0.002,0.0025,0.002,0.002,1.9,2026-06-18T06:55:17,0.002,1.93
route_mutation,20260618T065517_163387,of:000000000000000c:3 -> of:000000000000000d:3,0.002,0.0025,0.002,0.002,2.53,2026-06-18T06:55:17,0.002,2.53
route_mutation,20260618T065517_163387,of:0000000000000001:1 -> of:000000000000000b:1,0.002,0.0025,0.002,0.002,1.86,2026-06-18T06:55:17,0.002,2.0
route_mutation,20260618T065517_163387,of:0000000000000006:1 -> of:000000000000000d:4,0.002,0.0025,0.002,0.002,2.63,2026-06-18T06:55:17,0.002,2.73
route_mutation,20260618T065517_163387,of:0000000000000002:1 -> of:000000000000000b:4,0.002,0.0025,0.002,0.002,1.93,2026-06-18T06:55:17,0.002,1.93
route_mutation,20260618T065517_163387,of:0000000000000001:3 -> of:000000000000000d:1,0.003,0.00375,0.003,0.003,3.86,2026-06-18T06:55:17,0.003,3.86
route_mutation,20260618T065517_163387,of:0000000000000006:2 -> of:000000000000000a:2,0.002,0.0025,0.002,0.002,2.49,2026-06-18T06:55:17,0.002,2.56
route_mutation,20260618T065517_163387,of:0000000000000003:1 -> of:000000000000000b:5,0.002,0.0025,0.002,0.002,2.0,2026-06-18T06:55:17,0.002,1.93
route_mutation,20260618T065517_163387,of:0000000000000007:1 -> of:000000000000000d:5,0.003,0.00375,0.003,0.003,3.29,2026-06-18T06:55:17,0.003,3.33
route_mutation,20260618T065517_163387,of:0000000000000007:2 -> of:000000000000000a:3,0.002,0.0025,0.002,0.002,2.49,2026-06-18T06:55:17,0.002,2.56
route_mutation,20260618T065517_163387,of:0000000000000002:2 -> of:0000000000000008:2,0.002,0.0025,0.002,0.002,2.56,2026-06-18T06:55:17,0.002,2.63
route_mutation,20260618T065517_163387,of:0000000000000008:1 -> of:000000000000000b:6,0.002,0.0025,0.002,0.002,1.96,2026-06-18T06:55:17,0.002,1.93
route_mutation,20260618T065517_163387,of:0000000000000009:1 -> of:000000000000000c:6,0.002,0.0025,0.002,0.002,1.93,2026-06-18T06:55:17,0.002,1.93
route_mutation,20260618T065517_163387,of:0000000000000001:2 -> of:000000000000000c:1,0.002,0.0025,0.002,0.002,1.86,2026-06-18T06:55:17,0.002,2.0
route_mutation,20260618T065517_163387,of:0000000000000003:2 -> of:0000000000000008:3,0.002,0.0025,0.002,0.002,2.63,2026-06-18T06:55:17,0.002,2.63
ip_shuffle,20260618T065547_419593,of:0000000000000005:1 -> of:000000000000000c:5,0.001,0.00125,0.001,0.001,1.33,2026-06-18T06:55:47,0.001,1.2
ip_shuffle,20260618T065547_419593,of:000000000000000a:1 -> of:000000000000000d:6,0.001,0.00125,0.001,0.001,1.2,2026-06-18T06:55:47,0.001,1.2
ip_shuffle,20260618T065547_419593,of:000000000000000b:2 -> of:000000000000000c:2,0.001,0.00125,0.001,0.001,1.2,2026-06-18T06:55:47,0.001,1.2
ip_shuffle,20260618T065547_419593,of:0000000000000004:2 -> of:0000000000000009:2,0.001,0.00125,0.001,0.001,1.33,2026-06-18T06:55:47,0.001,1.2
ip_shuffle,20260618T065547_419593,of:0000000000000005:2 -> of:0000000000000009:3,0.001,0.00125,0.001,0.001,1.33,2026-06-18T06:55:47,0.001,1.2
ip_shuffle,20260618T065547_419593,of:000000000000000b:3 -> of:000000000000000d:2,0.001,0.00125,0.001,0.001,1.26,2026-06-18T06:55:47,0.001,1.23
ip_shuffle,20260618T065547_419593,of:0000000000000004:1 -> of:000000000000000c:4,0.001,0.00125,0.001,0.001,1.33,2026-06-18T06:55:47,0.001,1.2
ip_shuffle,20260618T065547_419593,of:000000000000000c:3 -> of:000000000000000d:3,0.001,0.00125,0.001,0.001,1.2,2026-06-18T06:55:47,0.001,1.2
ip_shuffle,20260618T065547_419593,of:0000000000000001:1 -> of:000000000000000b:1,0.002,0.0025,0.002,0.002,2.0,2026-06-18T06:55:47,0.002,1.83
ip_shuffle,20260618T065547_419593,of:0000000000000006:1 -> of:000000000000000d:4,0.002,0.0025,0.002,0.002,1.43,2026-06-18T06:55:47,0.001,1.3
ip_shuffle,20260618T065547_419593,of:0000000000000002:1 -> of:000000000000000b:4,0.002,0.0025,0.002,0.002,2.0,2026-06-18T06:55:47,0.002,1.86
ip_shuffle,20260618T065547_419593,of:0000000000000001:3 -> of:000000000000000d:1,0.001,0.00125,0.001,0.001,1.33,2026-06-18T06:55:47,0.001,1.26
ip_shuffle,20260618T065547_419593,of:0000000000000006:2 -> of:000000000000000a:2,0.001,0.00125,0.001,0.001,1.33,2026-06-18T06:55:47,0.001,1.2
ip_shuffle,20260618T065547_419593,of:0000000000000003:1 -> of:000000000000000b:5,0.001,0.00125,0.001,0.001,1.33,2026-06-18T06:55:47,0.001,1.2
ip_shuffle,20260618T065547_419593,of:0000000000000007:1 -> of:000000000000000d:5,0.001,0.00125,0.001,0.001,1.33,2026-06-18T06:55:47,0.001,1.2
ip_shuffle,20260618T065547_419593,of:0000000000000007:2 -> of:000000000000000a:3,0.001,0.00125,0.001,0.001,1.33,2026-06-18T06:55:47,0.001,1.2
ip_shuffle,20260618T065547_419593,of:0000000000000002:2 -> of:0000000000000008:2,0.001,0.00125,0.001,0.001,1.33,2026-06-18T06:55:47,0.001,1.2
ip_shuffle,20260618T065547_419593,of:0000000000000008:1 -> of:000000000000000b:6,0.001,0.00125,0.001,0.001,1.2,2026-06-18T06:55:47,0.001,1.2
ip_shuffle,20260618T065547_419593,of:0000000000000009:1 -> of:000000000000000c:6,0.001,0.00125,0.001,0.001,1.2,2026-06-18T06:55:47,0.001,1.2
ip_shuffle,20260618T065547_419593,of:0000000000000001:2 -> of:000000000000000c:1,0.001,0.00125,0.001,0.001,1.33,2026-06-18T06:55:47,0.001,1.2
ip_shuffle,20260618T065547_419593,of:0000000000000003:2 -> of:0000000000000008:3,0.001,0.00125,0.001,0.001,1.33,2026-06-18T06:55:47,0.001,1.2
route_mutation,20260618T065645_036216,of:0000000000000005:1 -> of:000000000000000c:5,0.002,0.0025,0.002,0.002,1.93,2026-06-18T06:56:45,0.002,1.96
route_mutation,20260618T065645_036216,of:000000000000000a:1 -> of:000000000000000d:6,0.002,0.0025,0.002,0.002,1.93,2026-06-18T06:56:45,0.002,1.93
route_mutation,20260618T065645_036216,of:000000000000000b:2 -> of:000000000000000c:2,0.002,0.0025,0.002,0.002,2.53,2026-06-18T06:56:45,0.002,2.53
route_mutation,20260618T065645_036216,of:0000000000000004:2 -> of:0000000000000009:2,0.002,0.0025,0.002,0.002,2.46,2026-06-18T06:56:45,0.002,2.53
route_mutation,20260618T065645_036216,of:0000000000000005:2 -> of:0000000000000009:3,0.002,0.0025,0.002,0.002,2.5,2026-06-18T06:56:45,0.002,2.56
route_mutation,20260618T065645_036216,of:000000000000000b:3 -> of:000000000000000d:2,0.002,0.0025,0.002,0.002,2.53,2026-06-18T06:56:45,0.002,2.53
route_mutation,20260618T065645_036216,of:0000000000000004:1 -> of:000000000000000c:4,0.002,0.0025,0.002,0.002,1.86,2026-06-18T06:56:45,0.002,1.93
route_mutation,20260618T065645_036216,of:000000000000000c:3 -> of:000000000000000d:3,0.002,0.0025,0.002,0.002,2.53,2026-06-18T06:56:45,0.002,2.53
route_mutation,20260618T065645_036216,of:0000000000000001:1 -> of:000000000000000b:1,0.002,0.0025,0.002,0.002,1.86,2026-06-18T06:56:45,0.002,1.8
route_mutation,20260618T065645_036216,of:0000000000000006:1 -> of:000000000000000d:4,0.002,0.0025,0.002,0.002,2.5,2026-06-18T06:56:45,0.002,2.6
route_mutation,20260618T065645_036216,of:0000000000000002:1 -> of:000000000000000b:4,0.002,0.0025,0.002,0.002,1.9,2026-06-18T06:56:45,0.002,1.93
route_mutation,20260618T065645_036216,of:0000000000000001:3 -> of:000000000000000d:1,0.003,0.00375,0.003,0.003,3.4,2026-06-18T06:56:45,0.003,3.5
route_mutation,20260618T065645_036216,of:0000000000000006:2 -> of:000000000000000a:2,0.002,0.0025,0.002,0.002,2.5,2026-06-18T06:56:45,0.002,2.56
route_mutation,20260618T065645_036216,of:0000000000000003:1 -> of:000000000000000b:5,0.002,0.0025,0.002,0.002,1.86,2026-06-18T06:56:45,0.002,1.93
route_mutation,20260618T065645_036216,of:0000000000000007:1 -> of:000000000000000d:5,0.002,0.0025,0.002,0.002,2.86,2026-06-18T06:56:45,0.002,2.86
route_mutation,20260618T065645_036216,of:0000000000000007:2 -> of:000000000000000a:3,0.002,0.0025,0.002,0.002,2.46,2026-06-18T06:56:45,0.002,2.53
route_mutation,20260618T065645_036216,of:0000000000000002:2 -> of:0000000000000008:2,0.002,0.0025,0.002,0.002,2.5,2026-06-18T06:56:45,0.002,2.56
route_mutation,20260618T065645_036216,of:0000000000000008:1 -> of:000000000000000b:6,0.002,0.0025,0.002,0.002,1.93,2026-06-18T06:56:45,0.002,1.93
route_mutation,20260618T065645_036216,of:0000000000000009:1 -> of:000000000000000c:6,0.002,0.0025,0.002,0.002,1.93,2026-06-18T06:56:45,0.002,1.93
route_mutation,20260618T065645_036216,of:0000000000000001:2 -> of:000000000000000c:1,0.002,0.0025,0.002,0.002,1.86,2026-06-18T06:56:45,0.002,1.8
route_mutation,20260618T065645_036216,of:0000000000000003:2 -> of:0000000000000008:3,0.002,0.0025,0.002,0.002,2.46,2026-06-18T06:56:45,0.002,2.53
route_mutation,20260618T065715_295484,of:0000000000000005:1 -> of:000000000000000c:5,0.001,0.00125,0.001,0.001,1.33,2026-06-18T06:57:15,0.001,1.2
route_mutation,20260618T065715_295484,of:000000000000000a:1 -> of:000000000000000d:6,0.001,0.00125,0.001,0.001,1.2,2026-06-18T06:57:15,0.001,1.2
route_mutation,20260618T065715_295484,of:000000000000000b:2 -> of:000000000000000c:2,0.001,0.00125,0.001,0.001,1.2,2026-06-18T06:57:15,0.001,1.2
route_mutation,20260618T065715_295484,of:0000000000000004:2 -> of:0000000000000009:2,0.001,0.00125,0.001,0.001,1.36,2026-06-18T06:57:15,0.001,1.23
route_mutation,20260618T065715_295484,of:0000000000000005:2 -> of:0000000000000009:3,0.001,0.00125,0.001,0.001,1.33,2026-06-18T06:57:15,0.001,1.2
route_mutation,20260618T065715_295484,of:000000000000000b:3 -> of:000000000000000d:2,0.001,0.00125,0.001,0.001,1.2,2026-06-18T06:57:15,0.001,1.2
route_mutation,20260618T065715_295484,of:0000000000000004:1 -> of:000000000000000c:4,0.001,0.00125,0.001,0.001,1.36,2026-06-18T06:57:15,0.001,1.2
route_mutation,20260618T065715_295484,of:000000000000000c:3 -> of:000000000000000d:3,0.001,0.00125,0.001,0.001,1.2,2026-06-18T06:57:15,0.001,1.2
route_mutation,20260618T065715_295484,of:0000000000000001:1 -> of:000000000000000b:1,0.002,0.0025,0.002,0.002,1.4,2026-06-18T06:57:15,0.002,1.4
route_mutation,20260618T065715_295484,of:0000000000000006:1 -> of:000000000000000d:4,0.001,0.00125,0.001,0.001,1.33,2026-06-18T06:57:15,0.001,1.2
route_mutation,20260618T065715_295484,of:0000000000000002:1 -> of:000000000000000b:4,0.001,0.00125,0.001,0.001,1.36,2026-06-18T06:57:15,0.001,1.2
route_mutation,20260618T065715_295484,of:0000000000000001:3 -> of:000000000000000d:1,0.001,0.00125,0.001,0.001,1.33,2026-06-18T06:57:15,0.001,1.33
route_mutation,20260618T065715_295484,of:0000000000000006:2 -> of:000000000000000a:2,0.001,0.00125,0.001,0.001,1.33,2026-06-18T06:57:15,0.001,1.2
route_mutation,20260618T065715_295484,of:0000000000000003:1 -> of:000000000000000b:5,0.001,0.00125,0.001,0.001,1.36,2026-06-18T06:57:15,0.001,1.2
route_mutation,20260618T065715_295484,of:0000000000000007:1 -> of:000000000000000d:5,0.002,0.0025,0.002,0.002,1.53,2026-06-18T06:57:15,0.002,1.46
route_mutation,20260618T065715_295484,of:0000000000000007:2 -> of:000000000000000a:3,0.001,0.00125,0.001,0.001,1.33,2026-06-18T06:57:15,0.001,1.2
route_mutation,20260618T065715_295484,of:0000000000000002:2 -> of:0000000000000008:2,0.001,0.00125,0.001,0.001,1.36,2026-06-18T06:57:15,0.001,1.23
route_mutation,20260618T065715_295484,of:0000000000000008:1 -> of:000000000000000b:6,0.001,0.00125,0.001,0.001,1.2,2026-06-18T06:57:15,0.001,1.2
route_mutation,20260618T065715_295484,of:0000000000000009:1 -> of:000000000000000c:6,0.001,0.00125,0.001,0.001,1.2,2026-06-18T06:57:15,0.001,1.2
route_mutation,20260618T065715_295484,of:0000000000000001:2 -> of:000000000000000c:1,0.001,0.00125,0.001,0.001,1.27,2026-06-18T06:57:15,0.001,1.27
route_mutation,20260618T065715_295484,of:0000000000000003:2 -> of:0000000000000008:3,0.001,0.00125,0.001,0.001,1.36,2026-06-18T06:57:15,0.001,1.23
route_mutation,20260618T065745_555543,of:0000000000000005:1 -> of:000000000000000c:5,0.002,0.0025,0.002,0.002,1.73,2026-06-18T06:57:45,0.002,1.8
route_mutation,20260618T065745_555543,of:000000000000000a:1 -> of:000000000000000d:6,0.002,0.0025,0.002,0.002,1.53,2026-06-18T06:57:45,0.002,1.53
route_mutation,20260618T065745_555543,of:000000000000000b:2 -> of:000000000000000c:2,0.002,0.0025,0.002,0.002,1.73,2026-06-18T06:57:45,0.002,1.73
route_mutation,20260618T065745_555543,of:0000000000000004:2 -> of:0000000000000009:2,0.002,0.0025,0.002,0.002,1.66,2026-06-18T06:57:45,0.002,1.73
route_mutation,20260618T065745_555543,of:0000000000000005:2 -> of:0000000000000009:3,0.002,0.0025,0.002,0.002,1.66,2026-06-18T06:57:45,0.002,1.73
route_mutation,20260618T065745_555543,of:000000000000000b:3 -> of:000000000000000d:2,0.002,0.0025,0.002,0.002,1.9,2026-06-18T06:57:45,0.002,1.9
route_mutation,20260618T065745_555543,of:0000000000000004:1 -> of:000000000000000c:4,0.002,0.0025,0.002,0.002,2.26,2026-06-18T06:57:45,0.002,2.33
route_mutation,20260618T065745_555543,of:000000000000000c:3 -> of:000000000000000d:3,0.002,0.0025,0.002,0.002,1.73,2026-06-18T06:57:45,0.002,1.73
route_mutation,20260618T065745_555543,of:0000000000000001:1 -> of:000000000000000b:1,0.003,0.00375,0.003,0.003,3.4,2026-06-18T06:57:45,0.003,3.4
route_mutation,20260618T065745_555543,of:0000000000000006:1 -> of:000000000000000d:4,0.002,0.0025,0.002,0.002,1.8,2026-06-18T06:57:45,0.002,1.86
route_mutation,20260618T065745_555543,of:0000000000000002:1 -> of:000000000000000b:4,0.002,0.0025,0.002,0.002,2.6,2026-06-18T06:57:45,0.002,2.66
route_mutation,20260618T065745_555543,of:0000000000000001:3 -> of:000000000000000d:1,0.002,0.0025,0.002,0.002,1.7,2026-06-18T06:57:45,0.002,1.7
route_mutation,20260618T065745_555543,of:0000000000000006:2 -> of:000000000000000a:2,0.002,0.0025,0.002,0.002,1.66,2026-06-18T06:57:45,0.002,1.73
route_mutation,20260618T065745_555543,of:0000000000000003:1 -> of:000000000000000b:5,0.002,0.0025,0.002,0.002,2.5,2026-06-18T06:57:45,0.002,2.56
route_mutation,20260618T065745_555543,of:0000000000000007:1 -> of:000000000000000d:5,0.002,0.0025,0.002,0.001,1.47,2026-06-18T06:57:45,0.002,1.53
route_mutation,20260618T065745_555543,of:0000000000000007:2 -> of:000000000000000a:3,0.002,0.0025,0.002,0.002,1.66,2026-06-18T06:57:45,0.002,1.73
route_mutation,20260618T065745_555543,of:0000000000000002:2 -> of:0000000000000008:2,0.002,0.0025,0.002,0.002,1.66,2026-06-18T06:57:45,0.002,1.73
route_mutation,20260618T065745_555543,of:0000000000000008:1 -> of:000000000000000b:6,0.002,0.0025,0.002,0.002,1.53,2026-06-18T06:57:45,0.002,1.53
route_mutation,20260618T065745_555543,of:0000000000000009:1 -> of:000000000000000c:6,0.002,0.0025,0.002,0.002,1.53,2026-06-18T06:57:45,0.002,1.53
route_mutation,20260618T065745_555543,of:0000000000000001:2 -> of:000000000000000c:1,0.003,0.00375,0.003,0.003,2.83,2026-06-18T06:57:45,0.003,2.86
route_mutation,20260618T065745_555543,of:0000000000000003:2 -> of:0000000000000008:3,0.002,0.0025,0.002,0.002,1.66,2026-06-18T06:57:45,0.002,1.73
ip_shuffle,20260618T065815_788317,of:0000000000000005:1 -> of:000000000000000c:5,0.002,0.0025,0.002,0.002,2.43,2026-06-18T06:58:15,0.002,2.56
ip_shuffle,20260618T065815_788317,of:000000000000000a:1 -> of:000000000000000d:6,0.002,0.0025,0.002,0.002,2.0,2026-06-18T06:58:15,0.002,2.03
ip_shuffle,20260618T065815_788317,of:000000000000000b:2 -> of:000000000000000c:2,0.002,0.0025,0.002,0.002,2.7,2026-06-18T06:58:15,0.002,2.7
ip_shuffle,20260618T065815_788317,of:0000000000000004:2 -> of:0000000000000009:2,0.002,0.0025,0.002,0.002,2.56,2026-06-18T06:58:15,0.002,2.63
ip_shuffle,20260618T065815_788317,of:0000000000000005:2 -> of:0000000000000009:3,0.002,0.0025,0.002,0.002,2.56,2026-06-18T06:58:15,0.002,2.63
ip_shuffle,20260618T065815_788317,of:000000000000000b:3 -> of:000000000000000d:2,0.002,0.0025,0.002,0.002,2.7,2026-06-18T06:58:15,0.002,2.7
ip_shuffle,20260618T065815_788317,of:0000000000000004:1 -> of:000000000000000c:4,0.002,0.0025,0.002,0.002,1.9,2026-06-18T06:58:15,0.002,2.03
ip_shuffle,20260618T065815_788317,of:000000000000000c:3 -> of:000000000000000d:3,0.002,0.0025,0.002,0.002,2.73,2026-06-18T06:58:15,0.002,2.73
ip_shuffle,20260618T065815_788317,of:0000000000000001:1 -> of:000000000000000b:1,0.002,0.0025,0.002,0.002,1.93,2026-06-18T06:58:15,0.002,1.96
ip_shuffle,20260618T065815_788317,of:0000000000000006:1 -> of:000000000000000d:4,0.003,0.00375,0.003,0.002,2.96,2026-06-18T06:58:15,0.003,3.06
ip_shuffle,20260618T065815_788317,of:0000000000000002:1 -> of:000000000000000b:4,0.002,0.0025,0.002,0.002,2.1,2026-06-18T06:58:15,0.002,2.06
ip_shuffle,20260618T065815_788317,of:0000000000000001:3 -> of:000000000000000d:1,0.003,0.00375,0.003,0.003,4.1,2026-06-18T06:58:15,0.003,3.96
ip_shuffle,20260618T065815_788317,of:0000000000000006:2 -> of:000000000000000a:2,0.002,0.0025,0.002,0.002,2.6,2026-06-18T06:58:15,0.002,2.66
ip_shuffle,20260618T065815_788317,of:0000000000000003:1 -> of:000000000000000b:5,0.002,0.0025,0.002,0.002,1.9,2026-06-18T06:58:15,0.002,2.0
ip_shuffle,20260618T065815_788317,of:0000000000000007:1 -> of:000000000000000d:5,0.002,0.0025,0.002,0.002,2.83,2026-06-18T06:58:15,0.002,2.86
ip_shuffle,20260618T065815_788317,of:0000000000000007:2 -> of:000000000000000a:3,0.002,0.0025,0.002,0.002,2.6,2026-06-18T06:58:15,0.002,2.66
ip_shuffle,20260618T065815_788317,of:0000000000000002:2 -> of:0000000000000008:2,0.002,0.0025,0.002,0.002,2.76,2026-06-18T06:58:15,0.002,2.76
ip_shuffle,20260618T065815_788317,of:0000000000000008:1 -> of:000000000000000b:6,0.002,0.0025,0.002,0.002,2.0,2026-06-18T06:58:15,0.002,2.0
ip_shuffle,20260618T065815_788317,of:0000000000000009:1 -> of:000000000000000c:6,0.002,0.0025,0.002,0.002,2.0,2026-06-18T06:58:15,0.002,2.03
ip_shuffle,20260618T065815_788317,of:0000000000000001:2 -> of:000000000000000c:1,0.002,0.0025,0.002,0.002,2.26,2026-06-18T06:58:15,0.002,2.23
ip_shuffle,20260618T065815_788317,of:0000000000000003:2 -> of:0000000000000008:3,0.002,0.0025,0.002,0.002,2.56,2026-06-18T06:58:15,0.002,2.63
route_mutation,20260618T065919_864115,of:0000000000000005:1 -> of:000000000000000c:5,0.002,0.0025,0.002,0.002,1.66,2026-06-18T06:59:19,0.002,1.66
route_mutation,20260618T065919_864115,of:000000000000000a:1 -> of:000000000000000d:6,0.002,0.0025,0.002,0.002,1.53,2026-06-18T06:59:19,0.002,1.53
route_mutation,20260618T065919_864115,of:000000000000000b:2 -> of:000000000000000c:2,0.002,0.0025,0.002,0.002,1.73,2026-06-18T06:59:19,0.002,1.73
route_mutation,20260618T065919_864115,of:0000000000000004:2 -> of:0000000000000009:2,0.002,0.0025,0.002,0.002,1.66,2026-06-18T06:59:19,0.002,1.73
route_mutation,20260618T065919_864115,of:0000000000000005:2 -> of:0000000000000009:3,0.002,0.0025,0.002,0.002,1.66,2026-06-18T06:59:19,0.002,1.73
route_mutation,20260618T065919_864115,of:000000000000000b:3 -> of:000000000000000d:2,0.002,0.0025,0.002,0.002,1.73,2026-06-18T06:59:19,0.002,1.73
route_mutation,20260618T065919_864115,of:0000000000000004:1 -> of:000000000000000c:4,0.002,0.0025,0.002,0.002,2.3,2026-06-18T06:59:19,0.002,2.3
route_mutation,20260618T065919_864115,of:000000000000000c:3 -> of:000000000000000d:3,0.002,0.0025,0.002,0.002,1.73,2026-06-18T06:59:19,0.002,1.73
route_mutation,20260618T065919_864115,of:0000000000000001:1 -> of:000000000000000b:1,0.003,0.00375,0.003,0.003,3.5,2026-06-18T06:59:19,0.003,3.5
route_mutation,20260618T065919_864115,of:0000000000000006:1 -> of:000000000000000d:4,0.002,0.0025,0.002,0.002,1.8,2026-06-18T06:59:19,0.002,1.86
route_mutation,20260618T065919_864115,of:0000000000000002:1 -> of:000000000000000b:4,0.002,0.0025,0.002,0.002,2.43,2026-06-18T06:59:19,0.002,2.43
route_mutation,20260618T065919_864115,of:0000000000000001:3 -> of:000000000000000d:1,0.002,0.0025,0.002,0.002,1.66,2026-06-18T06:59:19,0.002,1.66
route_mutation,20260618T065919_864115,of:0000000000000006:2 -> of:000000000000000a:2,0.002,0.0025,0.002,0.002,1.66,2026-06-18T06:59:19,0.002,1.73
route_mutation,20260618T065919_864115,of:0000000000000003:1 -> of:000000000000000b:5,0.002,0.0025,0.002,0.002,2.5,2026-06-18T06:59:19,0.002,2.56
route_mutation,20260618T065919_864115,of:0000000000000007:1 -> of:000000000000000d:5,0.002,0.0025,0.002,0.001,1.46,2026-06-18T06:59:19,0.002,1.53
route_mutation,20260618T065919_864115,of:0000000000000007:2 -> of:000000000000000a:3,0.002,0.0025,0.002,0.002,1.66,2026-06-18T06:59:19,0.002,1.73
route_mutation,20260618T065919_864115,of:0000000000000002:2 -> of:0000000000000008:2,0.002,0.0025,0.002,0.002,1.73,2026-06-18T06:59:19,0.002,1.73
route_mutation,20260618T065919_864115,of:0000000000000008:1 -> of:000000000000000b:6,0.002,0.0025,0.002,0.002,1.53,2026-06-18T06:59:19,0.002,1.53
route_mutation,20260618T065919_864115,of:0000000000000009:1 -> of:000000000000000c:6,0.002,0.0025,0.002,0.002,1.53,2026-06-18T06:59:19,0.002,1.53
route_mutation,20260618T065919_864115,of:0000000000000001:2 -> of:000000000000000c:1,0.002,0.0025,0.002,0.002,2.66,2026-06-18T06:59:19,0.002,2.66
route_mutation,20260618T065919_864115,of:0000000000000003:2 -> of:0000000000000008:3,0.002,0.0025,0.002,0.002,1.66,2026-06-18T06:59:19,0.002,1.73
ip_shuffle,20260618T065950_045206,of:0000000000000005:1 -> of:000000000000000c:5,0.002,0.0025,0.002,0.002,2.46,2026-06-18T06:59:50,0.002,2.63
ip_shuffle,20260618T065950_045206,of:000000000000000a:1 -> of:000000000000000d:6,0.002,0.0025,0.002,0.002,1.96,2026-06-18T06:59:50,0.002,1.96
ip_shuffle,20260618T065950_045206,of:000000000000000b:2 -> of:000000000000000c:2,0.002,0.0025,0.002,0.002,2.59,2026-06-18T06:59:50,0.002,2.59
ip_shuffle,20260618T065950_045206,of:0000000000000004:2 -> of:0000000000000009:2,0.002,0.0025,0.002,0.002,2.49,2026-06-18T06:59:50,0.002,2.56
ip_shuffle,20260618T065950_045206,of:0000000000000005:2 -> of:0000000000000009:3,0.002,0.0025,0.002,0.002,2.49,2026-06-18T06:59:50,0.002,2.56
ip_shuffle,20260618T065950_045206,of:000000000000000b:3 -> of:000000000000000d:2,0.002,0.0025,0.002,0.002,2.59,2026-06-18T06:59:50,0.002,2.59
ip_shuffle,20260618T065950_045206,of:0000000000000004:1 -> of:000000000000000c:4,0.002,0.0025,0.002,0.002,1.83,2026-06-18T06:59:50,0.002,1.99
ip_shuffle,20260618T065950_045206,of:000000000000000c:3 -> of:000000000000000d:3,0.002,0.0025,0.002,0.002,2.59,2026-06-18T06:59:50,0.002,2.59
ip_shuffle,20260618T065950_045206,of:0000000000000001:1 -> of:000000000000000b:1,0.002,0.0025,0.002,0.002,1.9,2026-06-18T06:59:50,0.002,1.96
ip_shuffle,20260618T065950_045206,of:0000000000000006:1 -> of:000000000000000d:4,0.003,0.00375,0.003,0.002,2.89,2026-06-18T06:59:50,0.003,2.99
ip_shuffle,20260618T065950_045206,of:0000000000000002:1 -> of:000000000000000b:4,0.002,0.0025,0.002,0.002,1.96,2026-06-18T06:59:50,0.002,1.9
ip_shuffle,20260618T065950_045206,of:0000000000000001:3 -> of:000000000000000d:1,0.003,0.00375,0.003,0.003,4.06,2026-06-18T06:59:50,0.003,3.82
ip_shuffle,20260618T065950_045206,of:0000000000000006:2 -> of:000000000000000a:2,0.002,0.0025,0.002,0.002,2.49,2026-06-18T06:59:50,0.002,2.56
ip_shuffle,20260618T065950_045206,of:0000000000000003:1 -> of:000000000000000b:5,0.002,0.0025,0.002,0.002,1.86,2026-06-18T06:59:50,0.002,1.96
ip_shuffle,20260618T065950_045206,of:0000000000000007:1 -> of:000000000000000d:5,0.002,0.0025,0.002,0.002,2.69,2026-06-18T06:59:50,0.002,2.76
ip_shuffle,20260618T065950_045206,of:0000000000000007:2 -> of:000000000000000a:3,0.002,0.0025,0.002,0.002,2.53,2026-06-18T06:59:50,0.002,2.59
ip_shuffle,20260618T065950_045206,of:0000000000000002:2 -> of:0000000000000008:2,0.002,0.0025,0.002,0.002,2.59,2026-06-18T06:59:50,0.002,2.59
ip_shuffle,20260618T065950_045206,of:0000000000000008:1 -> of:000000000000000b:6,0.002,0.0025,0.002,0.002,1.96,2026-06-18T06:59:50,0.002,1.96
ip_shuffle,20260618T065950_045206,of:0000000000000009:1 -> of:000000000000000c:6,0.002,0.0025,0.002,0.002,1.96,2026-06-18T06:59:50,0.002,1.96
ip_shuffle,20260618T065950_045206,of:0000000000000001:2 -> of:000000000000000c:1,0.002,0.0025,0.002,0.002,2.36,2026-06-18T06:59:50,0.002,2.43
ip_shuffle,20260618T065950_045206,of:0000000000000003:2 -> of:0000000000000008:3,0.002,0.0025,0.002,0.002,2.49,2026-06-18T06:59:50,0.002,2.56
ip_shuffle,20260618T070048_709997,of:0000000000000005:1 -> of:000000000000000c:5,0.002,0.0025,0.002,0.002,1.5,2026-06-18T07:00:48,0.002,1.56
ip_shuffle,20260618T070048_709997,of:000000000000000a:1 -> of:000000000000000d:6,0.002,0.0025,0.002,0.002,1.53,2026-06-18T07:00:48,0.002,1.53
ip_shuffle,20260618T070048_709997,of:000000000000000b:2 -> of:000000000000000c:2,0.002,0.0025,0.002,0.002,1.73,2026-06-18T07:00:48,0.002,1.73
ip_shuffle,20260618T070048_709997,of:0000000000000004:2 -> of:0000000000000009:2,0.002,0.0025,0.002,0.002,1.66,2026-06-18T07:00:48,0.002,1.73
ip_shuffle,20260618T070048_709997,of:0000000000000005:2 -> of:0000000000000009:3,0.002,0.0025,0.002,0.002,1.66,2026-06-18T07:00:48,0.002,1.73
ip_shuffle,20260618T070048_709997,of:000000000000000b:3 -> of:000000000000000d:2,0.002,0.0025,0.002,0.002,1.73,2026-06-18T07:00:48,0.002,1.73
ip_shuffle,20260618T070048_709997,of:0000000000000004:1 -> of:000000000000000c:4,0.002,0.0025,0.002,0.002,2.16,2026-06-18T07:00:48,0.002,2.23
ip_shuffle,20260618T070048_709997,of:000000000000000c:3 -> of:000000000000000d:3,0.002,0.0025,0.002,0.002,1.73,2026-06-18T07:00:48,0.002,1.73
ip_shuffle,20260618T070048_709997,of:0000000000000001:1 -> of:000000000000000b:1,0.003,0.00375,0.003,0.003,3.63,2026-06-18T07:00:48,0.003,3.59
ip_shuffle,20260618T070048_709997,of:0000000000000006:1 -> of:000000000000000d:4,0.002,0.0025,0.002,0.002,1.5,2026-06-18T07:00:48,0.002,1.6
ip_shuffle,20260618T070048_709997,of:0000000000000002:1 -> of:000000000000000b:4,0.002,0.0025,0.002,0.002,2.56,2026-06-18T07:00:48,0.002,2.56
ip_shuffle,20260618T070048_709997,of:0000000000000001:3 -> of:000000000000000d:1,0.002,0.0025,0.002,0.002,1.53,2026-06-18T07:00:48,0.002,1.56
ip_shuffle,20260618T070048_709997,of:0000000000000006:2 -> of:000000000000000a:2,0.002,0.0025,0.002,0.002,1.66,2026-06-18T07:00:48,0.002,1.73
ip_shuffle,20260618T070048_709997,of:0000000000000003:1 -> of:000000000000000b:5,0.003,0.00375,0.003,0.003,2.73,2026-06-18T07:00:48,0.003,2.73
ip_shuffle,20260618T070048_709997,of:0000000000000007:1 -> of:000000000000000d:5,0.002,0.0025,0.002,0.001,1.46,2026-06-18T07:00:48,0.002,1.53
ip_shuffle,20260618T070048_709997,of:0000000000000007:2 -> of:000000000000000a:3,0.002,0.0025,0.002,0.002,1.66,2026-06-18T07:00:48,0.002,1.73
ip_shuffle,20260618T070048_709997,of:0000000000000002:2 -> of:0000000000000008:2,0.002,0.0025,0.002,0.002,1.73,2026-06-18T07:00:48,0.002,1.73
ip_shuffle,20260618T070048_709997,of:0000000000000008:1 -> of:000000000000000b:6,0.002,0.0025,0.002,0.002,1.53,2026-06-18T07:00:48,0.002,1.53
ip_shuffle,20260618T070048_709997,of:0000000000000009:1 -> of:000000000000000c:6,0.002,0.0025,0.002,0.002,1.53,2026-06-18T07:00:48,0.002,1.53
ip_shuffle,20260618T070048_709997,of:0000000000000001:2 -> of:000000000000000c:1,0.002,0.0025,0.002,0.002,2.53,2026-06-18T07:00:48,0.002,2.53
ip_shuffle,20260618T070048_709997,of:0000000000000003:2 -> of:0000000000000008:3,0.002,0.0025,0.002,0.002,1.73,2026-06-18T07:00:48,0.002,1.86
route_mutation,20260618T070159_161783,of:0000000000000005:1 -> of:000000000000000c:5,0.002,0.0025,0.002,0.002,1.56,2026-06-18T07:01:59,0.001,1.36
route_mutation,20260618T070159_161783,of:000000000000000a:1 -> of:000000000000000d:6,0.001,0.00125,0.001,0.001,1.43,2026-06-18T07:01:59,0.001,1.4
route_mutation,20260618T070159_161783,of:000000000000000b:2 -> of:000000000000000c:2,0.001,0.00125,0.001,0.001,1.53,2026-06-18T07:01:59,0.001,1.53
route_mutation,20260618T070159_161783,of:0000000000000004:2 -> of:0000000000000009:2,0.002,0.0025,0.002,0.002,1.73,2026-06-18T07:01:59,0.001,1.6
route_mutation,20260618T070159_161783,of:0000000000000005:2 -> of:0000000000000009:3,0.002,0.0025,0.002,0.002,1.73,2026-06-18T07:01:59,0.001,1.6
route_mutation,20260618T070159_161783,of:000000000000000b:3 -> of:000000000000000d:2,0.002,0.0025,0.002,0.002,1.56,2026-06-18T07:01:59,0.002,1.56
route_mutation,20260618T070159_161783,of:0000000000000004:1 -> of:000000000000000c:4,0.002,0.0025,0.002,0.002,1.56,2026-06-18T07:01:59,0.001,1.36
route_mutation,20260618T070159_161783,of:000000000000000c:3 -> of:000000000000000d:3,0.002,0.0025,0.002,0.002,1.56,2026-06-18T07:01:59,0.002,1.56
route_mutation,20260618T070159_161783,of:0000000000000001:1 -> of:000000000000000b:1,0.001,0.00125,0.001,0.001,1.43,2026-06-18T07:01:59,0.001,1.33
route_mutation,20260618T070159_161783,of:0000000000000006:1 -> of:000000000000000d:4,0.002,0.0025,0.002,0.002,2.1,2026-06-18T07:01:59,0.002,2.0
route_mutation,20260618T070159_161783,of:0000000000000002:1 -> of:000000000000000b:4,0.001,0.00125,0.001,0.001,1.33,2026-06-18T07:01:59,0.001,1.43
route_mutation,20260618T070159_161783,of:0000000000000001:3 -> of:000000000000000d:1,0.002,0.0025,0.002,0.002,2.6,2026-06-18T07:01:59,0.002,2.8
route_mutation,20260618T070159_161783,of:0000000000000006:2 -> of:000000000000000a:2,0.002,0.0025,0.002,0.002,1.7,2026-06-18T07:01:59,0.001,1.56
route_mutation,20260618T070159_161783,of:0000000000000003:1 -> of:000000000000000b:5,0.002,0.0025,0.002,0.002,1.4,2026-06-18T07:01:59,0.001,1.43
route_mutation,20260618T070159_161783,of:0000000000000007:1 -> of:000000000000000d:5,0.002,0.0025,0.002,0.002,2.5,2026-06-18T07:01:59,0.002,2.56
route_mutation,20260618T070159_161783,of:0000000000000007:2 -> of:000000000000000a:3,0.002,0.0025,0.002,0.002,1.63,2026-06-18T07:01:59,0.002,1.63
route_mutation,20260618T070159_161783,of:0000000000000002:2 -> of:0000000000000008:2,0.001,0.00125,0.001,0.001,1.53,2026-06-18T07:01:59,0.001,1.53
route_mutation,20260618T070159_161783,of:0000000000000008:1 -> of:000000000000000b:6,0.001,0.00125,0.001,0.001,1.4,2026-06-18T07:01:59,0.001,1.36
route_mutation,20260618T070159_161783,of:0000000000000009:1 -> of:000000000000000c:6,0.001,0.00125,0.001,0.001,1.36,2026-06-18T07:01:59,0.001,1.36
route_mutation,20260618T070159_161783,of:0000000000000001:2 -> of:000000000000000c:1,0.001,0.00125,0.001,0.001,1.43,2026-06-18T07:01:59,0.001,1.33
route_mutation,20260618T070159_161783,of:0000000000000003:2 -> of:0000000000000008:3,0.002,0.0025,0.002,0.002,1.6,2026-06-18T07:01:59,0.001,1.53
route_mutation,20260618T070229_406530,of:0000000000000005:1 -> of:000000000000000c:5,0.002,0.0025,0.002,0.002,1.53,2026-06-18T07:02:29,0.002,1.53
route_mutation,20260618T070229_406530,of:000000000000000a:1 -> of:000000000000000d:6,0.001,0.00125,0.001,0.001,1.47,2026-06-18T07:02:29,0.001,1.47
route_mutation,20260618T070229_406530,of:000000000000000b:2 -> of:000000000000000c:2,0.002,0.0025,0.002,0.002,1.73,2026-06-18T07:02:29,0.002,1.73
route_mutation,20260618T070229_406530,of:0000000000000004:2 -> of:0000000000000009:2,0.002,0.0025,0.002,0.002,1.66,2026-06-18T07:02:29,0.002,1.73
route_mutation,20260618T070229_406530,of:0000000000000005:2 -> of:0000000000000009:3,0.002,0.0025,0.002,0.002,1.66,2026-06-18T07:02:29,0.002,1.73
route_mutation,20260618T070229_406530,of:000000000000000b:3 -> of:000000000000000d:2,0.002,0.0025,0.002,0.002,1.66,2026-06-18T07:02:29,0.002,1.66
route_mutation,20260618T070229_406530,of:0000000000000004:1 -> of:000000000000000c:4,0.002,0.0025,0.002,0.002,2.16,2026-06-18T07:02:29,0.002,2.16
route_mutation,20260618T070229_406530,of:000000000000000c:3 -> of:000000000000000d:3,0.002,0.0025,0.002,0.002,1.66,2026-06-18T07:02:29,0.002,1.66
route_mutation,20260618T070229_406530,of:0000000000000001:1 -> of:000000000000000b:1,0.003,0.00375,0.003,0.003,3.6,2026-06-18T07:02:29,0.003,3.6
route_mutation,20260618T070229_406530,of:0000000000000006:1 -> of:000000000000000d:4,0.001,0.00125,0.001,0.001,1.47,2026-06-18T07:02:29,0.001,1.47
route_mutation,20260618T070229_406530,of:0000000000000002:1 -> of:000000000000000b:4,0.002,0.0025,0.002,0.002,2.56,2026-06-18T07:02:29,0.002,2.56
route_mutation,20260618T070229_406530,of:0000000000000001:3 -> of:000000000000000d:1,0.002,0.0025,0.002,0.002,1.53,2026-06-18T07:02:29,0.001,1.47
route_mutation,20260618T070229_406530,of:0000000000000006:2 -> of:000000000000000a:2,0.002,0.0025,0.002,0.002,1.66,2026-06-18T07:02:29,0.002,1.73
route_mutation,20260618T070229_406530,of:0000000000000003:1 -> of:000000000000000b:5,0.002,0.0025,0.002,0.002,2.5,2026-06-18T07:02:29,0.002,2.56
route_mutation,20260618T070229_406530,of:0000000000000007:1 -> of:000000000000000d:5,0.001,0.00125,0.001,0.001,1.47,2026-06-18T07:02:29,0.001,1.4
route_mutation,20260618T070229_406530,of:0000000000000007:2 -> of:000000000000000a:3,0.002,0.0025,0.002,0.002,1.66,2026-06-18T07:02:29,0.002,1.66
route_mutation,20260618T070229_406530,of:0000000000000002:2 -> of:0000000000000008:2,0.002,0.0025,0.002,0.002,1.73,2026-06-18T07:02:29,0.002,1.73
route_mutation,20260618T070229_406530,of:0000000000000008:1 -> of:000000000000000b:6,0.002,0.0025,0.002,0.002,1.53,2026-06-18T07:02:29,0.002,1.53
route_mutation,20260618T070229_406530,of:0000000000000009:1 -> of:000000000000000c:6,0.002,0.0025,0.002,0.002,1.53,2026-06-18T07:02:29,0.002,1.53
route_mutation,20260618T070229_406530,of:0000000000000001:2 -> of:000000000000000c:1,0.002,0.0025,0.002,0.002,2.4,2026-06-18T07:02:29,0.002,2.43
route_mutation,20260618T070229_406530,of:0000000000000003:2 -> of:0000000000000008:3,0.002,0.0025,0.002,0.001,1.6,2026-06-18T07:02:29,0.002,1.73
route_mutation,20260618T070259_596811,of:0000000000000005:1 -> of:000000000000000c:5,0.002,0.0025,0.002,0.002,1.5,2026-06-18T07:02:59,0.001,1.33
route_mutation,20260618T070259_596811,of:000000000000000a:1 -> of:000000000000000d:6,0.001,0.00125,0.001,0.001,1.4,2026-06-18T07:02:59,0.001,1.36
route_mutation,20260618T070259_596811,of:000000000000000b:2 -> of:000000000000000c:2,0.001,0.00125,0.001,0.001,1.46,2026-06-18T07:02:59,0.001,1.46
route_mutation,20260618T070259_596811,of:0000000000000004:2 -> of:0000000000000009:2,0.002,0.0025,0.002,0.002,1.63,2026-06-18T07:02:59,0.001,1.5
route_mutation,20260618T070259_596811,of:0000000000000005:2 -> of:0000000000000009:3,0.002,0.0025,0.002,0.002,1.63,2026-06-18T07:02:59,0.001,1.5
route_mutation,20260618T070259_596811,of:000000000000000b:3 -> of:000000000000000d:2,0.001,0.00125,0.001,0.001,1.5,2026-06-18T07:02:59,0.001,1.5
route_mutation,20260618T070259_596811,of:0000000000000004:1 -> of:000000000000000c:4,0.002,0.0025,0.002,0.002,1.5,2026-06-18T07:02:59,0.001,1.33
route_mutation,20260618T070259_596811,of:000000000000000c:3 -> of:000000000000000d:3,0.001,0.00125,0.001,0.001,1.5,2026-06-18T07:02:59,0.001,1.5
route_mutation,20260618T070259_596811,of:0000000000000001:1 -> of:000000000000000b:1,0.001,0.00125,0.001,0.001,1.4,2026-06-18T07:02:59,0.001,1.3
route_mutation,20260618T070259_596811,of:0000000000000006:1 -> of:000000000000000d:4,0.002,0.0025,0.002,0.002,1.5,2026-06-18T07:02:59,0.001,1.36
route_mutation,20260618T070259_596811,of:0000000000000002:1 -> of:000000000000000b:4,0.001,0.00125,0.001,0.001,1.3,2026-06-18T07:02:59,0.001,1.33
route_mutation,20260618T070259_596811,of:0000000000000001:3 -> of:000000000000000d:1,0.002,0.0025,0.002,0.002,1.63,2026-06-18T07:02:59,0.002,1.86
route_mutation,20260618T070259_596811,of:0000000000000006:2 -> of:000000000000000a:2,0.002,0.0025,0.002,0.002,1.63,2026-06-18T07:02:59,0.001,1.5
route_mutation,20260618T070259_596811,of:0000000000000003:1 -> of:000000000000000b:5,0.001,0.00125,0.001,0.001,1.33,2026-06-18T07:02:59,0.001,1.4
route_mutation,20260618T070259_596811,of:0000000000000007:1 -> of:000000000000000d:5,0.002,0.0025,0.002,0.002,1.9,2026-06-18T07:02:59,0.002,2.0
route_mutation,20260618T070259_596811,of:0000000000000007:2 -> of:000000000000000a:3,0.002,0.0025,0.002,0.002,1.53,2026-06-18T07:02:59,0.002,1.53
route_mutation,20260618T070259_596811,of:0000000000000002:2 -> of:0000000000000008:2,0.001,0.00125,0.001,0.001,1.43,2026-06-18T07:02:59,0.001,1.36
route_mutation,20260618T070259_596811,of:0000000000000008:1 -> of:000000000000000b:6,0.001,0.00125,0.001,0.001,1.33,2026-06-18T07:02:59,0.001,1.33
route_mutation,20260618T070259_596811,of:0000000000000009:1 -> of:000000000000000c:6,0.001,0.00125,0.001,0.001,1.33,2026-06-18T07:02:59,0.001,1.33
route_mutation,20260618T070259_596811,of:0000000000000001:2 -> of:000000000000000c:1,0.001,0.00125,0.001,0.001,1.33,2026-06-18T07:02:59,0.001,1.3
route_mutation,20260618T070259_596811,of:0000000000000003:2 -> of:0000000000000008:3,0.002,0.0025,0.002,0.002,1.5,2026-06-18T07:02:59,0.001,1.43
route_mutation,20260618T070329_852870,of:0000000000000005:1 -> of:000000000000000c:5,0.002,0.0025,0.002,0.002,1.53,2026-06-18T07:03:29,0.002,1.53
route_mutation,20260618T070329_852870,of:000000000000000a:1 -> of:000000000000000d:6,0.001,0.00125,0.001,0.001,1.47,2026-06-18T07:03:29,0.001,1.47
route_mutation,20260618T070329_852870,of:000000000000000b:2 -> of:000000000000000c:2,0.002,0.0025,0.002,0.002,1.73,2026-06-18T07:03:29,0.002,1.73
route_mutation,20260618T070329_852870,of:0000000000000004:2 -> of:0000000000000009:2,0.002,0.0025,0.002,0.002,1.73,2026-06-18T07:03:29,0.002,1.86
route_mutation,20260618T070329_852870,of:0000000000000005:2 -> of:0000000000000009:3,0.002,0.0025,0.002,0.002,1.66,2026-06-18T07:03:29,0.002,1.73
route_mutation,20260618T070329_852870,of:000000000000000b:3 -> of:000000000000000d:2,0.002,0.0025,0.002,0.002,1.66,2026-06-18T07:03:29,0.002,1.66
route_mutation,20260618T070329_852870,of:0000000000000004:1 -> of:000000000000000c:4,0.002,0.0025,0.002,0.002,2.3,2026-06-18T07:03:29,0.002,2.36
route_mutation,20260618T070329_852870,of:000000000000000c:3 -> of:000000000000000d:3,0.002,0.0025,0.002,0.002,1.66,2026-06-18T07:03:29,0.002,1.66
route_mutation,20260618T070329_852870,of:0000000000000001:1 -> of:000000000000000b:1,0.003,0.00375,0.003,0.003,3.6,2026-06-18T07:03:29,0.003,3.6
route_mutation,20260618T070329_852870,of:0000000000000006:1 -> of:000000000000000d:4,0.002,0.0025,0.002,0.002,1.53,2026-06-18T07:03:29,0.001,1.47
route_mutation,20260618T070329_852870,of:0000000000000002:1 -> of:000000000000000b:4,0.002,0.0025,0.002,0.002,2.56,2026-06-18T07:03:29,0.002,2.56
route_mutation,20260618T070329_852870,of:0000000000000001:3 -> of:000000000000000d:1,0.002,0.0025,0.002,0.002,1.53,2026-06-18T07:03:29,0.001,1.47
route_mutation,20260618T070329_852870,of:0000000000000006:2 -> of:000000000000000a:2,0.002,0.0025,0.002,0.002,1.66,2026-06-18T07:03:29,0.002,1.73
route_mutation,20260618T070329_852870,of:0000000000000003:1 -> of:000000000000000b:5,0.002,0.0025,0.002,0.002,2.5,2026-06-18T07:03:29,0.002,2.56
route_mutation,20260618T070329_852870,of:0000000000000007:1 -> of:000000000000000d:5,0.002,0.0025,0.002,0.002,1.53,2026-06-18T07:03:29,0.001,1.4
route_mutation,20260618T070329_852870,of:0000000000000007:2 -> of:000000000000000a:3,0.002,0.0025,0.002,0.002,1.66,2026-06-18T07:03:29,0.002,1.66
route_mutation,20260618T070329_852870,of:0000000000000002:2 -> of:0000000000000008:2,0.002,0.0025,0.002,0.002,1.73,2026-06-18T07:03:29,0.002,1.73
route_mutation,20260618T070329_852870,of:0000000000000008:1 -> of:000000000000000b:6,0.002,0.0025,0.002,0.002,1.53,2026-06-18T07:03:29,0.002,1.53
route_mutation,20260618T070329_852870,of:0000000000000009:1 -> of:000000000000000c:6,0.002,0.0025,0.002,0.002,1.53,2026-06-18T07:03:29,0.002,1.53
route_mutation,20260618T070329_852870,of:0000000000000001:2 -> of:000000000000000c:1,0.002,0.0025,0.002,0.002,2.26,2026-06-18T07:03:29,0.002,2.3
route_mutation,20260618T070329_852870,of:0000000000000003:2 -> of:0000000000000008:3,0.002,0.0025,0.002,0.001,1.6,2026-06-18T07:03:29,0.002,1.73
route_mutation,20260618T070400_106671,of:0000000000000005:1 -> of:000000000000000c:5,0.002,0.0025,0.002,0.002,2.5,2026-06-18T07:04:00,0.002,2.66
route_mutation,20260618T070400_106671,of:000000000000000a:1 -> of:000000000000000d:6,0.002,0.0025,0.002,0.002,1.86,2026-06-18T07:04:00,0.002,1.9
route_mutation,20260618T070400_106671,of:000000000000000b:2 -> of:000000000000000c:2,0.002,0.0025,0.002,0.002,2.4,2026-06-18T07:04:00,0.002,2.4
route_mutation,20260618T070400_106671,of:0000000000000004:2 -> of:0000000000000009:2,0.002,0.0025,0.002,0.002,2.53,2026-06-18T07:04:00,0.002,2.46
route_mutation,20260618T070400_106671,of:0000000000000005:2 -> of:0000000000000009:3,0.002,0.0025,0.002,0.002,2.3,2026-06-18T07:04:00,0.002,2.36
route_mutation,20260618T070400_106671,of:000000000000000b:3 -> of:000000000000000d:2,0.002,0.0025,0.002,0.002,2.43,2026-06-18T07:04:00,0.002,2.43
route_mutation,20260618T070400_106671,of:0000000000000004:1 -> of:000000000000000c:4,0.002,0.0025,0.002,0.002,2.03,2026-06-18T07:04:00,0.002,1.9
route_mutation,20260618T070400_106671,of:000000000000000c:3 -> of:000000000000000d:3,0.002,0.0025,0.002,0.002,2.43,2026-06-18T07:04:00,0.002,2.43
route_mutation,20260618T070400_106671,of:0000000000000001:1 -> of:000000000000000b:1,0.002,0.0025,0.002,0.002,1.8,2026-06-18T07:04:00,0.002,1.96
route_mutation,20260618T070400_106671,of:0000000000000006:1 -> of:000000000000000d:4,0.003,0.00375,0.003,0.002,2.8,2026-06-18T07:04:00,0.003,3.0
route_mutation,20260618T070400_106671,of:0000000000000002:1 -> of:000000000000000b:4,0.002,0.0025,0.002,0.002,1.9,2026-06-18T07:04:00,0.002,1.86
route_mutation,20260618T070400_106671,of:0000000000000001:3 -> of:000000000000000d:1,0.003,0.00375,0.003,0.003,3.79,2026-06-18T07:04:00,0.003,3.7
route_mutation,20260618T070400_106671,of:0000000000000006:2 -> of:000000000000000a:2,0.002,0.0025,0.002,0.002,2.3,2026-06-18T07:04:00,0.002,2.36
route_mutation,20260618T070400_106671,of:0000000000000003:1 -> of:000000000000000b:5,0.002,0.0025,0.002,0.002,1.9,2026-06-18T07:04:00,0.002,1.8
route_mutation,20260618T070400_106671,of:0000000000000007:1 -> of:000000000000000d:5,0.002,0.0025,0.002,0.002,2.43,2026-06-18T07:04:00,0.002,2.46
route_mutation,20260618T070400_106671,of:0000000000000007:2 -> of:000000000000000a:3,0.002,0.0025,0.002,0.002,2.4,2026-06-18T07:04:00,0.002,2.4
route_mutation,20260618T070400_106671,of:0000000000000002:2 -> of:0000000000000008:2,0.002,0.0025,0.002,0.002,2.43,2026-06-18T07:04:00,0.002,2.5
route_mutation,20260618T070400_106671,of:0000000000000008:1 -> of:000000000000000b:6,0.002,0.0025,0.002,0.002,1.86,2026-06-18T07:04:00,0.002,1.86
route_mutation,20260618T070400_106671,of:0000000000000009:1 -> of:000000000000000c:6,0.002,0.0025,0.002,0.002,1.86,2026-06-18T07:04:00,0.002,1.86
route_mutation,20260618T070400_106671,of:0000000000000001:2 -> of:000000000000000c:1,0.002,0.0025,0.002,0.002,2.73,2026-06-18T07:04:00,0.002,2.8
route_mutation,20260618T070400_106671,of:0000000000000003:2 -> of:0000000000000008:3,0.002,0.0025,0.002,0.002,2.5,2026-06-18T07:04:00,0.002,2.43
route_mutation,20260618T070430_363726,of:0000000000000005:1 -> of:000000000000000c:5,0.002,0.0025,0.002,0.002,1.53,2026-06-18T07:04:30,0.001,1.43
route_mutation,20260618T070430_363726,of:000000000000000a:1 -> of:000000000000000d:6,0.001,0.00125,0.001,0.001,1.43,2026-06-18T07:04:30,0.001,1.4
route_mutation,20260618T070430_363726,of:000000000000000b:2 -> of:000000000000000c:2,0.001,0.00125,0.001,0.001,1.53,2026-06-18T07:04:30,0.001,1.53
route_mutation,20260618T070430_363726,of:0000000000000004:2 -> of:0000000000000009:2,0.002,0.0025,0.002,0.002,1.53,2026-06-18T07:04:30,0.001,1.46
route_mutation,20260618T070430_363726,of:0000000000000005:2 -> of:0000000000000009:3,0.002,0.0025,0.002,0.002,1.7,2026-06-18T07:04:30,0.002,1.63
route_mutation,20260618T070430_363726,of:000000000000000b:3 -> of:000000000000000d:2,0.002,0.0025,0.002,0.002,1.56,2026-06-18T07:04:30,0.002,1.56
route_mutation,20260618T070430_363726,of:0000000000000004:1 -> of:000000000000000c:4,0.001,0.00125,0.001,0.001,1.36,2026-06-18T07:04:30,0.001,1.43
route_mutation,20260618T070430_363726,of:000000000000000c:3 -> of:000000000000000d:3,0.002,0.0025,0.002,0.002,1.56,2026-06-18T07:04:30,0.002,1.56
route_mutation,20260618T070430_363726,of:0000000000000001:1 -> of:000000000000000b:1,0.001,0.00125,0.001,0.001,1.43,2026-06-18T07:04:30,0.001,1.27
route_mutation,20260618T070430_363726,of:0000000000000006:1 -> of:000000000000000d:4,0.002,0.0025,0.002,0.002,1.53,2026-06-18T07:04:30,0.001,1.4
route_mutation,20260618T070430_363726,of:0000000000000002:1 -> of:000000000000000b:4,0.001,0.00125,0.001,0.001,1.33,2026-06-18T07:04:30,0.001,1.36
route_mutation,20260618T070430_363726,of:0000000000000001:3 -> of:000000000000000d:1,0.002,0.0025,0.002,0.002,1.73,2026-06-18T07:04:30,0.002,1.9
route_mutation,20260618T070430_363726,of:0000000000000006:2 -> of:000000000000000a:2,0.002,0.0025,0.002,0.002,1.7,2026-06-18T07:04:30,0.001,1.56
route_mutation,20260618T070430_363726,of:0000000000000003:1 -> of:000000000000000b:5,0.002,0.0025,0.002,0.002,1.4,2026-06-18T07:04:30,0.001,1.43
route_mutation,20260618T070430_363726,of:0000000000000007:1 -> of:000000000000000d:5,0.002,0.0025,0.002,0.002,2.0,2026-06-18T07:04:30,0.002,2.1
route_mutation,20260618T070430_363726,of:0000000000000007:2 -> of:000000000000000a:3,0.002,0.0025,0.002,0.002,1.6,2026-06-18T07:04:30,0.002,1.6
route_mutation,20260618T070430_363726,of:0000000000000002:2 -> of:0000000000000008:2,0.001,0.00125,0.001,0.001,1.5,2026-06-18T07:04:30,0.001,1.43
route_mutation,20260618T070430_363726,of:0000000000000008:1 -> of:000000000000000b:6,0.001,0.00125,0.001,0.001,1.36,2026-06-18T07:04:30,0.001,1.36
route_mutation,20260618T070430_363726,of:0000000000000009:1 -> of:000000000000000c:6,0.001,0.00125,0.001,0.001,1.36,2026-06-18T07:04:30,0.001,1.36
route_mutation,20260618T070430_363726,of:0000000000000001:2 -> of:000000000000000c:1,0.001,0.00125,0.001,0.001,1.36,2026-06-18T07:04:30,0.001,1.27
route_mutation,20260618T070430_363726,of:0000000000000003:2 -> of:0000000000000008:3,0.002,0.0025,0.002,0.002,1.56,2026-06-18T07:04:30,0.001,1.5
route_mutation,20260618T070500_593380,of:0000000000000005:1 -> of:000000000000000c:5,0.002,0.0025,0.002,0.002,1.53,2026-06-18T07:05:00,0.001,1.47
route_mutation,20260618T070500_593380,of:000000000000000a:1 -> of:000000000000000d:6,0.001,0.00125,0.001,0.001,1.47,2026-06-18T07:05:00,0.001,1.47
route_mutation,20260618T070500_593380,of:000000000000000b:2 -> of:000000000000000c:2,0.002,0.0025,0.002,0.002,1.73,2026-06-18T07:05:00,0.002,1.73
route_mutation,20260618T070500_593380,of:0000000000000004:2 -> of:0000000000000009:2,0.002,0.0025,0.002,0.001,1.6,2026-06-18T07:05:00,0.002,1.73
route_mutation,20260618T070500_593380,of:0000000000000005:2 -> of:0000000000000009:3,0.002,0.0025,0.002,0.002,1.66,2026-06-18T07:05:00,0.002,1.66
route_mutation,20260618T070500_593380,of:000000000000000b:3 -> of:000000000000000d:2,0.002,0.0025,0.002,0.002,1.66,2026-06-18T07:05:00,0.002,1.66
route_mutation,20260618T070500_593380,of:0000000000000004:1 -> of:000000000000000c:4,0.002,0.0025,0.002,0.002,2.1,2026-06-18T07:05:00,0.002,2.16
route_mutation,20260618T070500_593380,of:000000000000000c:3 -> of:000000000000000d:3,0.002,0.0025,0.002,0.002,1.66,2026-06-18T07:05:00,0.002,1.66
route_mutation,20260618T070500_593380,of:0000000000000001:1 -> of:000000000000000b:1,0.003,0.00375,0.003,0.003,3.6,2026-06-18T07:05:00,0.003,3.6
route_mutation,20260618T070500_593380,of:0000000000000006:1 -> of:000000000000000d:4,0.002,0.0025,0.002,0.002,1.53,2026-06-18T07:05:00,0.001,1.47
route_mutation,20260618T070500_593380,of:0000000000000002:1 -> of:000000000000000b:4,0.002,0.0025,0.002,0.002,2.56,2026-06-18T07:05:00,0.002,2.56
route_mutation,20260618T070500_593380,of:0000000000000001:3 -> of:000000000000000d:1,0.002,0.0025,0.002,0.002,1.53,2026-06-18T07:05:00,0.001,1.47
route_mutation,20260618T070500_593380,of:0000000000000006:2 -> of:000000000000000a:2,0.002,0.0025,0.002,0.002,1.66,2026-06-18T07:05:00,0.002,1.73
route_mutation,20260618T070500_593380,of:0000000000000003:1 -> of:000000000000000b:5,0.002,0.0025,0.002,0.002,2.5,2026-06-18T07:05:00,0.002,2.56
route_mutation,20260618T070500_593380,of:0000000000000007:1 -> of:000000000000000d:5,0.002,0.0025,0.002,0.002,1.53,2026-06-18T07:05:00,0.001,1.4
route_mutation,20260618T070500_593380,of:0000000000000007:2 -> of:000000000000000a:3,0.002,0.0025,0.002,0.002,1.66,2026-06-18T07:05:00,0.002,1.66
route_mutation,20260618T070500_593380,of:0000000000000002:2 -> of:0000000000000008:2,0.002,0.0025,0.002,0.002,1.73,2026-06-18T07:05:00,0.002,1.73
route_mutation,20260618T070500_593380,of:0000000000000008:1 -> of:000000000000000b:6,0.002,0.0025,0.002,0.002,1.53,2026-06-18T07:05:00,0.002,1.53
route_mutation,20260618T070500_593380,of:0000000000000009:1 -> of:000000000000000c:6,0.002,0.0025,0.002,0.002,1.53,2026-06-18T07:05:00,0.002,1.53
route_mutation,20260618T070500_593380,of:0000000000000001:2 -> of:000000000000000c:1,0.002,0.0025,0.002,0.002,2.16,2026-06-18T07:05:00,0.002,2.16
route_mutation,20260618T070500_593380,of:0000000000000003:2 -> of:0000000000000008:3,0.002,0.0025,0.002,0.001,1.6,2026-06-18T07:05:00,0.002,1.73
ip_shuffle,20260618T070530_817488,of:0000000000000005:1 -> of:000000000000000c:5,0.002,0.0025,0.002,0.002,2.5,2026-06-18T07:05:30,0.002,2.63
ip_shuffle,20260618T070530_817488,of:000000000000000a:1 -> of:000000000000000d:6,0.002,0.0025,0.002,0.002,1.86,2026-06-18T07:05:30,0.002,1.9
ip_shuffle,20260618T070530_817488,of:000000000000000b:2 -> of:000000000000000c:2,0.002,0.0025,0.002,0.002,2.33,2026-06-18T07:05:30,0.002,2.33
ip_shuffle,20260618T070530_817488,of:0000000000000004:2 -> of:0000000000000009:2,0.002,0.0025,0.002,0.002,2.46,2026-06-18T07:05:30,0.002,2.4
ip_shuffle,20260618T070530_817488,of:0000000000000005:2 -> of:0000000000000009:3,0.002,0.0025,0.002,0.002,2.26,2026-06-18T07:05:30,0.002,2.33
ip_shuffle,20260618T070530_817488,of:000000000000000b:3 -> of:000000000000000d:2,0.002,0.0025,0.002,0.002,2.36,2026-06-18T07:05:30,0.002,2.36
ip_shuffle,20260618T070530_817488,of:0000000000000004:1 -> of:000000000000000c:4,0.002,0.0025,0.002,0.002,2.06,2026-06-18T07:05:30,0.002,1.93
ip_shuffle,20260618T070530_817488,of:000000000000000c:3 -> of:000000000000000d:3,0.002,0.0025,0.002,0.002,2.36,2026-06-18T07:05:30,0.002,2.36
ip_shuffle,20260618T070530_817488,of:0000000000000001:1 -> of:000000000000000b:1,0.002,0.0025,0.002,0.002,1.83,2026-06-18T07:05:30,0.002,1.93
ip_shuffle,20260618T070530_817488,of:0000000000000006:1 -> of:000000000000000d:4,0.003,0.00375,0.003,0.002,2.86,2026-06-18T07:05:30,0.003,2.96
ip_shuffle,20260618T070530_817488,of:0000000000000002:1 -> of:000000000000000b:4,0.002,0.0025,0.002,0.002,1.93,2026-06-18T07:05:30,0.002,1.83
ip_shuffle,20260618T070530_817488,of:0000000000000001:3 -> of:000000000000000d:1,0.003,0.00375,0.003,0.003,3.66,2026-06-18T07:05:30,0.003,3.59
ip_shuffle,20260618T070530_817488,of:0000000000000006:2 -> of:000000000000000a:2,0.002,0.0025,0.002,0.002,2.33,2026-06-18T07:05:30,0.002,2.33
ip_shuffle,20260618T070530_817488,of:0000000000000003:1 -> of:000000000000000b:5,0.002,0.0025,0.002,0.002,1.9,2026-06-18T07:05:30,0.002,1.8
ip_shuffle,20260618T070530_817488,of:0000000000000007:1 -> of:000000000000000d:5,0.002,0.0025,0.002,0.002,2.3,2026-06-18T07:05:30,0.002,2.36
ip_shuffle,20260618T070530_817488,of:0000000000000007:2 -> of:000000000000000a:3,0.002,0.0025,0.002,0.002,2.36,2026-06-18T07:05:30,0.002,2.36
ip_shuffle,20260618T070530_817488,of:0000000000000002:2 -> of:0000000000000008:2,0.002,0.0025,0.002,0.002,2.36,2026-06-18T07:05:30,0.002,2.43
ip_shuffle,20260618T070530_817488,of:0000000000000008:1 -> of:000000000000000b:6,0.002,0.0025,0.002,0.002,1.83,2026-06-18T07:05:30,0.002,1.83
ip_shuffle,20260618T070530_817488,of:0000000000000009:1 -> of:000000000000000c:6,0.002,0.0025,0.002,0.002,1.86,2026-06-18T07:05:30,0.002,1.86
ip_shuffle,20260618T070530_817488,of:0000000000000001:2 -> of:000000000000000c:1,0.002,0.0025,0.002,0.002,2.83,2026-06-18T07:05:30,0.002,2.93
ip_shuffle,20260618T070530_817488,of:0000000000000003:2 -> of:0000000000000008:3,0.002,0.0025,0.002,0.002,2.43,2026-06-18T07:05:30,0.002,2.36
route_mutation,20260618T070628_519558,of:0000000000000005:1 -> of:000000000000000c:5,0.002,0.0025,0.002,0.002,1.6,2026-06-18T07:06:28,0.002,1.6
route_mutation,20260618T070628_519558,of:000000000000000a:1 -> of:000000000000000d:6,0.002,0.0025,0.002,0.002,1.53,2026-06-18T07:06:28,0.001,1.5
route_mutation,20260618T070628_519558,of:000000000000000b:2 -> of:000000000000000c:2,0.002,0.0025,0.002,0.002,1.8,2026-06-18T07:06:28,0.002,1.8
route_mutation,20260618T070628_519558,of:0000000000000004:2 -> of:0000000000000009:2,0.002,0.0025,0.002,0.002,1.73,2026-06-18T07:06:28,0.002,1.66
route_mutation,20260618T070628_519558,of:0000000000000005:2 -> of:0000000000000009:3,0.002,0.0025,0.002,0.002,1.86,2026-06-18T07:06:28,0.002,1.8
route_mutation,20260618T070628_519558,of:000000000000000b:3 -> of:000000000000000d:2,0.002,0.0025,0.002,0.002,1.76,2026-06-18T07:06:28,0.002,1.76
route_mutation,20260618T070628_519558,of:0000000000000004:1 -> of:000000000000000c:4,0.002,0.0025,0.002,0.002,1.46,2026-06-18T07:06:28,0.002,1.6
route_mutation,20260618T070628_519558,of:000000000000000c:3 -> of:000000000000000d:3,0.002,0.0025,0.002,0.002,1.83,2026-06-18T07:06:28,0.002,1.83
route_mutation,20260618T070628_519558,of:0000000000000001:1 -> of:000000000000000b:1,0.001,0.00125,0.001,0.001,1.46,2026-06-18T07:06:28,0.001,1.36
route_mutation,20260618T070628_519558,of:0000000000000006:1 -> of:000000000000000d:4,0.002,0.0025,0.002,0.002,1.63,2026-06-18T07:06:28,0.002,1.66
route_mutation,20260618T070628_519558,of:0000000000000002:1 -> of:000000000000000b:4,0.001,0.00125,0.001,0.001,1.43,2026-06-18T07:06:28,0.001,1.46
route_mutation,20260618T070628_519558,of:0000000000000001:3 -> of:000000000000000d:1,0.002,0.0025,0.002,0.002,2.5,2026-06-18T07:06:28,0.002,2.63
route_mutation,20260618T070628_519558,of:0000000000000006:2 -> of:000000000000000a:2,0.002,0.0025,0.002,0.002,1.8,2026-06-18T07:06:28,0.002,1.8
route_mutation,20260618T070628_519558,of:0000000000000003:1 -> of:000000000000000b:5,0.002,0.0025,0.002,0.002,1.5,2026-06-18T07:06:28,0.002,1.53
route_mutation,20260618T070628_519558,of:0000000000000007:1 -> of:000000000000000d:5,0.002,0.0025,0.002,0.002,2.79,2026-06-18T07:06:28,0.002,2.86
route_mutation,20260618T070628_519558,of:0000000000000007:2 -> of:000000000000000a:3,0.002,0.0025,0.002,0.002,1.8,2026-06-18T07:06:28,0.002,1.8
route_mutation,20260618T070628_519558,of:0000000000000002:2 -> of:0000000000000008:2,0.002,0.0025,0.002,0.002,1.76,2026-06-18T07:06:28,0.001,1.63
route_mutation,20260618T070628_519558,of:0000000000000008:1 -> of:000000000000000b:6,0.001,0.00125,0.001,0.001,1.46,2026-06-18T07:06:28,0.001,1.46
route_mutation,20260618T070628_519558,of:0000000000000009:1 -> of:000000000000000c:6,0.002,0.0025,0.002,0.002,1.53,2026-06-18T07:06:28,0.002,1.53
route_mutation,20260618T070628_519558,of:0000000000000001:2 -> of:000000000000000c:1,0.001,0.00125,0.001,0.001,1.46,2026-06-18T07:06:28,0.001,1.43
route_mutation,20260618T070628_519558,of:0000000000000003:2 -> of:0000000000000008:3,0.002,0.0025,0.002,0.002,1.76,2026-06-18T07:06:28,0.002,1.7
ip_shuffle,20260618T070658_736998,of:0000000000000005:1 -> of:000000000000000c:5,0.002,0.0025,0.002,0.002,1.6,2026-06-18T07:06:58,0.002,1.53
ip_shuffle,20260618T070658_736998,of:000000000000000a:1 -> of:000000000000000d:6,0.001,0.00125,0.001,0.001,1.46,2026-06-18T07:06:58,0.001,1.46
ip_shuffle,20260618T070658_736998,of:000000000000000b:2 -> of:000000000000000c:2,0.002,0.0025,0.002,0.002,1.66,2026-06-18T07:06:58,0.002,1.66
ip_shuffle,20260618T070658_736998,of:0000000000000004:2 -> of:0000000000000009:2,0.002,0.0025,0.002,0.001,1.6,2026-06-18T07:06:58,0.002,1.73
ip_shuffle,20260618T070658_736998,of:0000000000000005:2 -> of:0000000000000009:3,0.002,0.0025,0.002,0.002,1.73,2026-06-18T07:06:58,0.002,1.8
ip_shuffle,20260618T070658_736998,of:000000000000000b:3 -> of:000000000000000d:2,0.002,0.0025,0.002,0.002,1.66,2026-06-18T07:06:58,0.002,1.66
ip_shuffle,20260618T070658_736998,of:0000000000000004:1 -> of:000000000000000c:4,0.002,0.0025,0.002,0.002,1.96,2026-06-18T07:06:58,0.002,2.0
ip_shuffle,20260618T070658_736998,of:000000000000000c:3 -> of:000000000000000d:3,0.001,0.00125,0.001,0.001,1.6,2026-06-18T07:06:58,0.001,1.6
ip_shuffle,20260618T070658_736998,of:0000000000000001:1 -> of:000000000000000b:1,0.003,0.00375,0.003,0.003,3.6,2026-06-18T07:06:58,0.003,3.6
ip_shuffle,20260618T070658_736998,of:0000000000000006:1 -> of:000000000000000d:4,0.002,0.0025,0.002,0.002,1.53,2026-06-18T07:06:58,0.001,1.4
ip_shuffle,20260618T070658_736998,of:0000000000000002:1 -> of:000000000000000b:4,0.002,0.0025,0.002,0.002,2.5,2026-06-18T07:06:58,0.002,2.56
ip_shuffle,20260618T070658_736998,of:0000000000000001:3 -> of:000000000000000d:1,0.002,0.0025,0.002,0.002,1.53,2026-06-18T07:06:58,0.001,1.46
ip_shuffle,20260618T070658_736998,of:0000000000000006:2 -> of:000000000000000a:2,0.002,0.0025,0.002,0.002,1.66,2026-06-18T07:06:58,0.002,1.66
ip_shuffle,20260618T070658_736998,of:0000000000000003:1 -> of:000000000000000b:5,0.002,0.0025,0.002,0.002,2.5,2026-06-18T07:06:58,0.002,2.56
ip_shuffle,20260618T070658_736998,of:0000000000000007:1 -> of:000000000000000d:5,0.002,0.0025,0.002,0.002,1.53,2026-06-18T07:06:58,0.001,1.4
ip_shuffle,20260618T070658_736998,of:0000000000000007:2 -> of:000000000000000a:3,0.002,0.0025,0.002,0.002,1.66,2026-06-18T07:06:58,0.002,1.66
ip_shuffle,20260618T070658_736998,of:0000000000000002:2 -> of:0000000000000008:2,0.002,0.0025,0.002,0.002,1.66,2026-06-18T07:06:58,0.002,1.73
ip_shuffle,20260618T070658_736998,of:0000000000000008:1 -> of:000000000000000b:6,0.002,0.0025,0.002,0.002,1.53,2026-06-18T07:06:58,0.002,1.53
ip_shuffle,20260618T070658_736998,of:0000000000000009:1 -> of:000000000000000c:6,0.001,0.00125,0.001,0.001,1.46,2026-06-18T07:06:58,0.001,1.46
ip_shuffle,20260618T070658_736998,of:0000000000000001:2 -> of:000000000000000c:1,0.002,0.0025,0.002,0.002,2.0,2026-06-18T07:06:58,0.002,1.9
ip_shuffle,20260618T070658_736998,of:0000000000000003:2 -> of:0000000000000008:3,0.002,0.0025,0.002,0.002,1.66,2026-06-18T07:06:58,0.002,1.73
ip_shuffle,20260618T070802_822599,of:0000000000000005:1 -> of:000000000000000c:5,0.001,0.00125,0.001,0.001,1.47,2026-06-18T07:08:02,0.001,1.47
ip_shuffle,20260618T070802_822599,of:000000000000000a:1 -> of:000000000000000d:6,0.001,0.00125,0.001,0.001,1.47,2026-06-18T07:08:02,0.001,1.47
ip_shuffle,20260618T070802_822599,of:000000000000000b:2 -> of:000000000000000c:2,0.002,0.0025,0.002,0.002,1.66,2026-06-18T07:08:02,0.002,1.66
ip_shuffle,20260618T070802_822599,of:0000000000000004:2 -> of:0000000000000009:2,0.002,0.0025,0.002,0.002,1.66,2026-06-18T07:08:02,0.002,1.73
ip_shuffle,20260618T070802_822599,of:0000000000000005:2 -> of:0000000000000009:3,0.002,0.0025,0.002,0.002,1.66,2026-06-18T07:08:02,0.002,1.73
ip_shuffle,20260618T070802_822599,of:000000000000000b:3 -> of:000000000000000d:2,0.002,0.0025,0.002,0.002,1.66,2026-06-18T07:08:02,0.002,1.66
ip_shuffle,20260618T070802_822599,of:0000000000000004:1 -> of:000000000000000c:4,0.002,0.0025,0.002,0.002,1.76,2026-06-18T07:08:02,0.002,1.76
ip_shuffle,20260618T070802_822599,of:000000000000000c:3 -> of:000000000000000d:3,0.001,0.00125,0.001,0.001,1.6,2026-06-18T07:08:02,0.001,1.6
ip_shuffle,20260618T070802_822599,of:0000000000000001:1 -> of:000000000000000b:1,0.003,0.00375,0.003,0.003,3.53,2026-06-18T07:08:02,0.003,3.6
ip_shuffle,20260618T070802_822599,of:0000000000000006:1 -> of:000000000000000d:4,0.002,0.0025,0.002,0.002,1.53,2026-06-18T07:08:02,0.001,1.4
ip_shuffle,20260618T070802_822599,of:0000000000000002:1 -> of:000000000000000b:4,0.002,0.0025,0.002,0.002,2.5,2026-06-18T07:08:02,0.002,2.56
ip_shuffle,20260618T070802_822599,of:0000000000000001:3 -> of:000000000000000d:1,0.001,0.00125,0.001,0.001,1.47,2026-06-18T07:08:02,0.001,1.47
ip_shuffle,20260618T070802_822599,of:0000000000000006:2 -> of:000000000000000a:2,0.002,0.0025,0.002,0.002,1.66,2026-06-18T07:08:02,0.002,1.66
ip_shuffle,20260618T070802_822599,of:0000000000000003:1 -> of:000000000000000b:5,0.002,0.0025,0.002,0.002,2.5,2026-06-18T07:08:02,0.002,2.56
ip_shuffle,20260618T070802_822599,of:0000000000000007:1 -> of:000000000000000d:5,0.002,0.0025,0.002,0.002,1.53,2026-06-18T07:08:02,0.001,1.4
ip_shuffle,20260618T070802_822599,of:0000000000000007:2 -> of:000000000000000a:3,0.002,0.0025,0.002,0.002,1.66,2026-06-18T07:08:02,0.002,1.66
ip_shuffle,20260618T070802_822599,of:0000000000000002:2 -> of:0000000000000008:2,0.002,0.0025,0.002,0.002,1.66,2026-06-18T07:08:02,0.002,1.73
ip_shuffle,20260618T070802_822599,of:0000000000000008:1 -> of:000000000000000b:6,0.002,0.0025,0.002,0.002,1.53,2026-06-18T07:08:02,0.002,1.53
ip_shuffle,20260618T070802_822599,of:0000000000000009:1 -> of:000000000000000c:6,0.001,0.00125,0.001,0.001,1.47,2026-06-18T07:08:02,0.001,1.47
ip_shuffle,20260618T070802_822599,of:0000000000000001:2 -> of:000000000000000c:1,0.002,0.0025,0.002,0.002,1.73,2026-06-18T07:08:02,0.002,1.73
ip_shuffle,20260618T070802_822599,of:0000000000000003:2 -> of:0000000000000008:3,0.002,0.0025,0.002,0.002,1.66,2026-06-18T07:08:02,0.002,1.73
ip_shuffle,20260618T070906_902049,of:0000000000000005:1 -> of:000000000000000c:5,0.002,0.0025,0.002,0.002,1.5,2026-06-18T07:09:06,0.001,1.5
ip_shuffle,20260618T070906_902049,of:000000000000000a:1 -> of:000000000000000d:6,0.002,0.0025,0.002,0.002,1.53,2026-06-18T07:09:06,0.001,1.5
ip_shuffle,20260618T070906_902049,of:000000000000000b:2 -> of:000000000000000c:2,0.002,0.0025,0.002,0.002,1.73,2026-06-18T07:09:06,0.002,1.73
ip_shuffle,20260618T070906_902049,of:0000000000000004:2 -> of:0000000000000009:2,0.002,0.0025,0.002,0.002,1.76,2026-06-18T07:09:06,0.002,1.7
ip_shuffle,20260618T070906_902049,of:0000000000000005:2 -> of:0000000000000009:3,0.002,0.0025,0.002,0.002,1.76,2026-06-18T07:09:06,0.001,1.63
ip_shuffle,20260618T070906_902049,of:000000000000000b:3 -> of:000000000000000d:2,0.002,0.0025,0.002,0.002,1.73,2026-06-18T07:09:06,0.002,1.73
ip_shuffle,20260618T070906_902049,of:0000000000000004:1 -> of:000000000000000c:4,0.002,0.0025,0.002,0.002,1.5,2026-06-18T07:09:06,0.002,1.56
ip_shuffle,20260618T070906_902049,of:000000000000000c:3 -> of:000000000000000d:3,0.002,0.0025,0.002,0.002,1.8,2026-06-18T07:09:06,0.002,1.8
ip_shuffle,20260618T070906_902049,of:0000000000000001:1 -> of:000000000000000b:1,0.001,0.00125,0.001,0.001,1.43,2026-06-18T07:09:06,0.001,1.37
ip_shuffle,20260618T070906_902049,of:0000000000000006:1 -> of:000000000000000d:4,0.002,0.0025,0.002,0.002,1.66,2026-06-18T07:09:06,0.002,1.63
ip_shuffle,20260618T070906_902049,of:0000000000000002:1 -> of:000000000000000b:4,0.001,0.00125,0.001,0.001,1.43,2026-06-18T07:09:06,0.001,1.43
ip_shuffle,20260618T070906_902049,of:0000000000000001:3 -> of:000000000000000d:1,0.002,0.0025,0.002,0.002,2.06,2026-06-18T07:09:06,0.002,2.23
ip_shuffle,20260618T070906_902049,of:0000000000000006:2 -> of:000000000000000a:2,0.002,0.0025,0.002,0.002,1.93,2026-06-18T07:09:06,0.002,1.86
ip_shuffle,20260618T070906_902049,of:0000000000000003:1 -> of:000000000000000b:5,0.002,0.0025,0.002,0.002,1.5,2026-06-18T07:09:06,0.001,1.5
ip_shuffle,20260618T070906_902049,of:0000000000000007:1 -> of:000000000000000d:5,0.002,0.0025,0.002,0.002,2.4,2026-06-18T07:09:06,0.002,2.5
ip_shuffle,20260618T070906_902049,of:0000000000000007:2 -> of:000000000000000a:3,0.002,0.0025,0.002,0.002,1.76,2026-06-18T07:09:06,0.002,1.8
ip_shuffle,20260618T070906_902049,of:0000000000000002:2 -> of:0000000000000008:2,0.002,0.0025,0.002,0.002,1.76,2026-06-18T07:09:06,0.001,1.63
ip_shuffle,20260618T070906_902049,of:0000000000000008:1 -> of:000000000000000b:6,0.001,0.00125,0.001,0.001,1.46,2026-06-18T07:09:06,0.001,1.43
ip_shuffle,20260618T070906_902049,of:0000000000000009:1 -> of:000000000000000c:6,0.002,0.0025,0.002,0.002,1.53,2026-06-18T07:09:06,0.001,1.5
ip_shuffle,20260618T070906_902049,of:0000000000000001:2 -> of:000000000000000c:1,0.001,0.00125,0.001,0.001,1.43,2026-06-18T07:09:06,0.001,1.43
ip_shuffle,20260618T070906_902049,of:0000000000000003:2 -> of:0000000000000008:3,0.002,0.0025,0.002,0.002,1.76,2026-06-18T07:09:06,0.002,1.7
route_mutation,20260618T071004_481815,of:0000000000000005:1 -> of:000000000000000c:5,0.002,0.0025,0.002,0.002,2.4,2026-06-18T07:10:04,0.002,2.36
route_mutation,20260618T071004_481815,of:000000000000000a:1 -> of:000000000000000d:6,0.002,0.0025,0.002,0.002,1.53,2026-06-18T07:10:04,0.002,1.56
route_mutation,20260618T071004_481815,of:000000000000000b:2 -> of:000000000000000c:2,0.002,0.0025,0.002,0.002,1.76,2026-06-18T07:10:04,0.002,1.76
route_mutation,20260618T071004_481815,of:0000000000000004:2 -> of:0000000000000009:2,0.002,0.0025,0.002,0.002,1.8,2026-06-18T07:10:04,0.002,1.86
route_mutation,20260618T071004_481815,of:0000000000000005:2 -> of:0000000000000009:3,0.002,0.0025,0.002,0.002,1.8,2026-06-18T07:10:04,0.002,1.86
route_mutation,20260618T071004_481815,of:000000000000000b:3 -> of:000000000000000d:2,0.002,0.0025,0.002,0.002,1.8,2026-06-18T07:10:04,0.002,1.76
route_mutation,20260618T071004_481815,of:0000000000000004:1 -> of:000000000000000c:4,0.002,0.0025,0.002,0.002,2.0,2026-06-18T07:10:04,0.002,1.96
route_mutation,20260618T071004_481815,of:000000000000000c:3 -> of:000000000000000d:3,0.002,0.0025,0.002,0.002,1.8,2026-06-18T07:10:04,0.002,1.8
route_mutation,20260618T071004_481815,of:0000000000000001:1 -> of:000000000000000b:1,0.002,0.0025,0.002,0.002,1.56,2026-06-18T07:10:04,0.002,1.63
route_mutation,20260618T071004_481815,of:0000000000000006:1 -> of:000000000000000d:4,0.002,0.0025,0.002,0.002,2.4,2026-06-18T07:10:04,0.002,2.56
route_mutation,20260618T071004_481815,of:0000000000000002:1 -> of:000000000000000b:4,0.002,0.0025,0.002,0.002,1.66,2026-06-18T07:10:04,0.002,1.53
route_mutation,20260618T071004_481815,of:0000000000000001:3 -> of:000000000000000d:1,0.002,0.0025,0.002,0.002,2.56,2026-06-18T07:10:04,0.002,2.46
route_mutation,20260618T071004_481815,of:0000000000000006:2 -> of:000000000000000a:2,0.002,0.0025,0.002,0.002,1.86,2026-06-18T07:10:04,0.002,1.86
route_mutation,20260618T071004_481815,of:0000000000000003:1 -> of:000000000000000b:5,0.002,0.0025,0.002,0.002,1.6,2026-06-18T07:10:04,0.001,1.46
route_mutation,20260618T071004_481815,of:0000000000000007:1 -> of:000000000000000d:5,0.002,0.0025,0.002,0.001,1.46,2026-06-18T07:10:04,0.002,1.56
route_mutation,20260618T071004_481815,of:0000000000000007:2 -> of:000000000000000a:3,0.002,0.0025,0.002,0.002,1.73,2026-06-18T07:10:04,0.002,1.73
route_mutation,20260618T071004_481815,of:0000000000000002:2 -> of:0000000000000008:2,0.002,0.0025,0.002,0.002,1.86,2026-06-18T07:10:04,0.002,1.86
route_mutation,20260618T071004_481815,of:0000000000000008:1 -> of:000000000000000b:6,0.002,0.0025,0.002,0.002,1.53,2026-06-18T07:10:04,0.002,1.53
route_mutation,20260618T071004_481815,of:0000000000000009:1 -> of:000000000000000c:6,0.002,0.0025,0.002,0.002,1.53,2026-06-18T07:10:04,0.002,1.56
route_mutation,20260618T071004_481815,of:0000000000000001:2 -> of:000000000000000c:1,0.003,0.00375,0.003,0.003,2.76,2026-06-18T07:10:04,0.003,2.83
route_mutation,20260618T071004_481815,of:0000000000000003:2 -> of:0000000000000008:3,0.002,0.0025,0.002,0.002,1.8,2026-06-18T07:10:04,0.002,1.8
route_mutation,20260618T071034_663557,of:0000000000000005:1 -> of:000000000000000c:5,0.002,0.0025,0.002,0.002,1.7,2026-06-18T07:10:34,0.002,1.73
route_mutation,20260618T071034_663557,of:000000000000000a:1 -> of:000000000000000d:6,0.002,0.0025,0.002,0.002,1.76,2026-06-18T07:10:34,0.002,1.73
route_mutation,20260618T071034_663557,of:000000000000000b:2 -> of:000000000000000c:2,0.002,0.0025,0.002,0.002,2.23,2026-06-18T07:10:34,0.002,2.23
route_mutation,20260618T071034_663557,of:0000000000000004:2 -> of:0000000000000009:2,0.002,0.0025,0.002,0.002,2.2,2026-06-18T07:10:34,0.002,2.06
route_mutation,20260618T071034_663557,of:0000000000000005:2 -> of:0000000000000009:3,0.002,0.0025,0.002,0.002,2.2,2026-06-18T07:10:34,0.002,2.06
route_mutation,20260618T071034_663557,of:000000000000000b:3 -> of:000000000000000d:2,0.002,0.0025,0.002,0.002,2.2,2026-06-18T07:10:34,0.002,2.23
route_mutation,20260618T071034_663557,of:0000000000000004:1 -> of:000000000000000c:4,0.002,0.0025,0.002,0.002,1.7,2026-06-18T07:10:34,0.002,1.73
route_mutation,20260618T071034_663557,of:000000000000000c:3 -> of:000000000000000d:3,0.002,0.0025,0.002,0.002,2.26,2026-06-18T07:10:34,0.002,2.26
route_mutation,20260618T071034_663557,of:0000000000000001:1 -> of:000000000000000b:1,0.002,0.0025,0.002,0.002,1.73,2026-06-18T07:10:34,0.001,1.6
route_mutation,20260618T071034_663557,of:0000000000000006:1 -> of:000000000000000d:4,0.002,0.0025,0.002,0.002,1.96,2026-06-18T07:10:34,0.002,1.8
route_mutation,20260618T071034_663557,of:0000000000000002:1 -> of:000000000000000b:4,0.002,0.0025,0.002,0.002,1.63,2026-06-18T07:10:34,0.002,1.7
route_mutation,20260618T071034_663557,of:0000000000000001:3 -> of:000000000000000d:1,0.003,0.00375,0.003,0.003,3.0,2026-06-18T07:10:34,0.003,3.1
route_mutation,20260618T071034_663557,of:0000000000000006:2 -> of:000000000000000a:2,0.002,0.0025,0.002,0.002,2.2,2026-06-18T07:10:34,0.002,2.06
route_mutation,20260618T071034_663557,of:0000000000000003:1 -> of:000000000000000b:5,0.002,0.0025,0.002,0.002,1.7,2026-06-18T07:10:34,0.002,1.76
route_mutation,20260618T071034_663557,of:0000000000000007:1 -> of:000000000000000d:5,0.003,0.00375,0.003,0.002,2.96,2026-06-18T07:10:34,0.003,3.0
route_mutation,20260618T071034_663557,of:0000000000000007:2 -> of:000000000000000a:3,0.002,0.0025,0.002,0.002,2.26,2026-06-18T07:10:34,0.002,2.26
route_mutation,20260618T071034_663557,of:0000000000000002:2 -> of:0000000000000008:2,0.002,0.0025,0.002,0.002,2.13,2026-06-18T07:10:34,0.002,2.06
route_mutation,20260618T071034_663557,of:0000000000000008:1 -> of:000000000000000b:6,0.002,0.0025,0.002,0.002,1.7,2026-06-18T07:10:34,0.002,1.7
route_mutation,20260618T071034_663557,of:0000000000000009:1 -> of:000000000000000c:6,0.002,0.0025,0.002,0.002,1.76,2026-06-18T07:10:34,0.002,1.73
route_mutation,20260618T071034_663557,of:0000000000000001:2 -> of:000000000000000c:1,0.002,0.0025,0.002,0.002,1.73,2026-06-18T07:10:34,0.002,1.67
route_mutation,20260618T071034_663557,of:0000000000000003:2 -> of:0000000000000008:3,0.002,0.0025,0.002,0.002,2.2,2026-06-18T07:10:34,0.002,2.13
route_mutation,20260618T071104_891700,of:0000000000000005:1 -> of:000000000000000c:5,0.001,0.00125,0.001,0.001,1.36,2026-06-18T07:11:04,0.001,1.33
route_mutation,20260618T071104_891700,of:000000000000000a:1 -> of:000000000000000d:6,0.001,0.00125,0.001,0.001,1.33,2026-06-18T07:11:04,0.001,1.36
route_mutation,20260618T071104_891700,of:000000000000000b:2 -> of:000000000000000c:2,0.001,0.00125,0.001,0.001,1.4,2026-06-18T07:11:04,0.001,1.4
route_mutation,20260618T071104_891700,of:0000000000000004:2 -> of:0000000000000009:2,0.002,0.0025,0.002,0.001,1.43,2026-06-18T07:11:04,0.002,1.5
route_mutation,20260618T071104_891700,of:0000000000000005:2 -> of:0000000000000009:3,0.002,0.0025,0.002,0.001,1.43,2026-06-18T07:11:04,0.002,1.5
route_mutation,20260618T071104_891700,of:000000000000000b:3 -> of:000000000000000d:2,0.002,0.0025,0.002,0.002,1.56,2026-06-18T07:11:04,0.002,1.56
route_mutation,20260618T071104_891700,of:0000000000000004:1 -> of:000000000000000c:4,0.001,0.00125,0.001,0.001,1.36,2026-06-18T07:11:04,0.001,1.33
route_mutation,20260618T071104_891700,of:000000000000000c:3 -> of:000000000000000d:3,0.001,0.00125,0.001,0.001,1.36,2026-06-18T07:11:04,0.001,1.36
route_mutation,20260618T071104_891700,of:0000000000000001:1 -> of:000000000000000b:1,0.003,0.00375,0.003,0.002,2.69,2026-06-18T07:11:04,0.003,2.69
route_mutation,20260618T071104_891700,of:0000000000000006:1 -> of:000000000000000d:4,0.002,0.0025,0.002,0.002,1.43,2026-06-18T07:11:04,0.001,1.36
route_mutation,20260618T071104_891700,of:0000000000000002:1 -> of:000000000000000b:4,0.002,0.0025,0.002,0.002,2.43,2026-06-18T07:11:04,0.002,2.46
route_mutation,20260618T071104_891700,of:0000000000000001:3 -> of:000000000000000d:1,0.002,0.0025,0.002,0.002,1.5,2026-06-18T07:11:04,0.002,1.5
route_mutation,20260618T071104_891700,of:0000000000000006:2 -> of:000000000000000a:2,0.002,0.0025,0.002,0.001,1.43,2026-06-18T07:11:04,0.002,1.5
route_mutation,20260618T071104_891700,of:0000000000000003:1 -> of:000000000000000b:5,0.002,0.0025,0.002,0.002,1.7,2026-06-18T07:11:04,0.002,1.83
route_mutation,20260618T071104_891700,of:0000000000000007:1 -> of:000000000000000d:5,0.002,0.0025,0.002,0.002,1.66,2026-06-18T07:11:04,0.002,1.56
route_mutation,20260618T071104_891700,of:0000000000000007:2 -> of:000000000000000a:3,0.001,0.00125,0.001,0.001,1.4,2026-06-18T07:11:04,0.001,1.4
route_mutation,20260618T071104_891700,of:0000000000000002:2 -> of:0000000000000008:2,0.002,0.0025,0.002,0.001,1.43,2026-06-18T07:11:04,0.002,1.5
route_mutation,20260618T071104_891700,of:0000000000000008:1 -> of:000000000000000b:6,0.002,0.0025,0.002,0.002,1.4,2026-06-18T07:11:04,0.002,1.4
route_mutation,20260618T071104_891700,of:0000000000000009:1 -> of:000000000000000c:6,0.001,0.00125,0.001,0.001,1.33,2026-06-18T07:11:04,0.001,1.33
route_mutation,20260618T071104_891700,of:0000000000000001:2 -> of:000000000000000c:1,0.001,0.00125,0.001,0.001,1.33,2026-06-18T07:11:04,0.001,1.36
route_mutation,20260618T071104_891700,of:0000000000000003:2 -> of:0000000000000008:3,0.002,0.0025,0.002,0.001,1.43,2026-06-18T07:11:04,0.002,1.5
route_mutation,20260618T071135_142046,of:0000000000000005:1 -> of:000000000000000c:5,0.002,0.0025,0.002,0.002,2.2,2026-06-18T07:11:35,0.002,2.2
route_mutation,20260618T071135_142046,of:000000000000000a:1 -> of:000000000000000d:6,0.002,0.0025,0.002,0.002,1.4,2026-06-18T07:11:35,0.002,1.36
route_mutation,20260618T071135_142046,of:000000000000000b:2 -> of:000000000000000c:2,0.002,0.0025,0.002,0.002,1.46,2026-06-18T07:11:35,0.002,1.46
route_mutation,20260618T071135_142046,of:0000000000000004:2 -> of:0000000000000009:2,0.002,0.0025,0.002,0.001,1.43,2026-06-18T07:11:35,0.002,1.5
route_mutation,20260618T071135_142046,of:0000000000000005:2 -> of:0000000000000009:3,0.002,0.0025,0.002,0.001,1.46,2026-06-18T07:11:35,0.002,1.53
route_mutation,20260618T071135_142046,of:000000000000000b:3 -> of:000000000000000d:2,0.002,0.0025,0.002,0.002,1.43,2026-06-18T07:11:35,0.002,1.43
route_mutation,20260618T071135_142046,of:0000000000000004:1 -> of:000000000000000c:4,0.002,0.0025,0.002,0.002,2.16,2026-06-18T07:11:35,0.002,2.2
route_mutation,20260618T071135_142046,of:000000000000000c:3 -> of:000000000000000d:3,0.002,0.0025,0.002,0.002,1.43,2026-06-18T07:11:35,0.002,1.43
route_mutation,20260618T071135_142046,of:0000000000000001:1 -> of:000000000000000b:1,0.002,0.0025,0.002,0.002,2.0,2026-06-18T07:11:35,0.002,2.13
route_mutation,20260618T071135_142046,of:0000000000000006:1 -> of:000000000000000d:4,0.002,0.0025,0.002,0.002,1.66,2026-06-18T07:11:35,0.002,1.93
route_mutation,20260618T071135_142046,of:0000000000000002:1 -> of:000000000000000b:4,0.002,0.0025,0.002,0.002,1.46,2026-06-18T07:11:35,0.002,1.43
route_mutation,20260618T071135_142046,of:0000000000000001:3 -> of:000000000000000d:1,0.002,0.0025,0.002,0.002,1.86,2026-06-18T07:11:35,0.002,1.73
route_mutation,20260618T071135_142046,of:0000000000000006:2 -> of:000000000000000a:2,0.002,0.0025,0.002,0.001,1.46,2026-06-18T07:11:35,0.002,1.53
route_mutation,20260618T071135_142046,of:0000000000000003:1 -> of:000000000000000b:5,0.002,0.0025,0.002,0.002,2.03,2026-06-18T07:11:35,0.002,1.96
route_mutation,20260618T071135_142046,of:0000000000000007:1 -> of:000000000000000d:5,0.001,0.00125,0.001,0.001,1.3,2026-06-18T07:11:35,0.001,1.36
route_mutation,20260618T071135_142046,of:0000000000000007:2 -> of:000000000000000a:3,0.002,0.0025,0.002,0.002,1.43,2026-06-18T07:11:35,0.002,1.43
route_mutation,20260618T071135_142046,of:0000000000000002:2 -> of:0000000000000008:2,0.002,0.0025,0.002,0.002,1.5,2026-06-18T07:11:35,0.002,1.5
route_mutation,20260618T071135_142046,of:0000000000000008:1 -> of:000000000000000b:6,0.002,0.0025,0.002,0.002,1.4,2026-06-18T07:11:35,0.002,1.4
route_mutation,20260618T071135_142046,of:0000000000000009:1 -> of:000000000000000c:6,0.002,0.0025,0.002,0.002,1.4,2026-06-18T07:11:35,0.002,1.4
route_mutation,20260618T071135_142046,of:0000000000000001:2 -> of:000000000000000c:1,0.003,0.00375,0.003,0.003,3.0,2026-06-18T07:11:35,0.003,3.03
route_mutation,20260618T071135_142046,of:0000000000000003:2 -> of:0000000000000008:3,0.002,0.0025,0.002,0.001,1.43,2026-06-18T07:11:35,0.002,1.5
ip_shuffle,20260618T071205_358756,of:0000000000000005:1 -> of:000000000000000c:5,0.002,0.0025,0.002,0.002,1.96,2026-06-18T07:12:05,0.002,1.96
ip_shuffle,20260618T071205_358756,of:000000000000000a:1 -> of:000000000000000d:6,0.002,0.0025,0.002,0.002,1.96,2026-06-18T07:12:05,0.002,1.96
ip_shuffle,20260618T071205_358756,of:000000000000000b:2 -> of:000000000000000c:2,0.002,0.0025,0.002,0.002,2.66,2026-06-18T07:12:05,0.002,2.66
ip_shuffle,20260618T071205_358756,of:0000000000000004:2 -> of:0000000000000009:2,0.002,0.0025,0.002,0.002,2.6,2026-06-18T07:12:05,0.002,2.46
ip_shuffle,20260618T071205_358756,of:0000000000000005:2 -> of:0000000000000009:3,0.002,0.0025,0.002,0.002,2.56,2026-06-18T07:12:05,0.002,2.43
ip_shuffle,20260618T071205_358756,of:000000000000000b:3 -> of:000000000000000d:2,0.002,0.0025,0.002,0.002,2.66,2026-06-18T07:12:05,0.002,2.66
ip_shuffle,20260618T071205_358756,of:0000000000000004:1 -> of:000000000000000c:4,0.002,0.0025,0.002,0.002,2.0,2026-06-18T07:12:05,0.002,1.96
ip_shuffle,20260618T071205_358756,of:000000000000000c:3 -> of:000000000000000d:3,0.002,0.0025,0.002,0.002,2.66,2026-06-18T07:12:05,0.002,2.66
ip_shuffle,20260618T071205_358756,of:0000000000000001:1 -> of:000000000000000b:1,0.002,0.0025,0.002,0.002,1.96,2026-06-18T07:12:05,0.002,1.93
ip_shuffle,20260618T071205_358756,of:0000000000000006:1 -> of:000000000000000d:4,0.002,0.0025,0.002,0.002,2.73,2026-06-18T07:12:05,0.002,2.5
ip_shuffle,20260618T071205_358756,of:0000000000000002:1 -> of:000000000000000b:4,0.002,0.0025,0.002,0.002,1.93,2026-06-18T07:12:05,0.002,1.96
ip_shuffle,20260618T071205_358756,of:0000000000000001:3 -> of:000000000000000d:1,0.003,0.00375,0.003,0.003,3.63,2026-06-18T07:12:05,0.003,3.66
ip_shuffle,20260618T071205_358756,of:0000000000000006:2 -> of:000000000000000a:2,0.002,0.0025,0.002,0.002,2.6,2026-06-18T07:12:05,0.002,2.46
ip_shuffle,20260618T071205_358756,of:0000000000000003:1 -> of:000000000000000b:5,0.002,0.0025,0.002,0.002,2.0,2026-06-18T07:12:05,0.002,1.96
ip_shuffle,20260618T071205_358756,of:0000000000000007:1 -> of:000000000000000d:5,0.003,0.00375,0.003,0.003,3.1,2026-06-18T07:12:05,0.003,3.16
ip_shuffle,20260618T071205_358756,of:0000000000000007:2 -> of:000000000000000a:3,0.002,0.0025,0.002,0.002,2.8,2026-06-18T07:12:05,0.002,2.73
ip_shuffle,20260618T071205_358756,of:0000000000000002:2 -> of:0000000000000008:2,0.002,0.0025,0.002,0.002,2.53,2026-06-18T07:12:05,0.002,2.46
ip_shuffle,20260618T071205_358756,of:0000000000000008:1 -> of:000000000000000b:6,0.002,0.0025,0.002,0.002,1.93,2026-06-18T07:12:05,0.002,1.96
ip_shuffle,20260618T071205_358756,of:0000000000000009:1 -> of:000000000000000c:6,0.002,0.0025,0.002,0.002,1.93,2026-06-18T07:12:05,0.002,1.96
ip_shuffle,20260618T071205_358756,of:0000000000000001:2 -> of:000000000000000c:1,0.002,0.0025,0.002,0.002,1.96,2026-06-18T07:12:05,0.002,1.93
ip_shuffle,20260618T071205_358756,of:0000000000000003:2 -> of:0000000000000008:3,0.002,0.0025,0.002,0.002,2.6,2026-06-18T07:12:05,0.002,2.46
ip_shuffle,20260618T071309_566004,of:0000000000000005:1 -> of:000000000000000c:5,0.002,0.0025,0.002,0.002,1.9,2026-06-18T07:13:09,0.002,1.96
ip_shuffle,20260618T071309_566004,of:000000000000000a:1 -> of:000000000000000d:6,0.002,0.0025,0.002,0.002,1.43,2026-06-18T07:13:09,0.002,1.43
ip_shuffle,20260618T071309_566004,of:000000000000000b:2 -> of:000000000000000c:2,0.002,0.0025,0.002,0.002,1.53,2026-06-18T07:13:09,0.002,1.53
ip_shuffle,20260618T071309_566004,of:0000000000000004:2 -> of:0000000000000009:2,0.002,0.0025,0.002,0.001,1.46,2026-06-18T07:13:09,0.002,1.53
ip_shuffle,20260618T071309_566004,of:0000000000000005:2 -> of:0000000000000009:3,0.002,0.0025,0.002,0.001,1.46,2026-06-18T07:13:09,0.002,1.53
ip_shuffle,20260618T071309_566004,of:000000000000000b:3 -> of:000000000000000d:2,0.002,0.0025,0.002,0.002,1.66,2026-06-18T07:13:09,0.002,1.66
ip_shuffle,20260618T071309_566004,of:0000000000000004:1 -> of:000000000000000c:4,0.002,0.0025,0.002,0.002,2.16,2026-06-18T07:13:09,0.002,2.23
ip_shuffle,20260618T071309_566004,of:000000000000000c:3 -> of:000000000000000d:3,0.002,0.0025,0.002,0.002,1.53,2026-06-18T07:13:09,0.002,1.53
ip_shuffle,20260618T071309_566004,of:0000000000000001:1 -> of:000000000000000b:1,0.003,0.00375,0.003,0.003,3.43,2026-06-18T07:13:09,0.003,3.4
ip_shuffle,20260618T071309_566004,of:0000000000000006:1 -> of:000000000000000d:4,0.002,0.0025,0.002,0.001,1.3,2026-06-18T07:13:09,0.002,1.43
ip_shuffle,20260618T071309_566004,of:0000000000000002:1 -> of:000000000000000b:4,0.002,0.0025,0.002,0.002,2.5,2026-06-18T07:13:09,0.002,2.5
ip_shuffle,20260618T071309_566004,of:0000000000000001:3 -> of:000000000000000d:1,0.002,0.0025,0.002,0.002,1.56,2026-06-18T07:13:09,0.002,1.56
ip_shuffle,20260618T071309_566004,of:0000000000000006:2 -> of:000000000000000a:2,0.002,0.0025,0.002,0.001,1.4,2026-06-18T07:13:09,0.002,1.53
ip_shuffle,20260618T071309_566004,of:0000000000000003:1 -> of:000000000000000b:5,0.002,0.0025,0.002,0.002,2.4,2026-06-18T07:13:09,0.002,2.46
ip_shuffle,20260618T071309_566004,of:0000000000000007:1 -> of:000000000000000d:5,0.002,0.0025,0.002,0.002,1.56,2026-06-18T07:13:09,0.002,1.7
ip_shuffle,20260618T071309_566004,of:0000000000000007:2 -> of:000000000000000a:3,0.002,0.0025,0.002,0.001,1.4,2026-06-18T07:13:09,0.002,1.53
ip_shuffle,20260618T071309_566004,of:0000000000000002:2 -> of:0000000000000008:2,0.002,0.0025,0.002,0.002,1.53,2026-06-18T07:13:09,0.002,1.53
ip_shuffle,20260618T071309_566004,of:0000000000000008:1 -> of:000000000000000b:6,0.002,0.0025,0.002,0.002,1.43,2026-06-18T07:13:09,0.002,1.43
ip_shuffle,20260618T071309_566004,of:0000000000000009:1 -> of:000000000000000c:6,0.002,0.0025,0.002,0.002,1.43,2026-06-18T07:13:09,0.002,1.43
ip_shuffle,20260618T071309_566004,of:0000000000000001:2 -> of:000000000000000c:1,0.003,0.00375,0.003,0.003,2.7,2026-06-18T07:13:09,0.003,2.7
ip_shuffle,20260618T071309_566004,of:0000000000000003:2 -> of:0000000000000008:3,0.002,0.0025,0.002,0.001,1.46,2026-06-18T07:13:09,0.002,1.53
ip_shuffle,20260618T071407_186868,of:0000000000000005:1 -> of:000000000000000c:5,0.001,0.00125,0.001,0.001,1.27,2026-06-18T07:14:07,0.001,1.27
ip_shuffle,20260618T071407_186868,of:000000000000000a:1 -> of:000000000000000d:6,0.001,0.00125,0.001,0.001,1.27,2026-06-18T07:14:07,0.001,1.27
ip_shuffle,20260618T071407_186868,of:000000000000000b:2 -> of:000000000000000c:2,0.001,0.00125,0.001,0.001,1.2,2026-06-18T07:14:07,0.001,1.2
ip_shuffle,20260618T071407_186868,of:0000000000000004:2 -> of:0000000000000009:2,0.001,0.00125,0.001,0.001,1.27,2026-06-18T07:14:07,0.001,1.33
ip_shuffle,20260618T071407_186868,of:0000000000000005:2 -> of:0000000000000009:3,0.001,0.00125,0.001,0.001,1.27,2026-06-18T07:14:07,0.001,1.33
ip_shuffle,20260618T071407_186868,of:000000000000000b:3 -> of:000000000000000d:2,0.001,0.00125,0.001,0.001,1.23,2026-06-18T07:14:07,0.001,1.23
ip_shuffle,20260618T071407_186868,of:0000000000000004:1 -> of:000000000000000c:4,0.001,0.00125,0.001,0.001,1.3,2026-06-18T07:14:07,0.001,1.3
ip_shuffle,20260618T071407_186868,of:000000000000000c:3 -> of:000000000000000d:3,0.001,0.00125,0.001,0.001,1.2,2026-06-18T07:14:07,0.001,1.2
ip_shuffle,20260618T071407_186868,of:0000000000000001:1 -> of:000000000000000b:1,0.002,0.0025,0.002,0.002,1.43,2026-06-18T07:14:07,0.002,1.43
ip_shuffle,20260618T071407_186868,of:0000000000000006:1 -> of:000000000000000d:4,0.001,0.00125,0.001,0.001,1.33,2026-06-18T07:14:07,0.001,1.27
ip_shuffle,20260618T071407_186868,of:0000000000000002:1 -> of:000000000000000b:4,0.002,0.0025,0.002,0.002,1.43,2026-06-18T07:14:07,0.002,1.43
ip_shuffle,20260618T071407_186868,of:0000000000000001:3 -> of:000000000000000d:1,0.001,0.00125,0.001,0.001,1.3,2026-06-18T07:14:07,0.001,1.33
ip_shuffle,20260618T071407_186868,of:0000000000000006:2 -> of:000000000000000a:2,0.002,0.0025,0.002,0.002,1.37,2026-06-18T07:14:07,0.002,1.37
ip_shuffle,20260618T071407_186868,of:0000000000000003:1 -> of:000000000000000b:5,0.001,0.00125,0.001,0.001,1.3,2026-06-18T07:14:07,0.001,1.3
ip_shuffle,20260618T071407_186868,of:0000000000000007:1 -> of:000000000000000d:5,0.002,0.0025,0.002,0.002,1.4,2026-06-18T07:14:07,0.001,1.3
ip_shuffle,20260618T071407_186868,of:0000000000000007:2 -> of:000000000000000a:3,0.001,0.00125,0.001,0.001,1.33,2026-06-18T07:14:07,0.001,1.33
ip_shuffle,20260618T071407_186868,of:0000000000000002:2 -> of:0000000000000008:2,0.001,0.00125,0.001,0.001,1.3,2026-06-18T07:14:07,0.001,1.37
ip_shuffle,20260618T071407_186868,of:0000000000000008:1 -> of:000000000000000b:6,0.001,0.00125,0.001,0.001,1.27,2026-06-18T07:14:07,0.001,1.27
ip_shuffle,20260618T071407_186868,of:0000000000000009:1 -> of:000000000000000c:6,0.001,0.00125,0.001,0.001,1.27,2026-06-18T07:14:07,0.001,1.27
ip_shuffle,20260618T071407_186868,of:0000000000000001:2 -> of:000000000000000c:1,0.001,0.00125,0.001,0.001,1.27,2026-06-18T07:14:07,0.001,1.27
ip_shuffle,20260618T071407_186868,of:0000000000000003:2 -> of:0000000000000008:3,0.001,0.00125,0.001,0.001,1.27,2026-06-18T07:14:07,0.001,1.33
ip_shuffle,20260618T071504_833074,of:0000000000000005:1 -> of:000000000000000c:5,0.002,0.0025,0.002,0.002,2.63,2026-06-18T07:15:04,0.002,2.46
ip_shuffle,20260618T071504_833074,of:000000000000000a:1 -> of:000000000000000d:6,0.002,0.0025,0.002,0.002,1.8,2026-06-18T07:15:04,0.002,1.83
ip_shuffle,20260618T071504_833074,of:000000000000000b:2 -> of:000000000000000c:2,0.002,0.0025,0.002,0.002,2.33,2026-06-18T07:15:04,0.002,2.33
ip_shuffle,20260618T071504_833074,of:0000000000000004:2 -> of:0000000000000009:2,0.002,0.0025,0.002,0.002,2.4,2026-06-18T07:15:04,0.002,2.26
ip_shuffle,20260618T071504_833074,of:0000000000000005:2 -> of:0000000000000009:3,0.002,0.0025,0.002,0.002,2.4,2026-06-18T07:15:04,0.002,2.26
ip_shuffle,20260618T071504_833074,of:000000000000000b:3 -> of:000000000000000d:2,0.002,0.0025,0.002,0.002,2.33,2026-06-18T07:15:04,0.002,2.33
ip_shuffle,20260618T071504_833074,of:0000000000000004:1 -> of:000000000000000c:4,0.002,0.0025,0.002,0.002,2.1,2026-06-18T07:15:04,0.002,1.93
ip_shuffle,20260618T071504_833074,of:000000000000000c:3 -> of:000000000000000d:3,0.002,0.0025,0.002,0.002,2.33,2026-06-18T07:15:04,0.002,2.33
ip_shuffle,20260618T071504_833074,of:0000000000000001:1 -> of:000000000000000b:1,0.002,0.0025,0.002,0.002,1.76,2026-06-18T07:15:04,0.002,1.86
ip_shuffle,20260618T071504_833074,of:0000000000000006:1 -> of:000000000000000d:4,0.003,0.00375,0.003,0.003,3.1,2026-06-18T07:15:04,0.002,2.93
ip_shuffle,20260618T071504_833074,of:0000000000000002:1 -> of:000000000000000b:4,0.002,0.0025,0.002,0.002,1.86,2026-06-18T07:15:04,0.002,1.76
ip_shuffle,20260618T071504_833074,of:0000000000000001:3 -> of:000000000000000d:1,0.003,0.00375,0.003,0.003,3.76,2026-06-18T07:15:04,0.003,3.63
ip_shuffle,20260618T071504_833074,of:0000000000000006:2 -> of:000000000000000a:2,0.002,0.0025,0.002,0.002,2.4,2026-06-18T07:15:04,0.002,2.33
ip_shuffle,20260618T071504_833074,of:0000000000000003:1 -> of:000000000000000b:5,0.002,0.0025,0.002,0.002,1.93,2026-06-18T07:15:04,0.002,1.76
ip_shuffle,20260618T071504_833074,of:0000000000000007:1 -> of:000000000000000d:5,0.002,0.0025,0.002,0.002,2.83,2026-06-18T07:15:04,0.002,2.96
ip_shuffle,20260618T071504_833074,of:0000000000000007:2 -> of:000000000000000a:3,0.002,0.0025,0.002,0.002,2.4,2026-06-18T07:15:04,0.002,2.33
ip_shuffle,20260618T071504_833074,of:0000000000000002:2 -> of:0000000000000008:2,0.002,0.0025,0.002,0.002,2.53,2026-06-18T07:15:04,0.002,2.46
ip_shuffle,20260618T071504_833074,of:0000000000000008:1 -> of:000000000000000b:6,0.002,0.0025,0.002,0.002,1.93,2026-06-18T07:15:04,0.002,1.83
ip_shuffle,20260618T071504_833074,of:0000000000000009:1 -> of:000000000000000c:6,0.002,0.0025,0.002,0.002,1.73,2026-06-18T07:15:04,0.002,1.76
ip_shuffle,20260618T071504_833074,of:0000000000000001:2 -> of:000000000000000c:1,0.002,0.0025,0.002,0.002,2.7,2026-06-18T07:15:04,0.002,2.8
ip_shuffle,20260618T071504_833074,of:0000000000000003:2 -> of:0000000000000008:3,0.002,0.0025,0.002,0.002,2.53,2026-06-18T07:15:04,0.002,2.46
route_mutation,20260618T071608_893668,of:0000000000000005:1 -> of:000000000000000c:5,0.002,0.0025,0.002,0.001,1.5,2026-06-18T07:16:08,0.002,1.63
route_mutation,20260618T071608_893668,of:000000000000000a:1 -> of:000000000000000d:6,0.002,0.0025,0.002,0.002,1.53,2026-06-18T07:16:08,0.002,1.53
route_mutation,20260618T071608_893668,of:000000000000000b:2 -> of:000000000000000c:2,0.002,0.0025,0.002,0.002,1.73,2026-06-18T07:16:08,0.002,1.73
route_mutation,20260618T071608_893668,of:0000000000000004:2 -> of:0000000000000009:2,0.002,0.0025,0.002,0.002,1.73,2026-06-18T07:16:08,0.002,1.66
route_mutation,20260618T071608_893668,of:0000000000000005:2 -> of:0000000000000009:3,0.002,0.0025,0.002,0.002,1.66,2026-06-18T07:16:08,0.002,1.66
route_mutation,20260618T071608_893668,of:000000000000000b:3 -> of:000000000000000d:2,0.002,0.0025,0.002,0.002,1.9,2026-06-18T07:16:08,0.002,1.9
route_mutation,20260618T071608_893668,of:0000000000000004:1 -> of:000000000000000c:4,0.002,0.0025,0.002,0.002,2.16,2026-06-18T07:16:08,0.002,2.23
route_mutation,20260618T071608_893668,of:000000000000000c:3 -> of:000000000000000d:3,0.002,0.0025,0.002,0.002,1.73,2026-06-18T07:16:08,0.002,1.73
route_mutation,20260618T071608_893668,of:0000000000000001:1 -> of:000000000000000b:1,0.003,0.00375,0.003,0.003,3.53,2026-06-18T07:16:08,0.003,3.53
route_mutation,20260618T071608_893668,of:0000000000000006:1 -> of:000000000000000d:4,0.002,0.0025,0.002,0.001,1.4,2026-06-18T07:16:08,0.002,1.53
route_mutation,20260618T071608_893668,of:0000000000000002:1 -> of:000000000000000b:4,0.002,0.0025,0.002,0.002,2.66,2026-06-18T07:16:08,0.002,2.66
route_mutation,20260618T071608_893668,of:0000000000000001:3 -> of:000000000000000d:1,0.002,0.0025,0.002,0.002,1.63,2026-06-18T07:16:08,0.002,1.63
route_mutation,20260618T071608_893668,of:0000000000000006:2 -> of:000000000000000a:2,0.002,0.0025,0.002,0.001,1.6,2026-06-18T07:16:08,0.002,1.73
route_mutation,20260618T071608_893668,of:0000000000000003:1 -> of:000000000000000b:5,0.002,0.0025,0.002,0.002,2.5,2026-06-18T07:16:08,0.002,2.56
route_mutation,20260618T071608_893668,of:0000000000000007:1 -> of:000000000000000d:5,0.002,0.0025,0.002,0.002,1.66,2026-06-18T07:16:08,0.002,1.8
route_mutation,20260618T071608_893668,of:0000000000000007:2 -> of:000000000000000a:3,0.002,0.0025,0.002,0.001,1.6,2026-06-18T07:16:08,0.002,1.73
route_mutation,20260618T071608_893668,of:0000000000000002:2 -> of:0000000000000008:2,0.002,0.0025,0.002,0.002,1.66,2026-06-18T07:16:08,0.002,1.66
route_mutation,20260618T071608_893668,of:0000000000000008:1 -> of:000000000000000b:6,0.001,0.00125,0.001,0.001,1.46,2026-06-18T07:16:08,0.001,1.46
route_mutation,20260618T071608_893668,of:0000000000000009:1 -> of:000000000000000c:6,0.001,0.00125,0.001,0.001,1.46,2026-06-18T07:16:08,0.001,1.46
route_mutation,20260618T071608_893668,of:0000000000000001:2 -> of:000000000000000c:1,0.002,0.0025,0.002,0.002,2.26,2026-06-18T07:16:08,0.002,2.3
route_mutation,20260618T071608_893668,of:0000000000000003:2 -> of:0000000000000008:3,0.002,0.0025,0.002,0.002,1.73,2026-06-18T07:16:08,0.002,1.66
route_mutation,20260618T071639_139721,of:0000000000000005:1 -> of:000000000000000c:5,0.002,0.0025,0.002,0.002,2.63,2026-06-18T07:16:39,0.002,2.46
route_mutation,20260618T071639_139721,of:000000000000000a:1 -> of:000000000000000d:6,0.002,0.0025,0.002,0.002,1.83,2026-06-18T07:16:39,0.002,1.83
route_mutation,20260618T071639_139721,of:000000000000000b:2 -> of:000000000000000c:2,0.002,0.0025,0.002,0.002,2.33,2026-06-18T07:16:39,0.002,2.33
route_mutation,20260618T071639_139721,of:0000000000000004:2 -> of:0000000000000009:2,0.002,0.0025,0.002,0.002,2.53,2026-06-18T07:16:39,0.002,2.46
route_mutation,20260618T071639_139721,of:0000000000000005:2 -> of:0000000000000009:3,0.002,0.0025,0.002,0.002,2.53,2026-06-18T07:16:39,0.002,2.46
route_mutation,20260618T071639_139721,of:000000000000000b:3 -> of:000000000000000d:2,0.002,0.0025,0.002,0.002,2.33,2026-06-18T07:16:39,0.002,2.33
route_mutation,20260618T071639_139721,of:0000000000000004:1 -> of:000000000000000c:4,0.002,0.0025,0.002,0.002,2.03,2026-06-18T07:16:39,0.002,1.86
route_mutation,20260618T071639_139721,of:000000000000000c:3 -> of:000000000000000d:3,0.002,0.0025,0.002,0.002,2.33,2026-06-18T07:16:39,0.002,2.33
route_mutation,20260618T071639_139721,of:0000000000000001:1 -> of:000000000000000b:1,0.002,0.0025,0.002,0.002,1.76,2026-06-18T07:16:39,0.002,1.86
route_mutation,20260618T071639_139721,of:0000000000000006:1 -> of:000000000000000d:4,0.003,0.00375,0.003,0.003,3.1,2026-06-18T07:16:39,0.002,2.93
route_mutation,20260618T071639_139721,of:0000000000000002:1 -> of:000000000000000b:4,0.002,0.0025,0.002,0.002,1.86,2026-06-18T07:16:39,0.002,1.76
route_mutation,20260618T071639_139721,of:0000000000000001:3 -> of:000000000000000d:1,0.003,0.00375,0.003,0.003,3.9,2026-06-18T07:16:39,0.003,3.7
route_mutation,20260618T071639_139721,of:0000000000000006:2 -> of:000000000000000a:2,0.002,0.0025,0.002,0.002,2.43,2026-06-18T07:16:39,0.002,2.36
route_mutation,20260618T071639_139721,of:0000000000000003:1 -> of:000000000000000b:5,0.002,0.0025,0.002,0.002,1.93,2026-06-18T07:16:39,0.002,1.76
route_mutation,20260618T071639_139721,of:0000000000000007:1 -> of:000000000000000d:5,0.002,0.0025,0.002,0.002,2.9,2026-06-18T07:16:39,0.002,3.03
route_mutation,20260618T071639_139721,of:0000000000000007:2 -> of:000000000000000a:3,0.002,0.0025,0.002,0.002,2.43,2026-06-18T07:16:39,0.002,2.36
route_mutation,20260618T071639_139721,of:0000000000000002:2 -> of:0000000000000008:2,0.002,0.0025,0.002,0.002,2.53,2026-06-18T07:16:39,0.002,2.46
route_mutation,20260618T071639_139721,of:0000000000000008:1 -> of:000000000000000b:6,0.002,0.0025,0.002,0.002,1.93,2026-06-18T07:16:39,0.002,1.83
route_mutation,20260618T071639_139721,of:0000000000000009:1 -> of:000000000000000c:6,0.002,0.0025,0.002,0.002,1.93,2026-06-18T07:16:39,0.002,1.83
route_mutation,20260618T071639_139721,of:0000000000000001:2 -> of:000000000000000c:1,0.002,0.0025,0.002,0.002,2.63,2026-06-18T07:16:39,0.002,2.7
route_mutation,20260618T071639_139721,of:0000000000000003:2 -> of:0000000000000008:3,0.002,0.0025,0.002,0.002,2.53,2026-06-18T07:16:39,0.002,2.46
route_mutation,20260618T071709_396311,of:0000000000000005:1 -> of:000000000000000c:5,0.001,0.00125,0.001,0.001,1.33,2026-06-18T07:17:09,0.001,1.37
route_mutation,20260618T071709_396311,of:000000000000000a:1 -> of:000000000000000d:6,0.001,0.00125,0.001,0.001,1.3,2026-06-18T07:17:09,0.001,1.3
route_mutation,20260618T071709_396311,of:000000000000000b:2 -> of:000000000000000c:2,0.001,0.00125,0.001,0.001,1.4,2026-06-18T07:17:09,0.001,1.4
route_mutation,20260618T071709_396311,of:0000000000000004:2 -> of:0000000000000009:2,0.001,0.00125,0.001,0.001,1.2,2026-06-18T07:17:09,0.001,1.33
route_mutation,20260618T071709_396311,of:0000000000000005:2 -> of:0000000000000009:3,0.001,0.00125,0.001,0.001,1.27,2026-06-18T07:17:09,0.001,1.33
route_mutation,20260618T071709_396311,of:000000000000000b:3 -> of:000000000000000d:2,0.001,0.00125,0.001,0.001,1.4,2026-06-18T07:17:09,0.001,1.4
route_mutation,20260618T071709_396311,of:0000000000000004:1 -> of:000000000000000c:4,0.001,0.00125,0.001,0.001,1.27,2026-06-18T07:17:09,0.001,1.37
route_mutation,20260618T071709_396311,of:000000000000000c:3 -> of:000000000000000d:3,0.001,0.00125,0.001,0.001,1.4,2026-06-18T07:17:09,0.001,1.4
route_mutation,20260618T071709_396311,of:0000000000000001:1 -> of:000000000000000b:1,0.001,0.00125,0.001,0.001,1.37,2026-06-18T07:17:09,0.001,1.27
route_mutation,20260618T071709_396311,of:0000000000000006:1 -> of:000000000000000d:4,0.001,0.00125,0.001,0.001,1.33,2026-06-18T07:17:09,0.001,1.37
route_mutation,20260618T071709_396311,of:0000000000000002:1 -> of:000000000000000b:4,0.001,0.00125,0.001,0.001,1.27,2026-06-18T07:17:09,0.001,1.37
route_mutation,20260618T071709_396311,of:0000000000000001:3 -> of:000000000000000d:1,0.002,0.0025,0.002,0.002,1.53,2026-06-18T07:17:09,0.002,1.73
route_mutation,20260618T071709_396311,of:0000000000000006:2 -> of:000000000000000a:2,0.002,0.0025,0.002,0.002,1.43,2026-06-18T07:17:09,0.001,1.37
route_mutation,20260618T071709_396311,of:0000000000000003:1 -> of:000000000000000b:5,0.001,0.00125,0.001,0.001,1.27,2026-06-18T07:17:09,0.001,1.37
route_mutation,20260618T071709_396311,of:0000000000000007:1 -> of:000000000000000d:5,0.002,0.0025,0.002,0.002,1.76,2026-06-18T07:17:09,0.002,1.5
route_mutation,20260618T071709_396311,of:0000000000000007:2 -> of:000000000000000a:3,0.002,0.0025,0.002,0.002,1.43,2026-06-18T07:17:09,0.001,1.37
route_mutation,20260618T071709_396311,of:0000000000000002:2 -> of:0000000000000008:2,0.001,0.00125,0.001,0.001,1.27,2026-06-18T07:17:09,0.001,1.33
route_mutation,20260618T071709_396311,of:0000000000000008:1 -> of:000000000000000b:6,0.001,0.00125,0.001,0.001,1.27,2026-06-18T07:17:09,0.001,1.37
route_mutation,20260618T071709_396311,of:0000000000000009:1 -> of:000000000000000c:6,0.001,0.00125,0.001,0.001,1.27,2026-06-18T07:17:09,0.001,1.37
route_mutation,20260618T071709_396311,of:0000000000000001:2 -> of:000000000000000c:1,0.001,0.00125,0.001,0.001,1.37,2026-06-18T07:17:09,0.001,1.27
route_mutation,20260618T071709_396311,of:0000000000000003:2 -> of:0000000000000008:3,0.001,0.00125,0.001,0.001,1.2,2026-06-18T07:17:09,0.001,1.33
route_mutation,20260618T071739_687276,of:0000000000000005:1 -> of:000000000000000c:5,0.002,0.0025,0.002,0.002,1.63,2026-06-18T07:17:39,0.002,1.7
route_mutation,20260618T071739_687276,of:000000000000000a:1 -> of:000000000000000d:6,0.002,0.0025,0.002,0.002,1.66,2026-06-18T07:17:39,0.002,1.66
route_mutation,20260618T071739_687276,of:000000000000000b:2 -> of:000000000000000c:2,0.002,0.0025,0.002,0.002,1.73,2026-06-18T07:17:39,0.002,1.73
route_mutation,20260618T071739_687276,of:0000000000000004:2 -> of:0000000000000009:2,0.002,0.0025,0.002,0.002,1.73,2026-06-18T07:17:39,0.002,1.66
route_mutation,20260618T071739_687276,of:0000000000000005:2 -> of:0000000000000009:3,0.002,0.0025,0.002,0.002,1.66,2026-06-18T07:17:39,0.002,1.66
route_mutation,20260618T071739_687276,of:000000000000000b:3 -> of:000000000000000d:2,0.002,0.0025,0.002,0.002,1.73,2026-06-18T07:17:39,0.002,1.73
route_mutation,20260618T071739_687276,of:0000000000000004:1 -> of:000000000000000c:4,0.002,0.0025,0.002,0.002,2.23,2026-06-18T07:17:39,0.002,2.23
route_mutation,20260618T071739_687276,of:000000000000000c:3 -> of:000000000000000d:3,0.002,0.0025,0.002,0.002,1.73,2026-06-18T07:17:39,0.002,1.73
route_mutation,20260618T071739_687276,of:0000000000000001:1 -> of:000000000000000b:1,0.003,0.00375,0.003,0.003,3.6,2026-06-18T07:17:39,0.003,3.6
route_mutation,20260618T071739_687276,of:0000000000000006:1 -> of:000000000000000d:4,0.002,0.0025,0.002,0.001,1.4,2026-06-18T07:17:39,0.002,1.53
route_mutation,20260618T071739_687276,of:0000000000000002:1 -> of:000000000000000b:4,0.002,0.0025,0.002,0.002,2.56,2026-06-18T07:17:39,0.002,2.56
route_mutation,20260618T071739_687276,of:0000000000000001:3 -> of:000000000000000d:1,0.002,0.0025,0.002,0.002,1.53,2026-06-18T07:17:39,0.002,1.53
route_mutation,20260618T071739_687276,of:0000000000000006:2 -> of:000000000000000a:2,0.002,0.0025,0.002,0.002,1.73,2026-06-18T07:17:39,0.002,1.86
route_mutation,20260618T071739_687276,of:0000000000000003:1 -> of:000000000000000b:5,0.002,0.0025,0.002,0.002,2.5,2026-06-18T07:17:39,0.002,2.56
route_mutation,20260618T071739_687276,of:0000000000000007:1 -> of:000000000000000d:5,0.002,0.0025,0.002,0.001,1.4,2026-06-18T07:17:39,0.002,1.53
route_mutation,20260618T071739_687276,of:0000000000000007:2 -> of:000000000000000a:3,0.002,0.0025,0.002,0.002,1.73,2026-06-18T07:17:39,0.002,1.86
route_mutation,20260618T071739_687276,of:0000000000000002:2 -> of:0000000000000008:2,0.002,0.0025,0.002,0.002,1.66,2026-06-18T07:17:39,0.002,1.66
route_mutation,20260618T071739_687276,of:0000000000000008:1 -> of:000000000000000b:6,0.001,0.00125,0.001,0.001,1.46,2026-06-18T07:17:39,0.001,1.46
route_mutation,20260618T071739_687276,of:0000000000000009:1 -> of:000000000000000c:6,0.001,0.00125,0.001,0.001,1.46,2026-06-18T07:17:39,0.001,1.46
route_mutation,20260618T071739_687276,of:0000000000000001:2 -> of:000000000000000c:1,0.002,0.0025,0.002,0.002,2.33,2026-06-18T07:17:39,0.002,2.33
route_mutation,20260618T071739_687276,of:0000000000000003:2 -> of:0000000000000008:3,0.002,0.0025,0.002,0.002,1.73,2026-06-18T07:17:39,0.002,1.66
ip_shuffle,20260618T071809_963064,of:0000000000000005:1 -> of:000000000000000c:5,0.002,0.0025,0.002,0.002,2.5,2026-06-18T07:18:09,0.002,2.43
ip_shuffle,20260618T071809_963064,of:000000000000000a:1 -> of:000000000000000d:6,0.002,0.0025,0.002,0.002,1.86,2026-06-18T07:18:09,0.002,1.8
ip_shuffle,20260618T071809_963064,of:000000000000000b:2 -> of:000000000000000c:2,0.002,0.0025,0.002,0.002,2.4,2026-06-18T07:18:09,0.002,2.4
ip_shuffle,20260618T071809_963064,of:0000000000000004:2 -> of:0000000000000009:2,0.002,0.0025,0.002,0.002,2.53,2026-06-18T07:18:09,0.002,2.46
ip_shuffle,20260618T071809_963064,of:0000000000000005:2 -> of:0000000000000009:3,0.002,0.0025,0.002,0.002,2.53,2026-06-18T07:18:09,0.002,2.46
ip_shuffle,20260618T071809_963064,of:000000000000000b:3 -> of:000000000000000d:2,0.002,0.0025,0.002,0.002,2.4,2026-06-18T07:18:09,0.002,2.4
ip_shuffle,20260618T071809_963064,of:0000000000000004:1 -> of:000000000000000c:4,0.002,0.0025,0.002,0.002,1.96,2026-06-18T07:18:09,0.002,1.9
ip_shuffle,20260618T071809_963064,of:000000000000000c:3 -> of:000000000000000d:3,0.002,0.0025,0.002,0.002,2.4,2026-06-18T07:18:09,0.002,2.4
ip_shuffle,20260618T071809_963064,of:0000000000000001:1 -> of:000000000000000b:1,0.002,0.0025,0.002,0.002,1.8,2026-06-18T07:18:09,0.002,1.86
ip_shuffle,20260618T071809_963064,of:0000000000000006:1 -> of:000000000000000d:4,0.003,0.00375,0.003,0.003,3.1,2026-06-18T07:18:09,0.002,2.96
ip_shuffle,20260618T071809_963064,of:0000000000000002:1 -> of:000000000000000b:4,0.002,0.0025,0.002,0.002,1.86,2026-06-18T07:18:09,0.002,1.8
ip_shuffle,20260618T071809_963064,of:0000000000000001:3 -> of:000000000000000d:1,0.003,0.00375,0.003,0.003,4.03,2026-06-18T07:18:09,0.003,3.83
ip_shuffle,20260618T071809_963064,of:0000000000000006:2 -> of:000000000000000a:2,0.002,0.0025,0.002,0.002,2.53,2026-06-18T07:18:09,0.002,2.4
ip_shuffle,20260618T071809_963064,of:0000000000000003:1 -> of:000000000000000b:5,0.002,0.0025,0.002,0.002,1.93,2026-06-18T07:18:09,0.002,1.8
ip_shuffle,20260618T071809_963064,of:0000000000000007:1 -> of:000000000000000d:5,0.003,0.00375,0.003,0.003,3.03,2026-06-18T07:18:09,0.003,3.1
ip_shuffle,20260618T071809_963064,of:0000000000000007:2 -> of:000000000000000a:3,0.002,0.0025,0.002,0.002,2.53,2026-06-18T07:18:09,0.002,2.4
ip_shuffle,20260618T071809_963064,of:0000000000000002:2 -> of:0000000000000008:2,0.002,0.0025,0.002,0.002,2.53,2026-06-18T07:18:09,0.002,2.46
ip_shuffle,20260618T071809_963064,of:0000000000000008:1 -> of:000000000000000b:6,0.002,0.0025,0.002,0.002,1.93,2026-06-18T07:18:09,0.002,1.86
ip_shuffle,20260618T071809_963064,of:0000000000000009:1 -> of:000000000000000c:6,0.002,0.0025,0.002,0.002,1.93,2026-06-18T07:18:09,0.002,1.86
ip_shuffle,20260618T071809_963064,of:0000000000000001:2 -> of:000000000000000c:1,0.002,0.0025,0.002,0.002,2.6,2026-06-18T07:18:09,0.002,2.66
ip_shuffle,20260618T071809_963064,of:0000000000000003:2 -> of:0000000000000008:3,0.002,0.0025,0.002,0.002,2.53,2026-06-18T07:18:09,0.002,2.46
route_mutation,20260618T071907_571472,of:0000000000000005:1 -> of:000000000000000c:5,0.002,0.0025,0.002,0.002,1.63,2026-06-18T07:19:07,0.002,1.7
route_mutation,20260618T071907_571472,of:000000000000000a:1 -> of:000000000000000d:6,0.002,0.0025,0.002,0.002,1.53,2026-06-18T07:19:07,0.002,1.53
route_mutation,20260618T071907_571472,of:000000000000000b:2 -> of:000000000000000c:2,0.002,0.0025,0.002,0.002,1.86,2026-06-18T07:19:07,0.002,1.86
route_mutation,20260618T071907_571472,of:0000000000000004:2 -> of:0000000000000009:2,0.002,0.0025,0.002,0.002,1.67,2026-06-18T07:19:07,0.002,1.73
route_mutation,20260618T071907_571472,of:0000000000000005:2 -> of:0000000000000009:3,0.002,0.0025,0.002,0.002,1.67,2026-06-18T07:19:07,0.002,1.73
route_mutation,20260618T071907_571472,of:000000000000000b:3 -> of:000000000000000d:2,0.002,0.0025,0.002,0.002,1.86,2026-06-18T07:19:07,0.002,1.86
route_mutation,20260618T071907_571472,of:0000000000000004:1 -> of:000000000000000c:4,0.002,0.0025,0.002,0.002,2.23,2026-06-18T07:19:07,0.002,2.3
route_mutation,20260618T071907_571472,of:000000000000000c:3 -> of:000000000000000d:3,0.002,0.0025,0.002,0.002,1.73,2026-06-18T07:19:07,0.002,1.73
route_mutation,20260618T071907_571472,of:0000000000000001:1 -> of:000000000000000b:1,0.003,0.00375,0.003,0.003,3.66,2026-06-18T07:19:07,0.003,3.73
route_mutation,20260618T071907_571472,of:0000000000000006:1 -> of:000000000000000d:4,0.002,0.0025,0.002,0.001,1.4,2026-06-18T07:19:07,0.002,1.53
route_mutation,20260618T071907_571472,of:0000000000000002:1 -> of:000000000000000b:4,0.003,0.00375,0.003,0.002,2.63,2026-06-18T07:19:07,0.003,2.7
route_mutation,20260618T071907_571472,of:0000000000000001:3 -> of:000000000000000d:1,0.002,0.0025,0.002,0.002,1.53,2026-06-18T07:19:07,0.002,1.53
route_mutation,20260618T071907_571472,of:0000000000000006:2 -> of:000000000000000a:2,0.002,0.0025,0.002,0.002,1.67,2026-06-18T07:19:07,0.002,1.73
route_mutation,20260618T071907_571472,of:0000000000000003:1 -> of:000000000000000b:5,0.003,0.00375,0.003,0.002,2.63,2026-06-18T07:19:07,0.003,2.7
route_mutation,20260618T071907_571472,of:0000000000000007:1 -> of:000000000000000d:5,0.002,0.0025,0.002,0.001,1.4,2026-06-18T07:19:07,0.002,1.53
route_mutation,20260618T071907_571472,of:0000000000000007:2 -> of:000000000000000a:3,0.002,0.0025,0.002,0.002,1.67,2026-06-18T07:19:07,0.002,1.73
route_mutation,20260618T071907_571472,of:0000000000000002:2 -> of:0000000000000008:2,0.002,0.0025,0.002,0.002,1.67,2026-06-18T07:19:07,0.002,1.67
route_mutation,20260618T071907_571472,of:0000000000000008:1 -> of:000000000000000b:6,0.002,0.0025,0.002,0.002,1.6,2026-06-18T07:19:07,0.002,1.6
route_mutation,20260618T071907_571472,of:0000000000000009:1 -> of:000000000000000c:6,0.002,0.0025,0.002,0.002,1.53,2026-06-18T07:19:07,0.002,1.53
route_mutation,20260618T071907_571472,of:0000000000000001:2 -> of:000000000000000c:1,0.002,0.0025,0.002,0.002,2.43,2026-06-18T07:19:07,0.002,2.43
route_mutation,20260618T071907_571472,of:0000000000000003:2 -> of:0000000000000008:3,0.002,0.0025,0.002,0.002,1.73,2026-06-18T07:19:07,0.002,1.67
route_mutation,20260618T071937_793611,of:0000000000000005:1 -> of:000000000000000c:5,0.002,0.0025,0.002,0.002,2.53,2026-06-18T07:19:37,0.002,2.46
route_mutation,20260618T071937_793611,of:000000000000000a:1 -> of:000000000000000d:6,0.002,0.0025,0.002,0.002,1.9,2026-06-18T07:19:37,0.002,1.83
route_mutation,20260618T071937_793611,of:000000000000000b:2 -> of:000000000000000c:2,0.002,0.0025,0.002,0.002,2.46,2026-06-18T07:19:37,0.002,2.46
route_mutation,20260618T071937_793611,of:0000000000000004:2 -> of:0000000000000009:2,0.002,0.0025,0.002,0.002,2.6,2026-06-18T07:19:37,0.002,2.46
route_mutation,20260618T071937_793611,of:0000000000000005:2 -> of:0000000000000009:3,0.002,0.0025,0.002,0.002,2.6,2026-06-18T07:19:37,0.002,2.46
route_mutation,20260618T071937_793611,of:000000000000000b:3 -> of:000000000000000d:2,0.002,0.0025,0.002,0.002,2.46,2026-06-18T07:19:37,0.002,2.46
route_mutation,20260618T071937_793611,of:0000000000000004:1 -> of:000000000000000c:4,0.002,0.0025,0.002,0.002,1.93,2026-06-18T07:19:37,0.002,1.86
route_mutation,20260618T071937_793611,of:000000000000000c:3 -> of:000000000000000d:3,0.002,0.0025,0.002,0.002,2.46,2026-06-18T07:19:37,0.002,2.46
route_mutation,20260618T071937_793611,of:0000000000000001:1 -> of:000000000000000b:1,0.002,0.0025,0.002,0.002,1.96,2026-06-18T07:19:37,0.002,1.83
route_mutation,20260618T071937_793611,of:0000000000000006:1 -> of:000000000000000d:4,0.003,0.00375,0.003,0.003,3.1,2026-06-18T07:19:37,0.002,2.96
route_mutation,20260618T071937_793611,of:0000000000000002:1 -> of:000000000000000b:4,0.002,0.0025,0.002,0.002,1.96,2026-06-18T07:19:37,0.002,1.9
route_mutation,20260618T071937_793611,of:0000000000000001:3 -> of:000000000000000d:1,0.003,0.00375,0.003,0.003,4.06,2026-06-18T07:19:37,0.003,3.86
route_mutation,20260618T071937_793611,of:0000000000000006:2 -> of:000000000000000a:2,0.002,0.0025,0.002,0.002,2.6,2026-06-18T07:19:37,0.002,2.46
route_mutation,20260618T071937_793611,of:0000000000000003:1 -> of:000000000000000b:5,0.002,0.0025,0.002,0.002,1.96,2026-06-18T07:19:37,0.002,1.83
route_mutation,20260618T071937_793611,of:0000000000000007:1 -> of:000000000000000d:5,0.003,0.00375,0.003,0.003,3.03,2026-06-18T07:19:37,0.003,3.1
route_mutation,20260618T071937_793611,of:0000000000000007:2 -> of:000000000000000a:3,0.002,0.0025,0.002,0.002,2.6,2026-06-18T07:19:37,0.002,2.46
route_mutation,20260618T071937_793611,of:0000000000000002:2 -> of:0000000000000008:2,0.002,0.0025,0.002,0.002,2.6,2026-06-18T07:19:37,0.002,2.6
route_mutation,20260618T071937_793611,of:0000000000000008:1 -> of:000000000000000b:6,0.002,0.0025,0.002,0.002,1.9,2026-06-18T07:19:37,0.002,1.9
route_mutation,20260618T071937_793611,of:0000000000000009:1 -> of:000000000000000c:6,0.002,0.0025,0.002,0.002,1.9,2026-06-18T07:19:37,0.002,1.83
route_mutation,20260618T071937_793611,of:0000000000000001:2 -> of:000000000000000c:1,0.002,0.0025,0.002,0.002,2.6,2026-06-18T07:19:37,0.002,2.6
route_mutation,20260618T071937_793611,of:0000000000000003:2 -> of:0000000000000008:3,0.002,0.0025,0.002,0.002,2.6,2026-06-18T07:19:37,0.002,2.53
ip_shuffle,20260618T072008_013240,of:0000000000000005:1 -> of:000000000000000c:5,0.001,0.00125,0.001,0.001,1.33,2026-06-18T07:20:08,0.001,1.33
ip_shuffle,20260618T072008_013240,of:000000000000000a:1 -> of:000000000000000d:6,0.001,0.00125,0.001,0.001,1.27,2026-06-18T07:20:08,0.001,1.33
ip_shuffle,20260618T072008_013240,of:000000000000000b:2 -> of:000000000000000c:2,0.001,0.00125,0.001,0.001,1.33,2026-06-18T07:20:08,0.001,1.33
ip_shuffle,20260618T072008_013240,of:0000000000000004:2 -> of:0000000000000009:2,0.001,0.00125,0.001,0.001,1.27,2026-06-18T07:20:08,0.001,1.33
ip_shuffle,20260618T072008_013240,of:0000000000000005:2 -> of:0000000000000009:3,0.001,0.00125,0.001,0.001,1.27,2026-06-18T07:20:08,0.001,1.33
ip_shuffle,20260618T072008_013240,of:000000000000000b:3 -> of:000000000000000d:2,0.001,0.00125,0.001,0.001,1.33,2026-06-18T07:20:08,0.001,1.33
ip_shuffle,20260618T072008_013240,of:0000000000000004:1 -> of:000000000000000c:4,0.001,0.00125,0.001,0.001,1.33,2026-06-18T07:20:08,0.001,1.33
ip_shuffle,20260618T072008_013240,of:000000000000000c:3 -> of:000000000000000d:3,0.001,0.00125,0.001,0.001,1.33,2026-06-18T07:20:08,0.001,1.33
ip_shuffle,20260618T072008_013240,of:0000000000000001:1 -> of:000000000000000b:1,0.002,0.0025,0.002,0.001,1.37,2026-06-18T07:20:08,0.002,1.43
ip_shuffle,20260618T072008_013240,of:0000000000000006:1 -> of:000000000000000d:4,0.001,0.00125,0.001,0.001,1.33,2026-06-18T07:20:08,0.001,1.33
ip_shuffle,20260618T072008_013240,of:0000000000000002:1 -> of:000000000000000b:4,0.001,0.00125,0.001,0.001,1.37,2026-06-18T07:20:08,0.001,1.37
ip_shuffle,20260618T072008_013240,of:0000000000000001:3 -> of:000000000000000d:1,0.002,0.0025,0.002,0.001,1.4,2026-06-18T07:20:08,0.002,1.6
ip_shuffle,20260618T072008_013240,of:0000000000000006:2 -> of:000000000000000a:2,0.001,0.00125,0.001,0.001,1.27,2026-06-18T07:20:08,0.001,1.33
ip_shuffle,20260618T072008_013240,of:0000000000000003:1 -> of:000000000000000b:5,0.001,0.00125,0.001,0.001,1.27,2026-06-18T07:20:08,0.001,1.33
ip_shuffle,20260618T072008_013240,of:0000000000000007:1 -> of:000000000000000d:5,0.002,0.0025,0.002,0.002,1.63,2026-06-18T07:20:08,0.002,1.43
ip_shuffle,20260618T072008_013240,of:0000000000000007:2 -> of:000000000000000a:3,0.001,0.00125,0.001,0.001,1.27,2026-06-18T07:20:08,0.001,1.33
ip_shuffle,20260618T072008_013240,of:0000000000000002:2 -> of:0000000000000008:2,0.001,0.00125,0.001,0.001,1.27,2026-06-18T07:20:08,0.001,1.27
ip_shuffle,20260618T072008_013240,of:0000000000000008:1 -> of:000000000000000b:6,0.001,0.00125,0.001,0.001,1.33,2026-06-18T07:20:08,0.001,1.33
ip_shuffle,20260618T072008_013240,of:0000000000000009:1 -> of:000000000000000c:6,0.001,0.00125,0.001,0.001,1.27,2026-06-18T07:20:08,0.001,1.33
ip_shuffle,20260618T072008_013240,of:0000000000000001:2 -> of:000000000000000c:1,0.001,0.00125,0.001,0.001,1.27,2026-06-18T07:20:08,0.001,1.27
ip_shuffle,20260618T072008_013240,of:0000000000000003:2 -> of:0000000000000008:3,0.001,0.00125,0.001,0.001,1.2,2026-06-18T07:20:08,0.001,1.33
ip_shuffle,20260618T072105_661298,of:0000000000000005:1 -> of:000000000000000c:5,0.002,0.0025,0.002,0.002,2.53,2026-06-18T07:21:05,0.002,2.43
ip_shuffle,20260618T072105_661298,of:000000000000000a:1 -> of:000000000000000d:6,0.002,0.0025,0.002,0.002,1.96,2026-06-18T07:21:05,0.002,1.86
ip_shuffle,20260618T072105_661298,of:000000000000000b:2 -> of:000000000000000c:2,0.002,0.0025,0.002,0.002,2.56,2026-06-18T07:21:05,0.002,2.56
ip_shuffle,20260618T072105_661298,of:0000000000000004:2 -> of:0000000000000009:2,0.002,0.0025,0.002,0.002,2.73,2026-06-18T07:21:05,0.002,2.6
ip_shuffle,20260618T072105_661298,of:0000000000000005:2 -> of:0000000000000009:3,0.002,0.0025,0.002,0.002,2.73,2026-06-18T07:21:05,0.002,2.6
ip_shuffle,20260618T072105_661298,of:000000000000000b:3 -> of:000000000000000d:2,0.002,0.0025,0.002,0.002,2.56,2026-06-18T07:21:05,0.002,2.56
ip_shuffle,20260618T072105_661298,of:0000000000000004:1 -> of:000000000000000c:4,0.002,0.0025,0.002,0.002,2.0,2026-06-18T07:21:05,0.002,1.86
ip_shuffle,20260618T072105_661298,of:000000000000000c:3 -> of:000000000000000d:3,0.002,0.0025,0.002,0.002,2.53,2026-06-18T07:21:05,0.002,2.53
ip_shuffle,20260618T072105_661298,of:0000000000000001:1 -> of:000000000000000b:1,0.002,0.0025,0.002,0.002,2.03,2026-06-18T07:21:05,0.002,1.96
ip_shuffle,20260618T072105_661298,of:0000000000000006:1 -> of:000000000000000d:4,0.003,0.00375,0.003,0.003,3.16,2026-06-18T07:21:05,0.002,3.06
ip_shuffle,20260618T072105_661298,of:0000000000000002:1 -> of:000000000000000b:4,0.002,0.0025,0.002,0.002,2.03,2026-06-18T07:21:05,0.002,1.96
ip_shuffle,20260618T072105_661298,of:0000000000000001:3 -> of:000000000000000d:1,0.003,0.00375,0.003,0.003,3.96,2026-06-18T07:21:05,0.003,3.83
ip_shuffle,20260618T072105_661298,of:0000000000000006:2 -> of:000000000000000a:2,0.002,0.0025,0.002,0.002,2.73,2026-06-18T07:21:05,0.002,2.6
ip_shuffle,20260618T072105_661298,of:0000000000000003:1 -> of:000000000000000b:5,0.002,0.0025,0.002,0.002,2.03,2026-06-18T07:21:05,0.002,1.9
ip_shuffle,20260618T072105_661298,of:0000000000000007:1 -> of:000000000000000d:5,0.003,0.00375,0.003,0.002,2.96,2026-06-18T07:21:05,0.003,3.16
ip_shuffle,20260618T072105_661298,of:0000000000000007:2 -> of:000000000000000a:3,0.002,0.0025,0.002,0.002,2.73,2026-06-18T07:21:05,0.002,2.6
ip_shuffle,20260618T072105_661298,of:0000000000000002:2 -> of:0000000000000008:2,0.002,0.0025,0.002,0.002,2.73,2026-06-18T07:21:05,0.002,2.66
ip_shuffle,20260618T072105_661298,of:0000000000000008:1 -> of:000000000000000b:6,0.002,0.0025,0.002,0.002,1.9,2026-06-18T07:21:05,0.002,1.9
ip_shuffle,20260618T072105_661298,of:0000000000000009:1 -> of:000000000000000c:6,0.002,0.0025,0.002,0.002,1.96,2026-06-18T07:21:05,0.002,1.86
ip_shuffle,20260618T072105_661298,of:0000000000000001:2 -> of:000000000000000c:1,0.002,0.0025,0.002,0.002,2.56,2026-06-18T07:21:05,0.002,2.69
ip_shuffle,20260618T072105_661298,of:0000000000000003:2 -> of:0000000000000008:3,0.002,0.0025,0.002,0.002,2.73,2026-06-18T07:21:05,0.002,2.6
ip_shuffle,20260618T072210_761147,of:0000000000000005:1 -> of:000000000000000c:5,0.002,0.0025,0.002,0.001,1.4,2026-06-18T07:22:10,0.002,1.53
ip_shuffle,20260618T072210_761147,of:000000000000000a:1 -> of:000000000000000d:6,0.002,0.0025,0.002,0.002,1.53,2026-06-18T07:22:10,0.002,1.53
ip_shuffle,20260618T072210_761147,of:000000000000000b:2 -> of:000000000000000c:2,0.002,0.0025,0.002,0.002,1.73,2026-06-18T07:22:10,0.002,1.73
ip_shuffle,20260618T072210_761147,of:0000000000000004:2 -> of:0000000000000009:2,0.002,0.0025,0.002,0.002,1.66,2026-06-18T07:22:10,0.002,1.73
ip_shuffle,20260618T072210_761147,of:0000000000000005:2 -> of:0000000000000009:3,0.002,0.0025,0.002,0.002,1.66,2026-06-18T07:22:10,0.002,1.73
ip_shuffle,20260618T072210_761147,of:000000000000000b:3 -> of:000000000000000d:2,0.002,0.0025,0.002,0.002,1.73,2026-06-18T07:22:10,0.002,1.73
ip_shuffle,20260618T072210_761147,of:0000000000000004:1 -> of:000000000000000c:4,0.002,0.0025,0.002,0.002,1.57,2026-06-18T07:22:10,0.002,1.7
ip_shuffle,20260618T072210_761147,of:000000000000000c:3 -> of:000000000000000d:3,0.002,0.0025,0.002,0.002,1.73,2026-06-18T07:22:10,0.002,1.73
ip_shuffle,20260618T072210_761147,of:0000000000000001:1 -> of:000000000000000b:1,0.003,0.00375,0.003,0.003,3.5,2026-06-18T07:22:10,0.003,3.56
ip_shuffle,20260618T072210_761147,of:0000000000000006:1 -> of:000000000000000d:4,0.002,0.0025,0.002,0.001,1.47,2026-06-18T07:22:10,0.002,1.53
ip_shuffle,20260618T072210_761147,of:0000000000000002:1 -> of:000000000000000b:4,0.002,0.0025,0.002,0.002,2.5,2026-06-18T07:22:10,0.002,2.56
ip_shuffle,20260618T072210_761147,of:0000000000000001:3 -> of:000000000000000d:1,0.002,0.0025,0.002,0.002,1.53,2026-06-18T07:22:10,0.002,1.53
ip_shuffle,20260618T072210_761147,of:0000000000000006:2 -> of:000000000000000a:2,0.002,0.0025,0.002,0.002,1.66,2026-06-18T07:22:10,0.002,1.73
ip_shuffle,20260618T072210_761147,of:0000000000000003:1 -> of:000000000000000b:5,0.002,0.0025,0.002,0.002,2.46,2026-06-18T07:22:10,0.002,2.53
ip_shuffle,20260618T072210_761147,of:0000000000000007:1 -> of:000000000000000d:5,0.002,0.0025,0.002,0.001,1.47,2026-06-18T07:22:10,0.002,1.53
ip_shuffle,20260618T072210_761147,of:0000000000000007:2 -> of:000000000000000a:3,0.002,0.0025,0.002,0.002,1.66,2026-06-18T07:22:10,0.002,1.73
ip_shuffle,20260618T072210_761147,of:0000000000000002:2 -> of:0000000000000008:2,0.002,0.0025,0.002,0.002,1.66,2026-06-18T07:22:10,0.002,1.73
ip_shuffle,20260618T072210_761147,of:0000000000000008:1 -> of:000000000000000b:6,0.002,0.0025,0.002,0.002,1.53,2026-06-18T07:22:10,0.002,1.53
ip_shuffle,20260618T072210_761147,of:0000000000000009:1 -> of:000000000000000c:6,0.002,0.0025,0.002,0.002,1.53,2026-06-18T07:22:10,0.002,1.53
ip_shuffle,20260618T072210_761147,of:0000000000000001:2 -> of:000000000000000c:1,0.002,0.0025,0.002,0.002,1.73,2026-06-18T07:22:10,0.002,1.7
ip_shuffle,20260618T072210_761147,of:0000000000000003:2 -> of:0000000000000008:3,0.002,0.0025,0.002,0.002,1.73,2026-06-18T07:22:10,0.002,1.73
route_mutation,20260618T072308_268319,of:0000000000000005:1 -> of:000000000000000c:5,0.002,0.0025,0.002,0.002,1.6,2026-06-18T07:23:08,0.001,1.46
route_mutation,20260618T072308_268319,of:000000000000000a:1 -> of:000000000000000d:6,0.002,0.0025,0.002,0.002,1.6,2026-06-18T07:23:08,0.002,1.7
route_mutation,20260618T072308_268319,of:000000000000000b:2 -> of:000000000000000c:2,0.002,0.0025,0.002,0.002,1.76,2026-06-18T07:23:08,0.002,1.76
route_mutation,20260618T072308_268319,of:0000000000000004:2 -> of:0000000000000009:2,0.002,0.0025,0.002,0.002,1.76,2026-06-18T07:23:08,0.002,1.83
route_mutation,20260618T072308_268319,of:0000000000000005:2 -> of:0000000000000009:3,0.002,0.0025,0.002,0.002,1.76,2026-06-18T07:23:08,0.002,1.76
route_mutation,20260618T072308_268319,of:000000000000000b:3 -> of:000000000000000d:2,0.002,0.0025,0.002,0.002,1.93,2026-06-18T07:23:08,0.002,1.93
route_mutation,20260618T072308_268319,of:0000000000000004:1 -> of:000000000000000c:4,0.002,0.0025,0.002,0.002,1.6,2026-06-18T07:23:08,0.002,1.53
route_mutation,20260618T072308_268319,of:000000000000000c:3 -> of:000000000000000d:3,0.002,0.0025,0.002,0.002,1.93,2026-06-18T07:23:08,0.002,1.9
route_mutation,20260618T072308_268319,of:0000000000000001:1 -> of:000000000000000b:1,0.002,0.0025,0.002,0.001,1.5,2026-06-18T07:23:08,0.002,1.53
route_mutation,20260618T072308_268319,of:0000000000000006:1 -> of:000000000000000d:4,0.002,0.0025,0.002,0.002,1.56,2026-06-18T07:23:08,0.002,1.7
route_mutation,20260618T072308_268319,of:0000000000000002:1 -> of:000000000000000b:4,0.002,0.0025,0.002,0.002,1.53,2026-06-18T07:23:08,0.001,1.5
route_mutation,20260618T072308_268319,of:0000000000000001:3 -> of:000000000000000d:1,0.002,0.0025,0.002,0.002,2.53,2026-06-18T07:23:08,0.002,2.76
route_mutation,20260618T072308_268319,of:0000000000000006:2 -> of:000000000000000a:2,0.002,0.0025,0.002,0.002,1.73,2026-06-18T07:23:08,0.002,1.8
route_mutation,20260618T072308_268319,of:0000000000000003:1 -> of:000000000000000b:5,0.002,0.0025,0.002,0.002,1.6,2026-06-18T07:23:08,0.002,1.56
route_mutation,20260618T072308_268319,of:0000000000000007:1 -> of:000000000000000d:5,0.002,0.0025,0.002,0.002,2.76,2026-06-18T07:23:08,0.002,2.56
route_mutation,20260618T072308_268319,of:0000000000000007:2 -> of:000000000000000a:3,0.002,0.0025,0.002,0.002,1.73,2026-06-18T07:23:08,0.002,1.73
route_mutation,20260618T072308_268319,of:0000000000000002:2 -> of:0000000000000008:2,0.002,0.0025,0.002,0.002,1.76,2026-06-18T07:23:08,0.002,1.76
route_mutation,20260618T072308_268319,of:0000000000000008:1 -> of:000000000000000b:6,0.002,0.0025,0.002,0.002,1.56,2026-06-18T07:23:08,0.002,1.56
route_mutation,20260618T072308_268319,of:0000000000000009:1 -> of:000000000000000c:6,0.002,0.0025,0.002,0.002,1.56,2026-06-18T07:23:08,0.002,1.53
route_mutation,20260618T072308_268319,of:0000000000000001:2 -> of:000000000000000c:1,0.002,0.0025,0.002,0.001,1.46,2026-06-18T07:23:08,0.002,1.53
route_mutation,20260618T072308_268319,of:0000000000000003:2 -> of:0000000000000008:3,0.002,0.0025,0.002,0.002,1.76,2026-06-18T07:23:08,0.002,1.83
ip_shuffle,20260618T072338_530873,of:0000000000000005:1 -> of:000000000000000c:5,0.002,0.0025,0.002,0.001,1.4,2026-06-18T07:23:38,0.002,1.53
ip_shuffle,20260618T072338_530873,of:000000000000000a:1 -> of:000000000000000d:6,0.002,0.0025,0.002,0.002,1.6,2026-06-18T07:23:38,0.002,1.6
ip_shuffle,20260618T072338_530873,of:000000000000000b:2 -> of:000000000000000c:2,0.002,0.0025,0.002,0.002,1.73,2026-06-18T07:23:38,0.002,1.73
ip_shuffle,20260618T072338_530873,of:0000000000000004:2 -> of:0000000000000009:2,0.002,0.0025,0.002,0.002,1.66,2026-06-18T07:23:38,0.002,1.73
ip_shuffle,20260618T072338_530873,of:0000000000000005:2 -> of:0000000000000009:3,0.002,0.0025,0.002,0.002,1.66,2026-06-18T07:23:38,0.002,1.73
ip_shuffle,20260618T072338_530873,of:000000000000000b:3 -> of:000000000000000d:2,0.002,0.0025,0.002,0.002,1.8,2026-06-18T07:23:38,0.002,1.8
ip_shuffle,20260618T072338_530873,of:0000000000000004:1 -> of:000000000000000c:4,0.002,0.0025,0.002,0.001,1.43,2026-06-18T07:23:38,0.002,1.56
ip_shuffle,20260618T072338_530873,of:000000000000000c:3 -> of:000000000000000d:3,0.002,0.0025,0.002,0.002,1.8,2026-06-18T07:23:38,0.002,1.8
ip_shuffle,20260618T072338_530873,of:0000000000000001:1 -> of:000000000000000b:1,0.003,0.00375,0.003,0.003,3.4,2026-06-18T07:23:38,0.003,3.46
ip_shuffle,20260618T072338_530873,of:0000000000000006:1 -> of:000000000000000d:4,0.002,0.0025,0.002,0.002,1.53,2026-06-18T07:23:38,0.002,1.6
ip_shuffle,20260618T072338_530873,of:0000000000000002:1 -> of:000000000000000b:4,0.002,0.0025,0.002,0.002,2.5,2026-06-18T07:23:38,0.002,2.56
ip_shuffle,20260618T072338_530873,of:0000000000000001:3 -> of:000000000000000d:1,0.002,0.0025,0.002,0.002,1.66,2026-06-18T07:23:38,0.002,1.6
ip_shuffle,20260618T072338_530873,of:0000000000000006:2 -> of:000000000000000a:2,0.002,0.0025,0.002,0.002,1.66,2026-06-18T07:23:38,0.002,1.73
ip_shuffle,20260618T072338_530873,of:0000000000000003:1 -> of:000000000000000b:5,0.002,0.0025,0.002,0.002,2.36,2026-06-18T07:23:38,0.002,2.5
ip_shuffle,20260618T072338_530873,of:0000000000000007:1 -> of:000000000000000d:5,0.002,0.0025,0.002,0.002,1.53,2026-06-18T07:23:38,0.002,1.6
ip_shuffle,20260618T072338_530873,of:0000000000000007:2 -> of:000000000000000a:3,0.002,0.0025,0.002,0.002,1.66,2026-06-18T07:23:38,0.002,1.73
ip_shuffle,20260618T072338_530873,of:0000000000000002:2 -> of:0000000000000008:2,0.002,0.0025,0.002,0.002,1.66,2026-06-18T07:23:38,0.002,1.73
ip_shuffle,20260618T072338_530873,of:0000000000000008:1 -> of:000000000000000b:6,0.002,0.0025,0.002,0.002,1.53,2026-06-18T07:23:38,0.002,1.53
ip_shuffle,20260618T072338_530873,of:0000000000000009:1 -> of:000000000000000c:6,0.002,0.0025,0.002,0.002,1.53,2026-06-18T07:23:38,0.002,1.53
ip_shuffle,20260618T072338_530873,of:0000000000000001:2 -> of:000000000000000c:1,0.002,0.0025,0.002,0.002,1.56,2026-06-18T07:23:38,0.002,1.56
ip_shuffle,20260618T072338_530873,of:0000000000000003:2 -> of:0000000000000008:3,0.002,0.0025,0.002,0.002,1.66,2026-06-18T07:23:38,0.002,1.73
route_mutation,20260618T072437_110406,of:0000000000000005:1 -> of:000000000000000c:5,0.002,0.0025,0.002,0.002,1.63,2026-06-18T07:24:37,0.002,1.53
route_mutation,20260618T072437_110406,of:000000000000000a:1 -> of:000000000000000d:6,0.002,0.0025,0.002,0.002,1.6,2026-06-18T07:24:37,0.002,1.57
route_mutation,20260618T072437_110406,of:000000000000000b:2 -> of:000000000000000c:2,0.002,0.0025,0.002,0.002,1.86,2026-06-18T07:24:37,0.002,1.86
route_mutation,20260618T072437_110406,of:0000000000000004:2 -> of:0000000000000009:2,0.002,0.0025,0.002,0.002,1.83,2026-06-18T07:24:37,0.002,1.9
route_mutation,20260618T072437_110406,of:0000000000000005:2 -> of:0000000000000009:3,0.002,0.0025,0.002,0.002,1.83,2026-06-18T07:24:37,0.002,1.83
route_mutation,20260618T072437_110406,of:000000000000000b:3 -> of:000000000000000d:2,0.002,0.0025,0.002,0.002,1.83,2026-06-18T07:24:37,0.002,1.83
route_mutation,20260618T072437_110406,of:0000000000000004:1 -> of:000000000000000c:4,0.002,0.0025,0.002,0.002,1.63,2026-06-18T07:24:37,0.002,1.6
route_mutation,20260618T072437_110406,of:000000000000000c:3 -> of:000000000000000d:3,0.002,0.0025,0.002,0.002,1.83,2026-06-18T07:24:37,0.002,1.83
route_mutation,20260618T072437_110406,of:0000000000000001:1 -> of:000000000000000b:1,0.002,0.0025,0.002,0.002,1.53,2026-06-18T07:24:37,0.002,1.57
route_mutation,20260618T072437_110406,of:0000000000000006:1 -> of:000000000000000d:4,0.002,0.0025,0.002,0.002,1.63,2026-06-18T07:24:37,0.002,1.57
route_mutation,20260618T072437_110406,of:0000000000000002:1 -> of:000000000000000b:4,0.002,0.0025,0.002,0.002,1.57,2026-06-18T07:24:37,0.002,1.53
route_mutation,20260618T072437_110406,of:0000000000000001:3 -> of:000000000000000d:1,0.002,0.0025,0.002,0.002,2.63,2026-06-18T07:24:37,0.002,2.53
route_mutation,20260618T072437_110406,of:0000000000000006:2 -> of:000000000000000a:2,0.002,0.0025,0.002,0.002,1.83,2026-06-18T07:24:37,0.002,1.9
route_mutation,20260618T072437_110406,of:0000000000000003:1 -> of:000000000000000b:5,0.002,0.0025,0.002,0.002,1.63,2026-06-18T07:24:37,0.002,1.6
route_mutation,20260618T072437_110406,of:0000000000000007:1 -> of:000000000000000d:5,0.002,0.0025,0.002,0.002,2.53,2026-06-18T07:24:37,0.002,2.5
route_mutation,20260618T072437_110406,of:0000000000000007:2 -> of:000000000000000a:3,0.002,0.0025,0.002,0.002,1.8,2026-06-18T07:24:37,0.002,1.8
route_mutation,20260618T072437_110406,of:0000000000000002:2 -> of:0000000000000008:2,0.002,0.0025,0.002,0.002,1.83,2026-06-18T07:24:37,0.002,1.83
route_mutation,20260618T072437_110406,of:0000000000000008:1 -> of:000000000000000b:6,0.002,0.0025,0.002,0.002,1.6,2026-06-18T07:24:37,0.002,1.6
route_mutation,20260618T072437_110406,of:0000000000000009:1 -> of:000000000000000c:6,0.002,0.0025,0.002,0.002,1.6,2026-06-18T07:24:37,0.002,1.6
route_mutation,20260618T072437_110406,of:0000000000000001:2 -> of:000000000000000c:1,0.002,0.0025,0.002,0.002,1.53,2026-06-18T07:24:37,0.002,1.57
route_mutation,20260618T072437_110406,of:0000000000000003:2 -> of:0000000000000008:3,0.002,0.0025,0.002,0.002,1.83,2026-06-18T07:24:37,0.002,1.9
route_mutation,20260618T072507_362853,of:0000000000000005:1 -> of:000000000000000c:5,0.002,0.0025,0.002,0.001,1.4,2026-06-18T07:25:07,0.002,1.53
route_mutation,20260618T072507_362853,of:000000000000000a:1 -> of:000000000000000d:6,0.002,0.0025,0.002,0.002,1.53,2026-06-18T07:25:07,0.002,1.53
route_mutation,20260618T072507_362853,of:000000000000000b:2 -> of:000000000000000c:2,0.002,0.0025,0.002,0.002,1.73,2026-06-18T07:25:07,0.002,1.73
route_mutation,20260618T072507_362853,of:0000000000000004:2 -> of:0000000000000009:2,0.002,0.0025,0.002,0.002,1.67,2026-06-18T07:25:07,0.002,1.73
route_mutation,20260618T072507_362853,of:0000000000000005:2 -> of:0000000000000009:3,0.002,0.0025,0.002,0.002,1.67,2026-06-18T07:25:07,0.002,1.73
route_mutation,20260618T072507_362853,of:000000000000000b:3 -> of:000000000000000d:2,0.002,0.0025,0.002,0.002,1.73,2026-06-18T07:25:07,0.002,1.73
route_mutation,20260618T072507_362853,of:0000000000000004:1 -> of:000000000000000c:4,0.002,0.0025,0.002,0.001,1.4,2026-06-18T07:25:07,0.002,1.53
route_mutation,20260618T072507_362853,of:000000000000000c:3 -> of:000000000000000d:3,0.002,0.0025,0.002,0.002,1.73,2026-06-18T07:25:07,0.002,1.73
route_mutation,20260618T072507_362853,of:0000000000000001:1 -> of:000000000000000b:1,0.003,0.00375,0.003,0.003,3.3,2026-06-18T07:25:07,0.003,3.36
route_mutation,20260618T072507_362853,of:0000000000000006:1 -> of:000000000000000d:4,0.002,0.0025,0.002,0.001,1.4,2026-06-18T07:25:07,0.002,1.53
route_mutation,20260618T072507_362853,of:0000000000000002:1 -> of:000000000000000b:4,0.002,0.0025,0.002,0.002,2.5,2026-06-18T07:25:07,0.002,2.56
route_mutation,20260618T072507_362853,of:0000000000000001:3 -> of:000000000000000d:1,0.002,0.0025,0.002,0.002,1.53,2026-06-18T07:25:07,0.002,1.53
route_mutation,20260618T072507_362853,of:0000000000000006:2 -> of:000000000000000a:2,0.002,0.0025,0.002,0.002,1.67,2026-06-18T07:25:07,0.002,1.73
route_mutation,20260618T072507_362853,of:0000000000000003:1 -> of:000000000000000b:5,0.002,0.0025,0.002,0.002,2.26,2026-06-18T07:25:07,0.002,2.4
route_mutation,20260618T072507_362853,of:0000000000000007:1 -> of:000000000000000d:5,0.002,0.0025,0.002,0.001,1.47,2026-06-18T07:25:07,0.002,1.53
route_mutation,20260618T072507_362853,of:0000000000000007:2 -> of:000000000000000a:3,0.002,0.0025,0.002,0.002,1.73,2026-06-18T07:25:07,0.002,1.73
route_mutation,20260618T072507_362853,of:0000000000000002:2 -> of:0000000000000008:2,0.002,0.0025,0.002,0.002,1.67,2026-06-18T07:25:07,0.002,1.73
route_mutation,20260618T072507_362853,of:0000000000000008:1 -> of:000000000000000b:6,0.002,0.0025,0.002,0.002,1.53,2026-06-18T07:25:07,0.002,1.53
route_mutation,20260618T072507_362853,of:0000000000000009:1 -> of:000000000000000c:6,0.002,0.0025,0.002,0.002,1.53,2026-06-18T07:25:07,0.002,1.53
route_mutation,20260618T072507_362853,of:0000000000000001:2 -> of:000000000000000c:1,0.002,0.0025,0.002,0.002,1.53,2026-06-18T07:25:07,0.002,1.53
route_mutation,20260618T072507_362853,of:0000000000000003:2 -> of:0000000000000008:3,0.002,0.0025,0.002,0.002,1.67,2026-06-18T07:25:07,0.002,1.73
route_mutation,20260618T072537_616472,of:0000000000000005:1 -> of:000000000000000c:5,0.002,0.0025,0.002,0.002,2.5,2026-06-18T07:25:37,0.002,2.46
route_mutation,20260618T072537_616472,of:000000000000000a:1 -> of:000000000000000d:6,0.002,0.0025,0.002,0.002,1.66,2026-06-18T07:25:37,0.002,1.7
route_mutation,20260618T072537_616472,of:000000000000000b:2 -> of:000000000000000c:2,0.002,0.0025,0.002,0.002,2.0,2026-06-18T07:25:37,0.002,2.0
route_mutation,20260618T072537_616472,of:0000000000000004:2 -> of:0000000000000009:2,0.002,0.0025,0.002,0.002,2.1,2026-06-18T07:25:37,0.002,2.03
route_mutation,20260618T072537_616472,of:0000000000000005:2 -> of:0000000000000009:3,0.002,0.0025,0.002,0.002,2.1,2026-06-18T07:25:37,0.002,2.03
route_mutation,20260618T072537_616472,of:000000000000000b:3 -> of:000000000000000d:2,0.002,0.0025,0.002,0.002,2.1,2026-06-18T07:25:37,0.002,2.1
route_mutation,20260618T072537_616472,of:0000000000000004:1 -> of:000000000000000c:4,0.002,0.0025,0.002,0.002,2.5,2026-06-18T07:25:37,0.002,2.46
route_mutation,20260618T072537_616472,of:000000000000000c:3 -> of:000000000000000d:3,0.002,0.0025,0.002,0.002,2.1,2026-06-18T07:25:37,0.002,2.1
route_mutation,20260618T072537_616472,of:0000000000000001:1 -> of:000000000000000b:1,0.002,0.0025,0.002,0.002,1.96,2026-06-18T07:25:37,0.002,1.86
route_mutation,20260618T072537_616472,of:0000000000000006:1 -> of:000000000000000d:4,0.002,0.0025,0.002,0.002,2.8,2026-06-18T07:25:37,0.002,2.83
route_mutation,20260618T072537_616472,of:0000000000000002:1 -> of:000000000000000b:4,0.002,0.0025,0.002,0.002,1.7,2026-06-18T07:25:37,0.002,1.66
route_mutation,20260618T072537_616472,of:0000000000000001:3 -> of:000000000000000d:1,0.003,0.00375,0.003,0.002,2.83,2026-06-18T07:25:37,0.003,3.0
route_mutation,20260618T072537_616472,of:0000000000000006:2 -> of:000000000000000a:2,0.002,0.0025,0.002,0.002,2.13,2026-06-18T07:25:37,0.002,2.06
route_mutation,20260618T072537_616472,of:0000000000000003:1 -> of:000000000000000b:5,0.002,0.0025,0.002,0.002,1.86,2026-06-18T07:25:37,0.002,1.76
route_mutation,20260618T072537_616472,of:0000000000000007:1 -> of:000000000000000d:5,0.002,0.0025,0.002,0.002,1.86,2026-06-18T07:25:37,0.002,1.86
route_mutation,20260618T072537_616472,of:0000000000000007:2 -> of:000000000000000a:3,0.002,0.0025,0.002,0.002,2.06,2026-06-18T07:25:37,0.002,2.06
route_mutation,20260618T072537_616472,of:0000000000000002:2 -> of:0000000000000008:2,0.002,0.0025,0.002,0.002,2.1,2026-06-18T07:25:37,0.002,2.03
route_mutation,20260618T072537_616472,of:0000000000000008:1 -> of:000000000000000b:6,0.001,0.00125,0.001,0.001,1.6,2026-06-18T07:25:37,0.001,1.6
route_mutation,20260618T072537_616472,of:0000000000000009:1 -> of:000000000000000c:6,0.001,0.00125,0.001,0.001,1.6,2026-06-18T07:25:37,0.001,1.6
route_mutation,20260618T072537_616472,of:0000000000000001:2 -> of:000000000000000c:1,0.003,0.00375,0.003,0.003,3.26,2026-06-18T07:25:37,0.003,3.23
route_mutation,20260618T072537_616472,of:0000000000000003:2 -> of:0000000000000008:3,0.002,0.0025,0.002,0.002,2.1,2026-06-18T07:25:37,0.002,1.96
route_mutation,20260618T072607_798196,of:0000000000000005:1 -> of:000000000000000c:5,0.002,0.0025,0.002,0.002,1.66,2026-06-18T07:26:07,0.002,1.56
route_mutation,20260618T072607_798196,of:000000000000000a:1 -> of:000000000000000d:6,0.002,0.0025,0.002,0.002,1.56,2026-06-18T07:26:07,0.002,1.53
route_mutation,20260618T072607_798196,of:000000000000000b:2 -> of:000000000000000c:2,0.002,0.0025,0.002,0.002,1.93,2026-06-18T07:26:07,0.002,1.93
route_mutation,20260618T072607_798196,of:0000000000000004:2 -> of:0000000000000009:2,0.002,0.0025,0.002,0.002,1.89,2026-06-18T07:26:07,0.002,1.89
route_mutation,20260618T072607_798196,of:0000000000000005:2 -> of:0000000000000009:3,0.002,0.0025,0.002,0.002,1.89,2026-06-18T07:26:07,0.002,1.89
route_mutation,20260618T072607_798196,of:000000000000000b:3 -> of:000000000000000d:2,0.002,0.0025,0.002,0.002,1.83,2026-06-18T07:26:07,0.002,1.83
route_mutation,20260618T072607_798196,of:0000000000000004:1 -> of:000000000000000c:4,0.002,0.0025,0.002,0.002,1.66,2026-06-18T07:26:07,0.002,1.56
route_mutation,20260618T072607_798196,of:000000000000000c:3 -> of:000000000000000d:3,0.002,0.0025,0.002,0.002,1.83,2026-06-18T07:26:07,0.002,1.83
route_mutation,20260618T072607_798196,of:0000000000000001:1 -> of:000000000000000b:1,0.002,0.0025,0.002,0.002,1.56,2026-06-18T07:26:07,0.002,1.59
route_mutation,20260618T072607_798196,of:0000000000000006:1 -> of:000000000000000d:4,0.002,0.0025,0.002,0.002,1.66,2026-06-18T07:26:07,0.001,1.49
route_mutation,20260618T072607_798196,of:0000000000000002:1 -> of:000000000000000b:4,0.002,0.0025,0.002,0.002,1.66,2026-06-18T07:26:07,0.002,1.56
route_mutation,20260618T072607_798196,of:0000000000000001:3 -> of:000000000000000d:1,0.002,0.0025,0.002,0.002,2.69,2026-06-18T07:26:07,0.002,2.52
route_mutation,20260618T072607_798196,of:0000000000000006:2 -> of:000000000000000a:2,0.002,0.0025,0.002,0.002,1.86,2026-06-18T07:26:07,0.002,1.86
route_mutation,20260618T072607_798196,of:0000000000000003:1 -> of:000000000000000b:5,0.002,0.0025,0.002,0.002,1.66,2026-06-18T07:26:07,0.002,1.63
route_mutation,20260618T072607_798196,of:0000000000000007:1 -> of:000000000000000d:5,0.002,0.0025,0.002,0.002,2.62,2026-06-18T07:26:07,0.002,2.56
route_mutation,20260618T072607_798196,of:0000000000000007:2 -> of:000000000000000a:3,0.002,0.0025,0.002,0.002,1.86,2026-06-18T07:26:07,0.002,1.86
route_mutation,20260618T072607_798196,of:0000000000000002:2 -> of:0000000000000008:2,0.002,0.0025,0.002,0.002,1.96,2026-06-18T07:26:07,0.002,1.89
route_mutation,20260618T072607_798196,of:0000000000000008:1 -> of:000000000000000b:6,0.002,0.0025,0.002,0.002,1.63,2026-06-18T07:26:07,0.002,1.63
route_mutation,20260618T072607_798196,of:0000000000000009:1 -> of:000000000000000c:6,0.002,0.0025,0.002,0.002,1.63,2026-06-18T07:26:07,0.002,1.63
route_mutation,20260618T072607_798196,of:0000000000000001:2 -> of:000000000000000c:1,0.002,0.0025,0.002,0.002,1.56,2026-06-18T07:26:07,0.002,1.59
route_mutation,20260618T072607_798196,of:0000000000000003:2 -> of:0000000000000008:3,0.002,0.0025,0.002,0.002,1.96,2026-06-18T07:26:07,0.002,1.96
route_mutation,20260618T072638_048515,of:0000000000000005:1 -> of:000000000000000c:5,0.002,0.0025,0.002,0.001,1.4,2026-06-18T07:26:38,0.002,1.53
route_mutation,20260618T072638_048515,of:000000000000000a:1 -> of:000000000000000d:6,0.002,0.0025,0.002,0.002,1.53,2026-06-18T07:26:38,0.002,1.53
route_mutation,20260618T072638_048515,of:000000000000000b:2 -> of:000000000000000c:2,0.002,0.0025,0.002,0.002,1.73,2026-06-18T07:26:38,0.002,1.73
route_mutation,20260618T072638_048515,of:0000000000000004:2 -> of:0000000000000009:2,0.002,0.0025,0.002,0.002,1.66,2026-06-18T07:26:38,0.002,1.73
route_mutation,20260618T072638_048515,of:0000000000000005:2 -> of:0000000000000009:3,0.002,0.0025,0.002,0.002,1.66,2026-06-18T07:26:38,0.002,1.73
route_mutation,20260618T072638_048515,of:000000000000000b:3 -> of:000000000000000d:2,0.002,0.0025,0.002,0.002,1.73,2026-06-18T07:26:38,0.002,1.73
route_mutation,20260618T072638_048515,of:0000000000000004:1 -> of:000000000000000c:4,0.002,0.0025,0.002,0.001,1.4,2026-06-18T07:26:38,0.002,1.53
route_mutation,20260618T072638_048515,of:000000000000000c:3 -> of:000000000000000d:3,0.002,0.0025,0.002,0.002,1.73,2026-06-18T07:26:38,0.002,1.73
route_mutation,20260618T072638_048515,of:0000000000000001:1 -> of:000000000000000b:1,0.003,0.00375,0.003,0.003,3.2,2026-06-18T07:26:38,0.003,3.2
route_mutation,20260618T072638_048515,of:0000000000000006:1 -> of:000000000000000d:4,0.002,0.0025,0.002,0.001,1.4,2026-06-18T07:26:38,0.002,1.53
route_mutation,20260618T072638_048515,of:0000000000000002:1 -> of:000000000000000b:4,0.002,0.0025,0.002,0.002,2.5,2026-06-18T07:26:38,0.002,2.56
route_mutation,20260618T072638_048515,of:0000000000000001:3 -> of:000000000000000d:1,0.002,0.0025,0.002,0.002,1.53,2026-06-18T07:26:38,0.002,1.53
route_mutation,20260618T072638_048515,of:0000000000000006:2 -> of:000000000000000a:2,0.002,0.0025,0.002,0.002,1.66,2026-06-18T07:26:38,0.002,1.73
route_mutation,20260618T072638_048515,of:0000000000000003:1 -> of:000000000000000b:5,0.002,0.0025,0.002,0.002,2.1,2026-06-18T07:26:38,0.002,2.23
route_mutation,20260618T072638_048515,of:0000000000000007:1 -> of:000000000000000d:5,0.002,0.0025,0.002,0.001,1.47,2026-06-18T07:26:38,0.002,1.53
route_mutation,20260618T072638_048515,of:0000000000000007:2 -> of:000000000000000a:3,0.002,0.0025,0.002,0.002,1.73,2026-06-18T07:26:38,0.002,1.73
route_mutation,20260618T072638_048515,of:0000000000000002:2 -> of:0000000000000008:2,0.002,0.0025,0.002,0.001,1.6,2026-06-18T07:26:38,0.002,1.73
route_mutation,20260618T072638_048515,of:0000000000000008:1 -> of:000000000000000b:6,0.002,0.0025,0.002,0.002,1.53,2026-06-18T07:26:38,0.002,1.53
route_mutation,20260618T072638_048515,of:0000000000000009:1 -> of:000000000000000c:6,0.002,0.0025,0.002,0.002,1.53,2026-06-18T07:26:38,0.002,1.53
route_mutation,20260618T072638_048515,of:0000000000000001:2 -> of:000000000000000c:1,0.002,0.0025,0.002,0.002,1.53,2026-06-18T07:26:38,0.002,1.53
route_mutation,20260618T072638_048515,of:0000000000000003:2 -> of:0000000000000008:3,0.002,0.0025,0.002,0.001,1.6,2026-06-18T07:26:38,0.002,1.73
ip_shuffle,20260618T072708_294040,of:0000000000000005:1 -> of:000000000000000c:5,0.002,0.0025,0.002,0.002,2.46,2026-06-18T07:27:08,0.002,2.43
ip_shuffle,20260618T072708_294040,of:000000000000000a:1 -> of:000000000000000d:6,0.002,0.0025,0.002,0.002,1.63,2026-06-18T07:27:08,0.002,1.66
ip_shuffle,20260618T072708_294040,of:000000000000000b:2 -> of:000000000000000c:2,0.002,0.0025,0.002,0.002,1.93,2026-06-18T07:27:08,0.002,1.93
ip_shuffle,20260618T072708_294040,of:0000000000000004:2 -> of:0000000000000009:2,0.002,0.0025,0.002,0.002,2.03,2026-06-18T07:27:08,0.002,1.96
ip_shuffle,20260618T072708_294040,of:0000000000000005:2 -> of:0000000000000009:3,0.002,0.0025,0.002,0.002,2.03,2026-06-18T07:27:08,0.002,1.96
ip_shuffle,20260618T072708_294040,of:000000000000000b:3 -> of:000000000000000d:2,0.002,0.0025,0.002,0.002,2.03,2026-06-18T07:27:08,0.002,2.03
ip_shuffle,20260618T072708_294040,of:0000000000000004:1 -> of:000000000000000c:4,0.002,0.0025,0.002,0.002,2.46,2026-06-18T07:27:08,0.002,2.43
ip_shuffle,20260618T072708_294040,of:000000000000000c:3 -> of:000000000000000d:3,0.002,0.0025,0.002,0.002,2.03,2026-06-18T07:27:08,0.002,2.03
ip_shuffle,20260618T072708_294040,of:0000000000000001:1 -> of:000000000000000b:1,0.002,0.0025,0.002,0.002,2.06,2026-06-18T07:27:08,0.002,2.0
ip_shuffle,20260618T072708_294040,of:0000000000000006:1 -> of:000000000000000d:4,0.002,0.0025,0.002,0.002,2.73,2026-06-18T07:27:08,0.002,2.8
ip_shuffle,20260618T072708_294040,of:0000000000000002:1 -> of:000000000000000b:4,0.002,0.0025,0.002,0.002,1.6,2026-06-18T07:27:08,0.002,1.63
ip_shuffle,20260618T072708_294040,of:0000000000000001:3 -> of:000000000000000d:1,0.002,0.0025,0.002,0.002,2.63,2026-06-18T07:27:08,0.002,2.76
ip_shuffle,20260618T072708_294040,of:0000000000000006:2 -> of:000000000000000a:2,0.002,0.0025,0.002,0.002,2.03,2026-06-18T07:27:08,0.002,1.96
ip_shuffle,20260618T072708_294040,of:0000000000000003:1 -> of:000000000000000b:5,0.002,0.0025,0.002,0.002,2.0,2026-06-18T07:27:08,0.002,1.9
ip_shuffle,20260618T072708_294040,of:0000000000000007:1 -> of:000000000000000d:5,0.002,0.0025,0.002,0.002,1.8,2026-06-18T07:27:08,0.002,1.83
ip_shuffle,20260618T072708_294040,of:0000000000000007:2 -> of:000000000000000a:3,0.002,0.0025,0.002,0.002,2.03,2026-06-18T07:27:08,0.002,2.03
ip_shuffle,20260618T072708_294040,of:0000000000000002:2 -> of:0000000000000008:2,0.002,0.0025,0.002,0.002,2.06,2026-06-18T07:27:08,0.002,2.0
ip_shuffle,20260618T072708_294040,of:0000000000000008:1 -> of:000000000000000b:6,0.001,0.00125,0.001,0.001,1.56,2026-06-18T07:27:08,0.001,1.56
ip_shuffle,20260618T072708_294040,of:0000000000000009:1 -> of:000000000000000c:6,0.001,0.00125,0.001,0.001,1.56,2026-06-18T07:27:08,0.001,1.56
ip_shuffle,20260618T072708_294040,of:0000000000000001:2 -> of:000000000000000c:1,0.003,0.00375,0.003,0.003,3.26,2026-06-18T07:27:08,0.003,3.2
ip_shuffle,20260618T072708_294040,of:0000000000000003:2 -> of:0000000000000008:3,0.002,0.0025,0.002,0.002,2.03,2026-06-18T07:27:08,0.002,1.9
ip_shuffle,20260618T072818_960152,of:0000000000000005:1 -> of:000000000000000c:5,0.001,0.00125,0.001,0.001,1.2,2026-06-18T07:28:18,0.001,1.33
ip_shuffle,20260618T072818_960152,of:000000000000000a:1 -> of:000000000000000d:6,0.001,0.00125,0.001,0.001,1.33,2026-06-18T07:28:18,0.001,1.33
ip_shuffle,20260618T072818_960152,of:000000000000000b:2 -> of:000000000000000c:2,0.001,0.00125,0.001,0.001,1.33,2026-06-18T07:28:18,0.001,1.33
ip_shuffle,20260618T072818_960152,of:0000000000000004:2 -> of:0000000000000009:2,0.001,0.00125,0.001,0.001,1.2,2026-06-18T07:28:18,0.001,1.33
ip_shuffle,20260618T072818_960152,of:0000000000000005:2 -> of:0000000000000009:3,0.001,0.00125,0.001,0.001,1.2,2026-06-18T07:28:18,0.001,1.33
ip_shuffle,20260618T072818_960152,of:000000000000000b:3 -> of:000000000000000d:2,0.002,0.0025,0.002,0.002,1.4,2026-06-18T07:28:18,0.002,1.4
ip_shuffle,20260618T072818_960152,of:0000000000000004:1 -> of:000000000000000c:4,0.001,0.00125,0.001,0.001,1.2,2026-06-18T07:28:18,0.001,1.33
ip_shuffle,20260618T072818_960152,of:000000000000000c:3 -> of:000000000000000d:3,0.001,0.00125,0.001,0.001,1.33,2026-06-18T07:28:18,0.001,1.33
ip_shuffle,20260618T072818_960152,of:0000000000000001:1 -> of:000000000000000b:1,0.002,0.0025,0.002,0.002,2.2,2026-06-18T07:28:18,0.002,2.26
ip_shuffle,20260618T072818_960152,of:0000000000000006:1 -> of:000000000000000d:4,0.002,0.0025,0.002,0.002,1.4,2026-06-18T07:28:18,0.002,1.47
ip_shuffle,20260618T072818_960152,of:0000000000000002:1 -> of:000000000000000b:4,0.002,0.0025,0.002,0.002,2.2,2026-06-18T07:28:18,0.002,2.26
ip_shuffle,20260618T072818_960152,of:0000000000000001:3 -> of:000000000000000d:1,0.002,0.0025,0.002,0.001,1.33,2026-06-18T07:28:18,0.002,1.4
ip_shuffle,20260618T072818_960152,of:0000000000000006:2 -> of:000000000000000a:2,0.001,0.00125,0.001,0.001,1.33,2026-06-18T07:28:18,0.001,1.33
ip_shuffle,20260618T072818_960152,of:0000000000000003:1 -> of:000000000000000b:5,0.002,0.0025,0.002,0.001,1.27,2026-06-18T07:28:18,0.002,1.4
ip_shuffle,20260618T072818_960152,of:0000000000000007:1 -> of:000000000000000d:5,0.001,0.00125,0.001,0.001,1.27,2026-06-18T07:28:18,0.001,1.33
ip_shuffle,20260618T072818_960152,of:0000000000000007:2 -> of:000000000000000a:3,0.001,0.00125,0.001,0.001,1.33,2026-06-18T07:28:18,0.001,1.33
ip_shuffle,20260618T072818_960152,of:0000000000000002:2 -> of:0000000000000008:2,0.001,0.00125,0.001,0.001,1.2,2026-06-18T07:28:18,0.001,1.33
ip_shuffle,20260618T072818_960152,of:0000000000000008:1 -> of:000000000000000b:6,0.001,0.00125,0.001,0.001,1.33,2026-06-18T07:28:18,0.001,1.33
ip_shuffle,20260618T072818_960152,of:0000000000000009:1 -> of:000000000000000c:6,0.001,0.00125,0.001,0.001,1.33,2026-06-18T07:28:18,0.001,1.33
ip_shuffle,20260618T072818_960152,of:0000000000000001:2 -> of:000000000000000c:1,0.001,0.00125,0.001,0.001,1.27,2026-06-18T07:28:18,0.001,1.33
ip_shuffle,20260618T072818_960152,of:0000000000000003:2 -> of:0000000000000008:3,0.001,0.00125,0.001,0.001,1.2,2026-06-18T07:28:18,0.001,1.33
route_mutation,20260618T072916_473562,of:0000000000000005:1 -> of:000000000000000c:5,0.002,0.0025,0.002,0.002,1.9,2026-06-18T07:29:16,0.002,1.73
route_mutation,20260618T072916_473562,of:000000000000000a:1 -> of:000000000000000d:6,0.002,0.0025,0.002,0.002,1.8,2026-06-18T07:29:16,0.002,1.8
route_mutation,20260618T072916_473562,of:000000000000000b:2 -> of:000000000000000c:2,0.002,0.0025,0.002,0.002,2.33,2026-06-18T07:29:16,0.002,2.33
route_mutation,20260618T072916_473562,of:0000000000000004:2 -> of:0000000000000009:2,0.002,0.0025,0.002,0.002,2.43,2026-06-18T07:29:16,0.002,2.36
route_mutation,20260618T072916_473562,of:0000000000000005:2 -> of:0000000000000009:3,0.002,0.0025,0.002,0.002,2.43,2026-06-18T07:29:16,0.002,2.36
route_mutation,20260618T072916_473562,of:000000000000000b:3 -> of:000000000000000d:2,0.002,0.0025,0.002,0.002,2.33,2026-06-18T07:29:16,0.002,2.33
route_mutation,20260618T072916_473562,of:0000000000000004:1 -> of:000000000000000c:4,0.002,0.0025,0.002,0.002,1.9,2026-06-18T07:29:16,0.002,1.73
route_mutation,20260618T072916_473562,of:000000000000000c:3 -> of:000000000000000d:3,0.002,0.0025,0.002,0.002,2.26,2026-06-18T07:29:16,0.002,2.26
route_mutation,20260618T072916_473562,of:0000000000000001:1 -> of:000000000000000b:1,0.002,0.0025,0.002,0.002,1.86,2026-06-18T07:29:16,0.002,1.86
route_mutation,20260618T072916_473562,of:0000000000000006:1 -> of:000000000000000d:4,0.002,0.0025,0.002,0.002,2.33,2026-06-18T07:29:16,0.002,2.23
route_mutation,20260618T072916_473562,of:0000000000000002:1 -> of:000000000000000b:4,0.002,0.0025,0.002,0.002,1.93,2026-06-18T07:29:16,0.002,1.8
route_mutation,20260618T072916_473562,of:0000000000000001:3 -> of:000000000000000d:1,0.003,0.00375,0.003,0.003,3.63,2026-06-18T07:29:16,0.003,3.46
route_mutation,20260618T072916_473562,of:0000000000000006:2 -> of:000000000000000a:2,0.002,0.0025,0.002,0.002,2.36,2026-06-18T07:29:16,0.002,2.36
route_mutation,20260618T072916_473562,of:0000000000000003:1 -> of:000000000000000b:5,0.002,0.0025,0.002,0.002,1.93,2026-06-18T07:29:16,0.002,1.8
route_mutation,20260618T072916_473562,of:0000000000000007:1 -> of:000000000000000d:5,0.003,0.00375,0.003,0.003,3.1,2026-06-18T07:29:16,0.002,2.93
route_mutation,20260618T072916_473562,of:0000000000000007:2 -> of:000000000000000a:3,0.002,0.0025,0.002,0.002,2.36,2026-06-18T07:29:16,0.002,2.36
route_mutation,20260618T072916_473562,of:0000000000000002:2 -> of:0000000000000008:2,0.002,0.0025,0.002,0.002,2.5,2026-06-18T07:29:16,0.002,2.43
route_mutation,20260618T072916_473562,of:0000000000000008:1 -> of:000000000000000b:6,0.002,0.0025,0.002,0.002,1.86,2026-06-18T07:29:16,0.002,1.86
route_mutation,20260618T072916_473562,of:0000000000000009:1 -> of:000000000000000c:6,0.002,0.0025,0.002,0.002,1.8,2026-06-18T07:29:16,0.002,1.8
route_mutation,20260618T072916_473562,of:0000000000000001:2 -> of:000000000000000c:1,0.002,0.0025,0.002,0.002,1.86,2026-06-18T07:29:16,0.002,1.8
route_mutation,20260618T072916_473562,of:0000000000000003:2 -> of:0000000000000008:3,0.002,0.0025,0.002,0.002,2.5,2026-06-18T07:29:16,0.002,2.43
ip_shuffle,20260618T072946_709404,of:0000000000000005:1 -> of:000000000000000c:5,0.001,0.00125,0.001,0.001,1.23,2026-06-18T07:29:46,0.001,1.36
ip_shuffle,20260618T072946_709404,of:000000000000000a:1 -> of:000000000000000d:6,0.002,0.0025,0.002,0.002,1.36,2026-06-18T07:29:46,0.002,1.36
ip_shuffle,20260618T072946_709404,of:000000000000000b:2 -> of:000000000000000c:2,0.002,0.0025,0.002,0.002,1.4,2026-06-18T07:29:46,0.002,1.4
ip_shuffle,20260618T072946_709404,of:0000000000000004:2 -> of:0000000000000009:2,0.002,0.0025,0.002,0.001,1.26,2026-06-18T07:29:46,0.002,1.4
ip_shuffle,20260618T072946_709404,of:0000000000000005:2 -> of:0000000000000009:3,0.002,0.0025,0.002,0.001,1.26,2026-06-18T07:29:46,0.002,1.4
ip_shuffle,20260618T072946_709404,of:000000000000000b:3 -> of:000000000000000d:2,0.002,0.0025,0.002,0.002,1.5,2026-06-18T07:29:46,0.002,1.5
ip_shuffle,20260618T072946_709404,of:0000000000000004:1 -> of:000000000000000c:4,0.001,0.00125,0.001,0.001,1.23,2026-06-18T07:29:46,0.001,1.36
ip_shuffle,20260618T072946_709404,of:000000000000000c:3 -> of:000000000000000d:3,0.002,0.0025,0.002,0.002,1.4,2026-06-18T07:29:46,0.002,1.4
ip_shuffle,20260618T072946_709404,of:0000000000000001:1 -> of:000000000000000b:1,0.002,0.0025,0.002,0.002,2.3,2026-06-18T07:29:46,0.002,2.4
ip_shuffle,20260618T072946_709404,of:0000000000000006:1 -> of:000000000000000d:4,0.002,0.0025,0.002,0.002,1.46,2026-06-18T07:29:46,0.002,1.53
ip_shuffle,20260618T072946_709404,of:0000000000000002:1 -> of:000000000000000b:4,0.002,0.0025,0.002,0.002,2.3,2026-06-18T07:29:46,0.002,2.36
ip_shuffle,20260618T072946_709404,of:0000000000000001:3 -> of:000000000000000d:1,0.002,0.0025,0.002,0.001,1.36,2026-06-18T07:29:46,0.002,1.43
ip_shuffle,20260618T072946_709404,of:0000000000000006:2 -> of:000000000000000a:2,0.002,0.0025,0.002,0.002,1.4,2026-06-18T07:29:46,0.002,1.4
ip_shuffle,20260618T072946_709404,of:0000000000000003:1 -> of:000000000000000b:5,0.002,0.0025,0.002,0.001,1.36,2026-06-18T07:29:46,0.002,1.5
ip_shuffle,20260618T072946_709404,of:0000000000000007:1 -> of:000000000000000d:5,0.001,0.00125,0.001,0.001,1.3,2026-06-18T07:29:46,0.001,1.36
ip_shuffle,20260618T072946_709404,of:0000000000000007:2 -> of:000000000000000a:3,0.002,0.0025,0.002,0.002,1.4,2026-06-18T07:29:46,0.002,1.4
ip_shuffle,20260618T072946_709404,of:0000000000000002:2 -> of:0000000000000008:2,0.002,0.0025,0.002,0.001,1.26,2026-06-18T07:29:46,0.002,1.4
ip_shuffle,20260618T072946_709404,of:0000000000000008:1 -> of:000000000000000b:6,0.001,0.00125,0.001,0.001,1.36,2026-06-18T07:29:46,0.001,1.36
ip_shuffle,20260618T072946_709404,of:0000000000000009:1 -> of:000000000000000c:6,0.001,0.00125,0.001,0.001,1.36,2026-06-18T07:29:46,0.001,1.36
ip_shuffle,20260618T072946_709404,of:0000000000000001:2 -> of:000000000000000c:1,0.001,0.00125,0.001,0.001,1.3,2026-06-18T07:29:46,0.001,1.36
ip_shuffle,20260618T072946_709404,of:0000000000000003:2 -> of:0000000000000008:3,0.002,0.0025,0.002,0.001,1.26,2026-06-18T07:29:46,0.002,1.4
route_mutation,20260618T073050_703614,of:0000000000000005:1 -> of:000000000000000c:5,0.002,0.0025,0.002,0.002,2.06,2026-06-18T07:30:50,0.002,1.93
route_mutation,20260618T073050_703614,of:000000000000000a:1 -> of:000000000000000d:6,0.002,0.0025,0.002,0.002,1.96,2026-06-18T07:30:50,0.002,1.96
route_mutation,20260618T073050_703614,of:000000000000000b:2 -> of:000000000000000c:2,0.002,0.0025,0.002,0.002,2.66,2026-06-18T07:30:50,0.002,2.66
route_mutation,20260618T073050_703614,of:0000000000000004:2 -> of:0000000000000009:2,0.002,0.0025,0.002,0.002,2.73,2026-06-18T07:30:50,0.002,2.66
route_mutation,20260618T073050_703614,of:0000000000000005:2 -> of:0000000000000009:3,0.002,0.0025,0.002,0.002,2.73,2026-06-18T07:30:50,0.002,2.66
route_mutation,20260618T073050_703614,of:000000000000000b:3 -> of:000000000000000d:2,0.002,0.0025,0.002,0.002,2.66,2026-06-18T07:30:50,0.002,2.66
route_mutation,20260618T073050_703614,of:0000000000000004:1 -> of:000000000000000c:4,0.002,0.0025,0.002,0.002,2.03,2026-06-18T07:30:50,0.002,1.9
route_mutation,20260618T073050_703614,of:000000000000000c:3 -> of:000000000000000d:3,0.002,0.0025,0.002,0.002,2.59,2026-06-18T07:30:50,0.002,2.59
route_mutation,20260618T073050_703614,of:0000000000000001:1 -> of:000000000000000b:1,0.002,0.0025,0.002,0.002,2.03,2026-06-18T07:30:50,0.002,1.96
route_mutation,20260618T073050_703614,of:0000000000000006:1 -> of:000000000000000d:4,0.003,0.00375,0.003,0.003,3.03,2026-06-18T07:30:50,0.002,2.89
route_mutation,20260618T073050_703614,of:0000000000000002:1 -> of:000000000000000b:4,0.002,0.0025,0.002,0.002,2.03,2026-06-18T07:30:50,0.002,1.96
route_mutation,20260618T073050_703614,of:0000000000000001:3 -> of:000000000000000d:1,0.003,0.00375,0.003,0.003,4.16,2026-06-18T07:30:50,0.003,4.02
route_mutation,20260618T073050_703614,of:0000000000000006:2 -> of:000000000000000a:2,0.002,0.0025,0.002,0.002,2.73,2026-06-18T07:30:50,0.002,2.66
route_mutation,20260618T073050_703614,of:0000000000000003:1 -> of:000000000000000b:5,0.002,0.0025,0.002,0.002,2.03,2026-06-18T07:30:50,0.002,1.96
route_mutation,20260618T073050_703614,of:0000000000000007:1 -> of:000000000000000d:5,0.003,0.00375,0.003,0.003,3.13,2026-06-18T07:30:50,0.002,2.99
route_mutation,20260618T073050_703614,of:0000000000000007:2 -> of:000000000000000a:3,0.002,0.0025,0.002,0.002,2.73,2026-06-18T07:30:50,0.002,2.66
route_mutation,20260618T073050_703614,of:0000000000000002:2 -> of:0000000000000008:2,0.002,0.0025,0.002,0.002,2.73,2026-06-18T07:30:50,0.002,2.66
route_mutation,20260618T073050_703614,of:0000000000000008:1 -> of:000000000000000b:6,0.002,0.0025,0.002,0.002,2.03,2026-06-18T07:30:50,0.002,2.03
route_mutation,20260618T073050_703614,of:0000000000000009:1 -> of:000000000000000c:6,0.002,0.0025,0.002,0.002,1.96,2026-06-18T07:30:50,0.002,1.96
route_mutation,20260618T073050_703614,of:0000000000000001:2 -> of:000000000000000c:1,0.002,0.0025,0.002,0.002,2.13,2026-06-18T07:30:50,0.002,2.0
route_mutation,20260618T073050_703614,of:0000000000000003:2 -> of:0000000000000008:3,0.002,0.0025,0.002,0.002,2.73,2026-06-18T07:30:50,0.002,2.66
route_mutation,20260618T073120_942553,of:0000000000000005:1 -> of:000000000000000c:5,0.001,0.00125,0.001,0.001,1.27,2026-06-18T07:31:20,0.001,1.33
route_mutation,20260618T073120_942553,of:000000000000000a:1 -> of:000000000000000d:6,0.001,0.00125,0.001,0.001,1.33,2026-06-18T07:31:20,0.001,1.33
route_mutation,20260618T073120_942553,of:000000000000000b:2 -> of:000000000000000c:2,0.001,0.00125,0.001,0.001,1.33,2026-06-18T07:31:20,0.001,1.33
route_mutation,20260618T073120_942553,of:0000000000000004:2 -> of:0000000000000009:2,0.001,0.00125,0.001,0.001,1.2,2026-06-18T07:31:20,0.001,1.33
route_mutation,20260618T073120_942553,of:0000000000000005:2 -> of:0000000000000009:3,0.001,0.00125,0.001,0.001,1.27,2026-06-18T07:31:20,0.001,1.33
route_mutation,20260618T073120_942553,of:000000000000000b:3 -> of:000000000000000d:2,0.001,0.00125,0.001,0.001,1.33,2026-06-18T07:31:20,0.001,1.33
route_mutation,20260618T073120_942553,of:0000000000000004:1 -> of:000000000000000c:4,0.001,0.00125,0.001,0.001,1.2,2026-06-18T07:31:20,0.001,1.33
route_mutation,20260618T073120_942553,of:000000000000000c:3 -> of:000000000000000d:3,0.001,0.00125,0.001,0.001,1.33,2026-06-18T07:31:20,0.001,1.33
route_mutation,20260618T073120_942553,of:0000000000000001:1 -> of:000000000000000b:1,0.002,0.0025,0.002,0.002,1.46,2026-06-18T07:31:20,0.002,1.53
route_mutation,20260618T073120_942553,of:0000000000000006:1 -> of:000000000000000d:4,0.001,0.00125,0.001,0.001,1.27,2026-06-18T07:31:20,0.001,1.33
route_mutation,20260618T073120_942553,of:0000000000000002:1 -> of:000000000000000b:4,0.002,0.0025,0.002,0.002,1.46,2026-06-18T07:31:20,0.002,1.53
route_mutation,20260618T073120_942553,of:0000000000000001:3 -> of:000000000000000d:1,0.001,0.00125,0.001,0.001,1.3,2026-06-18T07:31:20,0.001,1.36
route_mutation,20260618T073120_942553,of:0000000000000006:2 -> of:000000000000000a:2,0.001,0.00125,0.001,0.001,1.27,2026-06-18T07:31:20,0.001,1.33
route_mutation,20260618T073120_942553,of:0000000000000003:1 -> of:000000000000000b:5,0.001,0.00125,0.001,0.001,1.2,2026-06-18T07:31:20,0.001,1.33
route_mutation,20260618T073120_942553,of:0000000000000007:1 -> of:000000000000000d:5,0.001,0.00125,0.001,0.001,1.3,2026-06-18T07:31:20,0.001,1.36
route_mutation,20260618T073120_942553,of:0000000000000007:2 -> of:000000000000000a:3,0.001,0.00125,0.001,0.001,1.27,2026-06-18T07:31:20,0.001,1.33
route_mutation,20260618T073120_942553,of:0000000000000002:2 -> of:0000000000000008:2,0.001,0.00125,0.001,0.001,1.27,2026-06-18T07:31:20,0.001,1.33
route_mutation,20260618T073120_942553,of:0000000000000008:1 -> of:000000000000000b:6,0.001,0.00125,0.001,0.001,1.33,2026-06-18T07:31:20,0.001,1.33
route_mutation,20260618T073120_942553,of:0000000000000009:1 -> of:000000000000000c:6,0.001,0.00125,0.001,0.001,1.33,2026-06-18T07:31:20,0.001,1.33
route_mutation,20260618T073120_942553,of:0000000000000001:2 -> of:000000000000000c:1,0.001,0.00125,0.001,0.001,1.27,2026-06-18T07:31:20,0.001,1.33
route_mutation,20260618T073120_942553,of:0000000000000003:2 -> of:0000000000000008:3,0.001,0.00125,0.001,0.001,1.2,2026-06-18T07:31:20,0.001,1.33
route_mutation,20260618T073151_204022,of:0000000000000005:1 -> of:000000000000000c:5,0.002,0.0025,0.002,0.002,2.16,2026-06-18T07:31:51,0.002,2.23
route_mutation,20260618T073151_204022,of:000000000000000a:1 -> of:000000000000000d:6,0.001,0.00125,0.001,0.001,1.36,2026-06-18T07:31:51,0.001,1.36
route_mutation,20260618T073151_204022,of:000000000000000b:2 -> of:000000000000000c:2,0.002,0.0025,0.002,0.002,1.53,2026-06-18T07:31:51,0.002,1.53
route_mutation,20260618T073151_204022,of:0000000000000004:2 -> of:0000000000000009:2,0.002,0.0025,0.002,0.002,1.56,2026-06-18T07:31:51,0.001,1.5
route_mutation,20260618T073151_204022,of:0000000000000005:2 -> of:0000000000000009:3,0.001,0.00125,0.001,0.001,1.5,2026-06-18T07:31:51,0.001,1.5
route_mutation,20260618T073151_204022,of:000000000000000b:3 -> of:000000000000000d:2,0.002,0.0025,0.002,0.002,1.66,2026-06-18T07:31:51,0.002,1.66
route_mutation,20260618T073151_204022,of:0000000000000004:1 -> of:000000000000000c:4,0.002,0.0025,0.002,0.002,2.26,2026-06-18T07:31:51,0.002,2.26
route_mutation,20260618T073151_204022,of:000000000000000c:3 -> of:000000000000000d:3,0.002,0.0025,0.002,0.002,1.53,2026-06-18T07:31:51,0.002,1.53
route_mutation,20260618T073151_204022,of:0000000000000001:1 -> of:000000000000000b:1,0.003,0.00375,0.003,0.003,3.16,2026-06-18T07:31:51,0.003,3.23
route_mutation,20260618T073151_204022,of:0000000000000006:1 -> of:000000000000000d:4,0.002,0.0025,0.002,0.002,1.76,2026-06-18T07:31:51,0.002,1.83
route_mutation,20260618T073151_204022,of:0000000000000002:1 -> of:000000000000000b:4,0.002,0.0025,0.002,0.002,2.26,2026-06-18T07:31:51,0.002,2.33
route_mutation,20260618T073151_204022,of:0000000000000001:3 -> of:000000000000000d:1,0.002,0.0025,0.002,0.002,1.6,2026-06-18T07:31:51,0.002,1.66
route_mutation,20260618T073151_204022,of:0000000000000006:2 -> of:000000000000000a:2,0.001,0.00125,0.001,0.001,1.5,2026-06-18T07:31:51,0.001,1.5
route_mutation,20260618T073151_204022,of:0000000000000003:1 -> of:000000000000000b:5,0.002,0.0025,0.002,0.002,2.46,2026-06-18T07:31:51,0.002,2.46
route_mutation,20260618T073151_204022,of:0000000000000007:1 -> of:000000000000000d:5,0.002,0.0025,0.002,0.001,1.36,2026-06-18T07:31:51,0.002,1.43
route_mutation,20260618T073151_204022,of:0000000000000007:2 -> of:000000000000000a:3,0.001,0.00125,0.001,0.001,1.46,2026-06-18T07:31:51,0.001,1.46
route_mutation,20260618T073151_204022,of:0000000000000002:2 -> of:0000000000000008:2,0.001,0.00125,0.001,0.001,1.46,2026-06-18T07:31:51,0.001,1.46
route_mutation,20260618T073151_204022,of:0000000000000008:1 -> of:000000000000000b:6,0.001,0.00125,0.001,0.001,1.36,2026-06-18T07:31:51,0.001,1.36
route_mutation,20260618T073151_204022,of:0000000000000009:1 -> of:000000000000000c:6,0.001,0.00125,0.001,0.001,1.36,2026-06-18T07:31:51,0.001,1.36
route_mutation,20260618T073151_204022,of:0000000000000001:2 -> of:000000000000000c:1,0.003,0.00375,0.003,0.003,2.93,2026-06-18T07:31:51,0.003,3.0
route_mutation,20260618T073151_204022,of:0000000000000003:2 -> of:0000000000000008:3,0.002,0.0025,0.002,0.002,1.53,2026-06-18T07:31:51,0.001,1.46
route_mutation,20260618T073221_373103,of:0000000000000005:1 -> of:000000000000000c:5,0.002,0.0025,0.002,0.002,2.03,2026-06-18T07:32:21,0.002,1.9
route_mutation,20260618T073221_373103,of:000000000000000a:1 -> of:000000000000000d:6,0.002,0.0025,0.002,0.002,1.96,2026-06-18T07:32:21,0.002,1.96
route_mutation,20260618T073221_373103,of:000000000000000b:2 -> of:000000000000000c:2,0.002,0.0025,0.002,0.002,2.6,2026-06-18T07:32:21,0.002,2.6
route_mutation,20260618T073221_373103,of:0000000000000004:2 -> of:0000000000000009:2,0.002,0.0025,0.002,0.002,2.73,2026-06-18T07:32:21,0.002,2.66
route_mutation,20260618T073221_373103,of:0000000000000005:2 -> of:0000000000000009:3,0.002,0.0025,0.002,0.002,2.73,2026-06-18T07:32:21,0.002,2.66
route_mutation,20260618T073221_373103,of:000000000000000b:3 -> of:000000000000000d:2,0.002,0.0025,0.002,0.002,2.6,2026-06-18T07:32:21,0.002,2.6
route_mutation,20260618T073221_373103,of:0000000000000004:1 -> of:000000000000000c:4,0.002,0.0025,0.002,0.002,2.03,2026-06-18T07:32:21,0.002,1.9
route_mutation,20260618T073221_373103,of:000000000000000c:3 -> of:000000000000000d:3,0.002,0.0025,0.002,0.002,2.6,2026-06-18T07:32:21,0.002,2.6
route_mutation,20260618T073221_373103,of:0000000000000001:1 -> of:000000000000000b:1,0.002,0.0025,0.002,0.002,2.03,2026-06-18T07:32:21,0.002,1.9
route_mutation,20260618T073221_373103,of:0000000000000006:1 -> of:000000000000000d:4,0.002,0.0025,0.002,0.002,3.0,2026-06-18T07:32:21,0.002,2.86
route_mutation,20260618T073221_373103,of:0000000000000002:1 -> of:000000000000000b:4,0.002,0.0025,0.002,0.002,2.03,2026-06-18T07:32:21,0.002,1.9
route_mutation,20260618T073221_373103,of:0000000000000001:3 -> of:000000000000000d:1,0.003,0.00375,0.003,0.003,4.19,2026-06-18T07:32:21,0.003,4.06
route_mutation,20260618T073221_373103,of:0000000000000006:2 -> of:000000000000000a:2,0.002,0.0025,0.002,0.002,2.73,2026-06-18T07:32:21,0.002,2.66
route_mutation,20260618T073221_373103,of:0000000000000003:1 -> of:000000000000000b:5,0.002,0.0025,0.002,0.002,2.03,2026-06-18T07:32:21,0.002,1.9
route_mutation,20260618T073221_373103,of:0000000000000007:1 -> of:000000000000000d:5,0.003,0.00375,0.003,0.003,3.23,2026-06-18T07:32:21,0.002,3.1
route_mutation,20260618T073221_373103,of:0000000000000007:2 -> of:000000000000000a:3,0.002,0.0025,0.002,0.002,2.73,2026-06-18T07:32:21,0.002,2.66
route_mutation,20260618T073221_373103,of:0000000000000002:2 -> of:0000000000000008:2,0.002,0.0025,0.002,0.002,2.73,2026-06-18T07:32:21,0.002,2.66
route_mutation,20260618T073221_373103,of:0000000000000008:1 -> of:000000000000000b:6,0.002,0.0025,0.002,0.002,1.96,2026-06-18T07:32:21,0.002,1.96
route_mutation,20260618T073221_373103,of:0000000000000009:1 -> of:000000000000000c:6,0.002,0.0025,0.002,0.002,1.96,2026-06-18T07:32:21,0.002,1.96
route_mutation,20260618T073221_373103,of:0000000000000001:2 -> of:000000000000000c:1,0.002,0.0025,0.002,0.002,2.06,2026-06-18T07:32:21,0.002,1.93
route_mutation,20260618T073221_373103,of:0000000000000003:2 -> of:0000000000000008:3,0.002,0.0025,0.002,0.002,2.73,2026-06-18T07:32:21,0.002,2.66
ip_shuffle,20260618T073251_627389,of:0000000000000005:1 -> of:000000000000000c:5,0.001,0.00125,0.001,0.001,1.26,2026-06-18T07:32:51,0.001,1.33
ip_shuffle,20260618T073251_627389,of:000000000000000a:1 -> of:000000000000000d:6,0.001,0.00125,0.001,0.001,1.33,2026-06-18T07:32:51,0.001,1.33
ip_shuffle,20260618T073251_627389,of:000000000000000b:2 -> of:000000000000000c:2,0.001,0.00125,0.001,0.001,1.33,2026-06-18T07:32:51,0.001,1.33
ip_shuffle,20260618T073251_627389,of:0000000000000004:2 -> of:0000000000000009:2,0.001,0.00125,0.001,0.001,1.2,2026-06-18T07:32:51,0.001,1.33
ip_shuffle,20260618T073251_627389,of:0000000000000005:2 -> of:0000000000000009:3,0.001,0.00125,0.001,0.001,1.26,2026-06-18T07:32:51,0.001,1.33
ip_shuffle,20260618T073251_627389,of:000000000000000b:3 -> of:000000000000000d:2,0.001,0.00125,0.001,0.001,1.33,2026-06-18T07:32:51,0.001,1.33
ip_shuffle,20260618T073251_627389,of:0000000000000004:1 -> of:000000000000000c:4,0.001,0.00125,0.001,0.001,1.2,2026-06-18T07:32:51,0.001,1.33
ip_shuffle,20260618T073251_627389,of:000000000000000c:3 -> of:000000000000000d:3,0.001,0.00125,0.001,0.001,1.33,2026-06-18T07:32:51,0.001,1.33
ip_shuffle,20260618T073251_627389,of:0000000000000001:1 -> of:000000000000000b:1,0.002,0.0025,0.002,0.002,1.56,2026-06-18T07:32:51,0.002,1.6
ip_shuffle,20260618T073251_627389,of:0000000000000006:1 -> of:000000000000000d:4,0.001,0.00125,0.001,0.001,1.26,2026-06-18T07:32:51,0.001,1.33
ip_shuffle,20260618T073251_627389,of:0000000000000002:1 -> of:000000000000000b:4,0.002,0.0025,0.002,0.002,1.56,2026-06-18T07:32:51,0.002,1.63
ip_shuffle,20260618T073251_627389,of:0000000000000001:3 -> of:000000000000000d:1,0.001,0.00125,0.001,0.001,1.3,2026-06-18T07:32:51,0.001,1.36
ip_shuffle,20260618T073251_627389,of:0000000000000006:2 -> of:000000000000000a:2,0.001,0.00125,0.001,0.001,1.26,2026-06-18T07:32:51,0.001,1.33
ip_shuffle,20260618T073251_627389,of:0000000000000003:1 -> of:000000000000000b:5,0.001,0.00125,0.001,0.001,1.2,2026-06-18T07:32:51,0.001,1.33
ip_shuffle,20260618T073251_627389,of:0000000000000007:1 -> of:000000000000000d:5,0.001,0.00125,0.001,0.001,1.26,2026-06-18T07:32:51,0.001,1.33
ip_shuffle,20260618T073251_627389,of:0000000000000007:2 -> of:000000000000000a:3,0.001,0.00125,0.001,0.001,1.26,2026-06-18T07:32:51,0.001,1.33
ip_shuffle,20260618T073251_627389,of:0000000000000002:2 -> of:0000000000000008:2,0.001,0.00125,0.001,0.001,1.26,2026-06-18T07:32:51,0.001,1.33
ip_shuffle,20260618T073251_627389,of:0000000000000008:1 -> of:000000000000000b:6,0.001,0.00125,0.001,0.001,1.33,2026-06-18T07:32:51,0.001,1.33
ip_shuffle,20260618T073251_627389,of:0000000000000009:1 -> of:000000000000000c:6,0.001,0.00125,0.001,0.001,1.33,2026-06-18T07:32:51,0.001,1.33
ip_shuffle,20260618T073251_627389,of:0000000000000001:2 -> of:000000000000000c:1,0.001,0.00125,0.001,0.001,1.26,2026-06-18T07:32:51,0.001,1.33
ip_shuffle,20260618T073251_627389,of:0000000000000003:2 -> of:0000000000000008:3,0.001,0.00125,0.001,0.001,1.2,2026-06-18T07:32:51,0.001,1.33
route_mutation,20260618T073349_174600,of:0000000000000005:1 -> of:000000000000000c:5,0.002,0.0025,0.002,0.002,2.03,2026-06-18T07:33:49,0.002,1.9
route_mutation,20260618T073349_174600,of:000000000000000a:1 -> of:000000000000000d:6,0.002,0.0025,0.002,0.002,1.9,2026-06-18T07:33:49,0.002,1.9
route_mutation,20260618T073349_174600,of:000000000000000b:2 -> of:000000000000000c:2,0.002,0.0025,0.002,0.002,2.6,2026-06-18T07:33:49,0.002,2.6
route_mutation,20260618T073349_174600,of:0000000000000004:2 -> of:0000000000000009:2,0.002,0.0025,0.002,0.002,2.73,2026-06-18T07:33:49,0.002,2.66
route_mutation,20260618T073349_174600,of:0000000000000005:2 -> of:0000000000000009:3,0.002,0.0025,0.002,0.002,2.73,2026-06-18T07:33:49,0.002,2.66
route_mutation,20260618T073349_174600,of:000000000000000b:3 -> of:000000000000000d:2,0.002,0.0025,0.002,0.002,2.6,2026-06-18T07:33:49,0.002,2.6
route_mutation,20260618T073349_174600,of:0000000000000004:1 -> of:000000000000000c:4,0.002,0.0025,0.002,0.002,2.03,2026-06-18T07:33:49,0.002,1.9
route_mutation,20260618T073349_174600,of:000000000000000c:3 -> of:000000000000000d:3,0.002,0.0025,0.002,0.002,2.6,2026-06-18T07:33:49,0.002,2.6
route_mutation,20260618T073349_174600,of:0000000000000001:1 -> of:000000000000000b:1,0.002,0.0025,0.002,0.002,2.03,2026-06-18T07:33:49,0.002,1.9
route_mutation,20260618T073349_174600,of:0000000000000006:1 -> of:000000000000000d:4,0.002,0.0025,0.002,0.002,2.93,2026-06-18T07:33:49,0.002,2.8
route_mutation,20260618T073349_174600,of:0000000000000002:1 -> of:000000000000000b:4,0.002,0.0025,0.002,0.002,2.03,2026-06-18T07:33:49,0.002,1.9
route_mutation,20260618T073349_174600,of:0000000000000001:3 -> of:000000000000000d:1,0.003,0.00375,0.003,0.003,4.13,2026-06-18T07:33:49,0.003,3.99
route_mutation,20260618T073349_174600,of:0000000000000006:2 -> of:000000000000000a:2,0.002,0.0025,0.002,0.002,2.73,2026-06-18T07:33:49,0.002,2.6
route_mutation,20260618T073349_174600,of:0000000000000003:1 -> of:000000000000000b:5,0.002,0.0025,0.002,0.002,2.03,2026-06-18T07:33:49,0.002,1.9
route_mutation,20260618T073349_174600,of:0000000000000007:1 -> of:000000000000000d:5,0.003,0.00375,0.003,0.003,3.23,2026-06-18T07:33:49,0.002,3.1
route_mutation,20260618T073349_174600,of:0000000000000007:2 -> of:000000000000000a:3,0.002,0.0025,0.002,0.002,2.73,2026-06-18T07:33:49,0.002,2.6
route_mutation,20260618T073349_174600,of:0000000000000002:2 -> of:0000000000000008:2,0.002,0.0025,0.002,0.002,2.73,2026-06-18T07:33:49,0.002,2.66
route_mutation,20260618T073349_174600,of:0000000000000008:1 -> of:000000000000000b:6,0.002,0.0025,0.002,0.002,1.96,2026-06-18T07:33:49,0.002,1.96
route_mutation,20260618T073349_174600,of:0000000000000009:1 -> of:000000000000000c:6,0.002,0.0025,0.002,0.002,1.96,2026-06-18T07:33:49,0.002,1.96
route_mutation,20260618T073349_174600,of:0000000000000001:2 -> of:000000000000000c:1,0.002,0.0025,0.002,0.002,2.06,2026-06-18T07:33:49,0.002,1.93
route_mutation,20260618T073349_174600,of:0000000000000003:2 -> of:0000000000000008:3,0.002,0.0025,0.002,0.002,2.73,2026-06-18T07:33:49,0.002,2.66
ip_shuffle,20260618T073419_411421,of:0000000000000005:1 -> of:000000000000000c:5,0.001,0.00125,0.001,0.001,1.26,2026-06-18T07:34:19,0.001,1.33
ip_shuffle,20260618T073419_411421,of:000000000000000a:1 -> of:000000000000000d:6,0.001,0.00125,0.001,0.001,1.33,2026-06-18T07:34:19,0.001,1.33
ip_shuffle,20260618T073419_411421,of:000000000000000b:2 -> of:000000000000000c:2,0.001,0.00125,0.001,0.001,1.33,2026-06-18T07:34:19,0.001,1.33
ip_shuffle,20260618T073419_411421,of:0000000000000004:2 -> of:0000000000000009:2,0.001,0.00125,0.001,0.001,1.2,2026-06-18T07:34:19,0.001,1.33
ip_shuffle,20260618T073419_411421,of:0000000000000005:2 -> of:0000000000000009:3,0.001,0.00125,0.001,0.001,1.26,2026-06-18T07:34:19,0.001,1.33
ip_shuffle,20260618T073419_411421,of:000000000000000b:3 -> of:000000000000000d:2,0.001,0.00125,0.001,0.001,1.33,2026-06-18T07:34:19,0.001,1.33
ip_shuffle,20260618T073419_411421,of:0000000000000004:1 -> of:000000000000000c:4,0.001,0.00125,0.001,0.001,1.2,2026-06-18T07:34:19,0.001,1.33
ip_shuffle,20260618T073419_411421,of:000000000000000c:3 -> of:000000000000000d:3,0.001,0.00125,0.001,0.001,1.33,2026-06-18T07:34:19,0.001,1.33
ip_shuffle,20260618T073419_411421,of:0000000000000001:1 -> of:000000000000000b:1,0.002,0.0025,0.002,0.002,1.53,2026-06-18T07:34:19,0.002,1.6
ip_shuffle,20260618T073419_411421,of:0000000000000006:1 -> of:000000000000000d:4,0.001,0.00125,0.001,0.001,1.26,2026-06-18T07:34:19,0.001,1.33
ip_shuffle,20260618T073419_411421,of:0000000000000002:1 -> of:000000000000000b:4,0.002,0.0025,0.002,0.002,1.53,2026-06-18T07:34:19,0.002,1.6
ip_shuffle,20260618T073419_411421,of:0000000000000001:3 -> of:000000000000000d:1,0.001,0.00125,0.001,0.001,1.3,2026-06-18T07:34:19,0.001,1.36
ip_shuffle,20260618T073419_411421,of:0000000000000006:2 -> of:000000000000000a:2,0.001,0.00125,0.001,0.001,1.26,2026-06-18T07:34:19,0.001,1.33
ip_shuffle,20260618T073419_411421,of:0000000000000003:1 -> of:000000000000000b:5,0.001,0.00125,0.001,0.001,1.2,2026-06-18T07:34:19,0.001,1.33
ip_shuffle,20260618T073419_411421,of:0000000000000007:1 -> of:000000000000000d:5,0.001,0.00125,0.001,0.001,1.26,2026-06-18T07:34:19,0.001,1.33
ip_shuffle,20260618T073419_411421,of:0000000000000007:2 -> of:000000000000000a:3,0.001,0.00125,0.001,0.001,1.26,2026-06-18T07:34:19,0.001,1.33
ip_shuffle,20260618T073419_411421,of:0000000000000002:2 -> of:0000000000000008:2,0.001,0.00125,0.001,0.001,1.26,2026-06-18T07:34:19,0.001,1.33
ip_shuffle,20260618T073419_411421,of:0000000000000008:1 -> of:000000000000000b:6,0.001,0.00125,0.001,0.001,1.33,2026-06-18T07:34:19,0.001,1.33
ip_shuffle,20260618T073419_411421,of:0000000000000009:1 -> of:000000000000000c:6,0.001,0.00125,0.001,0.001,1.33,2026-06-18T07:34:19,0.001,1.33
ip_shuffle,20260618T073419_411421,of:0000000000000001:2 -> of:000000000000000c:1,0.001,0.00125,0.001,0.001,1.26,2026-06-18T07:34:19,0.001,1.33
ip_shuffle,20260618T073419_411421,of:0000000000000003:2 -> of:0000000000000008:3,0.001,0.00125,0.001,0.001,1.2,2026-06-18T07:34:19,0.001,1.33
route_mutation,20260618T073523_408635,of:0000000000000005:1 -> of:000000000000000c:5,0.002,0.0025,0.002,0.002,2.03,2026-06-18T07:35:23,0.002,1.9
route_mutation,20260618T073523_408635,of:000000000000000a:1 -> of:000000000000000d:6,0.002,0.0025,0.002,0.002,1.9,2026-06-18T07:35:23,0.002,1.86
route_mutation,20260618T073523_408635,of:000000000000000b:2 -> of:000000000000000c:2,0.002,0.0025,0.002,0.002,2.59,2026-06-18T07:35:23,0.002,2.59
route_mutation,20260618T073523_408635,of:0000000000000004:2 -> of:0000000000000009:2,0.002,0.0025,0.002,0.002,2.73,2026-06-18T07:35:23,0.002,2.59
route_mutation,20260618T073523_408635,of:0000000000000005:2 -> of:0000000000000009:3,0.002,0.0025,0.002,0.002,2.73,2026-06-18T07:35:23,0.002,2.59
route_mutation,20260618T073523_408635,of:000000000000000b:3 -> of:000000000000000d:2,0.002,0.0025,0.002,0.002,2.59,2026-06-18T07:35:23,0.002,2.56
route_mutation,20260618T073523_408635,of:0000000000000004:1 -> of:000000000000000c:4,0.002,0.0025,0.002,0.002,2.03,2026-06-18T07:35:23,0.002,1.9
route_mutation,20260618T073523_408635,of:000000000000000c:3 -> of:000000000000000d:3,0.002,0.0025,0.002,0.002,2.59,2026-06-18T07:35:23,0.002,2.56
route_mutation,20260618T073523_408635,of:0000000000000001:1 -> of:000000000000000b:1,0.002,0.0025,0.002,0.002,2.03,2026-06-18T07:35:23,0.002,1.9
route_mutation,20260618T073523_408635,of:0000000000000006:1 -> of:000000000000000d:4,0.002,0.0025,0.002,0.002,2.89,2026-06-18T07:35:23,0.002,2.76
route_mutation,20260618T073523_408635,of:0000000000000002:1 -> of:000000000000000b:4,0.002,0.0025,0.002,0.002,2.03,2026-06-18T07:35:23,0.002,1.9
route_mutation,20260618T073523_408635,of:0000000000000001:3 -> of:000000000000000d:1,0.003,0.00375,0.003,0.003,4.36,2026-06-18T07:35:23,0.003,4.22
route_mutation,20260618T073523_408635,of:0000000000000006:2 -> of:000000000000000a:2,0.002,0.0025,0.002,0.002,2.73,2026-06-18T07:35:23,0.002,2.59
route_mutation,20260618T073523_408635,of:0000000000000003:1 -> of:000000000000000b:5,0.002,0.0025,0.002,0.002,2.03,2026-06-18T07:35:23,0.002,1.9
route_mutation,20260618T073523_408635,of:0000000000000007:1 -> of:000000000000000d:5,0.003,0.00375,0.003,0.003,3.39,2026-06-18T07:35:23,0.003,3.23
route_mutation,20260618T073523_408635,of:0000000000000007:2 -> of:000000000000000a:3,0.002,0.0025,0.002,0.002,2.73,2026-06-18T07:35:23,0.002,2.59
route_mutation,20260618T073523_408635,of:0000000000000002:2 -> of:0000000000000008:2,0.002,0.0025,0.002,0.002,2.73,2026-06-18T07:35:23,0.002,2.66
route_mutation,20260618T073523_408635,of:0000000000000008:1 -> of:000000000000000b:6,0.002,0.0025,0.002,0.002,1.96,2026-06-18T07:35:23,0.002,1.96
route_mutation,20260618T073523_408635,of:0000000000000009:1 -> of:000000000000000c:6,0.002,0.0025,0.002,0.002,1.9,2026-06-18T07:35:23,0.002,1.9
route_mutation,20260618T073523_408635,of:0000000000000001:2 -> of:000000000000000c:1,0.002,0.0025,0.002,0.002,2.03,2026-06-18T07:35:23,0.002,1.9
route_mutation,20260618T073523_408635,of:0000000000000003:2 -> of:0000000000000008:3,0.002,0.0025,0.002,0.002,2.73,2026-06-18T07:35:23,0.002,2.66
ip_shuffle,20260618T073553_689135,of:0000000000000005:1 -> of:000000000000000c:5,0.001,0.00125,0.001,0.001,1.33,2026-06-18T07:35:53,0.001,1.33
ip_shuffle,20260618T073553_689135,of:000000000000000a:1 -> of:000000000000000d:6,0.001,0.00125,0.001,0.001,1.33,2026-06-18T07:35:53,0.001,1.33
ip_shuffle,20260618T073553_689135,of:000000000000000b:2 -> of:000000000000000c:2,0.001,0.00125,0.001,0.001,1.33,2026-06-18T07:35:53,0.001,1.33
ip_shuffle,20260618T073553_689135,of:0000000000000004:2 -> of:0000000000000009:2,0.001,0.00125,0.001,0.001,1.26,2026-06-18T07:35:53,0.001,1.33
ip_shuffle,20260618T073553_689135,of:0000000000000005:2 -> of:0000000000000009:3,0.001,0.00125,0.001,0.001,1.26,2026-06-18T07:35:53,0.001,1.33
ip_shuffle,20260618T073553_689135,of:000000000000000b:3 -> of:000000000000000d:2,0.001,0.00125,0.001,0.001,1.33,2026-06-18T07:35:53,0.001,1.33
ip_shuffle,20260618T073553_689135,of:0000000000000004:1 -> of:000000000000000c:4,0.001,0.00125,0.001,0.001,1.33,2026-06-18T07:35:53,0.001,1.33
ip_shuffle,20260618T073553_689135,of:000000000000000c:3 -> of:000000000000000d:3,0.001,0.00125,0.001,0.001,1.33,2026-06-18T07:35:53,0.001,1.33
ip_shuffle,20260618T073553_689135,of:0000000000000001:1 -> of:000000000000000b:1,0.002,0.0025,0.002,0.002,1.6,2026-06-18T07:35:53,0.002,1.7
ip_shuffle,20260618T073553_689135,of:0000000000000006:1 -> of:000000000000000d:4,0.001,0.00125,0.001,0.001,1.26,2026-06-18T07:35:53,0.001,1.33
ip_shuffle,20260618T073553_689135,of:0000000000000002:1 -> of:000000000000000b:4,0.002,0.0025,0.002,0.002,1.66,2026-06-18T07:35:53,0.002,1.7
ip_shuffle,20260618T073553_689135,of:0000000000000001:3 -> of:000000000000000d:1,0.001,0.00125,0.001,0.001,1.26,2026-06-18T07:35:53,0.001,1.33
ip_shuffle,20260618T073553_689135,of:0000000000000006:2 -> of:000000000000000a:2,0.001,0.00125,0.001,0.001,1.26,2026-06-18T07:35:53,0.001,1.33
ip_shuffle,20260618T073553_689135,of:0000000000000003:1 -> of:000000000000000b:5,0.001,0.00125,0.001,0.001,1.2,2026-06-18T07:35:53,0.001,1.33
ip_shuffle,20260618T073553_689135,of:0000000000000007:1 -> of:000000000000000d:5,0.001,0.00125,0.001,0.001,1.26,2026-06-18T07:35:53,0.001,1.33
ip_shuffle,20260618T073553_689135,of:0000000000000007:2 -> of:000000000000000a:3,0.001,0.00125,0.001,0.001,1.26,2026-06-18T07:35:53,0.001,1.33
ip_shuffle,20260618T073553_689135,of:0000000000000002:2 -> of:0000000000000008:2,0.001,0.00125,0.001,0.001,1.26,2026-06-18T07:35:53,0.001,1.33
ip_shuffle,20260618T073553_689135,of:0000000000000008:1 -> of:000000000000000b:6,0.001,0.00125,0.001,0.001,1.33,2026-06-18T07:35:53,0.001,1.33
ip_shuffle,20260618T073553_689135,of:0000000000000009:1 -> of:000000000000000c:6,0.001,0.00125,0.001,0.001,1.33,2026-06-18T07:35:53,0.001,1.33
ip_shuffle,20260618T073553_689135,of:0000000000000001:2 -> of:000000000000000c:1,0.001,0.00125,0.001,0.001,1.26,2026-06-18T07:35:53,0.001,1.33
ip_shuffle,20260618T073553_689135,of:0000000000000003:2 -> of:0000000000000008:3,0.001,0.00125,0.001,0.001,1.2,2026-06-18T07:35:53,0.001,1.33
route_mutation,20260618T073651_282177,of:0000000000000005:1 -> of:000000000000000c:5,0.002,0.0025,0.002,0.002,1.96,2026-06-18T07:36:51,0.002,1.83
route_mutation,20260618T073651_282177,of:000000000000000a:1 -> of:000000000000000d:6,0.002,0.0025,0.002,0.002,1.8,2026-06-18T07:36:51,0.002,1.8
route_mutation,20260618T073651_282177,of:000000000000000b:2 -> of:000000000000000c:2,0.002,0.0025,0.002,0.002,2.4,2026-06-18T07:36:51,0.002,2.4
route_mutation,20260618T073651_282177,of:0000000000000004:2 -> of:0000000000000009:2,0.002,0.0025,0.002,0.002,2.53,2026-06-18T07:36:51,0.002,2.4
route_mutation,20260618T073651_282177,of:0000000000000005:2 -> of:0000000000000009:3,0.002,0.0025,0.002,0.002,2.53,2026-06-18T07:36:51,0.002,2.4
route_mutation,20260618T073651_282177,of:000000000000000b:3 -> of:000000000000000d:2,0.002,0.0025,0.002,0.002,2.4,2026-06-18T07:36:51,0.002,2.4
route_mutation,20260618T073651_282177,of:0000000000000004:1 -> of:000000000000000c:4,0.002,0.0025,0.002,0.002,1.93,2026-06-18T07:36:51,0.002,1.8
route_mutation,20260618T073651_282177,of:000000000000000c:3 -> of:000000000000000d:3,0.002,0.0025,0.002,0.002,2.4,2026-06-18T07:36:51,0.002,2.4
route_mutation,20260618T073651_282177,of:0000000000000001:1 -> of:000000000000000b:1,0.002,0.0025,0.002,0.002,1.93,2026-06-18T07:36:51,0.002,1.8
route_mutation,20260618T073651_282177,of:0000000000000006:1 -> of:000000000000000d:4,0.002,0.0025,0.002,0.002,2.93,2026-06-18T07:36:51,0.002,2.8
route_mutation,20260618T073651_282177,of:0000000000000002:1 -> of:000000000000000b:4,0.002,0.0025,0.002,0.002,1.93,2026-06-18T07:36:51,0.002,1.8
route_mutation,20260618T073651_282177,of:0000000000000001:3 -> of:000000000000000d:1,0.003,0.00375,0.003,0.003,4.16,2026-06-18T07:36:51,0.003,4.03
route_mutation,20260618T073651_282177,of:0000000000000006:2 -> of:000000000000000a:2,0.002,0.0025,0.002,0.002,2.53,2026-06-18T07:36:51,0.002,2.4
route_mutation,20260618T073651_282177,of:0000000000000003:1 -> of:000000000000000b:5,0.002,0.0025,0.002,0.002,1.93,2026-06-18T07:36:51,0.002,1.8
route_mutation,20260618T073651_282177,of:0000000000000007:1 -> of:000000000000000d:5,0.003,0.00375,0.003,0.003,3.13,2026-06-18T07:36:51,0.003,3.06
route_mutation,20260618T073651_282177,of:0000000000000007:2 -> of:000000000000000a:3,0.002,0.0025,0.002,0.002,2.53,2026-06-18T07:36:51,0.002,2.46
route_mutation,20260618T073651_282177,of:0000000000000002:2 -> of:0000000000000008:2,0.002,0.0025,0.002,0.002,2.53,2026-06-18T07:36:51,0.002,2.4
route_mutation,20260618T073651_282177,of:0000000000000008:1 -> of:000000000000000b:6,0.002,0.0025,0.002,0.002,1.8,2026-06-18T07:36:51,0.002,1.8
route_mutation,20260618T073651_282177,of:0000000000000009:1 -> of:000000000000000c:6,0.002,0.0025,0.002,0.002,1.8,2026-06-18T07:36:51,0.002,1.8
route_mutation,20260618T073651_282177,of:0000000000000001:2 -> of:000000000000000c:1,0.002,0.0025,0.002,0.002,2.03,2026-06-18T07:36:51,0.002,1.9
route_mutation,20260618T073651_282177,of:0000000000000003:2 -> of:0000000000000008:3,0.002,0.0025,0.002,0.002,2.53,2026-06-18T07:36:51,0.002,2.4
ip_shuffle,20260618T073721_516366,of:0000000000000005:1 -> of:000000000000000c:5,0.001,0.00125,0.001,0.001,1.33,2026-06-18T07:37:21,0.001,1.33
ip_shuffle,20260618T073721_516366,of:000000000000000a:1 -> of:000000000000000d:6,0.001,0.00125,0.001,0.001,1.33,2026-06-18T07:37:21,0.001,1.33
ip_shuffle,20260618T073721_516366,of:000000000000000b:2 -> of:000000000000000c:2,0.001,0.00125,0.001,0.001,1.33,2026-06-18T07:37:21,0.001,1.33
ip_shuffle,20260618T073721_516366,of:0000000000000004:2 -> of:0000000000000009:2,0.001,0.00125,0.001,0.001,1.27,2026-06-18T07:37:21,0.001,1.33
ip_shuffle,20260618T073721_516366,of:0000000000000005:2 -> of:0000000000000009:3,0.001,0.00125,0.001,0.001,1.27,2026-06-18T07:37:21,0.001,1.33
ip_shuffle,20260618T073721_516366,of:000000000000000b:3 -> of:000000000000000d:2,0.001,0.00125,0.001,0.001,1.33,2026-06-18T07:37:21,0.001,1.33
ip_shuffle,20260618T073721_516366,of:0000000000000004:1 -> of:000000000000000c:4,0.001,0.00125,0.001,0.001,1.33,2026-06-18T07:37:21,0.001,1.33
ip_shuffle,20260618T073721_516366,of:000000000000000c:3 -> of:000000000000000d:3,0.001,0.00125,0.001,0.001,1.33,2026-06-18T07:37:21,0.001,1.33
ip_shuffle,20260618T073721_516366,of:0000000000000001:1 -> of:000000000000000b:1,0.002,0.0025,0.002,0.002,1.66,2026-06-18T07:37:21,0.002,1.73
ip_shuffle,20260618T073721_516366,of:0000000000000006:1 -> of:000000000000000d:4,0.001,0.00125,0.001,0.001,1.27,2026-06-18T07:37:21,0.001,1.33
ip_shuffle,20260618T073721_516366,of:0000000000000002:1 -> of:000000000000000b:4,0.002,0.0025,0.002,0.002,1.66,2026-06-18T07:37:21,0.002,1.73
ip_shuffle,20260618T073721_516366,of:0000000000000001:3 -> of:000000000000000d:1,0.001,0.00125,0.001,0.001,1.27,2026-06-18T07:37:21,0.001,1.33
ip_shuffle,20260618T073721_516366,of:0000000000000006:2 -> of:000000000000000a:2,0.001,0.00125,0.001,0.001,1.27,2026-06-18T07:37:21,0.001,1.33
ip_shuffle,20260618T073721_516366,of:0000000000000003:1 -> of:000000000000000b:5,0.001,0.00125,0.001,0.001,1.27,2026-06-18T07:37:21,0.001,1.33
ip_shuffle,20260618T073721_516366,of:0000000000000007:1 -> of:000000000000000d:5,0.001,0.00125,0.001,0.001,1.27,2026-06-18T07:37:21,0.001,1.27
ip_shuffle,20260618T073721_516366,of:0000000000000007:2 -> of:000000000000000a:3,0.001,0.00125,0.001,0.001,1.27,2026-06-18T07:37:21,0.001,1.27
ip_shuffle,20260618T073721_516366,of:0000000000000002:2 -> of:0000000000000008:2,0.001,0.00125,0.001,0.001,1.27,2026-06-18T07:37:21,0.001,1.33
ip_shuffle,20260618T073721_516366,of:0000000000000008:1 -> of:000000000000000b:6,0.001,0.00125,0.001,0.001,1.33,2026-06-18T07:37:21,0.001,1.33
ip_shuffle,20260618T073721_516366,of:0000000000000009:1 -> of:000000000000000c:6,0.001,0.00125,0.001,0.001,1.33,2026-06-18T07:37:21,0.001,1.33
ip_shuffle,20260618T073721_516366,of:0000000000000001:2 -> of:000000000000000c:1,0.001,0.00125,0.001,0.001,1.27,2026-06-18T07:37:21,0.001,1.33
ip_shuffle,20260618T073721_516366,of:0000000000000003:2 -> of:0000000000000008:3,0.001,0.00125,0.001,0.001,1.2,2026-06-18T07:37:21,0.001,1.33
route_mutation,20260618T073819_038849,of:0000000000000005:1 -> of:000000000000000c:5,0.002,0.0025,0.002,0.002,1.93,2026-06-18T07:38:19,0.002,1.86
route_mutation,20260618T073819_038849,of:000000000000000a:1 -> of:000000000000000d:6,0.002,0.0025,0.002,0.002,1.8,2026-06-18T07:38:19,0.002,1.8
route_mutation,20260618T073819_038849,of:000000000000000b:2 -> of:000000000000000c:2,0.002,0.0025,0.002,0.002,2.4,2026-06-18T07:38:19,0.002,2.4
route_mutation,20260618T073819_038849,of:0000000000000004:2 -> of:0000000000000009:2,0.002,0.0025,0.002,0.002,2.53,2026-06-18T07:38:19,0.002,2.4
route_mutation,20260618T073819_038849,of:0000000000000005:2 -> of:0000000000000009:3,0.002,0.0025,0.002,0.002,2.53,2026-06-18T07:38:19,0.002,2.46
route_mutation,20260618T073819_038849,of:000000000000000b:3 -> of:000000000000000d:2,0.002,0.0025,0.002,0.002,2.4,2026-06-18T07:38:19,0.002,2.4
route_mutation,20260618T073819_038849,of:0000000000000004:1 -> of:000000000000000c:4,0.002,0.0025,0.002,0.002,1.93,2026-06-18T07:38:19,0.002,1.8
route_mutation,20260618T073819_038849,of:000000000000000c:3 -> of:000000000000000d:3,0.002,0.0025,0.002,0.002,2.4,2026-06-18T07:38:19,0.002,2.4
route_mutation,20260618T073819_038849,of:0000000000000001:1 -> of:000000000000000b:1,0.002,0.0025,0.002,0.002,1.93,2026-06-18T07:38:19,0.002,1.8
route_mutation,20260618T073819_038849,of:0000000000000006:1 -> of:000000000000000d:4,0.002,0.0025,0.002,0.002,2.86,2026-06-18T07:38:19,0.002,2.73
route_mutation,20260618T073819_038849,of:0000000000000002:1 -> of:000000000000000b:4,0.002,0.0025,0.002,0.002,1.93,2026-06-18T07:38:19,0.002,1.86
route_mutation,20260618T073819_038849,of:0000000000000001:3 -> of:000000000000000d:1,0.003,0.00375,0.003,0.003,3.96,2026-06-18T07:38:19,0.003,3.9
route_mutation,20260618T073819_038849,of:0000000000000006:2 -> of:000000000000000a:2,0.002,0.0025,0.002,0.002,2.53,2026-06-18T07:38:19,0.002,2.4
route_mutation,20260618T073819_038849,of:0000000000000003:1 -> of:000000000000000b:5,0.002,0.0025,0.002,0.002,1.93,2026-06-18T07:38:19,0.002,1.8
route_mutation,20260618T073819_038849,of:0000000000000007:1 -> of:000000000000000d:5,0.003,0.00375,0.003,0.003,3.06,2026-06-18T07:38:19,0.003,3.0
route_mutation,20260618T073819_038849,of:0000000000000007:2 -> of:000000000000000a:3,0.002,0.0025,0.002,0.002,2.53,2026-06-18T07:38:19,0.002,2.46
route_mutation,20260618T073819_038849,of:0000000000000002:2 -> of:0000000000000008:2,0.002,0.0025,0.002,0.002,2.53,2026-06-18T07:38:19,0.002,2.46
route_mutation,20260618T073819_038849,of:0000000000000008:1 -> of:000000000000000b:6,0.002,0.0025,0.002,0.002,1.8,2026-06-18T07:38:19,0.002,1.8
route_mutation,20260618T073819_038849,of:0000000000000009:1 -> of:000000000000000c:6,0.002,0.0025,0.002,0.002,1.8,2026-06-18T07:38:19,0.002,1.8
route_mutation,20260618T073819_038849,of:0000000000000001:2 -> of:000000000000000c:1,0.002,0.0025,0.002,0.002,1.96,2026-06-18T07:38:19,0.002,1.83
route_mutation,20260618T073819_038849,of:0000000000000003:2 -> of:0000000000000008:3,0.002,0.0025,0.002,0.002,2.53,2026-06-18T07:38:19,0.002,2.4
route_mutation,20260618T073849_284769,of:0000000000000005:1 -> of:000000000000000c:5,0.001,0.00125,0.001,0.001,1.33,2026-06-18T07:38:49,0.001,1.26
route_mutation,20260618T073849_284769,of:000000000000000a:1 -> of:000000000000000d:6,0.002,0.0025,0.002,0.001,1.33,2026-06-18T07:38:49,0.002,1.36
route_mutation,20260618T073849_284769,of:000000000000000b:2 -> of:000000000000000c:2,0.001,0.00125,0.001,0.001,1.33,2026-06-18T07:38:49,0.001,1.33
route_mutation,20260618T073849_284769,of:0000000000000004:2 -> of:0000000000000009:2,0.001,0.00125,0.001,0.001,1.26,2026-06-18T07:38:49,0.001,1.33
route_mutation,20260618T073849_284769,of:0000000000000005:2 -> of:0000000000000009:3,0.001,0.00125,0.001,0.001,1.26,2026-06-18T07:38:49,0.001,1.26
route_mutation,20260618T073849_284769,of:000000000000000b:3 -> of:000000000000000d:2,0.002,0.0025,0.002,0.002,1.36,2026-06-18T07:38:49,0.002,1.36
route_mutation,20260618T073849_284769,of:0000000000000004:1 -> of:000000000000000c:4,0.001,0.00125,0.001,0.001,1.33,2026-06-18T07:38:49,0.001,1.33
route_mutation,20260618T073849_284769,of:000000000000000c:3 -> of:000000000000000d:3,0.002,0.0025,0.002,0.002,1.36,2026-06-18T07:38:49,0.002,1.36
route_mutation,20260618T073849_284769,of:0000000000000001:1 -> of:000000000000000b:1,0.002,0.0025,0.002,0.002,1.8,2026-06-18T07:38:49,0.002,1.86
route_mutation,20260618T073849_284769,of:0000000000000006:1 -> of:000000000000000d:4,0.001,0.00125,0.001,0.001,1.33,2026-06-18T07:38:49,0.001,1.36
route_mutation,20260618T073849_284769,of:0000000000000002:1 -> of:000000000000000b:4,0.002,0.0025,0.002,0.002,1.8,2026-06-18T07:38:49,0.002,1.8
route_mutation,20260618T073849_284769,of:0000000000000001:3 -> of:000000000000000d:1,0.001,0.00125,0.001,0.001,1.3,2026-06-18T07:38:49,0.001,1.33
route_mutation,20260618T073849_284769,of:0000000000000006:2 -> of:000000000000000a:2,0.001,0.00125,0.001,0.001,1.26,2026-06-18T07:38:49,0.001,1.33
route_mutation,20260618T073849_284769,of:0000000000000003:1 -> of:000000000000000b:5,0.001,0.00125,0.001,0.001,1.33,2026-06-18T07:38:49,0.001,1.33
route_mutation,20260618T073849_284769,of:0000000000000007:1 -> of:000000000000000d:5,0.001,0.00125,0.001,0.001,1.33,2026-06-18T07:38:49,0.001,1.3
route_mutation,20260618T073849_284769,of:0000000000000007:2 -> of:000000000000000a:3,0.001,0.00125,0.001,0.001,1.26,2026-06-18T07:38:49,0.001,1.26
route_mutation,20260618T073849_284769,of:0000000000000002:2 -> of:0000000000000008:2,0.001,0.00125,0.001,0.001,1.26,2026-06-18T07:38:49,0.001,1.26
route_mutation,20260618T073849_284769,of:0000000000000008:1 -> of:000000000000000b:6,0.001,0.00125,0.001,0.001,1.33,2026-06-18T07:38:49,0.001,1.33
route_mutation,20260618T073849_284769,of:0000000000000009:1 -> of:000000000000000c:6,0.001,0.00125,0.001,0.001,1.33,2026-06-18T07:38:49,0.001,1.33
route_mutation,20260618T073849_284769,of:0000000000000001:2 -> of:000000000000000c:1,0.001,0.00125,0.001,0.001,1.26,2026-06-18T07:38:49,0.001,1.33
route_mutation,20260618T073849_284769,of:0000000000000003:2 -> of:0000000000000008:3,0.001,0.00125,0.001,0.001,1.26,2026-06-18T07:38:49,0.001,1.33
route_mutation,20260618T073919_531617,of:0000000000000005:1 -> of:000000000000000c:5,0.002,0.0025,0.002,0.002,2.2,2026-06-18T07:39:19,0.002,2.33
route_mutation,20260618T073919_531617,of:000000000000000a:1 -> of:000000000000000d:6,0.002,0.0025,0.002,0.002,1.53,2026-06-18T07:39:19,0.002,1.53
route_mutation,20260618T073919_531617,of:000000000000000b:2 -> of:000000000000000c:2,0.002,0.0025,0.002,0.002,1.73,2026-06-18T07:39:19,0.002,1.73
route_mutation,20260618T073919_531617,of:0000000000000004:2 -> of:0000000000000009:2,0.002,0.0025,0.002,0.002,1.66,2026-06-18T07:39:19,0.002,1.73
route_mutation,20260618T073919_531617,of:0000000000000005:2 -> of:0000000000000009:3,0.002,0.0025,0.002,0.002,1.66,2026-06-18T07:39:19,0.002,1.73
route_mutation,20260618T073919_531617,of:000000000000000b:3 -> of:000000000000000d:2,0.002,0.0025,0.002,0.002,1.73,2026-06-18T07:39:19,0.002,1.73
route_mutation,20260618T073919_531617,of:0000000000000004:1 -> of:000000000000000c:4,0.002,0.0025,0.002,0.002,2.2,2026-06-18T07:39:19,0.002,2.33
route_mutation,20260618T073919_531617,of:000000000000000c:3 -> of:000000000000000d:3,0.002,0.0025,0.002,0.002,1.73,2026-06-18T07:39:19,0.002,1.73
route_mutation,20260618T073919_531617,of:0000000000000001:1 -> of:000000000000000b:1,0.003,0.00375,0.003,0.003,3.0,2026-06-18T07:39:19,0.003,3.06
route_mutation,20260618T073919_531617,of:0000000000000006:1 -> of:000000000000000d:4,0.002,0.0025,0.002,0.002,1.66,2026-06-18T07:39:19,0.002,1.76
route_mutation,20260618T073919_531617,of:0000000000000002:1 -> of:000000000000000b:4,0.002,0.0025,0.002,0.002,1.96,2026-06-18T07:39:19,0.002,2.03
route_mutation,20260618T073919_531617,of:0000000000000001:3 -> of:000000000000000d:1,0.002,0.0025,0.002,0.002,1.7,2026-06-18T07:39:19,0.002,1.73
route_mutation,20260618T073919_531617,of:0000000000000006:2 -> of:000000000000000a:2,0.002,0.0025,0.002,0.002,1.66,2026-06-18T07:39:19,0.002,1.73
route_mutation,20260618T073919_531617,of:0000000000000003:1 -> of:000000000000000b:5,0.002,0.0025,0.002,0.002,2.43,2026-06-18T07:39:19,0.002,2.56
route_mutation,20260618T073919_531617,of:0000000000000007:1 -> of:000000000000000d:5,0.002,0.0025,0.002,0.001,1.46,2026-06-18T07:39:19,0.002,1.53
route_mutation,20260618T073919_531617,of:0000000000000007:2 -> of:000000000000000a:3,0.002,0.0025,0.002,0.002,1.73,2026-06-18T07:39:19,0.002,1.73
route_mutation,20260618T073919_531617,of:0000000000000002:2 -> of:0000000000000008:2,0.002,0.0025,0.002,0.002,1.66,2026-06-18T07:39:19,0.002,1.73
route_mutation,20260618T073919_531617,of:0000000000000008:1 -> of:000000000000000b:6,0.002,0.0025,0.002,0.002,1.53,2026-06-18T07:39:19,0.002,1.53
route_mutation,20260618T073919_531617,of:0000000000000009:1 -> of:000000000000000c:6,0.002,0.0025,0.002,0.002,1.53,2026-06-18T07:39:19,0.002,1.53
route_mutation,20260618T073919_531617,of:0000000000000001:2 -> of:000000000000000c:1,0.003,0.00375,0.003,0.003,3.06,2026-06-18T07:39:19,0.003,3.13
route_mutation,20260618T073919_531617,of:0000000000000003:2 -> of:0000000000000008:3,0.002,0.0025,0.002,0.002,1.66,2026-06-18T07:39:19,0.002,1.73
ip_shuffle,20260618T073949_733869,of:0000000000000005:1 -> of:000000000000000c:5,0.002,0.0025,0.002,0.002,1.93,2026-06-18T07:39:49,0.002,1.86
ip_shuffle,20260618T073949_733869,of:000000000000000a:1 -> of:000000000000000d:6,0.002,0.0025,0.002,0.002,1.8,2026-06-18T07:39:49,0.002,1.76
ip_shuffle,20260618T073949_733869,of:000000000000000b:2 -> of:000000000000000c:2,0.002,0.0025,0.002,0.002,2.4,2026-06-18T07:39:49,0.002,2.4
ip_shuffle,20260618T073949_733869,of:0000000000000004:2 -> of:0000000000000009:2,0.002,0.0025,0.002,0.002,2.53,2026-06-18T07:39:49,0.002,2.4
ip_shuffle,20260618T073949_733869,of:0000000000000005:2 -> of:0000000000000009:3,0.002,0.0025,0.002,0.002,2.53,2026-06-18T07:39:49,0.002,2.46
ip_shuffle,20260618T073949_733869,of:000000000000000b:3 -> of:000000000000000d:2,0.002,0.0025,0.002,0.002,2.36,2026-06-18T07:39:49,0.002,2.36
ip_shuffle,20260618T073949_733869,of:0000000000000004:1 -> of:000000000000000c:4,0.002,0.0025,0.002,0.002,1.93,2026-06-18T07:39:49,0.002,1.8
ip_shuffle,20260618T073949_733869,of:000000000000000c:3 -> of:000000000000000d:3,0.002,0.0025,0.002,0.002,2.36,2026-06-18T07:39:49,0.002,2.36
ip_shuffle,20260618T073949_733869,of:0000000000000001:1 -> of:000000000000000b:1,0.002,0.0025,0.002,0.002,1.93,2026-06-18T07:39:49,0.002,1.86
ip_shuffle,20260618T073949_733869,of:0000000000000006:1 -> of:000000000000000d:4,0.002,0.0025,0.002,0.002,2.73,2026-06-18T07:39:49,0.002,2.6
ip_shuffle,20260618T073949_733869,of:0000000000000002:1 -> of:000000000000000b:4,0.002,0.0025,0.002,0.002,1.93,2026-06-18T07:39:49,0.002,1.86
ip_shuffle,20260618T073949_733869,of:0000000000000001:3 -> of:000000000000000d:1,0.003,0.00375,0.003,0.003,3.93,2026-06-18T07:39:49,0.003,3.93
ip_shuffle,20260618T073949_733869,of:0000000000000006:2 -> of:000000000000000a:2,0.002,0.0025,0.002,0.002,2.53,2026-06-18T07:39:49,0.002,2.4
ip_shuffle,20260618T073949_733869,of:0000000000000003:1 -> of:000000000000000b:5,0.002,0.0025,0.002,0.002,1.93,2026-06-18T07:39:49,0.002,1.8
ip_shuffle,20260618T073949_733869,of:0000000000000007:1 -> of:000000000000000d:5,0.003,0.00375,0.003,0.003,3.06,2026-06-18T07:39:49,0.003,3.03
ip_shuffle,20260618T073949_733869,of:0000000000000007:2 -> of:000000000000000a:3,0.002,0.0025,0.002,0.002,2.46,2026-06-18T07:39:49,0.002,2.46
ip_shuffle,20260618T073949_733869,of:0000000000000002:2 -> of:0000000000000008:2,0.002,0.0025,0.002,0.002,2.53,2026-06-18T07:39:49,0.002,2.46
ip_shuffle,20260618T073949_733869,of:0000000000000008:1 -> of:000000000000000b:6,0.002,0.0025,0.002,0.002,1.8,2026-06-18T07:39:49,0.002,1.8
ip_shuffle,20260618T073949_733869,of:0000000000000009:1 -> of:000000000000000c:6,0.002,0.0025,0.002,0.002,1.8,2026-06-18T07:39:49,0.002,1.8
ip_shuffle,20260618T073949_733869,of:0000000000000001:2 -> of:000000000000000c:1,0.002,0.0025,0.002,0.002,1.93,2026-06-18T07:39:49,0.002,1.86
ip_shuffle,20260618T073949_733869,of:0000000000000003:2 -> of:0000000000000008:3,0.002,0.0025,0.002,0.002,2.53,2026-06-18T07:39:49,0.002,2.4
ip_shuffle,20260618T074048_364855,of:0000000000000005:1 -> of:000000000000000c:5,0.002,0.0025,0.002,0.002,2.2,2026-06-18T07:40:48,0.002,2.33
ip_shuffle,20260618T074048_364855,of:000000000000000a:1 -> of:000000000000000d:6,0.002,0.0025,0.002,0.002,1.53,2026-06-18T07:40:48,0.002,1.53
ip_shuffle,20260618T074048_364855,of:000000000000000b:2 -> of:000000000000000c:2,0.002,0.0025,0.002,0.002,1.73,2026-06-18T07:40:48,0.002,1.73
ip_shuffle,20260618T074048_364855,of:0000000000000004:2 -> of:0000000000000009:2,0.002,0.0025,0.002,0.002,1.7,2026-06-18T07:40:48,0.002,1.76
ip_shuffle,20260618T074048_364855,of:0000000000000005:2 -> of:0000000000000009:3,0.002,0.0025,0.002,0.002,1.7,2026-06-18T07:40:48,0.002,1.76
ip_shuffle,20260618T074048_364855,of:000000000000000b:3 -> of:000000000000000d:2,0.002,0.0025,0.002,0.002,1.73,2026-06-18T07:40:48,0.002,1.73
ip_shuffle,20260618T074048_364855,of:0000000000000004:1 -> of:000000000000000c:4,0.002,0.0025,0.002,0.002,2.2,2026-06-18T07:40:48,0.002,2.33
ip_shuffle,20260618T074048_364855,of:000000000000000c:3 -> of:000000000000000d:3,0.002,0.0025,0.002,0.002,1.73,2026-06-18T07:40:48,0.002,1.73
ip_shuffle,20260618T074048_364855,of:0000000000000001:1 -> of:000000000000000b:1,0.003,0.00375,0.003,0.003,2.96,2026-06-18T07:40:48,0.003,3.0
ip_shuffle,20260618T074048_364855,of:0000000000000006:1 -> of:000000000000000d:4,0.002,0.0025,0.002,0.002,1.66,2026-06-18T07:40:48,0.002,1.76
ip_shuffle,20260618T074048_364855,of:0000000000000002:1 -> of:000000000000000b:4,0.002,0.0025,0.002,0.002,1.9,2026-06-18T07:40:48,0.002,2.0
ip_shuffle,20260618T074048_364855,of:0000000000000001:3 -> of:000000000000000d:1,0.002,0.0025,0.002,0.002,1.7,2026-06-18T07:40:48,0.002,1.73
ip_shuffle,20260618T074048_364855,of:0000000000000006:2 -> of:000000000000000a:2,0.002,0.0025,0.002,0.002,1.66,2026-06-18T07:40:48,0.002,1.73
ip_shuffle,20260618T074048_364855,of:0000000000000003:1 -> of:000000000000000b:5,0.002,0.0025,0.002,0.002,2.43,2026-06-18T07:40:48,0.002,2.56
ip_shuffle,20260618T074048_364855,of:0000000000000007:1 -> of:000000000000000d:5,0.002,0.0025,0.002,0.001,1.46,2026-06-18T07:40:48,0.002,1.53
ip_shuffle,20260618T074048_364855,of:0000000000000007:2 -> of:000000000000000a:3,0.002,0.0025,0.002,0.002,1.73,2026-06-18T07:40:48,0.002,1.73
ip_shuffle,20260618T074048_364855,of:0000000000000002:2 -> of:0000000000000008:2,0.002,0.0025,0.002,0.002,1.66,2026-06-18T07:40:48,0.002,1.73
ip_shuffle,20260618T074048_364855,of:0000000000000008:1 -> of:000000000000000b:6,0.002,0.0025,0.002,0.002,1.53,2026-06-18T07:40:48,0.002,1.53
ip_shuffle,20260618T074048_364855,of:0000000000000009:1 -> of:000000000000000c:6,0.002,0.0025,0.002,0.002,1.56,2026-06-18T07:40:48,0.002,1.53
ip_shuffle,20260618T074048_364855,of:0000000000000001:2 -> of:000000000000000c:1,0.003,0.00375,0.003,0.003,3.13,2026-06-18T07:40:48,0.003,3.13
ip_shuffle,20260618T074048_364855,of:0000000000000003:2 -> of:0000000000000008:3,0.002,0.0025,0.002,0.002,1.66,2026-06-18T07:40:48,0.002,1.73
ip_shuffle,20260618T074146_985375,of:0000000000000005:1 -> of:000000000000000c:5,0.001,0.00125,0.001,0.001,1.33,2026-06-18T07:41:46,0.001,1.26
ip_shuffle,20260618T074146_985375,of:000000000000000a:1 -> of:000000000000000d:6,0.001,0.00125,0.001,0.001,1.26,2026-06-18T07:41:46,0.001,1.26
ip_shuffle,20260618T074146_985375,of:000000000000000b:2 -> of:000000000000000c:2,0.001,0.00125,0.001,0.001,1.33,2026-06-18T07:41:46,0.001,1.33
ip_shuffle,20260618T074146_985375,of:0000000000000004:2 -> of:0000000000000009:2,0.001,0.00125,0.001,0.001,1.36,2026-06-18T07:41:46,0.001,1.3
ip_shuffle,20260618T074146_985375,of:0000000000000005:2 -> of:0000000000000009:3,0.001,0.00125,0.001,0.001,1.33,2026-06-18T07:41:46,0.001,1.26
ip_shuffle,20260618T074146_985375,of:000000000000000b:3 -> of:000000000000000d:2,0.001,0.00125,0.001,0.001,1.26,2026-06-18T07:41:46,0.001,1.26
ip_shuffle,20260618T074146_985375,of:0000000000000004:1 -> of:000000000000000c:4,0.001,0.00125,0.001,0.001,1.36,2026-06-18T07:41:46,0.001,1.26
ip_shuffle,20260618T074146_985375,of:000000000000000c:3 -> of:000000000000000d:3,0.001,0.00125,0.001,0.001,1.26,2026-06-18T07:41:46,0.001,1.26
ip_shuffle,20260618T074146_985375,of:0000000000000001:1 -> of:000000000000000b:1,0.001,0.00125,0.001,0.001,1.26,2026-06-18T07:41:46,0.001,1.3
ip_shuffle,20260618T074146_985375,of:0000000000000006:1 -> of:000000000000000d:4,0.001,0.00125,0.001,0.001,1.33,2026-06-18T07:41:46,0.001,1.2
ip_shuffle,20260618T074146_985375,of:0000000000000002:1 -> of:000000000000000b:4,0.001,0.00125,0.001,0.001,1.36,2026-06-18T07:41:46,0.001,1.26
ip_shuffle,20260618T074146_985375,of:0000000000000001:3 -> of:000000000000000d:1,0.002,0.0025,0.002,0.002,1.56,2026-06-18T07:41:46,0.001,1.4
ip_shuffle,20260618T074146_985375,of:0000000000000006:2 -> of:000000000000000a:2,0.001,0.00125,0.001,0.001,1.26,2026-06-18T07:41:46,0.001,1.26
ip_shuffle,20260618T074146_985375,of:0000000000000003:1 -> of:000000000000000b:5,0.001,0.00125,0.001,0.001,1.36,2026-06-18T07:41:46,0.001,1.33
ip_shuffle,20260618T074146_985375,of:0000000000000007:1 -> of:000000000000000d:5,0.002,0.0025,0.002,0.002,1.53,2026-06-18T07:41:46,0.002,1.46
ip_shuffle,20260618T074146_985375,of:0000000000000007:2 -> of:000000000000000a:3,0.001,0.00125,0.001,0.001,1.26,2026-06-18T07:41:46,0.001,1.26
ip_shuffle,20260618T074146_985375,of:0000000000000002:2 -> of:0000000000000008:2,0.001,0.00125,0.001,0.001,1.36,2026-06-18T07:41:46,0.001,1.3
ip_shuffle,20260618T074146_985375,of:0000000000000008:1 -> of:000000000000000b:6,0.001,0.00125,0.001,0.001,1.33,2026-06-18T07:41:46,0.001,1.33
ip_shuffle,20260618T074146_985375,of:0000000000000009:1 -> of:000000000000000c:6,0.001,0.00125,0.001,0.001,1.33,2026-06-18T07:41:46,0.001,1.33
ip_shuffle,20260618T074146_985375,of:0000000000000001:2 -> of:000000000000000c:1,0.001,0.00125,0.001,0.001,1.26,2026-06-18T07:41:46,0.001,1.3
ip_shuffle,20260618T074146_985375,of:0000000000000003:2 -> of:0000000000000008:3,0.001,0.00125,0.001,0.001,1.36,2026-06-18T07:41:46,0.001,1.36
ip_shuffle,20260618T074244_650484,of:0000000000000005:1 -> of:000000000000000c:5,0.002,0.0025,0.002,0.002,2.53,2026-06-18T07:42:44,0.002,2.5
ip_shuffle,20260618T074244_650484,of:000000000000000a:1 -> of:000000000000000d:6,0.002,0.0025,0.002,0.002,1.96,2026-06-18T07:42:44,0.002,1.96
ip_shuffle,20260618T074244_650484,of:000000000000000b:2 -> of:000000000000000c:2,0.002,0.0025,0.002,0.002,2.6,2026-06-18T07:42:44,0.002,2.6
ip_shuffle,20260618T074244_650484,of:0000000000000004:2 -> of:0000000000000009:2,0.002,0.0025,0.002,0.002,2.63,2026-06-18T07:42:44,0.002,2.56
ip_shuffle,20260618T074244_650484,of:0000000000000005:2 -> of:0000000000000009:3,0.002,0.0025,0.002,0.002,2.66,2026-06-18T07:42:44,0.002,2.6
ip_shuffle,20260618T074244_650484,of:000000000000000b:3 -> of:000000000000000d:2,0.002,0.0025,0.002,0.002,2.66,2026-06-18T07:42:44,0.002,2.66
ip_shuffle,20260618T074244_650484,of:0000000000000004:1 -> of:000000000000000c:4,0.002,0.0025,0.002,0.002,1.96,2026-06-18T07:42:44,0.002,1.96
ip_shuffle,20260618T074244_650484,of:000000000000000c:3 -> of:000000000000000d:3,0.002,0.0025,0.002,0.002,2.66,2026-06-18T07:42:44,0.002,2.66
ip_shuffle,20260618T074244_650484,of:0000000000000001:1 -> of:000000000000000b:1,0.002,0.0025,0.002,0.002,2.03,2026-06-18T07:42:44,0.002,1.9
ip_shuffle,20260618T074244_650484,of:0000000000000006:1 -> of:000000000000000d:4,0.003,0.00375,0.003,0.003,3.03,2026-06-18T07:42:44,0.003,3.06
ip_shuffle,20260618T074244_650484,of:0000000000000002:1 -> of:000000000000000b:4,0.002,0.0025,0.002,0.002,1.96,2026-06-18T07:42:44,0.002,1.96
ip_shuffle,20260618T074244_650484,of:0000000000000001:3 -> of:000000000000000d:1,0.003,0.00375,0.003,0.003,3.76,2026-06-18T07:42:44,0.003,3.9
ip_shuffle,20260618T074244_650484,of:0000000000000006:2 -> of:000000000000000a:2,0.002,0.0025,0.002,0.002,2.7,2026-06-18T07:42:44,0.002,2.63
ip_shuffle,20260618T074244_650484,of:0000000000000003:1 -> of:000000000000000b:5,0.002,0.0025,0.002,0.002,1.96,2026-06-18T07:42:44,0.002,1.96
ip_shuffle,20260618T074244_650484,of:0000000000000007:1 -> of:000000000000000d:5,0.002,0.0025,0.002,0.002,2.83,2026-06-18T07:42:44,0.002,2.86
ip_shuffle,20260618T074244_650484,of:0000000000000007:2 -> of:000000000000000a:3,0.002,0.0025,0.002,0.002,2.63,2026-06-18T07:42:44,0.002,2.63
ip_shuffle,20260618T074244_650484,of:0000000000000002:2 -> of:0000000000000008:2,0.002,0.0025,0.002,0.002,2.63,2026-06-18T07:42:44,0.002,2.56
ip_shuffle,20260618T074244_650484,of:0000000000000008:1 -> of:000000000000000b:6,0.002,0.0025,0.002,0.002,1.86,2026-06-18T07:42:44,0.002,1.9
ip_shuffle,20260618T074244_650484,of:0000000000000009:1 -> of:000000000000000c:6,0.002,0.0025,0.002,0.002,1.86,2026-06-18T07:42:44,0.002,1.9
ip_shuffle,20260618T074244_650484,of:0000000000000001:2 -> of:000000000000000c:1,0.002,0.0025,0.002,0.002,2.56,2026-06-18T07:42:44,0.002,2.5
ip_shuffle,20260618T074244_650484,of:0000000000000003:2 -> of:0000000000000008:3,0.002,0.0025,0.002,0.002,2.63,2026-06-18T07:42:44,0.002,2.56
route_mutation,20260618T074342_334532,of:0000000000000005:1 -> of:000000000000000c:5,0.002,0.0025,0.002,0.002,1.53,2026-06-18T07:43:42,0.002,1.66
route_mutation,20260618T074342_334532,of:000000000000000a:1 -> of:000000000000000d:6,0.002,0.0025,0.002,0.002,1.53,2026-06-18T07:43:42,0.002,1.53
route_mutation,20260618T074342_334532,of:000000000000000b:2 -> of:000000000000000c:2,0.002,0.0025,0.002,0.002,1.73,2026-06-18T07:43:42,0.002,1.73
route_mutation,20260618T074342_334532,of:0000000000000004:2 -> of:0000000000000009:2,0.002,0.0025,0.002,0.001,1.6,2026-06-18T07:43:42,0.002,1.73
route_mutation,20260618T074342_334532,of:0000000000000005:2 -> of:0000000000000009:3,0.002,0.0025,0.002,0.001,1.6,2026-06-18T07:43:42,0.002,1.73
route_mutation,20260618T074342_334532,of:000000000000000b:3 -> of:000000000000000d:2,0.002,0.0025,0.002,0.002,1.73,2026-06-18T07:43:42,0.002,1.73
route_mutation,20260618T074342_334532,of:0000000000000004:1 -> of:000000000000000c:4,0.002,0.0025,0.002,0.002,2.2,2026-06-18T07:43:42,0.002,2.33
route_mutation,20260618T074342_334532,of:000000000000000c:3 -> of:000000000000000d:3,0.002,0.0025,0.002,0.002,1.73,2026-06-18T07:43:42,0.002,1.73
route_mutation,20260618T074342_334532,of:0000000000000001:1 -> of:000000000000000b:1,0.003,0.00375,0.003,0.003,3.53,2026-06-18T07:43:42,0.003,3.6
route_mutation,20260618T074342_334532,of:0000000000000006:1 -> of:000000000000000d:4,0.002,0.0025,0.002,0.001,1.46,2026-06-18T07:43:42,0.002,1.53
route_mutation,20260618T074342_334532,of:0000000000000002:1 -> of:000000000000000b:4,0.002,0.0025,0.002,0.002,2.5,2026-06-18T07:43:42,0.002,2.56
route_mutation,20260618T074342_334532,of:0000000000000001:3 -> of:000000000000000d:1,0.002,0.0025,0.002,0.001,1.46,2026-06-18T07:43:42,0.002,1.53
route_mutation,20260618T074342_334532,of:0000000000000006:2 -> of:000000000000000a:2,0.002,0.0025,0.002,0.002,1.73,2026-06-18T07:43:42,0.002,1.73
route_mutation,20260618T074342_334532,of:0000000000000003:1 -> of:000000000000000b:5,0.002,0.0025,0.002,0.002,2.43,2026-06-18T07:43:42,0.002,2.56
route_mutation,20260618T074342_334532,of:0000000000000007:1 -> of:000000000000000d:5,0.002,0.0025,0.002,0.001,1.46,2026-06-18T07:43:42,0.002,1.53
route_mutation,20260618T074342_334532,of:0000000000000007:2 -> of:000000000000000a:3,0.002,0.0025,0.002,0.002,1.73,2026-06-18T07:43:42,0.002,1.73
route_mutation,20260618T074342_334532,of:0000000000000002:2 -> of:0000000000000008:2,0.002,0.0025,0.002,0.001,1.6,2026-06-18T07:43:42,0.002,1.73
route_mutation,20260618T074342_334532,of:0000000000000008:1 -> of:000000000000000b:6,0.002,0.0025,0.002,0.002,1.53,2026-06-18T07:43:42,0.002,1.53
route_mutation,20260618T074342_334532,of:0000000000000009:1 -> of:000000000000000c:6,0.002,0.0025,0.002,0.002,1.53,2026-06-18T07:43:42,0.002,1.53
route_mutation,20260618T074342_334532,of:0000000000000001:2 -> of:000000000000000c:1,0.002,0.0025,0.002,0.002,2.33,2026-06-18T07:43:42,0.002,2.4
route_mutation,20260618T074342_334532,of:0000000000000003:2 -> of:0000000000000008:3,0.002,0.0025,0.002,0.001,1.6,2026-06-18T07:43:42,0.002,1.73
ip_shuffle,20260618T074412_596741,of:0000000000000005:1 -> of:000000000000000c:5,0.002,0.0025,0.002,0.002,2.6,2026-06-18T07:44:12,0.002,2.66
ip_shuffle,20260618T074412_596741,of:000000000000000a:1 -> of:000000000000000d:6,0.002,0.0025,0.002,0.002,1.9,2026-06-18T07:44:12,0.002,1.93
ip_shuffle,20260618T074412_596741,of:000000000000000b:2 -> of:000000000000000c:2,0.002,0.0025,0.002,0.002,2.56,2026-06-18T07:44:12,0.002,2.56
ip_shuffle,20260618T074412_596741,of:0000000000000004:2 -> of:0000000000000009:2,0.002,0.0025,0.002,0.002,2.56,2026-06-18T07:44:12,0.002,2.5
ip_shuffle,20260618T074412_596741,of:0000000000000005:2 -> of:0000000000000009:3,0.002,0.0025,0.002,0.002,2.56,2026-06-18T07:44:12,0.002,2.5
ip_shuffle,20260618T074412_596741,of:000000000000000b:3 -> of:000000000000000d:2,0.002,0.0025,0.002,0.002,2.56,2026-06-18T07:44:12,0.002,2.56
ip_shuffle,20260618T074412_596741,of:0000000000000004:1 -> of:000000000000000c:4,0.002,0.0025,0.002,0.002,1.93,2026-06-18T07:44:12,0.002,2.0
ip_shuffle,20260618T074412_596741,of:000000000000000c:3 -> of:000000000000000d:3,0.002,0.0025,0.002,0.002,2.66,2026-06-18T07:44:12,0.002,2.66
ip_shuffle,20260618T074412_596741,of:0000000000000001:1 -> of:000000000000000b:1,0.002,0.0025,0.002,0.002,1.9,2026-06-18T07:44:12,0.002,1.86
ip_shuffle,20260618T074412_596741,of:0000000000000006:1 -> of:000000000000000d:4,0.003,0.00375,0.003,0.002,3.0,2026-06-18T07:44:12,0.003,3.1
ip_shuffle,20260618T074412_596741,of:0000000000000002:1 -> of:000000000000000b:4,0.002,0.0025,0.002,0.002,1.86,2026-06-18T07:44:12,0.002,1.9
ip_shuffle,20260618T074412_596741,of:0000000000000001:3 -> of:000000000000000d:1,0.003,0.00375,0.003,0.003,3.73,2026-06-18T07:44:12,0.003,3.89
ip_shuffle,20260618T074412_596741,of:0000000000000006:2 -> of:000000000000000a:2,0.002,0.0025,0.002,0.002,2.53,2026-06-18T07:44:12,0.002,2.53
ip_shuffle,20260618T074412_596741,of:0000000000000003:1 -> of:000000000000000b:5,0.002,0.0025,0.002,0.002,1.93,2026-06-18T07:44:12,0.002,1.9
ip_shuffle,20260618T074412_596741,of:0000000000000007:1 -> of:000000000000000d:5,0.002,0.0025,0.002,0.002,2.76,2026-06-18T07:44:12,0.002,2.8
ip_shuffle,20260618T074412_596741,of:0000000000000007:2 -> of:000000000000000a:3,0.002,0.0025,0.002,0.002,2.53,2026-06-18T07:44:12,0.002,2.53
ip_shuffle,20260618T074412_596741,of:0000000000000002:2 -> of:0000000000000008:2,0.002,0.0025,0.002,0.002,2.56,2026-06-18T07:44:12,0.002,2.5
ip_shuffle,20260618T074412_596741,of:0000000000000008:1 -> of:000000000000000b:6,0.002,0.0025,0.002,0.002,1.83,2026-06-18T07:44:12,0.002,1.83
ip_shuffle,20260618T074412_596741,of:0000000000000009:1 -> of:000000000000000c:6,0.002,0.0025,0.002,0.002,1.9,2026-06-18T07:44:12,0.002,1.93
ip_shuffle,20260618T074412_596741,of:0000000000000001:2 -> of:000000000000000c:1,0.002,0.0025,0.002,0.002,2.66,2026-06-18T07:44:12,0.002,2.66
ip_shuffle,20260618T074412_596741,of:0000000000000003:2 -> of:0000000000000008:3,0.002,0.0025,0.002,0.002,2.56,2026-06-18T07:44:12,0.002,2.5
ip_shuffle,20260618T074510_172350,of:0000000000000005:1 -> of:000000000000000c:5,0.002,0.0025,0.002,0.001,1.43,2026-06-18T07:45:10,0.002,1.56
ip_shuffle,20260618T074510_172350,of:000000000000000a:1 -> of:000000000000000d:6,0.002,0.0025,0.002,0.002,1.53,2026-06-18T07:45:10,0.002,1.53
ip_shuffle,20260618T074510_172350,of:000000000000000b:2 -> of:000000000000000c:2,0.002,0.0025,0.002,0.002,1.73,2026-06-18T07:45:10,0.002,1.73
ip_shuffle,20260618T074510_172350,of:0000000000000004:2 -> of:0000000000000009:2,0.002,0.0025,0.002,0.001,1.6,2026-06-18T07:45:10,0.002,1.73
ip_shuffle,20260618T074510_172350,of:0000000000000005:2 -> of:0000000000000009:3,0.002,0.0025,0.002,0.001,1.6,2026-06-18T07:45:10,0.002,1.73
ip_shuffle,20260618T074510_172350,of:000000000000000b:3 -> of:000000000000000d:2,0.002,0.0025,0.002,0.002,1.73,2026-06-18T07:45:10,0.002,1.73
ip_shuffle,20260618T074510_172350,of:0000000000000004:1 -> of:000000000000000c:4,0.002,0.0025,0.002,0.002,2.16,2026-06-18T07:45:10,0.002,2.3
ip_shuffle,20260618T074510_172350,of:000000000000000c:3 -> of:000000000000000d:3,0.002,0.0025,0.002,0.002,1.73,2026-06-18T07:45:10,0.002,1.73
ip_shuffle,20260618T074510_172350,of:0000000000000001:1 -> of:000000000000000b:1,0.003,0.00375,0.003,0.003,3.53,2026-06-18T07:45:10,0.003,3.6
ip_shuffle,20260618T074510_172350,of:0000000000000006:1 -> of:000000000000000d:4,0.002,0.0025,0.002,0.001,1.47,2026-06-18T07:45:10,0.002,1.53
ip_shuffle,20260618T074510_172350,of:0000000000000002:1 -> of:000000000000000b:4,0.002,0.0025,0.002,0.002,2.5,2026-06-18T07:45:10,0.002,2.56
ip_shuffle,20260618T074510_172350,of:0000000000000001:3 -> of:000000000000000d:1,0.002,0.0025,0.002,0.001,1.47,2026-06-18T07:45:10,0.002,1.53
ip_shuffle,20260618T074510_172350,of:0000000000000006:2 -> of:000000000000000a:2,0.002,0.0025,0.002,0.002,1.73,2026-06-18T07:45:10,0.002,1.73
ip_shuffle,20260618T074510_172350,of:0000000000000003:1 -> of:000000000000000b:5,0.002,0.0025,0.002,0.002,2.43,2026-06-18T07:45:10,0.002,2.56
ip_shuffle,20260618T074510_172350,of:0000000000000007:1 -> of:000000000000000d:5,0.002,0.0025,0.002,0.001,1.47,2026-06-18T07:45:10,0.002,1.53
ip_shuffle,20260618T074510_172350,of:0000000000000007:2 -> of:000000000000000a:3,0.002,0.0025,0.002,0.002,1.73,2026-06-18T07:45:10,0.002,1.73
ip_shuffle,20260618T074510_172350,of:0000000000000002:2 -> of:0000000000000008:2,0.002,0.0025,0.002,0.001,1.6,2026-06-18T07:45:10,0.002,1.73
ip_shuffle,20260618T074510_172350,of:0000000000000008:1 -> of:000000000000000b:6,0.002,0.0025,0.002,0.002,1.53,2026-06-18T07:45:10,0.002,1.53
ip_shuffle,20260618T074510_172350,of:0000000000000009:1 -> of:000000000000000c:6,0.002,0.0025,0.002,0.002,1.53,2026-06-18T07:45:10,0.002,1.53
ip_shuffle,20260618T074510_172350,of:0000000000000001:2 -> of:000000000000000c:1,0.002,0.0025,0.002,0.002,2.2,2026-06-18T07:45:10,0.002,2.26
ip_shuffle,20260618T074510_172350,of:0000000000000003:2 -> of:0000000000000008:3,0.002,0.0025,0.002,0.001,1.6,2026-06-18T07:45:10,0.002,1.73
route_mutation,20260618T074607_761935,of:0000000000000005:1 -> of:000000000000000c:5,0.002,0.0025,0.002,0.002,1.43,2026-06-18T07:46:07,0.001,1.26
route_mutation,20260618T074607_761935,of:000000000000000a:1 -> of:000000000000000d:6,0.001,0.00125,0.001,0.001,1.36,2026-06-18T07:46:07,0.001,1.33
route_mutation,20260618T074607_761935,of:000000000000000b:2 -> of:000000000000000c:2,0.001,0.00125,0.001,0.001,1.4,2026-06-18T07:46:07,0.001,1.4
route_mutation,20260618T074607_761935,of:0000000000000004:2 -> of:0000000000000009:2,0.002,0.0025,0.002,0.002,1.56,2026-06-18T07:46:07,0.001,1.49
route_mutation,20260618T074607_761935,of:0000000000000005:2 -> of:0000000000000009:3,0.002,0.0025,0.002,0.002,1.53,2026-06-18T07:46:07,0.001,1.46
route_mutation,20260618T074607_761935,of:000000000000000b:3 -> of:000000000000000d:2,0.001,0.00125,0.001,0.001,1.4,2026-06-18T07:46:07,0.001,1.4
route_mutation,20260618T074607_761935,of:0000000000000004:1 -> of:000000000000000c:4,0.002,0.0025,0.002,0.002,1.46,2026-06-18T07:46:07,0.001,1.26
route_mutation,20260618T074607_761935,of:000000000000000c:3 -> of:000000000000000d:3,0.001,0.00125,0.001,0.001,1.33,2026-06-18T07:46:07,0.001,1.33
route_mutation,20260618T074607_761935,of:0000000000000001:1 -> of:000000000000000b:1,0.002,0.0025,0.002,0.002,1.4,2026-06-18T07:46:07,0.001,1.4
route_mutation,20260618T074607_761935,of:0000000000000006:1 -> of:000000000000000d:4,0.002,0.0025,0.002,0.002,1.43,2026-06-18T07:46:07,0.001,1.26
route_mutation,20260618T074607_761935,of:0000000000000002:1 -> of:000000000000000b:4,0.002,0.0025,0.002,0.002,1.46,2026-06-18T07:46:07,0.001,1.33
route_mutation,20260618T074607_761935,of:0000000000000001:3 -> of:000000000000000d:1,0.002,0.0025,0.002,0.002,1.96,2026-06-18T07:46:07,0.002,1.73
route_mutation,20260618T074607_761935,of:0000000000000006:2 -> of:000000000000000a:2,0.002,0.0025,0.002,0.002,1.53,2026-06-18T07:46:07,0.001,1.46
route_mutation,20260618T074607_761935,of:0000000000000003:1 -> of:000000000000000b:5,0.002,0.0025,0.002,0.002,1.46,2026-06-18T07:46:07,0.001,1.33
route_mutation,20260618T074607_761935,of:0000000000000007:1 -> of:000000000000000d:5,0.002,0.0025,0.002,0.002,1.83,2026-06-18T07:46:07,0.002,1.76
route_mutation,20260618T074607_761935,of:0000000000000007:2 -> of:000000000000000a:3,0.002,0.0025,0.002,0.002,1.53,2026-06-18T07:46:07,0.001,1.46
route_mutation,20260618T074607_761935,of:0000000000000002:2 -> of:0000000000000008:2,0.002,0.0025,0.002,0.002,1.56,2026-06-18T07:46:07,0.001,1.49
route_mutation,20260618T074607_761935,of:0000000000000008:1 -> of:000000000000000b:6,0.002,0.0025,0.002,0.002,1.43,2026-06-18T07:46:07,0.002,1.4
route_mutation,20260618T074607_761935,of:0000000000000009:1 -> of:000000000000000c:6,0.001,0.00125,0.001,0.001,1.36,2026-06-18T07:46:07,0.001,1.33
route_mutation,20260618T074607_761935,of:0000000000000001:2 -> of:000000000000000c:1,0.002,0.0025,0.002,0.002,1.4,2026-06-18T07:46:07,0.001,1.33
route_mutation,20260618T074607_761935,of:0000000000000003:2 -> of:0000000000000008:3,0.002,0.0025,0.002,0.002,1.56,2026-06-18T07:46:07,0.001,1.49
route_mutation,20260618T074638_040041,of:0000000000000005:1 -> of:000000000000000c:5,0.002,0.0025,0.002,0.001,1.46,2026-06-18T07:46:38,0.002,1.53
route_mutation,20260618T074638_040041,of:000000000000000a:1 -> of:000000000000000d:6,0.002,0.0025,0.002,0.002,1.53,2026-06-18T07:46:38,0.002,1.53
route_mutation,20260618T074638_040041,of:000000000000000b:2 -> of:000000000000000c:2,0.002,0.0025,0.002,0.002,1.73,2026-06-18T07:46:38,0.002,1.73
route_mutation,20260618T074638_040041,of:0000000000000004:2 -> of:0000000000000009:2,0.002,0.0025,0.002,0.001,1.6,2026-06-18T07:46:38,0.002,1.73
route_mutation,20260618T074638_040041,of:0000000000000005:2 -> of:0000000000000009:3,0.002,0.0025,0.002,0.002,1.66,2026-06-18T07:46:38,0.002,1.73
route_mutation,20260618T074638_040041,of:000000000000000b:3 -> of:000000000000000d:2,0.002,0.0025,0.002,0.002,1.73,2026-06-18T07:46:38,0.002,1.73
route_mutation,20260618T074638_040041,of:0000000000000004:1 -> of:000000000000000c:4,0.002,0.0025,0.002,0.002,2.06,2026-06-18T07:46:38,0.002,2.16
route_mutation,20260618T074638_040041,of:000000000000000c:3 -> of:000000000000000d:3,0.002,0.0025,0.002,0.002,1.73,2026-06-18T07:46:38,0.002,1.73
route_mutation,20260618T074638_040041,of:0000000000000001:1 -> of:000000000000000b:1,0.003,0.00375,0.003,0.003,3.53,2026-06-18T07:46:38,0.003,3.59
route_mutation,20260618T074638_040041,of:0000000000000006:1 -> of:000000000000000d:4,0.002,0.0025,0.002,0.001,1.46,2026-06-18T07:46:38,0.002,1.53
route_mutation,20260618T074638_040041,of:0000000000000002:1 -> of:000000000000000b:4,0.002,0.0025,0.002,0.002,2.49,2026-06-18T07:46:38,0.002,2.56
route_mutation,20260618T074638_040041,of:0000000000000001:3 -> of:000000000000000d:1,0.002,0.0025,0.002,0.001,1.46,2026-06-18T07:46:38,0.002,1.53
route_mutation,20260618T074638_040041,of:0000000000000006:2 -> of:000000000000000a:2,0.002,0.0025,0.002,0.002,1.66,2026-06-18T07:46:38,0.002,1.73
route_mutation,20260618T074638_040041,of:0000000000000003:1 -> of:000000000000000b:5,0.002,0.0025,0.002,0.002,2.43,2026-06-18T07:46:38,0.002,2.56
route_mutation,20260618T074638_040041,of:0000000000000007:1 -> of:000000000000000d:5,0.002,0.0025,0.002,0.001,1.46,2026-06-18T07:46:38,0.002,1.53
route_mutation,20260618T074638_040041,of:0000000000000007:2 -> of:000000000000000a:3,0.002,0.0025,0.002,0.002,1.66,2026-06-18T07:46:38,0.002,1.73
route_mutation,20260618T074638_040041,of:0000000000000002:2 -> of:0000000000000008:2,0.002,0.0025,0.002,0.001,1.6,2026-06-18T07:46:38,0.002,1.73
route_mutation,20260618T074638_040041,of:0000000000000008:1 -> of:000000000000000b:6,0.002,0.0025,0.002,0.002,1.53,2026-06-18T07:46:38,0.002,1.53
route_mutation,20260618T074638_040041,of:0000000000000009:1 -> of:000000000000000c:6,0.002,0.0025,0.002,0.002,1.53,2026-06-18T07:46:38,0.002,1.53
route_mutation,20260618T074638_040041,of:0000000000000001:2 -> of:000000000000000c:1,0.002,0.0025,0.002,0.002,2.06,2026-06-18T07:46:38,0.002,2.13
route_mutation,20260618T074638_040041,of:0000000000000003:2 -> of:0000000000000008:3,0.002,0.0025,0.002,0.001,1.6,2026-06-18T07:46:38,0.002,1.73
route_mutation,20260618T074708_288697,of:0000000000000005:1 -> of:000000000000000c:5,0.002,0.0025,0.002,0.002,2.6,2026-06-18T07:47:08,0.002,2.7
route_mutation,20260618T074708_288697,of:000000000000000a:1 -> of:000000000000000d:6,0.002,0.0025,0.002,0.002,1.83,2026-06-18T07:47:08,0.002,1.83
route_mutation,20260618T074708_288697,of:000000000000000b:2 -> of:000000000000000c:2,0.002,0.0025,0.002,0.002,2.4,2026-06-18T07:47:08,0.002,2.4
route_mutation,20260618T074708_288697,of:0000000000000004:2 -> of:0000000000000009:2,0.002,0.0025,0.002,0.002,2.43,2026-06-18T07:47:08,0.002,2.36
route_mutation,20260618T074708_288697,of:0000000000000005:2 -> of:0000000000000009:3,0.002,0.0025,0.002,0.002,2.36,2026-06-18T07:47:08,0.002,2.36
route_mutation,20260618T074708_288697,of:000000000000000b:3 -> of:000000000000000d:2,0.002,0.0025,0.002,0.002,2.4,2026-06-18T07:47:08,0.002,2.4
route_mutation,20260618T074708_288697,of:0000000000000004:1 -> of:000000000000000c:4,0.002,0.0025,0.002,0.002,2.0,2026-06-18T07:47:08,0.002,2.06
route_mutation,20260618T074708_288697,of:000000000000000c:3 -> of:000000000000000d:3,0.002,0.0025,0.002,0.002,2.46,2026-06-18T07:47:08,0.002,2.46
route_mutation,20260618T074708_288697,of:0000000000000001:1 -> of:000000000000000b:1,0.002,0.0025,0.002,0.002,1.83,2026-06-18T07:47:08,0.002,1.76
route_mutation,20260618T074708_288697,of:0000000000000006:1 -> of:000000000000000d:4,0.003,0.00375,0.003,0.002,2.9,2026-06-18T07:47:08,0.003,3.0
route_mutation,20260618T074708_288697,of:0000000000000002:1 -> of:000000000000000b:4,0.002,0.0025,0.002,0.002,1.76,2026-06-18T07:47:08,0.002,1.83
route_mutation,20260618T074708_288697,of:0000000000000001:3 -> of:000000000000000d:1,0.003,0.00375,0.003,0.003,3.43,2026-06-18T07:47:08,0.003,3.53
route_mutation,20260618T074708_288697,of:0000000000000006:2 -> of:000000000000000a:2,0.002,0.0025,0.002,0.002,2.36,2026-06-18T07:47:08,0.002,2.36
route_mutation,20260618T074708_288697,of:0000000000000003:1 -> of:000000000000000b:5,0.002,0.0025,0.002,0.002,1.86,2026-06-18T07:47:08,0.002,1.83
route_mutation,20260618T074708_288697,of:0000000000000007:1 -> of:000000000000000d:5,0.002,0.0025,0.002,0.002,2.46,2026-06-18T07:47:08,0.002,2.46
route_mutation,20260618T074708_288697,of:0000000000000007:2 -> of:000000000000000a:3,0.002,0.0025,0.002,0.002,2.36,2026-06-18T07:47:08,0.002,2.36
route_mutation,20260618T074708_288697,of:0000000000000002:2 -> of:0000000000000008:2,0.002,0.0025,0.002,0.002,2.4,2026-06-18T07:47:08,0.002,2.33
route_mutation,20260618T074708_288697,of:0000000000000008:1 -> of:000000000000000b:6,0.002,0.0025,0.002,0.002,1.76,2026-06-18T07:47:08,0.002,1.76
route_mutation,20260618T074708_288697,of:0000000000000009:1 -> of:000000000000000c:6,0.002,0.0025,0.002,0.002,1.83,2026-06-18T07:47:08,0.002,1.83
route_mutation,20260618T074708_288697,of:0000000000000001:2 -> of:000000000000000c:1,0.002,0.0025,0.002,0.002,2.83,2026-06-18T07:47:08,0.002,2.83
route_mutation,20260618T074708_288697,of:0000000000000003:2 -> of:0000000000000008:3,0.002,0.0025,0.002,0.002,2.43,2026-06-18T07:47:08,0.002,2.36
ip_shuffle,20260618T074738_455713,of:0000000000000005:1 -> of:000000000000000c:5,0.002,0.0025,0.002,0.002,1.5,2026-06-18T07:47:38,0.001,1.33
ip_shuffle,20260618T074738_455713,of:000000000000000a:1 -> of:000000000000000d:6,0.001,0.00125,0.001,0.001,1.4,2026-06-18T07:47:38,0.001,1.4
ip_shuffle,20260618T074738_455713,of:000000000000000b:2 -> of:000000000000000c:2,0.002,0.0025,0.002,0.002,1.53,2026-06-18T07:47:38,0.002,1.53
ip_shuffle,20260618T074738_455713,of:0000000000000004:2 -> of:0000000000000009:2,0.002,0.0025,0.002,0.002,1.63,2026-06-18T07:47:38,0.002,1.56
ip_shuffle,20260618T074738_455713,of:0000000000000005:2 -> of:0000000000000009:3,0.002,0.0025,0.002,0.002,1.63,2026-06-18T07:47:38,0.002,1.56
ip_shuffle,20260618T074738_455713,of:000000000000000b:3 -> of:000000000000000d:2,0.002,0.0025,0.002,0.002,1.53,2026-06-18T07:47:38,0.002,1.53
ip_shuffle,20260618T074738_455713,of:0000000000000004:1 -> of:000000000000000c:4,0.002,0.0025,0.002,0.002,1.5,2026-06-18T07:47:38,0.001,1.33
ip_shuffle,20260618T074738_455713,of:000000000000000c:3 -> of:000000000000000d:3,0.001,0.00125,0.001,0.001,1.46,2026-06-18T07:47:38,0.001,1.46
ip_shuffle,20260618T074738_455713,of:0000000000000001:1 -> of:000000000000000b:1,0.002,0.0025,0.002,0.002,1.46,2026-06-18T07:47:38,0.001,1.46
ip_shuffle,20260618T074738_455713,of:0000000000000006:1 -> of:000000000000000d:4,0.002,0.0025,0.002,0.002,1.5,2026-06-18T07:47:38,0.001,1.33
ip_shuffle,20260618T074738_455713,of:0000000000000002:1 -> of:000000000000000b:4,0.002,0.0025,0.002,0.002,1.53,2026-06-18T07:47:38,0.001,1.4
ip_shuffle,20260618T074738_455713,of:0000000000000001:3 -> of:000000000000000d:1,0.002,0.0025,0.002,0.002,2.16,2026-06-18T07:47:38,0.002,2.0
ip_shuffle,20260618T074738_455713,of:0000000000000006:2 -> of:000000000000000a:2,0.002,0.0025,0.002,0.002,1.63,2026-06-18T07:47:38,0.002,1.56
ip_shuffle,20260618T074738_455713,of:0000000000000003:1 -> of:000000000000000b:5,0.002,0.0025,0.002,0.002,1.5,2026-06-18T07:47:38,0.001,1.4
ip_shuffle,20260618T074738_455713,of:0000000000000007:1 -> of:000000000000000d:5,0.002,0.0025,0.002,0.002,2.03,2026-06-18T07:47:38,0.002,1.96
ip_shuffle,20260618T074738_455713,of:0000000000000007:2 -> of:000000000000000a:3,0.002,0.0025,0.002,0.002,1.63,2026-06-18T07:47:38,0.002,1.56
ip_shuffle,20260618T074738_455713,of:0000000000000002:2 -> of:0000000000000008:2,0.002,0.0025,0.002,0.002,1.66,2026-06-18T07:47:38,0.002,1.6
ip_shuffle,20260618T074738_455713,of:0000000000000008:1 -> of:000000000000000b:6,0.002,0.0025,0.002,0.002,1.46,2026-06-18T07:47:38,0.002,1.46
ip_shuffle,20260618T074738_455713,of:0000000000000009:1 -> of:000000000000000c:6,0.001,0.00125,0.001,0.001,1.4,2026-06-18T07:47:38,0.001,1.4
ip_shuffle,20260618T074738_455713,of:0000000000000001:2 -> of:000000000000000c:1,0.002,0.0025,0.002,0.002,1.46,2026-06-18T07:47:38,0.001,1.4
ip_shuffle,20260618T074738_455713,of:0000000000000003:2 -> of:0000000000000008:3,0.002,0.0025,0.002,0.002,1.63,2026-06-18T07:47:38,0.002,1.56
route_mutation,20260618T074843_469498,of:0000000000000005:1 -> of:000000000000000c:5,0.002,0.0025,0.002,0.002,2.36,2026-06-18T07:48:43,0.002,2.46
route_mutation,20260618T074843_469498,of:000000000000000a:1 -> of:000000000000000d:6,0.002,0.0025,0.002,0.002,1.66,2026-06-18T07:48:43,0.002,1.66
route_mutation,20260618T074843_469498,of:000000000000000b:2 -> of:000000000000000c:2,0.002,0.0025,0.002,0.002,2.0,2026-06-18T07:48:43,0.002,2.0
route_mutation,20260618T074843_469498,of:0000000000000004:2 -> of:0000000000000009:2,0.002,0.0025,0.002,0.002,1.96,2026-06-18T07:48:43,0.002,1.9
route_mutation,20260618T074843_469498,of:0000000000000005:2 -> of:0000000000000009:3,0.002,0.0025,0.002,0.002,1.9,2026-06-18T07:48:43,0.002,1.9
route_mutation,20260618T074843_469498,of:000000000000000b:3 -> of:000000000000000d:2,0.002,0.0025,0.002,0.002,2.0,2026-06-18T07:48:43,0.002,2.0
route_mutation,20260618T074843_469498,of:0000000000000004:1 -> of:000000000000000c:4,0.002,0.0025,0.002,0.002,2.43,2026-06-18T07:48:43,0.002,2.46
route_mutation,20260618T074843_469498,of:000000000000000c:3 -> of:000000000000000d:3,0.002,0.0025,0.002,0.002,2.0,2026-06-18T07:48:43,0.002,2.0
route_mutation,20260618T074843_469498,of:0000000000000001:1 -> of:000000000000000b:1,0.002,0.0025,0.002,0.002,2.2,2026-06-18T07:48:43,0.002,2.16
route_mutation,20260618T074843_469498,of:0000000000000006:1 -> of:000000000000000d:4,0.002,0.0025,0.002,0.002,2.56,2026-06-18T07:48:43,0.002,2.6
route_mutation,20260618T074843_469498,of:0000000000000002:1 -> of:000000000000000b:4,0.002,0.0025,0.002,0.002,1.53,2026-06-18T07:48:43,0.002,1.66
route_mutation,20260618T074843_469498,of:0000000000000001:3 -> of:000000000000000d:1,0.002,0.0025,0.002,0.002,2.5,2026-06-18T07:48:43,0.002,2.66
route_mutation,20260618T074843_469498,of:0000000000000006:2 -> of:000000000000000a:2,0.002,0.0025,0.002,0.002,1.9,2026-06-18T07:48:43,0.002,1.96
route_mutation,20260618T074843_469498,of:0000000000000003:1 -> of:000000000000000b:5,0.002,0.0025,0.002,0.002,2.16,2026-06-18T07:48:43,0.002,2.26
route_mutation,20260618T074843_469498,of:0000000000000007:1 -> of:000000000000000d:5,0.002,0.0025,0.002,0.002,1.6,2026-06-18T07:48:43,0.002,1.66
route_mutation,20260618T074843_469498,of:0000000000000007:2 -> of:000000000000000a:3,0.002,0.0025,0.002,0.002,1.9,2026-06-18T07:48:43,0.002,1.96
route_mutation,20260618T074843_469498,of:0000000000000002:2 -> of:0000000000000008:2,0.002,0.0025,0.002,0.002,1.83,2026-06-18T07:48:43,0.002,1.83
route_mutation,20260618T074843_469498,of:0000000000000008:1 -> of:000000000000000b:6,0.002,0.0025,0.002,0.002,1.56,2026-06-18T07:48:43,0.002,1.6
route_mutation,20260618T074843_469498,of:0000000000000009:1 -> of:000000000000000c:6,0.002,0.0025,0.002,0.002,1.6,2026-06-18T07:48:43,0.002,1.6
route_mutation,20260618T074843_469498,of:0000000000000001:2 -> of:000000000000000c:1,0.003,0.00375,0.003,0.003,3.2,2026-06-18T07:48:43,0.003,3.2
route_mutation,20260618T074843_469498,of:0000000000000003:2 -> of:0000000000000008:3,0.002,0.0025,0.002,0.002,1.9,2026-06-18T07:48:43,0.002,1.83
route_mutation,20260618T074913_751907,of:0000000000000005:1 -> of:000000000000000c:5,0.002,0.0025,0.002,0.002,1.73,2026-06-18T07:49:13,0.001,1.56
route_mutation,20260618T074913_751907,of:000000000000000a:1 -> of:000000000000000d:6,0.001,0.00125,0.001,0.001,1.56,2026-06-18T07:49:13,0.001,1.56
route_mutation,20260618T074913_751907,of:000000000000000b:2 -> of:000000000000000c:2,0.002,0.0025,0.002,0.002,1.93,2026-06-18T07:49:13,0.002,1.93
route_mutation,20260618T074913_751907,of:0000000000000004:2 -> of:0000000000000009:2,0.002,0.0025,0.002,0.002,2.1,2026-06-18T07:49:13,0.002,2.03
route_mutation,20260618T074913_751907,of:0000000000000005:2 -> of:0000000000000009:3,0.002,0.0025,0.002,0.002,2.1,2026-06-18T07:49:13,0.002,2.03
route_mutation,20260618T074913_751907,of:000000000000000b:3 -> of:000000000000000d:2,0.002,0.0025,0.002,0.002,1.93,2026-06-18T07:49:13,0.002,1.93
route_mutation,20260618T074913_751907,of:0000000000000004:1 -> of:000000000000000c:4,0.002,0.0025,0.002,0.002,1.73,2026-06-18T07:49:13,0.001,1.56
route_mutation,20260618T074913_751907,of:000000000000000c:3 -> of:000000000000000d:3,0.002,0.0025,0.002,0.002,1.93,2026-06-18T07:49:13,0.002,1.93
route_mutation,20260618T074913_751907,of:0000000000000001:1 -> of:000000000000000b:1,0.002,0.0025,0.002,0.002,1.7,2026-06-18T07:49:13,0.001,1.63
route_mutation,20260618T074913_751907,of:0000000000000006:1 -> of:000000000000000d:4,0.002,0.0025,0.002,0.002,1.83,2026-06-18T07:49:13,0.002,1.73
route_mutation,20260618T074913_751907,of:0000000000000002:1 -> of:000000000000000b:4,0.002,0.0025,0.002,0.002,1.76,2026-06-18T07:49:13,0.001,1.56
route_mutation,20260618T074913_751907,of:0000000000000001:3 -> of:000000000000000d:1,0.003,0.00375,0.003,0.003,3.1,2026-06-18T07:49:13,0.002,2.86
route_mutation,20260618T074913_751907,of:0000000000000006:2 -> of:000000000000000a:2,0.002,0.0025,0.002,0.002,2.1,2026-06-18T07:49:13,0.002,1.96
route_mutation,20260618T074913_751907,of:0000000000000003:1 -> of:000000000000000b:5,0.002,0.0025,0.002,0.002,1.76,2026-06-18T07:49:13,0.001,1.56
route_mutation,20260618T074913_751907,of:0000000000000007:1 -> of:000000000000000d:5,0.003,0.00375,0.003,0.003,2.9,2026-06-18T07:49:13,0.002,2.76
route_mutation,20260618T074913_751907,of:0000000000000007:2 -> of:000000000000000a:3,0.002,0.0025,0.002,0.002,2.1,2026-06-18T07:49:13,0.002,1.96
route_mutation,20260618T074913_751907,of:0000000000000002:2 -> of:0000000000000008:2,0.002,0.0025,0.002,0.002,2.16,2026-06-18T07:49:13,0.002,2.1
route_mutation,20260618T074913_751907,of:0000000000000008:1 -> of:000000000000000b:6,0.002,0.0025,0.002,0.002,1.66,2026-06-18T07:49:13,0.002,1.63
route_mutation,20260618T074913_751907,of:0000000000000009:1 -> of:000000000000000c:6,0.002,0.0025,0.002,0.002,1.63,2026-06-18T07:49:13,0.002,1.63
route_mutation,20260618T074913_751907,of:0000000000000001:2 -> of:000000000000000c:1,0.002,0.0025,0.002,0.002,1.7,2026-06-18T07:49:13,0.001,1.63
route_mutation,20260618T074913_751907,of:0000000000000003:2 -> of:0000000000000008:3,0.002,0.0025,0.002,0.002,2.16,2026-06-18T07:49:13,0.002,2.1
route_mutation,20260618T074944_017322,of:0000000000000005:1 -> of:000000000000000c:5,0.002,0.0025,0.002,0.002,1.43,2026-06-18T07:49:44,0.002,1.43
route_mutation,20260618T074944_017322,of:000000000000000a:1 -> of:000000000000000d:6,0.002,0.0025,0.002,0.002,1.43,2026-06-18T07:49:44,0.002,1.43
route_mutation,20260618T074944_017322,of:000000000000000b:2 -> of:000000000000000c:2,0.002,0.0025,0.002,0.002,1.53,2026-06-18T07:49:44,0.002,1.53
route_mutation,20260618T074944_017322,of:0000000000000004:2 -> of:0000000000000009:2,0.002,0.0025,0.002,0.001,1.47,2026-06-18T07:49:44,0.002,1.53
route_mutation,20260618T074944_017322,of:0000000000000005:2 -> of:0000000000000009:3,0.002,0.0025,0.002,0.001,1.47,2026-06-18T07:49:44,0.002,1.53
route_mutation,20260618T074944_017322,of:000000000000000b:3 -> of:000000000000000d:2,0.002,0.0025,0.002,0.002,1.67,2026-06-18T07:49:44,0.002,1.67
route_mutation,20260618T074944_017322,of:0000000000000004:1 -> of:000000000000000c:4,0.002,0.0025,0.002,0.002,1.43,2026-06-18T07:49:44,0.002,1.43
route_mutation,20260618T074944_017322,of:000000000000000c:3 -> of:000000000000000d:3,0.002,0.0025,0.002,0.002,1.53,2026-06-18T07:49:44,0.002,1.53
route_mutation,20260618T074944_017322,of:0000000000000001:1 -> of:000000000000000b:1,0.003,0.00375,0.003,0.003,2.86,2026-06-18T07:49:44,0.003,2.93
route_mutation,20260618T074944_017322,of:0000000000000006:1 -> of:000000000000000d:4,0.002,0.0025,0.002,0.002,1.63,2026-06-18T07:49:44,0.002,1.7
route_mutation,20260618T074944_017322,of:0000000000000002:1 -> of:000000000000000b:4,0.002,0.0025,0.002,0.002,2.46,2026-06-18T07:49:44,0.002,2.53
route_mutation,20260618T074944_017322,of:0000000000000001:3 -> of:000000000000000d:1,0.002,0.0025,0.002,0.002,1.5,2026-06-18T07:49:44,0.002,1.57
route_mutation,20260618T074944_017322,of:0000000000000006:2 -> of:000000000000000a:2,0.002,0.0025,0.002,0.001,1.47,2026-06-18T07:49:44,0.002,1.53
route_mutation,20260618T074944_017322,of:0000000000000003:1 -> of:000000000000000b:5,0.002,0.0025,0.002,0.002,1.86,2026-06-18T07:49:44,0.002,2.0
route_mutation,20260618T074944_017322,of:0000000000000007:1 -> of:000000000000000d:5,0.002,0.0025,0.002,0.001,1.37,2026-06-18T07:49:44,0.002,1.43
route_mutation,20260618T074944_017322,of:0000000000000007:2 -> of:000000000000000a:3,0.002,0.0025,0.002,0.001,1.47,2026-06-18T07:49:44,0.002,1.53
route_mutation,20260618T074944_017322,of:0000000000000002:2 -> of:0000000000000008:2,0.002,0.0025,0.002,0.001,1.47,2026-06-18T07:49:44,0.002,1.53
route_mutation,20260618T074944_017322,of:0000000000000008:1 -> of:000000000000000b:6,0.002,0.0025,0.002,0.002,1.43,2026-06-18T07:49:44,0.002,1.43
route_mutation,20260618T074944_017322,of:0000000000000009:1 -> of:000000000000000c:6,0.002,0.0025,0.002,0.002,1.43,2026-06-18T07:49:44,0.002,1.43
route_mutation,20260618T074944_017322,of:0000000000000001:2 -> of:000000000000000c:1,0.002,0.0025,0.002,0.001,1.37,2026-06-18T07:49:44,0.002,1.43
route_mutation,20260618T074944_017322,of:0000000000000003:2 -> of:0000000000000008:3,0.002,0.0025,0.002,0.001,1.4,2026-06-18T07:49:44,0.002,1.53
route_mutation,20260618T075014_254701,of:0000000000000005:1 -> of:000000000000000c:5,0.002,0.0025,0.002,0.002,2.3,2026-06-18T07:50:14,0.002,2.46
route_mutation,20260618T075014_254701,of:000000000000000a:1 -> of:000000000000000d:6,0.002,0.0025,0.002,0.002,1.66,2026-06-18T07:50:14,0.002,1.66
route_mutation,20260618T075014_254701,of:000000000000000b:2 -> of:000000000000000c:2,0.002,0.0025,0.002,0.002,2.0,2026-06-18T07:50:14,0.002,2.0
route_mutation,20260618T075014_254701,of:0000000000000004:2 -> of:0000000000000009:2,0.002,0.0025,0.002,0.002,1.9,2026-06-18T07:50:14,0.002,1.96
route_mutation,20260618T075014_254701,of:0000000000000005:2 -> of:0000000000000009:3,0.002,0.0025,0.002,0.002,1.9,2026-06-18T07:50:14,0.002,1.96
route_mutation,20260618T075014_254701,of:000000000000000b:3 -> of:000000000000000d:2,0.002,0.0025,0.002,0.002,2.0,2026-06-18T07:50:14,0.002,2.0
route_mutation,20260618T075014_254701,of:0000000000000004:1 -> of:000000000000000c:4,0.002,0.0025,0.002,0.002,2.3,2026-06-18T07:50:14,0.002,2.46
route_mutation,20260618T075014_254701,of:000000000000000c:3 -> of:000000000000000d:3,0.002,0.0025,0.002,0.002,2.0,2026-06-18T07:50:14,0.002,2.0
route_mutation,20260618T075014_254701,of:0000000000000001:1 -> of:000000000000000b:1,0.002,0.0025,0.002,0.002,2.1,2026-06-18T07:50:14,0.002,2.1
route_mutation,20260618T075014_254701,of:0000000000000006:1 -> of:000000000000000d:4,0.002,0.0025,0.002,0.002,2.56,2026-06-18T07:50:14,0.002,2.6
route_mutation,20260618T075014_254701,of:0000000000000002:1 -> of:000000000000000b:4,0.002,0.0025,0.002,0.002,1.53,2026-06-18T07:50:14,0.002,1.66
route_mutation,20260618T075014_254701,of:0000000000000001:3 -> of:000000000000000d:1,0.002,0.0025,0.002,0.002,2.5,2026-06-18T07:50:14,0.002,2.66
route_mutation,20260618T075014_254701,of:0000000000000006:2 -> of:000000000000000a:2,0.002,0.0025,0.002,0.002,1.9,2026-06-18T07:50:14,0.002,1.96
route_mutation,20260618T075014_254701,of:0000000000000003:1 -> of:000000000000000b:5,0.002,0.0025,0.002,0.002,2.1,2026-06-18T07:50:14,0.002,2.13
route_mutation,20260618T075014_254701,of:0000000000000007:1 -> of:000000000000000d:5,0.002,0.0025,0.002,0.002,1.6,2026-06-18T07:50:14,0.002,1.66
route_mutation,20260618T075014_254701,of:0000000000000007:2 -> of:000000000000000a:3,0.002,0.0025,0.002,0.002,1.9,2026-06-18T07:50:14,0.002,1.96
route_mutation,20260618T075014_254701,of:0000000000000002:2 -> of:0000000000000008:2,0.002,0.0025,0.002,0.002,1.86,2026-06-18T07:50:14,0.002,1.86
route_mutation,20260618T075014_254701,of:0000000000000008:1 -> of:000000000000000b:6,0.002,0.0025,0.002,0.002,1.6,2026-06-18T07:50:14,0.002,1.6
route_mutation,20260618T075014_254701,of:0000000000000009:1 -> of:000000000000000c:6,0.002,0.0025,0.002,0.002,1.66,2026-06-18T07:50:14,0.002,1.66
route_mutation,20260618T075014_254701,of:0000000000000001:2 -> of:000000000000000c:1,0.003,0.00375,0.003,0.003,3.2,2026-06-18T07:50:14,0.003,3.2
route_mutation,20260618T075014_254701,of:0000000000000003:2 -> of:0000000000000008:3,0.002,0.0025,0.002,0.002,1.96,2026-06-18T07:50:14,0.002,1.9
ip_shuffle,20260618T075044_421099,of:0000000000000005:1 -> of:000000000000000c:5,0.002,0.0025,0.002,0.002,1.73,2026-06-18T07:50:44,0.001,1.56
ip_shuffle,20260618T075044_421099,of:000000000000000a:1 -> of:000000000000000d:6,0.001,0.00125,0.001,0.001,1.56,2026-06-18T07:50:44,0.001,1.56
ip_shuffle,20260618T075044_421099,of:000000000000000b:2 -> of:000000000000000c:2,0.002,0.0025,0.002,0.002,1.93,2026-06-18T07:50:44,0.002,1.93
ip_shuffle,20260618T075044_421099,of:0000000000000004:2 -> of:0000000000000009:2,0.002,0.0025,0.002,0.002,2.1,2026-06-18T07:50:44,0.002,1.96
ip_shuffle,20260618T075044_421099,of:0000000000000005:2 -> of:0000000000000009:3,0.002,0.0025,0.002,0.002,2.1,2026-06-18T07:50:44,0.002,1.96
ip_shuffle,20260618T075044_421099,of:000000000000000b:3 -> of:000000000000000d:2,0.002,0.0025,0.002,0.002,1.93,2026-06-18T07:50:44,0.002,1.93
ip_shuffle,20260618T075044_421099,of:0000000000000004:1 -> of:000000000000000c:4,0.002,0.0025,0.002,0.002,1.73,2026-06-18T07:50:44,0.001,1.56
ip_shuffle,20260618T075044_421099,of:000000000000000c:3 -> of:000000000000000d:3,0.002,0.0025,0.002,0.002,1.93,2026-06-18T07:50:44,0.002,1.93
ip_shuffle,20260618T075044_421099,of:0000000000000001:1 -> of:000000000000000b:1,0.002,0.0025,0.002,0.002,1.7,2026-06-18T07:50:44,0.001,1.63
ip_shuffle,20260618T075044_421099,of:0000000000000006:1 -> of:000000000000000d:4,0.002,0.0025,0.002,0.002,1.83,2026-06-18T07:50:44,0.002,1.73
ip_shuffle,20260618T075044_421099,of:0000000000000002:1 -> of:000000000000000b:4,0.002,0.0025,0.002,0.002,1.76,2026-06-18T07:50:44,0.001,1.56
ip_shuffle,20260618T075044_421099,of:0000000000000001:3 -> of:000000000000000d:1,0.003,0.00375,0.003,0.003,3.1,2026-06-18T07:50:44,0.002,2.86
ip_shuffle,20260618T075044_421099,of:0000000000000006:2 -> of:000000000000000a:2,0.002,0.0025,0.002,0.002,2.1,2026-06-18T07:50:44,0.002,1.96
ip_shuffle,20260618T075044_421099,of:0000000000000003:1 -> of:000000000000000b:5,0.002,0.0025,0.002,0.002,1.73,2026-06-18T07:50:44,0.001,1.56
ip_shuffle,20260618T075044_421099,of:0000000000000007:1 -> of:000000000000000d:5,0.003,0.00375,0.003,0.003,2.9,2026-06-18T07:50:44,0.002,2.76
ip_shuffle,20260618T075044_421099,of:0000000000000007:2 -> of:000000000000000a:3,0.002,0.0025,0.002,0.002,2.1,2026-06-18T07:50:44,0.002,1.96
ip_shuffle,20260618T075044_421099,of:0000000000000002:2 -> of:0000000000000008:2,0.002,0.0025,0.002,0.002,2.13,2026-06-18T07:50:44,0.002,2.06
ip_shuffle,20260618T075044_421099,of:0000000000000008:1 -> of:000000000000000b:6,0.002,0.0025,0.002,0.002,1.63,2026-06-18T07:50:44,0.002,1.63
ip_shuffle,20260618T075044_421099,of:0000000000000009:1 -> of:000000000000000c:6,0.001,0.00125,0.001,0.001,1.56,2026-06-18T07:50:44,0.001,1.56
ip_shuffle,20260618T075044_421099,of:0000000000000001:2 -> of:000000000000000c:1,0.002,0.0025,0.002,0.002,1.7,2026-06-18T07:50:44,0.001,1.63
ip_shuffle,20260618T075044_421099,of:0000000000000003:2 -> of:0000000000000008:3,0.002,0.0025,0.002,0.002,2.1,2026-06-18T07:50:44,0.002,2.03
ip_shuffle,20260618T075148_416721,of:0000000000000005:1 -> of:000000000000000c:5,0.002,0.0025,0.002,0.002,2.33,2026-06-18T07:51:48,0.002,2.5
ip_shuffle,20260618T075148_416721,of:000000000000000a:1 -> of:000000000000000d:6,0.002,0.0025,0.002,0.002,1.7,2026-06-18T07:51:48,0.002,1.7
ip_shuffle,20260618T075148_416721,of:000000000000000b:2 -> of:000000000000000c:2,0.002,0.0025,0.002,0.002,2.06,2026-06-18T07:51:48,0.002,2.06
ip_shuffle,20260618T075148_416721,of:0000000000000004:2 -> of:0000000000000009:2,0.002,0.0025,0.002,0.002,1.96,2026-06-18T07:51:48,0.002,2.03
ip_shuffle,20260618T075148_416721,of:0000000000000005:2 -> of:0000000000000009:3,0.002,0.0025,0.002,0.002,1.96,2026-06-18T07:51:48,0.002,2.03
ip_shuffle,20260618T075148_416721,of:000000000000000b:3 -> of:000000000000000d:2,0.002,0.0025,0.002,0.002,2.06,2026-06-18T07:51:48,0.002,2.06
ip_shuffle,20260618T075148_416721,of:0000000000000004:1 -> of:000000000000000c:4,0.002,0.0025,0.002,0.002,2.33,2026-06-18T07:51:48,0.002,2.5
ip_shuffle,20260618T075148_416721,of:000000000000000c:3 -> of:000000000000000d:3,0.002,0.0025,0.002,0.002,2.06,2026-06-18T07:51:48,0.002,2.06
ip_shuffle,20260618T075148_416721,of:0000000000000001:1 -> of:000000000000000b:1,0.002,0.0025,0.002,0.002,2.03,2026-06-18T07:51:48,0.002,2.03
ip_shuffle,20260618T075148_416721,of:0000000000000006:1 -> of:000000000000000d:4,0.002,0.0025,0.002,0.002,2.63,2026-06-18T07:51:48,0.002,2.73
ip_shuffle,20260618T075148_416721,of:0000000000000002:1 -> of:000000000000000b:4,0.002,0.0025,0.002,0.002,1.56,2026-06-18T07:51:48,0.002,1.7
ip_shuffle,20260618T075148_416721,of:0000000000000001:3 -> of:000000000000000d:1,0.002,0.0025,0.002,0.002,2.56,2026-06-18T07:51:48,0.002,2.73
ip_shuffle,20260618T075148_416721,of:0000000000000006:2 -> of:000000000000000a:2,0.002,0.0025,0.002,0.002,1.96,2026-06-18T07:51:48,0.002,2.03
ip_shuffle,20260618T075148_416721,of:0000000000000003:1 -> of:000000000000000b:5,0.002,0.0025,0.002,0.002,2.06,2026-06-18T07:51:48,0.002,2.1
ip_shuffle,20260618T075148_416721,of:0000000000000007:1 -> of:000000000000000d:5,0.002,0.0025,0.002,0.002,1.73,2026-06-18T07:51:48,0.002,1.73
ip_shuffle,20260618T075148_416721,of:0000000000000007:2 -> of:000000000000000a:3,0.002,0.0025,0.002,0.002,1.96,2026-06-18T07:51:48,0.002,2.03
ip_shuffle,20260618T075148_416721,of:0000000000000002:2 -> of:0000000000000008:2,0.002,0.0025,0.002,0.002,1.93,2026-06-18T07:51:48,0.002,2.0
ip_shuffle,20260618T075148_416721,of:0000000000000008:1 -> of:000000000000000b:6,0.002,0.0025,0.002,0.002,1.7,2026-06-18T07:51:48,0.002,1.7
ip_shuffle,20260618T075148_416721,of:0000000000000009:1 -> of:000000000000000c:6,0.002,0.0025,0.002,0.002,1.7,2026-06-18T07:51:48,0.002,1.7
ip_shuffle,20260618T075148_416721,of:0000000000000001:2 -> of:000000000000000c:1,0.003,0.00375,0.003,0.003,3.23,2026-06-18T07:51:48,0.003,3.23
ip_shuffle,20260618T075148_416721,of:0000000000000003:2 -> of:0000000000000008:3,0.002,0.0025,0.002,0.002,2.03,2026-06-18T07:51:48,0.002,2.03
route_mutation,20260618T075246_030291,of:0000000000000005:1 -> of:000000000000000c:5,0.001,0.00125,0.001,0.001,1.33,2026-06-18T07:52:46,0.001,1.33
route_mutation,20260618T075246_030291,of:000000000000000a:1 -> of:000000000000000d:6,0.001,0.00125,0.001,0.001,1.33,2026-06-18T07:52:46,0.001,1.33
route_mutation,20260618T075246_030291,of:000000000000000b:2 -> of:000000000000000c:2,0.001,0.00125,0.001,0.001,1.33,2026-06-18T07:52:46,0.001,1.33
route_mutation,20260618T075246_030291,of:0000000000000004:2 -> of:0000000000000009:2,0.001,0.00125,0.001,0.001,1.26,2026-06-18T07:52:46,0.001,1.33
route_mutation,20260618T075246_030291,of:0000000000000005:2 -> of:0000000000000009:3,0.001,0.00125,0.001,0.001,1.26,2026-06-18T07:52:46,0.001,1.33
route_mutation,20260618T075246_030291,of:000000000000000b:3 -> of:000000000000000d:2,0.002,0.0025,0.002,0.002,1.4,2026-06-18T07:52:46,0.002,1.4
route_mutation,20260618T075246_030291,of:0000000000000004:1 -> of:000000000000000c:4,0.001,0.00125,0.001,0.001,1.33,2026-06-18T07:52:46,0.001,1.33
route_mutation,20260618T075246_030291,of:000000000000000c:3 -> of:000000000000000d:3,0.001,0.00125,0.001,0.001,1.33,2026-06-18T07:52:46,0.001,1.33
route_mutation,20260618T075246_030291,of:0000000000000001:1 -> of:000000000000000b:1,0.002,0.0025,0.002,0.002,2.13,2026-06-18T07:52:46,0.002,2.23
route_mutation,20260618T075246_030291,of:0000000000000006:1 -> of:000000000000000d:4,0.002,0.0025,0.002,0.002,1.4,2026-06-18T07:52:46,0.002,1.46
route_mutation,20260618T075246_030291,of:0000000000000002:1 -> of:000000000000000b:4,0.002,0.0025,0.002,0.002,2.2,2026-06-18T07:52:46,0.002,2.26
route_mutation,20260618T075246_030291,of:0000000000000001:3 -> of:000000000000000d:1,0.002,0.0025,0.002,0.001,1.33,2026-06-18T07:52:46,0.002,1.4
route_mutation,20260618T075246_030291,of:0000000000000006:2 -> of:000000000000000a:2,0.001,0.00125,0.001,0.001,1.26,2026-06-18T07:52:46,0.001,1.33
route_mutation,20260618T075246_030291,of:0000000000000003:1 -> of:000000000000000b:5,0.002,0.0025,0.002,0.001,1.3,2026-06-18T07:52:46,0.002,1.36
route_mutation,20260618T075246_030291,of:0000000000000007:1 -> of:000000000000000d:5,0.001,0.00125,0.001,0.001,1.26,2026-06-18T07:52:46,0.001,1.26
route_mutation,20260618T075246_030291,of:0000000000000007:2 -> of:000000000000000a:3,0.001,0.00125,0.001,0.001,1.26,2026-06-18T07:52:46,0.001,1.26
route_mutation,20260618T075246_030291,of:0000000000000002:2 -> of:0000000000000008:2,0.001,0.00125,0.001,0.001,1.26,2026-06-18T07:52:46,0.001,1.33
route_mutation,20260618T075246_030291,of:0000000000000008:1 -> of:000000000000000b:6,0.001,0.00125,0.001,0.001,1.33,2026-06-18T07:52:46,0.001,1.33
route_mutation,20260618T075246_030291,of:0000000000000009:1 -> of:000000000000000c:6,0.001,0.00125,0.001,0.001,1.33,2026-06-18T07:52:46,0.001,1.33
route_mutation,20260618T075246_030291,of:0000000000000001:2 -> of:000000000000000c:1,0.001,0.00125,0.001,0.001,1.26,2026-06-18T07:52:46,0.001,1.33
route_mutation,20260618T075246_030291,of:0000000000000003:2 -> of:0000000000000008:3,0.001,0.00125,0.001,0.001,1.2,2026-06-18T07:52:46,0.001,1.33
route_mutation,20260618T075316_276262,of:0000000000000005:1 -> of:000000000000000c:5,0.002,0.0025,0.002,0.002,2.2,2026-06-18T07:53:16,0.002,2.36
route_mutation,20260618T075316_276262,of:000000000000000a:1 -> of:000000000000000d:6,0.002,0.0025,0.002,0.002,1.56,2026-06-18T07:53:16,0.002,1.56
route_mutation,20260618T075316_276262,of:000000000000000b:2 -> of:000000000000000c:2,0.002,0.0025,0.002,0.002,1.8,2026-06-18T07:53:16,0.002,1.8
route_mutation,20260618T075316_276262,of:0000000000000004:2 -> of:0000000000000009:2,0.002,0.0025,0.002,0.002,1.7,2026-06-18T07:53:16,0.002,1.76
route_mutation,20260618T075316_276262,of:0000000000000005:2 -> of:0000000000000009:3,0.002,0.0025,0.002,0.002,1.7,2026-06-18T07:53:16,0.002,1.76
route_mutation,20260618T075316_276262,of:000000000000000b:3 -> of:000000000000000d:2,0.002,0.0025,0.002,0.002,1.86,2026-06-18T07:53:16,0.002,1.86
route_mutation,20260618T075316_276262,of:0000000000000004:1 -> of:000000000000000c:4,0.002,0.0025,0.002,0.002,2.2,2026-06-18T07:53:16,0.002,2.36
route_mutation,20260618T075316_276262,of:000000000000000c:3 -> of:000000000000000d:3,0.002,0.0025,0.002,0.002,1.8,2026-06-18T07:53:16,0.002,1.8
route_mutation,20260618T075316_276262,of:0000000000000001:1 -> of:000000000000000b:1,0.002,0.0025,0.002,0.002,2.63,2026-06-18T07:53:16,0.002,2.63
route_mutation,20260618T075316_276262,of:0000000000000006:1 -> of:000000000000000d:4,0.002,0.0025,0.002,0.002,2.16,2026-06-18T07:53:16,0.002,2.23
route_mutation,20260618T075316_276262,of:0000000000000002:1 -> of:000000000000000b:4,0.002,0.0025,0.002,0.002,1.63,2026-06-18T07:53:16,0.002,1.73
route_mutation,20260618T075316_276262,of:0000000000000001:3 -> of:000000000000000d:1,0.002,0.0025,0.002,0.002,2.06,2026-06-18T07:53:16,0.002,2.13
route_mutation,20260618T075316_276262,of:0000000000000006:2 -> of:000000000000000a:2,0.002,0.0025,0.002,0.002,1.7,2026-06-18T07:53:16,0.002,1.76
route_mutation,20260618T075316_276262,of:0000000000000003:1 -> of:000000000000000b:5,0.002,0.0025,0.002,0.002,2.46,2026-06-18T07:53:16,0.002,2.56
route_mutation,20260618T075316_276262,of:0000000000000007:1 -> of:000000000000000d:5,0.002,0.0025,0.002,0.001,1.5,2026-06-18T07:53:16,0.002,1.56
route_mutation,20260618T075316_276262,of:0000000000000007:2 -> of:000000000000000a:3,0.002,0.0025,0.002,0.002,1.73,2026-06-18T07:53:16,0.002,1.8
route_mutation,20260618T075316_276262,of:0000000000000002:2 -> of:0000000000000008:2,0.002,0.0025,0.002,0.002,1.7,2026-06-18T07:53:16,0.002,1.76
route_mutation,20260618T075316_276262,of:0000000000000008:1 -> of:000000000000000b:6,0.002,0.0025,0.002,0.002,1.56,2026-06-18T07:53:16,0.002,1.56
route_mutation,20260618T075316_276262,of:0000000000000009:1 -> of:000000000000000c:6,0.002,0.0025,0.002,0.002,1.56,2026-06-18T07:53:16,0.002,1.56
route_mutation,20260618T075316_276262,of:0000000000000001:2 -> of:000000000000000c:1,0.003,0.00375,0.003,0.003,3.09,2026-06-18T07:53:16,0.003,3.13
route_mutation,20260618T075316_276262,of:0000000000000003:2 -> of:0000000000000008:3,0.002,0.0025,0.002,0.002,1.76,2026-06-18T07:53:16,0.002,1.76
route_mutation,20260618T075346_502828,of:0000000000000005:1 -> of:000000000000000c:5,0.002,0.0025,0.002,0.002,1.96,2026-06-18T07:53:46,0.002,1.86
route_mutation,20260618T075346_502828,of:000000000000000a:1 -> of:000000000000000d:6,0.002,0.0025,0.002,0.002,1.76,2026-06-18T07:53:46,0.002,1.76
route_mutation,20260618T075346_502828,of:000000000000000b:2 -> of:000000000000000c:2,0.002,0.0025,0.002,0.002,2.33,2026-06-18T07:53:46,0.002,2.33
route_mutation,20260618T075346_502828,of:0000000000000004:2 -> of:0000000000000009:2,0.002,0.0025,0.002,0.002,2.5,2026-06-18T07:53:46,0.002,2.36
route_mutation,20260618T075346_502828,of:0000000000000005:2 -> of:0000000000000009:3,0.002,0.0025,0.002,0.002,2.5,2026-06-18T07:53:46,0.002,2.43
route_mutation,20260618T075346_502828,of:000000000000000b:3 -> of:000000000000000d:2,0.002,0.0025,0.002,0.002,2.33,2026-06-18T07:53:46,0.002,2.33
route_mutation,20260618T075346_502828,of:0000000000000004:1 -> of:000000000000000c:4,0.002,0.0025,0.002,0.002,1.93,2026-06-18T07:53:46,0.002,1.76
route_mutation,20260618T075346_502828,of:000000000000000c:3 -> of:000000000000000d:3,0.002,0.0025,0.002,0.002,2.33,2026-06-18T07:53:46,0.002,2.33
route_mutation,20260618T075346_502828,of:0000000000000001:1 -> of:000000000000000b:1,0.002,0.0025,0.002,0.002,1.9,2026-06-18T07:53:46,0.002,1.8
route_mutation,20260618T075346_502828,of:0000000000000006:1 -> of:000000000000000d:4,0.002,0.0025,0.002,0.002,2.4,2026-06-18T07:53:46,0.002,2.26
route_mutation,20260618T075346_502828,of:0000000000000002:1 -> of:000000000000000b:4,0.002,0.0025,0.002,0.002,1.93,2026-06-18T07:53:46,0.002,1.83
route_mutation,20260618T075346_502828,of:0000000000000001:3 -> of:000000000000000d:1,0.003,0.00375,0.003,0.003,3.5,2026-06-18T07:53:46,0.003,3.36
route_mutation,20260618T075346_502828,of:0000000000000006:2 -> of:000000000000000a:2,0.002,0.0025,0.002,0.002,2.5,2026-06-18T07:53:46,0.002,2.36
route_mutation,20260618T075346_502828,of:0000000000000003:1 -> of:000000000000000b:5,0.002,0.0025,0.002,0.002,1.93,2026-06-18T07:53:46,0.002,1.76
route_mutation,20260618T075346_502828,of:0000000000000007:1 -> of:000000000000000d:5,0.003,0.00375,0.003,0.003,3.0,2026-06-18T07:53:46,0.002,2.93
route_mutation,20260618T075346_502828,of:0000000000000007:2 -> of:000000000000000a:3,0.002,0.0025,0.002,0.002,2.46,2026-06-18T07:53:46,0.002,2.4
route_mutation,20260618T075346_502828,of:0000000000000002:2 -> of:0000000000000008:2,0.002,0.0025,0.002,0.002,2.5,2026-06-18T07:53:46,0.002,2.43
route_mutation,20260618T075346_502828,of:0000000000000008:1 -> of:000000000000000b:6,0.002,0.0025,0.002,0.002,1.76,2026-06-18T07:53:46,0.002,1.76
route_mutation,20260618T075346_502828,of:0000000000000009:1 -> of:000000000000000c:6,0.002,0.0025,0.002,0.002,1.76,2026-06-18T07:53:46,0.002,1.76
route_mutation,20260618T075346_502828,of:0000000000000001:2 -> of:000000000000000c:1,0.002,0.0025,0.002,0.002,1.9,2026-06-18T07:53:46,0.002,1.8
route_mutation,20260618T075346_502828,of:0000000000000003:2 -> of:0000000000000008:3,0.002,0.0025,0.002,0.002,2.5,2026-06-18T07:53:46,0.002,2.36
ip_shuffle,20260618T075416_761576,of:0000000000000005:1 -> of:000000000000000c:5,0.001,0.00125,0.001,0.001,1.33,2026-06-18T07:54:16,0.001,1.27
ip_shuffle,20260618T075416_761576,of:000000000000000a:1 -> of:000000000000000d:6,0.001,0.00125,0.001,0.001,1.33,2026-06-18T07:54:16,0.001,1.33
ip_shuffle,20260618T075416_761576,of:000000000000000b:2 -> of:000000000000000c:2,0.001,0.00125,0.001,0.001,1.33,2026-06-18T07:54:16,0.001,1.33
ip_shuffle,20260618T075416_761576,of:0000000000000004:2 -> of:0000000000000009:2,0.001,0.00125,0.001,0.001,1.27,2026-06-18T07:54:16,0.001,1.33
ip_shuffle,20260618T075416_761576,of:0000000000000005:2 -> of:0000000000000009:3,0.001,0.00125,0.001,0.001,1.27,2026-06-18T07:54:16,0.001,1.27
ip_shuffle,20260618T075416_761576,of:000000000000000b:3 -> of:000000000000000d:2,0.001,0.00125,0.001,0.001,1.33,2026-06-18T07:54:16,0.001,1.33
ip_shuffle,20260618T075416_761576,of:0000000000000004:1 -> of:000000000000000c:4,0.001,0.00125,0.001,0.001,1.33,2026-06-18T07:54:16,0.001,1.33
ip_shuffle,20260618T075416_761576,of:000000000000000c:3 -> of:000000000000000d:3,0.001,0.00125,0.001,0.001,1.33,2026-06-18T07:54:16,0.001,1.33
ip_shuffle,20260618T075416_761576,of:0000000000000001:1 -> of:000000000000000b:1,0.002,0.0025,0.002,0.001,1.36,2026-06-18T07:54:16,0.002,1.43
ip_shuffle,20260618T075416_761576,of:0000000000000006:1 -> of:000000000000000d:4,0.001,0.00125,0.001,0.001,1.33,2026-06-18T07:54:16,0.001,1.33
ip_shuffle,20260618T075416_761576,of:0000000000000002:1 -> of:000000000000000b:4,0.001,0.00125,0.001,0.001,1.36,2026-06-18T07:54:16,0.001,1.36
ip_shuffle,20260618T075416_761576,of:0000000000000001:3 -> of:000000000000000d:1,0.002,0.0025,0.002,0.001,1.36,2026-06-18T07:54:16,0.002,1.43
ip_shuffle,20260618T075416_761576,of:0000000000000006:2 -> of:000000000000000a:2,0.001,0.00125,0.001,0.001,1.27,2026-06-18T07:54:16,0.001,1.33
ip_shuffle,20260618T075416_761576,of:0000000000000003:1 -> of:000000000000000b:5,0.001,0.00125,0.001,0.001,1.33,2026-06-18T07:54:16,0.001,1.33
ip_shuffle,20260618T075416_761576,of:0000000000000007:1 -> of:000000000000000d:5,0.002,0.0025,0.002,0.002,1.4,2026-06-18T07:54:16,0.001,1.33
ip_shuffle,20260618T075416_761576,of:0000000000000007:2 -> of:000000000000000a:3,0.001,0.00125,0.001,0.001,1.27,2026-06-18T07:54:16,0.001,1.27
ip_shuffle,20260618T075416_761576,of:0000000000000002:2 -> of:0000000000000008:2,0.001,0.00125,0.001,0.001,1.27,2026-06-18T07:54:16,0.001,1.27
ip_shuffle,20260618T075416_761576,of:0000000000000008:1 -> of:000000000000000b:6,0.001,0.00125,0.001,0.001,1.33,2026-06-18T07:54:16,0.001,1.33
ip_shuffle,20260618T075416_761576,of:0000000000000009:1 -> of:000000000000000c:6,0.001,0.00125,0.001,0.001,1.33,2026-06-18T07:54:16,0.001,1.33
ip_shuffle,20260618T075416_761576,of:0000000000000001:2 -> of:000000000000000c:1,0.001,0.00125,0.001,0.001,1.27,2026-06-18T07:54:16,0.001,1.33
ip_shuffle,20260618T075416_761576,of:0000000000000003:2 -> of:0000000000000008:3,0.001,0.00125,0.001,0.001,1.27,2026-06-18T07:54:16,0.001,1.33
ip_shuffle,20260618T075520_775073,of:0000000000000005:1 -> of:000000000000000c:5,0.002,0.0025,0.002,0.002,2.06,2026-06-18T07:55:20,0.002,2.0
ip_shuffle,20260618T075520_775073,of:000000000000000a:1 -> of:000000000000000d:6,0.002,0.0025,0.002,0.002,1.9,2026-06-18T07:55:20,0.002,1.9
ip_shuffle,20260618T075520_775073,of:000000000000000b:2 -> of:000000000000000c:2,0.002,0.0025,0.002,0.002,2.6,2026-06-18T07:55:20,0.002,2.6
ip_shuffle,20260618T075520_775073,of:0000000000000004:2 -> of:0000000000000009:2,0.002,0.0025,0.002,0.002,2.73,2026-06-18T07:55:20,0.002,2.6
ip_shuffle,20260618T075520_775073,of:0000000000000005:2 -> of:0000000000000009:3,0.002,0.0025,0.002,0.002,2.73,2026-06-18T07:55:20,0.002,2.66
ip_shuffle,20260618T075520_775073,of:000000000000000b:3 -> of:000000000000000d:2,0.002,0.0025,0.002,0.002,2.6,2026-06-18T07:55:20,0.002,2.6
ip_shuffle,20260618T075520_775073,of:0000000000000004:1 -> of:000000000000000c:4,0.002,0.0025,0.002,0.002,2.03,2026-06-18T07:55:20,0.002,1.9
ip_shuffle,20260618T075520_775073,of:000000000000000c:3 -> of:000000000000000d:3,0.002,0.0025,0.002,0.002,2.6,2026-06-18T07:55:20,0.002,2.6
ip_shuffle,20260618T075520_775073,of:0000000000000001:1 -> of:000000000000000b:1,0.002,0.0025,0.002,0.002,2.03,2026-06-18T07:55:20,0.002,1.96
ip_shuffle,20260618T075520_775073,of:0000000000000006:1 -> of:000000000000000d:4,0.002,0.0025,0.002,0.002,2.96,2026-06-18T07:55:20,0.002,2.83
ip_shuffle,20260618T075520_775073,of:0000000000000002:1 -> of:000000000000000b:4,0.002,0.0025,0.002,0.002,2.03,2026-06-18T07:55:20,0.002,1.96
ip_shuffle,20260618T075520_775073,of:0000000000000001:3 -> of:000000000000000d:1,0.003,0.00375,0.003,0.003,4.13,2026-06-18T07:55:20,0.003,4.13
ip_shuffle,20260618T075520_775073,of:0000000000000006:2 -> of:000000000000000a:2,0.002,0.0025,0.002,0.002,2.73,2026-06-18T07:55:20,0.002,2.6
ip_shuffle,20260618T075520_775073,of:0000000000000003:1 -> of:000000000000000b:5,0.002,0.0025,0.002,0.002,2.03,2026-06-18T07:55:20,0.002,1.9
ip_shuffle,20260618T075520_775073,of:0000000000000007:1 -> of:000000000000000d:5,0.003,0.00375,0.003,0.003,3.13,2026-06-18T07:55:20,0.003,3.13
ip_shuffle,20260618T075520_775073,of:0000000000000007:2 -> of:000000000000000a:3,0.002,0.0025,0.002,0.002,2.66,2026-06-18T07:55:20,0.002,2.66
ip_shuffle,20260618T075520_775073,of:0000000000000002:2 -> of:0000000000000008:2,0.002,0.0025,0.002,0.002,2.73,2026-06-18T07:55:20,0.002,2.66
ip_shuffle,20260618T075520_775073,of:0000000000000008:1 -> of:000000000000000b:6,0.002,0.0025,0.002,0.002,1.9,2026-06-18T07:55:20,0.002,1.9
ip_shuffle,20260618T075520_775073,of:0000000000000009:1 -> of:000000000000000c:6,0.002,0.0025,0.002,0.002,1.9,2026-06-18T07:55:20,0.002,1.9
ip_shuffle,20260618T075520_775073,of:0000000000000001:2 -> of:000000000000000c:1,0.002,0.0025,0.002,0.002,2.13,2026-06-18T07:55:20,0.002,2.06
ip_shuffle,20260618T075520_775073,of:0000000000000003:2 -> of:0000000000000008:3,0.002,0.0025,0.002,0.002,2.73,2026-06-18T07:55:20,0.002,2.6
route_mutation,20260618T075618_393227,of:0000000000000005:1 -> of:000000000000000c:5,0.002,0.0025,0.002,0.002,1.93,2026-06-18T07:56:18,0.002,2.06
route_mutation,20260618T075618_393227,of:000000000000000a:1 -> of:000000000000000d:6,0.002,0.0025,0.002,0.002,1.53,2026-06-18T07:56:18,0.002,1.53
route_mutation,20260618T075618_393227,of:000000000000000b:2 -> of:000000000000000c:2,0.002,0.0025,0.002,0.002,1.73,2026-06-18T07:56:18,0.002,1.73
route_mutation,20260618T075618_393227,of:0000000000000004:2 -> of:0000000000000009:2,0.002,0.0025,0.002,0.002,1.66,2026-06-18T07:56:18,0.002,1.73
route_mutation,20260618T075618_393227,of:0000000000000005:2 -> of:0000000000000009:3,0.002,0.0025,0.002,0.002,1.66,2026-06-18T07:56:18,0.002,1.73
route_mutation,20260618T075618_393227,of:000000000000000b:3 -> of:000000000000000d:2,0.002,0.0025,0.002,0.002,1.9,2026-06-18T07:56:18,0.002,1.9
route_mutation,20260618T075618_393227,of:0000000000000004:1 -> of:000000000000000c:4,0.002,0.0025,0.002,0.002,2.2,2026-06-18T07:56:18,0.002,2.33
route_mutation,20260618T075618_393227,of:000000000000000c:3 -> of:000000000000000d:3,0.002,0.0025,0.002,0.002,1.73,2026-06-18T07:56:18,0.002,1.73
route_mutation,20260618T075618_393227,of:0000000000000001:1 -> of:000000000000000b:1,0.003,0.00375,0.003,0.003,3.0,2026-06-18T07:56:18,0.003,3.0
route_mutation,20260618T075618_393227,of:0000000000000006:1 -> of:000000000000000d:4,0.002,0.0025,0.002,0.002,1.73,2026-06-18T07:56:18,0.002,1.86
route_mutation,20260618T075618_393227,of:0000000000000002:1 -> of:000000000000000b:4,0.002,0.0025,0.002,0.002,2.4,2026-06-18T07:56:18,0.002,2.46
route_mutation,20260618T075618_393227,of:0000000000000001:3 -> of:000000000000000d:1,0.002,0.0025,0.002,0.002,1.8,2026-06-18T07:56:18,0.002,1.73
route_mutation,20260618T075618_393227,of:0000000000000006:2 -> of:000000000000000a:2,0.002,0.0025,0.002,0.002,1.66,2026-06-18T07:56:18,0.002,1.73
route_mutation,20260618T075618_393227,of:0000000000000003:1 -> of:000000000000000b:5,0.002,0.0025,0.002,0.002,2.43,2026-06-18T07:56:18,0.002,2.56
route_mutation,20260618T075618_393227,of:0000000000000007:1 -> of:000000000000000d:5,0.002,0.0025,0.002,0.001,1.46,2026-06-18T07:56:18,0.002,1.53
route_mutation,20260618T075618_393227,of:0000000000000007:2 -> of:000000000000000a:3,0.002,0.0025,0.002,0.002,1.73,2026-06-18T07:56:18,0.002,1.73
route_mutation,20260618T075618_393227,of:0000000000000002:2 -> of:0000000000000008:2,0.002,0.0025,0.002,0.002,1.66,2026-06-18T07:56:18,0.002,1.73
route_mutation,20260618T075618_393227,of:0000000000000008:1 -> of:000000000000000b:6,0.002,0.0025,0.002,0.002,1.53,2026-06-18T07:56:18,0.002,1.53
route_mutation,20260618T075618_393227,of:0000000000000009:1 -> of:000000000000000c:6,0.002,0.0025,0.002,0.002,1.53,2026-06-18T07:56:18,0.002,1.53
route_mutation,20260618T075618_393227,of:0000000000000001:2 -> of:000000000000000c:1,0.003,0.00375,0.003,0.003,3.03,2026-06-18T07:56:18,0.003,2.96
route_mutation,20260618T075618_393227,of:0000000000000003:2 -> of:0000000000000008:3,0.002,0.0025,0.002,0.002,1.66,2026-06-18T07:56:18,0.002,1.73
route_mutation,20260618T075648_662523,of:0000000000000005:1 -> of:000000000000000c:5,0.002,0.0025,0.002,0.002,2.1,2026-06-18T07:56:48,0.002,2.03
route_mutation,20260618T075648_662523,of:000000000000000a:1 -> of:000000000000000d:6,0.002,0.0025,0.002,0.002,1.76,2026-06-18T07:56:48,0.002,1.8
route_mutation,20260618T075648_662523,of:000000000000000b:2 -> of:000000000000000c:2,0.002,0.0025,0.002,0.002,2.2,2026-06-18T07:56:48,0.002,2.2
route_mutation,20260618T075648_662523,of:0000000000000004:2 -> of:0000000000000009:2,0.002,0.0025,0.002,0.002,2.33,2026-06-18T07:56:48,0.002,2.26
route_mutation,20260618T075648_662523,of:0000000000000005:2 -> of:0000000000000009:3,0.002,0.0025,0.002,0.002,2.33,2026-06-18T07:56:48,0.002,2.26
route_mutation,20260618T075648_662523,of:000000000000000b:3 -> of:000000000000000d:2,0.002,0.0025,0.002,0.002,2.3,2026-06-18T07:56:48,0.002,2.3
route_mutation,20260618T075648_662523,of:0000000000000004:1 -> of:000000000000000c:4,0.002,0.0025,0.002,0.002,1.83,2026-06-18T07:56:48,0.002,1.76
route_mutation,20260618T075648_662523,of:000000000000000c:3 -> of:000000000000000d:3,0.002,0.0025,0.002,0.002,2.3,2026-06-18T07:56:48,0.002,2.3
route_mutation,20260618T075648_662523,of:0000000000000001:1 -> of:000000000000000b:1,0.002,0.0025,0.002,0.002,1.76,2026-06-18T07:56:48,0.002,1.86
route_mutation,20260618T075648_662523,of:0000000000000006:1 -> of:000000000000000d:4,0.002,0.0025,0.002,0.002,2.83,2026-06-18T07:56:48,0.002,2.86
route_mutation,20260618T075648_662523,of:0000000000000002:1 -> of:000000000000000b:4,0.002,0.0025,0.002,0.002,2.0,2026-06-18T07:56:48,0.002,1.83
route_mutation,20260618T075648_662523,of:0000000000000001:3 -> of:000000000000000d:1,0.003,0.00375,0.003,0.003,3.33,2026-06-18T07:56:48,0.003,3.39
route_mutation,20260618T075648_662523,of:0000000000000006:2 -> of:000000000000000a:2,0.002,0.0025,0.002,0.002,2.33,2026-06-18T07:56:48,0.002,2.26
route_mutation,20260618T075648_662523,of:0000000000000003:1 -> of:000000000000000b:5,0.002,0.0025,0.002,0.002,1.83,2026-06-18T07:56:48,0.002,1.7
route_mutation,20260618T075648_662523,of:0000000000000007:1 -> of:000000000000000d:5,0.002,0.0025,0.002,0.002,2.3,2026-06-18T07:56:48,0.002,2.36
route_mutation,20260618T075648_662523,of:0000000000000007:2 -> of:000000000000000a:3,0.002,0.0025,0.002,0.002,2.26,2026-06-18T07:56:48,0.002,2.26
route_mutation,20260618T075648_662523,of:0000000000000002:2 -> of:0000000000000008:2,0.002,0.0025,0.002,0.002,2.5,2026-06-18T07:56:48,0.002,2.43
route_mutation,20260618T075648_662523,of:0000000000000008:1 -> of:000000000000000b:6,0.002,0.0025,0.002,0.002,1.7,2026-06-18T07:56:48,0.002,1.7
route_mutation,20260618T075648_662523,of:0000000000000009:1 -> of:000000000000000c:6,0.002,0.0025,0.002,0.002,1.7,2026-06-18T07:56:48,0.002,1.7
route_mutation,20260618T075648_662523,of:0000000000000001:2 -> of:000000000000000c:1,0.002,0.0025,0.002,0.002,1.8,2026-06-18T07:56:48,0.002,1.96
route_mutation,20260618T075648_662523,of:0000000000000003:2 -> of:0000000000000008:3,0.002,0.0025,0.002,0.002,2.33,2026-06-18T07:56:48,0.002,2.2
ip_shuffle,20260618T075718_913584,of:0000000000000005:1 -> of:000000000000000c:5,0.002,0.0025,0.002,0.002,1.53,2026-06-18T07:57:18,0.001,1.46
ip_shuffle,20260618T075718_913584,of:000000000000000a:1 -> of:000000000000000d:6,0.001,0.00125,0.001,0.001,1.46,2026-06-18T07:57:18,0.001,1.43
ip_shuffle,20260618T075718_913584,of:000000000000000b:2 -> of:000000000000000c:2,0.002,0.0025,0.002,0.002,1.73,2026-06-18T07:57:18,0.002,1.73
ip_shuffle,20260618T075718_913584,of:0000000000000004:2 -> of:0000000000000009:2,0.002,0.0025,0.002,0.002,1.73,2026-06-18T07:57:18,0.002,1.66
ip_shuffle,20260618T075718_913584,of:0000000000000005:2 -> of:0000000000000009:3,0.002,0.0025,0.002,0.002,1.73,2026-06-18T07:57:18,0.002,1.66
ip_shuffle,20260618T075718_913584,of:000000000000000b:3 -> of:000000000000000d:2,0.002,0.0025,0.002,0.002,1.63,2026-06-18T07:57:18,0.002,1.63
ip_shuffle,20260618T075718_913584,of:0000000000000004:1 -> of:000000000000000c:4,0.002,0.0025,0.002,0.002,1.53,2026-06-18T07:57:18,0.001,1.46
ip_shuffle,20260618T075718_913584,of:000000000000000c:3 -> of:000000000000000d:3,0.002,0.0025,0.002,0.002,1.63,2026-06-18T07:57:18,0.002,1.63
ip_shuffle,20260618T075718_913584,of:0000000000000001:1 -> of:000000000000000b:1,0.002,0.0025,0.002,0.002,1.53,2026-06-18T07:57:18,0.002,1.43
ip_shuffle,20260618T075718_913584,of:0000000000000006:1 -> of:000000000000000d:4,0.002,0.0025,0.002,0.002,1.53,2026-06-18T07:57:18,0.001,1.37
ip_shuffle,20260618T075718_913584,of:0000000000000002:1 -> of:000000000000000b:4,0.002,0.0025,0.002,0.002,1.43,2026-06-18T07:57:18,0.002,1.53
ip_shuffle,20260618T075718_913584,of:0000000000000001:3 -> of:000000000000000d:1,0.002,0.0025,0.002,0.002,2.0,2026-06-18T07:57:18,0.002,2.0
ip_shuffle,20260618T075718_913584,of:0000000000000006:2 -> of:000000000000000a:2,0.002,0.0025,0.002,0.002,1.66,2026-06-18T07:57:18,0.002,1.66
ip_shuffle,20260618T075718_913584,of:0000000000000003:1 -> of:000000000000000b:5,0.002,0.0025,0.002,0.002,1.53,2026-06-18T07:57:18,0.002,1.53
ip_shuffle,20260618T075718_913584,of:0000000000000007:1 -> of:000000000000000d:5,0.002,0.0025,0.002,0.002,2.2,2026-06-18T07:57:18,0.002,2.06
ip_shuffle,20260618T075718_913584,of:0000000000000007:2 -> of:000000000000000a:3,0.002,0.0025,0.002,0.002,1.66,2026-06-18T07:57:18,0.002,1.66
ip_shuffle,20260618T075718_913584,of:0000000000000002:2 -> of:0000000000000008:2,0.002,0.0025,0.002,0.002,1.63,2026-06-18T07:57:18,0.002,1.63
ip_shuffle,20260618T075718_913584,of:0000000000000008:1 -> of:000000000000000b:6,0.002,0.0025,0.002,0.002,1.53,2026-06-18T07:57:18,0.002,1.53
ip_shuffle,20260618T075718_913584,of:0000000000000009:1 -> of:000000000000000c:6,0.002,0.0025,0.002,0.002,1.53,2026-06-18T07:57:18,0.002,1.53
ip_shuffle,20260618T075718_913584,of:0000000000000001:2 -> of:000000000000000c:1,0.002,0.0025,0.002,0.002,1.53,2026-06-18T07:57:18,0.002,1.43
ip_shuffle,20260618T075718_913584,of:0000000000000003:2 -> of:0000000000000008:3,0.002,0.0025,0.002,0.002,1.73,2026-06-18T07:57:18,0.002,1.73
route_mutation,20260618T075816_564506,of:0000000000000005:1 -> of:000000000000000c:5,0.002,0.0025,0.002,0.002,2.59,2026-06-18T07:58:16,0.002,2.56
route_mutation,20260618T075816_564506,of:000000000000000a:1 -> of:000000000000000d:6,0.002,0.0025,0.002,0.002,1.76,2026-06-18T07:58:16,0.002,1.76
route_mutation,20260618T075816_564506,of:000000000000000b:2 -> of:000000000000000c:2,0.002,0.0025,0.002,0.002,2.2,2026-06-18T07:58:16,0.002,2.2
route_mutation,20260618T075816_564506,of:0000000000000004:2 -> of:0000000000000009:2,0.002,0.0025,0.002,0.002,2.3,2026-06-18T07:58:16,0.002,2.23
route_mutation,20260618T075816_564506,of:0000000000000005:2 -> of:0000000000000009:3,0.002,0.0025,0.002,0.002,2.3,2026-06-18T07:58:16,0.002,2.23
route_mutation,20260618T075816_564506,of:000000000000000b:3 -> of:000000000000000d:2,0.002,0.0025,0.002,0.002,2.26,2026-06-18T07:58:16,0.002,2.26
route_mutation,20260618T075816_564506,of:0000000000000004:1 -> of:000000000000000c:4,0.002,0.0025,0.002,0.002,2.33,2026-06-18T07:58:16,0.002,2.3
route_mutation,20260618T075816_564506,of:000000000000000c:3 -> of:000000000000000d:3,0.002,0.0025,0.002,0.002,2.26,2026-06-18T07:58:16,0.002,2.26
route_mutation,20260618T075816_564506,of:0000000000000001:1 -> of:000000000000000b:1,0.002,0.0025,0.002,0.002,1.76,2026-06-18T07:58:16,0.002,1.76
route_mutation,20260618T075816_564506,of:0000000000000006:1 -> of:000000000000000d:4,0.002,0.0025,0.002,0.002,2.89,2026-06-18T07:58:16,0.002,2.93
route_mutation,20260618T075816_564506,of:0000000000000002:1 -> of:000000000000000b:4,0.002,0.0025,0.002,0.002,1.9,2026-06-18T07:58:16,0.002,1.7
route_mutation,20260618T075816_564506,of:0000000000000001:3 -> of:000000000000000d:1,0.003,0.00375,0.003,0.003,3.36,2026-06-18T07:58:16,0.003,3.39
route_mutation,20260618T075816_564506,of:0000000000000006:2 -> of:000000000000000a:2,0.002,0.0025,0.002,0.002,2.3,2026-06-18T07:58:16,0.002,2.23
route_mutation,20260618T075816_564506,of:0000000000000003:1 -> of:000000000000000b:5,0.002,0.0025,0.002,0.002,1.8,2026-06-18T07:58:16,0.002,1.7
route_mutation,20260618T075816_564506,of:0000000000000007:1 -> of:000000000000000d:5,0.002,0.0025,0.002,0.002,2.13,2026-06-18T07:58:16,0.002,2.13
route_mutation,20260618T075816_564506,of:0000000000000007:2 -> of:000000000000000a:3,0.002,0.0025,0.002,0.002,2.26,2026-06-18T07:58:16,0.002,2.26
route_mutation,20260618T075816_564506,of:0000000000000002:2 -> of:0000000000000008:2,0.002,0.0025,0.002,0.002,2.4,2026-06-18T07:58:16,0.002,2.26
route_mutation,20260618T075816_564506,of:0000000000000008:1 -> of:000000000000000b:6,0.002,0.0025,0.002,0.002,1.7,2026-06-18T07:58:16,0.002,1.7
route_mutation,20260618T075816_564506,of:0000000000000009:1 -> of:000000000000000c:6,0.002,0.0025,0.002,0.002,1.7,2026-06-18T07:58:16,0.002,1.7
route_mutation,20260618T075816_564506,of:0000000000000001:2 -> of:000000000000000c:1,0.002,0.0025,0.002,0.002,2.79,2026-06-18T07:58:16,0.002,2.83
route_mutation,20260618T075816_564506,of:0000000000000003:2 -> of:0000000000000008:3,0.002,0.0025,0.002,0.002,2.3,2026-06-18T07:58:16,0.002,2.16
route_mutation,20260618T075846_797163,of:0000000000000005:1 -> of:000000000000000c:5,0.002,0.0025,0.002,0.002,1.56,2026-06-18T07:58:46,0.001,1.46
route_mutation,20260618T075846_797163,of:000000000000000a:1 -> of:000000000000000d:6,0.001,0.00125,0.001,0.001,1.46,2026-06-18T07:58:46,0.001,1.46
route_mutation,20260618T075846_797163,of:000000000000000b:2 -> of:000000000000000c:2,0.002,0.0025,0.002,0.002,1.73,2026-06-18T07:58:46,0.002,1.73
route_mutation,20260618T075846_797163,of:0000000000000004:2 -> of:0000000000000009:2,0.002,0.0025,0.002,0.002,1.76,2026-06-18T07:58:46,0.002,1.7
route_mutation,20260618T075846_797163,of:0000000000000005:2 -> of:0000000000000009:3,0.002,0.0025,0.002,0.002,1.76,2026-06-18T07:58:46,0.002,1.7
route_mutation,20260618T075846_797163,of:000000000000000b:3 -> of:000000000000000d:2,0.002,0.0025,0.002,0.002,1.66,2026-06-18T07:58:46,0.002,1.66
route_mutation,20260618T075846_797163,of:0000000000000004:1 -> of:000000000000000c:4,0.002,0.0025,0.002,0.002,1.56,2026-06-18T07:58:46,0.001,1.46
route_mutation,20260618T075846_797163,of:000000000000000c:3 -> of:000000000000000d:3,0.002,0.0025,0.002,0.002,1.66,2026-06-18T07:58:46,0.002,1.66
route_mutation,20260618T075846_797163,of:0000000000000001:1 -> of:000000000000000b:1,0.002,0.0025,0.002,0.002,1.53,2026-06-18T07:58:46,0.002,1.46
route_mutation,20260618T075846_797163,of:0000000000000006:1 -> of:000000000000000d:4,0.002,0.0025,0.002,0.002,1.56,2026-06-18T07:58:46,0.001,1.4
route_mutation,20260618T075846_797163,of:0000000000000002:1 -> of:000000000000000b:4,0.002,0.0025,0.002,0.001,1.4,2026-06-18T07:58:46,0.002,1.53
route_mutation,20260618T075846_797163,of:0000000000000001:3 -> of:000000000000000d:1,0.002,0.0025,0.002,0.002,2.16,2026-06-18T07:58:46,0.002,2.13
route_mutation,20260618T075846_797163,of:0000000000000006:2 -> of:000000000000000a:2,0.002,0.0025,0.002,0.002,1.7,2026-06-18T07:58:46,0.002,1.7
route_mutation,20260618T075846_797163,of:0000000000000003:1 -> of:000000000000000b:5,0.002,0.0025,0.002,0.002,1.56,2026-06-18T07:58:46,0.002,1.53
route_mutation,20260618T075846_797163,of:0000000000000007:1 -> of:000000000000000d:5,0.002,0.0025,0.002,0.002,2.36,2026-06-18T07:58:46,0.002,2.3
route_mutation,20260618T075846_797163,of:0000000000000007:2 -> of:000000000000000a:3,0.002,0.0025,0.002,0.002,1.66,2026-06-18T07:58:46,0.002,1.66
route_mutation,20260618T075846_797163,of:0000000000000002:2 -> of:0000000000000008:2,0.002,0.0025,0.002,0.002,1.6,2026-06-18T07:58:46,0.002,1.66
route_mutation,20260618T075846_797163,of:0000000000000008:1 -> of:000000000000000b:6,0.002,0.0025,0.002,0.002,1.53,2026-06-18T07:58:46,0.002,1.53
route_mutation,20260618T075846_797163,of:0000000000000009:1 -> of:000000000000000c:6,0.002,0.0025,0.002,0.002,1.53,2026-06-18T07:58:46,0.002,1.53
route_mutation,20260618T075846_797163,of:0000000000000001:2 -> of:000000000000000c:1,0.002,0.0025,0.002,0.002,1.53,2026-06-18T07:58:46,0.002,1.46
route_mutation,20260618T075846_797163,of:0000000000000003:2 -> of:0000000000000008:3,0.002,0.0025,0.002,0.002,1.76,2026-06-18T07:58:46,0.002,1.76
route_mutation,20260618T075917_044306,of:0000000000000005:1 -> of:000000000000000c:5,0.002,0.0025,0.002,0.001,1.4,2026-06-18T07:59:17,0.002,1.53
route_mutation,20260618T075917_044306,of:000000000000000a:1 -> of:000000000000000d:6,0.002,0.0025,0.002,0.002,1.53,2026-06-18T07:59:17,0.002,1.53
route_mutation,20260618T075917_044306,of:000000000000000b:2 -> of:000000000000000c:2,0.002,0.0025,0.002,0.002,1.73,2026-06-18T07:59:17,0.002,1.73
route_mutation,20260618T075917_044306,of:0000000000000004:2 -> of:0000000000000009:2,0.002,0.0025,0.002,0.001,1.6,2026-06-18T07:59:17,0.002,1.73
route_mutation,20260618T075917_044306,of:0000000000000005:2 -> of:0000000000000009:3,0.002,0.0025,0.002,0.001,1.6,2026-06-18T07:59:17,0.002,1.73
route_mutation,20260618T075917_044306,of:000000000000000b:3 -> of:000000000000000d:2,0.002,0.0025,0.002,0.002,1.73,2026-06-18T07:59:17,0.002,1.73
route_mutation,20260618T075917_044306,of:0000000000000004:1 -> of:000000000000000c:4,0.002,0.0025,0.002,0.001,1.5,2026-06-18T07:59:17,0.002,1.63
route_mutation,20260618T075917_044306,of:000000000000000c:3 -> of:000000000000000d:3,0.002,0.0025,0.002,0.002,1.73,2026-06-18T07:59:17,0.002,1.73
route_mutation,20260618T075917_044306,of:0000000000000001:1 -> of:000000000000000b:1,0.003,0.00375,0.003,0.003,3.59,2026-06-18T07:59:17,0.003,3.59
route_mutation,20260618T075917_044306,of:0000000000000006:1 -> of:000000000000000d:4,0.002,0.0025,0.002,0.001,1.46,2026-06-18T07:59:17,0.002,1.53
route_mutation,20260618T075917_044306,of:0000000000000002:1 -> of:000000000000000b:4,0.002,0.0025,0.002,0.002,2.56,2026-06-18T07:59:17,0.002,2.56
route_mutation,20260618T075917_044306,of:0000000000000001:3 -> of:000000000000000d:1,0.002,0.0025,0.002,0.002,1.53,2026-06-18T07:59:17,0.002,1.53
route_mutation,20260618T075917_044306,of:0000000000000006:2 -> of:000000000000000a:2,0.002,0.0025,0.002,0.002,1.73,2026-06-18T07:59:17,0.002,1.73
route_mutation,20260618T075917_044306,of:0000000000000003:1 -> of:000000000000000b:5,0.002,0.0025,0.002,0.002,2.4,2026-06-18T07:59:17,0.002,2.53
route_mutation,20260618T075917_044306,of:0000000000000007:1 -> of:000000000000000d:5,0.002,0.0025,0.002,0.001,1.46,2026-06-18T07:59:17,0.002,1.53
route_mutation,20260618T075917_044306,of:0000000000000007:2 -> of:000000000000000a:3,0.002,0.0025,0.002,0.002,1.73,2026-06-18T07:59:17,0.002,1.73
route_mutation,20260618T075917_044306,of:0000000000000002:2 -> of:0000000000000008:2,0.002,0.0025,0.002,0.002,1.66,2026-06-18T07:59:17,0.002,1.73
route_mutation,20260618T075917_044306,of:0000000000000008:1 -> of:000000000000000b:6,0.002,0.0025,0.002,0.002,1.53,2026-06-18T07:59:17,0.002,1.53
route_mutation,20260618T075917_044306,of:0000000000000009:1 -> of:000000000000000c:6,0.002,0.0025,0.002,0.002,1.53,2026-06-18T07:59:17,0.002,1.53
route_mutation,20260618T075917_044306,of:0000000000000001:2 -> of:000000000000000c:1,0.002,0.0025,0.002,0.002,1.86,2026-06-18T07:59:17,0.002,1.86
route_mutation,20260618T075917_044306,of:0000000000000003:2 -> of:0000000000000008:3,0.002,0.0025,0.002,0.001,1.6,2026-06-18T07:59:17,0.002,1.73
ip_shuffle,20260618T075947_333577,of:0000000000000005:1 -> of:000000000000000c:5,0.002,0.0025,0.002,0.002,2.56,2026-06-18T07:59:47,0.002,2.6
ip_shuffle,20260618T075947_333577,of:000000000000000a:1 -> of:000000000000000d:6,0.002,0.0025,0.002,0.002,1.73,2026-06-18T07:59:47,0.002,1.73
ip_shuffle,20260618T075947_333577,of:000000000000000b:2 -> of:000000000000000c:2,0.002,0.0025,0.002,0.002,2.2,2026-06-18T07:59:47,0.002,2.2
ip_shuffle,20260618T075947_333577,of:0000000000000004:2 -> of:0000000000000009:2,0.002,0.0025,0.002,0.002,2.16,2026-06-18T07:59:47,0.002,2.1
ip_shuffle,20260618T075947_333577,of:0000000000000005:2 -> of:0000000000000009:3,0.002,0.0025,0.002,0.002,2.2,2026-06-18T07:59:47,0.002,2.13
ip_shuffle,20260618T075947_333577,of:000000000000000b:3 -> of:000000000000000d:2,0.002,0.0025,0.002,0.002,2.2,2026-06-18T07:59:47,0.002,2.2
ip_shuffle,20260618T075947_333577,of:0000000000000004:1 -> of:000000000000000c:4,0.002,0.0025,0.002,0.002,2.43,2026-06-18T07:59:47,0.002,2.5
ip_shuffle,20260618T075947_333577,of:000000000000000c:3 -> of:000000000000000d:3,0.002,0.0025,0.002,0.002,2.26,2026-06-18T07:59:47,0.002,2.26
ip_shuffle,20260618T075947_333577,of:0000000000000001:1 -> of:000000000000000b:1,0.002,0.0025,0.002,0.001,1.66,2026-06-18T07:59:47,0.002,1.7
ip_shuffle,20260618T075947_333577,of:0000000000000006:1 -> of:000000000000000d:4,0.002,0.0025,0.002,0.002,2.8,2026-06-18T07:59:47,0.002,2.9
ip_shuffle,20260618T075947_333577,of:0000000000000002:1 -> of:000000000000000b:4,0.002,0.0025,0.002,0.002,1.8,2026-06-18T07:59:47,0.001,1.66
ip_shuffle,20260618T075947_333577,of:0000000000000001:3 -> of:000000000000000d:1,0.003,0.00375,0.003,0.003,3.23,2026-06-18T07:59:47,0.003,3.23
ip_shuffle,20260618T075947_333577,of:0000000000000006:2 -> of:000000000000000a:2,0.002,0.0025,0.002,0.002,2.16,2026-06-18T07:59:47,0.002,2.16
ip_shuffle,20260618T075947_333577,of:0000000000000003:1 -> of:000000000000000b:5,0.002,0.0025,0.002,0.002,2.03,2026-06-18T07:59:47,0.002,1.83
ip_shuffle,20260618T075947_333577,of:0000000000000007:1 -> of:000000000000000d:5,0.002,0.0025,0.002,0.002,1.96,2026-06-18T07:59:47,0.002,2.0
ip_shuffle,20260618T075947_333577,of:0000000000000007:2 -> of:000000000000000a:3,0.002,0.0025,0.002,0.002,2.16,2026-06-18T07:59:47,0.002,2.16
ip_shuffle,20260618T075947_333577,of:0000000000000002:2 -> of:0000000000000008:2,0.002,0.0025,0.002,0.002,2.3,2026-06-18T07:59:47,0.002,2.16
ip_shuffle,20260618T075947_333577,of:0000000000000008:1 -> of:000000000000000b:6,0.001,0.00125,0.001,0.001,1.63,2026-06-18T07:59:47,0.001,1.66
ip_shuffle,20260618T075947_333577,of:0000000000000009:1 -> of:000000000000000c:6,0.002,0.0025,0.002,0.002,1.7,2026-06-18T07:59:47,0.002,1.73
ip_shuffle,20260618T075947_333577,of:0000000000000001:2 -> of:000000000000000c:1,0.003,0.00375,0.003,0.002,2.93,2026-06-18T07:59:47,0.003,3.03
ip_shuffle,20260618T075947_333577,of:0000000000000003:2 -> of:0000000000000008:3,0.002,0.0025,0.002,0.002,2.43,2026-06-18T07:59:47,0.002,2.3
route_mutation,20260618T080058_907243,of:0000000000000005:1 -> of:000000000000000c:5,0.002,0.0025,0.002,0.001,1.46,2026-06-18T08:00:58,0.002,1.6
route_mutation,20260618T080058_907243,of:000000000000000a:1 -> of:000000000000000d:6,0.002,0.0025,0.002,0.002,1.6,2026-06-18T08:00:58,0.002,1.6
route_mutation,20260618T080058_907243,of:000000000000000b:2 -> of:000000000000000c:2,0.002,0.0025,0.002,0.002,1.86,2026-06-18T08:00:58,0.002,1.86
route_mutation,20260618T080058_907243,of:0000000000000004:2 -> of:0000000000000009:2,0.002,0.0025,0.002,0.002,1.73,2026-06-18T08:00:58,0.002,1.86
route_mutation,20260618T080058_907243,of:0000000000000005:2 -> of:0000000000000009:3,0.002,0.0025,0.002,0.002,1.73,2026-06-18T08:00:58,0.002,1.86
route_mutation,20260618T080058_907243,of:000000000000000b:3 -> of:000000000000000d:2,0.002,0.0025,0.002,0.002,1.86,2026-06-18T08:00:58,0.002,1.86
route_mutation,20260618T080058_907243,of:0000000000000004:1 -> of:000000000000000c:4,0.002,0.0025,0.002,0.001,1.46,2026-06-18T08:00:58,0.002,1.6
route_mutation,20260618T080058_907243,of:000000000000000c:3 -> of:000000000000000d:3,0.002,0.0025,0.002,0.002,1.86,2026-06-18T08:00:58,0.002,1.86
route_mutation,20260618T080058_907243,of:0000000000000001:1 -> of:000000000000000b:1,0.003,0.00375,0.003,0.003,3.63,2026-06-18T08:00:58,0.003,3.56
route_mutation,20260618T080058_907243,of:0000000000000006:1 -> of:000000000000000d:4,0.002,0.0025,0.002,0.002,2.26,2026-06-18T08:00:58,0.002,2.33
route_mutation,20260618T080058_907243,of:0000000000000002:1 -> of:000000000000000b:4,0.002,0.0025,0.002,0.002,2.56,2026-06-18T08:00:58,0.002,2.63
route_mutation,20260618T080058_907243,of:0000000000000001:3 -> of:000000000000000d:1,0.002,0.0025,0.002,0.002,2.1,2026-06-18T08:00:58,0.002,2.2
route_mutation,20260618T080058_907243,of:0000000000000006:2 -> of:000000000000000a:2,0.002,0.0025,0.002,0.002,1.86,2026-06-18T08:00:58,0.002,1.86
route_mutation,20260618T080058_907243,of:0000000000000003:1 -> of:000000000000000b:5,0.002,0.0025,0.002,0.002,2.46,2026-06-18T08:00:58,0.002,2.6
route_mutation,20260618T080058_907243,of:0000000000000007:1 -> of:000000000000000d:5,0.002,0.0025,0.002,0.002,1.53,2026-06-18T08:00:58,0.002,1.63
route_mutation,20260618T080058_907243,of:0000000000000007:2 -> of:000000000000000a:3,0.002,0.0025,0.002,0.002,1.86,2026-06-18T08:00:58,0.002,1.86
route_mutation,20260618T080058_907243,of:0000000000000002:2 -> of:0000000000000008:2,0.002,0.0025,0.002,0.002,1.73,2026-06-18T08:00:58,0.002,1.8
route_mutation,20260618T080058_907243,of:0000000000000008:1 -> of:000000000000000b:6,0.002,0.0025,0.002,0.002,1.6,2026-06-18T08:00:58,0.002,1.6
route_mutation,20260618T080058_907243,of:0000000000000009:1 -> of:000000000000000c:6,0.002,0.0025,0.002,0.002,1.6,2026-06-18T08:00:58,0.002,1.6
route_mutation,20260618T080058_907243,of:0000000000000001:2 -> of:000000000000000c:1,0.002,0.0025,0.002,0.002,1.76,2026-06-18T08:00:58,0.002,1.7
route_mutation,20260618T080058_907243,of:0000000000000003:2 -> of:0000000000000008:3,0.002,0.0025,0.002,0.002,1.73,2026-06-18T08:00:58,0.002,1.8
ip_shuffle,20260618T080129_143927,of:0000000000000005:1 -> of:000000000000000c:5,0.002,0.0025,0.002,0.002,2.5,2026-06-18T08:01:29,0.002,2.53
ip_shuffle,20260618T080129_143927,of:000000000000000a:1 -> of:000000000000000d:6,0.002,0.0025,0.002,0.002,1.63,2026-06-18T08:01:29,0.002,1.66
ip_shuffle,20260618T080129_143927,of:000000000000000b:2 -> of:000000000000000c:2,0.002,0.0025,0.002,0.002,2.06,2026-06-18T08:01:29,0.002,2.06
ip_shuffle,20260618T080129_143927,of:0000000000000004:2 -> of:0000000000000009:2,0.002,0.0025,0.002,0.002,2.03,2026-06-18T08:01:29,0.002,1.96
ip_shuffle,20260618T080129_143927,of:0000000000000005:2 -> of:0000000000000009:3,0.002,0.0025,0.002,0.002,2.06,2026-06-18T08:01:29,0.002,2.0
ip_shuffle,20260618T080129_143927,of:000000000000000b:3 -> of:000000000000000d:2,0.002,0.0025,0.002,0.002,2.06,2026-06-18T08:01:29,0.002,2.06
ip_shuffle,20260618T080129_143927,of:0000000000000004:1 -> of:000000000000000c:4,0.002,0.0025,0.002,0.002,2.46,2026-06-18T08:01:29,0.002,2.53
ip_shuffle,20260618T080129_143927,of:000000000000000c:3 -> of:000000000000000d:3,0.002,0.0025,0.002,0.002,2.13,2026-06-18T08:01:29,0.002,2.13
ip_shuffle,20260618T080129_143927,of:0000000000000001:1 -> of:000000000000000b:1,0.002,0.0025,0.002,0.002,1.7,2026-06-18T08:01:29,0.002,1.66
ip_shuffle,20260618T080129_143927,of:0000000000000006:1 -> of:000000000000000d:4,0.002,0.0025,0.002,0.002,2.73,2026-06-18T08:01:29,0.002,2.83
ip_shuffle,20260618T080129_143927,of:0000000000000002:1 -> of:000000000000000b:4,0.002,0.0025,0.002,0.002,1.73,2026-06-18T08:01:29,0.001,1.6
ip_shuffle,20260618T080129_143927,of:0000000000000001:3 -> of:000000000000000d:1,0.003,0.00375,0.003,0.003,3.23,2026-06-18T08:01:29,0.003,3.16
ip_shuffle,20260618T080129_143927,of:0000000000000006:2 -> of:000000000000000a:2,0.002,0.0025,0.002,0.002,2.0,2026-06-18T08:01:29,0.002,2.0
ip_shuffle,20260618T080129_143927,of:0000000000000003:1 -> of:000000000000000b:5,0.002,0.0025,0.002,0.002,1.83,2026-06-18T08:01:29,0.001,1.63
ip_shuffle,20260618T080129_143927,of:0000000000000007:1 -> of:000000000000000d:5,0.002,0.0025,0.002,0.002,1.93,2026-06-18T08:01:29,0.002,1.96
ip_shuffle,20260618T080129_143927,of:0000000000000007:2 -> of:000000000000000a:3,0.002,0.0025,0.002,0.002,2.03,2026-06-18T08:01:29,0.002,2.0
ip_shuffle,20260618T080129_143927,of:0000000000000002:2 -> of:0000000000000008:2,0.002,0.0025,0.002,0.002,2.16,2026-06-18T08:01:29,0.002,2.03
ip_shuffle,20260618T080129_143927,of:0000000000000008:1 -> of:000000000000000b:6,0.001,0.00125,0.001,0.001,1.56,2026-06-18T08:01:29,0.001,1.6
ip_shuffle,20260618T080129_143927,of:0000000000000009:1 -> of:000000000000000c:6,0.002,0.0025,0.002,0.002,1.63,2026-06-18T08:01:29,0.002,1.66
ip_shuffle,20260618T080129_143927,of:0000000000000001:2 -> of:000000000000000c:1,0.003,0.00375,0.003,0.003,3.1,2026-06-18T08:01:29,0.003,3.13
ip_shuffle,20260618T080129_143927,of:0000000000000003:2 -> of:0000000000000008:3,0.002,0.0025,0.002,0.002,2.16,2026-06-18T08:01:29,0.002,2.03
route_mutation,20260618T080226_790617,of:0000000000000005:1 -> of:000000000000000c:5,0.002,0.0025,0.002,0.001,1.36,2026-06-18T08:02:26,0.002,1.46
route_mutation,20260618T080226_790617,of:000000000000000a:1 -> of:000000000000000d:6,0.002,0.0025,0.002,0.002,1.46,2026-06-18T08:02:26,0.002,1.46
route_mutation,20260618T080226_790617,of:000000000000000b:2 -> of:000000000000000c:2,0.002,0.0025,0.002,0.002,1.6,2026-06-18T08:02:26,0.002,1.6
route_mutation,20260618T080226_790617,of:0000000000000004:2 -> of:0000000000000009:2,0.002,0.0025,0.002,0.002,1.66,2026-06-18T08:02:26,0.002,1.8
route_mutation,20260618T080226_790617,of:0000000000000005:2 -> of:0000000000000009:3,0.002,0.0025,0.002,0.001,1.5,2026-06-18T08:02:26,0.002,1.56
route_mutation,20260618T080226_790617,of:000000000000000b:3 -> of:000000000000000d:2,0.002,0.0025,0.002,0.002,1.6,2026-06-18T08:02:26,0.002,1.6
route_mutation,20260618T080226_790617,of:0000000000000004:1 -> of:000000000000000c:4,0.002,0.0025,0.002,0.002,1.53,2026-06-18T08:02:26,0.002,1.6
route_mutation,20260618T080226_790617,of:000000000000000c:3 -> of:000000000000000d:3,0.002,0.0025,0.002,0.002,1.6,2026-06-18T08:02:26,0.002,1.6
route_mutation,20260618T080226_790617,of:0000000000000001:1 -> of:000000000000000b:1,0.003,0.00375,0.003,0.003,2.99,2026-06-18T08:02:26,0.003,2.86
route_mutation,20260618T080226_790617,of:0000000000000006:1 -> of:000000000000000d:4,0.002,0.0025,0.002,0.002,1.86,2026-06-18T08:02:26,0.002,1.96
route_mutation,20260618T080226_790617,of:0000000000000002:1 -> of:000000000000000b:4,0.002,0.0025,0.002,0.002,2.56,2026-06-18T08:02:26,0.002,2.5
route_mutation,20260618T080226_790617,of:0000000000000001:3 -> of:000000000000000d:1,0.002,0.0025,0.002,0.002,1.8,2026-06-18T08:02:26,0.002,1.86
route_mutation,20260618T080226_790617,of:0000000000000006:2 -> of:000000000000000a:2,0.002,0.0025,0.002,0.001,1.5,2026-06-18T08:02:26,0.002,1.56
route_mutation,20260618T080226_790617,of:0000000000000003:1 -> of:000000000000000b:5,0.002,0.0025,0.002,0.002,1.8,2026-06-18T08:02:26,0.002,2.0
route_mutation,20260618T080226_790617,of:0000000000000007:1 -> of:000000000000000d:5,0.002,0.0025,0.002,0.001,1.36,2026-06-18T08:02:26,0.002,1.46
route_mutation,20260618T080226_790617,of:0000000000000007:2 -> of:000000000000000a:3,0.002,0.0025,0.002,0.001,1.5,2026-06-18T08:02:26,0.002,1.56
route_mutation,20260618T080226_790617,of:0000000000000002:2 -> of:0000000000000008:2,0.002,0.0025,0.002,0.002,1.6,2026-06-18T08:02:26,0.002,1.66
route_mutation,20260618T080226_790617,of:0000000000000008:1 -> of:000000000000000b:6,0.002,0.0025,0.002,0.002,1.46,2026-06-18T08:02:26,0.002,1.46
route_mutation,20260618T080226_790617,of:0000000000000009:1 -> of:000000000000000c:6,0.002,0.0025,0.002,0.002,1.46,2026-06-18T08:02:26,0.002,1.46
route_mutation,20260618T080226_790617,of:0000000000000001:2 -> of:000000000000000c:1,0.002,0.0025,0.002,0.002,1.46,2026-06-18T08:02:26,0.002,1.53
route_mutation,20260618T080226_790617,of:0000000000000003:2 -> of:0000000000000008:3,0.002,0.0025,0.002,0.002,1.6,2026-06-18T08:02:26,0.002,1.66
route_mutation,20260618T080257_176788,of:0000000000000005:1 -> of:000000000000000c:5,0.002,0.0025,0.002,0.002,2.3,2026-06-18T08:02:57,0.002,2.36
route_mutation,20260618T080257_176788,of:000000000000000a:1 -> of:000000000000000d:6,0.001,0.00125,0.001,0.001,1.5,2026-06-18T08:02:57,0.001,1.5
route_mutation,20260618T080257_176788,of:000000000000000b:2 -> of:000000000000000c:2,0.002,0.0025,0.002,0.002,1.8,2026-06-18T08:02:57,0.002,1.8
route_mutation,20260618T080257_176788,of:0000000000000004:2 -> of:0000000000000009:2,0.002,0.0025,0.002,0.002,1.83,2026-06-18T08:02:57,0.002,1.7
route_mutation,20260618T080257_176788,of:0000000000000005:2 -> of:0000000000000009:3,0.002,0.0025,0.002,0.002,1.73,2026-06-18T08:02:57,0.002,1.73
route_mutation,20260618T080257_176788,of:000000000000000b:3 -> of:000000000000000d:2,0.002,0.0025,0.002,0.002,1.8,2026-06-18T08:02:57,0.002,1.8
route_mutation,20260618T080257_176788,of:0000000000000004:1 -> of:000000000000000c:4,0.002,0.0025,0.002,0.002,2.4,2026-06-18T08:02:57,0.002,2.3
route_mutation,20260618T080257_176788,of:000000000000000c:3 -> of:000000000000000d:3,0.002,0.0025,0.002,0.002,1.8,2026-06-18T08:02:57,0.002,1.8
route_mutation,20260618T080257_176788,of:0000000000000001:1 -> of:000000000000000b:1,0.002,0.0025,0.002,0.002,2.03,2026-06-18T08:02:57,0.002,2.26
route_mutation,20260618T080257_176788,of:0000000000000006:1 -> of:000000000000000d:4,0.002,0.0025,0.002,0.002,2.36,2026-06-18T08:02:57,0.002,2.4
route_mutation,20260618T080257_176788,of:0000000000000002:1 -> of:000000000000000b:4,0.002,0.0025,0.002,0.002,1.53,2026-06-18T08:02:57,0.001,1.5
route_mutation,20260618T080257_176788,of:0000000000000001:3 -> of:000000000000000d:1,0.002,0.0025,0.002,0.002,2.63,2026-06-18T08:02:57,0.002,2.43
route_mutation,20260618T080257_176788,of:0000000000000006:2 -> of:000000000000000a:2,0.002,0.0025,0.002,0.002,1.73,2026-06-18T08:02:57,0.002,1.73
route_mutation,20260618T080257_176788,of:0000000000000003:1 -> of:000000000000000b:5,0.002,0.0025,0.002,0.002,2.33,2026-06-18T08:02:57,0.002,2.03
route_mutation,20260618T080257_176788,of:0000000000000007:1 -> of:000000000000000d:5,0.002,0.0025,0.002,0.001,1.5,2026-06-18T08:02:57,0.002,1.56
route_mutation,20260618T080257_176788,of:0000000000000007:2 -> of:000000000000000a:3,0.002,0.0025,0.002,0.002,1.73,2026-06-18T08:02:57,0.002,1.73
route_mutation,20260618T080257_176788,of:0000000000000002:2 -> of:0000000000000008:2,0.002,0.0025,0.002,0.002,1.83,2026-06-18T08:02:57,0.002,1.7
route_mutation,20260618T080257_176788,of:0000000000000008:1 -> of:000000000000000b:6,0.001,0.00125,0.001,0.001,1.5,2026-06-18T08:02:57,0.001,1.5
route_mutation,20260618T080257_176788,of:0000000000000009:1 -> of:000000000000000c:6,0.001,0.00125,0.001,0.001,1.5,2026-06-18T08:02:57,0.001,1.5
route_mutation,20260618T080257_176788,of:0000000000000001:2 -> of:000000000000000c:1,0.003,0.00375,0.003,0.003,3.1,2026-06-18T08:02:57,0.003,3.13
route_mutation,20260618T080257_176788,of:0000000000000003:2 -> of:0000000000000008:3,0.002,0.0025,0.002,0.002,1.83,2026-06-18T08:02:57,0.002,1.7
ip_shuffle,20260618T080327_423355,of:0000000000000005:1 -> of:000000000000000c:5,0.002,0.0025,0.002,0.002,1.8,2026-06-18T08:03:27,0.001,1.63
ip_shuffle,20260618T080327_423355,of:000000000000000a:1 -> of:000000000000000d:6,0.002,0.0025,0.002,0.002,1.7,2026-06-18T08:03:27,0.002,1.7
ip_shuffle,20260618T080327_423355,of:000000000000000b:2 -> of:000000000000000c:2,0.002,0.0025,0.002,0.002,2.06,2026-06-18T08:03:27,0.002,2.06
ip_shuffle,20260618T080327_423355,of:0000000000000004:2 -> of:0000000000000009:2,0.002,0.0025,0.002,0.002,2.03,2026-06-18T08:03:27,0.002,2.1
ip_shuffle,20260618T080327_423355,of:0000000000000005:2 -> of:0000000000000009:3,0.002,0.0025,0.002,0.002,2.23,2026-06-18T08:03:27,0.002,2.16
ip_shuffle,20260618T080327_423355,of:000000000000000b:3 -> of:000000000000000d:2,0.002,0.0025,0.002,0.002,2.06,2026-06-18T08:03:27,0.002,2.06
ip_shuffle,20260618T080327_423355,of:0000000000000004:1 -> of:000000000000000c:4,0.002,0.0025,0.002,0.002,1.6,2026-06-18T08:03:27,0.002,1.7
ip_shuffle,20260618T080327_423355,of:000000000000000c:3 -> of:000000000000000d:3,0.002,0.0025,0.002,0.002,2.06,2026-06-18T08:03:27,0.002,2.06
ip_shuffle,20260618T080327_423355,of:0000000000000001:1 -> of:000000000000000b:1,0.002,0.0025,0.002,0.002,1.7,2026-06-18T08:03:27,0.002,1.6
ip_shuffle,20260618T080327_423355,of:0000000000000006:1 -> of:000000000000000d:4,0.002,0.0025,0.002,0.002,2.03,2026-06-18T08:03:27,0.002,1.9
ip_shuffle,20260618T080327_423355,of:0000000000000002:1 -> of:000000000000000b:4,0.002,0.0025,0.002,0.002,1.6,2026-06-18T08:03:27,0.002,1.7
ip_shuffle,20260618T080327_423355,of:0000000000000001:3 -> of:000000000000000d:1,0.003,0.00375,0.003,0.002,2.86,2026-06-18T08:03:27,0.003,3.0
ip_shuffle,20260618T080327_423355,of:0000000000000006:2 -> of:000000000000000a:2,0.002,0.0025,0.002,0.002,2.23,2026-06-18T08:03:27,0.002,2.16
ip_shuffle,20260618T080327_423355,of:0000000000000003:1 -> of:000000000000000b:5,0.002,0.0025,0.002,0.002,1.6,2026-06-18T08:03:27,0.002,1.7
ip_shuffle,20260618T080327_423355,of:0000000000000007:1 -> of:000000000000000d:5,0.003,0.00375,0.003,0.003,3.0,2026-06-18T08:03:27,0.002,2.83
ip_shuffle,20260618T080327_423355,of:0000000000000007:2 -> of:000000000000000a:3,0.002,0.0025,0.002,0.002,2.23,2026-06-18T08:03:27,0.002,2.16
ip_shuffle,20260618T080327_423355,of:0000000000000002:2 -> of:0000000000000008:2,0.002,0.0025,0.002,0.002,2.03,2026-06-18T08:03:27,0.002,2.1
ip_shuffle,20260618T080327_423355,of:0000000000000008:1 -> of:000000000000000b:6,0.002,0.0025,0.002,0.002,1.7,2026-06-18T08:03:27,0.002,1.7
ip_shuffle,20260618T080327_423355,of:0000000000000009:1 -> of:000000000000000c:6,0.002,0.0025,0.002,0.002,1.7,2026-06-18T08:03:27,0.002,1.7
ip_shuffle,20260618T080327_423355,of:0000000000000001:2 -> of:000000000000000c:1,0.002,0.0025,0.002,0.002,1.7,2026-06-18T08:03:27,0.002,1.6
ip_shuffle,20260618T080327_423355,of:0000000000000003:2 -> of:0000000000000008:3,0.002,0.0025,0.002,0.002,2.03,2026-06-18T08:03:27,0.002,2.1
route_mutation,20260618T080425_976377,of:0000000000000005:1 -> of:000000000000000c:5,0.002,0.0025,0.002,0.002,2.3,2026-06-18T08:04:25,0.002,2.26
route_mutation,20260618T080425_976377,of:000000000000000a:1 -> of:000000000000000d:6,0.002,0.0025,0.002,0.002,1.53,2026-06-18T08:04:25,0.002,1.47
route_mutation,20260618T080425_976377,of:000000000000000b:2 -> of:000000000000000c:2,0.002,0.0025,0.002,0.002,1.66,2026-06-18T08:04:25,0.002,1.66
route_mutation,20260618T080425_976377,of:0000000000000004:2 -> of:0000000000000009:2,0.002,0.0025,0.002,0.002,1.63,2026-06-18T08:04:25,0.001,1.5
route_mutation,20260618T080425_976377,of:0000000000000005:2 -> of:0000000000000009:3,0.002,0.0025,0.002,0.002,1.7,2026-06-18T08:04:25,0.002,1.7
route_mutation,20260618T080425_976377,of:000000000000000b:3 -> of:000000000000000d:2,0.002,0.0025,0.002,0.002,1.66,2026-06-18T08:04:25,0.002,1.66
route_mutation,20260618T080425_976377,of:0000000000000004:1 -> of:000000000000000c:4,0.002,0.0025,0.002,0.002,2.23,2026-06-18T08:04:25,0.002,2.2
route_mutation,20260618T080425_976377,of:000000000000000c:3 -> of:000000000000000d:3,0.002,0.0025,0.002,0.002,1.6,2026-06-18T08:04:25,0.002,1.6
route_mutation,20260618T080425_976377,of:0000000000000001:1 -> of:000000000000000b:1,0.002,0.0025,0.002,0.002,2.1,2026-06-18T08:04:25,0.002,2.1
route_mutation,20260618T080425_976377,of:0000000000000006:1 -> of:000000000000000d:4,0.002,0.0025,0.002,0.002,1.93,2026-06-18T08:04:25,0.002,1.93
route_mutation,20260618T080425_976377,of:0000000000000002:1 -> of:000000000000000b:4,0.001,0.00125,0.001,0.001,1.37,2026-06-18T08:04:25,0.001,1.47
route_mutation,20260618T080425_976377,of:0000000000000001:3 -> of:000000000000000d:1,0.002,0.0025,0.002,0.002,1.86,2026-06-18T08:04:25,0.002,1.93
route_mutation,20260618T080425_976377,of:0000000000000006:2 -> of:000000000000000a:2,0.002,0.0025,0.002,0.002,1.66,2026-06-18T08:04:25,0.002,1.73
route_mutation,20260618T080425_976377,of:0000000000000003:1 -> of:000000000000000b:5,0.002,0.0025,0.002,0.002,2.1,2026-06-18T08:04:25,0.002,2.06
route_mutation,20260618T080425_976377,of:0000000000000007:1 -> of:000000000000000d:5,0.002,0.0025,0.002,0.002,1.56,2026-06-18T08:04:25,0.002,1.63
route_mutation,20260618T080425_976377,of:0000000000000007:2 -> of:000000000000000a:3,0.002,0.0025,0.002,0.002,1.66,2026-06-18T08:04:25,0.002,1.73
route_mutation,20260618T080425_976377,of:0000000000000002:2 -> of:0000000000000008:2,0.002,0.0025,0.002,0.002,1.56,2026-06-18T08:04:25,0.001,1.5
route_mutation,20260618T080425_976377,of:0000000000000008:1 -> of:000000000000000b:6,0.001,0.00125,0.001,0.001,1.47,2026-06-18T08:04:25,0.001,1.47
route_mutation,20260618T080425_976377,of:0000000000000009:1 -> of:000000000000000c:6,0.001,0.00125,0.001,0.001,1.47,2026-06-18T08:04:25,0.001,1.4
route_mutation,20260618T080425_976377,of:0000000000000001:2 -> of:000000000000000c:1,0.003,0.00375,0.003,0.003,3.0,2026-06-18T08:04:25,0.003,2.96
route_mutation,20260618T080425_976377,of:0000000000000003:2 -> of:0000000000000008:3,0.002,0.0025,0.002,0.002,1.63,2026-06-18T08:04:25,0.001,1.5
ip_shuffle,20260618T080456_278367,of:0000000000000005:1 -> of:000000000000000c:5,0.002,0.0025,0.002,0.002,1.96,2026-06-18T08:04:56,0.002,1.83
ip_shuffle,20260618T080456_278367,of:000000000000000a:1 -> of:000000000000000d:6,0.002,0.0025,0.002,0.002,1.7,2026-06-18T08:04:56,0.002,1.7
ip_shuffle,20260618T080456_278367,of:000000000000000b:2 -> of:000000000000000c:2,0.002,0.0025,0.002,0.002,2.2,2026-06-18T08:04:56,0.002,2.2
ip_shuffle,20260618T080456_278367,of:0000000000000004:2 -> of:0000000000000009:2,0.002,0.0025,0.002,0.002,2.26,2026-06-18T08:04:56,0.002,2.33
ip_shuffle,20260618T080456_278367,of:0000000000000005:2 -> of:0000000000000009:3,0.002,0.0025,0.002,0.002,2.46,2026-06-18T08:04:56,0.002,2.4
ip_shuffle,20260618T080456_278367,of:000000000000000b:3 -> of:000000000000000d:2,0.002,0.0025,0.002,0.002,2.2,2026-06-18T08:04:56,0.002,2.2
ip_shuffle,20260618T080456_278367,of:0000000000000004:1 -> of:000000000000000c:4,0.002,0.0025,0.002,0.002,1.76,2026-06-18T08:04:56,0.002,1.76
ip_shuffle,20260618T080456_278367,of:000000000000000c:3 -> of:000000000000000d:3,0.002,0.0025,0.002,0.002,2.2,2026-06-18T08:04:56,0.002,2.2
ip_shuffle,20260618T080456_278367,of:0000000000000001:1 -> of:000000000000000b:1,0.002,0.0025,0.002,0.002,1.76,2026-06-18T08:04:56,0.002,1.76
ip_shuffle,20260618T080456_278367,of:0000000000000006:1 -> of:000000000000000d:4,0.002,0.0025,0.002,0.002,2.43,2026-06-18T08:04:56,0.002,2.3
ip_shuffle,20260618T080456_278367,of:0000000000000002:1 -> of:000000000000000b:4,0.002,0.0025,0.002,0.002,1.76,2026-06-18T08:04:56,0.002,1.76
ip_shuffle,20260618T080456_278367,of:0000000000000001:3 -> of:000000000000000d:1,0.003,0.00375,0.003,0.003,3.56,2026-06-18T08:04:56,0.003,3.56
ip_shuffle,20260618T080456_278367,of:0000000000000006:2 -> of:000000000000000a:2,0.002,0.0025,0.002,0.002,2.33,2026-06-18T08:04:56,0.002,2.2
ip_shuffle,20260618T080456_278367,of:0000000000000003:1 -> of:000000000000000b:5,0.002,0.0025,0.002,0.002,1.76,2026-06-18T08:04:56,0.002,1.76
ip_shuffle,20260618T080456_278367,of:0000000000000007:1 -> of:000000000000000d:5,0.003,0.00375,0.003,0.003,3.03,2026-06-18T08:04:56,0.002,2.9
ip_shuffle,20260618T080456_278367,of:0000000000000007:2 -> of:000000000000000a:3,0.002,0.0025,0.002,0.002,2.33,2026-06-18T08:04:56,0.002,2.2
ip_shuffle,20260618T080456_278367,of:0000000000000002:2 -> of:0000000000000008:2,0.002,0.0025,0.002,0.002,2.26,2026-06-18T08:04:56,0.002,2.33
ip_shuffle,20260618T080456_278367,of:0000000000000008:1 -> of:000000000000000b:6,0.002,0.0025,0.002,0.002,1.76,2026-06-18T08:04:56,0.002,1.76
ip_shuffle,20260618T080456_278367,of:0000000000000009:1 -> of:000000000000000c:6,0.002,0.0025,0.002,0.002,1.76,2026-06-18T08:04:56,0.002,1.76
ip_shuffle,20260618T080456_278367,of:0000000000000001:2 -> of:000000000000000c:1,0.002,0.0025,0.002,0.002,1.76,2026-06-18T08:04:56,0.002,1.76
ip_shuffle,20260618T080456_278367,of:0000000000000003:2 -> of:0000000000000008:3,0.002,0.0025,0.002,0.002,2.26,2026-06-18T08:04:56,0.002,2.33
route_mutation,20260618T080553_829645,of:0000000000000005:1 -> of:000000000000000c:5,0.002,0.0025,0.002,0.002,1.9,2026-06-18T08:05:53,0.002,1.86
route_mutation,20260618T080553_829645,of:000000000000000a:1 -> of:000000000000000d:6,0.002,0.0025,0.002,0.002,1.5,2026-06-18T08:05:53,0.002,1.5
route_mutation,20260618T080553_829645,of:000000000000000b:2 -> of:000000000000000c:2,0.002,0.0025,0.002,0.002,1.66,2026-06-18T08:05:53,0.002,1.66
route_mutation,20260618T080553_829645,of:0000000000000004:2 -> of:0000000000000009:2,0.002,0.0025,0.002,0.002,1.6,2026-06-18T08:05:53,0.001,1.53
route_mutation,20260618T080553_829645,of:0000000000000005:2 -> of:0000000000000009:3,0.002,0.0025,0.002,0.002,1.6,2026-06-18T08:05:53,0.001,1.53
route_mutation,20260618T080553_829645,of:000000000000000b:3 -> of:000000000000000d:2,0.002,0.0025,0.002,0.002,1.66,2026-06-18T08:05:53,0.002,1.66
route_mutation,20260618T080553_829645,of:0000000000000004:1 -> of:000000000000000c:4,0.002,0.0025,0.002,0.002,2.23,2026-06-18T08:05:53,0.002,2.23
route_mutation,20260618T080553_829645,of:000000000000000c:3 -> of:000000000000000d:3,0.002,0.0025,0.002,0.002,1.66,2026-06-18T08:05:53,0.002,1.66
route_mutation,20260618T080553_829645,of:0000000000000001:1 -> of:000000000000000b:1,0.002,0.0025,0.002,0.002,2.56,2026-06-18T08:05:53,0.002,2.7
route_mutation,20260618T080553_829645,of:0000000000000006:1 -> of:000000000000000d:4,0.002,0.0025,0.002,0.002,1.7,2026-06-18T08:05:53,0.002,1.73
route_mutation,20260618T080553_829645,of:0000000000000002:1 -> of:000000000000000b:4,0.002,0.0025,0.002,0.002,1.7,2026-06-18T08:05:53,0.002,1.56
route_mutation,20260618T080553_829645,of:0000000000000001:3 -> of:000000000000000d:1,0.002,0.0025,0.002,0.002,1.53,2026-06-18T08:05:53,0.002,1.46
route_mutation,20260618T080553_829645,of:0000000000000006:2 -> of:000000000000000a:2,0.002,0.0025,0.002,0.002,1.63,2026-06-18T08:05:53,0.002,1.7
route_mutation,20260618T080553_829645,of:0000000000000003:1 -> of:000000000000000b:5,0.002,0.0025,0.002,0.002,2.43,2026-06-18T08:05:53,0.002,2.43
route_mutation,20260618T080553_829645,of:0000000000000007:1 -> of:000000000000000d:5,0.002,0.0025,0.002,0.001,1.46,2026-06-18T08:05:53,0.002,1.5
route_mutation,20260618T080553_829645,of:0000000000000007:2 -> of:000000000000000a:3,0.002,0.0025,0.002,0.002,1.63,2026-06-18T08:05:53,0.002,1.7
route_mutation,20260618T080553_829645,of:0000000000000002:2 -> of:0000000000000008:2,0.001,0.00125,0.001,0.001,1.53,2026-06-18T08:05:53,0.001,1.46
route_mutation,20260618T080553_829645,of:0000000000000008:1 -> of:000000000000000b:6,0.001,0.00125,0.001,0.001,1.43,2026-06-18T08:05:53,0.001,1.43
route_mutation,20260618T080553_829645,of:0000000000000009:1 -> of:000000000000000c:6,0.002,0.0025,0.002,0.002,1.5,2026-06-18T08:05:53,0.002,1.5
route_mutation,20260618T080553_829645,of:0000000000000001:2 -> of:000000000000000c:1,0.002,0.0025,0.002,0.002,2.63,2026-06-18T08:05:53,0.002,2.56
route_mutation,20260618T080553_829645,of:0000000000000003:2 -> of:0000000000000008:3,0.002,0.0025,0.002,0.002,1.6,2026-06-18T08:05:53,0.001,1.46
ip_shuffle,20260618T080624_020428,of:0000000000000005:1 -> of:000000000000000c:5,0.002,0.0025,0.002,0.002,2.3,2026-06-18T08:06:24,0.002,2.26
ip_shuffle,20260618T080624_020428,of:000000000000000a:1 -> of:000000000000000d:6,0.002,0.0025,0.002,0.002,1.83,2026-06-18T08:06:24,0.002,1.83
ip_shuffle,20260618T080624_020428,of:000000000000000b:2 -> of:000000000000000c:2,0.002,0.0025,0.002,0.002,2.46,2026-06-18T08:06:24,0.002,2.46
ip_shuffle,20260618T080624_020428,of:0000000000000004:2 -> of:0000000000000009:2,0.002,0.0025,0.002,0.002,2.53,2026-06-18T08:06:24,0.002,2.53
ip_shuffle,20260618T080624_020428,of:0000000000000005:2 -> of:0000000000000009:3,0.002,0.0025,0.002,0.002,2.6,2026-06-18T08:06:24,0.002,2.53
ip_shuffle,20260618T080624_020428,of:000000000000000b:3 -> of:000000000000000d:2,0.002,0.0025,0.002,0.002,2.46,2026-06-18T08:06:24,0.002,2.46
ip_shuffle,20260618T080624_020428,of:0000000000000004:1 -> of:000000000000000c:4,0.002,0.0025,0.002,0.002,1.9,2026-06-18T08:06:24,0.002,1.9
ip_shuffle,20260618T080624_020428,of:000000000000000c:3 -> of:000000000000000d:3,0.002,0.0025,0.002,0.002,2.46,2026-06-18T08:06:24,0.002,2.46
ip_shuffle,20260618T080624_020428,of:0000000000000001:1 -> of:000000000000000b:1,0.002,0.0025,0.002,0.002,1.9,2026-06-18T08:06:24,0.002,1.9
ip_shuffle,20260618T080624_020428,of:0000000000000006:1 -> of:000000000000000d:4,0.003,0.00375,0.003,0.003,3.06,2026-06-18T08:06:24,0.002,2.93
ip_shuffle,20260618T080624_020428,of:0000000000000002:1 -> of:000000000000000b:4,0.002,0.0025,0.002,0.002,1.9,2026-06-18T08:06:24,0.002,1.9
ip_shuffle,20260618T080624_020428,of:0000000000000001:3 -> of:000000000000000d:1,0.003,0.00375,0.003,0.003,4.1,2026-06-18T08:06:24,0.003,4.1
ip_shuffle,20260618T080624_020428,of:0000000000000006:2 -> of:000000000000000a:2,0.002,0.0025,0.002,0.002,2.6,2026-06-18T08:06:24,0.002,2.46
ip_shuffle,20260618T080624_020428,of:0000000000000003:1 -> of:000000000000000b:5,0.002,0.0025,0.002,0.002,1.9,2026-06-18T08:06:24,0.002,1.9
ip_shuffle,20260618T080624_020428,of:0000000000000007:1 -> of:000000000000000d:5,0.002,0.0025,0.002,0.002,2.96,2026-06-18T08:06:24,0.002,2.76
ip_shuffle,20260618T080624_020428,of:0000000000000007:2 -> of:000000000000000a:3,0.002,0.0025,0.002,0.002,2.6,2026-06-18T08:06:24,0.002,2.46
ip_shuffle,20260618T080624_020428,of:0000000000000002:2 -> of:0000000000000008:2,0.002,0.0025,0.002,0.002,2.53,2026-06-18T08:06:24,0.002,2.6
ip_shuffle,20260618T080624_020428,of:0000000000000008:1 -> of:000000000000000b:6,0.002,0.0025,0.002,0.002,1.9,2026-06-18T08:06:24,0.002,1.9
ip_shuffle,20260618T080624_020428,of:0000000000000009:1 -> of:000000000000000c:6,0.002,0.0025,0.002,0.002,1.83,2026-06-18T08:06:24,0.002,1.83
ip_shuffle,20260618T080624_020428,of:0000000000000001:2 -> of:000000000000000c:1,0.002,0.0025,0.002,0.002,2.3,2026-06-18T08:06:24,0.002,2.3
ip_shuffle,20260618T080624_020428,of:0000000000000003:2 -> of:0000000000000008:3,0.002,0.0025,0.002,0.002,2.53,2026-06-18T08:06:24,0.002,2.6
route_mutation,20260618T080721_716562,of:0000000000000005:1 -> of:000000000000000c:5,0.002,0.0025,0.002,0.002,2.0,2026-06-18T08:07:21,0.002,2.0
route_mutation,20260618T080721_716562,of:000000000000000a:1 -> of:000000000000000d:6,0.002,0.0025,0.002,0.002,1.53,2026-06-18T08:07:21,0.002,1.53
route_mutation,20260618T080721_716562,of:000000000000000b:2 -> of:000000000000000c:2,0.002,0.0025,0.002,0.002,1.73,2026-06-18T08:07:21,0.002,1.73
route_mutation,20260618T080721_716562,of:0000000000000004:2 -> of:0000000000000009:2,0.002,0.0025,0.002,0.002,1.73,2026-06-18T08:07:21,0.002,1.66
route_mutation,20260618T080721_716562,of:0000000000000005:2 -> of:0000000000000009:3,0.002,0.0025,0.002,0.002,1.73,2026-06-18T08:07:21,0.002,1.66
route_mutation,20260618T080721_716562,of:000000000000000b:3 -> of:000000000000000d:2,0.002,0.0025,0.002,0.002,1.73,2026-06-18T08:07:21,0.002,1.73
route_mutation,20260618T080721_716562,of:0000000000000004:1 -> of:000000000000000c:4,0.002,0.0025,0.002,0.002,2.26,2026-06-18T08:07:21,0.002,2.26
route_mutation,20260618T080721_716562,of:000000000000000c:3 -> of:000000000000000d:3,0.002,0.0025,0.002,0.002,1.73,2026-06-18T08:07:21,0.002,1.73
route_mutation,20260618T080721_716562,of:0000000000000001:1 -> of:000000000000000b:1,0.003,0.00375,0.003,0.003,3.43,2026-06-18T08:07:21,0.003,3.43
route_mutation,20260618T080721_716562,of:0000000000000006:1 -> of:000000000000000d:4,0.002,0.0025,0.002,0.002,1.53,2026-06-18T08:07:21,0.002,1.6
route_mutation,20260618T080721_716562,of:0000000000000002:1 -> of:000000000000000b:4,0.002,0.0025,0.002,0.002,2.36,2026-06-18T08:07:21,0.002,2.4
route_mutation,20260618T080721_716562,of:0000000000000001:3 -> of:000000000000000d:1,0.001,0.00125,0.001,0.001,1.47,2026-06-18T08:07:21,0.001,1.47
route_mutation,20260618T080721_716562,of:0000000000000006:2 -> of:000000000000000a:2,0.002,0.0025,0.002,0.002,1.66,2026-06-18T08:07:21,0.002,1.73
route_mutation,20260618T080721_716562,of:0000000000000003:1 -> of:000000000000000b:5,0.002,0.0025,0.002,0.002,2.56,2026-06-18T08:07:21,0.002,2.5
route_mutation,20260618T080721_716562,of:0000000000000007:1 -> of:000000000000000d:5,0.002,0.0025,0.002,0.001,1.47,2026-06-18T08:07:21,0.002,1.53
route_mutation,20260618T080721_716562,of:0000000000000007:2 -> of:000000000000000a:3,0.002,0.0025,0.002,0.002,1.66,2026-06-18T08:07:21,0.002,1.73
route_mutation,20260618T080721_716562,of:0000000000000002:2 -> of:0000000000000008:2,0.002,0.0025,0.002,0.002,1.66,2026-06-18T08:07:21,0.002,1.66
route_mutation,20260618T080721_716562,of:0000000000000008:1 -> of:000000000000000b:6,0.002,0.0025,0.002,0.002,1.53,2026-06-18T08:07:21,0.002,1.53
route_mutation,20260618T080721_716562,of:0000000000000009:1 -> of:000000000000000c:6,0.002,0.0025,0.002,0.002,1.53,2026-06-18T08:07:21,0.002,1.53
route_mutation,20260618T080721_716562,of:0000000000000001:2 -> of:000000000000000c:1,0.002,0.0025,0.002,0.002,2.73,2026-06-18T08:07:21,0.002,2.76
route_mutation,20260618T080721_716562,of:0000000000000003:2 -> of:0000000000000008:3,0.002,0.0025,0.002,0.002,1.73,2026-06-18T08:07:21,0.002,1.66
ip_shuffle,20260618T080751_876479,of:0000000000000005:1 -> of:000000000000000c:5,0.002,0.0025,0.002,0.002,2.3,2026-06-18T08:07:51,0.002,2.23
ip_shuffle,20260618T080751_876479,of:000000000000000a:1 -> of:000000000000000d:6,0.002,0.0025,0.002,0.002,1.86,2026-06-18T08:07:51,0.002,1.9
ip_shuffle,20260618T080751_876479,of:000000000000000b:2 -> of:000000000000000c:2,0.002,0.0025,0.002,0.002,2.56,2026-06-18T08:07:51,0.002,2.56
ip_shuffle,20260618T080751_876479,of:0000000000000004:2 -> of:0000000000000009:2,0.002,0.0025,0.002,0.002,2.7,2026-06-18T08:07:51,0.002,2.63
ip_shuffle,20260618T080751_876479,of:0000000000000005:2 -> of:0000000000000009:3,0.002,0.0025,0.002,0.002,2.7,2026-06-18T08:07:51,0.002,2.63
ip_shuffle,20260618T080751_876479,of:000000000000000b:3 -> of:000000000000000d:2,0.002,0.0025,0.002,0.002,2.56,2026-06-18T08:07:51,0.002,2.56
ip_shuffle,20260618T080751_876479,of:0000000000000004:1 -> of:000000000000000c:4,0.002,0.0025,0.002,0.002,2.03,2026-06-18T08:07:51,0.002,1.96
ip_shuffle,20260618T080751_876479,of:000000000000000c:3 -> of:000000000000000d:3,0.002,0.0025,0.002,0.002,2.6,2026-06-18T08:07:51,0.002,2.6
ip_shuffle,20260618T080751_876479,of:0000000000000001:1 -> of:000000000000000b:1,0.002,0.0025,0.002,0.002,1.93,2026-06-18T08:07:51,0.002,1.96
ip_shuffle,20260618T080751_876479,of:0000000000000006:1 -> of:000000000000000d:4,0.003,0.00375,0.003,0.003,3.3,2026-06-18T08:07:51,0.003,3.16
ip_shuffle,20260618T080751_876479,of:0000000000000002:1 -> of:000000000000000b:4,0.002,0.0025,0.002,0.002,1.96,2026-06-18T08:07:51,0.002,1.93
ip_shuffle,20260618T080751_876479,of:0000000000000001:3 -> of:000000000000000d:1,0.003,0.00375,0.003,0.003,4.13,2026-06-18T08:07:51,0.003,4.06
ip_shuffle,20260618T080751_876479,of:0000000000000006:2 -> of:000000000000000a:2,0.002,0.0025,0.002,0.002,2.83,2026-06-18T08:07:51,0.002,2.7
ip_shuffle,20260618T080751_876479,of:0000000000000003:1 -> of:000000000000000b:5,0.002,0.0025,0.002,0.002,1.96,2026-06-18T08:07:51,0.002,1.93
ip_shuffle,20260618T080751_876479,of:0000000000000007:1 -> of:000000000000000d:5,0.002,0.0025,0.002,0.002,2.9,2026-06-18T08:07:51,0.002,2.73
ip_shuffle,20260618T080751_876479,of:0000000000000007:2 -> of:000000000000000a:3,0.002,0.0025,0.002,0.002,2.66,2026-06-18T08:07:51,0.002,2.53
ip_shuffle,20260618T080751_876479,of:0000000000000002:2 -> of:0000000000000008:2,0.002,0.0025,0.002,0.002,2.63,2026-06-18T08:07:51,0.002,2.63
ip_shuffle,20260618T080751_876479,of:0000000000000008:1 -> of:000000000000000b:6,0.002,0.0025,0.002,0.002,1.86,2026-06-18T08:07:51,0.002,1.86
ip_shuffle,20260618T080751_876479,of:0000000000000009:1 -> of:000000000000000c:6,0.002,0.0025,0.002,0.002,1.86,2026-06-18T08:07:51,0.002,1.9
ip_shuffle,20260618T080751_876479,of:0000000000000001:2 -> of:000000000000000c:1,0.002,0.0025,0.002,0.002,2.3,2026-06-18T08:07:51,0.002,2.26
ip_shuffle,20260618T080751_876479,of:0000000000000003:2 -> of:0000000000000008:3,0.002,0.0025,0.002,0.002,2.63,2026-06-18T08:07:51,0.002,2.63
route_mutation,20260618T080849_593648,of:0000000000000005:1 -> of:000000000000000c:5,0.002,0.0025,0.002,0.002,2.0,2026-06-18T08:08:49,0.002,2.0
route_mutation,20260618T080849_593648,of:000000000000000a:1 -> of:000000000000000d:6,0.002,0.0025,0.002,0.002,1.43,2026-06-18T08:08:49,0.002,1.43
route_mutation,20260618T080849_593648,of:000000000000000b:2 -> of:000000000000000c:2,0.002,0.0025,0.002,0.002,1.53,2026-06-18T08:08:49,0.002,1.53
route_mutation,20260618T080849_593648,of:0000000000000004:2 -> of:0000000000000009:2,0.002,0.0025,0.002,0.002,1.53,2026-06-18T08:08:49,0.001,1.46
route_mutation,20260618T080849_593648,of:0000000000000005:2 -> of:0000000000000009:3,0.002,0.0025,0.002,0.002,1.53,2026-06-18T08:08:49,0.001,1.46
route_mutation,20260618T080849_593648,of:000000000000000b:3 -> of:000000000000000d:2,0.002,0.0025,0.002,0.002,1.6,2026-06-18T08:08:49,0.002,1.6
route_mutation,20260618T080849_593648,of:0000000000000004:1 -> of:000000000000000c:4,0.002,0.0025,0.002,0.002,2.16,2026-06-18T08:08:49,0.002,2.16
route_mutation,20260618T080849_593648,of:000000000000000c:3 -> of:000000000000000d:3,0.002,0.0025,0.002,0.002,1.53,2026-06-18T08:08:49,0.002,1.53
route_mutation,20260618T080849_593648,of:0000000000000001:1 -> of:000000000000000b:1,0.003,0.00375,0.003,0.003,3.23,2026-06-18T08:08:49,0.003,3.23
route_mutation,20260618T080849_593648,of:0000000000000006:1 -> of:000000000000000d:4,0.002,0.0025,0.002,0.002,1.6,2026-06-18T08:08:49,0.002,1.53
route_mutation,20260618T080849_593648,of:0000000000000002:1 -> of:000000000000000b:4,0.002,0.0025,0.002,0.002,2.26,2026-06-18T08:08:49,0.002,2.26
route_mutation,20260618T080849_593648,of:0000000000000001:3 -> of:000000000000000d:1,0.002,0.0025,0.002,0.002,1.5,2026-06-18T08:08:49,0.001,1.43
route_mutation,20260618T080849_593648,of:0000000000000006:2 -> of:000000000000000a:2,0.002,0.0025,0.002,0.002,1.53,2026-06-18T08:08:49,0.001,1.46
route_mutation,20260618T080849_593648,of:0000000000000003:1 -> of:000000000000000b:5,0.002,0.0025,0.002,0.002,2.4,2026-06-18T08:08:49,0.002,2.4
route_mutation,20260618T080849_593648,of:0000000000000007:1 -> of:000000000000000d:5,0.002,0.0025,0.002,0.001,1.37,2026-06-18T08:08:49,0.002,1.43
route_mutation,20260618T080849_593648,of:0000000000000007:2 -> of:000000000000000a:3,0.002,0.0025,0.002,0.001,1.46,2026-06-18T08:08:49,0.002,1.53
route_mutation,20260618T080849_593648,of:0000000000000002:2 -> of:0000000000000008:2,0.001,0.00125,0.001,0.001,1.46,2026-06-18T08:08:49,0.001,1.46
route_mutation,20260618T080849_593648,of:0000000000000008:1 -> of:000000000000000b:6,0.002,0.0025,0.002,0.002,1.43,2026-06-18T08:08:49,0.002,1.43
route_mutation,20260618T080849_593648,of:0000000000000009:1 -> of:000000000000000c:6,0.002,0.0025,0.002,0.002,1.43,2026-06-18T08:08:49,0.002,1.43
route_mutation,20260618T080849_593648,of:0000000000000001:2 -> of:000000000000000c:1,0.003,0.00375,0.003,0.003,2.76,2026-06-18T08:08:49,0.003,2.76
route_mutation,20260618T080849_593648,of:0000000000000003:2 -> of:0000000000000008:3,0.002,0.0025,0.002,0.002,1.53,2026-06-18T08:08:49,0.001,1.46
route_mutation,20260618T080919_850963,of:0000000000000005:1 -> of:000000000000000c:5,0.002,0.0025,0.002,0.002,2.1,2026-06-18T08:09:19,0.002,2.03
route_mutation,20260618T080919_850963,of:000000000000000a:1 -> of:000000000000000d:6,0.002,0.0025,0.002,0.002,1.8,2026-06-18T08:09:19,0.002,1.8
route_mutation,20260618T080919_850963,of:000000000000000b:2 -> of:000000000000000c:2,0.002,0.0025,0.002,0.002,2.4,2026-06-18T08:09:19,0.002,2.4
route_mutation,20260618T080919_850963,of:0000000000000004:2 -> of:0000000000000009:2,0.002,0.0025,0.002,0.002,2.53,2026-06-18T08:09:19,0.002,2.46
route_mutation,20260618T080919_850963,of:0000000000000005:2 -> of:0000000000000009:3,0.002,0.0025,0.002,0.002,2.53,2026-06-18T08:09:19,0.002,2.46
route_mutation,20260618T080919_850963,of:000000000000000b:3 -> of:000000000000000d:2,0.002,0.0025,0.002,0.002,2.4,2026-06-18T08:09:19,0.002,2.4
route_mutation,20260618T080919_850963,of:0000000000000004:1 -> of:000000000000000c:4,0.002,0.0025,0.002,0.002,1.93,2026-06-18T08:09:19,0.002,1.86
route_mutation,20260618T080919_850963,of:000000000000000c:3 -> of:000000000000000d:3,0.002,0.0025,0.002,0.002,2.4,2026-06-18T08:09:19,0.002,2.4
route_mutation,20260618T080919_850963,of:0000000000000001:1 -> of:000000000000000b:1,0.002,0.0025,0.002,0.002,1.86,2026-06-18T08:09:19,0.002,1.86
route_mutation,20260618T080919_850963,of:0000000000000006:1 -> of:000000000000000d:4,0.002,0.0025,0.002,0.002,2.99,2026-06-18T08:09:19,0.002,2.93
route_mutation,20260618T080919_850963,of:0000000000000002:1 -> of:000000000000000b:4,0.002,0.0025,0.002,0.002,1.86,2026-06-18T08:09:19,0.002,1.86
route_mutation,20260618T080919_850963,of:0000000000000001:3 -> of:000000000000000d:1,0.003,0.00375,0.003,0.003,3.66,2026-06-18T08:09:19,0.003,3.76
route_mutation,20260618T080919_850963,of:0000000000000006:2 -> of:000000000000000a:2,0.002,0.0025,0.002,0.002,2.53,2026-06-18T08:09:19,0.002,2.46
route_mutation,20260618T080919_850963,of:0000000000000003:1 -> of:000000000000000b:5,0.002,0.0025,0.002,0.002,1.86,2026-06-18T08:09:19,0.002,1.86
route_mutation,20260618T080919_850963,of:0000000000000007:1 -> of:000000000000000d:5,0.002,0.0025,0.002,0.002,2.69,2026-06-18T08:09:19,0.002,2.6
route_mutation,20260618T080919_850963,of:0000000000000007:2 -> of:000000000000000a:3,0.002,0.0025,0.002,0.002,2.53,2026-06-18T08:09:19,0.002,2.46
route_mutation,20260618T080919_850963,of:0000000000000002:2 -> of:0000000000000008:2,0.002,0.0025,0.002,0.002,2.46,2026-06-18T08:09:19,0.002,2.46
route_mutation,20260618T080919_850963,of:0000000000000008:1 -> of:000000000000000b:6,0.002,0.0025,0.002,0.002,1.8,2026-06-18T08:09:19,0.002,1.8
route_mutation,20260618T080919_850963,of:0000000000000009:1 -> of:000000000000000c:6,0.002,0.0025,0.002,0.002,1.8,2026-06-18T08:09:19,0.002,1.8
route_mutation,20260618T080919_850963,of:0000000000000001:2 -> of:000000000000000c:1,0.002,0.0025,0.002,0.002,2.06,2026-06-18T08:09:19,0.002,2.06
route_mutation,20260618T080919_850963,of:0000000000000003:2 -> of:0000000000000008:3,0.002,0.0025,0.002,0.002,2.46,2026-06-18T08:09:19,0.002,2.46
route_mutation,20260618T080950_087011,of:0000000000000005:1 -> of:000000000000000c:5,0.002,0.0025,0.002,0.001,1.36,2026-06-18T08:09:50,0.002,1.43
route_mutation,20260618T080950_087011,of:000000000000000a:1 -> of:000000000000000d:6,0.002,0.0025,0.002,0.002,1.43,2026-06-18T08:09:50,0.002,1.43
route_mutation,20260618T080950_087011,of:000000000000000b:2 -> of:000000000000000c:2,0.002,0.0025,0.002,0.002,1.53,2026-06-18T08:09:50,0.002,1.53
route_mutation,20260618T080950_087011,of:0000000000000004:2 -> of:0000000000000009:2,0.002,0.0025,0.002,0.001,1.4,2026-06-18T08:09:50,0.002,1.53
route_mutation,20260618T080950_087011,of:0000000000000005:2 -> of:0000000000000009:3,0.002,0.0025,0.002,0.001,1.4,2026-06-18T08:09:50,0.002,1.53
route_mutation,20260618T080950_087011,of:000000000000000b:3 -> of:000000000000000d:2,0.002,0.0025,0.002,0.002,1.53,2026-06-18T08:09:50,0.002,1.53
route_mutation,20260618T080950_087011,of:0000000000000004:1 -> of:000000000000000c:4,0.002,0.0025,0.002,0.001,1.36,2026-06-18T08:09:50,0.002,1.43
route_mutation,20260618T080950_087011,of:000000000000000c:3 -> of:000000000000000d:3,0.002,0.0025,0.002,0.002,1.53,2026-06-18T08:09:50,0.002,1.53
route_mutation,20260618T080950_087011,of:0000000000000001:1 -> of:000000000000000b:1,0.002,0.0025,0.002,0.002,1.43,2026-06-18T08:09:50,0.002,1.43
route_mutation,20260618T080950_087011,of:0000000000000006:1 -> of:000000000000000d:4,0.002,0.0025,0.002,0.001,1.36,2026-06-18T08:09:50,0.002,1.43
route_mutation,20260618T080950_087011,of:0000000000000002:1 -> of:000000000000000b:4,0.002,0.0025,0.002,0.002,1.43,2026-06-18T08:09:50,0.002,1.43
route_mutation,20260618T080950_087011,of:0000000000000001:3 -> of:000000000000000d:1,0.002,0.0025,0.002,0.002,1.8,2026-06-18T08:09:50,0.002,1.76
route_mutation,20260618T080950_087011,of:0000000000000006:2 -> of:000000000000000a:2,0.002,0.0025,0.002,0.001,1.4,2026-06-18T08:09:50,0.002,1.53
route_mutation,20260618T080950_087011,of:0000000000000003:1 -> of:000000000000000b:5,0.002,0.0025,0.002,0.002,1.43,2026-06-18T08:09:50,0.002,1.43
route_mutation,20260618T080950_087011,of:0000000000000007:1 -> of:000000000000000d:5,0.002,0.0025,0.002,0.002,1.8,2026-06-18T08:09:50,0.002,1.76
route_mutation,20260618T080950_087011,of:0000000000000007:2 -> of:000000000000000a:3,0.001,0.00125,0.001,0.001,1.46,2026-06-18T08:09:50,0.001,1.46
route_mutation,20260618T080950_087011,of:0000000000000002:2 -> of:0000000000000008:2,0.002,0.0025,0.002,0.002,1.53,2026-06-18T08:09:50,0.002,1.53
route_mutation,20260618T080950_087011,of:0000000000000008:1 -> of:000000000000000b:6,0.002,0.0025,0.002,0.002,1.43,2026-06-18T08:09:50,0.002,1.43
route_mutation,20260618T080950_087011,of:0000000000000009:1 -> of:000000000000000c:6,0.002,0.0025,0.002,0.002,1.43,2026-06-18T08:09:50,0.002,1.43
route_mutation,20260618T080950_087011,of:0000000000000001:2 -> of:000000000000000c:1,0.002,0.0025,0.002,0.002,1.43,2026-06-18T08:09:50,0.002,1.43
route_mutation,20260618T080950_087011,of:0000000000000003:2 -> of:0000000000000008:3,0.002,0.0025,0.002,0.001,1.46,2026-06-18T08:09:50,0.002,1.53
ip_shuffle,20260618T081020_340808,of:0000000000000005:1 -> of:000000000000000c:5,0.001,0.00125,0.001,0.001,1.36,2026-06-18T08:10:20,0.001,1.36
ip_shuffle,20260618T081020_340808,of:000000000000000a:1 -> of:000000000000000d:6,0.002,0.0025,0.002,0.002,1.43,2026-06-18T08:10:20,0.002,1.43
ip_shuffle,20260618T081020_340808,of:000000000000000b:2 -> of:000000000000000c:2,0.002,0.0025,0.002,0.002,1.53,2026-06-18T08:10:20,0.002,1.53
ip_shuffle,20260618T081020_340808,of:0000000000000004:2 -> of:0000000000000009:2,0.002,0.0025,0.002,0.002,1.53,2026-06-18T08:10:20,0.001,1.46
ip_shuffle,20260618T081020_340808,of:0000000000000005:2 -> of:0000000000000009:3,0.002,0.0025,0.002,0.002,1.53,2026-06-18T08:10:20,0.001,1.46
ip_shuffle,20260618T081020_340808,of:000000000000000b:3 -> of:000000000000000d:2,0.002,0.0025,0.002,0.002,1.66,2026-06-18T08:10:20,0.002,1.66
ip_shuffle,20260618T081020_340808,of:0000000000000004:1 -> of:000000000000000c:4,0.001,0.00125,0.001,0.001,1.36,2026-06-18T08:10:20,0.001,1.36
ip_shuffle,20260618T081020_340808,of:000000000000000c:3 -> of:000000000000000d:3,0.002,0.0025,0.002,0.002,1.53,2026-06-18T08:10:20,0.002,1.53
ip_shuffle,20260618T081020_340808,of:0000000000000001:1 -> of:000000000000000b:1,0.003,0.00375,0.003,0.003,2.93,2026-06-18T08:10:20,0.003,2.86
ip_shuffle,20260618T081020_340808,of:0000000000000006:1 -> of:000000000000000d:4,0.002,0.0025,0.002,0.002,1.63,2026-06-18T08:10:20,0.002,1.63
ip_shuffle,20260618T081020_340808,of:0000000000000002:1 -> of:000000000000000b:4,0.002,0.0025,0.002,0.002,2.46,2026-06-18T08:10:20,0.002,2.46
ip_shuffle,20260618T081020_340808,of:0000000000000001:3 -> of:000000000000000d:1,0.002,0.0025,0.002,0.002,1.56,2026-06-18T08:10:20,0.002,1.5
ip_shuffle,20260618T081020_340808,of:0000000000000006:2 -> of:000000000000000a:2,0.002,0.0025,0.002,0.002,1.53,2026-06-18T08:10:20,0.001,1.46
ip_shuffle,20260618T081020_340808,of:0000000000000003:1 -> of:000000000000000b:5,0.002,0.0025,0.002,0.002,1.9,2026-06-18T08:10:20,0.002,1.96
ip_shuffle,20260618T081020_340808,of:0000000000000007:1 -> of:000000000000000d:5,0.002,0.0025,0.002,0.002,1.43,2026-06-18T08:10:20,0.002,1.5
ip_shuffle,20260618T081020_340808,of:0000000000000007:2 -> of:000000000000000a:3,0.002,0.0025,0.002,0.002,1.6,2026-06-18T08:10:20,0.002,1.6
ip_shuffle,20260618T081020_340808,of:0000000000000002:2 -> of:0000000000000008:2,0.001,0.00125,0.001,0.001,1.46,2026-06-18T08:10:20,0.001,1.46
ip_shuffle,20260618T081020_340808,of:0000000000000008:1 -> of:000000000000000b:6,0.002,0.0025,0.002,0.002,1.43,2026-06-18T08:10:20,0.002,1.43
ip_shuffle,20260618T081020_340808,of:0000000000000009:1 -> of:000000000000000c:6,0.002,0.0025,0.002,0.002,1.43,2026-06-18T08:10:20,0.002,1.43
ip_shuffle,20260618T081020_340808,of:0000000000000001:2 -> of:000000000000000c:1,0.001,0.00125,0.001,0.001,1.36,2026-06-18T08:10:20,0.001,1.36
ip_shuffle,20260618T081020_340808,of:0000000000000003:2 -> of:0000000000000008:3,0.002,0.0025,0.002,0.002,1.53,2026-06-18T08:10:20,0.001,1.46
route_mutation,20260618T081117_862201,of:0000000000000005:1 -> of:000000000000000c:5,0.002,0.0025,0.002,0.002,1.56,2026-06-18T08:11:17,0.002,1.76
route_mutation,20260618T081117_862201,of:000000000000000a:1 -> of:000000000000000d:6,0.002,0.0025,0.002,0.002,1.8,2026-06-18T08:11:17,0.002,1.8
route_mutation,20260618T081117_862201,of:000000000000000b:2 -> of:000000000000000c:2,0.002,0.0025,0.002,0.002,2.23,2026-06-18T08:11:17,0.002,2.23
route_mutation,20260618T081117_862201,of:0000000000000004:2 -> of:0000000000000009:2,0.002,0.0025,0.002,0.002,1.93,2026-06-18T08:11:17,0.002,2.06
route_mutation,20260618T081117_862201,of:0000000000000005:2 -> of:0000000000000009:3,0.002,0.0025,0.002,0.002,1.93,2026-06-18T08:11:17,0.002,2.06
route_mutation,20260618T081117_862201,of:000000000000000b:3 -> of:000000000000000d:2,0.002,0.0025,0.002,0.002,2.23,2026-06-18T08:11:17,0.002,2.23
route_mutation,20260618T081117_862201,of:0000000000000004:1 -> of:000000000000000c:4,0.002,0.0025,0.002,0.002,1.56,2026-06-18T08:11:17,0.002,1.76
route_mutation,20260618T081117_862201,of:000000000000000c:3 -> of:000000000000000d:3,0.002,0.0025,0.002,0.002,2.2,2026-06-18T08:11:17,0.002,2.2
route_mutation,20260618T081117_862201,of:0000000000000001:1 -> of:000000000000000b:1,0.002,0.0025,0.002,0.002,1.76,2026-06-18T08:11:17,0.002,1.66
route_mutation,20260618T081117_862201,of:0000000000000006:1 -> of:000000000000000d:4,0.002,0.0025,0.002,0.002,1.73,2026-06-18T08:11:17,0.002,1.8
route_mutation,20260618T081117_862201,of:0000000000000002:1 -> of:000000000000000b:4,0.002,0.0025,0.002,0.002,1.7,2026-06-18T08:11:17,0.002,1.76
route_mutation,20260618T081117_862201,of:0000000000000001:3 -> of:000000000000000d:1,0.003,0.00375,0.003,0.002,2.9,2026-06-18T08:11:17,0.003,3.03
route_mutation,20260618T081117_862201,of:0000000000000006:2 -> of:000000000000000a:2,0.002,0.0025,0.002,0.002,1.93,2026-06-18T08:11:17,0.002,2.06
route_mutation,20260618T081117_862201,of:0000000000000003:1 -> of:000000000000000b:5,0.002,0.0025,0.002,0.002,1.66,2026-06-18T08:11:17,0.002,1.76
route_mutation,20260618T081117_862201,of:0000000000000007:1 -> of:000000000000000d:5,0.002,0.0025,0.002,0.002,2.8,2026-06-18T08:11:17,0.002,2.83
route_mutation,20260618T081117_862201,of:0000000000000007:2 -> of:000000000000000a:3,0.002,0.0025,0.002,0.002,1.93,2026-06-18T08:11:17,0.002,2.1
route_mutation,20260618T081117_862201,of:0000000000000002:2 -> of:0000000000000008:2,0.002,0.0025,0.002,0.002,2.1,2026-06-18T08:11:17,0.002,2.1
route_mutation,20260618T081117_862201,of:0000000000000008:1 -> of:000000000000000b:6,0.002,0.0025,0.002,0.002,1.76,2026-06-18T08:11:17,0.002,1.76
route_mutation,20260618T081117_862201,of:0000000000000009:1 -> of:000000000000000c:6,0.002,0.0025,0.002,0.002,1.76,2026-06-18T08:11:17,0.002,1.76
route_mutation,20260618T081117_862201,of:0000000000000001:2 -> of:000000000000000c:1,0.002,0.0025,0.002,0.002,1.8,2026-06-18T08:11:17,0.002,1.66
route_mutation,20260618T081117_862201,of:0000000000000003:2 -> of:0000000000000008:3,0.002,0.0025,0.002,0.002,2.03,2026-06-18T08:11:17,0.002,2.1
ip_shuffle,20260618T081148_139508,of:0000000000000005:1 -> of:000000000000000c:5,0.002,0.0025,0.002,0.001,1.36,2026-06-18T08:11:48,0.002,1.43
ip_shuffle,20260618T081148_139508,of:000000000000000a:1 -> of:000000000000000d:6,0.002,0.0025,0.002,0.002,1.43,2026-06-18T08:11:48,0.002,1.43
ip_shuffle,20260618T081148_139508,of:000000000000000b:2 -> of:000000000000000c:2,0.002,0.0025,0.002,0.002,1.53,2026-06-18T08:11:48,0.002,1.53
ip_shuffle,20260618T081148_139508,of:0000000000000004:2 -> of:0000000000000009:2,0.002,0.0025,0.002,0.002,1.53,2026-06-18T08:11:48,0.001,1.46
ip_shuffle,20260618T081148_139508,of:0000000000000005:2 -> of:0000000000000009:3,0.002,0.0025,0.002,0.002,1.53,2026-06-18T08:11:48,0.002,1.53
ip_shuffle,20260618T081148_139508,of:000000000000000b:3 -> of:000000000000000d:2,0.002,0.0025,0.002,0.002,1.66,2026-06-18T08:11:48,0.002,1.66
ip_shuffle,20260618T081148_139508,of:0000000000000004:1 -> of:000000000000000c:4,0.001,0.00125,0.001,0.001,1.36,2026-06-18T08:11:48,0.001,1.36
ip_shuffle,20260618T081148_139508,of:000000000000000c:3 -> of:000000000000000d:3,0.002,0.0025,0.002,0.002,1.53,2026-06-18T08:11:48,0.002,1.53
ip_shuffle,20260618T081148_139508,of:0000000000000001:1 -> of:000000000000000b:1,0.003,0.00375,0.003,0.003,3.0,2026-06-18T08:11:48,0.003,3.0
ip_shuffle,20260618T081148_139508,of:0000000000000006:1 -> of:000000000000000d:4,0.002,0.0025,0.002,0.002,1.63,2026-06-18T08:11:48,0.002,1.63
ip_shuffle,20260618T081148_139508,of:0000000000000002:1 -> of:000000000000000b:4,0.002,0.0025,0.002,0.002,2.46,2026-06-18T08:11:48,0.002,2.53
ip_shuffle,20260618T081148_139508,of:0000000000000001:3 -> of:000000000000000d:1,0.002,0.0025,0.002,0.002,1.56,2026-06-18T08:11:48,0.002,1.5
ip_shuffle,20260618T081148_139508,of:0000000000000006:2 -> of:000000000000000a:2,0.002,0.0025,0.002,0.002,1.53,2026-06-18T08:11:48,0.001,1.46
ip_shuffle,20260618T081148_139508,of:0000000000000003:1 -> of:000000000000000b:5,0.002,0.0025,0.002,0.002,2.1,2026-06-18T08:11:48,0.002,2.1
ip_shuffle,20260618T081148_139508,of:0000000000000007:1 -> of:000000000000000d:5,0.002,0.0025,0.002,0.001,1.36,2026-06-18T08:11:48,0.002,1.43
ip_shuffle,20260618T081148_139508,of:0000000000000007:2 -> of:000000000000000a:3,0.002,0.0025,0.002,0.002,1.53,2026-06-18T08:11:48,0.002,1.53
ip_shuffle,20260618T081148_139508,of:0000000000000002:2 -> of:0000000000000008:2,0.002,0.0025,0.002,0.001,1.46,2026-06-18T08:11:48,0.002,1.53
ip_shuffle,20260618T081148_139508,of:0000000000000008:1 -> of:000000000000000b:6,0.002,0.0025,0.002,0.002,1.43,2026-06-18T08:11:48,0.002,1.43
ip_shuffle,20260618T081148_139508,of:0000000000000009:1 -> of:000000000000000c:6,0.002,0.0025,0.002,0.002,1.43,2026-06-18T08:11:48,0.002,1.43
ip_shuffle,20260618T081148_139508,of:0000000000000001:2 -> of:000000000000000c:1,0.002,0.0025,0.002,0.002,1.43,2026-06-18T08:11:48,0.001,1.36
ip_shuffle,20260618T081148_139508,of:0000000000000003:2 -> of:0000000000000008:3,0.002,0.0025,0.002,0.002,1.53,2026-06-18T08:11:48,0.001,1.46
ip_shuffle,20260618T081245_668542,of:0000000000000005:1 -> of:000000000000000c:5,0.002,0.0025,0.002,0.002,1.53,2026-06-18T08:12:45,0.002,1.73
ip_shuffle,20260618T081245_668542,of:000000000000000a:1 -> of:000000000000000d:6,0.002,0.0025,0.002,0.002,1.66,2026-06-18T08:12:45,0.002,1.66
ip_shuffle,20260618T081245_668542,of:000000000000000b:2 -> of:000000000000000c:2,0.002,0.0025,0.002,0.002,2.13,2026-06-18T08:12:45,0.002,2.13
ip_shuffle,20260618T081245_668542,of:0000000000000004:2 -> of:0000000000000009:2,0.002,0.0025,0.002,0.002,1.96,2026-06-18T08:12:45,0.002,2.03
ip_shuffle,20260618T081245_668542,of:0000000000000005:2 -> of:0000000000000009:3,0.002,0.0025,0.002,0.002,1.93,2026-06-18T08:12:45,0.002,2.0
ip_shuffle,20260618T081245_668542,of:000000000000000b:3 -> of:000000000000000d:2,0.002,0.0025,0.002,0.002,2.06,2026-06-18T08:12:45,0.002,2.06
ip_shuffle,20260618T081245_668542,of:0000000000000004:1 -> of:000000000000000c:4,0.002,0.0025,0.002,0.002,1.56,2026-06-18T08:12:45,0.002,1.73
ip_shuffle,20260618T081245_668542,of:000000000000000c:3 -> of:000000000000000d:3,0.002,0.0025,0.002,0.002,2.06,2026-06-18T08:12:45,0.002,2.06
ip_shuffle,20260618T081245_668542,of:0000000000000001:1 -> of:000000000000000b:1,0.002,0.0025,0.002,0.002,1.73,2026-06-18T08:12:45,0.002,1.63
ip_shuffle,20260618T081245_668542,of:0000000000000006:1 -> of:000000000000000d:4,0.002,0.0025,0.002,0.002,1.66,2026-06-18T08:12:45,0.002,1.73
ip_shuffle,20260618T081245_668542,of:0000000000000002:1 -> of:000000000000000b:4,0.002,0.0025,0.002,0.002,1.63,2026-06-18T08:12:45,0.002,1.73
ip_shuffle,20260618T081245_668542,of:0000000000000001:3 -> of:000000000000000d:1,0.002,0.0025,0.002,0.002,2.83,2026-06-18T08:12:45,0.002,2.9
ip_shuffle,20260618T081245_668542,of:0000000000000006:2 -> of:000000000000000a:2,0.002,0.0025,0.002,0.002,1.86,2026-06-18T08:12:45,0.002,2.0
ip_shuffle,20260618T081245_668542,of:0000000000000003:1 -> of:000000000000000b:5,0.002,0.0025,0.002,0.002,1.56,2026-06-18T08:12:45,0.002,1.73
ip_shuffle,20260618T081245_668542,of:0000000000000007:1 -> of:000000000000000d:5,0.002,0.0025,0.002,0.002,2.7,2026-06-18T08:12:45,0.002,2.56
ip_shuffle,20260618T081245_668542,of:0000000000000007:2 -> of:000000000000000a:3,0.002,0.0025,0.002,0.002,1.86,2026-06-18T08:12:45,0.002,2.0
ip_shuffle,20260618T081245_668542,of:0000000000000002:2 -> of:0000000000000008:2,0.002,0.0025,0.002,0.002,2.03,2026-06-18T08:12:45,0.002,2.03
ip_shuffle,20260618T081245_668542,of:0000000000000008:1 -> of:000000000000000b:6,0.002,0.0025,0.002,0.002,1.73,2026-06-18T08:12:45,0.002,1.73
ip_shuffle,20260618T081245_668542,of:0000000000000009:1 -> of:000000000000000c:6,0.002,0.0025,0.002,0.002,1.73,2026-06-18T08:12:45,0.002,1.73
ip_shuffle,20260618T081245_668542,of:0000000000000001:2 -> of:000000000000000c:1,0.002,0.0025,0.002,0.002,1.73,2026-06-18T08:12:45,0.002,1.63
ip_shuffle,20260618T081245_668542,of:0000000000000003:2 -> of:0000000000000008:3,0.002,0.0025,0.002,0.002,1.96,2026-06-18T08:12:45,0.002,2.03
route_mutation,20260618T081343_297379,of:0000000000000005:1 -> of:000000000000000c:5,0.002,0.0025,0.002,0.002,2.56,2026-06-18T08:13:43,0.002,2.3
route_mutation,20260618T081343_297379,of:000000000000000a:1 -> of:000000000000000d:6,0.002,0.0025,0.002,0.002,1.56,2026-06-18T08:13:43,0.002,1.6
route_mutation,20260618T081343_297379,of:000000000000000b:2 -> of:000000000000000c:2,0.002,0.0025,0.002,0.002,1.8,2026-06-18T08:13:43,0.002,1.8
route_mutation,20260618T081343_297379,of:0000000000000004:2 -> of:0000000000000009:2,0.002,0.0025,0.002,0.002,2.06,2026-06-18T08:13:43,0.002,2.0
route_mutation,20260618T081343_297379,of:0000000000000005:2 -> of:0000000000000009:3,0.002,0.0025,0.002,0.002,2.06,2026-06-18T08:13:43,0.002,1.93
route_mutation,20260618T081343_297379,of:000000000000000b:3 -> of:000000000000000d:2,0.002,0.0025,0.002,0.002,1.86,2026-06-18T08:13:43,0.002,1.9
route_mutation,20260618T081343_297379,of:0000000000000004:1 -> of:000000000000000c:4,0.002,0.0025,0.002,0.002,2.53,2026-06-18T08:13:43,0.002,2.33
route_mutation,20260618T081343_297379,of:000000000000000c:3 -> of:000000000000000d:3,0.002,0.0025,0.002,0.002,1.86,2026-06-18T08:13:43,0.002,1.9
route_mutation,20260618T081343_297379,of:0000000000000001:1 -> of:000000000000000b:1,0.002,0.0025,0.002,0.002,1.86,2026-06-18T08:13:43,0.002,1.9
route_mutation,20260618T081343_297379,of:0000000000000006:1 -> of:000000000000000d:4,0.002,0.0025,0.002,0.002,2.76,2026-06-18T08:13:43,0.002,2.66
route_mutation,20260618T081343_297379,of:0000000000000002:1 -> of:000000000000000b:4,0.002,0.0025,0.002,0.002,1.66,2026-06-18T08:13:43,0.001,1.5
route_mutation,20260618T081343_297379,of:0000000000000001:3 -> of:000000000000000d:1,0.002,0.0025,0.002,0.002,2.63,2026-06-18T08:13:43,0.002,2.63
route_mutation,20260618T081343_297379,of:0000000000000006:2 -> of:000000000000000a:2,0.002,0.0025,0.002,0.002,2.06,2026-06-18T08:13:43,0.002,2.0
route_mutation,20260618T081343_297379,of:0000000000000003:1 -> of:000000000000000b:5,0.002,0.0025,0.002,0.002,2.0,2026-06-18T08:13:43,0.002,1.83
route_mutation,20260618T081343_297379,of:0000000000000007:1 -> of:000000000000000d:5,0.002,0.0025,0.002,0.002,1.76,2026-06-18T08:13:43,0.002,1.83
route_mutation,20260618T081343_297379,of:0000000000000007:2 -> of:000000000000000a:3,0.002,0.0025,0.002,0.002,2.06,2026-06-18T08:13:43,0.002,1.93
route_mutation,20260618T081343_297379,of:0000000000000002:2 -> of:0000000000000008:2,0.002,0.0025,0.002,0.002,2.13,2026-06-18T08:13:43,0.002,2.13
route_mutation,20260618T081343_297379,of:0000000000000008:1 -> of:000000000000000b:6,0.002,0.0025,0.002,0.002,1.73,2026-06-18T08:13:43,0.002,1.56
route_mutation,20260618T081343_297379,of:0000000000000009:1 -> of:000000000000000c:6,0.001,0.00125,0.001,0.001,1.5,2026-06-18T08:13:43,0.001,1.5
route_mutation,20260618T081343_297379,of:0000000000000001:2 -> of:000000000000000c:1,0.003,0.00375,0.003,0.003,3.09,2026-06-18T08:13:43,0.003,3.19
route_mutation,20260618T081343_297379,of:0000000000000003:2 -> of:0000000000000008:3,0.002,0.0025,0.002,0.002,2.13,2026-06-18T08:13:43,0.002,2.2
ip_shuffle,20260618T081413_470763,of:0000000000000005:1 -> of:000000000000000c:5,0.002,0.0025,0.002,0.002,1.53,2026-06-18T08:14:13,0.002,1.73
ip_shuffle,20260618T081413_470763,of:000000000000000a:1 -> of:000000000000000d:6,0.002,0.0025,0.002,0.002,1.66,2026-06-18T08:14:13,0.002,1.63
ip_shuffle,20260618T081413_470763,of:000000000000000b:2 -> of:000000000000000c:2,0.002,0.0025,0.002,0.002,2.13,2026-06-18T08:14:13,0.002,2.13
ip_shuffle,20260618T081413_470763,of:0000000000000004:2 -> of:0000000000000009:2,0.002,0.0025,0.002,0.002,1.93,2026-06-18T08:14:13,0.002,2.0
ip_shuffle,20260618T081413_470763,of:0000000000000005:2 -> of:0000000000000009:3,0.002,0.0025,0.002,0.002,1.93,2026-06-18T08:14:13,0.002,2.0
ip_shuffle,20260618T081413_470763,of:000000000000000b:3 -> of:000000000000000d:2,0.002,0.0025,0.002,0.002,2.06,2026-06-18T08:14:13,0.002,2.03
ip_shuffle,20260618T081413_470763,of:0000000000000004:1 -> of:000000000000000c:4,0.002,0.0025,0.002,0.002,1.53,2026-06-18T08:14:13,0.002,1.73
ip_shuffle,20260618T081413_470763,of:000000000000000c:3 -> of:000000000000000d:3,0.002,0.0025,0.002,0.002,2.06,2026-06-18T08:14:13,0.002,2.03
ip_shuffle,20260618T081413_470763,of:0000000000000001:1 -> of:000000000000000b:1,0.002,0.0025,0.002,0.002,1.73,2026-06-18T08:14:13,0.002,1.63
ip_shuffle,20260618T081413_470763,of:0000000000000006:1 -> of:000000000000000d:4,0.002,0.0025,0.002,0.002,1.56,2026-06-18T08:14:13,0.002,1.66
ip_shuffle,20260618T081413_470763,of:0000000000000002:1 -> of:000000000000000b:4,0.002,0.0025,0.002,0.002,1.63,2026-06-18T08:14:13,0.002,1.73
ip_shuffle,20260618T081413_470763,of:0000000000000001:3 -> of:000000000000000d:1,0.002,0.0025,0.002,0.002,2.83,2026-06-18T08:14:13,0.002,2.83
ip_shuffle,20260618T081413_470763,of:0000000000000006:2 -> of:000000000000000a:2,0.002,0.0025,0.002,0.002,1.86,2026-06-18T08:14:13,0.002,2.0
ip_shuffle,20260618T081413_470763,of:0000000000000003:1 -> of:000000000000000b:5,0.002,0.0025,0.002,0.002,1.56,2026-06-18T08:14:13,0.002,1.73
ip_shuffle,20260618T081413_470763,of:0000000000000007:1 -> of:000000000000000d:5,0.002,0.0025,0.002,0.002,2.8,2026-06-18T08:14:13,0.002,2.6
ip_shuffle,20260618T081413_470763,of:0000000000000007:2 -> of:000000000000000a:3,0.002,0.0025,0.002,0.002,1.93,2026-06-18T08:14:13,0.002,2.0
ip_shuffle,20260618T081413_470763,of:0000000000000002:2 -> of:0000000000000008:2,0.002,0.0025,0.002,0.002,1.8,2026-06-18T08:14:13,0.002,1.86
ip_shuffle,20260618T081413_470763,of:0000000000000008:1 -> of:000000000000000b:6,0.002,0.0025,0.002,0.002,1.56,2026-06-18T08:14:13,0.002,1.73
ip_shuffle,20260618T081413_470763,of:0000000000000009:1 -> of:000000000000000c:6,0.002,0.0025,0.002,0.002,1.73,2026-06-18T08:14:13,0.002,1.73
ip_shuffle,20260618T081413_470763,of:0000000000000001:2 -> of:000000000000000c:1,0.002,0.0025,0.002,0.002,1.73,2026-06-18T08:14:13,0.002,1.63
ip_shuffle,20260618T081413_470763,of:0000000000000003:2 -> of:0000000000000008:3,0.002,0.0025,0.002,0.002,1.8,2026-06-18T08:14:13,0.002,1.86
route_mutation,20260618T081511_134184,of:0000000000000005:1 -> of:000000000000000c:5,0.002,0.0025,0.002,0.002,2.53,2026-06-18T08:15:11,0.002,2.33
route_mutation,20260618T081511_134184,of:000000000000000a:1 -> of:000000000000000d:6,0.002,0.0025,0.002,0.002,1.53,2026-06-18T08:15:11,0.002,1.53
route_mutation,20260618T081511_134184,of:000000000000000b:2 -> of:000000000000000c:2,0.002,0.0025,0.002,0.002,1.8,2026-06-18T08:15:11,0.002,1.8
route_mutation,20260618T081511_134184,of:0000000000000004:2 -> of:0000000000000009:2,0.002,0.0025,0.002,0.002,2.13,2026-06-18T08:15:11,0.002,2.06
route_mutation,20260618T081511_134184,of:0000000000000005:2 -> of:0000000000000009:3,0.002,0.0025,0.002,0.002,2.13,2026-06-18T08:15:11,0.002,2.06
route_mutation,20260618T081511_134184,of:000000000000000b:3 -> of:000000000000000d:2,0.002,0.0025,0.002,0.002,1.83,2026-06-18T08:15:11,0.002,1.83
route_mutation,20260618T081511_134184,of:0000000000000004:1 -> of:000000000000000c:4,0.002,0.0025,0.002,0.002,2.56,2026-06-18T08:15:11,0.002,2.36
route_mutation,20260618T081511_134184,of:000000000000000c:3 -> of:000000000000000d:3,0.002,0.0025,0.002,0.002,1.86,2026-06-18T08:15:11,0.002,1.86
route_mutation,20260618T081511_134184,of:0000000000000001:1 -> of:000000000000000b:1,0.002,0.0025,0.002,0.002,1.9,2026-06-18T08:15:11,0.002,2.06
route_mutation,20260618T081511_134184,of:0000000000000006:1 -> of:000000000000000d:4,0.002,0.0025,0.002,0.002,2.66,2026-06-18T08:15:11,0.002,2.6
route_mutation,20260618T081511_134184,of:0000000000000002:1 -> of:000000000000000b:4,0.002,0.0025,0.002,0.002,1.63,2026-06-18T08:15:11,0.001,1.46
route_mutation,20260618T081511_134184,of:0000000000000001:3 -> of:000000000000000d:1,0.002,0.0025,0.002,0.002,2.63,2026-06-18T08:15:11,0.002,2.56
route_mutation,20260618T081511_134184,of:0000000000000006:2 -> of:000000000000000a:2,0.002,0.0025,0.002,0.002,2.0,2026-06-18T08:15:11,0.002,1.86
route_mutation,20260618T081511_134184,of:0000000000000003:1 -> of:000000000000000b:5,0.002,0.0025,0.002,0.002,2.23,2026-06-18T08:15:11,0.002,2.0
route_mutation,20260618T081511_134184,of:0000000000000007:1 -> of:000000000000000d:5,0.002,0.0025,0.002,0.002,1.7,2026-06-18T08:15:11,0.002,1.66
route_mutation,20260618T081511_134184,of:0000000000000007:2 -> of:000000000000000a:3,0.002,0.0025,0.002,0.002,2.0,2026-06-18T08:15:11,0.002,1.86
route_mutation,20260618T081511_134184,of:0000000000000002:2 -> of:0000000000000008:2,0.002,0.0025,0.002,0.002,2.13,2026-06-18T08:15:11,0.002,2.06
route_mutation,20260618T081511_134184,of:0000000000000008:1 -> of:000000000000000b:6,0.002,0.0025,0.002,0.002,1.7,2026-06-18T08:15:11,0.002,1.56
route_mutation,20260618T081511_134184,of:0000000000000009:1 -> of:000000000000000c:6,0.002,0.0025,0.002,0.002,1.73,2026-06-18T08:15:11,0.002,1.6
route_mutation,20260618T081511_134184,of:0000000000000001:2 -> of:000000000000000c:1,0.003,0.00375,0.003,0.003,3.06,2026-06-18T08:15:11,0.003,3.23
route_mutation,20260618T081511_134184,of:0000000000000003:2 -> of:0000000000000008:3,0.002,0.0025,0.002,0.002,2.1,2026-06-18T08:15:11,0.002,2.1
ip_shuffle,20260618T081541_323724,of:0000000000000005:1 -> of:000000000000000c:5,0.002,0.0025,0.002,0.002,1.56,2026-06-18T08:15:41,0.002,1.7
ip_shuffle,20260618T081541_323724,of:000000000000000a:1 -> of:000000000000000d:6,0.002,0.0025,0.002,0.002,1.7,2026-06-18T08:15:41,0.002,1.7
ip_shuffle,20260618T081541_323724,of:000000000000000b:2 -> of:000000000000000c:2,0.002,0.0025,0.002,0.002,2.13,2026-06-18T08:15:41,0.002,2.13
ip_shuffle,20260618T081541_323724,of:0000000000000004:2 -> of:0000000000000009:2,0.002,0.0025,0.002,0.002,1.8,2026-06-18T08:15:41,0.002,1.93
ip_shuffle,20260618T081541_323724,of:0000000000000005:2 -> of:0000000000000009:3,0.002,0.0025,0.002,0.002,1.8,2026-06-18T08:15:41,0.002,1.93
ip_shuffle,20260618T081541_323724,of:000000000000000b:3 -> of:000000000000000d:2,0.002,0.0025,0.002,0.002,2.13,2026-06-18T08:15:41,0.002,2.13
ip_shuffle,20260618T081541_323724,of:0000000000000004:1 -> of:000000000000000c:4,0.002,0.0025,0.002,0.002,1.56,2026-06-18T08:15:41,0.002,1.7
ip_shuffle,20260618T081541_323724,of:000000000000000c:3 -> of:000000000000000d:3,0.002,0.0025,0.002,0.002,2.06,2026-06-18T08:15:41,0.002,2.06
ip_shuffle,20260618T081541_323724,of:0000000000000001:1 -> of:000000000000000b:1,0.002,0.0025,0.002,0.002,1.76,2026-06-18T08:15:41,0.002,1.66
ip_shuffle,20260618T081541_323724,of:0000000000000006:1 -> of:000000000000000d:4,0.002,0.0025,0.002,0.002,1.76,2026-06-18T08:15:41,0.002,1.76
ip_shuffle,20260618T081541_323724,of:0000000000000002:1 -> of:000000000000000b:4,0.002,0.0025,0.002,0.002,1.6,2026-06-18T08:15:41,0.002,1.76
ip_shuffle,20260618T081541_323724,of:0000000000000001:3 -> of:000000000000000d:1,0.003,0.00375,0.003,0.003,2.93,2026-06-18T08:15:41,0.003,3.0
ip_shuffle,20260618T081541_323724,of:0000000000000006:2 -> of:000000000000000a:2,0.002,0.0025,0.002,0.002,1.93,2026-06-18T08:15:41,0.002,2.06
ip_shuffle,20260618T081541_323724,of:0000000000000003:1 -> of:000000000000000b:5,0.002,0.0025,0.002,0.002,1.6,2026-06-18T08:15:41,0.002,1.76
ip_shuffle,20260618T081541_323724,of:0000000000000007:1 -> of:000000000000000d:5,0.002,0.0025,0.002,0.002,2.86,2026-06-18T08:15:41,0.002,2.76
ip_shuffle,20260618T081541_323724,of:0000000000000007:2 -> of:000000000000000a:3,0.002,0.0025,0.002,0.002,2.0,2026-06-18T08:15:41,0.002,2.06
ip_shuffle,20260618T081541_323724,of:0000000000000002:2 -> of:0000000000000008:2,0.002,0.0025,0.002,0.002,1.83,2026-06-18T08:15:41,0.002,1.96
ip_shuffle,20260618T081541_323724,of:0000000000000008:1 -> of:000000000000000b:6,0.002,0.0025,0.002,0.002,1.63,2026-06-18T08:15:41,0.002,1.76
ip_shuffle,20260618T081541_323724,of:0000000000000009:1 -> of:000000000000000c:6,0.002,0.0025,0.002,0.002,1.56,2026-06-18T08:15:41,0.002,1.7
ip_shuffle,20260618T081541_323724,of:0000000000000001:2 -> of:000000000000000c:1,0.002,0.0025,0.002,0.002,1.76,2026-06-18T08:15:41,0.002,1.6
ip_shuffle,20260618T081541_323724,of:0000000000000003:2 -> of:0000000000000008:3,0.002,0.0025,0.002,0.002,1.83,2026-06-18T08:15:41,0.002,1.96
ip_shuffle,20260618T081638_967808,of:0000000000000005:1 -> of:000000000000000c:5,0.002,0.0025,0.002,0.002,2.33,2026-06-18T08:16:38,0.002,2.29
ip_shuffle,20260618T081638_967808,of:000000000000000a:1 -> of:000000000000000d:6,0.002,0.0025,0.002,0.002,1.53,2026-06-18T08:16:38,0.002,1.56
ip_shuffle,20260618T081638_967808,of:000000000000000b:2 -> of:000000000000000c:2,0.002,0.0025,0.002,0.002,1.89,2026-06-18T08:16:38,0.002,1.89
ip_shuffle,20260618T081638_967808,of:0000000000000004:2 -> of:0000000000000009:2,0.002,0.0025,0.002,0.002,1.73,2026-06-18T08:16:38,0.002,1.66
ip_shuffle,20260618T081638_967808,of:0000000000000005:2 -> of:0000000000000009:3,0.002,0.0025,0.002,0.002,1.73,2026-06-18T08:16:38,0.002,1.66
ip_shuffle,20260618T081638_967808,of:000000000000000b:3 -> of:000000000000000d:2,0.002,0.0025,0.002,0.002,1.89,2026-06-18T08:16:38,0.002,1.89
ip_shuffle,20260618T081638_967808,of:0000000000000004:1 -> of:000000000000000c:4,0.002,0.0025,0.002,0.002,2.33,2026-06-18T08:16:38,0.002,2.29
ip_shuffle,20260618T081638_967808,of:000000000000000c:3 -> of:000000000000000d:3,0.002,0.0025,0.002,0.002,1.79,2026-06-18T08:16:38,0.002,1.79
ip_shuffle,20260618T081638_967808,of:0000000000000001:1 -> of:000000000000000b:1,0.002,0.0025,0.002,0.002,2.16,2026-06-18T08:16:38,0.002,2.26
ip_shuffle,20260618T081638_967808,of:0000000000000006:1 -> of:000000000000000d:4,0.002,0.0025,0.002,0.002,2.33,2026-06-18T08:16:38,0.002,2.29
ip_shuffle,20260618T081638_967808,of:0000000000000002:1 -> of:000000000000000b:4,0.002,0.0025,0.002,0.002,1.59,2026-06-18T08:16:38,0.002,1.59
ip_shuffle,20260618T081638_967808,of:0000000000000001:3 -> of:000000000000000d:1,0.002,0.0025,0.002,0.002,2.26,2026-06-18T08:16:38,0.002,2.23
ip_shuffle,20260618T081638_967808,of:0000000000000006:2 -> of:000000000000000a:2,0.002,0.0025,0.002,0.002,1.66,2026-06-18T08:16:38,0.002,1.66
ip_shuffle,20260618T081638_967808,of:0000000000000003:1 -> of:000000000000000b:5,0.002,0.0025,0.002,0.002,2.26,2026-06-18T08:16:38,0.002,2.03
ip_shuffle,20260618T081638_967808,of:0000000000000007:1 -> of:000000000000000d:5,0.002,0.0025,0.002,0.002,1.53,2026-06-18T08:16:38,0.001,1.5
ip_shuffle,20260618T081638_967808,of:0000000000000007:2 -> of:000000000000000a:3,0.002,0.0025,0.002,0.002,1.66,2026-06-18T08:16:38,0.002,1.66
ip_shuffle,20260618T081638_967808,of:0000000000000002:2 -> of:0000000000000008:2,0.002,0.0025,0.002,0.002,1.73,2026-06-18T08:16:38,0.002,1.66
ip_shuffle,20260618T081638_967808,of:0000000000000008:1 -> of:000000000000000b:6,0.002,0.0025,0.002,0.002,1.59,2026-06-18T08:16:38,0.002,1.66
ip_shuffle,20260618T081638_967808,of:0000000000000009:1 -> of:000000000000000c:6,0.002,0.0025,0.002,0.002,1.53,2026-06-18T08:16:38,0.002,1.56
ip_shuffle,20260618T081638_967808,of:0000000000000001:2 -> of:000000000000000c:1,0.003,0.00375,0.003,0.003,3.09,2026-06-18T08:16:38,0.003,3.06
ip_shuffle,20260618T081638_967808,of:0000000000000003:2 -> of:0000000000000008:3,0.002,0.0025,0.002,0.002,1.73,2026-06-18T08:16:38,0.002,1.66
route_mutation,20260618T081736_639603,of:0000000000000005:1 -> of:000000000000000c:5,0.001,0.00125,0.001,0.001,1.33,2026-06-18T08:17:36,0.001,1.33
route_mutation,20260618T081736_639603,of:000000000000000a:1 -> of:000000000000000d:6,0.001,0.00125,0.001,0.001,1.37,2026-06-18T08:17:36,0.001,1.27
route_mutation,20260618T081736_639603,of:000000000000000b:2 -> of:000000000000000c:2,0.001,0.00125,0.001,0.001,1.37,2026-06-18T08:17:36,0.001,1.37
route_mutation,20260618T081736_639603,of:0000000000000004:2 -> of:0000000000000009:2,0.002,0.0025,0.002,0.002,1.5,2026-06-18T08:17:36,0.001,1.43
route_mutation,20260618T081736_639603,of:0000000000000005:2 -> of:0000000000000009:3,0.002,0.0025,0.002,0.002,1.5,2026-06-18T08:17:36,0.001,1.43
route_mutation,20260618T081736_639603,of:000000000000000b:3 -> of:000000000000000d:2,0.001,0.00125,0.001,0.001,1.37,2026-06-18T08:17:36,0.001,1.37
route_mutation,20260618T081736_639603,of:0000000000000004:1 -> of:000000000000000c:4,0.001,0.00125,0.001,0.001,1.33,2026-06-18T08:17:36,0.001,1.33
route_mutation,20260618T081736_639603,of:000000000000000c:3 -> of:000000000000000d:3,0.001,0.00125,0.001,0.001,1.33,2026-06-18T08:17:36,0.001,1.33
route_mutation,20260618T081736_639603,of:0000000000000001:1 -> of:000000000000000b:1,0.002,0.0025,0.002,0.002,2.1,2026-06-18T08:17:36,0.002,2.13
route_mutation,20260618T081736_639603,of:0000000000000006:1 -> of:000000000000000d:4,0.001,0.00125,0.001,0.001,1.3,2026-06-18T08:17:36,0.001,1.33
route_mutation,20260618T081736_639603,of:0000000000000002:1 -> of:000000000000000b:4,0.002,0.0025,0.002,0.002,2.13,2026-06-18T08:17:36,0.002,2.1
route_mutation,20260618T081736_639603,of:0000000000000001:3 -> of:000000000000000d:1,0.002,0.0025,0.002,0.001,1.33,2026-06-18T08:17:36,0.002,1.4
route_mutation,20260618T081736_639603,of:0000000000000006:2 -> of:000000000000000a:2,0.001,0.00125,0.001,0.001,1.47,2026-06-18T08:17:36,0.001,1.47
route_mutation,20260618T081736_639603,of:0000000000000003:1 -> of:000000000000000b:5,0.002,0.0025,0.002,0.002,1.4,2026-06-18T08:17:36,0.001,1.37
route_mutation,20260618T081736_639603,of:0000000000000007:1 -> of:000000000000000d:5,0.001,0.00125,0.001,0.001,1.3,2026-06-18T08:17:36,0.001,1.33
route_mutation,20260618T081736_639603,of:0000000000000007:2 -> of:000000000000000a:3,0.001,0.00125,0.001,0.001,1.47,2026-06-18T08:17:36,0.001,1.47
route_mutation,20260618T081736_639603,of:0000000000000002:2 -> of:0000000000000008:2,0.002,0.0025,0.002,0.002,1.5,2026-06-18T08:17:36,0.001,1.43
route_mutation,20260618T081736_639603,of:0000000000000008:1 -> of:000000000000000b:6,0.001,0.00125,0.001,0.001,1.3,2026-06-18T08:17:36,0.001,1.3
route_mutation,20260618T081736_639603,of:0000000000000009:1 -> of:000000000000000c:6,0.001,0.00125,0.001,0.001,1.37,2026-06-18T08:17:36,0.001,1.27
route_mutation,20260618T081736_639603,of:0000000000000001:2 -> of:000000000000000c:1,0.002,0.0025,0.002,0.001,1.33,2026-06-18T08:17:36,0.002,1.4
route_mutation,20260618T081736_639603,of:0000000000000003:2 -> of:0000000000000008:3,0.002,0.0025,0.002,0.002,1.5,2026-06-18T08:17:36,0.001,1.43
ip_shuffle,20260618T081806_925291,of:0000000000000005:1 -> of:000000000000000c:5,0.002,0.0025,0.002,0.002,2.33,2026-06-18T08:18:06,0.002,2.26
ip_shuffle,20260618T081806_925291,of:000000000000000a:1 -> of:000000000000000d:6,0.002,0.0025,0.002,0.002,1.53,2026-06-18T08:18:06,0.002,1.53
ip_shuffle,20260618T081806_925291,of:000000000000000b:2 -> of:000000000000000c:2,0.002,0.0025,0.002,0.002,1.73,2026-06-18T08:18:06,0.002,1.73
ip_shuffle,20260618T081806_925291,of:0000000000000004:2 -> of:0000000000000009:2,0.002,0.0025,0.002,0.002,1.73,2026-06-18T08:18:06,0.002,1.66
ip_shuffle,20260618T081806_925291,of:0000000000000005:2 -> of:0000000000000009:3,0.002,0.0025,0.002,0.002,1.73,2026-06-18T08:18:06,0.002,1.66
ip_shuffle,20260618T081806_925291,of:000000000000000b:3 -> of:000000000000000d:2,0.002,0.0025,0.002,0.002,1.73,2026-06-18T08:18:06,0.002,1.73
ip_shuffle,20260618T081806_925291,of:0000000000000004:1 -> of:000000000000000c:4,0.002,0.0025,0.002,0.002,2.33,2026-06-18T08:18:06,0.002,2.26
ip_shuffle,20260618T081806_925291,of:000000000000000c:3 -> of:000000000000000d:3,0.002,0.0025,0.002,0.002,1.73,2026-06-18T08:18:06,0.002,1.73
ip_shuffle,20260618T081806_925291,of:0000000000000001:1 -> of:000000000000000b:1,0.003,0.00375,0.003,0.003,2.86,2026-06-18T08:18:06,0.002,2.73
ip_shuffle,20260618T081806_925291,of:0000000000000006:1 -> of:000000000000000d:4,0.002,0.0025,0.002,0.002,1.66,2026-06-18T08:18:06,0.002,1.76
ip_shuffle,20260618T081806_925291,of:0000000000000002:1 -> of:000000000000000b:4,0.002,0.0025,0.002,0.002,1.76,2026-06-18T08:18:06,0.002,1.76
ip_shuffle,20260618T081806_925291,of:0000000000000001:3 -> of:000000000000000d:1,0.002,0.0025,0.002,0.002,1.73,2026-06-18T08:18:06,0.002,1.63
ip_shuffle,20260618T081806_925291,of:0000000000000006:2 -> of:000000000000000a:2,0.002,0.0025,0.002,0.002,1.66,2026-06-18T08:18:06,0.002,1.66
ip_shuffle,20260618T081806_925291,of:0000000000000003:1 -> of:000000000000000b:5,0.002,0.0025,0.002,0.002,2.56,2026-06-18T08:18:06,0.002,2.5
ip_shuffle,20260618T081806_925291,of:0000000000000007:1 -> of:000000000000000d:5,0.002,0.0025,0.002,0.002,1.53,2026-06-18T08:18:06,0.001,1.46
ip_shuffle,20260618T081806_925291,of:0000000000000007:2 -> of:000000000000000a:3,0.002,0.0025,0.002,0.002,1.66,2026-06-18T08:18:06,0.002,1.66
ip_shuffle,20260618T081806_925291,of:0000000000000002:2 -> of:0000000000000008:2,0.002,0.0025,0.002,0.002,1.73,2026-06-18T08:18:06,0.002,1.66
ip_shuffle,20260618T081806_925291,of:0000000000000008:1 -> of:000000000000000b:6,0.002,0.0025,0.002,0.002,1.53,2026-06-18T08:18:06,0.002,1.53
ip_shuffle,20260618T081806_925291,of:0000000000000009:1 -> of:000000000000000c:6,0.002,0.0025,0.002,0.002,1.53,2026-06-18T08:18:06,0.002,1.53
ip_shuffle,20260618T081806_925291,of:0000000000000001:2 -> of:000000000000000c:1,0.003,0.00375,0.003,0.003,3.06,2026-06-18T08:18:06,0.003,3.06
ip_shuffle,20260618T081806_925291,of:0000000000000003:2 -> of:0000000000000008:3,0.002,0.0025,0.002,0.002,1.73,2026-06-18T08:18:06,0.002,1.66
route_mutation,20260618T081904_548160,of:0000000000000005:1 -> of:000000000000000c:5,0.002,0.0025,0.002,0.002,1.96,2026-06-18T08:19:04,0.002,2.03
route_mutation,20260618T081904_548160,of:000000000000000a:1 -> of:000000000000000d:6,0.002,0.0025,0.002,0.002,1.93,2026-06-18T08:19:04,0.002,2.03
route_mutation,20260618T081904_548160,of:000000000000000b:2 -> of:000000000000000c:2,0.002,0.0025,0.002,0.002,2.7,2026-06-18T08:19:04,0.002,2.7
route_mutation,20260618T081904_548160,of:0000000000000004:2 -> of:0000000000000009:2,0.002,0.0025,0.002,0.002,2.56,2026-06-18T08:19:04,0.002,2.7
route_mutation,20260618T081904_548160,of:0000000000000005:2 -> of:0000000000000009:3,0.002,0.0025,0.002,0.002,2.56,2026-06-18T08:19:04,0.002,2.7
route_mutation,20260618T081904_548160,of:000000000000000b:3 -> of:000000000000000d:2,0.002,0.0025,0.002,0.002,2.7,2026-06-18T08:19:04,0.002,2.7
route_mutation,20260618T081904_548160,of:0000000000000004:1 -> of:000000000000000c:4,0.002,0.0025,0.002,0.002,1.96,2026-06-18T08:19:04,0.002,2.03
route_mutation,20260618T081904_548160,of:000000000000000c:3 -> of:000000000000000d:3,0.002,0.0025,0.002,0.002,2.73,2026-06-18T08:19:04,0.002,2.73
route_mutation,20260618T081904_548160,of:0000000000000001:1 -> of:000000000000000b:1,0.002,0.0025,0.002,0.002,1.93,2026-06-18T08:19:04,0.002,2.03
route_mutation,20260618T081904_548160,of:0000000000000006:1 -> of:000000000000000d:4,0.002,0.0025,0.002,0.002,2.96,2026-06-18T08:19:04,0.002,2.83
route_mutation,20260618T081904_548160,of:0000000000000002:1 -> of:000000000000000b:4,0.002,0.0025,0.002,0.002,1.96,2026-06-18T08:19:04,0.002,2.0
route_mutation,20260618T081904_548160,of:0000000000000001:3 -> of:000000000000000d:1,0.004,0.005,0.004,0.004,4.63,2026-06-18T08:19:04,0.004,4.66
route_mutation,20260618T081904_548160,of:0000000000000006:2 -> of:000000000000000a:2,0.002,0.0025,0.002,0.002,2.66,2026-06-18T08:19:04,0.002,2.66
route_mutation,20260618T081904_548160,of:0000000000000003:1 -> of:000000000000000b:5,0.002,0.0025,0.002,0.002,1.9,2026-06-18T08:19:04,0.002,2.0
route_mutation,20260618T081904_548160,of:0000000000000007:1 -> of:000000000000000d:5,0.003,0.00375,0.003,0.003,3.76,2026-06-18T08:19:04,0.003,3.8
route_mutation,20260618T081904_548160,of:0000000000000007:2 -> of:000000000000000a:3,0.002,0.0025,0.002,0.002,2.66,2026-06-18T08:19:04,0.002,2.66
route_mutation,20260618T081904_548160,of:0000000000000002:2 -> of:0000000000000008:2,0.002,0.0025,0.002,0.002,2.56,2026-06-18T08:19:04,0.002,2.7
route_mutation,20260618T081904_548160,of:0000000000000008:1 -> of:000000000000000b:6,0.002,0.0025,0.002,0.002,2.0,2026-06-18T08:19:04,0.002,2.0
route_mutation,20260618T081904_548160,of:0000000000000009:1 -> of:000000000000000c:6,0.002,0.0025,0.002,0.002,1.93,2026-06-18T08:19:04,0.002,2.03
route_mutation,20260618T081904_548160,of:0000000000000001:2 -> of:000000000000000c:1,0.002,0.0025,0.002,0.002,2.03,2026-06-18T08:19:04,0.002,1.96
route_mutation,20260618T081904_548160,of:0000000000000003:2 -> of:0000000000000008:3,0.002,0.0025,0.002,0.002,2.56,2026-06-18T08:19:04,0.002,2.7
route_mutation,20260618T081934_769440,of:0000000000000005:1 -> of:000000000000000c:5,0.001,0.00125,0.001,0.001,1.3,2026-06-18T08:19:34,0.001,1.33
route_mutation,20260618T081934_769440,of:000000000000000a:1 -> of:000000000000000d:6,0.001,0.00125,0.001,0.001,1.33,2026-06-18T08:19:34,0.001,1.27
route_mutation,20260618T081934_769440,of:000000000000000b:2 -> of:000000000000000c:2,0.001,0.00125,0.001,0.001,1.33,2026-06-18T08:19:34,0.001,1.33
route_mutation,20260618T081934_769440,of:0000000000000004:2 -> of:0000000000000009:2,0.002,0.0025,0.002,0.002,1.43,2026-06-18T08:19:34,0.001,1.37
route_mutation,20260618T081934_769440,of:0000000000000005:2 -> of:0000000000000009:3,0.002,0.0025,0.002,0.002,1.43,2026-06-18T08:19:34,0.001,1.37
route_mutation,20260618T081934_769440,of:000000000000000b:3 -> of:000000000000000d:2,0.001,0.00125,0.001,0.001,1.33,2026-06-18T08:19:34,0.001,1.33
route_mutation,20260618T081934_769440,of:0000000000000004:1 -> of:000000000000000c:4,0.001,0.00125,0.001,0.001,1.3,2026-06-18T08:19:34,0.001,1.33
route_mutation,20260618T081934_769440,of:000000000000000c:3 -> of:000000000000000d:3,0.001,0.00125,0.001,0.001,1.33,2026-06-18T08:19:34,0.001,1.33
route_mutation,20260618T081934_769440,of:0000000000000001:1 -> of:000000000000000b:1,0.002,0.0025,0.002,0.002,1.96,2026-06-18T08:19:34,0.002,2.03
route_mutation,20260618T081934_769440,of:0000000000000006:1 -> of:000000000000000d:4,0.001,0.00125,0.001,0.001,1.23,2026-06-18T08:19:34,0.001,1.33
route_mutation,20260618T081934_769440,of:0000000000000002:1 -> of:000000000000000b:4,0.002,0.0025,0.002,0.002,2.06,2026-06-18T08:19:34,0.002,2.0
route_mutation,20260618T081934_769440,of:0000000000000001:3 -> of:000000000000000d:1,0.001,0.00125,0.001,0.001,1.33,2026-06-18T08:19:34,0.001,1.33
route_mutation,20260618T081934_769440,of:0000000000000006:2 -> of:000000000000000a:2,0.001,0.00125,0.001,0.001,1.37,2026-06-18T08:19:34,0.001,1.37
route_mutation,20260618T081934_769440,of:0000000000000003:1 -> of:000000000000000b:5,0.001,0.00125,0.001,0.001,1.37,2026-06-18T08:19:34,0.001,1.33
route_mutation,20260618T081934_769440,of:0000000000000007:1 -> of:000000000000000d:5,0.001,0.00125,0.001,0.001,1.27,2026-06-18T08:19:34,0.001,1.33
route_mutation,20260618T081934_769440,of:0000000000000007:2 -> of:000000000000000a:3,0.001,0.00125,0.001,0.001,1.4,2026-06-18T08:19:34,0.001,1.4
route_mutation,20260618T081934_769440,of:0000000000000002:2 -> of:0000000000000008:2,0.002,0.0025,0.002,0.002,1.4,2026-06-18T08:19:34,0.001,1.33
route_mutation,20260618T081934_769440,of:0000000000000008:1 -> of:000000000000000b:6,0.001,0.00125,0.001,0.001,1.27,2026-06-18T08:19:34,0.001,1.27
route_mutation,20260618T081934_769440,of:0000000000000009:1 -> of:000000000000000c:6,0.001,0.00125,0.001,0.001,1.33,2026-06-18T08:19:34,0.001,1.27
route_mutation,20260618T081934_769440,of:0000000000000001:2 -> of:000000000000000c:1,0.001,0.00125,0.001,0.001,1.33,2026-06-18T08:19:34,0.001,1.33
route_mutation,20260618T081934_769440,of:0000000000000003:2 -> of:0000000000000008:3,0.002,0.0025,0.002,0.002,1.43,2026-06-18T08:19:34,0.001,1.37
ip_shuffle,20260618T082005_017803,of:0000000000000005:1 -> of:000000000000000c:5,0.002,0.0025,0.002,0.002,1.66,2026-06-18T08:20:05,0.002,1.57
ip_shuffle,20260618T082005_017803,of:000000000000000a:1 -> of:000000000000000d:6,0.002,0.0025,0.002,0.002,1.47,2026-06-18T08:20:05,0.002,1.53
ip_shuffle,20260618T082005_017803,of:000000000000000b:2 -> of:000000000000000c:2,0.002,0.0025,0.002,0.002,1.73,2026-06-18T08:20:05,0.002,1.73
ip_shuffle,20260618T082005_017803,of:0000000000000004:2 -> of:0000000000000009:2,0.002,0.0025,0.002,0.002,1.63,2026-06-18T08:20:05,0.002,1.57
ip_shuffle,20260618T082005_017803,of:0000000000000005:2 -> of:0000000000000009:3,0.002,0.0025,0.002,0.002,1.66,2026-06-18T08:20:05,0.002,1.6
ip_shuffle,20260618T082005_017803,of:000000000000000b:3 -> of:000000000000000d:2,0.002,0.0025,0.002,0.002,1.66,2026-06-18T08:20:05,0.002,1.66
ip_shuffle,20260618T082005_017803,of:0000000000000004:1 -> of:000000000000000c:4,0.002,0.0025,0.002,0.002,1.76,2026-06-18T08:20:05,0.002,1.66
ip_shuffle,20260618T082005_017803,of:000000000000000c:3 -> of:000000000000000d:3,0.002,0.0025,0.002,0.002,1.83,2026-06-18T08:20:05,0.002,1.83
ip_shuffle,20260618T082005_017803,of:0000000000000001:1 -> of:000000000000000b:1,0.003,0.00375,0.003,0.003,2.83,2026-06-18T08:20:05,0.002,2.7
ip_shuffle,20260618T082005_017803,of:0000000000000006:1 -> of:000000000000000d:4,0.002,0.0025,0.002,0.002,1.5,2026-06-18T08:20:05,0.001,1.47
ip_shuffle,20260618T082005_017803,of:0000000000000002:1 -> of:000000000000000b:4,0.002,0.0025,0.002,0.002,1.76,2026-06-18T08:20:05,0.002,1.76
ip_shuffle,20260618T082005_017803,of:0000000000000001:3 -> of:000000000000000d:1,0.001,0.00125,0.001,0.001,1.47,2026-06-18T08:20:05,0.001,1.47
ip_shuffle,20260618T082005_017803,of:0000000000000006:2 -> of:000000000000000a:2,0.002,0.0025,0.002,0.002,1.66,2026-06-18T08:20:05,0.002,1.6
ip_shuffle,20260618T082005_017803,of:0000000000000003:1 -> of:000000000000000b:5,0.002,0.0025,0.002,0.002,2.5,2026-06-18T08:20:05,0.002,2.4
ip_shuffle,20260618T082005_017803,of:0000000000000007:1 -> of:000000000000000d:5,0.002,0.0025,0.002,0.002,1.47,2026-06-18T08:20:05,0.001,1.47
ip_shuffle,20260618T082005_017803,of:0000000000000007:2 -> of:000000000000000a:3,0.002,0.0025,0.002,0.002,1.6,2026-06-18T08:20:05,0.002,1.53
ip_shuffle,20260618T082005_017803,of:0000000000000002:2 -> of:0000000000000008:2,0.002,0.0025,0.002,0.002,1.66,2026-06-18T08:20:05,0.002,1.6
ip_shuffle,20260618T082005_017803,of:0000000000000008:1 -> of:000000000000000b:6,0.002,0.0025,0.002,0.002,1.47,2026-06-18T08:20:05,0.002,1.47
ip_shuffle,20260618T082005_017803,of:0000000000000009:1 -> of:000000000000000c:6,0.002,0.0025,0.002,0.002,1.57,2026-06-18T08:20:05,0.002,1.63
ip_shuffle,20260618T082005_017803,of:0000000000000001:2 -> of:000000000000000c:1,0.002,0.0025,0.002,0.002,1.7,2026-06-18T08:20:05,0.002,1.63
ip_shuffle,20260618T082005_017803,of:0000000000000003:2 -> of:0000000000000008:3,0.002,0.0025,0.002,0.002,1.66,2026-06-18T08:20:05,0.002,1.6
route_mutation,20260618T082102_622132,of:0000000000000005:1 -> of:000000000000000c:5,0.002,0.0025,0.002,0.002,1.59,2026-06-18T08:21:02,0.002,1.56
route_mutation,20260618T082102_622132,of:000000000000000a:1 -> of:000000000000000d:6,0.002,0.0025,0.002,0.002,1.63,2026-06-18T08:21:02,0.002,1.83
route_mutation,20260618T082102_622132,of:000000000000000b:2 -> of:000000000000000c:2,0.002,0.0025,0.002,0.002,1.79,2026-06-18T08:21:02,0.002,1.79
route_mutation,20260618T082102_622132,of:0000000000000004:2 -> of:0000000000000009:2,0.002,0.0025,0.002,0.002,1.89,2026-06-18T08:21:02,0.002,1.83
route_mutation,20260618T082102_622132,of:0000000000000005:2 -> of:0000000000000009:3,0.002,0.0025,0.002,0.002,1.83,2026-06-18T08:21:02,0.002,1.83
route_mutation,20260618T082102_622132,of:000000000000000b:3 -> of:000000000000000d:2,0.002,0.0025,0.002,0.002,2.13,2026-06-18T08:21:02,0.002,2.13
route_mutation,20260618T082102_622132,of:0000000000000004:1 -> of:000000000000000c:4,0.002,0.0025,0.002,0.002,1.66,2026-06-18T08:21:02,0.002,1.56
route_mutation,20260618T082102_622132,of:000000000000000c:3 -> of:000000000000000d:3,0.002,0.0025,0.002,0.002,2.13,2026-06-18T08:21:02,0.002,2.13
route_mutation,20260618T082102_622132,of:0000000000000001:1 -> of:000000000000000b:1,0.002,0.0025,0.002,0.001,1.49,2026-06-18T08:21:02,0.002,1.69
route_mutation,20260618T082102_622132,of:0000000000000006:1 -> of:000000000000000d:4,0.002,0.0025,0.002,0.002,2.39,2026-06-18T08:21:02,0.002,2.62
route_mutation,20260618T082102_622132,of:0000000000000002:1 -> of:000000000000000b:4,0.002,0.0025,0.002,0.002,1.63,2026-06-18T08:21:02,0.002,1.56
route_mutation,20260618T082102_622132,of:0000000000000001:3 -> of:000000000000000d:1,0.003,0.00375,0.003,0.003,3.65,2026-06-18T08:21:02,0.003,3.79
route_mutation,20260618T082102_622132,of:0000000000000006:2 -> of:000000000000000a:2,0.002,0.0025,0.002,0.002,1.83,2026-06-18T08:21:02,0.002,1.83
route_mutation,20260618T082102_622132,of:0000000000000003:1 -> of:000000000000000b:5,0.002,0.0025,0.002,0.002,1.66,2026-06-18T08:21:02,0.002,1.56
route_mutation,20260618T082102_622132,of:0000000000000007:1 -> of:000000000000000d:5,0.002,0.0025,0.002,0.002,2.82,2026-06-18T08:21:02,0.002,2.79
route_mutation,20260618T082102_622132,of:0000000000000007:2 -> of:000000000000000a:3,0.002,0.0025,0.002,0.002,1.79,2026-06-18T08:21:02,0.002,1.79
route_mutation,20260618T082102_622132,of:0000000000000002:2 -> of:0000000000000008:2,0.002,0.0025,0.002,0.002,1.93,2026-06-18T08:21:02,0.002,1.86
route_mutation,20260618T082102_622132,of:0000000000000008:1 -> of:000000000000000b:6,0.001,0.00125,0.001,0.001,1.49,2026-06-18T08:21:02,0.001,1.49
route_mutation,20260618T082102_622132,of:0000000000000009:1 -> of:000000000000000c:6,0.001,0.00125,0.001,0.001,1.49,2026-06-18T08:21:02,0.001,1.49
route_mutation,20260618T082102_622132,of:0000000000000001:2 -> of:000000000000000c:1,0.002,0.0025,0.002,0.001,1.49,2026-06-18T08:21:02,0.002,1.69
route_mutation,20260618T082102_622132,of:0000000000000003:2 -> of:0000000000000008:3,0.002,0.0025,0.002,0.002,1.89,2026-06-18T08:21:02,0.002,1.83
route_mutation,20260618T082132_874232,of:0000000000000005:1 -> of:000000000000000c:5,0.002,0.0025,0.002,0.002,1.53,2026-06-18T08:21:32,0.001,1.4
route_mutation,20260618T082132_874232,of:000000000000000a:1 -> of:000000000000000d:6,0.001,0.00125,0.001,0.001,1.47,2026-06-18T08:21:32,0.001,1.47
route_mutation,20260618T082132_874232,of:000000000000000b:2 -> of:000000000000000c:2,0.001,0.00125,0.001,0.001,1.6,2026-06-18T08:21:32,0.001,1.6
route_mutation,20260618T082132_874232,of:0000000000000004:2 -> of:0000000000000009:2,0.002,0.0025,0.002,0.002,1.73,2026-06-18T08:21:32,0.002,1.67
route_mutation,20260618T082132_874232,of:0000000000000005:2 -> of:0000000000000009:3,0.002,0.0025,0.002,0.002,1.73,2026-06-18T08:21:32,0.002,1.67
route_mutation,20260618T082132_874232,of:000000000000000b:3 -> of:000000000000000d:2,0.001,0.00125,0.001,0.001,1.6,2026-06-18T08:21:32,0.001,1.6
route_mutation,20260618T082132_874232,of:0000000000000004:1 -> of:000000000000000c:4,0.002,0.0025,0.002,0.002,1.57,2026-06-18T08:21:32,0.001,1.43
route_mutation,20260618T082132_874232,of:000000000000000c:3 -> of:000000000000000d:3,0.001,0.00125,0.001,0.001,1.6,2026-06-18T08:21:32,0.001,1.6
route_mutation,20260618T082132_874232,of:0000000000000001:1 -> of:000000000000000b:1,0.003,0.00375,0.003,0.003,3.46,2026-06-18T08:21:32,0.003,3.33
route_mutation,20260618T082132_874232,of:0000000000000006:1 -> of:000000000000000d:4,0.002,0.0025,0.002,0.002,1.53,2026-06-18T08:21:32,0.001,1.4
route_mutation,20260618T082132_874232,of:0000000000000002:1 -> of:000000000000000b:4,0.002,0.0025,0.002,0.002,2.56,2026-06-18T08:21:32,0.002,2.43
route_mutation,20260618T082132_874232,of:0000000000000001:3 -> of:000000000000000d:1,0.002,0.0025,0.002,0.002,1.53,2026-06-18T08:21:32,0.001,1.4
route_mutation,20260618T082132_874232,of:0000000000000006:2 -> of:000000000000000a:2,0.002,0.0025,0.002,0.002,1.73,2026-06-18T08:21:32,0.002,1.67
route_mutation,20260618T082132_874232,of:0000000000000003:1 -> of:000000000000000b:5,0.002,0.0025,0.002,0.002,2.46,2026-06-18T08:21:32,0.002,2.33
route_mutation,20260618T082132_874232,of:0000000000000007:1 -> of:000000000000000d:5,0.002,0.0025,0.002,0.002,1.53,2026-06-18T08:21:32,0.001,1.4
route_mutation,20260618T082132_874232,of:0000000000000007:2 -> of:000000000000000a:3,0.002,0.0025,0.002,0.002,1.73,2026-06-18T08:21:32,0.002,1.67
route_mutation,20260618T082132_874232,of:0000000000000002:2 -> of:0000000000000008:2,0.002,0.0025,0.002,0.002,1.73,2026-06-18T08:21:32,0.002,1.67
route_mutation,20260618T082132_874232,of:0000000000000008:1 -> of:000000000000000b:6,0.001,0.00125,0.001,0.001,1.47,2026-06-18T08:21:32,0.001,1.47
route_mutation,20260618T082132_874232,of:0000000000000009:1 -> of:000000000000000c:6,0.001,0.00125,0.001,0.001,1.47,2026-06-18T08:21:32,0.001,1.47
route_mutation,20260618T082132_874232,of:0000000000000001:2 -> of:000000000000000c:1,0.002,0.0025,0.002,0.002,1.57,2026-06-18T08:21:32,0.001,1.43
route_mutation,20260618T082132_874232,of:0000000000000003:2 -> of:0000000000000008:3,0.002,0.0025,0.002,0.002,1.73,2026-06-18T08:21:32,0.002,1.67
ip_shuffle,20260618T082203_112221,of:0000000000000005:1 -> of:000000000000000c:5,0.002,0.0025,0.002,0.002,2.43,2026-06-18T08:22:03,0.002,2.53
ip_shuffle,20260618T082203_112221,of:000000000000000a:1 -> of:000000000000000d:6,0.002,0.0025,0.002,0.002,1.73,2026-06-18T08:22:03,0.002,1.73
ip_shuffle,20260618T082203_112221,of:000000000000000b:2 -> of:000000000000000c:2,0.002,0.0025,0.002,0.002,2.13,2026-06-18T08:22:03,0.002,2.13
ip_shuffle,20260618T082203_112221,of:0000000000000004:2 -> of:0000000000000009:2,0.002,0.0025,0.002,0.002,1.96,2026-06-18T08:22:03,0.002,2.1
ip_shuffle,20260618T082203_112221,of:0000000000000005:2 -> of:0000000000000009:3,0.002,0.0025,0.002,0.002,2.03,2026-06-18T08:22:03,0.002,2.1
ip_shuffle,20260618T082203_112221,of:000000000000000b:3 -> of:000000000000000d:2,0.002,0.0025,0.002,0.002,2.13,2026-06-18T08:22:03,0.002,2.13
ip_shuffle,20260618T082203_112221,of:0000000000000004:1 -> of:000000000000000c:4,0.002,0.0025,0.002,0.002,2.33,2026-06-18T08:22:03,0.002,2.5
ip_shuffle,20260618T082203_112221,of:000000000000000c:3 -> of:000000000000000d:3,0.002,0.0025,0.002,0.002,2.13,2026-06-18T08:22:03,0.002,2.13
ip_shuffle,20260618T082203_112221,of:0000000000000001:1 -> of:000000000000000b:1,0.002,0.0025,0.002,0.002,1.8,2026-06-18T08:22:03,0.002,1.8
ip_shuffle,20260618T082203_112221,of:0000000000000006:1 -> of:000000000000000d:4,0.002,0.0025,0.002,0.002,2.73,2026-06-18T08:22:03,0.002,2.83
ip_shuffle,20260618T082203_112221,of:0000000000000002:1 -> of:000000000000000b:4,0.002,0.0025,0.002,0.002,1.6,2026-06-18T08:22:03,0.002,1.73
ip_shuffle,20260618T082203_112221,of:0000000000000001:3 -> of:000000000000000d:1,0.003,0.00375,0.003,0.003,2.93,2026-06-18T08:22:03,0.003,3.06
ip_shuffle,20260618T082203_112221,of:0000000000000006:2 -> of:000000000000000a:2,0.002,0.0025,0.002,0.002,2.03,2026-06-18T08:22:03,0.002,2.1
ip_shuffle,20260618T082203_112221,of:0000000000000003:1 -> of:000000000000000b:5,0.002,0.0025,0.002,0.002,1.66,2026-06-18T08:22:03,0.002,1.83
ip_shuffle,20260618T082203_112221,of:0000000000000007:1 -> of:000000000000000d:5,0.002,0.0025,0.002,0.002,1.93,2026-06-18T08:22:03,0.002,1.96
ip_shuffle,20260618T082203_112221,of:0000000000000007:2 -> of:000000000000000a:3,0.002,0.0025,0.002,0.002,2.03,2026-06-18T08:22:03,0.002,2.1
ip_shuffle,20260618T082203_112221,of:0000000000000002:2 -> of:0000000000000008:2,0.002,0.0025,0.002,0.002,2.0,2026-06-18T08:22:03,0.002,2.06
ip_shuffle,20260618T082203_112221,of:0000000000000008:1 -> of:000000000000000b:6,0.002,0.0025,0.002,0.002,1.73,2026-06-18T08:22:03,0.002,1.73
ip_shuffle,20260618T082203_112221,of:0000000000000009:1 -> of:000000000000000c:6,0.002,0.0025,0.002,0.002,1.73,2026-06-18T08:22:03,0.002,1.73
ip_shuffle,20260618T082203_112221,of:0000000000000001:2 -> of:000000000000000c:1,0.003,0.00375,0.003,0.003,3.23,2026-06-18T08:22:03,0.003,3.23
ip_shuffle,20260618T082203_112221,of:0000000000000003:2 -> of:0000000000000008:3,0.002,0.0025,0.002,0.002,1.96,2026-06-18T08:22:03,0.002,2.1
ip_shuffle,20260618T082300_690360,of:0000000000000005:1 -> of:000000000000000c:5,0.002,0.0025,0.002,0.002,1.53,2026-06-18T08:23:00,0.001,1.4
ip_shuffle,20260618T082300_690360,of:000000000000000a:1 -> of:000000000000000d:6,0.001,0.00125,0.001,0.001,1.4,2026-06-18T08:23:00,0.001,1.4
ip_shuffle,20260618T082300_690360,of:000000000000000b:2 -> of:000000000000000c:2,0.001,0.00125,0.001,0.001,1.6,2026-06-18T08:23:00,0.001,1.6
ip_shuffle,20260618T082300_690360,of:0000000000000004:2 -> of:0000000000000009:2,0.002,0.0025,0.002,0.002,1.73,2026-06-18T08:23:00,0.002,1.67
ip_shuffle,20260618T082300_690360,of:0000000000000005:2 -> of:0000000000000009:3,0.002,0.0025,0.002,0.002,1.73,2026-06-18T08:23:00,0.002,1.67
ip_shuffle,20260618T082300_690360,of:000000000000000b:3 -> of:000000000000000d:2,0.001,0.00125,0.001,0.001,1.6,2026-06-18T08:23:00,0.001,1.6
ip_shuffle,20260618T082300_690360,of:0000000000000004:1 -> of:000000000000000c:4,0.002,0.0025,0.002,0.002,1.57,2026-06-18T08:23:00,0.001,1.43
ip_shuffle,20260618T082300_690360,of:000000000000000c:3 -> of:000000000000000d:3,0.001,0.00125,0.001,0.001,1.6,2026-06-18T08:23:00,0.001,1.6
ip_shuffle,20260618T082300_690360,of:0000000000000001:1 -> of:000000000000000b:1,0.003,0.00375,0.003,0.003,3.5,2026-06-18T08:23:00,0.003,3.36
ip_shuffle,20260618T082300_690360,of:0000000000000006:1 -> of:000000000000000d:4,0.002,0.0025,0.002,0.002,1.96,2026-06-18T08:23:00,0.002,1.83
ip_shuffle,20260618T082300_690360,of:0000000000000002:1 -> of:000000000000000b:4,0.002,0.0025,0.002,0.002,2.56,2026-06-18T08:23:00,0.002,2.43
ip_shuffle,20260618T082300_690360,of:0000000000000001:3 -> of:000000000000000d:1,0.002,0.0025,0.002,0.002,2.0,2026-06-18T08:23:00,0.002,1.86
ip_shuffle,20260618T082300_690360,of:0000000000000006:2 -> of:000000000000000a:2,0.002,0.0025,0.002,0.002,1.73,2026-06-18T08:23:00,0.001,1.6
ip_shuffle,20260618T082300_690360,of:0000000000000003:1 -> of:000000000000000b:5,0.002,0.0025,0.002,0.002,2.53,2026-06-18T08:23:00,0.002,2.4
ip_shuffle,20260618T082300_690360,of:0000000000000007:1 -> of:000000000000000d:5,0.002,0.0025,0.002,0.002,1.53,2026-06-18T08:23:00,0.001,1.4
ip_shuffle,20260618T082300_690360,of:0000000000000007:2 -> of:000000000000000a:3,0.002,0.0025,0.002,0.002,1.73,2026-06-18T08:23:00,0.001,1.6
ip_shuffle,20260618T082300_690360,of:0000000000000002:2 -> of:0000000000000008:2,0.002,0.0025,0.002,0.002,1.73,2026-06-18T08:23:00,0.002,1.67
ip_shuffle,20260618T082300_690360,of:0000000000000008:1 -> of:000000000000000b:6,0.001,0.00125,0.001,0.001,1.47,2026-06-18T08:23:00,0.001,1.47
ip_shuffle,20260618T082300_690360,of:0000000000000009:1 -> of:000000000000000c:6,0.001,0.00125,0.001,0.001,1.47,2026-06-18T08:23:00,0.001,1.47
ip_shuffle,20260618T082300_690360,of:0000000000000001:2 -> of:000000000000000c:1,0.002,0.0025,0.002,0.002,1.57,2026-06-18T08:23:00,0.001,1.43
ip_shuffle,20260618T082300_690360,of:0000000000000003:2 -> of:0000000000000008:3,0.002,0.0025,0.002,0.002,1.73,2026-06-18T08:23:00,0.002,1.67
ip_shuffle,20260618T082405_708199,of:0000000000000005:1 -> of:000000000000000c:5,0.002,0.0025,0.002,0.002,1.7,2026-06-18T08:24:05,0.002,1.79
ip_shuffle,20260618T082405_708199,of:000000000000000a:1 -> of:000000000000000d:6,0.002,0.0025,0.002,0.002,1.79,2026-06-18T08:24:05,0.002,1.79
ip_shuffle,20260618T082405_708199,of:000000000000000b:2 -> of:000000000000000c:2,0.002,0.0025,0.002,0.002,2.26,2026-06-18T08:24:05,0.002,2.26
ip_shuffle,20260618T082405_708199,of:0000000000000004:2 -> of:0000000000000009:2,0.002,0.0025,0.002,0.002,2.29,2026-06-18T08:24:05,0.002,2.36
ip_shuffle,20260618T082405_708199,of:0000000000000005:2 -> of:0000000000000009:3,0.002,0.0025,0.002,0.002,2.26,2026-06-18T08:24:05,0.002,2.33
ip_shuffle,20260618T082405_708199,of:000000000000000b:3 -> of:000000000000000d:2,0.002,0.0025,0.002,0.002,2.26,2026-06-18T08:24:05,0.002,2.26
ip_shuffle,20260618T082405_708199,of:0000000000000004:1 -> of:000000000000000c:4,0.002,0.0025,0.002,0.002,1.73,2026-06-18T08:24:05,0.002,1.79
ip_shuffle,20260618T082405_708199,of:000000000000000c:3 -> of:000000000000000d:3,0.002,0.0025,0.002,0.002,2.26,2026-06-18T08:24:05,0.002,2.26
ip_shuffle,20260618T082405_708199,of:0000000000000001:1 -> of:000000000000000b:1,0.002,0.0025,0.002,0.002,2.13,2026-06-18T08:24:05,0.002,2.26
ip_shuffle,20260618T082405_708199,of:0000000000000006:1 -> of:000000000000000d:4,0.002,0.0025,0.002,0.002,1.99,2026-06-18T08:24:05,0.002,2.09
ip_shuffle,20260618T082405_708199,of:0000000000000002:1 -> of:000000000000000b:4,0.002,0.0025,0.002,0.002,1.79,2026-06-18T08:24:05,0.002,1.79
ip_shuffle,20260618T082405_708199,of:0000000000000001:3 -> of:000000000000000d:1,0.003,0.00375,0.003,0.003,3.52,2026-06-18T08:24:05,0.003,3.49
ip_shuffle,20260618T082405_708199,of:0000000000000006:2 -> of:000000000000000a:2,0.002,0.0025,0.002,0.002,2.23,2026-06-18T08:24:05,0.002,2.29
ip_shuffle,20260618T082405_708199,of:0000000000000003:1 -> of:000000000000000b:5,0.002,0.0025,0.002,0.002,2.26,2026-06-18T08:24:05,0.002,2.19
ip_shuffle,20260618T082405_708199,of:0000000000000007:1 -> of:000000000000000d:5,0.003,0.00375,0.003,0.003,3.06,2026-06-18T08:24:05,0.003,3.09
ip_shuffle,20260618T082405_708199,of:0000000000000007:2 -> of:000000000000000a:3,0.002,0.0025,0.002,0.002,2.23,2026-06-18T08:24:05,0.002,2.29
ip_shuffle,20260618T082405_708199,of:0000000000000002:2 -> of:0000000000000008:2,0.002,0.0025,0.002,0.002,2.29,2026-06-18T08:24:05,0.002,2.29
ip_shuffle,20260618T082405_708199,of:0000000000000008:1 -> of:000000000000000b:6,0.002,0.0025,0.002,0.002,1.76,2026-06-18T08:24:05,0.002,1.73
ip_shuffle,20260618T082405_708199,of:0000000000000009:1 -> of:000000000000000c:6,0.002,0.0025,0.002,0.002,1.83,2026-06-18T08:24:05,0.002,1.79
ip_shuffle,20260618T082405_708199,of:0000000000000001:2 -> of:000000000000000c:1,0.002,0.0025,0.002,0.002,1.73,2026-06-18T08:24:05,0.002,1.86
ip_shuffle,20260618T082405_708199,of:0000000000000003:2 -> of:0000000000000008:3,0.002,0.0025,0.002,0.002,2.36,2026-06-18T08:24:05,0.002,2.29
route_mutation,20260618T082503_301540,of:0000000000000005:1 -> of:000000000000000c:5,0.002,0.0025,0.002,0.002,2.4,2026-06-18T08:25:03,0.002,2.4
route_mutation,20260618T082503_301540,of:000000000000000a:1 -> of:000000000000000d:6,0.002,0.0025,0.002,0.002,1.6,2026-06-18T08:25:03,0.002,1.56
route_mutation,20260618T082503_301540,of:000000000000000b:2 -> of:000000000000000c:2,0.002,0.0025,0.002,0.002,1.86,2026-06-18T08:25:03,0.002,1.86
route_mutation,20260618T082503_301540,of:0000000000000004:2 -> of:0000000000000009:2,0.002,0.0025,0.002,0.002,1.8,2026-06-18T08:25:03,0.002,1.86
route_mutation,20260618T082503_301540,of:0000000000000005:2 -> of:0000000000000009:3,0.002,0.0025,0.002,0.002,1.8,2026-06-18T08:25:03,0.002,1.86
route_mutation,20260618T082503_301540,of:000000000000000b:3 -> of:000000000000000d:2,0.002,0.0025,0.002,0.002,1.86,2026-06-18T08:25:03,0.002,1.83
route_mutation,20260618T082503_301540,of:0000000000000004:1 -> of:000000000000000c:4,0.002,0.0025,0.002,0.002,2.4,2026-06-18T08:25:03,0.002,2.4
route_mutation,20260618T082503_301540,of:000000000000000c:3 -> of:000000000000000d:3,0.002,0.0025,0.002,0.002,1.83,2026-06-18T08:25:03,0.002,1.83
route_mutation,20260618T082503_301540,of:0000000000000001:1 -> of:000000000000000b:1,0.003,0.00375,0.003,0.003,3.1,2026-06-18T08:25:03,0.003,3.13
route_mutation,20260618T082503_301540,of:0000000000000006:1 -> of:000000000000000d:4,0.002,0.0025,0.002,0.002,1.83,2026-06-18T08:25:03,0.002,1.86
route_mutation,20260618T082503_301540,of:0000000000000002:1 -> of:000000000000000b:4,0.002,0.0025,0.002,0.002,2.03,2026-06-18T08:25:03,0.002,2.1
route_mutation,20260618T082503_301540,of:0000000000000001:3 -> of:000000000000000d:1,0.002,0.0025,0.002,0.002,2.33,2026-06-18T08:25:03,0.002,2.36
route_mutation,20260618T082503_301540,of:0000000000000006:2 -> of:000000000000000a:2,0.002,0.0025,0.002,0.002,1.8,2026-06-18T08:25:03,0.002,1.86
route_mutation,20260618T082503_301540,of:0000000000000003:1 -> of:000000000000000b:5,0.002,0.0025,0.002,0.002,2.5,2026-06-18T08:25:03,0.002,2.63
route_mutation,20260618T082503_301540,of:0000000000000007:1 -> of:000000000000000d:5,0.002,0.0025,0.002,0.002,2.13,2026-06-18T08:25:03,0.002,2.23
route_mutation,20260618T082503_301540,of:0000000000000007:2 -> of:000000000000000a:3,0.002,0.0025,0.002,0.002,1.8,2026-06-18T08:25:03,0.002,1.86
route_mutation,20260618T082503_301540,of:0000000000000002:2 -> of:0000000000000008:2,0.002,0.0025,0.002,0.002,1.8,2026-06-18T08:25:03,0.002,1.86
route_mutation,20260618T082503_301540,of:0000000000000008:1 -> of:000000000000000b:6,0.002,0.0025,0.002,0.002,1.6,2026-06-18T08:25:03,0.002,1.6
route_mutation,20260618T082503_301540,of:0000000000000009:1 -> of:000000000000000c:6,0.002,0.0025,0.002,0.002,1.6,2026-06-18T08:25:03,0.002,1.6
route_mutation,20260618T082503_301540,of:0000000000000001:2 -> of:000000000000000c:1,0.003,0.00375,0.003,0.003,3.13,2026-06-18T08:25:03,0.003,3.2
route_mutation,20260618T082503_301540,of:0000000000000003:2 -> of:0000000000000008:3,0.002,0.0025,0.002,0.002,1.73,2026-06-18T08:25:03,0.002,1.86
route_mutation,20260618T082533_570721,of:0000000000000005:1 -> of:000000000000000c:5,0.002,0.0025,0.002,0.002,1.8,2026-06-18T08:25:33,0.002,1.93
route_mutation,20260618T082533_570721,of:000000000000000a:1 -> of:000000000000000d:6,0.002,0.0025,0.002,0.002,1.93,2026-06-18T08:25:33,0.002,1.9
route_mutation,20260618T082533_570721,of:000000000000000b:2 -> of:000000000000000c:2,0.002,0.0025,0.002,0.002,2.53,2026-06-18T08:25:33,0.002,2.53
route_mutation,20260618T082533_570721,of:0000000000000004:2 -> of:0000000000000009:2,0.002,0.0025,0.002,0.002,2.46,2026-06-18T08:25:33,0.002,2.53
route_mutation,20260618T082533_570721,of:0000000000000005:2 -> of:0000000000000009:3,0.002,0.0025,0.002,0.002,2.46,2026-06-18T08:25:33,0.002,2.53
route_mutation,20260618T082533_570721,of:000000000000000b:3 -> of:000000000000000d:2,0.002,0.0025,0.002,0.002,2.5,2026-06-18T08:25:33,0.002,2.5
route_mutation,20260618T082533_570721,of:0000000000000004:1 -> of:000000000000000c:4,0.002,0.0025,0.002,0.002,1.8,2026-06-18T08:25:33,0.002,1.93
route_mutation,20260618T082533_570721,of:000000000000000c:3 -> of:000000000000000d:3,0.002,0.0025,0.002,0.002,2.5,2026-06-18T08:25:33,0.002,2.5
route_mutation,20260618T082533_570721,of:0000000000000001:1 -> of:000000000000000b:1,0.002,0.0025,0.002,0.002,1.86,2026-06-18T08:25:33,0.002,1.93
route_mutation,20260618T082533_570721,of:0000000000000006:1 -> of:000000000000000d:4,0.002,0.0025,0.002,0.002,2.7,2026-06-18T08:25:33,0.002,2.76
route_mutation,20260618T082533_570721,of:0000000000000002:1 -> of:000000000000000b:4,0.002,0.0025,0.002,0.002,1.86,2026-06-18T08:25:33,0.002,1.93
route_mutation,20260618T082533_570721,of:0000000000000001:3 -> of:000000000000000d:1,0.003,0.00375,0.003,0.003,3.96,2026-06-18T08:25:33,0.003,4.03
route_mutation,20260618T082533_570721,of:0000000000000006:2 -> of:000000000000000a:2,0.002,0.0025,0.002,0.002,2.46,2026-06-18T08:25:33,0.002,2.53
route_mutation,20260618T082533_570721,of:0000000000000003:1 -> of:000000000000000b:5,0.002,0.0025,0.002,0.002,1.93,2026-06-18T08:25:33,0.002,1.93
route_mutation,20260618T082533_570721,of:0000000000000007:1 -> of:000000000000000d:5,0.003,0.00375,0.003,0.003,3.06,2026-06-18T08:25:33,0.003,3.1
route_mutation,20260618T082533_570721,of:0000000000000007:2 -> of:000000000000000a:3,0.002,0.0025,0.002,0.002,2.46,2026-06-18T08:25:33,0.002,2.53
route_mutation,20260618T082533_570721,of:0000000000000002:2 -> of:0000000000000008:2,0.002,0.0025,0.002,0.002,2.46,2026-06-18T08:25:33,0.002,2.53
route_mutation,20260618T082533_570721,of:0000000000000008:1 -> of:000000000000000b:6,0.002,0.0025,0.002,0.002,1.93,2026-06-18T08:25:33,0.002,1.93
route_mutation,20260618T082533_570721,of:0000000000000009:1 -> of:000000000000000c:6,0.002,0.0025,0.002,0.002,1.93,2026-06-18T08:25:33,0.002,1.93
route_mutation,20260618T082533_570721,of:0000000000000001:2 -> of:000000000000000c:1,0.002,0.0025,0.002,0.002,1.86,2026-06-18T08:25:33,0.002,1.93
route_mutation,20260618T082533_570721,of:0000000000000003:2 -> of:0000000000000008:3,0.002,0.0025,0.002,0.002,2.53,2026-06-18T08:25:33,0.002,2.53
route_mutation,20260618T082603_796613,of:0000000000000005:1 -> of:000000000000000c:5,0.001,0.00125,0.001,0.001,1.33,2026-06-18T08:26:03,0.001,1.23
route_mutation,20260618T082603_796613,of:000000000000000a:1 -> of:000000000000000d:6,0.001,0.00125,0.001,0.001,1.23,2026-06-18T08:26:03,0.001,1.23
route_mutation,20260618T082603_796613,of:000000000000000b:2 -> of:000000000000000c:2,0.001,0.00125,0.001,0.001,1.27,2026-06-18T08:26:03,0.001,1.27
route_mutation,20260618T082603_796613,of:0000000000000004:2 -> of:0000000000000009:2,0.001,0.00125,0.001,0.001,1.37,2026-06-18T08:26:03,0.001,1.23
route_mutation,20260618T082603_796613,of:0000000000000005:2 -> of:0000000000000009:3,0.001,0.00125,0.001,0.001,1.37,2026-06-18T08:26:03,0.001,1.23
route_mutation,20260618T082603_796613,of:000000000000000b:3 -> of:000000000000000d:2,0.001,0.00125,0.001,0.001,1.27,2026-06-18T08:26:03,0.001,1.27
route_mutation,20260618T082603_796613,of:0000000000000004:1 -> of:000000000000000c:4,0.001,0.00125,0.001,0.001,1.33,2026-06-18T08:26:03,0.001,1.23
route_mutation,20260618T082603_796613,of:000000000000000c:3 -> of:000000000000000d:3,0.001,0.00125,0.001,0.001,1.27,2026-06-18T08:26:03,0.001,1.27
route_mutation,20260618T082603_796613,of:0000000000000001:1 -> of:000000000000000b:1,0.002,0.0025,0.002,0.002,1.93,2026-06-18T08:26:03,0.002,1.8
route_mutation,20260618T082603_796613,of:0000000000000006:1 -> of:000000000000000d:4,0.001,0.00125,0.001,0.001,1.33,2026-06-18T08:26:03,0.001,1.23
route_mutation,20260618T082603_796613,of:0000000000000002:1 -> of:000000000000000b:4,0.002,0.0025,0.002,0.002,1.96,2026-06-18T08:26:03,0.002,1.83
route_mutation,20260618T082603_796613,of:0000000000000001:3 -> of:000000000000000d:1,0.001,0.00125,0.001,0.001,1.37,2026-06-18T08:26:03,0.001,1.2
route_mutation,20260618T082603_796613,of:0000000000000006:2 -> of:000000000000000a:2,0.001,0.00125,0.001,0.001,1.37,2026-06-18T08:26:03,0.001,1.23
route_mutation,20260618T082603_796613,of:0000000000000003:1 -> of:000000000000000b:5,0.001,0.00125,0.001,0.001,1.33,2026-06-18T08:26:03,0.001,1.23
route_mutation,20260618T082603_796613,of:0000000000000007:1 -> of:000000000000000d:5,0.001,0.00125,0.001,0.001,1.33,2026-06-18T08:26:03,0.001,1.23
route_mutation,20260618T082603_796613,of:0000000000000007:2 -> of:000000000000000a:3,0.001,0.00125,0.001,0.001,1.37,2026-06-18T08:26:03,0.001,1.23
route_mutation,20260618T082603_796613,of:0000000000000002:2 -> of:0000000000000008:2,0.001,0.00125,0.001,0.001,1.37,2026-06-18T08:26:03,0.001,1.23
route_mutation,20260618T082603_796613,of:0000000000000008:1 -> of:000000000000000b:6,0.001,0.00125,0.001,0.001,1.23,2026-06-18T08:26:03,0.001,1.23
route_mutation,20260618T082603_796613,of:0000000000000009:1 -> of:000000000000000c:6,0.001,0.00125,0.001,0.001,1.23,2026-06-18T08:26:03,0.001,1.23
route_mutation,20260618T082603_796613,of:0000000000000001:2 -> of:000000000000000c:1,0.001,0.00125,0.001,0.001,1.37,2026-06-18T08:26:03,0.001,1.2
route_mutation,20260618T082603_796613,of:0000000000000003:2 -> of:0000000000000008:3,0.001,0.00125,0.001,0.001,1.37,2026-06-18T08:26:03,0.001,1.23
ip_shuffle,20260618T082634_043994,of:0000000000000005:1 -> of:000000000000000c:5,0.002,0.0025,0.002,0.002,2.33,2026-06-18T08:26:34,0.002,2.33
ip_shuffle,20260618T082634_043994,of:000000000000000a:1 -> of:000000000000000d:6,0.002,0.0025,0.002,0.002,1.53,2026-06-18T08:26:34,0.002,1.53
ip_shuffle,20260618T082634_043994,of:000000000000000b:2 -> of:000000000000000c:2,0.002,0.0025,0.002,0.002,1.73,2026-06-18T08:26:34,0.002,1.73
ip_shuffle,20260618T082634_043994,of:0000000000000004:2 -> of:0000000000000009:2,0.002,0.0025,0.002,0.002,1.63,2026-06-18T08:26:34,0.002,1.7
ip_shuffle,20260618T082634_043994,of:0000000000000005:2 -> of:0000000000000009:3,0.002,0.0025,0.002,0.002,1.63,2026-06-18T08:26:34,0.002,1.7
ip_shuffle,20260618T082634_043994,of:000000000000000b:3 -> of:000000000000000d:2,0.002,0.0025,0.002,0.002,1.73,2026-06-18T08:26:34,0.002,1.73
ip_shuffle,20260618T082634_043994,of:0000000000000004:1 -> of:000000000000000c:4,0.002,0.0025,0.002,0.002,2.33,2026-06-18T08:26:34,0.002,2.33
ip_shuffle,20260618T082634_043994,of:000000000000000c:3 -> of:000000000000000d:3,0.002,0.0025,0.002,0.002,1.73,2026-06-18T08:26:34,0.002,1.73
ip_shuffle,20260618T082634_043994,of:0000000000000001:1 -> of:000000000000000b:1,0.003,0.00375,0.003,0.003,2.96,2026-06-18T08:26:34,0.003,3.0
ip_shuffle,20260618T082634_043994,of:0000000000000006:1 -> of:000000000000000d:4,0.002,0.0025,0.002,0.002,1.73,2026-06-18T08:26:34,0.002,1.76
ip_shuffle,20260618T082634_043994,of:0000000000000002:1 -> of:000000000000000b:4,0.002,0.0025,0.002,0.002,1.86,2026-06-18T08:26:34,0.002,1.96
ip_shuffle,20260618T082634_043994,of:0000000000000001:3 -> of:000000000000000d:1,0.002,0.0025,0.002,0.002,1.63,2026-06-18T08:26:34,0.002,1.73
ip_shuffle,20260618T082634_043994,of:0000000000000006:2 -> of:000000000000000a:2,0.002,0.0025,0.002,0.002,1.66,2026-06-18T08:26:34,0.002,1.73
ip_shuffle,20260618T082634_043994,of:0000000000000003:1 -> of:000000000000000b:5,0.002,0.0025,0.002,0.002,2.5,2026-06-18T08:26:34,0.002,2.56
ip_shuffle,20260618T082634_043994,of:0000000000000007:1 -> of:000000000000000d:5,0.002,0.0025,0.002,0.001,1.47,2026-06-18T08:26:34,0.002,1.53
ip_shuffle,20260618T082634_043994,of:0000000000000007:2 -> of:000000000000000a:3,0.002,0.0025,0.002,0.002,1.66,2026-06-18T08:26:34,0.002,1.73
ip_shuffle,20260618T082634_043994,of:0000000000000002:2 -> of:0000000000000008:2,0.002,0.0025,0.002,0.002,1.63,2026-06-18T08:26:34,0.002,1.7
ip_shuffle,20260618T082634_043994,of:0000000000000008:1 -> of:000000000000000b:6,0.002,0.0025,0.002,0.002,1.5,2026-06-18T08:26:34,0.002,1.53
ip_shuffle,20260618T082634_043994,of:0000000000000009:1 -> of:000000000000000c:6,0.002,0.0025,0.002,0.002,1.5,2026-06-18T08:26:34,0.002,1.53
ip_shuffle,20260618T082634_043994,of:0000000000000001:2 -> of:000000000000000c:1,0.003,0.00375,0.003,0.003,3.06,2026-06-18T08:26:34,0.003,3.13
ip_shuffle,20260618T082634_043994,of:0000000000000003:2 -> of:0000000000000008:3,0.002,0.0025,0.002,0.001,1.57,2026-06-18T08:26:34,0.002,1.7
ip_shuffle,20260618T082731_724378,of:0000000000000005:1 -> of:000000000000000c:5,0.001,0.00125,0.001,0.001,1.37,2026-06-18T08:27:31,0.001,1.27
ip_shuffle,20260618T082731_724378,of:000000000000000a:1 -> of:000000000000000d:6,0.001,0.00125,0.001,0.001,1.2,2026-06-18T08:27:31,0.001,1.2
ip_shuffle,20260618T082731_724378,of:000000000000000b:2 -> of:000000000000000c:2,0.001,0.00125,0.001,0.001,1.2,2026-06-18T08:27:31,0.001,1.2
ip_shuffle,20260618T082731_724378,of:0000000000000004:2 -> of:0000000000000009:2,0.001,0.00125,0.001,0.001,1.37,2026-06-18T08:27:31,0.001,1.23
ip_shuffle,20260618T082731_724378,of:0000000000000005:2 -> of:0000000000000009:3,0.001,0.00125,0.001,0.001,1.37,2026-06-18T08:27:31,0.001,1.3
ip_shuffle,20260618T082731_724378,of:000000000000000b:3 -> of:000000000000000d:2,0.001,0.00125,0.001,0.001,1.2,2026-06-18T08:27:31,0.001,1.2
ip_shuffle,20260618T082731_724378,of:0000000000000004:1 -> of:000000000000000c:4,0.001,0.00125,0.001,0.001,1.37,2026-06-18T08:27:31,0.001,1.2
ip_shuffle,20260618T082731_724378,of:000000000000000c:3 -> of:000000000000000d:3,0.001,0.00125,0.001,0.001,1.2,2026-06-18T08:27:31,0.001,1.2
ip_shuffle,20260618T082731_724378,of:0000000000000001:1 -> of:000000000000000b:1,0.001,0.00125,0.001,0.001,1.33,2026-06-18T08:27:31,0.001,1.3
ip_shuffle,20260618T082731_724378,of:0000000000000006:1 -> of:000000000000000d:4,0.002,0.0025,0.002,0.002,1.83,2026-06-18T08:27:31,0.002,1.7
ip_shuffle,20260618T082731_724378,of:0000000000000002:1 -> of:000000000000000b:4,0.002,0.0025,0.002,0.002,1.43,2026-06-18T08:27:31,0.001,1.27
ip_shuffle,20260618T082731_724378,of:0000000000000001:3 -> of:000000000000000d:1,0.002,0.0025,0.002,0.002,2.16,2026-06-18T08:27:31,0.002,1.96
ip_shuffle,20260618T082731_724378,of:0000000000000006:2 -> of:000000000000000a:2,0.001,0.00125,0.001,0.001,1.33,2026-06-18T08:27:31,0.001,1.2
ip_shuffle,20260618T082731_724378,of:0000000000000003:1 -> of:000000000000000b:5,0.002,0.0025,0.002,0.002,1.43,2026-06-18T08:27:31,0.001,1.2
ip_shuffle,20260618T082731_724378,of:0000000000000007:1 -> of:000000000000000d:5,0.002,0.0025,0.002,0.002,1.53,2026-06-18T08:27:31,0.002,1.53
ip_shuffle,20260618T082731_724378,of:0000000000000007:2 -> of:000000000000000a:3,0.001,0.00125,0.001,0.001,1.33,2026-06-18T08:27:31,0.001,1.27
ip_shuffle,20260618T082731_724378,of:0000000000000002:2 -> of:0000000000000008:2,0.002,0.0025,0.002,0.002,1.43,2026-06-18T08:27:31,0.001,1.37
ip_shuffle,20260618T082731_724378,of:0000000000000008:1 -> of:000000000000000b:6,0.001,0.00125,0.001,0.001,1.2,2026-06-18T08:27:31,0.001,1.2
ip_shuffle,20260618T082731_724378,of:0000000000000009:1 -> of:000000000000000c:6,0.001,0.00125,0.001,0.001,1.2,2026-06-18T08:27:31,0.001,1.2
ip_shuffle,20260618T082731_724378,of:0000000000000001:2 -> of:000000000000000c:1,0.001,0.00125,0.001,0.001,1.33,2026-06-18T08:27:31,0.001,1.3
ip_shuffle,20260618T082731_724378,of:0000000000000003:2 -> of:0000000000000008:3,0.002,0.0025,0.002,0.002,1.43,2026-06-18T08:27:31,0.001,1.3
route_mutation,20260618T082836_662767,of:0000000000000005:1 -> of:000000000000000c:5,0.002,0.0025,0.002,0.002,2.46,2026-06-18T08:28:36,0.002,2.63
route_mutation,20260618T082836_662767,of:000000000000000a:1 -> of:000000000000000d:6,0.002,0.0025,0.002,0.002,2.06,2026-06-18T08:28:36,0.002,2.1
route_mutation,20260618T082836_662767,of:000000000000000b:2 -> of:000000000000000c:2,0.002,0.0025,0.002,0.002,2.73,2026-06-18T08:28:36,0.002,2.73
route_mutation,20260618T082836_662767,of:0000000000000004:2 -> of:0000000000000009:2,0.002,0.0025,0.002,0.002,2.63,2026-06-18T08:28:36,0.002,2.7
route_mutation,20260618T082836_662767,of:0000000000000005:2 -> of:0000000000000009:3,0.002,0.0025,0.002,0.002,2.63,2026-06-18T08:28:36,0.002,2.7
route_mutation,20260618T082836_662767,of:000000000000000b:3 -> of:000000000000000d:2,0.002,0.0025,0.002,0.002,2.76,2026-06-18T08:28:36,0.002,2.76
route_mutation,20260618T082836_662767,of:0000000000000004:1 -> of:000000000000000c:4,0.002,0.0025,0.002,0.002,1.9,2026-06-18T08:28:36,0.002,2.06
route_mutation,20260618T082836_662767,of:000000000000000c:3 -> of:000000000000000d:3,0.002,0.0025,0.002,0.002,2.76,2026-06-18T08:28:36,0.002,2.76
route_mutation,20260618T082836_662767,of:0000000000000001:1 -> of:000000000000000b:1,0.002,0.0025,0.002,0.002,2.4,2026-06-18T08:28:36,0.002,2.4
route_mutation,20260618T082836_662767,of:0000000000000006:1 -> of:000000000000000d:4,0.003,0.00375,0.003,0.003,3.23,2026-06-18T08:28:36,0.003,3.46
route_mutation,20260618T082836_662767,of:0000000000000002:1 -> of:000000000000000b:4,0.002,0.0025,0.002,0.002,2.33,2026-06-18T08:28:36,0.002,2.43
route_mutation,20260618T082836_662767,of:0000000000000001:3 -> of:000000000000000d:1,0.004,0.005,0.004,0.004,4.29,2026-06-18T08:28:36,0.004,4.33
route_mutation,20260618T082836_662767,of:0000000000000006:2 -> of:000000000000000a:2,0.002,0.0025,0.002,0.002,2.66,2026-06-18T08:28:36,0.002,2.73
route_mutation,20260618T082836_662767,of:0000000000000003:1 -> of:000000000000000b:5,0.002,0.0025,0.002,0.002,1.86,2026-06-18T08:28:36,0.002,2.03
route_mutation,20260618T082836_662767,of:0000000000000007:1 -> of:000000000000000d:5,0.003,0.00375,0.003,0.002,2.96,2026-06-18T08:28:36,0.003,3.06
route_mutation,20260618T082836_662767,of:0000000000000007:2 -> of:000000000000000a:3,0.002,0.0025,0.002,0.002,2.66,2026-06-18T08:28:36,0.002,2.73
route_mutation,20260618T082836_662767,of:0000000000000002:2 -> of:0000000000000008:2,0.002,0.0025,0.002,0.002,2.63,2026-06-18T08:28:36,0.002,2.7
route_mutation,20260618T082836_662767,of:0000000000000008:1 -> of:000000000000000b:6,0.002,0.0025,0.002,0.002,2.03,2026-06-18T08:28:36,0.002,2.03
route_mutation,20260618T082836_662767,of:0000000000000009:1 -> of:000000000000000c:6,0.002,0.0025,0.002,0.002,2.03,2026-06-18T08:28:36,0.002,2.03
route_mutation,20260618T082836_662767,of:0000000000000001:2 -> of:000000000000000c:1,0.002,0.0025,0.002,0.002,2.56,2026-06-18T08:28:36,0.002,2.6
route_mutation,20260618T082836_662767,of:0000000000000003:2 -> of:0000000000000008:3,0.002,0.0025,0.002,0.002,2.66,2026-06-18T08:28:36,0.002,2.73
route_mutation,20260618T082906_942532,of:0000000000000005:1 -> of:000000000000000c:5,0.002,0.0025,0.002,0.002,1.56,2026-06-18T08:29:06,0.002,1.5
route_mutation,20260618T082906_942532,of:000000000000000a:1 -> of:000000000000000d:6,0.002,0.0025,0.002,0.002,1.53,2026-06-18T08:29:06,0.002,1.53
route_mutation,20260618T082906_942532,of:000000000000000b:2 -> of:000000000000000c:2,0.002,0.0025,0.002,0.002,1.73,2026-06-18T08:29:06,0.002,1.73
route_mutation,20260618T082906_942532,of:0000000000000004:2 -> of:0000000000000009:2,0.002,0.0025,0.002,0.002,1.66,2026-06-18T08:29:06,0.002,1.73
route_mutation,20260618T082906_942532,of:0000000000000005:2 -> of:0000000000000009:3,0.002,0.0025,0.002,0.002,1.66,2026-06-18T08:29:06,0.002,1.66
route_mutation,20260618T082906_942532,of:000000000000000b:3 -> of:000000000000000d:2,0.002,0.0025,0.002,0.002,1.73,2026-06-18T08:29:06,0.002,1.73
route_mutation,20260618T082906_942532,of:0000000000000004:1 -> of:000000000000000c:4,0.002,0.0025,0.002,0.002,2.26,2026-06-18T08:29:06,0.002,2.26
route_mutation,20260618T082906_942532,of:000000000000000c:3 -> of:000000000000000d:3,0.002,0.0025,0.002,0.002,1.73,2026-06-18T08:29:06,0.002,1.73
route_mutation,20260618T082906_942532,of:0000000000000001:1 -> of:000000000000000b:1,0.003,0.00375,0.003,0.003,3.53,2026-06-18T08:29:06,0.003,3.53
route_mutation,20260618T082906_942532,of:0000000000000006:1 -> of:000000000000000d:4,0.002,0.0025,0.002,0.002,1.53,2026-06-18T08:29:06,0.002,1.53
route_mutation,20260618T082906_942532,of:0000000000000002:1 -> of:000000000000000b:4,0.002,0.0025,0.002,0.002,2.5,2026-06-18T08:29:06,0.002,2.5
route_mutation,20260618T082906_942532,of:0000000000000001:3 -> of:000000000000000d:1,0.001,0.00125,0.001,0.001,1.46,2026-06-18T08:29:06,0.001,1.46
route_mutation,20260618T082906_942532,of:0000000000000006:2 -> of:000000000000000a:2,0.002,0.0025,0.002,0.002,1.66,2026-06-18T08:29:06,0.002,1.73
route_mutation,20260618T082906_942532,of:0000000000000003:1 -> of:000000000000000b:5,0.002,0.0025,0.002,0.002,2.56,2026-06-18T08:29:06,0.002,2.56
route_mutation,20260618T082906_942532,of:0000000000000007:1 -> of:000000000000000d:5,0.002,0.0025,0.002,0.002,1.53,2026-06-18T08:29:06,0.001,1.46
route_mutation,20260618T082906_942532,of:0000000000000007:2 -> of:000000000000000a:3,0.002,0.0025,0.002,0.002,1.66,2026-06-18T08:29:06,0.002,1.66
route_mutation,20260618T082906_942532,of:0000000000000002:2 -> of:0000000000000008:2,0.002,0.0025,0.002,0.002,1.66,2026-06-18T08:29:06,0.002,1.66
route_mutation,20260618T082906_942532,of:0000000000000008:1 -> of:000000000000000b:6,0.002,0.0025,0.002,0.002,1.53,2026-06-18T08:29:06,0.002,1.53
route_mutation,20260618T082906_942532,of:0000000000000009:1 -> of:000000000000000c:6,0.002,0.0025,0.002,0.002,1.53,2026-06-18T08:29:06,0.002,1.53
route_mutation,20260618T082906_942532,of:0000000000000001:2 -> of:000000000000000c:1,0.002,0.0025,0.002,0.002,2.2,2026-06-18T08:29:06,0.002,2.2
route_mutation,20260618T082906_942532,of:0000000000000003:2 -> of:0000000000000008:3,0.002,0.0025,0.002,0.002,1.66,2026-06-18T08:29:06,0.002,1.73
route_mutation,20260618T082937_189131,of:0000000000000005:1 -> of:000000000000000c:5,0.002,0.0025,0.002,0.002,2.53,2026-06-18T08:29:37,0.002,2.7
route_mutation,20260618T082937_189131,of:000000000000000a:1 -> of:000000000000000d:6,0.002,0.0025,0.002,0.002,1.93,2026-06-18T08:29:37,0.002,1.96
route_mutation,20260618T082937_189131,of:000000000000000b:2 -> of:000000000000000c:2,0.002,0.0025,0.002,0.002,2.53,2026-06-18T08:29:37,0.002,2.53
route_mutation,20260618T082937_189131,of:0000000000000004:2 -> of:0000000000000009:2,0.002,0.0025,0.002,0.002,2.43,2026-06-18T08:29:37,0.002,2.5
route_mutation,20260618T082937_189131,of:0000000000000005:2 -> of:0000000000000009:3,0.002,0.0025,0.002,0.002,2.43,2026-06-18T08:29:37,0.002,2.5
route_mutation,20260618T082937_189131,of:000000000000000b:3 -> of:000000000000000d:2,0.002,0.0025,0.002,0.002,2.56,2026-06-18T08:29:37,0.002,2.56
route_mutation,20260618T082937_189131,of:0000000000000004:1 -> of:000000000000000c:4,0.002,0.0025,0.002,0.002,1.83,2026-06-18T08:29:37,0.002,2.0
route_mutation,20260618T082937_189131,of:000000000000000c:3 -> of:000000000000000d:3,0.002,0.0025,0.002,0.002,2.56,2026-06-18T08:29:37,0.002,2.56
route_mutation,20260618T082937_189131,of:0000000000000001:1 -> of:000000000000000b:1,0.002,0.0025,0.002,0.002,1.86,2026-06-18T08:29:37,0.002,1.86
route_mutation,20260618T082937_189131,of:0000000000000006:1 -> of:000000000000000d:4,0.003,0.00375,0.003,0.002,2.86,2026-06-18T08:29:37,0.003,3.06
route_mutation,20260618T082937_189131,of:0000000000000002:1 -> of:000000000000000b:4,0.002,0.0025,0.002,0.002,1.83,2026-06-18T08:29:37,0.002,1.93
route_mutation,20260618T082937_189131,of:0000000000000001:3 -> of:000000000000000d:1,0.003,0.00375,0.003,0.003,3.63,2026-06-18T08:29:37,0.003,3.8
route_mutation,20260618T082937_189131,of:0000000000000006:2 -> of:000000000000000a:2,0.002,0.0025,0.002,0.002,2.43,2026-06-18T08:29:37,0.002,2.5
route_mutation,20260618T082937_189131,of:0000000000000003:1 -> of:000000000000000b:5,0.002,0.0025,0.002,0.002,1.76,2026-06-18T08:29:37,0.002,1.93
route_mutation,20260618T082937_189131,of:0000000000000007:1 -> of:000000000000000d:5,0.002,0.0025,0.002,0.002,2.66,2026-06-18T08:29:37,0.002,2.66
route_mutation,20260618T082937_189131,of:0000000000000007:2 -> of:000000000000000a:3,0.002,0.0025,0.002,0.002,2.53,2026-06-18T08:29:37,0.002,2.53
route_mutation,20260618T082937_189131,of:0000000000000002:2 -> of:0000000000000008:2,0.002,0.0025,0.002,0.002,2.43,2026-06-18T08:29:37,0.002,2.5
route_mutation,20260618T082937_189131,of:0000000000000008:1 -> of:000000000000000b:6,0.002,0.0025,0.002,0.002,1.93,2026-06-18T08:29:37,0.002,1.93
route_mutation,20260618T082937_189131,of:0000000000000009:1 -> of:000000000000000c:6,0.002,0.0025,0.002,0.002,1.93,2026-06-18T08:29:37,0.002,1.93
route_mutation,20260618T082937_189131,of:0000000000000001:2 -> of:000000000000000c:1,0.002,0.0025,0.002,0.002,2.8,2026-06-18T08:29:37,0.002,2.73
route_mutation,20260618T082937_189131,of:0000000000000003:2 -> of:0000000000000008:3,0.002,0.0025,0.002,0.002,2.43,2026-06-18T08:29:37,0.002,2.5
route_mutation,20260618T083007_358717,of:0000000000000005:1 -> of:000000000000000c:5,0.002,0.0025,0.002,0.002,1.47,2026-06-18T08:30:07,0.001,1.37
route_mutation,20260618T083007_358717,of:000000000000000a:1 -> of:000000000000000d:6,0.001,0.00125,0.001,0.001,1.37,2026-06-18T08:30:07,0.001,1.33
route_mutation,20260618T083007_358717,of:000000000000000b:2 -> of:000000000000000c:2,0.001,0.00125,0.001,0.001,1.4,2026-06-18T08:30:07,0.001,1.4
route_mutation,20260618T083007_358717,of:0000000000000004:2 -> of:0000000000000009:2,0.002,0.0025,0.002,0.002,1.56,2026-06-18T08:30:07,0.001,1.5
route_mutation,20260618T083007_358717,of:0000000000000005:2 -> of:0000000000000009:3,0.002,0.0025,0.002,0.002,1.56,2026-06-18T08:30:07,0.001,1.5
route_mutation,20260618T083007_358717,of:000000000000000b:3 -> of:000000000000000d:2,0.001,0.00125,0.001,0.001,1.43,2026-06-18T08:30:07,0.001,1.43
route_mutation,20260618T083007_358717,of:0000000000000004:1 -> of:000000000000000c:4,0.002,0.0025,0.002,0.002,1.47,2026-06-18T08:30:07,0.001,1.37
route_mutation,20260618T083007_358717,of:000000000000000c:3 -> of:000000000000000d:3,0.001,0.00125,0.001,0.001,1.43,2026-06-18T08:30:07,0.001,1.43
route_mutation,20260618T083007_358717,of:0000000000000001:1 -> of:000000000000000b:1,0.002,0.0025,0.002,0.002,1.43,2026-06-18T08:30:07,0.001,1.43
route_mutation,20260618T083007_358717,of:0000000000000006:1 -> of:000000000000000d:4,0.002,0.0025,0.002,0.002,1.47,2026-06-18T08:30:07,0.002,1.4
route_mutation,20260618T083007_358717,of:0000000000000002:1 -> of:000000000000000b:4,0.002,0.0025,0.002,0.002,1.47,2026-06-18T08:30:07,0.001,1.37
route_mutation,20260618T083007_358717,of:0000000000000001:3 -> of:000000000000000d:1,0.002,0.0025,0.002,0.002,1.96,2026-06-18T08:30:07,0.002,1.86
route_mutation,20260618T083007_358717,of:0000000000000006:2 -> of:000000000000000a:2,0.002,0.0025,0.002,0.002,1.56,2026-06-18T08:30:07,0.001,1.5
route_mutation,20260618T083007_358717,of:0000000000000003:1 -> of:000000000000000b:5,0.002,0.0025,0.002,0.002,1.47,2026-06-18T08:30:07,0.001,1.3
route_mutation,20260618T083007_358717,of:0000000000000007:1 -> of:000000000000000d:5,0.002,0.0025,0.002,0.002,1.76,2026-06-18T08:30:07,0.002,1.9
route_mutation,20260618T083007_358717,of:0000000000000007:2 -> of:000000000000000a:3,0.001,0.00125,0.001,0.001,1.47,2026-06-18T08:30:07,0.001,1.47
route_mutation,20260618T083007_358717,of:0000000000000002:2 -> of:0000000000000008:2,0.002,0.0025,0.002,0.002,1.56,2026-06-18T08:30:07,0.001,1.5
route_mutation,20260618T083007_358717,of:0000000000000008:1 -> of:000000000000000b:6,0.001,0.00125,0.001,0.001,1.3,2026-06-18T08:30:07,0.001,1.3
route_mutation,20260618T083007_358717,of:0000000000000009:1 -> of:000000000000000c:6,0.001,0.00125,0.001,0.001,1.3,2026-06-18T08:30:07,0.001,1.3
route_mutation,20260618T083007_358717,of:0000000000000001:2 -> of:000000000000000c:1,0.001,0.00125,0.001,0.001,1.37,2026-06-18T08:30:07,0.001,1.43
route_mutation,20260618T083007_358717,of:0000000000000003:2 -> of:0000000000000008:3,0.002,0.0025,0.002,0.002,1.56,2026-06-18T08:30:07,0.001,1.43
ip_shuffle,20260618T083037_617172,of:0000000000000005:1 -> of:000000000000000c:5,0.002,0.0025,0.002,0.002,1.53,2026-06-18T08:30:37,0.001,1.47
ip_shuffle,20260618T083037_617172,of:000000000000000a:1 -> of:000000000000000d:6,0.001,0.00125,0.001,0.001,1.47,2026-06-18T08:30:37,0.001,1.47
ip_shuffle,20260618T083037_617172,of:000000000000000b:2 -> of:000000000000000c:2,0.002,0.0025,0.002,0.002,1.73,2026-06-18T08:30:37,0.002,1.73
ip_shuffle,20260618T083037_617172,of:0000000000000004:2 -> of:0000000000000009:2,0.002,0.0025,0.002,0.002,1.73,2026-06-18T08:30:37,0.002,1.67
ip_shuffle,20260618T083037_617172,of:0000000000000005:2 -> of:0000000000000009:3,0.002,0.0025,0.002,0.002,1.73,2026-06-18T08:30:37,0.002,1.67
ip_shuffle,20260618T083037_617172,of:000000000000000b:3 -> of:000000000000000d:2,0.002,0.0025,0.002,0.002,1.67,2026-06-18T08:30:37,0.002,1.67
ip_shuffle,20260618T083037_617172,of:0000000000000004:1 -> of:000000000000000c:4,0.002,0.0025,0.002,0.002,2.13,2026-06-18T08:30:37,0.002,2.06
ip_shuffle,20260618T083037_617172,of:000000000000000c:3 -> of:000000000000000d:3,0.002,0.0025,0.002,0.002,1.67,2026-06-18T08:30:37,0.002,1.67
ip_shuffle,20260618T083037_617172,of:0000000000000001:1 -> of:000000000000000b:1,0.003,0.00375,0.003,0.003,3.53,2026-06-18T08:30:37,0.003,3.53
ip_shuffle,20260618T083037_617172,of:0000000000000006:1 -> of:000000000000000d:4,0.002,0.0025,0.002,0.002,1.53,2026-06-18T08:30:37,0.001,1.4
ip_shuffle,20260618T083037_617172,of:0000000000000002:1 -> of:000000000000000b:4,0.002,0.0025,0.002,0.002,2.56,2026-06-18T08:30:37,0.002,2.5
ip_shuffle,20260618T083037_617172,of:0000000000000001:3 -> of:000000000000000d:1,0.001,0.00125,0.001,0.001,1.47,2026-06-18T08:30:37,0.001,1.4
ip_shuffle,20260618T083037_617172,of:0000000000000006:2 -> of:000000000000000a:2,0.002,0.0025,0.002,0.002,1.67,2026-06-18T08:30:37,0.002,1.67
ip_shuffle,20260618T083037_617172,of:0000000000000003:1 -> of:000000000000000b:5,0.002,0.0025,0.002,0.002,2.56,2026-06-18T08:30:37,0.002,2.56
ip_shuffle,20260618T083037_617172,of:0000000000000007:1 -> of:000000000000000d:5,0.002,0.0025,0.002,0.002,1.53,2026-06-18T08:30:37,0.001,1.4
ip_shuffle,20260618T083037_617172,of:0000000000000007:2 -> of:000000000000000a:3,0.002,0.0025,0.002,0.002,1.67,2026-06-18T08:30:37,0.002,1.67
ip_shuffle,20260618T083037_617172,of:0000000000000002:2 -> of:0000000000000008:2,0.002,0.0025,0.002,0.002,1.73,2026-06-18T08:30:37,0.002,1.67
ip_shuffle,20260618T083037_617172,of:0000000000000008:1 -> of:000000000000000b:6,0.002,0.0025,0.002,0.002,1.53,2026-06-18T08:30:37,0.002,1.53
ip_shuffle,20260618T083037_617172,of:0000000000000009:1 -> of:000000000000000c:6,0.002,0.0025,0.002,0.002,1.53,2026-06-18T08:30:37,0.002,1.53
ip_shuffle,20260618T083037_617172,of:0000000000000001:2 -> of:000000000000000c:1,0.002,0.0025,0.002,0.002,2.06,2026-06-18T08:30:37,0.002,2.06
ip_shuffle,20260618T083037_617172,of:0000000000000003:2 -> of:0000000000000008:3,0.002,0.0025,0.002,0.002,1.73,2026-06-18T08:30:37,0.002,1.73
ip_shuffle,20260618T083135_319480,of:0000000000000005:1 -> of:000000000000000c:5,0.002,0.0025,0.002,0.002,2.4,2026-06-18T08:31:35,0.002,2.56
ip_shuffle,20260618T083135_319480,of:000000000000000a:1 -> of:000000000000000d:6,0.002,0.0025,0.002,0.002,1.76,2026-06-18T08:31:35,0.002,1.76
ip_shuffle,20260618T083135_319480,of:000000000000000b:2 -> of:000000000000000c:2,0.002,0.0025,0.002,0.002,2.2,2026-06-18T08:31:35,0.002,2.2
ip_shuffle,20260618T083135_319480,of:0000000000000004:2 -> of:0000000000000009:2,0.002,0.0025,0.002,0.002,2.03,2026-06-18T08:31:35,0.002,2.16
ip_shuffle,20260618T083135_319480,of:0000000000000005:2 -> of:0000000000000009:3,0.002,0.0025,0.002,0.002,2.03,2026-06-18T08:31:35,0.002,2.16
ip_shuffle,20260618T083135_319480,of:000000000000000b:3 -> of:000000000000000d:2,0.002,0.0025,0.002,0.002,2.5,2026-06-18T08:31:35,0.002,2.5
ip_shuffle,20260618T083135_319480,of:0000000000000004:1 -> of:000000000000000c:4,0.002,0.0025,0.002,0.002,1.8,2026-06-18T08:31:35,0.002,1.96
ip_shuffle,20260618T083135_319480,of:000000000000000c:3 -> of:000000000000000d:3,0.002,0.0025,0.002,0.002,2.2,2026-06-18T08:31:35,0.002,2.2
ip_shuffle,20260618T083135_319480,of:0000000000000001:1 -> of:000000000000000b:1,0.002,0.0025,0.002,0.002,2.1,2026-06-18T08:31:35,0.002,2.1
ip_shuffle,20260618T083135_319480,of:0000000000000006:1 -> of:000000000000000d:4,0.002,0.0025,0.002,0.002,2.6,2026-06-18T08:31:35,0.002,2.76
ip_shuffle,20260618T083135_319480,of:0000000000000002:1 -> of:000000000000000b:4,0.002,0.0025,0.002,0.002,2.26,2026-06-18T08:31:35,0.002,2.46
ip_shuffle,20260618T083135_319480,of:0000000000000001:3 -> of:000000000000000d:1,0.003,0.00375,0.003,0.003,3.0,2026-06-18T08:31:35,0.003,3.1
ip_shuffle,20260618T083135_319480,of:0000000000000006:2 -> of:000000000000000a:2,0.002,0.0025,0.002,0.002,2.1,2026-06-18T08:31:35,0.002,2.16
ip_shuffle,20260618T083135_319480,of:0000000000000003:1 -> of:000000000000000b:5,0.002,0.0025,0.002,0.001,1.56,2026-06-18T08:31:35,0.002,1.76
ip_shuffle,20260618T083135_319480,of:0000000000000007:1 -> of:000000000000000d:5,0.002,0.0025,0.002,0.002,2.36,2026-06-18T08:31:35,0.002,2.4
ip_shuffle,20260618T083135_319480,of:0000000000000007:2 -> of:000000000000000a:3,0.002,0.0025,0.002,0.002,2.16,2026-06-18T08:31:35,0.002,2.16
ip_shuffle,20260618T083135_319480,of:0000000000000002:2 -> of:0000000000000008:2,0.002,0.0025,0.002,0.002,1.96,2026-06-18T08:31:35,0.002,2.1
ip_shuffle,20260618T083135_319480,of:0000000000000008:1 -> of:000000000000000b:6,0.002,0.0025,0.002,0.002,1.73,2026-06-18T08:31:35,0.002,1.76
ip_shuffle,20260618T083135_319480,of:0000000000000009:1 -> of:000000000000000c:6,0.002,0.0025,0.002,0.002,1.76,2026-06-18T08:31:35,0.002,1.76
ip_shuffle,20260618T083135_319480,of:0000000000000001:2 -> of:000000000000000c:1,0.002,0.0025,0.002,0.002,2.76,2026-06-18T08:31:35,0.002,2.7
ip_shuffle,20260618T083135_319480,of:0000000000000003:2 -> of:0000000000000008:3,0.002,0.0025,0.002,0.002,1.96,2026-06-18T08:31:35,0.002,2.1
ip_shuffle,20260618T083233_200294,of:0000000000000005:1 -> of:000000000000000c:5,0.002,0.0025,0.002,0.002,1.5,2026-06-18T08:32:33,0.001,1.37
ip_shuffle,20260618T083233_200294,of:000000000000000a:1 -> of:000000000000000d:6,0.001,0.00125,0.001,0.001,1.4,2026-06-18T08:32:33,0.001,1.37
ip_shuffle,20260618T083233_200294,of:000000000000000b:2 -> of:000000000000000c:2,0.002,0.0025,0.002,0.002,1.56,2026-06-18T08:32:33,0.002,1.56
ip_shuffle,20260618T083233_200294,of:0000000000000004:2 -> of:0000000000000009:2,0.002,0.0025,0.002,0.002,1.66,2026-06-18T08:32:33,0.002,1.6
ip_shuffle,20260618T083233_200294,of:0000000000000005:2 -> of:0000000000000009:3,0.002,0.0025,0.002,0.002,1.66,2026-06-18T08:32:33,0.002,1.6
ip_shuffle,20260618T083233_200294,of:000000000000000b:3 -> of:000000000000000d:2,0.002,0.0025,0.002,0.002,1.6,2026-06-18T08:32:33,0.002,1.63
ip_shuffle,20260618T083233_200294,of:0000000000000004:1 -> of:000000000000000c:4,0.002,0.0025,0.002,0.002,1.5,2026-06-18T08:32:33,0.001,1.37
ip_shuffle,20260618T083233_200294,of:000000000000000c:3 -> of:000000000000000d:3,0.001,0.00125,0.001,0.001,1.47,2026-06-18T08:32:33,0.001,1.47
ip_shuffle,20260618T083233_200294,of:0000000000000001:1 -> of:000000000000000b:1,0.003,0.00375,0.003,0.003,3.03,2026-06-18T08:32:33,0.003,3.03
ip_shuffle,20260618T083233_200294,of:0000000000000006:1 -> of:000000000000000d:4,0.002,0.0025,0.002,0.002,2.06,2026-06-18T08:32:33,0.002,1.93
ip_shuffle,20260618T083233_200294,of:0000000000000002:1 -> of:000000000000000b:4,0.002,0.0025,0.002,0.002,2.6,2026-06-18T08:32:33,0.002,2.5
ip_shuffle,20260618T083233_200294,of:0000000000000001:3 -> of:000000000000000d:1,0.002,0.0025,0.002,0.002,2.2,2026-06-18T08:32:33,0.002,2.03
ip_shuffle,20260618T083233_200294,of:0000000000000006:2 -> of:000000000000000a:2,0.002,0.0025,0.002,0.002,1.56,2026-06-18T08:32:33,0.002,1.56
ip_shuffle,20260618T083233_200294,of:0000000000000003:1 -> of:000000000000000b:5,0.002,0.0025,0.002,0.002,2.2,2026-06-18T08:32:33,0.002,2.16
ip_shuffle,20260618T083233_200294,of:0000000000000007:1 -> of:000000000000000d:5,0.002,0.0025,0.002,0.002,1.8,2026-06-18T08:32:33,0.002,1.63
ip_shuffle,20260618T083233_200294,of:0000000000000007:2 -> of:000000000000000a:3,0.002,0.0025,0.002,0.002,1.56,2026-06-18T08:32:33,0.002,1.56
ip_shuffle,20260618T083233_200294,of:0000000000000002:2 -> of:0000000000000008:2,0.002,0.0025,0.002,0.002,1.66,2026-06-18T08:32:33,0.002,1.6
ip_shuffle,20260618T083233_200294,of:0000000000000008:1 -> of:000000000000000b:6,0.002,0.0025,0.002,0.002,1.5,2026-06-18T08:32:33,0.002,1.47
ip_shuffle,20260618T083233_200294,of:0000000000000009:1 -> of:000000000000000c:6,0.002,0.0025,0.002,0.002,1.5,2026-06-18T08:32:33,0.002,1.43
ip_shuffle,20260618T083233_200294,of:0000000000000001:2 -> of:000000000000000c:1,0.002,0.0025,0.002,0.002,1.43,2026-06-18T08:32:33,0.001,1.43
ip_shuffle,20260618T083233_200294,of:0000000000000003:2 -> of:0000000000000008:3,0.002,0.0025,0.002,0.002,1.66,2026-06-18T08:32:33,0.002,1.66
route_mutation,20260618T083337_340027,of:0000000000000005:1 -> of:000000000000000c:5,0.002,0.0025,0.002,0.002,1.43,2026-06-18T08:33:37,0.001,1.3
route_mutation,20260618T083337_340027,of:000000000000000a:1 -> of:000000000000000d:6,0.001,0.00125,0.001,0.001,1.36,2026-06-18T08:33:37,0.001,1.36
route_mutation,20260618T083337_340027,of:000000000000000b:2 -> of:000000000000000c:2,0.001,0.00125,0.001,0.001,1.46,2026-06-18T08:33:37,0.001,1.46
route_mutation,20260618T083337_340027,of:0000000000000004:2 -> of:0000000000000009:2,0.002,0.0025,0.002,0.002,1.53,2026-06-18T08:33:37,0.001,1.46
route_mutation,20260618T083337_340027,of:0000000000000005:2 -> of:0000000000000009:3,0.002,0.0025,0.002,0.002,1.53,2026-06-18T08:33:37,0.001,1.46
route_mutation,20260618T083337_340027,of:000000000000000b:3 -> of:000000000000000d:2,0.002,0.0025,0.002,0.002,1.6,2026-06-18T08:33:37,0.002,1.6
route_mutation,20260618T083337_340027,of:0000000000000004:1 -> of:000000000000000c:4,0.002,0.0025,0.002,0.002,1.43,2026-06-18T08:33:37,0.001,1.3
route_mutation,20260618T083337_340027,of:000000000000000c:3 -> of:000000000000000d:3,0.001,0.00125,0.001,0.001,1.4,2026-06-18T08:33:37,0.001,1.4
route_mutation,20260618T083337_340027,of:0000000000000001:1 -> of:000000000000000b:1,0.003,0.00375,0.003,0.003,3.03,2026-06-18T08:33:37,0.003,2.99
route_mutation,20260618T083337_340027,of:0000000000000006:1 -> of:000000000000000d:4,0.002,0.0025,0.002,0.002,1.43,2026-06-18T08:33:37,0.001,1.3
route_mutation,20260618T083337_340027,of:0000000000000002:1 -> of:000000000000000b:4,0.002,0.0025,0.002,0.002,2.53,2026-06-18T08:33:37,0.002,2.46
route_mutation,20260618T083337_340027,of:0000000000000001:3 -> of:000000000000000d:1,0.002,0.0025,0.002,0.002,1.56,2026-06-18T08:33:37,0.001,1.43
route_mutation,20260618T083337_340027,of:0000000000000006:2 -> of:000000000000000a:2,0.001,0.00125,0.001,0.001,1.46,2026-06-18T08:33:37,0.001,1.46
route_mutation,20260618T083337_340027,of:0000000000000003:1 -> of:000000000000000b:5,0.002,0.0025,0.002,0.002,2.13,2026-06-18T08:33:37,0.002,2.06
route_mutation,20260618T083337_340027,of:0000000000000007:1 -> of:000000000000000d:5,0.002,0.0025,0.002,0.002,1.7,2026-06-18T08:33:37,0.002,1.56
route_mutation,20260618T083337_340027,of:0000000000000007:2 -> of:000000000000000a:3,0.001,0.00125,0.001,0.001,1.46,2026-06-18T08:33:37,0.001,1.46
route_mutation,20260618T083337_340027,of:0000000000000002:2 -> of:0000000000000008:2,0.002,0.0025,0.002,0.002,1.53,2026-06-18T08:33:37,0.001,1.46
route_mutation,20260618T083337_340027,of:0000000000000008:1 -> of:000000000000000b:6,0.002,0.0025,0.002,0.002,1.43,2026-06-18T08:33:37,0.002,1.43
route_mutation,20260618T083337_340027,of:0000000000000009:1 -> of:000000000000000c:6,0.001,0.00125,0.001,0.001,1.36,2026-06-18T08:33:37,0.001,1.36
route_mutation,20260618T083337_340027,of:0000000000000001:2 -> of:000000000000000c:1,0.002,0.0025,0.002,0.002,1.43,2026-06-18T08:33:37,0.001,1.3
route_mutation,20260618T083337_340027,of:0000000000000003:2 -> of:0000000000000008:3,0.002,0.0025,0.002,0.002,1.53,2026-06-18T08:33:37,0.001,1.46
route_mutation,20260618T083407_585671,of:0000000000000005:1 -> of:000000000000000c:5,0.002,0.0025,0.002,0.002,2.33,2026-06-18T08:34:07,0.002,2.53
route_mutation,20260618T083407_585671,of:000000000000000a:1 -> of:000000000000000d:6,0.002,0.0025,0.002,0.002,1.7,2026-06-18T08:34:07,0.002,1.73
route_mutation,20260618T083407_585671,of:000000000000000b:2 -> of:000000000000000c:2,0.002,0.0025,0.002,0.002,2.09,2026-06-18T08:34:07,0.002,2.09
route_mutation,20260618T083407_585671,of:0000000000000004:2 -> of:0000000000000009:2,0.002,0.0025,0.002,0.002,1.9,2026-06-18T08:34:07,0.002,2.03
route_mutation,20260618T083407_585671,of:0000000000000005:2 -> of:0000000000000009:3,0.002,0.0025,0.002,0.002,1.9,2026-06-18T08:34:07,0.002,2.03
route_mutation,20260618T083407_585671,of:000000000000000b:3 -> of:000000000000000d:2,0.002,0.0025,0.002,0.002,2.13,2026-06-18T08:34:07,0.002,2.09
route_mutation,20260618T083407_585671,of:0000000000000004:1 -> of:000000000000000c:4,0.002,0.0025,0.002,0.002,2.33,2026-06-18T08:34:07,0.002,2.53
route_mutation,20260618T083407_585671,of:000000000000000c:3 -> of:000000000000000d:3,0.002,0.0025,0.002,0.002,2.13,2026-06-18T08:34:07,0.002,2.13
route_mutation,20260618T083407_585671,of:0000000000000001:1 -> of:000000000000000b:1,0.002,0.0025,0.002,0.002,2.03,2026-06-18T08:34:07,0.002,2.03
route_mutation,20260618T083407_585671,of:0000000000000006:1 -> of:000000000000000d:4,0.002,0.0025,0.002,0.002,2.66,2026-06-18T08:34:07,0.002,2.76
route_mutation,20260618T083407_585671,of:0000000000000002:1 -> of:000000000000000b:4,0.002,0.0025,0.002,0.002,1.6,2026-06-18T08:34:07,0.002,1.7
route_mutation,20260618T083407_585671,of:0000000000000001:3 -> of:000000000000000d:1,0.002,0.0025,0.002,0.002,2.69,2026-06-18T08:34:07,0.002,2.83
route_mutation,20260618T083407_585671,of:0000000000000006:2 -> of:000000000000000a:2,0.002,0.0025,0.002,0.002,2.06,2026-06-18T08:34:07,0.002,2.06
route_mutation,20260618T083407_585671,of:0000000000000003:1 -> of:000000000000000b:5,0.002,0.0025,0.002,0.002,1.86,2026-06-18T08:34:07,0.002,2.03
route_mutation,20260618T083407_585671,of:0000000000000007:1 -> of:000000000000000d:5,0.002,0.0025,0.002,0.002,1.76,2026-06-18T08:34:07,0.002,1.8
route_mutation,20260618T083407_585671,of:0000000000000007:2 -> of:000000000000000a:3,0.002,0.0025,0.002,0.002,2.06,2026-06-18T08:34:07,0.002,2.06
route_mutation,20260618T083407_585671,of:0000000000000002:2 -> of:0000000000000008:2,0.002,0.0025,0.002,0.002,1.9,2026-06-18T08:34:07,0.002,2.03
route_mutation,20260618T083407_585671,of:0000000000000008:1 -> of:000000000000000b:6,0.002,0.0025,0.002,0.002,1.7,2026-06-18T08:34:07,0.002,1.7
route_mutation,20260618T083407_585671,of:0000000000000009:1 -> of:000000000000000c:6,0.002,0.0025,0.002,0.002,1.7,2026-06-18T08:34:07,0.002,1.73
route_mutation,20260618T083407_585671,of:0000000000000001:2 -> of:000000000000000c:1,0.003,0.00375,0.003,0.003,3.26,2026-06-18T08:34:07,0.003,3.26
route_mutation,20260618T083407_585671,of:0000000000000003:2 -> of:0000000000000008:3,0.002,0.0025,0.002,0.002,1.9,2026-06-18T08:34:07,0.002,2.03
ip_shuffle,20260618T083437_752628,of:0000000000000005:1 -> of:000000000000000c:5,0.002,0.0025,0.002,0.002,1.7,2026-06-18T08:34:37,0.002,1.63
ip_shuffle,20260618T083437_752628,of:000000000000000a:1 -> of:000000000000000d:6,0.002,0.0025,0.002,0.002,1.6,2026-06-18T08:34:37,0.002,1.56
ip_shuffle,20260618T083437_752628,of:000000000000000b:2 -> of:000000000000000c:2,0.002,0.0025,0.002,0.002,1.9,2026-06-18T08:34:37,0.002,1.9
ip_shuffle,20260618T083437_752628,of:0000000000000004:2 -> of:0000000000000009:2,0.002,0.0025,0.002,0.002,2.03,2026-06-18T08:34:37,0.002,1.96
ip_shuffle,20260618T083437_752628,of:0000000000000005:2 -> of:0000000000000009:3,0.002,0.0025,0.002,0.002,2.03,2026-06-18T08:34:37,0.002,1.96
ip_shuffle,20260618T083437_752628,of:000000000000000b:3 -> of:000000000000000d:2,0.002,0.0025,0.002,0.002,1.86,2026-06-18T08:34:37,0.002,1.9
ip_shuffle,20260618T083437_752628,of:0000000000000004:1 -> of:000000000000000c:4,0.002,0.0025,0.002,0.002,1.7,2026-06-18T08:34:37,0.002,1.63
ip_shuffle,20260618T083437_752628,of:000000000000000c:3 -> of:000000000000000d:3,0.002,0.0025,0.002,0.002,1.93,2026-06-18T08:34:37,0.002,1.93
ip_shuffle,20260618T083437_752628,of:0000000000000001:1 -> of:000000000000000b:1,0.002,0.0025,0.002,0.002,1.6,2026-06-18T08:34:37,0.002,1.63
ip_shuffle,20260618T083437_752628,of:0000000000000006:1 -> of:000000000000000d:4,0.002,0.0025,0.002,0.002,1.66,2026-06-18T08:34:37,0.002,1.7
ip_shuffle,20260618T083437_752628,of:0000000000000002:1 -> of:000000000000000b:4,0.002,0.0025,0.002,0.002,1.63,2026-06-18T08:34:37,0.002,1.6
ip_shuffle,20260618T083437_752628,of:0000000000000001:3 -> of:000000000000000d:1,0.002,0.0025,0.002,0.002,2.83,2026-06-18T08:34:37,0.002,2.83
ip_shuffle,20260618T083437_752628,of:0000000000000006:2 -> of:000000000000000a:2,0.002,0.0025,0.002,0.002,1.93,2026-06-18T08:34:37,0.002,1.93
ip_shuffle,20260618T083437_752628,of:0000000000000003:1 -> of:000000000000000b:5,0.002,0.0025,0.002,0.002,1.7,2026-06-18T08:34:37,0.002,1.6
ip_shuffle,20260618T083437_752628,of:0000000000000007:1 -> of:000000000000000d:5,0.002,0.0025,0.002,0.002,2.66,2026-06-18T08:34:37,0.002,2.76
ip_shuffle,20260618T083437_752628,of:0000000000000007:2 -> of:000000000000000a:3,0.002,0.0025,0.002,0.002,1.93,2026-06-18T08:34:37,0.002,1.93
ip_shuffle,20260618T083437_752628,of:0000000000000002:2 -> of:0000000000000008:2,0.002,0.0025,0.002,0.002,2.03,2026-06-18T08:34:37,0.002,1.96
ip_shuffle,20260618T083437_752628,of:0000000000000008:1 -> of:000000000000000b:6,0.001,0.00125,0.001,0.001,1.53,2026-06-18T08:34:37,0.001,1.53
ip_shuffle,20260618T083437_752628,of:0000000000000009:1 -> of:000000000000000c:6,0.002,0.0025,0.002,0.002,1.6,2026-06-18T08:34:37,0.002,1.56
ip_shuffle,20260618T083437_752628,of:0000000000000001:2 -> of:000000000000000c:1,0.002,0.0025,0.002,0.002,1.56,2026-06-18T08:34:37,0.002,1.7
ip_shuffle,20260618T083437_752628,of:0000000000000003:2 -> of:0000000000000008:3,0.002,0.0025,0.002,0.002,2.03,2026-06-18T08:34:37,0.002,1.96
route_mutation,20260618T083535_362499,of:0000000000000005:1 -> of:000000000000000c:5,0.002,0.0025,0.002,0.002,1.5,2026-06-18T08:35:35,0.001,1.36
route_mutation,20260618T083535_362499,of:000000000000000a:1 -> of:000000000000000d:6,0.001,0.00125,0.001,0.001,1.43,2026-06-18T08:35:35,0.001,1.43
route_mutation,20260618T083535_362499,of:000000000000000b:2 -> of:000000000000000c:2,0.002,0.0025,0.002,0.002,1.6,2026-06-18T08:35:35,0.002,1.6
route_mutation,20260618T083535_362499,of:0000000000000004:2 -> of:0000000000000009:2,0.002,0.0025,0.002,0.002,1.66,2026-06-18T08:35:35,0.002,1.6
route_mutation,20260618T083535_362499,of:0000000000000005:2 -> of:0000000000000009:3,0.002,0.0025,0.002,0.002,1.66,2026-06-18T08:35:35,0.002,1.6
route_mutation,20260618T083535_362499,of:000000000000000b:3 -> of:000000000000000d:2,0.002,0.0025,0.002,0.002,1.73,2026-06-18T08:35:35,0.002,1.73
route_mutation,20260618T083535_362499,of:0000000000000004:1 -> of:000000000000000c:4,0.002,0.0025,0.002,0.002,1.5,2026-06-18T08:35:35,0.001,1.36
route_mutation,20260618T083535_362499,of:000000000000000c:3 -> of:000000000000000d:3,0.001,0.00125,0.001,0.001,1.53,2026-06-18T08:35:35,0.001,1.53
route_mutation,20260618T083535_362499,of:0000000000000001:1 -> of:000000000000000b:1,0.003,0.00375,0.003,0.003,3.26,2026-06-18T08:35:35,0.003,3.23
route_mutation,20260618T083535_362499,of:0000000000000006:1 -> of:000000000000000d:4,0.002,0.0025,0.002,0.002,1.6,2026-06-18T08:35:35,0.001,1.46
route_mutation,20260618T083535_362499,of:0000000000000002:1 -> of:000000000000000b:4,0.002,0.0025,0.002,0.002,2.6,2026-06-18T08:35:35,0.002,2.53
route_mutation,20260618T083535_362499,of:0000000000000001:3 -> of:000000000000000d:1,0.002,0.0025,0.002,0.002,2.26,2026-06-18T08:35:35,0.002,2.13
route_mutation,20260618T083535_362499,of:0000000000000006:2 -> of:000000000000000a:2,0.002,0.0025,0.002,0.002,1.66,2026-06-18T08:35:35,0.002,1.6
route_mutation,20260618T083535_362499,of:0000000000000003:1 -> of:000000000000000b:5,0.002,0.0025,0.002,0.002,2.36,2026-06-18T08:35:35,0.002,2.3
route_mutation,20260618T083535_362499,of:0000000000000007:1 -> of:000000000000000d:5,0.002,0.0025,0.002,0.002,2.43,2026-06-18T08:35:35,0.002,2.3
route_mutation,20260618T083535_362499,of:0000000000000007:2 -> of:000000000000000a:3,0.002,0.0025,0.002,0.002,1.66,2026-06-18T08:35:35,0.002,1.6
route_mutation,20260618T083535_362499,of:0000000000000002:2 -> of:0000000000000008:2,0.002,0.0025,0.002,0.002,1.66,2026-06-18T08:35:35,0.002,1.6
route_mutation,20260618T083535_362499,of:0000000000000008:1 -> of:000000000000000b:6,0.002,0.0025,0.002,0.002,1.5,2026-06-18T08:35:35,0.002,1.5
route_mutation,20260618T083535_362499,of:0000000000000009:1 -> of:000000000000000c:6,0.001,0.00125,0.001,0.001,1.43,2026-06-18T08:35:35,0.001,1.43
route_mutation,20260618T083535_362499,of:0000000000000001:2 -> of:000000000000000c:1,0.002,0.0025,0.002,0.002,1.5,2026-06-18T08:35:35,0.001,1.36
route_mutation,20260618T083535_362499,of:0000000000000003:2 -> of:0000000000000008:3,0.002,0.0025,0.002,0.002,1.66,2026-06-18T08:35:35,0.002,1.6
route_mutation,20260618T083605_615072,of:0000000000000005:1 -> of:000000000000000c:5,0.002,0.0025,0.002,0.002,2.26,2026-06-18T08:36:05,0.002,2.33
route_mutation,20260618T083605_615072,of:000000000000000a:1 -> of:000000000000000d:6,0.002,0.0025,0.002,0.002,1.53,2026-06-18T08:36:05,0.002,1.53
route_mutation,20260618T083605_615072,of:000000000000000b:2 -> of:000000000000000c:2,0.002,0.0025,0.002,0.002,1.73,2026-06-18T08:36:05,0.002,1.73
route_mutation,20260618T083605_615072,of:0000000000000004:2 -> of:0000000000000009:2,0.002,0.0025,0.002,0.001,1.6,2026-06-18T08:36:05,0.002,1.73
route_mutation,20260618T083605_615072,of:0000000000000005:2 -> of:0000000000000009:3,0.002,0.0025,0.002,0.002,1.66,2026-06-18T08:36:05,0.002,1.73
route_mutation,20260618T083605_615072,of:000000000000000b:3 -> of:000000000000000d:2,0.002,0.0025,0.002,0.002,1.73,2026-06-18T08:36:05,0.002,1.73
route_mutation,20260618T083605_615072,of:0000000000000004:1 -> of:000000000000000c:4,0.002,0.0025,0.002,0.002,2.2,2026-06-18T08:36:05,0.002,2.33
route_mutation,20260618T083605_615072,of:000000000000000c:3 -> of:000000000000000d:3,0.002,0.0025,0.002,0.002,1.73,2026-06-18T08:36:05,0.002,1.73
route_mutation,20260618T083605_615072,of:0000000000000001:1 -> of:000000000000000b:1,0.002,0.0025,0.002,0.002,1.7,2026-06-18T08:36:05,0.002,1.73
route_mutation,20260618T083605_615072,of:0000000000000006:1 -> of:000000000000000d:4,0.002,0.0025,0.002,0.002,2.29,2026-06-18T08:36:05,0.002,2.36
route_mutation,20260618T083605_615072,of:0000000000000002:1 -> of:000000000000000b:4,0.002,0.0025,0.002,0.001,1.46,2026-06-18T08:36:05,0.002,1.53
route_mutation,20260618T083605_615072,of:0000000000000001:3 -> of:000000000000000d:1,0.002,0.0025,0.002,0.002,2.29,2026-06-18T08:36:05,0.002,2.36
route_mutation,20260618T083605_615072,of:0000000000000006:2 -> of:000000000000000a:2,0.002,0.0025,0.002,0.002,1.66,2026-06-18T08:36:05,0.002,1.73
route_mutation,20260618T083605_615072,of:0000000000000003:1 -> of:000000000000000b:5,0.002,0.0025,0.002,0.002,1.56,2026-06-18T08:36:05,0.002,1.7
route_mutation,20260618T083605_615072,of:0000000000000007:1 -> of:000000000000000d:5,0.002,0.0025,0.002,0.001,1.46,2026-06-18T08:36:05,0.002,1.53
route_mutation,20260618T083605_615072,of:0000000000000007:2 -> of:000000000000000a:3,0.002,0.0025,0.002,0.002,1.66,2026-06-18T08:36:05,0.002,1.73
route_mutation,20260618T083605_615072,of:0000000000000002:2 -> of:0000000000000008:2,0.002,0.0025,0.002,0.001,1.6,2026-06-18T08:36:05,0.002,1.73
route_mutation,20260618T083605_615072,of:0000000000000008:1 -> of:000000000000000b:6,0.002,0.0025,0.002,0.002,1.53,2026-06-18T08:36:05,0.002,1.53
route_mutation,20260618T083605_615072,of:0000000000000009:1 -> of:000000000000000c:6,0.002,0.0025,0.002,0.002,1.53,2026-06-18T08:36:05,0.002,1.53
route_mutation,20260618T083605_615072,of:0000000000000001:2 -> of:000000000000000c:1,0.003,0.00375,0.003,0.003,3.06,2026-06-18T08:36:05,0.003,3.13
route_mutation,20260618T083605_615072,of:0000000000000003:2 -> of:0000000000000008:3,0.002,0.0025,0.002,0.001,1.6,2026-06-18T08:36:05,0.002,1.73
route_mutation,20260618T083635_851268,of:0000000000000005:1 -> of:000000000000000c:5,0.002,0.0025,0.002,0.002,1.76,2026-06-18T08:36:35,0.002,1.83
route_mutation,20260618T083635_851268,of:000000000000000a:1 -> of:000000000000000d:6,0.002,0.0025,0.002,0.002,1.76,2026-06-18T08:36:35,0.002,1.76
route_mutation,20260618T083635_851268,of:000000000000000b:2 -> of:000000000000000c:2,0.002,0.0025,0.002,0.002,2.33,2026-06-18T08:36:35,0.002,2.33
route_mutation,20260618T083635_851268,of:0000000000000004:2 -> of:0000000000000009:2,0.002,0.0025,0.002,0.002,2.33,2026-06-18T08:36:35,0.002,2.26
route_mutation,20260618T083635_851268,of:0000000000000005:2 -> of:0000000000000009:3,0.002,0.0025,0.002,0.002,2.26,2026-06-18T08:36:35,0.002,2.26
route_mutation,20260618T083635_851268,of:000000000000000b:3 -> of:000000000000000d:2,0.002,0.0025,0.002,0.002,2.33,2026-06-18T08:36:35,0.002,2.33
route_mutation,20260618T083635_851268,of:0000000000000004:1 -> of:000000000000000c:4,0.002,0.0025,0.002,0.002,1.83,2026-06-18T08:36:35,0.002,1.83
route_mutation,20260618T083635_851268,of:000000000000000c:3 -> of:000000000000000d:3,0.002,0.0025,0.002,0.002,2.33,2026-06-18T08:36:35,0.002,2.33
route_mutation,20260618T083635_851268,of:0000000000000001:1 -> of:000000000000000b:1,0.002,0.0025,0.002,0.002,1.76,2026-06-18T08:36:35,0.002,1.83
route_mutation,20260618T083635_851268,of:0000000000000006:1 -> of:000000000000000d:4,0.002,0.0025,0.002,0.002,2.0,2026-06-18T08:36:35,0.002,2.06
route_mutation,20260618T083635_851268,of:0000000000000002:1 -> of:000000000000000b:4,0.002,0.0025,0.002,0.002,1.76,2026-06-18T08:36:35,0.002,1.83
route_mutation,20260618T083635_851268,of:0000000000000001:3 -> of:000000000000000d:1,0.003,0.00375,0.003,0.003,3.2,2026-06-18T08:36:35,0.003,3.26
route_mutation,20260618T083635_851268,of:0000000000000006:2 -> of:000000000000000a:2,0.002,0.0025,0.002,0.002,2.26,2026-06-18T08:36:35,0.002,2.26
route_mutation,20260618T083635_851268,of:0000000000000003:1 -> of:000000000000000b:5,0.002,0.0025,0.002,0.002,1.83,2026-06-18T08:36:35,0.002,1.83
route_mutation,20260618T083635_851268,of:0000000000000007:1 -> of:000000000000000d:5,0.003,0.00375,0.003,0.002,2.96,2026-06-18T08:36:35,0.003,3.03
route_mutation,20260618T083635_851268,of:0000000000000007:2 -> of:000000000000000a:3,0.002,0.0025,0.002,0.002,2.26,2026-06-18T08:36:35,0.002,2.26
route_mutation,20260618T083635_851268,of:0000000000000002:2 -> of:0000000000000008:2,0.002,0.0025,0.002,0.002,2.33,2026-06-18T08:36:35,0.002,2.26
route_mutation,20260618T083635_851268,of:0000000000000008:1 -> of:000000000000000b:6,0.002,0.0025,0.002,0.002,1.76,2026-06-18T08:36:35,0.002,1.76
route_mutation,20260618T083635_851268,of:0000000000000009:1 -> of:000000000000000c:6,0.002,0.0025,0.002,0.002,1.76,2026-06-18T08:36:35,0.002,1.76
route_mutation,20260618T083635_851268,of:0000000000000001:2 -> of:000000000000000c:1,0.002,0.0025,0.002,0.002,1.76,2026-06-18T08:36:35,0.002,1.83
route_mutation,20260618T083635_851268,of:0000000000000003:2 -> of:0000000000000008:3,0.002,0.0025,0.002,0.002,2.33,2026-06-18T08:36:35,0.002,2.26
ip_shuffle,20260618T083706_089639,of:0000000000000005:1 -> of:000000000000000c:5,0.001,0.00125,0.001,0.001,1.33,2026-06-18T08:37:06,0.001,1.2
ip_shuffle,20260618T083706_089639,of:000000000000000a:1 -> of:000000000000000d:6,0.001,0.00125,0.001,0.001,1.27,2026-06-18T08:37:06,0.001,1.27
ip_shuffle,20260618T083706_089639,of:000000000000000b:2 -> of:000000000000000c:2,0.001,0.00125,0.001,0.001,1.2,2026-06-18T08:37:06,0.001,1.2
ip_shuffle,20260618T083706_089639,of:0000000000000004:2 -> of:0000000000000009:2,0.001,0.00125,0.001,0.001,1.33,2026-06-18T08:37:06,0.001,1.27
ip_shuffle,20260618T083706_089639,of:0000000000000005:2 -> of:0000000000000009:3,0.001,0.00125,0.001,0.001,1.33,2026-06-18T08:37:06,0.001,1.27
ip_shuffle,20260618T083706_089639,of:000000000000000b:3 -> of:000000000000000d:2,0.001,0.00125,0.001,0.001,1.27,2026-06-18T08:37:06,0.001,1.27
ip_shuffle,20260618T083706_089639,of:0000000000000004:1 -> of:000000000000000c:4,0.001,0.00125,0.001,0.001,1.33,2026-06-18T08:37:06,0.001,1.2
ip_shuffle,20260618T083706_089639,of:000000000000000c:3 -> of:000000000000000d:3,0.001,0.00125,0.001,0.001,1.2,2026-06-18T08:37:06,0.001,1.2
ip_shuffle,20260618T083706_089639,of:0000000000000001:1 -> of:000000000000000b:1,0.002,0.0025,0.002,0.002,2.36,2026-06-18T08:37:06,0.002,2.23
ip_shuffle,20260618T083706_089639,of:0000000000000006:1 -> of:000000000000000d:4,0.001,0.00125,0.001,0.001,1.33,2026-06-18T08:37:06,0.001,1.2
ip_shuffle,20260618T083706_089639,of:0000000000000002:1 -> of:000000000000000b:4,0.002,0.0025,0.002,0.002,2.3,2026-06-18T08:37:06,0.002,2.16
ip_shuffle,20260618T083706_089639,of:0000000000000001:3 -> of:000000000000000d:1,0.002,0.0025,0.002,0.002,1.4,2026-06-18T08:37:06,0.001,1.27
ip_shuffle,20260618T083706_089639,of:0000000000000006:2 -> of:000000000000000a:2,0.001,0.00125,0.001,0.001,1.33,2026-06-18T08:37:06,0.001,1.27
ip_shuffle,20260618T083706_089639,of:0000000000000003:1 -> of:000000000000000b:5,0.002,0.0025,0.002,0.002,1.46,2026-06-18T08:37:06,0.001,1.33
ip_shuffle,20260618T083706_089639,of:0000000000000007:1 -> of:000000000000000d:5,0.002,0.0025,0.002,0.002,1.46,2026-06-18T08:37:06,0.001,1.33
ip_shuffle,20260618T083706_089639,of:0000000000000007:2 -> of:000000000000000a:3,0.001,0.00125,0.001,0.001,1.33,2026-06-18T08:37:06,0.001,1.27
ip_shuffle,20260618T083706_089639,of:0000000000000002:2 -> of:0000000000000008:2,0.001,0.00125,0.001,0.001,1.33,2026-06-18T08:37:06,0.001,1.27
ip_shuffle,20260618T083706_089639,of:0000000000000008:1 -> of:000000000000000b:6,0.001,0.00125,0.001,0.001,1.27,2026-06-18T08:37:06,0.001,1.27
ip_shuffle,20260618T083706_089639,of:0000000000000009:1 -> of:000000000000000c:6,0.001,0.00125,0.001,0.001,1.27,2026-06-18T08:37:06,0.001,1.27
ip_shuffle,20260618T083706_089639,of:0000000000000001:2 -> of:000000000000000c:1,0.001,0.00125,0.001,0.001,1.33,2026-06-18T08:37:06,0.001,1.2
ip_shuffle,20260618T083706_089639,of:0000000000000003:2 -> of:0000000000000008:3,0.001,0.00125,0.001,0.001,1.33,2026-06-18T08:37:06,0.001,1.27
route_mutation,20260618T083810_181956,of:0000000000000005:1 -> of:000000000000000c:5,0.002,0.0025,0.002,0.002,1.43,2026-06-18T08:38:10,0.001,1.3
route_mutation,20260618T083810_181956,of:000000000000000a:1 -> of:000000000000000d:6,0.001,0.00125,0.001,0.001,1.3,2026-06-18T08:38:10,0.001,1.3
route_mutation,20260618T083810_181956,of:000000000000000b:2 -> of:000000000000000c:2,0.001,0.00125,0.001,0.001,1.4,2026-06-18T08:38:10,0.001,1.4
route_mutation,20260618T083810_181956,of:0000000000000004:2 -> of:0000000000000009:2,0.002,0.0025,0.002,0.002,1.53,2026-06-18T08:38:10,0.001,1.47
route_mutation,20260618T083810_181956,of:0000000000000005:2 -> of:0000000000000009:3,0.002,0.0025,0.002,0.002,1.53,2026-06-18T08:38:10,0.001,1.47
route_mutation,20260618T083810_181956,of:000000000000000b:3 -> of:000000000000000d:2,0.001,0.00125,0.001,0.001,1.5,2026-06-18T08:38:10,0.001,1.47
route_mutation,20260618T083810_181956,of:0000000000000004:1 -> of:000000000000000c:4,0.002,0.0025,0.002,0.002,1.43,2026-06-18T08:38:10,0.001,1.3
route_mutation,20260618T083810_181956,of:000000000000000c:3 -> of:000000000000000d:3,0.001,0.00125,0.001,0.001,1.4,2026-06-18T08:38:10,0.001,1.4
route_mutation,20260618T083810_181956,of:0000000000000001:1 -> of:000000000000000b:1,0.002,0.0025,0.002,0.002,2.3,2026-06-18T08:38:10,0.002,2.2
route_mutation,20260618T083810_181956,of:0000000000000006:1 -> of:000000000000000d:4,0.002,0.0025,0.002,0.002,1.43,2026-06-18T08:38:10,0.001,1.3
route_mutation,20260618T083810_181956,of:0000000000000002:1 -> of:000000000000000b:4,0.002,0.0025,0.002,0.002,2.36,2026-06-18T08:38:10,0.002,2.23
route_mutation,20260618T083810_181956,of:0000000000000001:3 -> of:000000000000000d:1,0.002,0.0025,0.002,0.002,1.53,2026-06-18T08:38:10,0.001,1.4
route_mutation,20260618T083810_181956,of:0000000000000006:2 -> of:000000000000000a:2,0.002,0.0025,0.002,0.002,1.53,2026-06-18T08:38:10,0.001,1.4
route_mutation,20260618T083810_181956,of:0000000000000003:1 -> of:000000000000000b:5,0.002,0.0025,0.002,0.002,1.47,2026-06-18T08:38:10,0.001,1.33
route_mutation,20260618T083810_181956,of:0000000000000007:1 -> of:000000000000000d:5,0.002,0.0025,0.002,0.002,1.6,2026-06-18T08:38:10,0.002,1.5
route_mutation,20260618T083810_181956,of:0000000000000007:2 -> of:000000000000000a:3,0.002,0.0025,0.002,0.002,1.53,2026-06-18T08:38:10,0.001,1.4
route_mutation,20260618T083810_181956,of:0000000000000002:2 -> of:0000000000000008:2,0.002,0.0025,0.002,0.002,1.53,2026-06-18T08:38:10,0.001,1.47
route_mutation,20260618T083810_181956,of:0000000000000008:1 -> of:000000000000000b:6,0.001,0.00125,0.001,0.001,1.37,2026-06-18T08:38:10,0.001,1.37
route_mutation,20260618T083810_181956,of:0000000000000009:1 -> of:000000000000000c:6,0.001,0.00125,0.001,0.001,1.37,2026-06-18T08:38:10,0.001,1.37
route_mutation,20260618T083810_181956,of:0000000000000001:2 -> of:000000000000000c:1,0.002,0.0025,0.002,0.002,1.43,2026-06-18T08:38:10,0.001,1.3
route_mutation,20260618T083810_181956,of:0000000000000003:2 -> of:0000000000000008:3,0.002,0.0025,0.002,0.002,1.53,2026-06-18T08:38:10,0.001,1.47
route_mutation,20260618T083840_436040,of:0000000000000005:1 -> of:000000000000000c:5,0.002,0.0025,0.002,0.002,2.33,2026-06-18T08:38:40,0.002,2.33
route_mutation,20260618T083840_436040,of:000000000000000a:1 -> of:000000000000000d:6,0.002,0.0025,0.002,0.002,1.53,2026-06-18T08:38:40,0.002,1.53
route_mutation,20260618T083840_436040,of:000000000000000b:2 -> of:000000000000000c:2,0.002,0.0025,0.002,0.002,1.73,2026-06-18T08:38:40,0.002,1.73
route_mutation,20260618T083840_436040,of:0000000000000004:2 -> of:0000000000000009:2,0.002,0.0025,0.002,0.002,1.66,2026-06-18T08:38:40,0.002,1.73
route_mutation,20260618T083840_436040,of:0000000000000005:2 -> of:0000000000000009:3,0.002,0.0025,0.002,0.002,1.66,2026-06-18T08:38:40,0.002,1.73
route_mutation,20260618T083840_436040,of:000000000000000b:3 -> of:000000000000000d:2,0.002,0.0025,0.002,0.002,1.8,2026-06-18T08:38:40,0.002,1.83
route_mutation,20260618T083840_436040,of:0000000000000004:1 -> of:000000000000000c:4,0.002,0.0025,0.002,0.002,2.33,2026-06-18T08:38:40,0.002,2.33
route_mutation,20260618T083840_436040,of:000000000000000c:3 -> of:000000000000000d:3,0.002,0.0025,0.002,0.002,1.73,2026-06-18T08:38:40,0.002,1.73
route_mutation,20260618T083840_436040,of:0000000000000001:1 -> of:000000000000000b:1,0.002,0.0025,0.002,0.002,2.59,2026-06-18T08:38:40,0.002,2.63
route_mutation,20260618T083840_436040,of:0000000000000006:1 -> of:000000000000000d:4,0.002,0.0025,0.002,0.002,1.86,2026-06-18T08:38:40,0.002,1.93
route_mutation,20260618T083840_436040,of:0000000000000002:1 -> of:000000000000000b:4,0.002,0.0025,0.002,0.002,1.66,2026-06-18T08:38:40,0.002,1.73
route_mutation,20260618T083840_436040,of:0000000000000001:3 -> of:000000000000000d:1,0.002,0.0025,0.002,0.002,1.93,2026-06-18T08:38:40,0.002,1.99
route_mutation,20260618T083840_436040,of:0000000000000006:2 -> of:000000000000000a:2,0.002,0.0025,0.002,0.002,1.66,2026-06-18T08:38:40,0.002,1.73
route_mutation,20260618T083840_436040,of:0000000000000003:1 -> of:000000000000000b:5,0.002,0.0025,0.002,0.002,2.39,2026-06-18T08:38:40,0.002,2.53
route_mutation,20260618T083840_436040,of:0000000000000007:1 -> of:000000000000000d:5,0.002,0.0025,0.002,0.002,1.63,2026-06-18T08:38:40,0.002,1.66
route_mutation,20260618T083840_436040,of:0000000000000007:2 -> of:000000000000000a:3,0.002,0.0025,0.002,0.002,1.66,2026-06-18T08:38:40,0.002,1.73
route_mutation,20260618T083840_436040,of:0000000000000002:2 -> of:0000000000000008:2,0.002,0.0025,0.002,0.002,1.66,2026-06-18T08:38:40,0.002,1.73
route_mutation,20260618T083840_436040,of:0000000000000008:1 -> of:000000000000000b:6,0.002,0.0025,0.002,0.002,1.53,2026-06-18T08:38:40,0.002,1.53
route_mutation,20260618T083840_436040,of:0000000000000009:1 -> of:000000000000000c:6,0.002,0.0025,0.002,0.002,1.53,2026-06-18T08:38:40,0.002,1.53
route_mutation,20260618T083840_436040,of:0000000000000001:2 -> of:000000000000000c:1,0.003,0.00375,0.003,0.003,3.06,2026-06-18T08:38:40,0.003,3.12
route_mutation,20260618T083840_436040,of:0000000000000003:2 -> of:0000000000000008:3,0.002,0.0025,0.002,0.001,1.6,2026-06-18T08:38:40,0.002,1.73
ip_shuffle,20260618T083910_741328,of:0000000000000005:1 -> of:000000000000000c:5,0.002,0.0025,0.002,0.002,1.8,2026-06-18T08:39:10,0.002,1.93
ip_shuffle,20260618T083910_741328,of:000000000000000a:1 -> of:000000000000000d:6,0.002,0.0025,0.002,0.002,1.93,2026-06-18T08:39:10,0.002,1.93
ip_shuffle,20260618T083910_741328,of:000000000000000b:2 -> of:000000000000000c:2,0.002,0.0025,0.002,0.002,2.53,2026-06-18T08:39:10,0.002,2.53
ip_shuffle,20260618T083910_741328,of:0000000000000004:2 -> of:0000000000000009:2,0.002,0.0025,0.002,0.002,2.46,2026-06-18T08:39:10,0.002,2.46
ip_shuffle,20260618T083910_741328,of:0000000000000005:2 -> of:0000000000000009:3,0.002,0.0025,0.002,0.002,2.46,2026-06-18T08:39:10,0.002,2.46
ip_shuffle,20260618T083910_741328,of:000000000000000b:3 -> of:000000000000000d:2,0.002,0.0025,0.002,0.002,2.53,2026-06-18T08:39:10,0.002,2.53
ip_shuffle,20260618T083910_741328,of:0000000000000004:1 -> of:000000000000000c:4,0.002,0.0025,0.002,0.002,1.8,2026-06-18T08:39:10,0.002,1.93
ip_shuffle,20260618T083910_741328,of:000000000000000c:3 -> of:000000000000000d:3,0.002,0.0025,0.002,0.002,2.53,2026-06-18T08:39:10,0.002,2.53
ip_shuffle,20260618T083910_741328,of:0000000000000001:1 -> of:000000000000000b:1,0.002,0.0025,0.002,0.002,1.86,2026-06-18T08:39:10,0.002,1.93
ip_shuffle,20260618T083910_741328,of:0000000000000006:1 -> of:000000000000000d:4,0.002,0.0025,0.002,0.002,2.53,2026-06-18T08:39:10,0.002,2.6
ip_shuffle,20260618T083910_741328,of:0000000000000002:1 -> of:000000000000000b:4,0.002,0.0025,0.002,0.002,1.86,2026-06-18T08:39:10,0.002,1.93
ip_shuffle,20260618T083910_741328,of:0000000000000001:3 -> of:000000000000000d:1,0.003,0.00375,0.003,0.003,3.63,2026-06-18T08:39:10,0.003,3.69
ip_shuffle,20260618T083910_741328,of:0000000000000006:2 -> of:000000000000000a:2,0.002,0.0025,0.002,0.002,2.46,2026-06-18T08:39:10,0.002,2.53
ip_shuffle,20260618T083910_741328,of:0000000000000003:1 -> of:000000000000000b:5,0.002,0.0025,0.002,0.002,1.93,2026-06-18T08:39:10,0.002,1.93
ip_shuffle,20260618T083910_741328,of:0000000000000007:1 -> of:000000000000000d:5,0.003,0.00375,0.003,0.002,3.0,2026-06-18T08:39:10,0.003,3.06
ip_shuffle,20260618T083910_741328,of:0000000000000007:2 -> of:000000000000000a:3,0.002,0.0025,0.002,0.002,2.46,2026-06-18T08:39:10,0.002,2.53
ip_shuffle,20260618T083910_741328,of:0000000000000002:2 -> of:0000000000000008:2,0.002,0.0025,0.002,0.002,2.46,2026-06-18T08:39:10,0.002,2.46
ip_shuffle,20260618T083910_741328,of:0000000000000008:1 -> of:000000000000000b:6,0.002,0.0025,0.002,0.002,1.86,2026-06-18T08:39:10,0.002,1.86
ip_shuffle,20260618T083910_741328,of:0000000000000009:1 -> of:000000000000000c:6,0.002,0.0025,0.002,0.002,1.86,2026-06-18T08:39:10,0.002,1.86
ip_shuffle,20260618T083910_741328,of:0000000000000001:2 -> of:000000000000000c:1,0.002,0.0025,0.002,0.002,1.86,2026-06-18T08:39:10,0.002,1.93
ip_shuffle,20260618T083910_741328,of:0000000000000003:2 -> of:0000000000000008:3,0.002,0.0025,0.002,0.002,2.53,2026-06-18T08:39:10,0.002,2.46
route_mutation,20260618T084008_426980,of:0000000000000005:1 -> of:000000000000000c:5,0.002,0.0025,0.002,0.002,2.06,2026-06-18T08:40:08,0.002,2.06
route_mutation,20260618T084008_426980,of:000000000000000a:1 -> of:000000000000000d:6,0.002,0.0025,0.002,0.002,1.53,2026-06-18T08:40:08,0.002,1.53
route_mutation,20260618T084008_426980,of:000000000000000b:2 -> of:000000000000000c:2,0.002,0.0025,0.002,0.002,1.73,2026-06-18T08:40:08,0.002,1.73
route_mutation,20260618T084008_426980,of:0000000000000004:2 -> of:0000000000000009:2,0.002,0.0025,0.002,0.002,1.66,2026-06-18T08:40:08,0.002,1.73
route_mutation,20260618T084008_426980,of:0000000000000005:2 -> of:0000000000000009:3,0.002,0.0025,0.002,0.002,1.66,2026-06-18T08:40:08,0.002,1.73
route_mutation,20260618T084008_426980,of:000000000000000b:3 -> of:000000000000000d:2,0.002,0.0025,0.002,0.002,1.73,2026-06-18T08:40:08,0.002,1.73
route_mutation,20260618T084008_426980,of:0000000000000004:1 -> of:000000000000000c:4,0.002,0.0025,0.002,0.002,2.33,2026-06-18T08:40:08,0.002,2.33
route_mutation,20260618T084008_426980,of:000000000000000c:3 -> of:000000000000000d:3,0.002,0.0025,0.002,0.002,1.73,2026-06-18T08:40:08,0.002,1.73
route_mutation,20260618T084008_426980,of:0000000000000001:1 -> of:000000000000000b:1,0.003,0.00375,0.003,0.003,3.43,2026-06-18T08:40:08,0.003,3.5
route_mutation,20260618T084008_426980,of:0000000000000006:1 -> of:000000000000000d:4,0.002,0.0025,0.002,0.001,1.46,2026-06-18T08:40:08,0.002,1.53
route_mutation,20260618T084008_426980,of:0000000000000002:1 -> of:000000000000000b:4,0.002,0.0025,0.002,0.002,2.4,2026-06-18T08:40:08,0.002,2.46
route_mutation,20260618T084008_426980,of:0000000000000001:3 -> of:000000000000000d:1,0.002,0.0025,0.002,0.001,1.46,2026-06-18T08:40:08,0.002,1.53
route_mutation,20260618T084008_426980,of:0000000000000006:2 -> of:000000000000000a:2,0.002,0.0025,0.002,0.002,1.66,2026-06-18T08:40:08,0.002,1.73
route_mutation,20260618T084008_426980,of:0000000000000003:1 -> of:000000000000000b:5,0.002,0.0025,0.002,0.002,2.43,2026-06-18T08:40:08,0.002,2.56
route_mutation,20260618T084008_426980,of:0000000000000007:1 -> of:000000000000000d:5,0.002,0.0025,0.002,0.001,1.46,2026-06-18T08:40:08,0.002,1.53
route_mutation,20260618T084008_426980,of:0000000000000007:2 -> of:000000000000000a:3,0.002,0.0025,0.002,0.002,1.66,2026-06-18T08:40:08,0.002,1.73
route_mutation,20260618T084008_426980,of:0000000000000002:2 -> of:0000000000000008:2,0.002,0.0025,0.002,0.002,1.66,2026-06-18T08:40:08,0.002,1.73
route_mutation,20260618T084008_426980,of:0000000000000008:1 -> of:000000000000000b:6,0.002,0.0025,0.002,0.002,1.53,2026-06-18T08:40:08,0.002,1.53
route_mutation,20260618T084008_426980,of:0000000000000009:1 -> of:000000000000000c:6,0.002,0.0025,0.002,0.002,1.53,2026-06-18T08:40:08,0.002,1.53
route_mutation,20260618T084008_426980,of:0000000000000001:2 -> of:000000000000000c:1,0.003,0.00375,0.003,0.002,2.73,2026-06-18T08:40:08,0.003,2.8
route_mutation,20260618T084008_426980,of:0000000000000003:2 -> of:0000000000000008:3,0.002,0.0025,0.002,0.001,1.6,2026-06-18T08:40:08,0.002,1.73
route_mutation,20260618T084038_667126,of:0000000000000005:1 -> of:000000000000000c:5,0.002,0.0025,0.002,0.002,2.16,2026-06-18T08:40:38,0.002,2.3
route_mutation,20260618T084038_667126,of:000000000000000a:1 -> of:000000000000000d:6,0.002,0.0025,0.002,0.002,2.03,2026-06-18T08:40:38,0.002,2.03
route_mutation,20260618T084038_667126,of:000000000000000b:2 -> of:000000000000000c:2,0.002,0.0025,0.002,0.002,2.73,2026-06-18T08:40:38,0.002,2.73
route_mutation,20260618T084038_667126,of:0000000000000004:2 -> of:0000000000000009:2,0.002,0.0025,0.002,0.002,2.66,2026-06-18T08:40:38,0.002,2.73
route_mutation,20260618T084038_667126,of:0000000000000005:2 -> of:0000000000000009:3,0.002,0.0025,0.002,0.002,2.66,2026-06-18T08:40:38,0.002,2.73
route_mutation,20260618T084038_667126,of:000000000000000b:3 -> of:000000000000000d:2,0.002,0.0025,0.002,0.002,2.73,2026-06-18T08:40:38,0.002,2.73
route_mutation,20260618T084038_667126,of:0000000000000004:1 -> of:000000000000000c:4,0.002,0.0025,0.002,0.002,1.9,2026-06-18T08:40:38,0.002,2.03
route_mutation,20260618T084038_667126,of:000000000000000c:3 -> of:000000000000000d:3,0.002,0.0025,0.002,0.002,2.73,2026-06-18T08:40:38,0.002,2.73
route_mutation,20260618T084038_667126,of:0000000000000001:1 -> of:000000000000000b:1,0.002,0.0025,0.002,0.002,1.96,2026-06-18T08:40:38,0.002,2.03
route_mutation,20260618T084038_667126,of:0000000000000006:1 -> of:000000000000000d:4,0.003,0.00375,0.003,0.002,3.06,2026-06-18T08:40:38,0.003,3.13
route_mutation,20260618T084038_667126,of:0000000000000002:1 -> of:000000000000000b:4,0.002,0.0025,0.002,0.002,1.96,2026-06-18T08:40:38,0.002,2.03
route_mutation,20260618T084038_667126,of:0000000000000001:3 -> of:000000000000000d:1,0.003,0.00375,0.003,0.003,4.03,2026-06-18T08:40:38,0.003,4.16
route_mutation,20260618T084038_667126,of:0000000000000006:2 -> of:000000000000000a:2,0.002,0.0025,0.002,0.002,2.66,2026-06-18T08:40:38,0.002,2.73
route_mutation,20260618T084038_667126,of:0000000000000003:1 -> of:000000000000000b:5,0.002,0.0025,0.002,0.002,2.03,2026-06-18T08:40:38,0.002,2.03
route_mutation,20260618T084038_667126,of:0000000000000007:1 -> of:000000000000000d:5,0.003,0.00375,0.003,0.003,3.06,2026-06-18T08:40:38,0.003,3.13
route_mutation,20260618T084038_667126,of:0000000000000007:2 -> of:000000000000000a:3,0.002,0.0025,0.002,0.002,2.66,2026-06-18T08:40:38,0.002,2.73
route_mutation,20260618T084038_667126,of:0000000000000002:2 -> of:0000000000000008:2,0.002,0.0025,0.002,0.002,2.66,2026-06-18T08:40:38,0.002,2.73
route_mutation,20260618T084038_667126,of:0000000000000008:1 -> of:000000000000000b:6,0.002,0.0025,0.002,0.002,1.96,2026-06-18T08:40:38,0.002,2.03
route_mutation,20260618T084038_667126,of:0000000000000009:1 -> of:000000000000000c:6,0.002,0.0025,0.002,0.002,2.03,2026-06-18T08:40:38,0.002,2.03
route_mutation,20260618T084038_667126,of:0000000000000001:2 -> of:000000000000000c:1,0.002,0.0025,0.002,0.002,2.3,2026-06-18T08:40:38,0.002,2.36
route_mutation,20260618T084038_667126,of:0000000000000003:2 -> of:0000000000000008:3,0.002,0.0025,0.002,0.002,2.73,2026-06-18T08:40:38,0.002,2.73
ip_shuffle,20260618T084108_909807,of:0000000000000005:1 -> of:000000000000000c:5,0.001,0.00125,0.001,0.001,1.33,2026-06-18T08:41:08,0.001,1.2
ip_shuffle,20260618T084108_909807,of:000000000000000a:1 -> of:000000000000000d:6,0.001,0.00125,0.001,0.001,1.2,2026-06-18T08:41:08,0.001,1.2
ip_shuffle,20260618T084108_909807,of:000000000000000b:2 -> of:000000000000000c:2,0.001,0.00125,0.001,0.001,1.2,2026-06-18T08:41:08,0.001,1.2
ip_shuffle,20260618T084108_909807,of:0000000000000004:2 -> of:0000000000000009:2,0.001,0.00125,0.001,0.001,1.33,2026-06-18T08:41:08,0.001,1.2
ip_shuffle,20260618T084108_909807,of:0000000000000005:2 -> of:0000000000000009:3,0.001,0.00125,0.001,0.001,1.33,2026-06-18T08:41:08,0.001,1.2
ip_shuffle,20260618T084108_909807,of:000000000000000b:3 -> of:000000000000000d:2,0.001,0.00125,0.001,0.001,1.2,2026-06-18T08:41:08,0.001,1.2
ip_shuffle,20260618T084108_909807,of:0000000000000004:1 -> of:000000000000000c:4,0.001,0.00125,0.001,0.001,1.33,2026-06-18T08:41:08,0.001,1.2
ip_shuffle,20260618T084108_909807,of:000000000000000c:3 -> of:000000000000000d:3,0.001,0.00125,0.001,0.001,1.2,2026-06-18T08:41:08,0.001,1.2
ip_shuffle,20260618T084108_909807,of:0000000000000001:1 -> of:000000000000000b:1,0.002,0.0025,0.002,0.002,1.37,2026-06-18T08:41:08,0.001,1.2
ip_shuffle,20260618T084108_909807,of:0000000000000006:1 -> of:000000000000000d:4,0.001,0.00125,0.001,0.001,1.33,2026-06-18T08:41:08,0.001,1.2
ip_shuffle,20260618T084108_909807,of:0000000000000002:1 -> of:000000000000000b:4,0.002,0.0025,0.002,0.002,1.37,2026-06-18T08:41:08,0.001,1.23
ip_shuffle,20260618T084108_909807,of:0000000000000001:3 -> of:000000000000000d:1,0.002,0.0025,0.002,0.002,1.56,2026-06-18T08:41:08,0.001,1.37
ip_shuffle,20260618T084108_909807,of:0000000000000006:2 -> of:000000000000000a:2,0.001,0.00125,0.001,0.001,1.33,2026-06-18T08:41:08,0.001,1.2
ip_shuffle,20260618T084108_909807,of:0000000000000003:1 -> of:000000000000000b:5,0.001,0.00125,0.001,0.001,1.33,2026-06-18T08:41:08,0.001,1.2
ip_shuffle,20260618T084108_909807,of:0000000000000007:1 -> of:000000000000000d:5,0.002,0.0025,0.002,0.002,1.43,2026-06-18T08:41:08,0.001,1.3
ip_shuffle,20260618T084108_909807,of:0000000000000007:2 -> of:000000000000000a:3,0.001,0.00125,0.001,0.001,1.33,2026-06-18T08:41:08,0.001,1.2
ip_shuffle,20260618T084108_909807,of:0000000000000002:2 -> of:0000000000000008:2,0.001,0.00125,0.001,0.001,1.33,2026-06-18T08:41:08,0.001,1.2
ip_shuffle,20260618T084108_909807,of:0000000000000008:1 -> of:000000000000000b:6,0.001,0.00125,0.001,0.001,1.27,2026-06-18T08:41:08,0.001,1.2
ip_shuffle,20260618T084108_909807,of:0000000000000009:1 -> of:000000000000000c:6,0.001,0.00125,0.001,0.001,1.2,2026-06-18T08:41:08,0.001,1.2
ip_shuffle,20260618T084108_909807,of:0000000000000001:2 -> of:000000000000000c:1,0.001,0.00125,0.001,0.001,1.33,2026-06-18T08:41:08,0.001,1.2
ip_shuffle,20260618T084108_909807,of:0000000000000003:2 -> of:0000000000000008:3,0.001,0.00125,0.001,0.001,1.33,2026-06-18T08:41:08,0.001,1.2
ip_shuffle,20260618T084206_487011,of:0000000000000005:1 -> of:000000000000000c:5,0.002,0.0025,0.002,0.002,1.96,2026-06-18T08:42:06,0.002,1.96
ip_shuffle,20260618T084206_487011,of:000000000000000a:1 -> of:000000000000000d:6,0.002,0.0025,0.002,0.002,1.56,2026-06-18T08:42:06,0.002,1.56
ip_shuffle,20260618T084206_487011,of:000000000000000b:2 -> of:000000000000000c:2,0.002,0.0025,0.002,0.002,1.8,2026-06-18T08:42:06,0.002,1.8
ip_shuffle,20260618T084206_487011,of:0000000000000004:2 -> of:0000000000000009:2,0.002,0.0025,0.002,0.002,1.73,2026-06-18T08:42:06,0.002,1.8
ip_shuffle,20260618T084206_487011,of:0000000000000005:2 -> of:0000000000000009:3,0.002,0.0025,0.002,0.002,1.73,2026-06-18T08:42:06,0.002,1.8
ip_shuffle,20260618T084206_487011,of:000000000000000b:3 -> of:000000000000000d:2,0.002,0.0025,0.002,0.002,1.8,2026-06-18T08:42:06,0.002,1.8
ip_shuffle,20260618T084206_487011,of:0000000000000004:1 -> of:000000000000000c:4,0.002,0.0025,0.002,0.002,2.36,2026-06-18T08:42:06,0.002,2.36
ip_shuffle,20260618T084206_487011,of:000000000000000c:3 -> of:000000000000000d:3,0.002,0.0025,0.002,0.002,1.8,2026-06-18T08:42:06,0.002,1.8
ip_shuffle,20260618T084206_487011,of:0000000000000001:1 -> of:000000000000000b:1,0.003,0.00375,0.003,0.003,3.53,2026-06-18T08:42:06,0.003,3.63
ip_shuffle,20260618T084206_487011,of:0000000000000006:1 -> of:000000000000000d:4,0.002,0.0025,0.002,0.002,2.13,2026-06-18T08:42:06,0.002,2.2
ip_shuffle,20260618T084206_487011,of:0000000000000002:1 -> of:000000000000000b:4,0.002,0.0025,0.002,0.002,2.5,2026-06-18T08:42:06,0.002,2.56
ip_shuffle,20260618T084206_487011,of:0000000000000001:3 -> of:000000000000000d:1,0.002,0.0025,0.002,0.002,2.13,2026-06-18T08:42:06,0.002,2.2
ip_shuffle,20260618T084206_487011,of:0000000000000006:2 -> of:000000000000000a:2,0.002,0.0025,0.002,0.002,1.73,2026-06-18T08:42:06,0.002,1.8
ip_shuffle,20260618T084206_487011,of:0000000000000003:1 -> of:000000000000000b:5,0.002,0.0025,0.002,0.002,2.53,2026-06-18T08:42:06,0.002,2.6
ip_shuffle,20260618T084206_487011,of:0000000000000007:1 -> of:000000000000000d:5,0.002,0.0025,0.002,0.001,1.5,2026-06-18T08:42:06,0.002,1.56
ip_shuffle,20260618T084206_487011,of:0000000000000007:2 -> of:000000000000000a:3,0.002,0.0025,0.002,0.002,1.73,2026-06-18T08:42:06,0.002,1.8
ip_shuffle,20260618T084206_487011,of:0000000000000002:2 -> of:0000000000000008:2,0.002,0.0025,0.002,0.002,1.73,2026-06-18T08:42:06,0.002,1.8
ip_shuffle,20260618T084206_487011,of:0000000000000008:1 -> of:000000000000000b:6,0.002,0.0025,0.002,0.002,1.56,2026-06-18T08:42:06,0.002,1.56
ip_shuffle,20260618T084206_487011,of:0000000000000009:1 -> of:000000000000000c:6,0.002,0.0025,0.002,0.002,1.56,2026-06-18T08:42:06,0.002,1.56
ip_shuffle,20260618T084206_487011,of:0000000000000001:2 -> of:000000000000000c:1,0.002,0.0025,0.002,0.002,2.63,2026-06-18T08:42:06,0.002,2.7
ip_shuffle,20260618T084206_487011,of:0000000000000003:2 -> of:0000000000000008:3,0.002,0.0025,0.002,0.001,1.66,2026-06-18T08:42:06,0.002,1.8
ip_shuffle,20260618T084305_086655,of:0000000000000005:1 -> of:000000000000000c:5,0.002,0.0025,0.002,0.002,1.4,2026-06-18T08:43:05,0.001,1.3
ip_shuffle,20260618T084305_086655,of:000000000000000a:1 -> of:000000000000000d:6,0.001,0.00125,0.001,0.001,1.23,2026-06-18T08:43:05,0.001,1.23
ip_shuffle,20260618T084305_086655,of:000000000000000b:2 -> of:000000000000000c:2,0.001,0.00125,0.001,0.001,1.26,2026-06-18T08:43:05,0.001,1.26
ip_shuffle,20260618T084305_086655,of:0000000000000004:2 -> of:0000000000000009:2,0.002,0.0025,0.002,0.002,1.43,2026-06-18T08:43:05,0.001,1.3
ip_shuffle,20260618T084305_086655,of:0000000000000005:2 -> of:0000000000000009:3,0.002,0.0025,0.002,0.002,1.43,2026-06-18T08:43:05,0.001,1.36
ip_shuffle,20260618T084305_086655,of:000000000000000b:3 -> of:000000000000000d:2,0.001,0.00125,0.001,0.001,1.26,2026-06-18T08:43:05,0.001,1.26
ip_shuffle,20260618T084305_086655,of:0000000000000004:1 -> of:000000000000000c:4,0.002,0.0025,0.002,0.002,1.4,2026-06-18T08:43:05,0.001,1.23
ip_shuffle,20260618T084305_086655,of:000000000000000c:3 -> of:000000000000000d:3,0.001,0.00125,0.001,0.001,1.26,2026-06-18T08:43:05,0.001,1.26
ip_shuffle,20260618T084305_086655,of:0000000000000001:1 -> of:000000000000000b:1,0.002,0.0025,0.002,0.002,1.76,2026-06-18T08:43:05,0.002,1.66
ip_shuffle,20260618T084305_086655,of:0000000000000006:1 -> of:000000000000000d:4,0.002,0.0025,0.002,0.002,1.53,2026-06-18T08:43:05,0.001,1.4
ip_shuffle,20260618T084305_086655,of:0000000000000002:1 -> of:000000000000000b:4,0.002,0.0025,0.002,0.002,1.4,2026-06-18T08:43:05,0.001,1.3
ip_shuffle,20260618T084305_086655,of:0000000000000001:3 -> of:000000000000000d:1,0.002,0.0025,0.002,0.002,1.76,2026-06-18T08:43:05,0.002,1.6
ip_shuffle,20260618T084305_086655,of:0000000000000006:2 -> of:000000000000000a:2,0.002,0.0025,0.002,0.002,1.4,2026-06-18T08:43:05,0.001,1.26
ip_shuffle,20260618T084305_086655,of:0000000000000003:1 -> of:000000000000000b:5,0.002,0.0025,0.002,0.002,1.79,2026-06-18T08:43:05,0.002,1.63
ip_shuffle,20260618T084305_086655,of:0000000000000007:1 -> of:000000000000000d:5,0.002,0.0025,0.002,0.002,1.56,2026-06-18T08:43:05,0.002,1.5
ip_shuffle,20260618T084305_086655,of:0000000000000007:2 -> of:000000000000000a:3,0.002,0.0025,0.002,0.002,1.4,2026-06-18T08:43:05,0.001,1.26
ip_shuffle,20260618T084305_086655,of:0000000000000002:2 -> of:0000000000000008:2,0.002,0.0025,0.002,0.002,1.43,2026-06-18T08:43:05,0.001,1.36
ip_shuffle,20260618T084305_086655,of:0000000000000008:1 -> of:000000000000000b:6,0.001,0.00125,0.001,0.001,1.23,2026-06-18T08:43:05,0.001,1.23
ip_shuffle,20260618T084305_086655,of:0000000000000009:1 -> of:000000000000000c:6,0.001,0.00125,0.001,0.001,1.23,2026-06-18T08:43:05,0.001,1.23
ip_shuffle,20260618T084305_086655,of:0000000000000001:2 -> of:000000000000000c:1,0.001,0.00125,0.001,0.001,1.36,2026-06-18T08:43:05,0.001,1.26
ip_shuffle,20260618T084305_086655,of:0000000000000003:2 -> of:0000000000000008:3,0.002,0.0025,0.002,0.002,1.43,2026-06-18T08:43:05,0.001,1.3
route_mutation,20260618T084402_876293,of:0000000000000005:1 -> of:000000000000000c:5,0.002,0.0025,0.002,0.002,2.46,2026-06-18T08:44:02,0.002,2.53
route_mutation,20260618T084402_876293,of:000000000000000a:1 -> of:000000000000000d:6,0.002,0.0025,0.002,0.002,1.73,2026-06-18T08:44:02,0.002,1.73
route_mutation,20260618T084402_876293,of:000000000000000b:2 -> of:000000000000000c:2,0.002,0.0025,0.002,0.002,2.13,2026-06-18T08:44:02,0.002,2.13
route_mutation,20260618T084402_876293,of:0000000000000004:2 -> of:0000000000000009:2,0.002,0.0025,0.002,0.002,2.16,2026-06-18T08:44:02,0.002,2.23
route_mutation,20260618T084402_876293,of:0000000000000005:2 -> of:0000000000000009:3,0.002,0.0025,0.002,0.002,2.16,2026-06-18T08:44:02,0.002,2.23
route_mutation,20260618T084402_876293,of:000000000000000b:3 -> of:000000000000000d:2,0.002,0.0025,0.002,0.002,2.13,2026-06-18T08:44:02,0.002,2.13
route_mutation,20260618T084402_876293,of:0000000000000004:1 -> of:000000000000000c:4,0.002,0.0025,0.002,0.002,2.4,2026-06-18T08:44:02,0.002,2.43
route_mutation,20260618T084402_876293,of:000000000000000c:3 -> of:000000000000000d:3,0.002,0.0025,0.002,0.002,2.13,2026-06-18T08:44:02,0.002,2.13
route_mutation,20260618T084402_876293,of:0000000000000001:1 -> of:000000000000000b:1,0.002,0.0025,0.002,0.002,1.7,2026-06-18T08:44:02,0.002,1.8
route_mutation,20260618T084402_876293,of:0000000000000006:1 -> of:000000000000000d:4,0.003,0.00375,0.003,0.003,3.46,2026-06-18T08:44:02,0.003,3.49
route_mutation,20260618T084402_876293,of:0000000000000002:1 -> of:000000000000000b:4,0.002,0.0025,0.002,0.002,1.7,2026-06-18T08:44:02,0.002,1.73
route_mutation,20260618T084402_876293,of:0000000000000001:3 -> of:000000000000000d:1,0.003,0.00375,0.003,0.003,3.83,2026-06-18T08:44:02,0.003,3.89
route_mutation,20260618T084402_876293,of:0000000000000006:2 -> of:000000000000000a:2,0.002,0.0025,0.002,0.002,2.13,2026-06-18T08:44:02,0.002,2.2
route_mutation,20260618T084402_876293,of:0000000000000003:1 -> of:000000000000000b:5,0.002,0.0025,0.002,0.002,1.73,2026-06-18T08:44:02,0.002,1.76
route_mutation,20260618T084402_876293,of:0000000000000007:1 -> of:000000000000000d:5,0.002,0.0025,0.002,0.002,2.76,2026-06-18T08:44:02,0.002,2.76
route_mutation,20260618T084402_876293,of:0000000000000007:2 -> of:000000000000000a:3,0.002,0.0025,0.002,0.002,2.13,2026-06-18T08:44:02,0.002,2.2
route_mutation,20260618T084402_876293,of:0000000000000002:2 -> of:0000000000000008:2,0.002,0.0025,0.002,0.002,2.16,2026-06-18T08:44:02,0.002,2.23
route_mutation,20260618T084402_876293,of:0000000000000008:1 -> of:000000000000000b:6,0.002,0.0025,0.002,0.002,1.8,2026-06-18T08:44:02,0.002,1.73
route_mutation,20260618T084402_876293,of:0000000000000009:1 -> of:000000000000000c:6,0.002,0.0025,0.002,0.002,1.76,2026-06-18T08:44:02,0.002,1.73
route_mutation,20260618T084402_876293,of:0000000000000001:2 -> of:000000000000000c:1,0.003,0.00375,0.003,0.003,3.16,2026-06-18T08:44:02,0.003,3.3
route_mutation,20260618T084402_876293,of:0000000000000003:2 -> of:0000000000000008:3,0.002,0.0025,0.002,0.002,2.16,2026-06-18T08:44:02,0.002,2.23
ip_shuffle,20260618T084433_124143,of:0000000000000005:1 -> of:000000000000000c:5,0.002,0.0025,0.002,0.002,1.53,2026-06-18T08:44:33,0.001,1.47
ip_shuffle,20260618T084433_124143,of:000000000000000a:1 -> of:000000000000000d:6,0.001,0.00125,0.001,0.001,1.4,2026-06-18T08:44:33,0.001,1.4
ip_shuffle,20260618T084433_124143,of:000000000000000b:2 -> of:000000000000000c:2,0.001,0.00125,0.001,0.001,1.6,2026-06-18T08:44:33,0.001,1.6
ip_shuffle,20260618T084433_124143,of:0000000000000004:2 -> of:0000000000000009:2,0.002,0.0025,0.002,0.002,1.73,2026-06-18T08:44:33,0.001,1.6
ip_shuffle,20260618T084433_124143,of:0000000000000005:2 -> of:0000000000000009:3,0.002,0.0025,0.002,0.002,1.73,2026-06-18T08:44:33,0.002,1.66
ip_shuffle,20260618T084433_124143,of:000000000000000b:3 -> of:000000000000000d:2,0.001,0.00125,0.001,0.001,1.6,2026-06-18T08:44:33,0.001,1.6
ip_shuffle,20260618T084433_124143,of:0000000000000004:1 -> of:000000000000000c:4,0.002,0.0025,0.002,0.002,1.53,2026-06-18T08:44:33,0.001,1.4
ip_shuffle,20260618T084433_124143,of:000000000000000c:3 -> of:000000000000000d:3,0.001,0.00125,0.001,0.001,1.6,2026-06-18T08:44:33,0.001,1.6
ip_shuffle,20260618T084433_124143,of:0000000000000001:1 -> of:000000000000000b:1,0.002,0.0025,0.002,0.002,1.53,2026-06-18T08:44:33,0.001,1.5
ip_shuffle,20260618T084433_124143,of:0000000000000006:1 -> of:000000000000000d:4,0.002,0.0025,0.002,0.002,1.53,2026-06-18T08:44:33,0.001,1.4
ip_shuffle,20260618T084433_124143,of:0000000000000002:1 -> of:000000000000000b:4,0.002,0.0025,0.002,0.002,1.57,2026-06-18T08:44:33,0.001,1.47
ip_shuffle,20260618T084433_124143,of:0000000000000001:3 -> of:000000000000000d:1,0.002,0.0025,0.002,0.002,2.3,2026-06-18T08:44:33,0.002,2.2
ip_shuffle,20260618T084433_124143,of:0000000000000006:2 -> of:000000000000000a:2,0.002,0.0025,0.002,0.002,1.73,2026-06-18T08:44:33,0.001,1.6
ip_shuffle,20260618T084433_124143,of:0000000000000003:1 -> of:000000000000000b:5,0.002,0.0025,0.002,0.002,1.57,2026-06-18T08:44:33,0.001,1.4
ip_shuffle,20260618T084433_124143,of:0000000000000007:1 -> of:000000000000000d:5,0.002,0.0025,0.002,0.002,2.26,2026-06-18T08:44:33,0.002,2.26
ip_shuffle,20260618T084433_124143,of:0000000000000007:2 -> of:000000000000000a:3,0.002,0.0025,0.002,0.002,1.73,2026-06-18T08:44:33,0.002,1.66
ip_shuffle,20260618T084433_124143,of:0000000000000002:2 -> of:0000000000000008:2,0.002,0.0025,0.002,0.002,1.76,2026-06-18T08:44:33,0.002,1.7
ip_shuffle,20260618T084433_124143,of:0000000000000008:1 -> of:000000000000000b:6,0.001,0.00125,0.001,0.001,1.4,2026-06-18T08:44:33,0.001,1.4
ip_shuffle,20260618T084433_124143,of:0000000000000009:1 -> of:000000000000000c:6,0.001,0.00125,0.001,0.001,1.4,2026-06-18T08:44:33,0.001,1.4
ip_shuffle,20260618T084433_124143,of:0000000000000001:2 -> of:000000000000000c:1,0.002,0.0025,0.002,0.002,1.53,2026-06-18T08:44:33,0.001,1.5
ip_shuffle,20260618T084433_124143,of:0000000000000003:2 -> of:0000000000000008:3,0.002,0.0025,0.002,0.002,1.76,2026-06-18T08:44:33,0.001,1.63
route_mutation,20260618T084530_708595,of:0000000000000005:1 -> of:000000000000000c:5,0.002,0.0025,0.002,0.002,2.4,2026-06-18T08:45:30,0.002,2.56
route_mutation,20260618T084530_708595,of:000000000000000a:1 -> of:000000000000000d:6,0.002,0.0025,0.002,0.002,1.73,2026-06-18T08:45:30,0.002,1.76
route_mutation,20260618T084530_708595,of:000000000000000b:2 -> of:000000000000000c:2,0.002,0.0025,0.002,0.002,2.2,2026-06-18T08:45:30,0.002,2.2
route_mutation,20260618T084530_708595,of:0000000000000004:2 -> of:0000000000000009:2,0.002,0.0025,0.002,0.002,2.06,2026-06-18T08:45:30,0.002,2.13
route_mutation,20260618T084530_708595,of:0000000000000005:2 -> of:0000000000000009:3,0.002,0.0025,0.002,0.002,2.06,2026-06-18T08:45:30,0.002,2.13
route_mutation,20260618T084530_708595,of:000000000000000b:3 -> of:000000000000000d:2,0.002,0.0025,0.002,0.002,2.2,2026-06-18T08:45:30,0.002,2.2
route_mutation,20260618T084530_708595,of:0000000000000004:1 -> of:000000000000000c:4,0.002,0.0025,0.002,0.002,2.23,2026-06-18T08:45:30,0.002,2.36
route_mutation,20260618T084530_708595,of:000000000000000c:3 -> of:000000000000000d:3,0.002,0.0025,0.002,0.002,2.2,2026-06-18T08:45:30,0.002,2.2
route_mutation,20260618T084530_708595,of:0000000000000001:1 -> of:000000000000000b:1,0.002,0.0025,0.002,0.002,1.7,2026-06-18T08:45:30,0.002,1.73
route_mutation,20260618T084530_708595,of:0000000000000006:1 -> of:000000000000000d:4,0.002,0.0025,0.002,0.002,2.76,2026-06-18T08:45:30,0.002,2.93
route_mutation,20260618T084530_708595,of:0000000000000002:1 -> of:000000000000000b:4,0.002,0.0025,0.002,0.002,1.66,2026-06-18T08:45:30,0.002,1.76
route_mutation,20260618T084530_708595,of:0000000000000001:3 -> of:000000000000000d:1,0.003,0.00375,0.003,0.003,3.76,2026-06-18T08:45:30,0.003,3.83
route_mutation,20260618T084530_708595,of:0000000000000006:2 -> of:000000000000000a:2,0.002,0.0025,0.002,0.002,2.06,2026-06-18T08:45:30,0.002,2.13
route_mutation,20260618T084530_708595,of:0000000000000003:1 -> of:000000000000000b:5,0.002,0.0025,0.002,0.001,1.6,2026-06-18T08:45:30,0.002,1.76
route_mutation,20260618T084530_708595,of:0000000000000007:1 -> of:000000000000000d:5,0.003,0.00375,0.003,0.002,2.83,2026-06-18T08:45:30,0.003,2.96
route_mutation,20260618T084530_708595,of:0000000000000007:2 -> of:000000000000000a:3,0.002,0.0025,0.002,0.002,2.06,2026-06-18T08:45:30,0.002,2.13
route_mutation,20260618T084530_708595,of:0000000000000002:2 -> of:0000000000000008:2,0.002,0.0025,0.002,0.002,2.06,2026-06-18T08:45:30,0.002,2.13
route_mutation,20260618T084530_708595,of:0000000000000008:1 -> of:000000000000000b:6,0.002,0.0025,0.002,0.002,1.73,2026-06-18T08:45:30,0.002,1.76
route_mutation,20260618T084530_708595,of:0000000000000009:1 -> of:000000000000000c:6,0.002,0.0025,0.002,0.002,1.73,2026-06-18T08:45:30,0.002,1.76
route_mutation,20260618T084530_708595,of:0000000000000001:2 -> of:000000000000000c:1,0.003,0.00375,0.003,0.003,3.16,2026-06-18T08:45:30,0.003,3.16
route_mutation,20260618T084530_708595,of:0000000000000003:2 -> of:0000000000000008:3,0.002,0.0025,0.002,0.002,2.06,2026-06-18T08:45:30,0.002,2.13
route_mutation,20260618T084600_943513,of:0000000000000005:1 -> of:000000000000000c:5,0.002,0.0025,0.002,0.002,1.53,2026-06-18T08:46:00,0.001,1.43
route_mutation,20260618T084600_943513,of:000000000000000a:1 -> of:000000000000000d:6,0.001,0.00125,0.001,0.001,1.4,2026-06-18T08:46:00,0.001,1.36
route_mutation,20260618T084600_943513,of:000000000000000b:2 -> of:000000000000000c:2,0.001,0.00125,0.001,0.001,1.53,2026-06-18T08:46:00,0.001,1.53
route_mutation,20260618T084600_943513,of:0000000000000004:2 -> of:0000000000000009:2,0.002,0.0025,0.002,0.002,1.73,2026-06-18T08:46:00,0.002,1.66
route_mutation,20260618T084600_943513,of:0000000000000005:2 -> of:0000000000000009:3,0.002,0.0025,0.002,0.002,1.73,2026-06-18T08:46:00,0.002,1.66
route_mutation,20260618T084600_943513,of:000000000000000b:3 -> of:000000000000000d:2,0.001,0.00125,0.001,0.001,1.53,2026-06-18T08:46:00,0.001,1.53
route_mutation,20260618T084600_943513,of:0000000000000004:1 -> of:000000000000000c:4,0.002,0.0025,0.002,0.002,1.53,2026-06-18T08:46:00,0.001,1.43
route_mutation,20260618T084600_943513,of:000000000000000c:3 -> of:000000000000000d:3,0.001,0.00125,0.001,0.001,1.53,2026-06-18T08:46:00,0.001,1.53
route_mutation,20260618T084600_943513,of:0000000000000001:1 -> of:000000000000000b:1,0.002,0.0025,0.002,0.002,1.5,2026-06-18T08:46:00,0.001,1.46
route_mutation,20260618T084600_943513,of:0000000000000006:1 -> of:000000000000000d:4,0.002,0.0025,0.002,0.002,1.53,2026-06-18T08:46:00,0.001,1.36
route_mutation,20260618T084600_943513,of:0000000000000002:1 -> of:000000000000000b:4,0.002,0.0025,0.002,0.002,1.53,2026-06-18T08:46:00,0.001,1.43
route_mutation,20260618T084600_943513,of:0000000000000001:3 -> of:000000000000000d:1,0.002,0.0025,0.002,0.002,2.13,2026-06-18T08:46:00,0.002,2.06
route_mutation,20260618T084600_943513,of:0000000000000006:2 -> of:000000000000000a:2,0.002,0.0025,0.002,0.002,1.73,2026-06-18T08:46:00,0.001,1.6
route_mutation,20260618T084600_943513,of:0000000000000003:1 -> of:000000000000000b:5,0.002,0.0025,0.002,0.002,1.53,2026-06-18T08:46:00,0.001,1.36
route_mutation,20260618T084600_943513,of:0000000000000007:1 -> of:000000000000000d:5,0.002,0.0025,0.002,0.002,2.06,2026-06-18T08:46:00,0.002,2.0
route_mutation,20260618T084600_943513,of:0000000000000007:2 -> of:000000000000000a:3,0.002,0.0025,0.002,0.002,1.73,2026-06-18T08:46:00,0.002,1.66
route_mutation,20260618T084600_943513,of:0000000000000002:2 -> of:0000000000000008:2,0.002,0.0025,0.002,0.002,1.73,2026-06-18T08:46:00,0.002,1.66
route_mutation,20260618T084600_943513,of:0000000000000008:1 -> of:000000000000000b:6,0.001,0.00125,0.001,0.001,1.4,2026-06-18T08:46:00,0.001,1.36
route_mutation,20260618T084600_943513,of:0000000000000009:1 -> of:000000000000000c:6,0.001,0.00125,0.001,0.001,1.4,2026-06-18T08:46:00,0.001,1.36
route_mutation,20260618T084600_943513,of:0000000000000001:2 -> of:000000000000000c:1,0.001,0.00125,0.001,0.001,1.43,2026-06-18T08:46:00,0.001,1.46
route_mutation,20260618T084600_943513,of:0000000000000003:2 -> of:0000000000000008:3,0.002,0.0025,0.002,0.002,1.73,2026-06-18T08:46:00,0.001,1.6
ip_shuffle,20260618T084631_207650,of:0000000000000005:1 -> of:000000000000000c:5,0.002,0.0025,0.002,0.002,1.53,2026-06-18T08:46:31,0.001,1.46
ip_shuffle,20260618T084631_207650,of:000000000000000a:1 -> of:000000000000000d:6,0.002,0.0025,0.002,0.002,1.53,2026-06-18T08:46:31,0.002,1.53
ip_shuffle,20260618T084631_207650,of:000000000000000b:2 -> of:000000000000000c:2,0.002,0.0025,0.002,0.002,1.73,2026-06-18T08:46:31,0.002,1.73
ip_shuffle,20260618T084631_207650,of:0000000000000004:2 -> of:0000000000000009:2,0.002,0.0025,0.002,0.002,1.73,2026-06-18T08:46:31,0.002,1.66
ip_shuffle,20260618T084631_207650,of:0000000000000005:2 -> of:0000000000000009:3,0.002,0.0025,0.002,0.002,1.73,2026-06-18T08:46:31,0.002,1.66
ip_shuffle,20260618T084631_207650,of:000000000000000b:3 -> of:000000000000000d:2,0.002,0.0025,0.002,0.002,1.73,2026-06-18T08:46:31,0.002,1.73
ip_shuffle,20260618T084631_207650,of:0000000000000004:1 -> of:000000000000000c:4,0.002,0.0025,0.002,0.002,1.8,2026-06-18T08:46:31,0.002,1.7
ip_shuffle,20260618T084631_207650,of:000000000000000c:3 -> of:000000000000000d:3,0.002,0.0025,0.002,0.002,1.73,2026-06-18T08:46:31,0.002,1.73
ip_shuffle,20260618T084631_207650,of:0000000000000001:1 -> of:000000000000000b:1,0.003,0.00375,0.003,0.003,3.53,2026-06-18T08:46:31,0.003,3.53
ip_shuffle,20260618T084631_207650,of:0000000000000006:1 -> of:000000000000000d:4,0.002,0.0025,0.002,0.002,1.53,2026-06-18T08:46:31,0.002,1.53
ip_shuffle,20260618T084631_207650,of:0000000000000002:1 -> of:000000000000000b:4,0.002,0.0025,0.002,0.002,2.49,2026-06-18T08:46:31,0.002,2.49
ip_shuffle,20260618T084631_207650,of:0000000000000001:3 -> of:000000000000000d:1,0.001,0.00125,0.001,0.001,1.46,2026-06-18T08:46:31,0.001,1.46
ip_shuffle,20260618T084631_207650,of:0000000000000006:2 -> of:000000000000000a:2,0.002,0.0025,0.002,0.002,1.66,2026-06-18T08:46:31,0.002,1.73
ip_shuffle,20260618T084631_207650,of:0000000000000003:1 -> of:000000000000000b:5,0.002,0.0025,0.002,0.002,2.56,2026-06-18T08:46:31,0.002,2.56
ip_shuffle,20260618T084631_207650,of:0000000000000007:1 -> of:000000000000000d:5,0.002,0.0025,0.002,0.002,1.53,2026-06-18T08:46:31,0.001,1.46
ip_shuffle,20260618T084631_207650,of:0000000000000007:2 -> of:000000000000000a:3,0.002,0.0025,0.002,0.002,1.66,2026-06-18T08:46:31,0.002,1.66
ip_shuffle,20260618T084631_207650,of:0000000000000002:2 -> of:0000000000000008:2,0.002,0.0025,0.002,0.002,1.66,2026-06-18T08:46:31,0.002,1.66
ip_shuffle,20260618T084631_207650,of:0000000000000008:1 -> of:000000000000000b:6,0.002,0.0025,0.002,0.002,1.53,2026-06-18T08:46:31,0.002,1.53
ip_shuffle,20260618T084631_207650,of:0000000000000009:1 -> of:000000000000000c:6,0.002,0.0025,0.002,0.002,1.53,2026-06-18T08:46:31,0.002,1.53
ip_shuffle,20260618T084631_207650,of:0000000000000001:2 -> of:000000000000000c:1,0.002,0.0025,0.002,0.002,1.66,2026-06-18T08:46:31,0.002,1.66
ip_shuffle,20260618T084631_207650,of:0000000000000003:2 -> of:0000000000000008:3,0.002,0.0025,0.002,0.002,1.73,2026-06-18T08:46:31,0.002,1.73
ip_shuffle,20260618T084728_818348,of:0000000000000005:1 -> of:000000000000000c:5,0.002,0.0025,0.002,0.002,1.53,2026-06-18T08:47:28,0.001,1.43
ip_shuffle,20260618T084728_818348,of:000000000000000a:1 -> of:000000000000000d:6,0.001,0.00125,0.001,0.001,1.36,2026-06-18T08:47:28,0.001,1.36
ip_shuffle,20260618T084728_818348,of:000000000000000b:2 -> of:000000000000000c:2,0.001,0.00125,0.001,0.001,1.53,2026-06-18T08:47:28,0.001,1.53
ip_shuffle,20260618T084728_818348,of:0000000000000004:2 -> of:0000000000000009:2,0.002,0.0025,0.002,0.002,1.7,2026-06-18T08:47:28,0.002,1.63
ip_shuffle,20260618T084728_818348,of:0000000000000005:2 -> of:0000000000000009:3,0.002,0.0025,0.002,0.002,1.7,2026-06-18T08:47:28,0.002,1.63
ip_shuffle,20260618T084728_818348,of:000000000000000b:3 -> of:000000000000000d:2,0.001,0.00125,0.001,0.001,1.53,2026-06-18T08:47:28,0.001,1.53
ip_shuffle,20260618T084728_818348,of:0000000000000004:1 -> of:000000000000000c:4,0.002,0.0025,0.002,0.002,1.53,2026-06-18T08:47:28,0.001,1.43
ip_shuffle,20260618T084728_818348,of:000000000000000c:3 -> of:000000000000000d:3,0.001,0.00125,0.001,0.001,1.53,2026-06-18T08:47:28,0.001,1.53
ip_shuffle,20260618T084728_818348,of:0000000000000001:1 -> of:000000000000000b:1,0.002,0.0025,0.002,0.002,1.5,2026-06-18T08:47:28,0.001,1.46
ip_shuffle,20260618T084728_818348,of:0000000000000006:1 -> of:000000000000000d:4,0.002,0.0025,0.002,0.002,1.76,2026-06-18T08:47:28,0.002,1.66
ip_shuffle,20260618T084728_818348,of:0000000000000002:1 -> of:000000000000000b:4,0.002,0.0025,0.002,0.002,1.53,2026-06-18T08:47:28,0.001,1.43
ip_shuffle,20260618T084728_818348,of:0000000000000001:3 -> of:000000000000000d:1,0.002,0.0025,0.002,0.002,2.5,2026-06-18T08:47:28,0.002,2.43
ip_shuffle,20260618T084728_818348,of:0000000000000006:2 -> of:000000000000000a:2,0.002,0.0025,0.002,0.002,1.7,2026-06-18T08:47:28,0.002,1.63
ip_shuffle,20260618T084728_818348,of:0000000000000003:1 -> of:000000000000000b:5,0.002,0.0025,0.002,0.002,1.53,2026-06-18T08:47:28,0.001,1.36
ip_shuffle,20260618T084728_818348,of:0000000000000007:1 -> of:000000000000000d:5,0.002,0.0025,0.002,0.002,2.06,2026-06-18T08:47:28,0.002,2.06
ip_shuffle,20260618T084728_818348,of:0000000000000007:2 -> of:000000000000000a:3,0.002,0.0025,0.002,0.002,1.63,2026-06-18T08:47:28,0.002,1.63
ip_shuffle,20260618T084728_818348,of:0000000000000002:2 -> of:0000000000000008:2,0.002,0.0025,0.002,0.002,1.7,2026-06-18T08:47:28,0.002,1.63
ip_shuffle,20260618T084728_818348,of:0000000000000008:1 -> of:000000000000000b:6,0.001,0.00125,0.001,0.001,1.36,2026-06-18T08:47:28,0.001,1.36
ip_shuffle,20260618T084728_818348,of:0000000000000009:1 -> of:000000000000000c:6,0.001,0.00125,0.001,0.001,1.36,2026-06-18T08:47:28,0.001,1.36
ip_shuffle,20260618T084728_818348,of:0000000000000001:2 -> of:000000000000000c:1,0.001,0.00125,0.001,0.001,1.43,2026-06-18T08:47:28,0.001,1.46
ip_shuffle,20260618T084728_818348,of:0000000000000003:2 -> of:0000000000000008:3,0.002,0.0025,0.002,0.002,1.7,2026-06-18T08:47:28,0.001,1.56
route_mutation,20260618T084826_402277,of:0000000000000005:1 -> of:000000000000000c:5,0.002,0.0025,0.002,0.002,2.43,2026-06-18T08:48:26,0.002,2.6
route_mutation,20260618T084826_402277,of:000000000000000a:1 -> of:000000000000000d:6,0.002,0.0025,0.002,0.002,1.8,2026-06-18T08:48:26,0.002,1.8
route_mutation,20260618T084826_402277,of:000000000000000b:2 -> of:000000000000000c:2,0.002,0.0025,0.002,0.002,2.26,2026-06-18T08:48:26,0.002,2.26
route_mutation,20260618T084826_402277,of:0000000000000004:2 -> of:0000000000000009:2,0.002,0.0025,0.002,0.002,2.1,2026-06-18T08:48:26,0.002,2.23
route_mutation,20260618T084826_402277,of:0000000000000005:2 -> of:0000000000000009:3,0.002,0.0025,0.002,0.002,2.1,2026-06-18T08:48:26,0.002,2.23
route_mutation,20260618T084826_402277,of:000000000000000b:3 -> of:000000000000000d:2,0.002,0.0025,0.002,0.002,2.26,2026-06-18T08:48:26,0.002,2.26
route_mutation,20260618T084826_402277,of:0000000000000004:1 -> of:000000000000000c:4,0.002,0.0025,0.002,0.002,2.13,2026-06-18T08:48:26,0.002,2.3
route_mutation,20260618T084826_402277,of:000000000000000c:3 -> of:000000000000000d:3,0.002,0.0025,0.002,0.002,2.26,2026-06-18T08:48:26,0.002,2.26
route_mutation,20260618T084826_402277,of:0000000000000001:1 -> of:000000000000000b:1,0.002,0.0025,0.002,0.002,1.8,2026-06-18T08:48:26,0.002,1.73
route_mutation,20260618T084826_402277,of:0000000000000006:1 -> of:000000000000000d:4,0.003,0.00375,0.003,0.002,2.86,2026-06-18T08:48:26,0.003,3.03
route_mutation,20260618T084826_402277,of:0000000000000002:1 -> of:000000000000000b:4,0.002,0.0025,0.002,0.002,1.66,2026-06-18T08:48:26,0.002,1.8
route_mutation,20260618T084826_402277,of:0000000000000001:3 -> of:000000000000000d:1,0.003,0.00375,0.003,0.003,3.56,2026-06-18T08:48:26,0.003,3.6
route_mutation,20260618T084826_402277,of:0000000000000006:2 -> of:000000000000000a:2,0.002,0.0025,0.002,0.002,2.16,2026-06-18T08:48:26,0.002,2.23
route_mutation,20260618T084826_402277,of:0000000000000003:1 -> of:000000000000000b:5,0.002,0.0025,0.002,0.001,1.6,2026-06-18T08:48:26,0.002,1.8
route_mutation,20260618T084826_402277,of:0000000000000007:1 -> of:000000000000000d:5,0.002,0.0025,0.002,0.002,2.6,2026-06-18T08:48:26,0.002,2.63
route_mutation,20260618T084826_402277,of:0000000000000007:2 -> of:000000000000000a:3,0.002,0.0025,0.002,0.002,2.23,2026-06-18T08:48:26,0.002,2.23
route_mutation,20260618T084826_402277,of:0000000000000002:2 -> of:0000000000000008:2,0.002,0.0025,0.002,0.002,2.03,2026-06-18T08:48:26,0.002,2.16
route_mutation,20260618T084826_402277,of:0000000000000008:1 -> of:000000000000000b:6,0.002,0.0025,0.002,0.002,1.76,2026-06-18T08:48:26,0.002,1.8
route_mutation,20260618T084826_402277,of:0000000000000009:1 -> of:000000000000000c:6,0.002,0.0025,0.002,0.002,1.8,2026-06-18T08:48:26,0.002,1.8
route_mutation,20260618T084826_402277,of:0000000000000001:2 -> of:000000000000000c:1,0.003,0.00375,0.003,0.003,3.1,2026-06-18T08:48:26,0.003,3.06
route_mutation,20260618T084826_402277,of:0000000000000003:2 -> of:0000000000000008:3,0.002,0.0025,0.002,0.002,2.03,2026-06-18T08:48:26,0.002,2.16
ip_shuffle,20260618T084856_638728,of:0000000000000005:1 -> of:000000000000000c:5,0.002,0.0025,0.002,0.002,1.5,2026-06-18T08:48:56,0.001,1.4
ip_shuffle,20260618T084856_638728,of:000000000000000a:1 -> of:000000000000000d:6,0.001,0.00125,0.001,0.001,1.4,2026-06-18T08:48:56,0.001,1.4
ip_shuffle,20260618T084856_638728,of:000000000000000b:2 -> of:000000000000000c:2,0.001,0.00125,0.001,0.001,1.46,2026-06-18T08:48:56,0.001,1.46
ip_shuffle,20260618T084856_638728,of:0000000000000004:2 -> of:0000000000000009:2,0.002,0.0025,0.002,0.002,1.63,2026-06-18T08:48:56,0.002,1.56
ip_shuffle,20260618T084856_638728,of:0000000000000005:2 -> of:0000000000000009:3,0.002,0.0025,0.002,0.002,1.63,2026-06-18T08:48:56,0.002,1.56
ip_shuffle,20260618T084856_638728,of:000000000000000b:3 -> of:000000000000000d:2,0.002,0.0025,0.002,0.002,1.53,2026-06-18T08:48:56,0.002,1.53
ip_shuffle,20260618T084856_638728,of:0000000000000004:1 -> of:000000000000000c:4,0.002,0.0025,0.002,0.002,1.5,2026-06-18T08:48:56,0.001,1.4
ip_shuffle,20260618T084856_638728,of:000000000000000c:3 -> of:000000000000000d:3,0.002,0.0025,0.002,0.002,1.53,2026-06-18T08:48:56,0.002,1.53
ip_shuffle,20260618T084856_638728,of:0000000000000001:1 -> of:000000000000000b:1,0.001,0.00125,0.001,0.001,1.4,2026-06-18T08:48:56,0.001,1.46
ip_shuffle,20260618T084856_638728,of:0000000000000006:1 -> of:000000000000000d:4,0.002,0.0025,0.002,0.002,1.5,2026-06-18T08:48:56,0.002,1.46
ip_shuffle,20260618T084856_638728,of:0000000000000002:1 -> of:000000000000000b:4,0.001,0.00125,0.001,0.001,1.46,2026-06-18T08:48:56,0.001,1.4
ip_shuffle,20260618T084856_638728,of:0000000000000001:3 -> of:000000000000000d:1,0.002,0.0025,0.002,0.002,2.03,2026-06-18T08:48:56,0.002,2.06
ip_shuffle,20260618T084856_638728,of:0000000000000006:2 -> of:000000000000000a:2,0.002,0.0025,0.002,0.002,1.63,2026-06-18T08:48:56,0.002,1.56
ip_shuffle,20260618T084856_638728,of:0000000000000003:1 -> of:000000000000000b:5,0.002,0.0025,0.002,0.002,1.53,2026-06-18T08:48:56,0.001,1.4
ip_shuffle,20260618T084856_638728,of:0000000000000007:1 -> of:000000000000000d:5,0.002,0.0025,0.002,0.002,1.93,2026-06-18T08:48:56,0.002,2.03
ip_shuffle,20260618T084856_638728,of:0000000000000007:2 -> of:000000000000000a:3,0.002,0.0025,0.002,0.002,1.56,2026-06-18T08:48:56,0.002,1.56
ip_shuffle,20260618T084856_638728,of:0000000000000002:2 -> of:0000000000000008:2,0.002,0.0025,0.002,0.002,1.7,2026-06-18T08:48:56,0.002,1.63
ip_shuffle,20260618T084856_638728,of:0000000000000008:1 -> of:000000000000000b:6,0.001,0.00125,0.001,0.001,1.36,2026-06-18T08:48:56,0.001,1.33
ip_shuffle,20260618T084856_638728,of:0000000000000009:1 -> of:000000000000000c:6,0.001,0.00125,0.001,0.001,1.33,2026-06-18T08:48:56,0.001,1.33
ip_shuffle,20260618T084856_638728,of:0000000000000001:2 -> of:000000000000000c:1,0.001,0.00125,0.001,0.001,1.4,2026-06-18T08:48:56,0.001,1.46
ip_shuffle,20260618T084856_638728,of:0000000000000003:2 -> of:0000000000000008:3,0.002,0.0025,0.002,0.002,1.7,2026-06-18T08:48:56,0.002,1.63
route_mutation,20260618T084954_333732,of:0000000000000005:1 -> of:000000000000000c:5,0.002,0.0025,0.002,0.002,2.5,2026-06-18T08:49:54,0.002,2.66
route_mutation,20260618T084954_333732,of:000000000000000a:1 -> of:000000000000000d:6,0.002,0.0025,0.002,0.002,1.83,2026-06-18T08:49:54,0.002,1.86
route_mutation,20260618T084954_333732,of:000000000000000b:2 -> of:000000000000000c:2,0.002,0.0025,0.002,0.002,2.36,2026-06-18T08:49:54,0.002,2.36
route_mutation,20260618T084954_333732,of:0000000000000004:2 -> of:0000000000000009:2,0.002,0.0025,0.002,0.002,2.2,2026-06-18T08:49:54,0.002,2.33
route_mutation,20260618T084954_333732,of:0000000000000005:2 -> of:0000000000000009:3,0.002,0.0025,0.002,0.002,2.2,2026-06-18T08:49:54,0.002,2.33
route_mutation,20260618T084954_333732,of:000000000000000b:3 -> of:000000000000000d:2,0.002,0.0025,0.002,0.002,2.36,2026-06-18T08:49:54,0.002,2.36
route_mutation,20260618T084954_333732,of:0000000000000004:1 -> of:000000000000000c:4,0.002,0.0025,0.002,0.002,2.1,2026-06-18T08:49:54,0.002,2.26
route_mutation,20260618T084954_333732,of:000000000000000c:3 -> of:000000000000000d:3,0.002,0.0025,0.002,0.002,2.4,2026-06-18T08:49:54,0.002,2.4
route_mutation,20260618T084954_333732,of:0000000000000001:1 -> of:000000000000000b:1,0.002,0.0025,0.002,0.002,1.76,2026-06-18T08:49:54,0.002,1.83
route_mutation,20260618T084954_333732,of:0000000000000006:1 -> of:000000000000000d:4,0.003,0.00375,0.003,0.002,2.96,2026-06-18T08:49:54,0.003,3.06
route_mutation,20260618T084954_333732,of:0000000000000002:1 -> of:000000000000000b:4,0.002,0.0025,0.002,0.002,1.76,2026-06-18T08:49:54,0.002,1.83
route_mutation,20260618T084954_333732,of:0000000000000001:3 -> of:000000000000000d:1,0.003,0.00375,0.003,0.003,3.29,2026-06-18T08:49:54,0.003,3.43
route_mutation,20260618T084954_333732,of:0000000000000006:2 -> of:000000000000000a:2,0.002,0.0025,0.002,0.002,2.33,2026-06-18T08:49:54,0.002,2.33
route_mutation,20260618T084954_333732,of:0000000000000003:1 -> of:000000000000000b:5,0.002,0.0025,0.002,0.002,1.7,2026-06-18T08:49:54,0.002,1.83
route_mutation,20260618T084954_333732,of:0000000000000007:1 -> of:000000000000000d:5,0.002,0.0025,0.002,0.002,2.56,2026-06-18T08:49:54,0.002,2.63
route_mutation,20260618T084954_333732,of:0000000000000007:2 -> of:000000000000000a:3,0.002,0.0025,0.002,0.002,2.33,2026-06-18T08:49:54,0.002,2.33
route_mutation,20260618T084954_333732,of:0000000000000002:2 -> of:0000000000000008:2,0.002,0.0025,0.002,0.002,2.2,2026-06-18T08:49:54,0.002,2.33
route_mutation,20260618T084954_333732,of:0000000000000008:1 -> of:000000000000000b:6,0.002,0.0025,0.002,0.002,1.83,2026-06-18T08:49:54,0.002,1.83
route_mutation,20260618T084954_333732,of:0000000000000009:1 -> of:000000000000000c:6,0.002,0.0025,0.002,0.002,1.83,2026-06-18T08:49:54,0.002,1.86
route_mutation,20260618T084954_333732,of:0000000000000001:2 -> of:000000000000000c:1,0.003,0.00375,0.003,0.003,3.03,2026-06-18T08:49:54,0.003,3.06
route_mutation,20260618T084954_333732,of:0000000000000003:2 -> of:0000000000000008:3,0.002,0.0025,0.002,0.002,2.2,2026-06-18T08:49:54,0.002,2.33
route_mutation,20260618T085024_591968,of:0000000000000005:1 -> of:000000000000000c:5,0.002,0.0025,0.002,0.002,1.56,2026-06-18T08:50:24,0.002,1.53
route_mutation,20260618T085024_591968,of:000000000000000a:1 -> of:000000000000000d:6,0.001,0.00125,0.001,0.001,1.46,2026-06-18T08:50:24,0.001,1.43
route_mutation,20260618T085024_591968,of:000000000000000b:2 -> of:000000000000000c:2,0.002,0.0025,0.002,0.002,1.63,2026-06-18T08:50:24,0.002,1.63
route_mutation,20260618T085024_591968,of:0000000000000004:2 -> of:0000000000000009:2,0.002,0.0025,0.002,0.002,1.73,2026-06-18T08:50:24,0.002,1.66
route_mutation,20260618T085024_591968,of:0000000000000005:2 -> of:0000000000000009:3,0.002,0.0025,0.002,0.002,1.73,2026-06-18T08:50:24,0.002,1.66
route_mutation,20260618T085024_591968,of:000000000000000b:3 -> of:000000000000000d:2,0.002,0.0025,0.002,0.002,1.63,2026-06-18T08:50:24,0.002,1.63
route_mutation,20260618T085024_591968,of:0000000000000004:1 -> of:000000000000000c:4,0.002,0.0025,0.002,0.002,1.53,2026-06-18T08:50:24,0.002,1.5
route_mutation,20260618T085024_591968,of:000000000000000c:3 -> of:000000000000000d:3,0.002,0.0025,0.002,0.002,1.66,2026-06-18T08:50:24,0.002,1.66
route_mutation,20260618T085024_591968,of:0000000000000001:1 -> of:000000000000000b:1,0.001,0.00125,0.001,0.001,1.46,2026-06-18T08:50:24,0.001,1.46
route_mutation,20260618T085024_591968,of:0000000000000006:1 -> of:000000000000000d:4,0.002,0.0025,0.002,0.001,1.46,2026-06-18T08:50:24,0.002,1.5
route_mutation,20260618T085024_591968,of:0000000000000002:1 -> of:000000000000000b:4,0.001,0.00125,0.001,0.001,1.46,2026-06-18T08:50:24,0.001,1.46
route_mutation,20260618T085024_591968,of:0000000000000001:3 -> of:000000000000000d:1,0.002,0.0025,0.002,0.002,2.26,2026-06-18T08:50:24,0.002,2.26
route_mutation,20260618T085024_591968,of:0000000000000006:2 -> of:000000000000000a:2,0.002,0.0025,0.002,0.002,1.66,2026-06-18T08:50:24,0.002,1.66
route_mutation,20260618T085024_591968,of:0000000000000003:1 -> of:000000000000000b:5,0.002,0.0025,0.002,0.002,1.53,2026-06-18T08:50:24,0.001,1.46
route_mutation,20260618T085024_591968,of:0000000000000007:1 -> of:000000000000000d:5,0.002,0.0025,0.002,0.002,2.13,2026-06-18T08:50:24,0.002,2.19
route_mutation,20260618T085024_591968,of:0000000000000007:2 -> of:000000000000000a:3,0.002,0.0025,0.002,0.002,1.66,2026-06-18T08:50:24,0.002,1.66
route_mutation,20260618T085024_591968,of:0000000000000002:2 -> of:0000000000000008:2,0.002,0.0025,0.002,0.002,1.73,2026-06-18T08:50:24,0.002,1.66
route_mutation,20260618T085024_591968,of:0000000000000008:1 -> of:000000000000000b:6,0.001,0.00125,0.001,0.001,1.4,2026-06-18T08:50:24,0.001,1.4
route_mutation,20260618T085024_591968,of:0000000000000009:1 -> of:000000000000000c:6,0.001,0.00125,0.001,0.001,1.46,2026-06-18T08:50:24,0.001,1.43
route_mutation,20260618T085024_591968,of:0000000000000001:2 -> of:000000000000000c:1,0.002,0.0025,0.002,0.001,1.43,2026-06-18T08:50:24,0.002,1.53
route_mutation,20260618T085024_591968,of:0000000000000003:2 -> of:0000000000000008:3,0.002,0.0025,0.002,0.002,1.73,2026-06-18T08:50:24,0.002,1.66
route_mutation,20260618T085054_844212,of:0000000000000005:1 -> of:000000000000000c:5,0.002,0.0025,0.002,0.002,1.53,2026-06-18T08:50:54,0.001,1.4
route_mutation,20260618T085054_844212,of:000000000000000a:1 -> of:000000000000000d:6,0.001,0.00125,0.001,0.001,1.46,2026-06-18T08:50:54,0.001,1.46
route_mutation,20260618T085054_844212,of:000000000000000b:2 -> of:000000000000000c:2,0.002,0.0025,0.002,0.002,1.66,2026-06-18T08:50:54,0.002,1.66
route_mutation,20260618T085054_844212,of:0000000000000004:2 -> of:0000000000000009:2,0.002,0.0025,0.002,0.002,1.73,2026-06-18T08:50:54,0.002,1.66
route_mutation,20260618T085054_844212,of:0000000000000005:2 -> of:0000000000000009:3,0.002,0.0025,0.002,0.002,1.73,2026-06-18T08:50:54,0.002,1.66
route_mutation,20260618T085054_844212,of:000000000000000b:3 -> of:000000000000000d:2,0.002,0.0025,0.002,0.002,1.66,2026-06-18T08:50:54,0.002,1.66
route_mutation,20260618T085054_844212,of:0000000000000004:1 -> of:000000000000000c:4,0.002,0.0025,0.002,0.002,1.8,2026-06-18T08:50:54,0.002,1.66
route_mutation,20260618T085054_844212,of:000000000000000c:3 -> of:000000000000000d:3,0.001,0.00125,0.001,0.001,1.6,2026-06-18T08:50:54,0.001,1.6
route_mutation,20260618T085054_844212,of:0000000000000001:1 -> of:000000000000000b:1,0.003,0.00375,0.003,0.003,3.59,2026-06-18T08:50:54,0.003,3.53
route_mutation,20260618T085054_844212,of:0000000000000006:1 -> of:000000000000000d:4,0.002,0.0025,0.002,0.002,1.53,2026-06-18T08:50:54,0.001,1.4
route_mutation,20260618T085054_844212,of:0000000000000002:1 -> of:000000000000000b:4,0.002,0.0025,0.002,0.002,2.56,2026-06-18T08:50:54,0.002,2.5
route_mutation,20260618T085054_844212,of:0000000000000001:3 -> of:000000000000000d:1,0.002,0.0025,0.002,0.002,1.53,2026-06-18T08:50:54,0.001,1.4
route_mutation,20260618T085054_844212,of:0000000000000006:2 -> of:000000000000000a:2,0.002,0.0025,0.002,0.002,1.66,2026-06-18T08:50:54,0.002,1.66
route_mutation,20260618T085054_844212,of:0000000000000003:1 -> of:000000000000000b:5,0.002,0.0025,0.002,0.002,2.56,2026-06-18T08:50:54,0.002,2.5
route_mutation,20260618T085054_844212,of:0000000000000007:1 -> of:000000000000000d:5,0.002,0.0025,0.002,0.002,1.53,2026-06-18T08:50:54,0.001,1.4
route_mutation,20260618T085054_844212,of:0000000000000007:2 -> of:000000000000000a:3,0.002,0.0025,0.002,0.002,1.66,2026-06-18T08:50:54,0.002,1.66
route_mutation,20260618T085054_844212,of:0000000000000002:2 -> of:0000000000000008:2,0.002,0.0025,0.002,0.002,1.73,2026-06-18T08:50:54,0.002,1.66
route_mutation,20260618T085054_844212,of:0000000000000008:1 -> of:000000000000000b:6,0.002,0.0025,0.002,0.002,1.53,2026-06-18T08:50:54,0.002,1.53
route_mutation,20260618T085054_844212,of:0000000000000009:1 -> of:000000000000000c:6,0.001,0.00125,0.001,0.001,1.46,2026-06-18T08:50:54,0.001,1.46
route_mutation,20260618T085054_844212,of:0000000000000001:2 -> of:000000000000000c:1,0.002,0.0025,0.002,0.002,1.73,2026-06-18T08:50:54,0.002,1.6
route_mutation,20260618T085054_844212,of:0000000000000003:2 -> of:0000000000000008:3,0.002,0.0025,0.002,0.002,1.73,2026-06-18T08:50:54,0.002,1.66
ip_shuffle,20260618T085125_114410,of:0000000000000005:1 -> of:000000000000000c:5,0.002,0.0025,0.002,0.002,2.46,2026-06-18T08:51:25,0.002,2.63
ip_shuffle,20260618T085125_114410,of:000000000000000a:1 -> of:000000000000000d:6,0.002,0.0025,0.002,0.002,1.83,2026-06-18T08:51:25,0.002,1.83
ip_shuffle,20260618T085125_114410,of:000000000000000b:2 -> of:000000000000000c:2,0.002,0.0025,0.002,0.002,2.33,2026-06-18T08:51:25,0.002,2.33
ip_shuffle,20260618T085125_114410,of:0000000000000004:2 -> of:0000000000000009:2,0.002,0.0025,0.002,0.002,2.16,2026-06-18T08:51:25,0.002,2.3
ip_shuffle,20260618T085125_114410,of:0000000000000005:2 -> of:0000000000000009:3,0.002,0.0025,0.002,0.002,2.16,2026-06-18T08:51:25,0.002,2.3
ip_shuffle,20260618T085125_114410,of:000000000000000b:3 -> of:000000000000000d:2,0.002,0.0025,0.002,0.002,2.33,2026-06-18T08:51:25,0.002,2.33
ip_shuffle,20260618T085125_114410,of:0000000000000004:1 -> of:000000000000000c:4,0.002,0.0025,0.002,0.002,2.2,2026-06-18T08:51:25,0.002,2.36
ip_shuffle,20260618T085125_114410,of:000000000000000c:3 -> of:000000000000000d:3,0.002,0.0025,0.002,0.002,2.33,2026-06-18T08:51:25,0.002,2.33
ip_shuffle,20260618T085125_114410,of:0000000000000001:1 -> of:000000000000000b:1,0.002,0.0025,0.002,0.002,1.9,2026-06-18T08:51:25,0.002,2.03
ip_shuffle,20260618T085125_114410,of:0000000000000006:1 -> of:000000000000000d:4,0.002,0.0025,0.002,0.002,2.83,2026-06-18T08:51:25,0.002,2.93
ip_shuffle,20260618T085125_114410,of:0000000000000002:1 -> of:000000000000000b:4,0.002,0.0025,0.002,0.002,1.7,2026-06-18T08:51:25,0.002,1.83
ip_shuffle,20260618T085125_114410,of:0000000000000001:3 -> of:000000000000000d:1,0.003,0.00375,0.003,0.003,3.53,2026-06-18T08:51:25,0.003,3.56
ip_shuffle,20260618T085125_114410,of:0000000000000006:2 -> of:000000000000000a:2,0.002,0.0025,0.002,0.002,2.3,2026-06-18T08:51:25,0.002,2.3
ip_shuffle,20260618T085125_114410,of:0000000000000003:1 -> of:000000000000000b:5,0.002,0.0025,0.002,0.001,1.66,2026-06-18T08:51:25,0.002,1.83
ip_shuffle,20260618T085125_114410,of:0000000000000007:1 -> of:000000000000000d:5,0.002,0.0025,0.002,0.002,2.1,2026-06-18T08:51:25,0.002,2.1
ip_shuffle,20260618T085125_114410,of:0000000000000007:2 -> of:000000000000000a:3,0.002,0.0025,0.002,0.002,2.33,2026-06-18T08:51:25,0.002,2.33
ip_shuffle,20260618T085125_114410,of:0000000000000002:2 -> of:0000000000000008:2,0.002,0.0025,0.002,0.002,2.13,2026-06-18T08:51:25,0.002,2.26
ip_shuffle,20260618T085125_114410,of:0000000000000008:1 -> of:000000000000000b:6,0.002,0.0025,0.002,0.002,1.83,2026-06-18T08:51:25,0.002,1.83
ip_shuffle,20260618T085125_114410,of:0000000000000009:1 -> of:000000000000000c:6,0.002,0.0025,0.002,0.002,1.83,2026-06-18T08:51:25,0.002,1.83
ip_shuffle,20260618T085125_114410,of:0000000000000001:2 -> of:000000000000000c:1,0.003,0.00375,0.003,0.003,3.3,2026-06-18T08:51:25,0.003,3.43
ip_shuffle,20260618T085125_114410,of:0000000000000003:2 -> of:0000000000000008:3,0.002,0.0025,0.002,0.002,2.16,2026-06-18T08:51:25,0.002,2.3
ip_shuffle,20260618T085235_711133,of:0000000000000005:1 -> of:000000000000000c:5,0.002,0.0025,0.002,0.002,1.5,2026-06-18T08:52:35,0.001,1.36
ip_shuffle,20260618T085235_711133,of:000000000000000a:1 -> of:000000000000000d:6,0.001,0.00125,0.001,0.001,1.43,2026-06-18T08:52:35,0.001,1.43
ip_shuffle,20260618T085235_711133,of:000000000000000b:2 -> of:000000000000000c:2,0.002,0.0025,0.002,0.002,1.6,2026-06-18T08:52:35,0.002,1.6
ip_shuffle,20260618T085235_711133,of:0000000000000004:2 -> of:0000000000000009:2,0.002,0.0025,0.002,0.002,1.66,2026-06-18T08:52:35,0.002,1.6
ip_shuffle,20260618T085235_711133,of:0000000000000005:2 -> of:0000000000000009:3,0.002,0.0025,0.002,0.002,1.66,2026-06-18T08:52:35,0.002,1.6
ip_shuffle,20260618T085235_711133,of:000000000000000b:3 -> of:000000000000000d:2,0.002,0.0025,0.002,0.002,1.73,2026-06-18T08:52:35,0.002,1.76
ip_shuffle,20260618T085235_711133,of:0000000000000004:1 -> of:000000000000000c:4,0.002,0.0025,0.002,0.002,1.76,2026-06-18T08:52:35,0.002,1.63
ip_shuffle,20260618T085235_711133,of:000000000000000c:3 -> of:000000000000000d:3,0.001,0.00125,0.001,0.001,1.53,2026-06-18T08:52:35,0.001,1.53
ip_shuffle,20260618T085235_711133,of:0000000000000001:1 -> of:000000000000000b:1,0.003,0.00375,0.003,0.003,3.46,2026-06-18T08:52:35,0.003,3.43
ip_shuffle,20260618T085235_711133,of:0000000000000006:1 -> of:000000000000000d:4,0.002,0.0025,0.002,0.002,1.83,2026-06-18T08:52:35,0.002,1.66
ip_shuffle,20260618T085235_711133,of:0000000000000002:1 -> of:000000000000000b:4,0.003,0.00375,0.003,0.003,2.9,2026-06-18T08:52:35,0.003,2.93
ip_shuffle,20260618T085235_711133,of:0000000000000001:3 -> of:000000000000000d:1,0.002,0.0025,0.002,0.002,2.03,2026-06-18T08:52:35,0.002,2.13
ip_shuffle,20260618T085235_711133,of:0000000000000006:2 -> of:000000000000000a:2,0.002,0.0025,0.002,0.002,1.66,2026-06-18T08:52:35,0.002,1.6
ip_shuffle,20260618T085235_711133,of:0000000000000003:1 -> of:000000000000000b:5,0.002,0.0025,0.002,0.002,2.53,2026-06-18T08:52:35,0.002,2.46
ip_shuffle,20260618T085235_711133,of:0000000000000007:1 -> of:000000000000000d:5,0.002,0.0025,0.002,0.002,2.13,2026-06-18T08:52:35,0.002,2.0
ip_shuffle,20260618T085235_711133,of:0000000000000007:2 -> of:000000000000000a:3,0.002,0.0025,0.002,0.002,1.66,2026-06-18T08:52:35,0.002,1.6
ip_shuffle,20260618T085235_711133,of:0000000000000002:2 -> of:0000000000000008:2,0.002,0.0025,0.002,0.002,1.73,2026-06-18T08:52:35,0.002,1.73
ip_shuffle,20260618T085235_711133,of:0000000000000008:1 -> of:000000000000000b:6,0.002,0.0025,0.002,0.002,1.5,2026-06-18T08:52:35,0.002,1.5
ip_shuffle,20260618T085235_711133,of:0000000000000009:1 -> of:000000000000000c:6,0.001,0.00125,0.001,0.001,1.43,2026-06-18T08:52:35,0.001,1.43
ip_shuffle,20260618T085235_711133,of:0000000000000001:2 -> of:000000000000000c:1,0.002,0.0025,0.002,0.002,1.96,2026-06-18T08:52:35,0.002,1.9
ip_shuffle,20260618T085235_711133,of:0000000000000003:2 -> of:0000000000000008:3,0.002,0.0025,0.002,0.002,1.66,2026-06-18T08:52:35,0.002,1.6
route_mutation,20260618T085333_422799,of:0000000000000005:1 -> of:000000000000000c:5,0.002,0.0025,0.002,0.002,1.76,2026-06-18T08:53:33,0.002,1.86
route_mutation,20260618T085333_422799,of:000000000000000a:1 -> of:000000000000000d:6,0.002,0.0025,0.002,0.002,1.8,2026-06-18T08:53:33,0.002,1.76
route_mutation,20260618T085333_422799,of:000000000000000b:2 -> of:000000000000000c:2,0.002,0.0025,0.002,0.002,2.39,2026-06-18T08:53:33,0.002,2.39
route_mutation,20260618T085333_422799,of:0000000000000004:2 -> of:0000000000000009:2,0.002,0.0025,0.002,0.002,2.36,2026-06-18T08:53:33,0.002,2.29
route_mutation,20260618T085333_422799,of:0000000000000005:2 -> of:0000000000000009:3,0.002,0.0025,0.002,0.002,2.29,2026-06-18T08:53:33,0.002,2.29
route_mutation,20260618T085333_422799,of:000000000000000b:3 -> of:000000000000000d:2,0.002,0.0025,0.002,0.002,2.39,2026-06-18T08:53:33,0.002,2.36
route_mutation,20260618T085333_422799,of:0000000000000004:1 -> of:000000000000000c:4,0.002,0.0025,0.002,0.002,1.83,2026-06-18T08:53:33,0.002,1.86
route_mutation,20260618T085333_422799,of:000000000000000c:3 -> of:000000000000000d:3,0.002,0.0025,0.002,0.002,2.36,2026-06-18T08:53:33,0.002,2.36
route_mutation,20260618T085333_422799,of:0000000000000001:1 -> of:000000000000000b:1,0.002,0.0025,0.002,0.002,1.8,2026-06-18T08:53:33,0.002,1.76
route_mutation,20260618T085333_422799,of:0000000000000006:1 -> of:000000000000000d:4,0.002,0.0025,0.002,0.002,2.09,2026-06-18T08:53:33,0.002,2.19
route_mutation,20260618T085333_422799,of:0000000000000002:1 -> of:000000000000000b:4,0.002,0.0025,0.002,0.002,1.76,2026-06-18T08:53:33,0.002,1.8
route_mutation,20260618T085333_422799,of:0000000000000001:3 -> of:000000000000000d:1,0.003,0.00375,0.003,0.003,3.49,2026-06-18T08:53:33,0.003,3.43
route_mutation,20260618T085333_422799,of:0000000000000006:2 -> of:000000000000000a:2,0.002,0.0025,0.002,0.002,2.29,2026-06-18T08:53:33,0.002,2.29
route_mutation,20260618T085333_422799,of:0000000000000003:1 -> of:000000000000000b:5,0.002,0.0025,0.002,0.002,1.83,2026-06-18T08:53:33,0.002,1.86
route_mutation,20260618T085333_422799,of:0000000000000007:1 -> of:000000000000000d:5,0.003,0.00375,0.003,0.003,3.26,2026-06-18T08:53:33,0.003,3.29
route_mutation,20260618T085333_422799,of:0000000000000007:2 -> of:000000000000000a:3,0.002,0.0025,0.002,0.002,2.33,2026-06-18T08:53:33,0.002,2.33
route_mutation,20260618T085333_422799,of:0000000000000002:2 -> of:0000000000000008:2,0.002,0.0025,0.002,0.002,2.29,2026-06-18T08:53:33,0.002,2.23
route_mutation,20260618T085333_422799,of:0000000000000008:1 -> of:000000000000000b:6,0.002,0.0025,0.002,0.002,1.8,2026-06-18T08:53:33,0.002,1.8
route_mutation,20260618T085333_422799,of:0000000000000009:1 -> of:000000000000000c:6,0.002,0.0025,0.002,0.002,1.8,2026-06-18T08:53:33,0.002,1.8
route_mutation,20260618T085333_422799,of:0000000000000001:2 -> of:000000000000000c:1,0.002,0.0025,0.002,0.002,1.8,2026-06-18T08:53:33,0.002,1.76
route_mutation,20260618T085333_422799,of:0000000000000003:2 -> of:0000000000000008:3,0.002,0.0025,0.002,0.002,2.36,2026-06-18T08:53:33,0.002,2.29
ip_shuffle,20260618T085403_674511,of:0000000000000005:1 -> of:000000000000000c:5,0.002,0.0025,0.002,0.002,1.4,2026-06-18T08:54:03,0.001,1.23
ip_shuffle,20260618T085403_674511,of:000000000000000a:1 -> of:000000000000000d:6,0.001,0.00125,0.001,0.001,1.3,2026-06-18T08:54:03,0.001,1.27
ip_shuffle,20260618T085403_674511,of:000000000000000b:2 -> of:000000000000000c:2,0.001,0.00125,0.001,0.001,1.27,2026-06-18T08:54:03,0.001,1.27
ip_shuffle,20260618T085403_674511,of:0000000000000004:2 -> of:0000000000000009:2,0.002,0.0025,0.002,0.002,1.43,2026-06-18T08:54:03,0.001,1.36
ip_shuffle,20260618T085403_674511,of:0000000000000005:2 -> of:0000000000000009:3,0.002,0.0025,0.002,0.002,1.43,2026-06-18T08:54:03,0.001,1.36
ip_shuffle,20260618T085403_674511,of:000000000000000b:3 -> of:000000000000000d:2,0.001,0.00125,0.001,0.001,1.23,2026-06-18T08:54:03,0.001,1.23
ip_shuffle,20260618T085403_674511,of:0000000000000004:1 -> of:000000000000000c:4,0.002,0.0025,0.002,0.002,1.4,2026-06-18T08:54:03,0.001,1.23
ip_shuffle,20260618T085403_674511,of:000000000000000c:3 -> of:000000000000000d:3,0.001,0.00125,0.001,0.001,1.23,2026-06-18T08:54:03,0.001,1.23
ip_shuffle,20260618T085403_674511,of:0000000000000001:1 -> of:000000000000000b:1,0.001,0.00125,0.001,0.001,1.33,2026-06-18T08:54:03,0.001,1.3
ip_shuffle,20260618T085403_674511,of:0000000000000006:1 -> of:000000000000000d:4,0.002,0.0025,0.002,0.002,1.4,2026-06-18T08:54:03,0.001,1.2
ip_shuffle,20260618T085403_674511,of:0000000000000002:1 -> of:000000000000000b:4,0.001,0.00125,0.001,0.001,1.3,2026-06-18T08:54:03,0.001,1.33
ip_shuffle,20260618T085403_674511,of:0000000000000001:3 -> of:000000000000000d:1,0.002,0.0025,0.002,0.001,1.4,2026-06-18T08:54:03,0.002,1.46
ip_shuffle,20260618T085403_674511,of:0000000000000006:2 -> of:000000000000000a:2,0.002,0.0025,0.002,0.002,1.43,2026-06-18T08:54:03,0.001,1.36
ip_shuffle,20260618T085403_674511,of:0000000000000003:1 -> of:000000000000000b:5,0.002,0.0025,0.002,0.002,1.4,2026-06-18T08:54:03,0.001,1.23
ip_shuffle,20260618T085403_674511,of:0000000000000007:1 -> of:000000000000000d:5,0.002,0.0025,0.002,0.002,1.6,2026-06-18T08:54:03,0.002,1.5
ip_shuffle,20260618T085403_674511,of:0000000000000007:2 -> of:000000000000000a:3,0.002,0.0025,0.002,0.002,1.4,2026-06-18T08:54:03,0.001,1.33
ip_shuffle,20260618T085403_674511,of:0000000000000002:2 -> of:0000000000000008:2,0.001,0.00125,0.001,0.001,1.3,2026-06-18T08:54:03,0.001,1.36
ip_shuffle,20260618T085403_674511,of:0000000000000008:1 -> of:000000000000000b:6,0.001,0.00125,0.001,0.001,1.3,2026-06-18T08:54:03,0.001,1.3
ip_shuffle,20260618T085403_674511,of:0000000000000009:1 -> of:000000000000000c:6,0.001,0.00125,0.001,0.001,1.3,2026-06-18T08:54:03,0.001,1.3
ip_shuffle,20260618T085403_674511,of:0000000000000001:2 -> of:000000000000000c:1,0.001,0.00125,0.001,0.001,1.3,2026-06-18T08:54:03,0.001,1.27
ip_shuffle,20260618T085403_674511,of:0000000000000003:2 -> of:0000000000000008:3,0.002,0.0025,0.002,0.002,1.43,2026-06-18T08:54:03,0.001,1.36
route_mutation,20260618T085501_262426,of:0000000000000005:1 -> of:000000000000000c:5,0.002,0.0025,0.002,0.002,2.36,2026-06-18T08:55:01,0.002,2.5
route_mutation,20260618T085501_262426,of:000000000000000a:1 -> of:000000000000000d:6,0.002,0.0025,0.002,0.002,2.03,2026-06-18T08:55:01,0.002,2.03
route_mutation,20260618T085501_262426,of:000000000000000b:2 -> of:000000000000000c:2,0.002,0.0025,0.002,0.002,2.73,2026-06-18T08:55:01,0.002,2.73
route_mutation,20260618T085501_262426,of:0000000000000004:2 -> of:0000000000000009:2,0.002,0.0025,0.002,0.002,2.7,2026-06-18T08:55:01,0.002,2.63
route_mutation,20260618T085501_262426,of:0000000000000005:2 -> of:0000000000000009:3,0.002,0.0025,0.002,0.002,2.63,2026-06-18T08:55:01,0.002,2.63
route_mutation,20260618T085501_262426,of:000000000000000b:3 -> of:000000000000000d:2,0.002,0.0025,0.002,0.002,2.73,2026-06-18T08:55:01,0.002,2.73
route_mutation,20260618T085501_262426,of:0000000000000004:1 -> of:000000000000000c:4,0.002,0.0025,0.002,0.002,2.0,2026-06-18T08:55:01,0.002,2.03
route_mutation,20260618T085501_262426,of:000000000000000c:3 -> of:000000000000000d:3,0.002,0.0025,0.002,0.002,2.73,2026-06-18T08:55:01,0.002,2.73
route_mutation,20260618T085501_262426,of:0000000000000001:1 -> of:000000000000000b:1,0.002,0.0025,0.002,0.002,1.96,2026-06-18T08:55:01,0.002,1.96
route_mutation,20260618T085501_262426,of:0000000000000006:1 -> of:000000000000000d:4,0.003,0.00375,0.003,0.003,3.43,2026-06-18T08:55:01,0.003,3.49
route_mutation,20260618T085501_262426,of:0000000000000002:1 -> of:000000000000000b:4,0.002,0.0025,0.002,0.002,1.96,2026-06-18T08:55:01,0.002,1.96
route_mutation,20260618T085501_262426,of:0000000000000001:3 -> of:000000000000000d:1,0.004,0.005,0.004,0.004,4.39,2026-06-18T08:55:01,0.004,4.39
route_mutation,20260618T085501_262426,of:0000000000000006:2 -> of:000000000000000a:2,0.002,0.0025,0.002,0.002,2.63,2026-06-18T08:55:01,0.002,2.7
route_mutation,20260618T085501_262426,of:0000000000000003:1 -> of:000000000000000b:5,0.002,0.0025,0.002,0.002,2.16,2026-06-18T08:55:01,0.002,2.1
route_mutation,20260618T085501_262426,of:0000000000000007:1 -> of:000000000000000d:5,0.002,0.0025,0.002,0.002,2.96,2026-06-18T08:55:01,0.002,2.96
route_mutation,20260618T085501_262426,of:0000000000000007:2 -> of:000000000000000a:3,0.002,0.0025,0.002,0.002,2.66,2026-06-18T08:55:01,0.002,2.73
route_mutation,20260618T085501_262426,of:0000000000000002:2 -> of:0000000000000008:2,0.002,0.0025,0.002,0.002,2.66,2026-06-18T08:55:01,0.002,2.6
route_mutation,20260618T085501_262426,of:0000000000000008:1 -> of:000000000000000b:6,0.002,0.0025,0.002,0.002,1.96,2026-06-18T08:55:01,0.002,1.96
route_mutation,20260618T085501_262426,of:0000000000000009:1 -> of:000000000000000c:6,0.002,0.0025,0.002,0.002,1.96,2026-06-18T08:55:01,0.002,1.96
route_mutation,20260618T085501_262426,of:0000000000000001:2 -> of:000000000000000c:1,0.002,0.0025,0.002,0.002,2.16,2026-06-18T08:55:01,0.002,2.16
route_mutation,20260618T085501_262426,of:0000000000000003:2 -> of:0000000000000008:3,0.002,0.0025,0.002,0.002,2.86,2026-06-18T08:55:01,0.002,2.73
route_mutation,20260618T085531_505204,of:0000000000000005:1 -> of:000000000000000c:5,0.001,0.00125,0.001,0.001,1.36,2026-06-18T08:55:31,0.001,1.2
route_mutation,20260618T085531_505204,of:000000000000000a:1 -> of:000000000000000d:6,0.001,0.00125,0.001,0.001,1.2,2026-06-18T08:55:31,0.001,1.2
route_mutation,20260618T085531_505204,of:000000000000000b:2 -> of:000000000000000c:2,0.001,0.00125,0.001,0.001,1.2,2026-06-18T08:55:31,0.001,1.2
route_mutation,20260618T085531_505204,of:0000000000000004:2 -> of:0000000000000009:2,0.001,0.00125,0.001,0.001,1.36,2026-06-18T08:55:31,0.001,1.3
route_mutation,20260618T085531_505204,of:0000000000000005:2 -> of:0000000000000009:3,0.001,0.00125,0.001,0.001,1.36,2026-06-18T08:55:31,0.001,1.3
route_mutation,20260618T085531_505204,of:000000000000000b:3 -> of:000000000000000d:2,0.001,0.00125,0.001,0.001,1.2,2026-06-18T08:55:31,0.001,1.2
route_mutation,20260618T085531_505204,of:0000000000000004:1 -> of:000000000000000c:4,0.001,0.00125,0.001,0.001,1.36,2026-06-18T08:55:31,0.001,1.2
route_mutation,20260618T085531_505204,of:000000000000000c:3 -> of:000000000000000d:3,0.001,0.00125,0.001,0.001,1.2,2026-06-18T08:55:31,0.001,1.2
route_mutation,20260618T085531_505204,of:0000000000000001:1 -> of:000000000000000b:1,0.001,0.00125,0.001,0.001,1.36,2026-06-18T08:55:31,0.001,1.36
route_mutation,20260618T085531_505204,of:0000000000000006:1 -> of:000000000000000d:4,0.001,0.00125,0.001,0.001,1.33,2026-06-18T08:55:31,0.001,1.2
route_mutation,20260618T085531_505204,of:0000000000000002:1 -> of:000000000000000b:4,0.001,0.00125,0.001,0.001,1.36,2026-06-18T08:55:31,0.001,1.36
route_mutation,20260618T085531_505204,of:0000000000000001:3 -> of:000000000000000d:1,0.001,0.00125,0.001,0.001,1.36,2026-06-18T08:55:31,0.001,1.36
route_mutation,20260618T085531_505204,of:0000000000000006:2 -> of:000000000000000a:2,0.001,0.00125,0.001,0.001,1.36,2026-06-18T08:55:31,0.001,1.23
route_mutation,20260618T085531_505204,of:0000000000000003:1 -> of:000000000000000b:5,0.001,0.00125,0.001,0.001,1.26,2026-06-18T08:55:31,0.001,1.26
route_mutation,20260618T085531_505204,of:0000000000000007:1 -> of:000000000000000d:5,0.002,0.0025,0.002,0.002,1.53,2026-06-18T08:55:31,0.002,1.46
route_mutation,20260618T085531_505204,of:0000000000000007:2 -> of:000000000000000a:3,0.001,0.00125,0.001,0.001,1.33,2026-06-18T08:55:31,0.001,1.2
route_mutation,20260618T085531_505204,of:0000000000000002:2 -> of:0000000000000008:2,0.001,0.00125,0.001,0.001,1.26,2026-06-18T08:55:31,0.001,1.33
route_mutation,20260618T085531_505204,of:0000000000000008:1 -> of:000000000000000b:6,0.001,0.00125,0.001,0.001,1.26,2026-06-18T08:55:31,0.001,1.26
route_mutation,20260618T085531_505204,of:0000000000000009:1 -> of:000000000000000c:6,0.001,0.00125,0.001,0.001,1.26,2026-06-18T08:55:31,0.001,1.26
route_mutation,20260618T085531_505204,of:0000000000000001:2 -> of:000000000000000c:1,0.001,0.00125,0.001,0.001,1.26,2026-06-18T08:55:31,0.001,1.26
route_mutation,20260618T085531_505204,of:0000000000000003:2 -> of:0000000000000008:3,0.001,0.00125,0.001,0.001,1.26,2026-06-18T08:55:31,0.001,1.33
ip_shuffle,20260618T085601_768538,of:0000000000000005:1 -> of:000000000000000c:5,0.002,0.0025,0.002,0.002,1.83,2026-06-18T08:56:01,0.002,1.83
ip_shuffle,20260618T085601_768538,of:000000000000000a:1 -> of:000000000000000d:6,0.002,0.0025,0.002,0.002,1.43,2026-06-18T08:56:01,0.002,1.43
ip_shuffle,20260618T085601_768538,of:000000000000000b:2 -> of:000000000000000c:2,0.002,0.0025,0.002,0.002,1.53,2026-06-18T08:56:01,0.002,1.53
ip_shuffle,20260618T085601_768538,of:0000000000000004:2 -> of:0000000000000009:2,0.002,0.0025,0.002,0.001,1.46,2026-06-18T08:56:01,0.002,1.53
ip_shuffle,20260618T085601_768538,of:0000000000000005:2 -> of:0000000000000009:3,0.002,0.0025,0.002,0.001,1.46,2026-06-18T08:56:01,0.002,1.53
ip_shuffle,20260618T085601_768538,of:000000000000000b:3 -> of:000000000000000d:2,0.002,0.0025,0.002,0.002,1.66,2026-06-18T08:56:01,0.002,1.66
ip_shuffle,20260618T085601_768538,of:0000000000000004:1 -> of:000000000000000c:4,0.002,0.0025,0.002,0.002,2.23,2026-06-18T08:56:01,0.002,2.23
ip_shuffle,20260618T085601_768538,of:000000000000000c:3 -> of:000000000000000d:3,0.002,0.0025,0.002,0.002,1.53,2026-06-18T08:56:01,0.002,1.53
ip_shuffle,20260618T085601_768538,of:0000000000000001:1 -> of:000000000000000b:1,0.003,0.00375,0.003,0.003,3.33,2026-06-18T08:56:01,0.003,3.33
ip_shuffle,20260618T085601_768538,of:0000000000000006:1 -> of:000000000000000d:4,0.002,0.0025,0.002,0.002,1.63,2026-06-18T08:56:01,0.002,1.7
ip_shuffle,20260618T085601_768538,of:0000000000000002:1 -> of:000000000000000b:4,0.002,0.0025,0.002,0.002,2.43,2026-06-18T08:56:01,0.002,2.43
ip_shuffle,20260618T085601_768538,of:0000000000000001:3 -> of:000000000000000d:1,0.002,0.0025,0.002,0.002,1.6,2026-06-18T08:56:01,0.002,1.6
ip_shuffle,20260618T085601_768538,of:0000000000000006:2 -> of:000000000000000a:2,0.002,0.0025,0.002,0.001,1.46,2026-06-18T08:56:01,0.002,1.53
ip_shuffle,20260618T085601_768538,of:0000000000000003:1 -> of:000000000000000b:5,0.002,0.0025,0.002,0.002,2.4,2026-06-18T08:56:01,0.002,2.46
ip_shuffle,20260618T085601_768538,of:0000000000000007:1 -> of:000000000000000d:5,0.002,0.0025,0.002,0.001,1.36,2026-06-18T08:56:01,0.002,1.43
ip_shuffle,20260618T085601_768538,of:0000000000000007:2 -> of:000000000000000a:3,0.002,0.0025,0.002,0.001,1.46,2026-06-18T08:56:01,0.002,1.53
ip_shuffle,20260618T085601_768538,of:0000000000000002:2 -> of:0000000000000008:2,0.002,0.0025,0.002,0.002,1.53,2026-06-18T08:56:01,0.002,1.53
ip_shuffle,20260618T085601_768538,of:0000000000000008:1 -> of:000000000000000b:6,0.002,0.0025,0.002,0.002,1.43,2026-06-18T08:56:01,0.002,1.43
ip_shuffle,20260618T085601_768538,of:0000000000000009:1 -> of:000000000000000c:6,0.002,0.0025,0.002,0.002,1.43,2026-06-18T08:56:01,0.002,1.43
ip_shuffle,20260618T085601_768538,of:0000000000000001:2 -> of:000000000000000c:1,0.003,0.00375,0.003,0.003,2.86,2026-06-18T08:56:01,0.003,2.86
ip_shuffle,20260618T085601_768538,of:0000000000000003:2 -> of:0000000000000008:3,0.002,0.0025,0.002,0.001,1.46,2026-06-18T08:56:01,0.002,1.53
route_mutation,20260618T085659_457835,of:0000000000000005:1 -> of:000000000000000c:5,0.001,0.00125,0.001,0.001,1.33,2026-06-18T08:56:59,0.001,1.2
route_mutation,20260618T085659_457835,of:000000000000000a:1 -> of:000000000000000d:6,0.001,0.00125,0.001,0.001,1.2,2026-06-18T08:56:59,0.001,1.2
route_mutation,20260618T085659_457835,of:000000000000000b:2 -> of:000000000000000c:2,0.001,0.00125,0.001,0.001,1.2,2026-06-18T08:56:59,0.001,1.2
route_mutation,20260618T085659_457835,of:0000000000000004:2 -> of:0000000000000009:2,0.001,0.00125,0.001,0.001,1.36,2026-06-18T08:56:59,0.001,1.23
route_mutation,20260618T085659_457835,of:0000000000000005:2 -> of:0000000000000009:3,0.001,0.00125,0.001,0.001,1.33,2026-06-18T08:56:59,0.001,1.2
route_mutation,20260618T085659_457835,of:000000000000000b:3 -> of:000000000000000d:2,0.001,0.00125,0.001,0.001,1.2,2026-06-18T08:56:59,0.001,1.2
route_mutation,20260618T085659_457835,of:0000000000000004:1 -> of:000000000000000c:4,0.001,0.00125,0.001,0.001,1.36,2026-06-18T08:56:59,0.001,1.2
route_mutation,20260618T085659_457835,of:000000000000000c:3 -> of:000000000000000d:3,0.001,0.00125,0.001,0.001,1.2,2026-06-18T08:56:59,0.001,1.2
route_mutation,20260618T085659_457835,of:0000000000000001:1 -> of:000000000000000b:1,0.002,0.0025,0.002,0.001,1.36,2026-06-18T08:56:59,0.002,1.4
route_mutation,20260618T085659_457835,of:0000000000000006:1 -> of:000000000000000d:4,0.001,0.00125,0.001,0.001,1.33,2026-06-18T08:56:59,0.001,1.2
route_mutation,20260618T085659_457835,of:0000000000000002:1 -> of:000000000000000b:4,0.002,0.0025,0.002,0.002,1.43,2026-06-18T08:56:59,0.002,1.43
route_mutation,20260618T085659_457835,of:0000000000000001:3 -> of:000000000000000d:1,0.002,0.0025,0.002,0.002,1.46,2026-06-18T08:56:59,0.002,1.5
route_mutation,20260618T085659_457835,of:0000000000000006:2 -> of:000000000000000a:2,0.001,0.00125,0.001,0.001,1.33,2026-06-18T08:56:59,0.001,1.2
route_mutation,20260618T085659_457835,of:0000000000000003:1 -> of:000000000000000b:5,0.001,0.00125,0.001,0.001,1.26,2026-06-18T08:56:59,0.001,1.26
route_mutation,20260618T085659_457835,of:0000000000000007:1 -> of:000000000000000d:5,0.002,0.0025,0.002,0.002,1.83,2026-06-18T08:56:59,0.002,1.73
route_mutation,20260618T085659_457835,of:0000000000000007:2 -> of:000000000000000a:3,0.001,0.00125,0.001,0.001,1.33,2026-06-18T08:56:59,0.001,1.2
route_mutation,20260618T085659_457835,of:0000000000000002:2 -> of:0000000000000008:2,0.001,0.00125,0.001,0.001,1.26,2026-06-18T08:56:59,0.001,1.33
route_mutation,20260618T085659_457835,of:0000000000000008:1 -> of:000000000000000b:6,0.001,0.00125,0.001,0.001,1.26,2026-06-18T08:56:59,0.001,1.26
route_mutation,20260618T085659_457835,of:0000000000000009:1 -> of:000000000000000c:6,0.001,0.00125,0.001,0.001,1.2,2026-06-18T08:56:59,0.001,1.2
route_mutation,20260618T085659_457835,of:0000000000000001:2 -> of:000000000000000c:1,0.001,0.00125,0.001,0.001,1.26,2026-06-18T08:56:59,0.001,1.26
route_mutation,20260618T085659_457835,of:0000000000000003:2 -> of:0000000000000008:3,0.001,0.00125,0.001,0.001,1.26,2026-06-18T08:56:59,0.001,1.33
route_mutation,20260618T085729_707849,of:0000000000000005:1 -> of:000000000000000c:5,0.002,0.0025,0.002,0.002,1.96,2026-06-18T08:57:29,0.002,1.96
route_mutation,20260618T085729_707849,of:000000000000000a:1 -> of:000000000000000d:6,0.002,0.0025,0.002,0.002,1.43,2026-06-18T08:57:29,0.002,1.43
route_mutation,20260618T085729_707849,of:000000000000000b:2 -> of:000000000000000c:2,0.002,0.0025,0.002,0.002,1.53,2026-06-18T08:57:29,0.002,1.53
route_mutation,20260618T085729_707849,of:0000000000000004:2 -> of:0000000000000009:2,0.002,0.0025,0.002,0.001,1.46,2026-06-18T08:57:29,0.002,1.53
route_mutation,20260618T085729_707849,of:0000000000000005:2 -> of:0000000000000009:3,0.002,0.0025,0.002,0.001,1.46,2026-06-18T08:57:29,0.002,1.53
route_mutation,20260618T085729_707849,of:000000000000000b:3 -> of:000000000000000d:2,0.002,0.0025,0.002,0.002,1.66,2026-06-18T08:57:29,0.002,1.66
route_mutation,20260618T085729_707849,of:0000000000000004:1 -> of:000000000000000c:4,0.002,0.0025,0.002,0.002,2.23,2026-06-18T08:57:29,0.002,2.23
route_mutation,20260618T085729_707849,of:000000000000000c:3 -> of:000000000000000d:3,0.002,0.0025,0.002,0.002,1.53,2026-06-18T08:57:29,0.002,1.53
route_mutation,20260618T085729_707849,of:0000000000000001:1 -> of:000000000000000b:1,0.003,0.00375,0.003,0.003,3.33,2026-06-18T08:57:29,0.003,3.3
route_mutation,20260618T085729_707849,of:0000000000000006:1 -> of:000000000000000d:4,0.002,0.0025,0.002,0.002,1.63,2026-06-18T08:57:29,0.002,1.7
route_mutation,20260618T085729_707849,of:0000000000000002:1 -> of:000000000000000b:4,0.002,0.0025,0.002,0.002,2.36,2026-06-18T08:57:29,0.002,2.36
route_mutation,20260618T085729_707849,of:0000000000000001:3 -> of:000000000000000d:1,0.002,0.0025,0.002,0.002,1.6,2026-06-18T08:57:29,0.002,1.6
route_mutation,20260618T085729_707849,of:0000000000000006:2 -> of:000000000000000a:2,0.002,0.0025,0.002,0.001,1.46,2026-06-18T08:57:29,0.002,1.53
route_mutation,20260618T085729_707849,of:0000000000000003:1 -> of:000000000000000b:5,0.002,0.0025,0.002,0.002,2.46,2026-06-18T08:57:29,0.002,2.46
route_mutation,20260618T085729_707849,of:0000000000000007:1 -> of:000000000000000d:5,0.002,0.0025,0.002,0.001,1.37,2026-06-18T08:57:29,0.002,1.43
route_mutation,20260618T085729_707849,of:0000000000000007:2 -> of:000000000000000a:3,0.002,0.0025,0.002,0.001,1.46,2026-06-18T08:57:29,0.002,1.53
route_mutation,20260618T085729_707849,of:0000000000000002:2 -> of:0000000000000008:2,0.002,0.0025,0.002,0.002,1.53,2026-06-18T08:57:29,0.002,1.53
route_mutation,20260618T085729_707849,of:0000000000000008:1 -> of:000000000000000b:6,0.002,0.0025,0.002,0.002,1.43,2026-06-18T08:57:29,0.002,1.43
route_mutation,20260618T085729_707849,of:0000000000000009:1 -> of:000000000000000c:6,0.002,0.0025,0.002,0.002,1.43,2026-06-18T08:57:29,0.002,1.43
route_mutation,20260618T085729_707849,of:0000000000000001:2 -> of:000000000000000c:1,0.003,0.00375,0.003,0.003,2.93,2026-06-18T08:57:29,0.003,2.93
route_mutation,20260618T085729_707849,of:0000000000000003:2 -> of:0000000000000008:3,0.002,0.0025,0.002,0.001,1.46,2026-06-18T08:57:29,0.002,1.53
ip_shuffle,20260618T085759_891107,of:0000000000000005:1 -> of:000000000000000c:5,0.002,0.0025,0.002,0.002,2.16,2026-06-18T08:57:59,0.002,2.3
ip_shuffle,20260618T085759_891107,of:000000000000000a:1 -> of:000000000000000d:6,0.002,0.0025,0.002,0.002,2.03,2026-06-18T08:57:59,0.002,2.03
ip_shuffle,20260618T085759_891107,of:000000000000000b:2 -> of:000000000000000c:2,0.002,0.0025,0.002,0.002,2.73,2026-06-18T08:57:59,0.002,2.73
ip_shuffle,20260618T085759_891107,of:0000000000000004:2 -> of:0000000000000009:2,0.002,0.0025,0.002,0.002,2.8,2026-06-18T08:57:59,0.002,2.8
ip_shuffle,20260618T085759_891107,of:0000000000000005:2 -> of:0000000000000009:3,0.002,0.0025,0.002,0.002,2.66,2026-06-18T08:57:59,0.002,2.73
ip_shuffle,20260618T085759_891107,of:000000000000000b:3 -> of:000000000000000d:2,0.002,0.0025,0.002,0.002,2.73,2026-06-18T08:57:59,0.002,2.73
ip_shuffle,20260618T085759_891107,of:0000000000000004:1 -> of:000000000000000c:4,0.002,0.0025,0.002,0.002,2.03,2026-06-18T08:57:59,0.002,2.1
ip_shuffle,20260618T085759_891107,of:000000000000000c:3 -> of:000000000000000d:3,0.002,0.0025,0.002,0.002,2.73,2026-06-18T08:57:59,0.002,2.73
ip_shuffle,20260618T085759_891107,of:0000000000000001:1 -> of:000000000000000b:1,0.002,0.0025,0.002,0.002,1.96,2026-06-18T08:57:59,0.002,1.96
ip_shuffle,20260618T085759_891107,of:0000000000000006:1 -> of:000000000000000d:4,0.003,0.00375,0.003,0.002,3.06,2026-06-18T08:57:59,0.003,3.13
ip_shuffle,20260618T085759_891107,of:0000000000000002:1 -> of:000000000000000b:4,0.002,0.0025,0.002,0.002,1.96,2026-06-18T08:57:59,0.002,1.96
ip_shuffle,20260618T085759_891107,of:0000000000000001:3 -> of:000000000000000d:1,0.003,0.00375,0.003,0.003,4.19,2026-06-18T08:57:59,0.003,4.19
ip_shuffle,20260618T085759_891107,of:0000000000000006:2 -> of:000000000000000a:2,0.002,0.0025,0.002,0.002,2.66,2026-06-18T08:57:59,0.002,2.73
ip_shuffle,20260618T085759_891107,of:0000000000000003:1 -> of:000000000000000b:5,0.002,0.0025,0.002,0.002,1.96,2026-06-18T08:57:59,0.002,1.96
ip_shuffle,20260618T085759_891107,of:0000000000000007:1 -> of:000000000000000d:5,0.003,0.00375,0.003,0.003,3.06,2026-06-18T08:57:59,0.003,3.13
ip_shuffle,20260618T085759_891107,of:0000000000000007:2 -> of:000000000000000a:3,0.002,0.0025,0.002,0.002,2.66,2026-06-18T08:57:59,0.002,2.73
ip_shuffle,20260618T085759_891107,of:0000000000000002:2 -> of:0000000000000008:2,0.002,0.0025,0.002,0.002,2.66,2026-06-18T08:57:59,0.002,2.66
ip_shuffle,20260618T085759_891107,of:0000000000000008:1 -> of:000000000000000b:6,0.002,0.0025,0.002,0.002,2.03,2026-06-18T08:57:59,0.002,2.03
ip_shuffle,20260618T085759_891107,of:0000000000000009:1 -> of:000000000000000c:6,0.002,0.0025,0.002,0.002,2.03,2026-06-18T08:57:59,0.002,2.03
ip_shuffle,20260618T085759_891107,of:0000000000000001:2 -> of:000000000000000c:1,0.002,0.0025,0.002,0.002,2.06,2026-06-18T08:57:59,0.002,2.06
ip_shuffle,20260618T085759_891107,of:0000000000000003:2 -> of:0000000000000008:3,0.002,0.0025,0.002,0.002,2.73,2026-06-18T08:57:59,0.002,2.66
ip_shuffle,20260618T085858_435695,of:0000000000000005:1 -> of:000000000000000c:5,0.002,0.0025,0.002,0.002,1.83,2026-06-18T08:58:58,0.002,1.76
ip_shuffle,20260618T085858_435695,of:000000000000000a:1 -> of:000000000000000d:6,0.002,0.0025,0.002,0.002,1.43,2026-06-18T08:58:58,0.002,1.43
ip_shuffle,20260618T085858_435695,of:000000000000000b:2 -> of:000000000000000c:2,0.002,0.0025,0.002,0.002,1.53,2026-06-18T08:58:58,0.002,1.53
ip_shuffle,20260618T085858_435695,of:0000000000000004:2 -> of:0000000000000009:2,0.002,0.0025,0.002,0.001,1.47,2026-06-18T08:58:58,0.002,1.53
ip_shuffle,20260618T085858_435695,of:0000000000000005:2 -> of:0000000000000009:3,0.001,0.00125,0.001,0.001,1.47,2026-06-18T08:58:58,0.001,1.47
ip_shuffle,20260618T085858_435695,of:000000000000000b:3 -> of:000000000000000d:2,0.002,0.0025,0.002,0.002,1.66,2026-06-18T08:58:58,0.002,1.66
ip_shuffle,20260618T085858_435695,of:0000000000000004:1 -> of:000000000000000c:4,0.002,0.0025,0.002,0.002,2.23,2026-06-18T08:58:58,0.002,2.23
ip_shuffle,20260618T085858_435695,of:000000000000000c:3 -> of:000000000000000d:3,0.002,0.0025,0.002,0.002,1.53,2026-06-18T08:58:58,0.002,1.53
ip_shuffle,20260618T085858_435695,of:0000000000000001:1 -> of:000000000000000b:1,0.003,0.00375,0.003,0.003,3.3,2026-06-18T08:58:58,0.003,3.26
ip_shuffle,20260618T085858_435695,of:0000000000000006:1 -> of:000000000000000d:4,0.002,0.0025,0.002,0.002,1.66,2026-06-18T08:58:58,0.002,1.76
ip_shuffle,20260618T085858_435695,of:0000000000000002:1 -> of:000000000000000b:4,0.002,0.0025,0.002,0.002,2.36,2026-06-18T08:58:58,0.002,2.36
ip_shuffle,20260618T085858_435695,of:0000000000000001:3 -> of:000000000000000d:1,0.002,0.0025,0.002,0.002,1.6,2026-06-18T08:58:58,0.002,1.63
ip_shuffle,20260618T085858_435695,of:0000000000000006:2 -> of:000000000000000a:2,0.002,0.0025,0.002,0.001,1.47,2026-06-18T08:58:58,0.002,1.53
ip_shuffle,20260618T085858_435695,of:0000000000000003:1 -> of:000000000000000b:5,0.002,0.0025,0.002,0.002,2.46,2026-06-18T08:58:58,0.002,2.5
ip_shuffle,20260618T085858_435695,of:0000000000000007:1 -> of:000000000000000d:5,0.002,0.0025,0.002,0.001,1.37,2026-06-18T08:58:58,0.002,1.43
ip_shuffle,20260618T085858_435695,of:0000000000000007:2 -> of:000000000000000a:3,0.002,0.0025,0.002,0.001,1.47,2026-06-18T08:58:58,0.002,1.53
ip_shuffle,20260618T085858_435695,of:0000000000000002:2 -> of:0000000000000008:2,0.002,0.0025,0.002,0.002,1.53,2026-06-18T08:58:58,0.002,1.53
ip_shuffle,20260618T085858_435695,of:0000000000000008:1 -> of:000000000000000b:6,0.002,0.0025,0.002,0.002,1.43,2026-06-18T08:58:58,0.002,1.43
ip_shuffle,20260618T085858_435695,of:0000000000000009:1 -> of:000000000000000c:6,0.002,0.0025,0.002,0.002,1.43,2026-06-18T08:58:58,0.002,1.43
ip_shuffle,20260618T085858_435695,of:0000000000000001:2 -> of:000000000000000c:1,0.003,0.00375,0.003,0.003,2.86,2026-06-18T08:58:58,0.003,2.86
ip_shuffle,20260618T085858_435695,of:0000000000000003:2 -> of:0000000000000008:3,0.002,0.0025,0.002,0.001,1.47,2026-06-18T08:58:58,0.002,1.53
route_mutation,20260618T090002_557364,of:0000000000000005:1 -> of:000000000000000c:5,0.002,0.0025,0.002,0.002,1.4,2026-06-18T09:00:02,0.001,1.27
route_mutation,20260618T090002_557364,of:000000000000000a:1 -> of:000000000000000d:6,0.001,0.00125,0.001,0.001,1.2,2026-06-18T09:00:02,0.001,1.2
route_mutation,20260618T090002_557364,of:000000000000000b:2 -> of:000000000000000c:2,0.001,0.00125,0.001,0.001,1.2,2026-06-18T09:00:02,0.001,1.2
route_mutation,20260618T090002_557364,of:0000000000000004:2 -> of:0000000000000009:2,0.001,0.00125,0.001,0.001,1.33,2026-06-18T09:00:02,0.001,1.27
route_mutation,20260618T090002_557364,of:0000000000000005:2 -> of:0000000000000009:3,0.002,0.0025,0.002,0.002,1.4,2026-06-18T09:00:02,0.001,1.33
route_mutation,20260618T090002_557364,of:000000000000000b:3 -> of:000000000000000d:2,0.001,0.00125,0.001,0.001,1.2,2026-06-18T09:00:02,0.001,1.2
route_mutation,20260618T090002_557364,of:0000000000000004:1 -> of:000000000000000c:4,0.001,0.00125,0.001,0.001,1.33,2026-06-18T09:00:02,0.001,1.27
route_mutation,20260618T090002_557364,of:000000000000000c:3 -> of:000000000000000d:3,0.001,0.00125,0.001,0.001,1.2,2026-06-18T09:00:02,0.001,1.2
route_mutation,20260618T090002_557364,of:0000000000000001:1 -> of:000000000000000b:1,0.002,0.0025,0.002,0.002,1.43,2026-06-18T09:00:02,0.002,1.43
route_mutation,20260618T090002_557364,of:0000000000000006:1 -> of:000000000000000d:4,0.002,0.0025,0.002,0.002,1.4,2026-06-18T09:00:02,0.001,1.2
route_mutation,20260618T090002_557364,of:0000000000000002:1 -> of:000000000000000b:4,0.002,0.0025,0.002,0.002,1.43,2026-06-18T09:00:02,0.002,1.43
route_mutation,20260618T090002_557364,of:0000000000000001:3 -> of:000000000000000d:1,0.002,0.0025,0.002,0.002,1.63,2026-06-18T09:00:02,0.002,1.73
route_mutation,20260618T090002_557364,of:0000000000000006:2 -> of:000000000000000a:2,0.002,0.0025,0.002,0.002,1.4,2026-06-18T09:00:02,0.001,1.27
route_mutation,20260618T090002_557364,of:0000000000000003:1 -> of:000000000000000b:5,0.001,0.00125,0.001,0.001,1.27,2026-06-18T09:00:02,0.001,1.27
route_mutation,20260618T090002_557364,of:0000000000000007:1 -> of:000000000000000d:5,0.002,0.0025,0.002,0.002,2.06,2026-06-18T09:00:02,0.002,2.06
route_mutation,20260618T090002_557364,of:0000000000000007:2 -> of:000000000000000a:3,0.001,0.00125,0.001,0.001,1.37,2026-06-18T09:00:02,0.001,1.3
route_mutation,20260618T090002_557364,of:0000000000000002:2 -> of:0000000000000008:2,0.001,0.00125,0.001,0.001,1.27,2026-06-18T09:00:02,0.001,1.27
route_mutation,20260618T090002_557364,of:0000000000000008:1 -> of:000000000000000b:6,0.001,0.00125,0.001,0.001,1.2,2026-06-18T09:00:02,0.001,1.2
route_mutation,20260618T090002_557364,of:0000000000000009:1 -> of:000000000000000c:6,0.001,0.00125,0.001,0.001,1.2,2026-06-18T09:00:02,0.001,1.2
route_mutation,20260618T090002_557364,of:0000000000000001:2 -> of:000000000000000c:1,0.001,0.00125,0.001,0.001,1.27,2026-06-18T09:00:02,0.001,1.27
route_mutation,20260618T090002_557364,of:0000000000000003:2 -> of:0000000000000008:3,0.001,0.00125,0.001,0.001,1.27,2026-06-18T09:00:02,0.001,1.27
route_mutation,20260618T090032_793387,of:0000000000000005:1 -> of:000000000000000c:5,0.002,0.0025,0.002,0.002,1.96,2026-06-18T09:00:32,0.002,1.9
route_mutation,20260618T090032_793387,of:000000000000000a:1 -> of:000000000000000d:6,0.002,0.0025,0.002,0.002,1.43,2026-06-18T09:00:32,0.002,1.43
route_mutation,20260618T090032_793387,of:000000000000000b:2 -> of:000000000000000c:2,0.002,0.0025,0.002,0.002,1.53,2026-06-18T09:00:32,0.002,1.53
route_mutation,20260618T090032_793387,of:0000000000000004:2 -> of:0000000000000009:2,0.002,0.0025,0.002,0.001,1.4,2026-06-18T09:00:32,0.002,1.53
route_mutation,20260618T090032_793387,of:0000000000000005:2 -> of:0000000000000009:3,0.001,0.00125,0.001,0.001,1.47,2026-06-18T09:00:32,0.001,1.47
route_mutation,20260618T090032_793387,of:000000000000000b:3 -> of:000000000000000d:2,0.002,0.0025,0.002,0.002,1.66,2026-06-18T09:00:32,0.002,1.66
route_mutation,20260618T090032_793387,of:0000000000000004:1 -> of:000000000000000c:4,0.002,0.0025,0.002,0.002,2.16,2026-06-18T09:00:32,0.002,2.23
route_mutation,20260618T090032_793387,of:000000000000000c:3 -> of:000000000000000d:3,0.002,0.0025,0.002,0.002,1.53,2026-06-18T09:00:32,0.002,1.53
route_mutation,20260618T090032_793387,of:0000000000000001:1 -> of:000000000000000b:1,0.003,0.00375,0.003,0.003,3.26,2026-06-18T09:00:32,0.003,3.26
route_mutation,20260618T090032_793387,of:0000000000000006:1 -> of:000000000000000d:4,0.002,0.0025,0.002,0.002,1.7,2026-06-18T09:00:32,0.002,1.7
route_mutation,20260618T090032_793387,of:0000000000000002:1 -> of:000000000000000b:4,0.002,0.0025,0.002,0.002,2.36,2026-06-18T09:00:32,0.002,2.36
route_mutation,20260618T090032_793387,of:0000000000000001:3 -> of:000000000000000d:1,0.002,0.0025,0.002,0.002,1.66,2026-06-18T09:00:32,0.002,1.66
route_mutation,20260618T090032_793387,of:0000000000000006:2 -> of:000000000000000a:2,0.002,0.0025,0.002,0.001,1.47,2026-06-18T09:00:32,0.002,1.53
route_mutation,20260618T090032_793387,of:0000000000000003:1 -> of:000000000000000b:5,0.002,0.0025,0.002,0.002,2.46,2026-06-18T09:00:32,0.002,2.46
route_mutation,20260618T090032_793387,of:0000000000000007:1 -> of:000000000000000d:5,0.002,0.0025,0.002,0.002,1.43,2026-06-18T09:00:32,0.001,1.37
route_mutation,20260618T090032_793387,of:0000000000000007:2 -> of:000000000000000a:3,0.001,0.00125,0.001,0.001,1.47,2026-06-18T09:00:32,0.001,1.47
route_mutation,20260618T090032_793387,of:0000000000000002:2 -> of:0000000000000008:2,0.002,0.0025,0.002,0.002,1.53,2026-06-18T09:00:32,0.002,1.53
route_mutation,20260618T090032_793387,of:0000000000000008:1 -> of:000000000000000b:6,0.002,0.0025,0.002,0.002,1.43,2026-06-18T09:00:32,0.002,1.43
route_mutation,20260618T090032_793387,of:0000000000000009:1 -> of:000000000000000c:6,0.002,0.0025,0.002,0.002,1.43,2026-06-18T09:00:32,0.002,1.43
route_mutation,20260618T090032_793387,of:0000000000000001:2 -> of:000000000000000c:1,0.003,0.00375,0.003,0.003,2.93,2026-06-18T09:00:32,0.003,2.93
route_mutation,20260618T090032_793387,of:0000000000000003:2 -> of:0000000000000008:3,0.002,0.0025,0.002,0.001,1.47,2026-06-18T09:00:32,0.002,1.53
route_mutation,20260618T090102_990031,of:0000000000000005:1 -> of:000000000000000c:5,0.002,0.0025,0.002,0.002,2.3,2026-06-18T09:01:02,0.002,2.43
route_mutation,20260618T090102_990031,of:000000000000000a:1 -> of:000000000000000d:6,0.002,0.0025,0.002,0.002,2.03,2026-06-18T09:01:02,0.002,2.03
route_mutation,20260618T090102_990031,of:000000000000000b:2 -> of:000000000000000c:2,0.002,0.0025,0.002,0.002,2.73,2026-06-18T09:01:02,0.002,2.73
route_mutation,20260618T090102_990031,of:0000000000000004:2 -> of:0000000000000009:2,0.002,0.0025,0.002,0.002,2.73,2026-06-18T09:01:02,0.002,2.66
route_mutation,20260618T090102_990031,of:0000000000000005:2 -> of:0000000000000009:3,0.002,0.0025,0.002,0.002,2.8,2026-06-18T09:01:02,0.002,2.86
route_mutation,20260618T090102_990031,of:000000000000000b:3 -> of:000000000000000d:2,0.002,0.0025,0.002,0.002,2.73,2026-06-18T09:01:02,0.002,2.73
route_mutation,20260618T090102_990031,of:0000000000000004:1 -> of:000000000000000c:4,0.002,0.0025,0.002,0.002,1.96,2026-06-18T09:01:02,0.002,1.96
route_mutation,20260618T090102_990031,of:000000000000000c:3 -> of:000000000000000d:3,0.002,0.0025,0.002,0.002,2.73,2026-06-18T09:01:02,0.002,2.73
route_mutation,20260618T090102_990031,of:0000000000000001:1 -> of:000000000000000b:1,0.002,0.0025,0.002,0.002,1.96,2026-06-18T09:01:02,0.002,1.96
route_mutation,20260618T090102_990031,of:0000000000000006:1 -> of:000000000000000d:4,0.003,0.00375,0.003,0.002,3.0,2026-06-18T09:01:02,0.003,3.13
route_mutation,20260618T090102_990031,of:0000000000000002:1 -> of:000000000000000b:4,0.002,0.0025,0.002,0.002,1.96,2026-06-18T09:01:02,0.002,1.96
route_mutation,20260618T090102_990031,of:0000000000000001:3 -> of:000000000000000d:1,0.003,0.00375,0.003,0.003,4.2,2026-06-18T09:01:02,0.003,4.13
route_mutation,20260618T090102_990031,of:0000000000000006:2 -> of:000000000000000a:2,0.002,0.0025,0.002,0.002,2.66,2026-06-18T09:01:02,0.002,2.73
route_mutation,20260618T090102_990031,of:0000000000000003:1 -> of:000000000000000b:5,0.002,0.0025,0.002,0.002,1.96,2026-06-18T09:01:02,0.002,1.96
route_mutation,20260618T090102_990031,of:0000000000000007:1 -> of:000000000000000d:5,0.003,0.00375,0.003,0.002,3.0,2026-06-18T09:01:02,0.003,3.13
route_mutation,20260618T090102_990031,of:0000000000000007:2 -> of:000000000000000a:3,0.002,0.0025,0.002,0.002,2.66,2026-06-18T09:01:02,0.002,2.73
route_mutation,20260618T090102_990031,of:0000000000000002:2 -> of:0000000000000008:2,0.002,0.0025,0.002,0.002,2.66,2026-06-18T09:01:02,0.002,2.66
route_mutation,20260618T090102_990031,of:0000000000000008:1 -> of:000000000000000b:6,0.002,0.0025,0.002,0.002,2.03,2026-06-18T09:01:02,0.002,2.03
route_mutation,20260618T090102_990031,of:0000000000000009:1 -> of:000000000000000c:6,0.002,0.0025,0.002,0.002,2.03,2026-06-18T09:01:02,0.002,2.03
route_mutation,20260618T090102_990031,of:0000000000000001:2 -> of:000000000000000c:1,0.002,0.0025,0.002,0.002,2.06,2026-06-18T09:01:02,0.002,2.06
route_mutation,20260618T090102_990031,of:0000000000000003:2 -> of:0000000000000008:3,0.002,0.0025,0.002,0.002,2.73,2026-06-18T09:01:02,0.002,2.66
ip_shuffle,20260618T090133_230642,of:0000000000000005:1 -> of:000000000000000c:5,0.001,0.00125,0.001,0.001,1.33,2026-06-18T09:01:33,0.001,1.2
ip_shuffle,20260618T090133_230642,of:000000000000000a:1 -> of:000000000000000d:6,0.001,0.00125,0.001,0.001,1.2,2026-06-18T09:01:33,0.001,1.2
ip_shuffle,20260618T090133_230642,of:000000000000000b:2 -> of:000000000000000c:2,0.001,0.00125,0.001,0.001,1.2,2026-06-18T09:01:33,0.001,1.2
ip_shuffle,20260618T090133_230642,of:0000000000000004:2 -> of:0000000000000009:2,0.001,0.00125,0.001,0.001,1.33,2026-06-18T09:01:33,0.001,1.27
ip_shuffle,20260618T090133_230642,of:0000000000000005:2 -> of:0000000000000009:3,0.001,0.00125,0.001,0.001,1.33,2026-06-18T09:01:33,0.001,1.2
ip_shuffle,20260618T090133_230642,of:000000000000000b:3 -> of:000000000000000d:2,0.001,0.00125,0.001,0.001,1.2,2026-06-18T09:01:33,0.001,1.2
ip_shuffle,20260618T090133_230642,of:0000000000000004:1 -> of:000000000000000c:4,0.001,0.00125,0.001,0.001,1.33,2026-06-18T09:01:33,0.001,1.27
ip_shuffle,20260618T090133_230642,of:000000000000000c:3 -> of:000000000000000d:3,0.001,0.00125,0.001,0.001,1.2,2026-06-18T09:01:33,0.001,1.2
ip_shuffle,20260618T090133_230642,of:0000000000000001:1 -> of:000000000000000b:1,0.002,0.0025,0.002,0.002,1.46,2026-06-18T09:01:33,0.002,1.5
ip_shuffle,20260618T090133_230642,of:0000000000000006:1 -> of:000000000000000d:4,0.001,0.00125,0.001,0.001,1.33,2026-06-18T09:01:33,0.001,1.2
ip_shuffle,20260618T090133_230642,of:0000000000000002:1 -> of:000000000000000b:4,0.002,0.0025,0.002,0.002,1.53,2026-06-18T09:01:33,0.002,1.53
ip_shuffle,20260618T090133_230642,of:0000000000000001:3 -> of:000000000000000d:1,0.001,0.00125,0.001,0.001,1.23,2026-06-18T09:01:33,0.001,1.3
ip_shuffle,20260618T090133_230642,of:0000000000000006:2 -> of:000000000000000a:2,0.001,0.00125,0.001,0.001,1.33,2026-06-18T09:01:33,0.001,1.2
ip_shuffle,20260618T090133_230642,of:0000000000000003:1 -> of:000000000000000b:5,0.001,0.00125,0.001,0.001,1.27,2026-06-18T09:01:33,0.001,1.27
ip_shuffle,20260618T090133_230642,of:0000000000000007:1 -> of:000000000000000d:5,0.002,0.0025,0.002,0.002,1.43,2026-06-18T09:01:33,0.001,1.37
ip_shuffle,20260618T090133_230642,of:0000000000000007:2 -> of:000000000000000a:3,0.001,0.00125,0.001,0.001,1.33,2026-06-18T09:01:33,0.001,1.27
ip_shuffle,20260618T090133_230642,of:0000000000000002:2 -> of:0000000000000008:2,0.001,0.00125,0.001,0.001,1.27,2026-06-18T09:01:33,0.001,1.27
ip_shuffle,20260618T090133_230642,of:0000000000000008:1 -> of:000000000000000b:6,0.001,0.00125,0.001,0.001,1.2,2026-06-18T09:01:33,0.001,1.2
ip_shuffle,20260618T090133_230642,of:0000000000000009:1 -> of:000000000000000c:6,0.001,0.00125,0.001,0.001,1.2,2026-06-18T09:01:33,0.001,1.2
ip_shuffle,20260618T090133_230642,of:0000000000000001:2 -> of:000000000000000c:1,0.001,0.00125,0.001,0.001,1.27,2026-06-18T09:01:33,0.001,1.27
ip_shuffle,20260618T090133_230642,of:0000000000000003:2 -> of:0000000000000008:3,0.001,0.00125,0.001,0.001,1.27,2026-06-18T09:01:33,0.001,1.27
ip_shuffle,20260618T090230_756249,of:0000000000000005:1 -> of:000000000000000c:5,0.002,0.0025,0.002,0.002,1.99,2026-06-18T09:02:30,0.002,2.06
ip_shuffle,20260618T090230_756249,of:000000000000000a:1 -> of:000000000000000d:6,0.002,0.0025,0.002,0.002,2.03,2026-06-18T09:02:30,0.002,2.03
ip_shuffle,20260618T090230_756249,of:000000000000000b:2 -> of:000000000000000c:2,0.002,0.0025,0.002,0.002,2.72,2026-06-18T09:02:30,0.002,2.72
ip_shuffle,20260618T090230_756249,of:0000000000000004:2 -> of:0000000000000009:2,0.002,0.0025,0.002,0.002,2.62,2026-06-18T09:02:30,0.002,2.62
ip_shuffle,20260618T090230_756249,of:0000000000000005:2 -> of:0000000000000009:3,0.002,0.0025,0.002,0.002,2.62,2026-06-18T09:02:30,0.002,2.69
ip_shuffle,20260618T090230_756249,of:000000000000000b:3 -> of:000000000000000d:2,0.002,0.0025,0.002,0.002,2.72,2026-06-18T09:02:30,0.002,2.72
ip_shuffle,20260618T090230_756249,of:0000000000000004:1 -> of:000000000000000c:4,0.002,0.0025,0.002,0.002,1.93,2026-06-18T09:02:30,0.002,1.96
ip_shuffle,20260618T090230_756249,of:000000000000000c:3 -> of:000000000000000d:3,0.002,0.0025,0.002,0.002,2.72,2026-06-18T09:02:30,0.002,2.72
ip_shuffle,20260618T090230_756249,of:0000000000000001:1 -> of:000000000000000b:1,0.002,0.0025,0.002,0.002,1.96,2026-06-18T09:02:30,0.002,1.96
ip_shuffle,20260618T090230_756249,of:0000000000000006:1 -> of:000000000000000d:4,0.003,0.00375,0.003,0.003,3.35,2026-06-18T09:02:30,0.003,3.49
ip_shuffle,20260618T090230_756249,of:0000000000000002:1 -> of:000000000000000b:4,0.002,0.0025,0.002,0.002,1.96,2026-06-18T09:02:30,0.002,2.03
ip_shuffle,20260618T090230_756249,of:0000000000000001:3 -> of:000000000000000d:1,0.004,0.005,0.004,0.004,4.38,2026-06-18T09:02:30,0.003,4.32
ip_shuffle,20260618T090230_756249,of:0000000000000006:2 -> of:000000000000000a:2,0.002,0.0025,0.002,0.002,2.66,2026-06-18T09:02:30,0.002,2.72
ip_shuffle,20260618T090230_756249,of:0000000000000003:1 -> of:000000000000000b:5,0.002,0.0025,0.002,0.002,1.96,2026-06-18T09:02:30,0.002,1.96
ip_shuffle,20260618T090230_756249,of:0000000000000007:1 -> of:000000000000000d:5,0.003,0.00375,0.003,0.003,3.09,2026-06-18T09:02:30,0.003,3.16
ip_shuffle,20260618T090230_756249,of:0000000000000007:2 -> of:000000000000000a:3,0.002,0.0025,0.002,0.002,2.72,2026-06-18T09:02:30,0.002,2.72
ip_shuffle,20260618T090230_756249,of:0000000000000002:2 -> of:0000000000000008:2,0.002,0.0025,0.002,0.002,2.66,2026-06-18T09:02:30,0.002,2.72
ip_shuffle,20260618T090230_756249,of:0000000000000008:1 -> of:000000000000000b:6,0.002,0.0025,0.002,0.002,2.03,2026-06-18T09:02:30,0.002,2.03
ip_shuffle,20260618T090230_756249,of:0000000000000009:1 -> of:000000000000000c:6,0.002,0.0025,0.002,0.002,2.03,2026-06-18T09:02:30,0.002,2.03
ip_shuffle,20260618T090230_756249,of:0000000000000001:2 -> of:000000000000000c:1,0.002,0.0025,0.002,0.002,2.06,2026-06-18T09:02:30,0.002,2.03
ip_shuffle,20260618T090230_756249,of:0000000000000003:2 -> of:0000000000000008:3,0.002,0.0025,0.002,0.002,2.66,2026-06-18T09:02:30,0.002,2.66
route_mutation,20260618T090328_320587,of:0000000000000005:1 -> of:000000000000000c:5,0.002,0.0025,0.002,0.002,2.1,2026-06-18T09:03:28,0.002,2.16
route_mutation,20260618T090328_320587,of:000000000000000a:1 -> of:000000000000000d:6,0.001,0.00125,0.001,0.001,1.46,2026-06-18T09:03:28,0.001,1.46
route_mutation,20260618T090328_320587,of:000000000000000b:2 -> of:000000000000000c:2,0.002,0.0025,0.002,0.002,1.73,2026-06-18T09:03:28,0.002,1.73
route_mutation,20260618T090328_320587,of:0000000000000004:2 -> of:0000000000000009:2,0.002,0.0025,0.002,0.002,1.66,2026-06-18T09:03:28,0.002,1.73
route_mutation,20260618T090328_320587,of:0000000000000005:2 -> of:0000000000000009:3,0.002,0.0025,0.002,0.002,1.66,2026-06-18T09:03:28,0.002,1.73
route_mutation,20260618T090328_320587,of:000000000000000b:3 -> of:000000000000000d:2,0.002,0.0025,0.002,0.002,1.83,2026-06-18T09:03:28,0.002,1.83
route_mutation,20260618T090328_320587,of:0000000000000004:1 -> of:000000000000000c:4,0.002,0.0025,0.002,0.002,2.26,2026-06-18T09:03:28,0.002,2.33
route_mutation,20260618T090328_320587,of:000000000000000c:3 -> of:000000000000000d:3,0.002,0.0025,0.002,0.002,1.66,2026-06-18T09:03:28,0.002,1.66
route_mutation,20260618T090328_320587,of:0000000000000001:1 -> of:000000000000000b:1,0.003,0.00375,0.003,0.003,3.26,2026-06-18T09:03:28,0.003,3.26
route_mutation,20260618T090328_320587,of:0000000000000006:1 -> of:000000000000000d:4,0.002,0.0025,0.002,0.002,1.9,2026-06-18T09:03:28,0.002,1.9
route_mutation,20260618T090328_320587,of:0000000000000002:1 -> of:000000000000000b:4,0.002,0.0025,0.002,0.002,2.39,2026-06-18T09:03:28,0.002,2.39
route_mutation,20260618T090328_320587,of:0000000000000001:3 -> of:000000000000000d:1,0.002,0.0025,0.002,0.002,1.76,2026-06-18T09:03:28,0.002,1.7
route_mutation,20260618T090328_320587,of:0000000000000006:2 -> of:000000000000000a:2,0.002,0.0025,0.002,0.001,1.6,2026-06-18T09:03:28,0.002,1.73
route_mutation,20260618T090328_320587,of:0000000000000003:1 -> of:000000000000000b:5,0.002,0.0025,0.002,0.002,2.49,2026-06-18T09:03:28,0.002,2.56
route_mutation,20260618T090328_320587,of:0000000000000007:1 -> of:000000000000000d:5,0.002,0.0025,0.002,0.002,1.66,2026-06-18T09:03:28,0.001,1.53
route_mutation,20260618T090328_320587,of:0000000000000007:2 -> of:000000000000000a:3,0.002,0.0025,0.002,0.002,1.66,2026-06-18T09:03:28,0.002,1.66
route_mutation,20260618T090328_320587,of:0000000000000002:2 -> of:0000000000000008:2,0.002,0.0025,0.002,0.002,1.73,2026-06-18T09:03:28,0.002,1.73
route_mutation,20260618T090328_320587,of:0000000000000008:1 -> of:000000000000000b:6,0.002,0.0025,0.002,0.002,1.53,2026-06-18T09:03:28,0.002,1.53
route_mutation,20260618T090328_320587,of:0000000000000009:1 -> of:000000000000000c:6,0.002,0.0025,0.002,0.002,1.53,2026-06-18T09:03:28,0.002,1.53
route_mutation,20260618T090328_320587,of:0000000000000001:2 -> of:000000000000000c:1,0.003,0.00375,0.003,0.003,2.96,2026-06-18T09:03:28,0.003,2.96
route_mutation,20260618T090328_320587,of:0000000000000003:2 -> of:0000000000000008:3,0.002,0.0025,0.002,0.002,1.66,2026-06-18T09:03:28,0.002,1.73
ip_shuffle,20260618T090358_479703,of:0000000000000005:1 -> of:000000000000000c:5,0.002,0.0025,0.002,0.002,2.13,2026-06-18T09:03:58,0.002,2.2
ip_shuffle,20260618T090358_479703,of:000000000000000a:1 -> of:000000000000000d:6,0.002,0.0025,0.002,0.002,2.03,2026-06-18T09:03:58,0.002,2.03
ip_shuffle,20260618T090358_479703,of:000000000000000b:2 -> of:000000000000000c:2,0.002,0.0025,0.002,0.002,2.73,2026-06-18T09:03:58,0.002,2.73
ip_shuffle,20260618T090358_479703,of:0000000000000004:2 -> of:0000000000000009:2,0.002,0.0025,0.002,0.002,2.66,2026-06-18T09:03:58,0.002,2.73
ip_shuffle,20260618T090358_479703,of:0000000000000005:2 -> of:0000000000000009:3,0.002,0.0025,0.002,0.002,2.66,2026-06-18T09:03:58,0.002,2.73
ip_shuffle,20260618T090358_479703,of:000000000000000b:3 -> of:000000000000000d:2,0.002,0.0025,0.002,0.002,2.73,2026-06-18T09:03:58,0.002,2.73
ip_shuffle,20260618T090358_479703,of:0000000000000004:1 -> of:000000000000000c:4,0.002,0.0025,0.002,0.002,1.96,2026-06-18T09:03:58,0.002,2.03
ip_shuffle,20260618T090358_479703,of:000000000000000c:3 -> of:000000000000000d:3,0.002,0.0025,0.002,0.002,2.73,2026-06-18T09:03:58,0.002,2.73
ip_shuffle,20260618T090358_479703,of:0000000000000001:1 -> of:000000000000000b:1,0.002,0.0025,0.002,0.002,1.96,2026-06-18T09:03:58,0.002,2.03
ip_shuffle,20260618T090358_479703,of:0000000000000006:1 -> of:000000000000000d:4,0.002,0.0025,0.002,0.002,2.96,2026-06-18T09:03:58,0.002,2.96
ip_shuffle,20260618T090358_479703,of:0000000000000002:1 -> of:000000000000000b:4,0.002,0.0025,0.002,0.002,1.96,2026-06-18T09:03:58,0.002,2.03
ip_shuffle,20260618T090358_479703,of:0000000000000001:3 -> of:000000000000000d:1,0.003,0.00375,0.003,0.003,4.23,2026-06-18T09:03:58,0.003,4.23
ip_shuffle,20260618T090358_479703,of:0000000000000006:2 -> of:000000000000000a:2,0.002,0.0025,0.002,0.002,2.73,2026-06-18T09:03:58,0.002,2.66
ip_shuffle,20260618T090358_479703,of:0000000000000003:1 -> of:000000000000000b:5,0.002,0.0025,0.002,0.002,1.96,2026-06-18T09:03:58,0.002,1.96
ip_shuffle,20260618T090358_479703,of:0000000000000007:1 -> of:000000000000000d:5,0.003,0.00375,0.003,0.002,2.96,2026-06-18T09:03:58,0.003,3.03
ip_shuffle,20260618T090358_479703,of:0000000000000007:2 -> of:000000000000000a:3,0.002,0.0025,0.002,0.002,2.73,2026-06-18T09:03:58,0.002,2.73
ip_shuffle,20260618T090358_479703,of:0000000000000002:2 -> of:0000000000000008:2,0.002,0.0025,0.002,0.002,2.66,2026-06-18T09:03:58,0.002,2.73
ip_shuffle,20260618T090358_479703,of:0000000000000008:1 -> of:000000000000000b:6,0.002,0.0025,0.002,0.002,2.03,2026-06-18T09:03:58,0.002,2.03
ip_shuffle,20260618T090358_479703,of:0000000000000009:1 -> of:000000000000000c:6,0.002,0.0025,0.002,0.002,2.03,2026-06-18T09:03:58,0.002,2.03
ip_shuffle,20260618T090358_479703,of:0000000000000001:2 -> of:000000000000000c:1,0.002,0.0025,0.002,0.002,2.2,2026-06-18T09:03:58,0.002,2.2
ip_shuffle,20260618T090358_479703,of:0000000000000003:2 -> of:0000000000000008:3,0.002,0.0025,0.002,0.002,2.66,2026-06-18T09:03:58,0.002,2.66
route_mutation,20260618T090457_164495,of:0000000000000005:1 -> of:000000000000000c:5,0.002,0.0025,0.002,0.002,2.06,2026-06-18T09:04:57,0.002,2.13
route_mutation,20260618T090457_164495,of:000000000000000a:1 -> of:000000000000000d:6,0.001,0.00125,0.001,0.001,1.47,2026-06-18T09:04:57,0.001,1.47
route_mutation,20260618T090457_164495,of:000000000000000b:2 -> of:000000000000000c:2,0.002,0.0025,0.002,0.002,1.73,2026-06-18T09:04:57,0.002,1.73
route_mutation,20260618T090457_164495,of:0000000000000004:2 -> of:0000000000000009:2,0.002,0.0025,0.002,0.002,1.66,2026-06-18T09:04:57,0.002,1.73
route_mutation,20260618T090457_164495,of:0000000000000005:2 -> of:0000000000000009:3,0.002,0.0025,0.002,0.002,1.66,2026-06-18T09:04:57,0.002,1.73
route_mutation,20260618T090457_164495,of:000000000000000b:3 -> of:000000000000000d:2,0.002,0.0025,0.002,0.002,1.66,2026-06-18T09:04:57,0.002,1.66
route_mutation,20260618T090457_164495,of:0000000000000004:1 -> of:000000000000000c:4,0.002,0.0025,0.002,0.002,2.26,2026-06-18T09:04:57,0.002,2.33
route_mutation,20260618T090457_164495,of:000000000000000c:3 -> of:000000000000000d:3,0.002,0.0025,0.002,0.002,1.66,2026-06-18T09:04:57,0.002,1.66
route_mutation,20260618T090457_164495,of:0000000000000001:1 -> of:000000000000000b:1,0.003,0.00375,0.003,0.003,3.43,2026-06-18T09:04:57,0.003,3.43
route_mutation,20260618T090457_164495,of:0000000000000006:1 -> of:000000000000000d:4,0.002,0.0025,0.002,0.002,1.5,2026-06-18T09:04:57,0.002,1.5
route_mutation,20260618T090457_164495,of:0000000000000002:1 -> of:000000000000000b:4,0.002,0.0025,0.002,0.002,2.4,2026-06-18T09:04:57,0.002,2.4
route_mutation,20260618T090457_164495,of:0000000000000001:3 -> of:000000000000000d:1,0.002,0.0025,0.002,0.002,1.53,2026-06-18T09:04:57,0.001,1.47
route_mutation,20260618T090457_164495,of:0000000000000006:2 -> of:000000000000000a:2,0.002,0.0025,0.002,0.001,1.6,2026-06-18T09:04:57,0.002,1.73
route_mutation,20260618T090457_164495,of:0000000000000003:1 -> of:000000000000000b:5,0.002,0.0025,0.002,0.002,2.5,2026-06-18T09:04:57,0.002,2.56
route_mutation,20260618T090457_164495,of:0000000000000007:1 -> of:000000000000000d:5,0.002,0.0025,0.002,0.002,1.53,2026-06-18T09:04:57,0.001,1.4
route_mutation,20260618T090457_164495,of:0000000000000007:2 -> of:000000000000000a:3,0.002,0.0025,0.002,0.002,1.66,2026-06-18T09:04:57,0.002,1.66
route_mutation,20260618T090457_164495,of:0000000000000002:2 -> of:0000000000000008:2,0.002,0.0025,0.002,0.002,1.73,2026-06-18T09:04:57,0.002,1.73
route_mutation,20260618T090457_164495,of:0000000000000008:1 -> of:000000000000000b:6,0.002,0.0025,0.002,0.002,1.53,2026-06-18T09:04:57,0.002,1.53
route_mutation,20260618T090457_164495,of:0000000000000009:1 -> of:000000000000000c:6,0.002,0.0025,0.002,0.002,1.53,2026-06-18T09:04:57,0.002,1.53
route_mutation,20260618T090457_164495,of:0000000000000001:2 -> of:000000000000000c:1,0.003,0.00375,0.003,0.003,2.9,2026-06-18T09:04:57,0.003,2.9
route_mutation,20260618T090457_164495,of:0000000000000003:2 -> of:0000000000000008:3,0.002,0.0025,0.002,0.002,1.66,2026-06-18T09:04:57,0.002,1.73
route_mutation,20260618T090527_332078,of:0000000000000005:1 -> of:000000000000000c:5,0.002,0.0025,0.002,0.002,2.16,2026-06-18T09:05:27,0.002,2.23
route_mutation,20260618T090527_332078,of:000000000000000a:1 -> of:000000000000000d:6,0.002,0.0025,0.002,0.002,2.03,2026-06-18T09:05:27,0.002,2.03
route_mutation,20260618T090527_332078,of:000000000000000b:2 -> of:000000000000000c:2,0.002,0.0025,0.002,0.002,2.73,2026-06-18T09:05:27,0.002,2.73
route_mutation,20260618T090527_332078,of:0000000000000004:2 -> of:0000000000000009:2,0.002,0.0025,0.002,0.002,2.66,2026-06-18T09:05:27,0.002,2.73
route_mutation,20260618T090527_332078,of:0000000000000005:2 -> of:0000000000000009:3,0.002,0.0025,0.002,0.002,2.66,2026-06-18T09:05:27,0.002,2.73
route_mutation,20260618T090527_332078,of:000000000000000b:3 -> of:000000000000000d:2,0.002,0.0025,0.002,0.002,2.73,2026-06-18T09:05:27,0.002,2.73
route_mutation,20260618T090527_332078,of:0000000000000004:1 -> of:000000000000000c:4,0.002,0.0025,0.002,0.002,1.96,2026-06-18T09:05:27,0.002,2.03
route_mutation,20260618T090527_332078,of:000000000000000c:3 -> of:000000000000000d:3,0.002,0.0025,0.002,0.002,2.73,2026-06-18T09:05:27,0.002,2.73
route_mutation,20260618T090527_332078,of:0000000000000001:1 -> of:000000000000000b:1,0.002,0.0025,0.002,0.002,2.03,2026-06-18T09:05:27,0.002,2.03
route_mutation,20260618T090527_332078,of:0000000000000006:1 -> of:000000000000000d:4,0.002,0.0025,0.002,0.002,3.03,2026-06-18T09:05:27,0.002,3.03
route_mutation,20260618T090527_332078,of:0000000000000002:1 -> of:000000000000000b:4,0.002,0.0025,0.002,0.002,2.03,2026-06-18T09:05:27,0.002,2.03
route_mutation,20260618T090527_332078,of:0000000000000001:3 -> of:000000000000000d:1,0.003,0.00375,0.003,0.003,4.19,2026-06-18T09:05:27,0.003,4.13
route_mutation,20260618T090527_332078,of:0000000000000006:2 -> of:000000000000000a:2,0.002,0.0025,0.002,0.002,2.73,2026-06-18T09:05:27,0.002,2.66
route_mutation,20260618T090527_332078,of:0000000000000003:1 -> of:000000000000000b:5,0.002,0.0025,0.002,0.002,1.96,2026-06-18T09:05:27,0.002,1.96
route_mutation,20260618T090527_332078,of:0000000000000007:1 -> of:000000000000000d:5,0.003,0.00375,0.003,0.002,3.06,2026-06-18T09:05:27,0.003,3.26
route_mutation,20260618T090527_332078,of:0000000000000007:2 -> of:000000000000000a:3,0.002,0.0025,0.002,0.002,2.8,2026-06-18T09:05:27,0.002,2.86
route_mutation,20260618T090527_332078,of:0000000000000002:2 -> of:0000000000000008:2,0.002,0.0025,0.002,0.002,2.66,2026-06-18T09:05:27,0.002,2.73
route_mutation,20260618T090527_332078,of:0000000000000008:1 -> of:000000000000000b:6,0.002,0.0025,0.002,0.002,2.03,2026-06-18T09:05:27,0.002,2.03
route_mutation,20260618T090527_332078,of:0000000000000009:1 -> of:000000000000000c:6,0.002,0.0025,0.002,0.002,2.03,2026-06-18T09:05:27,0.002,2.03
route_mutation,20260618T090527_332078,of:0000000000000001:2 -> of:000000000000000c:1,0.002,0.0025,0.002,0.002,2.26,2026-06-18T09:05:27,0.002,2.26
route_mutation,20260618T090527_332078,of:0000000000000003:2 -> of:0000000000000008:3,0.002,0.0025,0.002,0.002,2.66,2026-06-18T09:05:27,0.002,2.66
route_mutation,20260618T090557_578720,of:0000000000000005:1 -> of:000000000000000c:5,0.001,0.00125,0.001,0.001,1.33,2026-06-18T09:05:57,0.001,1.27
route_mutation,20260618T090557_578720,of:000000000000000a:1 -> of:000000000000000d:6,0.001,0.00125,0.001,0.001,1.27,2026-06-18T09:05:57,0.001,1.27
route_mutation,20260618T090557_578720,of:000000000000000b:2 -> of:000000000000000c:2,0.001,0.00125,0.001,0.001,1.27,2026-06-18T09:05:57,0.001,1.27
route_mutation,20260618T090557_578720,of:0000000000000004:2 -> of:0000000000000009:2,0.001,0.00125,0.001,0.001,1.33,2026-06-18T09:05:57,0.001,1.2
route_mutation,20260618T090557_578720,of:0000000000000005:2 -> of:0000000000000009:3,0.001,0.00125,0.001,0.001,1.33,2026-06-18T09:05:57,0.001,1.2
route_mutation,20260618T090557_578720,of:000000000000000b:3 -> of:000000000000000d:2,0.001,0.00125,0.001,0.001,1.27,2026-06-18T09:05:57,0.001,1.27
route_mutation,20260618T090557_578720,of:0000000000000004:1 -> of:000000000000000c:4,0.001,0.00125,0.001,0.001,1.33,2026-06-18T09:05:57,0.001,1.27
route_mutation,20260618T090557_578720,of:000000000000000c:3 -> of:000000000000000d:3,0.001,0.00125,0.001,0.001,1.33,2026-06-18T09:05:57,0.001,1.33
route_mutation,20260618T090557_578720,of:0000000000000001:1 -> of:000000000000000b:1,0.001,0.00125,0.001,0.001,1.3,2026-06-18T09:05:57,0.001,1.3
route_mutation,20260618T090557_578720,of:0000000000000006:1 -> of:000000000000000d:4,0.001,0.00125,0.001,0.001,1.33,2026-06-18T09:05:57,0.001,1.33
route_mutation,20260618T090557_578720,of:0000000000000002:1 -> of:000000000000000b:4,0.001,0.00125,0.001,0.001,1.37,2026-06-18T09:05:57,0.001,1.3
route_mutation,20260618T090557_578720,of:0000000000000001:3 -> of:000000000000000d:1,0.002,0.0025,0.002,0.001,1.33,2026-06-18T09:05:57,0.002,1.47
route_mutation,20260618T090557_578720,of:0000000000000006:2 -> of:000000000000000a:2,0.001,0.00125,0.001,0.001,1.33,2026-06-18T09:05:57,0.001,1.27
route_mutation,20260618T090557_578720,of:0000000000000003:1 -> of:000000000000000b:5,0.001,0.00125,0.001,0.001,1.33,2026-06-18T09:05:57,0.001,1.27
route_mutation,20260618T090557_578720,of:0000000000000007:1 -> of:000000000000000d:5,0.002,0.0025,0.002,0.002,1.5,2026-06-18T09:05:57,0.001,1.37
route_mutation,20260618T090557_578720,of:0000000000000007:2 -> of:000000000000000a:3,0.001,0.00125,0.001,0.001,1.33,2026-06-18T09:05:57,0.001,1.2
route_mutation,20260618T090557_578720,of:0000000000000002:2 -> of:0000000000000008:2,0.001,0.00125,0.001,0.001,1.33,2026-06-18T09:05:57,0.001,1.2
route_mutation,20260618T090557_578720,of:0000000000000008:1 -> of:000000000000000b:6,0.001,0.00125,0.001,0.001,1.2,2026-06-18T09:05:57,0.001,1.2
route_mutation,20260618T090557_578720,of:0000000000000009:1 -> of:000000000000000c:6,0.001,0.00125,0.001,0.001,1.27,2026-06-18T09:05:57,0.001,1.27
route_mutation,20260618T090557_578720,of:0000000000000001:2 -> of:000000000000000c:1,0.001,0.00125,0.001,0.001,1.2,2026-06-18T09:05:57,0.001,1.27
route_mutation,20260618T090557_578720,of:0000000000000003:2 -> of:0000000000000008:3,0.001,0.00125,0.001,0.001,1.33,2026-06-18T09:05:57,0.001,1.27
ip_shuffle,20260618T090627_826335,of:0000000000000005:1 -> of:000000000000000c:5,0.002,0.0025,0.002,0.002,1.93,2026-06-18T09:06:27,0.002,1.93
ip_shuffle,20260618T090627_826335,of:000000000000000a:1 -> of:000000000000000d:6,0.001,0.00125,0.001,0.001,1.47,2026-06-18T09:06:27,0.001,1.47
ip_shuffle,20260618T090627_826335,of:000000000000000b:2 -> of:000000000000000c:2,0.002,0.0025,0.002,0.002,1.66,2026-06-18T09:06:27,0.002,1.66
ip_shuffle,20260618T090627_826335,of:0000000000000004:2 -> of:0000000000000009:2,0.002,0.0025,0.002,0.002,1.66,2026-06-18T09:06:27,0.002,1.73
ip_shuffle,20260618T090627_826335,of:0000000000000005:2 -> of:0000000000000009:3,0.002,0.0025,0.002,0.002,1.66,2026-06-18T09:06:27,0.002,1.73
ip_shuffle,20260618T090627_826335,of:000000000000000b:3 -> of:000000000000000d:2,0.002,0.0025,0.002,0.002,1.66,2026-06-18T09:06:27,0.002,1.66
ip_shuffle,20260618T090627_826335,of:0000000000000004:1 -> of:000000000000000c:4,0.002,0.0025,0.002,0.002,2.26,2026-06-18T09:06:27,0.002,2.26
ip_shuffle,20260618T090627_826335,of:000000000000000c:3 -> of:000000000000000d:3,0.001,0.00125,0.001,0.001,1.6,2026-06-18T09:06:27,0.001,1.6
ip_shuffle,20260618T090627_826335,of:0000000000000001:1 -> of:000000000000000b:1,0.003,0.00375,0.003,0.003,3.5,2026-06-18T09:06:27,0.003,3.5
ip_shuffle,20260618T090627_826335,of:0000000000000006:1 -> of:000000000000000d:4,0.001,0.00125,0.001,0.001,1.47,2026-06-18T09:06:27,0.001,1.47
ip_shuffle,20260618T090627_826335,of:0000000000000002:1 -> of:000000000000000b:4,0.002,0.0025,0.002,0.002,2.4,2026-06-18T09:06:27,0.002,2.46
ip_shuffle,20260618T090627_826335,of:0000000000000001:3 -> of:000000000000000d:1,0.002,0.0025,0.002,0.002,1.53,2026-06-18T09:06:27,0.001,1.47
ip_shuffle,20260618T090627_826335,of:0000000000000006:2 -> of:000000000000000a:2,0.002,0.0025,0.002,0.001,1.6,2026-06-18T09:06:27,0.002,1.73
ip_shuffle,20260618T090627_826335,of:0000000000000003:1 -> of:000000000000000b:5,0.002,0.0025,0.002,0.002,2.5,2026-06-18T09:06:27,0.002,2.56
ip_shuffle,20260618T090627_826335,of:0000000000000007:1 -> of:000000000000000d:5,0.002,0.0025,0.002,0.002,1.53,2026-06-18T09:06:27,0.001,1.47
ip_shuffle,20260618T090627_826335,of:0000000000000007:2 -> of:000000000000000a:3,0.002,0.0025,0.002,0.002,1.66,2026-06-18T09:06:27,0.002,1.73
ip_shuffle,20260618T090627_826335,of:0000000000000002:2 -> of:0000000000000008:2,0.002,0.0025,0.002,0.002,1.66,2026-06-18T09:06:27,0.002,1.73
ip_shuffle,20260618T090627_826335,of:0000000000000008:1 -> of:000000000000000b:6,0.002,0.0025,0.002,0.002,1.53,2026-06-18T09:06:27,0.002,1.53
ip_shuffle,20260618T090627_826335,of:0000000000000009:1 -> of:000000000000000c:6,0.001,0.00125,0.001,0.001,1.47,2026-06-18T09:06:27,0.001,1.47
ip_shuffle,20260618T090627_826335,of:0000000000000001:2 -> of:000000000000000c:1,0.002,0.0025,0.002,0.002,2.73,2026-06-18T09:06:27,0.002,2.66
ip_shuffle,20260618T090627_826335,of:0000000000000003:2 -> of:0000000000000008:3,0.002,0.0025,0.002,0.002,1.66,2026-06-18T09:06:27,0.002,1.73
route_mutation,20260618T090725_487942,of:0000000000000005:1 -> of:000000000000000c:5,0.001,0.00125,0.001,0.001,1.33,2026-06-18T09:07:25,0.001,1.3
route_mutation,20260618T090725_487942,of:000000000000000a:1 -> of:000000000000000d:6,0.001,0.00125,0.001,0.001,1.3,2026-06-18T09:07:25,0.001,1.3
route_mutation,20260618T090725_487942,of:000000000000000b:2 -> of:000000000000000c:2,0.001,0.00125,0.001,0.001,1.33,2026-06-18T09:07:25,0.001,1.33
route_mutation,20260618T090725_487942,of:0000000000000004:2 -> of:0000000000000009:2,0.002,0.0025,0.002,0.002,1.4,2026-06-18T09:07:25,0.001,1.27
route_mutation,20260618T090725_487942,of:0000000000000005:2 -> of:0000000000000009:3,0.002,0.0025,0.002,0.002,1.4,2026-06-18T09:07:25,0.001,1.27
route_mutation,20260618T090725_487942,of:000000000000000b:3 -> of:000000000000000d:2,0.001,0.00125,0.001,0.001,1.33,2026-06-18T09:07:25,0.001,1.33
route_mutation,20260618T090725_487942,of:0000000000000004:1 -> of:000000000000000c:4,0.001,0.00125,0.001,0.001,1.33,2026-06-18T09:07:25,0.001,1.3
route_mutation,20260618T090725_487942,of:000000000000000c:3 -> of:000000000000000d:3,0.002,0.0025,0.002,0.002,1.4,2026-06-18T09:07:25,0.002,1.4
route_mutation,20260618T090725_487942,of:0000000000000001:1 -> of:000000000000000b:1,0.001,0.00125,0.001,0.001,1.33,2026-06-18T09:07:25,0.001,1.23
route_mutation,20260618T090725_487942,of:0000000000000006:1 -> of:000000000000000d:4,0.001,0.00125,0.001,0.001,1.33,2026-06-18T09:07:25,0.001,1.3
route_mutation,20260618T090725_487942,of:0000000000000002:1 -> of:000000000000000b:4,0.001,0.00125,0.001,0.001,1.3,2026-06-18T09:07:25,0.001,1.27
route_mutation,20260618T090725_487942,of:0000000000000001:3 -> of:000000000000000d:1,0.002,0.0025,0.002,0.001,1.43,2026-06-18T09:07:25,0.002,1.53
route_mutation,20260618T090725_487942,of:0000000000000006:2 -> of:000000000000000a:2,0.001,0.00125,0.001,0.001,1.37,2026-06-18T09:07:25,0.001,1.23
route_mutation,20260618T090725_487942,of:0000000000000003:1 -> of:000000000000000b:5,0.001,0.00125,0.001,0.001,1.33,2026-06-18T09:07:25,0.001,1.23
route_mutation,20260618T090725_487942,of:0000000000000007:1 -> of:000000000000000d:5,0.002,0.0025,0.002,0.002,1.6,2026-06-18T09:07:25,0.001,1.43
route_mutation,20260618T090725_487942,of:0000000000000007:2 -> of:000000000000000a:3,0.001,0.00125,0.001,0.001,1.37,2026-06-18T09:07:25,0.001,1.23
route_mutation,20260618T090725_487942,of:0000000000000002:2 -> of:0000000000000008:2,0.002,0.0025,0.002,0.002,1.4,2026-06-18T09:07:25,0.001,1.27
route_mutation,20260618T090725_487942,of:0000000000000008:1 -> of:000000000000000b:6,0.001,0.00125,0.001,0.001,1.27,2026-06-18T09:07:25,0.001,1.23
route_mutation,20260618T090725_487942,of:0000000000000009:1 -> of:000000000000000c:6,0.001,0.00125,0.001,0.001,1.33,2026-06-18T09:07:25,0.001,1.3
route_mutation,20260618T090725_487942,of:0000000000000001:2 -> of:000000000000000c:1,0.001,0.00125,0.001,0.001,1.3,2026-06-18T09:07:25,0.001,1.27
route_mutation,20260618T090725_487942,of:0000000000000003:2 -> of:0000000000000008:3,0.002,0.0025,0.002,0.002,1.4,2026-06-18T09:07:25,0.001,1.27
route_mutation,20260618T090755_724050,of:0000000000000005:1 -> of:000000000000000c:5,0.002,0.0025,0.002,0.002,1.8,2026-06-18T09:07:55,0.002,1.8
route_mutation,20260618T090755_724050,of:000000000000000a:1 -> of:000000000000000d:6,0.002,0.0025,0.002,0.002,1.5,2026-06-18T09:07:55,0.002,1.5
route_mutation,20260618T090755_724050,of:000000000000000b:2 -> of:000000000000000c:2,0.002,0.0025,0.002,0.002,1.66,2026-06-18T09:07:55,0.002,1.66
route_mutation,20260618T090755_724050,of:0000000000000004:2 -> of:0000000000000009:2,0.002,0.0025,0.002,0.002,1.66,2026-06-18T09:07:55,0.002,1.73
route_mutation,20260618T090755_724050,of:0000000000000005:2 -> of:0000000000000009:3,0.002,0.0025,0.002,0.002,1.66,2026-06-18T09:07:55,0.002,1.73
route_mutation,20260618T090755_724050,of:000000000000000b:3 -> of:000000000000000d:2,0.002,0.0025,0.002,0.002,1.66,2026-06-18T09:07:55,0.002,1.66
route_mutation,20260618T090755_724050,of:0000000000000004:1 -> of:000000000000000c:4,0.002,0.0025,0.002,0.002,2.26,2026-06-18T09:07:55,0.002,2.26
route_mutation,20260618T090755_724050,of:000000000000000c:3 -> of:000000000000000d:3,0.001,0.00125,0.001,0.001,1.6,2026-06-18T09:07:55,0.001,1.6
route_mutation,20260618T090755_724050,of:0000000000000001:1 -> of:000000000000000b:1,0.003,0.00375,0.003,0.003,3.5,2026-06-18T09:07:55,0.003,3.56
route_mutation,20260618T090755_724050,of:0000000000000006:1 -> of:000000000000000d:4,0.002,0.0025,0.002,0.002,1.53,2026-06-18T09:07:55,0.001,1.46
route_mutation,20260618T090755_724050,of:0000000000000002:1 -> of:000000000000000b:4,0.002,0.0025,0.002,0.002,2.46,2026-06-18T09:07:55,0.002,2.53
route_mutation,20260618T090755_724050,of:0000000000000001:3 -> of:000000000000000d:1,0.001,0.00125,0.001,0.001,1.46,2026-06-18T09:07:55,0.001,1.46
route_mutation,20260618T090755_724050,of:0000000000000006:2 -> of:000000000000000a:2,0.002,0.0025,0.002,0.002,1.66,2026-06-18T09:07:55,0.002,1.73
route_mutation,20260618T090755_724050,of:0000000000000003:1 -> of:000000000000000b:5,0.002,0.0025,0.002,0.002,2.53,2026-06-18T09:07:55,0.002,2.6
route_mutation,20260618T090755_724050,of:0000000000000007:1 -> of:000000000000000d:5,0.002,0.0025,0.002,0.002,1.53,2026-06-18T09:07:55,0.001,1.46
route_mutation,20260618T090755_724050,of:0000000000000007:2 -> of:000000000000000a:3,0.002,0.0025,0.002,0.002,1.66,2026-06-18T09:07:55,0.002,1.73
route_mutation,20260618T090755_724050,of:0000000000000002:2 -> of:0000000000000008:2,0.002,0.0025,0.002,0.002,1.66,2026-06-18T09:07:55,0.002,1.73
route_mutation,20260618T090755_724050,of:0000000000000008:1 -> of:000000000000000b:6,0.002,0.0025,0.002,0.002,1.53,2026-06-18T09:07:55,0.002,1.53
route_mutation,20260618T090755_724050,of:0000000000000009:1 -> of:000000000000000c:6,0.001,0.00125,0.001,0.001,1.5,2026-06-18T09:07:55,0.001,1.5
route_mutation,20260618T090755_724050,of:0000000000000001:2 -> of:000000000000000c:1,0.002,0.0025,0.002,0.002,2.53,2026-06-18T09:07:55,0.002,2.53
route_mutation,20260618T090755_724050,of:0000000000000003:2 -> of:0000000000000008:3,0.002,0.0025,0.002,0.002,1.66,2026-06-18T09:07:55,0.002,1.73
ip_shuffle,20260618T090825_959434,of:0000000000000005:1 -> of:000000000000000c:5,0.002,0.0025,0.002,0.002,2.43,2026-06-18T09:08:25,0.002,2.43
ip_shuffle,20260618T090825_959434,of:000000000000000a:1 -> of:000000000000000d:6,0.002,0.0025,0.002,0.002,1.96,2026-06-18T09:08:25,0.002,1.96
ip_shuffle,20260618T090825_959434,of:000000000000000b:2 -> of:000000000000000c:2,0.002,0.0025,0.002,0.002,2.6,2026-06-18T09:08:25,0.002,2.6
ip_shuffle,20260618T090825_959434,of:0000000000000004:2 -> of:0000000000000009:2,0.002,0.0025,0.002,0.002,2.56,2026-06-18T09:08:25,0.002,2.63
ip_shuffle,20260618T090825_959434,of:0000000000000005:2 -> of:0000000000000009:3,0.002,0.0025,0.002,0.002,2.56,2026-06-18T09:08:25,0.002,2.63
ip_shuffle,20260618T090825_959434,of:000000000000000b:3 -> of:000000000000000d:2,0.002,0.0025,0.002,0.002,2.6,2026-06-18T09:08:25,0.002,2.6
ip_shuffle,20260618T090825_959434,of:0000000000000004:1 -> of:000000000000000c:4,0.002,0.0025,0.002,0.002,1.96,2026-06-18T09:08:25,0.002,1.96
ip_shuffle,20260618T090825_959434,of:000000000000000c:3 -> of:000000000000000d:3,0.002,0.0025,0.002,0.002,2.6,2026-06-18T09:08:25,0.002,2.6
ip_shuffle,20260618T090825_959434,of:0000000000000001:1 -> of:000000000000000b:1,0.002,0.0025,0.002,0.002,1.96,2026-06-18T09:08:25,0.002,2.03
ip_shuffle,20260618T090825_959434,of:0000000000000006:1 -> of:000000000000000d:4,0.003,0.00375,0.003,0.002,3.0,2026-06-18T09:08:25,0.003,3.06
ip_shuffle,20260618T090825_959434,of:0000000000000002:1 -> of:000000000000000b:4,0.002,0.0025,0.002,0.002,2.03,2026-06-18T09:08:25,0.002,1.96
ip_shuffle,20260618T090825_959434,of:0000000000000001:3 -> of:000000000000000d:1,0.003,0.00375,0.003,0.003,4.09,2026-06-18T09:08:25,0.003,3.96
ip_shuffle,20260618T090825_959434,of:0000000000000006:2 -> of:000000000000000a:2,0.002,0.0025,0.002,0.002,2.6,2026-06-18T09:08:25,0.002,2.66
ip_shuffle,20260618T090825_959434,of:0000000000000003:1 -> of:000000000000000b:5,0.002,0.0025,0.002,0.002,1.96,2026-06-18T09:08:25,0.002,1.96
ip_shuffle,20260618T090825_959434,of:0000000000000007:1 -> of:000000000000000d:5,0.003,0.00375,0.003,0.002,2.76,2026-06-18T09:08:25,0.003,3.03
ip_shuffle,20260618T090825_959434,of:0000000000000007:2 -> of:000000000000000a:3,0.002,0.0025,0.002,0.002,2.6,2026-06-18T09:08:25,0.002,2.66
ip_shuffle,20260618T090825_959434,of:0000000000000002:2 -> of:0000000000000008:2,0.002,0.0025,0.002,0.002,2.8,2026-06-18T09:08:25,0.002,2.8
ip_shuffle,20260618T090825_959434,of:0000000000000008:1 -> of:000000000000000b:6,0.002,0.0025,0.002,0.002,2.1,2026-06-18T09:08:25,0.002,2.03
ip_shuffle,20260618T090825_959434,of:0000000000000009:1 -> of:000000000000000c:6,0.002,0.0025,0.002,0.002,1.93,2026-06-18T09:08:25,0.002,1.96
ip_shuffle,20260618T090825_959434,of:0000000000000001:2 -> of:000000000000000c:1,0.002,0.0025,0.002,0.002,2.5,2026-06-18T09:08:25,0.002,2.56
ip_shuffle,20260618T090825_959434,of:0000000000000003:2 -> of:0000000000000008:3,0.002,0.0025,0.002,0.002,2.8,2026-06-18T09:08:25,0.002,2.8
ip_shuffle,20260618T090923_564183,of:0000000000000005:1 -> of:000000000000000c:5,0.002,0.0025,0.002,0.002,1.66,2026-06-18T09:09:23,0.002,1.63
ip_shuffle,20260618T090923_564183,of:000000000000000a:1 -> of:000000000000000d:6,0.001,0.00125,0.001,0.001,1.46,2026-06-18T09:09:23,0.001,1.46
ip_shuffle,20260618T090923_564183,of:000000000000000b:2 -> of:000000000000000c:2,0.002,0.0025,0.002,0.002,1.66,2026-06-18T09:09:23,0.002,1.66
ip_shuffle,20260618T090923_564183,of:0000000000000004:2 -> of:0000000000000009:2,0.002,0.0025,0.002,0.002,1.66,2026-06-18T09:09:23,0.002,1.73
ip_shuffle,20260618T090923_564183,of:0000000000000005:2 -> of:0000000000000009:3,0.002,0.0025,0.002,0.002,1.66,2026-06-18T09:09:23,0.002,1.73
ip_shuffle,20260618T090923_564183,of:000000000000000b:3 -> of:000000000000000d:2,0.002,0.0025,0.002,0.002,1.66,2026-06-18T09:09:23,0.002,1.66
ip_shuffle,20260618T090923_564183,of:0000000000000004:1 -> of:000000000000000c:4,0.002,0.0025,0.002,0.002,2.23,2026-06-18T09:09:23,0.002,2.23
ip_shuffle,20260618T090923_564183,of:000000000000000c:3 -> of:000000000000000d:3,0.001,0.00125,0.001,0.001,1.6,2026-06-18T09:09:23,0.001,1.6
ip_shuffle,20260618T090923_564183,of:0000000000000001:1 -> of:000000000000000b:1,0.003,0.00375,0.003,0.003,3.6,2026-06-18T09:09:23,0.003,3.6
ip_shuffle,20260618T090923_564183,of:0000000000000006:1 -> of:000000000000000d:4,0.002,0.0025,0.002,0.002,1.53,2026-06-18T09:09:23,0.001,1.46
ip_shuffle,20260618T090923_564183,of:0000000000000002:1 -> of:000000000000000b:4,0.002,0.0025,0.002,0.002,2.5,2026-06-18T09:09:23,0.002,2.56
ip_shuffle,20260618T090923_564183,of:0000000000000001:3 -> of:000000000000000d:1,0.002,0.0025,0.002,0.002,1.53,2026-06-18T09:09:23,0.001,1.46
ip_shuffle,20260618T090923_564183,of:0000000000000006:2 -> of:000000000000000a:2,0.002,0.0025,0.002,0.002,1.73,2026-06-18T09:09:23,0.002,1.73
ip_shuffle,20260618T090923_564183,of:0000000000000003:1 -> of:000000000000000b:5,0.002,0.0025,0.002,0.002,2.5,2026-06-18T09:09:23,0.002,2.56
ip_shuffle,20260618T090923_564183,of:0000000000000007:1 -> of:000000000000000d:5,0.002,0.0025,0.002,0.002,1.53,2026-06-18T09:09:23,0.001,1.46
ip_shuffle,20260618T090923_564183,of:0000000000000007:2 -> of:000000000000000a:3,0.002,0.0025,0.002,0.002,1.73,2026-06-18T09:09:23,0.002,1.73
ip_shuffle,20260618T090923_564183,of:0000000000000002:2 -> of:0000000000000008:2,0.002,0.0025,0.002,0.001,1.6,2026-06-18T09:09:23,0.002,1.73
ip_shuffle,20260618T090923_564183,of:0000000000000008:1 -> of:000000000000000b:6,0.002,0.0025,0.002,0.002,1.53,2026-06-18T09:09:23,0.002,1.53
ip_shuffle,20260618T090923_564183,of:0000000000000009:1 -> of:000000000000000c:6,0.001,0.00125,0.001,0.001,1.46,2026-06-18T09:09:23,0.001,1.46
ip_shuffle,20260618T090923_564183,of:0000000000000001:2 -> of:000000000000000c:1,0.002,0.0025,0.002,0.002,2.46,2026-06-18T09:09:23,0.002,2.4
ip_shuffle,20260618T090923_564183,of:0000000000000003:2 -> of:0000000000000008:3,0.002,0.0025,0.002,0.001,1.6,2026-06-18T09:09:23,0.002,1.73
route_mutation,20260618T091021_206918,of:0000000000000005:1 -> of:000000000000000c:5,0.002,0.0025,0.002,0.002,1.53,2026-06-18T09:10:21,0.002,1.6
route_mutation,20260618T091021_206918,of:000000000000000a:1 -> of:000000000000000d:6,0.002,0.0025,0.002,0.002,1.6,2026-06-18T09:10:21,0.002,1.6
route_mutation,20260618T091021_206918,of:000000000000000b:2 -> of:000000000000000c:2,0.002,0.0025,0.002,0.002,2.0,2026-06-18T09:10:21,0.002,2.0
route_mutation,20260618T091021_206918,of:0000000000000004:2 -> of:0000000000000009:2,0.002,0.0025,0.002,0.002,1.76,2026-06-18T09:10:21,0.002,1.7
route_mutation,20260618T091021_206918,of:0000000000000005:2 -> of:0000000000000009:3,0.002,0.0025,0.002,0.002,1.73,2026-06-18T09:10:21,0.002,1.66
route_mutation,20260618T091021_206918,of:000000000000000b:3 -> of:000000000000000d:2,0.002,0.0025,0.002,0.002,2.0,2026-06-18T09:10:21,0.002,2.0
route_mutation,20260618T091021_206918,of:0000000000000004:1 -> of:000000000000000c:4,0.002,0.0025,0.002,0.002,1.56,2026-06-18T09:10:21,0.002,1.6
route_mutation,20260618T091021_206918,of:000000000000000c:3 -> of:000000000000000d:3,0.002,0.0025,0.002,0.002,2.0,2026-06-18T09:10:21,0.002,2.0
route_mutation,20260618T091021_206918,of:0000000000000001:1 -> of:000000000000000b:1,0.002,0.0025,0.002,0.002,1.6,2026-06-18T09:10:21,0.001,1.5
route_mutation,20260618T091021_206918,of:0000000000000006:1 -> of:000000000000000d:4,0.002,0.0025,0.002,0.002,1.56,2026-06-18T09:10:21,0.002,1.63
route_mutation,20260618T091021_206918,of:0000000000000002:1 -> of:000000000000000b:4,0.002,0.0025,0.002,0.001,1.5,2026-06-18T09:10:21,0.002,1.6
route_mutation,20260618T091021_206918,of:0000000000000001:3 -> of:000000000000000d:1,0.002,0.0025,0.002,0.002,2.46,2026-06-18T09:10:21,0.002,2.6
route_mutation,20260618T091021_206918,of:0000000000000006:2 -> of:000000000000000a:2,0.002,0.0025,0.002,0.002,1.86,2026-06-18T09:10:21,0.002,1.73
route_mutation,20260618T091021_206918,of:0000000000000003:1 -> of:000000000000000b:5,0.002,0.0025,0.002,0.002,1.56,2026-06-18T09:10:21,0.002,1.6
route_mutation,20260618T091021_206918,of:0000000000000007:1 -> of:000000000000000d:5,0.002,0.0025,0.002,0.002,2.63,2026-06-18T09:10:21,0.002,2.4
route_mutation,20260618T091021_206918,of:0000000000000007:2 -> of:000000000000000a:3,0.002,0.0025,0.002,0.002,1.86,2026-06-18T09:10:21,0.002,1.73
route_mutation,20260618T091021_206918,of:0000000000000002:2 -> of:0000000000000008:2,0.002,0.0025,0.002,0.002,1.76,2026-06-18T09:10:21,0.002,1.7
route_mutation,20260618T091021_206918,of:0000000000000008:1 -> of:000000000000000b:6,0.002,0.0025,0.002,0.002,1.53,2026-06-18T09:10:21,0.002,1.66
route_mutation,20260618T091021_206918,of:0000000000000009:1 -> of:000000000000000c:6,0.002,0.0025,0.002,0.002,1.53,2026-06-18T09:10:21,0.002,1.66
route_mutation,20260618T091021_206918,of:0000000000000001:2 -> of:000000000000000c:1,0.002,0.0025,0.002,0.002,1.6,2026-06-18T09:10:21,0.001,1.5
route_mutation,20260618T091021_206918,of:0000000000000003:2 -> of:0000000000000008:3,0.002,0.0025,0.002,0.002,1.76,2026-06-18T09:10:21,0.002,1.7
ip_shuffle,20260618T091051_442452,of:0000000000000005:1 -> of:000000000000000c:5,0.001,0.00125,0.001,0.001,1.46,2026-06-18T09:10:51,0.001,1.46
ip_shuffle,20260618T091051_442452,of:000000000000000a:1 -> of:000000000000000d:6,0.001,0.00125,0.001,0.001,1.46,2026-06-18T09:10:51,0.001,1.46
ip_shuffle,20260618T091051_442452,of:000000000000000b:2 -> of:000000000000000c:2,0.001,0.00125,0.001,0.001,1.6,2026-06-18T09:10:51,0.001,1.6
ip_shuffle,20260618T091051_442452,of:0000000000000004:2 -> of:0000000000000009:2,0.002,0.0025,0.002,0.001,1.6,2026-06-18T09:10:51,0.002,1.73
ip_shuffle,20260618T091051_442452,of:0000000000000005:2 -> of:0000000000000009:3,0.002,0.0025,0.002,0.001,1.6,2026-06-18T09:10:51,0.002,1.73
ip_shuffle,20260618T091051_442452,of:000000000000000b:3 -> of:000000000000000d:2,0.001,0.00125,0.001,0.001,1.6,2026-06-18T09:10:51,0.001,1.6
ip_shuffle,20260618T091051_442452,of:0000000000000004:1 -> of:000000000000000c:4,0.002,0.0025,0.002,0.002,1.5,2026-06-18T09:10:51,0.002,1.5
ip_shuffle,20260618T091051_442452,of:000000000000000c:3 -> of:000000000000000d:3,0.001,0.00125,0.001,0.001,1.6,2026-06-18T09:10:51,0.001,1.6
ip_shuffle,20260618T091051_442452,of:0000000000000001:1 -> of:000000000000000b:1,0.003,0.00375,0.003,0.003,3.33,2026-06-18T09:10:51,0.003,3.33
ip_shuffle,20260618T091051_442452,of:0000000000000006:1 -> of:000000000000000d:4,0.002,0.0025,0.002,0.002,1.53,2026-06-18T09:10:51,0.001,1.46
ip_shuffle,20260618T091051_442452,of:0000000000000002:1 -> of:000000000000000b:4,0.002,0.0025,0.002,0.002,2.5,2026-06-18T09:10:51,0.002,2.5
ip_shuffle,20260618T091051_442452,of:0000000000000001:3 -> of:000000000000000d:1,0.001,0.00125,0.001,0.001,1.46,2026-06-18T09:10:51,0.001,1.46
ip_shuffle,20260618T091051_442452,of:0000000000000006:2 -> of:000000000000000a:2,0.002,0.0025,0.002,0.002,1.73,2026-06-18T09:10:51,0.002,1.73
ip_shuffle,20260618T091051_442452,of:0000000000000003:1 -> of:000000000000000b:5,0.002,0.0025,0.002,0.002,2.3,2026-06-18T09:10:51,0.002,2.3
ip_shuffle,20260618T091051_442452,of:0000000000000007:1 -> of:000000000000000d:5,0.002,0.0025,0.002,0.002,1.53,2026-06-18T09:10:51,0.001,1.46
ip_shuffle,20260618T091051_442452,of:0000000000000007:2 -> of:000000000000000a:3,0.002,0.0025,0.002,0.002,1.73,2026-06-18T09:10:51,0.002,1.73
ip_shuffle,20260618T091051_442452,of:0000000000000002:2 -> of:0000000000000008:2,0.002,0.0025,0.002,0.001,1.6,2026-06-18T09:10:51,0.002,1.73
ip_shuffle,20260618T091051_442452,of:0000000000000008:1 -> of:000000000000000b:6,0.001,0.00125,0.001,0.001,1.46,2026-06-18T09:10:51,0.001,1.46
ip_shuffle,20260618T091051_442452,of:0000000000000009:1 -> of:000000000000000c:6,0.001,0.00125,0.001,0.001,1.46,2026-06-18T09:10:51,0.001,1.46
ip_shuffle,20260618T091051_442452,of:0000000000000001:2 -> of:000000000000000c:1,0.002,0.0025,0.002,0.001,1.46,2026-06-18T09:10:51,0.002,1.5
ip_shuffle,20260618T091051_442452,of:0000000000000003:2 -> of:0000000000000008:3,0.002,0.0025,0.002,0.001,1.6,2026-06-18T09:10:51,0.002,1.73
route_mutation,20260618T091155_641762,of:0000000000000005:1 -> of:000000000000000c:5,0.002,0.0025,0.002,0.002,1.53,2026-06-18T09:11:55,0.002,1.56
route_mutation,20260618T091155_641762,of:000000000000000a:1 -> of:000000000000000d:6,0.002,0.0025,0.002,0.002,1.5,2026-06-18T09:11:55,0.002,1.63
route_mutation,20260618T091155_641762,of:000000000000000b:2 -> of:000000000000000c:2,0.002,0.0025,0.002,0.002,1.93,2026-06-18T09:11:55,0.002,1.93
route_mutation,20260618T091155_641762,of:0000000000000004:2 -> of:0000000000000009:2,0.002,0.0025,0.002,0.002,1.7,2026-06-18T09:11:55,0.002,1.63
route_mutation,20260618T091155_641762,of:0000000000000005:2 -> of:0000000000000009:3,0.002,0.0025,0.002,0.002,1.7,2026-06-18T09:11:55,0.002,1.63
route_mutation,20260618T091155_641762,of:000000000000000b:3 -> of:000000000000000d:2,0.002,0.0025,0.002,0.002,1.93,2026-06-18T09:11:55,0.002,1.93
route_mutation,20260618T091155_641762,of:0000000000000004:1 -> of:000000000000000c:4,0.002,0.0025,0.002,0.002,1.53,2026-06-18T09:11:55,0.002,1.56
route_mutation,20260618T091155_641762,of:000000000000000c:3 -> of:000000000000000d:3,0.002,0.0025,0.002,0.002,1.93,2026-06-18T09:11:55,0.002,1.93
route_mutation,20260618T091155_641762,of:0000000000000001:1 -> of:000000000000000b:1,0.002,0.0025,0.002,0.002,1.56,2026-06-18T09:11:55,0.001,1.46
route_mutation,20260618T091155_641762,of:0000000000000006:1 -> of:000000000000000d:4,0.002,0.0025,0.002,0.002,1.53,2026-06-18T09:11:55,0.002,1.56
route_mutation,20260618T091155_641762,of:0000000000000002:1 -> of:000000000000000b:4,0.002,0.0025,0.002,0.001,1.46,2026-06-18T09:11:55,0.002,1.56
route_mutation,20260618T091155_641762,of:0000000000000001:3 -> of:000000000000000d:1,0.002,0.0025,0.002,0.002,2.36,2026-06-18T09:11:55,0.002,2.46
route_mutation,20260618T091155_641762,of:0000000000000006:2 -> of:000000000000000a:2,0.002,0.0025,0.002,0.002,1.63,2026-06-18T09:11:55,0.002,1.63
route_mutation,20260618T091155_641762,of:0000000000000003:1 -> of:000000000000000b:5,0.002,0.0025,0.002,0.002,1.53,2026-06-18T09:11:55,0.002,1.56
route_mutation,20260618T091155_641762,of:0000000000000007:1 -> of:000000000000000d:5,0.002,0.0025,0.002,0.002,2.46,2026-06-18T09:11:55,0.002,2.23
route_mutation,20260618T091155_641762,of:0000000000000007:2 -> of:000000000000000a:3,0.002,0.0025,0.002,0.002,1.63,2026-06-18T09:11:55,0.002,1.63
route_mutation,20260618T091155_641762,of:0000000000000002:2 -> of:0000000000000008:2,0.002,0.0025,0.002,0.002,1.73,2026-06-18T09:11:55,0.002,1.66
route_mutation,20260618T091155_641762,of:0000000000000008:1 -> of:000000000000000b:6,0.002,0.0025,0.002,0.002,1.53,2026-06-18T09:11:55,0.002,1.63
route_mutation,20260618T091155_641762,of:0000000000000009:1 -> of:000000000000000c:6,0.002,0.0025,0.002,0.002,1.5,2026-06-18T09:11:55,0.002,1.63
route_mutation,20260618T091155_641762,of:0000000000000001:2 -> of:000000000000000c:1,0.002,0.0025,0.002,0.002,1.56,2026-06-18T09:11:55,0.001,1.46
route_mutation,20260618T091155_641762,of:0000000000000003:2 -> of:0000000000000008:3,0.002,0.0025,0.002,0.002,1.73,2026-06-18T09:11:55,0.002,1.66
ip_shuffle,20260618T091225_909323,of:0000000000000005:1 -> of:000000000000000c:5,0.002,0.0025,0.002,0.002,1.6,2026-06-18T09:12:25,0.002,1.53
ip_shuffle,20260618T091225_909323,of:000000000000000a:1 -> of:000000000000000d:6,0.002,0.0025,0.002,0.002,1.53,2026-06-18T09:12:25,0.002,1.53
ip_shuffle,20260618T091225_909323,of:000000000000000b:2 -> of:000000000000000c:2,0.002,0.0025,0.002,0.002,1.8,2026-06-18T09:12:25,0.002,1.8
ip_shuffle,20260618T091225_909323,of:0000000000000004:2 -> of:0000000000000009:2,0.002,0.0025,0.002,0.002,1.66,2026-06-18T09:12:25,0.002,1.8
ip_shuffle,20260618T091225_909323,of:0000000000000005:2 -> of:0000000000000009:3,0.002,0.0025,0.002,0.002,1.73,2026-06-18T09:12:25,0.002,1.8
ip_shuffle,20260618T091225_909323,of:000000000000000b:3 -> of:000000000000000d:2,0.002,0.0025,0.002,0.002,1.8,2026-06-18T09:12:25,0.002,1.8
ip_shuffle,20260618T091225_909323,of:0000000000000004:1 -> of:000000000000000c:4,0.002,0.0025,0.002,0.002,1.63,2026-06-18T09:12:25,0.002,1.63
ip_shuffle,20260618T091225_909323,of:000000000000000c:3 -> of:000000000000000d:3,0.002,0.0025,0.002,0.002,1.66,2026-06-18T09:12:25,0.002,1.66
ip_shuffle,20260618T091225_909323,of:0000000000000001:1 -> of:000000000000000b:1,0.003,0.00375,0.003,0.003,3.73,2026-06-18T09:12:25,0.003,3.73
ip_shuffle,20260618T091225_909323,of:0000000000000006:1 -> of:000000000000000d:4,0.002,0.0025,0.002,0.002,1.63,2026-06-18T09:12:25,0.002,1.57
ip_shuffle,20260618T091225_909323,of:0000000000000002:1 -> of:000000000000000b:4,0.002,0.0025,0.002,0.002,2.7,2026-06-18T09:12:25,0.002,2.7
ip_shuffle,20260618T091225_909323,of:0000000000000001:3 -> of:000000000000000d:1,0.002,0.0025,0.002,0.002,1.57,2026-06-18T09:12:25,0.002,1.57
ip_shuffle,20260618T091225_909323,of:0000000000000006:2 -> of:000000000000000a:2,0.002,0.0025,0.002,0.002,1.8,2026-06-18T09:12:25,0.002,1.8
ip_shuffle,20260618T091225_909323,of:0000000000000003:1 -> of:000000000000000b:5,0.002,0.0025,0.002,0.002,2.63,2026-06-18T09:12:25,0.002,2.7
ip_shuffle,20260618T091225_909323,of:0000000000000007:1 -> of:000000000000000d:5,0.002,0.0025,0.002,0.002,1.6,2026-06-18T09:12:25,0.002,1.53
ip_shuffle,20260618T091225_909323,of:0000000000000007:2 -> of:000000000000000a:3,0.002,0.0025,0.002,0.002,1.8,2026-06-18T09:12:25,0.002,1.8
ip_shuffle,20260618T091225_909323,of:0000000000000002:2 -> of:0000000000000008:2,0.002,0.0025,0.002,0.002,1.66,2026-06-18T09:12:25,0.002,1.8
ip_shuffle,20260618T091225_909323,of:0000000000000008:1 -> of:000000000000000b:6,0.002,0.0025,0.002,0.002,1.66,2026-06-18T09:12:25,0.002,1.66
ip_shuffle,20260618T091225_909323,of:0000000000000009:1 -> of:000000000000000c:6,0.002,0.0025,0.002,0.002,1.53,2026-06-18T09:12:25,0.002,1.53
ip_shuffle,20260618T091225_909323,of:0000000000000001:2 -> of:000000000000000c:1,0.002,0.0025,0.002,0.002,1.6,2026-06-18T09:12:25,0.002,1.6
ip_shuffle,20260618T091225_909323,of:0000000000000003:2 -> of:0000000000000008:3,0.002,0.0025,0.002,0.002,1.66,2026-06-18T09:12:25,0.002,1.8
route_mutation,20260618T091323_609246,of:0000000000000005:1 -> of:000000000000000c:5,0.002,0.0025,0.002,0.002,1.66,2026-06-18T09:13:23,0.002,1.76
route_mutation,20260618T091323_609246,of:000000000000000a:1 -> of:000000000000000d:6,0.002,0.0025,0.002,0.002,1.73,2026-06-18T09:13:23,0.002,1.83
route_mutation,20260618T091323_609246,of:000000000000000b:2 -> of:000000000000000c:2,0.002,0.0025,0.002,0.002,2.16,2026-06-18T09:13:23,0.002,2.16
route_mutation,20260618T091323_609246,of:0000000000000004:2 -> of:0000000000000009:2,0.002,0.0025,0.002,0.002,2.16,2026-06-18T09:13:23,0.002,2.1
route_mutation,20260618T091323_609246,of:0000000000000005:2 -> of:0000000000000009:3,0.002,0.0025,0.002,0.002,2.13,2026-06-18T09:13:23,0.002,2.06
route_mutation,20260618T091323_609246,of:000000000000000b:3 -> of:000000000000000d:2,0.002,0.0025,0.002,0.002,2.16,2026-06-18T09:13:23,0.002,2.16
route_mutation,20260618T091323_609246,of:0000000000000004:1 -> of:000000000000000c:4,0.002,0.0025,0.002,0.002,1.7,2026-06-18T09:13:23,0.002,1.76
route_mutation,20260618T091323_609246,of:000000000000000c:3 -> of:000000000000000d:3,0.002,0.0025,0.002,0.002,2.33,2026-06-18T09:13:23,0.002,2.33
route_mutation,20260618T091323_609246,of:0000000000000001:1 -> of:000000000000000b:1,0.002,0.0025,0.002,0.002,1.73,2026-06-18T09:13:23,0.001,1.63
route_mutation,20260618T091323_609246,of:0000000000000006:1 -> of:000000000000000d:4,0.002,0.0025,0.002,0.002,2.26,2026-06-18T09:13:23,0.002,2.1
route_mutation,20260618T091323_609246,of:0000000000000002:1 -> of:000000000000000b:4,0.002,0.0025,0.002,0.002,1.76,2026-06-18T09:13:23,0.001,1.6
route_mutation,20260618T091323_609246,of:0000000000000001:3 -> of:000000000000000d:1,0.003,0.00375,0.003,0.003,3.26,2026-06-18T09:13:23,0.003,3.33
route_mutation,20260618T091323_609246,of:0000000000000006:2 -> of:000000000000000a:2,0.002,0.0025,0.002,0.002,2.13,2026-06-18T09:13:23,0.002,2.06
route_mutation,20260618T091323_609246,of:0000000000000003:1 -> of:000000000000000b:5,0.002,0.0025,0.002,0.002,1.76,2026-06-18T09:13:23,0.001,1.6
route_mutation,20260618T091323_609246,of:0000000000000007:1 -> of:000000000000000d:5,0.003,0.00375,0.003,0.003,3.06,2026-06-18T09:13:23,0.003,3.1
route_mutation,20260618T091323_609246,of:0000000000000007:2 -> of:000000000000000a:3,0.002,0.0025,0.002,0.002,2.13,2026-06-18T09:13:23,0.002,2.06
route_mutation,20260618T091323_609246,of:0000000000000002:2 -> of:0000000000000008:2,0.002,0.0025,0.002,0.002,2.16,2026-06-18T09:13:23,0.002,2.1
route_mutation,20260618T091323_609246,of:0000000000000008:1 -> of:000000000000000b:6,0.002,0.0025,0.002,0.002,1.66,2026-06-18T09:13:23,0.002,1.66
route_mutation,20260618T091323_609246,of:0000000000000009:1 -> of:000000000000000c:6,0.002,0.0025,0.002,0.002,1.73,2026-06-18T09:13:23,0.002,1.83
route_mutation,20260618T091323_609246,of:0000000000000001:2 -> of:000000000000000c:1,0.002,0.0025,0.002,0.002,1.76,2026-06-18T09:13:23,0.002,1.7
route_mutation,20260618T091323_609246,of:0000000000000003:2 -> of:0000000000000008:3,0.002,0.0025,0.002,0.002,2.16,2026-06-18T09:13:23,0.002,2.1
route_mutation,20260618T091353_839043,of:0000000000000005:1 -> of:000000000000000c:5,0.002,0.0025,0.002,0.002,1.43,2026-06-18T09:13:53,0.001,1.27
route_mutation,20260618T091353_839043,of:000000000000000a:1 -> of:000000000000000d:6,0.001,0.00125,0.001,0.001,1.37,2026-06-18T09:13:53,0.001,1.3
route_mutation,20260618T091353_839043,of:000000000000000b:2 -> of:000000000000000c:2,0.001,0.00125,0.001,0.001,1.4,2026-06-18T09:13:53,0.001,1.37
route_mutation,20260618T091353_839043,of:0000000000000004:2 -> of:0000000000000009:2,0.002,0.0025,0.002,0.001,1.4,2026-06-18T09:13:53,0.002,1.53
route_mutation,20260618T091353_839043,of:0000000000000005:2 -> of:0000000000000009:3,0.002,0.0025,0.002,0.001,1.47,2026-06-18T09:13:53,0.002,1.53
route_mutation,20260618T091353_839043,of:000000000000000b:3 -> of:000000000000000d:2,0.002,0.0025,0.002,0.002,1.5,2026-06-18T09:13:53,0.002,1.5
route_mutation,20260618T091353_839043,of:0000000000000004:1 -> of:000000000000000c:4,0.001,0.00125,0.001,0.001,1.37,2026-06-18T09:13:53,0.001,1.27
route_mutation,20260618T091353_839043,of:000000000000000c:3 -> of:000000000000000d:3,0.001,0.00125,0.001,0.001,1.23,2026-06-18T09:13:53,0.001,1.23
route_mutation,20260618T091353_839043,of:0000000000000001:1 -> of:000000000000000b:1,0.003,0.00375,0.003,0.003,2.8,2026-06-18T09:13:53,0.003,2.93
route_mutation,20260618T091353_839043,of:0000000000000006:1 -> of:000000000000000d:4,0.002,0.0025,0.002,0.002,1.63,2026-06-18T09:13:53,0.002,1.5
route_mutation,20260618T091353_839043,of:0000000000000002:1 -> of:000000000000000b:4,0.002,0.0025,0.002,0.002,2.46,2026-06-18T09:13:53,0.002,2.53
route_mutation,20260618T091353_839043,of:0000000000000001:3 -> of:000000000000000d:1,0.002,0.0025,0.002,0.001,1.4,2026-06-18T09:13:53,0.002,1.47
route_mutation,20260618T091353_839043,of:0000000000000006:2 -> of:000000000000000a:2,0.002,0.0025,0.002,0.001,1.47,2026-06-18T09:13:53,0.002,1.53
route_mutation,20260618T091353_839043,of:0000000000000003:1 -> of:000000000000000b:5,0.002,0.0025,0.002,0.002,1.86,2026-06-18T09:13:53,0.002,2.0
route_mutation,20260618T091353_839043,of:0000000000000007:1 -> of:000000000000000d:5,0.002,0.0025,0.002,0.002,1.43,2026-06-18T09:13:53,0.001,1.3
route_mutation,20260618T091353_839043,of:0000000000000007:2 -> of:000000000000000a:3,0.002,0.0025,0.002,0.001,1.47,2026-06-18T09:13:53,0.002,1.53
route_mutation,20260618T091353_839043,of:0000000000000002:2 -> of:0000000000000008:2,0.002,0.0025,0.002,0.001,1.47,2026-06-18T09:13:53,0.002,1.53
route_mutation,20260618T091353_839043,of:0000000000000008:1 -> of:000000000000000b:6,0.002,0.0025,0.002,0.002,1.43,2026-06-18T09:13:53,0.002,1.43
route_mutation,20260618T091353_839043,of:0000000000000009:1 -> of:000000000000000c:6,0.001,0.00125,0.001,0.001,1.37,2026-06-18T09:13:53,0.001,1.27
route_mutation,20260618T091353_839043,of:0000000000000001:2 -> of:000000000000000c:1,0.001,0.00125,0.001,0.001,1.3,2026-06-18T09:13:53,0.001,1.37
route_mutation,20260618T091353_839043,of:0000000000000003:2 -> of:0000000000000008:3,0.002,0.0025,0.002,0.001,1.4,2026-06-18T09:13:53,0.002,1.53
route_mutation,20260618T091424_096668,of:0000000000000005:1 -> of:000000000000000c:5,0.002,0.0025,0.002,0.002,2.33,2026-06-18T09:14:24,0.002,2.4
route_mutation,20260618T091424_096668,of:000000000000000a:1 -> of:000000000000000d:6,0.002,0.0025,0.002,0.002,1.63,2026-06-18T09:14:24,0.002,1.56
route_mutation,20260618T091424_096668,of:000000000000000b:2 -> of:000000000000000c:2,0.002,0.0025,0.002,0.002,1.86,2026-06-18T09:14:24,0.002,1.9
route_mutation,20260618T091424_096668,of:0000000000000004:2 -> of:0000000000000009:2,0.002,0.0025,0.002,0.002,1.9,2026-06-18T09:14:24,0.002,1.83
route_mutation,20260618T091424_096668,of:0000000000000005:2 -> of:0000000000000009:3,0.002,0.0025,0.002,0.002,1.83,2026-06-18T09:14:24,0.002,1.83
route_mutation,20260618T091424_096668,of:000000000000000b:3 -> of:000000000000000d:2,0.002,0.0025,0.002,0.002,1.9,2026-06-18T09:14:24,0.002,1.9
route_mutation,20260618T091424_096668,of:0000000000000004:1 -> of:000000000000000c:4,0.002,0.0025,0.002,0.002,2.4,2026-06-18T09:14:24,0.002,2.4
route_mutation,20260618T091424_096668,of:000000000000000c:3 -> of:000000000000000d:3,0.002,0.0025,0.002,0.002,1.83,2026-06-18T09:14:24,0.002,1.83
route_mutation,20260618T091424_096668,of:0000000000000001:1 -> of:000000000000000b:1,0.002,0.0025,0.002,0.002,2.13,2026-06-18T09:14:24,0.002,2.1
route_mutation,20260618T091424_096668,of:0000000000000006:1 -> of:000000000000000d:4,0.002,0.0025,0.002,0.002,2.5,2026-06-18T09:14:24,0.002,2.7
route_mutation,20260618T091424_096668,of:0000000000000002:1 -> of:000000000000000b:4,0.002,0.0025,0.002,0.002,1.53,2026-06-18T09:14:24,0.002,1.63
route_mutation,20260618T091424_096668,of:0000000000000001:3 -> of:000000000000000d:1,0.002,0.0025,0.002,0.002,2.73,2026-06-18T09:14:24,0.002,2.53
route_mutation,20260618T091424_096668,of:0000000000000006:2 -> of:000000000000000a:2,0.002,0.0025,0.002,0.002,1.86,2026-06-18T09:14:24,0.002,1.93
route_mutation,20260618T091424_096668,of:0000000000000003:1 -> of:000000000000000b:5,0.002,0.0025,0.002,0.002,2.06,2026-06-18T09:14:24,0.002,2.1
route_mutation,20260618T091424_096668,of:0000000000000007:1 -> of:000000000000000d:5,0.002,0.0025,0.002,0.002,1.66,2026-06-18T09:14:24,0.002,1.9
route_mutation,20260618T091424_096668,of:0000000000000007:2 -> of:000000000000000a:3,0.002,0.0025,0.002,0.002,1.86,2026-06-18T09:14:24,0.002,1.93
route_mutation,20260618T091424_096668,of:0000000000000002:2 -> of:0000000000000008:2,0.002,0.0025,0.002,0.002,1.83,2026-06-18T09:14:24,0.002,1.83
route_mutation,20260618T091424_096668,of:0000000000000008:1 -> of:000000000000000b:6,0.002,0.0025,0.002,0.002,1.56,2026-06-18T09:14:24,0.002,1.56
route_mutation,20260618T091424_096668,of:0000000000000009:1 -> of:000000000000000c:6,0.002,0.0025,0.002,0.002,1.56,2026-06-18T09:14:24,0.002,1.53
route_mutation,20260618T091424_096668,of:0000000000000001:2 -> of:000000000000000c:1,0.003,0.00375,0.003,0.003,3.16,2026-06-18T09:14:24,0.003,3.19
route_mutation,20260618T091424_096668,of:0000000000000003:2 -> of:0000000000000008:3,0.002,0.0025,0.002,0.002,1.9,2026-06-18T09:14:24,0.002,1.83
ip_shuffle,20260618T091454_337072,of:0000000000000005:1 -> of:000000000000000c:5,0.002,0.0025,0.002,0.002,1.6,2026-06-18T09:14:54,0.002,1.7
ip_shuffle,20260618T091454_337072,of:000000000000000a:1 -> of:000000000000000d:6,0.002,0.0025,0.002,0.002,1.56,2026-06-18T09:14:54,0.002,1.7
ip_shuffle,20260618T091454_337072,of:000000000000000b:2 -> of:000000000000000c:2,0.002,0.0025,0.002,0.002,2.0,2026-06-18T09:14:54,0.002,2.0
ip_shuffle,20260618T091454_337072,of:0000000000000004:2 -> of:0000000000000009:2,0.002,0.0025,0.002,0.002,1.96,2026-06-18T09:14:54,0.002,1.9
ip_shuffle,20260618T091454_337072,of:0000000000000005:2 -> of:0000000000000009:3,0.002,0.0025,0.002,0.002,1.96,2026-06-18T09:14:54,0.002,1.9
ip_shuffle,20260618T091454_337072,of:000000000000000b:3 -> of:000000000000000d:2,0.002,0.0025,0.002,0.002,2.0,2026-06-18T09:14:54,0.002,2.0
ip_shuffle,20260618T091454_337072,of:0000000000000004:1 -> of:000000000000000c:4,0.002,0.0025,0.002,0.002,1.6,2026-06-18T09:14:54,0.002,1.7
ip_shuffle,20260618T091454_337072,of:000000000000000c:3 -> of:000000000000000d:3,0.002,0.0025,0.002,0.002,2.2,2026-06-18T09:14:54,0.002,2.2
ip_shuffle,20260618T091454_337072,of:0000000000000001:1 -> of:000000000000000b:1,0.002,0.0025,0.002,0.002,1.63,2026-06-18T09:14:54,0.001,1.53
ip_shuffle,20260618T091454_337072,of:0000000000000006:1 -> of:000000000000000d:4,0.002,0.0025,0.002,0.002,1.86,2026-06-18T09:14:54,0.002,1.8
ip_shuffle,20260618T091454_337072,of:0000000000000002:1 -> of:000000000000000b:4,0.002,0.0025,0.002,0.002,1.66,2026-06-18T09:14:54,0.001,1.5
ip_shuffle,20260618T091454_337072,of:0000000000000001:3 -> of:000000000000000d:1,0.003,0.00375,0.003,0.003,2.93,2026-06-18T09:14:54,0.003,3.0
ip_shuffle,20260618T091454_337072,of:0000000000000006:2 -> of:000000000000000a:2,0.002,0.0025,0.002,0.002,1.93,2026-06-18T09:14:54,0.002,1.8
ip_shuffle,20260618T091454_337072,of:0000000000000003:1 -> of:000000000000000b:5,0.002,0.0025,0.002,0.002,1.66,2026-06-18T09:14:54,0.001,1.5
ip_shuffle,20260618T091454_337072,of:0000000000000007:1 -> of:000000000000000d:5,0.002,0.0025,0.002,0.002,2.86,2026-06-18T09:14:54,0.002,2.76
ip_shuffle,20260618T091454_337072,of:0000000000000007:2 -> of:000000000000000a:3,0.002,0.0025,0.002,0.002,1.93,2026-06-18T09:14:54,0.002,1.8
ip_shuffle,20260618T091454_337072,of:0000000000000002:2 -> of:0000000000000008:2,0.002,0.0025,0.002,0.002,1.96,2026-06-18T09:14:54,0.002,1.9
ip_shuffle,20260618T091454_337072,of:0000000000000008:1 -> of:000000000000000b:6,0.002,0.0025,0.002,0.002,1.56,2026-06-18T09:14:54,0.002,1.56
ip_shuffle,20260618T091454_337072,of:0000000000000009:1 -> of:000000000000000c:6,0.002,0.0025,0.002,0.002,1.63,2026-06-18T09:14:54,0.002,1.76
ip_shuffle,20260618T091454_337072,of:0000000000000001:2 -> of:000000000000000c:1,0.002,0.0025,0.002,0.002,1.7,2026-06-18T09:14:54,0.002,1.6
ip_shuffle,20260618T091454_337072,of:0000000000000003:2 -> of:0000000000000008:3,0.002,0.0025,0.002,0.002,1.96,2026-06-18T09:14:54,0.002,1.9
route_mutation,20260618T091551_979359,of:0000000000000005:1 -> of:000000000000000c:5,0.002,0.0025,0.002,0.002,2.36,2026-06-18T09:15:51,0.002,2.56
route_mutation,20260618T091551_979359,of:000000000000000a:1 -> of:000000000000000d:6,0.002,0.0025,0.002,0.002,1.73,2026-06-18T09:15:51,0.002,1.6
route_mutation,20260618T091551_979359,of:000000000000000b:2 -> of:000000000000000c:2,0.002,0.0025,0.002,0.002,2.16,2026-06-18T09:15:51,0.002,2.16
route_mutation,20260618T091551_979359,of:0000000000000004:2 -> of:0000000000000009:2,0.002,0.0025,0.002,0.002,2.1,2026-06-18T09:15:51,0.002,2.1
route_mutation,20260618T091551_979359,of:0000000000000005:2 -> of:0000000000000009:3,0.002,0.0025,0.002,0.002,2.03,2026-06-18T09:15:51,0.002,2.1
route_mutation,20260618T091551_979359,of:000000000000000b:3 -> of:000000000000000d:2,0.002,0.0025,0.002,0.002,2.0,2026-06-18T09:15:51,0.002,2.0
route_mutation,20260618T091551_979359,of:0000000000000004:1 -> of:000000000000000c:4,0.002,0.0025,0.002,0.002,2.4,2026-06-18T09:15:51,0.002,2.53
route_mutation,20260618T091551_979359,of:000000000000000c:3 -> of:000000000000000d:3,0.002,0.0025,0.002,0.002,2.03,2026-06-18T09:15:51,0.002,2.03
route_mutation,20260618T091551_979359,of:0000000000000001:1 -> of:000000000000000b:1,0.002,0.0025,0.002,0.002,1.83,2026-06-18T09:15:51,0.002,1.86
route_mutation,20260618T091551_979359,of:0000000000000006:1 -> of:000000000000000d:4,0.002,0.0025,0.002,0.002,2.66,2026-06-18T09:15:51,0.002,2.66
route_mutation,20260618T091551_979359,of:0000000000000002:1 -> of:000000000000000b:4,0.002,0.0025,0.002,0.002,1.63,2026-06-18T09:15:51,0.002,1.73
route_mutation,20260618T091551_979359,of:0000000000000001:3 -> of:000000000000000d:1,0.003,0.00375,0.003,0.003,2.9,2026-06-18T09:15:51,0.002,2.76
route_mutation,20260618T091551_979359,of:0000000000000006:2 -> of:000000000000000a:2,0.002,0.0025,0.002,0.002,2.06,2026-06-18T09:15:51,0.002,2.13
route_mutation,20260618T091551_979359,of:0000000000000003:1 -> of:000000000000000b:5,0.002,0.0025,0.002,0.002,1.76,2026-06-18T09:15:51,0.002,1.86
route_mutation,20260618T091551_979359,of:0000000000000007:1 -> of:000000000000000d:5,0.002,0.0025,0.002,0.002,1.8,2026-06-18T09:15:51,0.002,2.1
route_mutation,20260618T091551_979359,of:0000000000000007:2 -> of:000000000000000a:3,0.002,0.0025,0.002,0.002,2.06,2026-06-18T09:15:51,0.002,2.13
route_mutation,20260618T091551_979359,of:0000000000000002:2 -> of:0000000000000008:2,0.002,0.0025,0.002,0.002,2.03,2026-06-18T09:15:51,0.002,2.03
route_mutation,20260618T091551_979359,of:0000000000000008:1 -> of:000000000000000b:6,0.002,0.0025,0.002,0.002,1.66,2026-06-18T09:15:51,0.002,1.66
route_mutation,20260618T091551_979359,of:0000000000000009:1 -> of:000000000000000c:6,0.002,0.0025,0.002,0.002,1.73,2026-06-18T09:15:51,0.002,1.76
route_mutation,20260618T091551_979359,of:0000000000000001:2 -> of:000000000000000c:1,0.003,0.00375,0.003,0.003,3.26,2026-06-18T09:15:51,0.003,3.26
route_mutation,20260618T091551_979359,of:0000000000000003:2 -> of:0000000000000008:3,0.002,0.0025,0.002,0.002,2.1,2026-06-18T09:15:51,0.002,2.03
route_mutation,20260618T091622_160838,of:0000000000000005:1 -> of:000000000000000c:5,0.002,0.0025,0.002,0.002,1.6,2026-06-18T09:16:22,0.001,1.4
route_mutation,20260618T091622_160838,of:000000000000000a:1 -> of:000000000000000d:6,0.002,0.0025,0.002,0.001,1.5,2026-06-18T09:16:22,0.002,1.63
route_mutation,20260618T091622_160838,of:000000000000000b:2 -> of:000000000000000c:2,0.002,0.0025,0.002,0.002,1.66,2026-06-18T09:16:22,0.002,1.66
route_mutation,20260618T091622_160838,of:0000000000000004:2 -> of:0000000000000009:2,0.002,0.0025,0.002,0.002,1.83,2026-06-18T09:16:22,0.001,1.7
route_mutation,20260618T091622_160838,of:0000000000000005:2 -> of:0000000000000009:3,0.002,0.0025,0.002,0.002,1.86,2026-06-18T09:16:22,0.002,1.73
route_mutation,20260618T091622_160838,of:000000000000000b:3 -> of:000000000000000d:2,0.002,0.0025,0.002,0.002,1.93,2026-06-18T09:16:22,0.002,1.93
route_mutation,20260618T091622_160838,of:0000000000000004:1 -> of:000000000000000c:4,0.002,0.0025,0.002,0.002,1.63,2026-06-18T09:16:22,0.001,1.43
route_mutation,20260618T091622_160838,of:000000000000000c:3 -> of:000000000000000d:3,0.002,0.0025,0.002,0.002,1.86,2026-06-18T09:16:22,0.002,1.86
route_mutation,20260618T091622_160838,of:0000000000000001:1 -> of:000000000000000b:1,0.002,0.0025,0.002,0.002,1.56,2026-06-18T09:16:22,0.001,1.46
route_mutation,20260618T091622_160838,of:0000000000000006:1 -> of:000000000000000d:4,0.002,0.0025,0.002,0.002,1.63,2026-06-18T09:16:22,0.002,1.7
route_mutation,20260618T091622_160838,of:0000000000000002:1 -> of:000000000000000b:4,0.002,0.0025,0.002,0.002,1.63,2026-06-18T09:16:22,0.001,1.46
route_mutation,20260618T091622_160838,of:0000000000000001:3 -> of:000000000000000d:1,0.002,0.0025,0.002,0.002,2.66,2026-06-18T09:16:22,0.002,2.73
route_mutation,20260618T091622_160838,of:0000000000000006:2 -> of:000000000000000a:2,0.002,0.0025,0.002,0.002,1.8,2026-06-18T09:16:22,0.001,1.66
route_mutation,20260618T091622_160838,of:0000000000000003:1 -> of:000000000000000b:5,0.002,0.0025,0.002,0.002,1.63,2026-06-18T09:16:22,0.001,1.46
route_mutation,20260618T091622_160838,of:0000000000000007:1 -> of:000000000000000d:5,0.002,0.0025,0.002,0.002,2.69,2026-06-18T09:16:22,0.002,2.46
route_mutation,20260618T091622_160838,of:0000000000000007:2 -> of:000000000000000a:3,0.002,0.0025,0.002,0.002,1.83,2026-06-18T09:16:22,0.002,1.7
route_mutation,20260618T091622_160838,of:0000000000000002:2 -> of:0000000000000008:2,0.002,0.0025,0.002,0.002,1.83,2026-06-18T09:16:22,0.002,1.76
route_mutation,20260618T091622_160838,of:0000000000000008:1 -> of:000000000000000b:6,0.001,0.00125,0.001,0.001,1.5,2026-06-18T09:16:22,0.001,1.5
route_mutation,20260618T091622_160838,of:0000000000000009:1 -> of:000000000000000c:6,0.001,0.00125,0.001,0.001,1.43,2026-06-18T09:16:22,0.001,1.4
route_mutation,20260618T091622_160838,of:0000000000000001:2 -> of:000000000000000c:1,0.002,0.0025,0.002,0.002,1.53,2026-06-18T09:16:22,0.001,1.46
route_mutation,20260618T091622_160838,of:0000000000000003:2 -> of:0000000000000008:3,0.002,0.0025,0.002,0.002,1.86,2026-06-18T09:16:22,0.002,1.8
route_mutation,20260618T091652_401965,of:0000000000000005:1 -> of:000000000000000c:5,0.002,0.0025,0.002,0.002,1.4,2026-06-18T09:16:52,0.002,1.43
route_mutation,20260618T091652_401965,of:000000000000000a:1 -> of:000000000000000d:6,0.002,0.0025,0.002,0.002,1.47,2026-06-18T09:16:52,0.002,1.5
route_mutation,20260618T091652_401965,of:000000000000000b:2 -> of:000000000000000c:2,0.002,0.0025,0.002,0.002,1.53,2026-06-18T09:16:52,0.002,1.53
route_mutation,20260618T091652_401965,of:0000000000000004:2 -> of:0000000000000009:2,0.002,0.0025,0.002,0.001,1.37,2026-06-18T09:16:52,0.002,1.43
route_mutation,20260618T091652_401965,of:0000000000000005:2 -> of:0000000000000009:3,0.002,0.0025,0.002,0.001,1.4,2026-06-18T09:16:52,0.002,1.47
route_mutation,20260618T091652_401965,of:000000000000000b:3 -> of:000000000000000d:2,0.002,0.0025,0.002,0.002,1.73,2026-06-18T09:16:52,0.002,1.73
route_mutation,20260618T091652_401965,of:0000000000000004:1 -> of:000000000000000c:4,0.002,0.0025,0.002,0.001,1.37,2026-06-18T09:16:52,0.002,1.43
route_mutation,20260618T091652_401965,of:000000000000000c:3 -> of:000000000000000d:3,0.002,0.0025,0.002,0.002,1.6,2026-06-18T09:16:52,0.002,1.6
route_mutation,20260618T091652_401965,of:0000000000000001:1 -> of:000000000000000b:1,0.003,0.00375,0.003,0.002,2.56,2026-06-18T09:16:52,0.003,2.7
route_mutation,20260618T091652_401965,of:0000000000000006:1 -> of:000000000000000d:4,0.002,0.0025,0.002,0.002,1.73,2026-06-18T09:16:52,0.002,1.76
route_mutation,20260618T091652_401965,of:0000000000000002:1 -> of:000000000000000b:4,0.002,0.0025,0.002,0.002,2.33,2026-06-18T09:16:52,0.002,2.46
route_mutation,20260618T091652_401965,of:0000000000000001:3 -> of:000000000000000d:1,0.002,0.0025,0.002,0.002,1.53,2026-06-18T09:16:52,0.002,1.53
route_mutation,20260618T091652_401965,of:0000000000000006:2 -> of:000000000000000a:2,0.002,0.0025,0.002,0.001,1.4,2026-06-18T09:16:52,0.002,1.47
route_mutation,20260618T091652_401965,of:0000000000000003:1 -> of:000000000000000b:5,0.002,0.0025,0.002,0.002,1.7,2026-06-18T09:16:52,0.002,1.7
route_mutation,20260618T091652_401965,of:0000000000000007:1 -> of:000000000000000d:5,0.002,0.0025,0.002,0.002,1.47,2026-06-18T09:16:52,0.002,1.5
route_mutation,20260618T091652_401965,of:0000000000000007:2 -> of:000000000000000a:3,0.002,0.0025,0.002,0.001,1.4,2026-06-18T09:16:52,0.002,1.47
route_mutation,20260618T091652_401965,of:0000000000000002:2 -> of:0000000000000008:2,0.002,0.0025,0.002,0.001,1.37,2026-06-18T09:16:52,0.002,1.43
route_mutation,20260618T091652_401965,of:0000000000000008:1 -> of:000000000000000b:6,0.002,0.0025,0.002,0.002,1.4,2026-06-18T09:16:52,0.002,1.43
route_mutation,20260618T091652_401965,of:0000000000000009:1 -> of:000000000000000c:6,0.002,0.0025,0.002,0.002,1.4,2026-06-18T09:16:52,0.002,1.43
route_mutation,20260618T091652_401965,of:0000000000000001:2 -> of:000000000000000c:1,0.001,0.00125,0.001,0.001,1.37,2026-06-18T09:16:52,0.001,1.37
route_mutation,20260618T091652_401965,of:0000000000000003:2 -> of:0000000000000008:3,0.002,0.0025,0.002,0.001,1.3,2026-06-18T09:16:52,0.002,1.43
ip_shuffle,20260618T091722_648402,of:0000000000000005:1 -> of:000000000000000c:5,0.002,0.0025,0.002,0.002,2.23,2026-06-18T09:17:22,0.002,2.36
ip_shuffle,20260618T091722_648402,of:000000000000000a:1 -> of:000000000000000d:6,0.002,0.0025,0.002,0.002,1.6,2026-06-18T09:17:22,0.002,1.57
ip_shuffle,20260618T091722_648402,of:000000000000000b:2 -> of:000000000000000c:2,0.002,0.0025,0.002,0.002,1.8,2026-06-18T09:17:22,0.002,1.8
ip_shuffle,20260618T091722_648402,of:0000000000000004:2 -> of:0000000000000009:2,0.002,0.0025,0.002,0.002,1.8,2026-06-18T09:17:22,0.002,1.86
ip_shuffle,20260618T091722_648402,of:0000000000000005:2 -> of:0000000000000009:3,0.002,0.0025,0.002,0.002,1.76,2026-06-18T09:17:22,0.002,1.83
ip_shuffle,20260618T091722_648402,of:000000000000000b:3 -> of:000000000000000d:2,0.002,0.0025,0.002,0.002,1.8,2026-06-18T09:17:22,0.002,1.8
ip_shuffle,20260618T091722_648402,of:0000000000000004:1 -> of:000000000000000c:4,0.002,0.0025,0.002,0.002,2.26,2026-06-18T09:17:22,0.002,2.36
ip_shuffle,20260618T091722_648402,of:000000000000000c:3 -> of:000000000000000d:3,0.002,0.0025,0.002,0.002,1.8,2026-06-18T09:17:22,0.002,1.8
ip_shuffle,20260618T091722_648402,of:0000000000000001:1 -> of:000000000000000b:1,0.002,0.0025,0.002,0.002,2.3,2026-06-18T09:17:22,0.002,2.23
ip_shuffle,20260618T091722_648402,of:0000000000000006:1 -> of:000000000000000d:4,0.002,0.0025,0.002,0.002,2.46,2026-06-18T09:17:22,0.002,2.46
ip_shuffle,20260618T091722_648402,of:0000000000000002:1 -> of:000000000000000b:4,0.002,0.0025,0.002,0.002,1.57,2026-06-18T09:17:22,0.002,1.63
ip_shuffle,20260618T091722_648402,of:0000000000000001:3 -> of:000000000000000d:1,0.002,0.0025,0.002,0.002,2.46,2026-06-18T09:17:22,0.002,2.63
ip_shuffle,20260618T091722_648402,of:0000000000000006:2 -> of:000000000000000a:2,0.002,0.0025,0.002,0.002,1.76,2026-06-18T09:17:22,0.002,1.83
ip_shuffle,20260618T091722_648402,of:0000000000000003:1 -> of:000000000000000b:5,0.002,0.0025,0.002,0.002,2.16,2026-06-18T09:17:22,0.002,2.33
ip_shuffle,20260618T091722_648402,of:0000000000000007:1 -> of:000000000000000d:5,0.002,0.0025,0.002,0.002,1.67,2026-06-18T09:17:22,0.002,1.7
ip_shuffle,20260618T091722_648402,of:0000000000000007:2 -> of:000000000000000a:3,0.002,0.0025,0.002,0.002,1.76,2026-06-18T09:17:22,0.002,1.83
ip_shuffle,20260618T091722_648402,of:0000000000000002:2 -> of:0000000000000008:2,0.002,0.0025,0.002,0.002,1.76,2026-06-18T09:17:22,0.002,1.83
ip_shuffle,20260618T091722_648402,of:0000000000000008:1 -> of:000000000000000b:6,0.002,0.0025,0.002,0.002,1.6,2026-06-18T09:17:22,0.002,1.57
ip_shuffle,20260618T091722_648402,of:0000000000000009:1 -> of:000000000000000c:6,0.002,0.0025,0.002,0.002,1.6,2026-06-18T09:17:22,0.002,1.57
ip_shuffle,20260618T091722_648402,of:0000000000000001:2 -> of:000000000000000c:1,0.003,0.00375,0.003,0.003,3.1,2026-06-18T09:17:22,0.003,3.16
ip_shuffle,20260618T091722_648402,of:0000000000000003:2 -> of:0000000000000008:3,0.002,0.0025,0.002,0.002,1.86,2026-06-18T09:17:22,0.002,1.86
route_mutation,20260618T091820_248067,of:0000000000000005:1 -> of:000000000000000c:5,0.002,0.0025,0.002,0.002,1.43,2026-06-18T09:18:20,0.001,1.37
route_mutation,20260618T091820_248067,of:000000000000000a:1 -> of:000000000000000d:6,0.002,0.0025,0.002,0.002,1.43,2026-06-18T09:18:20,0.002,1.43
route_mutation,20260618T091820_248067,of:000000000000000b:2 -> of:000000000000000c:2,0.002,0.0025,0.002,0.002,1.53,2026-06-18T09:18:20,0.002,1.53
route_mutation,20260618T091820_248067,of:0000000000000004:2 -> of:0000000000000009:2,0.002,0.0025,0.002,0.001,1.47,2026-06-18T09:18:20,0.002,1.53
route_mutation,20260618T091820_248067,of:0000000000000005:2 -> of:0000000000000009:3,0.001,0.00125,0.001,0.001,1.47,2026-06-18T09:18:20,0.001,1.47
route_mutation,20260618T091820_248067,of:000000000000000b:3 -> of:000000000000000d:2,0.002,0.0025,0.002,0.002,1.66,2026-06-18T09:18:20,0.002,1.66
route_mutation,20260618T091820_248067,of:0000000000000004:1 -> of:000000000000000c:4,0.002,0.0025,0.002,0.002,1.43,2026-06-18T09:18:20,0.002,1.43
route_mutation,20260618T091820_248067,of:000000000000000c:3 -> of:000000000000000d:3,0.002,0.0025,0.002,0.002,1.53,2026-06-18T09:18:20,0.002,1.53
route_mutation,20260618T091820_248067,of:0000000000000001:1 -> of:000000000000000b:1,0.003,0.00375,0.003,0.003,2.96,2026-06-18T09:18:20,0.003,3.03
route_mutation,20260618T091820_248067,of:0000000000000006:1 -> of:000000000000000d:4,0.002,0.0025,0.002,0.002,1.63,2026-06-18T09:18:20,0.002,1.7
route_mutation,20260618T091820_248067,of:0000000000000002:1 -> of:000000000000000b:4,0.002,0.0025,0.002,0.002,2.46,2026-06-18T09:18:20,0.002,2.46
route_mutation,20260618T091820_248067,of:0000000000000001:3 -> of:000000000000000d:1,0.002,0.0025,0.002,0.002,1.5,2026-06-18T09:18:20,0.002,1.57
route_mutation,20260618T091820_248067,of:0000000000000006:2 -> of:000000000000000a:2,0.002,0.0025,0.002,0.001,1.47,2026-06-18T09:18:20,0.002,1.53
route_mutation,20260618T091820_248067,of:0000000000000003:1 -> of:000000000000000b:5,0.002,0.0025,0.002,0.002,2.0,2026-06-18T09:18:20,0.002,2.06
route_mutation,20260618T091820_248067,of:0000000000000007:1 -> of:000000000000000d:5,0.002,0.0025,0.002,0.001,1.37,2026-06-18T09:18:20,0.002,1.43
route_mutation,20260618T091820_248067,of:0000000000000007:2 -> of:000000000000000a:3,0.002,0.0025,0.002,0.001,1.47,2026-06-18T09:18:20,0.002,1.53
route_mutation,20260618T091820_248067,of:0000000000000002:2 -> of:0000000000000008:2,0.001,0.00125,0.001,0.001,1.47,2026-06-18T09:18:20,0.001,1.47
route_mutation,20260618T091820_248067,of:0000000000000008:1 -> of:000000000000000b:6,0.002,0.0025,0.002,0.002,1.43,2026-06-18T09:18:20,0.002,1.43
route_mutation,20260618T091820_248067,of:0000000000000009:1 -> of:000000000000000c:6,0.002,0.0025,0.002,0.002,1.43,2026-06-18T09:18:20,0.002,1.43
route_mutation,20260618T091820_248067,of:0000000000000001:2 -> of:000000000000000c:1,0.002,0.0025,0.002,0.001,1.37,2026-06-18T09:18:20,0.002,1.43
route_mutation,20260618T091820_248067,of:0000000000000003:2 -> of:0000000000000008:3,0.002,0.0025,0.002,0.001,1.4,2026-06-18T09:18:20,0.002,1.53
ip_shuffle,20260618T091850_509308,of:0000000000000005:1 -> of:000000000000000c:5,0.002,0.0025,0.002,0.002,2.2,2026-06-18T09:18:50,0.002,2.33
ip_shuffle,20260618T091850_509308,of:000000000000000a:1 -> of:000000000000000d:6,0.002,0.0025,0.002,0.002,1.53,2026-06-18T09:18:50,0.002,1.53
ip_shuffle,20260618T091850_509308,of:000000000000000b:2 -> of:000000000000000c:2,0.002,0.0025,0.002,0.002,1.73,2026-06-18T09:18:50,0.002,1.73
ip_shuffle,20260618T091850_509308,of:0000000000000004:2 -> of:0000000000000009:2,0.002,0.0025,0.002,0.002,1.66,2026-06-18T09:18:50,0.002,1.73
ip_shuffle,20260618T091850_509308,of:0000000000000005:2 -> of:0000000000000009:3,0.002,0.0025,0.002,0.002,1.66,2026-06-18T09:18:50,0.002,1.73
ip_shuffle,20260618T091850_509308,of:000000000000000b:3 -> of:000000000000000d:2,0.002,0.0025,0.002,0.002,1.73,2026-06-18T09:18:50,0.002,1.73
ip_shuffle,20260618T091850_509308,of:0000000000000004:1 -> of:000000000000000c:4,0.002,0.0025,0.002,0.002,2.2,2026-06-18T09:18:50,0.002,2.33
ip_shuffle,20260618T091850_509308,of:000000000000000c:3 -> of:000000000000000d:3,0.002,0.0025,0.002,0.002,1.73,2026-06-18T09:18:50,0.002,1.73
ip_shuffle,20260618T091850_509308,of:0000000000000001:1 -> of:000000000000000b:1,0.002,0.0025,0.002,0.002,1.86,2026-06-18T09:18:50,0.002,1.93
ip_shuffle,20260618T091850_509308,of:0000000000000006:1 -> of:000000000000000d:4,0.002,0.0025,0.002,0.002,2.43,2026-06-18T09:18:50,0.002,2.46
ip_shuffle,20260618T091850_509308,of:0000000000000002:1 -> of:000000000000000b:4,0.002,0.0025,0.002,0.001,1.46,2026-06-18T09:18:50,0.002,1.53
ip_shuffle,20260618T091850_509308,of:0000000000000001:3 -> of:000000000000000d:1,0.002,0.0025,0.002,0.002,2.4,2026-06-18T09:18:50,0.002,2.4
ip_shuffle,20260618T091850_509308,of:0000000000000006:2 -> of:000000000000000a:2,0.002,0.0025,0.002,0.002,1.66,2026-06-18T09:18:50,0.002,1.73
ip_shuffle,20260618T091850_509308,of:0000000000000003:1 -> of:000000000000000b:5,0.002,0.0025,0.002,0.002,1.86,2026-06-18T09:18:50,0.002,1.93
ip_shuffle,20260618T091850_509308,of:0000000000000007:1 -> of:000000000000000d:5,0.002,0.0025,0.002,0.002,1.76,2026-06-18T09:18:50,0.002,1.83
ip_shuffle,20260618T091850_509308,of:0000000000000007:2 -> of:000000000000000a:3,0.002,0.0025,0.002,0.002,1.66,2026-06-18T09:18:50,0.002,1.73
ip_shuffle,20260618T091850_509308,of:0000000000000002:2 -> of:0000000000000008:2,0.002,0.0025,0.002,0.002,1.66,2026-06-18T09:18:50,0.002,1.73
ip_shuffle,20260618T091850_509308,of:0000000000000008:1 -> of:000000000000000b:6,0.002,0.0025,0.002,0.002,1.53,2026-06-18T09:18:50,0.002,1.53
ip_shuffle,20260618T091850_509308,of:0000000000000009:1 -> of:000000000000000c:6,0.002,0.0025,0.002,0.002,1.53,2026-06-18T09:18:50,0.002,1.53
ip_shuffle,20260618T091850_509308,of:0000000000000001:2 -> of:000000000000000c:1,0.003,0.00375,0.003,0.003,3.06,2026-06-18T09:18:50,0.003,3.13
ip_shuffle,20260618T091850_509308,of:0000000000000003:2 -> of:0000000000000008:3,0.002,0.0025,0.002,0.002,1.73,2026-06-18T09:18:50,0.002,1.73
ip_shuffle,20260618T091954_653679,of:0000000000000005:1 -> of:000000000000000c:5,0.001,0.00125,0.001,0.001,1.33,2026-06-18T09:19:54,0.001,1.26
ip_shuffle,20260618T091954_653679,of:000000000000000a:1 -> of:000000000000000d:6,0.001,0.00125,0.001,0.001,1.33,2026-06-18T09:19:54,0.001,1.33
ip_shuffle,20260618T091954_653679,of:000000000000000b:2 -> of:000000000000000c:2,0.001,0.00125,0.001,0.001,1.33,2026-06-18T09:19:54,0.001,1.33
ip_shuffle,20260618T091954_653679,of:0000000000000004:2 -> of:0000000000000009:2,0.001,0.00125,0.001,0.001,1.26,2026-06-18T09:19:54,0.001,1.33
ip_shuffle,20260618T091954_653679,of:0000000000000005:2 -> of:0000000000000009:3,0.001,0.00125,0.001,0.001,1.26,2026-06-18T09:19:54,0.001,1.26
ip_shuffle,20260618T091954_653679,of:000000000000000b:3 -> of:000000000000000d:2,0.001,0.00125,0.001,0.001,1.33,2026-06-18T09:19:54,0.001,1.33
ip_shuffle,20260618T091954_653679,of:0000000000000004:1 -> of:000000000000000c:4,0.001,0.00125,0.001,0.001,1.33,2026-06-18T09:19:54,0.001,1.33
ip_shuffle,20260618T091954_653679,of:000000000000000c:3 -> of:000000000000000d:3,0.001,0.00125,0.001,0.001,1.33,2026-06-18T09:19:54,0.001,1.33
ip_shuffle,20260618T091954_653679,of:0000000000000001:1 -> of:000000000000000b:1,0.001,0.00125,0.001,0.001,1.3,2026-06-18T09:19:54,0.001,1.3
ip_shuffle,20260618T091954_653679,of:0000000000000006:1 -> of:000000000000000d:4,0.001,0.00125,0.001,0.001,1.26,2026-06-18T09:19:54,0.001,1.33
ip_shuffle,20260618T091954_653679,of:0000000000000002:1 -> of:000000000000000b:4,0.001,0.00125,0.001,0.001,1.3,2026-06-18T09:19:54,0.001,1.3
ip_shuffle,20260618T091954_653679,of:0000000000000001:3 -> of:000000000000000d:1,0.001,0.00125,0.001,0.001,1.36,2026-06-18T09:19:54,0.001,1.36
ip_shuffle,20260618T091954_653679,of:0000000000000006:2 -> of:000000000000000a:2,0.001,0.00125,0.001,0.001,1.26,2026-06-18T09:19:54,0.001,1.33
ip_shuffle,20260618T091954_653679,of:0000000000000003:1 -> of:000000000000000b:5,0.001,0.00125,0.001,0.001,1.33,2026-06-18T09:19:54,0.001,1.33
ip_shuffle,20260618T091954_653679,of:0000000000000007:1 -> of:000000000000000d:5,0.002,0.0025,0.002,0.001,1.33,2026-06-18T09:19:54,0.002,1.4
ip_shuffle,20260618T091954_653679,of:0000000000000007:2 -> of:000000000000000a:3,0.001,0.00125,0.001,0.001,1.26,2026-06-18T09:19:54,0.001,1.33
ip_shuffle,20260618T091954_653679,of:0000000000000002:2 -> of:0000000000000008:2,0.001,0.00125,0.001,0.001,1.26,2026-06-18T09:19:54,0.001,1.26
ip_shuffle,20260618T091954_653679,of:0000000000000008:1 -> of:000000000000000b:6,0.001,0.00125,0.001,0.001,1.33,2026-06-18T09:19:54,0.001,1.33
ip_shuffle,20260618T091954_653679,of:0000000000000009:1 -> of:000000000000000c:6,0.001,0.00125,0.001,0.001,1.33,2026-06-18T09:19:54,0.001,1.33
ip_shuffle,20260618T091954_653679,of:0000000000000001:2 -> of:000000000000000c:1,0.001,0.00125,0.001,0.001,1.26,2026-06-18T09:19:54,0.001,1.26
ip_shuffle,20260618T091954_653679,of:0000000000000003:2 -> of:0000000000000008:3,0.001,0.00125,0.001,0.001,1.26,2026-06-18T09:19:54,0.001,1.33
ip_shuffle,20260618T092053_240008,of:0000000000000005:1 -> of:000000000000000c:5,0.002,0.0025,0.002,0.002,2.36,2026-06-18T09:20:53,0.002,2.3
ip_shuffle,20260618T092053_240008,of:000000000000000a:1 -> of:000000000000000d:6,0.002,0.0025,0.002,0.002,1.9,2026-06-18T09:20:53,0.002,1.9
ip_shuffle,20260618T092053_240008,of:000000000000000b:2 -> of:000000000000000c:2,0.002,0.0025,0.002,0.002,2.6,2026-06-18T09:20:53,0.002,2.6
ip_shuffle,20260618T092053_240008,of:0000000000000004:2 -> of:0000000000000009:2,0.002,0.0025,0.002,0.002,2.73,2026-06-18T09:20:53,0.002,2.66
ip_shuffle,20260618T092053_240008,of:0000000000000005:2 -> of:0000000000000009:3,0.002,0.0025,0.002,0.002,2.73,2026-06-18T09:20:53,0.002,2.66
ip_shuffle,20260618T092053_240008,of:000000000000000b:3 -> of:000000000000000d:2,0.002,0.0025,0.002,0.002,2.6,2026-06-18T09:20:53,0.002,2.6
ip_shuffle,20260618T092053_240008,of:0000000000000004:1 -> of:000000000000000c:4,0.002,0.0025,0.002,0.002,2.03,2026-06-18T09:20:53,0.002,1.96
ip_shuffle,20260618T092053_240008,of:000000000000000c:3 -> of:000000000000000d:3,0.002,0.0025,0.002,0.002,2.6,2026-06-18T09:20:53,0.002,2.6
ip_shuffle,20260618T092053_240008,of:0000000000000001:1 -> of:000000000000000b:1,0.002,0.0025,0.002,0.002,2.06,2026-06-18T09:20:53,0.002,1.96
ip_shuffle,20260618T092053_240008,of:0000000000000006:1 -> of:000000000000000d:4,0.003,0.00375,0.003,0.003,3.13,2026-06-18T09:20:53,0.002,3.0
ip_shuffle,20260618T092053_240008,of:0000000000000002:1 -> of:000000000000000b:4,0.002,0.0025,0.002,0.002,2.06,2026-06-18T09:20:53,0.002,2.0
ip_shuffle,20260618T092053_240008,of:0000000000000001:3 -> of:000000000000000d:1,0.003,0.00375,0.003,0.003,3.99,2026-06-18T09:20:53,0.003,4.06
ip_shuffle,20260618T092053_240008,of:0000000000000006:2 -> of:000000000000000a:2,0.002,0.0025,0.002,0.002,2.76,2026-06-18T09:20:53,0.002,2.63
ip_shuffle,20260618T092053_240008,of:0000000000000003:1 -> of:000000000000000b:5,0.002,0.0025,0.002,0.002,2.03,2026-06-18T09:20:53,0.002,1.9
ip_shuffle,20260618T092053_240008,of:0000000000000007:1 -> of:000000000000000d:5,0.003,0.00375,0.003,0.003,3.06,2026-06-18T09:20:53,0.002,3.0
ip_shuffle,20260618T092053_240008,of:0000000000000007:2 -> of:000000000000000a:3,0.002,0.0025,0.002,0.002,2.73,2026-06-18T09:20:53,0.002,2.66
ip_shuffle,20260618T092053_240008,of:0000000000000002:2 -> of:0000000000000008:2,0.002,0.0025,0.002,0.002,2.8,2026-06-18T09:20:53,0.002,2.73
ip_shuffle,20260618T092053_240008,of:0000000000000008:1 -> of:000000000000000b:6,0.002,0.0025,0.002,0.002,1.93,2026-06-18T09:20:53,0.002,1.93
ip_shuffle,20260618T092053_240008,of:0000000000000009:1 -> of:000000000000000c:6,0.002,0.0025,0.002,0.002,1.9,2026-06-18T09:20:53,0.002,1.9
ip_shuffle,20260618T092053_240008,of:0000000000000001:2 -> of:000000000000000c:1,0.002,0.0025,0.002,0.002,2.33,2026-06-18T09:20:53,0.002,2.3
ip_shuffle,20260618T092053_240008,of:0000000000000003:2 -> of:0000000000000008:3,0.002,0.0025,0.002,0.002,2.73,2026-06-18T09:20:53,0.002,2.6
route_mutation,20260618T092151_065111,of:0000000000000005:1 -> of:000000000000000c:5,0.002,0.0025,0.002,0.002,1.8,2026-06-18T09:21:51,0.002,1.93
route_mutation,20260618T092151_065111,of:000000000000000a:1 -> of:000000000000000d:6,0.002,0.0025,0.002,0.002,1.53,2026-06-18T09:21:51,0.002,1.53
route_mutation,20260618T092151_065111,of:000000000000000b:2 -> of:000000000000000c:2,0.002,0.0025,0.002,0.002,1.73,2026-06-18T09:21:51,0.002,1.73
route_mutation,20260618T092151_065111,of:0000000000000004:2 -> of:0000000000000009:2,0.002,0.0025,0.002,0.001,1.6,2026-06-18T09:21:51,0.002,1.73
route_mutation,20260618T092151_065111,of:0000000000000005:2 -> of:0000000000000009:3,0.002,0.0025,0.002,0.001,1.6,2026-06-18T09:21:51,0.002,1.73
route_mutation,20260618T092151_065111,of:000000000000000b:3 -> of:000000000000000d:2,0.002,0.0025,0.002,0.002,1.73,2026-06-18T09:21:51,0.002,1.73
route_mutation,20260618T092151_065111,of:0000000000000004:1 -> of:000000000000000c:4,0.002,0.0025,0.002,0.002,2.2,2026-06-18T09:21:51,0.002,2.33
route_mutation,20260618T092151_065111,of:000000000000000c:3 -> of:000000000000000d:3,0.002,0.0025,0.002,0.002,1.73,2026-06-18T09:21:51,0.002,1.73
route_mutation,20260618T092151_065111,of:0000000000000001:1 -> of:000000000000000b:1,0.003,0.00375,0.003,0.003,3.53,2026-06-18T09:21:51,0.003,3.6
route_mutation,20260618T092151_065111,of:0000000000000006:1 -> of:000000000000000d:4,0.002,0.0025,0.002,0.001,1.46,2026-06-18T09:21:51,0.002,1.53
route_mutation,20260618T092151_065111,of:0000000000000002:1 -> of:000000000000000b:4,0.002,0.0025,0.002,0.002,2.5,2026-06-18T09:21:51,0.002,2.56
route_mutation,20260618T092151_065111,of:0000000000000001:3 -> of:000000000000000d:1,0.002,0.0025,0.002,0.002,1.53,2026-06-18T09:21:51,0.002,1.53
route_mutation,20260618T092151_065111,of:0000000000000006:2 -> of:000000000000000a:2,0.002,0.0025,0.002,0.002,1.66,2026-06-18T09:21:51,0.002,1.73
route_mutation,20260618T092151_065111,of:0000000000000003:1 -> of:000000000000000b:5,0.002,0.0025,0.002,0.002,2.43,2026-06-18T09:21:51,0.002,2.56
route_mutation,20260618T092151_065111,of:0000000000000007:1 -> of:000000000000000d:5,0.002,0.0025,0.002,0.002,1.53,2026-06-18T09:21:51,0.002,1.53
route_mutation,20260618T092151_065111,of:0000000000000007:2 -> of:000000000000000a:3,0.002,0.0025,0.002,0.002,1.73,2026-06-18T09:21:51,0.002,1.73
route_mutation,20260618T092151_065111,of:0000000000000002:2 -> of:0000000000000008:2,0.002,0.0025,0.002,0.002,1.66,2026-06-18T09:21:51,0.002,1.73
route_mutation,20260618T092151_065111,of:0000000000000008:1 -> of:000000000000000b:6,0.002,0.0025,0.002,0.002,1.53,2026-06-18T09:21:51,0.002,1.53
route_mutation,20260618T092151_065111,of:0000000000000009:1 -> of:000000000000000c:6,0.002,0.0025,0.002,0.002,1.53,2026-06-18T09:21:51,0.002,1.53
route_mutation,20260618T092151_065111,of:0000000000000001:2 -> of:000000000000000c:1,0.002,0.0025,0.002,0.002,2.66,2026-06-18T09:21:51,0.002,2.66
route_mutation,20260618T092151_065111,of:0000000000000003:2 -> of:0000000000000008:3,0.002,0.0025,0.002,0.001,1.6,2026-06-18T09:21:51,0.002,1.73
ip_shuffle,20260618T092221_300462,of:0000000000000005:1 -> of:000000000000000c:5,0.002,0.0025,0.002,0.002,2.32,2026-06-18T09:22:21,0.002,2.25
ip_shuffle,20260618T092221_300462,of:000000000000000a:1 -> of:000000000000000d:6,0.002,0.0025,0.002,0.002,1.85,2026-06-18T09:22:21,0.002,1.85
ip_shuffle,20260618T092221_300462,of:000000000000000b:2 -> of:000000000000000c:2,0.002,0.0025,0.002,0.002,2.38,2026-06-18T09:22:21,0.002,2.38
ip_shuffle,20260618T092221_300462,of:0000000000000004:2 -> of:0000000000000009:2,0.002,0.0025,0.002,0.002,2.52,2026-06-18T09:22:21,0.002,2.45
ip_shuffle,20260618T092221_300462,of:0000000000000005:2 -> of:0000000000000009:3,0.002,0.0025,0.002,0.002,2.52,2026-06-18T09:22:21,0.002,2.45
ip_shuffle,20260618T092221_300462,of:000000000000000b:3 -> of:000000000000000d:2,0.002,0.0025,0.002,0.002,2.45,2026-06-18T09:22:21,0.002,2.45
ip_shuffle,20260618T092221_300462,of:0000000000000004:1 -> of:000000000000000c:4,0.002,0.0025,0.002,0.002,1.92,2026-06-18T09:22:21,0.002,1.85
ip_shuffle,20260618T092221_300462,of:000000000000000c:3 -> of:000000000000000d:3,0.002,0.0025,0.002,0.002,2.45,2026-06-18T09:22:21,0.002,2.45
ip_shuffle,20260618T092221_300462,of:0000000000000001:1 -> of:000000000000000b:1,0.002,0.0025,0.002,0.002,1.92,2026-06-18T09:22:21,0.002,1.85
ip_shuffle,20260618T092221_300462,of:0000000000000006:1 -> of:000000000000000d:4,0.003,0.00375,0.003,0.003,3.01,2026-06-18T09:22:21,0.002,2.95
ip_shuffle,20260618T092221_300462,of:0000000000000002:1 -> of:000000000000000b:4,0.002,0.0025,0.002,0.002,1.92,2026-06-18T09:22:21,0.002,1.85
ip_shuffle,20260618T092221_300462,of:0000000000000001:3 -> of:000000000000000d:1,0.003,0.00375,0.003,0.003,3.71,2026-06-18T09:22:21,0.003,3.77
ip_shuffle,20260618T092221_300462,of:0000000000000006:2 -> of:000000000000000a:2,0.002,0.0025,0.002,0.002,2.52,2026-06-18T09:22:21,0.002,2.38
ip_shuffle,20260618T092221_300462,of:0000000000000003:1 -> of:000000000000000b:5,0.002,0.0025,0.002,0.002,1.92,2026-06-18T09:22:21,0.002,1.85
ip_shuffle,20260618T092221_300462,of:0000000000000007:1 -> of:000000000000000d:5,0.002,0.0025,0.002,0.002,2.61,2026-06-18T09:22:21,0.002,2.68
ip_shuffle,20260618T092221_300462,of:0000000000000007:2 -> of:000000000000000a:3,0.002,0.0025,0.002,0.002,2.45,2026-06-18T09:22:21,0.002,2.45
ip_shuffle,20260618T092221_300462,of:0000000000000002:2 -> of:0000000000000008:2,0.002,0.0025,0.002,0.002,2.52,2026-06-18T09:22:21,0.002,2.45
ip_shuffle,20260618T092221_300462,of:0000000000000008:1 -> of:000000000000000b:6,0.002,0.0025,0.002,0.002,1.79,2026-06-18T09:22:21,0.002,1.79
ip_shuffle,20260618T092221_300462,of:0000000000000009:1 -> of:000000000000000c:6,0.002,0.0025,0.002,0.002,1.79,2026-06-18T09:22:21,0.002,1.79
ip_shuffle,20260618T092221_300462,of:0000000000000001:2 -> of:000000000000000c:1,0.002,0.0025,0.002,0.002,2.32,2026-06-18T09:22:21,0.002,2.32
ip_shuffle,20260618T092221_300462,of:0000000000000003:2 -> of:0000000000000008:3,0.002,0.0025,0.002,0.002,2.52,2026-06-18T09:22:21,0.002,2.45
route_mutation,20260618T092319_055579,of:0000000000000005:1 -> of:000000000000000c:5,0.002,0.0025,0.002,0.001,1.4,2026-06-18T09:23:19,0.002,1.53
route_mutation,20260618T092319_055579,of:000000000000000a:1 -> of:000000000000000d:6,0.002,0.0025,0.002,0.002,1.53,2026-06-18T09:23:19,0.002,1.53
route_mutation,20260618T092319_055579,of:000000000000000b:2 -> of:000000000000000c:2,0.002,0.0025,0.002,0.002,1.73,2026-06-18T09:23:19,0.002,1.73
route_mutation,20260618T092319_055579,of:0000000000000004:2 -> of:0000000000000009:2,0.002,0.0025,0.002,0.001,1.6,2026-06-18T09:23:19,0.002,1.73
route_mutation,20260618T092319_055579,of:0000000000000005:2 -> of:0000000000000009:3,0.002,0.0025,0.002,0.001,1.6,2026-06-18T09:23:19,0.002,1.73
route_mutation,20260618T092319_055579,of:000000000000000b:3 -> of:000000000000000d:2,0.002,0.0025,0.002,0.002,1.73,2026-06-18T09:23:19,0.002,1.73
route_mutation,20260618T092319_055579,of:0000000000000004:1 -> of:000000000000000c:4,0.002,0.0025,0.002,0.001,1.5,2026-06-18T09:23:19,0.002,1.63
route_mutation,20260618T092319_055579,of:000000000000000c:3 -> of:000000000000000d:3,0.002,0.0025,0.002,0.002,1.73,2026-06-18T09:23:19,0.002,1.73
route_mutation,20260618T092319_055579,of:0000000000000001:1 -> of:000000000000000b:1,0.003,0.00375,0.003,0.003,3.56,2026-06-18T09:23:19,0.003,3.56
route_mutation,20260618T092319_055579,of:0000000000000006:1 -> of:000000000000000d:4,0.002,0.0025,0.002,0.001,1.4,2026-06-18T09:23:19,0.002,1.53
route_mutation,20260618T092319_055579,of:0000000000000002:1 -> of:000000000000000b:4,0.002,0.0025,0.002,0.002,2.5,2026-06-18T09:23:19,0.002,2.56
route_mutation,20260618T092319_055579,of:0000000000000001:3 -> of:000000000000000d:1,0.002,0.0025,0.002,0.002,1.53,2026-06-18T09:23:19,0.002,1.53
route_mutation,20260618T092319_055579,of:0000000000000006:2 -> of:000000000000000a:2,0.002,0.0025,0.002,0.002,1.66,2026-06-18T09:23:19,0.002,1.73
route_mutation,20260618T092319_055579,of:0000000000000003:1 -> of:000000000000000b:5,0.002,0.0025,0.002,0.002,2.4,2026-06-18T09:23:19,0.002,2.53
route_mutation,20260618T092319_055579,of:0000000000000007:1 -> of:000000000000000d:5,0.002,0.0025,0.002,0.001,1.47,2026-06-18T09:23:19,0.002,1.53
route_mutation,20260618T092319_055579,of:0000000000000007:2 -> of:000000000000000a:3,0.002,0.0025,0.002,0.002,1.73,2026-06-18T09:23:19,0.002,1.73
route_mutation,20260618T092319_055579,of:0000000000000002:2 -> of:0000000000000008:2,0.002,0.0025,0.002,0.001,1.6,2026-06-18T09:23:19,0.002,1.73
route_mutation,20260618T092319_055579,of:0000000000000008:1 -> of:000000000000000b:6,0.002,0.0025,0.002,0.002,1.53,2026-06-18T09:23:19,0.002,1.53
route_mutation,20260618T092319_055579,of:0000000000000009:1 -> of:000000000000000c:6,0.002,0.0025,0.002,0.002,1.53,2026-06-18T09:23:19,0.002,1.53
route_mutation,20260618T092319_055579,of:0000000000000001:2 -> of:000000000000000c:1,0.002,0.0025,0.002,0.002,1.63,2026-06-18T09:23:19,0.002,1.63
route_mutation,20260618T092319_055579,of:0000000000000003:2 -> of:0000000000000008:3,0.002,0.0025,0.002,0.001,1.6,2026-06-18T09:23:19,0.002,1.73
ip_shuffle,20260618T092349_299074,of:0000000000000005:1 -> of:000000000000000c:5,0.002,0.0025,0.002,0.002,2.56,2026-06-18T09:23:49,0.002,2.59
ip_shuffle,20260618T092349_299074,of:000000000000000a:1 -> of:000000000000000d:6,0.002,0.0025,0.002,0.002,1.73,2026-06-18T09:23:49,0.002,1.73
ip_shuffle,20260618T092349_299074,of:000000000000000b:2 -> of:000000000000000c:2,0.002,0.0025,0.002,0.002,2.19,2026-06-18T09:23:49,0.002,2.19
ip_shuffle,20260618T092349_299074,of:0000000000000004:2 -> of:0000000000000009:2,0.002,0.0025,0.002,0.002,2.22,2026-06-18T09:23:49,0.002,2.16
ip_shuffle,20260618T092349_299074,of:0000000000000005:2 -> of:0000000000000009:3,0.002,0.0025,0.002,0.002,2.22,2026-06-18T09:23:49,0.002,2.16
ip_shuffle,20260618T092349_299074,of:000000000000000b:3 -> of:000000000000000d:2,0.002,0.0025,0.002,0.002,2.19,2026-06-18T09:23:49,0.002,2.19
ip_shuffle,20260618T092349_299074,of:0000000000000004:1 -> of:000000000000000c:4,0.002,0.0025,0.002,0.002,2.46,2026-06-18T09:23:49,0.002,2.49
ip_shuffle,20260618T092349_299074,of:000000000000000c:3 -> of:000000000000000d:3,0.002,0.0025,0.002,0.002,2.26,2026-06-18T09:23:49,0.002,2.26
ip_shuffle,20260618T092349_299074,of:0000000000000001:1 -> of:000000000000000b:1,0.002,0.0025,0.002,0.002,1.76,2026-06-18T09:23:49,0.002,1.69
ip_shuffle,20260618T092349_299074,of:0000000000000006:1 -> of:000000000000000d:4,0.002,0.0025,0.002,0.002,2.86,2026-06-18T09:23:49,0.002,2.82
ip_shuffle,20260618T092349_299074,of:0000000000000002:1 -> of:000000000000000b:4,0.002,0.0025,0.002,0.002,1.66,2026-06-18T09:23:49,0.002,1.73
ip_shuffle,20260618T092349_299074,of:0000000000000001:3 -> of:000000000000000d:1,0.003,0.00375,0.003,0.003,2.89,2026-06-18T09:23:49,0.003,3.05
ip_shuffle,20260618T092349_299074,of:0000000000000006:2 -> of:000000000000000a:2,0.002,0.0025,0.002,0.002,2.22,2026-06-18T09:23:49,0.002,2.09
ip_shuffle,20260618T092349_299074,of:0000000000000003:1 -> of:000000000000000b:5,0.002,0.0025,0.002,0.002,1.79,2026-06-18T09:23:49,0.002,1.76
ip_shuffle,20260618T092349_299074,of:0000000000000007:1 -> of:000000000000000d:5,0.002,0.0025,0.002,0.002,1.96,2026-06-18T09:23:49,0.002,1.99
ip_shuffle,20260618T092349_299074,of:0000000000000007:2 -> of:000000000000000a:3,0.002,0.0025,0.002,0.002,2.16,2026-06-18T09:23:49,0.002,2.16
ip_shuffle,20260618T092349_299074,of:0000000000000002:2 -> of:0000000000000008:2,0.002,0.0025,0.002,0.002,2.19,2026-06-18T09:23:49,0.002,2.13
ip_shuffle,20260618T092349_299074,of:0000000000000008:1 -> of:000000000000000b:6,0.001,0.00125,0.001,0.001,1.66,2026-06-18T09:23:49,0.001,1.66
ip_shuffle,20260618T092349_299074,of:0000000000000009:1 -> of:000000000000000c:6,0.002,0.0025,0.002,0.002,1.73,2026-06-18T09:23:49,0.002,1.73
ip_shuffle,20260618T092349_299074,of:0000000000000001:2 -> of:000000000000000c:1,0.003,0.00375,0.003,0.003,3.22,2026-06-18T09:23:49,0.003,3.22
ip_shuffle,20260618T092349_299074,of:0000000000000003:2 -> of:0000000000000008:3,0.002,0.0025,0.002,0.002,2.19,2026-06-18T09:23:49,0.002,2.13
route_mutation,20260618T092447_893631,of:0000000000000005:1 -> of:000000000000000c:5,0.002,0.0025,0.002,0.001,1.4,2026-06-18T09:24:47,0.002,1.53
route_mutation,20260618T092447_893631,of:000000000000000a:1 -> of:000000000000000d:6,0.002,0.0025,0.002,0.002,1.53,2026-06-18T09:24:47,0.002,1.53
route_mutation,20260618T092447_893631,of:000000000000000b:2 -> of:000000000000000c:2,0.002,0.0025,0.002,0.002,1.73,2026-06-18T09:24:47,0.002,1.73
route_mutation,20260618T092447_893631,of:0000000000000004:2 -> of:0000000000000009:2,0.002,0.0025,0.002,0.001,1.6,2026-06-18T09:24:47,0.002,1.73
route_mutation,20260618T092447_893631,of:0000000000000005:2 -> of:0000000000000009:3,0.002,0.0025,0.002,0.001,1.6,2026-06-18T09:24:47,0.002,1.73
route_mutation,20260618T092447_893631,of:000000000000000b:3 -> of:000000000000000d:2,0.002,0.0025,0.002,0.002,1.73,2026-06-18T09:24:47,0.002,1.73
route_mutation,20260618T092447_893631,of:0000000000000004:1 -> of:000000000000000c:4,0.002,0.0025,0.002,0.001,1.43,2026-06-18T09:24:47,0.002,1.56
route_mutation,20260618T092447_893631,of:000000000000000c:3 -> of:000000000000000d:3,0.002,0.0025,0.002,0.002,1.73,2026-06-18T09:24:47,0.002,1.73
route_mutation,20260618T092447_893631,of:0000000000000001:1 -> of:000000000000000b:1,0.003,0.00375,0.003,0.003,3.4,2026-06-18T09:24:47,0.003,3.46
route_mutation,20260618T092447_893631,of:0000000000000006:1 -> of:000000000000000d:4,0.002,0.0025,0.002,0.001,1.46,2026-06-18T09:24:47,0.002,1.53
route_mutation,20260618T092447_893631,of:0000000000000002:1 -> of:000000000000000b:4,0.002,0.0025,0.002,0.002,2.5,2026-06-18T09:24:47,0.002,2.56
route_mutation,20260618T092447_893631,of:0000000000000001:3 -> of:000000000000000d:1,0.002,0.0025,0.002,0.001,1.46,2026-06-18T09:24:47,0.002,1.53
route_mutation,20260618T092447_893631,of:0000000000000006:2 -> of:000000000000000a:2,0.002,0.0025,0.002,0.002,1.73,2026-06-18T09:24:47,0.002,1.73
route_mutation,20260618T092447_893631,of:0000000000000003:1 -> of:000000000000000b:5,0.002,0.0025,0.002,0.002,2.3,2026-06-18T09:24:47,0.002,2.43
route_mutation,20260618T092447_893631,of:0000000000000007:1 -> of:000000000000000d:5,0.002,0.0025,0.002,0.001,1.46,2026-06-18T09:24:47,0.002,1.53
route_mutation,20260618T092447_893631,of:0000000000000007:2 -> of:000000000000000a:3,0.002,0.0025,0.002,0.002,1.73,2026-06-18T09:24:47,0.002,1.73
route_mutation,20260618T092447_893631,of:0000000000000002:2 -> of:0000000000000008:2,0.002,0.0025,0.002,0.001,1.6,2026-06-18T09:24:47,0.002,1.73
route_mutation,20260618T092447_893631,of:0000000000000008:1 -> of:000000000000000b:6,0.002,0.0025,0.002,0.002,1.53,2026-06-18T09:24:47,0.002,1.53
route_mutation,20260618T092447_893631,of:0000000000000009:1 -> of:000000000000000c:6,0.002,0.0025,0.002,0.002,1.53,2026-06-18T09:24:47,0.002,1.53
route_mutation,20260618T092447_893631,of:0000000000000001:2 -> of:000000000000000c:1,0.002,0.0025,0.002,0.002,1.5,2026-06-18T09:24:47,0.002,1.56
route_mutation,20260618T092447_893631,of:0000000000000003:2 -> of:0000000000000008:3,0.002,0.0025,0.002,0.001,1.6,2026-06-18T09:24:47,0.002,1.73
ip_shuffle,20260618T092518_150300,of:0000000000000005:1 -> of:000000000000000c:5,0.002,0.0025,0.002,0.002,2.53,2026-06-18T09:25:18,0.002,2.56
ip_shuffle,20260618T092518_150300,of:000000000000000a:1 -> of:000000000000000d:6,0.002,0.0025,0.002,0.002,1.7,2026-06-18T09:25:18,0.002,1.7
ip_shuffle,20260618T092518_150300,of:000000000000000b:2 -> of:000000000000000c:2,0.002,0.0025,0.002,0.002,2.13,2026-06-18T09:25:18,0.002,2.13
ip_shuffle,20260618T092518_150300,of:0000000000000004:2 -> of:0000000000000009:2,0.002,0.0025,0.002,0.002,2.16,2026-06-18T09:25:18,0.002,2.1
ip_shuffle,20260618T092518_150300,of:0000000000000005:2 -> of:0000000000000009:3,0.002,0.0025,0.002,0.002,2.16,2026-06-18T09:25:18,0.002,2.1
ip_shuffle,20260618T092518_150300,of:000000000000000b:3 -> of:000000000000000d:2,0.002,0.0025,0.002,0.002,2.13,2026-06-18T09:25:18,0.002,2.13
ip_shuffle,20260618T092518_150300,of:0000000000000004:1 -> of:000000000000000c:4,0.002,0.0025,0.002,0.002,2.5,2026-06-18T09:25:18,0.002,2.53
ip_shuffle,20260618T092518_150300,of:000000000000000c:3 -> of:000000000000000d:3,0.002,0.0025,0.002,0.002,2.23,2026-06-18T09:25:18,0.002,2.23
ip_shuffle,20260618T092518_150300,of:0000000000000001:1 -> of:000000000000000b:1,0.002,0.0025,0.002,0.002,1.83,2026-06-18T09:25:18,0.002,1.76
ip_shuffle,20260618T092518_150300,of:0000000000000006:1 -> of:000000000000000d:4,0.002,0.0025,0.002,0.002,2.73,2026-06-18T09:25:18,0.002,2.83
ip_shuffle,20260618T092518_150300,of:0000000000000002:1 -> of:000000000000000b:4,0.002,0.0025,0.002,0.002,1.66,2026-06-18T09:25:18,0.002,1.7
ip_shuffle,20260618T092518_150300,of:0000000000000001:3 -> of:000000000000000d:1,0.003,0.00375,0.003,0.003,2.86,2026-06-18T09:25:18,0.003,3.0
ip_shuffle,20260618T092518_150300,of:0000000000000006:2 -> of:000000000000000a:2,0.002,0.0025,0.002,0.002,2.1,2026-06-18T09:25:18,0.002,2.1
ip_shuffle,20260618T092518_150300,of:0000000000000003:1 -> of:000000000000000b:5,0.002,0.0025,0.002,0.002,1.86,2026-06-18T09:25:18,0.002,1.83
ip_shuffle,20260618T092518_150300,of:0000000000000007:1 -> of:000000000000000d:5,0.002,0.0025,0.002,0.002,1.93,2026-06-18T09:25:18,0.002,2.03
ip_shuffle,20260618T092518_150300,of:0000000000000007:2 -> of:000000000000000a:3,0.002,0.0025,0.002,0.002,2.16,2026-06-18T09:25:18,0.002,2.16
ip_shuffle,20260618T092518_150300,of:0000000000000002:2 -> of:0000000000000008:2,0.002,0.0025,0.002,0.002,2.16,2026-06-18T09:25:18,0.002,2.1
ip_shuffle,20260618T092518_150300,of:0000000000000008:1 -> of:000000000000000b:6,0.001,0.00125,0.001,0.001,1.63,2026-06-18T09:25:18,0.001,1.63
ip_shuffle,20260618T092518_150300,of:0000000000000009:1 -> of:000000000000000c:6,0.002,0.0025,0.002,0.002,1.73,2026-06-18T09:25:18,0.002,1.73
ip_shuffle,20260618T092518_150300,of:0000000000000001:2 -> of:000000000000000c:1,0.003,0.00375,0.003,0.003,3.26,2026-06-18T09:25:18,0.003,3.26
ip_shuffle,20260618T092518_150300,of:0000000000000003:2 -> of:0000000000000008:3,0.002,0.0025,0.002,0.002,2.16,2026-06-18T09:25:18,0.002,2.1
route_mutation,20260618T092622_274780,of:0000000000000005:1 -> of:000000000000000c:5,0.002,0.0025,0.002,0.001,1.4,2026-06-18T09:26:22,0.002,1.53
route_mutation,20260618T092622_274780,of:000000000000000a:1 -> of:000000000000000d:6,0.002,0.0025,0.002,0.002,1.53,2026-06-18T09:26:22,0.002,1.53
route_mutation,20260618T092622_274780,of:000000000000000b:2 -> of:000000000000000c:2,0.002,0.0025,0.002,0.002,1.73,2026-06-18T09:26:22,0.002,1.73
route_mutation,20260618T092622_274780,of:0000000000000004:2 -> of:0000000000000009:2,0.002,0.0025,0.002,0.001,1.6,2026-06-18T09:26:22,0.002,1.73
route_mutation,20260618T092622_274780,of:0000000000000005:2 -> of:0000000000000009:3,0.002,0.0025,0.002,0.001,1.6,2026-06-18T09:26:22,0.002,1.73
route_mutation,20260618T092622_274780,of:000000000000000b:3 -> of:000000000000000d:2,0.002,0.0025,0.002,0.002,1.73,2026-06-18T09:26:22,0.002,1.73
route_mutation,20260618T092622_274780,of:0000000000000004:1 -> of:000000000000000c:4,0.002,0.0025,0.002,0.001,1.4,2026-06-18T09:26:22,0.002,1.53
route_mutation,20260618T092622_274780,of:000000000000000c:3 -> of:000000000000000d:3,0.002,0.0025,0.002,0.002,1.73,2026-06-18T09:26:22,0.002,1.73
route_mutation,20260618T092622_274780,of:0000000000000001:1 -> of:000000000000000b:1,0.003,0.00375,0.003,0.003,2.93,2026-06-18T09:26:22,0.003,3.0
route_mutation,20260618T092622_274780,of:0000000000000006:1 -> of:000000000000000d:4,0.002,0.0025,0.002,0.001,1.46,2026-06-18T09:26:22,0.002,1.53
route_mutation,20260618T092622_274780,of:0000000000000002:1 -> of:000000000000000b:4,0.002,0.0025,0.002,0.002,2.5,2026-06-18T09:26:22,0.002,2.56
route_mutation,20260618T092622_274780,of:0000000000000001:3 -> of:000000000000000d:1,0.002,0.0025,0.002,0.001,1.46,2026-06-18T09:26:22,0.002,1.53
route_mutation,20260618T092622_274780,of:0000000000000006:2 -> of:000000000000000a:2,0.002,0.0025,0.002,0.002,1.73,2026-06-18T09:26:22,0.002,1.73
route_mutation,20260618T092622_274780,of:0000000000000003:1 -> of:000000000000000b:5,0.002,0.0025,0.002,0.002,1.83,2026-06-18T09:26:22,0.002,1.96
route_mutation,20260618T092622_274780,of:0000000000000007:1 -> of:000000000000000d:5,0.002,0.0025,0.002,0.001,1.46,2026-06-18T09:26:22,0.002,1.53
route_mutation,20260618T092622_274780,of:0000000000000007:2 -> of:000000000000000a:3,0.002,0.0025,0.002,0.002,1.73,2026-06-18T09:26:22,0.002,1.73
route_mutation,20260618T092622_274780,of:0000000000000002:2 -> of:0000000000000008:2,0.002,0.0025,0.002,0.001,1.6,2026-06-18T09:26:22,0.002,1.73
route_mutation,20260618T092622_274780,of:0000000000000008:1 -> of:000000000000000b:6,0.002,0.0025,0.002,0.002,1.53,2026-06-18T09:26:22,0.002,1.53
route_mutation,20260618T092622_274780,of:0000000000000009:1 -> of:000000000000000c:6,0.002,0.0025,0.002,0.002,1.53,2026-06-18T09:26:22,0.002,1.53
route_mutation,20260618T092622_274780,of:0000000000000001:2 -> of:000000000000000c:1,0.002,0.0025,0.002,0.001,1.46,2026-06-18T09:26:22,0.002,1.53
route_mutation,20260618T092622_274780,of:0000000000000003:2 -> of:0000000000000008:3,0.002,0.0025,0.002,0.001,1.6,2026-06-18T09:26:22,0.002,1.73
route_mutation,20260618T092652_500811,of:0000000000000005:1 -> of:000000000000000c:5,0.002,0.0025,0.002,0.002,2.23,2026-06-18T09:26:52,0.002,2.26
route_mutation,20260618T092652_500811,of:000000000000000a:1 -> of:000000000000000d:6,0.001,0.00125,0.001,0.001,1.4,2026-06-18T09:26:52,0.001,1.43
route_mutation,20260618T092652_500811,of:000000000000000b:2 -> of:000000000000000c:2,0.002,0.0025,0.002,0.002,1.53,2026-06-18T09:26:52,0.002,1.53
route_mutation,20260618T092652_500811,of:0000000000000004:2 -> of:0000000000000009:2,0.002,0.0025,0.002,0.002,1.56,2026-06-18T09:26:52,0.001,1.5
route_mutation,20260618T092652_500811,of:0000000000000005:2 -> of:0000000000000009:3,0.002,0.0025,0.002,0.002,1.56,2026-06-18T09:26:52,0.001,1.5
route_mutation,20260618T092652_500811,of:000000000000000b:3 -> of:000000000000000d:2,0.002,0.0025,0.002,0.002,1.56,2026-06-18T09:26:52,0.002,1.56
route_mutation,20260618T092652_500811,of:0000000000000004:1 -> of:000000000000000c:4,0.002,0.0025,0.002,0.002,2.23,2026-06-18T09:26:52,0.002,2.26
route_mutation,20260618T092652_500811,of:000000000000000c:3 -> of:000000000000000d:3,0.002,0.0025,0.002,0.002,1.66,2026-06-18T09:26:52,0.002,1.63
route_mutation,20260618T092652_500811,of:0000000000000001:1 -> of:000000000000000b:1,0.002,0.0025,0.002,0.002,1.96,2026-06-18T09:26:52,0.002,1.93
route_mutation,20260618T092652_500811,of:0000000000000006:1 -> of:000000000000000d:4,0.002,0.0025,0.002,0.002,2.06,2026-06-18T09:26:52,0.002,2.1
route_mutation,20260618T092652_500811,of:0000000000000002:1 -> of:000000000000000b:4,0.001,0.00125,0.001,0.001,1.36,2026-06-18T09:26:52,0.001,1.4
route_mutation,20260618T092652_500811,of:0000000000000001:3 -> of:000000000000000d:1,0.002,0.0025,0.002,0.002,1.96,2026-06-18T09:26:52,0.002,2.06
route_mutation,20260618T092652_500811,of:0000000000000006:2 -> of:000000000000000a:2,0.002,0.0025,0.002,0.002,1.53,2026-06-18T09:26:52,0.002,1.53
route_mutation,20260618T092652_500811,of:0000000000000003:1 -> of:000000000000000b:5,0.002,0.0025,0.002,0.002,2.0,2026-06-18T09:26:52,0.002,1.96
route_mutation,20260618T092652_500811,of:0000000000000007:1 -> of:000000000000000d:5,0.002,0.0025,0.002,0.001,1.4,2026-06-18T09:26:52,0.002,1.5
route_mutation,20260618T092652_500811,of:0000000000000007:2 -> of:000000000000000a:3,0.002,0.0025,0.002,0.002,1.53,2026-06-18T09:26:52,0.002,1.53
route_mutation,20260618T092652_500811,of:0000000000000002:2 -> of:0000000000000008:2,0.002,0.0025,0.002,0.002,1.56,2026-06-18T09:26:52,0.001,1.5
route_mutation,20260618T092652_500811,of:0000000000000008:1 -> of:000000000000000b:6,0.001,0.00125,0.001,0.001,1.33,2026-06-18T09:26:52,0.001,1.33
route_mutation,20260618T092652_500811,of:0000000000000009:1 -> of:000000000000000c:6,0.001,0.00125,0.001,0.001,1.4,2026-06-18T09:26:52,0.001,1.4
route_mutation,20260618T092652_500811,of:0000000000000001:2 -> of:000000000000000c:1,0.003,0.00375,0.003,0.003,3.03,2026-06-18T09:26:52,0.003,3.03
route_mutation,20260618T092652_500811,of:0000000000000003:2 -> of:0000000000000008:3,0.002,0.0025,0.002,0.002,1.56,2026-06-18T09:26:52,0.001,1.5
route_mutation,20260618T092722_682252,of:0000000000000005:1 -> of:000000000000000c:5,0.002,0.0025,0.002,0.002,1.93,2026-06-18T09:27:22,0.002,1.76
route_mutation,20260618T092722_682252,of:000000000000000a:1 -> of:000000000000000d:6,0.002,0.0025,0.002,0.002,1.83,2026-06-18T09:27:22,0.002,1.8
route_mutation,20260618T092722_682252,of:000000000000000b:2 -> of:000000000000000c:2,0.002,0.0025,0.002,0.002,2.4,2026-06-18T09:27:22,0.002,2.4
route_mutation,20260618T092722_682252,of:0000000000000004:2 -> of:0000000000000009:2,0.002,0.0025,0.002,0.002,2.5,2026-06-18T09:27:22,0.002,2.43
route_mutation,20260618T092722_682252,of:0000000000000005:2 -> of:0000000000000009:3,0.002,0.0025,0.002,0.002,2.5,2026-06-18T09:27:22,0.002,2.43
route_mutation,20260618T092722_682252,of:000000000000000b:3 -> of:000000000000000d:2,0.002,0.0025,0.002,0.002,2.36,2026-06-18T09:27:22,0.002,2.36
route_mutation,20260618T092722_682252,of:0000000000000004:1 -> of:000000000000000c:4,0.002,0.0025,0.002,0.002,1.93,2026-06-18T09:27:22,0.002,1.76
route_mutation,20260618T092722_682252,of:000000000000000c:3 -> of:000000000000000d:3,0.002,0.0025,0.002,0.002,2.26,2026-06-18T09:27:22,0.002,2.3
route_mutation,20260618T092722_682252,of:0000000000000001:1 -> of:000000000000000b:1,0.002,0.0025,0.002,0.002,1.9,2026-06-18T09:27:22,0.002,1.86
route_mutation,20260618T092722_682252,of:0000000000000006:1 -> of:000000000000000d:4,0.002,0.0025,0.002,0.002,2.33,2026-06-18T09:27:22,0.002,2.23
route_mutation,20260618T092722_682252,of:0000000000000002:1 -> of:000000000000000b:4,0.002,0.0025,0.002,0.002,1.93,2026-06-18T09:27:22,0.002,1.83
route_mutation,20260618T092722_682252,of:0000000000000001:3 -> of:000000000000000d:1,0.003,0.00375,0.003,0.003,3.63,2026-06-18T09:27:22,0.003,3.46
route_mutation,20260618T092722_682252,of:0000000000000006:2 -> of:000000000000000a:2,0.002,0.0025,0.002,0.002,2.4,2026-06-18T09:27:22,0.002,2.4
route_mutation,20260618T092722_682252,of:0000000000000003:1 -> of:000000000000000b:5,0.002,0.0025,0.002,0.002,1.93,2026-06-18T09:27:22,0.002,1.83
route_mutation,20260618T092722_682252,of:0000000000000007:1 -> of:000000000000000d:5,0.003,0.00375,0.003,0.003,3.1,2026-06-18T09:27:22,0.002,2.93
route_mutation,20260618T092722_682252,of:0000000000000007:2 -> of:000000000000000a:3,0.002,0.0025,0.002,0.002,2.4,2026-06-18T09:27:22,0.002,2.4
route_mutation,20260618T092722_682252,of:0000000000000002:2 -> of:0000000000000008:2,0.002,0.0025,0.002,0.002,2.5,2026-06-18T09:27:22,0.002,2.43
route_mutation,20260618T092722_682252,of:0000000000000008:1 -> of:000000000000000b:6,0.002,0.0025,0.002,0.002,1.9,2026-06-18T09:27:22,0.002,1.9
route_mutation,20260618T092722_682252,of:0000000000000009:1 -> of:000000000000000c:6,0.002,0.0025,0.002,0.002,1.83,2026-06-18T09:27:22,0.002,1.83
route_mutation,20260618T092722_682252,of:0000000000000001:2 -> of:000000000000000c:1,0.002,0.0025,0.002,0.002,1.86,2026-06-18T09:27:22,0.002,1.8
route_mutation,20260618T092722_682252,of:0000000000000003:2 -> of:0000000000000008:3,0.002,0.0025,0.002,0.002,2.5,2026-06-18T09:27:22,0.002,2.43
ip_shuffle,20260618T092752_927175,of:0000000000000005:1 -> of:000000000000000c:5,0.002,0.0025,0.002,0.001,1.37,2026-06-18T09:27:52,0.002,1.43
ip_shuffle,20260618T092752_927175,of:000000000000000a:1 -> of:000000000000000d:6,0.002,0.0025,0.002,0.002,1.43,2026-06-18T09:27:52,0.002,1.43
ip_shuffle,20260618T092752_927175,of:000000000000000b:2 -> of:000000000000000c:2,0.002,0.0025,0.002,0.002,1.53,2026-06-18T09:27:52,0.002,1.53
ip_shuffle,20260618T092752_927175,of:0000000000000004:2 -> of:0000000000000009:2,0.002,0.0025,0.002,0.001,1.4,2026-06-18T09:27:52,0.002,1.53
ip_shuffle,20260618T092752_927175,of:0000000000000005:2 -> of:0000000000000009:3,0.002,0.0025,0.002,0.001,1.47,2026-06-18T09:27:52,0.002,1.53
ip_shuffle,20260618T092752_927175,of:000000000000000b:3 -> of:000000000000000d:2,0.002,0.0025,0.002,0.002,1.53,2026-06-18T09:27:52,0.002,1.53
ip_shuffle,20260618T092752_927175,of:0000000000000004:1 -> of:000000000000000c:4,0.002,0.0025,0.002,0.001,1.3,2026-06-18T09:27:52,0.002,1.43
ip_shuffle,20260618T092752_927175,of:000000000000000c:3 -> of:000000000000000d:3,0.002,0.0025,0.002,0.002,1.53,2026-06-18T09:27:52,0.002,1.53
ip_shuffle,20260618T092752_927175,of:0000000000000001:1 -> of:000000000000000b:1,0.002,0.0025,0.002,0.002,2.13,2026-06-18T09:27:52,0.002,2.3
ip_shuffle,20260618T092752_927175,of:0000000000000006:1 -> of:000000000000000d:4,0.002,0.0025,0.002,0.001,1.37,2026-06-18T09:27:52,0.002,1.43
ip_shuffle,20260618T092752_927175,of:0000000000000002:1 -> of:000000000000000b:4,0.002,0.0025,0.002,0.002,2.23,2026-06-18T09:27:52,0.002,2.23
ip_shuffle,20260618T092752_927175,of:0000000000000001:3 -> of:000000000000000d:1,0.002,0.0025,0.002,0.001,1.37,2026-06-18T09:27:52,0.002,1.4
ip_shuffle,20260618T092752_927175,of:0000000000000006:2 -> of:000000000000000a:2,0.002,0.0025,0.002,0.002,1.53,2026-06-18T09:27:52,0.002,1.53
ip_shuffle,20260618T092752_927175,of:0000000000000003:1 -> of:000000000000000b:5,0.002,0.0025,0.002,0.001,1.3,2026-06-18T09:27:52,0.002,1.43
ip_shuffle,20260618T092752_927175,of:0000000000000007:1 -> of:000000000000000d:5,0.002,0.0025,0.002,0.001,1.37,2026-06-18T09:27:52,0.002,1.43
ip_shuffle,20260618T092752_927175,of:0000000000000007:2 -> of:000000000000000a:3,0.002,0.0025,0.002,0.002,1.53,2026-06-18T09:27:52,0.002,1.53
ip_shuffle,20260618T092752_927175,of:0000000000000002:2 -> of:0000000000000008:2,0.002,0.0025,0.002,0.001,1.47,2026-06-18T09:27:52,0.002,1.53
ip_shuffle,20260618T092752_927175,of:0000000000000008:1 -> of:000000000000000b:6,0.002,0.0025,0.002,0.002,1.43,2026-06-18T09:27:52,0.002,1.43
ip_shuffle,20260618T092752_927175,of:0000000000000009:1 -> of:000000000000000c:6,0.002,0.0025,0.002,0.002,1.43,2026-06-18T09:27:52,0.002,1.43
ip_shuffle,20260618T092752_927175,of:0000000000000001:2 -> of:000000000000000c:1,0.002,0.0025,0.002,0.001,1.37,2026-06-18T09:27:52,0.002,1.4
ip_shuffle,20260618T092752_927175,of:0000000000000003:2 -> of:0000000000000008:3,0.002,0.0025,0.002,0.001,1.4,2026-06-18T09:27:52,0.002,1.53
ip_shuffle,20260618T092850_511624,of:0000000000000005:1 -> of:000000000000000c:5,0.002,0.0025,0.002,0.002,1.93,2026-06-18T09:28:50,0.002,1.76
ip_shuffle,20260618T092850_511624,of:000000000000000a:1 -> of:000000000000000d:6,0.002,0.0025,0.002,0.002,1.86,2026-06-18T09:28:50,0.002,1.83
ip_shuffle,20260618T092850_511624,of:000000000000000b:2 -> of:000000000000000c:2,0.002,0.0025,0.002,0.002,2.36,2026-06-18T09:28:50,0.002,2.36
ip_shuffle,20260618T092850_511624,of:0000000000000004:2 -> of:0000000000000009:2,0.002,0.0025,0.002,0.002,2.53,2026-06-18T09:28:50,0.002,2.46
ip_shuffle,20260618T092850_511624,of:0000000000000005:2 -> of:0000000000000009:3,0.002,0.0025,0.002,0.002,2.53,2026-06-18T09:28:50,0.002,2.46
ip_shuffle,20260618T092850_511624,of:000000000000000b:3 -> of:000000000000000d:2,0.002,0.0025,0.002,0.002,2.36,2026-06-18T09:28:50,0.002,2.36
ip_shuffle,20260618T092850_511624,of:0000000000000004:1 -> of:000000000000000c:4,0.002,0.0025,0.002,0.002,1.93,2026-06-18T09:28:50,0.002,1.76
ip_shuffle,20260618T092850_511624,of:000000000000000c:3 -> of:000000000000000d:3,0.002,0.0025,0.002,0.002,2.33,2026-06-18T09:28:50,0.002,2.33
ip_shuffle,20260618T092850_511624,of:0000000000000001:1 -> of:000000000000000b:1,0.002,0.0025,0.002,0.002,1.93,2026-06-18T09:28:50,0.002,1.8
ip_shuffle,20260618T092850_511624,of:0000000000000006:1 -> of:000000000000000d:4,0.002,0.0025,0.002,0.002,2.46,2026-06-18T09:28:50,0.002,2.33
ip_shuffle,20260618T092850_511624,of:0000000000000002:1 -> of:000000000000000b:4,0.002,0.0025,0.002,0.002,1.93,2026-06-18T09:28:50,0.002,1.8
ip_shuffle,20260618T092850_511624,of:0000000000000001:3 -> of:000000000000000d:1,0.003,0.00375,0.003,0.003,3.7,2026-06-18T09:28:50,0.003,3.5
ip_shuffle,20260618T092850_511624,of:0000000000000006:2 -> of:000000000000000a:2,0.002,0.0025,0.002,0.002,2.53,2026-06-18T09:28:50,0.002,2.46
ip_shuffle,20260618T092850_511624,of:0000000000000003:1 -> of:000000000000000b:5,0.002,0.0025,0.002,0.002,1.93,2026-06-18T09:28:50,0.002,1.8
ip_shuffle,20260618T092850_511624,of:0000000000000007:1 -> of:000000000000000d:5,0.003,0.00375,0.003,0.003,3.06,2026-06-18T09:28:50,0.002,2.9
ip_shuffle,20260618T092850_511624,of:0000000000000007:2 -> of:000000000000000a:3,0.002,0.0025,0.002,0.002,2.53,2026-06-18T09:28:50,0.002,2.46
ip_shuffle,20260618T092850_511624,of:0000000000000002:2 -> of:0000000000000008:2,0.002,0.0025,0.002,0.002,2.53,2026-06-18T09:28:50,0.002,2.46
ip_shuffle,20260618T092850_511624,of:0000000000000008:1 -> of:000000000000000b:6,0.002,0.0025,0.002,0.002,1.86,2026-06-18T09:28:50,0.002,1.86
ip_shuffle,20260618T092850_511624,of:0000000000000009:1 -> of:000000000000000c:6,0.002,0.0025,0.002,0.002,1.86,2026-06-18T09:28:50,0.002,1.83
ip_shuffle,20260618T092850_511624,of:0000000000000001:2 -> of:000000000000000c:1,0.002,0.0025,0.002,0.002,1.9,2026-06-18T09:28:50,0.002,1.8
ip_shuffle,20260618T092850_511624,of:0000000000000003:2 -> of:0000000000000008:3,0.002,0.0025,0.002,0.002,2.53,2026-06-18T09:28:50,0.002,2.46
route_mutation,20260618T092948_212134,of:0000000000000005:1 -> of:000000000000000c:5,0.002,0.0025,0.002,0.002,1.8,2026-06-18T09:29:48,0.002,1.83
route_mutation,20260618T092948_212134,of:000000000000000a:1 -> of:000000000000000d:6,0.001,0.00125,0.001,0.001,1.36,2026-06-18T09:29:48,0.001,1.36
route_mutation,20260618T092948_212134,of:000000000000000b:2 -> of:000000000000000c:2,0.002,0.0025,0.002,0.002,1.53,2026-06-18T09:29:48,0.002,1.53
route_mutation,20260618T092948_212134,of:0000000000000004:2 -> of:0000000000000009:2,0.002,0.0025,0.002,0.002,1.6,2026-06-18T09:29:48,0.001,1.5
route_mutation,20260618T092948_212134,of:0000000000000005:2 -> of:0000000000000009:3,0.001,0.00125,0.001,0.001,1.5,2026-06-18T09:29:48,0.001,1.5
route_mutation,20260618T092948_212134,of:000000000000000b:3 -> of:000000000000000d:2,0.002,0.0025,0.002,0.002,1.53,2026-06-18T09:29:48,0.002,1.53
route_mutation,20260618T092948_212134,of:0000000000000004:1 -> of:000000000000000c:4,0.002,0.0025,0.002,0.002,2.26,2026-06-18T09:29:48,0.002,2.23
route_mutation,20260618T092948_212134,of:000000000000000c:3 -> of:000000000000000d:3,0.002,0.0025,0.002,0.002,1.53,2026-06-18T09:29:48,0.002,1.53
route_mutation,20260618T092948_212134,of:0000000000000001:1 -> of:000000000000000b:1,0.003,0.00375,0.003,0.002,2.73,2026-06-18T09:29:48,0.003,2.76
route_mutation,20260618T092948_212134,of:0000000000000006:1 -> of:000000000000000d:4,0.002,0.0025,0.002,0.001,1.4,2026-06-18T09:29:48,0.002,1.46
route_mutation,20260618T092948_212134,of:0000000000000002:1 -> of:000000000000000b:4,0.002,0.0025,0.002,0.002,1.63,2026-06-18T09:29:48,0.002,1.73
route_mutation,20260618T092948_212134,of:0000000000000001:3 -> of:000000000000000d:1,0.002,0.0025,0.002,0.001,1.4,2026-06-18T09:29:48,0.002,1.5
route_mutation,20260618T092948_212134,of:0000000000000006:2 -> of:000000000000000a:2,0.002,0.0025,0.002,0.002,1.53,2026-06-18T09:29:48,0.001,1.5
route_mutation,20260618T092948_212134,of:0000000000000003:1 -> of:000000000000000b:5,0.002,0.0025,0.002,0.002,2.46,2026-06-18T09:29:48,0.002,2.43
route_mutation,20260618T092948_212134,of:0000000000000007:1 -> of:000000000000000d:5,0.002,0.0025,0.002,0.001,1.36,2026-06-18T09:29:48,0.002,1.46
route_mutation,20260618T092948_212134,of:0000000000000007:2 -> of:000000000000000a:3,0.001,0.00125,0.001,0.001,1.46,2026-06-18T09:29:48,0.001,1.46
route_mutation,20260618T092948_212134,of:0000000000000002:2 -> of:0000000000000008:2,0.001,0.00125,0.001,0.001,1.53,2026-06-18T09:29:48,0.001,1.5
route_mutation,20260618T092948_212134,of:0000000000000008:1 -> of:000000000000000b:6,0.001,0.00125,0.001,0.001,1.36,2026-06-18T09:29:48,0.001,1.36
route_mutation,20260618T092948_212134,of:0000000000000009:1 -> of:000000000000000c:6,0.001,0.00125,0.001,0.001,1.36,2026-06-18T09:29:48,0.001,1.36
route_mutation,20260618T092948_212134,of:0000000000000001:2 -> of:000000000000000c:1,0.002,0.0025,0.002,0.002,2.5,2026-06-18T09:29:48,0.002,2.63
route_mutation,20260618T092948_212134,of:0000000000000003:2 -> of:0000000000000008:3,0.002,0.0025,0.002,0.002,1.56,2026-06-18T09:29:48,0.001,1.5
ip_shuffle,20260618T093018_457732,of:0000000000000005:1 -> of:000000000000000c:5,0.002,0.0025,0.002,0.002,2.33,2026-06-18T09:30:18,0.002,2.2
ip_shuffle,20260618T093018_457732,of:000000000000000a:1 -> of:000000000000000d:6,0.002,0.0025,0.002,0.002,1.86,2026-06-18T09:30:18,0.002,1.86
ip_shuffle,20260618T093018_457732,of:000000000000000b:2 -> of:000000000000000c:2,0.002,0.0025,0.002,0.002,2.4,2026-06-18T09:30:18,0.002,2.4
ip_shuffle,20260618T093018_457732,of:0000000000000004:2 -> of:0000000000000009:2,0.002,0.0025,0.002,0.002,2.53,2026-06-18T09:30:18,0.002,2.46
ip_shuffle,20260618T093018_457732,of:0000000000000005:2 -> of:0000000000000009:3,0.002,0.0025,0.002,0.002,2.53,2026-06-18T09:30:18,0.002,2.46
ip_shuffle,20260618T093018_457732,of:000000000000000b:3 -> of:000000000000000d:2,0.002,0.0025,0.002,0.002,2.4,2026-06-18T09:30:18,0.002,2.4
ip_shuffle,20260618T093018_457732,of:0000000000000004:1 -> of:000000000000000c:4,0.002,0.0025,0.002,0.002,1.93,2026-06-18T09:30:18,0.002,1.8
ip_shuffle,20260618T093018_457732,of:000000000000000c:3 -> of:000000000000000d:3,0.002,0.0025,0.002,0.002,2.4,2026-06-18T09:30:18,0.002,2.4
ip_shuffle,20260618T093018_457732,of:0000000000000001:1 -> of:000000000000000b:1,0.002,0.0025,0.002,0.002,1.93,2026-06-18T09:30:18,0.002,1.8
ip_shuffle,20260618T093018_457732,of:0000000000000006:1 -> of:000000000000000d:4,0.002,0.0025,0.002,0.002,2.99,2026-06-18T09:30:18,0.002,2.86
ip_shuffle,20260618T093018_457732,of:0000000000000002:1 -> of:000000000000000b:4,0.002,0.0025,0.002,0.002,1.93,2026-06-18T09:30:18,0.002,1.8
ip_shuffle,20260618T093018_457732,of:0000000000000001:3 -> of:000000000000000d:1,0.003,0.00375,0.003,0.003,4.09,2026-06-18T09:30:18,0.003,3.96
ip_shuffle,20260618T093018_457732,of:0000000000000006:2 -> of:000000000000000a:2,0.002,0.0025,0.002,0.002,2.46,2026-06-18T09:30:18,0.002,2.46
ip_shuffle,20260618T093018_457732,of:0000000000000003:1 -> of:000000000000000b:5,0.002,0.0025,0.002,0.002,1.93,2026-06-18T09:30:18,0.002,1.8
ip_shuffle,20260618T093018_457732,of:0000000000000007:1 -> of:000000000000000d:5,0.003,0.00375,0.003,0.003,3.06,2026-06-18T09:30:18,0.002,2.93
ip_shuffle,20260618T093018_457732,of:0000000000000007:2 -> of:000000000000000a:3,0.002,0.0025,0.002,0.002,2.46,2026-06-18T09:30:18,0.002,2.46
ip_shuffle,20260618T093018_457732,of:0000000000000002:2 -> of:0000000000000008:2,0.002,0.0025,0.002,0.002,2.53,2026-06-18T09:30:18,0.002,2.46
ip_shuffle,20260618T093018_457732,of:0000000000000008:1 -> of:000000000000000b:6,0.002,0.0025,0.002,0.002,1.86,2026-06-18T09:30:18,0.002,1.86
ip_shuffle,20260618T093018_457732,of:0000000000000009:1 -> of:000000000000000c:6,0.002,0.0025,0.002,0.002,1.86,2026-06-18T09:30:18,0.002,1.86
ip_shuffle,20260618T093018_457732,of:0000000000000001:2 -> of:000000000000000c:1,0.002,0.0025,0.002,0.002,2.4,2026-06-18T09:30:18,0.002,2.26
ip_shuffle,20260618T093018_457732,of:0000000000000003:2 -> of:0000000000000008:3,0.002,0.0025,0.002,0.002,2.53,2026-06-18T09:30:18,0.002,2.46
ip_shuffle,20260618T093116_126546,of:0000000000000005:1 -> of:000000000000000c:5,0.002,0.0025,0.002,0.002,2.0,2026-06-18T09:31:16,0.002,2.06
ip_shuffle,20260618T093116_126546,of:000000000000000a:1 -> of:000000000000000d:6,0.002,0.0025,0.002,0.002,1.53,2026-06-18T09:31:16,0.002,1.53
ip_shuffle,20260618T093116_126546,of:000000000000000b:2 -> of:000000000000000c:2,0.002,0.0025,0.002,0.002,1.73,2026-06-18T09:31:16,0.002,1.73
ip_shuffle,20260618T093116_126546,of:0000000000000004:2 -> of:0000000000000009:2,0.002,0.0025,0.002,0.002,1.73,2026-06-18T09:31:16,0.002,1.66
ip_shuffle,20260618T093116_126546,of:0000000000000005:2 -> of:0000000000000009:3,0.002,0.0025,0.002,0.002,1.66,2026-06-18T09:31:16,0.002,1.66
ip_shuffle,20260618T093116_126546,of:000000000000000b:3 -> of:000000000000000d:2,0.002,0.0025,0.002,0.002,1.73,2026-06-18T09:31:16,0.002,1.73
ip_shuffle,20260618T093116_126546,of:0000000000000004:1 -> of:000000000000000c:4,0.002,0.0025,0.002,0.002,2.33,2026-06-18T09:31:16,0.002,2.33
ip_shuffle,20260618T093116_126546,of:000000000000000c:3 -> of:000000000000000d:3,0.002,0.0025,0.002,0.002,1.73,2026-06-18T09:31:16,0.002,1.73
ip_shuffle,20260618T093116_126546,of:0000000000000001:1 -> of:000000000000000b:1,0.003,0.00375,0.003,0.003,3.43,2026-06-18T09:31:16,0.003,3.53
ip_shuffle,20260618T093116_126546,of:0000000000000006:1 -> of:000000000000000d:4,0.002,0.0025,0.002,0.001,1.46,2026-06-18T09:31:16,0.002,1.53
ip_shuffle,20260618T093116_126546,of:0000000000000002:1 -> of:000000000000000b:4,0.002,0.0025,0.002,0.002,2.43,2026-06-18T09:31:16,0.002,2.46
ip_shuffle,20260618T093116_126546,of:0000000000000001:3 -> of:000000000000000d:1,0.002,0.0025,0.002,0.001,1.46,2026-06-18T09:31:16,0.002,1.53
ip_shuffle,20260618T093116_126546,of:0000000000000006:2 -> of:000000000000000a:2,0.002,0.0025,0.002,0.002,1.66,2026-06-18T09:31:16,0.002,1.73
ip_shuffle,20260618T093116_126546,of:0000000000000003:1 -> of:000000000000000b:5,0.002,0.0025,0.002,0.002,2.5,2026-06-18T09:31:16,0.002,2.56
ip_shuffle,20260618T093116_126546,of:0000000000000007:1 -> of:000000000000000d:5,0.002,0.0025,0.002,0.001,1.46,2026-06-18T09:31:16,0.002,1.53
ip_shuffle,20260618T093116_126546,of:0000000000000007:2 -> of:000000000000000a:3,0.002,0.0025,0.002,0.002,1.66,2026-06-18T09:31:16,0.002,1.73
ip_shuffle,20260618T093116_126546,of:0000000000000002:2 -> of:0000000000000008:2,0.002,0.0025,0.002,0.002,1.66,2026-06-18T09:31:16,0.002,1.66
ip_shuffle,20260618T093116_126546,of:0000000000000008:1 -> of:000000000000000b:6,0.001,0.00125,0.001,0.001,1.46,2026-06-18T09:31:16,0.001,1.46
ip_shuffle,20260618T093116_126546,of:0000000000000009:1 -> of:000000000000000c:6,0.001,0.00125,0.001,0.001,1.46,2026-06-18T09:31:16,0.001,1.46
ip_shuffle,20260618T093116_126546,of:0000000000000001:2 -> of:000000000000000c:1,0.003,0.00375,0.003,0.002,2.73,2026-06-18T09:31:16,0.003,2.8
ip_shuffle,20260618T093116_126546,of:0000000000000003:2 -> of:0000000000000008:3,0.002,0.0025,0.002,0.002,1.73,2026-06-18T09:31:16,0.002,1.66
route_mutation,20260618T093226_535310,of:0000000000000005:1 -> of:000000000000000c:5,0.001,0.00125,0.001,0.001,1.33,2026-06-18T09:32:26,0.001,1.33
route_mutation,20260618T093226_535310,of:000000000000000a:1 -> of:000000000000000d:6,0.001,0.00125,0.001,0.001,1.33,2026-06-18T09:32:26,0.001,1.33
route_mutation,20260618T093226_535310,of:000000000000000b:2 -> of:000000000000000c:2,0.001,0.00125,0.001,0.001,1.33,2026-06-18T09:32:26,0.001,1.33
route_mutation,20260618T093226_535310,of:0000000000000004:2 -> of:0000000000000009:2,0.001,0.00125,0.001,0.001,1.26,2026-06-18T09:32:26,0.001,1.33
route_mutation,20260618T093226_535310,of:0000000000000005:2 -> of:0000000000000009:3,0.001,0.00125,0.001,0.001,1.26,2026-06-18T09:32:26,0.001,1.33
route_mutation,20260618T093226_535310,of:000000000000000b:3 -> of:000000000000000d:2,0.001,0.00125,0.001,0.001,1.33,2026-06-18T09:32:26,0.001,1.33
route_mutation,20260618T093226_535310,of:0000000000000004:1 -> of:000000000000000c:4,0.001,0.00125,0.001,0.001,1.33,2026-06-18T09:32:26,0.001,1.33
route_mutation,20260618T093226_535310,of:000000000000000c:3 -> of:000000000000000d:3,0.001,0.00125,0.001,0.001,1.33,2026-06-18T09:32:26,0.001,1.33
route_mutation,20260618T093226_535310,of:0000000000000001:1 -> of:000000000000000b:1,0.002,0.0025,0.002,0.002,1.4,2026-06-18T09:32:26,0.002,1.46
route_mutation,20260618T093226_535310,of:0000000000000006:1 -> of:000000000000000d:4,0.001,0.00125,0.001,0.001,1.26,2026-06-18T09:32:26,0.001,1.33
route_mutation,20260618T093226_535310,of:0000000000000002:1 -> of:000000000000000b:4,0.002,0.0025,0.002,0.002,1.4,2026-06-18T09:32:26,0.002,1.46
route_mutation,20260618T093226_535310,of:0000000000000001:3 -> of:000000000000000d:1,0.001,0.00125,0.001,0.001,1.3,2026-06-18T09:32:26,0.001,1.36
route_mutation,20260618T093226_535310,of:0000000000000006:2 -> of:000000000000000a:2,0.001,0.00125,0.001,0.001,1.26,2026-06-18T09:32:26,0.001,1.33
route_mutation,20260618T093226_535310,of:0000000000000003:1 -> of:000000000000000b:5,0.001,0.00125,0.001,0.001,1.26,2026-06-18T09:32:26,0.001,1.33
route_mutation,20260618T093226_535310,of:0000000000000007:1 -> of:000000000000000d:5,0.001,0.00125,0.001,0.001,1.3,2026-06-18T09:32:26,0.001,1.36
route_mutation,20260618T093226_535310,of:0000000000000007:2 -> of:000000000000000a:3,0.001,0.00125,0.001,0.001,1.26,2026-06-18T09:32:26,0.001,1.33
route_mutation,20260618T093226_535310,of:0000000000000002:2 -> of:0000000000000008:2,0.001,0.00125,0.001,0.001,1.26,2026-06-18T09:32:26,0.001,1.33
route_mutation,20260618T093226_535310,of:0000000000000008:1 -> of:000000000000000b:6,0.001,0.00125,0.001,0.001,1.33,2026-06-18T09:32:26,0.001,1.33
route_mutation,20260618T093226_535310,of:0000000000000009:1 -> of:000000000000000c:6,0.001,0.00125,0.001,0.001,1.33,2026-06-18T09:32:26,0.001,1.33
route_mutation,20260618T093226_535310,of:0000000000000001:2 -> of:000000000000000c:1,0.001,0.00125,0.001,0.001,1.26,2026-06-18T09:32:26,0.001,1.33
route_mutation,20260618T093226_535310,of:0000000000000003:2 -> of:0000000000000008:3,0.001,0.00125,0.001,0.001,1.2,2026-06-18T09:32:26,0.001,1.33
route_mutation,20260618T093256_785619,of:0000000000000005:1 -> of:000000000000000c:5,0.002,0.0025,0.002,0.002,1.93,2026-06-18T09:32:56,0.002,2.06
route_mutation,20260618T093256_785619,of:000000000000000a:1 -> of:000000000000000d:6,0.002,0.0025,0.002,0.002,1.53,2026-06-18T09:32:56,0.002,1.53
route_mutation,20260618T093256_785619,of:000000000000000b:2 -> of:000000000000000c:2,0.002,0.0025,0.002,0.002,1.73,2026-06-18T09:32:56,0.002,1.73
route_mutation,20260618T093256_785619,of:0000000000000004:2 -> of:0000000000000009:2,0.002,0.0025,0.002,0.002,1.66,2026-06-18T09:32:56,0.002,1.73
route_mutation,20260618T093256_785619,of:0000000000000005:2 -> of:0000000000000009:3,0.002,0.0025,0.002,0.002,1.66,2026-06-18T09:32:56,0.002,1.73
route_mutation,20260618T093256_785619,of:000000000000000b:3 -> of:000000000000000d:2,0.002,0.0025,0.002,0.002,1.73,2026-06-18T09:32:56,0.002,1.73
route_mutation,20260618T093256_785619,of:0000000000000004:1 -> of:000000000000000c:4,0.002,0.0025,0.002,0.002,2.2,2026-06-18T09:32:56,0.002,2.33
route_mutation,20260618T093256_785619,of:000000000000000c:3 -> of:000000000000000d:3,0.002,0.0025,0.002,0.002,1.73,2026-06-18T09:32:56,0.002,1.73
route_mutation,20260618T093256_785619,of:0000000000000001:1 -> of:000000000000000b:1,0.003,0.00375,0.003,0.003,3.39,2026-06-18T09:32:56,0.003,3.46
route_mutation,20260618T093256_785619,of:0000000000000006:1 -> of:000000000000000d:4,0.002,0.0025,0.002,0.001,1.46,2026-06-18T09:32:56,0.002,1.53
route_mutation,20260618T093256_785619,of:0000000000000002:1 -> of:000000000000000b:4,0.002,0.0025,0.002,0.002,2.36,2026-06-18T09:32:56,0.002,2.43
route_mutation,20260618T093256_785619,of:0000000000000001:3 -> of:000000000000000d:1,0.002,0.0025,0.002,0.001,1.46,2026-06-18T09:32:56,0.002,1.53
route_mutation,20260618T093256_785619,of:0000000000000006:2 -> of:000000000000000a:2,0.002,0.0025,0.002,0.002,1.66,2026-06-18T09:32:56,0.002,1.73
route_mutation,20260618T093256_785619,of:0000000000000003:1 -> of:000000000000000b:5,0.002,0.0025,0.002,0.002,2.5,2026-06-18T09:32:56,0.002,2.56
route_mutation,20260618T093256_785619,of:0000000000000007:1 -> of:000000000000000d:5,0.002,0.0025,0.002,0.001,1.46,2026-06-18T09:32:56,0.002,1.53
route_mutation,20260618T093256_785619,of:0000000000000007:2 -> of:000000000000000a:3,0.002,0.0025,0.002,0.002,1.66,2026-06-18T09:32:56,0.002,1.73
route_mutation,20260618T093256_785619,of:0000000000000002:2 -> of:0000000000000008:2,0.002,0.0025,0.002,0.002,1.66,2026-06-18T09:32:56,0.002,1.66
route_mutation,20260618T093256_785619,of:0000000000000008:1 -> of:000000000000000b:6,0.001,0.00125,0.001,0.001,1.46,2026-06-18T09:32:56,0.001,1.46
route_mutation,20260618T093256_785619,of:0000000000000009:1 -> of:000000000000000c:6,0.002,0.0025,0.002,0.002,1.53,2026-06-18T09:32:56,0.002,1.53
route_mutation,20260618T093256_785619,of:0000000000000001:2 -> of:000000000000000c:1,0.003,0.00375,0.003,0.002,2.73,2026-06-18T09:32:56,0.003,2.8
route_mutation,20260618T093256_785619,of:0000000000000003:2 -> of:0000000000000008:3,0.002,0.0025,0.002,0.002,1.73,2026-06-18T09:32:56,0.002,1.66
route_mutation,20260618T093326_956005,of:0000000000000005:1 -> of:000000000000000c:5,0.002,0.0025,0.002,0.002,2.2,2026-06-18T09:33:26,0.002,2.06
route_mutation,20260618T093326_956005,of:000000000000000a:1 -> of:000000000000000d:6,0.002,0.0025,0.002,0.002,1.8,2026-06-18T09:33:26,0.002,1.8
route_mutation,20260618T093326_956005,of:000000000000000b:2 -> of:000000000000000c:2,0.002,0.0025,0.002,0.002,2.4,2026-06-18T09:33:26,0.002,2.4
route_mutation,20260618T093326_956005,of:0000000000000004:2 -> of:0000000000000009:2,0.002,0.0025,0.002,0.002,2.53,2026-06-18T09:33:26,0.002,2.4
route_mutation,20260618T093326_956005,of:0000000000000005:2 -> of:0000000000000009:3,0.002,0.0025,0.002,0.002,2.53,2026-06-18T09:33:26,0.002,2.4
route_mutation,20260618T093326_956005,of:000000000000000b:3 -> of:000000000000000d:2,0.002,0.0025,0.002,0.002,2.4,2026-06-18T09:33:26,0.002,2.4
route_mutation,20260618T093326_956005,of:0000000000000004:1 -> of:000000000000000c:4,0.002,0.0025,0.002,0.002,1.93,2026-06-18T09:33:26,0.002,1.8
route_mutation,20260618T093326_956005,of:000000000000000c:3 -> of:000000000000000d:3,0.002,0.0025,0.002,0.002,2.4,2026-06-18T09:33:26,0.002,2.4
route_mutation,20260618T093326_956005,of:0000000000000001:1 -> of:000000000000000b:1,0.002,0.0025,0.002,0.002,1.93,2026-06-18T09:33:26,0.002,1.8
route_mutation,20260618T093326_956005,of:0000000000000006:1 -> of:000000000000000d:4,0.002,0.0025,0.002,0.002,3.0,2026-06-18T09:33:26,0.002,2.86
route_mutation,20260618T093326_956005,of:0000000000000002:1 -> of:000000000000000b:4,0.002,0.0025,0.002,0.002,1.93,2026-06-18T09:33:26,0.002,1.8
route_mutation,20260618T093326_956005,of:0000000000000001:3 -> of:000000000000000d:1,0.003,0.00375,0.003,0.003,4.16,2026-06-18T09:33:26,0.003,4.03
route_mutation,20260618T093326_956005,of:0000000000000006:2 -> of:000000000000000a:2,0.002,0.0025,0.002,0.002,2.46,2026-06-18T09:33:26,0.002,2.4
route_mutation,20260618T093326_956005,of:0000000000000003:1 -> of:000000000000000b:5,0.002,0.0025,0.002,0.002,1.93,2026-06-18T09:33:26,0.002,1.8
route_mutation,20260618T093326_956005,of:0000000000000007:1 -> of:000000000000000d:5,0.003,0.00375,0.003,0.003,3.1,2026-06-18T09:33:26,0.002,2.96
route_mutation,20260618T093326_956005,of:0000000000000007:2 -> of:000000000000000a:3,0.002,0.0025,0.002,0.002,2.46,2026-06-18T09:33:26,0.002,2.4
route_mutation,20260618T093326_956005,of:0000000000000002:2 -> of:0000000000000008:2,0.002,0.0025,0.002,0.002,2.53,2026-06-18T09:33:26,0.002,2.46
route_mutation,20260618T093326_956005,of:0000000000000008:1 -> of:000000000000000b:6,0.002,0.0025,0.002,0.002,1.86,2026-06-18T09:33:26,0.002,1.86
route_mutation,20260618T093326_956005,of:0000000000000009:1 -> of:000000000000000c:6,0.002,0.0025,0.002,0.002,1.8,2026-06-18T09:33:26,0.002,1.8
route_mutation,20260618T093326_956005,of:0000000000000001:2 -> of:000000000000000c:1,0.002,0.0025,0.002,0.002,2.26,2026-06-18T09:33:26,0.002,2.13
route_mutation,20260618T093326_956005,of:0000000000000003:2 -> of:0000000000000008:3,0.002,0.0025,0.002,0.002,2.53,2026-06-18T09:33:26,0.002,2.46
route_mutation,20260618T093357_237375,of:0000000000000005:1 -> of:000000000000000c:5,0.001,0.00125,0.001,0.001,1.33,2026-06-18T09:33:57,0.001,1.33
route_mutation,20260618T093357_237375,of:000000000000000a:1 -> of:000000000000000d:6,0.002,0.0025,0.002,0.002,1.37,2026-06-18T09:33:57,0.002,1.37
route_mutation,20260618T093357_237375,of:000000000000000b:2 -> of:000000000000000c:2,0.001,0.00125,0.001,0.001,1.33,2026-06-18T09:33:57,0.001,1.33
route_mutation,20260618T093357_237375,of:0000000000000004:2 -> of:0000000000000009:2,0.001,0.00125,0.001,0.001,1.3,2026-06-18T09:33:57,0.001,1.37
route_mutation,20260618T093357_237375,of:0000000000000005:2 -> of:0000000000000009:3,0.001,0.00125,0.001,0.001,1.3,2026-06-18T09:33:57,0.001,1.37
route_mutation,20260618T093357_237375,of:000000000000000b:3 -> of:000000000000000d:2,0.001,0.00125,0.001,0.001,1.33,2026-06-18T09:33:57,0.001,1.33
route_mutation,20260618T093357_237375,of:0000000000000004:1 -> of:000000000000000c:4,0.002,0.0025,0.002,0.002,1.37,2026-06-18T09:33:57,0.002,1.37
route_mutation,20260618T093357_237375,of:000000000000000c:3 -> of:000000000000000d:3,0.001,0.00125,0.001,0.001,1.33,2026-06-18T09:33:57,0.001,1.33
route_mutation,20260618T093357_237375,of:0000000000000001:1 -> of:000000000000000b:1,0.002,0.0025,0.002,0.002,1.47,2026-06-18T09:33:57,0.002,1.53
route_mutation,20260618T093357_237375,of:0000000000000006:1 -> of:000000000000000d:4,0.001,0.00125,0.001,0.001,1.27,2026-06-18T09:33:57,0.001,1.33
route_mutation,20260618T093357_237375,of:0000000000000002:1 -> of:000000000000000b:4,0.002,0.0025,0.002,0.002,1.47,2026-06-18T09:33:57,0.002,1.53
route_mutation,20260618T093357_237375,of:0000000000000001:3 -> of:000000000000000d:1,0.001,0.00125,0.001,0.001,1.3,2026-06-18T09:33:57,0.001,1.37
route_mutation,20260618T093357_237375,of:0000000000000006:2 -> of:000000000000000a:2,0.001,0.00125,0.001,0.001,1.33,2026-06-18T09:33:57,0.001,1.33
route_mutation,20260618T093357_237375,of:0000000000000003:1 -> of:000000000000000b:5,0.001,0.00125,0.001,0.001,1.27,2026-06-18T09:33:57,0.001,1.33
route_mutation,20260618T093357_237375,of:0000000000000007:1 -> of:000000000000000d:5,0.001,0.00125,0.001,0.001,1.3,2026-06-18T09:33:57,0.001,1.37
route_mutation,20260618T093357_237375,of:0000000000000007:2 -> of:000000000000000a:3,0.001,0.00125,0.001,0.001,1.33,2026-06-18T09:33:57,0.001,1.33
route_mutation,20260618T093357_237375,of:0000000000000002:2 -> of:0000000000000008:2,0.001,0.00125,0.001,0.001,1.27,2026-06-18T09:33:57,0.001,1.33
route_mutation,20260618T093357_237375,of:0000000000000008:1 -> of:000000000000000b:6,0.001,0.00125,0.001,0.001,1.33,2026-06-18T09:33:57,0.001,1.33
route_mutation,20260618T093357_237375,of:0000000000000009:1 -> of:000000000000000c:6,0.001,0.00125,0.001,0.001,1.33,2026-06-18T09:33:57,0.001,1.33
route_mutation,20260618T093357_237375,of:0000000000000001:2 -> of:000000000000000c:1,0.001,0.00125,0.001,0.001,1.27,2026-06-18T09:33:57,0.001,1.33
route_mutation,20260618T093357_237375,of:0000000000000003:2 -> of:0000000000000008:3,0.001,0.00125,0.001,0.001,1.23,2026-06-18T09:33:57,0.001,1.37
route_mutation,20260618T093427_483646,of:0000000000000005:1 -> of:000000000000000c:5,0.002,0.0025,0.002,0.002,2.06,2026-06-18T09:34:27,0.002,2.2
route_mutation,20260618T093427_483646,of:000000000000000a:1 -> of:000000000000000d:6,0.002,0.0025,0.002,0.002,1.53,2026-06-18T09:34:27,0.002,1.53
route_mutation,20260618T093427_483646,of:000000000000000b:2 -> of:000000000000000c:2,0.002,0.0025,0.002,0.002,1.73,2026-06-18T09:34:27,0.002,1.73
route_mutation,20260618T093427_483646,of:0000000000000004:2 -> of:0000000000000009:2,0.002,0.0025,0.002,0.002,1.66,2026-06-18T09:34:27,0.002,1.73
route_mutation,20260618T093427_483646,of:0000000000000005:2 -> of:0000000000000009:3,0.002,0.0025,0.002,0.002,1.66,2026-06-18T09:34:27,0.002,1.73
route_mutation,20260618T093427_483646,of:000000000000000b:3 -> of:000000000000000d:2,0.002,0.0025,0.002,0.002,1.73,2026-06-18T09:34:27,0.002,1.73
route_mutation,20260618T093427_483646,of:0000000000000004:1 -> of:000000000000000c:4,0.002,0.0025,0.002,0.002,2.2,2026-06-18T09:34:27,0.002,2.33
route_mutation,20260618T093427_483646,of:000000000000000c:3 -> of:000000000000000d:3,0.002,0.0025,0.002,0.002,1.73,2026-06-18T09:34:27,0.002,1.73
route_mutation,20260618T093427_483646,of:0000000000000001:1 -> of:000000000000000b:1,0.003,0.00375,0.003,0.003,3.33,2026-06-18T09:34:27,0.003,3.4
route_mutation,20260618T093427_483646,of:0000000000000006:1 -> of:000000000000000d:4,0.002,0.0025,0.002,0.001,1.47,2026-06-18T09:34:27,0.002,1.53
route_mutation,20260618T093427_483646,of:0000000000000002:1 -> of:000000000000000b:4,0.002,0.0025,0.002,0.002,2.3,2026-06-18T09:34:27,0.002,2.36
route_mutation,20260618T093427_483646,of:0000000000000001:3 -> of:000000000000000d:1,0.002,0.0025,0.002,0.002,1.53,2026-06-18T09:34:27,0.002,1.53
route_mutation,20260618T093427_483646,of:0000000000000006:2 -> of:000000000000000a:2,0.002,0.0025,0.002,0.002,1.66,2026-06-18T09:34:27,0.002,1.73
route_mutation,20260618T093427_483646,of:0000000000000003:1 -> of:000000000000000b:5,0.002,0.0025,0.002,0.002,2.5,2026-06-18T09:34:27,0.002,2.56
route_mutation,20260618T093427_483646,of:0000000000000007:1 -> of:000000000000000d:5,0.002,0.0025,0.002,0.001,1.47,2026-06-18T09:34:27,0.002,1.53
route_mutation,20260618T093427_483646,of:0000000000000007:2 -> of:000000000000000a:3,0.002,0.0025,0.002,0.002,1.66,2026-06-18T09:34:27,0.002,1.73
route_mutation,20260618T093427_483646,of:0000000000000002:2 -> of:0000000000000008:2,0.002,0.0025,0.002,0.002,1.66,2026-06-18T09:34:27,0.002,1.73
route_mutation,20260618T093427_483646,of:0000000000000008:1 -> of:000000000000000b:6,0.002,0.0025,0.002,0.002,1.53,2026-06-18T09:34:27,0.002,1.53
route_mutation,20260618T093427_483646,of:0000000000000009:1 -> of:000000000000000c:6,0.002,0.0025,0.002,0.002,1.53,2026-06-18T09:34:27,0.002,1.53
route_mutation,20260618T093427_483646,of:0000000000000001:2 -> of:000000000000000c:1,0.003,0.00375,0.003,0.003,2.86,2026-06-18T09:34:27,0.003,2.93
route_mutation,20260618T093427_483646,of:0000000000000003:2 -> of:0000000000000008:3,0.002,0.0025,0.002,0.002,1.73,2026-06-18T09:34:27,0.002,1.73
ip_shuffle,20260618T093457_718761,of:0000000000000005:1 -> of:000000000000000c:5,0.002,0.0025,0.002,0.002,1.93,2026-06-18T09:34:57,0.002,1.9
ip_shuffle,20260618T093457_718761,of:000000000000000a:1 -> of:000000000000000d:6,0.002,0.0025,0.002,0.002,1.7,2026-06-18T09:34:57,0.002,1.7
ip_shuffle,20260618T093457_718761,of:000000000000000b:2 -> of:000000000000000c:2,0.002,0.0025,0.002,0.002,2.2,2026-06-18T09:34:57,0.002,2.2
ip_shuffle,20260618T093457_718761,of:0000000000000004:2 -> of:0000000000000009:2,0.002,0.0025,0.002,0.002,2.3,2026-06-18T09:34:57,0.002,2.16
ip_shuffle,20260618T093457_718761,of:0000000000000005:2 -> of:0000000000000009:3,0.002,0.0025,0.002,0.002,2.3,2026-06-18T09:34:57,0.002,2.23
ip_shuffle,20260618T093457_718761,of:000000000000000b:3 -> of:000000000000000d:2,0.002,0.0025,0.002,0.002,2.2,2026-06-18T09:34:57,0.002,2.2
ip_shuffle,20260618T093457_718761,of:0000000000000004:1 -> of:000000000000000c:4,0.002,0.0025,0.002,0.002,1.8,2026-06-18T09:34:57,0.002,1.7
ip_shuffle,20260618T093457_718761,of:000000000000000c:3 -> of:000000000000000d:3,0.002,0.0025,0.002,0.002,2.2,2026-06-18T09:34:57,0.002,2.2
ip_shuffle,20260618T093457_718761,of:0000000000000001:1 -> of:000000000000000b:1,0.002,0.0025,0.002,0.002,1.83,2026-06-18T09:34:57,0.001,1.66
ip_shuffle,20260618T093457_718761,of:0000000000000006:1 -> of:000000000000000d:4,0.002,0.0025,0.002,0.002,2.86,2026-06-18T09:34:57,0.002,2.73
ip_shuffle,20260618T093457_718761,of:0000000000000002:1 -> of:000000000000000b:4,0.002,0.0025,0.002,0.002,1.8,2026-06-18T09:34:57,0.002,1.76
ip_shuffle,20260618T093457_718761,of:0000000000000001:3 -> of:000000000000000d:1,0.003,0.00375,0.003,0.003,3.43,2026-06-18T09:34:57,0.003,3.43
ip_shuffle,20260618T093457_718761,of:0000000000000006:2 -> of:000000000000000a:2,0.002,0.0025,0.002,0.002,2.33,2026-06-18T09:34:57,0.002,2.2
ip_shuffle,20260618T093457_718761,of:0000000000000003:1 -> of:000000000000000b:5,0.002,0.0025,0.002,0.002,1.8,2026-06-18T09:34:57,0.002,1.7
ip_shuffle,20260618T093457_718761,of:0000000000000007:1 -> of:000000000000000d:5,0.002,0.0025,0.002,0.002,2.56,2026-06-18T09:34:57,0.002,2.4
ip_shuffle,20260618T093457_718761,of:0000000000000007:2 -> of:000000000000000a:3,0.002,0.0025,0.002,0.002,2.33,2026-06-18T09:34:57,0.002,2.2
ip_shuffle,20260618T093457_718761,of:0000000000000002:2 -> of:0000000000000008:2,0.002,0.0025,0.002,0.002,2.3,2026-06-18T09:34:57,0.002,2.23
ip_shuffle,20260618T093457_718761,of:0000000000000008:1 -> of:000000000000000b:6,0.002,0.0025,0.002,0.002,1.7,2026-06-18T09:34:57,0.002,1.7
ip_shuffle,20260618T093457_718761,of:0000000000000009:1 -> of:000000000000000c:6,0.002,0.0025,0.002,0.002,1.7,2026-06-18T09:34:57,0.002,1.7
ip_shuffle,20260618T093457_718761,of:0000000000000001:2 -> of:000000000000000c:1,0.002,0.0025,0.002,0.002,2.03,2026-06-18T09:34:57,0.002,1.86
ip_shuffle,20260618T093457_718761,of:0000000000000003:2 -> of:0000000000000008:3,0.002,0.0025,0.002,0.002,2.3,2026-06-18T09:34:57,0.002,2.16
ip_shuffle,20260618T093555_359487,of:0000000000000005:1 -> of:000000000000000c:5,0.002,0.0025,0.002,0.001,1.4,2026-06-18T09:35:55,0.002,1.53
ip_shuffle,20260618T093555_359487,of:000000000000000a:1 -> of:000000000000000d:6,0.002,0.0025,0.002,0.002,1.53,2026-06-18T09:35:55,0.002,1.53
ip_shuffle,20260618T093555_359487,of:000000000000000b:2 -> of:000000000000000c:2,0.002,0.0025,0.002,0.002,1.73,2026-06-18T09:35:55,0.002,1.73
ip_shuffle,20260618T093555_359487,of:0000000000000004:2 -> of:0000000000000009:2,0.002,0.0025,0.002,0.002,1.67,2026-06-18T09:35:55,0.002,1.73
ip_shuffle,20260618T093555_359487,of:0000000000000005:2 -> of:0000000000000009:3,0.002,0.0025,0.002,0.002,1.67,2026-06-18T09:35:55,0.002,1.73
ip_shuffle,20260618T093555_359487,of:000000000000000b:3 -> of:000000000000000d:2,0.002,0.0025,0.002,0.002,1.73,2026-06-18T09:35:55,0.002,1.73
ip_shuffle,20260618T093555_359487,of:0000000000000004:1 -> of:000000000000000c:4,0.002,0.0025,0.002,0.001,1.4,2026-06-18T09:35:55,0.002,1.53
ip_shuffle,20260618T093555_359487,of:000000000000000c:3 -> of:000000000000000d:3,0.002,0.0025,0.002,0.002,1.73,2026-06-18T09:35:55,0.002,1.73
ip_shuffle,20260618T093555_359487,of:0000000000000001:1 -> of:000000000000000b:1,0.003,0.00375,0.003,0.003,3.13,2026-06-18T09:35:55,0.003,3.16
ip_shuffle,20260618T093555_359487,of:0000000000000006:1 -> of:000000000000000d:4,0.002,0.0025,0.002,0.001,1.47,2026-06-18T09:35:55,0.002,1.53
ip_shuffle,20260618T093555_359487,of:0000000000000002:1 -> of:000000000000000b:4,0.002,0.0025,0.002,0.002,2.5,2026-06-18T09:35:55,0.002,2.56
ip_shuffle,20260618T093555_359487,of:0000000000000001:3 -> of:000000000000000d:1,0.002,0.0025,0.002,0.002,1.53,2026-06-18T09:35:55,0.002,1.53
ip_shuffle,20260618T093555_359487,of:0000000000000006:2 -> of:000000000000000a:2,0.002,0.0025,0.002,0.002,1.67,2026-06-18T09:35:55,0.002,1.73
ip_shuffle,20260618T093555_359487,of:0000000000000003:1 -> of:000000000000000b:5,0.002,0.0025,0.002,0.002,2.1,2026-06-18T09:35:55,0.002,2.16
ip_shuffle,20260618T093555_359487,of:0000000000000007:1 -> of:000000000000000d:5,0.002,0.0025,0.002,0.001,1.47,2026-06-18T09:35:55,0.002,1.53
ip_shuffle,20260618T093555_359487,of:0000000000000007:2 -> of:000000000000000a:3,0.002,0.0025,0.002,0.002,1.67,2026-06-18T09:35:55,0.002,1.73
ip_shuffle,20260618T093555_359487,of:0000000000000002:2 -> of:0000000000000008:2,0.002,0.0025,0.002,0.002,1.67,2026-06-18T09:35:55,0.002,1.73
ip_shuffle,20260618T093555_359487,of:0000000000000008:1 -> of:000000000000000b:6,0.002,0.0025,0.002,0.002,1.53,2026-06-18T09:35:55,0.002,1.53
ip_shuffle,20260618T093555_359487,of:0000000000000009:1 -> of:000000000000000c:6,0.002,0.0025,0.002,0.002,1.53,2026-06-18T09:35:55,0.002,1.53
ip_shuffle,20260618T093555_359487,of:0000000000000001:2 -> of:000000000000000c:1,0.002,0.0025,0.002,0.001,1.47,2026-06-18T09:35:55,0.002,1.53
ip_shuffle,20260618T093555_359487,of:0000000000000003:2 -> of:0000000000000008:3,0.002,0.0025,0.002,0.002,1.67,2026-06-18T09:35:55,0.002,1.73
ip_shuffle,20260618T093653_119821,of:0000000000000005:1 -> of:000000000000000c:5,0.002,0.0025,0.002,0.002,1.7,2026-06-18T09:36:53,0.002,1.6
ip_shuffle,20260618T093653_119821,of:000000000000000a:1 -> of:000000000000000d:6,0.002,0.0025,0.002,0.002,1.7,2026-06-18T09:36:53,0.002,1.66
ip_shuffle,20260618T093653_119821,of:000000000000000b:2 -> of:000000000000000c:2,0.002,0.0025,0.002,0.002,2.0,2026-06-18T09:36:53,0.002,2.0
ip_shuffle,20260618T093653_119821,of:0000000000000004:2 -> of:0000000000000009:2,0.002,0.0025,0.002,0.002,2.03,2026-06-18T09:36:53,0.002,2.1
ip_shuffle,20260618T093653_119821,of:0000000000000005:2 -> of:0000000000000009:3,0.002,0.0025,0.002,0.002,2.0,2026-06-18T09:36:53,0.002,2.0
ip_shuffle,20260618T093653_119821,of:000000000000000b:3 -> of:000000000000000d:2,0.002,0.0025,0.002,0.002,2.0,2026-06-18T09:36:53,0.002,2.0
ip_shuffle,20260618T093653_119821,of:0000000000000004:1 -> of:000000000000000c:4,0.002,0.0025,0.002,0.002,1.73,2026-06-18T09:36:53,0.002,1.66
ip_shuffle,20260618T093653_119821,of:000000000000000c:3 -> of:000000000000000d:3,0.002,0.0025,0.002,0.002,2.0,2026-06-18T09:36:53,0.002,2.0
ip_shuffle,20260618T093653_119821,of:0000000000000001:1 -> of:000000000000000b:1,0.002,0.0025,0.002,0.002,1.6,2026-06-18T09:36:53,0.002,1.66
ip_shuffle,20260618T093653_119821,of:0000000000000006:1 -> of:000000000000000d:4,0.002,0.0025,0.002,0.002,1.7,2026-06-18T09:36:53,0.002,1.73
ip_shuffle,20260618T093653_119821,of:0000000000000002:1 -> of:000000000000000b:4,0.002,0.0025,0.002,0.002,1.66,2026-06-18T09:36:53,0.002,1.6
ip_shuffle,20260618T093653_119821,of:0000000000000001:3 -> of:000000000000000d:1,0.002,0.0025,0.002,0.002,2.9,2026-06-18T09:36:53,0.002,2.8
ip_shuffle,20260618T093653_119821,of:0000000000000006:2 -> of:000000000000000a:2,0.002,0.0025,0.002,0.002,2.0,2026-06-18T09:36:53,0.002,2.06
ip_shuffle,20260618T093653_119821,of:0000000000000003:1 -> of:000000000000000b:5,0.002,0.0025,0.002,0.002,1.73,2026-06-18T09:36:53,0.002,1.66
ip_shuffle,20260618T093653_119821,of:0000000000000007:1 -> of:000000000000000d:5,0.002,0.0025,0.002,0.002,2.66,2026-06-18T09:36:53,0.002,2.76
ip_shuffle,20260618T093653_119821,of:0000000000000007:2 -> of:000000000000000a:3,0.002,0.0025,0.002,0.002,2.0,2026-06-18T09:36:53,0.002,2.06
ip_shuffle,20260618T093653_119821,of:0000000000000002:2 -> of:0000000000000008:2,0.002,0.0025,0.002,0.002,2.03,2026-06-18T09:36:53,0.002,2.03
ip_shuffle,20260618T093653_119821,of:0000000000000008:1 -> of:000000000000000b:6,0.002,0.0025,0.002,0.002,1.7,2026-06-18T09:36:53,0.002,1.66
ip_shuffle,20260618T093653_119821,of:0000000000000009:1 -> of:000000000000000c:6,0.002,0.0025,0.002,0.002,1.7,2026-06-18T09:36:53,0.002,1.66
ip_shuffle,20260618T093653_119821,of:0000000000000001:2 -> of:000000000000000c:1,0.002,0.0025,0.002,0.002,1.6,2026-06-18T09:36:53,0.002,1.66
ip_shuffle,20260618T093653_119821,of:0000000000000003:2 -> of:0000000000000008:3,0.002,0.0025,0.002,0.002,2.1,2026-06-18T09:36:53,0.002,2.1
ip_shuffle,20260618T093750_787188,of:0000000000000005:1 -> of:000000000000000c:5,0.002,0.0025,0.002,0.002,2.23,2026-06-18T09:37:50,0.002,2.2
ip_shuffle,20260618T093750_787188,of:000000000000000a:1 -> of:000000000000000d:6,0.001,0.00125,0.001,0.001,1.33,2026-06-18T09:37:50,0.001,1.33
ip_shuffle,20260618T093750_787188,of:000000000000000b:2 -> of:000000000000000c:2,0.001,0.00125,0.001,0.001,1.46,2026-06-18T09:37:50,0.001,1.46
ip_shuffle,20260618T093750_787188,of:0000000000000004:2 -> of:0000000000000009:2,0.002,0.0025,0.002,0.002,1.56,2026-06-18T09:37:50,0.001,1.5
ip_shuffle,20260618T093750_787188,of:0000000000000005:2 -> of:0000000000000009:3,0.002,0.0025,0.002,0.002,1.56,2026-06-18T09:37:50,0.001,1.5
ip_shuffle,20260618T093750_787188,of:000000000000000b:3 -> of:000000000000000d:2,0.001,0.00125,0.001,0.001,1.46,2026-06-18T09:37:50,0.001,1.46
ip_shuffle,20260618T093750_787188,of:0000000000000004:1 -> of:000000000000000c:4,0.002,0.0025,0.002,0.002,2.23,2026-06-18T09:37:50,0.002,2.2
ip_shuffle,20260618T093750_787188,of:000000000000000c:3 -> of:000000000000000d:3,0.001,0.00125,0.001,0.001,1.46,2026-06-18T09:37:50,0.001,1.46
ip_shuffle,20260618T093750_787188,of:0000000000000001:1 -> of:000000000000000b:1,0.002,0.0025,0.002,0.002,1.86,2026-06-18T09:37:50,0.002,1.76
ip_shuffle,20260618T093750_787188,of:0000000000000006:1 -> of:000000000000000d:4,0.002,0.0025,0.002,0.002,2.03,2026-06-18T09:37:50,0.002,1.9
ip_shuffle,20260618T093750_787188,of:0000000000000002:1 -> of:000000000000000b:4,0.002,0.0025,0.002,0.002,1.43,2026-06-18T09:37:50,0.001,1.4
ip_shuffle,20260618T093750_787188,of:0000000000000001:3 -> of:000000000000000d:1,0.002,0.0025,0.002,0.002,1.93,2026-06-18T09:37:50,0.002,1.93
ip_shuffle,20260618T093750_787188,of:0000000000000006:2 -> of:000000000000000a:2,0.002,0.0025,0.002,0.002,1.56,2026-06-18T09:37:50,0.001,1.43
ip_shuffle,20260618T093750_787188,of:0000000000000003:1 -> of:000000000000000b:5,0.002,0.0025,0.002,0.002,1.76,2026-06-18T09:37:50,0.002,1.73
ip_shuffle,20260618T093750_787188,of:0000000000000007:1 -> of:000000000000000d:5,0.002,0.0025,0.002,0.002,1.43,2026-06-18T09:37:50,0.001,1.33
ip_shuffle,20260618T093750_787188,of:0000000000000007:2 -> of:000000000000000a:3,0.002,0.0025,0.002,0.002,1.56,2026-06-18T09:37:50,0.001,1.43
ip_shuffle,20260618T093750_787188,of:0000000000000002:2 -> of:0000000000000008:2,0.002,0.0025,0.002,0.002,1.56,2026-06-18T09:37:50,0.001,1.5
ip_shuffle,20260618T093750_787188,of:0000000000000008:1 -> of:000000000000000b:6,0.001,0.00125,0.001,0.001,1.33,2026-06-18T09:37:50,0.001,1.33
ip_shuffle,20260618T093750_787188,of:0000000000000009:1 -> of:000000000000000c:6,0.001,0.00125,0.001,0.001,1.33,2026-06-18T09:37:50,0.001,1.33
ip_shuffle,20260618T093750_787188,of:0000000000000001:2 -> of:000000000000000c:1,0.003,0.00375,0.003,0.003,3.0,2026-06-18T09:37:50,0.003,2.96
ip_shuffle,20260618T093750_787188,of:0000000000000003:2 -> of:0000000000000008:3,0.002,0.0025,0.002,0.002,1.56,2026-06-18T09:37:50,0.001,1.5
route_mutation,20260618T093854_900385,of:0000000000000005:1 -> of:000000000000000c:5,0.001,0.00125,0.001,0.001,1.2,2026-06-18T09:38:54,0.001,1.33
route_mutation,20260618T093854_900385,of:000000000000000a:1 -> of:000000000000000d:6,0.001,0.00125,0.001,0.001,1.33,2026-06-18T09:38:54,0.001,1.33
route_mutation,20260618T093854_900385,of:000000000000000b:2 -> of:000000000000000c:2,0.001,0.00125,0.001,0.001,1.33,2026-06-18T09:38:54,0.001,1.33
route_mutation,20260618T093854_900385,of:0000000000000004:2 -> of:0000000000000009:2,0.001,0.00125,0.001,0.001,1.2,2026-06-18T09:38:54,0.001,1.33
route_mutation,20260618T093854_900385,of:0000000000000005:2 -> of:0000000000000009:3,0.001,0.00125,0.001,0.001,1.2,2026-06-18T09:38:54,0.001,1.33
route_mutation,20260618T093854_900385,of:000000000000000b:3 -> of:000000000000000d:2,0.002,0.0025,0.002,0.002,1.4,2026-06-18T09:38:54,0.002,1.4
route_mutation,20260618T093854_900385,of:0000000000000004:1 -> of:000000000000000c:4,0.001,0.00125,0.001,0.001,1.2,2026-06-18T09:38:54,0.001,1.33
route_mutation,20260618T093854_900385,of:000000000000000c:3 -> of:000000000000000d:3,0.001,0.00125,0.001,0.001,1.33,2026-06-18T09:38:54,0.001,1.33
route_mutation,20260618T093854_900385,of:0000000000000001:1 -> of:000000000000000b:1,0.002,0.0025,0.002,0.002,2.2,2026-06-18T09:38:54,0.002,2.26
route_mutation,20260618T093854_900385,of:0000000000000006:1 -> of:000000000000000d:4,0.001,0.00125,0.001,0.001,1.26,2026-06-18T09:38:54,0.001,1.33
route_mutation,20260618T093854_900385,of:0000000000000002:1 -> of:000000000000000b:4,0.002,0.0025,0.002,0.002,2.2,2026-06-18T09:38:54,0.002,2.26
route_mutation,20260618T093854_900385,of:0000000000000001:3 -> of:000000000000000d:1,0.002,0.0025,0.002,0.002,1.4,2026-06-18T09:38:54,0.002,1.4
route_mutation,20260618T093854_900385,of:0000000000000006:2 -> of:000000000000000a:2,0.001,0.00125,0.001,0.001,1.26,2026-06-18T09:38:54,0.001,1.33
route_mutation,20260618T093854_900385,of:0000000000000003:1 -> of:000000000000000b:5,0.002,0.0025,0.002,0.001,1.26,2026-06-18T09:38:54,0.002,1.4
route_mutation,20260618T093854_900385,of:0000000000000007:1 -> of:000000000000000d:5,0.002,0.0025,0.002,0.002,1.46,2026-06-18T09:38:54,0.002,1.46
route_mutation,20260618T093854_900385,of:0000000000000007:2 -> of:000000000000000a:3,0.001,0.00125,0.001,0.001,1.33,2026-06-18T09:38:54,0.001,1.33
route_mutation,20260618T093854_900385,of:0000000000000002:2 -> of:0000000000000008:2,0.001,0.00125,0.001,0.001,1.26,2026-06-18T09:38:54,0.001,1.33
route_mutation,20260618T093854_900385,of:0000000000000008:1 -> of:000000000000000b:6,0.001,0.00125,0.001,0.001,1.33,2026-06-18T09:38:54,0.001,1.33
route_mutation,20260618T093854_900385,of:0000000000000009:1 -> of:000000000000000c:6,0.001,0.00125,0.001,0.001,1.33,2026-06-18T09:38:54,0.001,1.33
route_mutation,20260618T093854_900385,of:0000000000000001:2 -> of:000000000000000c:1,0.001,0.00125,0.001,0.001,1.33,2026-06-18T09:38:54,0.001,1.33
route_mutation,20260618T093854_900385,of:0000000000000003:2 -> of:0000000000000008:3,0.001,0.00125,0.001,0.001,1.2,2026-06-18T09:38:54,0.001,1.33
route_mutation,20260618T093925_137561,of:0000000000000005:1 -> of:000000000000000c:5,0.002,0.0025,0.002,0.002,2.33,2026-06-18T09:39:25,0.002,2.33
route_mutation,20260618T093925_137561,of:000000000000000a:1 -> of:000000000000000d:6,0.002,0.0025,0.002,0.001,1.5,2026-06-18T09:39:25,0.002,1.53
route_mutation,20260618T093925_137561,of:000000000000000b:2 -> of:000000000000000c:2,0.002,0.0025,0.002,0.002,1.7,2026-06-18T09:39:25,0.002,1.7
route_mutation,20260618T093925_137561,of:0000000000000004:2 -> of:0000000000000009:2,0.002,0.0025,0.002,0.002,1.76,2026-06-18T09:39:25,0.002,1.7
route_mutation,20260618T093925_137561,of:0000000000000005:2 -> of:0000000000000009:3,0.002,0.0025,0.002,0.002,1.76,2026-06-18T09:39:25,0.002,1.7
route_mutation,20260618T093925_137561,of:000000000000000b:3 -> of:000000000000000d:2,0.002,0.0025,0.002,0.002,1.83,2026-06-18T09:39:25,0.002,1.83
route_mutation,20260618T093925_137561,of:0000000000000004:1 -> of:000000000000000c:4,0.002,0.0025,0.002,0.002,2.33,2026-06-18T09:39:25,0.002,2.33
route_mutation,20260618T093925_137561,of:000000000000000c:3 -> of:000000000000000d:3,0.002,0.0025,0.002,0.002,1.8,2026-06-18T09:39:25,0.002,1.8
route_mutation,20260618T093925_137561,of:0000000000000001:1 -> of:000000000000000b:1,0.002,0.0025,0.002,0.002,2.63,2026-06-18T09:39:25,0.002,2.53
route_mutation,20260618T093925_137561,of:0000000000000006:1 -> of:000000000000000d:4,0.002,0.0025,0.002,0.002,2.23,2026-06-18T09:39:25,0.002,2.13
route_mutation,20260618T093925_137561,of:0000000000000002:1 -> of:000000000000000b:4,0.002,0.0025,0.002,0.002,1.7,2026-06-18T09:39:25,0.002,1.66
route_mutation,20260618T093925_137561,of:0000000000000001:3 -> of:000000000000000d:1,0.002,0.0025,0.002,0.002,2.13,2026-06-18T09:39:25,0.002,2.23
route_mutation,20260618T093925_137561,of:0000000000000006:2 -> of:000000000000000a:2,0.002,0.0025,0.002,0.002,1.8,2026-06-18T09:39:25,0.001,1.66
route_mutation,20260618T093925_137561,of:0000000000000003:1 -> of:000000000000000b:5,0.002,0.0025,0.002,0.002,2.49,2026-06-18T09:39:25,0.002,2.46
route_mutation,20260618T093925_137561,of:0000000000000007:1 -> of:000000000000000d:5,0.002,0.0025,0.002,0.002,1.63,2026-06-18T09:39:25,0.002,1.66
route_mutation,20260618T093925_137561,of:0000000000000007:2 -> of:000000000000000a:3,0.002,0.0025,0.002,0.002,1.73,2026-06-18T09:39:25,0.001,1.66
route_mutation,20260618T093925_137561,of:0000000000000002:2 -> of:0000000000000008:2,0.002,0.0025,0.002,0.002,1.76,2026-06-18T09:39:25,0.002,1.7
route_mutation,20260618T093925_137561,of:0000000000000008:1 -> of:000000000000000b:6,0.001,0.00125,0.001,0.001,1.43,2026-06-18T09:39:25,0.001,1.43
route_mutation,20260618T093925_137561,of:0000000000000009:1 -> of:000000000000000c:6,0.001,0.00125,0.001,0.001,1.43,2026-06-18T09:39:25,0.001,1.46
route_mutation,20260618T093925_137561,of:0000000000000001:2 -> of:000000000000000c:1,0.003,0.00375,0.003,0.003,3.13,2026-06-18T09:39:25,0.003,3.06
route_mutation,20260618T093925_137561,of:0000000000000003:2 -> of:0000000000000008:3,0.002,0.0025,0.002,0.002,1.76,2026-06-18T09:39:25,0.002,1.7
route_mutation,20260618T093955_311791,of:0000000000000005:1 -> of:000000000000000c:5,0.002,0.0025,0.002,0.002,1.93,2026-06-18T09:39:55,0.002,1.8
route_mutation,20260618T093955_311791,of:000000000000000a:1 -> of:000000000000000d:6,0.002,0.0025,0.002,0.002,1.83,2026-06-18T09:39:55,0.002,1.8
route_mutation,20260618T093955_311791,of:000000000000000b:2 -> of:000000000000000c:2,0.002,0.0025,0.002,0.002,2.43,2026-06-18T09:39:55,0.002,2.43
route_mutation,20260618T093955_311791,of:0000000000000004:2 -> of:0000000000000009:2,0.002,0.0025,0.002,0.002,2.5,2026-06-18T09:39:55,0.002,2.43
route_mutation,20260618T093955_311791,of:0000000000000005:2 -> of:0000000000000009:3,0.002,0.0025,0.002,0.002,2.5,2026-06-18T09:39:55,0.002,2.43
route_mutation,20260618T093955_311791,of:000000000000000b:3 -> of:000000000000000d:2,0.002,0.0025,0.002,0.002,2.36,2026-06-18T09:39:55,0.002,2.36
route_mutation,20260618T093955_311791,of:0000000000000004:1 -> of:000000000000000c:4,0.002,0.0025,0.002,0.002,1.93,2026-06-18T09:39:55,0.002,1.8
route_mutation,20260618T093955_311791,of:000000000000000c:3 -> of:000000000000000d:3,0.002,0.0025,0.002,0.002,2.33,2026-06-18T09:39:55,0.002,2.33
route_mutation,20260618T093955_311791,of:0000000000000001:1 -> of:000000000000000b:1,0.002,0.0025,0.002,0.002,1.83,2026-06-18T09:39:55,0.002,1.86
route_mutation,20260618T093955_311791,of:0000000000000006:1 -> of:000000000000000d:4,0.002,0.0025,0.002,0.002,2.26,2026-06-18T09:39:55,0.002,2.3
route_mutation,20260618T093955_311791,of:0000000000000002:1 -> of:000000000000000b:4,0.002,0.0025,0.002,0.002,1.93,2026-06-18T09:39:55,0.002,1.83
route_mutation,20260618T093955_311791,of:0000000000000001:3 -> of:000000000000000d:1,0.003,0.00375,0.003,0.003,3.56,2026-06-18T09:39:55,0.003,3.46
route_mutation,20260618T093955_311791,of:0000000000000006:2 -> of:000000000000000a:2,0.002,0.0025,0.002,0.002,2.4,2026-06-18T09:39:55,0.002,2.46
route_mutation,20260618T093955_311791,of:0000000000000003:1 -> of:000000000000000b:5,0.002,0.0025,0.002,0.002,1.93,2026-06-18T09:39:55,0.002,1.83
route_mutation,20260618T093955_311791,of:0000000000000007:1 -> of:000000000000000d:5,0.003,0.00375,0.003,0.003,3.03,2026-06-18T09:39:55,0.003,3.0
route_mutation,20260618T093955_311791,of:0000000000000007:2 -> of:000000000000000a:3,0.002,0.0025,0.002,0.002,2.4,2026-06-18T09:39:55,0.002,2.46
route_mutation,20260618T093955_311791,of:0000000000000002:2 -> of:0000000000000008:2,0.002,0.0025,0.002,0.002,2.5,2026-06-18T09:39:55,0.002,2.43
route_mutation,20260618T093955_311791,of:0000000000000008:1 -> of:000000000000000b:6,0.002,0.0025,0.002,0.002,1.9,2026-06-18T09:39:55,0.002,1.9
route_mutation,20260618T093955_311791,of:0000000000000009:1 -> of:000000000000000c:6,0.002,0.0025,0.002,0.002,1.9,2026-06-18T09:39:55,0.002,1.86
route_mutation,20260618T093955_311791,of:0000000000000001:2 -> of:000000000000000c:1,0.002,0.0025,0.002,0.002,1.8,2026-06-18T09:39:55,0.002,1.86
route_mutation,20260618T093955_311791,of:0000000000000003:2 -> of:0000000000000008:3,0.002,0.0025,0.002,0.002,2.5,2026-06-18T09:39:55,0.002,2.43
route_mutation,20260618T094025_572852,of:0000000000000005:1 -> of:000000000000000c:5,0.001,0.00125,0.001,0.001,1.2,2026-06-18T09:40:25,0.001,1.33
route_mutation,20260618T094025_572852,of:000000000000000a:1 -> of:000000000000000d:6,0.001,0.00125,0.001,0.001,1.33,2026-06-18T09:40:25,0.001,1.33
route_mutation,20260618T094025_572852,of:000000000000000b:2 -> of:000000000000000c:2,0.001,0.00125,0.001,0.001,1.33,2026-06-18T09:40:25,0.001,1.33
route_mutation,20260618T094025_572852,of:0000000000000004:2 -> of:0000000000000009:2,0.001,0.00125,0.001,0.001,1.2,2026-06-18T09:40:25,0.001,1.33
route_mutation,20260618T094025_572852,of:0000000000000005:2 -> of:0000000000000009:3,0.001,0.00125,0.001,0.001,1.2,2026-06-18T09:40:25,0.001,1.33
route_mutation,20260618T094025_572852,of:000000000000000b:3 -> of:000000000000000d:2,0.002,0.0025,0.002,0.002,1.4,2026-06-18T09:40:25,0.002,1.4
route_mutation,20260618T094025_572852,of:0000000000000004:1 -> of:000000000000000c:4,0.001,0.00125,0.001,0.001,1.2,2026-06-18T09:40:25,0.001,1.33
route_mutation,20260618T094025_572852,of:000000000000000c:3 -> of:000000000000000d:3,0.001,0.00125,0.001,0.001,1.33,2026-06-18T09:40:25,0.001,1.33
route_mutation,20260618T094025_572852,of:0000000000000001:1 -> of:000000000000000b:1,0.002,0.0025,0.002,0.002,2.3,2026-06-18T09:40:25,0.002,2.3
route_mutation,20260618T094025_572852,of:0000000000000006:1 -> of:000000000000000d:4,0.001,0.00125,0.001,0.001,1.27,2026-06-18T09:40:25,0.001,1.33
route_mutation,20260618T094025_572852,of:0000000000000002:1 -> of:000000000000000b:4,0.002,0.0025,0.002,0.002,2.23,2026-06-18T09:40:25,0.002,2.26
route_mutation,20260618T094025_572852,of:0000000000000001:3 -> of:000000000000000d:1,0.002,0.0025,0.002,0.002,1.4,2026-06-18T09:40:25,0.002,1.4
route_mutation,20260618T094025_572852,of:0000000000000006:2 -> of:000000000000000a:2,0.001,0.00125,0.001,0.001,1.27,2026-06-18T09:40:25,0.001,1.33
route_mutation,20260618T094025_572852,of:0000000000000003:1 -> of:000000000000000b:5,0.002,0.0025,0.002,0.001,1.33,2026-06-18T09:40:25,0.002,1.46
route_mutation,20260618T094025_572852,of:0000000000000007:1 -> of:000000000000000d:5,0.002,0.0025,0.002,0.002,1.46,2026-06-18T09:40:25,0.002,1.46
route_mutation,20260618T094025_572852,of:0000000000000007:2 -> of:000000000000000a:3,0.001,0.00125,0.001,0.001,1.33,2026-06-18T09:40:25,0.001,1.33
route_mutation,20260618T094025_572852,of:0000000000000002:2 -> of:0000000000000008:2,0.001,0.00125,0.001,0.001,1.2,2026-06-18T09:40:25,0.001,1.33
route_mutation,20260618T094025_572852,of:0000000000000008:1 -> of:000000000000000b:6,0.001,0.00125,0.001,0.001,1.33,2026-06-18T09:40:25,0.001,1.33
route_mutation,20260618T094025_572852,of:0000000000000009:1 -> of:000000000000000c:6,0.001,0.00125,0.001,0.001,1.33,2026-06-18T09:40:25,0.001,1.33
route_mutation,20260618T094025_572852,of:0000000000000001:2 -> of:000000000000000c:1,0.001,0.00125,0.001,0.001,1.33,2026-06-18T09:40:25,0.001,1.33
route_mutation,20260618T094025_572852,of:0000000000000003:2 -> of:0000000000000008:3,0.001,0.00125,0.001,0.001,1.2,2026-06-18T09:40:25,0.001,1.33
route_mutation,20260618T094055_806103,of:0000000000000005:1 -> of:000000000000000c:5,0.002,0.0025,0.002,0.002,2.36,2026-06-18T09:40:55,0.002,2.33
route_mutation,20260618T094055_806103,of:000000000000000a:1 -> of:000000000000000d:6,0.002,0.0025,0.002,0.002,1.53,2026-06-18T09:40:55,0.002,1.53
route_mutation,20260618T094055_806103,of:000000000000000b:2 -> of:000000000000000c:2,0.002,0.0025,0.002,0.002,1.73,2026-06-18T09:40:55,0.002,1.73
route_mutation,20260618T094055_806103,of:0000000000000004:2 -> of:0000000000000009:2,0.002,0.0025,0.002,0.002,1.83,2026-06-18T09:40:55,0.002,1.76
route_mutation,20260618T094055_806103,of:0000000000000005:2 -> of:0000000000000009:3,0.002,0.0025,0.002,0.002,1.83,2026-06-18T09:40:55,0.002,1.76
route_mutation,20260618T094055_806103,of:000000000000000b:3 -> of:000000000000000d:2,0.002,0.0025,0.002,0.002,1.86,2026-06-18T09:40:55,0.002,1.86
route_mutation,20260618T094055_806103,of:0000000000000004:1 -> of:000000000000000c:4,0.002,0.0025,0.002,0.002,2.36,2026-06-18T09:40:55,0.002,2.33
route_mutation,20260618T094055_806103,of:000000000000000c:3 -> of:000000000000000d:3,0.002,0.0025,0.002,0.002,1.8,2026-06-18T09:40:55,0.002,1.8
route_mutation,20260618T094055_806103,of:0000000000000001:1 -> of:000000000000000b:1,0.002,0.0025,0.002,0.002,2.56,2026-06-18T09:40:55,0.002,2.5
route_mutation,20260618T094055_806103,of:0000000000000006:1 -> of:000000000000000d:4,0.002,0.0025,0.002,0.002,2.3,2026-06-18T09:40:55,0.002,2.16
route_mutation,20260618T094055_806103,of:0000000000000002:1 -> of:000000000000000b:4,0.002,0.0025,0.002,0.002,1.6,2026-06-18T09:40:55,0.002,1.7
route_mutation,20260618T094055_806103,of:0000000000000001:3 -> of:000000000000000d:1,0.002,0.0025,0.002,0.002,2.16,2026-06-18T09:40:55,0.002,2.26
route_mutation,20260618T094055_806103,of:0000000000000006:2 -> of:000000000000000a:2,0.002,0.0025,0.002,0.002,1.83,2026-06-18T09:40:55,0.002,1.7
route_mutation,20260618T094055_806103,of:0000000000000003:1 -> of:000000000000000b:5,0.002,0.0025,0.002,0.002,2.46,2026-06-18T09:40:55,0.002,2.43
route_mutation,20260618T094055_806103,of:0000000000000007:1 -> of:000000000000000d:5,0.002,0.0025,0.002,0.002,1.66,2026-06-18T09:40:55,0.002,1.73
route_mutation,20260618T094055_806103,of:0000000000000007:2 -> of:000000000000000a:3,0.002,0.0025,0.002,0.002,1.8,2026-06-18T09:40:55,0.002,1.8
route_mutation,20260618T094055_806103,of:0000000000000002:2 -> of:0000000000000008:2,0.002,0.0025,0.002,0.002,1.8,2026-06-18T09:40:55,0.002,1.73
route_mutation,20260618T094055_806103,of:0000000000000008:1 -> of:000000000000000b:6,0.001,0.00125,0.001,0.001,1.46,2026-06-18T09:40:55,0.001,1.46
route_mutation,20260618T094055_806103,of:0000000000000009:1 -> of:000000000000000c:6,0.001,0.00125,0.001,0.001,1.46,2026-06-18T09:40:55,0.001,1.46
route_mutation,20260618T094055_806103,of:0000000000000001:2 -> of:000000000000000c:1,0.003,0.00375,0.003,0.003,3.13,2026-06-18T09:40:55,0.003,3.06
route_mutation,20260618T094055_806103,of:0000000000000003:2 -> of:0000000000000008:3,0.002,0.0025,0.002,0.002,1.83,2026-06-18T09:40:55,0.002,1.76
ip_shuffle,20260618T094125_974952,of:0000000000000005:1 -> of:000000000000000c:5,0.002,0.0025,0.002,0.002,1.9,2026-06-18T09:41:25,0.002,1.8
ip_shuffle,20260618T094125_974952,of:000000000000000a:1 -> of:000000000000000d:6,0.002,0.0025,0.002,0.002,1.8,2026-06-18T09:41:25,0.002,1.8
ip_shuffle,20260618T094125_974952,of:000000000000000b:2 -> of:000000000000000c:2,0.002,0.0025,0.002,0.002,2.4,2026-06-18T09:41:25,0.002,2.4
ip_shuffle,20260618T094125_974952,of:0000000000000004:2 -> of:0000000000000009:2,0.002,0.0025,0.002,0.002,2.43,2026-06-18T09:41:25,0.002,2.36
ip_shuffle,20260618T094125_974952,of:0000000000000005:2 -> of:0000000000000009:3,0.002,0.0025,0.002,0.002,2.43,2026-06-18T09:41:25,0.002,2.36
ip_shuffle,20260618T094125_974952,of:000000000000000b:3 -> of:000000000000000d:2,0.002,0.0025,0.002,0.002,2.33,2026-06-18T09:41:25,0.002,2.33
ip_shuffle,20260618T094125_974952,of:0000000000000004:1 -> of:000000000000000c:4,0.002,0.0025,0.002,0.002,1.9,2026-06-18T09:41:25,0.002,1.8
ip_shuffle,20260618T094125_974952,of:000000000000000c:3 -> of:000000000000000d:3,0.002,0.0025,0.002,0.002,2.33,2026-06-18T09:41:25,0.002,2.33
ip_shuffle,20260618T094125_974952,of:0000000000000001:1 -> of:000000000000000b:1,0.002,0.0025,0.002,0.002,1.86,2026-06-18T09:41:25,0.002,1.86
ip_shuffle,20260618T094125_974952,of:0000000000000006:1 -> of:000000000000000d:4,0.002,0.0025,0.002,0.002,2.2,2026-06-18T09:41:25,0.002,2.26
ip_shuffle,20260618T094125_974952,of:0000000000000002:1 -> of:000000000000000b:4,0.002,0.0025,0.002,0.002,1.93,2026-06-18T09:41:25,0.002,1.8
ip_shuffle,20260618T094125_974952,of:0000000000000001:3 -> of:000000000000000d:1,0.003,0.00375,0.003,0.003,3.6,2026-06-18T09:41:25,0.003,3.43
ip_shuffle,20260618T094125_974952,of:0000000000000006:2 -> of:000000000000000a:2,0.002,0.0025,0.002,0.002,2.36,2026-06-18T09:41:25,0.002,2.43
ip_shuffle,20260618T094125_974952,of:0000000000000003:1 -> of:000000000000000b:5,0.002,0.0025,0.002,0.002,1.9,2026-06-18T09:41:25,0.002,1.8
ip_shuffle,20260618T094125_974952,of:0000000000000007:1 -> of:000000000000000d:5,0.003,0.00375,0.003,0.003,3.0,2026-06-18T09:41:25,0.002,2.93
ip_shuffle,20260618T094125_974952,of:0000000000000007:2 -> of:000000000000000a:3,0.002,0.0025,0.002,0.002,2.33,2026-06-18T09:41:25,0.002,2.33
ip_shuffle,20260618T094125_974952,of:0000000000000002:2 -> of:0000000000000008:2,0.002,0.0025,0.002,0.002,2.46,2026-06-18T09:41:25,0.002,2.4
ip_shuffle,20260618T094125_974952,of:0000000000000008:1 -> of:000000000000000b:6,0.002,0.0025,0.002,0.002,1.86,2026-06-18T09:41:25,0.002,1.86
ip_shuffle,20260618T094125_974952,of:0000000000000009:1 -> of:000000000000000c:6,0.002,0.0025,0.002,0.002,1.86,2026-06-18T09:41:25,0.002,1.86
ip_shuffle,20260618T094125_974952,of:0000000000000001:2 -> of:000000000000000c:1,0.002,0.0025,0.002,0.002,1.86,2026-06-18T09:41:25,0.002,1.86
ip_shuffle,20260618T094125_974952,of:0000000000000003:2 -> of:0000000000000008:3,0.002,0.0025,0.002,0.002,2.43,2026-06-18T09:41:25,0.002,2.36
route_mutation,20260618T094224_566265,of:0000000000000005:1 -> of:000000000000000c:5,0.002,0.0025,0.002,0.002,2.4,2026-06-18T09:42:24,0.002,2.33
route_mutation,20260618T094224_566265,of:000000000000000a:1 -> of:000000000000000d:6,0.002,0.0025,0.002,0.002,1.53,2026-06-18T09:42:24,0.002,1.53
route_mutation,20260618T094224_566265,of:000000000000000b:2 -> of:000000000000000c:2,0.002,0.0025,0.002,0.002,1.73,2026-06-18T09:42:24,0.002,1.73
route_mutation,20260618T094224_566265,of:0000000000000004:2 -> of:0000000000000009:2,0.002,0.0025,0.002,0.002,1.86,2026-06-18T09:42:24,0.002,1.8
route_mutation,20260618T094224_566265,of:0000000000000005:2 -> of:0000000000000009:3,0.002,0.0025,0.002,0.002,1.86,2026-06-18T09:42:24,0.002,1.8
route_mutation,20260618T094224_566265,of:000000000000000b:3 -> of:000000000000000d:2,0.002,0.0025,0.002,0.002,1.86,2026-06-18T09:42:24,0.002,1.86
route_mutation,20260618T094224_566265,of:0000000000000004:1 -> of:000000000000000c:4,0.002,0.0025,0.002,0.002,2.4,2026-06-18T09:42:24,0.002,2.33
route_mutation,20260618T094224_566265,of:000000000000000c:3 -> of:000000000000000d:3,0.002,0.0025,0.002,0.002,1.8,2026-06-18T09:42:24,0.002,1.8
route_mutation,20260618T094224_566265,of:0000000000000001:1 -> of:000000000000000b:1,0.002,0.0025,0.002,0.002,2.46,2026-06-18T09:42:24,0.002,2.4
route_mutation,20260618T094224_566265,of:0000000000000006:1 -> of:000000000000000d:4,0.002,0.0025,0.002,0.002,2.26,2026-06-18T09:42:24,0.002,2.2
route_mutation,20260618T094224_566265,of:0000000000000002:1 -> of:000000000000000b:4,0.002,0.0025,0.002,0.002,1.63,2026-06-18T09:42:24,0.002,1.66
route_mutation,20260618T094224_566265,of:0000000000000001:3 -> of:000000000000000d:1,0.002,0.0025,0.002,0.002,2.2,2026-06-18T09:42:24,0.002,2.36
route_mutation,20260618T094224_566265,of:0000000000000006:2 -> of:000000000000000a:2,0.002,0.0025,0.002,0.002,1.8,2026-06-18T09:42:24,0.002,1.73
route_mutation,20260618T094224_566265,of:0000000000000003:1 -> of:000000000000000b:5,0.002,0.0025,0.002,0.002,2.36,2026-06-18T09:42:24,0.002,2.36
route_mutation,20260618T094224_566265,of:0000000000000007:1 -> of:000000000000000d:5,0.002,0.0025,0.002,0.002,1.66,2026-06-18T09:42:24,0.002,1.66
route_mutation,20260618T094224_566265,of:0000000000000007:2 -> of:000000000000000a:3,0.002,0.0025,0.002,0.002,1.8,2026-06-18T09:42:24,0.002,1.73
route_mutation,20260618T094224_566265,of:0000000000000002:2 -> of:0000000000000008:2,0.002,0.0025,0.002,0.002,1.86,2026-06-18T09:42:24,0.002,1.8
route_mutation,20260618T094224_566265,of:0000000000000008:1 -> of:000000000000000b:6,0.001,0.00125,0.001,0.001,1.5,2026-06-18T09:42:24,0.001,1.46
route_mutation,20260618T094224_566265,of:0000000000000009:1 -> of:000000000000000c:6,0.001,0.00125,0.001,0.001,1.46,2026-06-18T09:42:24,0.001,1.46
route_mutation,20260618T094224_566265,of:0000000000000001:2 -> of:000000000000000c:1,0.003,0.00375,0.003,0.003,3.13,2026-06-18T09:42:24,0.003,3.1
route_mutation,20260618T094224_566265,of:0000000000000003:2 -> of:0000000000000008:3,0.002,0.0025,0.002,0.002,1.86,2026-06-18T09:42:24,0.002,1.8
ip_shuffle,20260618T094254_757838,of:0000000000000005:1 -> of:000000000000000c:5,0.002,0.0025,0.002,0.002,1.86,2026-06-18T09:42:54,0.002,1.76
ip_shuffle,20260618T094254_757838,of:000000000000000a:1 -> of:000000000000000d:6,0.002,0.0025,0.002,0.002,1.76,2026-06-18T09:42:54,0.002,1.76
ip_shuffle,20260618T094254_757838,of:000000000000000b:2 -> of:000000000000000c:2,0.002,0.0025,0.002,0.002,2.33,2026-06-18T09:42:54,0.002,2.33
ip_shuffle,20260618T094254_757838,of:0000000000000004:2 -> of:0000000000000009:2,0.002,0.0025,0.002,0.002,2.36,2026-06-18T09:42:54,0.002,2.3
ip_shuffle,20260618T094254_757838,of:0000000000000005:2 -> of:0000000000000009:3,0.002,0.0025,0.002,0.002,2.36,2026-06-18T09:42:54,0.002,2.3
ip_shuffle,20260618T094254_757838,of:000000000000000b:3 -> of:000000000000000d:2,0.002,0.0025,0.002,0.002,2.26,2026-06-18T09:42:54,0.002,2.26
ip_shuffle,20260618T094254_757838,of:0000000000000004:1 -> of:000000000000000c:4,0.002,0.0025,0.002,0.002,1.86,2026-06-18T09:42:54,0.002,1.76
ip_shuffle,20260618T094254_757838,of:000000000000000c:3 -> of:000000000000000d:3,0.002,0.0025,0.002,0.002,2.26,2026-06-18T09:42:54,0.002,2.26
ip_shuffle,20260618T094254_757838,of:0000000000000001:1 -> of:000000000000000b:1,0.002,0.0025,0.002,0.002,1.83,2026-06-18T09:42:54,0.002,1.83
ip_shuffle,20260618T094254_757838,of:0000000000000006:1 -> of:000000000000000d:4,0.002,0.0025,0.002,0.002,2.16,2026-06-18T09:42:54,0.002,2.2
ip_shuffle,20260618T094254_757838,of:0000000000000002:1 -> of:000000000000000b:4,0.002,0.0025,0.002,0.002,1.9,2026-06-18T09:42:54,0.002,1.76
ip_shuffle,20260618T094254_757838,of:0000000000000001:3 -> of:000000000000000d:1,0.003,0.00375,0.003,0.003,3.53,2026-06-18T09:42:54,0.003,3.33
ip_shuffle,20260618T094254_757838,of:0000000000000006:2 -> of:000000000000000a:2,0.002,0.0025,0.002,0.002,2.3,2026-06-18T09:42:54,0.002,2.36
ip_shuffle,20260618T094254_757838,of:0000000000000003:1 -> of:000000000000000b:5,0.002,0.0025,0.002,0.002,1.9,2026-06-18T09:42:54,0.002,1.76
ip_shuffle,20260618T094254_757838,of:0000000000000007:1 -> of:000000000000000d:5,0.003,0.00375,0.003,0.003,3.0,2026-06-18T09:42:54,0.002,2.96
ip_shuffle,20260618T094254_757838,of:0000000000000007:2 -> of:000000000000000a:3,0.002,0.0025,0.002,0.002,2.3,2026-06-18T09:42:54,0.002,2.36
ip_shuffle,20260618T094254_757838,of:0000000000000002:2 -> of:0000000000000008:2,0.002,0.0025,0.002,0.002,2.4,2026-06-18T09:42:54,0.002,2.33
ip_shuffle,20260618T094254_757838,of:0000000000000008:1 -> of:000000000000000b:6,0.002,0.0025,0.002,0.002,1.83,2026-06-18T09:42:54,0.002,1.83
ip_shuffle,20260618T094254_757838,of:0000000000000009:1 -> of:000000000000000c:6,0.002,0.0025,0.002,0.002,1.83,2026-06-18T09:42:54,0.002,1.83
ip_shuffle,20260618T094254_757838,of:0000000000000001:2 -> of:000000000000000c:1,0.002,0.0025,0.002,0.002,1.83,2026-06-18T09:42:54,0.002,1.83
ip_shuffle,20260618T094254_757838,of:0000000000000003:2 -> of:0000000000000008:3,0.002,0.0025,0.002,0.002,2.4,2026-06-18T09:42:54,0.002,2.33
route_mutation,20260618T094358_988145,of:0000000000000005:1 -> of:000000000000000c:5,0.002,0.0025,0.002,0.002,2.43,2026-06-18T09:43:58,0.002,2.4
route_mutation,20260618T094358_988145,of:000000000000000a:1 -> of:000000000000000d:6,0.002,0.0025,0.002,0.002,1.56,2026-06-18T09:43:58,0.002,1.53
route_mutation,20260618T094358_988145,of:000000000000000b:2 -> of:000000000000000c:2,0.002,0.0025,0.002,0.002,1.83,2026-06-18T09:43:58,0.002,1.83
route_mutation,20260618T094358_988145,of:0000000000000004:2 -> of:0000000000000009:2,0.002,0.0025,0.002,0.002,1.9,2026-06-18T09:43:58,0.002,1.83
route_mutation,20260618T094358_988145,of:0000000000000005:2 -> of:0000000000000009:3,0.002,0.0025,0.002,0.002,1.9,2026-06-18T09:43:58,0.002,1.83
route_mutation,20260618T094358_988145,of:000000000000000b:3 -> of:000000000000000d:2,0.002,0.0025,0.002,0.002,1.83,2026-06-18T09:43:58,0.002,1.83
route_mutation,20260618T094358_988145,of:0000000000000004:1 -> of:000000000000000c:4,0.002,0.0025,0.002,0.002,2.43,2026-06-18T09:43:58,0.002,2.4
route_mutation,20260618T094358_988145,of:000000000000000c:3 -> of:000000000000000d:3,0.002,0.0025,0.002,0.002,1.86,2026-06-18T09:43:58,0.002,1.86
route_mutation,20260618T094358_988145,of:0000000000000001:1 -> of:000000000000000b:1,0.002,0.0025,0.002,0.002,2.43,2026-06-18T09:43:58,0.002,2.36
route_mutation,20260618T094358_988145,of:0000000000000006:1 -> of:000000000000000d:4,0.002,0.0025,0.002,0.002,2.3,2026-06-18T09:43:58,0.002,2.2
route_mutation,20260618T094358_988145,of:0000000000000002:1 -> of:000000000000000b:4,0.002,0.0025,0.002,0.002,1.63,2026-06-18T09:43:58,0.002,1.66
route_mutation,20260618T094358_988145,of:0000000000000001:3 -> of:000000000000000d:1,0.002,0.0025,0.002,0.002,2.2,2026-06-18T09:43:58,0.002,2.43
route_mutation,20260618T094358_988145,of:0000000000000006:2 -> of:000000000000000a:2,0.002,0.0025,0.002,0.002,1.83,2026-06-18T09:43:58,0.002,1.76
route_mutation,20260618T094358_988145,of:0000000000000003:1 -> of:000000000000000b:5,0.002,0.0025,0.002,0.002,2.36,2026-06-18T09:43:58,0.002,2.36
route_mutation,20260618T094358_988145,of:0000000000000007:1 -> of:000000000000000d:5,0.002,0.0025,0.002,0.002,1.6,2026-06-18T09:43:58,0.002,1.66
route_mutation,20260618T094358_988145,of:0000000000000007:2 -> of:000000000000000a:3,0.002,0.0025,0.002,0.002,1.83,2026-06-18T09:43:58,0.002,1.83
route_mutation,20260618T094358_988145,of:0000000000000002:2 -> of:0000000000000008:2,0.002,0.0025,0.002,0.002,1.86,2026-06-18T09:43:58,0.002,1.8
route_mutation,20260618T094358_988145,of:0000000000000008:1 -> of:000000000000000b:6,0.001,0.00125,0.001,0.001,1.46,2026-06-18T09:43:58,0.001,1.5
route_mutation,20260618T094358_988145,of:0000000000000009:1 -> of:000000000000000c:6,0.002,0.0025,0.002,0.002,1.53,2026-06-18T09:43:58,0.002,1.53
route_mutation,20260618T094358_988145,of:0000000000000001:2 -> of:000000000000000c:1,0.003,0.00375,0.003,0.003,3.13,2026-06-18T09:43:58,0.003,3.2
route_mutation,20260618T094358_988145,of:0000000000000003:2 -> of:0000000000000008:3,0.002,0.0025,0.002,0.002,1.86,2026-06-18T09:43:58,0.002,1.8
ip_shuffle,20260618T094429_216237,of:0000000000000005:1 -> of:000000000000000c:5,0.002,0.0025,0.002,0.002,1.83,2026-06-18T09:44:29,0.001,1.66
ip_shuffle,20260618T094429_216237,of:000000000000000a:1 -> of:000000000000000d:6,0.002,0.0025,0.002,0.002,1.73,2026-06-18T09:44:29,0.002,1.73
ip_shuffle,20260618T094429_216237,of:000000000000000b:2 -> of:000000000000000c:2,0.002,0.0025,0.002,0.002,2.2,2026-06-18T09:44:29,0.002,2.2
ip_shuffle,20260618T094429_216237,of:0000000000000004:2 -> of:0000000000000009:2,0.002,0.0025,0.002,0.002,2.33,2026-06-18T09:44:29,0.002,2.26
ip_shuffle,20260618T094429_216237,of:0000000000000005:2 -> of:0000000000000009:3,0.002,0.0025,0.002,0.002,2.33,2026-06-18T09:44:29,0.002,2.26
ip_shuffle,20260618T094429_216237,of:000000000000000b:3 -> of:000000000000000d:2,0.002,0.0025,0.002,0.002,2.2,2026-06-18T09:44:29,0.002,2.2
ip_shuffle,20260618T094429_216237,of:0000000000000004:1 -> of:000000000000000c:4,0.002,0.0025,0.002,0.002,1.83,2026-06-18T09:44:29,0.001,1.66
ip_shuffle,20260618T094429_216237,of:000000000000000c:3 -> of:000000000000000d:3,0.002,0.0025,0.002,0.002,2.13,2026-06-18T09:44:29,0.002,2.13
ip_shuffle,20260618T094429_216237,of:0000000000000001:1 -> of:000000000000000b:1,0.002,0.0025,0.002,0.002,1.8,2026-06-18T09:44:29,0.002,1.8
ip_shuffle,20260618T094429_216237,of:0000000000000006:1 -> of:000000000000000d:4,0.002,0.0025,0.002,0.002,2.1,2026-06-18T09:44:29,0.002,2.1
ip_shuffle,20260618T094429_216237,of:0000000000000002:1 -> of:000000000000000b:4,0.002,0.0025,0.002,0.002,1.86,2026-06-18T09:44:29,0.002,1.73
ip_shuffle,20260618T094429_216237,of:0000000000000001:3 -> of:000000000000000d:1,0.003,0.00375,0.003,0.003,3.4,2026-06-18T09:44:29,0.003,3.16
ip_shuffle,20260618T094429_216237,of:0000000000000006:2 -> of:000000000000000a:2,0.002,0.0025,0.002,0.002,2.23,2026-06-18T09:44:29,0.002,2.3
ip_shuffle,20260618T094429_216237,of:0000000000000003:1 -> of:000000000000000b:5,0.002,0.0025,0.002,0.002,1.86,2026-06-18T09:44:29,0.002,1.73
ip_shuffle,20260618T094429_216237,of:0000000000000007:1 -> of:000000000000000d:5,0.003,0.00375,0.003,0.003,3.03,2026-06-18T09:44:29,0.002,2.86
ip_shuffle,20260618T094429_216237,of:0000000000000007:2 -> of:000000000000000a:3,0.002,0.0025,0.002,0.002,2.23,2026-06-18T09:44:29,0.002,2.23
ip_shuffle,20260618T094429_216237,of:0000000000000002:2 -> of:0000000000000008:2,0.002,0.0025,0.002,0.002,2.36,2026-06-18T09:44:29,0.002,2.3
ip_shuffle,20260618T094429_216237,of:0000000000000008:1 -> of:000000000000000b:6,0.002,0.0025,0.002,0.002,1.83,2026-06-18T09:44:29,0.002,1.8
ip_shuffle,20260618T094429_216237,of:0000000000000009:1 -> of:000000000000000c:6,0.002,0.0025,0.002,0.002,1.76,2026-06-18T09:44:29,0.002,1.73
ip_shuffle,20260618T094429_216237,of:0000000000000001:2 -> of:000000000000000c:1,0.002,0.0025,0.002,0.002,1.8,2026-06-18T09:44:29,0.002,1.73
ip_shuffle,20260618T094429_216237,of:0000000000000003:2 -> of:0000000000000008:3,0.002,0.0025,0.002,0.002,2.36,2026-06-18T09:44:29,0.002,2.3
route_mutation,20260618T094526_874595,of:0000000000000005:1 -> of:000000000000000c:5,0.002,0.0025,0.002,0.002,2.16,2026-06-18T09:45:26,0.002,2.2
route_mutation,20260618T094526_874595,of:000000000000000a:1 -> of:000000000000000d:6,0.002,0.0025,0.002,0.002,1.43,2026-06-18T09:45:26,0.002,1.4
route_mutation,20260618T094526_874595,of:000000000000000b:2 -> of:000000000000000c:2,0.002,0.0025,0.002,0.002,1.5,2026-06-18T09:45:26,0.002,1.5
route_mutation,20260618T094526_874595,of:0000000000000004:2 -> of:0000000000000009:2,0.002,0.0025,0.002,0.002,1.53,2026-06-18T09:45:26,0.001,1.47
route_mutation,20260618T094526_874595,of:0000000000000005:2 -> of:0000000000000009:3,0.001,0.00125,0.001,0.001,1.47,2026-06-18T09:45:26,0.001,1.47
route_mutation,20260618T094526_874595,of:000000000000000b:3 -> of:000000000000000d:2,0.002,0.0025,0.002,0.002,1.53,2026-06-18T09:45:26,0.002,1.53
route_mutation,20260618T094526_874595,of:0000000000000004:1 -> of:000000000000000c:4,0.002,0.0025,0.002,0.002,2.23,2026-06-18T09:45:26,0.002,2.2
route_mutation,20260618T094526_874595,of:000000000000000c:3 -> of:000000000000000d:3,0.002,0.0025,0.002,0.002,1.47,2026-06-18T09:45:26,0.002,1.47
route_mutation,20260618T094526_874595,of:0000000000000001:1 -> of:000000000000000b:1,0.002,0.0025,0.002,0.002,2.23,2026-06-18T09:45:26,0.002,2.3
route_mutation,20260618T094526_874595,of:0000000000000006:1 -> of:000000000000000d:4,0.002,0.0025,0.002,0.002,1.5,2026-06-18T09:45:26,0.002,1.47
route_mutation,20260618T094526_874595,of:0000000000000002:1 -> of:000000000000000b:4,0.002,0.0025,0.002,0.001,1.43,2026-06-18T09:45:26,0.002,1.56
route_mutation,20260618T094526_874595,of:0000000000000001:3 -> of:000000000000000d:1,0.002,0.0025,0.002,0.002,1.43,2026-06-18T09:45:26,0.002,1.53
route_mutation,20260618T094526_874595,of:0000000000000006:2 -> of:000000000000000a:2,0.001,0.00125,0.001,0.001,1.47,2026-06-18T09:45:26,0.001,1.47
route_mutation,20260618T094526_874595,of:0000000000000003:1 -> of:000000000000000b:5,0.002,0.0025,0.002,0.002,2.26,2026-06-18T09:45:26,0.002,2.26
route_mutation,20260618T094526_874595,of:0000000000000007:1 -> of:000000000000000d:5,0.002,0.0025,0.002,0.001,1.43,2026-06-18T09:45:26,0.002,1.43
route_mutation,20260618T094526_874595,of:0000000000000007:2 -> of:000000000000000a:3,0.002,0.0025,0.002,0.001,1.47,2026-06-18T09:45:26,0.002,1.53
route_mutation,20260618T094526_874595,of:0000000000000002:2 -> of:0000000000000008:2,0.001,0.00125,0.001,0.001,1.47,2026-06-18T09:45:26,0.001,1.47
route_mutation,20260618T094526_874595,of:0000000000000008:1 -> of:000000000000000b:6,0.001,0.00125,0.001,0.001,1.37,2026-06-18T09:45:26,0.001,1.37
route_mutation,20260618T094526_874595,of:0000000000000009:1 -> of:000000000000000c:6,0.001,0.00125,0.001,0.001,1.37,2026-06-18T09:45:26,0.001,1.33
route_mutation,20260618T094526_874595,of:0000000000000001:2 -> of:000000000000000c:1,0.003,0.00375,0.003,0.003,2.9,2026-06-18T09:45:26,0.003,3.0
route_mutation,20260618T094526_874595,of:0000000000000003:2 -> of:0000000000000008:3,0.002,0.0025,0.002,0.002,1.53,2026-06-18T09:45:26,0.001,1.47
ip_shuffle,20260618T094557_064147,of:0000000000000005:1 -> of:000000000000000c:5,0.002,0.0025,0.002,0.002,2.03,2026-06-18T09:45:57,0.002,1.9
ip_shuffle,20260618T094557_064147,of:000000000000000a:1 -> of:000000000000000d:6,0.002,0.0025,0.002,0.002,1.9,2026-06-18T09:45:57,0.002,1.9
ip_shuffle,20260618T094557_064147,of:000000000000000b:2 -> of:000000000000000c:2,0.002,0.0025,0.002,0.002,2.6,2026-06-18T09:45:57,0.002,2.6
ip_shuffle,20260618T094557_064147,of:0000000000000004:2 -> of:0000000000000009:2,0.002,0.0025,0.002,0.002,2.73,2026-06-18T09:45:57,0.002,2.66
ip_shuffle,20260618T094557_064147,of:0000000000000005:2 -> of:0000000000000009:3,0.002,0.0025,0.002,0.002,2.73,2026-06-18T09:45:57,0.002,2.66
ip_shuffle,20260618T094557_064147,of:000000000000000b:3 -> of:000000000000000d:2,0.002,0.0025,0.002,0.002,2.6,2026-06-18T09:45:57,0.002,2.6
ip_shuffle,20260618T094557_064147,of:0000000000000004:1 -> of:000000000000000c:4,0.002,0.0025,0.002,0.002,2.03,2026-06-18T09:45:57,0.002,1.9
ip_shuffle,20260618T094557_064147,of:000000000000000c:3 -> of:000000000000000d:3,0.002,0.0025,0.002,0.002,2.6,2026-06-18T09:45:57,0.002,2.6
ip_shuffle,20260618T094557_064147,of:0000000000000001:1 -> of:000000000000000b:1,0.002,0.0025,0.002,0.002,2.03,2026-06-18T09:45:57,0.002,1.9
ip_shuffle,20260618T094557_064147,of:0000000000000006:1 -> of:000000000000000d:4,0.002,0.0025,0.002,0.002,3.0,2026-06-18T09:45:57,0.002,2.93
ip_shuffle,20260618T094557_064147,of:0000000000000002:1 -> of:000000000000000b:4,0.002,0.0025,0.002,0.002,2.03,2026-06-18T09:45:57,0.002,1.9
ip_shuffle,20260618T094557_064147,of:0000000000000001:3 -> of:000000000000000d:1,0.003,0.00375,0.003,0.003,4.19,2026-06-18T09:45:57,0.003,4.06
ip_shuffle,20260618T094557_064147,of:0000000000000006:2 -> of:000000000000000a:2,0.002,0.0025,0.002,0.002,2.66,2026-06-18T09:45:57,0.002,2.66
ip_shuffle,20260618T094557_064147,of:0000000000000003:1 -> of:000000000000000b:5,0.002,0.0025,0.002,0.002,2.03,2026-06-18T09:45:57,0.002,1.9
ip_shuffle,20260618T094557_064147,of:0000000000000007:1 -> of:000000000000000d:5,0.003,0.00375,0.003,0.003,3.23,2026-06-18T09:45:57,0.002,3.09
ip_shuffle,20260618T094557_064147,of:0000000000000007:2 -> of:000000000000000a:3,0.002,0.0025,0.002,0.002,2.66,2026-06-18T09:45:57,0.002,2.6
ip_shuffle,20260618T094557_064147,of:0000000000000002:2 -> of:0000000000000008:2,0.002,0.0025,0.002,0.002,2.73,2026-06-18T09:45:57,0.002,2.66
ip_shuffle,20260618T094557_064147,of:0000000000000008:1 -> of:000000000000000b:6,0.002,0.0025,0.002,0.002,1.96,2026-06-18T09:45:57,0.002,1.96
ip_shuffle,20260618T094557_064147,of:0000000000000009:1 -> of:000000000000000c:6,0.002,0.0025,0.002,0.002,1.96,2026-06-18T09:45:57,0.002,1.96
ip_shuffle,20260618T094557_064147,of:0000000000000001:2 -> of:000000000000000c:1,0.002,0.0025,0.002,0.002,2.06,2026-06-18T09:45:57,0.002,1.93
ip_shuffle,20260618T094557_064147,of:0000000000000003:2 -> of:0000000000000008:3,0.002,0.0025,0.002,0.002,2.73,2026-06-18T09:45:57,0.002,2.66
route_mutation,20260618T094654_822317,of:0000000000000005:1 -> of:000000000000000c:5,0.002,0.0025,0.002,0.002,2.13,2026-06-18T09:46:54,0.002,2.2
route_mutation,20260618T094654_822317,of:000000000000000a:1 -> of:000000000000000d:6,0.002,0.0025,0.002,0.002,1.53,2026-06-18T09:46:54,0.002,1.53
route_mutation,20260618T094654_822317,of:000000000000000b:2 -> of:000000000000000c:2,0.002,0.0025,0.002,0.002,1.73,2026-06-18T09:46:54,0.002,1.73
route_mutation,20260618T094654_822317,of:0000000000000004:2 -> of:0000000000000009:2,0.002,0.0025,0.002,0.002,1.73,2026-06-18T09:46:54,0.002,1.66
route_mutation,20260618T094654_822317,of:0000000000000005:2 -> of:0000000000000009:3,0.002,0.0025,0.002,0.002,1.66,2026-06-18T09:46:54,0.002,1.66
route_mutation,20260618T094654_822317,of:000000000000000b:3 -> of:000000000000000d:2,0.002,0.0025,0.002,0.002,1.73,2026-06-18T09:46:54,0.002,1.73
route_mutation,20260618T094654_822317,of:0000000000000004:1 -> of:000000000000000c:4,0.002,0.0025,0.002,0.002,2.33,2026-06-18T09:46:54,0.002,2.33
route_mutation,20260618T094654_822317,of:000000000000000c:3 -> of:000000000000000d:3,0.002,0.0025,0.002,0.002,1.73,2026-06-18T09:46:54,0.002,1.73
route_mutation,20260618T094654_822317,of:0000000000000001:1 -> of:000000000000000b:1,0.003,0.00375,0.003,0.003,3.3,2026-06-18T09:46:54,0.003,3.33
route_mutation,20260618T094654_822317,of:0000000000000006:1 -> of:000000000000000d:4,0.002,0.0025,0.002,0.001,1.46,2026-06-18T09:46:54,0.002,1.53
route_mutation,20260618T094654_822317,of:0000000000000002:1 -> of:000000000000000b:4,0.002,0.0025,0.002,0.002,2.23,2026-06-18T09:46:54,0.002,2.3
route_mutation,20260618T094654_822317,of:0000000000000001:3 -> of:000000000000000d:1,0.002,0.0025,0.002,0.001,1.46,2026-06-18T09:46:54,0.002,1.53
route_mutation,20260618T094654_822317,of:0000000000000006:2 -> of:000000000000000a:2,0.002,0.0025,0.002,0.002,1.66,2026-06-18T09:46:54,0.002,1.73
route_mutation,20260618T094654_822317,of:0000000000000003:1 -> of:000000000000000b:5,0.002,0.0025,0.002,0.002,2.5,2026-06-18T09:46:54,0.002,2.56
route_mutation,20260618T094654_822317,of:0000000000000007:1 -> of:000000000000000d:5,0.002,0.0025,0.002,0.001,1.46,2026-06-18T09:46:54,0.002,1.53
route_mutation,20260618T094654_822317,of:0000000000000007:2 -> of:000000000000000a:3,0.002,0.0025,0.002,0.002,1.66,2026-06-18T09:46:54,0.002,1.73
route_mutation,20260618T094654_822317,of:0000000000000002:2 -> of:0000000000000008:2,0.002,0.0025,0.002,0.002,1.66,2026-06-18T09:46:54,0.002,1.66
route_mutation,20260618T094654_822317,of:0000000000000008:1 -> of:000000000000000b:6,0.001,0.00125,0.001,0.001,1.46,2026-06-18T09:46:54,0.001,1.46
route_mutation,20260618T094654_822317,of:0000000000000009:1 -> of:000000000000000c:6,0.001,0.00125,0.001,0.001,1.46,2026-06-18T09:46:54,0.001,1.46
route_mutation,20260618T094654_822317,of:0000000000000001:2 -> of:000000000000000c:1,0.003,0.00375,0.003,0.003,2.9,2026-06-18T09:46:54,0.003,2.96
route_mutation,20260618T094654_822317,of:0000000000000003:2 -> of:0000000000000008:3,0.002,0.0025,0.002,0.002,1.73,2026-06-18T09:46:54,0.002,1.66
route_mutation,20260618T094725_101033,of:0000000000000005:1 -> of:000000000000000c:5,0.002,0.0025,0.002,0.002,2.0,2026-06-18T09:47:25,0.002,1.9
route_mutation,20260618T094725_101033,of:000000000000000a:1 -> of:000000000000000d:6,0.002,0.0025,0.002,0.002,1.73,2026-06-18T09:47:25,0.002,1.76
route_mutation,20260618T094725_101033,of:000000000000000b:2 -> of:000000000000000c:2,0.002,0.0025,0.002,0.002,2.33,2026-06-18T09:47:25,0.002,2.33
route_mutation,20260618T094725_101033,of:0000000000000004:2 -> of:0000000000000009:2,0.002,0.0025,0.002,0.002,2.36,2026-06-18T09:47:25,0.002,2.3
route_mutation,20260618T094725_101033,of:0000000000000005:2 -> of:0000000000000009:3,0.002,0.0025,0.002,0.002,2.36,2026-06-18T09:47:25,0.002,2.3
route_mutation,20260618T094725_101033,of:000000000000000b:3 -> of:000000000000000d:2,0.002,0.0025,0.002,0.002,2.33,2026-06-18T09:47:25,0.002,2.33
route_mutation,20260618T094725_101033,of:0000000000000004:1 -> of:000000000000000c:4,0.002,0.0025,0.002,0.002,1.83,2026-06-18T09:47:25,0.002,1.76
route_mutation,20260618T094725_101033,of:000000000000000c:3 -> of:000000000000000d:3,0.002,0.0025,0.002,0.002,2.33,2026-06-18T09:47:25,0.002,2.33
route_mutation,20260618T094725_101033,of:0000000000000001:1 -> of:000000000000000b:1,0.002,0.0025,0.002,0.002,1.96,2026-06-18T09:47:25,0.002,1.96
route_mutation,20260618T094725_101033,of:0000000000000006:1 -> of:000000000000000d:4,0.002,0.0025,0.002,0.002,2.93,2026-06-18T09:47:25,0.002,2.83
route_mutation,20260618T094725_101033,of:0000000000000002:1 -> of:000000000000000b:4,0.002,0.0025,0.002,0.002,1.83,2026-06-18T09:47:25,0.002,1.76
route_mutation,20260618T094725_101033,of:0000000000000001:3 -> of:000000000000000d:1,0.003,0.00375,0.003,0.003,3.86,2026-06-18T09:47:25,0.003,3.7
route_mutation,20260618T094725_101033,of:0000000000000006:2 -> of:000000000000000a:2,0.002,0.0025,0.002,0.002,2.33,2026-06-18T09:47:25,0.002,2.26
route_mutation,20260618T094725_101033,of:0000000000000003:1 -> of:000000000000000b:5,0.002,0.0025,0.002,0.002,1.83,2026-06-18T09:47:25,0.002,1.76
route_mutation,20260618T094725_101033,of:0000000000000007:1 -> of:000000000000000d:5,0.002,0.0025,0.002,0.002,2.5,2026-06-18T09:47:25,0.002,2.33
route_mutation,20260618T094725_101033,of:0000000000000007:2 -> of:000000000000000a:3,0.002,0.0025,0.002,0.002,2.33,2026-06-18T09:47:25,0.002,2.26
route_mutation,20260618T094725_101033,of:0000000000000002:2 -> of:0000000000000008:2,0.002,0.0025,0.002,0.002,2.36,2026-06-18T09:47:25,0.002,2.3
route_mutation,20260618T094725_101033,of:0000000000000008:1 -> of:000000000000000b:6,0.002,0.0025,0.002,0.002,1.8,2026-06-18T09:47:25,0.002,1.83
route_mutation,20260618T094725_101033,of:0000000000000009:1 -> of:000000000000000c:6,0.002,0.0025,0.002,0.002,1.8,2026-06-18T09:47:25,0.002,1.83
route_mutation,20260618T094725_101033,of:0000000000000001:2 -> of:000000000000000c:1,0.002,0.0025,0.002,0.002,2.13,2026-06-18T09:47:25,0.002,2.13
route_mutation,20260618T094725_101033,of:0000000000000003:2 -> of:0000000000000008:3,0.002,0.0025,0.002,0.002,2.36,2026-06-18T09:47:25,0.002,2.3
ip_shuffle,20260618T094755_371040,of:0000000000000005:1 -> of:000000000000000c:5,0.002,0.0025,0.002,0.002,1.5,2026-06-18T09:47:55,0.002,1.46
ip_shuffle,20260618T094755_371040,of:000000000000000a:1 -> of:000000000000000d:6,0.002,0.0025,0.002,0.002,1.5,2026-06-18T09:47:55,0.002,1.46
ip_shuffle,20260618T094755_371040,of:000000000000000b:2 -> of:000000000000000c:2,0.002,0.0025,0.002,0.002,1.6,2026-06-18T09:47:55,0.002,1.6
ip_shuffle,20260618T094755_371040,of:0000000000000004:2 -> of:0000000000000009:2,0.002,0.0025,0.002,0.002,1.63,2026-06-18T09:47:55,0.002,1.7
ip_shuffle,20260618T094755_371040,of:0000000000000005:2 -> of:0000000000000009:3,0.002,0.0025,0.002,0.002,1.63,2026-06-18T09:47:55,0.002,1.7
ip_shuffle,20260618T094755_371040,of:000000000000000b:3 -> of:000000000000000d:2,0.002,0.0025,0.002,0.002,1.6,2026-06-18T09:47:55,0.002,1.6
ip_shuffle,20260618T094755_371040,of:0000000000000004:1 -> of:000000000000000c:4,0.002,0.0025,0.002,0.002,1.53,2026-06-18T09:47:55,0.002,1.46
ip_shuffle,20260618T094755_371040,of:000000000000000c:3 -> of:000000000000000d:3,0.002,0.0025,0.002,0.002,1.6,2026-06-18T09:47:55,0.002,1.6
ip_shuffle,20260618T094755_371040,of:0000000000000001:1 -> of:000000000000000b:1,0.002,0.0025,0.002,0.002,1.46,2026-06-18T09:47:55,0.002,1.4
ip_shuffle,20260618T094755_371040,of:0000000000000006:1 -> of:000000000000000d:4,0.002,0.0025,0.002,0.001,1.43,2026-06-18T09:47:55,0.002,1.46
ip_shuffle,20260618T094755_371040,of:0000000000000002:1 -> of:000000000000000b:4,0.002,0.0025,0.002,0.001,1.46,2026-06-18T09:47:55,0.002,1.46
ip_shuffle,20260618T094755_371040,of:0000000000000001:3 -> of:000000000000000d:1,0.002,0.0025,0.002,0.002,1.83,2026-06-18T09:47:55,0.002,1.93
ip_shuffle,20260618T094755_371040,of:0000000000000006:2 -> of:000000000000000a:2,0.002,0.0025,0.002,0.002,1.66,2026-06-18T09:47:55,0.002,1.66
ip_shuffle,20260618T094755_371040,of:0000000000000003:1 -> of:000000000000000b:5,0.002,0.0025,0.002,0.001,1.46,2026-06-18T09:47:55,0.002,1.46
ip_shuffle,20260618T094755_371040,of:0000000000000007:1 -> of:000000000000000d:5,0.002,0.0025,0.002,0.002,2.0,2026-06-18T09:47:55,0.002,2.1
ip_shuffle,20260618T094755_371040,of:0000000000000007:2 -> of:000000000000000a:3,0.002,0.0025,0.002,0.002,1.66,2026-06-18T09:47:55,0.002,1.66
ip_shuffle,20260618T094755_371040,of:0000000000000002:2 -> of:0000000000000008:2,0.002,0.0025,0.002,0.002,1.63,2026-06-18T09:47:55,0.002,1.7
ip_shuffle,20260618T094755_371040,of:0000000000000008:1 -> of:000000000000000b:6,0.002,0.0025,0.002,0.002,1.5,2026-06-18T09:47:55,0.002,1.46
ip_shuffle,20260618T094755_371040,of:0000000000000009:1 -> of:000000000000000c:6,0.002,0.0025,0.002,0.002,1.5,2026-06-18T09:47:55,0.002,1.46
ip_shuffle,20260618T094755_371040,of:0000000000000001:2 -> of:000000000000000c:1,0.002,0.0025,0.002,0.002,1.46,2026-06-18T09:47:55,0.002,1.4
ip_shuffle,20260618T094755_371040,of:0000000000000003:2 -> of:0000000000000008:3,0.002,0.0025,0.002,0.001,1.56,2026-06-18T09:47:55,0.002,1.7
route_mutation,20260618T094853_065688,of:0000000000000005:1 -> of:000000000000000c:5,0.002,0.0025,0.002,0.002,2.63,2026-06-18T09:48:53,0.002,2.53
route_mutation,20260618T094853_065688,of:000000000000000a:1 -> of:000000000000000d:6,0.002,0.0025,0.002,0.002,1.7,2026-06-18T09:48:53,0.002,1.73
route_mutation,20260618T094853_065688,of:000000000000000b:2 -> of:000000000000000c:2,0.002,0.0025,0.002,0.002,2.23,2026-06-18T09:48:53,0.002,2.23
route_mutation,20260618T094853_065688,of:0000000000000004:2 -> of:0000000000000009:2,0.002,0.0025,0.002,0.002,2.33,2026-06-18T09:48:53,0.002,2.2
route_mutation,20260618T094853_065688,of:0000000000000005:2 -> of:0000000000000009:3,0.002,0.0025,0.002,0.002,2.33,2026-06-18T09:48:53,0.002,2.2
route_mutation,20260618T094853_065688,of:000000000000000b:3 -> of:000000000000000d:2,0.002,0.0025,0.002,0.002,2.23,2026-06-18T09:48:53,0.002,2.23
route_mutation,20260618T094853_065688,of:0000000000000004:1 -> of:000000000000000c:4,0.002,0.0025,0.002,0.002,2.23,2026-06-18T09:48:53,0.002,2.13
route_mutation,20260618T094853_065688,of:000000000000000c:3 -> of:000000000000000d:3,0.002,0.0025,0.002,0.002,2.26,2026-06-18T09:48:53,0.002,2.26
route_mutation,20260618T094853_065688,of:0000000000000001:1 -> of:000000000000000b:1,0.002,0.0025,0.002,0.002,1.76,2026-06-18T09:48:53,0.002,1.86
route_mutation,20260618T094853_065688,of:0000000000000006:1 -> of:000000000000000d:4,0.002,0.0025,0.002,0.002,2.93,2026-06-18T09:48:53,0.002,2.83
route_mutation,20260618T094853_065688,of:0000000000000002:1 -> of:000000000000000b:4,0.002,0.0025,0.002,0.002,1.83,2026-06-18T09:48:53,0.002,1.7
route_mutation,20260618T094853_065688,of:0000000000000001:3 -> of:000000000000000d:1,0.003,0.00375,0.003,0.003,3.6,2026-06-18T09:48:53,0.003,3.53
route_mutation,20260618T094853_065688,of:0000000000000006:2 -> of:000000000000000a:2,0.002,0.0025,0.002,0.002,2.26,2026-06-18T09:48:53,0.002,2.2
route_mutation,20260618T094853_065688,of:0000000000000003:1 -> of:000000000000000b:5,0.002,0.0025,0.002,0.002,1.83,2026-06-18T09:48:53,0.002,1.7
route_mutation,20260618T094853_065688,of:0000000000000007:1 -> of:000000000000000d:5,0.002,0.0025,0.002,0.002,2.36,2026-06-18T09:48:53,0.002,2.23
route_mutation,20260618T094853_065688,of:0000000000000007:2 -> of:000000000000000a:3,0.002,0.0025,0.002,0.002,2.26,2026-06-18T09:48:53,0.002,2.2
route_mutation,20260618T094853_065688,of:0000000000000002:2 -> of:0000000000000008:2,0.002,0.0025,0.002,0.002,2.33,2026-06-18T09:48:53,0.002,2.26
route_mutation,20260618T094853_065688,of:0000000000000008:1 -> of:000000000000000b:6,0.002,0.0025,0.002,0.002,1.76,2026-06-18T09:48:53,0.002,1.76
route_mutation,20260618T094853_065688,of:0000000000000009:1 -> of:000000000000000c:6,0.002,0.0025,0.002,0.002,1.7,2026-06-18T09:48:53,0.002,1.73
route_mutation,20260618T094853_065688,of:0000000000000001:2 -> of:000000000000000c:1,0.002,0.0025,0.002,0.002,2.73,2026-06-18T09:48:53,0.002,2.8
route_mutation,20260618T094853_065688,of:0000000000000003:2 -> of:0000000000000008:3,0.002,0.0025,0.002,0.002,2.33,2026-06-18T09:48:53,0.002,2.26
ip_shuffle,20260618T094923_344792,of:0000000000000005:1 -> of:000000000000000c:5,0.002,0.0025,0.002,0.002,1.53,2026-06-18T09:49:23,0.002,1.5
ip_shuffle,20260618T094923_344792,of:000000000000000a:1 -> of:000000000000000d:6,0.002,0.0025,0.002,0.002,1.53,2026-06-18T09:49:23,0.002,1.5
ip_shuffle,20260618T094923_344792,of:000000000000000b:2 -> of:000000000000000c:2,0.002,0.0025,0.002,0.002,1.7,2026-06-18T09:49:23,0.002,1.7
ip_shuffle,20260618T094923_344792,of:0000000000000004:2 -> of:0000000000000009:2,0.002,0.0025,0.002,0.002,1.66,2026-06-18T09:49:23,0.002,1.73
ip_shuffle,20260618T094923_344792,of:0000000000000005:2 -> of:0000000000000009:3,0.002,0.0025,0.002,0.002,1.66,2026-06-18T09:49:23,0.002,1.73
ip_shuffle,20260618T094923_344792,of:000000000000000b:3 -> of:000000000000000d:2,0.002,0.0025,0.002,0.002,1.7,2026-06-18T09:49:23,0.002,1.7
ip_shuffle,20260618T094923_344792,of:0000000000000004:1 -> of:000000000000000c:4,0.002,0.0025,0.002,0.002,1.53,2026-06-18T09:49:23,0.002,1.5
ip_shuffle,20260618T094923_344792,of:000000000000000c:3 -> of:000000000000000d:3,0.002,0.0025,0.002,0.002,1.66,2026-06-18T09:49:23,0.002,1.66
ip_shuffle,20260618T094923_344792,of:0000000000000001:1 -> of:000000000000000b:1,0.002,0.0025,0.002,0.002,1.53,2026-06-18T09:49:23,0.002,1.43
ip_shuffle,20260618T094923_344792,of:0000000000000006:1 -> of:000000000000000d:4,0.002,0.0025,0.002,0.001,1.46,2026-06-18T09:49:23,0.002,1.5
ip_shuffle,20260618T094923_344792,of:0000000000000002:1 -> of:000000000000000b:4,0.002,0.0025,0.002,0.002,1.6,2026-06-18T09:49:23,0.002,1.66
ip_shuffle,20260618T094923_344792,of:0000000000000001:3 -> of:000000000000000d:1,0.002,0.0025,0.002,0.002,2.0,2026-06-18T09:49:23,0.002,2.06
ip_shuffle,20260618T094923_344792,of:0000000000000006:2 -> of:000000000000000a:2,0.002,0.0025,0.002,0.002,1.73,2026-06-18T09:49:23,0.002,1.73
ip_shuffle,20260618T094923_344792,of:0000000000000003:1 -> of:000000000000000b:5,0.002,0.0025,0.002,0.001,1.46,2026-06-18T09:49:23,0.002,1.53
ip_shuffle,20260618T094923_344792,of:0000000000000007:1 -> of:000000000000000d:5,0.002,0.0025,0.002,0.002,2.13,2026-06-18T09:49:23,0.002,2.2
ip_shuffle,20260618T094923_344792,of:0000000000000007:2 -> of:000000000000000a:3,0.002,0.0025,0.002,0.002,1.73,2026-06-18T09:49:23,0.002,1.73
ip_shuffle,20260618T094923_344792,of:0000000000000002:2 -> of:0000000000000008:2,0.002,0.0025,0.002,0.002,1.8,2026-06-18T09:49:23,0.002,1.86
ip_shuffle,20260618T094923_344792,of:0000000000000008:1 -> of:000000000000000b:6,0.002,0.0025,0.002,0.002,1.53,2026-06-18T09:49:23,0.002,1.53
ip_shuffle,20260618T094923_344792,of:0000000000000009:1 -> of:000000000000000c:6,0.002,0.0025,0.002,0.002,1.53,2026-06-18T09:49:23,0.002,1.5
ip_shuffle,20260618T094923_344792,of:0000000000000001:2 -> of:000000000000000c:1,0.002,0.0025,0.002,0.002,1.5,2026-06-18T09:49:23,0.002,1.43
ip_shuffle,20260618T094923_344792,of:0000000000000003:2 -> of:0000000000000008:3,0.002,0.0025,0.002,0.001,1.6,2026-06-18T09:49:23,0.002,1.73
route_mutation,20260618T095021_970246,of:0000000000000005:1 -> of:000000000000000c:5,0.002,0.0025,0.002,0.002,2.6,2026-06-18T09:50:21,0.002,2.56
route_mutation,20260618T095021_970246,of:000000000000000a:1 -> of:000000000000000d:6,0.002,0.0025,0.002,0.002,1.7,2026-06-18T09:50:21,0.002,1.7
route_mutation,20260618T095021_970246,of:000000000000000b:2 -> of:000000000000000c:2,0.002,0.0025,0.002,0.002,2.2,2026-06-18T09:50:21,0.002,2.2
route_mutation,20260618T095021_970246,of:0000000000000004:2 -> of:0000000000000009:2,0.002,0.0025,0.002,0.002,2.3,2026-06-18T09:50:21,0.002,2.16
route_mutation,20260618T095021_970246,of:0000000000000005:2 -> of:0000000000000009:3,0.002,0.0025,0.002,0.002,2.3,2026-06-18T09:50:21,0.002,2.23
route_mutation,20260618T095021_970246,of:000000000000000b:3 -> of:000000000000000d:2,0.002,0.0025,0.002,0.002,2.2,2026-06-18T09:50:21,0.002,2.2
route_mutation,20260618T095021_970246,of:0000000000000004:1 -> of:000000000000000c:4,0.002,0.0025,0.002,0.002,2.33,2026-06-18T09:50:21,0.002,2.23
route_mutation,20260618T095021_970246,of:000000000000000c:3 -> of:000000000000000d:3,0.002,0.0025,0.002,0.002,2.2,2026-06-18T09:50:21,0.002,2.2
route_mutation,20260618T095021_970246,of:0000000000000001:1 -> of:000000000000000b:1,0.002,0.0025,0.002,0.002,1.76,2026-06-18T09:50:21,0.002,1.83
route_mutation,20260618T095021_970246,of:0000000000000006:1 -> of:000000000000000d:4,0.002,0.0025,0.002,0.002,2.83,2026-06-18T09:50:21,0.002,2.73
route_mutation,20260618T095021_970246,of:0000000000000002:1 -> of:000000000000000b:4,0.002,0.0025,0.002,0.002,1.83,2026-06-18T09:50:21,0.002,1.76
route_mutation,20260618T095021_970246,of:0000000000000001:3 -> of:000000000000000d:1,0.003,0.00375,0.003,0.003,3.4,2026-06-18T09:50:21,0.003,3.36
route_mutation,20260618T095021_970246,of:0000000000000006:2 -> of:000000000000000a:2,0.002,0.0025,0.002,0.002,2.23,2026-06-18T09:50:21,0.002,2.16
route_mutation,20260618T095021_970246,of:0000000000000003:1 -> of:000000000000000b:5,0.002,0.0025,0.002,0.002,1.8,2026-06-18T09:50:21,0.002,1.7
route_mutation,20260618T095021_970246,of:0000000000000007:1 -> of:000000000000000d:5,0.002,0.0025,0.002,0.002,2.23,2026-06-18T09:50:21,0.002,2.03
route_mutation,20260618T095021_970246,of:0000000000000007:2 -> of:000000000000000a:3,0.002,0.0025,0.002,0.002,2.26,2026-06-18T09:50:21,0.002,2.2
route_mutation,20260618T095021_970246,of:0000000000000002:2 -> of:0000000000000008:2,0.002,0.0025,0.002,0.002,2.33,2026-06-18T09:50:21,0.002,2.33
route_mutation,20260618T095021_970246,of:0000000000000008:1 -> of:000000000000000b:6,0.002,0.0025,0.002,0.002,1.7,2026-06-18T09:50:21,0.002,1.7
route_mutation,20260618T095021_970246,of:0000000000000009:1 -> of:000000000000000c:6,0.002,0.0025,0.002,0.002,1.7,2026-06-18T09:50:21,0.002,1.7
route_mutation,20260618T095021_970246,of:0000000000000001:2 -> of:000000000000000c:1,0.002,0.0025,0.002,0.002,2.86,2026-06-18T09:50:21,0.002,2.9
route_mutation,20260618T095021_970246,of:0000000000000003:2 -> of:0000000000000008:3,0.002,0.0025,0.002,0.002,2.3,2026-06-18T09:50:21,0.002,2.16
ip_shuffle,20260618T095052_255453,of:0000000000000005:1 -> of:000000000000000c:5,0.002,0.0025,0.002,0.002,1.56,2026-06-18T09:50:52,0.001,1.47
ip_shuffle,20260618T095052_255453,of:000000000000000a:1 -> of:000000000000000d:6,0.002,0.0025,0.002,0.002,1.53,2026-06-18T09:50:52,0.002,1.53
ip_shuffle,20260618T095052_255453,of:000000000000000b:2 -> of:000000000000000c:2,0.002,0.0025,0.002,0.002,1.73,2026-06-18T09:50:52,0.002,1.73
ip_shuffle,20260618T095052_255453,of:0000000000000004:2 -> of:0000000000000009:2,0.002,0.0025,0.002,0.002,1.7,2026-06-18T09:50:52,0.002,1.76
ip_shuffle,20260618T095052_255453,of:0000000000000005:2 -> of:0000000000000009:3,0.002,0.0025,0.002,0.002,1.7,2026-06-18T09:50:52,0.002,1.7
ip_shuffle,20260618T095052_255453,of:000000000000000b:3 -> of:000000000000000d:2,0.002,0.0025,0.002,0.002,1.73,2026-06-18T09:50:52,0.002,1.73
ip_shuffle,20260618T095052_255453,of:0000000000000004:1 -> of:000000000000000c:4,0.002,0.0025,0.002,0.002,1.56,2026-06-18T09:50:52,0.002,1.53
ip_shuffle,20260618T095052_255453,of:000000000000000c:3 -> of:000000000000000d:3,0.002,0.0025,0.002,0.002,1.73,2026-06-18T09:50:52,0.002,1.73
ip_shuffle,20260618T095052_255453,of:0000000000000001:1 -> of:000000000000000b:1,0.002,0.0025,0.002,0.002,1.53,2026-06-18T09:50:52,0.002,1.47
ip_shuffle,20260618T095052_255453,of:0000000000000006:1 -> of:000000000000000d:4,0.002,0.0025,0.002,0.001,1.5,2026-06-18T09:50:52,0.002,1.53
ip_shuffle,20260618T095052_255453,of:0000000000000002:1 -> of:000000000000000b:4,0.002,0.0025,0.002,0.002,1.47,2026-06-18T09:50:52,0.002,1.53
ip_shuffle,20260618T095052_255453,of:0000000000000001:3 -> of:000000000000000d:1,0.002,0.0025,0.002,0.002,2.13,2026-06-18T09:50:52,0.002,2.16
ip_shuffle,20260618T095052_255453,of:0000000000000006:2 -> of:000000000000000a:2,0.002,0.0025,0.002,0.002,1.76,2026-06-18T09:50:52,0.002,1.76
ip_shuffle,20260618T095052_255453,of:0000000000000003:1 -> of:000000000000000b:5,0.002,0.0025,0.002,0.001,1.5,2026-06-18T09:50:52,0.002,1.53
ip_shuffle,20260618T095052_255453,of:0000000000000007:1 -> of:000000000000000d:5,0.002,0.0025,0.002,0.002,2.26,2026-06-18T09:50:52,0.002,2.4
ip_shuffle,20260618T095052_255453,of:0000000000000007:2 -> of:000000000000000a:3,0.002,0.0025,0.002,0.002,1.73,2026-06-18T09:50:52,0.002,1.73
ip_shuffle,20260618T095052_255453,of:0000000000000002:2 -> of:0000000000000008:2,0.002,0.0025,0.002,0.002,1.66,2026-06-18T09:50:52,0.002,1.66
ip_shuffle,20260618T095052_255453,of:0000000000000008:1 -> of:000000000000000b:6,0.002,0.0025,0.002,0.002,1.53,2026-06-18T09:50:52,0.002,1.53
ip_shuffle,20260618T095052_255453,of:0000000000000009:1 -> of:000000000000000c:6,0.002,0.0025,0.002,0.002,1.53,2026-06-18T09:50:52,0.002,1.53
ip_shuffle,20260618T095052_255453,of:0000000000000001:2 -> of:000000000000000c:1,0.002,0.0025,0.002,0.002,1.53,2026-06-18T09:50:52,0.002,1.47
ip_shuffle,20260618T095052_255453,of:0000000000000003:2 -> of:0000000000000008:3,0.002,0.0025,0.002,0.001,1.63,2026-06-18T09:50:52,0.002,1.76
route_mutation,20260618T095149_916676,of:0000000000000005:1 -> of:000000000000000c:5,0.002,0.0025,0.002,0.002,2.53,2026-06-18T09:51:49,0.002,2.46
route_mutation,20260618T095149_916676,of:000000000000000a:1 -> of:000000000000000d:6,0.001,0.00125,0.001,0.001,1.6,2026-06-18T09:51:49,0.001,1.6
route_mutation,20260618T095149_916676,of:000000000000000b:2 -> of:000000000000000c:2,0.002,0.0025,0.002,0.002,2.0,2026-06-18T09:51:49,0.002,2.0
route_mutation,20260618T095149_916676,of:0000000000000004:2 -> of:0000000000000009:2,0.002,0.0025,0.002,0.002,2.13,2026-06-18T09:51:49,0.002,2.0
route_mutation,20260618T095149_916676,of:0000000000000005:2 -> of:0000000000000009:3,0.002,0.0025,0.002,0.002,2.13,2026-06-18T09:51:49,0.002,2.06
route_mutation,20260618T095149_916676,of:000000000000000b:3 -> of:000000000000000d:2,0.002,0.0025,0.002,0.002,2.0,2026-06-18T09:51:49,0.002,2.0
route_mutation,20260618T095149_916676,of:0000000000000004:1 -> of:000000000000000c:4,0.002,0.0025,0.002,0.002,2.4,2026-06-18T09:51:49,0.002,2.26
route_mutation,20260618T095149_916676,of:000000000000000c:3 -> of:000000000000000d:3,0.002,0.0025,0.002,0.002,2.0,2026-06-18T09:51:49,0.002,2.0
route_mutation,20260618T095149_916676,of:0000000000000001:1 -> of:000000000000000b:1,0.002,0.0025,0.002,0.002,1.66,2026-06-18T09:51:49,0.002,1.76
route_mutation,20260618T095149_916676,of:0000000000000006:1 -> of:000000000000000d:4,0.002,0.0025,0.002,0.002,2.83,2026-06-18T09:51:49,0.002,2.7
route_mutation,20260618T095149_916676,of:0000000000000002:1 -> of:000000000000000b:4,0.002,0.0025,0.002,0.002,1.76,2026-06-18T09:51:49,0.002,1.66
route_mutation,20260618T095149_916676,of:0000000000000001:3 -> of:000000000000000d:1,0.003,0.00375,0.003,0.003,3.4,2026-06-18T09:51:49,0.003,3.36
route_mutation,20260618T095149_916676,of:0000000000000006:2 -> of:000000000000000a:2,0.002,0.0025,0.002,0.002,2.13,2026-06-18T09:51:49,0.002,2.0
route_mutation,20260618T095149_916676,of:0000000000000003:1 -> of:000000000000000b:5,0.002,0.0025,0.002,0.002,1.73,2026-06-18T09:51:49,0.001,1.6
route_mutation,20260618T095149_916676,of:0000000000000007:1 -> of:000000000000000d:5,0.002,0.0025,0.002,0.002,2.5,2026-06-18T09:51:49,0.002,2.4
route_mutation,20260618T095149_916676,of:0000000000000007:2 -> of:000000000000000a:3,0.002,0.0025,0.002,0.002,2.13,2026-06-18T09:51:49,0.002,2.0
route_mutation,20260618T095149_916676,of:0000000000000002:2 -> of:0000000000000008:2,0.002,0.0025,0.002,0.002,2.16,2026-06-18T09:51:49,0.002,2.16
route_mutation,20260618T095149_916676,of:0000000000000008:1 -> of:000000000000000b:6,0.001,0.00125,0.001,0.001,1.6,2026-06-18T09:51:49,0.001,1.6
route_mutation,20260618T095149_916676,of:0000000000000009:1 -> of:000000000000000c:6,0.001,0.00125,0.001,0.001,1.6,2026-06-18T09:51:49,0.001,1.6
route_mutation,20260618T095149_916676,of:0000000000000001:2 -> of:000000000000000c:1,0.003,0.00375,0.003,0.002,2.86,2026-06-18T09:51:49,0.003,2.96
route_mutation,20260618T095149_916676,of:0000000000000003:2 -> of:0000000000000008:3,0.002,0.0025,0.002,0.002,2.13,2026-06-18T09:51:49,0.002,2.0
route_mutation,20260618T095220_184292,of:0000000000000005:1 -> of:000000000000000c:5,0.002,0.0025,0.002,0.002,1.53,2026-06-18T09:52:20,0.001,1.46
route_mutation,20260618T095220_184292,of:000000000000000a:1 -> of:000000000000000d:6,0.002,0.0025,0.002,0.002,1.53,2026-06-18T09:52:20,0.002,1.53
route_mutation,20260618T095220_184292,of:000000000000000b:2 -> of:000000000000000c:2,0.002,0.0025,0.002,0.002,1.73,2026-06-18T09:52:20,0.002,1.73
route_mutation,20260618T095220_184292,of:0000000000000004:2 -> of:0000000000000009:2,0.002,0.0025,0.002,0.002,1.66,2026-06-18T09:52:20,0.002,1.73
route_mutation,20260618T095220_184292,of:0000000000000005:2 -> of:0000000000000009:3,0.002,0.0025,0.002,0.002,1.66,2026-06-18T09:52:20,0.002,1.66
route_mutation,20260618T095220_184292,of:000000000000000b:3 -> of:000000000000000d:2,0.002,0.0025,0.002,0.002,1.73,2026-06-18T09:52:20,0.002,1.73
route_mutation,20260618T095220_184292,of:0000000000000004:1 -> of:000000000000000c:4,0.002,0.0025,0.002,0.002,1.53,2026-06-18T09:52:20,0.002,1.53
route_mutation,20260618T095220_184292,of:000000000000000c:3 -> of:000000000000000d:3,0.002,0.0025,0.002,0.002,1.73,2026-06-18T09:52:20,0.002,1.73
route_mutation,20260618T095220_184292,of:0000000000000001:1 -> of:000000000000000b:1,0.002,0.0025,0.002,0.002,1.53,2026-06-18T09:52:20,0.002,1.43
route_mutation,20260618T095220_184292,of:0000000000000006:1 -> of:000000000000000d:4,0.002,0.0025,0.002,0.001,1.46,2026-06-18T09:52:20,0.002,1.53
route_mutation,20260618T095220_184292,of:0000000000000002:1 -> of:000000000000000b:4,0.002,0.0025,0.002,0.002,1.43,2026-06-18T09:52:20,0.002,1.53
route_mutation,20260618T095220_184292,of:0000000000000001:3 -> of:000000000000000d:1,0.002,0.0025,0.002,0.002,1.96,2026-06-18T09:52:20,0.002,2.06
route_mutation,20260618T095220_184292,of:0000000000000006:2 -> of:000000000000000a:2,0.002,0.0025,0.002,0.002,1.66,2026-06-18T09:52:20,0.002,1.73
route_mutation,20260618T095220_184292,of:0000000000000003:1 -> of:000000000000000b:5,0.002,0.0025,0.002,0.002,1.6,2026-06-18T09:52:20,0.002,1.66
route_mutation,20260618T095220_184292,of:0000000000000007:1 -> of:000000000000000d:5,0.002,0.0025,0.002,0.002,2.1,2026-06-18T09:52:20,0.002,2.13
route_mutation,20260618T095220_184292,of:0000000000000007:2 -> of:000000000000000a:3,0.002,0.0025,0.002,0.002,1.66,2026-06-18T09:52:20,0.002,1.73
route_mutation,20260618T095220_184292,of:0000000000000002:2 -> of:0000000000000008:2,0.002,0.0025,0.002,0.002,1.63,2026-06-18T09:52:20,0.002,1.63
route_mutation,20260618T095220_184292,of:0000000000000008:1 -> of:000000000000000b:6,0.002,0.0025,0.002,0.002,1.53,2026-06-18T09:52:20,0.002,1.53
route_mutation,20260618T095220_184292,of:0000000000000009:1 -> of:000000000000000c:6,0.002,0.0025,0.002,0.002,1.53,2026-06-18T09:52:20,0.002,1.53
route_mutation,20260618T095220_184292,of:0000000000000001:2 -> of:000000000000000c:1,0.002,0.0025,0.002,0.002,1.53,2026-06-18T09:52:20,0.002,1.43
route_mutation,20260618T095220_184292,of:0000000000000003:2 -> of:0000000000000008:3,0.002,0.0025,0.002,0.002,1.8,2026-06-18T09:52:20,0.002,1.86
ip_shuffle,20260618T095250_430506,of:0000000000000005:1 -> of:000000000000000c:5,0.002,0.0025,0.002,0.001,1.4,2026-06-18T09:52:50,0.002,1.53
ip_shuffle,20260618T095250_430506,of:000000000000000a:1 -> of:000000000000000d:6,0.002,0.0025,0.002,0.002,1.53,2026-06-18T09:52:50,0.002,1.53
ip_shuffle,20260618T095250_430506,of:000000000000000b:2 -> of:000000000000000c:2,0.002,0.0025,0.002,0.002,1.73,2026-06-18T09:52:50,0.002,1.73
ip_shuffle,20260618T095250_430506,of:0000000000000004:2 -> of:0000000000000009:2,0.002,0.0025,0.002,0.002,1.66,2026-06-18T09:52:50,0.002,1.73
ip_shuffle,20260618T095250_430506,of:0000000000000005:2 -> of:0000000000000009:3,0.002,0.0025,0.002,0.002,1.66,2026-06-18T09:52:50,0.002,1.73
ip_shuffle,20260618T095250_430506,of:000000000000000b:3 -> of:000000000000000d:2,0.002,0.0025,0.002,0.002,1.73,2026-06-18T09:52:50,0.002,1.73
ip_shuffle,20260618T095250_430506,of:0000000000000004:1 -> of:000000000000000c:4,0.002,0.0025,0.002,0.002,1.6,2026-06-18T09:52:50,0.002,1.73
ip_shuffle,20260618T095250_430506,of:000000000000000c:3 -> of:000000000000000d:3,0.002,0.0025,0.002,0.002,1.73,2026-06-18T09:52:50,0.002,1.73
ip_shuffle,20260618T095250_430506,of:0000000000000001:1 -> of:000000000000000b:1,0.003,0.00375,0.003,0.003,3.53,2026-06-18T09:52:50,0.003,3.53
ip_shuffle,20260618T095250_430506,of:0000000000000006:1 -> of:000000000000000d:4,0.002,0.0025,0.002,0.001,1.46,2026-06-18T09:52:50,0.002,1.53
ip_shuffle,20260618T095250_430506,of:0000000000000002:1 -> of:000000000000000b:4,0.002,0.0025,0.002,0.002,2.5,2026-06-18T09:52:50,0.002,2.5
ip_shuffle,20260618T095250_430506,of:0000000000000001:3 -> of:000000000000000d:1,0.002,0.0025,0.002,0.002,1.53,2026-06-18T09:52:50,0.001,1.46
ip_shuffle,20260618T095250_430506,of:0000000000000006:2 -> of:000000000000000a:2,0.002,0.0025,0.002,0.002,1.66,2026-06-18T09:52:50,0.002,1.73
ip_shuffle,20260618T095250_430506,of:0000000000000003:1 -> of:000000000000000b:5,0.002,0.0025,0.002,0.002,2.5,2026-06-18T09:52:50,0.002,2.5
ip_shuffle,20260618T095250_430506,of:0000000000000007:1 -> of:000000000000000d:5,0.002,0.0025,0.002,0.001,1.46,2026-06-18T09:52:50,0.002,1.53
ip_shuffle,20260618T095250_430506,of:0000000000000007:2 -> of:000000000000000a:3,0.002,0.0025,0.002,0.002,1.66,2026-06-18T09:52:50,0.002,1.73
ip_shuffle,20260618T095250_430506,of:0000000000000002:2 -> of:0000000000000008:2,0.002,0.0025,0.002,0.002,1.66,2026-06-18T09:52:50,0.002,1.66
ip_shuffle,20260618T095250_430506,of:0000000000000008:1 -> of:000000000000000b:6,0.002,0.0025,0.002,0.002,1.53,2026-06-18T09:52:50,0.002,1.53
ip_shuffle,20260618T095250_430506,of:0000000000000009:1 -> of:000000000000000c:6,0.002,0.0025,0.002,0.002,1.53,2026-06-18T09:52:50,0.002,1.53
ip_shuffle,20260618T095250_430506,of:0000000000000001:2 -> of:000000000000000c:1,0.002,0.0025,0.002,0.002,1.93,2026-06-18T09:52:50,0.002,1.93
ip_shuffle,20260618T095250_430506,of:0000000000000003:2 -> of:0000000000000008:3,0.002,0.0025,0.002,0.002,1.66,2026-06-18T09:52:50,0.002,1.66
route_mutation,20260618T095354_450340,of:0000000000000005:1 -> of:000000000000000c:5,0.002,0.0025,0.002,0.002,1.53,2026-06-18T09:53:54,0.001,1.43
route_mutation,20260618T095354_450340,of:000000000000000a:1 -> of:000000000000000d:6,0.002,0.0025,0.002,0.002,1.5,2026-06-18T09:53:54,0.002,1.5
route_mutation,20260618T095354_450340,of:000000000000000b:2 -> of:000000000000000c:2,0.002,0.0025,0.002,0.002,1.66,2026-06-18T09:53:54,0.002,1.66
route_mutation,20260618T095354_450340,of:0000000000000004:2 -> of:0000000000000009:2,0.002,0.0025,0.002,0.002,1.76,2026-06-18T09:53:54,0.002,1.76
route_mutation,20260618T095354_450340,of:0000000000000005:2 -> of:0000000000000009:3,0.002,0.0025,0.002,0.002,1.7,2026-06-18T09:53:54,0.002,1.63
route_mutation,20260618T095354_450340,of:000000000000000b:3 -> of:000000000000000d:2,0.002,0.0025,0.002,0.002,1.66,2026-06-18T09:53:54,0.002,1.66
route_mutation,20260618T095354_450340,of:0000000000000004:1 -> of:000000000000000c:4,0.002,0.0025,0.002,0.002,1.6,2026-06-18T09:53:54,0.002,1.56
route_mutation,20260618T095354_450340,of:000000000000000c:3 -> of:000000000000000d:3,0.002,0.0025,0.002,0.002,1.66,2026-06-18T09:53:54,0.002,1.66
route_mutation,20260618T095354_450340,of:0000000000000001:1 -> of:000000000000000b:1,0.002,0.0025,0.002,0.002,1.5,2026-06-18T09:53:54,0.002,1.4
route_mutation,20260618T095354_450340,of:0000000000000006:1 -> of:000000000000000d:4,0.002,0.0025,0.002,0.001,1.46,2026-06-18T09:53:54,0.002,1.5
route_mutation,20260618T095354_450340,of:0000000000000002:1 -> of:000000000000000b:4,0.002,0.0025,0.002,0.002,1.4,2026-06-18T09:53:54,0.002,1.5
route_mutation,20260618T095354_450340,of:0000000000000001:3 -> of:000000000000000d:1,0.002,0.0025,0.002,0.002,1.86,2026-06-18T09:53:54,0.002,2.0
route_mutation,20260618T095354_450340,of:0000000000000006:2 -> of:000000000000000a:2,0.002,0.0025,0.002,0.002,1.63,2026-06-18T09:53:54,0.002,1.7
route_mutation,20260618T095354_450340,of:0000000000000003:1 -> of:000000000000000b:5,0.002,0.0025,0.002,0.002,1.4,2026-06-18T09:53:54,0.002,1.5
route_mutation,20260618T095354_450340,of:0000000000000007:1 -> of:000000000000000d:5,0.002,0.0025,0.002,0.002,2.06,2026-06-18T09:53:54,0.002,2.13
route_mutation,20260618T095354_450340,of:0000000000000007:2 -> of:000000000000000a:3,0.002,0.0025,0.002,0.002,1.63,2026-06-18T09:53:54,0.002,1.7
route_mutation,20260618T095354_450340,of:0000000000000002:2 -> of:0000000000000008:2,0.002,0.0025,0.002,0.002,1.6,2026-06-18T09:53:54,0.002,1.6
route_mutation,20260618T095354_450340,of:0000000000000008:1 -> of:000000000000000b:6,0.002,0.0025,0.002,0.002,1.53,2026-06-18T09:53:54,0.002,1.5
route_mutation,20260618T095354_450340,of:0000000000000009:1 -> of:000000000000000c:6,0.002,0.0025,0.002,0.002,1.5,2026-06-18T09:53:54,0.002,1.5
route_mutation,20260618T095354_450340,of:0000000000000001:2 -> of:000000000000000c:1,0.002,0.0025,0.002,0.002,1.5,2026-06-18T09:53:54,0.002,1.4
route_mutation,20260618T095354_450340,of:0000000000000003:2 -> of:0000000000000008:3,0.002,0.0025,0.002,0.002,1.6,2026-06-18T09:53:54,0.002,1.6
route_mutation,20260618T095424_686620,of:0000000000000005:1 -> of:000000000000000c:5,0.002,0.0025,0.002,0.001,1.4,2026-06-18T09:54:24,0.002,1.53
route_mutation,20260618T095424_686620,of:000000000000000a:1 -> of:000000000000000d:6,0.002,0.0025,0.002,0.002,1.53,2026-06-18T09:54:24,0.002,1.53
route_mutation,20260618T095424_686620,of:000000000000000b:2 -> of:000000000000000c:2,0.002,0.0025,0.002,0.002,1.73,2026-06-18T09:54:24,0.002,1.73
route_mutation,20260618T095424_686620,of:0000000000000004:2 -> of:0000000000000009:2,0.002,0.0025,0.002,0.002,1.66,2026-06-18T09:54:24,0.002,1.66
route_mutation,20260618T095424_686620,of:0000000000000005:2 -> of:0000000000000009:3,0.002,0.0025,0.002,0.001,1.6,2026-06-18T09:54:24,0.002,1.73
route_mutation,20260618T095424_686620,of:000000000000000b:3 -> of:000000000000000d:2,0.002,0.0025,0.002,0.002,1.73,2026-06-18T09:54:24,0.002,1.73
route_mutation,20260618T095424_686620,of:0000000000000004:1 -> of:000000000000000c:4,0.002,0.0025,0.002,0.002,2.06,2026-06-18T09:54:24,0.002,2.06
route_mutation,20260618T095424_686620,of:000000000000000c:3 -> of:000000000000000d:3,0.002,0.0025,0.002,0.002,1.73,2026-06-18T09:54:24,0.002,1.73
route_mutation,20260618T095424_686620,of:0000000000000001:1 -> of:000000000000000b:1,0.003,0.00375,0.003,0.003,3.53,2026-06-18T09:54:24,0.003,3.53
route_mutation,20260618T095424_686620,of:0000000000000006:1 -> of:000000000000000d:4,0.002,0.0025,0.002,0.001,1.46,2026-06-18T09:54:24,0.002,1.53
route_mutation,20260618T095424_686620,of:0000000000000002:1 -> of:000000000000000b:4,0.002,0.0025,0.002,0.002,2.5,2026-06-18T09:54:24,0.002,2.56
route_mutation,20260618T095424_686620,of:0000000000000001:3 -> of:000000000000000d:1,0.002,0.0025,0.002,0.002,1.53,2026-06-18T09:54:24,0.001,1.46
route_mutation,20260618T095424_686620,of:0000000000000006:2 -> of:000000000000000a:2,0.002,0.0025,0.002,0.002,1.66,2026-06-18T09:54:24,0.002,1.73
route_mutation,20260618T095424_686620,of:0000000000000003:1 -> of:000000000000000b:5,0.002,0.0025,0.002,0.002,2.5,2026-06-18T09:54:24,0.002,2.5
route_mutation,20260618T095424_686620,of:0000000000000007:1 -> of:000000000000000d:5,0.002,0.0025,0.002,0.002,1.53,2026-06-18T09:54:24,0.002,1.53
route_mutation,20260618T095424_686620,of:0000000000000007:2 -> of:000000000000000a:3,0.002,0.0025,0.002,0.002,1.73,2026-06-18T09:54:24,0.002,1.73
route_mutation,20260618T095424_686620,of:0000000000000002:2 -> of:0000000000000008:2,0.002,0.0025,0.002,0.002,1.66,2026-06-18T09:54:24,0.002,1.73
route_mutation,20260618T095424_686620,of:0000000000000008:1 -> of:000000000000000b:6,0.002,0.0025,0.002,0.002,1.53,2026-06-18T09:54:24,0.002,1.53
route_mutation,20260618T095424_686620,of:0000000000000009:1 -> of:000000000000000c:6,0.002,0.0025,0.002,0.002,1.53,2026-06-18T09:54:24,0.002,1.53
route_mutation,20260618T095424_686620,of:0000000000000001:2 -> of:000000000000000c:1,0.002,0.0025,0.002,0.002,2.1,2026-06-18T09:54:24,0.002,2.0
route_mutation,20260618T095424_686620,of:0000000000000003:2 -> of:0000000000000008:3,0.002,0.0025,0.002,0.002,1.66,2026-06-18T09:54:24,0.002,1.66
route_mutation,20260618T095454_951206,of:0000000000000005:1 -> of:000000000000000c:5,0.002,0.0025,0.002,0.002,2.56,2026-06-18T09:54:54,0.002,2.53
route_mutation,20260618T095454_951206,of:000000000000000a:1 -> of:000000000000000d:6,0.002,0.0025,0.002,0.002,1.73,2026-06-18T09:54:54,0.002,1.73
route_mutation,20260618T095454_951206,of:000000000000000b:2 -> of:000000000000000c:2,0.002,0.0025,0.002,0.002,2.13,2026-06-18T09:54:54,0.002,2.13
route_mutation,20260618T095454_951206,of:0000000000000004:2 -> of:0000000000000009:2,0.002,0.0025,0.002,0.002,2.33,2026-06-18T09:54:54,0.002,2.26
route_mutation,20260618T095454_951206,of:0000000000000005:2 -> of:0000000000000009:3,0.002,0.0025,0.002,0.002,2.2,2026-06-18T09:54:54,0.002,2.13
route_mutation,20260618T095454_951206,of:000000000000000b:3 -> of:000000000000000d:2,0.002,0.0025,0.002,0.002,2.2,2026-06-18T09:54:54,0.002,2.2
route_mutation,20260618T095454_951206,of:0000000000000004:1 -> of:000000000000000c:4,0.002,0.0025,0.002,0.002,2.1,2026-06-18T09:54:54,0.002,1.93
route_mutation,20260618T095454_951206,of:000000000000000c:3 -> of:000000000000000d:3,0.002,0.0025,0.002,0.002,2.2,2026-06-18T09:54:54,0.002,2.2
route_mutation,20260618T095454_951206,of:0000000000000001:1 -> of:000000000000000b:1,0.002,0.0025,0.002,0.002,1.73,2026-06-18T09:54:54,0.002,1.83
route_mutation,20260618T095454_951206,of:0000000000000006:1 -> of:000000000000000d:4,0.002,0.0025,0.002,0.002,2.93,2026-06-18T09:54:54,0.002,2.9
route_mutation,20260618T095454_951206,of:0000000000000002:1 -> of:000000000000000b:4,0.002,0.0025,0.002,0.002,1.83,2026-06-18T09:54:54,0.001,1.66
route_mutation,20260618T095454_951206,of:0000000000000001:3 -> of:000000000000000d:1,0.003,0.00375,0.003,0.003,3.66,2026-06-18T09:54:54,0.003,3.66
route_mutation,20260618T095454_951206,of:0000000000000006:2 -> of:000000000000000a:2,0.002,0.0025,0.002,0.002,2.23,2026-06-18T09:54:54,0.002,2.1
route_mutation,20260618T095454_951206,of:0000000000000003:1 -> of:000000000000000b:5,0.002,0.0025,0.002,0.002,1.9,2026-06-18T09:54:54,0.002,1.73
route_mutation,20260618T095454_951206,of:0000000000000007:1 -> of:000000000000000d:5,0.002,0.0025,0.002,0.002,2.6,2026-06-18T09:54:54,0.002,2.56
route_mutation,20260618T095454_951206,of:0000000000000007:2 -> of:000000000000000a:3,0.002,0.0025,0.002,0.002,2.16,2026-06-18T09:54:54,0.002,2.1
route_mutation,20260618T095454_951206,of:0000000000000002:2 -> of:0000000000000008:2,0.002,0.0025,0.002,0.002,2.26,2026-06-18T09:54:54,0.002,2.2
route_mutation,20260618T095454_951206,of:0000000000000008:1 -> of:000000000000000b:6,0.001,0.00125,0.001,0.001,1.63,2026-06-18T09:54:54,0.001,1.66
route_mutation,20260618T095454_951206,of:0000000000000009:1 -> of:000000000000000c:6,0.001,0.00125,0.001,0.001,1.63,2026-06-18T09:54:54,0.001,1.66
route_mutation,20260618T095454_951206,of:0000000000000001:2 -> of:000000000000000c:1,0.002,0.0025,0.002,0.002,2.7,2026-06-18T09:54:54,0.002,2.9
route_mutation,20260618T095454_951206,of:0000000000000003:2 -> of:0000000000000008:3,0.002,0.0025,0.002,0.002,2.33,2026-06-18T09:54:54,0.002,2.26
route_mutation,20260618T095525_209500,of:0000000000000005:1 -> of:000000000000000c:5,0.002,0.0025,0.002,0.002,1.5,2026-06-18T09:55:25,0.001,1.4
route_mutation,20260618T095525_209500,of:000000000000000a:1 -> of:000000000000000d:6,0.001,0.00125,0.001,0.001,1.4,2026-06-18T09:55:25,0.001,1.4
route_mutation,20260618T095525_209500,of:000000000000000b:2 -> of:000000000000000c:2,0.002,0.0025,0.002,0.002,1.6,2026-06-18T09:55:25,0.002,1.6
route_mutation,20260618T095525_209500,of:0000000000000004:2 -> of:0000000000000009:2,0.002,0.0025,0.002,0.001,1.46,2026-06-18T09:55:25,0.002,1.53
route_mutation,20260618T095525_209500,of:0000000000000005:2 -> of:0000000000000009:3,0.002,0.0025,0.002,0.002,1.66,2026-06-18T09:55:25,0.002,1.6
route_mutation,20260618T095525_209500,of:000000000000000b:3 -> of:000000000000000d:2,0.002,0.0025,0.002,0.002,1.53,2026-06-18T09:55:25,0.002,1.53
route_mutation,20260618T095525_209500,of:0000000000000004:1 -> of:000000000000000c:4,0.002,0.0025,0.002,0.001,1.3,2026-06-18T09:55:25,0.002,1.46
route_mutation,20260618T095525_209500,of:000000000000000c:3 -> of:000000000000000d:3,0.002,0.0025,0.002,0.002,1.53,2026-06-18T09:55:25,0.002,1.53
route_mutation,20260618T095525_209500,of:0000000000000001:1 -> of:000000000000000b:1,0.002,0.0025,0.002,0.002,1.46,2026-06-18T09:55:25,0.001,1.36
route_mutation,20260618T095525_209500,of:0000000000000006:1 -> of:000000000000000d:4,0.001,0.00125,0.001,0.001,1.43,2026-06-18T09:55:25,0.001,1.4
route_mutation,20260618T095525_209500,of:0000000000000002:1 -> of:000000000000000b:4,0.002,0.0025,0.002,0.001,1.36,2026-06-18T09:55:25,0.002,1.46
route_mutation,20260618T095525_209500,of:0000000000000001:3 -> of:000000000000000d:1,0.002,0.0025,0.002,0.002,1.76,2026-06-18T09:55:25,0.002,1.83
route_mutation,20260618T095525_209500,of:0000000000000006:2 -> of:000000000000000a:2,0.002,0.0025,0.002,0.002,1.56,2026-06-18T09:55:25,0.002,1.63
route_mutation,20260618T095525_209500,of:0000000000000003:1 -> of:000000000000000b:5,0.002,0.0025,0.002,0.001,1.3,2026-06-18T09:55:25,0.002,1.46
route_mutation,20260618T095525_209500,of:0000000000000007:1 -> of:000000000000000d:5,0.002,0.0025,0.002,0.002,1.93,2026-06-18T09:55:25,0.002,1.96
route_mutation,20260618T095525_209500,of:0000000000000007:2 -> of:000000000000000a:3,0.002,0.0025,0.002,0.002,1.56,2026-06-18T09:55:25,0.002,1.63
route_mutation,20260618T095525_209500,of:0000000000000002:2 -> of:0000000000000008:2,0.002,0.0025,0.002,0.002,1.53,2026-06-18T09:55:25,0.002,1.53
route_mutation,20260618T095525_209500,of:0000000000000008:1 -> of:000000000000000b:6,0.002,0.0025,0.002,0.002,1.5,2026-06-18T09:55:25,0.002,1.46
route_mutation,20260618T095525_209500,of:0000000000000009:1 -> of:000000000000000c:6,0.002,0.0025,0.002,0.002,1.5,2026-06-18T09:55:25,0.002,1.46
route_mutation,20260618T095525_209500,of:0000000000000001:2 -> of:000000000000000c:1,0.002,0.0025,0.002,0.002,1.46,2026-06-18T09:55:25,0.001,1.36
route_mutation,20260618T095525_209500,of:0000000000000003:2 -> of:0000000000000008:3,0.002,0.0025,0.002,0.001,1.46,2026-06-18T09:55:25,0.002,1.53
route_mutation,20260618T095555_482761,of:0000000000000005:1 -> of:000000000000000c:5,0.002,0.0025,0.002,0.001,1.43,2026-06-18T09:55:55,0.002,1.56
route_mutation,20260618T095555_482761,of:000000000000000a:1 -> of:000000000000000d:6,0.002,0.0025,0.002,0.002,1.53,2026-06-18T09:55:55,0.002,1.53
route_mutation,20260618T095555_482761,of:000000000000000b:2 -> of:000000000000000c:2,0.002,0.0025,0.002,0.002,1.73,2026-06-18T09:55:55,0.002,1.73
route_mutation,20260618T095555_482761,of:0000000000000004:2 -> of:0000000000000009:2,0.002,0.0025,0.002,0.002,1.66,2026-06-18T09:55:55,0.002,1.66
route_mutation,20260618T095555_482761,of:0000000000000005:2 -> of:0000000000000009:3,0.002,0.0025,0.002,0.001,1.6,2026-06-18T09:55:55,0.002,1.73
route_mutation,20260618T095555_482761,of:000000000000000b:3 -> of:000000000000000d:2,0.002,0.0025,0.002,0.002,1.73,2026-06-18T09:55:55,0.002,1.73
route_mutation,20260618T095555_482761,of:0000000000000004:1 -> of:000000000000000c:4,0.002,0.0025,0.002,0.002,2.1,2026-06-18T09:55:55,0.002,2.1
route_mutation,20260618T095555_482761,of:000000000000000c:3 -> of:000000000000000d:3,0.002,0.0025,0.002,0.002,1.73,2026-06-18T09:55:55,0.002,1.73
route_mutation,20260618T095555_482761,of:0000000000000001:1 -> of:000000000000000b:1,0.003,0.00375,0.003,0.003,3.53,2026-06-18T09:55:55,0.003,3.6
route_mutation,20260618T095555_482761,of:0000000000000006:1 -> of:000000000000000d:4,0.002,0.0025,0.002,0.001,1.47,2026-06-18T09:55:55,0.002,1.53
route_mutation,20260618T095555_482761,of:0000000000000002:1 -> of:000000000000000b:4,0.002,0.0025,0.002,0.002,2.5,2026-06-18T09:55:55,0.002,2.56
route_mutation,20260618T095555_482761,of:0000000000000001:3 -> of:000000000000000d:1,0.002,0.0025,0.002,0.002,1.53,2026-06-18T09:55:55,0.002,1.53
route_mutation,20260618T095555_482761,of:0000000000000006:2 -> of:000000000000000a:2,0.002,0.0025,0.002,0.002,1.66,2026-06-18T09:55:55,0.002,1.73
route_mutation,20260618T095555_482761,of:0000000000000003:1 -> of:000000000000000b:5,0.002,0.0025,0.002,0.002,2.5,2026-06-18T09:55:55,0.002,2.5
route_mutation,20260618T095555_482761,of:0000000000000007:1 -> of:000000000000000d:5,0.002,0.0025,0.002,0.002,1.53,2026-06-18T09:55:55,0.002,1.53
route_mutation,20260618T095555_482761,of:0000000000000007:2 -> of:000000000000000a:3,0.002,0.0025,0.002,0.002,1.73,2026-06-18T09:55:55,0.002,1.73
route_mutation,20260618T095555_482761,of:0000000000000002:2 -> of:0000000000000008:2,0.002,0.0025,0.002,0.002,1.66,2026-06-18T09:55:55,0.002,1.73
route_mutation,20260618T095555_482761,of:0000000000000008:1 -> of:000000000000000b:6,0.002,0.0025,0.002,0.002,1.53,2026-06-18T09:55:55,0.002,1.53
route_mutation,20260618T095555_482761,of:0000000000000009:1 -> of:000000000000000c:6,0.002,0.0025,0.002,0.002,1.53,2026-06-18T09:55:55,0.002,1.53
route_mutation,20260618T095555_482761,of:0000000000000001:2 -> of:000000000000000c:1,0.002,0.0025,0.002,0.002,2.2,2026-06-18T09:55:55,0.002,2.2
route_mutation,20260618T095555_482761,of:0000000000000003:2 -> of:0000000000000008:3,0.002,0.0025,0.002,0.002,1.66,2026-06-18T09:55:55,0.002,1.66
route_mutation,20260618T095625_745370,of:0000000000000005:1 -> of:000000000000000c:5,0.002,0.0025,0.002,0.002,2.36,2026-06-18T09:56:25,0.002,2.33
route_mutation,20260618T095625_745370,of:000000000000000a:1 -> of:000000000000000d:6,0.002,0.0025,0.002,0.002,1.53,2026-06-18T09:56:25,0.002,1.53
route_mutation,20260618T095625_745370,of:000000000000000b:2 -> of:000000000000000c:2,0.002,0.0025,0.002,0.002,1.73,2026-06-18T09:56:25,0.002,1.73
route_mutation,20260618T095625_745370,of:0000000000000004:2 -> of:0000000000000009:2,0.002,0.0025,0.002,0.002,1.86,2026-06-18T09:56:25,0.002,1.8
route_mutation,20260618T095625_745370,of:0000000000000005:2 -> of:0000000000000009:3,0.002,0.0025,0.002,0.002,1.8,2026-06-18T09:56:25,0.002,1.73
route_mutation,20260618T095625_745370,of:000000000000000b:3 -> of:000000000000000d:2,0.002,0.0025,0.002,0.002,1.8,2026-06-18T09:56:25,0.002,1.8
route_mutation,20260618T095625_745370,of:0000000000000004:1 -> of:000000000000000c:4,0.002,0.0025,0.002,0.002,1.8,2026-06-18T09:56:25,0.002,1.7
route_mutation,20260618T095625_745370,of:000000000000000c:3 -> of:000000000000000d:3,0.002,0.0025,0.002,0.002,1.8,2026-06-18T09:56:25,0.002,1.8
route_mutation,20260618T095625_745370,of:0000000000000001:1 -> of:000000000000000b:1,0.002,0.0025,0.002,0.002,1.53,2026-06-18T09:56:25,0.001,1.5
route_mutation,20260618T095625_745370,of:0000000000000006:1 -> of:000000000000000d:4,0.002,0.0025,0.002,0.002,2.7,2026-06-18T09:56:25,0.002,2.66
route_mutation,20260618T095625_745370,of:0000000000000002:1 -> of:000000000000000b:4,0.002,0.0025,0.002,0.002,1.56,2026-06-18T09:56:25,0.001,1.47
route_mutation,20260618T095625_745370,of:0000000000000001:3 -> of:000000000000000d:1,0.002,0.0025,0.002,0.002,2.76,2026-06-18T09:56:25,0.002,2.76
route_mutation,20260618T095625_745370,of:0000000000000006:2 -> of:000000000000000a:2,0.002,0.0025,0.002,0.002,1.83,2026-06-18T09:56:25,0.002,1.7
route_mutation,20260618T095625_745370,of:0000000000000003:1 -> of:000000000000000b:5,0.002,0.0025,0.002,0.002,1.63,2026-06-18T09:56:25,0.002,1.53
route_mutation,20260618T095625_745370,of:0000000000000007:1 -> of:000000000000000d:5,0.002,0.0025,0.002,0.002,1.86,2026-06-18T09:56:25,0.002,1.83
route_mutation,20260618T095625_745370,of:0000000000000007:2 -> of:000000000000000a:3,0.002,0.0025,0.002,0.002,1.76,2026-06-18T09:56:25,0.002,1.7
route_mutation,20260618T095625_745370,of:0000000000000002:2 -> of:0000000000000008:2,0.002,0.0025,0.002,0.002,1.8,2026-06-18T09:56:25,0.002,1.73
route_mutation,20260618T095625_745370,of:0000000000000008:1 -> of:000000000000000b:6,0.001,0.00125,0.001,0.001,1.43,2026-06-18T09:56:25,0.001,1.47
route_mutation,20260618T095625_745370,of:0000000000000009:1 -> of:000000000000000c:6,0.001,0.00125,0.001,0.001,1.47,2026-06-18T09:56:25,0.001,1.47
route_mutation,20260618T095625_745370,of:0000000000000001:2 -> of:000000000000000c:1,0.002,0.0025,0.002,0.002,2.4,2026-06-18T09:56:25,0.002,2.43
route_mutation,20260618T095625_745370,of:0000000000000003:2 -> of:0000000000000008:3,0.002,0.0025,0.002,0.002,1.86,2026-06-18T09:56:25,0.002,1.8
ip_shuffle,20260618T095655_933501,of:0000000000000005:1 -> of:000000000000000c:5,0.002,0.0025,0.002,0.002,1.7,2026-06-18T09:56:55,0.002,1.6
ip_shuffle,20260618T095655_933501,of:000000000000000a:1 -> of:000000000000000d:6,0.002,0.0025,0.002,0.002,1.6,2026-06-18T09:56:55,0.002,1.6
ip_shuffle,20260618T095655_933501,of:000000000000000b:2 -> of:000000000000000c:2,0.002,0.0025,0.002,0.002,2.0,2026-06-18T09:56:55,0.002,2.0
ip_shuffle,20260618T095655_933501,of:0000000000000004:2 -> of:0000000000000009:2,0.002,0.0025,0.002,0.002,1.93,2026-06-18T09:56:55,0.002,2.0
ip_shuffle,20260618T095655_933501,of:0000000000000005:2 -> of:0000000000000009:3,0.002,0.0025,0.002,0.002,2.06,2026-06-18T09:56:55,0.002,2.0
ip_shuffle,20260618T095655_933501,of:000000000000000b:3 -> of:000000000000000d:2,0.002,0.0025,0.002,0.002,1.93,2026-06-18T09:56:55,0.002,1.93
ip_shuffle,20260618T095655_933501,of:0000000000000004:1 -> of:000000000000000c:4,0.002,0.0025,0.002,0.002,1.57,2026-06-18T09:56:55,0.002,1.67
ip_shuffle,20260618T095655_933501,of:000000000000000c:3 -> of:000000000000000d:3,0.002,0.0025,0.002,0.002,1.93,2026-06-18T09:56:55,0.002,1.93
ip_shuffle,20260618T095655_933501,of:0000000000000001:1 -> of:000000000000000b:1,0.002,0.0025,0.002,0.002,1.67,2026-06-18T09:56:55,0.002,1.63
ip_shuffle,20260618T095655_933501,of:0000000000000006:1 -> of:000000000000000d:4,0.002,0.0025,0.002,0.002,1.63,2026-06-18T09:56:55,0.002,1.6
ip_shuffle,20260618T095655_933501,of:0000000000000002:1 -> of:000000000000000b:4,0.002,0.0025,0.002,0.002,1.63,2026-06-18T09:56:55,0.002,1.67
ip_shuffle,20260618T095655_933501,of:0000000000000001:3 -> of:000000000000000d:1,0.002,0.0025,0.002,0.002,2.6,2026-06-18T09:56:55,0.002,2.6
ip_shuffle,20260618T095655_933501,of:0000000000000006:2 -> of:000000000000000a:2,0.002,0.0025,0.002,0.002,1.96,2026-06-18T09:56:55,0.002,2.03
ip_shuffle,20260618T095655_933501,of:0000000000000003:1 -> of:000000000000000b:5,0.002,0.0025,0.002,0.002,1.57,2026-06-18T09:56:55,0.002,1.67
ip_shuffle,20260618T095655_933501,of:0000000000000007:1 -> of:000000000000000d:5,0.002,0.0025,0.002,0.002,2.63,2026-06-18T09:56:55,0.002,2.66
ip_shuffle,20260618T095655_933501,of:0000000000000007:2 -> of:000000000000000a:3,0.002,0.0025,0.002,0.002,1.96,2026-06-18T09:56:55,0.002,2.03
ip_shuffle,20260618T095655_933501,of:0000000000000002:2 -> of:0000000000000008:2,0.002,0.0025,0.002,0.002,2.0,2026-06-18T09:56:55,0.002,2.0
ip_shuffle,20260618T095655_933501,of:0000000000000008:1 -> of:000000000000000b:6,0.002,0.0025,0.002,0.002,1.7,2026-06-18T09:56:55,0.002,1.67
ip_shuffle,20260618T095655_933501,of:0000000000000009:1 -> of:000000000000000c:6,0.002,0.0025,0.002,0.002,1.67,2026-06-18T09:56:55,0.002,1.67
ip_shuffle,20260618T095655_933501,of:0000000000000001:2 -> of:000000000000000c:1,0.002,0.0025,0.002,0.002,1.67,2026-06-18T09:56:55,0.002,1.63
ip_shuffle,20260618T095655_933501,of:0000000000000003:2 -> of:0000000000000008:3,0.002,0.0025,0.002,0.002,1.93,2026-06-18T09:56:55,0.002,2.0
ip_shuffle,20260618T095759_999705,of:0000000000000005:1 -> of:000000000000000c:5,0.002,0.0025,0.002,0.002,2.4,2026-06-18T09:57:59,0.002,2.26
ip_shuffle,20260618T095759_999705,of:000000000000000a:1 -> of:000000000000000d:6,0.001,0.00125,0.001,0.001,1.47,2026-06-18T09:57:59,0.001,1.47
ip_shuffle,20260618T095759_999705,of:000000000000000b:2 -> of:000000000000000c:2,0.002,0.0025,0.002,0.002,1.66,2026-06-18T09:57:59,0.002,1.66
ip_shuffle,20260618T095759_999705,of:0000000000000004:2 -> of:0000000000000009:2,0.002,0.0025,0.002,0.002,1.8,2026-06-18T09:57:59,0.001,1.66
ip_shuffle,20260618T095759_999705,of:0000000000000005:2 -> of:0000000000000009:3,0.002,0.0025,0.002,0.002,1.8,2026-06-18T09:57:59,0.001,1.66
ip_shuffle,20260618T095759_999705,of:000000000000000b:3 -> of:000000000000000d:2,0.002,0.0025,0.002,0.002,1.66,2026-06-18T09:57:59,0.002,1.66
ip_shuffle,20260618T095759_999705,of:0000000000000004:1 -> of:000000000000000c:4,0.002,0.0025,0.002,0.002,2.4,2026-06-18T09:57:59,0.002,2.26
ip_shuffle,20260618T095759_999705,of:000000000000000c:3 -> of:000000000000000d:3,0.002,0.0025,0.002,0.002,1.73,2026-06-18T09:57:59,0.002,1.73
ip_shuffle,20260618T095759_999705,of:0000000000000001:1 -> of:000000000000000b:1,0.002,0.0025,0.002,0.002,2.46,2026-06-18T09:57:59,0.002,2.6
ip_shuffle,20260618T095759_999705,of:0000000000000006:1 -> of:000000000000000d:4,0.002,0.0025,0.002,0.002,1.96,2026-06-18T09:57:59,0.002,1.86
ip_shuffle,20260618T095759_999705,of:0000000000000002:1 -> of:000000000000000b:4,0.002,0.0025,0.002,0.002,1.73,2026-06-18T09:57:59,0.001,1.53
ip_shuffle,20260618T095759_999705,of:0000000000000001:3 -> of:000000000000000d:1,0.002,0.0025,0.002,0.002,2.1,2026-06-18T09:57:59,0.002,2.1
ip_shuffle,20260618T095759_999705,of:0000000000000006:2 -> of:000000000000000a:2,0.002,0.0025,0.002,0.002,1.7,2026-06-18T09:57:59,0.001,1.63
ip_shuffle,20260618T095759_999705,of:0000000000000003:1 -> of:000000000000000b:5,0.002,0.0025,0.002,0.002,2.53,2026-06-18T09:57:59,0.002,2.33
ip_shuffle,20260618T095759_999705,of:0000000000000007:1 -> of:000000000000000d:5,0.002,0.0025,0.002,0.001,1.47,2026-06-18T09:57:59,0.002,1.53
ip_shuffle,20260618T095759_999705,of:0000000000000007:2 -> of:000000000000000a:3,0.002,0.0025,0.002,0.002,1.66,2026-06-18T09:57:59,0.002,1.66
ip_shuffle,20260618T095759_999705,of:0000000000000002:2 -> of:0000000000000008:2,0.002,0.0025,0.002,0.002,1.8,2026-06-18T09:57:59,0.001,1.66
ip_shuffle,20260618T095759_999705,of:0000000000000008:1 -> of:000000000000000b:6,0.001,0.00125,0.001,0.001,1.4,2026-06-18T09:57:59,0.001,1.4
ip_shuffle,20260618T095759_999705,of:0000000000000009:1 -> of:000000000000000c:6,0.001,0.00125,0.001,0.001,1.47,2026-06-18T09:57:59,0.001,1.47
ip_shuffle,20260618T095759_999705,of:0000000000000001:2 -> of:000000000000000c:1,0.003,0.00375,0.003,0.003,3.0,2026-06-18T09:57:59,0.003,3.13
ip_shuffle,20260618T095759_999705,of:0000000000000003:2 -> of:0000000000000008:3,0.002,0.0025,0.002,0.002,1.8,2026-06-18T09:57:59,0.001,1.66
route_mutation,20260618T095904_186295,of:0000000000000005:1 -> of:000000000000000c:5,0.002,0.0025,0.002,0.001,1.4,2026-06-18T09:59:04,0.002,1.43
route_mutation,20260618T095904_186295,of:000000000000000a:1 -> of:000000000000000d:6,0.002,0.0025,0.002,0.002,1.43,2026-06-18T09:59:04,0.002,1.43
route_mutation,20260618T095904_186295,of:000000000000000b:2 -> of:000000000000000c:2,0.002,0.0025,0.002,0.002,1.53,2026-06-18T09:59:04,0.002,1.53
route_mutation,20260618T095904_186295,of:0000000000000004:2 -> of:0000000000000009:2,0.001,0.00125,0.001,0.001,1.5,2026-06-18T09:59:04,0.001,1.5
route_mutation,20260618T095904_186295,of:0000000000000005:2 -> of:0000000000000009:3,0.002,0.0025,0.002,0.001,1.5,2026-06-18T09:59:04,0.002,1.56
route_mutation,20260618T095904_186295,of:000000000000000b:3 -> of:000000000000000d:2,0.002,0.0025,0.002,0.002,1.53,2026-06-18T09:59:04,0.002,1.53
route_mutation,20260618T095904_186295,of:0000000000000004:1 -> of:000000000000000c:4,0.001,0.00125,0.001,0.001,1.4,2026-06-18T09:59:04,0.001,1.37
route_mutation,20260618T095904_186295,of:000000000000000c:3 -> of:000000000000000d:3,0.002,0.0025,0.002,0.002,1.53,2026-06-18T09:59:04,0.002,1.53
route_mutation,20260618T095904_186295,of:0000000000000001:1 -> of:000000000000000b:1,0.002,0.0025,0.002,0.002,2.56,2026-06-18T09:59:04,0.002,2.56
route_mutation,20260618T095904_186295,of:0000000000000006:1 -> of:000000000000000d:4,0.002,0.0025,0.002,0.002,1.66,2026-06-18T09:59:04,0.002,1.66
route_mutation,20260618T095904_186295,of:0000000000000002:1 -> of:000000000000000b:4,0.002,0.0025,0.002,0.002,2.43,2026-06-18T09:59:04,0.002,2.4
route_mutation,20260618T095904_186295,of:0000000000000001:3 -> of:000000000000000d:1,0.002,0.0025,0.002,0.002,1.53,2026-06-18T09:59:04,0.002,1.56
route_mutation,20260618T095904_186295,of:0000000000000006:2 -> of:000000000000000a:2,0.002,0.0025,0.002,0.002,1.53,2026-06-18T09:59:04,0.002,1.53
route_mutation,20260618T095904_186295,of:0000000000000003:1 -> of:000000000000000b:5,0.002,0.0025,0.002,0.002,1.53,2026-06-18T09:59:04,0.002,1.6
route_mutation,20260618T095904_186295,of:0000000000000007:1 -> of:000000000000000d:5,0.002,0.0025,0.002,0.002,1.43,2026-06-18T09:59:04,0.002,1.43
route_mutation,20260618T095904_186295,of:0000000000000007:2 -> of:000000000000000a:3,0.002,0.0025,0.002,0.002,1.53,2026-06-18T09:59:04,0.002,1.53
route_mutation,20260618T095904_186295,of:0000000000000002:2 -> of:0000000000000008:2,0.002,0.0025,0.002,0.001,1.5,2026-06-18T09:59:04,0.002,1.56
route_mutation,20260618T095904_186295,of:0000000000000008:1 -> of:000000000000000b:6,0.002,0.0025,0.002,0.002,1.43,2026-06-18T09:59:04,0.002,1.43
route_mutation,20260618T095904_186295,of:0000000000000009:1 -> of:000000000000000c:6,0.002,0.0025,0.002,0.002,1.43,2026-06-18T09:59:04,0.002,1.43
route_mutation,20260618T095904_186295,of:0000000000000001:2 -> of:000000000000000c:1,0.002,0.0025,0.002,0.002,1.43,2026-06-18T09:59:04,0.002,1.47
route_mutation,20260618T095904_186295,of:0000000000000003:2 -> of:0000000000000008:3,0.002,0.0025,0.002,0.001,1.5,2026-06-18T09:59:04,0.002,1.56
route_mutation,20260618T095934_429218,of:0000000000000005:1 -> of:000000000000000c:5,0.002,0.0025,0.002,0.002,2.4,2026-06-18T09:59:34,0.002,2.26
route_mutation,20260618T095934_429218,of:000000000000000a:1 -> of:000000000000000d:6,0.001,0.00125,0.001,0.001,1.46,2026-06-18T09:59:34,0.001,1.46
route_mutation,20260618T095934_429218,of:000000000000000b:2 -> of:000000000000000c:2,0.002,0.0025,0.002,0.002,1.66,2026-06-18T09:59:34,0.002,1.66
route_mutation,20260618T095934_429218,of:0000000000000004:2 -> of:0000000000000009:2,0.002,0.0025,0.002,0.002,1.8,2026-06-18T09:59:34,0.002,1.73
route_mutation,20260618T095934_429218,of:0000000000000005:2 -> of:0000000000000009:3,0.002,0.0025,0.002,0.002,1.8,2026-06-18T09:59:34,0.001,1.66
route_mutation,20260618T095934_429218,of:000000000000000b:3 -> of:000000000000000d:2,0.002,0.0025,0.002,0.002,1.66,2026-06-18T09:59:34,0.002,1.66
route_mutation,20260618T095934_429218,of:0000000000000004:1 -> of:000000000000000c:4,0.002,0.0025,0.002,0.002,2.4,2026-06-18T09:59:34,0.002,2.33
route_mutation,20260618T095934_429218,of:000000000000000c:3 -> of:000000000000000d:3,0.002,0.0025,0.002,0.002,1.73,2026-06-18T09:59:34,0.002,1.73
route_mutation,20260618T095934_429218,of:0000000000000001:1 -> of:000000000000000b:1,0.002,0.0025,0.002,0.002,2.4,2026-06-18T09:59:34,0.002,2.4
route_mutation,20260618T095934_429218,of:0000000000000006:1 -> of:000000000000000d:4,0.002,0.0025,0.002,0.002,1.93,2026-06-18T09:59:34,0.002,1.86
route_mutation,20260618T095934_429218,of:0000000000000002:1 -> of:000000000000000b:4,0.002,0.0025,0.002,0.002,1.6,2026-06-18T09:59:34,0.001,1.46
route_mutation,20260618T095934_429218,of:0000000000000001:3 -> of:000000000000000d:1,0.002,0.0025,0.002,0.002,2.16,2026-06-18T09:59:34,0.002,2.06
route_mutation,20260618T095934_429218,of:0000000000000006:2 -> of:000000000000000a:2,0.002,0.0025,0.002,0.002,1.66,2026-06-18T09:59:34,0.001,1.6
route_mutation,20260618T095934_429218,of:0000000000000003:1 -> of:000000000000000b:5,0.002,0.0025,0.002,0.002,2.5,2026-06-18T09:59:34,0.002,2.26
route_mutation,20260618T095934_429218,of:0000000000000007:1 -> of:000000000000000d:5,0.002,0.0025,0.002,0.001,1.46,2026-06-18T09:59:34,0.002,1.53
route_mutation,20260618T095934_429218,of:0000000000000007:2 -> of:000000000000000a:3,0.002,0.0025,0.002,0.002,1.66,2026-06-18T09:59:34,0.002,1.66
route_mutation,20260618T095934_429218,of:0000000000000002:2 -> of:0000000000000008:2,0.002,0.0025,0.002,0.002,1.8,2026-06-18T09:59:34,0.001,1.66
route_mutation,20260618T095934_429218,of:0000000000000008:1 -> of:000000000000000b:6,0.001,0.00125,0.001,0.001,1.4,2026-06-18T09:59:34,0.001,1.4
route_mutation,20260618T095934_429218,of:0000000000000009:1 -> of:000000000000000c:6,0.001,0.00125,0.001,0.001,1.46,2026-06-18T09:59:34,0.001,1.46
route_mutation,20260618T095934_429218,of:0000000000000001:2 -> of:000000000000000c:1,0.003,0.00375,0.003,0.003,3.06,2026-06-18T09:59:34,0.003,3.1
route_mutation,20260618T095934_429218,of:0000000000000003:2 -> of:0000000000000008:3,0.002,0.0025,0.002,0.002,1.8,2026-06-18T09:59:34,0.001,1.66
route_mutation,20260618T100004_678472,of:0000000000000005:1 -> of:000000000000000c:5,0.002,0.0025,0.002,0.002,1.76,2026-06-18T10:00:04,0.002,1.86
route_mutation,20260618T100004_678472,of:000000000000000a:1 -> of:000000000000000d:6,0.002,0.0025,0.002,0.002,1.86,2026-06-18T10:00:04,0.002,1.86
route_mutation,20260618T100004_678472,of:000000000000000b:2 -> of:000000000000000c:2,0.002,0.0025,0.002,0.002,2.46,2026-06-18T10:00:04,0.002,2.46
route_mutation,20260618T100004_678472,of:0000000000000004:2 -> of:0000000000000009:2,0.002,0.0025,0.002,0.002,2.36,2026-06-18T10:00:04,0.002,2.43
route_mutation,20260618T100004_678472,of:0000000000000005:2 -> of:0000000000000009:3,0.002,0.0025,0.002,0.002,2.36,2026-06-18T10:00:04,0.002,2.43
route_mutation,20260618T100004_678472,of:000000000000000b:3 -> of:000000000000000d:2,0.002,0.0025,0.002,0.002,2.46,2026-06-18T10:00:04,0.002,2.46
route_mutation,20260618T100004_678472,of:0000000000000004:1 -> of:000000000000000c:4,0.002,0.0025,0.002,0.002,1.76,2026-06-18T10:00:04,0.002,1.86
route_mutation,20260618T100004_678472,of:000000000000000c:3 -> of:000000000000000d:3,0.002,0.0025,0.002,0.002,2.4,2026-06-18T10:00:04,0.002,2.4
route_mutation,20260618T100004_678472,of:0000000000000001:1 -> of:000000000000000b:1,0.002,0.0025,0.002,0.002,1.86,2026-06-18T10:00:04,0.002,1.86
route_mutation,20260618T100004_678472,of:0000000000000006:1 -> of:000000000000000d:4,0.002,0.0025,0.002,0.002,2.8,2026-06-18T10:00:04,0.002,2.8
route_mutation,20260618T100004_678472,of:0000000000000002:1 -> of:000000000000000b:4,0.002,0.0025,0.002,0.002,1.76,2026-06-18T10:00:04,0.002,1.93
route_mutation,20260618T100004_678472,of:0000000000000001:3 -> of:000000000000000d:1,0.003,0.00375,0.003,0.003,3.5,2026-06-18T10:00:04,0.003,3.56
route_mutation,20260618T100004_678472,of:0000000000000006:2 -> of:000000000000000a:2,0.002,0.0025,0.002,0.002,2.6,2026-06-18T10:00:04,0.002,2.66
route_mutation,20260618T100004_678472,of:0000000000000003:1 -> of:000000000000000b:5,0.002,0.0025,0.002,0.002,1.76,2026-06-18T10:00:04,0.002,1.93
route_mutation,20260618T100004_678472,of:0000000000000007:1 -> of:000000000000000d:5,0.003,0.00375,0.003,0.003,3.4,2026-06-18T10:00:04,0.003,3.26
route_mutation,20260618T100004_678472,of:0000000000000007:2 -> of:000000000000000a:3,0.002,0.0025,0.002,0.002,2.46,2026-06-18T10:00:04,0.002,2.46
route_mutation,20260618T100004_678472,of:0000000000000002:2 -> of:0000000000000008:2,0.002,0.0025,0.002,0.002,2.36,2026-06-18T10:00:04,0.002,2.43
route_mutation,20260618T100004_678472,of:0000000000000008:1 -> of:000000000000000b:6,0.002,0.0025,0.002,0.002,1.93,2026-06-18T10:00:04,0.002,1.93
route_mutation,20260618T100004_678472,of:0000000000000009:1 -> of:000000000000000c:6,0.002,0.0025,0.002,0.002,1.86,2026-06-18T10:00:04,0.002,1.86
route_mutation,20260618T100004_678472,of:0000000000000001:2 -> of:000000000000000c:1,0.002,0.0025,0.002,0.002,1.86,2026-06-18T10:00:04,0.002,1.8
route_mutation,20260618T100004_678472,of:0000000000000003:2 -> of:0000000000000008:3,0.002,0.0025,0.002,0.002,2.36,2026-06-18T10:00:04,0.002,2.43
route_mutation,20260618T100034_956204,of:0000000000000005:1 -> of:000000000000000c:5,0.002,0.0025,0.002,0.001,1.37,2026-06-18T10:00:34,0.002,1.43
route_mutation,20260618T100034_956204,of:000000000000000a:1 -> of:000000000000000d:6,0.002,0.0025,0.002,0.002,1.4,2026-06-18T10:00:34,0.002,1.43
route_mutation,20260618T100034_956204,of:000000000000000b:2 -> of:000000000000000c:2,0.002,0.0025,0.002,0.002,1.5,2026-06-18T10:00:34,0.002,1.5
route_mutation,20260618T100034_956204,of:0000000000000004:2 -> of:0000000000000009:2,0.001,0.00125,0.001,0.001,1.43,2026-06-18T10:00:34,0.001,1.43
route_mutation,20260618T100034_956204,of:0000000000000005:2 -> of:0000000000000009:3,0.002,0.0025,0.002,0.001,1.43,2026-06-18T10:00:34,0.002,1.5
route_mutation,20260618T100034_956204,of:000000000000000b:3 -> of:000000000000000d:2,0.002,0.0025,0.002,0.002,1.5,2026-06-18T10:00:34,0.002,1.5
route_mutation,20260618T100034_956204,of:0000000000000004:1 -> of:000000000000000c:4,0.001,0.00125,0.001,0.001,1.37,2026-06-18T10:00:34,0.001,1.37
route_mutation,20260618T100034_956204,of:000000000000000c:3 -> of:000000000000000d:3,0.002,0.0025,0.002,0.002,1.53,2026-06-18T10:00:34,0.002,1.53
route_mutation,20260618T100034_956204,of:0000000000000001:1 -> of:000000000000000b:1,0.002,0.0025,0.002,0.002,2.36,2026-06-18T10:00:34,0.002,2.26
route_mutation,20260618T100034_956204,of:0000000000000006:1 -> of:000000000000000d:4,0.001,0.00125,0.001,0.001,1.3,2026-06-18T10:00:34,0.001,1.37
route_mutation,20260618T100034_956204,of:0000000000000002:1 -> of:000000000000000b:4,0.002,0.0025,0.002,0.002,2.23,2026-06-18T10:00:34,0.002,2.33
route_mutation,20260618T100034_956204,of:0000000000000001:3 -> of:000000000000000d:1,0.002,0.0025,0.002,0.002,1.43,2026-06-18T10:00:34,0.002,1.43
route_mutation,20260618T100034_956204,of:0000000000000006:2 -> of:000000000000000a:2,0.001,0.00125,0.001,0.001,1.43,2026-06-18T10:00:34,0.001,1.43
route_mutation,20260618T100034_956204,of:0000000000000003:1 -> of:000000000000000b:5,0.002,0.0025,0.002,0.002,1.46,2026-06-18T10:00:34,0.002,1.46
route_mutation,20260618T100034_956204,of:0000000000000007:1 -> of:000000000000000d:5,0.002,0.0025,0.002,0.001,1.33,2026-06-18T10:00:34,0.002,1.43
route_mutation,20260618T100034_956204,of:0000000000000007:2 -> of:000000000000000a:3,0.002,0.0025,0.002,0.002,1.46,2026-06-18T10:00:34,0.002,1.46
route_mutation,20260618T100034_956204,of:0000000000000002:2 -> of:0000000000000008:2,0.002,0.0025,0.002,0.001,1.43,2026-06-18T10:00:34,0.002,1.5
route_mutation,20260618T100034_956204,of:0000000000000008:1 -> of:000000000000000b:6,0.002,0.0025,0.002,0.002,1.4,2026-06-18T10:00:34,0.002,1.4
route_mutation,20260618T100034_956204,of:0000000000000009:1 -> of:000000000000000c:6,0.002,0.0025,0.002,0.002,1.4,2026-06-18T10:00:34,0.002,1.43
route_mutation,20260618T100034_956204,of:0000000000000001:2 -> of:000000000000000c:1,0.002,0.0025,0.002,0.002,1.43,2026-06-18T10:00:34,0.002,1.43
route_mutation,20260618T100034_956204,of:0000000000000003:2 -> of:0000000000000008:3,0.002,0.0025,0.002,0.001,1.43,2026-06-18T10:00:34,0.002,1.5
route_mutation,20260618T100105_203020,of:0000000000000005:1 -> of:000000000000000c:5,0.002,0.0025,0.002,0.002,2.4,2026-06-18T10:01:05,0.002,2.26
route_mutation,20260618T100105_203020,of:000000000000000a:1 -> of:000000000000000d:6,0.001,0.00125,0.001,0.001,1.47,2026-06-18T10:01:05,0.001,1.47
route_mutation,20260618T100105_203020,of:000000000000000b:2 -> of:000000000000000c:2,0.002,0.0025,0.002,0.002,1.73,2026-06-18T10:01:05,0.002,1.73
route_mutation,20260618T100105_203020,of:0000000000000004:2 -> of:0000000000000009:2,0.002,0.0025,0.002,0.002,1.8,2026-06-18T10:01:05,0.002,1.73
route_mutation,20260618T100105_203020,of:0000000000000005:2 -> of:0000000000000009:3,0.002,0.0025,0.002,0.002,1.8,2026-06-18T10:01:05,0.001,1.66
route_mutation,20260618T100105_203020,of:000000000000000b:3 -> of:000000000000000d:2,0.002,0.0025,0.002,0.002,1.73,2026-06-18T10:01:05,0.002,1.73
route_mutation,20260618T100105_203020,of:0000000000000004:1 -> of:000000000000000c:4,0.002,0.0025,0.002,0.002,2.4,2026-06-18T10:01:05,0.002,2.33
route_mutation,20260618T100105_203020,of:000000000000000c:3 -> of:000000000000000d:3,0.002,0.0025,0.002,0.002,1.73,2026-06-18T10:01:05,0.002,1.73
route_mutation,20260618T100105_203020,of:0000000000000001:1 -> of:000000000000000b:1,0.002,0.0025,0.002,0.002,2.56,2026-06-18T10:01:05,0.002,2.73
route_mutation,20260618T100105_203020,of:0000000000000006:1 -> of:000000000000000d:4,0.002,0.0025,0.002,0.002,2.06,2026-06-18T10:01:05,0.002,2.16
route_mutation,20260618T100105_203020,of:0000000000000002:1 -> of:000000000000000b:4,0.002,0.0025,0.002,0.002,1.73,2026-06-18T10:01:05,0.002,1.56
route_mutation,20260618T100105_203020,of:0000000000000001:3 -> of:000000000000000d:1,0.002,0.0025,0.002,0.002,2.0,2026-06-18T10:01:05,0.002,1.93
route_mutation,20260618T100105_203020,of:0000000000000006:2 -> of:000000000000000a:2,0.002,0.0025,0.002,0.002,1.8,2026-06-18T10:01:05,0.002,1.73
route_mutation,20260618T100105_203020,of:0000000000000003:1 -> of:000000000000000b:5,0.002,0.0025,0.002,0.002,2.53,2026-06-18T10:01:05,0.002,2.43
route_mutation,20260618T100105_203020,of:0000000000000007:1 -> of:000000000000000d:5,0.002,0.0025,0.002,0.001,1.47,2026-06-18T10:01:05,0.002,1.53
route_mutation,20260618T100105_203020,of:0000000000000007:2 -> of:000000000000000a:3,0.002,0.0025,0.002,0.002,1.66,2026-06-18T10:01:05,0.002,1.66
route_mutation,20260618T100105_203020,of:0000000000000002:2 -> of:0000000000000008:2,0.002,0.0025,0.002,0.002,1.76,2026-06-18T10:01:05,0.001,1.63
route_mutation,20260618T100105_203020,of:0000000000000008:1 -> of:000000000000000b:6,0.001,0.00125,0.001,0.001,1.47,2026-06-18T10:01:05,0.001,1.47
route_mutation,20260618T100105_203020,of:0000000000000009:1 -> of:000000000000000c:6,0.001,0.00125,0.001,0.001,1.47,2026-06-18T10:01:05,0.001,1.47
route_mutation,20260618T100105_203020,of:0000000000000001:2 -> of:000000000000000c:1,0.003,0.00375,0.003,0.003,3.06,2026-06-18T10:01:05,0.003,3.1
route_mutation,20260618T100105_203020,of:0000000000000003:2 -> of:0000000000000008:3,0.002,0.0025,0.002,0.002,1.8,2026-06-18T10:01:05,0.001,1.66
route_mutation,20260618T100135_381748,of:0000000000000005:1 -> of:000000000000000c:5,0.002,0.0025,0.002,0.002,1.8,2026-06-18T10:01:35,0.002,1.86
route_mutation,20260618T100135_381748,of:000000000000000a:1 -> of:000000000000000d:6,0.002,0.0025,0.002,0.002,1.9,2026-06-18T10:01:35,0.002,1.86
route_mutation,20260618T100135_381748,of:000000000000000b:2 -> of:000000000000000c:2,0.002,0.0025,0.002,0.002,2.43,2026-06-18T10:01:35,0.002,2.43
route_mutation,20260618T100135_381748,of:0000000000000004:2 -> of:0000000000000009:2,0.002,0.0025,0.002,0.002,2.43,2026-06-18T10:01:35,0.002,2.5
route_mutation,20260618T100135_381748,of:0000000000000005:2 -> of:0000000000000009:3,0.002,0.0025,0.002,0.002,2.43,2026-06-18T10:01:35,0.002,2.5
route_mutation,20260618T100135_381748,of:000000000000000b:3 -> of:000000000000000d:2,0.002,0.0025,0.002,0.002,2.43,2026-06-18T10:01:35,0.002,2.43
route_mutation,20260618T100135_381748,of:0000000000000004:1 -> of:000000000000000c:4,0.002,0.0025,0.002,0.002,1.8,2026-06-18T10:01:35,0.002,1.86
route_mutation,20260618T100135_381748,of:000000000000000c:3 -> of:000000000000000d:3,0.002,0.0025,0.002,0.002,2.4,2026-06-18T10:01:35,0.002,2.4
route_mutation,20260618T100135_381748,of:0000000000000001:1 -> of:000000000000000b:1,0.002,0.0025,0.002,0.002,1.9,2026-06-18T10:01:35,0.002,1.83
route_mutation,20260618T100135_381748,of:0000000000000006:1 -> of:000000000000000d:4,0.002,0.0025,0.002,0.002,2.5,2026-06-18T10:01:35,0.002,2.33
route_mutation,20260618T100135_381748,of:0000000000000002:1 -> of:000000000000000b:4,0.002,0.0025,0.002,0.002,1.83,2026-06-18T10:01:35,0.002,1.9
route_mutation,20260618T100135_381748,of:0000000000000001:3 -> of:000000000000000d:1,0.003,0.00375,0.003,0.003,3.63,2026-06-18T10:01:35,0.003,3.69
route_mutation,20260618T100135_381748,of:0000000000000006:2 -> of:000000000000000a:2,0.002,0.0025,0.002,0.002,2.43,2026-06-18T10:01:35,0.002,2.5
route_mutation,20260618T100135_381748,of:0000000000000003:1 -> of:000000000000000b:5,0.002,0.0025,0.002,0.002,1.8,2026-06-18T10:01:35,0.002,1.9
route_mutation,20260618T100135_381748,of:0000000000000007:1 -> of:000000000000000d:5,0.003,0.00375,0.003,0.003,3.16,2026-06-18T10:01:35,0.002,2.99
route_mutation,20260618T100135_381748,of:0000000000000007:2 -> of:000000000000000a:3,0.002,0.0025,0.002,0.002,2.53,2026-06-18T10:01:35,0.002,2.53
route_mutation,20260618T100135_381748,of:0000000000000002:2 -> of:0000000000000008:2,0.002,0.0025,0.002,0.002,2.46,2026-06-18T10:01:35,0.002,2.53
route_mutation,20260618T100135_381748,of:0000000000000008:1 -> of:000000000000000b:6,0.002,0.0025,0.002,0.002,1.9,2026-06-18T10:01:35,0.002,1.9
route_mutation,20260618T100135_381748,of:0000000000000009:1 -> of:000000000000000c:6,0.002,0.0025,0.002,0.002,1.9,2026-06-18T10:01:35,0.002,1.86
route_mutation,20260618T100135_381748,of:0000000000000001:2 -> of:000000000000000c:1,0.002,0.0025,0.002,0.002,1.86,2026-06-18T10:01:35,0.002,1.83
route_mutation,20260618T100135_381748,of:0000000000000003:2 -> of:0000000000000008:3,0.002,0.0025,0.002,0.002,2.43,2026-06-18T10:01:35,0.002,2.5
ip_shuffle,20260618T100205_637803,of:0000000000000005:1 -> of:000000000000000c:5,0.001,0.00125,0.001,0.001,1.36,2026-06-18T10:02:05,0.001,1.36
ip_shuffle,20260618T100205_637803,of:000000000000000a:1 -> of:000000000000000d:6,0.002,0.0025,0.002,0.002,1.36,2026-06-18T10:02:05,0.002,1.4
ip_shuffle,20260618T100205_637803,of:000000000000000b:2 -> of:000000000000000c:2,0.002,0.0025,0.002,0.002,1.4,2026-06-18T10:02:05,0.002,1.4
ip_shuffle,20260618T100205_637803,of:0000000000000004:2 -> of:0000000000000009:2,0.002,0.0025,0.002,0.001,1.4,2026-06-18T10:02:05,0.002,1.46
ip_shuffle,20260618T100205_637803,of:0000000000000005:2 -> of:0000000000000009:3,0.002,0.0025,0.002,0.001,1.4,2026-06-18T10:02:05,0.002,1.46
ip_shuffle,20260618T100205_637803,of:000000000000000b:3 -> of:000000000000000d:2,0.002,0.0025,0.002,0.002,1.43,2026-06-18T10:02:05,0.002,1.43
ip_shuffle,20260618T100205_637803,of:0000000000000004:1 -> of:000000000000000c:4,0.001,0.00125,0.001,0.001,1.36,2026-06-18T10:02:05,0.001,1.36
ip_shuffle,20260618T100205_637803,of:000000000000000c:3 -> of:000000000000000d:3,0.002,0.0025,0.002,0.002,1.43,2026-06-18T10:02:05,0.002,1.43
ip_shuffle,20260618T100205_637803,of:0000000000000001:1 -> of:000000000000000b:1,0.002,0.0025,0.002,0.002,2.26,2026-06-18T10:02:05,0.002,2.13
ip_shuffle,20260618T100205_637803,of:0000000000000006:1 -> of:000000000000000d:4,0.001,0.00125,0.001,0.001,1.3,2026-06-18T10:02:05,0.001,1.33
ip_shuffle,20260618T100205_637803,of:0000000000000002:1 -> of:000000000000000b:4,0.002,0.0025,0.002,0.002,2.13,2026-06-18T10:02:05,0.002,2.26
ip_shuffle,20260618T100205_637803,of:0000000000000001:3 -> of:000000000000000d:1,0.002,0.0025,0.002,0.002,1.4,2026-06-18T10:02:05,0.002,1.43
ip_shuffle,20260618T100205_637803,of:0000000000000006:2 -> of:000000000000000a:2,0.001,0.00125,0.001,0.001,1.4,2026-06-18T10:02:05,0.001,1.4
ip_shuffle,20260618T100205_637803,of:0000000000000003:1 -> of:000000000000000b:5,0.002,0.0025,0.002,0.001,1.4,2026-06-18T10:02:05,0.002,1.4
ip_shuffle,20260618T100205_637803,of:0000000000000007:1 -> of:000000000000000d:5,0.002,0.0025,0.002,0.001,1.3,2026-06-18T10:02:05,0.002,1.4
ip_shuffle,20260618T100205_637803,of:0000000000000007:2 -> of:000000000000000a:3,0.002,0.0025,0.002,0.002,1.4,2026-06-18T10:02:05,0.002,1.4
ip_shuffle,20260618T100205_637803,of:0000000000000002:2 -> of:0000000000000008:2,0.002,0.0025,0.002,0.002,1.46,2026-06-18T10:02:05,0.002,1.46
ip_shuffle,20260618T100205_637803,of:0000000000000008:1 -> of:000000000000000b:6,0.001,0.00125,0.001,0.001,1.36,2026-06-18T10:02:05,0.001,1.36
ip_shuffle,20260618T100205_637803,of:0000000000000009:1 -> of:000000000000000c:6,0.001,0.00125,0.001,0.001,1.36,2026-06-18T10:02:05,0.001,1.36
ip_shuffle,20260618T100205_637803,of:0000000000000001:2 -> of:000000000000000c:1,0.002,0.0025,0.002,0.001,1.36,2026-06-18T10:02:05,0.002,1.43
ip_shuffle,20260618T100205_637803,of:0000000000000003:2 -> of:0000000000000008:3,0.002,0.0025,0.002,0.001,1.4,2026-06-18T10:02:05,0.002,1.46
ip_shuffle,20260618T100310_757141,of:0000000000000005:1 -> of:000000000000000c:5,0.002,0.0025,0.002,0.002,1.73,2026-06-18T10:03:10,0.002,1.76
ip_shuffle,20260618T100310_757141,of:000000000000000a:1 -> of:000000000000000d:6,0.002,0.0025,0.002,0.001,1.66,2026-06-18T10:03:10,0.002,1.7
ip_shuffle,20260618T100310_757141,of:000000000000000b:2 -> of:000000000000000c:2,0.002,0.0025,0.002,0.002,2.16,2026-06-18T10:03:10,0.002,2.16
ip_shuffle,20260618T100310_757141,of:0000000000000004:2 -> of:0000000000000009:2,0.002,0.0025,0.002,0.002,2.13,2026-06-18T10:03:10,0.002,2.2
ip_shuffle,20260618T100310_757141,of:0000000000000005:2 -> of:0000000000000009:3,0.002,0.0025,0.002,0.002,2.2,2026-06-18T10:03:10,0.002,2.2
ip_shuffle,20260618T100310_757141,of:000000000000000b:3 -> of:000000000000000d:2,0.002,0.0025,0.002,0.002,2.16,2026-06-18T10:03:10,0.002,2.16
ip_shuffle,20260618T100310_757141,of:0000000000000004:1 -> of:000000000000000c:4,0.002,0.0025,0.002,0.002,1.66,2026-06-18T10:03:10,0.002,1.76
ip_shuffle,20260618T100310_757141,of:000000000000000c:3 -> of:000000000000000d:3,0.002,0.0025,0.002,0.002,2.2,2026-06-18T10:03:10,0.002,2.2
ip_shuffle,20260618T100310_757141,of:0000000000000001:1 -> of:000000000000000b:1,0.002,0.0025,0.002,0.002,1.8,2026-06-18T10:03:10,0.002,1.66
ip_shuffle,20260618T100310_757141,of:0000000000000006:1 -> of:000000000000000d:4,0.002,0.0025,0.002,0.002,2.4,2026-06-18T10:03:10,0.002,2.16
ip_shuffle,20260618T100310_757141,of:0000000000000002:1 -> of:000000000000000b:4,0.002,0.0025,0.002,0.002,1.66,2026-06-18T10:03:10,0.002,1.8
ip_shuffle,20260618T100310_757141,of:0000000000000001:3 -> of:000000000000000d:1,0.003,0.00375,0.003,0.003,3.16,2026-06-18T10:03:10,0.003,3.33
ip_shuffle,20260618T100310_757141,of:0000000000000006:2 -> of:000000000000000a:2,0.002,0.0025,0.002,0.002,2.13,2026-06-18T10:03:10,0.002,2.13
ip_shuffle,20260618T100310_757141,of:0000000000000003:1 -> of:000000000000000b:5,0.002,0.0025,0.002,0.002,1.7,2026-06-18T10:03:10,0.002,1.73
ip_shuffle,20260618T100310_757141,of:0000000000000007:1 -> of:000000000000000d:5,0.002,0.0025,0.002,0.002,2.7,2026-06-18T10:03:10,0.002,2.86
ip_shuffle,20260618T100310_757141,of:0000000000000007:2 -> of:000000000000000a:3,0.002,0.0025,0.002,0.002,2.16,2026-06-18T10:03:10,0.002,2.16
ip_shuffle,20260618T100310_757141,of:0000000000000002:2 -> of:0000000000000008:2,0.002,0.0025,0.002,0.002,2.13,2026-06-18T10:03:10,0.002,2.2
ip_shuffle,20260618T100310_757141,of:0000000000000008:1 -> of:000000000000000b:6,0.002,0.0025,0.002,0.002,1.73,2026-06-18T10:03:10,0.002,1.73
ip_shuffle,20260618T100310_757141,of:0000000000000009:1 -> of:000000000000000c:6,0.002,0.0025,0.002,0.002,1.73,2026-06-18T10:03:10,0.002,1.76
ip_shuffle,20260618T100310_757141,of:0000000000000001:2 -> of:000000000000000c:1,0.002,0.0025,0.002,0.002,1.76,2026-06-18T10:03:10,0.002,1.66
ip_shuffle,20260618T100310_757141,of:0000000000000003:2 -> of:0000000000000008:3,0.002,0.0025,0.002,0.002,2.16,2026-06-18T10:03:10,0.002,2.23
route_mutation,20260618T100408_460047,of:0000000000000005:1 -> of:000000000000000c:5,0.002,0.0025,0.002,0.002,1.43,2026-06-18T10:04:08,0.001,1.43
route_mutation,20260618T100408_460047,of:000000000000000a:1 -> of:000000000000000d:6,0.002,0.0025,0.002,0.002,1.5,2026-06-18T10:04:08,0.002,1.46
route_mutation,20260618T100408_460047,of:000000000000000b:2 -> of:000000000000000c:2,0.002,0.0025,0.002,0.002,1.66,2026-06-18T10:04:08,0.002,1.66
route_mutation,20260618T100408_460047,of:0000000000000004:2 -> of:0000000000000009:2,0.002,0.0025,0.002,0.002,1.6,2026-06-18T10:04:08,0.001,1.53
route_mutation,20260618T100408_460047,of:0000000000000005:2 -> of:0000000000000009:3,0.002,0.0025,0.002,0.002,1.6,2026-06-18T10:04:08,0.001,1.53
route_mutation,20260618T100408_460047,of:000000000000000b:3 -> of:000000000000000d:2,0.002,0.0025,0.002,0.002,2.0,2026-06-18T10:04:08,0.002,1.96
route_mutation,20260618T100408_460047,of:0000000000000004:1 -> of:000000000000000c:4,0.002,0.0025,0.002,0.002,1.83,2026-06-18T10:04:08,0.002,1.83
route_mutation,20260618T100408_460047,of:000000000000000c:3 -> of:000000000000000d:3,0.002,0.0025,0.002,0.002,1.63,2026-06-18T10:04:08,0.002,1.63
route_mutation,20260618T100408_460047,of:0000000000000001:1 -> of:000000000000000b:1,0.003,0.00375,0.003,0.003,3.73,2026-06-18T10:04:08,0.003,3.69
route_mutation,20260618T100408_460047,of:0000000000000006:1 -> of:000000000000000d:4,0.002,0.0025,0.002,0.002,1.96,2026-06-18T10:04:08,0.002,1.96
route_mutation,20260618T100408_460047,of:0000000000000002:1 -> of:000000000000000b:4,0.003,0.00375,0.003,0.003,2.96,2026-06-18T10:04:08,0.003,2.9
route_mutation,20260618T100408_460047,of:0000000000000001:3 -> of:000000000000000d:1,0.002,0.0025,0.002,0.002,1.63,2026-06-18T10:04:08,0.002,1.73
route_mutation,20260618T100408_460047,of:0000000000000006:2 -> of:000000000000000a:2,0.002,0.0025,0.002,0.002,1.6,2026-06-18T10:04:08,0.002,1.6
route_mutation,20260618T100408_460047,of:0000000000000003:1 -> of:000000000000000b:5,0.002,0.0025,0.002,0.002,2.4,2026-06-18T10:04:08,0.002,2.46
route_mutation,20260618T100408_460047,of:0000000000000007:1 -> of:000000000000000d:5,0.002,0.0025,0.002,0.002,1.43,2026-06-18T10:04:08,0.001,1.4
route_mutation,20260618T100408_460047,of:0000000000000007:2 -> of:000000000000000a:3,0.002,0.0025,0.002,0.002,1.6,2026-06-18T10:04:08,0.002,1.53
route_mutation,20260618T100408_460047,of:0000000000000002:2 -> of:0000000000000008:2,0.001,0.00125,0.001,0.001,1.53,2026-06-18T10:04:08,0.001,1.46
route_mutation,20260618T100408_460047,of:0000000000000008:1 -> of:000000000000000b:6,0.001,0.00125,0.001,0.001,1.43,2026-06-18T10:04:08,0.001,1.43
route_mutation,20260618T100408_460047,of:0000000000000009:1 -> of:000000000000000c:6,0.002,0.0025,0.002,0.002,1.5,2026-06-18T10:04:08,0.002,1.5
route_mutation,20260618T100408_460047,of:0000000000000001:2 -> of:000000000000000c:1,0.002,0.0025,0.002,0.002,1.8,2026-06-18T10:04:08,0.002,1.76
route_mutation,20260618T100408_460047,of:0000000000000003:2 -> of:0000000000000008:3,0.002,0.0025,0.002,0.002,1.6,2026-06-18T10:04:08,0.001,1.46
ip_shuffle,20260618T100438_694603,of:0000000000000005:1 -> of:000000000000000c:5,0.002,0.0025,0.002,0.002,2.7,2026-06-18T10:04:38,0.002,2.53
ip_shuffle,20260618T100438_694603,of:000000000000000a:1 -> of:000000000000000d:6,0.002,0.0025,0.002,0.001,1.66,2026-06-18T10:04:38,0.002,1.7
ip_shuffle,20260618T100438_694603,of:000000000000000b:2 -> of:000000000000000c:2,0.002,0.0025,0.002,0.002,2.13,2026-06-18T10:04:38,0.002,2.13
ip_shuffle,20260618T100438_694603,of:0000000000000004:2 -> of:0000000000000009:2,0.002,0.0025,0.002,0.002,2.3,2026-06-18T10:04:38,0.002,2.3
ip_shuffle,20260618T100438_694603,of:0000000000000005:2 -> of:0000000000000009:3,0.002,0.0025,0.002,0.002,2.36,2026-06-18T10:04:38,0.002,2.3
ip_shuffle,20260618T100438_694603,of:000000000000000b:3 -> of:000000000000000d:2,0.002,0.0025,0.002,0.002,2.16,2026-06-18T10:04:38,0.002,2.16
ip_shuffle,20260618T100438_694603,of:0000000000000004:1 -> of:000000000000000c:4,0.002,0.0025,0.002,0.002,2.23,2026-06-18T10:04:38,0.002,2.13
ip_shuffle,20260618T100438_694603,of:000000000000000c:3 -> of:000000000000000d:3,0.002,0.0025,0.002,0.002,2.16,2026-06-18T10:04:38,0.002,2.16
ip_shuffle,20260618T100438_694603,of:0000000000000001:1 -> of:000000000000000b:1,0.002,0.0025,0.002,0.002,1.73,2026-06-18T10:04:38,0.002,1.8
ip_shuffle,20260618T100438_694603,of:0000000000000006:1 -> of:000000000000000d:4,0.003,0.00375,0.003,0.003,3.0,2026-06-18T10:04:38,0.002,2.86
ip_shuffle,20260618T100438_694603,of:0000000000000002:1 -> of:000000000000000b:4,0.002,0.0025,0.002,0.002,1.8,2026-06-18T10:04:38,0.002,1.73
ip_shuffle,20260618T100438_694603,of:0000000000000001:3 -> of:000000000000000d:1,0.003,0.00375,0.003,0.003,3.33,2026-06-18T10:04:38,0.003,3.26
ip_shuffle,20260618T100438_694603,of:0000000000000006:2 -> of:000000000000000a:2,0.002,0.0025,0.002,0.002,2.3,2026-06-18T10:04:38,0.002,2.3
ip_shuffle,20260618T100438_694603,of:0000000000000003:1 -> of:000000000000000b:5,0.002,0.0025,0.002,0.002,1.83,2026-06-18T10:04:38,0.002,1.76
ip_shuffle,20260618T100438_694603,of:0000000000000007:1 -> of:000000000000000d:5,0.002,0.0025,0.002,0.002,2.26,2026-06-18T10:04:38,0.002,2.33
ip_shuffle,20260618T100438_694603,of:0000000000000007:2 -> of:000000000000000a:3,0.002,0.0025,0.002,0.002,2.3,2026-06-18T10:04:38,0.002,2.3
ip_shuffle,20260618T100438_694603,of:0000000000000002:2 -> of:0000000000000008:2,0.002,0.0025,0.002,0.002,2.26,2026-06-18T10:04:38,0.002,2.33
ip_shuffle,20260618T100438_694603,of:0000000000000008:1 -> of:000000000000000b:6,0.002,0.0025,0.002,0.002,1.73,2026-06-18T10:04:38,0.002,1.73
ip_shuffle,20260618T100438_694603,of:0000000000000009:1 -> of:000000000000000c:6,0.001,0.00125,0.001,0.001,1.66,2026-06-18T10:04:38,0.001,1.66
ip_shuffle,20260618T100438_694603,of:0000000000000001:2 -> of:000000000000000c:1,0.003,0.00375,0.003,0.003,2.96,2026-06-18T10:04:38,0.003,3.0
ip_shuffle,20260618T100438_694603,of:0000000000000003:2 -> of:0000000000000008:3,0.002,0.0025,0.002,0.002,2.26,2026-06-18T10:04:38,0.002,2.33
route_mutation,20260618T100536_311872,of:0000000000000005:1 -> of:000000000000000c:5,0.002,0.0025,0.002,0.002,1.43,2026-06-18T10:05:36,0.001,1.36
route_mutation,20260618T100536_311872,of:000000000000000a:1 -> of:000000000000000d:6,0.002,0.0025,0.002,0.002,1.43,2026-06-18T10:05:36,0.002,1.43
route_mutation,20260618T100536_311872,of:000000000000000b:2 -> of:000000000000000c:2,0.002,0.0025,0.002,0.002,1.53,2026-06-18T10:05:36,0.002,1.53
route_mutation,20260618T100536_311872,of:0000000000000004:2 -> of:0000000000000009:2,0.002,0.0025,0.002,0.002,1.53,2026-06-18T10:05:36,0.001,1.46
route_mutation,20260618T100536_311872,of:0000000000000005:2 -> of:0000000000000009:3,0.002,0.0025,0.002,0.002,1.53,2026-06-18T10:05:36,0.001,1.46
route_mutation,20260618T100536_311872,of:000000000000000b:3 -> of:000000000000000d:2,0.002,0.0025,0.002,0.002,1.66,2026-06-18T10:05:36,0.002,1.66
route_mutation,20260618T100536_311872,of:0000000000000004:1 -> of:000000000000000c:4,0.002,0.0025,0.002,0.002,1.43,2026-06-18T10:05:36,0.001,1.36
route_mutation,20260618T100536_311872,of:000000000000000c:3 -> of:000000000000000d:3,0.002,0.0025,0.002,0.002,1.53,2026-06-18T10:05:36,0.002,1.53
route_mutation,20260618T100536_311872,of:0000000000000001:1 -> of:000000000000000b:1,0.003,0.00375,0.003,0.003,2.9,2026-06-18T10:05:36,0.003,2.9
route_mutation,20260618T100536_311872,of:0000000000000006:1 -> of:000000000000000d:4,0.002,0.0025,0.002,0.002,1.96,2026-06-18T10:05:36,0.002,1.9
route_mutation,20260618T100536_311872,of:0000000000000002:1 -> of:000000000000000b:4,0.002,0.0025,0.002,0.002,2.46,2026-06-18T10:05:36,0.002,2.46
route_mutation,20260618T100536_311872,of:0000000000000001:3 -> of:000000000000000d:1,0.002,0.0025,0.002,0.002,1.8,2026-06-18T10:05:36,0.002,1.8
route_mutation,20260618T100536_311872,of:0000000000000006:2 -> of:000000000000000a:2,0.002,0.0025,0.002,0.002,1.53,2026-06-18T10:05:36,0.001,1.46
route_mutation,20260618T100536_311872,of:0000000000000003:1 -> of:000000000000000b:5,0.002,0.0025,0.002,0.002,1.93,2026-06-18T10:05:36,0.002,1.93
route_mutation,20260618T100536_311872,of:0000000000000007:1 -> of:000000000000000d:5,0.002,0.0025,0.002,0.002,1.43,2026-06-18T10:05:36,0.001,1.36
route_mutation,20260618T100536_311872,of:0000000000000007:2 -> of:000000000000000a:3,0.002,0.0025,0.002,0.002,1.53,2026-06-18T10:05:36,0.001,1.46
route_mutation,20260618T100536_311872,of:0000000000000002:2 -> of:0000000000000008:2,0.002,0.0025,0.002,0.002,1.6,2026-06-18T10:05:36,0.002,1.53
route_mutation,20260618T100536_311872,of:0000000000000008:1 -> of:000000000000000b:6,0.002,0.0025,0.002,0.002,1.5,2026-06-18T10:05:36,0.002,1.5
route_mutation,20260618T100536_311872,of:0000000000000009:1 -> of:000000000000000c:6,0.002,0.0025,0.002,0.002,1.43,2026-06-18T10:05:36,0.002,1.43
route_mutation,20260618T100536_311872,of:0000000000000001:2 -> of:000000000000000c:1,0.001,0.00125,0.001,0.001,1.36,2026-06-18T10:05:36,0.001,1.36
route_mutation,20260618T100536_311872,of:0000000000000003:2 -> of:0000000000000008:3,0.002,0.0025,0.002,0.002,1.66,2026-06-18T10:05:36,0.002,1.53
ip_shuffle,20260618T100606_580285,of:0000000000000005:1 -> of:000000000000000c:5,0.002,0.0025,0.002,0.002,2.46,2026-06-18T10:06:06,0.002,2.3
ip_shuffle,20260618T100606_580285,of:000000000000000a:1 -> of:000000000000000d:6,0.001,0.00125,0.001,0.001,1.4,2026-06-18T10:06:06,0.001,1.43
ip_shuffle,20260618T100606_580285,of:000000000000000b:2 -> of:000000000000000c:2,0.001,0.00125,0.001,0.001,1.66,2026-06-18T10:06:06,0.001,1.66
ip_shuffle,20260618T100606_580285,of:0000000000000004:2 -> of:0000000000000009:2,0.002,0.0025,0.002,0.002,1.8,2026-06-18T10:06:06,0.002,1.8
ip_shuffle,20260618T100606_580285,of:0000000000000005:2 -> of:0000000000000009:3,0.002,0.0025,0.002,0.002,1.86,2026-06-18T10:06:06,0.002,1.8
ip_shuffle,20260618T100606_580285,of:000000000000000b:3 -> of:000000000000000d:2,0.001,0.00125,0.001,0.001,1.66,2026-06-18T10:06:06,0.001,1.66
ip_shuffle,20260618T100606_580285,of:0000000000000004:1 -> of:000000000000000c:4,0.002,0.0025,0.002,0.002,2.4,2026-06-18T10:06:06,0.002,2.3
ip_shuffle,20260618T100606_580285,of:000000000000000c:3 -> of:000000000000000d:3,0.001,0.00125,0.001,0.001,1.66,2026-06-18T10:06:06,0.001,1.66
ip_shuffle,20260618T100606_580285,of:0000000000000001:1 -> of:000000000000000b:1,0.002,0.0025,0.002,0.002,1.93,2026-06-18T10:06:06,0.002,2.03
ip_shuffle,20260618T100606_580285,of:0000000000000006:1 -> of:000000000000000d:4,0.002,0.0025,0.002,0.002,2.43,2026-06-18T10:06:06,0.002,2.46
ip_shuffle,20260618T100606_580285,of:0000000000000002:1 -> of:000000000000000b:4,0.002,0.0025,0.002,0.002,1.6,2026-06-18T10:06:06,0.001,1.5
ip_shuffle,20260618T100606_580285,of:0000000000000001:3 -> of:000000000000000d:1,0.002,0.0025,0.002,0.002,2.5,2026-06-18T10:06:06,0.002,2.36
ip_shuffle,20260618T100606_580285,of:0000000000000006:2 -> of:000000000000000a:2,0.002,0.0025,0.002,0.002,1.8,2026-06-18T10:06:06,0.002,1.8
ip_shuffle,20260618T100606_580285,of:0000000000000003:1 -> of:000000000000000b:5,0.002,0.0025,0.002,0.002,2.03,2026-06-18T10:06:06,0.002,1.93
ip_shuffle,20260618T100606_580285,of:0000000000000007:1 -> of:000000000000000d:5,0.002,0.0025,0.002,0.002,1.7,2026-06-18T10:06:06,0.002,1.6
ip_shuffle,20260618T100606_580285,of:0000000000000007:2 -> of:000000000000000a:3,0.002,0.0025,0.002,0.002,1.83,2026-06-18T10:06:06,0.002,1.83
ip_shuffle,20260618T100606_580285,of:0000000000000002:2 -> of:0000000000000008:2,0.002,0.0025,0.002,0.002,1.96,2026-06-18T10:06:06,0.002,2.03
ip_shuffle,20260618T100606_580285,of:0000000000000008:1 -> of:000000000000000b:6,0.002,0.0025,0.002,0.002,1.63,2026-06-18T10:06:06,0.001,1.5
ip_shuffle,20260618T100606_580285,of:0000000000000009:1 -> of:000000000000000c:6,0.001,0.00125,0.001,0.001,1.4,2026-06-18T10:06:06,0.001,1.43
ip_shuffle,20260618T100606_580285,of:0000000000000001:2 -> of:000000000000000c:1,0.003,0.00375,0.003,0.003,3.1,2026-06-18T10:06:06,0.003,3.2
ip_shuffle,20260618T100606_580285,of:0000000000000003:2 -> of:0000000000000008:3,0.002,0.0025,0.002,0.002,1.9,2026-06-18T10:06:06,0.002,2.03
route_mutation,20260618T100704_224168,of:0000000000000005:1 -> of:000000000000000c:5,0.002,0.0025,0.002,0.002,1.43,2026-06-18T10:07:04,0.001,1.33
route_mutation,20260618T100704_224168,of:000000000000000a:1 -> of:000000000000000d:6,0.002,0.0025,0.002,0.002,1.4,2026-06-18T10:07:04,0.002,1.43
route_mutation,20260618T100704_224168,of:000000000000000b:2 -> of:000000000000000c:2,0.002,0.0025,0.002,0.002,1.47,2026-06-18T10:07:04,0.002,1.47
route_mutation,20260618T100704_224168,of:0000000000000004:2 -> of:0000000000000009:2,0.002,0.0025,0.002,0.002,1.66,2026-06-18T10:07:04,0.002,1.53
route_mutation,20260618T100704_224168,of:0000000000000005:2 -> of:0000000000000009:3,0.002,0.0025,0.002,0.002,1.66,2026-06-18T10:07:04,0.002,1.53
route_mutation,20260618T100704_224168,of:000000000000000b:3 -> of:000000000000000d:2,0.002,0.0025,0.002,0.002,1.63,2026-06-18T10:07:04,0.002,1.63
route_mutation,20260618T100704_224168,of:0000000000000004:1 -> of:000000000000000c:4,0.002,0.0025,0.002,0.002,1.43,2026-06-18T10:07:04,0.001,1.33
route_mutation,20260618T100704_224168,of:000000000000000c:3 -> of:000000000000000d:3,0.002,0.0025,0.002,0.002,1.5,2026-06-18T10:07:04,0.002,1.5
route_mutation,20260618T100704_224168,of:0000000000000001:1 -> of:000000000000000b:1,0.003,0.00375,0.003,0.003,2.86,2026-06-18T10:07:04,0.003,2.76
route_mutation,20260618T100704_224168,of:0000000000000006:1 -> of:000000000000000d:4,0.002,0.0025,0.002,0.002,1.7,2026-06-18T10:07:04,0.002,1.63
route_mutation,20260618T100704_224168,of:0000000000000002:1 -> of:000000000000000b:4,0.002,0.0025,0.002,0.002,2.46,2026-06-18T10:07:04,0.002,2.43
route_mutation,20260618T100704_224168,of:0000000000000001:3 -> of:000000000000000d:1,0.002,0.0025,0.002,0.002,1.66,2026-06-18T10:07:04,0.002,1.6
route_mutation,20260618T100704_224168,of:0000000000000006:2 -> of:000000000000000a:2,0.002,0.0025,0.002,0.002,1.5,2026-06-18T10:07:04,0.001,1.43
route_mutation,20260618T100704_224168,of:0000000000000003:1 -> of:000000000000000b:5,0.002,0.0025,0.002,0.002,1.8,2026-06-18T10:07:04,0.002,1.9
route_mutation,20260618T100704_224168,of:0000000000000007:1 -> of:000000000000000d:5,0.002,0.0025,0.002,0.002,1.53,2026-06-18T10:07:04,0.002,1.47
route_mutation,20260618T100704_224168,of:0000000000000007:2 -> of:000000000000000a:3,0.002,0.0025,0.002,0.002,1.5,2026-06-18T10:07:04,0.001,1.43
route_mutation,20260618T100704_224168,of:0000000000000002:2 -> of:0000000000000008:2,0.002,0.0025,0.002,0.002,1.53,2026-06-18T10:07:04,0.001,1.47
route_mutation,20260618T100704_224168,of:0000000000000008:1 -> of:000000000000000b:6,0.002,0.0025,0.002,0.002,1.43,2026-06-18T10:07:04,0.002,1.4
route_mutation,20260618T100704_224168,of:0000000000000009:1 -> of:000000000000000c:6,0.002,0.0025,0.002,0.002,1.5,2026-06-18T10:07:04,0.002,1.47
route_mutation,20260618T100704_224168,of:0000000000000001:2 -> of:000000000000000c:1,0.001,0.00125,0.001,0.001,1.33,2026-06-18T10:07:04,0.001,1.37
route_mutation,20260618T100704_224168,of:0000000000000003:2 -> of:0000000000000008:3,0.002,0.0025,0.002,0.002,1.53,2026-06-18T10:07:04,0.001,1.47
route_mutation,20260618T100734_455149,of:0000000000000005:1 -> of:000000000000000c:5,0.002,0.0025,0.002,0.002,2.5,2026-06-18T10:07:34,0.002,2.36
route_mutation,20260618T100734_455149,of:000000000000000a:1 -> of:000000000000000d:6,0.001,0.00125,0.001,0.001,1.47,2026-06-18T10:07:34,0.001,1.47
route_mutation,20260618T100734_455149,of:000000000000000b:2 -> of:000000000000000c:2,0.002,0.0025,0.002,0.002,1.76,2026-06-18T10:07:34,0.002,1.76
route_mutation,20260618T100734_455149,of:0000000000000004:2 -> of:0000000000000009:2,0.002,0.0025,0.002,0.002,2.03,2026-06-18T10:07:34,0.002,2.1
route_mutation,20260618T100734_455149,of:0000000000000005:2 -> of:0000000000000009:3,0.002,0.0025,0.002,0.002,2.03,2026-06-18T10:07:34,0.002,2.1
route_mutation,20260618T100734_455149,of:000000000000000b:3 -> of:000000000000000d:2,0.002,0.0025,0.002,0.002,1.73,2026-06-18T10:07:34,0.002,1.73
route_mutation,20260618T100734_455149,of:0000000000000004:1 -> of:000000000000000c:4,0.002,0.0025,0.002,0.002,2.5,2026-06-18T10:07:34,0.002,2.36
route_mutation,20260618T100734_455149,of:000000000000000c:3 -> of:000000000000000d:3,0.002,0.0025,0.002,0.002,1.76,2026-06-18T10:07:34,0.002,1.76
route_mutation,20260618T100734_455149,of:0000000000000001:1 -> of:000000000000000b:1,0.002,0.0025,0.002,0.002,2.0,2026-06-18T10:07:34,0.002,2.2
route_mutation,20260618T100734_455149,of:0000000000000006:1 -> of:000000000000000d:4,0.002,0.0025,0.002,0.002,2.53,2026-06-18T10:07:34,0.002,2.5
route_mutation,20260618T100734_455149,of:0000000000000002:1 -> of:000000000000000b:4,0.002,0.0025,0.002,0.002,1.6,2026-06-18T10:07:34,0.002,1.53
route_mutation,20260618T100734_455149,of:0000000000000001:3 -> of:000000000000000d:1,0.002,0.0025,0.002,0.002,2.46,2026-06-18T10:07:34,0.002,2.43
route_mutation,20260618T100734_455149,of:0000000000000006:2 -> of:000000000000000a:2,0.002,0.0025,0.002,0.002,1.9,2026-06-18T10:07:34,0.002,1.9
route_mutation,20260618T100734_455149,of:0000000000000003:1 -> of:000000000000000b:5,0.002,0.0025,0.002,0.002,2.23,2026-06-18T10:07:34,0.002,2.0
route_mutation,20260618T100734_455149,of:0000000000000007:1 -> of:000000000000000d:5,0.002,0.0025,0.002,0.002,1.7,2026-06-18T10:07:34,0.002,1.66
route_mutation,20260618T100734_455149,of:0000000000000007:2 -> of:000000000000000a:3,0.002,0.0025,0.002,0.002,1.93,2026-06-18T10:07:34,0.002,1.93
route_mutation,20260618T100734_455149,of:0000000000000002:2 -> of:0000000000000008:2,0.002,0.0025,0.002,0.002,2.0,2026-06-18T10:07:34,0.002,2.06
route_mutation,20260618T100734_455149,of:0000000000000008:1 -> of:000000000000000b:6,0.002,0.0025,0.002,0.002,1.66,2026-06-18T10:07:34,0.002,1.53
route_mutation,20260618T100734_455149,of:0000000000000009:1 -> of:000000000000000c:6,0.002,0.0025,0.002,0.002,1.66,2026-06-18T10:07:34,0.002,1.56
route_mutation,20260618T100734_455149,of:0000000000000001:2 -> of:000000000000000c:1,0.003,0.00375,0.003,0.003,3.16,2026-06-18T10:07:34,0.003,3.2
route_mutation,20260618T100734_455149,of:0000000000000003:2 -> of:0000000000000008:3,0.002,0.0025,0.002,0.002,1.96,2026-06-18T10:07:34,0.002,2.1
route_mutation,20260618T100804_704115,of:0000000000000005:1 -> of:000000000000000c:5,0.002,0.0025,0.002,0.001,1.53,2026-06-18T10:08:04,0.002,1.76
route_mutation,20260618T100804_704115,of:000000000000000a:1 -> of:000000000000000d:6,0.002,0.0025,0.002,0.002,1.8,2026-06-18T10:08:04,0.002,1.76
route_mutation,20260618T100804_704115,of:000000000000000b:2 -> of:000000000000000c:2,0.002,0.0025,0.002,0.002,2.23,2026-06-18T10:08:04,0.002,2.23
route_mutation,20260618T100804_704115,of:0000000000000004:2 -> of:0000000000000009:2,0.002,0.0025,0.002,0.002,1.9,2026-06-18T10:08:04,0.002,1.96
route_mutation,20260618T100804_704115,of:0000000000000005:2 -> of:0000000000000009:3,0.002,0.0025,0.002,0.002,1.9,2026-06-18T10:08:04,0.002,1.96
route_mutation,20260618T100804_704115,of:000000000000000b:3 -> of:000000000000000d:2,0.002,0.0025,0.002,0.002,2.23,2026-06-18T10:08:04,0.002,2.23
route_mutation,20260618T100804_704115,of:0000000000000004:1 -> of:000000000000000c:4,0.002,0.0025,0.002,0.001,1.53,2026-06-18T10:08:04,0.002,1.76
route_mutation,20260618T100804_704115,of:000000000000000c:3 -> of:000000000000000d:3,0.002,0.0025,0.002,0.002,2.2,2026-06-18T10:08:04,0.002,2.2
route_mutation,20260618T100804_704115,of:0000000000000001:1 -> of:000000000000000b:1,0.002,0.0025,0.002,0.002,1.8,2026-06-18T10:08:04,0.002,1.7
route_mutation,20260618T100804_704115,of:0000000000000006:1 -> of:000000000000000d:4,0.002,0.0025,0.002,0.002,1.73,2026-06-18T10:08:04,0.002,1.83
route_mutation,20260618T100804_704115,of:0000000000000002:1 -> of:000000000000000b:4,0.002,0.0025,0.002,0.002,1.7,2026-06-18T10:08:04,0.002,1.8
route_mutation,20260618T100804_704115,of:0000000000000001:3 -> of:000000000000000d:1,0.003,0.00375,0.003,0.003,3.0,2026-06-18T10:08:04,0.003,3.1
route_mutation,20260618T100804_704115,of:0000000000000006:2 -> of:000000000000000a:2,0.002,0.0025,0.002,0.002,2.06,2026-06-18T10:08:04,0.002,2.13
route_mutation,20260618T100804_704115,of:0000000000000003:1 -> of:000000000000000b:5,0.002,0.0025,0.002,0.002,1.66,2026-06-18T10:08:04,0.002,1.8
route_mutation,20260618T100804_704115,of:0000000000000007:1 -> of:000000000000000d:5,0.002,0.0025,0.002,0.002,2.73,2026-06-18T10:08:04,0.002,2.83
route_mutation,20260618T100804_704115,of:0000000000000007:2 -> of:000000000000000a:3,0.002,0.0025,0.002,0.002,2.03,2026-06-18T10:08:04,0.002,2.1
route_mutation,20260618T100804_704115,of:0000000000000002:2 -> of:0000000000000008:2,0.002,0.0025,0.002,0.002,1.93,2026-06-18T10:08:04,0.002,1.93
route_mutation,20260618T100804_704115,of:0000000000000008:1 -> of:000000000000000b:6,0.002,0.0025,0.002,0.002,1.56,2026-06-18T10:08:04,0.002,1.73
route_mutation,20260618T100804_704115,of:0000000000000009:1 -> of:000000000000000c:6,0.002,0.0025,0.002,0.002,1.63,2026-06-18T10:08:04,0.002,1.76
route_mutation,20260618T100804_704115,of:0000000000000001:2 -> of:000000000000000c:1,0.002,0.0025,0.002,0.002,1.76,2026-06-18T10:08:04,0.002,1.7
route_mutation,20260618T100804_704115,of:0000000000000003:2 -> of:0000000000000008:3,0.002,0.0025,0.002,0.002,1.96,2026-06-18T10:08:04,0.002,1.9
ip_shuffle,20260618T100834_950451,of:0000000000000005:1 -> of:000000000000000c:5,0.002,0.0025,0.002,0.002,1.43,2026-06-18T10:08:34,0.001,1.36
ip_shuffle,20260618T100834_950451,of:000000000000000a:1 -> of:000000000000000d:6,0.002,0.0025,0.002,0.002,1.5,2026-06-18T10:08:34,0.002,1.5
ip_shuffle,20260618T100834_950451,of:000000000000000b:2 -> of:000000000000000c:2,0.002,0.0025,0.002,0.002,1.53,2026-06-18T10:08:34,0.002,1.53
ip_shuffle,20260618T100834_950451,of:0000000000000004:2 -> of:0000000000000009:2,0.002,0.0025,0.002,0.002,1.53,2026-06-18T10:08:34,0.001,1.4
ip_shuffle,20260618T100834_950451,of:0000000000000005:2 -> of:0000000000000009:3,0.002,0.0025,0.002,0.002,1.53,2026-06-18T10:08:34,0.001,1.4
ip_shuffle,20260618T100834_950451,of:000000000000000b:3 -> of:000000000000000d:2,0.002,0.0025,0.002,0.002,1.66,2026-06-18T10:08:34,0.002,1.66
ip_shuffle,20260618T100834_950451,of:0000000000000004:1 -> of:000000000000000c:4,0.002,0.0025,0.002,0.002,1.43,2026-06-18T10:08:34,0.001,1.36
ip_shuffle,20260618T100834_950451,of:000000000000000c:3 -> of:000000000000000d:3,0.002,0.0025,0.002,0.002,1.53,2026-06-18T10:08:34,0.002,1.53
ip_shuffle,20260618T100834_950451,of:0000000000000001:1 -> of:000000000000000b:1,0.003,0.00375,0.003,0.003,2.9,2026-06-18T10:08:34,0.003,2.83
ip_shuffle,20260618T100834_950451,of:0000000000000006:1 -> of:000000000000000d:4,0.002,0.0025,0.002,0.002,1.7,2026-06-18T10:08:34,0.002,1.63
ip_shuffle,20260618T100834_950451,of:0000000000000002:1 -> of:000000000000000b:4,0.002,0.0025,0.002,0.002,2.46,2026-06-18T10:08:34,0.002,2.46
ip_shuffle,20260618T100834_950451,of:0000000000000001:3 -> of:000000000000000d:1,0.002,0.0025,0.002,0.002,1.56,2026-06-18T10:08:34,0.002,1.5
ip_shuffle,20260618T100834_950451,of:0000000000000006:2 -> of:000000000000000a:2,0.002,0.0025,0.002,0.002,1.6,2026-06-18T10:08:34,0.002,1.53
ip_shuffle,20260618T100834_950451,of:0000000000000003:1 -> of:000000000000000b:5,0.002,0.0025,0.002,0.002,1.9,2026-06-18T10:08:34,0.002,1.96
ip_shuffle,20260618T100834_950451,of:0000000000000007:1 -> of:000000000000000d:5,0.002,0.0025,0.002,0.002,1.43,2026-06-18T10:08:34,0.001,1.36
ip_shuffle,20260618T100834_950451,of:0000000000000007:2 -> of:000000000000000a:3,0.002,0.0025,0.002,0.002,1.6,2026-06-18T10:08:34,0.002,1.53
ip_shuffle,20260618T100834_950451,of:0000000000000002:2 -> of:0000000000000008:2,0.002,0.0025,0.002,0.002,1.53,2026-06-18T10:08:34,0.001,1.46
ip_shuffle,20260618T100834_950451,of:0000000000000008:1 -> of:000000000000000b:6,0.002,0.0025,0.002,0.002,1.43,2026-06-18T10:08:34,0.002,1.43
ip_shuffle,20260618T100834_950451,of:0000000000000009:1 -> of:000000000000000c:6,0.001,0.00125,0.001,0.001,1.36,2026-06-18T10:08:34,0.001,1.36
ip_shuffle,20260618T100834_950451,of:0000000000000001:2 -> of:000000000000000c:1,0.002,0.0025,0.002,0.002,1.43,2026-06-18T10:08:34,0.001,1.36
ip_shuffle,20260618T100834_950451,of:0000000000000003:2 -> of:0000000000000008:3,0.002,0.0025,0.002,0.002,1.53,2026-06-18T10:08:34,0.001,1.46
ip_shuffle,20260618T100932_701001,of:0000000000000005:1 -> of:000000000000000c:5,0.002,0.0025,0.002,0.002,1.6,2026-06-18T10:09:32,0.002,1.8
ip_shuffle,20260618T100932_701001,of:000000000000000a:1 -> of:000000000000000d:6,0.002,0.0025,0.002,0.002,1.63,2026-06-18T10:09:32,0.002,1.76
ip_shuffle,20260618T100932_701001,of:000000000000000b:2 -> of:000000000000000c:2,0.002,0.0025,0.002,0.002,2.26,2026-06-18T10:09:32,0.002,2.26
ip_shuffle,20260618T100932_701001,of:0000000000000004:2 -> of:0000000000000009:2,0.002,0.0025,0.002,0.002,1.9,2026-06-18T10:09:32,0.002,1.96
ip_shuffle,20260618T100932_701001,of:0000000000000005:2 -> of:0000000000000009:3,0.002,0.0025,0.002,0.002,1.9,2026-06-18T10:09:32,0.002,1.96
ip_shuffle,20260618T100932_701001,of:000000000000000b:3 -> of:000000000000000d:2,0.002,0.0025,0.002,0.002,2.23,2026-06-18T10:09:32,0.002,2.23
ip_shuffle,20260618T100932_701001,of:0000000000000004:1 -> of:000000000000000c:4,0.002,0.0025,0.002,0.002,1.6,2026-06-18T10:09:32,0.002,1.8
ip_shuffle,20260618T100932_701001,of:000000000000000c:3 -> of:000000000000000d:3,0.002,0.0025,0.002,0.002,2.23,2026-06-18T10:09:32,0.002,2.23
ip_shuffle,20260618T100932_701001,of:0000000000000001:1 -> of:000000000000000b:1,0.002,0.0025,0.002,0.002,1.8,2026-06-18T10:09:32,0.002,1.7
ip_shuffle,20260618T100932_701001,of:0000000000000006:1 -> of:000000000000000d:4,0.002,0.0025,0.002,0.002,1.73,2026-06-18T10:09:32,0.002,1.83
ip_shuffle,20260618T100932_701001,of:0000000000000002:1 -> of:000000000000000b:4,0.002,0.0025,0.002,0.002,1.7,2026-06-18T10:09:32,0.002,1.8
ip_shuffle,20260618T100932_701001,of:0000000000000001:3 -> of:000000000000000d:1,0.003,0.00375,0.003,0.003,3.0,2026-06-18T10:09:32,0.003,3.1
ip_shuffle,20260618T100932_701001,of:0000000000000006:2 -> of:000000000000000a:2,0.002,0.0025,0.002,0.002,1.9,2026-06-18T10:09:32,0.002,1.96
ip_shuffle,20260618T100932_701001,of:0000000000000003:1 -> of:000000000000000b:5,0.002,0.0025,0.002,0.002,1.66,2026-06-18T10:09:32,0.002,1.8
ip_shuffle,20260618T100932_701001,of:0000000000000007:1 -> of:000000000000000d:5,0.002,0.0025,0.002,0.002,2.73,2026-06-18T10:09:32,0.002,2.86
ip_shuffle,20260618T100932_701001,of:0000000000000007:2 -> of:000000000000000a:3,0.002,0.0025,0.002,0.002,1.9,2026-06-18T10:09:32,0.002,1.96
ip_shuffle,20260618T100932_701001,of:0000000000000002:2 -> of:0000000000000008:2,0.002,0.0025,0.002,0.002,1.93,2026-06-18T10:09:32,0.002,2.0
ip_shuffle,20260618T100932_701001,of:0000000000000008:1 -> of:000000000000000b:6,0.002,0.0025,0.002,0.002,1.63,2026-06-18T10:09:32,0.002,1.8
ip_shuffle,20260618T100932_701001,of:0000000000000009:1 -> of:000000000000000c:6,0.002,0.0025,0.002,0.002,1.63,2026-06-18T10:09:32,0.002,1.8
ip_shuffle,20260618T100932_701001,of:0000000000000001:2 -> of:000000000000000c:1,0.002,0.0025,0.002,0.002,1.8,2026-06-18T10:09:32,0.002,1.7
ip_shuffle,20260618T100932_701001,of:0000000000000003:2 -> of:0000000000000008:3,0.002,0.0025,0.002,0.002,1.96,2026-06-18T10:09:32,0.002,1.96
route_mutation,20260618T101030_298239,of:0000000000000005:1 -> of:000000000000000c:5,0.002,0.0025,0.002,0.002,2.3,2026-06-18T10:10:30,0.002,2.16
route_mutation,20260618T101030_298239,of:000000000000000a:1 -> of:000000000000000d:6,0.001,0.00125,0.001,0.001,1.43,2026-06-18T10:10:30,0.001,1.37
route_mutation,20260618T101030_298239,of:000000000000000b:2 -> of:000000000000000c:2,0.002,0.0025,0.002,0.002,1.6,2026-06-18T10:10:30,0.002,1.6
route_mutation,20260618T101030_298239,of:0000000000000004:2 -> of:0000000000000009:2,0.002,0.0025,0.002,0.002,1.56,2026-06-18T10:10:30,0.002,1.63
route_mutation,20260618T101030_298239,of:0000000000000005:2 -> of:0000000000000009:3,0.002,0.0025,0.002,0.002,1.56,2026-06-18T10:10:30,0.002,1.63
route_mutation,20260618T101030_298239,of:000000000000000b:3 -> of:000000000000000d:2,0.002,0.0025,0.002,0.002,1.63,2026-06-18T10:10:30,0.002,1.6
route_mutation,20260618T101030_298239,of:0000000000000004:1 -> of:000000000000000c:4,0.002,0.0025,0.002,0.002,2.26,2026-06-18T10:10:30,0.002,2.16
route_mutation,20260618T101030_298239,of:000000000000000c:3 -> of:000000000000000d:3,0.001,0.00125,0.001,0.001,1.4,2026-06-18T10:10:30,0.001,1.4
route_mutation,20260618T101030_298239,of:0000000000000001:1 -> of:000000000000000b:1,0.002,0.0025,0.002,0.002,2.03,2026-06-18T10:10:30,0.002,2.03
route_mutation,20260618T101030_298239,of:0000000000000006:1 -> of:000000000000000d:4,0.002,0.0025,0.002,0.002,1.96,2026-06-18T10:10:30,0.002,1.93
route_mutation,20260618T101030_298239,of:0000000000000002:1 -> of:000000000000000b:4,0.002,0.0025,0.002,0.002,1.53,2026-06-18T10:10:30,0.002,1.5
route_mutation,20260618T101030_298239,of:0000000000000001:3 -> of:000000000000000d:1,0.002,0.0025,0.002,0.002,1.8,2026-06-18T10:10:30,0.002,1.86
route_mutation,20260618T101030_298239,of:0000000000000006:2 -> of:000000000000000a:2,0.002,0.0025,0.002,0.002,1.66,2026-06-18T10:10:30,0.002,1.66
route_mutation,20260618T101030_298239,of:0000000000000003:1 -> of:000000000000000b:5,0.002,0.0025,0.002,0.002,2.03,2026-06-18T10:10:30,0.002,2.0
route_mutation,20260618T101030_298239,of:0000000000000007:1 -> of:000000000000000d:5,0.002,0.0025,0.002,0.002,1.5,2026-06-18T10:10:30,0.001,1.37
route_mutation,20260618T101030_298239,of:0000000000000007:2 -> of:000000000000000a:3,0.002,0.0025,0.002,0.002,1.66,2026-06-18T10:10:30,0.002,1.66
route_mutation,20260618T101030_298239,of:0000000000000002:2 -> of:0000000000000008:2,0.002,0.0025,0.002,0.002,1.56,2026-06-18T10:10:30,0.002,1.56
route_mutation,20260618T101030_298239,of:0000000000000008:1 -> of:000000000000000b:6,0.002,0.0025,0.002,0.002,1.56,2026-06-18T10:10:30,0.002,1.56
route_mutation,20260618T101030_298239,of:0000000000000009:1 -> of:000000000000000c:6,0.001,0.00125,0.001,0.001,1.43,2026-06-18T10:10:30,0.001,1.37
route_mutation,20260618T101030_298239,of:0000000000000001:2 -> of:000000000000000c:1,0.003,0.00375,0.003,0.003,2.9,2026-06-18T10:10:30,0.003,3.0
route_mutation,20260618T101030_298239,of:0000000000000003:2 -> of:0000000000000008:3,0.002,0.0025,0.002,0.002,1.56,2026-06-18T10:10:30,0.002,1.63
route_mutation,20260618T101100_475188,of:0000000000000005:1 -> of:000000000000000c:5,0.002,0.0025,0.002,0.002,1.8,2026-06-18T10:11:00,0.002,1.93
route_mutation,20260618T101100_475188,of:000000000000000a:1 -> of:000000000000000d:6,0.002,0.0025,0.002,0.002,1.86,2026-06-18T10:11:00,0.002,1.93
route_mutation,20260618T101100_475188,of:000000000000000b:2 -> of:000000000000000c:2,0.002,0.0025,0.002,0.002,2.46,2026-06-18T10:11:00,0.002,2.46
route_mutation,20260618T101100_475188,of:0000000000000004:2 -> of:0000000000000009:2,0.002,0.0025,0.002,0.002,2.36,2026-06-18T10:11:00,0.002,2.43
route_mutation,20260618T101100_475188,of:0000000000000005:2 -> of:0000000000000009:3,0.002,0.0025,0.002,0.002,2.36,2026-06-18T10:11:00,0.002,2.43
route_mutation,20260618T101100_475188,of:000000000000000b:3 -> of:000000000000000d:2,0.002,0.0025,0.002,0.002,2.43,2026-06-18T10:11:00,0.002,2.46
route_mutation,20260618T101100_475188,of:0000000000000004:1 -> of:000000000000000c:4,0.002,0.0025,0.002,0.002,1.83,2026-06-18T10:11:00,0.002,1.93
route_mutation,20260618T101100_475188,of:000000000000000c:3 -> of:000000000000000d:3,0.002,0.0025,0.002,0.002,2.53,2026-06-18T10:11:00,0.002,2.53
route_mutation,20260618T101100_475188,of:0000000000000001:1 -> of:000000000000000b:1,0.002,0.0025,0.002,0.002,1.76,2026-06-18T10:11:00,0.002,1.9
route_mutation,20260618T101100_475188,of:0000000000000006:1 -> of:000000000000000d:4,0.002,0.0025,0.002,0.002,2.26,2026-06-18T10:11:00,0.002,2.36
route_mutation,20260618T101100_475188,of:0000000000000002:1 -> of:000000000000000b:4,0.002,0.0025,0.002,0.002,1.83,2026-06-18T10:11:00,0.002,1.86
route_mutation,20260618T101100_475188,of:0000000000000001:3 -> of:000000000000000d:1,0.003,0.00375,0.003,0.003,3.63,2026-06-18T10:11:00,0.003,3.63
route_mutation,20260618T101100_475188,of:0000000000000006:2 -> of:000000000000000a:2,0.002,0.0025,0.002,0.002,2.33,2026-06-18T10:11:00,0.002,2.4
route_mutation,20260618T101100_475188,of:0000000000000003:1 -> of:000000000000000b:5,0.002,0.0025,0.002,0.002,1.83,2026-06-18T10:11:00,0.002,1.86
route_mutation,20260618T101100_475188,of:0000000000000007:1 -> of:000000000000000d:5,0.003,0.00375,0.003,0.002,2.93,2026-06-18T10:11:00,0.003,3.13
route_mutation,20260618T101100_475188,of:0000000000000007:2 -> of:000000000000000a:3,0.002,0.0025,0.002,0.002,2.33,2026-06-18T10:11:00,0.002,2.4
route_mutation,20260618T101100_475188,of:0000000000000002:2 -> of:0000000000000008:2,0.002,0.0025,0.002,0.002,2.36,2026-06-18T10:11:00,0.002,2.43
route_mutation,20260618T101100_475188,of:0000000000000008:1 -> of:000000000000000b:6,0.002,0.0025,0.002,0.002,1.86,2026-06-18T10:11:00,0.002,1.86
route_mutation,20260618T101100_475188,of:0000000000000009:1 -> of:000000000000000c:6,0.002,0.0025,0.002,0.002,1.86,2026-06-18T10:11:00,0.002,1.93
route_mutation,20260618T101100_475188,of:0000000000000001:2 -> of:000000000000000c:1,0.002,0.0025,0.002,0.002,1.93,2026-06-18T10:11:00,0.002,1.9
route_mutation,20260618T101100_475188,of:0000000000000003:2 -> of:0000000000000008:3,0.002,0.0025,0.002,0.002,2.36,2026-06-18T10:11:00,0.002,2.43
ip_shuffle,20260618T101130_702681,of:0000000000000005:1 -> of:000000000000000c:5,0.001,0.00125,0.001,0.001,1.26,2026-06-18T10:11:30,0.001,1.26
ip_shuffle,20260618T101130_702681,of:000000000000000a:1 -> of:000000000000000d:6,0.001,0.00125,0.001,0.001,1.3,2026-06-18T10:11:30,0.001,1.26
ip_shuffle,20260618T101130_702681,of:000000000000000b:2 -> of:000000000000000c:2,0.001,0.00125,0.001,0.001,1.3,2026-06-18T10:11:30,0.001,1.3
ip_shuffle,20260618T101130_702681,of:0000000000000004:2 -> of:0000000000000009:2,0.001,0.00125,0.001,0.001,1.36,2026-06-18T10:11:30,0.001,1.23
ip_shuffle,20260618T101130_702681,of:0000000000000005:2 -> of:0000000000000009:3,0.001,0.00125,0.001,0.001,1.36,2026-06-18T10:11:30,0.001,1.23
ip_shuffle,20260618T101130_702681,of:000000000000000b:3 -> of:000000000000000d:2,0.001,0.00125,0.001,0.001,1.33,2026-06-18T10:11:30,0.001,1.36
ip_shuffle,20260618T101130_702681,of:0000000000000004:1 -> of:000000000000000c:4,0.001,0.00125,0.001,0.001,1.26,2026-06-18T10:11:30,0.001,1.26
ip_shuffle,20260618T101130_702681,of:000000000000000c:3 -> of:000000000000000d:3,0.001,0.00125,0.001,0.001,1.33,2026-06-18T10:11:30,0.001,1.33
ip_shuffle,20260618T101130_702681,of:0000000000000001:1 -> of:000000000000000b:1,0.002,0.0025,0.002,0.002,2.46,2026-06-18T10:11:30,0.002,2.43
ip_shuffle,20260618T101130_702681,of:0000000000000006:1 -> of:000000000000000d:4,0.002,0.0025,0.002,0.002,1.43,2026-06-18T10:11:30,0.001,1.36
ip_shuffle,20260618T101130_702681,of:0000000000000002:1 -> of:000000000000000b:4,0.002,0.0025,0.002,0.002,2.3,2026-06-18T10:11:30,0.002,2.26
ip_shuffle,20260618T101130_702681,of:0000000000000001:3 -> of:000000000000000d:1,0.002,0.0025,0.002,0.002,1.4,2026-06-18T10:11:30,0.002,1.36
ip_shuffle,20260618T101130_702681,of:0000000000000006:2 -> of:000000000000000a:2,0.001,0.00125,0.001,0.001,1.36,2026-06-18T10:11:30,0.001,1.23
ip_shuffle,20260618T101130_702681,of:0000000000000003:1 -> of:000000000000000b:5,0.002,0.0025,0.002,0.002,1.6,2026-06-18T10:11:30,0.002,1.46
ip_shuffle,20260618T101130_702681,of:0000000000000007:1 -> of:000000000000000d:5,0.001,0.00125,0.001,0.001,1.36,2026-06-18T10:11:30,0.001,1.26
ip_shuffle,20260618T101130_702681,of:0000000000000007:2 -> of:000000000000000a:3,0.002,0.0025,0.002,0.002,1.4,2026-06-18T10:11:30,0.001,1.26
ip_shuffle,20260618T101130_702681,of:0000000000000002:2 -> of:0000000000000008:2,0.001,0.00125,0.001,0.001,1.36,2026-06-18T10:11:30,0.001,1.3
ip_shuffle,20260618T101130_702681,of:0000000000000008:1 -> of:000000000000000b:6,0.001,0.00125,0.001,0.001,1.23,2026-06-18T10:11:30,0.001,1.23
ip_shuffle,20260618T101130_702681,of:0000000000000009:1 -> of:000000000000000c:6,0.001,0.00125,0.001,0.001,1.3,2026-06-18T10:11:30,0.001,1.26
ip_shuffle,20260618T101130_702681,of:0000000000000001:2 -> of:000000000000000c:1,0.001,0.00125,0.001,0.001,1.33,2026-06-18T10:11:30,0.001,1.33
ip_shuffle,20260618T101130_702681,of:0000000000000003:2 -> of:0000000000000008:3,0.001,0.00125,0.001,0.001,1.36,2026-06-18T10:11:30,0.001,1.23
ip_shuffle,20260618T101228_441971,of:0000000000000005:1 -> of:000000000000000c:5,0.002,0.0025,0.002,0.002,1.93,2026-06-18T10:12:28,0.002,2.13
ip_shuffle,20260618T101228_441971,of:000000000000000a:1 -> of:000000000000000d:6,0.002,0.0025,0.002,0.002,1.8,2026-06-18T10:12:28,0.002,1.93
ip_shuffle,20260618T101228_441971,of:000000000000000b:2 -> of:000000000000000c:2,0.002,0.0025,0.002,0.002,2.63,2026-06-18T10:12:28,0.002,2.59
ip_shuffle,20260618T101228_441971,of:0000000000000004:2 -> of:0000000000000009:2,0.002,0.0025,0.002,0.002,2.33,2026-06-18T10:12:28,0.002,2.39
ip_shuffle,20260618T101228_441971,of:0000000000000005:2 -> of:0000000000000009:3,0.002,0.0025,0.002,0.002,2.33,2026-06-18T10:12:28,0.002,2.39
ip_shuffle,20260618T101228_441971,of:000000000000000b:3 -> of:000000000000000d:2,0.002,0.0025,0.002,0.002,2.39,2026-06-18T10:12:28,0.002,2.43
ip_shuffle,20260618T101228_441971,of:0000000000000004:1 -> of:000000000000000c:4,0.002,0.0025,0.002,0.002,1.93,2026-06-18T10:12:28,0.002,2.1
ip_shuffle,20260618T101228_441971,of:000000000000000c:3 -> of:000000000000000d:3,0.002,0.0025,0.002,0.002,2.66,2026-06-18T10:12:28,0.002,2.66
ip_shuffle,20260618T101228_441971,of:0000000000000001:1 -> of:000000000000000b:1,0.002,0.0025,0.002,0.002,1.8,2026-06-18T10:12:28,0.002,1.93
ip_shuffle,20260618T101228_441971,of:0000000000000006:1 -> of:000000000000000d:4,0.002,0.0025,0.002,0.002,2.36,2026-06-18T10:12:28,0.002,2.36
ip_shuffle,20260618T101228_441971,of:0000000000000002:1 -> of:000000000000000b:4,0.002,0.0025,0.002,0.002,1.86,2026-06-18T10:12:28,0.002,1.86
ip_shuffle,20260618T101228_441971,of:0000000000000001:3 -> of:000000000000000d:1,0.003,0.00375,0.003,0.003,3.53,2026-06-18T10:12:28,0.003,3.46
ip_shuffle,20260618T101228_441971,of:0000000000000006:2 -> of:000000000000000a:2,0.002,0.0025,0.002,0.002,2.3,2026-06-18T10:12:28,0.002,2.39
ip_shuffle,20260618T101228_441971,of:0000000000000003:1 -> of:000000000000000b:5,0.002,0.0025,0.002,0.002,1.76,2026-06-18T10:12:28,0.002,1.86
ip_shuffle,20260618T101228_441971,of:0000000000000007:1 -> of:000000000000000d:5,0.002,0.0025,0.002,0.002,2.86,2026-06-18T10:12:28,0.002,2.99
ip_shuffle,20260618T101228_441971,of:0000000000000007:2 -> of:000000000000000a:3,0.002,0.0025,0.002,0.002,2.36,2026-06-18T10:12:28,0.002,2.39
ip_shuffle,20260618T101228_441971,of:0000000000000002:2 -> of:0000000000000008:2,0.002,0.0025,0.002,0.002,2.36,2026-06-18T10:12:28,0.002,2.43
ip_shuffle,20260618T101228_441971,of:0000000000000008:1 -> of:000000000000000b:6,0.002,0.0025,0.002,0.002,1.83,2026-06-18T10:12:28,0.002,1.83
ip_shuffle,20260618T101228_441971,of:0000000000000009:1 -> of:000000000000000c:6,0.002,0.0025,0.002,0.002,2.0,2026-06-18T10:12:28,0.002,2.1
ip_shuffle,20260618T101228_441971,of:0000000000000001:2 -> of:000000000000000c:1,0.002,0.0025,0.002,0.002,2.13,2026-06-18T10:12:28,0.002,2.1
ip_shuffle,20260618T101228_441971,of:0000000000000003:2 -> of:0000000000000008:3,0.002,0.0025,0.002,0.002,2.23,2026-06-18T10:12:28,0.002,2.39
route_mutation,20260618T101326_054671,of:0000000000000005:1 -> of:000000000000000c:5,0.002,0.0025,0.002,0.002,1.53,2026-06-18T10:13:26,0.002,1.53
route_mutation,20260618T101326_054671,of:000000000000000a:1 -> of:000000000000000d:6,0.002,0.0025,0.002,0.002,1.53,2026-06-18T10:13:26,0.002,1.53
route_mutation,20260618T101326_054671,of:000000000000000b:2 -> of:000000000000000c:2,0.002,0.0025,0.002,0.002,1.73,2026-06-18T10:13:26,0.002,1.73
route_mutation,20260618T101326_054671,of:0000000000000004:2 -> of:0000000000000009:2,0.002,0.0025,0.002,0.002,1.66,2026-06-18T10:13:26,0.002,1.73
route_mutation,20260618T101326_054671,of:0000000000000005:2 -> of:0000000000000009:3,0.002,0.0025,0.002,0.002,1.7,2026-06-18T10:13:26,0.002,1.76
route_mutation,20260618T101326_054671,of:000000000000000b:3 -> of:000000000000000d:2,0.002,0.0025,0.002,0.002,1.9,2026-06-18T10:13:26,0.002,1.9
route_mutation,20260618T101326_054671,of:0000000000000004:1 -> of:000000000000000c:4,0.002,0.0025,0.002,0.002,2.13,2026-06-18T10:13:26,0.002,2.13
route_mutation,20260618T101326_054671,of:000000000000000c:3 -> of:000000000000000d:3,0.002,0.0025,0.002,0.002,1.76,2026-06-18T10:13:26,0.002,1.76
route_mutation,20260618T101326_054671,of:0000000000000001:1 -> of:000000000000000b:1,0.003,0.00375,0.003,0.003,3.2,2026-06-18T10:13:26,0.003,3.2
route_mutation,20260618T101326_054671,of:0000000000000006:1 -> of:000000000000000d:4,0.002,0.0025,0.002,0.002,1.83,2026-06-18T10:13:26,0.002,1.83
route_mutation,20260618T101326_054671,of:0000000000000002:1 -> of:000000000000000b:4,0.002,0.0025,0.002,0.002,2.33,2026-06-18T10:13:26,0.002,2.33
route_mutation,20260618T101326_054671,of:0000000000000001:3 -> of:000000000000000d:1,0.002,0.0025,0.002,0.001,1.53,2026-06-18T10:13:26,0.002,1.6
route_mutation,20260618T101326_054671,of:0000000000000006:2 -> of:000000000000000a:2,0.002,0.0025,0.002,0.002,1.66,2026-06-18T10:13:26,0.002,1.73
route_mutation,20260618T101326_054671,of:0000000000000003:1 -> of:000000000000000b:5,0.002,0.0025,0.002,0.002,2.56,2026-06-18T10:13:26,0.002,2.5
route_mutation,20260618T101326_054671,of:0000000000000007:1 -> of:000000000000000d:5,0.002,0.0025,0.002,0.002,1.53,2026-06-18T10:13:26,0.002,1.53
route_mutation,20260618T101326_054671,of:0000000000000007:2 -> of:000000000000000a:3,0.002,0.0025,0.002,0.002,1.66,2026-06-18T10:13:26,0.002,1.73
route_mutation,20260618T101326_054671,of:0000000000000002:2 -> of:0000000000000008:2,0.002,0.0025,0.002,0.002,1.66,2026-06-18T10:13:26,0.002,1.66
route_mutation,20260618T101326_054671,of:0000000000000008:1 -> of:000000000000000b:6,0.002,0.0025,0.002,0.002,1.53,2026-06-18T10:13:26,0.002,1.53
route_mutation,20260618T101326_054671,of:0000000000000009:1 -> of:000000000000000c:6,0.002,0.0025,0.002,0.002,1.53,2026-06-18T10:13:26,0.002,1.53
route_mutation,20260618T101326_054671,of:0000000000000001:2 -> of:000000000000000c:1,0.002,0.0025,0.002,0.002,2.06,2026-06-18T10:13:26,0.002,2.06
route_mutation,20260618T101326_054671,of:0000000000000003:2 -> of:0000000000000008:3,0.002,0.0025,0.002,0.002,1.73,2026-06-18T10:13:26,0.002,1.66
route_mutation,20260618T101356_275544,of:0000000000000005:1 -> of:000000000000000c:5,0.002,0.0025,0.002,0.002,2.53,2026-06-18T10:13:56,0.002,2.7
route_mutation,20260618T101356_275544,of:000000000000000a:1 -> of:000000000000000d:6,0.002,0.0025,0.002,0.002,1.83,2026-06-18T10:13:56,0.002,1.73
route_mutation,20260618T101356_275544,of:000000000000000b:2 -> of:000000000000000c:2,0.002,0.0025,0.002,0.002,2.46,2026-06-18T10:13:56,0.002,2.46
route_mutation,20260618T101356_275544,of:0000000000000004:2 -> of:0000000000000009:2,0.002,0.0025,0.002,0.002,2.36,2026-06-18T10:13:56,0.002,2.43
route_mutation,20260618T101356_275544,of:0000000000000005:2 -> of:0000000000000009:3,0.002,0.0025,0.002,0.002,2.36,2026-06-18T10:13:56,0.002,2.43
route_mutation,20260618T101356_275544,of:000000000000000b:3 -> of:000000000000000d:2,0.002,0.0025,0.002,0.002,2.3,2026-06-18T10:13:56,0.002,2.3
route_mutation,20260618T101356_275544,of:0000000000000004:1 -> of:000000000000000c:4,0.002,0.0025,0.002,0.002,1.93,2026-06-18T10:13:56,0.002,2.1
route_mutation,20260618T101356_275544,of:000000000000000c:3 -> of:000000000000000d:3,0.002,0.0025,0.002,0.002,2.3,2026-06-18T10:13:56,0.002,2.3
route_mutation,20260618T101356_275544,of:0000000000000001:1 -> of:000000000000000b:1,0.002,0.0025,0.002,0.002,1.83,2026-06-18T10:13:56,0.002,1.83
route_mutation,20260618T101356_275544,of:0000000000000006:1 -> of:000000000000000d:4,0.002,0.0025,0.002,0.002,2.76,2026-06-18T10:13:56,0.002,2.76
route_mutation,20260618T101356_275544,of:0000000000000002:1 -> of:000000000000000b:4,0.002,0.0025,0.002,0.002,1.76,2026-06-18T10:13:56,0.002,1.9
route_mutation,20260618T101356_275544,of:0000000000000001:3 -> of:000000000000000d:1,0.003,0.00375,0.003,0.003,3.26,2026-06-18T10:13:56,0.003,3.1
route_mutation,20260618T101356_275544,of:0000000000000006:2 -> of:000000000000000a:2,0.002,0.0025,0.002,0.002,2.36,2026-06-18T10:13:56,0.002,2.43
route_mutation,20260618T101356_275544,of:0000000000000003:1 -> of:000000000000000b:5,0.002,0.0025,0.002,0.002,1.7,2026-06-18T10:13:56,0.002,1.9
route_mutation,20260618T101356_275544,of:0000000000000007:1 -> of:000000000000000d:5,0.002,0.0025,0.002,0.002,2.13,2026-06-18T10:13:56,0.002,2.23
route_mutation,20260618T101356_275544,of:0000000000000007:2 -> of:000000000000000a:3,0.002,0.0025,0.002,0.002,2.43,2026-06-18T10:13:56,0.002,2.43
route_mutation,20260618T101356_275544,of:0000000000000002:2 -> of:0000000000000008:2,0.002,0.0025,0.002,0.002,2.33,2026-06-18T10:13:56,0.002,2.4
route_mutation,20260618T101356_275544,of:0000000000000008:1 -> of:000000000000000b:6,0.002,0.0025,0.002,0.002,1.9,2026-06-18T10:13:56,0.002,1.9
route_mutation,20260618T101356_275544,of:0000000000000009:1 -> of:000000000000000c:6,0.002,0.0025,0.002,0.002,1.9,2026-06-18T10:13:56,0.002,1.9
route_mutation,20260618T101356_275544,of:0000000000000001:2 -> of:000000000000000c:1,0.002,0.0025,0.002,0.002,2.9,2026-06-18T10:13:56,0.002,2.83
route_mutation,20260618T101356_275544,of:0000000000000003:2 -> of:0000000000000008:3,0.002,0.0025,0.002,0.002,2.26,2026-06-18T10:13:56,0.002,2.4
route_mutation,20260618T101426_539084,of:0000000000000005:1 -> of:000000000000000c:5,0.002,0.0025,0.002,0.002,1.5,2026-06-18T10:14:26,0.001,1.4
route_mutation,20260618T101426_539084,of:000000000000000a:1 -> of:000000000000000d:6,0.002,0.0025,0.002,0.002,1.53,2026-06-18T10:14:26,0.002,1.63
route_mutation,20260618T101426_539084,of:000000000000000b:2 -> of:000000000000000c:2,0.001,0.00125,0.001,0.001,1.46,2026-06-18T10:14:26,0.001,1.46
route_mutation,20260618T101426_539084,of:0000000000000004:2 -> of:0000000000000009:2,0.002,0.0025,0.002,0.002,1.63,2026-06-18T10:14:26,0.001,1.5
route_mutation,20260618T101426_539084,of:0000000000000005:2 -> of:0000000000000009:3,0.002,0.0025,0.002,0.002,1.63,2026-06-18T10:14:26,0.002,1.56
route_mutation,20260618T101426_539084,of:000000000000000b:3 -> of:000000000000000d:2,0.002,0.0025,0.002,0.002,1.76,2026-06-18T10:14:26,0.002,1.76
route_mutation,20260618T101426_539084,of:0000000000000004:1 -> of:000000000000000c:4,0.002,0.0025,0.002,0.002,1.5,2026-06-18T10:14:26,0.001,1.33
route_mutation,20260618T101426_539084,of:000000000000000c:3 -> of:000000000000000d:3,0.002,0.0025,0.002,0.002,1.76,2026-06-18T10:14:26,0.002,1.76
route_mutation,20260618T101426_539084,of:0000000000000001:1 -> of:000000000000000b:1,0.002,0.0025,0.002,0.002,1.46,2026-06-18T10:14:26,0.001,1.46
route_mutation,20260618T101426_539084,of:0000000000000006:1 -> of:000000000000000d:4,0.002,0.0025,0.002,0.002,1.63,2026-06-18T10:14:26,0.002,1.63
route_mutation,20260618T101426_539084,of:0000000000000002:1 -> of:000000000000000b:4,0.002,0.0025,0.002,0.002,1.53,2026-06-18T10:14:26,0.001,1.4
route_mutation,20260618T101426_539084,of:0000000000000001:3 -> of:000000000000000d:1,0.002,0.0025,0.002,0.002,2.4,2026-06-18T10:14:26,0.002,2.56
route_mutation,20260618T101426_539084,of:0000000000000006:2 -> of:000000000000000a:2,0.002,0.0025,0.002,0.002,1.63,2026-06-18T10:14:26,0.001,1.5
route_mutation,20260618T101426_539084,of:0000000000000003:1 -> of:000000000000000b:5,0.002,0.0025,0.002,0.002,1.53,2026-06-18T10:14:26,0.001,1.4
route_mutation,20260618T101426_539084,of:0000000000000007:1 -> of:000000000000000d:5,0.002,0.0025,0.002,0.002,2.43,2026-06-18T10:14:26,0.002,2.33
route_mutation,20260618T101426_539084,of:0000000000000007:2 -> of:000000000000000a:3,0.002,0.0025,0.002,0.002,1.56,2026-06-18T10:14:26,0.001,1.5
route_mutation,20260618T101426_539084,of:0000000000000002:2 -> of:0000000000000008:2,0.002,0.0025,0.002,0.002,1.66,2026-06-18T10:14:26,0.002,1.6
route_mutation,20260618T101426_539084,of:0000000000000008:1 -> of:000000000000000b:6,0.001,0.00125,0.001,0.001,1.33,2026-06-18T10:14:26,0.001,1.33
route_mutation,20260618T101426_539084,of:0000000000000009:1 -> of:000000000000000c:6,0.001,0.00125,0.001,0.001,1.33,2026-06-18T10:14:26,0.001,1.33
route_mutation,20260618T101426_539084,of:0000000000000001:2 -> of:000000000000000c:1,0.001,0.00125,0.001,0.001,1.4,2026-06-18T10:14:26,0.001,1.46
route_mutation,20260618T101426_539084,of:0000000000000003:2 -> of:0000000000000008:3,0.002,0.0025,0.002,0.002,1.66,2026-06-18T10:14:26,0.002,1.6
ip_shuffle,20260618T101456_848695,of:0000000000000005:1 -> of:000000000000000c:5,0.002,0.0025,0.002,0.002,1.53,2026-06-18T10:14:56,0.001,1.46
ip_shuffle,20260618T101456_848695,of:000000000000000a:1 -> of:000000000000000d:6,0.001,0.00125,0.001,0.001,1.46,2026-06-18T10:14:56,0.001,1.46
ip_shuffle,20260618T101456_848695,of:000000000000000b:2 -> of:000000000000000c:2,0.002,0.0025,0.002,0.002,1.73,2026-06-18T10:14:56,0.002,1.73
ip_shuffle,20260618T101456_848695,of:0000000000000004:2 -> of:0000000000000009:2,0.002,0.0025,0.002,0.002,1.66,2026-06-18T10:14:56,0.002,1.73
ip_shuffle,20260618T101456_848695,of:0000000000000005:2 -> of:0000000000000009:3,0.002,0.0025,0.002,0.002,1.66,2026-06-18T10:14:56,0.002,1.66
ip_shuffle,20260618T101456_848695,of:000000000000000b:3 -> of:000000000000000d:2,0.002,0.0025,0.002,0.002,1.66,2026-06-18T10:14:56,0.002,1.66
ip_shuffle,20260618T101456_848695,of:0000000000000004:1 -> of:000000000000000c:4,0.002,0.0025,0.002,0.002,1.93,2026-06-18T10:14:56,0.002,1.93
ip_shuffle,20260618T101456_848695,of:000000000000000c:3 -> of:000000000000000d:3,0.002,0.0025,0.002,0.002,1.66,2026-06-18T10:14:56,0.002,1.66
ip_shuffle,20260618T101456_848695,of:0000000000000001:1 -> of:000000000000000b:1,0.003,0.00375,0.003,0.003,3.53,2026-06-18T10:14:56,0.003,3.53
ip_shuffle,20260618T101456_848695,of:0000000000000006:1 -> of:000000000000000d:4,0.001,0.00125,0.001,0.001,1.46,2026-06-18T10:14:56,0.001,1.46
ip_shuffle,20260618T101456_848695,of:0000000000000002:1 -> of:000000000000000b:4,0.002,0.0025,0.002,0.002,2.56,2026-06-18T10:14:56,0.002,2.5
ip_shuffle,20260618T101456_848695,of:0000000000000001:3 -> of:000000000000000d:1,0.001,0.00125,0.001,0.001,1.46,2026-06-18T10:14:56,0.001,1.4
ip_shuffle,20260618T101456_848695,of:0000000000000006:2 -> of:000000000000000a:2,0.002,0.0025,0.002,0.002,1.66,2026-06-18T10:14:56,0.002,1.73
ip_shuffle,20260618T101456_848695,of:0000000000000003:1 -> of:000000000000000b:5,0.002,0.0025,0.002,0.002,2.56,2026-06-18T10:14:56,0.002,2.5
ip_shuffle,20260618T101456_848695,of:0000000000000007:1 -> of:000000000000000d:5,0.001,0.00125,0.001,0.001,1.46,2026-06-18T10:14:56,0.001,1.46
ip_shuffle,20260618T101456_848695,of:0000000000000007:2 -> of:000000000000000a:3,0.002,0.0025,0.002,0.002,1.66,2026-06-18T10:14:56,0.002,1.73
ip_shuffle,20260618T101456_848695,of:0000000000000002:2 -> of:0000000000000008:2,0.002,0.0025,0.002,0.002,1.73,2026-06-18T10:14:56,0.002,1.66
ip_shuffle,20260618T101456_848695,of:0000000000000008:1 -> of:000000000000000b:6,0.002,0.0025,0.002,0.002,1.53,2026-06-18T10:14:56,0.002,1.53
ip_shuffle,20260618T101456_848695,of:0000000000000009:1 -> of:000000000000000c:6,0.002,0.0025,0.002,0.002,1.53,2026-06-18T10:14:56,0.002,1.53
ip_shuffle,20260618T101456_848695,of:0000000000000001:2 -> of:000000000000000c:1,0.002,0.0025,0.002,0.002,1.8,2026-06-18T10:14:56,0.002,1.83
ip_shuffle,20260618T101456_848695,of:0000000000000003:2 -> of:0000000000000008:3,0.002,0.0025,0.002,0.002,1.73,2026-06-18T10:14:56,0.002,1.66
route_mutation,20260618T101601_875745,of:0000000000000005:1 -> of:000000000000000c:5,0.002,0.0025,0.002,0.002,1.76,2026-06-18T10:16:01,0.002,1.66
route_mutation,20260618T101601_875745,of:000000000000000a:1 -> of:000000000000000d:6,0.002,0.0025,0.002,0.002,1.66,2026-06-18T10:16:01,0.002,1.66
route_mutation,20260618T101601_875745,of:000000000000000b:2 -> of:000000000000000c:2,0.002,0.0025,0.002,0.002,2.0,2026-06-18T10:16:01,0.002,2.0
route_mutation,20260618T101601_875745,of:0000000000000004:2 -> of:0000000000000009:2,0.002,0.0025,0.002,0.002,2.16,2026-06-18T10:16:01,0.002,2.03
route_mutation,20260618T101601_875745,of:0000000000000005:2 -> of:0000000000000009:3,0.002,0.0025,0.002,0.002,2.16,2026-06-18T10:16:01,0.002,2.1
route_mutation,20260618T101601_875745,of:000000000000000b:3 -> of:000000000000000d:2,0.002,0.0025,0.002,0.002,2.06,2026-06-18T10:16:01,0.002,2.06
route_mutation,20260618T101601_875745,of:0000000000000004:1 -> of:000000000000000c:4,0.002,0.0025,0.002,0.002,1.76,2026-06-18T10:16:01,0.001,1.6
route_mutation,20260618T101601_875745,of:000000000000000c:3 -> of:000000000000000d:3,0.002,0.0025,0.002,0.002,2.06,2026-06-18T10:16:01,0.002,2.06
route_mutation,20260618T101601_875745,of:0000000000000001:1 -> of:000000000000000b:1,0.002,0.0025,0.002,0.002,1.73,2026-06-18T10:16:01,0.002,1.73
route_mutation,20260618T101601_875745,of:0000000000000006:1 -> of:000000000000000d:4,0.002,0.0025,0.002,0.002,1.8,2026-06-18T10:16:01,0.002,1.83
route_mutation,20260618T101601_875745,of:0000000000000002:1 -> of:000000000000000b:4,0.002,0.0025,0.002,0.002,1.8,2026-06-18T10:16:01,0.002,1.66
route_mutation,20260618T101601_875745,of:0000000000000001:3 -> of:000000000000000d:1,0.003,0.00375,0.003,0.003,3.03,2026-06-18T10:16:01,0.003,2.96
route_mutation,20260618T101601_875745,of:0000000000000006:2 -> of:000000000000000a:2,0.002,0.0025,0.002,0.002,2.16,2026-06-18T10:16:01,0.002,2.03
route_mutation,20260618T101601_875745,of:0000000000000003:1 -> of:000000000000000b:5,0.002,0.0025,0.002,0.002,1.76,2026-06-18T10:16:01,0.002,1.66
route_mutation,20260618T101601_875745,of:0000000000000007:1 -> of:000000000000000d:5,0.002,0.0025,0.002,0.002,2.8,2026-06-18T10:16:01,0.002,2.8
route_mutation,20260618T101601_875745,of:0000000000000007:2 -> of:000000000000000a:3,0.002,0.0025,0.002,0.002,2.06,2026-06-18T10:16:01,0.002,2.0
route_mutation,20260618T101601_875745,of:0000000000000002:2 -> of:0000000000000008:2,0.002,0.0025,0.002,0.002,2.2,2026-06-18T10:16:01,0.002,2.13
route_mutation,20260618T101601_875745,of:0000000000000008:1 -> of:000000000000000b:6,0.001,0.00125,0.001,0.001,1.6,2026-06-18T10:16:01,0.001,1.6
route_mutation,20260618T101601_875745,of:0000000000000009:1 -> of:000000000000000c:6,0.001,0.00125,0.001,0.001,1.6,2026-06-18T10:16:01,0.001,1.6
route_mutation,20260618T101601_875745,of:0000000000000001:2 -> of:000000000000000c:1,0.002,0.0025,0.002,0.002,1.66,2026-06-18T10:16:01,0.002,1.73
route_mutation,20260618T101601_875745,of:0000000000000003:2 -> of:0000000000000008:3,0.002,0.0025,0.002,0.002,2.16,2026-06-18T10:16:01,0.002,2.1
ip_shuffle,20260618T101632_122676,of:0000000000000005:1 -> of:000000000000000c:5,0.002,0.0025,0.002,0.002,1.5,2026-06-18T10:16:32,0.001,1.46
ip_shuffle,20260618T101632_122676,of:000000000000000a:1 -> of:000000000000000d:6,0.001,0.00125,0.001,0.001,1.46,2026-06-18T10:16:32,0.001,1.46
ip_shuffle,20260618T101632_122676,of:000000000000000b:2 -> of:000000000000000c:2,0.002,0.0025,0.002,0.002,1.73,2026-06-18T10:16:32,0.002,1.73
ip_shuffle,20260618T101632_122676,of:0000000000000004:2 -> of:0000000000000009:2,0.002,0.0025,0.002,0.002,1.56,2026-06-18T10:16:32,0.002,1.63
ip_shuffle,20260618T101632_122676,of:0000000000000005:2 -> of:0000000000000009:3,0.002,0.0025,0.002,0.002,1.6,2026-06-18T10:16:32,0.002,1.6
ip_shuffle,20260618T101632_122676,of:000000000000000b:3 -> of:000000000000000d:2,0.002,0.0025,0.002,0.002,1.66,2026-06-18T10:16:32,0.002,1.66
ip_shuffle,20260618T101632_122676,of:0000000000000004:1 -> of:000000000000000c:4,0.002,0.0025,0.002,0.002,1.46,2026-06-18T10:16:32,0.002,1.53
ip_shuffle,20260618T101632_122676,of:000000000000000c:3 -> of:000000000000000d:3,0.002,0.0025,0.002,0.002,1.66,2026-06-18T10:16:32,0.002,1.66
ip_shuffle,20260618T101632_122676,of:0000000000000001:1 -> of:000000000000000b:1,0.003,0.00375,0.003,0.003,2.83,2026-06-18T10:16:32,0.003,2.83
ip_shuffle,20260618T101632_122676,of:0000000000000006:1 -> of:000000000000000d:4,0.001,0.00125,0.001,0.001,1.43,2026-06-18T10:16:32,0.001,1.46
ip_shuffle,20260618T101632_122676,of:0000000000000002:1 -> of:000000000000000b:4,0.002,0.0025,0.002,0.002,2.5,2026-06-18T10:16:32,0.002,2.5
ip_shuffle,20260618T101632_122676,of:0000000000000001:3 -> of:000000000000000d:1,0.002,0.0025,0.002,0.002,1.53,2026-06-18T10:16:32,0.001,1.33
ip_shuffle,20260618T101632_122676,of:0000000000000006:2 -> of:000000000000000a:2,0.002,0.0025,0.002,0.002,1.63,2026-06-18T10:16:32,0.002,1.7
ip_shuffle,20260618T101632_122676,of:0000000000000003:1 -> of:000000000000000b:5,0.002,0.0025,0.002,0.002,1.86,2026-06-18T10:16:32,0.002,1.73
ip_shuffle,20260618T101632_122676,of:0000000000000007:1 -> of:000000000000000d:5,0.001,0.00125,0.001,0.001,1.43,2026-06-18T10:16:32,0.001,1.46
ip_shuffle,20260618T101632_122676,of:0000000000000007:2 -> of:000000000000000a:3,0.002,0.0025,0.002,0.002,1.63,2026-06-18T10:16:32,0.002,1.7
ip_shuffle,20260618T101632_122676,of:0000000000000002:2 -> of:0000000000000008:2,0.002,0.0025,0.002,0.002,1.63,2026-06-18T10:16:32,0.002,1.56
ip_shuffle,20260618T101632_122676,of:0000000000000008:1 -> of:000000000000000b:6,0.002,0.0025,0.002,0.002,1.5,2026-06-18T10:16:32,0.002,1.53
ip_shuffle,20260618T101632_122676,of:0000000000000009:1 -> of:000000000000000c:6,0.002,0.0025,0.002,0.002,1.5,2026-06-18T10:16:32,0.002,1.53
ip_shuffle,20260618T101632_122676,of:0000000000000001:2 -> of:000000000000000c:1,0.002,0.0025,0.002,0.002,1.53,2026-06-18T10:16:32,0.001,1.4
ip_shuffle,20260618T101632_122676,of:0000000000000003:2 -> of:0000000000000008:3,0.002,0.0025,0.002,0.002,1.63,2026-06-18T10:16:32,0.002,1.56
route_mutation,20260618T101736_189234,of:0000000000000005:1 -> of:000000000000000c:5,0.002,0.0025,0.002,0.002,1.83,2026-06-18T10:17:36,0.002,1.83
route_mutation,20260618T101736_189234,of:000000000000000a:1 -> of:000000000000000d:6,0.002,0.0025,0.002,0.002,1.76,2026-06-18T10:17:36,0.002,1.76
route_mutation,20260618T101736_189234,of:000000000000000b:2 -> of:000000000000000c:2,0.002,0.0025,0.002,0.002,2.26,2026-06-18T10:17:36,0.002,2.26
route_mutation,20260618T101736_189234,of:0000000000000004:2 -> of:0000000000000009:2,0.002,0.0025,0.002,0.002,2.33,2026-06-18T10:17:36,0.002,2.26
route_mutation,20260618T101736_189234,of:0000000000000005:2 -> of:0000000000000009:3,0.002,0.0025,0.002,0.002,2.33,2026-06-18T10:17:36,0.002,2.26
route_mutation,20260618T101736_189234,of:000000000000000b:3 -> of:000000000000000d:2,0.002,0.0025,0.002,0.002,2.26,2026-06-18T10:17:36,0.002,2.26
route_mutation,20260618T101736_189234,of:0000000000000004:1 -> of:000000000000000c:4,0.002,0.0025,0.002,0.002,1.83,2026-06-18T10:17:36,0.002,1.83
route_mutation,20260618T101736_189234,of:000000000000000c:3 -> of:000000000000000d:3,0.002,0.0025,0.002,0.002,2.33,2026-06-18T10:17:36,0.002,2.33
route_mutation,20260618T101736_189234,of:0000000000000001:1 -> of:000000000000000b:1,0.002,0.0025,0.002,0.002,1.76,2026-06-18T10:17:36,0.002,1.76
route_mutation,20260618T101736_189234,of:0000000000000006:1 -> of:000000000000000d:4,0.002,0.0025,0.002,0.002,2.33,2026-06-18T10:17:36,0.002,2.3
route_mutation,20260618T101736_189234,of:0000000000000002:1 -> of:000000000000000b:4,0.002,0.0025,0.002,0.002,1.8,2026-06-18T10:17:36,0.002,1.8
route_mutation,20260618T101736_189234,of:0000000000000001:3 -> of:000000000000000d:1,0.003,0.00375,0.003,0.003,3.6,2026-06-18T10:17:36,0.003,3.63
route_mutation,20260618T101736_189234,of:0000000000000006:2 -> of:000000000000000a:2,0.002,0.0025,0.002,0.002,2.26,2026-06-18T10:17:36,0.002,2.2
route_mutation,20260618T101736_189234,of:0000000000000003:1 -> of:000000000000000b:5,0.002,0.0025,0.002,0.002,1.86,2026-06-18T10:17:36,0.002,1.8
route_mutation,20260618T101736_189234,of:0000000000000007:1 -> of:000000000000000d:5,0.002,0.0025,0.002,0.002,2.96,2026-06-18T10:17:36,0.002,2.96
route_mutation,20260618T101736_189234,of:0000000000000007:2 -> of:000000000000000a:3,0.002,0.0025,0.002,0.002,2.3,2026-06-18T10:17:36,0.002,2.23
route_mutation,20260618T101736_189234,of:0000000000000002:2 -> of:0000000000000008:2,0.002,0.0025,0.002,0.002,2.33,2026-06-18T10:17:36,0.002,2.26
route_mutation,20260618T101736_189234,of:0000000000000008:1 -> of:000000000000000b:6,0.002,0.0025,0.002,0.002,1.7,2026-06-18T10:17:36,0.002,1.7
route_mutation,20260618T101736_189234,of:0000000000000009:1 -> of:000000000000000c:6,0.002,0.0025,0.002,0.002,1.76,2026-06-18T10:17:36,0.002,1.76
route_mutation,20260618T101736_189234,of:0000000000000001:2 -> of:000000000000000c:1,0.002,0.0025,0.002,0.002,1.83,2026-06-18T10:17:36,0.002,1.9
route_mutation,20260618T101736_189234,of:0000000000000003:2 -> of:0000000000000008:3,0.002,0.0025,0.002,0.002,2.36,2026-06-18T10:17:36,0.002,2.3
route_mutation,20260618T101806_469029,of:0000000000000005:1 -> of:000000000000000c:5,0.001,0.00125,0.001,0.001,1.36,2026-06-18T10:18:06,0.001,1.3
route_mutation,20260618T101806_469029,of:000000000000000a:1 -> of:000000000000000d:6,0.001,0.00125,0.001,0.001,1.33,2026-06-18T10:18:06,0.001,1.36
route_mutation,20260618T101806_469029,of:000000000000000b:2 -> of:000000000000000c:2,0.001,0.00125,0.001,0.001,1.43,2026-06-18T10:18:06,0.001,1.43
route_mutation,20260618T101806_469029,of:0000000000000004:2 -> of:0000000000000009:2,0.002,0.0025,0.002,0.002,1.43,2026-06-18T10:18:06,0.001,1.36
route_mutation,20260618T101806_469029,of:0000000000000005:2 -> of:0000000000000009:3,0.002,0.0025,0.002,0.002,1.43,2026-06-18T10:18:06,0.001,1.36
route_mutation,20260618T101806_469029,of:000000000000000b:3 -> of:000000000000000d:2,0.001,0.00125,0.001,0.001,1.43,2026-06-18T10:18:06,0.001,1.43
route_mutation,20260618T101806_469029,of:0000000000000004:1 -> of:000000000000000c:4,0.001,0.00125,0.001,0.001,1.36,2026-06-18T10:18:06,0.001,1.3
route_mutation,20260618T101806_469029,of:000000000000000c:3 -> of:000000000000000d:3,0.001,0.00125,0.001,0.001,1.4,2026-06-18T10:18:06,0.001,1.4
route_mutation,20260618T101806_469029,of:0000000000000001:1 -> of:000000000000000b:1,0.002,0.0025,0.002,0.002,2.1,2026-06-18T10:18:06,0.002,2.06
route_mutation,20260618T101806_469029,of:0000000000000006:1 -> of:000000000000000d:4,0.001,0.00125,0.001,0.001,1.33,2026-06-18T10:18:06,0.001,1.36
route_mutation,20260618T101806_469029,of:0000000000000002:1 -> of:000000000000000b:4,0.002,0.0025,0.002,0.002,2.13,2026-06-18T10:18:06,0.002,2.03
route_mutation,20260618T101806_469029,of:0000000000000001:3 -> of:000000000000000d:1,0.002,0.0025,0.002,0.002,1.43,2026-06-18T10:18:06,0.001,1.23
route_mutation,20260618T101806_469029,of:0000000000000006:2 -> of:000000000000000a:2,0.002,0.0025,0.002,0.001,1.4,2026-06-18T10:18:06,0.002,1.46
route_mutation,20260618T101806_469029,of:0000000000000003:1 -> of:000000000000000b:5,0.001,0.00125,0.001,0.001,1.36,2026-06-18T10:18:06,0.001,1.33
route_mutation,20260618T101806_469029,of:0000000000000007:1 -> of:000000000000000d:5,0.001,0.00125,0.001,0.001,1.33,2026-06-18T10:18:06,0.001,1.36
route_mutation,20260618T101806_469029,of:0000000000000007:2 -> of:000000000000000a:3,0.002,0.0025,0.002,0.001,1.4,2026-06-18T10:18:06,0.002,1.46
route_mutation,20260618T101806_469029,of:0000000000000002:2 -> of:0000000000000008:2,0.002,0.0025,0.002,0.002,1.43,2026-06-18T10:18:06,0.001,1.36
route_mutation,20260618T101806_469029,of:0000000000000008:1 -> of:000000000000000b:6,0.002,0.0025,0.002,0.002,1.4,2026-06-18T10:18:06,0.002,1.4
route_mutation,20260618T101806_469029,of:0000000000000009:1 -> of:000000000000000c:6,0.001,0.00125,0.001,0.001,1.33,2026-06-18T10:18:06,0.001,1.36
route_mutation,20260618T101806_469029,of:0000000000000001:2 -> of:000000000000000c:1,0.002,0.0025,0.002,0.002,1.43,2026-06-18T10:18:06,0.001,1.23
route_mutation,20260618T101806_469029,of:0000000000000003:2 -> of:0000000000000008:3,0.002,0.0025,0.002,0.002,1.43,2026-06-18T10:18:06,0.001,1.36
route_mutation,20260618T101836_772589,of:0000000000000005:1 -> of:000000000000000c:5,0.002,0.0025,0.002,0.002,2.2,2026-06-18T10:18:36,0.002,2.3
route_mutation,20260618T101836_772589,of:000000000000000a:1 -> of:000000000000000d:6,0.002,0.0025,0.002,0.002,1.53,2026-06-18T10:18:36,0.002,1.5
route_mutation,20260618T101836_772589,of:000000000000000b:2 -> of:000000000000000c:2,0.002,0.0025,0.002,0.002,1.7,2026-06-18T10:18:36,0.002,1.7
route_mutation,20260618T101836_772589,of:0000000000000004:2 -> of:0000000000000009:2,0.002,0.0025,0.002,0.001,1.6,2026-06-18T10:18:36,0.002,1.73
route_mutation,20260618T101836_772589,of:0000000000000005:2 -> of:0000000000000009:3,0.002,0.0025,0.002,0.001,1.6,2026-06-18T10:18:36,0.002,1.73
route_mutation,20260618T101836_772589,of:000000000000000b:3 -> of:000000000000000d:2,0.002,0.0025,0.002,0.002,1.7,2026-06-18T10:18:36,0.002,1.7
route_mutation,20260618T101836_772589,of:0000000000000004:1 -> of:000000000000000c:4,0.002,0.0025,0.002,0.002,2.2,2026-06-18T10:18:36,0.002,2.3
route_mutation,20260618T101836_772589,of:000000000000000c:3 -> of:000000000000000d:3,0.002,0.0025,0.002,0.002,1.66,2026-06-18T10:18:36,0.002,1.66
route_mutation,20260618T101836_772589,of:0000000000000001:1 -> of:000000000000000b:1,0.003,0.00375,0.003,0.003,2.83,2026-06-18T10:18:36,0.003,2.8
route_mutation,20260618T101836_772589,of:0000000000000006:1 -> of:000000000000000d:4,0.002,0.0025,0.002,0.002,1.86,2026-06-18T10:18:36,0.002,1.8
route_mutation,20260618T101836_772589,of:0000000000000002:1 -> of:000000000000000b:4,0.002,0.0025,0.002,0.002,1.7,2026-06-18T10:18:36,0.002,1.86
route_mutation,20260618T101836_772589,of:0000000000000001:3 -> of:000000000000000d:1,0.002,0.0025,0.002,0.002,1.66,2026-06-18T10:18:36,0.002,1.83
route_mutation,20260618T101836_772589,of:0000000000000006:2 -> of:000000000000000a:2,0.002,0.0025,0.002,0.002,1.7,2026-06-18T10:18:36,0.002,1.7
route_mutation,20260618T101836_772589,of:0000000000000003:1 -> of:000000000000000b:5,0.002,0.0025,0.002,0.002,2.43,2026-06-18T10:18:36,0.002,2.56
route_mutation,20260618T101836_772589,of:0000000000000007:1 -> of:000000000000000d:5,0.002,0.0025,0.002,0.002,1.53,2026-06-18T10:18:36,0.002,1.5
route_mutation,20260618T101836_772589,of:0000000000000007:2 -> of:000000000000000a:3,0.002,0.0025,0.002,0.002,1.73,2026-06-18T10:18:36,0.002,1.73
route_mutation,20260618T101836_772589,of:0000000000000002:2 -> of:0000000000000008:2,0.002,0.0025,0.002,0.001,1.56,2026-06-18T10:18:36,0.002,1.7
route_mutation,20260618T101836_772589,of:0000000000000008:1 -> of:000000000000000b:6,0.002,0.0025,0.002,0.002,1.53,2026-06-18T10:18:36,0.002,1.53
route_mutation,20260618T101836_772589,of:0000000000000009:1 -> of:000000000000000c:6,0.002,0.0025,0.002,0.002,1.53,2026-06-18T10:18:36,0.002,1.5
route_mutation,20260618T101836_772589,of:0000000000000001:2 -> of:000000000000000c:1,0.003,0.00375,0.003,0.003,3.03,2026-06-18T10:18:36,0.003,3.1
route_mutation,20260618T101836_772589,of:0000000000000003:2 -> of:0000000000000008:3,0.002,0.0025,0.002,0.001,1.6,2026-06-18T10:18:36,0.002,1.73
route_mutation,20260618T101906_949265,of:0000000000000005:1 -> of:000000000000000c:5,0.002,0.0025,0.002,0.002,1.89,2026-06-18T10:19:06,0.002,1.86
route_mutation,20260618T101906_949265,of:000000000000000a:1 -> of:000000000000000d:6,0.002,0.0025,0.002,0.002,1.79,2026-06-18T10:19:06,0.002,1.79
route_mutation,20260618T101906_949265,of:000000000000000b:2 -> of:000000000000000c:2,0.002,0.0025,0.002,0.002,2.33,2026-06-18T10:19:06,0.002,2.33
route_mutation,20260618T101906_949265,of:0000000000000004:2 -> of:0000000000000009:2,0.002,0.0025,0.002,0.002,2.43,2026-06-18T10:19:06,0.002,2.36
route_mutation,20260618T101906_949265,of:0000000000000005:2 -> of:0000000000000009:3,0.002,0.0025,0.002,0.002,2.43,2026-06-18T10:19:06,0.002,2.36
route_mutation,20260618T101906_949265,of:000000000000000b:3 -> of:000000000000000d:2,0.002,0.0025,0.002,0.002,2.33,2026-06-18T10:19:06,0.002,2.33
route_mutation,20260618T101906_949265,of:0000000000000004:1 -> of:000000000000000c:4,0.002,0.0025,0.002,0.002,1.89,2026-06-18T10:19:06,0.002,1.86
route_mutation,20260618T101906_949265,of:000000000000000c:3 -> of:000000000000000d:3,0.002,0.0025,0.002,0.002,2.39,2026-06-18T10:19:06,0.002,2.39
route_mutation,20260618T101906_949265,of:0000000000000001:1 -> of:000000000000000b:1,0.002,0.0025,0.002,0.002,1.79,2026-06-18T10:19:06,0.002,1.86
route_mutation,20260618T101906_949265,of:0000000000000006:1 -> of:000000000000000d:4,0.002,0.0025,0.002,0.002,2.56,2026-06-18T10:19:06,0.002,2.59
route_mutation,20260618T101906_949265,of:0000000000000002:1 -> of:000000000000000b:4,0.002,0.0025,0.002,0.002,1.86,2026-06-18T10:19:06,0.002,1.79
route_mutation,20260618T101906_949265,of:0000000000000001:3 -> of:000000000000000d:1,0.003,0.00375,0.003,0.003,3.85,2026-06-18T10:19:06,0.003,3.89
route_mutation,20260618T101906_949265,of:0000000000000006:2 -> of:000000000000000a:2,0.002,0.0025,0.002,0.002,2.36,2026-06-18T10:19:06,0.002,2.29
route_mutation,20260618T101906_949265,of:0000000000000003:1 -> of:000000000000000b:5,0.002,0.0025,0.002,0.002,1.89,2026-06-18T10:19:06,0.002,1.79
route_mutation,20260618T101906_949265,of:0000000000000007:1 -> of:000000000000000d:5,0.003,0.00375,0.003,0.002,2.99,2026-06-18T10:19:06,0.003,3.06
route_mutation,20260618T101906_949265,of:0000000000000007:2 -> of:000000000000000a:3,0.002,0.0025,0.002,0.002,2.33,2026-06-18T10:19:06,0.002,2.33
route_mutation,20260618T101906_949265,of:0000000000000002:2 -> of:0000000000000008:2,0.002,0.0025,0.002,0.002,2.46,2026-06-18T10:19:06,0.002,2.39
route_mutation,20260618T101906_949265,of:0000000000000008:1 -> of:000000000000000b:6,0.002,0.0025,0.002,0.002,1.73,2026-06-18T10:19:06,0.002,1.73
route_mutation,20260618T101906_949265,of:0000000000000009:1 -> of:000000000000000c:6,0.002,0.0025,0.002,0.002,1.79,2026-06-18T10:19:06,0.002,1.79
route_mutation,20260618T101906_949265,of:0000000000000001:2 -> of:000000000000000c:1,0.002,0.0025,0.002,0.002,1.79,2026-06-18T10:19:06,0.002,1.93
route_mutation,20260618T101906_949265,of:0000000000000003:2 -> of:0000000000000008:3,0.002,0.0025,0.002,0.002,2.43,2026-06-18T10:19:06,0.002,2.36
route_mutation,20260618T101937_195127,of:0000000000000005:1 -> of:000000000000000c:5,0.002,0.0025,0.002,0.002,1.4,2026-06-18T10:19:37,0.001,1.3
route_mutation,20260618T101937_195127,of:000000000000000a:1 -> of:000000000000000d:6,0.001,0.00125,0.001,0.001,1.36,2026-06-18T10:19:37,0.001,1.36
route_mutation,20260618T101937_195127,of:000000000000000b:2 -> of:000000000000000c:2,0.001,0.00125,0.001,0.001,1.46,2026-06-18T10:19:37,0.001,1.46
route_mutation,20260618T101937_195127,of:0000000000000004:2 -> of:0000000000000009:2,0.002,0.0025,0.002,0.002,1.43,2026-06-18T10:19:37,0.001,1.36
route_mutation,20260618T101937_195127,of:0000000000000005:2 -> of:0000000000000009:3,0.002,0.0025,0.002,0.002,1.46,2026-06-18T10:19:37,0.001,1.4
route_mutation,20260618T101937_195127,of:000000000000000b:3 -> of:000000000000000d:2,0.001,0.00125,0.001,0.001,1.46,2026-06-18T10:19:37,0.001,1.46
route_mutation,20260618T101937_195127,of:0000000000000004:1 -> of:000000000000000c:4,0.002,0.0025,0.002,0.002,1.4,2026-06-18T10:19:37,0.001,1.3
route_mutation,20260618T101937_195127,of:000000000000000c:3 -> of:000000000000000d:3,0.001,0.00125,0.001,0.001,1.4,2026-06-18T10:19:37,0.001,1.4
route_mutation,20260618T101937_195127,of:0000000000000001:1 -> of:000000000000000b:1,0.002,0.0025,0.002,0.002,2.1,2026-06-18T10:19:37,0.002,2.1
route_mutation,20260618T101937_195127,of:0000000000000006:1 -> of:000000000000000d:4,0.001,0.00125,0.001,0.001,1.33,2026-06-18T10:19:37,0.001,1.36
route_mutation,20260618T101937_195127,of:0000000000000002:1 -> of:000000000000000b:4,0.002,0.0025,0.002,0.002,2.16,2026-06-18T10:19:37,0.002,2.03
route_mutation,20260618T101937_195127,of:0000000000000001:3 -> of:000000000000000d:1,0.002,0.0025,0.002,0.002,1.43,2026-06-18T10:19:37,0.001,1.23
route_mutation,20260618T101937_195127,of:0000000000000006:2 -> of:000000000000000a:2,0.002,0.0025,0.002,0.001,1.43,2026-06-18T10:19:37,0.002,1.5
route_mutation,20260618T101937_195127,of:0000000000000003:1 -> of:000000000000000b:5,0.001,0.00125,0.001,0.001,1.36,2026-06-18T10:19:37,0.001,1.36
route_mutation,20260618T101937_195127,of:0000000000000007:1 -> of:000000000000000d:5,0.001,0.00125,0.001,0.001,1.33,2026-06-18T10:19:37,0.001,1.3
route_mutation,20260618T101937_195127,of:0000000000000007:2 -> of:000000000000000a:3,0.001,0.00125,0.001,0.001,1.43,2026-06-18T10:19:37,0.001,1.43
route_mutation,20260618T101937_195127,of:0000000000000002:2 -> of:0000000000000008:2,0.002,0.0025,0.002,0.002,1.43,2026-06-18T10:19:37,0.001,1.36
route_mutation,20260618T101937_195127,of:0000000000000008:1 -> of:000000000000000b:6,0.002,0.0025,0.002,0.002,1.4,2026-06-18T10:19:37,0.002,1.43
route_mutation,20260618T101937_195127,of:0000000000000009:1 -> of:000000000000000c:6,0.001,0.00125,0.001,0.001,1.33,2026-06-18T10:19:37,0.001,1.36
route_mutation,20260618T101937_195127,of:0000000000000001:2 -> of:000000000000000c:1,0.002,0.0025,0.002,0.002,1.43,2026-06-18T10:19:37,0.001,1.23
route_mutation,20260618T101937_195127,of:0000000000000003:2 -> of:0000000000000008:3,0.002,0.0025,0.002,0.002,1.43,2026-06-18T10:19:37,0.001,1.36
ip_shuffle,20260618T102007_452397,of:0000000000000005:1 -> of:000000000000000c:5,0.002,0.0025,0.002,0.002,2.26,2026-06-18T10:20:07,0.002,2.33
ip_shuffle,20260618T102007_452397,of:000000000000000a:1 -> of:000000000000000d:6,0.002,0.0025,0.002,0.002,1.53,2026-06-18T10:20:07,0.002,1.53
ip_shuffle,20260618T102007_452397,of:000000000000000b:2 -> of:000000000000000c:2,0.002,0.0025,0.002,0.002,1.73,2026-06-18T10:20:07,0.002,1.73
ip_shuffle,20260618T102007_452397,of:0000000000000004:2 -> of:0000000000000009:2,0.002,0.0025,0.002,0.001,1.6,2026-06-18T10:20:07,0.002,1.73
ip_shuffle,20260618T102007_452397,of:0000000000000005:2 -> of:0000000000000009:3,0.002,0.0025,0.002,0.002,1.66,2026-06-18T10:20:07,0.002,1.73
ip_shuffle,20260618T102007_452397,of:000000000000000b:3 -> of:000000000000000d:2,0.002,0.0025,0.002,0.002,1.73,2026-06-18T10:20:07,0.002,1.73
ip_shuffle,20260618T102007_452397,of:0000000000000004:1 -> of:000000000000000c:4,0.002,0.0025,0.002,0.002,2.16,2026-06-18T10:20:07,0.002,2.33
ip_shuffle,20260618T102007_452397,of:000000000000000c:3 -> of:000000000000000d:3,0.002,0.0025,0.002,0.002,1.73,2026-06-18T10:20:07,0.002,1.73
ip_shuffle,20260618T102007_452397,of:0000000000000001:1 -> of:000000000000000b:1,0.003,0.00375,0.003,0.003,2.86,2026-06-18T10:20:07,0.003,2.8
ip_shuffle,20260618T102007_452397,of:0000000000000006:1 -> of:000000000000000d:4,0.002,0.0025,0.002,0.002,1.93,2026-06-18T10:20:07,0.002,1.86
ip_shuffle,20260618T102007_452397,of:0000000000000002:1 -> of:000000000000000b:4,0.002,0.0025,0.002,0.002,1.7,2026-06-18T10:20:07,0.002,1.9
ip_shuffle,20260618T102007_452397,of:0000000000000001:3 -> of:000000000000000d:1,0.002,0.0025,0.002,0.002,1.73,2026-06-18T10:20:07,0.002,1.93
ip_shuffle,20260618T102007_452397,of:0000000000000006:2 -> of:000000000000000a:2,0.002,0.0025,0.002,0.002,1.73,2026-06-18T10:20:07,0.002,1.73
ip_shuffle,20260618T102007_452397,of:0000000000000003:1 -> of:000000000000000b:5,0.002,0.0025,0.002,0.002,2.43,2026-06-18T10:20:07,0.002,2.56
ip_shuffle,20260618T102007_452397,of:0000000000000007:1 -> of:000000000000000d:5,0.002,0.0025,0.002,0.002,1.53,2026-06-18T10:20:07,0.002,1.53
ip_shuffle,20260618T102007_452397,of:0000000000000007:2 -> of:000000000000000a:3,0.002,0.0025,0.002,0.002,1.73,2026-06-18T10:20:07,0.002,1.73
ip_shuffle,20260618T102007_452397,of:0000000000000002:2 -> of:0000000000000008:2,0.002,0.0025,0.002,0.001,1.6,2026-06-18T10:20:07,0.002,1.73
ip_shuffle,20260618T102007_452397,of:0000000000000008:1 -> of:000000000000000b:6,0.002,0.0025,0.002,0.002,1.53,2026-06-18T10:20:07,0.002,1.53
ip_shuffle,20260618T102007_452397,of:0000000000000009:1 -> of:000000000000000c:6,0.002,0.0025,0.002,0.002,1.53,2026-06-18T10:20:07,0.002,1.53
ip_shuffle,20260618T102007_452397,of:0000000000000001:2 -> of:000000000000000c:1,0.003,0.00375,0.003,0.003,3.06,2026-06-18T10:20:07,0.003,3.13
ip_shuffle,20260618T102007_452397,of:0000000000000003:2 -> of:0000000000000008:3,0.002,0.0025,0.002,0.001,1.6,2026-06-18T10:20:07,0.002,1.73
route_mutation,20260618T102105_092567,of:0000000000000005:1 -> of:000000000000000c:5,0.001,0.00125,0.001,0.001,1.33,2026-06-18T10:21:05,0.001,1.2
route_mutation,20260618T102105_092567,of:000000000000000a:1 -> of:000000000000000d:6,0.001,0.00125,0.001,0.001,1.27,2026-06-18T10:21:05,0.001,1.27
route_mutation,20260618T102105_092567,of:000000000000000b:2 -> of:000000000000000c:2,0.001,0.00125,0.001,0.001,1.2,2026-06-18T10:21:05,0.001,1.2
route_mutation,20260618T102105_092567,of:0000000000000004:2 -> of:0000000000000009:2,0.001,0.00125,0.001,0.001,1.33,2026-06-18T10:21:05,0.001,1.27
route_mutation,20260618T102105_092567,of:0000000000000005:2 -> of:0000000000000009:3,0.001,0.00125,0.001,0.001,1.33,2026-06-18T10:21:05,0.001,1.27
route_mutation,20260618T102105_092567,of:000000000000000b:3 -> of:000000000000000d:2,0.001,0.00125,0.001,0.001,1.2,2026-06-18T10:21:05,0.001,1.2
route_mutation,20260618T102105_092567,of:0000000000000004:1 -> of:000000000000000c:4,0.001,0.00125,0.001,0.001,1.33,2026-06-18T10:21:05,0.001,1.2
route_mutation,20260618T102105_092567,of:000000000000000c:3 -> of:000000000000000d:3,0.001,0.00125,0.001,0.001,1.2,2026-06-18T10:21:05,0.001,1.2
route_mutation,20260618T102105_092567,of:0000000000000001:1 -> of:000000000000000b:1,0.002,0.0025,0.002,0.002,1.37,2026-06-18T10:21:05,0.001,1.23
route_mutation,20260618T102105_092567,of:0000000000000006:1 -> of:000000000000000d:4,0.001,0.00125,0.001,0.001,1.33,2026-06-18T10:21:05,0.001,1.27
route_mutation,20260618T102105_092567,of:0000000000000002:1 -> of:000000000000000b:4,0.002,0.0025,0.002,0.002,1.37,2026-06-18T10:21:05,0.001,1.23
route_mutation,20260618T102105_092567,of:0000000000000001:3 -> of:000000000000000d:1,0.002,0.0025,0.002,0.002,1.5,2026-06-18T10:21:05,0.001,1.37
route_mutation,20260618T102105_092567,of:0000000000000006:2 -> of:000000000000000a:2,0.001,0.00125,0.001,0.001,1.27,2026-06-18T10:21:05,0.001,1.33
route_mutation,20260618T102105_092567,of:0000000000000003:1 -> of:000000000000000b:5,0.001,0.00125,0.001,0.001,1.33,2026-06-18T10:21:05,0.001,1.2
route_mutation,20260618T102105_092567,of:0000000000000007:1 -> of:000000000000000d:5,0.002,0.0025,0.002,0.002,1.4,2026-06-18T10:21:05,0.001,1.27
route_mutation,20260618T102105_092567,of:0000000000000007:2 -> of:000000000000000a:3,0.001,0.00125,0.001,0.001,1.27,2026-06-18T10:21:05,0.001,1.27
route_mutation,20260618T102105_092567,of:0000000000000002:2 -> of:0000000000000008:2,0.001,0.00125,0.001,0.001,1.33,2026-06-18T10:21:05,0.001,1.27
route_mutation,20260618T102105_092567,of:0000000000000008:1 -> of:000000000000000b:6,0.001,0.00125,0.001,0.001,1.27,2026-06-18T10:21:05,0.001,1.27
route_mutation,20260618T102105_092567,of:0000000000000009:1 -> of:000000000000000c:6,0.001,0.00125,0.001,0.001,1.27,2026-06-18T10:21:05,0.001,1.27
route_mutation,20260618T102105_092567,of:0000000000000001:2 -> of:000000000000000c:1,0.001,0.00125,0.001,0.001,1.33,2026-06-18T10:21:05,0.001,1.2
route_mutation,20260618T102105_092567,of:0000000000000003:2 -> of:0000000000000008:3,0.001,0.00125,0.001,0.001,1.33,2026-06-18T10:21:05,0.001,1.27
route_mutation,20260618T102135_339263,of:0000000000000005:1 -> of:000000000000000c:5,0.002,0.0025,0.002,0.002,1.86,2026-06-18T10:21:35,0.002,1.96
route_mutation,20260618T102135_339263,of:000000000000000a:1 -> of:000000000000000d:6,0.002,0.0025,0.002,0.002,1.53,2026-06-18T10:21:35,0.002,1.53
route_mutation,20260618T102135_339263,of:000000000000000b:2 -> of:000000000000000c:2,0.002,0.0025,0.002,0.002,1.73,2026-06-18T10:21:35,0.002,1.73
route_mutation,20260618T102135_339263,of:0000000000000004:2 -> of:0000000000000009:2,0.002,0.0025,0.002,0.001,1.6,2026-06-18T10:21:35,0.002,1.73
route_mutation,20260618T102135_339263,of:0000000000000005:2 -> of:0000000000000009:3,0.002,0.0025,0.002,0.002,1.66,2026-06-18T10:21:35,0.002,1.73
route_mutation,20260618T102135_339263,of:000000000000000b:3 -> of:000000000000000d:2,0.002,0.0025,0.002,0.002,1.73,2026-06-18T10:21:35,0.002,1.73
route_mutation,20260618T102135_339263,of:0000000000000004:1 -> of:000000000000000c:4,0.002,0.0025,0.002,0.002,2.2,2026-06-18T10:21:35,0.002,2.33
route_mutation,20260618T102135_339263,of:000000000000000c:3 -> of:000000000000000d:3,0.002,0.0025,0.002,0.002,1.73,2026-06-18T10:21:35,0.002,1.73
route_mutation,20260618T102135_339263,of:0000000000000001:1 -> of:000000000000000b:1,0.003,0.00375,0.003,0.003,3.5,2026-06-18T10:21:35,0.003,3.56
route_mutation,20260618T102135_339263,of:0000000000000006:1 -> of:000000000000000d:4,0.002,0.0025,0.002,0.001,1.46,2026-06-18T10:21:35,0.002,1.53
route_mutation,20260618T102135_339263,of:0000000000000002:1 -> of:000000000000000b:4,0.002,0.0025,0.002,0.002,2.46,2026-06-18T10:21:35,0.002,2.53
route_mutation,20260618T102135_339263,of:0000000000000001:3 -> of:000000000000000d:1,0.002,0.0025,0.002,0.001,1.46,2026-06-18T10:21:35,0.002,1.53
route_mutation,20260618T102135_339263,of:0000000000000006:2 -> of:000000000000000a:2,0.002,0.0025,0.002,0.002,1.73,2026-06-18T10:21:35,0.002,1.73
route_mutation,20260618T102135_339263,of:0000000000000003:1 -> of:000000000000000b:5,0.002,0.0025,0.002,0.002,2.43,2026-06-18T10:21:35,0.002,2.56
route_mutation,20260618T102135_339263,of:0000000000000007:1 -> of:000000000000000d:5,0.002,0.0025,0.002,0.001,1.46,2026-06-18T10:21:35,0.002,1.53
route_mutation,20260618T102135_339263,of:0000000000000007:2 -> of:000000000000000a:3,0.002,0.0025,0.002,0.002,1.73,2026-06-18T10:21:35,0.002,1.73
route_mutation,20260618T102135_339263,of:0000000000000002:2 -> of:0000000000000008:2,0.002,0.0025,0.002,0.002,1.66,2026-06-18T10:21:35,0.002,1.73
route_mutation,20260618T102135_339263,of:0000000000000008:1 -> of:000000000000000b:6,0.002,0.0025,0.002,0.002,1.53,2026-06-18T10:21:35,0.002,1.53
route_mutation,20260618T102135_339263,of:0000000000000009:1 -> of:000000000000000c:6,0.002,0.0025,0.002,0.002,1.53,2026-06-18T10:21:35,0.002,1.53
route_mutation,20260618T102135_339263,of:0000000000000001:2 -> of:000000000000000c:1,0.002,0.0025,0.002,0.002,2.7,2026-06-18T10:21:35,0.002,2.73
route_mutation,20260618T102135_339263,of:0000000000000003:2 -> of:0000000000000008:3,0.002,0.0025,0.002,0.001,1.6,2026-06-18T10:21:35,0.002,1.73
ip_shuffle,20260618T102205_571987,of:0000000000000005:1 -> of:000000000000000c:5,0.002,0.0025,0.002,0.002,2.16,2026-06-18T10:22:05,0.002,2.23
ip_shuffle,20260618T102205_571987,of:000000000000000a:1 -> of:000000000000000d:6,0.002,0.0025,0.002,0.002,1.8,2026-06-18T10:22:05,0.002,1.83
ip_shuffle,20260618T102205_571987,of:000000000000000b:2 -> of:000000000000000c:2,0.002,0.0025,0.002,0.002,2.36,2026-06-18T10:22:05,0.002,2.36
ip_shuffle,20260618T102205_571987,of:0000000000000004:2 -> of:0000000000000009:2,0.002,0.0025,0.002,0.002,2.23,2026-06-18T10:22:05,0.002,2.16
ip_shuffle,20260618T102205_571987,of:0000000000000005:2 -> of:0000000000000009:3,0.002,0.0025,0.002,0.002,2.16,2026-06-18T10:22:05,0.002,2.16
ip_shuffle,20260618T102205_571987,of:000000000000000b:3 -> of:000000000000000d:2,0.002,0.0025,0.002,0.002,2.4,2026-06-18T10:22:05,0.002,2.4
ip_shuffle,20260618T102205_571987,of:0000000000000004:1 -> of:000000000000000c:4,0.002,0.0025,0.002,0.002,1.8,2026-06-18T10:22:05,0.002,1.86
ip_shuffle,20260618T102205_571987,of:000000000000000c:3 -> of:000000000000000d:3,0.002,0.0025,0.002,0.002,2.33,2026-06-18T10:22:05,0.002,2.33
ip_shuffle,20260618T102205_571987,of:0000000000000001:1 -> of:000000000000000b:1,0.002,0.0025,0.002,0.002,1.8,2026-06-18T10:22:05,0.002,1.8
ip_shuffle,20260618T102205_571987,of:0000000000000006:1 -> of:000000000000000d:4,0.002,0.0025,0.002,0.002,2.8,2026-06-18T10:22:05,0.002,2.9
ip_shuffle,20260618T102205_571987,of:0000000000000002:1 -> of:000000000000000b:4,0.002,0.0025,0.002,0.002,1.7,2026-06-18T10:22:05,0.002,1.83
ip_shuffle,20260618T102205_571987,of:0000000000000001:3 -> of:000000000000000d:1,0.003,0.00375,0.003,0.003,3.33,2026-06-18T10:22:05,0.003,3.43
ip_shuffle,20260618T102205_571987,of:0000000000000006:2 -> of:000000000000000a:2,0.002,0.0025,0.002,0.002,2.2,2026-06-18T10:22:05,0.002,2.26
ip_shuffle,20260618T102205_571987,of:0000000000000003:1 -> of:000000000000000b:5,0.002,0.0025,0.002,0.002,1.76,2026-06-18T10:22:05,0.002,1.83
ip_shuffle,20260618T102205_571987,of:0000000000000007:1 -> of:000000000000000d:5,0.002,0.0025,0.002,0.002,2.36,2026-06-18T10:22:05,0.002,2.4
ip_shuffle,20260618T102205_571987,of:0000000000000007:2 -> of:000000000000000a:3,0.002,0.0025,0.002,0.002,2.2,2026-06-18T10:22:05,0.002,2.26
ip_shuffle,20260618T102205_571987,of:0000000000000002:2 -> of:0000000000000008:2,0.002,0.0025,0.002,0.002,2.23,2026-06-18T10:22:05,0.002,2.23
ip_shuffle,20260618T102205_571987,of:0000000000000008:1 -> of:000000000000000b:6,0.002,0.0025,0.002,0.002,1.73,2026-06-18T10:22:05,0.002,1.76
ip_shuffle,20260618T102205_571987,of:0000000000000009:1 -> of:000000000000000c:6,0.002,0.0025,0.002,0.002,1.73,2026-06-18T10:22:05,0.002,1.76
ip_shuffle,20260618T102205_571987,of:0000000000000001:2 -> of:000000000000000c:1,0.002,0.0025,0.002,0.002,2.13,2026-06-18T10:22:05,0.002,2.16
ip_shuffle,20260618T102205_571987,of:0000000000000003:2 -> of:0000000000000008:3,0.002,0.0025,0.002,0.002,2.23,2026-06-18T10:22:05,0.002,2.16
ip_shuffle,20260618T102304_268851,of:0000000000000005:1 -> of:000000000000000c:5,0.002,0.0025,0.002,0.001,1.47,2026-06-18T10:23:04,0.002,1.53
ip_shuffle,20260618T102304_268851,of:000000000000000a:1 -> of:000000000000000d:6,0.002,0.0025,0.002,0.002,1.53,2026-06-18T10:23:04,0.002,1.53
ip_shuffle,20260618T102304_268851,of:000000000000000b:2 -> of:000000000000000c:2,0.002,0.0025,0.002,0.002,1.73,2026-06-18T10:23:04,0.002,1.73
ip_shuffle,20260618T102304_268851,of:0000000000000004:2 -> of:0000000000000009:2,0.002,0.0025,0.002,0.002,1.66,2026-06-18T10:23:04,0.002,1.73
ip_shuffle,20260618T102304_268851,of:0000000000000005:2 -> of:0000000000000009:3,0.002,0.0025,0.002,0.002,1.66,2026-06-18T10:23:04,0.002,1.73
ip_shuffle,20260618T102304_268851,of:000000000000000b:3 -> of:000000000000000d:2,0.002,0.0025,0.002,0.002,1.73,2026-06-18T10:23:04,0.002,1.73
ip_shuffle,20260618T102304_268851,of:0000000000000004:1 -> of:000000000000000c:4,0.002,0.0025,0.002,0.002,1.86,2026-06-18T10:23:04,0.002,1.93
ip_shuffle,20260618T102304_268851,of:000000000000000c:3 -> of:000000000000000d:3,0.002,0.0025,0.002,0.002,1.73,2026-06-18T10:23:04,0.002,1.73
ip_shuffle,20260618T102304_268851,of:0000000000000001:1 -> of:000000000000000b:1,0.003,0.00375,0.003,0.003,3.53,2026-06-18T10:23:04,0.003,3.6
ip_shuffle,20260618T102304_268851,of:0000000000000006:1 -> of:000000000000000d:4,0.002,0.0025,0.002,0.001,1.47,2026-06-18T10:23:04,0.002,1.53
ip_shuffle,20260618T102304_268851,of:0000000000000002:1 -> of:000000000000000b:4,0.002,0.0025,0.002,0.002,2.5,2026-06-18T10:23:04,0.002,2.56
ip_shuffle,20260618T102304_268851,of:0000000000000001:3 -> of:000000000000000d:1,0.002,0.0025,0.002,0.001,1.47,2026-06-18T10:23:04,0.002,1.53
ip_shuffle,20260618T102304_268851,of:0000000000000006:2 -> of:000000000000000a:2,0.002,0.0025,0.002,0.002,1.73,2026-06-18T10:23:04,0.002,1.73
ip_shuffle,20260618T102304_268851,of:0000000000000003:1 -> of:000000000000000b:5,0.002,0.0025,0.002,0.002,2.5,2026-06-18T10:23:04,0.002,2.56
ip_shuffle,20260618T102304_268851,of:0000000000000007:1 -> of:000000000000000d:5,0.002,0.0025,0.002,0.001,1.47,2026-06-18T10:23:04,0.002,1.53
ip_shuffle,20260618T102304_268851,of:0000000000000007:2 -> of:000000000000000a:3,0.002,0.0025,0.002,0.002,1.73,2026-06-18T10:23:04,0.002,1.73
ip_shuffle,20260618T102304_268851,of:0000000000000002:2 -> of:0000000000000008:2,0.002,0.0025,0.002,0.002,1.66,2026-06-18T10:23:04,0.002,1.73
ip_shuffle,20260618T102304_268851,of:0000000000000008:1 -> of:000000000000000b:6,0.002,0.0025,0.002,0.002,1.53,2026-06-18T10:23:04,0.002,1.53
ip_shuffle,20260618T102304_268851,of:0000000000000009:1 -> of:000000000000000c:6,0.002,0.0025,0.002,0.002,1.53,2026-06-18T10:23:04,0.002,1.53
ip_shuffle,20260618T102304_268851,of:0000000000000001:2 -> of:000000000000000c:1,0.002,0.0025,0.002,0.002,1.8,2026-06-18T10:23:04,0.002,1.86
ip_shuffle,20260618T102304_268851,of:0000000000000003:2 -> of:0000000000000008:3,0.002,0.0025,0.002,0.001,1.6,2026-06-18T10:23:04,0.002,1.73
ip_shuffle,20260618T102401_930187,of:0000000000000005:1 -> of:000000000000000c:5,0.002,0.0025,0.002,0.002,1.5,2026-06-18T10:24:01,0.001,1.33
ip_shuffle,20260618T102401_930187,of:000000000000000a:1 -> of:000000000000000d:6,0.001,0.00125,0.001,0.001,1.33,2026-06-18T10:24:01,0.001,1.3
ip_shuffle,20260618T102401_930187,of:000000000000000b:2 -> of:000000000000000c:2,0.001,0.00125,0.001,0.001,1.46,2026-06-18T10:24:01,0.001,1.46
ip_shuffle,20260618T102401_930187,of:0000000000000004:2 -> of:0000000000000009:2,0.002,0.0025,0.002,0.002,1.63,2026-06-18T10:24:01,0.001,1.5
ip_shuffle,20260618T102401_930187,of:0000000000000005:2 -> of:0000000000000009:3,0.002,0.0025,0.002,0.002,1.63,2026-06-18T10:24:01,0.001,1.5
ip_shuffle,20260618T102401_930187,of:000000000000000b:3 -> of:000000000000000d:2,0.001,0.00125,0.001,0.001,1.43,2026-06-18T10:24:01,0.001,1.43
ip_shuffle,20260618T102401_930187,of:0000000000000004:1 -> of:000000000000000c:4,0.002,0.0025,0.002,0.002,1.5,2026-06-18T10:24:01,0.001,1.33
ip_shuffle,20260618T102401_930187,of:000000000000000c:3 -> of:000000000000000d:3,0.001,0.00125,0.001,0.001,1.4,2026-06-18T10:24:01,0.001,1.43
ip_shuffle,20260618T102401_930187,of:0000000000000001:1 -> of:000000000000000b:1,0.002,0.0025,0.002,0.002,1.46,2026-06-18T10:24:01,0.001,1.4
ip_shuffle,20260618T102401_930187,of:0000000000000006:1 -> of:000000000000000d:4,0.002,0.0025,0.002,0.002,1.46,2026-06-18T10:24:01,0.001,1.3
ip_shuffle,20260618T102401_930187,of:0000000000000002:1 -> of:000000000000000b:4,0.002,0.0025,0.002,0.002,1.5,2026-06-18T10:24:01,0.001,1.33
ip_shuffle,20260618T102401_930187,of:0000000000000001:3 -> of:000000000000000d:1,0.002,0.0025,0.002,0.002,2.1,2026-06-18T10:24:01,0.002,1.86
ip_shuffle,20260618T102401_930187,of:0000000000000006:2 -> of:000000000000000a:2,0.002,0.0025,0.002,0.002,1.56,2026-06-18T10:24:01,0.001,1.5
ip_shuffle,20260618T102401_930187,of:0000000000000003:1 -> of:000000000000000b:5,0.002,0.0025,0.002,0.002,1.5,2026-06-18T10:24:01,0.001,1.33
ip_shuffle,20260618T102401_930187,of:0000000000000007:1 -> of:000000000000000d:5,0.002,0.0025,0.002,0.002,1.96,2026-06-18T10:24:01,0.002,1.86
ip_shuffle,20260618T102401_930187,of:0000000000000007:2 -> of:000000000000000a:3,0.002,0.0025,0.002,0.002,1.53,2026-06-18T10:24:01,0.001,1.46
ip_shuffle,20260618T102401_930187,of:0000000000000002:2 -> of:0000000000000008:2,0.002,0.0025,0.002,0.002,1.63,2026-06-18T10:24:01,0.002,1.56
ip_shuffle,20260618T102401_930187,of:0000000000000008:1 -> of:000000000000000b:6,0.001,0.00125,0.001,0.001,1.4,2026-06-18T10:24:01,0.001,1.4
ip_shuffle,20260618T102401_930187,of:0000000000000009:1 -> of:000000000000000c:6,0.001,0.00125,0.001,0.001,1.33,2026-06-18T10:24:01,0.001,1.33
ip_shuffle,20260618T102401_930187,of:0000000000000001:2 -> of:000000000000000c:1,0.002,0.0025,0.002,0.002,1.46,2026-06-18T10:24:01,0.001,1.4
ip_shuffle,20260618T102401_930187,of:0000000000000003:2 -> of:0000000000000008:3,0.002,0.0025,0.002,0.002,1.63,2026-06-18T10:24:01,0.002,1.56
route_mutation,20260618T102459_525665,of:0000000000000005:1 -> of:000000000000000c:5,0.002,0.0025,0.002,0.002,2.56,2026-06-18T10:24:59,0.002,2.7
route_mutation,20260618T102459_525665,of:000000000000000a:1 -> of:000000000000000d:6,0.002,0.0025,0.002,0.002,1.86,2026-06-18T10:24:59,0.002,1.9
route_mutation,20260618T102459_525665,of:000000000000000b:2 -> of:000000000000000c:2,0.002,0.0025,0.002,0.002,2.43,2026-06-18T10:24:59,0.002,2.43
route_mutation,20260618T102459_525665,of:0000000000000004:2 -> of:0000000000000009:2,0.002,0.0025,0.002,0.002,2.3,2026-06-18T10:24:59,0.002,2.36
route_mutation,20260618T102459_525665,of:0000000000000005:2 -> of:0000000000000009:3,0.002,0.0025,0.002,0.002,2.3,2026-06-18T10:24:59,0.002,2.36
route_mutation,20260618T102459_525665,of:000000000000000b:3 -> of:000000000000000d:2,0.002,0.0025,0.002,0.002,2.43,2026-06-18T10:24:59,0.002,2.43
route_mutation,20260618T102459_525665,of:0000000000000004:1 -> of:000000000000000c:4,0.002,0.0025,0.002,0.002,2.03,2026-06-18T10:24:59,0.002,2.16
route_mutation,20260618T102459_525665,of:000000000000000c:3 -> of:000000000000000d:3,0.002,0.0025,0.002,0.002,2.46,2026-06-18T10:24:59,0.002,2.46
route_mutation,20260618T102459_525665,of:0000000000000001:1 -> of:000000000000000b:1,0.002,0.0025,0.002,0.002,1.8,2026-06-18T10:24:59,0.002,1.83
route_mutation,20260618T102459_525665,of:0000000000000006:1 -> of:000000000000000d:4,0.003,0.00375,0.003,0.002,2.9,2026-06-18T10:24:59,0.003,3.0
route_mutation,20260618T102459_525665,of:0000000000000002:1 -> of:000000000000000b:4,0.002,0.0025,0.002,0.002,1.76,2026-06-18T10:24:59,0.002,1.86
route_mutation,20260618T102459_525665,of:0000000000000001:3 -> of:000000000000000d:1,0.003,0.00375,0.003,0.003,3.43,2026-06-18T10:24:59,0.003,3.53
route_mutation,20260618T102459_525665,of:0000000000000006:2 -> of:000000000000000a:2,0.002,0.0025,0.002,0.002,2.33,2026-06-18T10:24:59,0.002,2.4
route_mutation,20260618T102459_525665,of:0000000000000003:1 -> of:000000000000000b:5,0.002,0.0025,0.002,0.002,1.76,2026-06-18T10:24:59,0.002,1.86
route_mutation,20260618T102459_525665,of:0000000000000007:1 -> of:000000000000000d:5,0.002,0.0025,0.002,0.002,2.43,2026-06-18T10:24:59,0.002,2.46
route_mutation,20260618T102459_525665,of:0000000000000007:2 -> of:000000000000000a:3,0.002,0.0025,0.002,0.002,2.33,2026-06-18T10:24:59,0.002,2.4
route_mutation,20260618T102459_525665,of:0000000000000002:2 -> of:0000000000000008:2,0.002,0.0025,0.002,0.002,2.3,2026-06-18T10:24:59,0.002,2.36
route_mutation,20260618T102459_525665,of:0000000000000008:1 -> of:000000000000000b:6,0.002,0.0025,0.002,0.002,1.86,2026-06-18T10:24:59,0.002,1.86
route_mutation,20260618T102459_525665,of:0000000000000009:1 -> of:000000000000000c:6,0.002,0.0025,0.002,0.002,1.86,2026-06-18T10:24:59,0.002,1.9
route_mutation,20260618T102459_525665,of:0000000000000001:2 -> of:000000000000000c:1,0.003,0.00375,0.003,0.002,2.96,2026-06-18T10:24:59,0.003,2.96
route_mutation,20260618T102459_525665,of:0000000000000003:2 -> of:0000000000000008:3,0.002,0.0025,0.002,0.002,2.36,2026-06-18T10:24:59,0.002,2.36
ip_shuffle,20260618T102529_779528,of:0000000000000005:1 -> of:000000000000000c:5,0.002,0.0025,0.002,0.002,1.53,2026-06-18T10:25:29,0.001,1.33
ip_shuffle,20260618T102529_779528,of:000000000000000a:1 -> of:000000000000000d:6,0.001,0.00125,0.001,0.001,1.36,2026-06-18T10:25:29,0.001,1.33
ip_shuffle,20260618T102529_779528,of:000000000000000b:2 -> of:000000000000000c:2,0.001,0.00125,0.001,0.001,1.5,2026-06-18T10:25:29,0.001,1.5
ip_shuffle,20260618T102529_779528,of:0000000000000004:2 -> of:0000000000000009:2,0.002,0.0025,0.002,0.002,1.7,2026-06-18T10:25:29,0.001,1.56
ip_shuffle,20260618T102529_779528,of:0000000000000005:2 -> of:0000000000000009:3,0.002,0.0025,0.002,0.002,1.7,2026-06-18T10:25:29,0.001,1.56
ip_shuffle,20260618T102529_779528,of:000000000000000b:3 -> of:000000000000000d:2,0.001,0.00125,0.001,0.001,1.5,2026-06-18T10:25:29,0.001,1.5
ip_shuffle,20260618T102529_779528,of:0000000000000004:1 -> of:000000000000000c:4,0.002,0.0025,0.002,0.002,1.53,2026-06-18T10:25:29,0.001,1.33
ip_shuffle,20260618T102529_779528,of:000000000000000c:3 -> of:000000000000000d:3,0.001,0.00125,0.001,0.001,1.46,2026-06-18T10:25:29,0.001,1.46
ip_shuffle,20260618T102529_779528,of:0000000000000001:1 -> of:000000000000000b:1,0.002,0.0025,0.002,0.002,1.5,2026-06-18T10:25:29,0.001,1.4
ip_shuffle,20260618T102529_779528,of:0000000000000006:1 -> of:000000000000000d:4,0.002,0.0025,0.002,0.002,1.5,2026-06-18T10:25:29,0.001,1.33
ip_shuffle,20260618T102529_779528,of:0000000000000002:1 -> of:000000000000000b:4,0.002,0.0025,0.002,0.002,1.53,2026-06-18T10:25:29,0.001,1.43
ip_shuffle,20260618T102529_779528,of:0000000000000001:3 -> of:000000000000000d:1,0.002,0.0025,0.002,0.002,2.16,2026-06-18T10:25:29,0.002,2.0
ip_shuffle,20260618T102529_779528,of:0000000000000006:2 -> of:000000000000000a:2,0.002,0.0025,0.002,0.002,1.6,2026-06-18T10:25:29,0.001,1.53
ip_shuffle,20260618T102529_779528,of:0000000000000003:1 -> of:000000000000000b:5,0.002,0.0025,0.002,0.002,1.53,2026-06-18T10:25:29,0.001,1.36
ip_shuffle,20260618T102529_779528,of:0000000000000007:1 -> of:000000000000000d:5,0.002,0.0025,0.002,0.002,2.06,2026-06-18T10:25:29,0.002,1.96
ip_shuffle,20260618T102529_779528,of:0000000000000007:2 -> of:000000000000000a:3,0.002,0.0025,0.002,0.002,1.6,2026-06-18T10:25:29,0.001,1.53
ip_shuffle,20260618T102529_779528,of:0000000000000002:2 -> of:0000000000000008:2,0.002,0.0025,0.002,0.002,1.7,2026-06-18T10:25:29,0.002,1.63
ip_shuffle,20260618T102529_779528,of:0000000000000008:1 -> of:000000000000000b:6,0.001,0.00125,0.001,0.001,1.36,2026-06-18T10:25:29,0.001,1.36
ip_shuffle,20260618T102529_779528,of:0000000000000009:1 -> of:000000000000000c:6,0.001,0.00125,0.001,0.001,1.36,2026-06-18T10:25:29,0.001,1.33
ip_shuffle,20260618T102529_779528,of:0000000000000001:2 -> of:000000000000000c:1,0.002,0.0025,0.002,0.002,1.46,2026-06-18T10:25:29,0.001,1.4
ip_shuffle,20260618T102529_779528,of:0000000000000003:2 -> of:0000000000000008:3,0.002,0.0025,0.002,0.002,1.7,2026-06-18T10:25:29,0.001,1.56
route_mutation,20260618T102627_592718,of:0000000000000005:1 -> of:000000000000000c:5,0.002,0.0025,0.002,0.002,2.56,2026-06-18T10:26:27,0.002,2.66
route_mutation,20260618T102627_592718,of:000000000000000a:1 -> of:000000000000000d:6,0.002,0.0025,0.002,0.002,1.86,2026-06-18T10:26:27,0.002,1.86
route_mutation,20260618T102627_592718,of:000000000000000b:2 -> of:000000000000000c:2,0.002,0.0025,0.002,0.002,2.39,2026-06-18T10:26:27,0.002,2.39
route_mutation,20260618T102627_592718,of:0000000000000004:2 -> of:0000000000000009:2,0.002,0.0025,0.002,0.002,2.33,2026-06-18T10:26:27,0.002,2.39
route_mutation,20260618T102627_592718,of:0000000000000005:2 -> of:0000000000000009:3,0.002,0.0025,0.002,0.002,2.29,2026-06-18T10:26:27,0.002,2.36
route_mutation,20260618T102627_592718,of:000000000000000b:3 -> of:000000000000000d:2,0.002,0.0025,0.002,0.002,2.39,2026-06-18T10:26:27,0.002,2.39
route_mutation,20260618T102627_592718,of:0000000000000004:1 -> of:000000000000000c:4,0.002,0.0025,0.002,0.002,2.16,2026-06-18T10:26:27,0.002,2.23
route_mutation,20260618T102627_592718,of:000000000000000c:3 -> of:000000000000000d:3,0.002,0.0025,0.002,0.002,2.43,2026-06-18T10:26:27,0.002,2.43
route_mutation,20260618T102627_592718,of:0000000000000001:1 -> of:000000000000000b:1,0.002,0.0025,0.002,0.002,1.8,2026-06-18T10:26:27,0.002,1.83
route_mutation,20260618T102627_592718,of:0000000000000006:1 -> of:000000000000000d:4,0.003,0.00375,0.003,0.002,2.86,2026-06-18T10:26:27,0.003,2.96
route_mutation,20260618T102627_592718,of:0000000000000002:1 -> of:000000000000000b:4,0.002,0.0025,0.002,0.002,1.8,2026-06-18T10:26:27,0.002,1.9
route_mutation,20260618T102627_592718,of:0000000000000001:3 -> of:000000000000000d:1,0.003,0.00375,0.003,0.003,3.32,2026-06-18T10:26:27,0.003,3.39
route_mutation,20260618T102627_592718,of:0000000000000006:2 -> of:000000000000000a:2,0.002,0.0025,0.002,0.002,2.36,2026-06-18T10:26:27,0.002,2.43
route_mutation,20260618T102627_592718,of:0000000000000003:1 -> of:000000000000000b:5,0.002,0.0025,0.002,0.002,1.76,2026-06-18T10:26:27,0.002,1.86
route_mutation,20260618T102627_592718,of:0000000000000007:1 -> of:000000000000000d:5,0.002,0.0025,0.002,0.002,2.29,2026-06-18T10:26:27,0.002,2.36
route_mutation,20260618T102627_592718,of:0000000000000007:2 -> of:000000000000000a:3,0.002,0.0025,0.002,0.002,2.33,2026-06-18T10:26:27,0.002,2.39
route_mutation,20260618T102627_592718,of:0000000000000002:2 -> of:0000000000000008:2,0.002,0.0025,0.002,0.002,2.26,2026-06-18T10:26:27,0.002,2.33
route_mutation,20260618T102627_592718,of:0000000000000008:1 -> of:000000000000000b:6,0.002,0.0025,0.002,0.002,1.86,2026-06-18T10:26:27,0.002,1.9
route_mutation,20260618T102627_592718,of:0000000000000009:1 -> of:000000000000000c:6,0.002,0.0025,0.002,0.002,1.86,2026-06-18T10:26:27,0.002,1.86
route_mutation,20260618T102627_592718,of:0000000000000001:2 -> of:000000000000000c:1,0.003,0.00375,0.003,0.003,2.96,2026-06-18T10:26:27,0.003,3.03
route_mutation,20260618T102627_592718,of:0000000000000003:2 -> of:0000000000000008:3,0.002,0.0025,0.002,0.002,2.33,2026-06-18T10:26:27,0.002,2.33
route_mutation,20260618T102657_841357,of:0000000000000005:1 -> of:000000000000000c:5,0.002,0.0025,0.002,0.002,1.53,2026-06-18T10:26:57,0.001,1.36
route_mutation,20260618T102657_841357,of:000000000000000a:1 -> of:000000000000000d:6,0.001,0.00125,0.001,0.001,1.36,2026-06-18T10:26:57,0.001,1.36
route_mutation,20260618T102657_841357,of:000000000000000b:2 -> of:000000000000000c:2,0.001,0.00125,0.001,0.001,1.53,2026-06-18T10:26:57,0.001,1.53
route_mutation,20260618T102657_841357,of:0000000000000004:2 -> of:0000000000000009:2,0.002,0.0025,0.002,0.002,1.7,2026-06-18T10:26:57,0.001,1.56
route_mutation,20260618T102657_841357,of:0000000000000005:2 -> of:0000000000000009:3,0.002,0.0025,0.002,0.002,1.7,2026-06-18T10:26:57,0.001,1.56
route_mutation,20260618T102657_841357,of:000000000000000b:3 -> of:000000000000000d:2,0.001,0.00125,0.001,0.001,1.53,2026-06-18T10:26:57,0.001,1.53
route_mutation,20260618T102657_841357,of:0000000000000004:1 -> of:000000000000000c:4,0.002,0.0025,0.002,0.002,1.53,2026-06-18T10:26:57,0.001,1.36
route_mutation,20260618T102657_841357,of:000000000000000c:3 -> of:000000000000000d:3,0.001,0.00125,0.001,0.001,1.53,2026-06-18T10:26:57,0.001,1.53
route_mutation,20260618T102657_841357,of:0000000000000001:1 -> of:000000000000000b:1,0.002,0.0025,0.002,0.002,1.5,2026-06-18T10:26:57,0.001,1.4
route_mutation,20260618T102657_841357,of:0000000000000006:1 -> of:000000000000000d:4,0.002,0.0025,0.002,0.002,1.53,2026-06-18T10:26:57,0.001,1.36
route_mutation,20260618T102657_841357,of:0000000000000002:1 -> of:000000000000000b:4,0.002,0.0025,0.002,0.002,1.53,2026-06-18T10:26:57,0.001,1.43
route_mutation,20260618T102657_841357,of:0000000000000001:3 -> of:000000000000000d:1,0.002,0.0025,0.002,0.002,2.26,2026-06-18T10:26:57,0.002,2.13
route_mutation,20260618T102657_841357,of:0000000000000006:2 -> of:000000000000000a:2,0.002,0.0025,0.002,0.002,1.63,2026-06-18T10:26:57,0.001,1.56
route_mutation,20260618T102657_841357,of:0000000000000003:1 -> of:000000000000000b:5,0.002,0.0025,0.002,0.002,1.53,2026-06-18T10:26:57,0.001,1.36
route_mutation,20260618T102657_841357,of:0000000000000007:1 -> of:000000000000000d:5,0.002,0.0025,0.002,0.002,2.2,2026-06-18T10:26:57,0.002,2.06
route_mutation,20260618T102657_841357,of:0000000000000007:2 -> of:000000000000000a:3,0.002,0.0025,0.002,0.002,1.63,2026-06-18T10:26:57,0.001,1.56
route_mutation,20260618T102657_841357,of:0000000000000002:2 -> of:0000000000000008:2,0.002,0.0025,0.002,0.002,1.73,2026-06-18T10:26:57,0.002,1.66
route_mutation,20260618T102657_841357,of:0000000000000008:1 -> of:000000000000000b:6,0.001,0.00125,0.001,0.001,1.4,2026-06-18T10:26:57,0.001,1.36
route_mutation,20260618T102657_841357,of:0000000000000009:1 -> of:000000000000000c:6,0.001,0.00125,0.001,0.001,1.36,2026-06-18T10:26:57,0.001,1.36
route_mutation,20260618T102657_841357,of:0000000000000001:2 -> of:000000000000000c:1,0.002,0.0025,0.002,0.002,1.5,2026-06-18T10:26:57,0.001,1.4
route_mutation,20260618T102657_841357,of:0000000000000003:2 -> of:0000000000000008:3,0.002,0.0025,0.002,0.002,1.73,2026-06-18T10:26:57,0.001,1.6
route_mutation,20260618T102728_082304,of:0000000000000005:1 -> of:000000000000000c:5,0.002,0.0025,0.002,0.001,1.37,2026-06-18T10:27:28,0.002,1.43
route_mutation,20260618T102728_082304,of:000000000000000a:1 -> of:000000000000000d:6,0.002,0.0025,0.002,0.002,1.43,2026-06-18T10:27:28,0.002,1.43
route_mutation,20260618T102728_082304,of:000000000000000b:2 -> of:000000000000000c:2,0.002,0.0025,0.002,0.002,1.53,2026-06-18T10:27:28,0.002,1.53
route_mutation,20260618T102728_082304,of:0000000000000004:2 -> of:0000000000000009:2,0.002,0.0025,0.002,0.001,1.47,2026-06-18T10:27:28,0.002,1.53
route_mutation,20260618T102728_082304,of:0000000000000005:2 -> of:0000000000000009:3,0.002,0.0025,0.002,0.001,1.47,2026-06-18T10:27:28,0.002,1.53
route_mutation,20260618T102728_082304,of:000000000000000b:3 -> of:000000000000000d:2,0.002,0.0025,0.002,0.002,1.66,2026-06-18T10:27:28,0.002,1.66
route_mutation,20260618T102728_082304,of:0000000000000004:1 -> of:000000000000000c:4,0.002,0.0025,0.002,0.002,1.9,2026-06-18T10:27:28,0.002,1.96
route_mutation,20260618T102728_082304,of:000000000000000c:3 -> of:000000000000000d:3,0.002,0.0025,0.002,0.002,1.53,2026-06-18T10:27:28,0.002,1.53
route_mutation,20260618T102728_082304,of:0000000000000001:1 -> of:000000000000000b:1,0.003,0.00375,0.003,0.003,3.36,2026-06-18T10:27:28,0.003,3.43
route_mutation,20260618T102728_082304,of:0000000000000006:1 -> of:000000000000000d:4,0.002,0.0025,0.002,0.002,1.63,2026-06-18T10:27:28,0.002,1.7
route_mutation,20260618T102728_082304,of:0000000000000002:1 -> of:000000000000000b:4,0.002,0.0025,0.002,0.002,2.46,2026-06-18T10:27:28,0.002,2.46
route_mutation,20260618T102728_082304,of:0000000000000001:3 -> of:000000000000000d:1,0.002,0.0025,0.002,0.002,1.5,2026-06-18T10:27:28,0.002,1.56
route_mutation,20260618T102728_082304,of:0000000000000006:2 -> of:000000000000000a:2,0.002,0.0025,0.002,0.002,1.53,2026-06-18T10:27:28,0.002,1.53
route_mutation,20260618T102728_082304,of:0000000000000003:1 -> of:000000000000000b:5,0.002,0.0025,0.002,0.002,2.46,2026-06-18T10:27:28,0.002,2.46
route_mutation,20260618T102728_082304,of:0000000000000007:1 -> of:000000000000000d:5,0.002,0.0025,0.002,0.001,1.37,2026-06-18T10:27:28,0.002,1.43
route_mutation,20260618T102728_082304,of:0000000000000007:2 -> of:000000000000000a:3,0.002,0.0025,0.002,0.002,1.53,2026-06-18T10:27:28,0.002,1.53
route_mutation,20260618T102728_082304,of:0000000000000002:2 -> of:0000000000000008:2,0.001,0.00125,0.001,0.001,1.47,2026-06-18T10:27:28,0.001,1.47
route_mutation,20260618T102728_082304,of:0000000000000008:1 -> of:000000000000000b:6,0.002,0.0025,0.002,0.002,1.43,2026-06-18T10:27:28,0.002,1.43
route_mutation,20260618T102728_082304,of:0000000000000009:1 -> of:000000000000000c:6,0.002,0.0025,0.002,0.002,1.43,2026-06-18T10:27:28,0.002,1.43
route_mutation,20260618T102728_082304,of:0000000000000001:2 -> of:000000000000000c:1,0.002,0.0025,0.002,0.002,1.83,2026-06-18T10:27:28,0.002,1.93
route_mutation,20260618T102728_082304,of:0000000000000003:2 -> of:0000000000000008:3,0.002,0.0025,0.002,0.002,1.53,2026-06-18T10:27:28,0.002,1.53
ip_shuffle,20260618T102758_313142,of:0000000000000005:1 -> of:000000000000000c:5,0.002,0.0025,0.002,0.002,2.6,2026-06-18T10:27:58,0.002,2.7
ip_shuffle,20260618T102758_313142,of:000000000000000a:1 -> of:000000000000000d:6,0.002,0.0025,0.002,0.002,1.9,2026-06-18T10:27:58,0.002,1.9
ip_shuffle,20260618T102758_313142,of:000000000000000b:2 -> of:000000000000000c:2,0.002,0.0025,0.002,0.002,2.46,2026-06-18T10:27:58,0.002,2.46
ip_shuffle,20260618T102758_313142,of:0000000000000004:2 -> of:0000000000000009:2,0.002,0.0025,0.002,0.002,2.36,2026-06-18T10:27:58,0.002,2.43
ip_shuffle,20260618T102758_313142,of:0000000000000005:2 -> of:0000000000000009:3,0.002,0.0025,0.002,0.002,2.36,2026-06-18T10:27:58,0.002,2.43
ip_shuffle,20260618T102758_313142,of:000000000000000b:3 -> of:000000000000000d:2,0.002,0.0025,0.002,0.002,2.46,2026-06-18T10:27:58,0.002,2.46
ip_shuffle,20260618T102758_313142,of:0000000000000004:1 -> of:000000000000000c:4,0.002,0.0025,0.002,0.002,2.06,2026-06-18T10:27:58,0.002,2.16
ip_shuffle,20260618T102758_313142,of:000000000000000c:3 -> of:000000000000000d:3,0.002,0.0025,0.002,0.002,2.46,2026-06-18T10:27:58,0.002,2.46
ip_shuffle,20260618T102758_313142,of:0000000000000001:1 -> of:000000000000000b:1,0.002,0.0025,0.002,0.002,1.83,2026-06-18T10:27:58,0.002,1.83
ip_shuffle,20260618T102758_313142,of:0000000000000006:1 -> of:000000000000000d:4,0.003,0.00375,0.003,0.002,2.9,2026-06-18T10:27:58,0.003,3.0
ip_shuffle,20260618T102758_313142,of:0000000000000002:1 -> of:000000000000000b:4,0.002,0.0025,0.002,0.002,1.76,2026-06-18T10:27:58,0.002,1.9
ip_shuffle,20260618T102758_313142,of:0000000000000001:3 -> of:000000000000000d:1,0.003,0.00375,0.003,0.003,3.49,2026-06-18T10:27:58,0.003,3.53
ip_shuffle,20260618T102758_313142,of:0000000000000006:2 -> of:000000000000000a:2,0.002,0.0025,0.002,0.002,2.36,2026-06-18T10:27:58,0.002,2.43
ip_shuffle,20260618T102758_313142,of:0000000000000003:1 -> of:000000000000000b:5,0.002,0.0025,0.002,0.002,1.7,2026-06-18T10:27:58,0.002,1.9
ip_shuffle,20260618T102758_313142,of:0000000000000007:1 -> of:000000000000000d:5,0.002,0.0025,0.002,0.002,2.43,2026-06-18T10:27:58,0.002,2.46
ip_shuffle,20260618T102758_313142,of:0000000000000007:2 -> of:000000000000000a:3,0.002,0.0025,0.002,0.002,2.36,2026-06-18T10:27:58,0.002,2.43
ip_shuffle,20260618T102758_313142,of:0000000000000002:2 -> of:0000000000000008:2,0.002,0.0025,0.002,0.002,2.33,2026-06-18T10:27:58,0.002,2.4
ip_shuffle,20260618T102758_313142,of:0000000000000008:1 -> of:000000000000000b:6,0.002,0.0025,0.002,0.002,1.9,2026-06-18T10:27:58,0.002,1.9
ip_shuffle,20260618T102758_313142,of:0000000000000009:1 -> of:000000000000000c:6,0.002,0.0025,0.002,0.002,1.9,2026-06-18T10:27:58,0.002,1.9
ip_shuffle,20260618T102758_313142,of:0000000000000001:2 -> of:000000000000000c:1,0.003,0.00375,0.003,0.002,2.96,2026-06-18T10:27:58,0.003,2.93
ip_shuffle,20260618T102758_313142,of:0000000000000003:2 -> of:0000000000000008:3,0.002,0.0025,0.002,0.002,2.26,2026-06-18T10:27:58,0.002,2.4
route_mutation,20260618T102856_175008,of:0000000000000005:1 -> of:000000000000000c:5,0.002,0.0025,0.002,0.002,1.43,2026-06-18T10:28:56,0.002,1.43
route_mutation,20260618T102856_175008,of:000000000000000a:1 -> of:000000000000000d:6,0.002,0.0025,0.002,0.002,1.43,2026-06-18T10:28:56,0.002,1.43
route_mutation,20260618T102856_175008,of:000000000000000b:2 -> of:000000000000000c:2,0.002,0.0025,0.002,0.002,1.53,2026-06-18T10:28:56,0.002,1.53
route_mutation,20260618T102856_175008,of:0000000000000004:2 -> of:0000000000000009:2,0.002,0.0025,0.002,0.001,1.46,2026-06-18T10:28:56,0.002,1.53
route_mutation,20260618T102856_175008,of:0000000000000005:2 -> of:0000000000000009:3,0.002,0.0025,0.002,0.001,1.46,2026-06-18T10:28:56,0.002,1.53
route_mutation,20260618T102856_175008,of:000000000000000b:3 -> of:000000000000000d:2,0.002,0.0025,0.002,0.002,1.66,2026-06-18T10:28:56,0.002,1.66
route_mutation,20260618T102856_175008,of:0000000000000004:1 -> of:000000000000000c:4,0.002,0.0025,0.002,0.002,2.06,2026-06-18T10:28:56,0.002,2.03
route_mutation,20260618T102856_175008,of:000000000000000c:3 -> of:000000000000000d:3,0.002,0.0025,0.002,0.002,1.53,2026-06-18T10:28:56,0.002,1.53
route_mutation,20260618T102856_175008,of:0000000000000001:1 -> of:000000000000000b:1,0.003,0.00375,0.003,0.003,3.36,2026-06-18T10:28:56,0.003,3.36
route_mutation,20260618T102856_175008,of:0000000000000006:1 -> of:000000000000000d:4,0.002,0.0025,0.002,0.002,1.63,2026-06-18T10:28:56,0.002,1.69
route_mutation,20260618T102856_175008,of:0000000000000002:1 -> of:000000000000000b:4,0.002,0.0025,0.002,0.002,2.46,2026-06-18T10:28:56,0.002,2.46
route_mutation,20260618T102856_175008,of:0000000000000001:3 -> of:000000000000000d:1,0.002,0.0025,0.002,0.002,1.5,2026-06-18T10:28:56,0.002,1.5
route_mutation,20260618T102856_175008,of:0000000000000006:2 -> of:000000000000000a:2,0.002,0.0025,0.002,0.001,1.46,2026-06-18T10:28:56,0.002,1.53
route_mutation,20260618T102856_175008,of:0000000000000003:1 -> of:000000000000000b:5,0.002,0.0025,0.002,0.002,2.46,2026-06-18T10:28:56,0.002,2.46
route_mutation,20260618T102856_175008,of:0000000000000007:1 -> of:000000000000000d:5,0.002,0.0025,0.002,0.001,1.36,2026-06-18T10:28:56,0.002,1.43
route_mutation,20260618T102856_175008,of:0000000000000007:2 -> of:000000000000000a:3,0.002,0.0025,0.002,0.001,1.46,2026-06-18T10:28:56,0.002,1.53
route_mutation,20260618T102856_175008,of:0000000000000002:2 -> of:0000000000000008:2,0.001,0.00125,0.001,0.001,1.46,2026-06-18T10:28:56,0.001,1.46
route_mutation,20260618T102856_175008,of:0000000000000008:1 -> of:000000000000000b:6,0.002,0.0025,0.002,0.002,1.43,2026-06-18T10:28:56,0.002,1.43
route_mutation,20260618T102856_175008,of:0000000000000009:1 -> of:000000000000000c:6,0.002,0.0025,0.002,0.002,1.43,2026-06-18T10:28:56,0.002,1.43
route_mutation,20260618T102856_175008,of:0000000000000001:2 -> of:000000000000000c:1,0.002,0.0025,0.002,0.002,1.96,2026-06-18T10:28:56,0.002,1.96
route_mutation,20260618T102856_175008,of:0000000000000003:2 -> of:0000000000000008:3,0.002,0.0025,0.002,0.002,1.53,2026-06-18T10:28:56,0.002,1.53
route_mutation,20260618T102926_417313,of:0000000000000005:1 -> of:000000000000000c:5,0.002,0.0025,0.002,0.002,2.33,2026-06-18T10:29:26,0.002,2.5
route_mutation,20260618T102926_417313,of:000000000000000a:1 -> of:000000000000000d:6,0.002,0.0025,0.002,0.002,1.66,2026-06-18T10:29:26,0.002,1.7
route_mutation,20260618T102926_417313,of:000000000000000b:2 -> of:000000000000000c:2,0.002,0.0025,0.002,0.002,2.06,2026-06-18T10:29:26,0.002,2.06
route_mutation,20260618T102926_417313,of:0000000000000004:2 -> of:0000000000000009:2,0.002,0.0025,0.002,0.002,1.9,2026-06-18T10:29:26,0.002,1.96
route_mutation,20260618T102926_417313,of:0000000000000005:2 -> of:0000000000000009:3,0.002,0.0025,0.002,0.002,1.93,2026-06-18T10:29:26,0.002,2.0
route_mutation,20260618T102926_417313,of:000000000000000b:3 -> of:000000000000000d:2,0.002,0.0025,0.002,0.002,2.06,2026-06-18T10:29:26,0.002,2.06
route_mutation,20260618T102926_417313,of:0000000000000004:1 -> of:000000000000000c:4,0.002,0.0025,0.002,0.002,1.66,2026-06-18T10:29:26,0.002,1.9
route_mutation,20260618T102926_417313,of:000000000000000c:3 -> of:000000000000000d:3,0.002,0.0025,0.002,0.002,2.06,2026-06-18T10:29:26,0.002,2.06
route_mutation,20260618T102926_417313,of:0000000000000001:1 -> of:000000000000000b:1,0.002,0.0025,0.002,0.002,1.63,2026-06-18T10:29:26,0.002,1.63
route_mutation,20260618T102926_417313,of:0000000000000006:1 -> of:000000000000000d:4,0.002,0.0025,0.002,0.002,2.6,2026-06-18T10:29:26,0.002,2.7
route_mutation,20260618T102926_417313,of:0000000000000002:1 -> of:000000000000000b:4,0.002,0.0025,0.002,0.002,1.56,2026-06-18T10:29:26,0.002,1.7
route_mutation,20260618T102926_417313,of:0000000000000001:3 -> of:000000000000000d:1,0.002,0.0025,0.002,0.002,2.6,2026-06-18T10:29:26,0.002,2.7
route_mutation,20260618T102926_417313,of:0000000000000006:2 -> of:000000000000000a:2,0.002,0.0025,0.002,0.002,1.93,2026-06-18T10:29:26,0.002,2.0
route_mutation,20260618T102926_417313,of:0000000000000003:1 -> of:000000000000000b:5,0.002,0.0025,0.002,0.001,1.5,2026-06-18T10:29:26,0.002,1.7
route_mutation,20260618T102926_417313,of:0000000000000007:1 -> of:000000000000000d:5,0.002,0.0025,0.002,0.002,1.76,2026-06-18T10:29:26,0.002,1.73
route_mutation,20260618T102926_417313,of:0000000000000007:2 -> of:000000000000000a:3,0.002,0.0025,0.002,0.002,2.0,2026-06-18T10:29:26,0.002,2.0
route_mutation,20260618T102926_417313,of:0000000000000002:2 -> of:0000000000000008:2,0.002,0.0025,0.002,0.002,1.9,2026-06-18T10:29:26,0.002,1.96
route_mutation,20260618T102926_417313,of:0000000000000008:1 -> of:000000000000000b:6,0.002,0.0025,0.002,0.002,1.66,2026-06-18T10:29:26,0.002,1.7
route_mutation,20260618T102926_417313,of:0000000000000009:1 -> of:000000000000000c:6,0.002,0.0025,0.002,0.002,1.66,2026-06-18T10:29:26,0.002,1.7
route_mutation,20260618T102926_417313,of:0000000000000001:2 -> of:000000000000000c:1,0.002,0.0025,0.002,0.002,2.7,2026-06-18T10:29:26,0.002,2.63
route_mutation,20260618T102926_417313,of:0000000000000003:2 -> of:0000000000000008:3,0.002,0.0025,0.002,0.002,1.83,2026-06-18T10:29:26,0.002,1.96
route_mutation,20260618T102956_600994,of:0000000000000005:1 -> of:000000000000000c:5,0.002,0.0025,0.002,0.002,1.7,2026-06-18T10:29:56,0.001,1.53
route_mutation,20260618T102956_600994,of:000000000000000a:1 -> of:000000000000000d:6,0.002,0.0025,0.002,0.002,1.63,2026-06-18T10:29:56,0.002,1.6
route_mutation,20260618T102956_600994,of:000000000000000b:2 -> of:000000000000000c:2,0.002,0.0025,0.002,0.002,1.86,2026-06-18T10:29:56,0.002,1.86
route_mutation,20260618T102956_600994,of:0000000000000004:2 -> of:0000000000000009:2,0.002,0.0025,0.002,0.002,2.1,2026-06-18T10:29:56,0.002,1.96
route_mutation,20260618T102956_600994,of:0000000000000005:2 -> of:0000000000000009:3,0.002,0.0025,0.002,0.002,2.06,2026-06-18T10:29:56,0.002,1.93
route_mutation,20260618T102956_600994,of:000000000000000b:3 -> of:000000000000000d:2,0.002,0.0025,0.002,0.002,1.93,2026-06-18T10:29:56,0.002,1.93
route_mutation,20260618T102956_600994,of:0000000000000004:1 -> of:000000000000000c:4,0.002,0.0025,0.002,0.002,1.73,2026-06-18T10:29:56,0.001,1.53
route_mutation,20260618T102956_600994,of:000000000000000c:3 -> of:000000000000000d:3,0.002,0.0025,0.002,0.002,1.93,2026-06-18T10:29:56,0.002,1.93
route_mutation,20260618T102956_600994,of:0000000000000001:1 -> of:000000000000000b:1,0.002,0.0025,0.002,0.002,1.66,2026-06-18T10:29:56,0.002,1.66
route_mutation,20260618T102956_600994,of:0000000000000006:1 -> of:000000000000000d:4,0.002,0.0025,0.002,0.002,1.76,2026-06-18T10:29:56,0.002,1.66
route_mutation,20260618T102956_600994,of:0000000000000002:1 -> of:000000000000000b:4,0.002,0.0025,0.002,0.002,1.73,2026-06-18T10:29:56,0.002,1.6
route_mutation,20260618T102956_600994,of:0000000000000001:3 -> of:000000000000000d:1,0.003,0.00375,0.003,0.003,2.96,2026-06-18T10:29:56,0.003,2.93
route_mutation,20260618T102956_600994,of:0000000000000006:2 -> of:000000000000000a:2,0.002,0.0025,0.002,0.002,2.06,2026-06-18T10:29:56,0.002,1.93
route_mutation,20260618T102956_600994,of:0000000000000003:1 -> of:000000000000000b:5,0.002,0.0025,0.002,0.002,1.73,2026-06-18T10:29:56,0.002,1.6
route_mutation,20260618T102956_600994,of:0000000000000007:1 -> of:000000000000000d:5,0.002,0.0025,0.002,0.002,2.73,2026-06-18T10:29:56,0.002,2.76
route_mutation,20260618T102956_600994,of:0000000000000007:2 -> of:000000000000000a:3,0.002,0.0025,0.002,0.002,2.0,2026-06-18T10:29:56,0.002,1.93
route_mutation,20260618T102956_600994,of:0000000000000002:2 -> of:0000000000000008:2,0.002,0.0025,0.002,0.002,2.1,2026-06-18T10:29:56,0.002,2.03
route_mutation,20260618T102956_600994,of:0000000000000008:1 -> of:000000000000000b:6,0.001,0.00125,0.001,0.001,1.56,2026-06-18T10:29:56,0.001,1.53
route_mutation,20260618T102956_600994,of:0000000000000009:1 -> of:000000000000000c:6,0.001,0.00125,0.001,0.001,1.56,2026-06-18T10:29:56,0.001,1.53
route_mutation,20260618T102956_600994,of:0000000000000001:2 -> of:000000000000000c:1,0.002,0.0025,0.002,0.002,1.6,2026-06-18T10:29:56,0.002,1.66
route_mutation,20260618T102956_600994,of:0000000000000003:2 -> of:0000000000000008:3,0.002,0.0025,0.002,0.002,2.1,2026-06-18T10:29:56,0.002,2.03
route_mutation,20260618T103026_842049,of:0000000000000005:1 -> of:000000000000000c:5,0.002,0.0025,0.002,0.002,1.43,2026-06-18T10:30:26,0.002,1.43
route_mutation,20260618T103026_842049,of:000000000000000a:1 -> of:000000000000000d:6,0.001,0.00125,0.001,0.001,1.36,2026-06-18T10:30:26,0.001,1.36
route_mutation,20260618T103026_842049,of:000000000000000b:2 -> of:000000000000000c:2,0.002,0.0025,0.002,0.002,1.53,2026-06-18T10:30:26,0.002,1.53
route_mutation,20260618T103026_842049,of:0000000000000004:2 -> of:0000000000000009:2,0.002,0.0025,0.002,0.001,1.46,2026-06-18T10:30:26,0.002,1.53
route_mutation,20260618T103026_842049,of:0000000000000005:2 -> of:0000000000000009:3,0.002,0.0025,0.002,0.001,1.46,2026-06-18T10:30:26,0.002,1.53
route_mutation,20260618T103026_842049,of:000000000000000b:3 -> of:000000000000000d:2,0.002,0.0025,0.002,0.002,1.6,2026-06-18T10:30:26,0.002,1.6
route_mutation,20260618T103026_842049,of:0000000000000004:1 -> of:000000000000000c:4,0.002,0.0025,0.002,0.002,1.43,2026-06-18T10:30:26,0.002,1.43
route_mutation,20260618T103026_842049,of:000000000000000c:3 -> of:000000000000000d:3,0.001,0.00125,0.001,0.001,1.46,2026-06-18T10:30:26,0.001,1.46
route_mutation,20260618T103026_842049,of:0000000000000001:1 -> of:000000000000000b:1,0.003,0.00375,0.003,0.003,2.73,2026-06-18T10:30:26,0.003,2.73
route_mutation,20260618T103026_842049,of:0000000000000006:1 -> of:000000000000000d:4,0.002,0.0025,0.002,0.002,1.63,2026-06-18T10:30:26,0.002,1.63
route_mutation,20260618T103026_842049,of:0000000000000002:1 -> of:000000000000000b:4,0.002,0.0025,0.002,0.002,2.53,2026-06-18T10:30:26,0.002,2.46
route_mutation,20260618T103026_842049,of:0000000000000001:3 -> of:000000000000000d:1,0.002,0.0025,0.002,0.002,1.5,2026-06-18T10:30:26,0.001,1.43
route_mutation,20260618T103026_842049,of:0000000000000006:2 -> of:000000000000000a:2,0.002,0.0025,0.002,0.001,1.46,2026-06-18T10:30:26,0.002,1.53
route_mutation,20260618T103026_842049,of:0000000000000003:1 -> of:000000000000000b:5,0.002,0.0025,0.002,0.002,1.83,2026-06-18T10:30:26,0.002,1.76
route_mutation,20260618T103026_842049,of:0000000000000007:1 -> of:000000000000000d:5,0.001,0.00125,0.001,0.001,1.36,2026-06-18T10:30:26,0.001,1.36
route_mutation,20260618T103026_842049,of:0000000000000007:2 -> of:000000000000000a:3,0.002,0.0025,0.002,0.001,1.46,2026-06-18T10:30:26,0.002,1.53
route_mutation,20260618T103026_842049,of:0000000000000002:2 -> of:0000000000000008:2,0.002,0.0025,0.002,0.002,1.53,2026-06-18T10:30:26,0.001,1.46
route_mutation,20260618T103026_842049,of:0000000000000008:1 -> of:000000000000000b:6,0.002,0.0025,0.002,0.002,1.43,2026-06-18T10:30:26,0.002,1.43
route_mutation,20260618T103026_842049,of:0000000000000009:1 -> of:000000000000000c:6,0.002,0.0025,0.002,0.002,1.43,2026-06-18T10:30:26,0.002,1.43
route_mutation,20260618T103026_842049,of:0000000000000001:2 -> of:000000000000000c:1,0.001,0.00125,0.001,0.001,1.36,2026-06-18T10:30:26,0.001,1.36
route_mutation,20260618T103026_842049,of:0000000000000003:2 -> of:0000000000000008:3,0.002,0.0025,0.002,0.002,1.53,2026-06-18T10:30:26,0.001,1.46
ip_shuffle,20260618T103057_068882,of:0000000000000005:1 -> of:000000000000000c:5,0.002,0.0025,0.002,0.002,2.1,2026-06-18T10:30:57,0.002,2.26
ip_shuffle,20260618T103057_068882,of:000000000000000a:1 -> of:000000000000000d:6,0.002,0.0025,0.002,0.002,1.47,2026-06-18T10:30:57,0.002,1.47
ip_shuffle,20260618T103057_068882,of:000000000000000b:2 -> of:000000000000000c:2,0.002,0.0025,0.002,0.002,1.63,2026-06-18T10:30:57,0.002,1.63
ip_shuffle,20260618T103057_068882,of:0000000000000004:2 -> of:0000000000000009:2,0.002,0.0025,0.002,0.001,1.5,2026-06-18T10:30:57,0.002,1.57
ip_shuffle,20260618T103057_068882,of:0000000000000005:2 -> of:0000000000000009:3,0.002,0.0025,0.002,0.001,1.5,2026-06-18T10:30:57,0.002,1.57
ip_shuffle,20260618T103057_068882,of:000000000000000b:3 -> of:000000000000000d:2,0.002,0.0025,0.002,0.002,1.6,2026-06-18T10:30:57,0.002,1.6
ip_shuffle,20260618T103057_068882,of:0000000000000004:1 -> of:000000000000000c:4,0.002,0.0025,0.002,0.002,2.1,2026-06-18T10:30:57,0.002,2.26
ip_shuffle,20260618T103057_068882,of:000000000000000c:3 -> of:000000000000000d:3,0.002,0.0025,0.002,0.002,1.6,2026-06-18T10:30:57,0.002,1.6
ip_shuffle,20260618T103057_068882,of:0000000000000001:1 -> of:000000000000000b:1,0.002,0.0025,0.002,0.002,2.0,2026-06-18T10:30:57,0.002,2.03
ip_shuffle,20260618T103057_068882,of:0000000000000006:1 -> of:000000000000000d:4,0.002,0.0025,0.002,0.002,1.96,2026-06-18T10:30:57,0.002,2.03
ip_shuffle,20260618T103057_068882,of:0000000000000002:1 -> of:000000000000000b:4,0.002,0.0025,0.002,0.001,1.3,2026-06-18T10:30:57,0.002,1.47
ip_shuffle,20260618T103057_068882,of:0000000000000001:3 -> of:000000000000000d:1,0.002,0.0025,0.002,0.002,1.9,2026-06-18T10:30:57,0.002,1.96
ip_shuffle,20260618T103057_068882,of:0000000000000006:2 -> of:000000000000000a:2,0.002,0.0025,0.002,0.001,1.5,2026-06-18T10:30:57,0.002,1.57
ip_shuffle,20260618T103057_068882,of:0000000000000003:1 -> of:000000000000000b:5,0.002,0.0025,0.002,0.002,1.9,2026-06-18T10:30:57,0.002,2.06
ip_shuffle,20260618T103057_068882,of:0000000000000007:1 -> of:000000000000000d:5,0.002,0.0025,0.002,0.002,1.5,2026-06-18T10:30:57,0.002,1.53
ip_shuffle,20260618T103057_068882,of:0000000000000007:2 -> of:000000000000000a:3,0.002,0.0025,0.002,0.002,1.57,2026-06-18T10:30:57,0.002,1.57
ip_shuffle,20260618T103057_068882,of:0000000000000002:2 -> of:0000000000000008:2,0.002,0.0025,0.002,0.001,1.43,2026-06-18T10:30:57,0.002,1.57
ip_shuffle,20260618T103057_068882,of:0000000000000008:1 -> of:000000000000000b:6,0.002,0.0025,0.002,0.002,1.47,2026-06-18T10:30:57,0.002,1.47
ip_shuffle,20260618T103057_068882,of:0000000000000009:1 -> of:000000000000000c:6,0.002,0.0025,0.002,0.002,1.5,2026-06-18T10:30:57,0.002,1.5
ip_shuffle,20260618T103057_068882,of:0000000000000001:2 -> of:000000000000000c:1,0.003,0.00375,0.003,0.003,3.06,2026-06-18T10:30:57,0.003,3.03
ip_shuffle,20260618T103057_068882,of:0000000000000003:2 -> of:0000000000000008:3,0.002,0.0025,0.002,0.001,1.43,2026-06-18T10:30:57,0.002,1.57
ip_shuffle,20260618T103207_646149,of:0000000000000005:1 -> of:000000000000000c:5,0.001,0.00125,0.001,0.001,1.33,2026-06-18T10:32:07,0.001,1.27
ip_shuffle,20260618T103207_646149,of:000000000000000a:1 -> of:000000000000000d:6,0.001,0.00125,0.001,0.001,1.27,2026-06-18T10:32:07,0.001,1.27
ip_shuffle,20260618T103207_646149,of:000000000000000b:2 -> of:000000000000000c:2,0.001,0.00125,0.001,0.001,1.33,2026-06-18T10:32:07,0.001,1.33
ip_shuffle,20260618T103207_646149,of:0000000000000004:2 -> of:0000000000000009:2,0.001,0.00125,0.001,0.001,1.27,2026-06-18T10:32:07,0.001,1.33
ip_shuffle,20260618T103207_646149,of:0000000000000005:2 -> of:0000000000000009:3,0.001,0.00125,0.001,0.001,1.27,2026-06-18T10:32:07,0.001,1.27
ip_shuffle,20260618T103207_646149,of:000000000000000b:3 -> of:000000000000000d:2,0.001,0.00125,0.001,0.001,1.27,2026-06-18T10:32:07,0.001,1.27
ip_shuffle,20260618T103207_646149,of:0000000000000004:1 -> of:000000000000000c:4,0.001,0.00125,0.001,0.001,1.33,2026-06-18T10:32:07,0.001,1.33
ip_shuffle,20260618T103207_646149,of:000000000000000c:3 -> of:000000000000000d:3,0.001,0.00125,0.001,0.001,1.27,2026-06-18T10:32:07,0.001,1.27
ip_shuffle,20260618T103207_646149,of:0000000000000001:1 -> of:000000000000000b:1,0.002,0.0025,0.002,0.002,1.43,2026-06-18T10:32:07,0.001,1.37
ip_shuffle,20260618T103207_646149,of:0000000000000006:1 -> of:000000000000000d:4,0.001,0.00125,0.001,0.001,1.27,2026-06-18T10:32:07,0.001,1.27
ip_shuffle,20260618T103207_646149,of:0000000000000002:1 -> of:000000000000000b:4,0.002,0.0025,0.002,0.002,1.43,2026-06-18T10:32:07,0.001,1.37
ip_shuffle,20260618T103207_646149,of:0000000000000001:3 -> of:000000000000000d:1,0.002,0.0025,0.002,0.002,1.63,2026-06-18T10:32:07,0.002,1.5
ip_shuffle,20260618T103207_646149,of:0000000000000006:2 -> of:000000000000000a:2,0.001,0.00125,0.001,0.001,1.27,2026-06-18T10:32:07,0.001,1.33
ip_shuffle,20260618T103207_646149,of:0000000000000003:1 -> of:000000000000000b:5,0.001,0.00125,0.001,0.001,1.33,2026-06-18T10:32:07,0.001,1.27
ip_shuffle,20260618T103207_646149,of:0000000000000007:1 -> of:000000000000000d:5,0.002,0.0025,0.002,0.002,1.5,2026-06-18T10:32:07,0.002,1.5
ip_shuffle,20260618T103207_646149,of:0000000000000007:2 -> of:000000000000000a:3,0.001,0.00125,0.001,0.001,1.27,2026-06-18T10:32:07,0.001,1.33
ip_shuffle,20260618T103207_646149,of:0000000000000002:2 -> of:0000000000000008:2,0.001,0.00125,0.001,0.001,1.33,2026-06-18T10:32:07,0.001,1.27
ip_shuffle,20260618T103207_646149,of:0000000000000008:1 -> of:000000000000000b:6,0.001,0.00125,0.001,0.001,1.33,2026-06-18T10:32:07,0.001,1.33
ip_shuffle,20260618T103207_646149,of:0000000000000009:1 -> of:000000000000000c:6,0.001,0.00125,0.001,0.001,1.33,2026-06-18T10:32:07,0.001,1.33
ip_shuffle,20260618T103207_646149,of:0000000000000001:2 -> of:000000000000000c:1,0.001,0.00125,0.001,0.001,1.33,2026-06-18T10:32:07,0.001,1.27
ip_shuffle,20260618T103207_646149,of:0000000000000003:2 -> of:0000000000000008:3,0.001,0.00125,0.001,0.001,1.33,2026-06-18T10:32:07,0.001,1.27
route_mutation,20260618T103305_315284,of:0000000000000005:1 -> of:000000000000000c:5,0.002,0.0025,0.002,0.002,2.3,2026-06-18T10:33:05,0.002,2.3
route_mutation,20260618T103305_315284,of:000000000000000a:1 -> of:000000000000000d:6,0.002,0.0025,0.002,0.002,1.96,2026-06-18T10:33:05,0.002,1.96
route_mutation,20260618T103305_315284,of:000000000000000b:2 -> of:000000000000000c:2,0.002,0.0025,0.002,0.002,2.66,2026-06-18T10:33:05,0.002,2.66
route_mutation,20260618T103305_315284,of:0000000000000004:2 -> of:0000000000000009:2,0.002,0.0025,0.002,0.002,2.73,2026-06-18T10:33:05,0.002,2.6
route_mutation,20260618T103305_315284,of:0000000000000005:2 -> of:0000000000000009:3,0.002,0.0025,0.002,0.002,2.73,2026-06-18T10:33:05,0.002,2.66
route_mutation,20260618T103305_315284,of:000000000000000b:3 -> of:000000000000000d:2,0.002,0.0025,0.002,0.002,2.66,2026-06-18T10:33:05,0.002,2.66
route_mutation,20260618T103305_315284,of:0000000000000004:1 -> of:000000000000000c:4,0.002,0.0025,0.002,0.002,2.03,2026-06-18T10:33:05,0.002,1.96
route_mutation,20260618T103305_315284,of:000000000000000c:3 -> of:000000000000000d:3,0.002,0.0025,0.002,0.002,2.73,2026-06-18T10:33:05,0.002,2.73
route_mutation,20260618T103305_315284,of:0000000000000001:1 -> of:000000000000000b:1,0.002,0.0025,0.002,0.002,1.96,2026-06-18T10:33:05,0.002,1.96
route_mutation,20260618T103305_315284,of:0000000000000006:1 -> of:000000000000000d:4,0.002,0.0025,0.002,0.002,3.0,2026-06-18T10:33:05,0.002,3.0
route_mutation,20260618T103305_315284,of:0000000000000002:1 -> of:000000000000000b:4,0.002,0.0025,0.002,0.002,1.96,2026-06-18T10:33:05,0.002,1.96
route_mutation,20260618T103305_315284,of:0000000000000001:3 -> of:000000000000000d:1,0.003,0.00375,0.003,0.003,4.0,2026-06-18T10:33:05,0.003,4.13
route_mutation,20260618T103305_315284,of:0000000000000006:2 -> of:000000000000000a:2,0.002,0.0025,0.002,0.002,2.66,2026-06-18T10:33:05,0.002,2.6
route_mutation,20260618T103305_315284,of:0000000000000003:1 -> of:000000000000000b:5,0.002,0.0025,0.002,0.002,2.03,2026-06-18T10:33:05,0.002,1.96
route_mutation,20260618T103305_315284,of:0000000000000007:1 -> of:000000000000000d:5,0.003,0.00375,0.003,0.003,3.06,2026-06-18T10:33:05,0.003,3.06
route_mutation,20260618T103305_315284,of:0000000000000007:2 -> of:000000000000000a:3,0.002,0.0025,0.002,0.002,2.66,2026-06-18T10:33:05,0.002,2.6
route_mutation,20260618T103305_315284,of:0000000000000002:2 -> of:0000000000000008:2,0.002,0.0025,0.002,0.002,2.73,2026-06-18T10:33:05,0.002,2.66
route_mutation,20260618T103305_315284,of:0000000000000008:1 -> of:000000000000000b:6,0.002,0.0025,0.002,0.002,1.9,2026-06-18T10:33:05,0.002,1.9
route_mutation,20260618T103305_315284,of:0000000000000009:1 -> of:000000000000000c:6,0.002,0.0025,0.002,0.002,1.96,2026-06-18T10:33:05,0.002,1.96
route_mutation,20260618T103305_315284,of:0000000000000001:2 -> of:000000000000000c:1,0.002,0.0025,0.002,0.002,2.3,2026-06-18T10:33:05,0.002,2.36
route_mutation,20260618T103305_315284,of:0000000000000003:2 -> of:0000000000000008:3,0.002,0.0025,0.002,0.002,2.73,2026-06-18T10:33:05,0.002,2.66
route_mutation,20260618T103335_544338,of:0000000000000005:1 -> of:000000000000000c:5,0.001,0.00125,0.001,0.001,1.33,2026-06-18T10:33:35,0.001,1.2
route_mutation,20260618T103335_544338,of:000000000000000a:1 -> of:000000000000000d:6,0.001,0.00125,0.001,0.001,1.27,2026-06-18T10:33:35,0.001,1.27
route_mutation,20260618T103335_544338,of:000000000000000b:2 -> of:000000000000000c:2,0.001,0.00125,0.001,0.001,1.27,2026-06-18T10:33:35,0.001,1.27
route_mutation,20260618T103335_544338,of:0000000000000004:2 -> of:0000000000000009:2,0.001,0.00125,0.001,0.001,1.27,2026-06-18T10:33:35,0.001,1.33
route_mutation,20260618T103335_544338,of:0000000000000005:2 -> of:0000000000000009:3,0.001,0.00125,0.001,0.001,1.27,2026-06-18T10:33:35,0.001,1.27
route_mutation,20260618T103335_544338,of:000000000000000b:3 -> of:000000000000000d:2,0.001,0.00125,0.001,0.001,1.27,2026-06-18T10:33:35,0.001,1.27
route_mutation,20260618T103335_544338,of:0000000000000004:1 -> of:000000000000000c:4,0.001,0.00125,0.001,0.001,1.33,2026-06-18T10:33:35,0.001,1.27
route_mutation,20260618T103335_544338,of:000000000000000c:3 -> of:000000000000000d:3,0.001,0.00125,0.001,0.001,1.2,2026-06-18T10:33:35,0.001,1.2
route_mutation,20260618T103335_544338,of:0000000000000001:1 -> of:000000000000000b:1,0.001,0.00125,0.001,0.001,1.33,2026-06-18T10:33:35,0.001,1.27
route_mutation,20260618T103335_544338,of:0000000000000006:1 -> of:000000000000000d:4,0.001,0.00125,0.001,0.001,1.27,2026-06-18T10:33:35,0.001,1.27
route_mutation,20260618T103335_544338,of:0000000000000002:1 -> of:000000000000000b:4,0.001,0.00125,0.001,0.001,1.33,2026-06-18T10:33:35,0.001,1.27
route_mutation,20260618T103335_544338,of:0000000000000001:3 -> of:000000000000000d:1,0.002,0.0025,0.002,0.002,1.56,2026-06-18T10:33:35,0.001,1.37
route_mutation,20260618T103335_544338,of:0000000000000006:2 -> of:000000000000000a:2,0.001,0.00125,0.001,0.001,1.27,2026-06-18T10:33:35,0.001,1.33
route_mutation,20260618T103335_544338,of:0000000000000003:1 -> of:000000000000000b:5,0.001,0.00125,0.001,0.001,1.33,2026-06-18T10:33:35,0.001,1.27
route_mutation,20260618T103335_544338,of:0000000000000007:1 -> of:000000000000000d:5,0.001,0.00125,0.001,0.001,1.37,2026-06-18T10:33:35,0.001,1.37
route_mutation,20260618T103335_544338,of:0000000000000007:2 -> of:000000000000000a:3,0.001,0.00125,0.001,0.001,1.27,2026-06-18T10:33:35,0.001,1.33
route_mutation,20260618T103335_544338,of:0000000000000002:2 -> of:0000000000000008:2,0.001,0.00125,0.001,0.001,1.33,2026-06-18T10:33:35,0.001,1.27
route_mutation,20260618T103335_544338,of:0000000000000008:1 -> of:000000000000000b:6,0.001,0.00125,0.001,0.001,1.33,2026-06-18T10:33:35,0.001,1.33
route_mutation,20260618T103335_544338,of:0000000000000009:1 -> of:000000000000000c:6,0.001,0.00125,0.001,0.001,1.27,2026-06-18T10:33:35,0.001,1.27
route_mutation,20260618T103335_544338,of:0000000000000001:2 -> of:000000000000000c:1,0.001,0.00125,0.001,0.001,1.33,2026-06-18T10:33:35,0.001,1.2
route_mutation,20260618T103335_544338,of:0000000000000003:2 -> of:0000000000000008:3,0.001,0.00125,0.001,0.001,1.33,2026-06-18T10:33:35,0.001,1.27
route_mutation,20260618T103405_793730,of:0000000000000005:1 -> of:000000000000000c:5,0.002,0.0025,0.002,0.002,1.8,2026-06-18T10:34:05,0.002,1.9
route_mutation,20260618T103405_793730,of:000000000000000a:1 -> of:000000000000000d:6,0.002,0.0025,0.002,0.002,1.53,2026-06-18T10:34:05,0.002,1.53
route_mutation,20260618T103405_793730,of:000000000000000b:2 -> of:000000000000000c:2,0.002,0.0025,0.002,0.002,1.73,2026-06-18T10:34:05,0.002,1.73
route_mutation,20260618T103405_793730,of:0000000000000004:2 -> of:0000000000000009:2,0.002,0.0025,0.002,0.002,1.66,2026-06-18T10:34:05,0.002,1.73
route_mutation,20260618T103405_793730,of:0000000000000005:2 -> of:0000000000000009:3,0.002,0.0025,0.002,0.002,1.66,2026-06-18T10:34:05,0.002,1.73
route_mutation,20260618T103405_793730,of:000000000000000b:3 -> of:000000000000000d:2,0.002,0.0025,0.002,0.002,1.73,2026-06-18T10:34:05,0.002,1.73
route_mutation,20260618T103405_793730,of:0000000000000004:1 -> of:000000000000000c:4,0.002,0.0025,0.002,0.002,2.2,2026-06-18T10:34:05,0.002,2.33
route_mutation,20260618T103405_793730,of:000000000000000c:3 -> of:000000000000000d:3,0.002,0.0025,0.002,0.002,1.73,2026-06-18T10:34:05,0.002,1.73
route_mutation,20260618T103405_793730,of:0000000000000001:1 -> of:000000000000000b:1,0.003,0.00375,0.003,0.003,3.53,2026-06-18T10:34:05,0.003,3.6
route_mutation,20260618T103405_793730,of:0000000000000006:1 -> of:000000000000000d:4,0.002,0.0025,0.002,0.002,1.53,2026-06-18T10:34:05,0.002,1.53
route_mutation,20260618T103405_793730,of:0000000000000002:1 -> of:000000000000000b:4,0.002,0.0025,0.002,0.002,2.5,2026-06-18T10:34:05,0.002,2.56
route_mutation,20260618T103405_793730,of:0000000000000001:3 -> of:000000000000000d:1,0.002,0.0025,0.002,0.001,1.46,2026-06-18T10:34:05,0.002,1.53
route_mutation,20260618T103405_793730,of:0000000000000006:2 -> of:000000000000000a:2,0.002,0.0025,0.002,0.002,1.73,2026-06-18T10:34:05,0.002,1.73
route_mutation,20260618T103405_793730,of:0000000000000003:1 -> of:000000000000000b:5,0.002,0.0025,0.002,0.002,2.43,2026-06-18T10:34:05,0.002,2.56
route_mutation,20260618T103405_793730,of:0000000000000007:1 -> of:000000000000000d:5,0.002,0.0025,0.002,0.002,1.53,2026-06-18T10:34:05,0.002,1.53
route_mutation,20260618T103405_793730,of:0000000000000007:2 -> of:000000000000000a:3,0.002,0.0025,0.002,0.002,1.73,2026-06-18T10:34:05,0.002,1.73
route_mutation,20260618T103405_793730,of:0000000000000002:2 -> of:0000000000000008:2,0.002,0.0025,0.002,0.001,1.6,2026-06-18T10:34:05,0.002,1.73
route_mutation,20260618T103405_793730,of:0000000000000008:1 -> of:000000000000000b:6,0.002,0.0025,0.002,0.002,1.53,2026-06-18T10:34:05,0.002,1.53
route_mutation,20260618T103405_793730,of:0000000000000009:1 -> of:000000000000000c:6,0.002,0.0025,0.002,0.002,1.53,2026-06-18T10:34:05,0.002,1.53
route_mutation,20260618T103405_793730,of:0000000000000001:2 -> of:000000000000000c:1,0.002,0.0025,0.002,0.002,2.6,2026-06-18T10:34:05,0.002,2.66
route_mutation,20260618T103405_793730,of:0000000000000003:2 -> of:0000000000000008:3,0.002,0.0025,0.002,0.001,1.6,2026-06-18T10:34:05,0.002,1.73
ip_shuffle,20260618T103435_978562,of:0000000000000005:1 -> of:000000000000000c:5,0.002,0.0025,0.002,0.002,2.4,2026-06-18T10:34:35,0.002,2.46
ip_shuffle,20260618T103435_978562,of:000000000000000a:1 -> of:000000000000000d:6,0.002,0.0025,0.002,0.002,1.96,2026-06-18T10:34:35,0.002,1.96
ip_shuffle,20260618T103435_978562,of:000000000000000b:2 -> of:000000000000000c:2,0.002,0.0025,0.002,0.002,2.66,2026-06-18T10:34:35,0.002,2.66
ip_shuffle,20260618T103435_978562,of:0000000000000004:2 -> of:0000000000000009:2,0.002,0.0025,0.002,0.002,2.7,2026-06-18T10:34:35,0.002,2.63
ip_shuffle,20260618T103435_978562,of:0000000000000005:2 -> of:0000000000000009:3,0.002,0.0025,0.002,0.002,2.7,2026-06-18T10:34:35,0.002,2.63
ip_shuffle,20260618T103435_978562,of:000000000000000b:3 -> of:000000000000000d:2,0.002,0.0025,0.002,0.002,2.66,2026-06-18T10:34:35,0.002,2.66
ip_shuffle,20260618T103435_978562,of:0000000000000004:1 -> of:000000000000000c:4,0.002,0.0025,0.002,0.002,2.0,2026-06-18T10:34:35,0.002,2.03
ip_shuffle,20260618T103435_978562,of:000000000000000c:3 -> of:000000000000000d:3,0.002,0.0025,0.002,0.002,2.73,2026-06-18T10:34:35,0.002,2.73
ip_shuffle,20260618T103435_978562,of:0000000000000001:1 -> of:000000000000000b:1,0.002,0.0025,0.002,0.002,1.96,2026-06-18T10:34:35,0.002,1.9
ip_shuffle,20260618T103435_978562,of:0000000000000006:1 -> of:000000000000000d:4,0.002,0.0025,0.002,0.002,3.03,2026-06-18T10:34:35,0.002,3.06
ip_shuffle,20260618T103435_978562,of:0000000000000002:1 -> of:000000000000000b:4,0.002,0.0025,0.002,0.002,1.93,2026-06-18T10:34:35,0.002,1.96
ip_shuffle,20260618T103435_978562,of:0000000000000001:3 -> of:000000000000000d:1,0.003,0.00375,0.003,0.003,3.9,2026-06-18T10:34:35,0.003,4.13
ip_shuffle,20260618T103435_978562,of:0000000000000006:2 -> of:000000000000000a:2,0.002,0.0025,0.002,0.002,2.63,2026-06-18T10:34:35,0.002,2.56
ip_shuffle,20260618T103435_978562,of:0000000000000003:1 -> of:000000000000000b:5,0.002,0.0025,0.002,0.002,2.0,2026-06-18T10:34:35,0.002,1.96
ip_shuffle,20260618T103435_978562,of:0000000000000007:1 -> of:000000000000000d:5,0.002,0.0025,0.002,0.002,2.96,2026-06-18T10:34:35,0.002,2.9
ip_shuffle,20260618T103435_978562,of:0000000000000007:2 -> of:000000000000000a:3,0.002,0.0025,0.002,0.002,2.66,2026-06-18T10:34:35,0.002,2.6
ip_shuffle,20260618T103435_978562,of:0000000000000002:2 -> of:0000000000000008:2,0.002,0.0025,0.002,0.002,2.7,2026-06-18T10:34:35,0.002,2.63
ip_shuffle,20260618T103435_978562,of:0000000000000008:1 -> of:000000000000000b:6,0.002,0.0025,0.002,0.002,1.9,2026-06-18T10:34:35,0.002,1.9
ip_shuffle,20260618T103435_978562,of:0000000000000009:1 -> of:000000000000000c:6,0.002,0.0025,0.002,0.002,1.96,2026-06-18T10:34:35,0.002,1.96
ip_shuffle,20260618T103435_978562,of:0000000000000001:2 -> of:000000000000000c:1,0.002,0.0025,0.002,0.002,2.43,2026-06-18T10:34:35,0.002,2.43
ip_shuffle,20260618T103435_978562,of:0000000000000003:2 -> of:0000000000000008:3,0.002,0.0025,0.002,0.002,2.7,2026-06-18T10:34:35,0.002,2.63
route_mutation,20260618T103533_667649,of:0000000000000005:1 -> of:000000000000000c:5,0.002,0.0025,0.002,0.002,1.6,2026-06-18T10:35:33,0.002,1.66
route_mutation,20260618T103533_667649,of:000000000000000a:1 -> of:000000000000000d:6,0.002,0.0025,0.002,0.002,1.53,2026-06-18T10:35:33,0.002,1.53
route_mutation,20260618T103533_667649,of:000000000000000b:2 -> of:000000000000000c:2,0.002,0.0025,0.002,0.002,1.73,2026-06-18T10:35:33,0.002,1.73
route_mutation,20260618T103533_667649,of:0000000000000004:2 -> of:0000000000000009:2,0.002,0.0025,0.002,0.001,1.6,2026-06-18T10:35:33,0.002,1.73
route_mutation,20260618T103533_667649,of:0000000000000005:2 -> of:0000000000000009:3,0.002,0.0025,0.002,0.002,1.66,2026-06-18T10:35:33,0.002,1.73
route_mutation,20260618T103533_667649,of:000000000000000b:3 -> of:000000000000000d:2,0.002,0.0025,0.002,0.002,1.73,2026-06-18T10:35:33,0.002,1.73
route_mutation,20260618T103533_667649,of:0000000000000004:1 -> of:000000000000000c:4,0.002,0.0025,0.002,0.002,2.2,2026-06-18T10:35:33,0.002,2.33
route_mutation,20260618T103533_667649,of:000000000000000c:3 -> of:000000000000000d:3,0.002,0.0025,0.002,0.002,1.73,2026-06-18T10:35:33,0.002,1.73
route_mutation,20260618T103533_667649,of:0000000000000001:1 -> of:000000000000000b:1,0.003,0.00375,0.003,0.003,3.53,2026-06-18T10:35:33,0.003,3.59
route_mutation,20260618T103533_667649,of:0000000000000006:1 -> of:000000000000000d:4,0.002,0.0025,0.002,0.002,1.53,2026-06-18T10:35:33,0.002,1.53
route_mutation,20260618T103533_667649,of:0000000000000002:1 -> of:000000000000000b:4,0.002,0.0025,0.002,0.002,2.5,2026-06-18T10:35:33,0.002,2.56
route_mutation,20260618T103533_667649,of:0000000000000001:3 -> of:000000000000000d:1,0.002,0.0025,0.002,0.001,1.46,2026-06-18T10:35:33,0.002,1.53
route_mutation,20260618T103533_667649,of:0000000000000006:2 -> of:000000000000000a:2,0.002,0.0025,0.002,0.002,1.73,2026-06-18T10:35:33,0.002,1.73
route_mutation,20260618T103533_667649,of:0000000000000003:1 -> of:000000000000000b:5,0.002,0.0025,0.002,0.002,2.43,2026-06-18T10:35:33,0.002,2.56
route_mutation,20260618T103533_667649,of:0000000000000007:1 -> of:000000000000000d:5,0.002,0.0025,0.002,0.002,1.53,2026-06-18T10:35:33,0.002,1.53
route_mutation,20260618T103533_667649,of:0000000000000007:2 -> of:000000000000000a:3,0.002,0.0025,0.002,0.002,1.73,2026-06-18T10:35:33,0.002,1.73
route_mutation,20260618T103533_667649,of:0000000000000002:2 -> of:0000000000000008:2,0.002,0.0025,0.002,0.001,1.6,2026-06-18T10:35:33,0.002,1.73
route_mutation,20260618T103533_667649,of:0000000000000008:1 -> of:000000000000000b:6,0.002,0.0025,0.002,0.002,1.53,2026-06-18T10:35:33,0.002,1.53
route_mutation,20260618T103533_667649,of:0000000000000009:1 -> of:000000000000000c:6,0.002,0.0025,0.002,0.002,1.53,2026-06-18T10:35:33,0.002,1.53
route_mutation,20260618T103533_667649,of:0000000000000001:2 -> of:000000000000000c:1,0.002,0.0025,0.002,0.002,2.33,2026-06-18T10:35:33,0.002,2.4
route_mutation,20260618T103533_667649,of:0000000000000003:2 -> of:0000000000000008:3,0.002,0.0025,0.002,0.001,1.6,2026-06-18T10:35:33,0.002,1.73
ip_shuffle,20260618T103603_915322,of:0000000000000005:1 -> of:000000000000000c:5,0.002,0.0025,0.002,0.002,2.56,2026-06-18T10:36:03,0.002,2.66
ip_shuffle,20260618T103603_915322,of:000000000000000a:1 -> of:000000000000000d:6,0.002,0.0025,0.002,0.002,1.9,2026-06-18T10:36:03,0.002,1.93
ip_shuffle,20260618T103603_915322,of:000000000000000b:2 -> of:000000000000000c:2,0.002,0.0025,0.002,0.002,2.66,2026-06-18T10:36:03,0.002,2.66
ip_shuffle,20260618T103603_915322,of:0000000000000004:2 -> of:0000000000000009:2,0.002,0.0025,0.002,0.002,2.56,2026-06-18T10:36:03,0.002,2.5
ip_shuffle,20260618T103603_915322,of:0000000000000005:2 -> of:0000000000000009:3,0.002,0.0025,0.002,0.002,2.53,2026-06-18T10:36:03,0.002,2.53
ip_shuffle,20260618T103603_915322,of:000000000000000b:3 -> of:000000000000000d:2,0.002,0.0025,0.002,0.002,2.66,2026-06-18T10:36:03,0.002,2.66
ip_shuffle,20260618T103603_915322,of:0000000000000004:1 -> of:000000000000000c:4,0.002,0.0025,0.002,0.002,1.93,2026-06-18T10:36:03,0.002,2.0
ip_shuffle,20260618T103603_915322,of:000000000000000c:3 -> of:000000000000000d:3,0.002,0.0025,0.002,0.002,2.66,2026-06-18T10:36:03,0.002,2.66
ip_shuffle,20260618T103603_915322,of:0000000000000001:1 -> of:000000000000000b:1,0.002,0.0025,0.002,0.002,1.93,2026-06-18T10:36:03,0.002,1.93
ip_shuffle,20260618T103603_915322,of:0000000000000006:1 -> of:000000000000000d:4,0.002,0.0025,0.002,0.002,3.0,2026-06-18T10:36:03,0.002,3.03
ip_shuffle,20260618T103603_915322,of:0000000000000002:1 -> of:000000000000000b:4,0.002,0.0025,0.002,0.002,1.86,2026-06-18T10:36:03,0.002,2.0
ip_shuffle,20260618T103603_915322,of:0000000000000001:3 -> of:000000000000000d:1,0.003,0.00375,0.003,0.003,3.73,2026-06-18T10:36:03,0.003,3.9
ip_shuffle,20260618T103603_915322,of:0000000000000006:2 -> of:000000000000000a:2,0.002,0.0025,0.002,0.002,2.53,2026-06-18T10:36:03,0.002,2.46
ip_shuffle,20260618T103603_915322,of:0000000000000003:1 -> of:000000000000000b:5,0.002,0.0025,0.002,0.002,1.93,2026-06-18T10:36:03,0.002,2.0
ip_shuffle,20260618T103603_915322,of:0000000000000007:1 -> of:000000000000000d:5,0.002,0.0025,0.002,0.002,2.76,2026-06-18T10:36:03,0.002,2.73
ip_shuffle,20260618T103603_915322,of:0000000000000007:2 -> of:000000000000000a:3,0.002,0.0025,0.002,0.002,2.53,2026-06-18T10:36:03,0.002,2.46
ip_shuffle,20260618T103603_915322,of:0000000000000002:2 -> of:0000000000000008:2,0.002,0.0025,0.002,0.002,2.56,2026-06-18T10:36:03,0.002,2.5
ip_shuffle,20260618T103603_915322,of:0000000000000008:1 -> of:000000000000000b:6,0.002,0.0025,0.002,0.002,1.9,2026-06-18T10:36:03,0.002,1.93
ip_shuffle,20260618T103603_915322,of:0000000000000009:1 -> of:000000000000000c:6,0.002,0.0025,0.002,0.002,1.9,2026-06-18T10:36:03,0.002,1.93
ip_shuffle,20260618T103603_915322,of:0000000000000001:2 -> of:000000000000000c:1,0.002,0.0025,0.002,0.002,2.66,2026-06-18T10:36:03,0.002,2.66
ip_shuffle,20260618T103603_915322,of:0000000000000003:2 -> of:0000000000000008:3,0.002,0.0025,0.002,0.002,2.56,2026-06-18T10:36:03,0.002,2.5
ip_shuffle,20260618T103702_491817,of:0000000000000005:1 -> of:000000000000000c:5,0.002,0.0025,0.002,0.002,1.5,2026-06-18T10:37:02,0.002,1.57
ip_shuffle,20260618T103702_491817,of:000000000000000a:1 -> of:000000000000000d:6,0.002,0.0025,0.002,0.002,1.53,2026-06-18T10:37:02,0.002,1.53
ip_shuffle,20260618T103702_491817,of:000000000000000b:2 -> of:000000000000000c:2,0.002,0.0025,0.002,0.002,1.73,2026-06-18T10:37:02,0.002,1.73
ip_shuffle,20260618T103702_491817,of:0000000000000004:2 -> of:0000000000000009:2,0.002,0.0025,0.002,0.001,1.6,2026-06-18T10:37:02,0.002,1.73
ip_shuffle,20260618T103702_491817,of:0000000000000005:2 -> of:0000000000000009:3,0.002,0.0025,0.002,0.002,1.67,2026-06-18T10:37:02,0.002,1.73
ip_shuffle,20260618T103702_491817,of:000000000000000b:3 -> of:000000000000000d:2,0.002,0.0025,0.002,0.002,1.73,2026-06-18T10:37:02,0.002,1.73
ip_shuffle,20260618T103702_491817,of:0000000000000004:1 -> of:000000000000000c:4,0.002,0.0025,0.002,0.002,2.16,2026-06-18T10:37:02,0.002,2.3
ip_shuffle,20260618T103702_491817,of:000000000000000c:3 -> of:000000000000000d:3,0.002,0.0025,0.002,0.002,1.73,2026-06-18T10:37:02,0.002,1.73
ip_shuffle,20260618T103702_491817,of:0000000000000001:1 -> of:000000000000000b:1,0.003,0.00375,0.003,0.003,3.53,2026-06-18T10:37:02,0.003,3.6
ip_shuffle,20260618T103702_491817,of:0000000000000006:1 -> of:000000000000000d:4,0.002,0.0025,0.002,0.002,1.53,2026-06-18T10:37:02,0.002,1.53
ip_shuffle,20260618T103702_491817,of:0000000000000002:1 -> of:000000000000000b:4,0.002,0.0025,0.002,0.002,2.5,2026-06-18T10:37:02,0.002,2.56
ip_shuffle,20260618T103702_491817,of:0000000000000001:3 -> of:000000000000000d:1,0.002,0.0025,0.002,0.001,1.47,2026-06-18T10:37:02,0.002,1.53
ip_shuffle,20260618T103702_491817,of:0000000000000006:2 -> of:000000000000000a:2,0.002,0.0025,0.002,0.002,1.73,2026-06-18T10:37:02,0.002,1.73
ip_shuffle,20260618T103702_491817,of:0000000000000003:1 -> of:000000000000000b:5,0.002,0.0025,0.002,0.002,2.43,2026-06-18T10:37:02,0.002,2.56
ip_shuffle,20260618T103702_491817,of:0000000000000007:1 -> of:000000000000000d:5,0.002,0.0025,0.002,0.002,1.53,2026-06-18T10:37:02,0.002,1.53
ip_shuffle,20260618T103702_491817,of:0000000000000007:2 -> of:000000000000000a:3,0.002,0.0025,0.002,0.002,1.73,2026-06-18T10:37:02,0.002,1.73
ip_shuffle,20260618T103702_491817,of:0000000000000002:2 -> of:0000000000000008:2,0.002,0.0025,0.002,0.002,1.67,2026-06-18T10:37:02,0.002,1.73
ip_shuffle,20260618T103702_491817,of:0000000000000008:1 -> of:000000000000000b:6,0.002,0.0025,0.002,0.002,1.53,2026-06-18T10:37:02,0.002,1.53
ip_shuffle,20260618T103702_491817,of:0000000000000009:1 -> of:000000000000000c:6,0.002,0.0025,0.002,0.002,1.53,2026-06-18T10:37:02,0.002,1.53
ip_shuffle,20260618T103702_491817,of:0000000000000001:2 -> of:000000000000000c:1,0.002,0.0025,0.002,0.002,2.2,2026-06-18T10:37:02,0.002,2.26
ip_shuffle,20260618T103702_491817,of:0000000000000003:2 -> of:0000000000000008:3,0.002,0.0025,0.002,0.001,1.6,2026-06-18T10:37:02,0.002,1.73
route_mutation,20260618T103800_089441,of:0000000000000005:1 -> of:000000000000000c:5,0.002,0.0025,0.002,0.002,1.43,2026-06-18T10:38:00,0.001,1.26
route_mutation,20260618T103800_089441,of:000000000000000a:1 -> of:000000000000000d:6,0.001,0.00125,0.001,0.001,1.3,2026-06-18T10:38:00,0.001,1.26
route_mutation,20260618T103800_089441,of:000000000000000b:2 -> of:000000000000000c:2,0.001,0.00125,0.001,0.001,1.36,2026-06-18T10:38:00,0.001,1.36
route_mutation,20260618T103800_089441,of:0000000000000004:2 -> of:0000000000000009:2,0.002,0.0025,0.002,0.002,1.56,2026-06-18T10:38:00,0.001,1.5
route_mutation,20260618T103800_089441,of:0000000000000005:2 -> of:0000000000000009:3,0.002,0.0025,0.002,0.002,1.53,2026-06-18T10:38:00,0.001,1.46
route_mutation,20260618T103800_089441,of:000000000000000b:3 -> of:000000000000000d:2,0.001,0.00125,0.001,0.001,1.33,2026-06-18T10:38:00,0.001,1.36
route_mutation,20260618T103800_089441,of:0000000000000004:1 -> of:000000000000000c:4,0.002,0.0025,0.002,0.002,1.46,2026-06-18T10:38:00,0.001,1.26
route_mutation,20260618T103800_089441,of:000000000000000c:3 -> of:000000000000000d:3,0.001,0.00125,0.001,0.001,1.33,2026-06-18T10:38:00,0.001,1.33
route_mutation,20260618T103800_089441,of:0000000000000001:1 -> of:000000000000000b:1,0.002,0.0025,0.002,0.002,1.43,2026-06-18T10:38:00,0.001,1.33
route_mutation,20260618T103800_089441,of:0000000000000006:1 -> of:000000000000000d:4,0.002,0.0025,0.002,0.002,1.43,2026-06-18T10:38:00,0.001,1.33
route_mutation,20260618T103800_089441,of:0000000000000002:1 -> of:000000000000000b:4,0.002,0.0025,0.002,0.002,1.46,2026-06-18T10:38:00,0.001,1.3
route_mutation,20260618T103800_089441,of:0000000000000001:3 -> of:000000000000000d:1,0.002,0.0025,0.002,0.002,1.93,2026-06-18T10:38:00,0.002,1.7
route_mutation,20260618T103800_089441,of:0000000000000006:2 -> of:000000000000000a:2,0.001,0.00125,0.001,0.001,1.46,2026-06-18T10:38:00,0.001,1.46
route_mutation,20260618T103800_089441,of:0000000000000003:1 -> of:000000000000000b:5,0.002,0.0025,0.002,0.002,1.46,2026-06-18T10:38:00,0.001,1.3
route_mutation,20260618T103800_089441,of:0000000000000007:1 -> of:000000000000000d:5,0.002,0.0025,0.002,0.002,1.83,2026-06-18T10:38:00,0.002,1.76
route_mutation,20260618T103800_089441,of:0000000000000007:2 -> of:000000000000000a:3,0.001,0.00125,0.001,0.001,1.46,2026-06-18T10:38:00,0.001,1.4
route_mutation,20260618T103800_089441,of:0000000000000002:2 -> of:0000000000000008:2,0.002,0.0025,0.002,0.002,1.56,2026-06-18T10:38:00,0.001,1.5
route_mutation,20260618T103800_089441,of:0000000000000008:1 -> of:000000000000000b:6,0.001,0.00125,0.001,0.001,1.36,2026-06-18T10:38:00,0.001,1.36
route_mutation,20260618T103800_089441,of:0000000000000009:1 -> of:000000000000000c:6,0.001,0.00125,0.001,0.001,1.36,2026-06-18T10:38:00,0.001,1.33
route_mutation,20260618T103800_089441,of:0000000000000001:2 -> of:000000000000000c:1,0.002,0.0025,0.002,0.002,1.4,2026-06-18T10:38:00,0.001,1.33
route_mutation,20260618T103800_089441,of:0000000000000003:2 -> of:0000000000000008:3,0.002,0.0025,0.002,0.002,1.56,2026-06-18T10:38:00,0.001,1.5
route_mutation,20260618T103830_334619,of:0000000000000005:1 -> of:000000000000000c:5,0.002,0.0025,0.002,0.001,1.46,2026-06-18T10:38:30,0.002,1.53
route_mutation,20260618T103830_334619,of:000000000000000a:1 -> of:000000000000000d:6,0.002,0.0025,0.002,0.002,1.53,2026-06-18T10:38:30,0.002,1.53
route_mutation,20260618T103830_334619,of:000000000000000b:2 -> of:000000000000000c:2,0.002,0.0025,0.002,0.002,1.73,2026-06-18T10:38:30,0.002,1.73
route_mutation,20260618T103830_334619,of:0000000000000004:2 -> of:0000000000000009:2,0.002,0.0025,0.002,0.002,1.66,2026-06-18T10:38:30,0.002,1.73
route_mutation,20260618T103830_334619,of:0000000000000005:2 -> of:0000000000000009:3,0.002,0.0025,0.002,0.002,1.66,2026-06-18T10:38:30,0.002,1.73
route_mutation,20260618T103830_334619,of:000000000000000b:3 -> of:000000000000000d:2,0.002,0.0025,0.002,0.002,1.73,2026-06-18T10:38:30,0.002,1.73
route_mutation,20260618T103830_334619,of:0000000000000004:1 -> of:000000000000000c:4,0.002,0.0025,0.002,0.002,2.1,2026-06-18T10:38:30,0.002,2.13
route_mutation,20260618T103830_334619,of:000000000000000c:3 -> of:000000000000000d:3,0.002,0.0025,0.002,0.002,1.73,2026-06-18T10:38:30,0.002,1.73
route_mutation,20260618T103830_334619,of:0000000000000001:1 -> of:000000000000000b:1,0.003,0.00375,0.003,0.003,3.53,2026-06-18T10:38:30,0.003,3.6
route_mutation,20260618T103830_334619,of:0000000000000006:1 -> of:000000000000000d:4,0.002,0.0025,0.002,0.001,1.46,2026-06-18T10:38:30,0.002,1.53
route_mutation,20260618T103830_334619,of:0000000000000002:1 -> of:000000000000000b:4,0.002,0.0025,0.002,0.002,2.5,2026-06-18T10:38:30,0.002,2.56
route_mutation,20260618T103830_334619,of:0000000000000001:3 -> of:000000000000000d:1,0.002,0.0025,0.002,0.001,1.46,2026-06-18T10:38:30,0.002,1.53
route_mutation,20260618T103830_334619,of:0000000000000006:2 -> of:000000000000000a:2,0.002,0.0025,0.002,0.002,1.73,2026-06-18T10:38:30,0.002,1.73
route_mutation,20260618T103830_334619,of:0000000000000003:1 -> of:000000000000000b:5,0.002,0.0025,0.002,0.002,2.5,2026-06-18T10:38:30,0.002,2.56
route_mutation,20260618T103830_334619,of:0000000000000007:1 -> of:000000000000000d:5,0.002,0.0025,0.002,0.001,1.46,2026-06-18T10:38:30,0.002,1.53
route_mutation,20260618T103830_334619,of:0000000000000007:2 -> of:000000000000000a:3,0.002,0.0025,0.002,0.002,1.73,2026-06-18T10:38:30,0.002,1.73
route_mutation,20260618T103830_334619,of:0000000000000002:2 -> of:0000000000000008:2,0.002,0.0025,0.002,0.002,1.66,2026-06-18T10:38:30,0.002,1.73
route_mutation,20260618T103830_334619,of:0000000000000008:1 -> of:000000000000000b:6,0.002,0.0025,0.002,0.002,1.53,2026-06-18T10:38:30,0.002,1.53
route_mutation,20260618T103830_334619,of:0000000000000009:1 -> of:000000000000000c:6,0.002,0.0025,0.002,0.002,1.53,2026-06-18T10:38:30,0.002,1.53
route_mutation,20260618T103830_334619,of:0000000000000001:2 -> of:000000000000000c:1,0.002,0.0025,0.002,0.002,2.06,2026-06-18T10:38:30,0.002,2.13
route_mutation,20260618T103830_334619,of:0000000000000003:2 -> of:0000000000000008:3,0.002,0.0025,0.002,0.001,1.6,2026-06-18T10:38:30,0.002,1.73
route_mutation,20260618T103900_589028,of:0000000000000005:1 -> of:000000000000000c:5,0.002,0.0025,0.002,0.002,2.26,2026-06-18T10:39:00,0.002,2.33
route_mutation,20260618T103900_589028,of:000000000000000a:1 -> of:000000000000000d:6,0.002,0.0025,0.002,0.002,1.53,2026-06-18T10:39:00,0.002,1.53
route_mutation,20260618T103900_589028,of:000000000000000b:2 -> of:000000000000000c:2,0.002,0.0025,0.002,0.002,1.73,2026-06-18T10:39:00,0.002,1.73
route_mutation,20260618T103900_589028,of:0000000000000004:2 -> of:0000000000000009:2,0.002,0.0025,0.002,0.002,1.66,2026-06-18T10:39:00,0.002,1.73
route_mutation,20260618T103900_589028,of:0000000000000005:2 -> of:0000000000000009:3,0.002,0.0025,0.002,0.002,1.66,2026-06-18T10:39:00,0.002,1.73
route_mutation,20260618T103900_589028,of:000000000000000b:3 -> of:000000000000000d:2,0.002,0.0025,0.002,0.002,1.73,2026-06-18T10:39:00,0.002,1.73
route_mutation,20260618T103900_589028,of:0000000000000004:1 -> of:000000000000000c:4,0.002,0.0025,0.002,0.002,1.63,2026-06-18T10:39:00,0.002,1.73
route_mutation,20260618T103900_589028,of:000000000000000c:3 -> of:000000000000000d:3,0.002,0.0025,0.002,0.002,1.73,2026-06-18T10:39:00,0.002,1.73
route_mutation,20260618T103900_589028,of:0000000000000001:1 -> of:000000000000000b:1,0.002,0.0025,0.002,0.001,1.46,2026-06-18T10:39:00,0.002,1.53
route_mutation,20260618T103900_589028,of:0000000000000006:1 -> of:000000000000000d:4,0.002,0.0025,0.002,0.002,2.26,2026-06-18T10:39:00,0.002,2.26
route_mutation,20260618T103900_589028,of:0000000000000002:1 -> of:000000000000000b:4,0.002,0.0025,0.002,0.001,1.46,2026-06-18T10:39:00,0.002,1.53
route_mutation,20260618T103900_589028,of:0000000000000001:3 -> of:000000000000000d:1,0.002,0.0025,0.002,0.002,2.23,2026-06-18T10:39:00,0.002,2.3
route_mutation,20260618T103900_589028,of:0000000000000006:2 -> of:000000000000000a:2,0.002,0.0025,0.002,0.002,1.66,2026-06-18T10:39:00,0.002,1.66
route_mutation,20260618T103900_589028,of:0000000000000003:1 -> of:000000000000000b:5,0.002,0.0025,0.002,0.001,1.46,2026-06-18T10:39:00,0.002,1.53
route_mutation,20260618T103900_589028,of:0000000000000007:1 -> of:000000000000000d:5,0.002,0.0025,0.002,0.001,1.46,2026-06-18T10:39:00,0.002,1.53
route_mutation,20260618T103900_589028,of:0000000000000007:2 -> of:000000000000000a:3,0.002,0.0025,0.002,0.002,1.66,2026-06-18T10:39:00,0.002,1.73
route_mutation,20260618T103900_589028,of:0000000000000002:2 -> of:0000000000000008:2,0.002,0.0025,0.002,0.002,1.66,2026-06-18T10:39:00,0.002,1.66
route_mutation,20260618T103900_589028,of:0000000000000008:1 -> of:000000000000000b:6,0.001,0.00125,0.001,0.001,1.46,2026-06-18T10:39:00,0.001,1.46
route_mutation,20260618T103900_589028,of:0000000000000009:1 -> of:000000000000000c:6,0.002,0.0025,0.002,0.002,1.53,2026-06-18T10:39:00,0.002,1.53
route_mutation,20260618T103900_589028,of:0000000000000001:2 -> of:000000000000000c:1,0.002,0.0025,0.002,0.002,2.46,2026-06-18T10:39:00,0.002,2.53
route_mutation,20260618T103900_589028,of:0000000000000003:2 -> of:0000000000000008:3,0.002,0.0025,0.002,0.002,1.73,2026-06-18T10:39:00,0.002,1.66
route_mutation,20260618T103930_754166,of:0000000000000005:1 -> of:000000000000000c:5,0.002,0.0025,0.002,0.002,1.83,2026-06-18T10:39:30,0.002,1.7
route_mutation,20260618T103930_754166,of:000000000000000a:1 -> of:000000000000000d:6,0.002,0.0025,0.002,0.002,1.7,2026-06-18T10:39:30,0.002,1.7
route_mutation,20260618T103930_754166,of:000000000000000b:2 -> of:000000000000000c:2,0.002,0.0025,0.002,0.002,2.2,2026-06-18T10:39:30,0.002,2.2
route_mutation,20260618T103930_754166,of:0000000000000004:2 -> of:0000000000000009:2,0.002,0.0025,0.002,0.002,2.33,2026-06-18T10:39:30,0.002,2.2
route_mutation,20260618T103930_754166,of:0000000000000005:2 -> of:0000000000000009:3,0.002,0.0025,0.002,0.002,2.33,2026-06-18T10:39:30,0.002,2.2
route_mutation,20260618T103930_754166,of:000000000000000b:3 -> of:000000000000000d:2,0.002,0.0025,0.002,0.002,2.2,2026-06-18T10:39:30,0.002,2.2
route_mutation,20260618T103930_754166,of:0000000000000004:1 -> of:000000000000000c:4,0.002,0.0025,0.002,0.002,1.83,2026-06-18T10:39:30,0.002,1.7
route_mutation,20260618T103930_754166,of:000000000000000c:3 -> of:000000000000000d:3,0.002,0.0025,0.002,0.002,2.2,2026-06-18T10:39:30,0.002,2.2
route_mutation,20260618T103930_754166,of:0000000000000001:1 -> of:000000000000000b:1,0.002,0.0025,0.002,0.002,1.83,2026-06-18T10:39:30,0.002,1.7
route_mutation,20260618T103930_754166,of:0000000000000006:1 -> of:000000000000000d:4,0.002,0.0025,0.002,0.002,2.06,2026-06-18T10:39:30,0.002,2.0
route_mutation,20260618T103930_754166,of:0000000000000002:1 -> of:000000000000000b:4,0.002,0.0025,0.002,0.002,1.83,2026-06-18T10:39:30,0.002,1.7
route_mutation,20260618T103930_754166,of:0000000000000001:3 -> of:000000000000000d:1,0.003,0.00375,0.003,0.003,3.3,2026-06-18T10:39:30,0.003,3.16
route_mutation,20260618T103930_754166,of:0000000000000006:2 -> of:000000000000000a:2,0.002,0.0025,0.002,0.002,2.26,2026-06-18T10:39:30,0.002,2.26
route_mutation,20260618T103930_754166,of:0000000000000003:1 -> of:000000000000000b:5,0.002,0.0025,0.002,0.002,1.83,2026-06-18T10:39:30,0.002,1.7
route_mutation,20260618T103930_754166,of:0000000000000007:1 -> of:000000000000000d:5,0.003,0.00375,0.003,0.003,3.03,2026-06-18T10:39:30,0.002,2.9
route_mutation,20260618T103930_754166,of:0000000000000007:2 -> of:000000000000000a:3,0.002,0.0025,0.002,0.002,2.26,2026-06-18T10:39:30,0.002,2.2
route_mutation,20260618T103930_754166,of:0000000000000002:2 -> of:0000000000000008:2,0.002,0.0025,0.002,0.002,2.33,2026-06-18T10:39:30,0.002,2.26
route_mutation,20260618T103930_754166,of:0000000000000008:1 -> of:000000000000000b:6,0.002,0.0025,0.002,0.002,1.76,2026-06-18T10:39:30,0.002,1.76
route_mutation,20260618T103930_754166,of:0000000000000009:1 -> of:000000000000000c:6,0.002,0.0025,0.002,0.002,1.7,2026-06-18T10:39:30,0.002,1.7
route_mutation,20260618T103930_754166,of:0000000000000001:2 -> of:000000000000000c:1,0.002,0.0025,0.002,0.002,1.83,2026-06-18T10:39:30,0.002,1.7
route_mutation,20260618T103930_754166,of:0000000000000003:2 -> of:0000000000000008:3,0.002,0.0025,0.002,0.002,2.36,2026-06-18T10:39:30,0.002,2.3
route_mutation,20260618T104001_009603,of:0000000000000005:1 -> of:000000000000000c:5,0.002,0.0025,0.002,0.001,1.33,2026-06-18T10:40:01,0.002,1.43
route_mutation,20260618T104001_009603,of:000000000000000a:1 -> of:000000000000000d:6,0.002,0.0025,0.002,0.002,1.43,2026-06-18T10:40:01,0.002,1.43
route_mutation,20260618T104001_009603,of:000000000000000b:2 -> of:000000000000000c:2,0.002,0.0025,0.002,0.002,1.53,2026-06-18T10:40:01,0.002,1.53
route_mutation,20260618T104001_009603,of:0000000000000004:2 -> of:0000000000000009:2,0.002,0.0025,0.002,0.001,1.43,2026-06-18T10:40:01,0.002,1.5
route_mutation,20260618T104001_009603,of:0000000000000005:2 -> of:0000000000000009:3,0.002,0.0025,0.002,0.001,1.43,2026-06-18T10:40:01,0.002,1.5
route_mutation,20260618T104001_009603,of:000000000000000b:3 -> of:000000000000000d:2,0.002,0.0025,0.002,0.002,1.53,2026-06-18T10:40:01,0.002,1.53
route_mutation,20260618T104001_009603,of:0000000000000004:1 -> of:000000000000000c:4,0.002,0.0025,0.002,0.001,1.33,2026-06-18T10:40:01,0.002,1.43
route_mutation,20260618T104001_009603,of:000000000000000c:3 -> of:000000000000000d:3,0.002,0.0025,0.002,0.002,1.53,2026-06-18T10:40:01,0.002,1.53
route_mutation,20260618T104001_009603,of:0000000000000001:1 -> of:000000000000000b:1,0.002,0.0025,0.002,0.002,2.03,2026-06-18T10:40:01,0.002,2.16
route_mutation,20260618T104001_009603,of:0000000000000006:1 -> of:000000000000000d:4,0.002,0.0025,0.002,0.001,1.33,2026-06-18T10:40:01,0.002,1.43
route_mutation,20260618T104001_009603,of:0000000000000002:1 -> of:000000000000000b:4,0.002,0.0025,0.002,0.002,2.1,2026-06-18T10:40:01,0.002,2.1
route_mutation,20260618T104001_009603,of:0000000000000001:3 -> of:000000000000000d:1,0.001,0.00125,0.001,0.001,1.36,2026-06-18T10:40:01,0.001,1.36
route_mutation,20260618T104001_009603,of:0000000000000006:2 -> of:000000000000000a:2,0.002,0.0025,0.002,0.002,1.5,2026-06-18T10:40:01,0.002,1.5
route_mutation,20260618T104001_009603,of:0000000000000003:1 -> of:000000000000000b:5,0.002,0.0025,0.002,0.001,1.33,2026-06-18T10:40:01,0.002,1.43
route_mutation,20260618T104001_009603,of:0000000000000007:1 -> of:000000000000000d:5,0.002,0.0025,0.002,0.001,1.33,2026-06-18T10:40:01,0.002,1.43
route_mutation,20260618T104001_009603,of:0000000000000007:2 -> of:000000000000000a:3,0.002,0.0025,0.002,0.002,1.5,2026-06-18T10:40:01,0.002,1.5
route_mutation,20260618T104001_009603,of:0000000000000002:2 -> of:0000000000000008:2,0.002,0.0025,0.002,0.001,1.4,2026-06-18T10:40:01,0.002,1.46
route_mutation,20260618T104001_009603,of:0000000000000008:1 -> of:000000000000000b:6,0.002,0.0025,0.002,0.002,1.43,2026-06-18T10:40:01,0.002,1.43
route_mutation,20260618T104001_009603,of:0000000000000009:1 -> of:000000000000000c:6,0.002,0.0025,0.002,0.002,1.43,2026-06-18T10:40:01,0.002,1.43
route_mutation,20260618T104001_009603,of:0000000000000001:2 -> of:000000000000000c:1,0.001,0.00125,0.001,0.001,1.36,2026-06-18T10:40:01,0.001,1.36
route_mutation,20260618T104001_009603,of:0000000000000003:2 -> of:0000000000000008:3,0.002,0.0025,0.002,0.001,1.36,2026-06-18T10:40:01,0.002,1.5
route_mutation,20260618T104031_266570,of:0000000000000005:1 -> of:000000000000000c:5,0.002,0.0025,0.002,0.002,2.26,2026-06-18T10:40:31,0.002,2.33
route_mutation,20260618T104031_266570,of:000000000000000a:1 -> of:000000000000000d:6,0.002,0.0025,0.002,0.002,1.53,2026-06-18T10:40:31,0.002,1.53
route_mutation,20260618T104031_266570,of:000000000000000b:2 -> of:000000000000000c:2,0.002,0.0025,0.002,0.002,1.73,2026-06-18T10:40:31,0.002,1.73
route_mutation,20260618T104031_266570,of:0000000000000004:2 -> of:0000000000000009:2,0.002,0.0025,0.002,0.002,1.66,2026-06-18T10:40:31,0.002,1.73
route_mutation,20260618T104031_266570,of:0000000000000005:2 -> of:0000000000000009:3,0.002,0.0025,0.002,0.002,1.66,2026-06-18T10:40:31,0.002,1.73
route_mutation,20260618T104031_266570,of:000000000000000b:3 -> of:000000000000000d:2,0.002,0.0025,0.002,0.002,1.73,2026-06-18T10:40:31,0.002,1.73
route_mutation,20260618T104031_266570,of:0000000000000004:1 -> of:000000000000000c:4,0.002,0.0025,0.002,0.002,2.26,2026-06-18T10:40:31,0.002,2.33
route_mutation,20260618T104031_266570,of:000000000000000c:3 -> of:000000000000000d:3,0.002,0.0025,0.002,0.002,1.73,2026-06-18T10:40:31,0.002,1.73
route_mutation,20260618T104031_266570,of:0000000000000001:1 -> of:000000000000000b:1,0.003,0.00375,0.003,0.003,2.86,2026-06-18T10:40:31,0.003,2.8
route_mutation,20260618T104031_266570,of:0000000000000006:1 -> of:000000000000000d:4,0.002,0.0025,0.002,0.002,1.86,2026-06-18T10:40:31,0.002,1.86
route_mutation,20260618T104031_266570,of:0000000000000002:1 -> of:000000000000000b:4,0.002,0.0025,0.002,0.002,1.7,2026-06-18T10:40:31,0.002,1.9
route_mutation,20260618T104031_266570,of:0000000000000001:3 -> of:000000000000000d:1,0.002,0.0025,0.002,0.002,1.73,2026-06-18T10:40:31,0.002,1.93
route_mutation,20260618T104031_266570,of:0000000000000006:2 -> of:000000000000000a:2,0.002,0.0025,0.002,0.002,1.66,2026-06-18T10:40:31,0.002,1.73
route_mutation,20260618T104031_266570,of:0000000000000003:1 -> of:000000000000000b:5,0.002,0.0025,0.002,0.002,2.5,2026-06-18T10:40:31,0.002,2.56
route_mutation,20260618T104031_266570,of:0000000000000007:1 -> of:000000000000000d:5,0.002,0.0025,0.002,0.001,1.5,2026-06-18T10:40:31,0.002,1.53
route_mutation,20260618T104031_266570,of:0000000000000007:2 -> of:000000000000000a:3,0.002,0.0025,0.002,0.002,1.7,2026-06-18T10:40:31,0.002,1.76
route_mutation,20260618T104031_266570,of:0000000000000002:2 -> of:0000000000000008:2,0.002,0.0025,0.002,0.002,1.66,2026-06-18T10:40:31,0.002,1.73
route_mutation,20260618T104031_266570,of:0000000000000008:1 -> of:000000000000000b:6,0.002,0.0025,0.002,0.002,1.53,2026-06-18T10:40:31,0.002,1.53
route_mutation,20260618T104031_266570,of:0000000000000009:1 -> of:000000000000000c:6,0.002,0.0025,0.002,0.002,1.53,2026-06-18T10:40:31,0.002,1.53
route_mutation,20260618T104031_266570,of:0000000000000001:2 -> of:000000000000000c:1,0.003,0.00375,0.003,0.003,3.06,2026-06-18T10:40:31,0.003,3.13
route_mutation,20260618T104031_266570,of:0000000000000003:2 -> of:0000000000000008:3,0.002,0.0025,0.002,0.002,1.73,2026-06-18T10:40:31,0.002,1.73
ip_shuffle,20260618T104101_507822,of:0000000000000005:1 -> of:000000000000000c:5,0.002,0.0025,0.002,0.002,1.96,2026-06-18T10:41:01,0.002,1.8
ip_shuffle,20260618T104101_507822,of:000000000000000a:1 -> of:000000000000000d:6,0.002,0.0025,0.002,0.002,1.8,2026-06-18T10:41:01,0.002,1.8
ip_shuffle,20260618T104101_507822,of:000000000000000b:2 -> of:000000000000000c:2,0.002,0.0025,0.002,0.002,2.4,2026-06-18T10:41:01,0.002,2.4
ip_shuffle,20260618T104101_507822,of:0000000000000004:2 -> of:0000000000000009:2,0.002,0.0025,0.002,0.002,2.56,2026-06-18T10:41:01,0.002,2.43
ip_shuffle,20260618T104101_507822,of:0000000000000005:2 -> of:0000000000000009:3,0.002,0.0025,0.002,0.002,2.56,2026-06-18T10:41:01,0.002,2.43
ip_shuffle,20260618T104101_507822,of:000000000000000b:3 -> of:000000000000000d:2,0.002,0.0025,0.002,0.002,2.4,2026-06-18T10:41:01,0.002,2.4
ip_shuffle,20260618T104101_507822,of:0000000000000004:1 -> of:000000000000000c:4,0.002,0.0025,0.002,0.002,1.96,2026-06-18T10:41:01,0.002,1.8
ip_shuffle,20260618T104101_507822,of:000000000000000c:3 -> of:000000000000000d:3,0.002,0.0025,0.002,0.002,2.4,2026-06-18T10:41:01,0.002,2.4
ip_shuffle,20260618T104101_507822,of:0000000000000001:1 -> of:000000000000000b:1,0.002,0.0025,0.002,0.002,1.93,2026-06-18T10:41:01,0.002,1.83
ip_shuffle,20260618T104101_507822,of:0000000000000006:1 -> of:000000000000000d:4,0.002,0.0025,0.002,0.002,2.66,2026-06-18T10:41:01,0.002,2.56
ip_shuffle,20260618T104101_507822,of:0000000000000002:1 -> of:000000000000000b:4,0.002,0.0025,0.002,0.002,1.96,2026-06-18T10:41:01,0.002,1.8
ip_shuffle,20260618T104101_507822,of:0000000000000001:3 -> of:000000000000000d:1,0.003,0.00375,0.003,0.003,3.66,2026-06-18T10:41:01,0.003,3.56
ip_shuffle,20260618T104101_507822,of:0000000000000006:2 -> of:000000000000000a:2,0.002,0.0025,0.002,0.002,2.5,2026-06-18T10:41:01,0.002,2.43
ip_shuffle,20260618T104101_507822,of:0000000000000003:1 -> of:000000000000000b:5,0.002,0.0025,0.002,0.002,1.93,2026-06-18T10:41:01,0.002,1.8
ip_shuffle,20260618T104101_507822,of:0000000000000007:1 -> of:000000000000000d:5,0.002,0.0025,0.002,0.002,2.93,2026-06-18T10:41:01,0.002,2.73
ip_shuffle,20260618T104101_507822,of:0000000000000007:2 -> of:000000000000000a:3,0.002,0.0025,0.002,0.002,2.46,2026-06-18T10:41:01,0.002,2.4
ip_shuffle,20260618T104101_507822,of:0000000000000002:2 -> of:0000000000000008:2,0.002,0.0025,0.002,0.002,2.56,2026-06-18T10:41:01,0.002,2.43
ip_shuffle,20260618T104101_507822,of:0000000000000008:1 -> of:000000000000000b:6,0.002,0.0025,0.002,0.002,1.8,2026-06-18T10:41:01,0.002,1.8
ip_shuffle,20260618T104101_507822,of:0000000000000009:1 -> of:000000000000000c:6,0.002,0.0025,0.002,0.002,1.8,2026-06-18T10:41:01,0.002,1.8
ip_shuffle,20260618T104101_507822,of:0000000000000001:2 -> of:000000000000000c:1,0.002,0.0025,0.002,0.002,1.93,2026-06-18T10:41:01,0.002,1.83
ip_shuffle,20260618T104101_507822,of:0000000000000003:2 -> of:0000000000000008:3,0.002,0.0025,0.002,0.002,2.53,2026-06-18T10:41:01,0.002,2.4
ip_shuffle,20260618T104212_285237,of:0000000000000005:1 -> of:000000000000000c:5,0.002,0.0025,0.002,0.002,1.93,2026-06-18T10:42:12,0.002,1.9
ip_shuffle,20260618T104212_285237,of:000000000000000a:1 -> of:000000000000000d:6,0.002,0.0025,0.002,0.002,1.43,2026-06-18T10:42:12,0.002,1.43
ip_shuffle,20260618T104212_285237,of:000000000000000b:2 -> of:000000000000000c:2,0.002,0.0025,0.002,0.002,1.53,2026-06-18T10:42:12,0.002,1.53
ip_shuffle,20260618T104212_285237,of:0000000000000004:2 -> of:0000000000000009:2,0.002,0.0025,0.002,0.001,1.53,2026-06-18T10:42:12,0.002,1.6
ip_shuffle,20260618T104212_285237,of:0000000000000005:2 -> of:0000000000000009:3,0.002,0.0025,0.002,0.001,1.53,2026-06-18T10:42:12,0.002,1.6
ip_shuffle,20260618T104212_285237,of:000000000000000b:3 -> of:000000000000000d:2,0.002,0.0025,0.002,0.002,1.6,2026-06-18T10:42:12,0.002,1.6
ip_shuffle,20260618T104212_285237,of:0000000000000004:1 -> of:000000000000000c:4,0.002,0.0025,0.002,0.002,2.23,2026-06-18T10:42:12,0.002,2.23
ip_shuffle,20260618T104212_285237,of:000000000000000c:3 -> of:000000000000000d:3,0.002,0.0025,0.002,0.002,1.53,2026-06-18T10:42:12,0.002,1.53
ip_shuffle,20260618T104212_285237,of:0000000000000001:1 -> of:000000000000000b:1,0.003,0.00375,0.003,0.003,3.26,2026-06-18T10:42:12,0.003,3.39
ip_shuffle,20260618T104212_285237,of:0000000000000006:1 -> of:000000000000000d:4,0.002,0.0025,0.002,0.002,2.1,2026-06-18T10:42:12,0.002,2.2
ip_shuffle,20260618T104212_285237,of:0000000000000002:1 -> of:000000000000000b:4,0.002,0.0025,0.002,0.002,2.36,2026-06-18T10:42:12,0.002,2.36
ip_shuffle,20260618T104212_285237,of:0000000000000001:3 -> of:000000000000000d:1,0.002,0.0025,0.002,0.002,2.16,2026-06-18T10:42:12,0.002,2.2
ip_shuffle,20260618T104212_285237,of:0000000000000006:2 -> of:000000000000000a:2,0.002,0.0025,0.002,0.002,1.53,2026-06-18T10:42:12,0.002,1.56
ip_shuffle,20260618T104212_285237,of:0000000000000003:1 -> of:000000000000000b:5,0.002,0.0025,0.002,0.002,2.46,2026-06-18T10:42:12,0.002,2.46
ip_shuffle,20260618T104212_285237,of:0000000000000007:1 -> of:000000000000000d:5,0.002,0.0025,0.002,0.001,1.36,2026-06-18T10:42:12,0.002,1.43
ip_shuffle,20260618T104212_285237,of:0000000000000007:2 -> of:000000000000000a:3,0.002,0.0025,0.002,0.001,1.46,2026-06-18T10:42:12,0.002,1.53
ip_shuffle,20260618T104212_285237,of:0000000000000002:2 -> of:0000000000000008:2,0.002,0.0025,0.002,0.001,1.53,2026-06-18T10:42:12,0.002,1.6
ip_shuffle,20260618T104212_285237,of:0000000000000008:1 -> of:000000000000000b:6,0.002,0.0025,0.002,0.002,1.43,2026-06-18T10:42:12,0.002,1.43
ip_shuffle,20260618T104212_285237,of:0000000000000009:1 -> of:000000000000000c:6,0.002,0.0025,0.002,0.002,1.43,2026-06-18T10:42:12,0.002,1.43
ip_shuffle,20260618T104212_285237,of:0000000000000001:2 -> of:000000000000000c:1,0.003,0.00375,0.003,0.002,2.63,2026-06-18T10:42:12,0.003,2.76
ip_shuffle,20260618T104212_285237,of:0000000000000003:2 -> of:0000000000000008:3,0.002,0.0025,0.002,0.002,1.6,2026-06-18T10:42:12,0.002,1.6
route_mutation,20260618T104309_937185,of:0000000000000005:1 -> of:000000000000000c:5,0.001,0.00125,0.001,0.001,1.27,2026-06-18T10:43:09,0.001,1.33
route_mutation,20260618T104309_937185,of:000000000000000a:1 -> of:000000000000000d:6,0.001,0.00125,0.001,0.001,1.33,2026-06-18T10:43:09,0.001,1.33
route_mutation,20260618T104309_937185,of:000000000000000b:2 -> of:000000000000000c:2,0.001,0.00125,0.001,0.001,1.33,2026-06-18T10:43:09,0.001,1.33
route_mutation,20260618T104309_937185,of:0000000000000004:2 -> of:0000000000000009:2,0.001,0.00125,0.001,0.001,1.27,2026-06-18T10:43:09,0.001,1.33
route_mutation,20260618T104309_937185,of:0000000000000005:2 -> of:0000000000000009:3,0.001,0.00125,0.001,0.001,1.27,2026-06-18T10:43:09,0.001,1.33
route_mutation,20260618T104309_937185,of:000000000000000b:3 -> of:000000000000000d:2,0.001,0.00125,0.001,0.001,1.33,2026-06-18T10:43:09,0.001,1.33
route_mutation,20260618T104309_937185,of:0000000000000004:1 -> of:000000000000000c:4,0.001,0.00125,0.001,0.001,1.27,2026-06-18T10:43:09,0.001,1.33
route_mutation,20260618T104309_937185,of:000000000000000c:3 -> of:000000000000000d:3,0.001,0.00125,0.001,0.001,1.33,2026-06-18T10:43:09,0.001,1.33
route_mutation,20260618T104309_937185,of:0000000000000001:1 -> of:000000000000000b:1,0.002,0.0025,0.002,0.001,1.37,2026-06-18T10:43:09,0.002,1.43
route_mutation,20260618T104309_937185,of:0000000000000006:1 -> of:000000000000000d:4,0.002,0.0025,0.002,0.002,1.6,2026-06-18T10:43:09,0.002,1.66
route_mutation,20260618T104309_937185,of:0000000000000002:1 -> of:000000000000000b:4,0.002,0.0025,0.002,0.001,1.37,2026-06-18T10:43:09,0.002,1.43
route_mutation,20260618T104309_937185,of:0000000000000001:3 -> of:000000000000000d:1,0.002,0.0025,0.002,0.002,1.73,2026-06-18T10:43:09,0.002,1.76
route_mutation,20260618T104309_937185,of:0000000000000006:2 -> of:000000000000000a:2,0.001,0.00125,0.001,0.001,1.33,2026-06-18T10:43:09,0.001,1.33
route_mutation,20260618T104309_937185,of:0000000000000003:1 -> of:000000000000000b:5,0.001,0.00125,0.001,0.001,1.33,2026-06-18T10:43:09,0.001,1.33
route_mutation,20260618T104309_937185,of:0000000000000007:1 -> of:000000000000000d:5,0.002,0.0025,0.002,0.001,1.3,2026-06-18T10:43:09,0.002,1.4
route_mutation,20260618T104309_937185,of:0000000000000007:2 -> of:000000000000000a:3,0.001,0.00125,0.001,0.001,1.33,2026-06-18T10:43:09,0.001,1.33
route_mutation,20260618T104309_937185,of:0000000000000002:2 -> of:0000000000000008:2,0.001,0.00125,0.001,0.001,1.27,2026-06-18T10:43:09,0.001,1.33
route_mutation,20260618T104309_937185,of:0000000000000008:1 -> of:000000000000000b:6,0.001,0.00125,0.001,0.001,1.33,2026-06-18T10:43:09,0.001,1.33
route_mutation,20260618T104309_937185,of:0000000000000009:1 -> of:000000000000000c:6,0.001,0.00125,0.001,0.001,1.33,2026-06-18T10:43:09,0.001,1.33
route_mutation,20260618T104309_937185,of:0000000000000001:2 -> of:000000000000000c:1,0.001,0.00125,0.001,0.001,1.27,2026-06-18T10:43:09,0.001,1.33
route_mutation,20260618T104309_937185,of:0000000000000003:2 -> of:0000000000000008:3,0.001,0.00125,0.001,0.001,1.33,2026-06-18T10:43:09,0.001,1.33
route_mutation,20260618T104340_232386,of:0000000000000005:1 -> of:000000000000000c:5,0.002,0.0025,0.002,0.002,2.13,2026-06-18T10:43:40,0.002,2.2
route_mutation,20260618T104340_232386,of:000000000000000a:1 -> of:000000000000000d:6,0.002,0.0025,0.002,0.002,1.43,2026-06-18T10:43:40,0.002,1.43
route_mutation,20260618T104340_232386,of:000000000000000b:2 -> of:000000000000000c:2,0.002,0.0025,0.002,0.002,1.53,2026-06-18T10:43:40,0.002,1.53
route_mutation,20260618T104340_232386,of:0000000000000004:2 -> of:0000000000000009:2,0.002,0.0025,0.002,0.001,1.46,2026-06-18T10:43:40,0.002,1.53
route_mutation,20260618T104340_232386,of:0000000000000005:2 -> of:0000000000000009:3,0.002,0.0025,0.002,0.001,1.46,2026-06-18T10:43:40,0.002,1.53
route_mutation,20260618T104340_232386,of:000000000000000b:3 -> of:000000000000000d:2,0.002,0.0025,0.002,0.002,1.66,2026-06-18T10:43:40,0.002,1.66
route_mutation,20260618T104340_232386,of:0000000000000004:1 -> of:000000000000000c:4,0.002,0.0025,0.002,0.002,2.16,2026-06-18T10:43:40,0.002,2.23
route_mutation,20260618T104340_232386,of:000000000000000c:3 -> of:000000000000000d:3,0.002,0.0025,0.002,0.002,1.53,2026-06-18T10:43:40,0.002,1.53
route_mutation,20260618T104340_232386,of:0000000000000001:1 -> of:000000000000000b:1,0.003,0.00375,0.003,0.003,3.26,2026-06-18T10:43:40,0.003,3.33
route_mutation,20260618T104340_232386,of:0000000000000006:1 -> of:000000000000000d:4,0.002,0.0025,0.002,0.002,1.66,2026-06-18T10:43:40,0.002,1.73
route_mutation,20260618T104340_232386,of:0000000000000002:1 -> of:000000000000000b:4,0.002,0.0025,0.002,0.002,2.36,2026-06-18T10:43:40,0.002,2.43
route_mutation,20260618T104340_232386,of:0000000000000001:3 -> of:000000000000000d:1,0.002,0.0025,0.002,0.002,1.6,2026-06-18T10:43:40,0.002,1.6
route_mutation,20260618T104340_232386,of:0000000000000006:2 -> of:000000000000000a:2,0.002,0.0025,0.002,0.001,1.46,2026-06-18T10:43:40,0.002,1.53
route_mutation,20260618T104340_232386,of:0000000000000003:1 -> of:000000000000000b:5,0.002,0.0025,0.002,0.002,2.33,2026-06-18T10:43:40,0.002,2.46
route_mutation,20260618T104340_232386,of:0000000000000007:1 -> of:000000000000000d:5,0.002,0.0025,0.002,0.001,1.37,2026-06-18T10:43:40,0.002,1.43
route_mutation,20260618T104340_232386,of:0000000000000007:2 -> of:000000000000000a:3,0.002,0.0025,0.002,0.001,1.46,2026-06-18T10:43:40,0.002,1.53
route_mutation,20260618T104340_232386,of:0000000000000002:2 -> of:0000000000000008:2,0.002,0.0025,0.002,0.001,1.46,2026-06-18T10:43:40,0.002,1.53
route_mutation,20260618T104340_232386,of:0000000000000008:1 -> of:000000000000000b:6,0.002,0.0025,0.002,0.002,1.43,2026-06-18T10:43:40,0.002,1.43
route_mutation,20260618T104340_232386,of:0000000000000009:1 -> of:000000000000000c:6,0.002,0.0025,0.002,0.002,1.43,2026-06-18T10:43:40,0.002,1.43
route_mutation,20260618T104340_232386,of:0000000000000001:2 -> of:000000000000000c:1,0.003,0.00375,0.003,0.003,2.86,2026-06-18T10:43:40,0.003,2.93
route_mutation,20260618T104340_232386,of:0000000000000003:2 -> of:0000000000000008:3,0.002,0.0025,0.002,0.001,1.4,2026-06-18T10:43:40,0.002,1.53
route_mutation,20260618T104410_398226,of:0000000000000005:1 -> of:000000000000000c:5,0.002,0.0025,0.002,0.002,2.0,2026-06-18T10:44:10,0.002,1.86
route_mutation,20260618T104410_398226,of:000000000000000a:1 -> of:000000000000000d:6,0.002,0.0025,0.002,0.002,1.86,2026-06-18T10:44:10,0.002,1.86
route_mutation,20260618T104410_398226,of:000000000000000b:2 -> of:000000000000000c:2,0.002,0.0025,0.002,0.002,2.46,2026-06-18T10:44:10,0.002,2.46
route_mutation,20260618T104410_398226,of:0000000000000004:2 -> of:0000000000000009:2,0.002,0.0025,0.002,0.002,2.6,2026-06-18T10:44:10,0.002,2.46
route_mutation,20260618T104410_398226,of:0000000000000005:2 -> of:0000000000000009:3,0.002,0.0025,0.002,0.002,2.6,2026-06-18T10:44:10,0.002,2.46
route_mutation,20260618T104410_398226,of:000000000000000b:3 -> of:000000000000000d:2,0.002,0.0025,0.002,0.002,2.46,2026-06-18T10:44:10,0.002,2.46
route_mutation,20260618T104410_398226,of:0000000000000004:1 -> of:000000000000000c:4,0.002,0.0025,0.002,0.002,1.96,2026-06-18T10:44:10,0.002,1.83
route_mutation,20260618T104410_398226,of:000000000000000c:3 -> of:000000000000000d:3,0.002,0.0025,0.002,0.002,2.46,2026-06-18T10:44:10,0.002,2.46
route_mutation,20260618T104410_398226,of:0000000000000001:1 -> of:000000000000000b:1,0.002,0.0025,0.002,0.002,1.96,2026-06-18T10:44:10,0.002,1.83
route_mutation,20260618T104410_398226,of:0000000000000006:1 -> of:000000000000000d:4,0.002,0.0025,0.002,0.002,3.0,2026-06-18T10:44:10,0.002,2.86
route_mutation,20260618T104410_398226,of:0000000000000002:1 -> of:000000000000000b:4,0.002,0.0025,0.002,0.002,1.96,2026-06-18T10:44:10,0.002,1.9
route_mutation,20260618T104410_398226,of:0000000000000001:3 -> of:000000000000000d:1,0.003,0.00375,0.003,0.003,4.09,2026-06-18T10:44:10,0.003,4.03
route_mutation,20260618T104410_398226,of:0000000000000006:2 -> of:000000000000000a:2,0.002,0.0025,0.002,0.002,2.53,2026-06-18T10:44:10,0.002,2.46
route_mutation,20260618T104410_398226,of:0000000000000003:1 -> of:000000000000000b:5,0.002,0.0025,0.002,0.002,1.96,2026-06-18T10:44:10,0.002,1.83
route_mutation,20260618T104410_398226,of:0000000000000007:1 -> of:000000000000000d:5,0.003,0.00375,0.003,0.003,3.33,2026-06-18T10:44:10,0.003,3.2
route_mutation,20260618T104410_398226,of:0000000000000007:2 -> of:000000000000000a:3,0.002,0.0025,0.002,0.002,2.53,2026-06-18T10:44:10,0.002,2.46
route_mutation,20260618T104410_398226,of:0000000000000002:2 -> of:0000000000000008:2,0.002,0.0025,0.002,0.002,2.6,2026-06-18T10:44:10,0.002,2.53
route_mutation,20260618T104410_398226,of:0000000000000008:1 -> of:000000000000000b:6,0.002,0.0025,0.002,0.002,1.83,2026-06-18T10:44:10,0.002,1.83
route_mutation,20260618T104410_398226,of:0000000000000009:1 -> of:000000000000000c:6,0.002,0.0025,0.002,0.002,1.83,2026-06-18T10:44:10,0.002,1.83
route_mutation,20260618T104410_398226,of:0000000000000001:2 -> of:000000000000000c:1,0.002,0.0025,0.002,0.002,2.06,2026-06-18T10:44:10,0.002,1.93
route_mutation,20260618T104410_398226,of:0000000000000003:2 -> of:0000000000000008:3,0.002,0.0025,0.002,0.002,2.6,2026-06-18T10:44:10,0.002,2.46
route_mutation,20260618T104440_677803,of:0000000000000005:1 -> of:000000000000000c:5,0.001,0.00125,0.001,0.001,1.33,2026-06-18T10:44:40,0.001,1.33
route_mutation,20260618T104440_677803,of:000000000000000a:1 -> of:000000000000000d:6,0.001,0.00125,0.001,0.001,1.33,2026-06-18T10:44:40,0.001,1.33
route_mutation,20260618T104440_677803,of:000000000000000b:2 -> of:000000000000000c:2,0.001,0.00125,0.001,0.001,1.33,2026-06-18T10:44:40,0.001,1.33
route_mutation,20260618T104440_677803,of:0000000000000004:2 -> of:0000000000000009:2,0.001,0.00125,0.001,0.001,1.27,2026-06-18T10:44:40,0.001,1.33
route_mutation,20260618T104440_677803,of:0000000000000005:2 -> of:0000000000000009:3,0.001,0.00125,0.001,0.001,1.27,2026-06-18T10:44:40,0.001,1.33
route_mutation,20260618T104440_677803,of:000000000000000b:3 -> of:000000000000000d:2,0.001,0.00125,0.001,0.001,1.33,2026-06-18T10:44:40,0.001,1.33
route_mutation,20260618T104440_677803,of:0000000000000004:1 -> of:000000000000000c:4,0.001,0.00125,0.001,0.001,1.33,2026-06-18T10:44:40,0.001,1.33
route_mutation,20260618T104440_677803,of:000000000000000c:3 -> of:000000000000000d:3,0.001,0.00125,0.001,0.001,1.33,2026-06-18T10:44:40,0.001,1.33
route_mutation,20260618T104440_677803,of:0000000000000001:1 -> of:000000000000000b:1,0.002,0.0025,0.002,0.002,1.73,2026-06-18T10:44:40,0.002,1.8
route_mutation,20260618T104440_677803,of:0000000000000006:1 -> of:000000000000000d:4,0.001,0.00125,0.001,0.001,1.27,2026-06-18T10:44:40,0.001,1.33
route_mutation,20260618T104440_677803,of:0000000000000002:1 -> of:000000000000000b:4,0.002,0.0025,0.002,0.002,1.73,2026-06-18T10:44:40,0.002,1.73
route_mutation,20260618T104440_677803,of:0000000000000001:3 -> of:000000000000000d:1,0.001,0.00125,0.001,0.001,1.27,2026-06-18T10:44:40,0.001,1.33
route_mutation,20260618T104440_677803,of:0000000000000006:2 -> of:000000000000000a:2,0.001,0.00125,0.001,0.001,1.33,2026-06-18T10:44:40,0.001,1.33
route_mutation,20260618T104440_677803,of:0000000000000003:1 -> of:000000000000000b:5,0.001,0.00125,0.001,0.001,1.33,2026-06-18T10:44:40,0.001,1.33
route_mutation,20260618T104440_677803,of:0000000000000007:1 -> of:000000000000000d:5,0.001,0.00125,0.001,0.001,1.27,2026-06-18T10:44:40,0.001,1.33
route_mutation,20260618T104440_677803,of:0000000000000007:2 -> of:000000000000000a:3,0.001,0.00125,0.001,0.001,1.33,2026-06-18T10:44:40,0.001,1.33
route_mutation,20260618T104440_677803,of:0000000000000002:2 -> of:0000000000000008:2,0.001,0.00125,0.001,0.001,1.27,2026-06-18T10:44:40,0.001,1.27
route_mutation,20260618T104440_677803,of:0000000000000008:1 -> of:000000000000000b:6,0.001,0.00125,0.001,0.001,1.33,2026-06-18T10:44:40,0.001,1.33
route_mutation,20260618T104440_677803,of:0000000000000009:1 -> of:000000000000000c:6,0.001,0.00125,0.001,0.001,1.33,2026-06-18T10:44:40,0.001,1.33
route_mutation,20260618T104440_677803,of:0000000000000001:2 -> of:000000000000000c:1,0.001,0.00125,0.001,0.001,1.27,2026-06-18T10:44:40,0.001,1.33
route_mutation,20260618T104440_677803,of:0000000000000003:2 -> of:0000000000000008:3,0.001,0.00125,0.001,0.001,1.33,2026-06-18T10:44:40,0.001,1.33
route_mutation,20260618T104510_926647,of:0000000000000005:1 -> of:000000000000000c:5,0.002,0.0025,0.002,0.002,2.1,2026-06-18T10:45:10,0.002,2.26
route_mutation,20260618T104510_926647,of:000000000000000a:1 -> of:000000000000000d:6,0.002,0.0025,0.002,0.002,1.46,2026-06-18T10:45:10,0.002,1.46
route_mutation,20260618T104510_926647,of:000000000000000b:2 -> of:000000000000000c:2,0.002,0.0025,0.002,0.002,1.6,2026-06-18T10:45:10,0.002,1.6
route_mutation,20260618T104510_926647,of:0000000000000004:2 -> of:0000000000000009:2,0.002,0.0025,0.002,0.001,1.5,2026-06-18T10:45:10,0.002,1.56
route_mutation,20260618T104510_926647,of:0000000000000005:2 -> of:0000000000000009:3,0.002,0.0025,0.002,0.001,1.5,2026-06-18T10:45:10,0.002,1.56
route_mutation,20260618T104510_926647,of:000000000000000b:3 -> of:000000000000000d:2,0.002,0.0025,0.002,0.002,1.73,2026-06-18T10:45:10,0.002,1.73
route_mutation,20260618T104510_926647,of:0000000000000004:1 -> of:000000000000000c:4,0.002,0.0025,0.002,0.002,2.1,2026-06-18T10:45:10,0.002,2.26
route_mutation,20260618T104510_926647,of:000000000000000c:3 -> of:000000000000000d:3,0.002,0.0025,0.002,0.002,1.6,2026-06-18T10:45:10,0.002,1.6
route_mutation,20260618T104510_926647,of:0000000000000001:1 -> of:000000000000000b:1,0.003,0.00375,0.003,0.003,2.93,2026-06-18T10:45:10,0.003,2.96
route_mutation,20260618T104510_926647,of:0000000000000006:1 -> of:000000000000000d:4,0.002,0.0025,0.002,0.002,1.96,2026-06-18T10:45:10,0.002,2.0
route_mutation,20260618T104510_926647,of:0000000000000002:1 -> of:000000000000000b:4,0.002,0.0025,0.002,0.002,2.0,2026-06-18T10:45:10,0.002,2.1
route_mutation,20260618T104510_926647,of:0000000000000001:3 -> of:000000000000000d:1,0.002,0.0025,0.002,0.002,1.83,2026-06-18T10:45:10,0.002,1.8
route_mutation,20260618T104510_926647,of:0000000000000006:2 -> of:000000000000000a:2,0.002,0.0025,0.002,0.001,1.5,2026-06-18T10:45:10,0.002,1.56
route_mutation,20260618T104510_926647,of:0000000000000003:1 -> of:000000000000000b:5,0.002,0.0025,0.002,0.002,2.33,2026-06-18T10:45:10,0.002,2.5
route_mutation,20260618T104510_926647,of:0000000000000007:1 -> of:000000000000000d:5,0.002,0.0025,0.002,0.002,1.46,2026-06-18T10:45:10,0.002,1.46
route_mutation,20260618T104510_926647,of:0000000000000007:2 -> of:000000000000000a:3,0.002,0.0025,0.002,0.002,1.6,2026-06-18T10:45:10,0.002,1.6
route_mutation,20260618T104510_926647,of:0000000000000002:2 -> of:0000000000000008:2,0.002,0.0025,0.002,0.001,1.5,2026-06-18T10:45:10,0.002,1.56
route_mutation,20260618T104510_926647,of:0000000000000008:1 -> of:000000000000000b:6,0.002,0.0025,0.002,0.002,1.46,2026-06-18T10:45:10,0.002,1.46
route_mutation,20260618T104510_926647,of:0000000000000009:1 -> of:000000000000000c:6,0.002,0.0025,0.002,0.002,1.46,2026-06-18T10:45:10,0.002,1.46
route_mutation,20260618T104510_926647,of:0000000000000001:2 -> of:000000000000000c:1,0.003,0.00375,0.003,0.003,3.0,2026-06-18T10:45:10,0.003,3.03
route_mutation,20260618T104510_926647,of:0000000000000003:2 -> of:0000000000000008:3,0.002,0.0025,0.002,0.001,1.43,2026-06-18T10:45:10,0.002,1.56
route_mutation,20260618T104541_159463,of:0000000000000005:1 -> of:000000000000000c:5,0.002,0.0025,0.002,0.002,1.83,2026-06-18T10:45:41,0.001,1.66
route_mutation,20260618T104541_159463,of:000000000000000a:1 -> of:000000000000000d:6,0.002,0.0025,0.002,0.002,1.73,2026-06-18T10:45:41,0.002,1.73
route_mutation,20260618T104541_159463,of:000000000000000b:2 -> of:000000000000000c:2,0.002,0.0025,0.002,0.002,2.13,2026-06-18T10:45:41,0.002,2.13
route_mutation,20260618T104541_159463,of:0000000000000004:2 -> of:0000000000000009:2,0.002,0.0025,0.002,0.002,2.29,2026-06-18T10:45:41,0.002,2.16
route_mutation,20260618T104541_159463,of:0000000000000005:2 -> of:0000000000000009:3,0.002,0.0025,0.002,0.002,2.29,2026-06-18T10:45:41,0.002,2.16
route_mutation,20260618T104541_159463,of:000000000000000b:3 -> of:000000000000000d:2,0.002,0.0025,0.002,0.002,2.19,2026-06-18T10:45:41,0.002,2.19
route_mutation,20260618T104541_159463,of:0000000000000004:1 -> of:000000000000000c:4,0.002,0.0025,0.002,0.002,1.83,2026-06-18T10:45:41,0.001,1.66
route_mutation,20260618T104541_159463,of:000000000000000c:3 -> of:000000000000000d:3,0.002,0.0025,0.002,0.002,2.19,2026-06-18T10:45:41,0.002,2.19
route_mutation,20260618T104541_159463,of:0000000000000001:1 -> of:000000000000000b:1,0.002,0.0025,0.002,0.002,1.8,2026-06-18T10:45:41,0.002,1.76
route_mutation,20260618T104541_159463,of:0000000000000006:1 -> of:000000000000000d:4,0.002,0.0025,0.002,0.002,2.56,2026-06-18T10:45:41,0.002,2.53
route_mutation,20260618T104541_159463,of:0000000000000002:1 -> of:000000000000000b:4,0.002,0.0025,0.002,0.002,1.83,2026-06-18T10:45:41,0.002,1.73
route_mutation,20260618T104541_159463,of:0000000000000001:3 -> of:000000000000000d:1,0.003,0.00375,0.003,0.003,3.26,2026-06-18T10:45:41,0.003,3.36
route_mutation,20260618T104541_159463,of:0000000000000006:2 -> of:000000000000000a:2,0.002,0.0025,0.002,0.002,2.23,2026-06-18T10:45:41,0.002,2.16
route_mutation,20260618T104541_159463,of:0000000000000003:1 -> of:000000000000000b:5,0.002,0.0025,0.002,0.002,1.83,2026-06-18T10:45:41,0.002,1.73
route_mutation,20260618T104541_159463,of:0000000000000007:1 -> of:000000000000000d:5,0.002,0.0025,0.002,0.002,2.69,2026-06-18T10:45:41,0.002,2.69
route_mutation,20260618T104541_159463,of:0000000000000007:2 -> of:000000000000000a:3,0.002,0.0025,0.002,0.002,2.13,2026-06-18T10:45:41,0.002,2.13
route_mutation,20260618T104541_159463,of:0000000000000002:2 -> of:0000000000000008:2,0.002,0.0025,0.002,0.002,2.29,2026-06-18T10:45:41,0.002,2.23
route_mutation,20260618T104541_159463,of:0000000000000008:1 -> of:000000000000000b:6,0.001,0.00125,0.001,0.001,1.66,2026-06-18T10:45:41,0.001,1.66
route_mutation,20260618T104541_159463,of:0000000000000009:1 -> of:000000000000000c:6,0.001,0.00125,0.001,0.001,1.66,2026-06-18T10:45:41,0.001,1.66
route_mutation,20260618T104541_159463,of:0000000000000001:2 -> of:000000000000000c:1,0.002,0.0025,0.002,0.002,1.8,2026-06-18T10:45:41,0.002,1.76
route_mutation,20260618T104541_159463,of:0000000000000003:2 -> of:0000000000000008:3,0.002,0.0025,0.002,0.002,2.29,2026-06-18T10:45:41,0.002,2.23
ip_shuffle,20260618T104611_411692,of:0000000000000005:1 -> of:000000000000000c:5,0.002,0.0025,0.002,0.002,1.43,2026-06-18T10:46:11,0.002,1.43
ip_shuffle,20260618T104611_411692,of:000000000000000a:1 -> of:000000000000000d:6,0.001,0.00125,0.001,0.001,1.37,2026-06-18T10:46:11,0.001,1.37
ip_shuffle,20260618T104611_411692,of:000000000000000b:2 -> of:000000000000000c:2,0.002,0.0025,0.002,0.002,1.53,2026-06-18T10:46:11,0.002,1.53
ip_shuffle,20260618T104611_411692,of:0000000000000004:2 -> of:0000000000000009:2,0.002,0.0025,0.002,0.001,1.47,2026-06-18T10:46:11,0.002,1.53
ip_shuffle,20260618T104611_411692,of:0000000000000005:2 -> of:0000000000000009:3,0.002,0.0025,0.002,0.001,1.47,2026-06-18T10:46:11,0.002,1.53
ip_shuffle,20260618T104611_411692,of:000000000000000b:3 -> of:000000000000000d:2,0.001,0.00125,0.001,0.001,1.47,2026-06-18T10:46:11,0.001,1.47
ip_shuffle,20260618T104611_411692,of:0000000000000004:1 -> of:000000000000000c:4,0.002,0.0025,0.002,0.002,1.43,2026-06-18T10:46:11,0.002,1.43
ip_shuffle,20260618T104611_411692,of:000000000000000c:3 -> of:000000000000000d:3,0.001,0.00125,0.001,0.001,1.47,2026-06-18T10:46:11,0.001,1.47
ip_shuffle,20260618T104611_411692,of:0000000000000001:1 -> of:000000000000000b:1,0.001,0.00125,0.001,0.001,1.37,2026-06-18T10:46:11,0.001,1.37
ip_shuffle,20260618T104611_411692,of:0000000000000006:1 -> of:000000000000000d:4,0.001,0.00125,0.001,0.001,1.37,2026-06-18T10:46:11,0.001,1.37
ip_shuffle,20260618T104611_411692,of:0000000000000002:1 -> of:000000000000000b:4,0.002,0.0025,0.002,0.002,1.43,2026-06-18T10:46:11,0.001,1.37
ip_shuffle,20260618T104611_411692,of:0000000000000001:3 -> of:000000000000000d:1,0.002,0.0025,0.002,0.002,1.76,2026-06-18T10:46:11,0.002,1.7
ip_shuffle,20260618T104611_411692,of:0000000000000006:2 -> of:000000000000000a:2,0.002,0.0025,0.002,0.002,1.53,2026-06-18T10:46:11,0.002,1.53
ip_shuffle,20260618T104611_411692,of:0000000000000003:1 -> of:000000000000000b:5,0.002,0.0025,0.002,0.002,1.43,2026-06-18T10:46:11,0.001,1.37
ip_shuffle,20260618T104611_411692,of:0000000000000007:1 -> of:000000000000000d:5,0.002,0.0025,0.002,0.002,1.76,2026-06-18T10:46:11,0.002,1.76
ip_shuffle,20260618T104611_411692,of:0000000000000007:2 -> of:000000000000000a:3,0.002,0.0025,0.002,0.002,1.53,2026-06-18T10:46:11,0.002,1.53
ip_shuffle,20260618T104611_411692,of:0000000000000002:2 -> of:0000000000000008:2,0.002,0.0025,0.002,0.002,1.53,2026-06-18T10:46:11,0.001,1.47
ip_shuffle,20260618T104611_411692,of:0000000000000008:1 -> of:000000000000000b:6,0.002,0.0025,0.002,0.002,1.43,2026-06-18T10:46:11,0.002,1.43
ip_shuffle,20260618T104611_411692,of:0000000000000009:1 -> of:000000000000000c:6,0.002,0.0025,0.002,0.002,1.43,2026-06-18T10:46:11,0.002,1.43
ip_shuffle,20260618T104611_411692,of:0000000000000001:2 -> of:000000000000000c:1,0.001,0.00125,0.001,0.001,1.37,2026-06-18T10:46:11,0.001,1.37
ip_shuffle,20260618T104611_411692,of:0000000000000003:2 -> of:0000000000000008:3,0.002,0.0025,0.002,0.002,1.53,2026-06-18T10:46:11,0.001,1.47
route_mutation,20260618T104710_055369,of:0000000000000005:1 -> of:000000000000000c:5,0.002,0.0025,0.002,0.002,2.63,2026-06-18T10:47:10,0.002,2.56
route_mutation,20260618T104710_055369,of:000000000000000a:1 -> of:000000000000000d:6,0.002,0.0025,0.002,0.002,1.76,2026-06-18T10:47:10,0.002,1.76
route_mutation,20260618T104710_055369,of:000000000000000b:2 -> of:000000000000000c:2,0.002,0.0025,0.002,0.002,2.2,2026-06-18T10:47:10,0.002,2.2
route_mutation,20260618T104710_055369,of:0000000000000004:2 -> of:0000000000000009:2,0.002,0.0025,0.002,0.002,2.33,2026-06-18T10:47:10,0.002,2.2
route_mutation,20260618T104710_055369,of:0000000000000005:2 -> of:0000000000000009:3,0.002,0.0025,0.002,0.002,2.33,2026-06-18T10:47:10,0.002,2.26
route_mutation,20260618T104710_055369,of:000000000000000b:3 -> of:000000000000000d:2,0.002,0.0025,0.002,0.002,2.26,2026-06-18T10:47:10,0.002,2.26
route_mutation,20260618T104710_055369,of:0000000000000004:1 -> of:000000000000000c:4,0.002,0.0025,0.002,0.002,2.26,2026-06-18T10:47:10,0.002,2.13
route_mutation,20260618T104710_055369,of:000000000000000c:3 -> of:000000000000000d:3,0.002,0.0025,0.002,0.002,2.26,2026-06-18T10:47:10,0.002,2.26
route_mutation,20260618T104710_055369,of:0000000000000001:1 -> of:000000000000000b:1,0.002,0.0025,0.002,0.002,1.86,2026-06-18T10:47:10,0.002,1.86
route_mutation,20260618T104710_055369,of:0000000000000006:1 -> of:000000000000000d:4,0.002,0.0025,0.002,0.002,2.86,2026-06-18T10:47:10,0.002,2.86
route_mutation,20260618T104710_055369,of:0000000000000002:1 -> of:000000000000000b:4,0.002,0.0025,0.002,0.002,1.96,2026-06-18T10:47:10,0.002,1.9
route_mutation,20260618T104710_055369,of:0000000000000001:3 -> of:000000000000000d:1,0.003,0.00375,0.003,0.003,3.56,2026-06-18T10:47:10,0.003,3.63
route_mutation,20260618T104710_055369,of:0000000000000006:2 -> of:000000000000000a:2,0.002,0.0025,0.002,0.002,2.3,2026-06-18T10:47:10,0.002,2.16
route_mutation,20260618T104710_055369,of:0000000000000003:1 -> of:000000000000000b:5,0.002,0.0025,0.002,0.002,1.83,2026-06-18T10:47:10,0.002,1.76
route_mutation,20260618T104710_055369,of:0000000000000007:1 -> of:000000000000000d:5,0.002,0.0025,0.002,0.002,2.63,2026-06-18T10:47:10,0.002,2.56
route_mutation,20260618T104710_055369,of:0000000000000007:2 -> of:000000000000000a:3,0.002,0.0025,0.002,0.002,2.23,2026-06-18T10:47:10,0.002,2.16
route_mutation,20260618T104710_055369,of:0000000000000002:2 -> of:0000000000000008:2,0.002,0.0025,0.002,0.002,2.3,2026-06-18T10:47:10,0.002,2.23
route_mutation,20260618T104710_055369,of:0000000000000008:1 -> of:000000000000000b:6,0.002,0.0025,0.002,0.002,1.7,2026-06-18T10:47:10,0.002,1.7
route_mutation,20260618T104710_055369,of:0000000000000009:1 -> of:000000000000000c:6,0.002,0.0025,0.002,0.002,1.7,2026-06-18T10:47:10,0.002,1.7
route_mutation,20260618T104710_055369,of:0000000000000001:2 -> of:000000000000000c:1,0.002,0.0025,0.002,0.002,2.7,2026-06-18T10:47:10,0.002,2.83
route_mutation,20260618T104710_055369,of:0000000000000003:2 -> of:0000000000000008:3,0.002,0.0025,0.002,0.002,2.33,2026-06-18T10:47:10,0.002,2.26
ip_shuffle,20260618T104740_368272,of:0000000000000005:1 -> of:000000000000000c:5,0.002,0.0025,0.002,0.002,1.5,2026-06-18T10:47:40,0.001,1.4
ip_shuffle,20260618T104740_368272,of:000000000000000a:1 -> of:000000000000000d:6,0.001,0.00125,0.001,0.001,1.4,2026-06-18T10:47:40,0.001,1.4
ip_shuffle,20260618T104740_368272,of:000000000000000b:2 -> of:000000000000000c:2,0.002,0.0025,0.002,0.002,1.6,2026-06-18T10:47:40,0.002,1.6
ip_shuffle,20260618T104740_368272,of:0000000000000004:2 -> of:0000000000000009:2,0.002,0.0025,0.002,0.002,1.56,2026-06-18T10:47:40,0.002,1.63
ip_shuffle,20260618T104740_368272,of:0000000000000005:2 -> of:0000000000000009:3,0.002,0.0025,0.002,0.002,1.56,2026-06-18T10:47:40,0.002,1.56
ip_shuffle,20260618T104740_368272,of:000000000000000b:3 -> of:000000000000000d:2,0.002,0.0025,0.002,0.002,1.53,2026-06-18T10:47:40,0.002,1.53
ip_shuffle,20260618T104740_368272,of:0000000000000004:1 -> of:000000000000000c:4,0.002,0.0025,0.002,0.002,1.5,2026-06-18T10:47:40,0.002,1.47
ip_shuffle,20260618T104740_368272,of:000000000000000c:3 -> of:000000000000000d:3,0.002,0.0025,0.002,0.002,1.53,2026-06-18T10:47:40,0.002,1.53
ip_shuffle,20260618T104740_368272,of:0000000000000001:1 -> of:000000000000000b:1,0.002,0.0025,0.002,0.002,1.47,2026-06-18T10:47:40,0.001,1.37
ip_shuffle,20260618T104740_368272,of:0000000000000006:1 -> of:000000000000000d:4,0.001,0.00125,0.001,0.001,1.43,2026-06-18T10:47:40,0.001,1.4
ip_shuffle,20260618T104740_368272,of:0000000000000002:1 -> of:000000000000000b:4,0.002,0.0025,0.002,0.002,1.53,2026-06-18T10:47:40,0.001,1.4
ip_shuffle,20260618T104740_368272,of:0000000000000001:3 -> of:000000000000000d:1,0.002,0.0025,0.002,0.002,1.76,2026-06-18T10:47:40,0.002,1.83
ip_shuffle,20260618T104740_368272,of:0000000000000006:2 -> of:000000000000000a:2,0.002,0.0025,0.002,0.002,1.56,2026-06-18T10:47:40,0.002,1.63
ip_shuffle,20260618T104740_368272,of:0000000000000003:1 -> of:000000000000000b:5,0.002,0.0025,0.002,0.002,1.5,2026-06-18T10:47:40,0.001,1.4
ip_shuffle,20260618T104740_368272,of:0000000000000007:1 -> of:000000000000000d:5,0.002,0.0025,0.002,0.002,1.9,2026-06-18T10:47:40,0.002,1.96
ip_shuffle,20260618T104740_368272,of:0000000000000007:2 -> of:000000000000000a:3,0.002,0.0025,0.002,0.002,1.56,2026-06-18T10:47:40,0.002,1.63
ip_shuffle,20260618T104740_368272,of:0000000000000002:2 -> of:0000000000000008:2,0.002,0.0025,0.002,0.002,1.66,2026-06-18T10:47:40,0.002,1.6
ip_shuffle,20260618T104740_368272,of:0000000000000008:1 -> of:000000000000000b:6,0.002,0.0025,0.002,0.002,1.47,2026-06-18T10:47:40,0.002,1.47
ip_shuffle,20260618T104740_368272,of:0000000000000009:1 -> of:000000000000000c:6,0.002,0.0025,0.002,0.002,1.47,2026-06-18T10:47:40,0.002,1.47
ip_shuffle,20260618T104740_368272,of:0000000000000001:2 -> of:000000000000000c:1,0.002,0.0025,0.002,0.002,1.47,2026-06-18T10:47:40,0.001,1.37
ip_shuffle,20260618T104740_368272,of:0000000000000003:2 -> of:0000000000000008:3,0.002,0.0025,0.002,0.002,1.63,2026-06-18T10:47:40,0.002,1.56
route_mutation,20260618T104844_413608,of:0000000000000005:1 -> of:000000000000000c:5,0.002,0.0025,0.002,0.002,2.53,2026-06-18T10:48:44,0.002,2.6
route_mutation,20260618T104844_413608,of:000000000000000a:1 -> of:000000000000000d:6,0.002,0.0025,0.002,0.002,1.7,2026-06-18T10:48:44,0.002,1.73
route_mutation,20260618T104844_413608,of:000000000000000b:2 -> of:000000000000000c:2,0.002,0.0025,0.002,0.002,2.16,2026-06-18T10:48:44,0.002,2.16
route_mutation,20260618T104844_413608,of:0000000000000004:2 -> of:0000000000000009:2,0.002,0.0025,0.002,0.002,2.16,2026-06-18T10:48:44,0.002,2.03
route_mutation,20260618T104844_413608,of:0000000000000005:2 -> of:0000000000000009:3,0.002,0.0025,0.002,0.002,2.16,2026-06-18T10:48:44,0.002,2.1
route_mutation,20260618T104844_413608,of:000000000000000b:3 -> of:000000000000000d:2,0.002,0.0025,0.002,0.002,2.16,2026-06-18T10:48:44,0.002,2.16
route_mutation,20260618T104844_413608,of:0000000000000004:1 -> of:000000000000000c:4,0.002,0.0025,0.002,0.002,1.86,2026-06-18T10:48:44,0.002,1.86
route_mutation,20260618T104844_413608,of:000000000000000c:3 -> of:000000000000000d:3,0.002,0.0025,0.002,0.002,2.26,2026-06-18T10:48:44,0.002,2.26
route_mutation,20260618T104844_413608,of:0000000000000001:1 -> of:000000000000000b:1,0.002,0.0025,0.002,0.002,1.7,2026-06-18T10:48:44,0.001,1.66
route_mutation,20260618T104844_413608,of:0000000000000006:1 -> of:000000000000000d:4,0.003,0.00375,0.003,0.003,3.36,2026-06-18T10:48:44,0.003,3.4
route_mutation,20260618T104844_413608,of:0000000000000002:1 -> of:000000000000000b:4,0.002,0.0025,0.002,0.002,2.0,2026-06-18T10:48:44,0.002,1.76
route_mutation,20260618T104844_413608,of:0000000000000001:3 -> of:000000000000000d:1,0.003,0.00375,0.003,0.003,3.56,2026-06-18T10:48:44,0.003,3.53
route_mutation,20260618T104844_413608,of:0000000000000006:2 -> of:000000000000000a:2,0.002,0.0025,0.002,0.002,2.13,2026-06-18T10:48:44,0.002,2.06
route_mutation,20260618T104844_413608,of:0000000000000003:1 -> of:000000000000000b:5,0.002,0.0025,0.002,0.002,1.73,2026-06-18T10:48:44,0.002,1.7
route_mutation,20260618T104844_413608,of:0000000000000007:1 -> of:000000000000000d:5,0.002,0.0025,0.002,0.002,2.3,2026-06-18T10:48:44,0.002,2.26
route_mutation,20260618T104844_413608,of:0000000000000007:2 -> of:000000000000000a:3,0.002,0.0025,0.002,0.002,2.13,2026-06-18T10:48:44,0.002,2.06
route_mutation,20260618T104844_413608,of:0000000000000002:2 -> of:0000000000000008:2,0.002,0.0025,0.002,0.002,2.43,2026-06-18T10:48:44,0.002,2.3
route_mutation,20260618T104844_413608,of:0000000000000008:1 -> of:000000000000000b:6,0.001,0.00125,0.001,0.001,1.63,2026-06-18T10:48:44,0.001,1.63
route_mutation,20260618T104844_413608,of:0000000000000009:1 -> of:000000000000000c:6,0.002,0.0025,0.002,0.002,1.7,2026-06-18T10:48:44,0.002,1.73
route_mutation,20260618T104844_413608,of:0000000000000001:2 -> of:000000000000000c:1,0.002,0.0025,0.002,0.002,2.33,2026-06-18T10:48:44,0.002,2.4
route_mutation,20260618T104844_413608,of:0000000000000003:2 -> of:0000000000000008:3,0.002,0.0025,0.002,0.002,2.16,2026-06-18T10:48:44,0.002,2.1
route_mutation,20260618T104914_667149,of:0000000000000005:1 -> of:000000000000000c:5,0.002,0.0025,0.002,0.002,1.7,2026-06-18T10:49:14,0.001,1.5
route_mutation,20260618T104914_667149,of:000000000000000a:1 -> of:000000000000000d:6,0.002,0.0025,0.002,0.002,1.6,2026-06-18T10:49:14,0.002,1.56
route_mutation,20260618T104914_667149,of:000000000000000b:2 -> of:000000000000000c:2,0.002,0.0025,0.002,0.002,1.9,2026-06-18T10:49:14,0.002,1.9
route_mutation,20260618T104914_667149,of:0000000000000004:2 -> of:0000000000000009:2,0.002,0.0025,0.002,0.002,1.96,2026-06-18T10:49:14,0.002,2.03
route_mutation,20260618T104914_667149,of:0000000000000005:2 -> of:0000000000000009:3,0.002,0.0025,0.002,0.002,1.96,2026-06-18T10:49:14,0.002,1.96
route_mutation,20260618T104914_667149,of:000000000000000b:3 -> of:000000000000000d:2,0.002,0.0025,0.002,0.002,1.9,2026-06-18T10:49:14,0.002,1.9
route_mutation,20260618T104914_667149,of:0000000000000004:1 -> of:000000000000000c:4,0.002,0.0025,0.002,0.002,1.7,2026-06-18T10:49:14,0.002,1.56
route_mutation,20260618T104914_667149,of:000000000000000c:3 -> of:000000000000000d:3,0.002,0.0025,0.002,0.002,1.8,2026-06-18T10:49:14,0.002,1.8
route_mutation,20260618T104914_667149,of:0000000000000001:1 -> of:000000000000000b:1,0.002,0.0025,0.002,0.002,1.66,2026-06-18T10:49:14,0.002,1.56
route_mutation,20260618T104914_667149,of:0000000000000006:1 -> of:000000000000000d:4,0.002,0.0025,0.002,0.002,1.66,2026-06-18T10:49:14,0.002,1.63
route_mutation,20260618T104914_667149,of:0000000000000002:1 -> of:000000000000000b:4,0.002,0.0025,0.002,0.001,1.5,2026-06-18T10:49:14,0.002,1.66
route_mutation,20260618T104914_667149,of:0000000000000001:3 -> of:000000000000000d:1,0.002,0.0025,0.002,0.002,2.53,2026-06-18T10:49:14,0.002,2.56
route_mutation,20260618T104914_667149,of:0000000000000006:2 -> of:000000000000000a:2,0.002,0.0025,0.002,0.002,1.93,2026-06-18T10:49:14,0.002,2.0
route_mutation,20260618T104914_667149,of:0000000000000003:1 -> of:000000000000000b:5,0.002,0.0025,0.002,0.002,1.7,2026-06-18T10:49:14,0.002,1.6
route_mutation,20260618T104914_667149,of:0000000000000007:1 -> of:000000000000000d:5,0.002,0.0025,0.002,0.002,2.59,2026-06-18T10:49:14,0.002,2.63
route_mutation,20260618T104914_667149,of:0000000000000007:2 -> of:000000000000000a:3,0.002,0.0025,0.002,0.002,1.93,2026-06-18T10:49:14,0.002,2.0
route_mutation,20260618T104914_667149,of:0000000000000002:2 -> of:0000000000000008:2,0.002,0.0025,0.002,0.002,1.83,2026-06-18T10:49:14,0.002,1.9
route_mutation,20260618T104914_667149,of:0000000000000008:1 -> of:000000000000000b:6,0.002,0.0025,0.002,0.002,1.66,2026-06-18T10:49:14,0.002,1.66
route_mutation,20260618T104914_667149,of:0000000000000009:1 -> of:000000000000000c:6,0.002,0.0025,0.002,0.002,1.6,2026-06-18T10:49:14,0.002,1.56
route_mutation,20260618T104914_667149,of:0000000000000001:2 -> of:000000000000000c:1,0.002,0.0025,0.002,0.002,1.63,2026-06-18T10:49:14,0.001,1.5
route_mutation,20260618T104914_667149,of:0000000000000003:2 -> of:0000000000000008:3,0.002,0.0025,0.002,0.002,2.03,2026-06-18T10:49:14,0.002,1.96
route_mutation,20260618T104944_918566,of:0000000000000005:1 -> of:000000000000000c:5,0.002,0.0025,0.002,0.001,1.4,2026-06-18T10:49:44,0.002,1.53
route_mutation,20260618T104944_918566,of:000000000000000a:1 -> of:000000000000000d:6,0.002,0.0025,0.002,0.002,1.53,2026-06-18T10:49:44,0.002,1.53
route_mutation,20260618T104944_918566,of:000000000000000b:2 -> of:000000000000000c:2,0.002,0.0025,0.002,0.002,1.73,2026-06-18T10:49:44,0.002,1.73
route_mutation,20260618T104944_918566,of:0000000000000004:2 -> of:0000000000000009:2,0.002,0.0025,0.002,0.002,1.66,2026-06-18T10:49:44,0.002,1.73
route_mutation,20260618T104944_918566,of:0000000000000005:2 -> of:0000000000000009:3,0.002,0.0025,0.002,0.002,1.66,2026-06-18T10:49:44,0.002,1.73
route_mutation,20260618T104944_918566,of:000000000000000b:3 -> of:000000000000000d:2,0.002,0.0025,0.002,0.002,1.9,2026-06-18T10:49:44,0.002,1.9
route_mutation,20260618T104944_918566,of:0000000000000004:1 -> of:000000000000000c:4,0.002,0.0025,0.002,0.001,1.4,2026-06-18T10:49:44,0.002,1.53
route_mutation,20260618T104944_918566,of:000000000000000c:3 -> of:000000000000000d:3,0.002,0.0025,0.002,0.002,1.73,2026-06-18T10:49:44,0.002,1.73
route_mutation,20260618T104944_918566,of:0000000000000001:1 -> of:000000000000000b:1,0.003,0.00375,0.003,0.003,3.33,2026-06-18T10:49:44,0.003,3.33
route_mutation,20260618T104944_918566,of:0000000000000006:1 -> of:000000000000000d:4,0.002,0.0025,0.002,0.002,1.86,2026-06-18T10:49:44,0.002,1.86
route_mutation,20260618T104944_918566,of:0000000000000002:1 -> of:000000000000000b:4,0.002,0.0025,0.002,0.002,2.66,2026-06-18T10:49:44,0.002,2.66
route_mutation,20260618T104944_918566,of:0000000000000001:3 -> of:000000000000000d:1,0.002,0.0025,0.002,0.002,1.7,2026-06-18T10:49:44,0.002,1.7
route_mutation,20260618T104944_918566,of:0000000000000006:2 -> of:000000000000000a:2,0.002,0.0025,0.002,0.002,1.73,2026-06-18T10:49:44,0.002,1.73
route_mutation,20260618T104944_918566,of:0000000000000003:1 -> of:000000000000000b:5,0.002,0.0025,0.002,0.002,1.93,2026-06-18T10:49:44,0.002,2.06
route_mutation,20260618T104944_918566,of:0000000000000007:1 -> of:000000000000000d:5,0.002,0.0025,0.002,0.002,1.53,2026-06-18T10:49:44,0.002,1.53
route_mutation,20260618T104944_918566,of:0000000000000007:2 -> of:000000000000000a:3,0.002,0.0025,0.002,0.002,1.73,2026-06-18T10:49:44,0.002,1.73
route_mutation,20260618T104944_918566,of:0000000000000002:2 -> of:0000000000000008:2,0.002,0.0025,0.002,0.002,1.66,2026-06-18T10:49:44,0.002,1.73
route_mutation,20260618T104944_918566,of:0000000000000008:1 -> of:000000000000000b:6,0.002,0.0025,0.002,0.002,1.53,2026-06-18T10:49:44,0.002,1.53
route_mutation,20260618T104944_918566,of:0000000000000009:1 -> of:000000000000000c:6,0.002,0.0025,0.002,0.002,1.53,2026-06-18T10:49:44,0.002,1.53
route_mutation,20260618T104944_918566,of:0000000000000001:2 -> of:000000000000000c:1,0.002,0.0025,0.002,0.002,1.57,2026-06-18T10:49:44,0.002,1.57
route_mutation,20260618T104944_918566,of:0000000000000003:2 -> of:0000000000000008:3,0.002,0.0025,0.002,0.001,1.6,2026-06-18T10:49:44,0.002,1.73
ip_shuffle,20260618T105015_154265,of:0000000000000005:1 -> of:000000000000000c:5,0.002,0.0025,0.002,0.002,2.43,2026-06-18T10:50:15,0.002,2.46
ip_shuffle,20260618T105015_154265,of:000000000000000a:1 -> of:000000000000000d:6,0.002,0.0025,0.002,0.002,1.6,2026-06-18T10:50:15,0.002,1.6
ip_shuffle,20260618T105015_154265,of:000000000000000b:2 -> of:000000000000000c:2,0.002,0.0025,0.002,0.002,1.93,2026-06-18T10:50:15,0.002,1.93
ip_shuffle,20260618T105015_154265,of:0000000000000004:2 -> of:0000000000000009:2,0.002,0.0025,0.002,0.002,1.96,2026-06-18T10:50:15,0.002,1.9
ip_shuffle,20260618T105015_154265,of:0000000000000005:2 -> of:0000000000000009:3,0.002,0.0025,0.002,0.002,1.96,2026-06-18T10:50:15,0.002,1.9
ip_shuffle,20260618T105015_154265,of:000000000000000b:3 -> of:000000000000000d:2,0.002,0.0025,0.002,0.002,1.93,2026-06-18T10:50:15,0.002,1.93
ip_shuffle,20260618T105015_154265,of:0000000000000004:1 -> of:000000000000000c:4,0.002,0.0025,0.002,0.002,2.43,2026-06-18T10:50:15,0.002,2.46
ip_shuffle,20260618T105015_154265,of:000000000000000c:3 -> of:000000000000000d:3,0.002,0.0025,0.002,0.002,2.0,2026-06-18T10:50:15,0.002,2.0
ip_shuffle,20260618T105015_154265,of:0000000000000001:1 -> of:000000000000000b:1,0.002,0.0025,0.002,0.002,1.8,2026-06-18T10:50:15,0.002,1.83
ip_shuffle,20260618T105015_154265,of:0000000000000006:1 -> of:000000000000000d:4,0.002,0.0025,0.002,0.002,2.5,2026-06-18T10:50:15,0.002,2.46
ip_shuffle,20260618T105015_154265,of:0000000000000002:1 -> of:000000000000000b:4,0.002,0.0025,0.002,0.002,1.7,2026-06-18T10:50:15,0.001,1.53
ip_shuffle,20260618T105015_154265,of:0000000000000001:3 -> of:000000000000000d:1,0.002,0.0025,0.002,0.002,2.83,2026-06-18T10:50:15,0.002,2.7
ip_shuffle,20260618T105015_154265,of:0000000000000006:2 -> of:000000000000000a:2,0.002,0.0025,0.002,0.002,1.9,2026-06-18T10:50:15,0.002,1.83
ip_shuffle,20260618T105015_154265,of:0000000000000003:1 -> of:000000000000000b:5,0.002,0.0025,0.002,0.002,2.13,2026-06-18T10:50:15,0.002,2.1
ip_shuffle,20260618T105015_154265,of:0000000000000007:1 -> of:000000000000000d:5,0.002,0.0025,0.002,0.002,1.63,2026-06-18T10:50:15,0.002,1.63
ip_shuffle,20260618T105015_154265,of:0000000000000007:2 -> of:000000000000000a:3,0.002,0.0025,0.002,0.002,1.9,2026-06-18T10:50:15,0.002,1.86
ip_shuffle,20260618T105015_154265,of:0000000000000002:2 -> of:0000000000000008:2,0.002,0.0025,0.002,0.002,2.1,2026-06-18T10:50:15,0.002,1.96
ip_shuffle,20260618T105015_154265,of:0000000000000008:1 -> of:000000000000000b:6,0.001,0.00125,0.001,0.001,1.53,2026-06-18T10:50:15,0.001,1.53
ip_shuffle,20260618T105015_154265,of:0000000000000009:1 -> of:000000000000000c:6,0.002,0.0025,0.002,0.002,1.6,2026-06-18T10:50:15,0.002,1.6
ip_shuffle,20260618T105015_154265,of:0000000000000001:2 -> of:000000000000000c:1,0.003,0.00375,0.003,0.003,3.16,2026-06-18T10:50:15,0.003,3.26
ip_shuffle,20260618T105015_154265,of:0000000000000003:2 -> of:0000000000000008:3,0.002,0.0025,0.002,0.002,1.96,2026-06-18T10:50:15,0.002,1.9
route_mutation,20260618T105112_741589,of:0000000000000005:1 -> of:000000000000000c:5,0.002,0.0025,0.002,0.002,1.53,2026-06-18T10:51:12,0.002,1.53
route_mutation,20260618T105112_741589,of:000000000000000a:1 -> of:000000000000000d:6,0.002,0.0025,0.002,0.002,1.53,2026-06-18T10:51:12,0.002,1.53
route_mutation,20260618T105112_741589,of:000000000000000b:2 -> of:000000000000000c:2,0.002,0.0025,0.002,0.002,1.73,2026-06-18T10:51:12,0.002,1.73
route_mutation,20260618T105112_741589,of:0000000000000004:2 -> of:0000000000000009:2,0.002,0.0025,0.002,0.002,1.66,2026-06-18T10:51:12,0.002,1.8
route_mutation,20260618T105112_741589,of:0000000000000005:2 -> of:0000000000000009:3,0.002,0.0025,0.002,0.002,1.73,2026-06-18T10:51:12,0.002,1.8
route_mutation,20260618T105112_741589,of:000000000000000b:3 -> of:000000000000000d:2,0.002,0.0025,0.002,0.002,1.73,2026-06-18T10:51:12,0.002,1.73
route_mutation,20260618T105112_741589,of:0000000000000004:1 -> of:000000000000000c:4,0.002,0.0025,0.002,0.001,1.46,2026-06-18T10:51:12,0.002,1.53
route_mutation,20260618T105112_741589,of:000000000000000c:3 -> of:000000000000000d:3,0.002,0.0025,0.002,0.002,1.73,2026-06-18T10:51:12,0.002,1.73
route_mutation,20260618T105112_741589,of:0000000000000001:1 -> of:000000000000000b:1,0.003,0.00375,0.003,0.003,3.3,2026-06-18T10:51:12,0.003,3.3
route_mutation,20260618T105112_741589,of:0000000000000006:1 -> of:000000000000000d:4,0.002,0.0025,0.002,0.002,2.13,2026-06-18T10:51:12,0.002,2.13
route_mutation,20260618T105112_741589,of:0000000000000002:1 -> of:000000000000000b:4,0.002,0.0025,0.002,0.002,2.56,2026-06-18T10:51:12,0.002,2.56
route_mutation,20260618T105112_741589,of:0000000000000001:3 -> of:000000000000000d:1,0.002,0.0025,0.002,0.002,1.93,2026-06-18T10:51:12,0.002,1.93
route_mutation,20260618T105112_741589,of:0000000000000006:2 -> of:000000000000000a:2,0.002,0.0025,0.002,0.002,1.8,2026-06-18T10:51:12,0.002,1.8
route_mutation,20260618T105112_741589,of:0000000000000003:1 -> of:000000000000000b:5,0.002,0.0025,0.002,0.002,1.93,2026-06-18T10:51:12,0.002,1.93
route_mutation,20260618T105112_741589,of:0000000000000007:1 -> of:000000000000000d:5,0.002,0.0025,0.002,0.002,1.6,2026-06-18T10:51:12,0.002,1.53
route_mutation,20260618T105112_741589,of:0000000000000007:2 -> of:000000000000000a:3,0.002,0.0025,0.002,0.002,1.8,2026-06-18T10:51:12,0.002,1.8
route_mutation,20260618T105112_741589,of:0000000000000002:2 -> of:0000000000000008:2,0.002,0.0025,0.002,0.002,1.7,2026-06-18T10:51:12,0.002,1.76
route_mutation,20260618T105112_741589,of:0000000000000008:1 -> of:000000000000000b:6,0.002,0.0025,0.002,0.002,1.56,2026-06-18T10:51:12,0.002,1.53
route_mutation,20260618T105112_741589,of:0000000000000009:1 -> of:000000000000000c:6,0.002,0.0025,0.002,0.002,1.53,2026-06-18T10:51:12,0.002,1.53
route_mutation,20260618T105112_741589,of:0000000000000001:2 -> of:000000000000000c:1,0.002,0.0025,0.002,0.002,1.53,2026-06-18T10:51:12,0.002,1.53
route_mutation,20260618T105112_741589,of:0000000000000003:2 -> of:0000000000000008:3,0.002,0.0025,0.002,0.002,1.7,2026-06-18T10:51:12,0.002,1.83
route_mutation,20260618T105142_998106,of:0000000000000005:1 -> of:000000000000000c:5,0.002,0.0025,0.002,0.002,2.33,2026-06-18T10:51:42,0.002,2.43
route_mutation,20260618T105142_998106,of:000000000000000a:1 -> of:000000000000000d:6,0.002,0.0025,0.002,0.002,1.56,2026-06-18T10:51:42,0.002,1.56
route_mutation,20260618T105142_998106,of:000000000000000b:2 -> of:000000000000000c:2,0.002,0.0025,0.002,0.002,1.93,2026-06-18T10:51:42,0.002,1.93
route_mutation,20260618T105142_998106,of:0000000000000004:2 -> of:0000000000000009:2,0.002,0.0025,0.002,0.002,1.83,2026-06-18T10:51:42,0.002,1.76
route_mutation,20260618T105142_998106,of:0000000000000005:2 -> of:0000000000000009:3,0.002,0.0025,0.002,0.002,1.8,2026-06-18T10:51:42,0.002,1.8
route_mutation,20260618T105142_998106,of:000000000000000b:3 -> of:000000000000000d:2,0.002,0.0025,0.002,0.002,1.93,2026-06-18T10:51:42,0.002,1.93
route_mutation,20260618T105142_998106,of:0000000000000004:1 -> of:000000000000000c:4,0.002,0.0025,0.002,0.002,2.4,2026-06-18T10:51:42,0.002,2.43
route_mutation,20260618T105142_998106,of:000000000000000c:3 -> of:000000000000000d:3,0.002,0.0025,0.002,0.002,1.93,2026-06-18T10:51:42,0.002,1.93
route_mutation,20260618T105142_998106,of:0000000000000001:1 -> of:000000000000000b:1,0.002,0.0025,0.002,0.002,1.86,2026-06-18T10:51:42,0.002,1.96
route_mutation,20260618T105142_998106,of:0000000000000006:1 -> of:000000000000000d:4,0.002,0.0025,0.002,0.002,2.46,2026-06-18T10:51:42,0.002,2.43
route_mutation,20260618T105142_998106,of:0000000000000002:1 -> of:000000000000000b:4,0.002,0.0025,0.002,0.002,1.66,2026-06-18T10:51:42,0.002,1.56
route_mutation,20260618T105142_998106,of:0000000000000001:3 -> of:000000000000000d:1,0.002,0.0025,0.002,0.002,2.7,2026-06-18T10:51:42,0.002,2.56
route_mutation,20260618T105142_998106,of:0000000000000006:2 -> of:000000000000000a:2,0.002,0.0025,0.002,0.002,1.83,2026-06-18T10:51:42,0.002,1.76
route_mutation,20260618T105142_998106,of:0000000000000003:1 -> of:000000000000000b:5,0.002,0.0025,0.002,0.002,2.43,2026-06-18T10:51:42,0.002,2.33
route_mutation,20260618T105142_998106,of:0000000000000007:1 -> of:000000000000000d:5,0.002,0.0025,0.002,0.002,1.53,2026-06-18T10:51:42,0.002,1.56
route_mutation,20260618T105142_998106,of:0000000000000007:2 -> of:000000000000000a:3,0.002,0.0025,0.002,0.002,1.83,2026-06-18T10:51:42,0.002,1.76
route_mutation,20260618T105142_998106,of:0000000000000002:2 -> of:0000000000000008:2,0.002,0.0025,0.002,0.002,2.0,2026-06-18T10:51:42,0.002,1.86
route_mutation,20260618T105142_998106,of:0000000000000008:1 -> of:000000000000000b:6,0.002,0.0025,0.002,0.002,1.53,2026-06-18T10:51:42,0.002,1.56
route_mutation,20260618T105142_998106,of:0000000000000009:1 -> of:000000000000000c:6,0.002,0.0025,0.002,0.002,1.53,2026-06-18T10:51:42,0.002,1.56
route_mutation,20260618T105142_998106,of:0000000000000001:2 -> of:000000000000000c:1,0.003,0.00375,0.003,0.003,3.16,2026-06-18T10:51:42,0.003,3.26
route_mutation,20260618T105142_998106,of:0000000000000003:2 -> of:0000000000000008:3,0.002,0.0025,0.002,0.002,2.13,2026-06-18T10:51:42,0.002,2.0
ip_shuffle,20260618T105213_225194,of:0000000000000005:1 -> of:000000000000000c:5,0.002,0.0025,0.002,0.002,1.76,2026-06-18T10:52:13,0.001,1.6
ip_shuffle,20260618T105213_225194,of:000000000000000a:1 -> of:000000000000000d:6,0.002,0.0025,0.002,0.002,1.66,2026-06-18T10:52:13,0.002,1.66
ip_shuffle,20260618T105213_225194,of:000000000000000b:2 -> of:000000000000000c:2,0.002,0.0025,0.002,0.002,2.0,2026-06-18T10:52:13,0.002,2.0
ip_shuffle,20260618T105213_225194,of:0000000000000004:2 -> of:0000000000000009:2,0.002,0.0025,0.002,0.002,2.23,2026-06-18T10:52:13,0.002,2.16
ip_shuffle,20260618T105213_225194,of:0000000000000005:2 -> of:0000000000000009:3,0.002,0.0025,0.002,0.002,2.2,2026-06-18T10:52:13,0.002,2.13
ip_shuffle,20260618T105213_225194,of:000000000000000b:3 -> of:000000000000000d:2,0.002,0.0025,0.002,0.002,2.0,2026-06-18T10:52:13,0.002,2.0
ip_shuffle,20260618T105213_225194,of:0000000000000004:1 -> of:000000000000000c:4,0.002,0.0025,0.002,0.002,1.76,2026-06-18T10:52:13,0.001,1.6
ip_shuffle,20260618T105213_225194,of:000000000000000c:3 -> of:000000000000000d:3,0.002,0.0025,0.002,0.002,2.0,2026-06-18T10:52:13,0.002,2.0
ip_shuffle,20260618T105213_225194,of:0000000000000001:1 -> of:000000000000000b:1,0.002,0.0025,0.002,0.002,1.66,2026-06-18T10:52:13,0.002,1.56
ip_shuffle,20260618T105213_225194,of:0000000000000006:1 -> of:000000000000000d:4,0.002,0.0025,0.002,0.002,1.93,2026-06-18T10:52:13,0.002,1.9
ip_shuffle,20260618T105213_225194,of:0000000000000002:1 -> of:000000000000000b:4,0.002,0.0025,0.002,0.002,1.56,2026-06-18T10:52:13,0.002,1.66
ip_shuffle,20260618T105213_225194,of:0000000000000001:3 -> of:000000000000000d:1,0.003,0.00375,0.003,0.002,2.83,2026-06-18T10:52:13,0.003,2.96
ip_shuffle,20260618T105213_225194,of:0000000000000006:2 -> of:000000000000000a:2,0.002,0.0025,0.002,0.002,2.1,2026-06-18T10:52:13,0.002,2.16
ip_shuffle,20260618T105213_225194,of:0000000000000003:1 -> of:000000000000000b:5,0.002,0.0025,0.002,0.002,1.56,2026-06-18T10:52:13,0.002,1.66
ip_shuffle,20260618T105213_225194,of:0000000000000007:1 -> of:000000000000000d:5,0.003,0.00375,0.003,0.003,2.96,2026-06-18T10:52:13,0.002,2.86
ip_shuffle,20260618T105213_225194,of:0000000000000007:2 -> of:000000000000000a:3,0.002,0.0025,0.002,0.002,2.1,2026-06-18T10:52:13,0.002,2.16
ip_shuffle,20260618T105213_225194,of:0000000000000002:2 -> of:0000000000000008:2,0.002,0.0025,0.002,0.002,2.0,2026-06-18T10:52:13,0.002,2.06
ip_shuffle,20260618T105213_225194,of:0000000000000008:1 -> of:000000000000000b:6,0.002,0.0025,0.002,0.002,1.7,2026-06-18T10:52:13,0.002,1.66
ip_shuffle,20260618T105213_225194,of:0000000000000009:1 -> of:000000000000000c:6,0.002,0.0025,0.002,0.002,1.7,2026-06-18T10:52:13,0.002,1.66
ip_shuffle,20260618T105213_225194,of:0000000000000001:2 -> of:000000000000000c:1,0.002,0.0025,0.002,0.002,1.66,2026-06-18T10:52:13,0.002,1.56
ip_shuffle,20260618T105213_225194,of:0000000000000003:2 -> of:0000000000000008:3,0.002,0.0025,0.002,0.002,2.0,2026-06-18T10:52:13,0.002,2.06
route_mutation,20260618T105318_358700,of:0000000000000005:1 -> of:000000000000000c:5,0.002,0.0025,0.002,0.002,2.2,2026-06-18T10:53:18,0.002,2.3
route_mutation,20260618T105318_358700,of:000000000000000a:1 -> of:000000000000000d:6,0.002,0.0025,0.002,0.002,1.5,2026-06-18T10:53:18,0.002,1.53
route_mutation,20260618T105318_358700,of:000000000000000b:2 -> of:000000000000000c:2,0.002,0.0025,0.002,0.002,1.66,2026-06-18T10:53:18,0.002,1.66
route_mutation,20260618T105318_358700,of:0000000000000004:2 -> of:0000000000000009:2,0.002,0.0025,0.002,0.002,1.63,2026-06-18T10:53:18,0.002,1.56
route_mutation,20260618T105318_358700,of:0000000000000005:2 -> of:0000000000000009:3,0.002,0.0025,0.002,0.002,1.56,2026-06-18T10:53:18,0.002,1.56
route_mutation,20260618T105318_358700,of:000000000000000b:3 -> of:000000000000000d:2,0.002,0.0025,0.002,0.002,1.7,2026-06-18T10:53:18,0.002,1.7
route_mutation,20260618T105318_358700,of:0000000000000004:1 -> of:000000000000000c:4,0.002,0.0025,0.002,0.002,2.26,2026-06-18T10:53:18,0.002,2.3
route_mutation,20260618T105318_358700,of:000000000000000c:3 -> of:000000000000000d:3,0.002,0.0025,0.002,0.002,1.73,2026-06-18T10:53:18,0.002,1.7
route_mutation,20260618T105318_358700,of:0000000000000001:1 -> of:000000000000000b:1,0.003,0.00375,0.003,0.003,2.96,2026-06-18T10:53:18,0.003,3.03
route_mutation,20260618T105318_358700,of:0000000000000006:1 -> of:000000000000000d:4,0.002,0.0025,0.002,0.002,2.4,2026-06-18T10:53:18,0.002,2.36
route_mutation,20260618T105318_358700,of:0000000000000002:1 -> of:000000000000000b:4,0.002,0.0025,0.002,0.002,1.6,2026-06-18T10:53:18,0.002,1.53
route_mutation,20260618T105318_358700,of:0000000000000001:3 -> of:000000000000000d:1,0.002,0.0025,0.002,0.002,2.33,2026-06-18T10:53:18,0.002,2.26
route_mutation,20260618T105318_358700,of:0000000000000006:2 -> of:000000000000000a:2,0.002,0.0025,0.002,0.002,1.6,2026-06-18T10:53:18,0.002,1.6
route_mutation,20260618T105318_358700,of:0000000000000003:1 -> of:000000000000000b:5,0.003,0.00375,0.003,0.003,3.0,2026-06-18T10:53:18,0.003,2.86
route_mutation,20260618T105318_358700,of:0000000000000007:1 -> of:000000000000000d:5,0.002,0.0025,0.002,0.001,1.43,2026-06-18T10:53:18,0.002,1.53
route_mutation,20260618T105318_358700,of:0000000000000007:2 -> of:000000000000000a:3,0.002,0.0025,0.002,0.002,1.6,2026-06-18T10:53:18,0.002,1.66
route_mutation,20260618T105318_358700,of:0000000000000002:2 -> of:0000000000000008:2,0.002,0.0025,0.002,0.002,1.73,2026-06-18T10:53:18,0.001,1.6
route_mutation,20260618T105318_358700,of:0000000000000008:1 -> of:000000000000000b:6,0.001,0.00125,0.001,0.001,1.43,2026-06-18T10:53:18,0.001,1.43
route_mutation,20260618T105318_358700,of:0000000000000009:1 -> of:000000000000000c:6,0.001,0.00125,0.001,0.001,1.43,2026-06-18T10:53:18,0.001,1.43
route_mutation,20260618T105318_358700,of:0000000000000001:2 -> of:000000000000000c:1,0.003,0.00375,0.003,0.003,3.06,2026-06-18T10:53:18,0.003,3.1
route_mutation,20260618T105318_358700,of:0000000000000003:2 -> of:0000000000000008:3,0.002,0.0025,0.002,0.002,1.73,2026-06-18T10:53:18,0.001,1.6
route_mutation,20260618T105348_545245,of:0000000000000005:1 -> of:000000000000000c:5,0.002,0.0025,0.002,0.002,1.96,2026-06-18T10:53:48,0.002,1.83
route_mutation,20260618T105348_545245,of:000000000000000a:1 -> of:000000000000000d:6,0.002,0.0025,0.002,0.002,1.83,2026-06-18T10:53:48,0.002,1.8
route_mutation,20260618T105348_545245,of:000000000000000b:2 -> of:000000000000000c:2,0.002,0.0025,0.002,0.002,2.46,2026-06-18T10:53:48,0.002,2.46
route_mutation,20260618T105348_545245,of:0000000000000004:2 -> of:0000000000000009:2,0.002,0.0025,0.002,0.002,2.6,2026-06-18T10:53:48,0.002,2.53
route_mutation,20260618T105348_545245,of:0000000000000005:2 -> of:0000000000000009:3,0.002,0.0025,0.002,0.002,2.6,2026-06-18T10:53:48,0.002,2.53
route_mutation,20260618T105348_545245,of:000000000000000b:3 -> of:000000000000000d:2,0.002,0.0025,0.002,0.002,2.43,2026-06-18T10:53:48,0.002,2.43
route_mutation,20260618T105348_545245,of:0000000000000004:1 -> of:000000000000000c:4,0.002,0.0025,0.002,0.002,1.96,2026-06-18T10:53:48,0.002,1.83
route_mutation,20260618T105348_545245,of:000000000000000c:3 -> of:000000000000000d:3,0.002,0.0025,0.002,0.002,2.4,2026-06-18T10:53:48,0.002,2.43
route_mutation,20260618T105348_545245,of:0000000000000001:1 -> of:000000000000000b:1,0.002,0.0025,0.002,0.002,1.9,2026-06-18T10:53:48,0.002,1.86
route_mutation,20260618T105348_545245,of:0000000000000006:1 -> of:000000000000000d:4,0.002,0.0025,0.002,0.002,2.56,2026-06-18T10:53:48,0.002,2.56
route_mutation,20260618T105348_545245,of:0000000000000002:1 -> of:000000000000000b:4,0.002,0.0025,0.002,0.002,1.86,2026-06-18T10:53:48,0.002,1.9
route_mutation,20260618T105348_545245,of:0000000000000001:3 -> of:000000000000000d:1,0.003,0.00375,0.003,0.003,3.5,2026-06-18T10:53:48,0.003,3.46
route_mutation,20260618T105348_545245,of:0000000000000006:2 -> of:000000000000000a:2,0.002,0.0025,0.002,0.002,2.5,2026-06-18T10:53:48,0.002,2.5
route_mutation,20260618T105348_545245,of:0000000000000003:1 -> of:000000000000000b:5,0.002,0.0025,0.002,0.002,1.86,2026-06-18T10:53:48,0.002,1.9
route_mutation,20260618T105348_545245,of:0000000000000007:1 -> of:000000000000000d:5,0.002,0.0025,0.002,0.002,2.8,2026-06-18T10:53:48,0.002,2.6
route_mutation,20260618T105348_545245,of:0000000000000007:2 -> of:000000000000000a:3,0.002,0.0025,0.002,0.002,2.5,2026-06-18T10:53:48,0.002,2.43
route_mutation,20260618T105348_545245,of:0000000000000002:2 -> of:0000000000000008:2,0.002,0.0025,0.002,0.002,2.5,2026-06-18T10:53:48,0.002,2.56
route_mutation,20260618T105348_545245,of:0000000000000008:1 -> of:000000000000000b:6,0.002,0.0025,0.002,0.002,1.9,2026-06-18T10:53:48,0.002,1.9
route_mutation,20260618T105348_545245,of:0000000000000009:1 -> of:000000000000000c:6,0.002,0.0025,0.002,0.002,1.9,2026-06-18T10:53:48,0.002,1.9
route_mutation,20260618T105348_545245,of:0000000000000001:2 -> of:000000000000000c:1,0.002,0.0025,0.002,0.002,1.86,2026-06-18T10:53:48,0.002,1.86
route_mutation,20260618T105348_545245,of:0000000000000003:2 -> of:0000000000000008:3,0.002,0.0025,0.002,0.002,2.5,2026-06-18T10:53:48,0.002,2.56
ip_shuffle,20260618T105418_774925,of:0000000000000005:1 -> of:000000000000000c:5,0.001,0.00125,0.001,0.001,1.33,2026-06-18T10:54:18,0.001,1.37
ip_shuffle,20260618T105418_774925,of:000000000000000a:1 -> of:000000000000000d:6,0.002,0.0025,0.002,0.002,1.37,2026-06-18T10:54:18,0.002,1.37
ip_shuffle,20260618T105418_774925,of:000000000000000b:2 -> of:000000000000000c:2,0.002,0.0025,0.002,0.002,1.4,2026-06-18T10:54:18,0.002,1.4
ip_shuffle,20260618T105418_774925,of:0000000000000004:2 -> of:0000000000000009:2,0.002,0.0025,0.002,0.001,1.37,2026-06-18T10:54:18,0.002,1.43
ip_shuffle,20260618T105418_774925,of:0000000000000005:2 -> of:0000000000000009:3,0.002,0.0025,0.002,0.001,1.37,2026-06-18T10:54:18,0.002,1.43
ip_shuffle,20260618T105418_774925,of:000000000000000b:3 -> of:000000000000000d:2,0.002,0.0025,0.002,0.002,1.4,2026-06-18T10:54:18,0.002,1.4
ip_shuffle,20260618T105418_774925,of:0000000000000004:1 -> of:000000000000000c:4,0.001,0.00125,0.001,0.001,1.33,2026-06-18T10:54:18,0.001,1.37
ip_shuffle,20260618T105418_774925,of:000000000000000c:3 -> of:000000000000000d:3,0.002,0.0025,0.002,0.002,1.4,2026-06-18T10:54:18,0.002,1.4
ip_shuffle,20260618T105418_774925,of:0000000000000001:1 -> of:000000000000000b:1,0.002,0.0025,0.002,0.002,1.4,2026-06-18T10:54:18,0.002,1.37
ip_shuffle,20260618T105418_774925,of:0000000000000006:1 -> of:000000000000000d:4,0.001,0.00125,0.001,0.001,1.33,2026-06-18T10:54:18,0.001,1.37
ip_shuffle,20260618T105418_774925,of:0000000000000002:1 -> of:000000000000000b:4,0.002,0.0025,0.002,0.002,1.37,2026-06-18T10:54:18,0.002,1.4
ip_shuffle,20260618T105418_774925,of:0000000000000001:3 -> of:000000000000000d:1,0.002,0.0025,0.002,0.002,1.5,2026-06-18T10:54:18,0.002,1.6
ip_shuffle,20260618T105418_774925,of:0000000000000006:2 -> of:000000000000000a:2,0.002,0.0025,0.002,0.002,1.43,2026-06-18T10:54:18,0.002,1.43
ip_shuffle,20260618T105418_774925,of:0000000000000003:1 -> of:000000000000000b:5,0.001,0.00125,0.001,0.001,1.33,2026-06-18T10:54:18,0.001,1.37
ip_shuffle,20260618T105418_774925,of:0000000000000007:1 -> of:000000000000000d:5,0.002,0.0025,0.002,0.002,1.66,2026-06-18T10:54:18,0.002,1.76
ip_shuffle,20260618T105418_774925,of:0000000000000007:2 -> of:000000000000000a:3,0.002,0.0025,0.002,0.002,1.43,2026-06-18T10:54:18,0.002,1.43
ip_shuffle,20260618T105418_774925,of:0000000000000002:2 -> of:0000000000000008:2,0.001,0.00125,0.001,0.001,1.37,2026-06-18T10:54:18,0.001,1.37
ip_shuffle,20260618T105418_774925,of:0000000000000008:1 -> of:000000000000000b:6,0.001,0.00125,0.001,0.001,1.37,2026-06-18T10:54:18,0.001,1.37
ip_shuffle,20260618T105418_774925,of:0000000000000009:1 -> of:000000000000000c:6,0.001,0.00125,0.001,0.001,1.37,2026-06-18T10:54:18,0.001,1.37
ip_shuffle,20260618T105418_774925,of:0000000000000001:2 -> of:000000000000000c:1,0.001,0.00125,0.001,0.001,1.37,2026-06-18T10:54:18,0.001,1.33
ip_shuffle,20260618T105418_774925,of:0000000000000003:2 -> of:0000000000000008:3,0.001,0.00125,0.001,0.001,1.3,2026-06-18T10:54:18,0.001,1.37
route_mutation,20260618T105516_389767,of:0000000000000005:1 -> of:000000000000000c:5,0.002,0.0025,0.002,0.002,2.73,2026-06-18T10:55:16,0.002,2.6
route_mutation,20260618T105516_389767,of:000000000000000a:1 -> of:000000000000000d:6,0.002,0.0025,0.002,0.002,1.9,2026-06-18T10:55:16,0.002,1.9
route_mutation,20260618T105516_389767,of:000000000000000b:2 -> of:000000000000000c:2,0.002,0.0025,0.002,0.002,2.6,2026-06-18T10:55:16,0.002,2.6
route_mutation,20260618T105516_389767,of:0000000000000004:2 -> of:0000000000000009:2,0.002,0.0025,0.002,0.002,2.86,2026-06-18T10:55:16,0.002,2.79
route_mutation,20260618T105516_389767,of:0000000000000005:2 -> of:0000000000000009:3,0.002,0.0025,0.002,0.002,2.7,2026-06-18T10:55:16,0.002,2.56
route_mutation,20260618T105516_389767,of:000000000000000b:3 -> of:000000000000000d:2,0.002,0.0025,0.002,0.002,2.6,2026-06-18T10:55:16,0.002,2.6
route_mutation,20260618T105516_389767,of:0000000000000004:1 -> of:000000000000000c:4,0.002,0.0025,0.002,0.002,2.2,2026-06-18T10:55:16,0.002,2.06
route_mutation,20260618T105516_389767,of:000000000000000c:3 -> of:000000000000000d:3,0.002,0.0025,0.002,0.002,2.6,2026-06-18T10:55:16,0.002,2.6
route_mutation,20260618T105516_389767,of:0000000000000001:1 -> of:000000000000000b:1,0.002,0.0025,0.002,0.002,1.96,2026-06-18T10:55:16,0.002,2.03
route_mutation,20260618T105516_389767,of:0000000000000006:1 -> of:000000000000000d:4,0.003,0.00375,0.003,0.003,3.19,2026-06-18T10:55:16,0.003,3.16
route_mutation,20260618T105516_389767,of:0000000000000002:1 -> of:000000000000000b:4,0.002,0.0025,0.002,0.002,2.03,2026-06-18T10:55:16,0.002,1.96
route_mutation,20260618T105516_389767,of:0000000000000001:3 -> of:000000000000000d:1,0.004,0.005,0.004,0.004,4.66,2026-06-18T10:55:16,0.004,4.52
route_mutation,20260618T105516_389767,of:0000000000000006:2 -> of:000000000000000a:2,0.002,0.0025,0.002,0.002,2.63,2026-06-18T10:55:16,0.002,2.63
route_mutation,20260618T105516_389767,of:0000000000000003:1 -> of:000000000000000b:5,0.002,0.0025,0.002,0.002,1.96,2026-06-18T10:55:16,0.002,1.96
route_mutation,20260618T105516_389767,of:0000000000000007:1 -> of:000000000000000d:5,0.003,0.00375,0.003,0.003,3.39,2026-06-18T10:55:16,0.003,3.26
route_mutation,20260618T105516_389767,of:0000000000000007:2 -> of:000000000000000a:3,0.002,0.0025,0.002,0.002,2.63,2026-06-18T10:55:16,0.002,2.56
route_mutation,20260618T105516_389767,of:0000000000000002:2 -> of:0000000000000008:2,0.002,0.0025,0.002,0.002,2.73,2026-06-18T10:55:16,0.002,2.79
route_mutation,20260618T105516_389767,of:0000000000000008:1 -> of:000000000000000b:6,0.002,0.0025,0.002,0.002,1.96,2026-06-18T10:55:16,0.002,1.96
route_mutation,20260618T105516_389767,of:0000000000000009:1 -> of:000000000000000c:6,0.002,0.0025,0.002,0.002,1.9,2026-06-18T10:55:16,0.002,1.9
route_mutation,20260618T105516_389767,of:0000000000000001:2 -> of:000000000000000c:1,0.002,0.0025,0.002,0.002,2.43,2026-06-18T10:55:16,0.002,2.53
route_mutation,20260618T105516_389767,of:0000000000000003:2 -> of:0000000000000008:3,0.002,0.0025,0.002,0.002,2.66,2026-06-18T10:55:16,0.002,2.73
route_mutation,20260618T105546_674358,of:0000000000000005:1 -> of:000000000000000c:5,0.002,0.0025,0.002,0.001,1.37,2026-06-18T10:55:46,0.002,1.4
route_mutation,20260618T105546_674358,of:000000000000000a:1 -> of:000000000000000d:6,0.002,0.0025,0.002,0.002,1.4,2026-06-18T10:55:46,0.002,1.4
route_mutation,20260618T105546_674358,of:000000000000000b:2 -> of:000000000000000c:2,0.002,0.0025,0.002,0.002,1.47,2026-06-18T10:55:46,0.002,1.47
route_mutation,20260618T105546_674358,of:0000000000000004:2 -> of:0000000000000009:2,0.002,0.0025,0.002,0.001,1.33,2026-06-18T10:55:46,0.002,1.4
route_mutation,20260618T105546_674358,of:0000000000000005:2 -> of:0000000000000009:3,0.002,0.0025,0.002,0.001,1.43,2026-06-18T10:55:46,0.002,1.5
route_mutation,20260618T105546_674358,of:000000000000000b:3 -> of:000000000000000d:2,0.002,0.0025,0.002,0.002,1.47,2026-06-18T10:55:46,0.002,1.47
route_mutation,20260618T105546_674358,of:0000000000000004:1 -> of:000000000000000c:4,0.002,0.0025,0.002,0.001,1.27,2026-06-18T10:55:46,0.002,1.4
route_mutation,20260618T105546_674358,of:000000000000000c:3 -> of:000000000000000d:3,0.002,0.0025,0.002,0.002,1.47,2026-06-18T10:55:46,0.002,1.47
route_mutation,20260618T105546_674358,of:0000000000000001:1 -> of:000000000000000b:1,0.002,0.0025,0.002,0.002,1.4,2026-06-18T10:55:46,0.001,1.33
route_mutation,20260618T105546_674358,of:0000000000000006:1 -> of:000000000000000d:4,0.002,0.0025,0.002,0.001,1.37,2026-06-18T10:55:46,0.002,1.4
route_mutation,20260618T105546_674358,of:0000000000000002:1 -> of:000000000000000b:4,0.002,0.0025,0.002,0.001,1.33,2026-06-18T10:55:46,0.002,1.4
route_mutation,20260618T105546_674358,of:0000000000000001:3 -> of:000000000000000d:1,0.002,0.0025,0.002,0.002,1.57,2026-06-18T10:55:46,0.002,1.7
route_mutation,20260618T105546_674358,of:0000000000000006:2 -> of:000000000000000a:2,0.002,0.0025,0.002,0.002,1.5,2026-06-18T10:55:46,0.002,1.5
route_mutation,20260618T105546_674358,of:0000000000000003:1 -> of:000000000000000b:5,0.002,0.0025,0.002,0.001,1.33,2026-06-18T10:55:46,0.002,1.4
route_mutation,20260618T105546_674358,of:0000000000000007:1 -> of:000000000000000d:5,0.002,0.0025,0.002,0.002,1.76,2026-06-18T10:55:46,0.002,1.83
route_mutation,20260618T105546_674358,of:0000000000000007:2 -> of:000000000000000a:3,0.002,0.0025,0.002,0.002,1.5,2026-06-18T10:55:46,0.002,1.5
route_mutation,20260618T105546_674358,of:0000000000000002:2 -> of:0000000000000008:2,0.002,0.0025,0.002,0.002,1.4,2026-06-18T10:55:46,0.002,1.4
route_mutation,20260618T105546_674358,of:0000000000000008:1 -> of:000000000000000b:6,0.002,0.0025,0.002,0.002,1.4,2026-06-18T10:55:46,0.002,1.4
route_mutation,20260618T105546_674358,of:0000000000000009:1 -> of:000000000000000c:6,0.002,0.0025,0.002,0.002,1.4,2026-06-18T10:55:46,0.002,1.4
route_mutation,20260618T105546_674358,of:0000000000000001:2 -> of:000000000000000c:1,0.002,0.0025,0.002,0.002,1.4,2026-06-18T10:55:46,0.001,1.33
route_mutation,20260618T105546_674358,of:0000000000000003:2 -> of:0000000000000008:3,0.002,0.0025,0.002,0.001,1.33,2026-06-18T10:55:46,0.002,1.4
route_mutation,20260618T105616_922573,of:0000000000000005:1 -> of:000000000000000c:5,0.002,0.0025,0.002,0.001,1.47,2026-06-18T10:56:16,0.002,1.53
route_mutation,20260618T105616_922573,of:000000000000000a:1 -> of:000000000000000d:6,0.002,0.0025,0.002,0.002,1.53,2026-06-18T10:56:16,0.002,1.53
route_mutation,20260618T105616_922573,of:000000000000000b:2 -> of:000000000000000c:2,0.002,0.0025,0.002,0.002,1.73,2026-06-18T10:56:16,0.002,1.73
route_mutation,20260618T105616_922573,of:0000000000000004:2 -> of:0000000000000009:2,0.002,0.0025,0.002,0.002,1.73,2026-06-18T10:56:16,0.002,1.66
route_mutation,20260618T105616_922573,of:0000000000000005:2 -> of:0000000000000009:3,0.002,0.0025,0.002,0.002,1.66,2026-06-18T10:56:16,0.002,1.73
route_mutation,20260618T105616_922573,of:000000000000000b:3 -> of:000000000000000d:2,0.002,0.0025,0.002,0.002,1.73,2026-06-18T10:56:16,0.002,1.73
route_mutation,20260618T105616_922573,of:0000000000000004:1 -> of:000000000000000c:4,0.002,0.0025,0.002,0.002,1.66,2026-06-18T10:56:16,0.002,1.56
route_mutation,20260618T105616_922573,of:000000000000000c:3 -> of:000000000000000d:3,0.002,0.0025,0.002,0.002,1.73,2026-06-18T10:56:16,0.002,1.73
route_mutation,20260618T105616_922573,of:0000000000000001:1 -> of:000000000000000b:1,0.003,0.00375,0.003,0.003,3.36,2026-06-18T10:56:16,0.003,3.36
route_mutation,20260618T105616_922573,of:0000000000000006:1 -> of:000000000000000d:4,0.002,0.0025,0.002,0.001,1.47,2026-06-18T10:56:16,0.002,1.53
route_mutation,20260618T105616_922573,of:0000000000000002:1 -> of:000000000000000b:4,0.002,0.0025,0.002,0.002,2.46,2026-06-18T10:56:16,0.002,2.46
route_mutation,20260618T105616_922573,of:0000000000000001:3 -> of:000000000000000d:1,0.001,0.00125,0.001,0.001,1.47,2026-06-18T10:56:16,0.001,1.47
route_mutation,20260618T105616_922573,of:0000000000000006:2 -> of:000000000000000a:2,0.002,0.0025,0.002,0.002,1.66,2026-06-18T10:56:16,0.002,1.73
route_mutation,20260618T105616_922573,of:0000000000000003:1 -> of:000000000000000b:5,0.002,0.0025,0.002,0.002,2.36,2026-06-18T10:56:16,0.002,2.36
route_mutation,20260618T105616_922573,of:0000000000000007:1 -> of:000000000000000d:5,0.002,0.0025,0.002,0.001,1.47,2026-06-18T10:56:16,0.002,1.53
route_mutation,20260618T105616_922573,of:0000000000000007:2 -> of:000000000000000a:3,0.002,0.0025,0.002,0.002,1.66,2026-06-18T10:56:16,0.002,1.73
route_mutation,20260618T105616_922573,of:0000000000000002:2 -> of:0000000000000008:2,0.002,0.0025,0.002,0.002,1.66,2026-06-18T10:56:16,0.002,1.66
route_mutation,20260618T105616_922573,of:0000000000000008:1 -> of:000000000000000b:6,0.002,0.0025,0.002,0.002,1.53,2026-06-18T10:56:16,0.002,1.53
route_mutation,20260618T105616_922573,of:0000000000000009:1 -> of:000000000000000c:6,0.002,0.0025,0.002,0.002,1.53,2026-06-18T10:56:16,0.002,1.53
route_mutation,20260618T105616_922573,of:0000000000000001:2 -> of:000000000000000c:1,0.002,0.0025,0.002,0.002,1.56,2026-06-18T10:56:16,0.002,1.56
route_mutation,20260618T105616_922573,of:0000000000000003:2 -> of:0000000000000008:3,0.002,0.0025,0.002,0.002,1.73,2026-06-18T10:56:16,0.002,1.66
route_mutation,20260618T105647_086564,of:0000000000000005:1 -> of:000000000000000c:5,0.002,0.0025,0.002,0.002,2.46,2026-06-18T10:56:47,0.002,2.4
route_mutation,20260618T105647_086564,of:000000000000000a:1 -> of:000000000000000d:6,0.001,0.00125,0.001,0.001,1.56,2026-06-18T10:56:47,0.001,1.6
route_mutation,20260618T105647_086564,of:000000000000000b:2 -> of:000000000000000c:2,0.002,0.0025,0.002,0.002,1.96,2026-06-18T10:56:47,0.002,1.96
route_mutation,20260618T105647_086564,of:0000000000000004:2 -> of:0000000000000009:2,0.002,0.0025,0.002,0.002,2.2,2026-06-18T10:56:47,0.002,2.13
route_mutation,20260618T105647_086564,of:0000000000000005:2 -> of:0000000000000009:3,0.002,0.0025,0.002,0.002,2.03,2026-06-18T10:56:47,0.002,1.9
route_mutation,20260618T105647_086564,of:000000000000000b:3 -> of:000000000000000d:2,0.002,0.0025,0.002,0.002,1.96,2026-06-18T10:56:47,0.002,1.96
route_mutation,20260618T105647_086564,of:0000000000000004:1 -> of:000000000000000c:4,0.002,0.0025,0.002,0.002,2.5,2026-06-18T10:56:47,0.002,2.36
route_mutation,20260618T105647_086564,of:000000000000000c:3 -> of:000000000000000d:3,0.002,0.0025,0.002,0.002,2.0,2026-06-18T10:56:47,0.002,2.0
route_mutation,20260618T105647_086564,of:0000000000000001:1 -> of:000000000000000b:1,0.002,0.0025,0.002,0.002,1.76,2026-06-18T10:56:47,0.002,1.86
route_mutation,20260618T105647_086564,of:0000000000000006:1 -> of:000000000000000d:4,0.002,0.0025,0.002,0.002,2.73,2026-06-18T10:56:47,0.002,2.63
route_mutation,20260618T105647_086564,of:0000000000000002:1 -> of:000000000000000b:4,0.002,0.0025,0.002,0.002,1.73,2026-06-18T10:56:47,0.002,1.63
route_mutation,20260618T105647_086564,of:0000000000000001:3 -> of:000000000000000d:1,0.003,0.00375,0.003,0.003,3.0,2026-06-18T10:56:47,0.003,2.9
route_mutation,20260618T105647_086564,of:0000000000000006:2 -> of:000000000000000a:2,0.002,0.0025,0.002,0.002,2.0,2026-06-18T10:56:47,0.002,1.93
route_mutation,20260618T105647_086564,of:0000000000000003:1 -> of:000000000000000b:5,0.002,0.0025,0.002,0.002,1.9,2026-06-18T10:56:47,0.002,1.76
route_mutation,20260618T105647_086564,of:0000000000000007:1 -> of:000000000000000d:5,0.002,0.0025,0.002,0.002,1.83,2026-06-18T10:56:47,0.002,1.66
route_mutation,20260618T105647_086564,of:0000000000000007:2 -> of:000000000000000a:3,0.002,0.0025,0.002,0.002,2.0,2026-06-18T10:56:47,0.002,1.93
route_mutation,20260618T105647_086564,of:0000000000000002:2 -> of:0000000000000008:2,0.002,0.0025,0.002,0.002,2.1,2026-06-18T10:56:47,0.002,2.1
route_mutation,20260618T105647_086564,of:0000000000000008:1 -> of:000000000000000b:6,0.001,0.00125,0.001,0.001,1.56,2026-06-18T10:56:47,0.001,1.56
route_mutation,20260618T105647_086564,of:0000000000000009:1 -> of:000000000000000c:6,0.001,0.00125,0.001,0.001,1.56,2026-06-18T10:56:47,0.001,1.6
route_mutation,20260618T105647_086564,of:0000000000000001:2 -> of:000000000000000c:1,0.003,0.00375,0.003,0.003,3.16,2026-06-18T10:56:47,0.003,3.23
route_mutation,20260618T105647_086564,of:0000000000000003:2 -> of:0000000000000008:3,0.002,0.0025,0.002,0.002,2.13,2026-06-18T10:56:47,0.002,2.13
ip_shuffle,20260618T105717_320396,of:0000000000000005:1 -> of:000000000000000c:5,0.002,0.0025,0.002,0.002,1.63,2026-06-18T10:57:17,0.002,1.63
ip_shuffle,20260618T105717_320396,of:000000000000000a:1 -> of:000000000000000d:6,0.002,0.0025,0.002,0.002,1.66,2026-06-18T10:57:17,0.002,1.63
ip_shuffle,20260618T105717_320396,of:000000000000000b:2 -> of:000000000000000c:2,0.002,0.0025,0.002,0.002,1.96,2026-06-18T10:57:17,0.002,1.96
ip_shuffle,20260618T105717_320396,of:0000000000000004:2 -> of:0000000000000009:2,0.002,0.0025,0.002,0.002,1.73,2026-06-18T10:57:17,0.002,1.86
ip_shuffle,20260618T105717_320396,of:0000000000000005:2 -> of:0000000000000009:3,0.002,0.0025,0.002,0.002,1.96,2026-06-18T10:57:17,0.002,2.03
ip_shuffle,20260618T105717_320396,of:000000000000000b:3 -> of:000000000000000d:2,0.002,0.0025,0.002,0.002,1.96,2026-06-18T10:57:17,0.002,1.96
ip_shuffle,20260618T105717_320396,of:0000000000000004:1 -> of:000000000000000c:4,0.002,0.0025,0.002,0.001,1.4,2026-06-18T10:57:17,0.002,1.63
ip_shuffle,20260618T105717_320396,of:000000000000000c:3 -> of:000000000000000d:3,0.002,0.0025,0.002,0.002,1.93,2026-06-18T10:57:17,0.002,1.93
ip_shuffle,20260618T105717_320396,of:0000000000000001:1 -> of:000000000000000b:1,0.002,0.0025,0.002,0.002,1.66,2026-06-18T10:57:17,0.002,1.56
ip_shuffle,20260618T105717_320396,of:0000000000000006:1 -> of:000000000000000d:4,0.002,0.0025,0.002,0.002,1.66,2026-06-18T10:57:17,0.002,1.7
ip_shuffle,20260618T105717_320396,of:0000000000000002:1 -> of:000000000000000b:4,0.002,0.0025,0.002,0.002,1.56,2026-06-18T10:57:17,0.002,1.66
ip_shuffle,20260618T105717_320396,of:0000000000000001:3 -> of:000000000000000d:1,0.002,0.0025,0.002,0.002,2.6,2026-06-18T10:57:17,0.002,2.7
ip_shuffle,20260618T105717_320396,of:0000000000000006:2 -> of:000000000000000a:2,0.002,0.0025,0.002,0.002,2.0,2026-06-18T10:57:17,0.002,2.0
ip_shuffle,20260618T105717_320396,of:0000000000000003:1 -> of:000000000000000b:5,0.002,0.0025,0.002,0.002,1.53,2026-06-18T10:57:17,0.002,1.66
ip_shuffle,20260618T105717_320396,of:0000000000000007:1 -> of:000000000000000d:5,0.002,0.0025,0.002,0.002,2.66,2026-06-18T10:57:17,0.002,2.76
ip_shuffle,20260618T105717_320396,of:0000000000000007:2 -> of:000000000000000a:3,0.002,0.0025,0.002,0.002,2.0,2026-06-18T10:57:17,0.002,2.0
ip_shuffle,20260618T105717_320396,of:0000000000000002:2 -> of:0000000000000008:2,0.002,0.0025,0.002,0.002,1.9,2026-06-18T10:57:17,0.002,1.9
ip_shuffle,20260618T105717_320396,of:0000000000000008:1 -> of:000000000000000b:6,0.002,0.0025,0.002,0.002,1.66,2026-06-18T10:57:17,0.002,1.66
ip_shuffle,20260618T105717_320396,of:0000000000000009:1 -> of:000000000000000c:6,0.002,0.0025,0.002,0.002,1.66,2026-06-18T10:57:17,0.002,1.63
ip_shuffle,20260618T105717_320396,of:0000000000000001:2 -> of:000000000000000c:1,0.002,0.0025,0.002,0.002,1.63,2026-06-18T10:57:17,0.002,1.56
ip_shuffle,20260618T105717_320396,of:0000000000000003:2 -> of:0000000000000008:3,0.002,0.0025,0.002,0.002,1.8,2026-06-18T10:57:17,0.002,1.86
route_mutation,20260618T105815_170967,of:0000000000000005:1 -> of:000000000000000c:5,0.002,0.0025,0.002,0.002,2.8,2026-06-18T10:58:15,0.002,2.53
route_mutation,20260618T105815_170967,of:000000000000000a:1 -> of:000000000000000d:6,0.001,0.00125,0.001,0.001,1.6,2026-06-18T10:58:15,0.001,1.6
route_mutation,20260618T105815_170967,of:000000000000000b:2 -> of:000000000000000c:2,0.002,0.0025,0.002,0.002,2.0,2026-06-18T10:58:15,0.002,2.0
route_mutation,20260618T105815_170967,of:0000000000000004:2 -> of:0000000000000009:2,0.002,0.0025,0.002,0.002,2.16,2026-06-18T10:58:15,0.002,2.1
route_mutation,20260618T105815_170967,of:0000000000000005:2 -> of:0000000000000009:3,0.002,0.0025,0.002,0.002,2.4,2026-06-18T10:58:15,0.002,2.26
route_mutation,20260618T105815_170967,of:000000000000000b:3 -> of:000000000000000d:2,0.002,0.0025,0.002,0.002,2.3,2026-06-18T10:58:15,0.002,2.3
route_mutation,20260618T105815_170967,of:0000000000000004:1 -> of:000000000000000c:4,0.002,0.0025,0.002,0.002,2.5,2026-06-18T10:58:15,0.002,2.43
route_mutation,20260618T105815_170967,of:000000000000000c:3 -> of:000000000000000d:3,0.002,0.0025,0.002,0.002,2.0,2026-06-18T10:58:15,0.002,2.0
route_mutation,20260618T105815_170967,of:0000000000000001:1 -> of:000000000000000b:1,0.002,0.0025,0.002,0.002,2.2,2026-06-18T10:58:15,0.002,2.26
route_mutation,20260618T105815_170967,of:0000000000000006:1 -> of:000000000000000d:4,0.003,0.00375,0.003,0.003,3.3,2026-06-18T10:58:15,0.003,3.13
route_mutation,20260618T105815_170967,of:0000000000000002:1 -> of:000000000000000b:4,0.002,0.0025,0.002,0.002,2.33,2026-06-18T10:58:15,0.002,2.23
route_mutation,20260618T105815_170967,of:0000000000000001:3 -> of:000000000000000d:1,0.003,0.00375,0.003,0.003,3.16,2026-06-18T10:58:15,0.003,3.06
route_mutation,20260618T105815_170967,of:0000000000000006:2 -> of:000000000000000a:2,0.002,0.0025,0.002,0.002,2.03,2026-06-18T10:58:15,0.002,1.96
route_mutation,20260618T105815_170967,of:0000000000000003:1 -> of:000000000000000b:5,0.002,0.0025,0.002,0.002,1.9,2026-06-18T10:58:15,0.002,1.86
route_mutation,20260618T105815_170967,of:0000000000000007:1 -> of:000000000000000d:5,0.002,0.0025,0.002,0.002,1.73,2026-06-18T10:58:15,0.001,1.6
route_mutation,20260618T105815_170967,of:0000000000000007:2 -> of:000000000000000a:3,0.002,0.0025,0.002,0.002,2.03,2026-06-18T10:58:15,0.002,1.96
route_mutation,20260618T105815_170967,of:0000000000000002:2 -> of:0000000000000008:2,0.002,0.0025,0.002,0.002,2.1,2026-06-18T10:58:15,0.002,2.1
route_mutation,20260618T105815_170967,of:0000000000000008:1 -> of:000000000000000b:6,0.001,0.00125,0.001,0.001,1.6,2026-06-18T10:58:15,0.001,1.6
route_mutation,20260618T105815_170967,of:0000000000000009:1 -> of:000000000000000c:6,0.001,0.00125,0.001,0.001,1.6,2026-06-18T10:58:15,0.001,1.6
route_mutation,20260618T105815_170967,of:0000000000000001:2 -> of:000000000000000c:1,0.003,0.00375,0.003,0.003,3.23,2026-06-18T10:58:15,0.003,3.26
route_mutation,20260618T105815_170967,of:0000000000000003:2 -> of:0000000000000008:3,0.002,0.0025,0.002,0.002,2.1,2026-06-18T10:58:15,0.002,2.1
ip_shuffle,20260618T105845_443089,of:0000000000000005:1 -> of:000000000000000c:5,0.002,0.0025,0.002,0.001,1.43,2026-06-18T10:58:45,0.002,1.7
ip_shuffle,20260618T105845_443089,of:000000000000000a:1 -> of:000000000000000d:6,0.002,0.0025,0.002,0.002,1.7,2026-06-18T10:58:45,0.002,1.7
ip_shuffle,20260618T105845_443089,of:000000000000000b:2 -> of:000000000000000c:2,0.002,0.0025,0.002,0.002,2.06,2026-06-18T10:58:45,0.002,2.06
ip_shuffle,20260618T105845_443089,of:0000000000000004:2 -> of:0000000000000009:2,0.002,0.0025,0.002,0.002,1.83,2026-06-18T10:58:45,0.002,1.96
ip_shuffle,20260618T105845_443089,of:0000000000000005:2 -> of:0000000000000009:3,0.002,0.0025,0.002,0.002,1.8,2026-06-18T10:58:45,0.002,1.93
ip_shuffle,20260618T105845_443089,of:000000000000000b:3 -> of:000000000000000d:2,0.002,0.0025,0.002,0.002,2.06,2026-06-18T10:58:45,0.002,2.06
ip_shuffle,20260618T105845_443089,of:0000000000000004:1 -> of:000000000000000c:4,0.002,0.0025,0.002,0.001,1.47,2026-06-18T10:58:45,0.002,1.7
ip_shuffle,20260618T105845_443089,of:000000000000000c:3 -> of:000000000000000d:3,0.002,0.0025,0.002,0.002,2.06,2026-06-18T10:58:45,0.002,2.06
ip_shuffle,20260618T105845_443089,of:0000000000000001:1 -> of:000000000000000b:1,0.002,0.0025,0.002,0.002,1.7,2026-06-18T10:58:45,0.002,1.6
ip_shuffle,20260618T105845_443089,of:0000000000000006:1 -> of:000000000000000d:4,0.002,0.0025,0.002,0.002,1.76,2026-06-18T10:58:45,0.002,1.86
ip_shuffle,20260618T105845_443089,of:0000000000000002:1 -> of:000000000000000b:4,0.002,0.0025,0.002,0.002,1.6,2026-06-18T10:58:45,0.002,1.7
ip_shuffle,20260618T105845_443089,of:0000000000000001:3 -> of:000000000000000d:1,0.002,0.0025,0.002,0.002,2.66,2026-06-18T10:58:45,0.002,2.8
ip_shuffle,20260618T105845_443089,of:0000000000000006:2 -> of:000000000000000a:2,0.002,0.0025,0.002,0.002,2.1,2026-06-18T10:58:45,0.002,2.1
ip_shuffle,20260618T105845_443089,of:0000000000000003:1 -> of:000000000000000b:5,0.002,0.0025,0.002,0.002,1.6,2026-06-18T10:58:45,0.002,1.7
ip_shuffle,20260618T105845_443089,of:0000000000000007:1 -> of:000000000000000d:5,0.002,0.0025,0.002,0.002,2.8,2026-06-18T10:58:45,0.002,2.86
ip_shuffle,20260618T105845_443089,of:0000000000000007:2 -> of:000000000000000a:3,0.002,0.0025,0.002,0.002,2.1,2026-06-18T10:58:45,0.002,2.1
ip_shuffle,20260618T105845_443089,of:0000000000000002:2 -> of:0000000000000008:2,0.002,0.0025,0.002,0.002,1.96,2026-06-18T10:58:45,0.002,1.96
ip_shuffle,20260618T105845_443089,of:0000000000000008:1 -> of:000000000000000b:6,0.002,0.0025,0.002,0.002,1.7,2026-06-18T10:58:45,0.002,1.7
ip_shuffle,20260618T105845_443089,of:0000000000000009:1 -> of:000000000000000c:6,0.002,0.0025,0.002,0.002,1.7,2026-06-18T10:58:45,0.002,1.7
ip_shuffle,20260618T105845_443089,of:0000000000000001:2 -> of:000000000000000c:1,0.002,0.0025,0.002,0.002,1.7,2026-06-18T10:58:45,0.002,1.6
ip_shuffle,20260618T105845_443089,of:0000000000000003:2 -> of:0000000000000008:3,0.002,0.0025,0.002,0.002,1.96,2026-06-18T10:58:45,0.002,1.96
route_mutation,20260618T105955_871669,of:0000000000000005:1 -> of:000000000000000c:5,0.002,0.0025,0.002,0.002,1.66,2026-06-18T10:59:55,0.002,1.83
route_mutation,20260618T105955_871669,of:000000000000000a:1 -> of:000000000000000d:6,0.002,0.0025,0.002,0.002,1.83,2026-06-18T10:59:55,0.002,1.83
route_mutation,20260618T105955_871669,of:000000000000000b:2 -> of:000000000000000c:2,0.002,0.0025,0.002,0.002,2.33,2026-06-18T10:59:55,0.002,2.33
route_mutation,20260618T105955_871669,of:0000000000000004:2 -> of:0000000000000009:2,0.002,0.0025,0.002,0.002,2.1,2026-06-18T10:59:55,0.002,2.23
route_mutation,20260618T105955_871669,of:0000000000000005:2 -> of:0000000000000009:3,0.002,0.0025,0.002,0.002,2.1,2026-06-18T10:59:55,0.002,2.23
route_mutation,20260618T105955_871669,of:000000000000000b:3 -> of:000000000000000d:2,0.002,0.0025,0.002,0.002,2.33,2026-06-18T10:59:55,0.002,2.33
route_mutation,20260618T105955_871669,of:0000000000000004:1 -> of:000000000000000c:4,0.002,0.0025,0.002,0.002,1.66,2026-06-18T10:59:55,0.002,1.83
route_mutation,20260618T105955_871669,of:000000000000000c:3 -> of:000000000000000d:3,0.002,0.0025,0.002,0.002,2.33,2026-06-18T10:59:55,0.002,2.33
route_mutation,20260618T105955_871669,of:0000000000000001:1 -> of:000000000000000b:1,0.002,0.0025,0.002,0.002,1.83,2026-06-18T10:59:55,0.002,1.76
route_mutation,20260618T105955_871669,of:0000000000000006:1 -> of:000000000000000d:4,0.002,0.0025,0.002,0.002,2.13,2026-06-18T10:59:55,0.002,2.2
route_mutation,20260618T105955_871669,of:0000000000000002:1 -> of:000000000000000b:4,0.002,0.0025,0.002,0.002,1.76,2026-06-18T10:59:55,0.002,1.83
route_mutation,20260618T105955_871669,of:0000000000000001:3 -> of:000000000000000d:1,0.003,0.00375,0.003,0.003,3.2,2026-06-18T10:59:55,0.003,3.23
route_mutation,20260618T105955_871669,of:0000000000000006:2 -> of:000000000000000a:2,0.002,0.0025,0.002,0.002,2.33,2026-06-18T10:59:55,0.002,2.33
route_mutation,20260618T105955_871669,of:0000000000000003:1 -> of:000000000000000b:5,0.002,0.0025,0.002,0.002,1.73,2026-06-18T10:59:55,0.002,1.83
route_mutation,20260618T105955_871669,of:0000000000000007:1 -> of:000000000000000d:5,0.003,0.00375,0.003,0.002,2.96,2026-06-18T10:59:55,0.003,3.03
route_mutation,20260618T105955_871669,of:0000000000000007:2 -> of:000000000000000a:3,0.002,0.0025,0.002,0.002,2.33,2026-06-18T10:59:55,0.002,2.33
route_mutation,20260618T105955_871669,of:0000000000000002:2 -> of:0000000000000008:2,0.002,0.0025,0.002,0.002,2.26,2026-06-18T10:59:55,0.002,2.26
route_mutation,20260618T105955_871669,of:0000000000000008:1 -> of:000000000000000b:6,0.002,0.0025,0.002,0.002,1.83,2026-06-18T10:59:55,0.002,1.83
route_mutation,20260618T105955_871669,of:0000000000000009:1 -> of:000000000000000c:6,0.002,0.0025,0.002,0.002,1.83,2026-06-18T10:59:55,0.002,1.83
route_mutation,20260618T105955_871669,of:0000000000000001:2 -> of:000000000000000c:1,0.002,0.0025,0.002,0.002,1.83,2026-06-18T10:59:55,0.002,1.76
route_mutation,20260618T105955_871669,of:0000000000000003:2 -> of:0000000000000008:3,0.002,0.0025,0.002,0.002,2.23,2026-06-18T10:59:55,0.002,2.23
route_mutation,20260618T110026_120813,of:0000000000000005:1 -> of:000000000000000c:5,0.001,0.00125,0.001,0.001,1.37,2026-06-18T11:00:26,0.001,1.3
route_mutation,20260618T110026_120813,of:000000000000000a:1 -> of:000000000000000d:6,0.002,0.0025,0.002,0.002,1.37,2026-06-18T11:00:26,0.002,1.37
route_mutation,20260618T110026_120813,of:000000000000000b:2 -> of:000000000000000c:2,0.002,0.0025,0.002,0.002,1.4,2026-06-18T11:00:26,0.002,1.4
route_mutation,20260618T110026_120813,of:0000000000000004:2 -> of:0000000000000009:2,0.002,0.0025,0.002,0.002,1.47,2026-06-18T11:00:26,0.001,1.4
route_mutation,20260618T110026_120813,of:0000000000000005:2 -> of:0000000000000009:3,0.002,0.0025,0.002,0.002,1.47,2026-06-18T11:00:26,0.001,1.4
route_mutation,20260618T110026_120813,of:000000000000000b:3 -> of:000000000000000d:2,0.002,0.0025,0.002,0.002,1.5,2026-06-18T11:00:26,0.002,1.5
route_mutation,20260618T110026_120813,of:0000000000000004:1 -> of:000000000000000c:4,0.001,0.00125,0.001,0.001,1.37,2026-06-18T11:00:26,0.001,1.3
route_mutation,20260618T110026_120813,of:000000000000000c:3 -> of:000000000000000d:3,0.002,0.0025,0.002,0.002,1.4,2026-06-18T11:00:26,0.002,1.4
route_mutation,20260618T110026_120813,of:0000000000000001:1 -> of:000000000000000b:1,0.003,0.00375,0.003,0.003,2.73,2026-06-18T11:00:26,0.002,2.6
route_mutation,20260618T110026_120813,of:0000000000000006:1 -> of:000000000000000d:4,0.002,0.0025,0.002,0.002,1.43,2026-06-18T11:00:26,0.002,1.53
route_mutation,20260618T110026_120813,of:0000000000000002:1 -> of:000000000000000b:4,0.002,0.0025,0.002,0.002,2.4,2026-06-18T11:00:26,0.002,2.33
route_mutation,20260618T110026_120813,of:0000000000000001:3 -> of:000000000000000d:1,0.002,0.0025,0.002,0.002,1.47,2026-06-18T11:00:26,0.002,1.47
route_mutation,20260618T110026_120813,of:0000000000000006:2 -> of:000000000000000a:2,0.001,0.00125,0.001,0.001,1.3,2026-06-18T11:00:26,0.001,1.37
route_mutation,20260618T110026_120813,of:0000000000000003:1 -> of:000000000000000b:5,0.002,0.0025,0.002,0.002,1.66,2026-06-18T11:00:26,0.002,1.8
route_mutation,20260618T110026_120813,of:0000000000000007:1 -> of:000000000000000d:5,0.001,0.00125,0.001,0.001,1.33,2026-06-18T11:00:26,0.001,1.37
route_mutation,20260618T110026_120813,of:0000000000000007:2 -> of:000000000000000a:3,0.001,0.00125,0.001,0.001,1.37,2026-06-18T11:00:26,0.001,1.37
route_mutation,20260618T110026_120813,of:0000000000000002:2 -> of:0000000000000008:2,0.001,0.00125,0.001,0.001,1.4,2026-06-18T11:00:26,0.001,1.4
route_mutation,20260618T110026_120813,of:0000000000000008:1 -> of:000000000000000b:6,0.001,0.00125,0.001,0.001,1.37,2026-06-18T11:00:26,0.001,1.37
route_mutation,20260618T110026_120813,of:0000000000000009:1 -> of:000000000000000c:6,0.001,0.00125,0.001,0.001,1.37,2026-06-18T11:00:26,0.001,1.37
route_mutation,20260618T110026_120813,of:0000000000000001:2 -> of:000000000000000c:1,0.001,0.00125,0.001,0.001,1.3,2026-06-18T11:00:26,0.001,1.37
route_mutation,20260618T110026_120813,of:0000000000000003:2 -> of:0000000000000008:3,0.001,0.00125,0.001,0.001,1.4,2026-06-18T11:00:26,0.001,1.4
route_mutation,20260618T110056_383391,of:0000000000000005:1 -> of:000000000000000c:5,0.002,0.0025,0.002,0.002,2.43,2026-06-18T11:00:56,0.002,2.33
route_mutation,20260618T110056_383391,of:000000000000000a:1 -> of:000000000000000d:6,0.002,0.0025,0.002,0.001,1.5,2026-06-18T11:00:56,0.002,1.53
route_mutation,20260618T110056_383391,of:000000000000000b:2 -> of:000000000000000c:2,0.002,0.0025,0.002,0.002,1.7,2026-06-18T11:00:56,0.002,1.7
route_mutation,20260618T110056_383391,of:0000000000000004:2 -> of:0000000000000009:2,0.002,0.0025,0.002,0.002,1.86,2026-06-18T11:00:56,0.002,1.8
route_mutation,20260618T110056_383391,of:0000000000000005:2 -> of:0000000000000009:3,0.002,0.0025,0.002,0.002,1.86,2026-06-18T11:00:56,0.002,1.8
route_mutation,20260618T110056_383391,of:000000000000000b:3 -> of:000000000000000d:2,0.002,0.0025,0.002,0.002,1.8,2026-06-18T11:00:56,0.002,1.8
route_mutation,20260618T110056_383391,of:0000000000000004:1 -> of:000000000000000c:4,0.002,0.0025,0.002,0.002,2.43,2026-06-18T11:00:56,0.002,2.33
route_mutation,20260618T110056_383391,of:000000000000000c:3 -> of:000000000000000d:3,0.002,0.0025,0.002,0.002,1.8,2026-06-18T11:00:56,0.002,1.8
route_mutation,20260618T110056_383391,of:0000000000000001:1 -> of:000000000000000b:1,0.002,0.0025,0.002,0.002,2.06,2026-06-18T11:00:56,0.002,2.3
route_mutation,20260618T110056_383391,of:0000000000000006:1 -> of:000000000000000d:4,0.002,0.0025,0.002,0.002,2.86,2026-06-18T11:00:56,0.002,2.73
route_mutation,20260618T110056_383391,of:0000000000000002:1 -> of:000000000000000b:4,0.002,0.0025,0.002,0.002,1.6,2026-06-18T11:00:56,0.002,1.56
route_mutation,20260618T110056_383391,of:0000000000000001:3 -> of:000000000000000d:1,0.002,0.0025,0.002,0.002,2.56,2026-06-18T11:00:56,0.002,2.53
route_mutation,20260618T110056_383391,of:0000000000000006:2 -> of:000000000000000a:2,0.002,0.0025,0.002,0.002,2.1,2026-06-18T11:00:56,0.002,1.96
route_mutation,20260618T110056_383391,of:0000000000000003:1 -> of:000000000000000b:5,0.002,0.0025,0.002,0.002,2.36,2026-06-18T11:00:56,0.002,2.03
route_mutation,20260618T110056_383391,of:0000000000000007:1 -> of:000000000000000d:5,0.002,0.0025,0.002,0.002,1.53,2026-06-18T11:00:56,0.002,1.53
route_mutation,20260618T110056_383391,of:0000000000000007:2 -> of:000000000000000a:3,0.002,0.0025,0.002,0.002,1.76,2026-06-18T11:00:56,0.002,1.7
route_mutation,20260618T110056_383391,of:0000000000000002:2 -> of:0000000000000008:2,0.002,0.0025,0.002,0.002,1.76,2026-06-18T11:00:56,0.002,1.76
route_mutation,20260618T110056_383391,of:0000000000000008:1 -> of:000000000000000b:6,0.001,0.00125,0.001,0.001,1.43,2026-06-18T11:00:56,0.001,1.43
route_mutation,20260618T110056_383391,of:0000000000000009:1 -> of:000000000000000c:6,0.001,0.00125,0.001,0.001,1.43,2026-06-18T11:00:56,0.001,1.46
route_mutation,20260618T110056_383391,of:0000000000000001:2 -> of:000000000000000c:1,0.003,0.00375,0.003,0.003,3.13,2026-06-18T11:00:56,0.003,3.13
route_mutation,20260618T110056_383391,of:0000000000000003:2 -> of:0000000000000008:3,0.002,0.0025,0.002,0.002,1.86,2026-06-18T11:00:56,0.002,1.8
route_mutation,20260618T110126_558427,of:0000000000000005:1 -> of:000000000000000c:5,0.002,0.0025,0.002,0.002,1.6,2026-06-18T11:01:26,0.002,1.76
route_mutation,20260618T110126_558427,of:000000000000000a:1 -> of:000000000000000d:6,0.002,0.0025,0.002,0.002,1.7,2026-06-18T11:01:26,0.002,1.66
route_mutation,20260618T110126_558427,of:000000000000000b:2 -> of:000000000000000c:2,0.002,0.0025,0.002,0.002,2.16,2026-06-18T11:01:26,0.002,2.16
route_mutation,20260618T110126_558427,of:0000000000000004:2 -> of:0000000000000009:2,0.002,0.0025,0.002,0.002,1.93,2026-06-18T11:01:26,0.002,2.06
route_mutation,20260618T110126_558427,of:0000000000000005:2 -> of:0000000000000009:3,0.002,0.0025,0.002,0.002,1.93,2026-06-18T11:01:26,0.002,2.06
route_mutation,20260618T110126_558427,of:000000000000000b:3 -> of:000000000000000d:2,0.002,0.0025,0.002,0.002,2.1,2026-06-18T11:01:26,0.002,2.1
route_mutation,20260618T110126_558427,of:0000000000000004:1 -> of:000000000000000c:4,0.002,0.0025,0.002,0.002,1.56,2026-06-18T11:01:26,0.002,1.73
route_mutation,20260618T110126_558427,of:000000000000000c:3 -> of:000000000000000d:3,0.002,0.0025,0.002,0.002,2.06,2026-06-18T11:01:26,0.002,2.06
route_mutation,20260618T110126_558427,of:0000000000000001:1 -> of:000000000000000b:1,0.002,0.0025,0.002,0.002,1.76,2026-06-18T11:01:26,0.002,1.66
route_mutation,20260618T110126_558427,of:0000000000000006:1 -> of:000000000000000d:4,0.002,0.0025,0.002,0.002,1.6,2026-06-18T11:01:26,0.002,1.7
route_mutation,20260618T110126_558427,of:0000000000000002:1 -> of:000000000000000b:4,0.002,0.0025,0.002,0.002,1.66,2026-06-18T11:01:26,0.002,1.76
route_mutation,20260618T110126_558427,of:0000000000000001:3 -> of:000000000000000d:1,0.002,0.0025,0.002,0.002,2.86,2026-06-18T11:01:26,0.002,2.9
route_mutation,20260618T110126_558427,of:0000000000000006:2 -> of:000000000000000a:2,0.002,0.0025,0.002,0.002,1.93,2026-06-18T11:01:26,0.002,2.06
route_mutation,20260618T110126_558427,of:0000000000000003:1 -> of:000000000000000b:5,0.002,0.0025,0.002,0.002,1.56,2026-06-18T11:01:26,0.002,1.76
route_mutation,20260618T110126_558427,of:0000000000000007:1 -> of:000000000000000d:5,0.002,0.0025,0.002,0.002,2.9,2026-06-18T11:01:26,0.002,2.86
route_mutation,20260618T110126_558427,of:0000000000000007:2 -> of:000000000000000a:3,0.002,0.0025,0.002,0.002,2.13,2026-06-18T11:01:26,0.002,2.2
route_mutation,20260618T110126_558427,of:0000000000000002:2 -> of:0000000000000008:2,0.002,0.0025,0.002,0.002,2.1,2026-06-18T11:01:26,0.002,2.1
route_mutation,20260618T110126_558427,of:0000000000000008:1 -> of:000000000000000b:6,0.002,0.0025,0.002,0.002,1.76,2026-06-18T11:01:26,0.002,1.76
route_mutation,20260618T110126_558427,of:0000000000000009:1 -> of:000000000000000c:6,0.002,0.0025,0.002,0.002,1.76,2026-06-18T11:01:26,0.002,1.73
route_mutation,20260618T110126_558427,of:0000000000000001:2 -> of:000000000000000c:1,0.002,0.0025,0.002,0.002,1.73,2026-06-18T11:01:26,0.002,1.66
route_mutation,20260618T110126_558427,of:0000000000000003:2 -> of:0000000000000008:3,0.002,0.0025,0.002,0.002,2.0,2026-06-18T11:01:26,0.002,2.06
route_mutation,20260618T110156_815168,of:0000000000000005:1 -> of:000000000000000c:5,0.001,0.00125,0.001,0.001,1.37,2026-06-18T11:01:56,0.001,1.37
route_mutation,20260618T110156_815168,of:000000000000000a:1 -> of:000000000000000d:6,0.002,0.0025,0.002,0.002,1.43,2026-06-18T11:01:56,0.002,1.43
route_mutation,20260618T110156_815168,of:000000000000000b:2 -> of:000000000000000c:2,0.002,0.0025,0.002,0.002,1.53,2026-06-18T11:01:56,0.002,1.53
route_mutation,20260618T110156_815168,of:0000000000000004:2 -> of:0000000000000009:2,0.002,0.0025,0.002,0.002,1.53,2026-06-18T11:01:56,0.001,1.47
route_mutation,20260618T110156_815168,of:0000000000000005:2 -> of:0000000000000009:3,0.002,0.0025,0.002,0.002,1.53,2026-06-18T11:01:56,0.001,1.47
route_mutation,20260618T110156_815168,of:000000000000000b:3 -> of:000000000000000d:2,0.002,0.0025,0.002,0.002,1.66,2026-06-18T11:01:56,0.002,1.66
route_mutation,20260618T110156_815168,of:0000000000000004:1 -> of:000000000000000c:4,0.001,0.00125,0.001,0.001,1.37,2026-06-18T11:01:56,0.001,1.37
route_mutation,20260618T110156_815168,of:000000000000000c:3 -> of:000000000000000d:3,0.002,0.0025,0.002,0.002,1.53,2026-06-18T11:01:56,0.002,1.53
route_mutation,20260618T110156_815168,of:0000000000000001:1 -> of:000000000000000b:1,0.003,0.00375,0.003,0.003,3.0,2026-06-18T11:01:56,0.003,3.03
route_mutation,20260618T110156_815168,of:0000000000000006:1 -> of:000000000000000d:4,0.002,0.0025,0.002,0.002,1.7,2026-06-18T11:01:56,0.002,1.63
route_mutation,20260618T110156_815168,of:0000000000000002:1 -> of:000000000000000b:4,0.002,0.0025,0.002,0.002,2.46,2026-06-18T11:01:56,0.002,2.53
route_mutation,20260618T110156_815168,of:0000000000000001:3 -> of:000000000000000d:1,0.002,0.0025,0.002,0.002,1.56,2026-06-18T11:01:56,0.002,1.5
route_mutation,20260618T110156_815168,of:0000000000000006:2 -> of:000000000000000a:2,0.002,0.0025,0.002,0.002,1.53,2026-06-18T11:01:56,0.001,1.47
route_mutation,20260618T110156_815168,of:0000000000000003:1 -> of:000000000000000b:5,0.002,0.0025,0.002,0.002,2.1,2026-06-18T11:01:56,0.002,2.1
route_mutation,20260618T110156_815168,of:0000000000000007:1 -> of:000000000000000d:5,0.002,0.0025,0.002,0.002,1.43,2026-06-18T11:01:56,0.002,1.43
route_mutation,20260618T110156_815168,of:0000000000000007:2 -> of:000000000000000a:3,0.002,0.0025,0.002,0.002,1.53,2026-06-18T11:01:56,0.002,1.53
route_mutation,20260618T110156_815168,of:0000000000000002:2 -> of:0000000000000008:2,0.002,0.0025,0.002,0.001,1.47,2026-06-18T11:01:56,0.002,1.53
route_mutation,20260618T110156_815168,of:0000000000000008:1 -> of:000000000000000b:6,0.002,0.0025,0.002,0.002,1.43,2026-06-18T11:01:56,0.002,1.43
route_mutation,20260618T110156_815168,of:0000000000000009:1 -> of:000000000000000c:6,0.002,0.0025,0.002,0.002,1.43,2026-06-18T11:01:56,0.002,1.43
route_mutation,20260618T110156_815168,of:0000000000000001:2 -> of:000000000000000c:1,0.002,0.0025,0.002,0.002,1.43,2026-06-18T11:01:56,0.001,1.37
route_mutation,20260618T110156_815168,of:0000000000000003:2 -> of:0000000000000008:3,0.001,0.00125,0.001,0.001,1.47,2026-06-18T11:01:56,0.001,1.47
ip_shuffle,20260618T110227_051279,of:0000000000000005:1 -> of:000000000000000c:5,0.002,0.0025,0.002,0.002,2.5,2026-06-18T11:02:27,0.002,2.33
ip_shuffle,20260618T110227_051279,of:000000000000000a:1 -> of:000000000000000d:6,0.002,0.0025,0.002,0.001,1.5,2026-06-18T11:02:27,0.002,1.53
ip_shuffle,20260618T110227_051279,of:000000000000000b:2 -> of:000000000000000c:2,0.002,0.0025,0.002,0.002,1.73,2026-06-18T11:02:27,0.002,1.73
ip_shuffle,20260618T110227_051279,of:0000000000000004:2 -> of:0000000000000009:2,0.002,0.0025,0.002,0.002,1.93,2026-06-18T11:02:27,0.002,1.86
ip_shuffle,20260618T110227_051279,of:0000000000000005:2 -> of:0000000000000009:3,0.002,0.0025,0.002,0.002,1.93,2026-06-18T11:02:27,0.002,1.86
ip_shuffle,20260618T110227_051279,of:000000000000000b:3 -> of:000000000000000d:2,0.002,0.0025,0.002,0.002,1.8,2026-06-18T11:02:27,0.002,1.8
ip_shuffle,20260618T110227_051279,of:0000000000000004:1 -> of:000000000000000c:4,0.002,0.0025,0.002,0.002,2.5,2026-06-18T11:02:27,0.002,2.33
ip_shuffle,20260618T110227_051279,of:000000000000000c:3 -> of:000000000000000d:3,0.002,0.0025,0.002,0.002,1.8,2026-06-18T11:02:27,0.002,1.8
ip_shuffle,20260618T110227_051279,of:0000000000000001:1 -> of:000000000000000b:1,0.002,0.0025,0.002,0.002,1.9,2026-06-18T11:02:27,0.002,1.96
ip_shuffle,20260618T110227_051279,of:0000000000000006:1 -> of:000000000000000d:4,0.002,0.0025,0.002,0.002,2.73,2026-06-18T11:02:27,0.002,2.6
ip_shuffle,20260618T110227_051279,of:0000000000000002:1 -> of:000000000000000b:4,0.002,0.0025,0.002,0.002,1.63,2026-06-18T11:02:27,0.001,1.46
ip_shuffle,20260618T110227_051279,of:0000000000000001:3 -> of:000000000000000d:1,0.002,0.0025,0.002,0.002,2.76,2026-06-18T11:02:27,0.002,2.76
ip_shuffle,20260618T110227_051279,of:0000000000000006:2 -> of:000000000000000a:2,0.002,0.0025,0.002,0.002,1.96,2026-06-18T11:02:27,0.002,1.9
ip_shuffle,20260618T110227_051279,of:0000000000000003:1 -> of:000000000000000b:5,0.002,0.0025,0.002,0.002,2.0,2026-06-18T11:02:27,0.002,1.83
ip_shuffle,20260618T110227_051279,of:0000000000000007:1 -> of:000000000000000d:5,0.002,0.0025,0.002,0.002,1.6,2026-06-18T11:02:27,0.002,1.56
ip_shuffle,20260618T110227_051279,of:0000000000000007:2 -> of:000000000000000a:3,0.002,0.0025,0.002,0.002,1.73,2026-06-18T11:02:27,0.001,1.66
ip_shuffle,20260618T110227_051279,of:0000000000000002:2 -> of:0000000000000008:2,0.002,0.0025,0.002,0.002,1.86,2026-06-18T11:02:27,0.002,1.8
ip_shuffle,20260618T110227_051279,of:0000000000000008:1 -> of:000000000000000b:6,0.001,0.00125,0.001,0.001,1.43,2026-06-18T11:02:27,0.001,1.46
ip_shuffle,20260618T110227_051279,of:0000000000000009:1 -> of:000000000000000c:6,0.001,0.00125,0.001,0.001,1.43,2026-06-18T11:02:27,0.001,1.46
ip_shuffle,20260618T110227_051279,of:0000000000000001:2 -> of:000000000000000c:1,0.003,0.00375,0.003,0.003,3.06,2026-06-18T11:02:27,0.003,3.23
ip_shuffle,20260618T110227_051279,of:0000000000000003:2 -> of:0000000000000008:3,0.002,0.0025,0.002,0.002,1.93,2026-06-18T11:02:27,0.002,1.86
route_mutation,20260618T110324_744666,of:0000000000000005:1 -> of:000000000000000c:5,0.001,0.00125,0.001,0.001,1.37,2026-06-18T11:03:24,0.001,1.37
route_mutation,20260618T110324_744666,of:000000000000000a:1 -> of:000000000000000d:6,0.002,0.0025,0.002,0.002,1.43,2026-06-18T11:03:24,0.002,1.43
route_mutation,20260618T110324_744666,of:000000000000000b:2 -> of:000000000000000c:2,0.002,0.0025,0.002,0.002,1.53,2026-06-18T11:03:24,0.002,1.53
route_mutation,20260618T110324_744666,of:0000000000000004:2 -> of:0000000000000009:2,0.002,0.0025,0.002,0.002,1.53,2026-06-18T11:03:24,0.001,1.47
route_mutation,20260618T110324_744666,of:0000000000000005:2 -> of:0000000000000009:3,0.002,0.0025,0.002,0.002,1.53,2026-06-18T11:03:24,0.001,1.47
route_mutation,20260618T110324_744666,of:000000000000000b:3 -> of:000000000000000d:2,0.002,0.0025,0.002,0.002,1.66,2026-06-18T11:03:24,0.002,1.66
route_mutation,20260618T110324_744666,of:0000000000000004:1 -> of:000000000000000c:4,0.002,0.0025,0.002,0.002,1.47,2026-06-18T11:03:24,0.002,1.47
route_mutation,20260618T110324_744666,of:000000000000000c:3 -> of:000000000000000d:3,0.002,0.0025,0.002,0.002,1.53,2026-06-18T11:03:24,0.002,1.53
route_mutation,20260618T110324_744666,of:0000000000000001:1 -> of:000000000000000b:1,0.003,0.00375,0.003,0.003,3.23,2026-06-18T11:03:24,0.003,3.3
route_mutation,20260618T110324_744666,of:0000000000000006:1 -> of:000000000000000d:4,0.002,0.0025,0.002,0.002,1.7,2026-06-18T11:03:24,0.002,1.63
route_mutation,20260618T110324_744666,of:0000000000000002:1 -> of:000000000000000b:4,0.002,0.0025,0.002,0.002,2.46,2026-06-18T11:03:24,0.002,2.53
route_mutation,20260618T110324_744666,of:0000000000000001:3 -> of:000000000000000d:1,0.002,0.0025,0.002,0.002,1.57,2026-06-18T11:03:24,0.002,1.57
route_mutation,20260618T110324_744666,of:0000000000000006:2 -> of:000000000000000a:2,0.002,0.0025,0.002,0.002,1.53,2026-06-18T11:03:24,0.001,1.47
route_mutation,20260618T110324_744666,of:0000000000000003:1 -> of:000000000000000b:5,0.002,0.0025,0.002,0.002,2.26,2026-06-18T11:03:24,0.002,2.33
route_mutation,20260618T110324_744666,of:0000000000000007:1 -> of:000000000000000d:5,0.002,0.0025,0.002,0.002,1.43,2026-06-18T11:03:24,0.002,1.43
route_mutation,20260618T110324_744666,of:0000000000000007:2 -> of:000000000000000a:3,0.002,0.0025,0.002,0.002,1.53,2026-06-18T11:03:24,0.002,1.53
route_mutation,20260618T110324_744666,of:0000000000000002:2 -> of:0000000000000008:2,0.002,0.0025,0.002,0.001,1.47,2026-06-18T11:03:24,0.002,1.53
route_mutation,20260618T110324_744666,of:0000000000000008:1 -> of:000000000000000b:6,0.002,0.0025,0.002,0.002,1.43,2026-06-18T11:03:24,0.002,1.43
route_mutation,20260618T110324_744666,of:0000000000000009:1 -> of:000000000000000c:6,0.002,0.0025,0.002,0.002,1.43,2026-06-18T11:03:24,0.002,1.43
route_mutation,20260618T110324_744666,of:0000000000000001:2 -> of:000000000000000c:1,0.002,0.0025,0.002,0.002,1.53,2026-06-18T11:03:24,0.002,1.53
route_mutation,20260618T110324_744666,of:0000000000000003:2 -> of:0000000000000008:3,0.002,0.0025,0.002,0.001,1.47,2026-06-18T11:03:24,0.002,1.53
ip_shuffle,20260618T110355_013038,of:0000000000000005:1 -> of:000000000000000c:5,0.002,0.0025,0.002,0.002,2.56,2026-06-18T11:03:55,0.002,2.46
ip_shuffle,20260618T110355_013038,of:000000000000000a:1 -> of:000000000000000d:6,0.002,0.0025,0.002,0.002,1.6,2026-06-18T11:03:55,0.002,1.63
ip_shuffle,20260618T110355_013038,of:000000000000000b:2 -> of:000000000000000c:2,0.002,0.0025,0.002,0.002,1.93,2026-06-18T11:03:55,0.002,1.93
ip_shuffle,20260618T110355_013038,of:0000000000000004:2 -> of:0000000000000009:2,0.002,0.0025,0.002,0.002,2.1,2026-06-18T11:03:55,0.002,2.03
ip_shuffle,20260618T110355_013038,of:0000000000000005:2 -> of:0000000000000009:3,0.002,0.0025,0.002,0.002,2.1,2026-06-18T11:03:55,0.002,2.03
ip_shuffle,20260618T110355_013038,of:000000000000000b:3 -> of:000000000000000d:2,0.002,0.0025,0.002,0.002,1.96,2026-06-18T11:03:55,0.002,1.96
ip_shuffle,20260618T110355_013038,of:0000000000000004:1 -> of:000000000000000c:4,0.002,0.0025,0.002,0.002,2.46,2026-06-18T11:03:55,0.002,2.36
ip_shuffle,20260618T110355_013038,of:000000000000000c:3 -> of:000000000000000d:3,0.002,0.0025,0.002,0.002,2.03,2026-06-18T11:03:55,0.002,2.03
ip_shuffle,20260618T110355_013038,of:0000000000000001:1 -> of:000000000000000b:1,0.002,0.0025,0.002,0.002,1.73,2026-06-18T11:03:55,0.002,1.73
ip_shuffle,20260618T110355_013038,of:0000000000000006:1 -> of:000000000000000d:4,0.002,0.0025,0.002,0.002,2.83,2026-06-18T11:03:55,0.002,2.76
ip_shuffle,20260618T110355_013038,of:0000000000000002:1 -> of:000000000000000b:4,0.002,0.0025,0.002,0.002,1.73,2026-06-18T11:03:55,0.001,1.53
ip_shuffle,20260618T110355_013038,of:0000000000000001:3 -> of:000000000000000d:1,0.003,0.00375,0.003,0.003,3.06,2026-06-18T11:03:55,0.003,3.03
ip_shuffle,20260618T110355_013038,of:0000000000000006:2 -> of:000000000000000a:2,0.002,0.0025,0.002,0.002,2.1,2026-06-18T11:03:55,0.002,2.03
ip_shuffle,20260618T110355_013038,of:0000000000000003:1 -> of:000000000000000b:5,0.002,0.0025,0.002,0.002,1.9,2026-06-18T11:03:55,0.002,1.66
ip_shuffle,20260618T110355_013038,of:0000000000000007:1 -> of:000000000000000d:5,0.002,0.0025,0.002,0.002,2.16,2026-06-18T11:03:55,0.002,2.26
ip_shuffle,20260618T110355_013038,of:0000000000000007:2 -> of:000000000000000a:3,0.002,0.0025,0.002,0.002,2.16,2026-06-18T11:03:55,0.002,2.1
ip_shuffle,20260618T110355_013038,of:0000000000000002:2 -> of:0000000000000008:2,0.002,0.0025,0.002,0.002,2.06,2026-06-18T11:03:55,0.002,1.93
ip_shuffle,20260618T110355_013038,of:0000000000000008:1 -> of:000000000000000b:6,0.001,0.00125,0.001,0.001,1.53,2026-06-18T11:03:55,0.001,1.53
ip_shuffle,20260618T110355_013038,of:0000000000000009:1 -> of:000000000000000c:6,0.002,0.0025,0.002,0.002,1.6,2026-06-18T11:03:55,0.002,1.6
ip_shuffle,20260618T110355_013038,of:0000000000000001:2 -> of:000000000000000c:1,0.003,0.00375,0.003,0.003,3.03,2026-06-18T11:03:55,0.003,3.16
ip_shuffle,20260618T110355_013038,of:0000000000000003:2 -> of:0000000000000008:3,0.002,0.0025,0.002,0.002,2.1,2026-06-18T11:03:55,0.002,1.96
ip_shuffle,20260618T110507_155622,of:0000000000000005:1 -> of:000000000000000c:5,0.002,0.0025,0.002,0.001,1.46,2026-06-18T11:05:07,0.002,1.53
ip_shuffle,20260618T110507_155622,of:000000000000000a:1 -> of:000000000000000d:6,0.002,0.0025,0.002,0.002,1.53,2026-06-18T11:05:07,0.002,1.53
ip_shuffle,20260618T110507_155622,of:000000000000000b:2 -> of:000000000000000c:2,0.002,0.0025,0.002,0.002,1.73,2026-06-18T11:05:07,0.002,1.73
ip_shuffle,20260618T110507_155622,of:0000000000000004:2 -> of:0000000000000009:2,0.002,0.0025,0.002,0.002,1.73,2026-06-18T11:05:07,0.002,1.66
ip_shuffle,20260618T110507_155622,of:0000000000000005:2 -> of:0000000000000009:3,0.002,0.0025,0.002,0.002,1.73,2026-06-18T11:05:07,0.002,1.73
ip_shuffle,20260618T110507_155622,of:000000000000000b:3 -> of:000000000000000d:2,0.002,0.0025,0.002,0.002,1.9,2026-06-18T11:05:07,0.002,1.9
ip_shuffle,20260618T110507_155622,of:0000000000000004:1 -> of:000000000000000c:4,0.002,0.0025,0.002,0.002,1.63,2026-06-18T11:05:07,0.002,1.63
ip_shuffle,20260618T110507_155622,of:000000000000000c:3 -> of:000000000000000d:3,0.002,0.0025,0.002,0.002,1.73,2026-06-18T11:05:07,0.002,1.73
ip_shuffle,20260618T110507_155622,of:0000000000000001:1 -> of:000000000000000b:1,0.003,0.00375,0.003,0.003,3.43,2026-06-18T11:05:07,0.003,3.5
ip_shuffle,20260618T110507_155622,of:0000000000000006:1 -> of:000000000000000d:4,0.002,0.0025,0.002,0.002,1.86,2026-06-18T11:05:07,0.002,1.8
ip_shuffle,20260618T110507_155622,of:0000000000000002:1 -> of:000000000000000b:4,0.002,0.0025,0.002,0.002,2.6,2026-06-18T11:05:07,0.002,2.66
ip_shuffle,20260618T110507_155622,of:0000000000000001:3 -> of:000000000000000d:1,0.002,0.0025,0.002,0.002,1.7,2026-06-18T11:05:07,0.002,1.7
ip_shuffle,20260618T110507_155622,of:0000000000000006:2 -> of:000000000000000a:2,0.002,0.0025,0.002,0.002,1.73,2026-06-18T11:05:07,0.002,1.66
ip_shuffle,20260618T110507_155622,of:0000000000000003:1 -> of:000000000000000b:5,0.002,0.0025,0.002,0.002,2.46,2026-06-18T11:05:07,0.002,2.53
ip_shuffle,20260618T110507_155622,of:0000000000000007:1 -> of:000000000000000d:5,0.001,0.00125,0.001,0.001,1.46,2026-06-18T11:05:07,0.001,1.46
ip_shuffle,20260618T110507_155622,of:0000000000000007:2 -> of:000000000000000a:3,0.002,0.0025,0.002,0.002,1.66,2026-06-18T11:05:07,0.002,1.66
ip_shuffle,20260618T110507_155622,of:0000000000000002:2 -> of:0000000000000008:2,0.002,0.0025,0.002,0.002,1.66,2026-06-18T11:05:07,0.002,1.73
ip_shuffle,20260618T110507_155622,of:0000000000000008:1 -> of:000000000000000b:6,0.002,0.0025,0.002,0.002,1.53,2026-06-18T11:05:07,0.002,1.53
ip_shuffle,20260618T110507_155622,of:0000000000000009:1 -> of:000000000000000c:6,0.002,0.0025,0.002,0.002,1.53,2026-06-18T11:05:07,0.002,1.53
ip_shuffle,20260618T110507_155622,of:0000000000000001:2 -> of:000000000000000c:1,0.002,0.0025,0.002,0.002,1.66,2026-06-18T11:05:07,0.002,1.7
ip_shuffle,20260618T110507_155622,of:0000000000000003:2 -> of:0000000000000008:3,0.002,0.0025,0.002,0.002,1.66,2026-06-18T11:05:07,0.002,1.73
route_mutation,20260618T110611_280608,of:0000000000000005:1 -> of:000000000000000c:5,0.002,0.0025,0.002,0.002,1.56,2026-06-18T11:06:11,0.002,1.56
route_mutation,20260618T110611_280608,of:000000000000000a:1 -> of:000000000000000d:6,0.002,0.0025,0.002,0.002,1.56,2026-06-18T11:06:11,0.002,1.56
route_mutation,20260618T110611_280608,of:000000000000000b:2 -> of:000000000000000c:2,0.002,0.0025,0.002,0.002,1.86,2026-06-18T11:06:11,0.002,1.86
route_mutation,20260618T110611_280608,of:0000000000000004:2 -> of:0000000000000009:2,0.002,0.0025,0.002,0.002,1.86,2026-06-18T11:06:11,0.002,1.93
route_mutation,20260618T110611_280608,of:0000000000000005:2 -> of:0000000000000009:3,0.002,0.0025,0.002,0.002,1.86,2026-06-18T11:06:11,0.002,1.93
route_mutation,20260618T110611_280608,of:000000000000000b:3 -> of:000000000000000d:2,0.002,0.0025,0.002,0.002,1.86,2026-06-18T11:06:11,0.002,1.86
route_mutation,20260618T110611_280608,of:0000000000000004:1 -> of:000000000000000c:4,0.002,0.0025,0.002,0.002,1.56,2026-06-18T11:06:11,0.002,1.56
route_mutation,20260618T110611_280608,of:000000000000000c:3 -> of:000000000000000d:3,0.002,0.0025,0.002,0.002,1.8,2026-06-18T11:06:11,0.002,1.8
route_mutation,20260618T110611_280608,of:0000000000000001:1 -> of:000000000000000b:1,0.002,0.0025,0.002,0.002,1.56,2026-06-18T11:06:11,0.002,1.63
route_mutation,20260618T110611_280608,of:0000000000000006:1 -> of:000000000000000d:4,0.002,0.0025,0.002,0.002,1.56,2026-06-18T11:06:11,0.002,1.56
route_mutation,20260618T110611_280608,of:0000000000000002:1 -> of:000000000000000b:4,0.002,0.0025,0.002,0.002,1.56,2026-06-18T11:06:11,0.002,1.63
route_mutation,20260618T110611_280608,of:0000000000000001:3 -> of:000000000000000d:1,0.002,0.0025,0.002,0.002,2.83,2026-06-18T11:06:11,0.002,2.83
route_mutation,20260618T110611_280608,of:0000000000000006:2 -> of:000000000000000a:2,0.002,0.0025,0.002,0.002,1.86,2026-06-18T11:06:11,0.002,1.93
route_mutation,20260618T110611_280608,of:0000000000000003:1 -> of:000000000000000b:5,0.002,0.0025,0.002,0.002,1.56,2026-06-18T11:06:11,0.002,1.63
route_mutation,20260618T110611_280608,of:0000000000000007:1 -> of:000000000000000d:5,0.002,0.0025,0.002,0.002,2.73,2026-06-18T11:06:11,0.002,2.73
route_mutation,20260618T110611_280608,of:0000000000000007:2 -> of:000000000000000a:3,0.002,0.0025,0.002,0.002,1.86,2026-06-18T11:06:11,0.002,1.93
route_mutation,20260618T110611_280608,of:0000000000000002:2 -> of:0000000000000008:2,0.002,0.0025,0.002,0.002,1.86,2026-06-18T11:06:11,0.002,1.93
route_mutation,20260618T110611_280608,of:0000000000000008:1 -> of:000000000000000b:6,0.002,0.0025,0.002,0.002,1.63,2026-06-18T11:06:11,0.002,1.63
route_mutation,20260618T110611_280608,of:0000000000000009:1 -> of:000000000000000c:6,0.002,0.0025,0.002,0.002,1.56,2026-06-18T11:06:11,0.002,1.56
route_mutation,20260618T110611_280608,of:0000000000000001:2 -> of:000000000000000c:1,0.002,0.0025,0.002,0.002,1.56,2026-06-18T11:06:11,0.002,1.56
route_mutation,20260618T110611_280608,of:0000000000000003:2 -> of:0000000000000008:3,0.002,0.0025,0.002,0.002,1.86,2026-06-18T11:06:11,0.002,1.93
route_mutation,20260618T110641_566668,of:0000000000000005:1 -> of:000000000000000c:5,0.002,0.0025,0.002,0.001,1.37,2026-06-18T11:06:41,0.002,1.43
route_mutation,20260618T110641_566668,of:000000000000000a:1 -> of:000000000000000d:6,0.002,0.0025,0.002,0.002,1.43,2026-06-18T11:06:41,0.002,1.43
route_mutation,20260618T110641_566668,of:000000000000000b:2 -> of:000000000000000c:2,0.002,0.0025,0.002,0.002,1.53,2026-06-18T11:06:41,0.002,1.53
route_mutation,20260618T110641_566668,of:0000000000000004:2 -> of:0000000000000009:2,0.001,0.00125,0.001,0.001,1.47,2026-06-18T11:06:41,0.001,1.47
route_mutation,20260618T110641_566668,of:0000000000000005:2 -> of:0000000000000009:3,0.002,0.0025,0.002,0.001,1.47,2026-06-18T11:06:41,0.002,1.53
route_mutation,20260618T110641_566668,of:000000000000000b:3 -> of:000000000000000d:2,0.002,0.0025,0.002,0.002,1.53,2026-06-18T11:06:41,0.002,1.53
route_mutation,20260618T110641_566668,of:0000000000000004:1 -> of:000000000000000c:4,0.001,0.00125,0.001,0.001,1.37,2026-06-18T11:06:41,0.001,1.37
route_mutation,20260618T110641_566668,of:000000000000000c:3 -> of:000000000000000d:3,0.002,0.0025,0.002,0.002,1.53,2026-06-18T11:06:41,0.002,1.53
route_mutation,20260618T110641_566668,of:0000000000000001:1 -> of:000000000000000b:1,0.002,0.0025,0.002,0.002,2.26,2026-06-18T11:06:41,0.002,2.26
route_mutation,20260618T110641_566668,of:0000000000000006:1 -> of:000000000000000d:4,0.001,0.00125,0.001,0.001,1.37,2026-06-18T11:06:41,0.001,1.37
route_mutation,20260618T110641_566668,of:0000000000000002:1 -> of:000000000000000b:4,0.002,0.0025,0.002,0.002,2.26,2026-06-18T11:06:41,0.002,2.26
route_mutation,20260618T110641_566668,of:0000000000000001:3 -> of:000000000000000d:1,0.002,0.0025,0.002,0.002,1.43,2026-06-18T11:06:41,0.002,1.43
route_mutation,20260618T110641_566668,of:0000000000000006:2 -> of:000000000000000a:2,0.001,0.00125,0.001,0.001,1.47,2026-06-18T11:06:41,0.001,1.47
route_mutation,20260618T110641_566668,of:0000000000000003:1 -> of:000000000000000b:5,0.002,0.0025,0.002,0.001,1.37,2026-06-18T11:06:41,0.002,1.43
route_mutation,20260618T110641_566668,of:0000000000000007:1 -> of:000000000000000d:5,0.001,0.00125,0.001,0.001,1.37,2026-06-18T11:06:41,0.001,1.37
route_mutation,20260618T110641_566668,of:0000000000000007:2 -> of:000000000000000a:3,0.001,0.00125,0.001,0.001,1.47,2026-06-18T11:06:41,0.001,1.47
route_mutation,20260618T110641_566668,of:0000000000000002:2 -> of:0000000000000008:2,0.002,0.0025,0.002,0.001,1.47,2026-06-18T11:06:41,0.002,1.53
route_mutation,20260618T110641_566668,of:0000000000000008:1 -> of:000000000000000b:6,0.002,0.0025,0.002,0.002,1.43,2026-06-18T11:06:41,0.002,1.43
route_mutation,20260618T110641_566668,of:0000000000000009:1 -> of:000000000000000c:6,0.002,0.0025,0.002,0.002,1.43,2026-06-18T11:06:41,0.002,1.43
route_mutation,20260618T110641_566668,of:0000000000000001:2 -> of:000000000000000c:1,0.002,0.0025,0.002,0.002,1.43,2026-06-18T11:06:41,0.002,1.43
route_mutation,20260618T110641_566668,of:0000000000000003:2 -> of:0000000000000008:3,0.002,0.0025,0.002,0.001,1.47,2026-06-18T11:06:41,0.002,1.53
route_mutation,20260618T110711_819628,of:0000000000000005:1 -> of:000000000000000c:5,0.002,0.0025,0.002,0.002,2.3,2026-06-18T11:07:11,0.002,2.16
route_mutation,20260618T110711_819628,of:000000000000000a:1 -> of:000000000000000d:6,0.001,0.00125,0.001,0.001,1.37,2026-06-18T11:07:11,0.001,1.37
route_mutation,20260618T110711_819628,of:000000000000000b:2 -> of:000000000000000c:2,0.002,0.0025,0.002,0.002,1.53,2026-06-18T11:07:11,0.002,1.53
route_mutation,20260618T110711_819628,of:0000000000000004:2 -> of:0000000000000009:2,0.002,0.0025,0.002,0.002,1.6,2026-06-18T11:07:11,0.001,1.53
route_mutation,20260618T110711_819628,of:0000000000000005:2 -> of:0000000000000009:3,0.002,0.0025,0.002,0.002,1.6,2026-06-18T11:07:11,0.001,1.47
route_mutation,20260618T110711_819628,of:000000000000000b:3 -> of:000000000000000d:2,0.002,0.0025,0.002,0.002,1.53,2026-06-18T11:07:11,0.002,1.53
route_mutation,20260618T110711_819628,of:0000000000000004:1 -> of:000000000000000c:4,0.002,0.0025,0.002,0.002,2.3,2026-06-18T11:07:11,0.002,2.23
route_mutation,20260618T110711_819628,of:000000000000000c:3 -> of:000000000000000d:3,0.002,0.0025,0.002,0.002,1.53,2026-06-18T11:07:11,0.002,1.53
route_mutation,20260618T110711_819628,of:0000000000000001:1 -> of:000000000000000b:1,0.002,0.0025,0.002,0.002,2.56,2026-06-18T11:07:11,0.002,2.6
route_mutation,20260618T110711_819628,of:0000000000000006:1 -> of:000000000000000d:4,0.002,0.0025,0.002,0.002,1.66,2026-06-18T11:07:11,0.002,1.7
route_mutation,20260618T110711_819628,of:0000000000000002:1 -> of:000000000000000b:4,0.002,0.0025,0.002,0.002,1.57,2026-06-18T11:07:11,0.002,1.53
route_mutation,20260618T110711_819628,of:0000000000000001:3 -> of:000000000000000d:1,0.002,0.0025,0.002,0.002,1.57,2026-06-18T11:07:11,0.002,1.57
route_mutation,20260618T110711_819628,of:0000000000000006:2 -> of:000000000000000a:2,0.002,0.0025,0.002,0.002,1.6,2026-06-18T11:07:11,0.002,1.53
route_mutation,20260618T110711_819628,of:0000000000000003:1 -> of:000000000000000b:5,0.002,0.0025,0.002,0.002,2.5,2026-06-18T11:07:11,0.002,2.4
route_mutation,20260618T110711_819628,of:0000000000000007:1 -> of:000000000000000d:5,0.002,0.0025,0.002,0.002,1.5,2026-06-18T11:07:11,0.002,1.43
route_mutation,20260618T110711_819628,of:0000000000000007:2 -> of:000000000000000a:3,0.002,0.0025,0.002,0.002,1.6,2026-06-18T11:07:11,0.002,1.53
route_mutation,20260618T110711_819628,of:0000000000000002:2 -> of:0000000000000008:2,0.002,0.0025,0.002,0.002,1.57,2026-06-18T11:07:11,0.001,1.43
route_mutation,20260618T110711_819628,of:0000000000000008:1 -> of:000000000000000b:6,0.001,0.00125,0.001,0.001,1.37,2026-06-18T11:07:11,0.001,1.37
route_mutation,20260618T110711_819628,of:0000000000000009:1 -> of:000000000000000c:6,0.001,0.00125,0.001,0.001,1.37,2026-06-18T11:07:11,0.001,1.37
route_mutation,20260618T110711_819628,of:0000000000000001:2 -> of:000000000000000c:1,0.003,0.00375,0.003,0.003,2.96,2026-06-18T11:07:11,0.003,3.0
route_mutation,20260618T110711_819628,of:0000000000000003:2 -> of:0000000000000008:3,0.002,0.0025,0.002,0.002,1.57,2026-06-18T11:07:11,0.001,1.43
route_mutation,20260618T110741_992453,of:0000000000000005:1 -> of:000000000000000c:5,0.002,0.0025,0.002,0.002,1.9,2026-06-18T11:07:41,0.002,1.96
route_mutation,20260618T110741_992453,of:000000000000000a:1 -> of:000000000000000d:6,0.002,0.0025,0.002,0.002,1.96,2026-06-18T11:07:41,0.002,1.96
route_mutation,20260618T110741_992453,of:000000000000000b:2 -> of:000000000000000c:2,0.002,0.0025,0.002,0.002,2.6,2026-06-18T11:07:41,0.002,2.6
route_mutation,20260618T110741_992453,of:0000000000000004:2 -> of:0000000000000009:2,0.002,0.0025,0.002,0.002,2.6,2026-06-18T11:07:41,0.002,2.66
route_mutation,20260618T110741_992453,of:0000000000000005:2 -> of:0000000000000009:3,0.002,0.0025,0.002,0.002,2.6,2026-06-18T11:07:41,0.002,2.66
route_mutation,20260618T110741_992453,of:000000000000000b:3 -> of:000000000000000d:2,0.002,0.0025,0.002,0.002,2.6,2026-06-18T11:07:41,0.002,2.6
route_mutation,20260618T110741_992453,of:0000000000000004:1 -> of:000000000000000c:4,0.002,0.0025,0.002,0.002,1.9,2026-06-18T11:07:41,0.002,1.96
route_mutation,20260618T110741_992453,of:000000000000000c:3 -> of:000000000000000d:3,0.002,0.0025,0.002,0.002,2.6,2026-06-18T11:07:41,0.002,2.6
route_mutation,20260618T110741_992453,of:0000000000000001:1 -> of:000000000000000b:1,0.002,0.0025,0.002,0.002,1.96,2026-06-18T11:07:41,0.002,1.93
route_mutation,20260618T110741_992453,of:0000000000000006:1 -> of:000000000000000d:4,0.002,0.0025,0.002,0.002,2.83,2026-06-18T11:07:41,0.002,2.8
route_mutation,20260618T110741_992453,of:0000000000000002:1 -> of:000000000000000b:4,0.002,0.0025,0.002,0.002,1.93,2026-06-18T11:07:41,0.002,1.96
route_mutation,20260618T110741_992453,of:0000000000000001:3 -> of:000000000000000d:1,0.003,0.00375,0.003,0.003,4.03,2026-06-18T11:07:41,0.003,4.03
route_mutation,20260618T110741_992453,of:0000000000000006:2 -> of:000000000000000a:2,0.002,0.0025,0.002,0.002,2.6,2026-06-18T11:07:41,0.002,2.66
route_mutation,20260618T110741_992453,of:0000000000000003:1 -> of:000000000000000b:5,0.002,0.0025,0.002,0.002,1.93,2026-06-18T11:07:41,0.002,1.96
route_mutation,20260618T110741_992453,of:0000000000000007:1 -> of:000000000000000d:5,0.003,0.00375,0.003,0.003,3.06,2026-06-18T11:07:41,0.003,3.13
route_mutation,20260618T110741_992453,of:0000000000000007:2 -> of:000000000000000a:3,0.002,0.0025,0.002,0.002,2.6,2026-06-18T11:07:41,0.002,2.66
route_mutation,20260618T110741_992453,of:0000000000000002:2 -> of:0000000000000008:2,0.002,0.0025,0.002,0.002,2.7,2026-06-18T11:07:41,0.002,2.83
route_mutation,20260618T110741_992453,of:0000000000000008:1 -> of:000000000000000b:6,0.002,0.0025,0.002,0.002,2.1,2026-06-18T11:07:41,0.002,2.1
route_mutation,20260618T110741_992453,of:0000000000000009:1 -> of:000000000000000c:6,0.002,0.0025,0.002,0.002,1.96,2026-06-18T11:07:41,0.002,1.96
route_mutation,20260618T110741_992453,of:0000000000000001:2 -> of:000000000000000c:1,0.002,0.0025,0.002,0.002,1.96,2026-06-18T11:07:41,0.002,1.93
route_mutation,20260618T110741_992453,of:0000000000000003:2 -> of:0000000000000008:3,0.002,0.0025,0.002,0.002,2.7,2026-06-18T11:07:41,0.002,2.83
route_mutation,20260618T110812_230329,of:0000000000000005:1 -> of:000000000000000c:5,0.001,0.00125,0.001,0.001,1.27,2026-06-18T11:08:12,0.001,1.33
route_mutation,20260618T110812_230329,of:000000000000000a:1 -> of:000000000000000d:6,0.001,0.00125,0.001,0.001,1.33,2026-06-18T11:08:12,0.001,1.33
route_mutation,20260618T110812_230329,of:000000000000000b:2 -> of:000000000000000c:2,0.001,0.00125,0.001,0.001,1.33,2026-06-18T11:08:12,0.001,1.33
route_mutation,20260618T110812_230329,of:0000000000000004:2 -> of:0000000000000009:2,0.001,0.00125,0.001,0.001,1.27,2026-06-18T11:08:12,0.001,1.33
route_mutation,20260618T110812_230329,of:0000000000000005:2 -> of:0000000000000009:3,0.001,0.00125,0.001,0.001,1.27,2026-06-18T11:08:12,0.001,1.33
route_mutation,20260618T110812_230329,of:000000000000000b:3 -> of:000000000000000d:2,0.001,0.00125,0.001,0.001,1.33,2026-06-18T11:08:12,0.001,1.33
route_mutation,20260618T110812_230329,of:0000000000000004:1 -> of:000000000000000c:4,0.001,0.00125,0.001,0.001,1.27,2026-06-18T11:08:12,0.001,1.33
route_mutation,20260618T110812_230329,of:000000000000000c:3 -> of:000000000000000d:3,0.001,0.00125,0.001,0.001,1.33,2026-06-18T11:08:12,0.001,1.33
route_mutation,20260618T110812_230329,of:0000000000000001:1 -> of:000000000000000b:1,0.002,0.0025,0.002,0.002,1.73,2026-06-18T11:08:12,0.002,1.73
route_mutation,20260618T110812_230329,of:0000000000000006:1 -> of:000000000000000d:4,0.001,0.00125,0.001,0.001,1.3,2026-06-18T11:08:12,0.001,1.27
route_mutation,20260618T110812_230329,of:0000000000000002:1 -> of:000000000000000b:4,0.002,0.0025,0.002,0.002,1.73,2026-06-18T11:08:12,0.002,1.73
route_mutation,20260618T110812_230329,of:0000000000000001:3 -> of:000000000000000d:1,0.001,0.00125,0.001,0.001,1.37,2026-06-18T11:08:12,0.001,1.37
route_mutation,20260618T110812_230329,of:0000000000000006:2 -> of:000000000000000a:2,0.001,0.00125,0.001,0.001,1.3,2026-06-18T11:08:12,0.001,1.3
route_mutation,20260618T110812_230329,of:0000000000000003:1 -> of:000000000000000b:5,0.001,0.00125,0.001,0.001,1.33,2026-06-18T11:08:12,0.001,1.33
route_mutation,20260618T110812_230329,of:0000000000000007:1 -> of:000000000000000d:5,0.001,0.00125,0.001,0.001,1.33,2026-06-18T11:08:12,0.001,1.3
route_mutation,20260618T110812_230329,of:0000000000000007:2 -> of:000000000000000a:3,0.001,0.00125,0.001,0.001,1.3,2026-06-18T11:08:12,0.001,1.3
route_mutation,20260618T110812_230329,of:0000000000000002:2 -> of:0000000000000008:2,0.001,0.00125,0.001,0.001,1.37,2026-06-18T11:08:12,0.001,1.3
route_mutation,20260618T110812_230329,of:0000000000000008:1 -> of:000000000000000b:6,0.001,0.00125,0.001,0.001,1.3,2026-06-18T11:08:12,0.001,1.27
route_mutation,20260618T110812_230329,of:0000000000000009:1 -> of:000000000000000c:6,0.001,0.00125,0.001,0.001,1.33,2026-06-18T11:08:12,0.001,1.33
route_mutation,20260618T110812_230329,of:0000000000000001:2 -> of:000000000000000c:1,0.001,0.00125,0.001,0.001,1.33,2026-06-18T11:08:12,0.001,1.33
route_mutation,20260618T110812_230329,of:0000000000000003:2 -> of:0000000000000008:3,0.001,0.00125,0.001,0.001,1.37,2026-06-18T11:08:12,0.001,1.3
route_mutation,20260618T110842_482555,of:0000000000000005:1 -> of:000000000000000c:5,0.002,0.0025,0.002,0.002,2.23,2026-06-18T11:08:42,0.002,2.16
route_mutation,20260618T110842_482555,of:000000000000000a:1 -> of:000000000000000d:6,0.002,0.0025,0.002,0.002,1.53,2026-06-18T11:08:42,0.002,1.53
route_mutation,20260618T110842_482555,of:000000000000000b:2 -> of:000000000000000c:2,0.002,0.0025,0.002,0.002,1.73,2026-06-18T11:08:42,0.002,1.73
route_mutation,20260618T110842_482555,of:0000000000000004:2 -> of:0000000000000009:2,0.002,0.0025,0.002,0.002,1.73,2026-06-18T11:08:42,0.001,1.6
route_mutation,20260618T110842_482555,of:0000000000000005:2 -> of:0000000000000009:3,0.002,0.0025,0.002,0.002,1.73,2026-06-18T11:08:42,0.001,1.6
route_mutation,20260618T110842_482555,of:000000000000000b:3 -> of:000000000000000d:2,0.002,0.0025,0.002,0.002,1.73,2026-06-18T11:08:42,0.002,1.73
route_mutation,20260618T110842_482555,of:0000000000000004:1 -> of:000000000000000c:4,0.002,0.0025,0.002,0.002,2.33,2026-06-18T11:08:42,0.002,2.26
route_mutation,20260618T110842_482555,of:000000000000000c:3 -> of:000000000000000d:3,0.002,0.0025,0.002,0.002,1.73,2026-06-18T11:08:42,0.002,1.73
route_mutation,20260618T110842_482555,of:0000000000000001:1 -> of:000000000000000b:1,0.003,0.00375,0.003,0.003,3.13,2026-06-18T11:08:42,0.003,3.13
route_mutation,20260618T110842_482555,of:0000000000000006:1 -> of:000000000000000d:4,0.002,0.0025,0.002,0.002,1.66,2026-06-18T11:08:42,0.002,1.7
route_mutation,20260618T110842_482555,of:0000000000000002:1 -> of:000000000000000b:4,0.002,0.0025,0.002,0.002,2.1,2026-06-18T11:08:42,0.002,2.1
route_mutation,20260618T110842_482555,of:0000000000000001:3 -> of:000000000000000d:1,0.002,0.0025,0.002,0.002,1.57,2026-06-18T11:08:42,0.002,1.57
route_mutation,20260618T110842_482555,of:0000000000000006:2 -> of:000000000000000a:2,0.002,0.0025,0.002,0.002,1.73,2026-06-18T11:08:42,0.002,1.73
route_mutation,20260618T110842_482555,of:0000000000000003:1 -> of:000000000000000b:5,0.002,0.0025,0.002,0.002,2.5,2026-06-18T11:08:42,0.002,2.5
route_mutation,20260618T110842_482555,of:0000000000000007:1 -> of:000000000000000d:5,0.002,0.0025,0.002,0.002,1.53,2026-06-18T11:08:42,0.002,1.53
route_mutation,20260618T110842_482555,of:0000000000000007:2 -> of:000000000000000a:3,0.002,0.0025,0.002,0.002,1.73,2026-06-18T11:08:42,0.002,1.73
route_mutation,20260618T110842_482555,of:0000000000000002:2 -> of:0000000000000008:2,0.002,0.0025,0.002,0.002,1.73,2026-06-18T11:08:42,0.002,1.66
route_mutation,20260618T110842_482555,of:0000000000000008:1 -> of:000000000000000b:6,0.002,0.0025,0.002,0.002,1.53,2026-06-18T11:08:42,0.002,1.53
route_mutation,20260618T110842_482555,of:0000000000000009:1 -> of:000000000000000c:6,0.001,0.00125,0.001,0.001,1.47,2026-06-18T11:08:42,0.001,1.47
route_mutation,20260618T110842_482555,of:0000000000000001:2 -> of:000000000000000c:1,0.003,0.00375,0.003,0.003,2.96,2026-06-18T11:08:42,0.003,2.96
route_mutation,20260618T110842_482555,of:0000000000000003:2 -> of:0000000000000008:3,0.002,0.0025,0.002,0.002,1.73,2026-06-18T11:08:42,0.002,1.66
ip_shuffle,20260618T110912_719251,of:0000000000000005:1 -> of:000000000000000c:5,0.002,0.0025,0.002,0.002,2.03,2026-06-18T11:09:12,0.002,1.86
ip_shuffle,20260618T110912_719251,of:000000000000000a:1 -> of:000000000000000d:6,0.002,0.0025,0.002,0.002,1.7,2026-06-18T11:09:12,0.002,1.73
ip_shuffle,20260618T110912_719251,of:000000000000000b:2 -> of:000000000000000c:2,0.002,0.0025,0.002,0.002,2.2,2026-06-18T11:09:12,0.002,2.2
ip_shuffle,20260618T110912_719251,of:0000000000000004:2 -> of:0000000000000009:2,0.002,0.0025,0.002,0.002,2.53,2026-06-18T11:09:12,0.002,2.66
ip_shuffle,20260618T110912_719251,of:0000000000000005:2 -> of:0000000000000009:3,0.002,0.0025,0.002,0.002,2.6,2026-06-18T11:09:12,0.002,2.66
ip_shuffle,20260618T110912_719251,of:000000000000000b:3 -> of:000000000000000d:2,0.002,0.0025,0.002,0.002,2.23,2026-06-18T11:09:12,0.002,2.23
ip_shuffle,20260618T110912_719251,of:0000000000000004:1 -> of:000000000000000c:4,0.002,0.0025,0.002,0.002,1.86,2026-06-18T11:09:12,0.002,1.76
ip_shuffle,20260618T110912_719251,of:000000000000000c:3 -> of:000000000000000d:3,0.002,0.0025,0.002,0.002,2.23,2026-06-18T11:09:12,0.002,2.23
ip_shuffle,20260618T110912_719251,of:0000000000000001:1 -> of:000000000000000b:1,0.002,0.0025,0.002,0.002,1.76,2026-06-18T11:09:12,0.002,1.86
ip_shuffle,20260618T110912_719251,of:0000000000000006:1 -> of:000000000000000d:4,0.002,0.0025,0.002,0.002,2.83,2026-06-18T11:09:12,0.002,2.7
ip_shuffle,20260618T110912_719251,of:0000000000000002:1 -> of:000000000000000b:4,0.002,0.0025,0.002,0.002,1.86,2026-06-18T11:09:12,0.002,1.76
ip_shuffle,20260618T110912_719251,of:0000000000000001:3 -> of:000000000000000d:1,0.003,0.00375,0.003,0.003,3.46,2026-06-18T11:09:12,0.003,3.4
ip_shuffle,20260618T110912_719251,of:0000000000000006:2 -> of:000000000000000a:2,0.002,0.0025,0.002,0.002,2.33,2026-06-18T11:09:12,0.002,2.33
ip_shuffle,20260618T110912_719251,of:0000000000000003:1 -> of:000000000000000b:5,0.002,0.0025,0.002,0.002,1.86,2026-06-18T11:09:12,0.002,1.76
ip_shuffle,20260618T110912_719251,of:0000000000000007:1 -> of:000000000000000d:5,0.002,0.0025,0.002,0.002,2.46,2026-06-18T11:09:12,0.002,2.53
ip_shuffle,20260618T110912_719251,of:0000000000000007:2 -> of:000000000000000a:3,0.002,0.0025,0.002,0.002,2.33,2026-06-18T11:09:12,0.002,2.33
ip_shuffle,20260618T110912_719251,of:0000000000000002:2 -> of:0000000000000008:2,0.002,0.0025,0.002,0.002,2.36,2026-06-18T11:09:12,0.002,2.5
ip_shuffle,20260618T110912_719251,of:0000000000000008:1 -> of:000000000000000b:6,0.002,0.0025,0.002,0.002,1.83,2026-06-18T11:09:12,0.002,1.76
ip_shuffle,20260618T110912_719251,of:0000000000000009:1 -> of:000000000000000c:6,0.002,0.0025,0.002,0.002,2.0,2026-06-18T11:09:12,0.002,1.9
ip_shuffle,20260618T110912_719251,of:0000000000000001:2 -> of:000000000000000c:1,0.002,0.0025,0.002,0.002,1.86,2026-06-18T11:09:12,0.002,1.96
ip_shuffle,20260618T110912_719251,of:0000000000000003:2 -> of:0000000000000008:3,0.002,0.0025,0.002,0.002,2.36,2026-06-18T11:09:12,0.002,2.5
route_mutation,20260618T111017_780447,of:0000000000000005:1 -> of:000000000000000c:5,0.002,0.0025,0.002,0.002,1.56,2026-06-18T11:10:17,0.001,1.5
route_mutation,20260618T111017_780447,of:000000000000000a:1 -> of:000000000000000d:6,0.002,0.0025,0.002,0.002,1.56,2026-06-18T11:10:17,0.002,1.56
route_mutation,20260618T111017_780447,of:000000000000000b:2 -> of:000000000000000c:2,0.002,0.0025,0.002,0.002,1.8,2026-06-18T11:10:17,0.002,1.8
route_mutation,20260618T111017_780447,of:0000000000000004:2 -> of:0000000000000009:2,0.002,0.0025,0.002,0.002,1.8,2026-06-18T11:10:17,0.002,1.73
route_mutation,20260618T111017_780447,of:0000000000000005:2 -> of:0000000000000009:3,0.002,0.0025,0.002,0.002,1.8,2026-06-18T11:10:17,0.002,1.73
route_mutation,20260618T111017_780447,of:000000000000000b:3 -> of:000000000000000d:2,0.002,0.0025,0.002,0.002,1.8,2026-06-18T11:10:17,0.002,1.8
route_mutation,20260618T111017_780447,of:0000000000000004:1 -> of:000000000000000c:4,0.002,0.0025,0.002,0.002,1.56,2026-06-18T11:10:17,0.001,1.5
route_mutation,20260618T111017_780447,of:000000000000000c:3 -> of:000000000000000d:3,0.002,0.0025,0.002,0.002,1.8,2026-06-18T11:10:17,0.002,1.8
route_mutation,20260618T111017_780447,of:0000000000000001:1 -> of:000000000000000b:1,0.003,0.00375,0.003,0.003,3.5,2026-06-18T11:10:17,0.003,3.46
route_mutation,20260618T111017_780447,of:0000000000000006:1 -> of:000000000000000d:4,0.002,0.0025,0.002,0.002,1.7,2026-06-18T11:10:17,0.002,1.7
route_mutation,20260618T111017_780447,of:0000000000000002:1 -> of:000000000000000b:4,0.002,0.0025,0.002,0.002,2.53,2026-06-18T11:10:17,0.002,2.53
route_mutation,20260618T111017_780447,of:0000000000000001:3 -> of:000000000000000d:1,0.002,0.0025,0.002,0.002,1.83,2026-06-18T11:10:17,0.002,1.83
route_mutation,20260618T111017_780447,of:0000000000000006:2 -> of:000000000000000a:2,0.002,0.0025,0.002,0.002,1.8,2026-06-18T11:10:17,0.002,1.8
route_mutation,20260618T111017_780447,of:0000000000000003:1 -> of:000000000000000b:5,0.002,0.0025,0.002,0.002,2.46,2026-06-18T11:10:17,0.002,2.53
route_mutation,20260618T111017_780447,of:0000000000000007:1 -> of:000000000000000d:5,0.002,0.0025,0.002,0.002,1.73,2026-06-18T11:10:17,0.002,1.73
route_mutation,20260618T111017_780447,of:0000000000000007:2 -> of:000000000000000a:3,0.002,0.0025,0.002,0.002,1.8,2026-06-18T11:10:17,0.002,1.8
route_mutation,20260618T111017_780447,of:0000000000000002:2 -> of:0000000000000008:2,0.002,0.0025,0.002,0.002,1.8,2026-06-18T11:10:17,0.002,1.73
route_mutation,20260618T111017_780447,of:0000000000000008:1 -> of:000000000000000b:6,0.002,0.0025,0.002,0.002,1.56,2026-06-18T11:10:17,0.002,1.56
route_mutation,20260618T111017_780447,of:0000000000000009:1 -> of:000000000000000c:6,0.002,0.0025,0.002,0.002,1.6,2026-06-18T11:10:17,0.002,1.6
route_mutation,20260618T111017_780447,of:0000000000000001:2 -> of:000000000000000c:1,0.001,0.00125,0.001,0.001,1.5,2026-06-18T11:10:17,0.001,1.5
route_mutation,20260618T111017_780447,of:0000000000000003:2 -> of:0000000000000008:3,0.002,0.0025,0.002,0.002,1.8,2026-06-18T11:10:17,0.002,1.73
route_mutation,20260618T111048_050207,of:0000000000000005:1 -> of:000000000000000c:5,0.002,0.0025,0.002,0.002,2.53,2026-06-18T11:10:48,0.002,2.33
route_mutation,20260618T111048_050207,of:000000000000000a:1 -> of:000000000000000d:6,0.002,0.0025,0.002,0.002,1.73,2026-06-18T11:10:48,0.002,1.6
route_mutation,20260618T111048_050207,of:000000000000000b:2 -> of:000000000000000c:2,0.002,0.0025,0.002,0.002,1.73,2026-06-18T11:10:48,0.002,1.73
route_mutation,20260618T111048_050207,of:0000000000000004:2 -> of:0000000000000009:2,0.002,0.0025,0.002,0.002,1.96,2026-06-18T11:10:48,0.002,2.1
route_mutation,20260618T111048_050207,of:0000000000000005:2 -> of:0000000000000009:3,0.002,0.0025,0.002,0.002,2.06,2026-06-18T11:10:48,0.002,2.13
route_mutation,20260618T111048_050207,of:000000000000000b:3 -> of:000000000000000d:2,0.002,0.0025,0.002,0.002,1.73,2026-06-18T11:10:48,0.002,1.73
route_mutation,20260618T111048_050207,of:0000000000000004:1 -> of:000000000000000c:4,0.002,0.0025,0.002,0.002,2.43,2026-06-18T11:10:48,0.002,2.33
route_mutation,20260618T111048_050207,of:000000000000000c:3 -> of:000000000000000d:3,0.002,0.0025,0.002,0.002,1.73,2026-06-18T11:10:48,0.002,1.73
route_mutation,20260618T111048_050207,of:0000000000000001:1 -> of:000000000000000b:1,0.002,0.0025,0.002,0.002,2.0,2026-06-18T11:10:48,0.002,2.13
route_mutation,20260618T111048_050207,of:0000000000000006:1 -> of:000000000000000d:4,0.002,0.0025,0.002,0.002,2.63,2026-06-18T11:10:48,0.002,2.56
route_mutation,20260618T111048_050207,of:0000000000000002:1 -> of:000000000000000b:4,0.002,0.0025,0.002,0.002,1.63,2026-06-18T11:10:48,0.002,1.53
route_mutation,20260618T111048_050207,of:0000000000000001:3 -> of:000000000000000d:1,0.002,0.0025,0.002,0.002,2.66,2026-06-18T11:10:48,0.002,2.53
route_mutation,20260618T111048_050207,of:0000000000000006:2 -> of:000000000000000a:2,0.002,0.0025,0.002,0.002,2.2,2026-06-18T11:10:48,0.002,2.2
route_mutation,20260618T111048_050207,of:0000000000000003:1 -> of:000000000000000b:5,0.002,0.0025,0.002,0.002,2.13,2026-06-18T11:10:48,0.002,1.96
route_mutation,20260618T111048_050207,of:0000000000000007:1 -> of:000000000000000d:5,0.002,0.0025,0.002,0.002,1.7,2026-06-18T11:10:48,0.002,1.66
route_mutation,20260618T111048_050207,of:0000000000000007:2 -> of:000000000000000a:3,0.002,0.0025,0.002,0.002,2.2,2026-06-18T11:10:48,0.002,2.2
route_mutation,20260618T111048_050207,of:0000000000000002:2 -> of:0000000000000008:2,0.002,0.0025,0.002,0.002,1.96,2026-06-18T11:10:48,0.002,2.1
route_mutation,20260618T111048_050207,of:0000000000000008:1 -> of:000000000000000b:6,0.002,0.0025,0.002,0.002,1.66,2026-06-18T11:10:48,0.002,1.53
route_mutation,20260618T111048_050207,of:0000000000000009:1 -> of:000000000000000c:6,0.002,0.0025,0.002,0.002,1.66,2026-06-18T11:10:48,0.002,1.53
route_mutation,20260618T111048_050207,of:0000000000000001:2 -> of:000000000000000c:1,0.003,0.00375,0.003,0.003,3.13,2026-06-18T11:10:48,0.003,3.23
route_mutation,20260618T111048_050207,of:0000000000000003:2 -> of:0000000000000008:3,0.002,0.0025,0.002,0.002,1.96,2026-06-18T11:10:48,0.002,2.1
ip_shuffle,20260618T111118_285243,of:0000000000000005:1 -> of:000000000000000c:5,0.002,0.0025,0.002,0.001,1.5,2026-06-18T11:11:18,0.002,1.76
ip_shuffle,20260618T111118_285243,of:000000000000000a:1 -> of:000000000000000d:6,0.002,0.0025,0.002,0.002,1.63,2026-06-18T11:11:18,0.002,1.76
ip_shuffle,20260618T111118_285243,of:000000000000000b:2 -> of:000000000000000c:2,0.002,0.0025,0.002,0.002,2.19,2026-06-18T11:11:18,0.002,2.19
ip_shuffle,20260618T111118_285243,of:0000000000000004:2 -> of:0000000000000009:2,0.002,0.0025,0.002,0.002,1.96,2026-06-18T11:11:18,0.002,1.89
ip_shuffle,20260618T111118_285243,of:0000000000000005:2 -> of:0000000000000009:3,0.002,0.0025,0.002,0.002,1.86,2026-06-18T11:11:18,0.002,1.86
ip_shuffle,20260618T111118_285243,of:000000000000000b:3 -> of:000000000000000d:2,0.002,0.0025,0.002,0.002,2.19,2026-06-18T11:11:18,0.002,2.19
ip_shuffle,20260618T111118_285243,of:0000000000000004:1 -> of:000000000000000c:4,0.002,0.0025,0.002,0.002,1.6,2026-06-18T11:11:18,0.002,1.76
ip_shuffle,20260618T111118_285243,of:000000000000000c:3 -> of:000000000000000d:3,0.002,0.0025,0.002,0.002,2.19,2026-06-18T11:11:18,0.002,2.19
ip_shuffle,20260618T111118_285243,of:0000000000000001:1 -> of:000000000000000b:1,0.002,0.0025,0.002,0.002,1.76,2026-06-18T11:11:18,0.002,1.66
ip_shuffle,20260618T111118_285243,of:0000000000000006:1 -> of:000000000000000d:4,0.002,0.0025,0.002,0.002,1.7,2026-06-18T11:11:18,0.002,1.76
ip_shuffle,20260618T111118_285243,of:0000000000000002:1 -> of:000000000000000b:4,0.002,0.0025,0.002,0.002,1.66,2026-06-18T11:11:18,0.002,1.76
ip_shuffle,20260618T111118_285243,of:0000000000000001:3 -> of:000000000000000d:1,0.003,0.00375,0.003,0.003,2.93,2026-06-18T11:11:18,0.003,3.06
ip_shuffle,20260618T111118_285243,of:0000000000000006:2 -> of:000000000000000a:2,0.002,0.0025,0.002,0.002,1.86,2026-06-18T11:11:18,0.002,1.86
ip_shuffle,20260618T111118_285243,of:0000000000000003:1 -> of:000000000000000b:5,0.002,0.0025,0.002,0.002,1.66,2026-06-18T11:11:18,0.002,1.76
ip_shuffle,20260618T111118_285243,of:0000000000000007:1 -> of:000000000000000d:5,0.002,0.0025,0.002,0.002,2.73,2026-06-18T11:11:18,0.002,2.83
ip_shuffle,20260618T111118_285243,of:0000000000000007:2 -> of:000000000000000a:3,0.002,0.0025,0.002,0.002,1.86,2026-06-18T11:11:18,0.002,1.93
ip_shuffle,20260618T111118_285243,of:0000000000000002:2 -> of:0000000000000008:2,0.002,0.0025,0.002,0.002,1.96,2026-06-18T11:11:18,0.002,1.89
ip_shuffle,20260618T111118_285243,of:0000000000000008:1 -> of:000000000000000b:6,0.002,0.0025,0.002,0.002,1.56,2026-06-18T11:11:18,0.002,1.7
ip_shuffle,20260618T111118_285243,of:0000000000000009:1 -> of:000000000000000c:6,0.002,0.0025,0.002,0.002,1.56,2026-06-18T11:11:18,0.002,1.7
ip_shuffle,20260618T111118_285243,of:0000000000000001:2 -> of:000000000000000c:1,0.002,0.0025,0.002,0.002,1.76,2026-06-18T11:11:18,0.002,1.66
ip_shuffle,20260618T111118_285243,of:0000000000000003:2 -> of:0000000000000008:3,0.002,0.0025,0.002,0.002,1.96,2026-06-18T11:11:18,0.002,1.89
route_mutation,20260618T111229_034314,of:0000000000000005:1 -> of:000000000000000c:5,0.002,0.0025,0.002,0.002,1.8,2026-06-18T11:12:29,0.002,2.03
route_mutation,20260618T111229_034314,of:000000000000000a:1 -> of:000000000000000d:6,0.002,0.0025,0.002,0.002,1.93,2026-06-18T11:12:29,0.002,2.03
route_mutation,20260618T111229_034314,of:000000000000000b:2 -> of:000000000000000c:2,0.002,0.0025,0.002,0.002,2.63,2026-06-18T11:12:29,0.002,2.63
route_mutation,20260618T111229_034314,of:0000000000000004:2 -> of:0000000000000009:2,0.002,0.0025,0.002,0.002,2.53,2026-06-18T11:12:29,0.002,2.46
route_mutation,20260618T111229_034314,of:0000000000000005:2 -> of:0000000000000009:3,0.002,0.0025,0.002,0.002,2.46,2026-06-18T11:12:29,0.002,2.46
route_mutation,20260618T111229_034314,of:000000000000000b:3 -> of:000000000000000d:2,0.002,0.0025,0.002,0.002,2.63,2026-06-18T11:12:29,0.002,2.63
route_mutation,20260618T111229_034314,of:0000000000000004:1 -> of:000000000000000c:4,0.002,0.0025,0.002,0.002,1.86,2026-06-18T11:12:29,0.002,2.03
route_mutation,20260618T111229_034314,of:000000000000000c:3 -> of:000000000000000d:3,0.002,0.0025,0.002,0.002,2.73,2026-06-18T11:12:29,0.002,2.76
route_mutation,20260618T111229_034314,of:0000000000000001:1 -> of:000000000000000b:1,0.002,0.0025,0.002,0.002,1.86,2026-06-18T11:12:29,0.002,1.93
route_mutation,20260618T111229_034314,of:0000000000000006:1 -> of:000000000000000d:4,0.002,0.0025,0.002,0.002,2.6,2026-06-18T11:12:29,0.002,2.56
route_mutation,20260618T111229_034314,of:0000000000000002:1 -> of:000000000000000b:4,0.002,0.0025,0.002,0.002,1.86,2026-06-18T11:12:29,0.002,1.93
route_mutation,20260618T111229_034314,of:0000000000000001:3 -> of:000000000000000d:1,0.003,0.00375,0.003,0.003,3.76,2026-06-18T11:12:29,0.003,3.83
route_mutation,20260618T111229_034314,of:0000000000000006:2 -> of:000000000000000a:2,0.002,0.0025,0.002,0.002,2.46,2026-06-18T11:12:29,0.002,2.46
route_mutation,20260618T111229_034314,of:0000000000000003:1 -> of:000000000000000b:5,0.002,0.0025,0.002,0.002,1.93,2026-06-18T11:12:29,0.002,1.93
route_mutation,20260618T111229_034314,of:0000000000000007:1 -> of:000000000000000d:5,0.003,0.00375,0.003,0.002,2.86,2026-06-18T11:12:29,0.003,3.1
route_mutation,20260618T111229_034314,of:0000000000000007:2 -> of:000000000000000a:3,0.002,0.0025,0.002,0.002,2.46,2026-06-18T11:12:29,0.002,2.53
route_mutation,20260618T111229_034314,of:0000000000000002:2 -> of:0000000000000008:2,0.002,0.0025,0.002,0.002,2.53,2026-06-18T11:12:29,0.002,2.46
route_mutation,20260618T111229_034314,of:0000000000000008:1 -> of:000000000000000b:6,0.002,0.0025,0.002,0.002,1.86,2026-06-18T11:12:29,0.002,1.86
route_mutation,20260618T111229_034314,of:0000000000000009:1 -> of:000000000000000c:6,0.002,0.0025,0.002,0.002,1.86,2026-06-18T11:12:29,0.002,1.96
route_mutation,20260618T111229_034314,of:0000000000000001:2 -> of:000000000000000c:1,0.002,0.0025,0.002,0.002,2.03,2026-06-18T11:12:29,0.002,1.93
route_mutation,20260618T111229_034314,of:0000000000000003:2 -> of:0000000000000008:3,0.002,0.0025,0.002,0.002,2.53,2026-06-18T11:12:29,0.002,2.46
ip_shuffle,20260618T111259_268609,of:0000000000000005:1 -> of:000000000000000c:5,0.002,0.0025,0.002,0.002,1.4,2026-06-18T11:12:59,0.001,1.26
ip_shuffle,20260618T111259_268609,of:000000000000000a:1 -> of:000000000000000d:6,0.001,0.00125,0.001,0.001,1.36,2026-06-18T11:12:59,0.001,1.26
ip_shuffle,20260618T111259_268609,of:000000000000000b:2 -> of:000000000000000c:2,0.001,0.00125,0.001,0.001,1.36,2026-06-18T11:12:59,0.001,1.36
ip_shuffle,20260618T111259_268609,of:0000000000000004:2 -> of:0000000000000009:2,0.002,0.0025,0.002,0.002,1.5,2026-06-18T11:12:59,0.001,1.43
ip_shuffle,20260618T111259_268609,of:0000000000000005:2 -> of:0000000000000009:3,0.002,0.0025,0.002,0.002,1.5,2026-06-18T11:12:59,0.001,1.43
ip_shuffle,20260618T111259_268609,of:000000000000000b:3 -> of:000000000000000d:2,0.001,0.00125,0.001,0.001,1.36,2026-06-18T11:12:59,0.001,1.36
ip_shuffle,20260618T111259_268609,of:0000000000000004:1 -> of:000000000000000c:4,0.002,0.0025,0.002,0.002,1.4,2026-06-18T11:12:59,0.001,1.26
ip_shuffle,20260618T111259_268609,of:000000000000000c:3 -> of:000000000000000d:3,0.001,0.00125,0.001,0.001,1.33,2026-06-18T11:12:59,0.001,1.33
ip_shuffle,20260618T111259_268609,of:0000000000000001:1 -> of:000000000000000b:1,0.002,0.0025,0.002,0.002,2.1,2026-06-18T11:12:59,0.002,2.03
ip_shuffle,20260618T111259_268609,of:0000000000000006:1 -> of:000000000000000d:4,0.002,0.0025,0.002,0.002,1.4,2026-06-18T11:12:59,0.001,1.33
ip_shuffle,20260618T111259_268609,of:0000000000000002:1 -> of:000000000000000b:4,0.002,0.0025,0.002,0.002,2.2,2026-06-18T11:12:59,0.002,1.96
ip_shuffle,20260618T111259_268609,of:0000000000000001:3 -> of:000000000000000d:1,0.001,0.00125,0.001,0.001,1.26,2026-06-18T11:12:59,0.001,1.3
ip_shuffle,20260618T111259_268609,of:0000000000000006:2 -> of:000000000000000a:2,0.001,0.00125,0.001,0.001,1.43,2026-06-18T11:12:59,0.001,1.43
ip_shuffle,20260618T111259_268609,of:0000000000000003:1 -> of:000000000000000b:5,0.002,0.0025,0.002,0.002,1.4,2026-06-18T11:12:59,0.001,1.3
ip_shuffle,20260618T111259_268609,of:0000000000000007:1 -> of:000000000000000d:5,0.002,0.0025,0.002,0.002,1.43,2026-06-18T11:12:59,0.001,1.26
ip_shuffle,20260618T111259_268609,of:0000000000000007:2 -> of:000000000000000a:3,0.001,0.00125,0.001,0.001,1.46,2026-06-18T11:12:59,0.001,1.4
ip_shuffle,20260618T111259_268609,of:0000000000000002:2 -> of:0000000000000008:2,0.002,0.0025,0.002,0.002,1.46,2026-06-18T11:12:59,0.001,1.4
ip_shuffle,20260618T111259_268609,of:0000000000000008:1 -> of:000000000000000b:6,0.001,0.00125,0.001,0.001,1.36,2026-06-18T11:12:59,0.001,1.36
ip_shuffle,20260618T111259_268609,of:0000000000000009:1 -> of:000000000000000c:6,0.002,0.0025,0.002,0.002,1.43,2026-06-18T11:12:59,0.001,1.33
ip_shuffle,20260618T111259_268609,of:0000000000000001:2 -> of:000000000000000c:1,0.001,0.00125,0.001,0.001,1.26,2026-06-18T11:12:59,0.001,1.3
ip_shuffle,20260618T111259_268609,of:0000000000000003:2 -> of:0000000000000008:3,0.002,0.0025,0.002,0.002,1.5,2026-06-18T11:12:59,0.001,1.43
route_mutation,20260618T111356_913168,of:0000000000000005:1 -> of:000000000000000c:5,0.002,0.0025,0.002,0.002,1.96,2026-06-18T11:13:56,0.002,2.16
route_mutation,20260618T111356_913168,of:000000000000000a:1 -> of:000000000000000d:6,0.002,0.0025,0.002,0.002,1.93,2026-06-18T11:13:56,0.002,2.03
route_mutation,20260618T111356_913168,of:000000000000000b:2 -> of:000000000000000c:2,0.002,0.0025,0.002,0.002,2.76,2026-06-18T11:13:56,0.002,2.76
route_mutation,20260618T111356_913168,of:0000000000000004:2 -> of:0000000000000009:2,0.002,0.0025,0.002,0.002,2.5,2026-06-18T11:13:56,0.002,2.56
route_mutation,20260618T111356_913168,of:0000000000000005:2 -> of:0000000000000009:3,0.002,0.0025,0.002,0.002,2.5,2026-06-18T11:13:56,0.002,2.56
route_mutation,20260618T111356_913168,of:000000000000000b:3 -> of:000000000000000d:2,0.002,0.0025,0.002,0.002,2.63,2026-06-18T11:13:56,0.002,2.63
route_mutation,20260618T111356_913168,of:0000000000000004:1 -> of:000000000000000c:4,0.002,0.0025,0.002,0.002,1.96,2026-06-18T11:13:56,0.002,2.16
route_mutation,20260618T111356_913168,of:000000000000000c:3 -> of:000000000000000d:3,0.002,0.0025,0.002,0.002,2.86,2026-06-18T11:13:56,0.002,2.86
route_mutation,20260618T111356_913168,of:0000000000000001:1 -> of:000000000000000b:1,0.002,0.0025,0.002,0.002,1.86,2026-06-18T11:13:56,0.002,1.96
route_mutation,20260618T111356_913168,of:0000000000000006:1 -> of:000000000000000d:4,0.002,0.0025,0.002,0.002,2.7,2026-06-18T11:13:56,0.002,2.76
route_mutation,20260618T111356_913168,of:0000000000000002:1 -> of:000000000000000b:4,0.002,0.0025,0.002,0.002,1.9,2026-06-18T11:13:56,0.002,1.93
route_mutation,20260618T111356_913168,of:0000000000000001:3 -> of:000000000000000d:1,0.003,0.00375,0.003,0.003,4.0,2026-06-18T11:13:56,0.003,4.03
route_mutation,20260618T111356_913168,of:0000000000000006:2 -> of:000000000000000a:2,0.002,0.0025,0.002,0.002,2.46,2026-06-18T11:13:56,0.002,2.53
route_mutation,20260618T111356_913168,of:0000000000000003:1 -> of:000000000000000b:5,0.002,0.0025,0.002,0.002,1.9,2026-06-18T11:13:56,0.002,1.93
route_mutation,20260618T111356_913168,of:0000000000000007:1 -> of:000000000000000d:5,0.003,0.00375,0.003,0.002,3.0,2026-06-18T11:13:56,0.003,3.23
route_mutation,20260618T111356_913168,of:0000000000000007:2 -> of:000000000000000a:3,0.002,0.0025,0.002,0.002,2.46,2026-06-18T11:13:56,0.002,2.53
route_mutation,20260618T111356_913168,of:0000000000000002:2 -> of:0000000000000008:2,0.002,0.0025,0.002,0.002,2.5,2026-06-18T11:13:56,0.002,2.5
route_mutation,20260618T111356_913168,of:0000000000000008:1 -> of:000000000000000b:6,0.002,0.0025,0.002,0.002,1.86,2026-06-18T11:13:56,0.002,1.86
route_mutation,20260618T111356_913168,of:0000000000000009:1 -> of:000000000000000c:6,0.002,0.0025,0.002,0.002,2.06,2026-06-18T11:13:56,0.002,2.16
route_mutation,20260618T111356_913168,of:0000000000000001:2 -> of:000000000000000c:1,0.002,0.0025,0.002,0.002,2.1,2026-06-18T11:13:56,0.002,2.1
route_mutation,20260618T111356_913168,of:0000000000000003:2 -> of:0000000000000008:3,0.002,0.0025,0.002,0.002,2.56,2026-06-18T11:13:56,0.002,2.5
route_mutation,20260618T111427_163119,of:0000000000000005:1 -> of:000000000000000c:5,0.001,0.00125,0.001,0.001,1.37,2026-06-18T11:14:27,0.001,1.27
route_mutation,20260618T111427_163119,of:000000000000000a:1 -> of:000000000000000d:6,0.001,0.00125,0.001,0.001,1.37,2026-06-18T11:14:27,0.001,1.3
route_mutation,20260618T111427_163119,of:000000000000000b:2 -> of:000000000000000c:2,0.001,0.00125,0.001,0.001,1.33,2026-06-18T11:14:27,0.001,1.33
route_mutation,20260618T111427_163119,of:0000000000000004:2 -> of:0000000000000009:2,0.002,0.0025,0.002,0.002,1.43,2026-06-18T11:14:27,0.001,1.3
route_mutation,20260618T111427_163119,of:0000000000000005:2 -> of:0000000000000009:3,0.002,0.0025,0.002,0.002,1.43,2026-06-18T11:14:27,0.001,1.3
route_mutation,20260618T111427_163119,of:000000000000000b:3 -> of:000000000000000d:2,0.001,0.00125,0.001,0.001,1.33,2026-06-18T11:14:27,0.001,1.33
route_mutation,20260618T111427_163119,of:0000000000000004:1 -> of:000000000000000c:4,0.001,0.00125,0.001,0.001,1.37,2026-06-18T11:14:27,0.001,1.27
route_mutation,20260618T111427_163119,of:000000000000000c:3 -> of:000000000000000d:3,0.001,0.00125,0.001,0.001,1.33,2026-06-18T11:14:27,0.001,1.33
route_mutation,20260618T111427_163119,of:0000000000000001:1 -> of:000000000000000b:1,0.002,0.0025,0.002,0.002,2.03,2026-06-18T11:14:27,0.002,1.93
route_mutation,20260618T111427_163119,of:0000000000000006:1 -> of:000000000000000d:4,0.001,0.00125,0.001,0.001,1.37,2026-06-18T11:14:27,0.001,1.27
route_mutation,20260618T111427_163119,of:0000000000000002:1 -> of:000000000000000b:4,0.002,0.0025,0.002,0.002,2.06,2026-06-18T11:14:27,0.002,1.9
route_mutation,20260618T111427_163119,of:0000000000000001:3 -> of:000000000000000d:1,0.001,0.00125,0.001,0.001,1.3,2026-06-18T11:14:27,0.001,1.3
route_mutation,20260618T111427_163119,of:0000000000000006:2 -> of:000000000000000a:2,0.001,0.00125,0.001,0.001,1.37,2026-06-18T11:14:27,0.001,1.3
route_mutation,20260618T111427_163119,of:0000000000000003:1 -> of:000000000000000b:5,0.001,0.00125,0.001,0.001,1.33,2026-06-18T11:14:27,0.001,1.27
route_mutation,20260618T111427_163119,of:0000000000000007:1 -> of:000000000000000d:5,0.001,0.00125,0.001,0.001,1.37,2026-06-18T11:14:27,0.001,1.27
route_mutation,20260618T111427_163119,of:0000000000000007:2 -> of:000000000000000a:3,0.001,0.00125,0.001,0.001,1.37,2026-06-18T11:14:27,0.001,1.3
route_mutation,20260618T111427_163119,of:0000000000000002:2 -> of:0000000000000008:2,0.002,0.0025,0.002,0.002,1.4,2026-06-18T11:14:27,0.001,1.33
route_mutation,20260618T111427_163119,of:0000000000000008:1 -> of:000000000000000b:6,0.001,0.00125,0.001,0.001,1.33,2026-06-18T11:14:27,0.001,1.33
route_mutation,20260618T111427_163119,of:0000000000000009:1 -> of:000000000000000c:6,0.001,0.00125,0.001,0.001,1.27,2026-06-18T11:14:27,0.001,1.27
route_mutation,20260618T111427_163119,of:0000000000000001:2 -> of:000000000000000c:1,0.002,0.0025,0.002,0.002,1.43,2026-06-18T11:14:27,0.001,1.23
route_mutation,20260618T111427_163119,of:0000000000000003:2 -> of:0000000000000008:3,0.002,0.0025,0.002,0.002,1.4,2026-06-18T11:14:27,0.001,1.33
route_mutation,20260618T111457_412617,of:0000000000000005:1 -> of:000000000000000c:5,0.002,0.0025,0.002,0.002,1.7,2026-06-18T11:14:57,0.002,1.73
route_mutation,20260618T111457_412617,of:000000000000000a:1 -> of:000000000000000d:6,0.001,0.00125,0.001,0.001,1.4,2026-06-18T11:14:57,0.001,1.46
route_mutation,20260618T111457_412617,of:000000000000000b:2 -> of:000000000000000c:2,0.002,0.0025,0.002,0.002,1.6,2026-06-18T11:14:57,0.002,1.6
route_mutation,20260618T111457_412617,of:0000000000000004:2 -> of:0000000000000009:2,0.002,0.0025,0.002,0.002,1.56,2026-06-18T11:14:57,0.002,1.63
route_mutation,20260618T111457_412617,of:0000000000000005:2 -> of:0000000000000009:3,0.002,0.0025,0.002,0.002,1.56,2026-06-18T11:14:57,0.002,1.63
route_mutation,20260618T111457_412617,of:000000000000000b:3 -> of:000000000000000d:2,0.002,0.0025,0.002,0.002,1.6,2026-06-18T11:14:57,0.002,1.6
route_mutation,20260618T111457_412617,of:0000000000000004:1 -> of:000000000000000c:4,0.002,0.0025,0.002,0.002,2.23,2026-06-18T11:14:57,0.002,2.26
route_mutation,20260618T111457_412617,of:000000000000000c:3 -> of:000000000000000d:3,0.002,0.0025,0.002,0.002,1.6,2026-06-18T11:14:57,0.002,1.6
route_mutation,20260618T111457_412617,of:0000000000000001:1 -> of:000000000000000b:1,0.003,0.00375,0.003,0.002,2.79,2026-06-18T11:14:57,0.003,2.83
route_mutation,20260618T111457_412617,of:0000000000000006:1 -> of:000000000000000d:4,0.002,0.0025,0.002,0.002,1.5,2026-06-18T11:14:57,0.001,1.46
route_mutation,20260618T111457_412617,of:0000000000000002:1 -> of:000000000000000b:4,0.002,0.0025,0.002,0.002,1.76,2026-06-18T11:14:57,0.002,1.86
route_mutation,20260618T111457_412617,of:0000000000000001:3 -> of:000000000000000d:1,0.001,0.00125,0.001,0.001,1.46,2026-06-18T11:14:57,0.001,1.46
route_mutation,20260618T111457_412617,of:0000000000000006:2 -> of:000000000000000a:2,0.002,0.0025,0.002,0.002,1.63,2026-06-18T11:14:57,0.002,1.63
route_mutation,20260618T111457_412617,of:0000000000000003:1 -> of:000000000000000b:5,0.002,0.0025,0.002,0.002,2.46,2026-06-18T11:14:57,0.002,2.46
route_mutation,20260618T111457_412617,of:0000000000000007:1 -> of:000000000000000d:5,0.002,0.0025,0.002,0.002,1.5,2026-06-18T11:14:57,0.001,1.46
route_mutation,20260618T111457_412617,of:0000000000000007:2 -> of:000000000000000a:3,0.002,0.0025,0.002,0.002,1.63,2026-06-18T11:14:57,0.002,1.63
route_mutation,20260618T111457_412617,of:0000000000000002:2 -> of:0000000000000008:2,0.002,0.0025,0.002,0.002,1.6,2026-06-18T11:14:57,0.002,1.66
route_mutation,20260618T111457_412617,of:0000000000000008:1 -> of:000000000000000b:6,0.002,0.0025,0.002,0.002,1.46,2026-06-18T11:14:57,0.002,1.46
route_mutation,20260618T111457_412617,of:0000000000000009:1 -> of:000000000000000c:6,0.002,0.0025,0.002,0.002,1.46,2026-06-18T11:14:57,0.002,1.46
route_mutation,20260618T111457_412617,of:0000000000000001:2 -> of:000000000000000c:1,0.002,0.0025,0.002,0.002,2.39,2026-06-18T11:14:57,0.002,2.53
route_mutation,20260618T111457_412617,of:0000000000000003:2 -> of:0000000000000008:3,0.002,0.0025,0.002,0.001,1.53,2026-06-18T11:14:57,0.002,1.66
ip_shuffle,20260618T111527_665612,of:0000000000000005:1 -> of:000000000000000c:5,0.002,0.0025,0.002,0.002,2.43,2026-06-18T11:15:27,0.002,2.53
ip_shuffle,20260618T111527_665612,of:000000000000000a:1 -> of:000000000000000d:6,0.002,0.0025,0.002,0.002,2.13,2026-06-18T11:15:27,0.002,2.16
ip_shuffle,20260618T111527_665612,of:000000000000000b:2 -> of:000000000000000c:2,0.002,0.0025,0.002,0.002,2.66,2026-06-18T11:15:27,0.002,2.66
ip_shuffle,20260618T111527_665612,of:0000000000000004:2 -> of:0000000000000009:2,0.002,0.0025,0.002,0.002,2.56,2026-06-18T11:15:27,0.002,2.63
ip_shuffle,20260618T111527_665612,of:0000000000000005:2 -> of:0000000000000009:3,0.002,0.0025,0.002,0.002,2.56,2026-06-18T11:15:27,0.002,2.63
ip_shuffle,20260618T111527_665612,of:000000000000000b:3 -> of:000000000000000d:2,0.002,0.0025,0.002,0.002,2.83,2026-06-18T11:15:27,0.002,2.83
ip_shuffle,20260618T111527_665612,of:0000000000000004:1 -> of:000000000000000c:4,0.002,0.0025,0.002,0.002,1.9,2026-06-18T11:15:27,0.002,2.0
ip_shuffle,20260618T111527_665612,of:000000000000000c:3 -> of:000000000000000d:3,0.002,0.0025,0.002,0.002,2.83,2026-06-18T11:15:27,0.002,2.83
ip_shuffle,20260618T111527_665612,of:0000000000000001:1 -> of:000000000000000b:1,0.002,0.0025,0.002,0.002,1.93,2026-06-18T11:15:27,0.002,1.93
ip_shuffle,20260618T111527_665612,of:0000000000000006:1 -> of:000000000000000d:4,0.003,0.00375,0.003,0.003,3.06,2026-06-18T11:15:27,0.003,3.26
ip_shuffle,20260618T111527_665612,of:0000000000000002:1 -> of:000000000000000b:4,0.002,0.0025,0.002,0.002,1.9,2026-06-18T11:15:27,0.002,2.0
ip_shuffle,20260618T111527_665612,of:0000000000000001:3 -> of:000000000000000d:1,0.003,0.00375,0.003,0.003,3.93,2026-06-18T11:15:27,0.003,4.09
ip_shuffle,20260618T111527_665612,of:0000000000000006:2 -> of:000000000000000a:2,0.002,0.0025,0.002,0.002,2.56,2026-06-18T11:15:27,0.002,2.63
ip_shuffle,20260618T111527_665612,of:0000000000000003:1 -> of:000000000000000b:5,0.002,0.0025,0.002,0.002,1.9,2026-06-18T11:15:27,0.002,2.0
ip_shuffle,20260618T111527_665612,of:0000000000000007:1 -> of:000000000000000d:5,0.003,0.00375,0.003,0.002,2.89,2026-06-18T11:15:27,0.003,2.99
ip_shuffle,20260618T111527_665612,of:0000000000000007:2 -> of:000000000000000a:3,0.002,0.0025,0.002,0.002,2.6,2026-06-18T11:15:27,0.002,2.66
ip_shuffle,20260618T111527_665612,of:0000000000000002:2 -> of:0000000000000008:2,0.002,0.0025,0.002,0.002,2.56,2026-06-18T11:15:27,0.002,2.56
ip_shuffle,20260618T111527_665612,of:0000000000000008:1 -> of:000000000000000b:6,0.002,0.0025,0.002,0.002,1.93,2026-06-18T11:15:27,0.002,1.93
ip_shuffle,20260618T111527_665612,of:0000000000000009:1 -> of:000000000000000c:6,0.002,0.0025,0.002,0.002,2.0,2026-06-18T11:15:27,0.002,2.0
ip_shuffle,20260618T111527_665612,of:0000000000000001:2 -> of:000000000000000c:1,0.002,0.0025,0.002,0.002,2.53,2026-06-18T11:15:27,0.002,2.53
ip_shuffle,20260618T111527_665612,of:0000000000000003:2 -> of:0000000000000008:3,0.002,0.0025,0.002,0.002,2.63,2026-06-18T11:15:27,0.002,2.56
route_mutation,20260618T111625_294997,of:0000000000000005:1 -> of:000000000000000c:5,0.002,0.0025,0.002,0.002,1.6,2026-06-18T11:16:25,0.002,1.63
route_mutation,20260618T111625_294997,of:000000000000000a:1 -> of:000000000000000d:6,0.002,0.0025,0.002,0.002,1.53,2026-06-18T11:16:25,0.002,1.53
route_mutation,20260618T111625_294997,of:000000000000000b:2 -> of:000000000000000c:2,0.002,0.0025,0.002,0.002,1.73,2026-06-18T11:16:25,0.002,1.73
route_mutation,20260618T111625_294997,of:0000000000000004:2 -> of:0000000000000009:2,0.002,0.0025,0.002,0.002,1.66,2026-06-18T11:16:25,0.002,1.73
route_mutation,20260618T111625_294997,of:0000000000000005:2 -> of:0000000000000009:3,0.002,0.0025,0.002,0.002,1.66,2026-06-18T11:16:25,0.002,1.73
route_mutation,20260618T111625_294997,of:000000000000000b:3 -> of:000000000000000d:2,0.002,0.0025,0.002,0.002,1.73,2026-06-18T11:16:25,0.002,1.73
route_mutation,20260618T111625_294997,of:0000000000000004:1 -> of:000000000000000c:4,0.002,0.0025,0.002,0.002,2.23,2026-06-18T11:16:25,0.002,2.3
route_mutation,20260618T111625_294997,of:000000000000000c:3 -> of:000000000000000d:3,0.002,0.0025,0.002,0.002,1.73,2026-06-18T11:16:25,0.002,1.73
route_mutation,20260618T111625_294997,of:0000000000000001:1 -> of:000000000000000b:1,0.003,0.00375,0.003,0.003,3.53,2026-06-18T11:16:25,0.003,3.59
route_mutation,20260618T111625_294997,of:0000000000000006:1 -> of:000000000000000d:4,0.002,0.0025,0.002,0.001,1.46,2026-06-18T11:16:25,0.002,1.53
route_mutation,20260618T111625_294997,of:0000000000000002:1 -> of:000000000000000b:4,0.002,0.0025,0.002,0.002,2.5,2026-06-18T11:16:25,0.002,2.56
route_mutation,20260618T111625_294997,of:0000000000000001:3 -> of:000000000000000d:1,0.002,0.0025,0.002,0.001,1.46,2026-06-18T11:16:25,0.002,1.53
route_mutation,20260618T111625_294997,of:0000000000000006:2 -> of:000000000000000a:2,0.002,0.0025,0.002,0.002,1.73,2026-06-18T11:16:25,0.002,1.73
route_mutation,20260618T111625_294997,of:0000000000000003:1 -> of:000000000000000b:5,0.002,0.0025,0.002,0.002,2.5,2026-06-18T11:16:25,0.002,2.56
route_mutation,20260618T111625_294997,of:0000000000000007:1 -> of:000000000000000d:5,0.002,0.0025,0.002,0.001,1.46,2026-06-18T11:16:25,0.002,1.53
route_mutation,20260618T111625_294997,of:0000000000000007:2 -> of:000000000000000a:3,0.002,0.0025,0.002,0.002,1.73,2026-06-18T11:16:25,0.002,1.73
route_mutation,20260618T111625_294997,of:0000000000000002:2 -> of:0000000000000008:2,0.002,0.0025,0.002,0.002,1.66,2026-06-18T11:16:25,0.002,1.73
route_mutation,20260618T111625_294997,of:0000000000000008:1 -> of:000000000000000b:6,0.002,0.0025,0.002,0.002,1.53,2026-06-18T11:16:25,0.002,1.53
route_mutation,20260618T111625_294997,of:0000000000000009:1 -> of:000000000000000c:6,0.002,0.0025,0.002,0.002,1.53,2026-06-18T11:16:25,0.002,1.53
route_mutation,20260618T111625_294997,of:0000000000000001:2 -> of:000000000000000c:1,0.002,0.0025,0.002,0.002,2.33,2026-06-18T11:16:25,0.002,2.4
route_mutation,20260618T111625_294997,of:0000000000000003:2 -> of:0000000000000008:3,0.002,0.0025,0.002,0.001,1.6,2026-06-18T11:16:25,0.002,1.73
ip_shuffle,20260618T111655_539241,of:0000000000000005:1 -> of:000000000000000c:5,0.002,0.0025,0.002,0.002,2.33,2026-06-18T11:16:55,0.002,2.46
ip_shuffle,20260618T111655_539241,of:000000000000000a:1 -> of:000000000000000d:6,0.002,0.0025,0.002,0.002,1.76,2026-06-18T11:16:55,0.002,1.76
ip_shuffle,20260618T111655_539241,of:000000000000000b:2 -> of:000000000000000c:2,0.002,0.0025,0.002,0.002,2.2,2026-06-18T11:16:55,0.002,2.2
ip_shuffle,20260618T111655_539241,of:0000000000000004:2 -> of:0000000000000009:2,0.002,0.0025,0.002,0.002,2.1,2026-06-18T11:16:55,0.002,2.16
ip_shuffle,20260618T111655_539241,of:0000000000000005:2 -> of:0000000000000009:3,0.002,0.0025,0.002,0.002,2.1,2026-06-18T11:16:55,0.002,2.16
ip_shuffle,20260618T111655_539241,of:000000000000000b:3 -> of:000000000000000d:2,0.002,0.0025,0.002,0.002,2.2,2026-06-18T11:16:55,0.002,2.2
ip_shuffle,20260618T111655_539241,of:0000000000000004:1 -> of:000000000000000c:4,0.002,0.0025,0.002,0.002,1.7,2026-06-18T11:16:55,0.002,1.8
ip_shuffle,20260618T111655_539241,of:000000000000000c:3 -> of:000000000000000d:3,0.002,0.0025,0.002,0.002,2.2,2026-06-18T11:16:55,0.002,2.2
ip_shuffle,20260618T111655_539241,of:0000000000000001:1 -> of:000000000000000b:1,0.002,0.0025,0.002,0.002,1.7,2026-06-18T11:16:55,0.002,1.7
ip_shuffle,20260618T111655_539241,of:0000000000000006:1 -> of:000000000000000d:4,0.002,0.0025,0.002,0.002,2.7,2026-06-18T11:16:55,0.002,2.8
ip_shuffle,20260618T111655_539241,of:0000000000000002:1 -> of:000000000000000b:4,0.002,0.0025,0.002,0.002,1.63,2026-06-18T11:16:55,0.002,1.76
ip_shuffle,20260618T111655_539241,of:0000000000000001:3 -> of:000000000000000d:1,0.003,0.00375,0.003,0.002,2.8,2026-06-18T11:16:55,0.003,2.96
ip_shuffle,20260618T111655_539241,of:0000000000000006:2 -> of:000000000000000a:2,0.002,0.0025,0.002,0.002,2.1,2026-06-18T11:16:55,0.002,2.16
ip_shuffle,20260618T111655_539241,of:0000000000000003:1 -> of:000000000000000b:5,0.002,0.0025,0.002,0.002,1.63,2026-06-18T11:16:55,0.002,1.76
ip_shuffle,20260618T111655_539241,of:0000000000000007:1 -> of:000000000000000d:5,0.002,0.0025,0.002,0.002,1.86,2026-06-18T11:16:55,0.002,1.86
ip_shuffle,20260618T111655_539241,of:0000000000000007:2 -> of:000000000000000a:3,0.002,0.0025,0.002,0.002,2.1,2026-06-18T11:16:55,0.002,2.16
ip_shuffle,20260618T111655_539241,of:0000000000000002:2 -> of:0000000000000008:2,0.002,0.0025,0.002,0.002,2.03,2026-06-18T11:16:55,0.002,2.1
ip_shuffle,20260618T111655_539241,of:0000000000000008:1 -> of:000000000000000b:6,0.002,0.0025,0.002,0.002,1.73,2026-06-18T11:16:55,0.002,1.76
ip_shuffle,20260618T111655_539241,of:0000000000000009:1 -> of:000000000000000c:6,0.002,0.0025,0.002,0.002,1.76,2026-06-18T11:16:55,0.002,1.76
ip_shuffle,20260618T111655_539241,of:0000000000000001:2 -> of:000000000000000c:1,0.002,0.0025,0.002,0.002,2.43,2026-06-18T11:16:55,0.002,2.43
ip_shuffle,20260618T111655_539241,of:0000000000000003:2 -> of:0000000000000008:3,0.002,0.0025,0.002,0.002,2.1,2026-06-18T11:16:55,0.002,2.1
ip_shuffle,20260618T111753_253453,of:0000000000000005:1 -> of:000000000000000c:5,0.002,0.0025,0.002,0.002,1.43,2026-06-18T11:17:53,0.002,1.43
ip_shuffle,20260618T111753_253453,of:000000000000000a:1 -> of:000000000000000d:6,0.002,0.0025,0.002,0.002,1.43,2026-06-18T11:17:53,0.002,1.43
ip_shuffle,20260618T111753_253453,of:000000000000000b:2 -> of:000000000000000c:2,0.002,0.0025,0.002,0.002,1.53,2026-06-18T11:17:53,0.002,1.53
ip_shuffle,20260618T111753_253453,of:0000000000000004:2 -> of:0000000000000009:2,0.002,0.0025,0.002,0.001,1.46,2026-06-18T11:17:53,0.002,1.53
ip_shuffle,20260618T111753_253453,of:0000000000000005:2 -> of:0000000000000009:3,0.002,0.0025,0.002,0.001,1.46,2026-06-18T11:17:53,0.002,1.53
ip_shuffle,20260618T111753_253453,of:000000000000000b:3 -> of:000000000000000d:2,0.002,0.0025,0.002,0.002,1.66,2026-06-18T11:17:53,0.002,1.66
ip_shuffle,20260618T111753_253453,of:0000000000000004:1 -> of:000000000000000c:4,0.002,0.0025,0.002,0.002,1.46,2026-06-18T11:17:53,0.002,1.46
ip_shuffle,20260618T111753_253453,of:000000000000000c:3 -> of:000000000000000d:3,0.002,0.0025,0.002,0.002,1.53,2026-06-18T11:17:53,0.002,1.53
ip_shuffle,20260618T111753_253453,of:0000000000000001:1 -> of:000000000000000b:1,0.003,0.00375,0.003,0.003,3.26,2026-06-18T11:17:53,0.003,3.33
ip_shuffle,20260618T111753_253453,of:0000000000000006:1 -> of:000000000000000d:4,0.002,0.0025,0.002,0.001,1.36,2026-06-18T11:17:53,0.002,1.43
ip_shuffle,20260618T111753_253453,of:0000000000000002:1 -> of:000000000000000b:4,0.002,0.0025,0.002,0.002,2.46,2026-06-18T11:17:53,0.002,2.53
ip_shuffle,20260618T111753_253453,of:0000000000000001:3 -> of:000000000000000d:1,0.002,0.0025,0.002,0.002,1.5,2026-06-18T11:17:53,0.002,1.56
ip_shuffle,20260618T111753_253453,of:0000000000000006:2 -> of:000000000000000a:2,0.002,0.0025,0.002,0.002,1.53,2026-06-18T11:17:53,0.002,1.53
ip_shuffle,20260618T111753_253453,of:0000000000000003:1 -> of:000000000000000b:5,0.002,0.0025,0.002,0.002,2.36,2026-06-18T11:17:53,0.002,2.43
ip_shuffle,20260618T111753_253453,of:0000000000000007:1 -> of:000000000000000d:5,0.002,0.0025,0.002,0.002,1.63,2026-06-18T11:17:53,0.002,1.7
ip_shuffle,20260618T111753_253453,of:0000000000000007:2 -> of:000000000000000a:3,0.002,0.0025,0.002,0.002,1.53,2026-06-18T11:17:53,0.002,1.53
ip_shuffle,20260618T111753_253453,of:0000000000000002:2 -> of:0000000000000008:2,0.002,0.0025,0.002,0.001,1.46,2026-06-18T11:17:53,0.002,1.53
ip_shuffle,20260618T111753_253453,of:0000000000000008:1 -> of:000000000000000b:6,0.002,0.0025,0.002,0.002,1.43,2026-06-18T11:17:53,0.002,1.43
ip_shuffle,20260618T111753_253453,of:0000000000000009:1 -> of:000000000000000c:6,0.002,0.0025,0.002,0.002,1.43,2026-06-18T11:17:53,0.002,1.43
ip_shuffle,20260618T111753_253453,of:0000000000000001:2 -> of:000000000000000c:1,0.002,0.0025,0.002,0.001,1.4,2026-06-18T11:17:53,0.002,1.46
ip_shuffle,20260618T111753_253453,of:0000000000000003:2 -> of:0000000000000008:3,0.002,0.0025,0.002,0.001,1.46,2026-06-18T11:17:53,0.002,1.53
route_mutation,20260618T111850_830686,of:0000000000000005:1 -> of:000000000000000c:5,0.002,0.0025,0.002,0.002,2.43,2026-06-18T11:18:50,0.002,2.6
route_mutation,20260618T111850_830686,of:000000000000000a:1 -> of:000000000000000d:6,0.002,0.0025,0.002,0.002,1.8,2026-06-18T11:18:50,0.002,1.8
route_mutation,20260618T111850_830686,of:000000000000000b:2 -> of:000000000000000c:2,0.002,0.0025,0.002,0.002,2.26,2026-06-18T11:18:50,0.002,2.26
route_mutation,20260618T111850_830686,of:0000000000000004:2 -> of:0000000000000009:2,0.002,0.0025,0.002,0.002,2.16,2026-06-18T11:18:50,0.002,2.23
route_mutation,20260618T111850_830686,of:0000000000000005:2 -> of:0000000000000009:3,0.002,0.0025,0.002,0.002,2.16,2026-06-18T11:18:50,0.002,2.23
route_mutation,20260618T111850_830686,of:000000000000000b:3 -> of:000000000000000d:2,0.002,0.0025,0.002,0.002,2.26,2026-06-18T11:18:50,0.002,2.26
route_mutation,20260618T111850_830686,of:0000000000000004:1 -> of:000000000000000c:4,0.002,0.0025,0.002,0.002,2.4,2026-06-18T11:18:50,0.002,2.56
route_mutation,20260618T111850_830686,of:000000000000000c:3 -> of:000000000000000d:3,0.002,0.0025,0.002,0.002,2.26,2026-06-18T11:18:50,0.002,2.26
route_mutation,20260618T111850_830686,of:0000000000000001:1 -> of:000000000000000b:1,0.002,0.0025,0.002,0.002,1.83,2026-06-18T11:18:50,0.002,1.83
route_mutation,20260618T111850_830686,of:0000000000000006:1 -> of:000000000000000d:4,0.003,0.00375,0.003,0.003,3.43,2026-06-18T11:18:50,0.003,3.53
route_mutation,20260618T111850_830686,of:0000000000000002:1 -> of:000000000000000b:4,0.002,0.0025,0.002,0.002,1.7,2026-06-18T11:18:50,0.002,1.8
route_mutation,20260618T111850_830686,of:0000000000000001:3 -> of:000000000000000d:1,0.003,0.00375,0.003,0.003,3.76,2026-06-18T11:18:50,0.003,3.86
route_mutation,20260618T111850_830686,of:0000000000000006:2 -> of:000000000000000a:2,0.002,0.0025,0.002,0.002,2.16,2026-06-18T11:18:50,0.002,2.23
route_mutation,20260618T111850_830686,of:0000000000000003:1 -> of:000000000000000b:5,0.002,0.0025,0.002,0.002,1.73,2026-06-18T11:18:50,0.002,1.83
route_mutation,20260618T111850_830686,of:0000000000000007:1 -> of:000000000000000d:5,0.002,0.0025,0.002,0.002,2.1,2026-06-18T11:18:50,0.002,2.13
route_mutation,20260618T111850_830686,of:0000000000000007:2 -> of:000000000000000a:3,0.002,0.0025,0.002,0.002,2.2,2026-06-18T11:18:50,0.002,2.26
route_mutation,20260618T111850_830686,of:0000000000000002:2 -> of:0000000000000008:2,0.002,0.0025,0.002,0.002,2.13,2026-06-18T11:18:50,0.002,2.2
route_mutation,20260618T111850_830686,of:0000000000000008:1 -> of:000000000000000b:6,0.002,0.0025,0.002,0.002,1.8,2026-06-18T11:18:50,0.002,1.8
route_mutation,20260618T111850_830686,of:0000000000000009:1 -> of:000000000000000c:6,0.002,0.0025,0.002,0.002,1.8,2026-06-18T11:18:50,0.002,1.8
route_mutation,20260618T111850_830686,of:0000000000000001:2 -> of:000000000000000c:1,0.003,0.00375,0.003,0.003,3.3,2026-06-18T11:18:50,0.003,3.3
route_mutation,20260618T111850_830686,of:0000000000000003:2 -> of:0000000000000008:3,0.002,0.0025,0.002,0.002,2.16,2026-06-18T11:18:50,0.002,2.23
route_mutation,20260618T111921_082562,of:0000000000000005:1 -> of:000000000000000c:5,0.002,0.0025,0.002,0.002,1.56,2026-06-18T11:19:21,0.001,1.4
route_mutation,20260618T111921_082562,of:000000000000000a:1 -> of:000000000000000d:6,0.001,0.00125,0.001,0.001,1.4,2026-06-18T11:19:21,0.001,1.4
route_mutation,20260618T111921_082562,of:000000000000000b:2 -> of:000000000000000c:2,0.001,0.00125,0.001,0.001,1.63,2026-06-18T11:19:21,0.001,1.63
route_mutation,20260618T111921_082562,of:0000000000000004:2 -> of:0000000000000009:2,0.002,0.0025,0.002,0.002,1.76,2026-06-18T11:19:21,0.001,1.63
route_mutation,20260618T111921_082562,of:0000000000000005:2 -> of:0000000000000009:3,0.002,0.0025,0.002,0.002,1.8,2026-06-18T11:19:21,0.001,1.66
route_mutation,20260618T111921_082562,of:000000000000000b:3 -> of:000000000000000d:2,0.001,0.00125,0.001,0.001,1.6,2026-06-18T11:19:21,0.001,1.6
route_mutation,20260618T111921_082562,of:0000000000000004:1 -> of:000000000000000c:4,0.002,0.0025,0.002,0.002,1.56,2026-06-18T11:19:21,0.001,1.4
route_mutation,20260618T111921_082562,of:000000000000000c:3 -> of:000000000000000d:3,0.001,0.00125,0.001,0.001,1.63,2026-06-18T11:19:21,0.001,1.63
route_mutation,20260618T111921_082562,of:0000000000000001:1 -> of:000000000000000b:1,0.002,0.0025,0.002,0.002,1.56,2026-06-18T11:19:21,0.001,1.5
route_mutation,20260618T111921_082562,of:0000000000000006:1 -> of:000000000000000d:4,0.002,0.0025,0.002,0.002,1.6,2026-06-18T11:19:21,0.001,1.43
route_mutation,20260618T111921_082562,of:0000000000000002:1 -> of:000000000000000b:4,0.002,0.0025,0.002,0.002,1.6,2026-06-18T11:19:21,0.001,1.43
route_mutation,20260618T111921_082562,of:0000000000000001:3 -> of:000000000000000d:1,0.002,0.0025,0.002,0.002,2.43,2026-06-18T11:19:21,0.002,2.26
route_mutation,20260618T111921_082562,of:0000000000000006:2 -> of:000000000000000a:2,0.002,0.0025,0.002,0.002,1.76,2026-06-18T11:19:21,0.001,1.63
route_mutation,20260618T111921_082562,of:0000000000000003:1 -> of:000000000000000b:5,0.002,0.0025,0.002,0.002,1.6,2026-06-18T11:19:21,0.001,1.43
route_mutation,20260618T111921_082562,of:0000000000000007:1 -> of:000000000000000d:5,0.002,0.0025,0.002,0.002,2.36,2026-06-18T11:19:21,0.002,2.26
route_mutation,20260618T111921_082562,of:0000000000000007:2 -> of:000000000000000a:3,0.002,0.0025,0.002,0.002,1.76,2026-06-18T11:19:21,0.001,1.63
route_mutation,20260618T111921_082562,of:0000000000000002:2 -> of:0000000000000008:2,0.002,0.0025,0.002,0.002,1.83,2026-06-18T11:19:21,0.002,1.7
route_mutation,20260618T111921_082562,of:0000000000000008:1 -> of:000000000000000b:6,0.001,0.00125,0.001,0.001,1.4,2026-06-18T11:19:21,0.001,1.4
route_mutation,20260618T111921_082562,of:0000000000000009:1 -> of:000000000000000c:6,0.001,0.00125,0.001,0.001,1.4,2026-06-18T11:19:21,0.001,1.4
route_mutation,20260618T111921_082562,of:0000000000000001:2 -> of:000000000000000c:1,0.002,0.0025,0.002,0.002,1.53,2026-06-18T11:19:21,0.001,1.46
route_mutation,20260618T111921_082562,of:0000000000000003:2 -> of:0000000000000008:3,0.002,0.0025,0.002,0.002,1.8,2026-06-18T11:19:21,0.001,1.66
route_mutation,20260618T111951_333892,of:0000000000000005:1 -> of:000000000000000c:5,0.002,0.0025,0.002,0.002,1.43,2026-06-18T11:19:51,0.002,1.43
route_mutation,20260618T111951_333892,of:000000000000000a:1 -> of:000000000000000d:6,0.002,0.0025,0.002,0.002,1.43,2026-06-18T11:19:51,0.002,1.43
route_mutation,20260618T111951_333892,of:000000000000000b:2 -> of:000000000000000c:2,0.002,0.0025,0.002,0.002,1.53,2026-06-18T11:19:51,0.002,1.53
route_mutation,20260618T111951_333892,of:0000000000000004:2 -> of:0000000000000009:2,0.002,0.0025,0.002,0.001,1.47,2026-06-18T11:19:51,0.002,1.53
route_mutation,20260618T111951_333892,of:0000000000000005:2 -> of:0000000000000009:3,0.002,0.0025,0.002,0.001,1.47,2026-06-18T11:19:51,0.002,1.53
route_mutation,20260618T111951_333892,of:000000000000000b:3 -> of:000000000000000d:2,0.002,0.0025,0.002,0.002,1.66,2026-06-18T11:19:51,0.002,1.66
route_mutation,20260618T111951_333892,of:0000000000000004:1 -> of:000000000000000c:4,0.002,0.0025,0.002,0.002,1.76,2026-06-18T11:19:51,0.002,1.76
route_mutation,20260618T111951_333892,of:000000000000000c:3 -> of:000000000000000d:3,0.002,0.0025,0.002,0.002,1.53,2026-06-18T11:19:51,0.002,1.53
route_mutation,20260618T111951_333892,of:0000000000000001:1 -> of:000000000000000b:1,0.003,0.00375,0.003,0.003,3.36,2026-06-18T11:19:51,0.003,3.43
route_mutation,20260618T111951_333892,of:0000000000000006:1 -> of:000000000000000d:4,0.002,0.0025,0.002,0.001,1.37,2026-06-18T11:19:51,0.002,1.43
route_mutation,20260618T111951_333892,of:0000000000000002:1 -> of:000000000000000b:4,0.002,0.0025,0.002,0.002,2.46,2026-06-18T11:19:51,0.002,2.53
route_mutation,20260618T111951_333892,of:0000000000000001:3 -> of:000000000000000d:1,0.002,0.0025,0.002,0.002,1.5,2026-06-18T11:19:51,0.002,1.56
route_mutation,20260618T111951_333892,of:0000000000000006:2 -> of:000000000000000a:2,0.002,0.0025,0.002,0.001,1.47,2026-06-18T11:19:51,0.002,1.53
route_mutation,20260618T111951_333892,of:0000000000000003:1 -> of:000000000000000b:5,0.002,0.0025,0.002,0.002,2.46,2026-06-18T11:19:51,0.002,2.46
route_mutation,20260618T111951_333892,of:0000000000000007:1 -> of:000000000000000d:5,0.002,0.0025,0.002,0.002,1.63,2026-06-18T11:19:51,0.002,1.7
route_mutation,20260618T111951_333892,of:0000000000000007:2 -> of:000000000000000a:3,0.002,0.0025,0.002,0.001,1.47,2026-06-18T11:19:51,0.002,1.53
route_mutation,20260618T111951_333892,of:0000000000000002:2 -> of:0000000000000008:2,0.002,0.0025,0.002,0.001,1.47,2026-06-18T11:19:51,0.002,1.53
route_mutation,20260618T111951_333892,of:0000000000000008:1 -> of:000000000000000b:6,0.002,0.0025,0.002,0.002,1.43,2026-06-18T11:19:51,0.002,1.43
route_mutation,20260618T111951_333892,of:0000000000000009:1 -> of:000000000000000c:6,0.002,0.0025,0.002,0.002,1.43,2026-06-18T11:19:51,0.002,1.43
route_mutation,20260618T111951_333892,of:0000000000000001:2 -> of:000000000000000c:1,0.002,0.0025,0.002,0.002,1.7,2026-06-18T11:19:51,0.002,1.76
route_mutation,20260618T111951_333892,of:0000000000000003:2 -> of:0000000000000008:3,0.002,0.0025,0.002,0.002,1.53,2026-06-18T11:19:51,0.002,1.53
ip_shuffle,20260618T112021_549626,of:0000000000000005:1 -> of:000000000000000c:5,0.002,0.0025,0.002,0.002,2.43,2026-06-18T11:20:21,0.002,2.6
ip_shuffle,20260618T112021_549626,of:000000000000000a:1 -> of:000000000000000d:6,0.002,0.0025,0.002,0.002,1.8,2026-06-18T11:20:21,0.002,1.8
ip_shuffle,20260618T112021_549626,of:000000000000000b:2 -> of:000000000000000c:2,0.002,0.0025,0.002,0.002,2.26,2026-06-18T11:20:21,0.002,2.26
ip_shuffle,20260618T112021_549626,of:0000000000000004:2 -> of:0000000000000009:2,0.002,0.0025,0.002,0.002,2.16,2026-06-18T11:20:21,0.002,2.23
ip_shuffle,20260618T112021_549626,of:0000000000000005:2 -> of:0000000000000009:3,0.002,0.0025,0.002,0.002,2.16,2026-06-18T11:20:21,0.002,2.23
ip_shuffle,20260618T112021_549626,of:000000000000000b:3 -> of:000000000000000d:2,0.002,0.0025,0.002,0.002,2.26,2026-06-18T11:20:21,0.002,2.26
ip_shuffle,20260618T112021_549626,of:0000000000000004:1 -> of:000000000000000c:4,0.002,0.0025,0.002,0.002,2.1,2026-06-18T11:20:21,0.002,2.26
ip_shuffle,20260618T112021_549626,of:000000000000000c:3 -> of:000000000000000d:3,0.002,0.0025,0.002,0.002,2.26,2026-06-18T11:20:21,0.002,2.26
ip_shuffle,20260618T112021_549626,of:0000000000000001:1 -> of:000000000000000b:1,0.002,0.0025,0.002,0.002,1.73,2026-06-18T11:20:21,0.002,1.73
ip_shuffle,20260618T112021_549626,of:0000000000000006:1 -> of:000000000000000d:4,0.002,0.0025,0.002,0.002,2.8,2026-06-18T11:20:21,0.002,2.9
ip_shuffle,20260618T112021_549626,of:0000000000000002:1 -> of:000000000000000b:4,0.002,0.0025,0.002,0.002,1.66,2026-06-18T11:20:21,0.002,1.8
ip_shuffle,20260618T112021_549626,of:0000000000000001:3 -> of:000000000000000d:1,0.003,0.00375,0.003,0.003,3.4,2026-06-18T11:20:21,0.003,3.43
ip_shuffle,20260618T112021_549626,of:0000000000000006:2 -> of:000000000000000a:2,0.002,0.0025,0.002,0.002,2.16,2026-06-18T11:20:21,0.002,2.23
ip_shuffle,20260618T112021_549626,of:0000000000000003:1 -> of:000000000000000b:5,0.002,0.0025,0.002,0.001,1.6,2026-06-18T11:20:21,0.002,1.8
ip_shuffle,20260618T112021_549626,of:0000000000000007:1 -> of:000000000000000d:5,0.002,0.0025,0.002,0.002,2.33,2026-06-18T11:20:21,0.002,2.36
ip_shuffle,20260618T112021_549626,of:0000000000000007:2 -> of:000000000000000a:3,0.002,0.0025,0.002,0.002,2.23,2026-06-18T11:20:21,0.002,2.23
ip_shuffle,20260618T112021_549626,of:0000000000000002:2 -> of:0000000000000008:2,0.002,0.0025,0.002,0.002,2.1,2026-06-18T11:20:21,0.002,2.16
ip_shuffle,20260618T112021_549626,of:0000000000000008:1 -> of:000000000000000b:6,0.002,0.0025,0.002,0.002,1.76,2026-06-18T11:20:21,0.002,1.8
ip_shuffle,20260618T112021_549626,of:0000000000000009:1 -> of:000000000000000c:6,0.002,0.0025,0.002,0.002,1.8,2026-06-18T11:20:21,0.002,1.8
ip_shuffle,20260618T112021_549626,of:0000000000000001:2 -> of:000000000000000c:1,0.003,0.00375,0.003,0.003,3.0,2026-06-18T11:20:21,0.003,3.0
ip_shuffle,20260618T112021_549626,of:0000000000000003:2 -> of:0000000000000008:3,0.002,0.0025,0.002,0.002,2.03,2026-06-18T11:20:21,0.002,2.16
route_mutation,20260618T112119_452796,of:0000000000000005:1 -> of:000000000000000c:5,0.002,0.0025,0.002,0.002,1.5,2026-06-18T11:21:19,0.001,1.43
route_mutation,20260618T112119_452796,of:000000000000000a:1 -> of:000000000000000d:6,0.002,0.0025,0.002,0.002,1.5,2026-06-18T11:21:19,0.002,1.5
route_mutation,20260618T112119_452796,of:000000000000000b:2 -> of:000000000000000c:2,0.002,0.0025,0.002,0.002,1.66,2026-06-18T11:21:19,0.002,1.66
route_mutation,20260618T112119_452796,of:0000000000000004:2 -> of:0000000000000009:2,0.002,0.0025,0.002,0.002,1.6,2026-06-18T11:21:19,0.002,1.66
route_mutation,20260618T112119_452796,of:0000000000000005:2 -> of:0000000000000009:3,0.002,0.0025,0.002,0.002,1.6,2026-06-18T11:21:19,0.002,1.6
route_mutation,20260618T112119_452796,of:000000000000000b:3 -> of:000000000000000d:2,0.002,0.0025,0.002,0.002,1.8,2026-06-18T11:21:19,0.002,1.8
route_mutation,20260618T112119_452796,of:0000000000000004:1 -> of:000000000000000c:4,0.002,0.0025,0.002,0.002,1.5,2026-06-18T11:21:19,0.002,1.5
route_mutation,20260618T112119_452796,of:000000000000000c:3 -> of:000000000000000d:3,0.002,0.0025,0.002,0.002,1.66,2026-06-18T11:21:19,0.002,1.66
route_mutation,20260618T112119_452796,of:0000000000000001:1 -> of:000000000000000b:1,0.003,0.00375,0.003,0.003,3.03,2026-06-18T11:21:19,0.003,3.1
route_mutation,20260618T112119_452796,of:0000000000000006:1 -> of:000000000000000d:4,0.002,0.0025,0.002,0.002,2.1,2026-06-18T11:21:19,0.002,2.16
route_mutation,20260618T112119_452796,of:0000000000000002:1 -> of:000000000000000b:4,0.002,0.0025,0.002,0.002,2.53,2026-06-18T11:21:19,0.002,2.53
route_mutation,20260618T112119_452796,of:0000000000000001:3 -> of:000000000000000d:1,0.002,0.0025,0.002,0.002,2.2,2026-06-18T11:21:19,0.002,2.26
route_mutation,20260618T112119_452796,of:0000000000000006:2 -> of:000000000000000a:2,0.002,0.0025,0.002,0.002,1.6,2026-06-18T11:21:19,0.002,1.66
route_mutation,20260618T112119_452796,of:0000000000000003:1 -> of:000000000000000b:5,0.002,0.0025,0.002,0.002,2.13,2026-06-18T11:21:19,0.002,2.06
route_mutation,20260618T112119_452796,of:0000000000000007:1 -> of:000000000000000d:5,0.002,0.0025,0.002,0.002,1.8,2026-06-18T11:21:19,0.002,1.86
route_mutation,20260618T112119_452796,of:0000000000000007:2 -> of:000000000000000a:3,0.002,0.0025,0.002,0.002,1.6,2026-06-18T11:21:19,0.002,1.66
route_mutation,20260618T112119_452796,of:0000000000000002:2 -> of:0000000000000008:2,0.002,0.0025,0.002,0.002,1.6,2026-06-18T11:21:19,0.002,1.6
route_mutation,20260618T112119_452796,of:0000000000000008:1 -> of:000000000000000b:6,0.002,0.0025,0.002,0.002,1.5,2026-06-18T11:21:19,0.002,1.5
route_mutation,20260618T112119_452796,of:0000000000000009:1 -> of:000000000000000c:6,0.002,0.0025,0.002,0.002,1.5,2026-06-18T11:21:19,0.002,1.5
route_mutation,20260618T112119_452796,of:0000000000000001:2 -> of:000000000000000c:1,0.002,0.0025,0.002,0.001,1.43,2026-06-18T11:21:19,0.002,1.5
route_mutation,20260618T112119_452796,of:0000000000000003:2 -> of:0000000000000008:3,0.002,0.0025,0.002,0.002,1.66,2026-06-18T11:21:19,0.002,1.6
route_mutation,20260618T112149_697012,of:0000000000000005:1 -> of:000000000000000c:5,0.002,0.0025,0.002,0.002,2.33,2026-06-18T11:21:49,0.002,2.5
route_mutation,20260618T112149_697012,of:000000000000000a:1 -> of:000000000000000d:6,0.002,0.0025,0.002,0.002,1.7,2026-06-18T11:21:49,0.002,1.7
route_mutation,20260618T112149_697012,of:000000000000000b:2 -> of:000000000000000c:2,0.002,0.0025,0.002,0.002,2.06,2026-06-18T11:21:49,0.002,2.06
route_mutation,20260618T112149_697012,of:0000000000000004:2 -> of:0000000000000009:2,0.002,0.0025,0.002,0.002,1.93,2026-06-18T11:21:49,0.002,2.0
route_mutation,20260618T112149_697012,of:0000000000000005:2 -> of:0000000000000009:3,0.002,0.0025,0.002,0.002,1.93,2026-06-18T11:21:49,0.002,2.0
route_mutation,20260618T112149_697012,of:000000000000000b:3 -> of:000000000000000d:2,0.002,0.0025,0.002,0.002,2.06,2026-06-18T11:21:49,0.002,2.06
route_mutation,20260618T112149_697012,of:0000000000000004:1 -> of:000000000000000c:4,0.002,0.0025,0.002,0.002,2.33,2026-06-18T11:21:49,0.002,2.5
route_mutation,20260618T112149_697012,of:000000000000000c:3 -> of:000000000000000d:3,0.002,0.0025,0.002,0.002,2.06,2026-06-18T11:21:49,0.002,2.06
route_mutation,20260618T112149_697012,of:0000000000000001:1 -> of:000000000000000b:1,0.002,0.0025,0.002,0.002,2.03,2026-06-18T11:21:49,0.002,2.03
route_mutation,20260618T112149_697012,of:0000000000000006:1 -> of:000000000000000d:4,0.002,0.0025,0.002,0.002,2.66,2026-06-18T11:21:49,0.002,2.76
route_mutation,20260618T112149_697012,of:0000000000000002:1 -> of:000000000000000b:4,0.002,0.0025,0.002,0.002,1.56,2026-06-18T11:21:49,0.002,1.7
route_mutation,20260618T112149_697012,of:0000000000000001:3 -> of:000000000000000d:1,0.003,0.00375,0.003,0.002,2.8,2026-06-18T11:21:49,0.003,2.9
route_mutation,20260618T112149_697012,of:0000000000000006:2 -> of:000000000000000a:2,0.002,0.0025,0.002,0.002,1.96,2026-06-18T11:21:49,0.002,2.03
route_mutation,20260618T112149_697012,of:0000000000000003:1 -> of:000000000000000b:5,0.002,0.0025,0.002,0.002,1.9,2026-06-18T11:21:49,0.002,2.1
route_mutation,20260618T112149_697012,of:0000000000000007:1 -> of:000000000000000d:5,0.002,0.0025,0.002,0.002,1.86,2026-06-18T11:21:49,0.002,1.8
route_mutation,20260618T112149_697012,of:0000000000000007:2 -> of:000000000000000a:3,0.002,0.0025,0.002,0.002,2.03,2026-06-18T11:21:49,0.002,2.03
route_mutation,20260618T112149_697012,of:0000000000000002:2 -> of:0000000000000008:2,0.002,0.0025,0.002,0.002,1.9,2026-06-18T11:21:49,0.002,1.96
route_mutation,20260618T112149_697012,of:0000000000000008:1 -> of:000000000000000b:6,0.002,0.0025,0.002,0.002,1.66,2026-06-18T11:21:49,0.002,1.7
route_mutation,20260618T112149_697012,of:0000000000000009:1 -> of:000000000000000c:6,0.002,0.0025,0.002,0.002,1.66,2026-06-18T11:21:49,0.002,1.7
route_mutation,20260618T112149_697012,of:0000000000000001:2 -> of:000000000000000c:1,0.003,0.00375,0.003,0.003,3.23,2026-06-18T11:21:49,0.003,3.23
route_mutation,20260618T112149_697012,of:0000000000000003:2 -> of:0000000000000008:3,0.002,0.0025,0.002,0.002,1.83,2026-06-18T11:21:49,0.002,1.96
route_mutation,20260618T112219_955284,of:0000000000000005:1 -> of:000000000000000c:5,0.002,0.0025,0.002,0.002,1.63,2026-06-18T11:22:19,0.002,1.53
route_mutation,20260618T112219_955284,of:000000000000000a:1 -> of:000000000000000d:6,0.002,0.0025,0.002,0.002,1.53,2026-06-18T11:22:19,0.002,1.53
route_mutation,20260618T112219_955284,of:000000000000000b:2 -> of:000000000000000c:2,0.002,0.0025,0.002,0.002,1.73,2026-06-18T11:22:19,0.002,1.73
route_mutation,20260618T112219_955284,of:0000000000000004:2 -> of:0000000000000009:2,0.002,0.0025,0.002,0.002,1.93,2026-06-18T11:22:19,0.002,1.8
route_mutation,20260618T112219_955284,of:0000000000000005:2 -> of:0000000000000009:3,0.002,0.0025,0.002,0.002,1.93,2026-06-18T11:22:19,0.002,1.86
route_mutation,20260618T112219_955284,of:000000000000000b:3 -> of:000000000000000d:2,0.002,0.0025,0.002,0.002,1.8,2026-06-18T11:22:19,0.002,1.8
route_mutation,20260618T112219_955284,of:0000000000000004:1 -> of:000000000000000c:4,0.002,0.0025,0.002,0.002,1.63,2026-06-18T11:22:19,0.001,1.46
route_mutation,20260618T112219_955284,of:000000000000000c:3 -> of:000000000000000d:3,0.002,0.0025,0.002,0.002,1.8,2026-06-18T11:22:19,0.002,1.8
route_mutation,20260618T112219_955284,of:0000000000000001:1 -> of:000000000000000b:1,0.002,0.0025,0.002,0.002,1.6,2026-06-18T11:22:19,0.002,1.6
route_mutation,20260618T112219_955284,of:0000000000000006:1 -> of:000000000000000d:4,0.002,0.0025,0.002,0.002,1.66,2026-06-18T11:22:19,0.002,1.56
route_mutation,20260618T112219_955284,of:0000000000000002:1 -> of:000000000000000b:4,0.002,0.0025,0.002,0.002,1.66,2026-06-18T11:22:19,0.002,1.53
route_mutation,20260618T112219_955284,of:0000000000000001:3 -> of:000000000000000d:1,0.002,0.0025,0.002,0.002,2.73,2026-06-18T11:22:19,0.002,2.7
route_mutation,20260618T112219_955284,of:0000000000000006:2 -> of:000000000000000a:2,0.002,0.0025,0.002,0.002,1.9,2026-06-18T11:22:19,0.002,1.76
route_mutation,20260618T112219_955284,of:0000000000000003:1 -> of:000000000000000b:5,0.002,0.0025,0.002,0.002,1.66,2026-06-18T11:22:19,0.002,1.53
route_mutation,20260618T112219_955284,of:0000000000000007:1 -> of:000000000000000d:5,0.002,0.0025,0.002,0.002,2.56,2026-06-18T11:22:19,0.002,2.63
route_mutation,20260618T112219_955284,of:0000000000000007:2 -> of:000000000000000a:3,0.002,0.0025,0.002,0.002,1.83,2026-06-18T11:22:19,0.002,1.76
route_mutation,20260618T112219_955284,of:0000000000000002:2 -> of:0000000000000008:2,0.002,0.0025,0.002,0.002,1.96,2026-06-18T11:22:19,0.002,1.9
route_mutation,20260618T112219_955284,of:0000000000000008:1 -> of:000000000000000b:6,0.001,0.00125,0.001,0.001,1.5,2026-06-18T11:22:19,0.001,1.46
route_mutation,20260618T112219_955284,of:0000000000000009:1 -> of:000000000000000c:6,0.001,0.00125,0.001,0.001,1.5,2026-06-18T11:22:19,0.001,1.46
route_mutation,20260618T112219_955284,of:0000000000000001:2 -> of:000000000000000c:1,0.002,0.0025,0.002,0.002,1.6,2026-06-18T11:22:19,0.002,1.6
route_mutation,20260618T112219_955284,of:0000000000000003:2 -> of:0000000000000008:3,0.002,0.0025,0.002,0.002,1.96,2026-06-18T11:22:19,0.002,1.9
ip_shuffle,20260618T112250_186045,of:0000000000000005:1 -> of:000000000000000c:5,0.002,0.0025,0.002,0.002,1.43,2026-06-18T11:22:50,0.001,1.37
ip_shuffle,20260618T112250_186045,of:000000000000000a:1 -> of:000000000000000d:6,0.001,0.00125,0.001,0.001,1.37,2026-06-18T11:22:50,0.001,1.37
ip_shuffle,20260618T112250_186045,of:000000000000000b:2 -> of:000000000000000c:2,0.002,0.0025,0.002,0.002,1.53,2026-06-18T11:22:50,0.002,1.53
ip_shuffle,20260618T112250_186045,of:0000000000000004:2 -> of:0000000000000009:2,0.002,0.0025,0.002,0.001,1.46,2026-06-18T11:22:50,0.002,1.53
ip_shuffle,20260618T112250_186045,of:0000000000000005:2 -> of:0000000000000009:3,0.001,0.00125,0.001,0.001,1.46,2026-06-18T11:22:50,0.001,1.46
ip_shuffle,20260618T112250_186045,of:000000000000000b:3 -> of:000000000000000d:2,0.002,0.0025,0.002,0.002,1.6,2026-06-18T11:22:50,0.002,1.6
ip_shuffle,20260618T112250_186045,of:0000000000000004:1 -> of:000000000000000c:4,0.002,0.0025,0.002,0.002,1.46,2026-06-18T11:22:50,0.002,1.46
ip_shuffle,20260618T112250_186045,of:000000000000000c:3 -> of:000000000000000d:3,0.001,0.00125,0.001,0.001,1.46,2026-06-18T11:22:50,0.001,1.46
ip_shuffle,20260618T112250_186045,of:0000000000000001:1 -> of:000000000000000b:1,0.003,0.00375,0.003,0.003,3.23,2026-06-18T11:22:50,0.003,3.26
ip_shuffle,20260618T112250_186045,of:0000000000000006:1 -> of:000000000000000d:4,0.001,0.00125,0.001,0.001,1.37,2026-06-18T11:22:50,0.001,1.37
ip_shuffle,20260618T112250_186045,of:0000000000000002:1 -> of:000000000000000b:4,0.002,0.0025,0.002,0.002,2.53,2026-06-18T11:22:50,0.002,2.46
ip_shuffle,20260618T112250_186045,of:0000000000000001:3 -> of:000000000000000d:1,0.002,0.0025,0.002,0.002,1.5,2026-06-18T11:22:50,0.001,1.43
ip_shuffle,20260618T112250_186045,of:0000000000000006:2 -> of:000000000000000a:2,0.002,0.0025,0.002,0.001,1.46,2026-06-18T11:22:50,0.002,1.53
ip_shuffle,20260618T112250_186045,of:0000000000000003:1 -> of:000000000000000b:5,0.002,0.0025,0.002,0.002,2.43,2026-06-18T11:22:50,0.002,2.36
ip_shuffle,20260618T112250_186045,of:0000000000000007:1 -> of:000000000000000d:5,0.002,0.0025,0.002,0.002,1.63,2026-06-18T11:22:50,0.002,1.63
ip_shuffle,20260618T112250_186045,of:0000000000000007:2 -> of:000000000000000a:3,0.002,0.0025,0.002,0.001,1.46,2026-06-18T11:22:50,0.002,1.53
ip_shuffle,20260618T112250_186045,of:0000000000000002:2 -> of:0000000000000008:2,0.002,0.0025,0.002,0.002,1.53,2026-06-18T11:22:50,0.001,1.46
ip_shuffle,20260618T112250_186045,of:0000000000000008:1 -> of:000000000000000b:6,0.002,0.0025,0.002,0.002,1.43,2026-06-18T11:22:50,0.002,1.43
ip_shuffle,20260618T112250_186045,of:0000000000000009:1 -> of:000000000000000c:6,0.002,0.0025,0.002,0.002,1.43,2026-06-18T11:22:50,0.002,1.43
ip_shuffle,20260618T112250_186045,of:0000000000000001:2 -> of:000000000000000c:1,0.001,0.00125,0.001,0.001,1.4,2026-06-18T11:22:50,0.001,1.4
ip_shuffle,20260618T112250_186045,of:0000000000000003:2 -> of:0000000000000008:3,0.002,0.0025,0.002,0.002,1.53,2026-06-18T11:22:50,0.001,1.46
route_mutation,20260618T112400_789617,of:0000000000000005:1 -> of:000000000000000c:5,0.002,0.0025,0.002,0.002,1.53,2026-06-18T11:24:00,0.001,1.47
route_mutation,20260618T112400_789617,of:000000000000000a:1 -> of:000000000000000d:6,0.001,0.00125,0.001,0.001,1.47,2026-06-18T11:24:00,0.001,1.47
route_mutation,20260618T112400_789617,of:000000000000000b:2 -> of:000000000000000c:2,0.002,0.0025,0.002,0.002,1.73,2026-06-18T11:24:00,0.002,1.73
route_mutation,20260618T112400_789617,of:0000000000000004:2 -> of:0000000000000009:2,0.002,0.0025,0.002,0.002,1.73,2026-06-18T11:24:00,0.002,1.66
route_mutation,20260618T112400_789617,of:0000000000000005:2 -> of:0000000000000009:3,0.002,0.0025,0.002,0.002,1.73,2026-06-18T11:24:00,0.002,1.66
route_mutation,20260618T112400_789617,of:000000000000000b:3 -> of:000000000000000d:2,0.002,0.0025,0.002,0.002,1.83,2026-06-18T11:24:00,0.002,1.83
route_mutation,20260618T112400_789617,of:0000000000000004:1 -> of:000000000000000c:4,0.002,0.0025,0.002,0.002,1.66,2026-06-18T11:24:00,0.002,1.6
route_mutation,20260618T112400_789617,of:000000000000000c:3 -> of:000000000000000d:3,0.002,0.0025,0.002,0.002,1.66,2026-06-18T11:24:00,0.002,1.66
route_mutation,20260618T112400_789617,of:0000000000000001:1 -> of:000000000000000b:1,0.003,0.00375,0.003,0.003,3.5,2026-06-18T11:24:00,0.003,3.43
route_mutation,20260618T112400_789617,of:0000000000000006:1 -> of:000000000000000d:4,0.001,0.00125,0.001,0.001,1.47,2026-06-18T11:24:00,0.001,1.47
route_mutation,20260618T112400_789617,of:0000000000000002:1 -> of:000000000000000b:4,0.002,0.0025,0.002,0.002,2.66,2026-06-18T11:24:00,0.002,2.6
route_mutation,20260618T112400_789617,of:0000000000000001:3 -> of:000000000000000d:1,0.002,0.0025,0.002,0.002,1.7,2026-06-18T11:24:00,0.002,1.57
route_mutation,20260618T112400_789617,of:0000000000000006:2 -> of:000000000000000a:2,0.002,0.0025,0.002,0.002,1.66,2026-06-18T11:24:00,0.002,1.73
route_mutation,20260618T112400_789617,of:0000000000000003:1 -> of:000000000000000b:5,0.002,0.0025,0.002,0.002,2.56,2026-06-18T11:24:00,0.002,2.5
route_mutation,20260618T112400_789617,of:0000000000000007:1 -> of:000000000000000d:5,0.002,0.0025,0.002,0.002,1.8,2026-06-18T11:24:00,0.002,1.8
route_mutation,20260618T112400_789617,of:0000000000000007:2 -> of:000000000000000a:3,0.002,0.0025,0.002,0.002,1.66,2026-06-18T11:24:00,0.002,1.73
route_mutation,20260618T112400_789617,of:0000000000000002:2 -> of:0000000000000008:2,0.002,0.0025,0.002,0.002,1.73,2026-06-18T11:24:00,0.002,1.66
route_mutation,20260618T112400_789617,of:0000000000000008:1 -> of:000000000000000b:6,0.002,0.0025,0.002,0.002,1.53,2026-06-18T11:24:00,0.002,1.53
route_mutation,20260618T112400_789617,of:0000000000000009:1 -> of:000000000000000c:6,0.002,0.0025,0.002,0.002,1.53,2026-06-18T11:24:00,0.002,1.53
route_mutation,20260618T112400_789617,of:0000000000000001:2 -> of:000000000000000c:1,0.002,0.0025,0.002,0.002,1.63,2026-06-18T11:24:00,0.002,1.57
route_mutation,20260618T112400_789617,of:0000000000000003:2 -> of:0000000000000008:3,0.002,0.0025,0.002,0.002,1.73,2026-06-18T11:24:00,0.002,1.66
route_mutation,20260618T112431_020368,of:0000000000000005:1 -> of:000000000000000c:5,0.002,0.0025,0.002,0.002,2.43,2026-06-18T11:24:31,0.002,2.59
route_mutation,20260618T112431_020368,of:000000000000000a:1 -> of:000000000000000d:6,0.002,0.0025,0.002,0.002,1.8,2026-06-18T11:24:31,0.002,1.8
route_mutation,20260618T112431_020368,of:000000000000000b:2 -> of:000000000000000c:2,0.002,0.0025,0.002,0.002,2.26,2026-06-18T11:24:31,0.002,2.26
route_mutation,20260618T112431_020368,of:0000000000000004:2 -> of:0000000000000009:2,0.002,0.0025,0.002,0.002,2.1,2026-06-18T11:24:31,0.002,2.23
route_mutation,20260618T112431_020368,of:0000000000000005:2 -> of:0000000000000009:3,0.002,0.0025,0.002,0.002,2.1,2026-06-18T11:24:31,0.002,2.23
route_mutation,20260618T112431_020368,of:000000000000000b:3 -> of:000000000000000d:2,0.002,0.0025,0.002,0.002,2.26,2026-06-18T11:24:31,0.002,2.26
route_mutation,20260618T112431_020368,of:0000000000000004:1 -> of:000000000000000c:4,0.002,0.0025,0.002,0.002,2.29,2026-06-18T11:24:31,0.002,2.46
route_mutation,20260618T112431_020368,of:000000000000000c:3 -> of:000000000000000d:3,0.002,0.0025,0.002,0.002,2.26,2026-06-18T11:24:31,0.002,2.26
route_mutation,20260618T112431_020368,of:0000000000000001:1 -> of:000000000000000b:1,0.002,0.0025,0.002,0.002,1.7,2026-06-18T11:24:31,0.002,1.76
route_mutation,20260618T112431_020368,of:0000000000000006:1 -> of:000000000000000d:4,0.003,0.00375,0.003,0.003,2.89,2026-06-18T11:24:31,0.003,2.93
route_mutation,20260618T112431_020368,of:0000000000000002:1 -> of:000000000000000b:4,0.002,0.0025,0.002,0.001,1.6,2026-06-18T11:24:31,0.002,1.8
route_mutation,20260618T112431_020368,of:0000000000000001:3 -> of:000000000000000d:1,0.003,0.00375,0.003,0.003,2.93,2026-06-18T11:24:31,0.003,3.09
route_mutation,20260618T112431_020368,of:0000000000000006:2 -> of:000000000000000a:2,0.002,0.0025,0.002,0.002,2.23,2026-06-18T11:24:31,0.002,2.23
route_mutation,20260618T112431_020368,of:0000000000000003:1 -> of:000000000000000b:5,0.002,0.0025,0.002,0.001,1.63,2026-06-18T11:24:31,0.002,1.8
route_mutation,20260618T112431_020368,of:0000000000000007:1 -> of:000000000000000d:5,0.002,0.0025,0.002,0.002,2.06,2026-06-18T11:24:31,0.002,2.0
route_mutation,20260618T112431_020368,of:0000000000000007:2 -> of:000000000000000a:3,0.002,0.0025,0.002,0.002,2.23,2026-06-18T11:24:31,0.002,2.23
route_mutation,20260618T112431_020368,of:0000000000000002:2 -> of:0000000000000008:2,0.002,0.0025,0.002,0.002,2.06,2026-06-18T11:24:31,0.002,2.19
route_mutation,20260618T112431_020368,of:0000000000000008:1 -> of:000000000000000b:6,0.002,0.0025,0.002,0.002,1.8,2026-06-18T11:24:31,0.002,1.8
route_mutation,20260618T112431_020368,of:0000000000000009:1 -> of:000000000000000c:6,0.002,0.0025,0.002,0.002,1.8,2026-06-18T11:24:31,0.002,1.8
route_mutation,20260618T112431_020368,of:0000000000000001:2 -> of:000000000000000c:1,0.003,0.00375,0.003,0.003,3.23,2026-06-18T11:24:31,0.003,3.23
route_mutation,20260618T112431_020368,of:0000000000000003:2 -> of:0000000000000008:3,0.002,0.0025,0.002,0.002,2.1,2026-06-18T11:24:31,0.002,2.23
ip_shuffle,20260618T112501_178241,of:0000000000000005:1 -> of:000000000000000c:5,0.002,0.0025,0.002,0.002,1.6,2026-06-18T11:25:01,0.002,1.56
ip_shuffle,20260618T112501_178241,of:000000000000000a:1 -> of:000000000000000d:6,0.001,0.00125,0.001,0.001,1.5,2026-06-18T11:25:01,0.001,1.5
ip_shuffle,20260618T112501_178241,of:000000000000000b:2 -> of:000000000000000c:2,0.002,0.0025,0.002,0.002,1.73,2026-06-18T11:25:01,0.002,1.73
ip_shuffle,20260618T112501_178241,of:0000000000000004:2 -> of:0000000000000009:2,0.002,0.0025,0.002,0.002,1.83,2026-06-18T11:25:01,0.002,1.76
ip_shuffle,20260618T112501_178241,of:0000000000000005:2 -> of:0000000000000009:3,0.002,0.0025,0.002,0.002,1.83,2026-06-18T11:25:01,0.002,1.76
ip_shuffle,20260618T112501_178241,of:000000000000000b:3 -> of:000000000000000d:2,0.002,0.0025,0.002,0.002,1.73,2026-06-18T11:25:01,0.002,1.73
ip_shuffle,20260618T112501_178241,of:0000000000000004:1 -> of:000000000000000c:4,0.002,0.0025,0.002,0.002,1.6,2026-06-18T11:25:01,0.002,1.56
ip_shuffle,20260618T112501_178241,of:000000000000000c:3 -> of:000000000000000d:3,0.002,0.0025,0.002,0.002,1.8,2026-06-18T11:25:01,0.002,1.8
ip_shuffle,20260618T112501_178241,of:0000000000000001:1 -> of:000000000000000b:1,0.002,0.0025,0.002,0.002,1.56,2026-06-18T11:25:01,0.002,1.56
ip_shuffle,20260618T112501_178241,of:0000000000000006:1 -> of:000000000000000d:4,0.002,0.0025,0.002,0.002,1.53,2026-06-18T11:25:01,0.001,1.5
ip_shuffle,20260618T112501_178241,of:0000000000000002:1 -> of:000000000000000b:4,0.002,0.0025,0.002,0.002,1.63,2026-06-18T11:25:01,0.001,1.5
ip_shuffle,20260618T112501_178241,of:0000000000000001:3 -> of:000000000000000d:1,0.002,0.0025,0.002,0.002,2.63,2026-06-18T11:25:01,0.002,2.6
ip_shuffle,20260618T112501_178241,of:0000000000000006:2 -> of:000000000000000a:2,0.002,0.0025,0.002,0.002,1.76,2026-06-18T11:25:01,0.002,1.7
ip_shuffle,20260618T112501_178241,of:0000000000000003:1 -> of:000000000000000b:5,0.002,0.0025,0.002,0.002,1.6,2026-06-18T11:25:01,0.001,1.5
ip_shuffle,20260618T112501_178241,of:0000000000000007:1 -> of:000000000000000d:5,0.002,0.0025,0.002,0.002,2.43,2026-06-18T11:25:01,0.002,2.56
ip_shuffle,20260618T112501_178241,of:0000000000000007:2 -> of:000000000000000a:3,0.002,0.0025,0.002,0.002,1.76,2026-06-18T11:25:01,0.002,1.76
ip_shuffle,20260618T112501_178241,of:0000000000000002:2 -> of:0000000000000008:2,0.002,0.0025,0.002,0.002,1.86,2026-06-18T11:25:01,0.002,1.8
ip_shuffle,20260618T112501_178241,of:0000000000000008:1 -> of:000000000000000b:6,0.001,0.00125,0.001,0.001,1.43,2026-06-18T11:25:01,0.001,1.43
ip_shuffle,20260618T112501_178241,of:0000000000000009:1 -> of:000000000000000c:6,0.001,0.00125,0.001,0.001,1.5,2026-06-18T11:25:01,0.001,1.5
ip_shuffle,20260618T112501_178241,of:0000000000000001:2 -> of:000000000000000c:1,0.002,0.0025,0.002,0.001,1.5,2026-06-18T11:25:01,0.002,1.63
ip_shuffle,20260618T112501_178241,of:0000000000000003:2 -> of:0000000000000008:3,0.002,0.0025,0.002,0.002,1.83,2026-06-18T11:25:01,0.002,1.76
route_mutation,20260618T112558_842465,of:0000000000000005:1 -> of:000000000000000c:5,0.002,0.0025,0.002,0.002,2.4,2026-06-18T11:25:58,0.002,2.56
route_mutation,20260618T112558_842465,of:000000000000000a:1 -> of:000000000000000d:6,0.002,0.0025,0.002,0.002,1.76,2026-06-18T11:25:58,0.002,1.76
route_mutation,20260618T112558_842465,of:000000000000000b:2 -> of:000000000000000c:2,0.002,0.0025,0.002,0.002,2.2,2026-06-18T11:25:58,0.002,2.2
route_mutation,20260618T112558_842465,of:0000000000000004:2 -> of:0000000000000009:2,0.002,0.0025,0.002,0.002,2.03,2026-06-18T11:25:58,0.002,2.16
route_mutation,20260618T112558_842465,of:0000000000000005:2 -> of:0000000000000009:3,0.002,0.0025,0.002,0.002,2.03,2026-06-18T11:25:58,0.002,2.16
route_mutation,20260618T112558_842465,of:000000000000000b:3 -> of:000000000000000d:2,0.002,0.0025,0.002,0.002,2.2,2026-06-18T11:25:58,0.002,2.2
route_mutation,20260618T112558_842465,of:0000000000000004:1 -> of:000000000000000c:4,0.002,0.0025,0.002,0.002,2.36,2026-06-18T11:25:58,0.002,2.53
route_mutation,20260618T112558_842465,of:000000000000000c:3 -> of:000000000000000d:3,0.002,0.0025,0.002,0.002,2.2,2026-06-18T11:25:58,0.002,2.2
route_mutation,20260618T112558_842465,of:0000000000000001:1 -> of:000000000000000b:1,0.002,0.0025,0.002,0.002,1.86,2026-06-18T11:25:58,0.002,1.86
route_mutation,20260618T112558_842465,of:0000000000000006:1 -> of:000000000000000d:4,0.002,0.0025,0.002,0.002,2.8,2026-06-18T11:25:58,0.002,2.83
route_mutation,20260618T112558_842465,of:0000000000000002:1 -> of:000000000000000b:4,0.002,0.0025,0.002,0.002,1.63,2026-06-18T11:25:58,0.002,1.76
route_mutation,20260618T112558_842465,of:0000000000000001:3 -> of:000000000000000d:1,0.003,0.00375,0.003,0.002,2.83,2026-06-18T11:25:58,0.003,3.0
route_mutation,20260618T112558_842465,of:0000000000000006:2 -> of:000000000000000a:2,0.002,0.0025,0.002,0.002,2.16,2026-06-18T11:25:58,0.002,2.16
route_mutation,20260618T112558_842465,of:0000000000000003:1 -> of:000000000000000b:5,0.002,0.0025,0.002,0.002,1.76,2026-06-18T11:25:58,0.002,1.93
route_mutation,20260618T112558_842465,of:0000000000000007:1 -> of:000000000000000d:5,0.002,0.0025,0.002,0.002,1.93,2026-06-18T11:25:58,0.002,1.86
route_mutation,20260618T112558_842465,of:0000000000000007:2 -> of:000000000000000a:3,0.002,0.0025,0.002,0.002,2.16,2026-06-18T11:25:58,0.002,2.16
route_mutation,20260618T112558_842465,of:0000000000000002:2 -> of:0000000000000008:2,0.002,0.0025,0.002,0.002,2.0,2026-06-18T11:25:58,0.002,2.13
route_mutation,20260618T112558_842465,of:0000000000000008:1 -> of:000000000000000b:6,0.002,0.0025,0.002,0.002,1.76,2026-06-18T11:25:58,0.002,1.76
route_mutation,20260618T112558_842465,of:0000000000000009:1 -> of:000000000000000c:6,0.002,0.0025,0.002,0.002,1.76,2026-06-18T11:25:58,0.002,1.76
route_mutation,20260618T112558_842465,of:0000000000000001:2 -> of:000000000000000c:1,0.003,0.00375,0.003,0.003,3.26,2026-06-18T11:25:58,0.003,3.26
route_mutation,20260618T112558_842465,of:0000000000000003:2 -> of:0000000000000008:3,0.002,0.0025,0.002,0.002,2.0,2026-06-18T11:25:58,0.002,2.13
route_mutation,20260618T112629_013639,of:0000000000000005:1 -> of:000000000000000c:5,0.002,0.0025,0.002,0.002,1.63,2026-06-18T11:26:29,0.002,1.6
route_mutation,20260618T112629_013639,of:000000000000000a:1 -> of:000000000000000d:6,0.002,0.0025,0.002,0.002,1.53,2026-06-18T11:26:29,0.002,1.53
route_mutation,20260618T112629_013639,of:000000000000000b:2 -> of:000000000000000c:2,0.002,0.0025,0.002,0.002,1.8,2026-06-18T11:26:29,0.002,1.8
route_mutation,20260618T112629_013639,of:0000000000000004:2 -> of:0000000000000009:2,0.002,0.0025,0.002,0.002,1.9,2026-06-18T11:26:29,0.002,1.83
route_mutation,20260618T112629_013639,of:0000000000000005:2 -> of:0000000000000009:3,0.002,0.0025,0.002,0.002,1.9,2026-06-18T11:26:29,0.002,1.83
route_mutation,20260618T112629_013639,of:000000000000000b:3 -> of:000000000000000d:2,0.002,0.0025,0.002,0.002,1.8,2026-06-18T11:26:29,0.002,1.8
route_mutation,20260618T112629_013639,of:0000000000000004:1 -> of:000000000000000c:4,0.002,0.0025,0.002,0.002,1.63,2026-06-18T11:26:29,0.002,1.6
route_mutation,20260618T112629_013639,of:000000000000000c:3 -> of:000000000000000d:3,0.002,0.0025,0.002,0.002,1.86,2026-06-18T11:26:29,0.002,1.86
route_mutation,20260618T112629_013639,of:0000000000000001:1 -> of:000000000000000b:1,0.002,0.0025,0.002,0.002,1.53,2026-06-18T11:26:29,0.002,1.6
route_mutation,20260618T112629_013639,of:0000000000000006:1 -> of:000000000000000d:4,0.002,0.0025,0.002,0.002,1.6,2026-06-18T11:26:29,0.002,1.56
route_mutation,20260618T112629_013639,of:0000000000000002:1 -> of:000000000000000b:4,0.002,0.0025,0.002,0.002,1.6,2026-06-18T11:26:29,0.002,1.53
route_mutation,20260618T112629_013639,of:0000000000000001:3 -> of:000000000000000d:1,0.002,0.0025,0.002,0.002,2.7,2026-06-18T11:26:29,0.002,2.66
route_mutation,20260618T112629_013639,of:0000000000000006:2 -> of:000000000000000a:2,0.002,0.0025,0.002,0.002,1.83,2026-06-18T11:26:29,0.002,1.76
route_mutation,20260618T112629_013639,of:0000000000000003:1 -> of:000000000000000b:5,0.002,0.0025,0.002,0.002,1.63,2026-06-18T11:26:29,0.002,1.53
route_mutation,20260618T112629_013639,of:0000000000000007:1 -> of:000000000000000d:5,0.002,0.0025,0.002,0.002,2.56,2026-06-18T11:26:29,0.002,2.63
route_mutation,20260618T112629_013639,of:0000000000000007:2 -> of:000000000000000a:3,0.002,0.0025,0.002,0.002,1.83,2026-06-18T11:26:29,0.002,1.76
route_mutation,20260618T112629_013639,of:0000000000000002:2 -> of:0000000000000008:2,0.002,0.0025,0.002,0.002,1.93,2026-06-18T11:26:29,0.002,1.86
route_mutation,20260618T112629_013639,of:0000000000000008:1 -> of:000000000000000b:6,0.001,0.00125,0.001,0.001,1.46,2026-06-18T11:26:29,0.001,1.46
route_mutation,20260618T112629_013639,of:0000000000000009:1 -> of:000000000000000c:6,0.002,0.0025,0.002,0.002,1.53,2026-06-18T11:26:29,0.002,1.53
route_mutation,20260618T112629_013639,of:0000000000000001:2 -> of:000000000000000c:1,0.002,0.0025,0.002,0.002,1.53,2026-06-18T11:26:29,0.002,1.66
route_mutation,20260618T112629_013639,of:0000000000000003:2 -> of:0000000000000008:3,0.002,0.0025,0.002,0.002,1.93,2026-06-18T11:26:29,0.002,1.86
route_mutation,20260618T112659_245824,of:0000000000000005:1 -> of:000000000000000c:5,0.002,0.0025,0.002,0.002,1.53,2026-06-18T11:26:59,0.001,1.4
route_mutation,20260618T112659_245824,of:000000000000000a:1 -> of:000000000000000d:6,0.001,0.00125,0.001,0.001,1.46,2026-06-18T11:26:59,0.001,1.46
route_mutation,20260618T112659_245824,of:000000000000000b:2 -> of:000000000000000c:2,0.002,0.0025,0.002,0.002,1.66,2026-06-18T11:26:59,0.002,1.66
route_mutation,20260618T112659_245824,of:0000000000000004:2 -> of:0000000000000009:2,0.002,0.0025,0.002,0.002,1.73,2026-06-18T11:26:59,0.002,1.66
route_mutation,20260618T112659_245824,of:0000000000000005:2 -> of:0000000000000009:3,0.002,0.0025,0.002,0.002,1.73,2026-06-18T11:26:59,0.002,1.66
route_mutation,20260618T112659_245824,of:000000000000000b:3 -> of:000000000000000d:2,0.002,0.0025,0.002,0.002,1.66,2026-06-18T11:26:59,0.002,1.66
route_mutation,20260618T112659_245824,of:0000000000000004:1 -> of:000000000000000c:4,0.002,0.0025,0.002,0.002,1.53,2026-06-18T11:26:59,0.001,1.4
route_mutation,20260618T112659_245824,of:000000000000000c:3 -> of:000000000000000d:3,0.001,0.00125,0.001,0.001,1.6,2026-06-18T11:26:59,0.001,1.6
route_mutation,20260618T112659_245824,of:0000000000000001:1 -> of:000000000000000b:1,0.003,0.00375,0.003,0.003,3.36,2026-06-18T11:26:59,0.003,3.26
route_mutation,20260618T112659_245824,of:0000000000000006:1 -> of:000000000000000d:4,0.001,0.00125,0.001,0.001,1.46,2026-06-18T11:26:59,0.001,1.46
route_mutation,20260618T112659_245824,of:0000000000000002:1 -> of:000000000000000b:4,0.002,0.0025,0.002,0.002,2.56,2026-06-18T11:26:59,0.002,2.5
route_mutation,20260618T112659_245824,of:0000000000000001:3 -> of:000000000000000d:1,0.002,0.0025,0.002,0.002,1.53,2026-06-18T11:26:59,0.001,1.4
route_mutation,20260618T112659_245824,of:0000000000000006:2 -> of:000000000000000a:2,0.002,0.0025,0.002,0.002,1.66,2026-06-18T11:26:59,0.002,1.73
route_mutation,20260618T112659_245824,of:0000000000000003:1 -> of:000000000000000b:5,0.002,0.0025,0.002,0.002,2.3,2026-06-18T11:26:59,0.002,2.26
route_mutation,20260618T112659_245824,of:0000000000000007:1 -> of:000000000000000d:5,0.001,0.00125,0.001,0.001,1.46,2026-06-18T11:26:59,0.001,1.46
route_mutation,20260618T112659_245824,of:0000000000000007:2 -> of:000000000000000a:3,0.002,0.0025,0.002,0.002,1.66,2026-06-18T11:26:59,0.002,1.73
route_mutation,20260618T112659_245824,of:0000000000000002:2 -> of:0000000000000008:2,0.002,0.0025,0.002,0.002,1.73,2026-06-18T11:26:59,0.002,1.66
route_mutation,20260618T112659_245824,of:0000000000000008:1 -> of:000000000000000b:6,0.002,0.0025,0.002,0.002,1.53,2026-06-18T11:26:59,0.002,1.53
route_mutation,20260618T112659_245824,of:0000000000000009:1 -> of:000000000000000c:6,0.001,0.00125,0.001,0.001,1.46,2026-06-18T11:26:59,0.001,1.46
route_mutation,20260618T112659_245824,of:0000000000000001:2 -> of:000000000000000c:1,0.002,0.0025,0.002,0.002,1.53,2026-06-18T11:26:59,0.001,1.4
route_mutation,20260618T112659_245824,of:0000000000000003:2 -> of:0000000000000008:3,0.002,0.0025,0.002,0.002,1.73,2026-06-18T11:26:59,0.002,1.66
ip_shuffle,20260618T112729_476125,of:0000000000000005:1 -> of:000000000000000c:5,0.002,0.0025,0.002,0.002,2.43,2026-06-18T11:27:29,0.002,2.53
ip_shuffle,20260618T112729_476125,of:000000000000000a:1 -> of:000000000000000d:6,0.002,0.0025,0.002,0.002,1.73,2026-06-18T11:27:29,0.002,1.73
ip_shuffle,20260618T112729_476125,of:000000000000000b:2 -> of:000000000000000c:2,0.002,0.0025,0.002,0.002,2.13,2026-06-18T11:27:29,0.002,2.13
ip_shuffle,20260618T112729_476125,of:0000000000000004:2 -> of:0000000000000009:2,0.002,0.0025,0.002,0.002,1.96,2026-06-18T11:27:29,0.002,2.1
ip_shuffle,20260618T112729_476125,of:0000000000000005:2 -> of:0000000000000009:3,0.002,0.0025,0.002,0.002,2.03,2026-06-18T11:27:29,0.002,2.1
ip_shuffle,20260618T112729_476125,of:000000000000000b:3 -> of:000000000000000d:2,0.002,0.0025,0.002,0.002,2.13,2026-06-18T11:27:29,0.002,2.13
ip_shuffle,20260618T112729_476125,of:0000000000000004:1 -> of:000000000000000c:4,0.002,0.0025,0.002,0.002,2.4,2026-06-18T11:27:29,0.002,2.56
ip_shuffle,20260618T112729_476125,of:000000000000000c:3 -> of:000000000000000d:3,0.002,0.0025,0.002,0.002,2.13,2026-06-18T11:27:29,0.002,2.13
ip_shuffle,20260618T112729_476125,of:0000000000000001:1 -> of:000000000000000b:1,0.002,0.0025,0.002,0.002,1.9,2026-06-18T11:27:29,0.002,1.93
ip_shuffle,20260618T112729_476125,of:0000000000000006:1 -> of:000000000000000d:4,0.002,0.0025,0.002,0.002,2.76,2026-06-18T11:27:29,0.002,2.8
ip_shuffle,20260618T112729_476125,of:0000000000000002:1 -> of:000000000000000b:4,0.002,0.0025,0.002,0.002,1.6,2026-06-18T11:27:29,0.002,1.73
ip_shuffle,20260618T112729_476125,of:0000000000000001:3 -> of:000000000000000d:1,0.003,0.00375,0.003,0.002,2.73,2026-06-18T11:27:29,0.003,2.86
ip_shuffle,20260618T112729_476125,of:0000000000000006:2 -> of:000000000000000a:2,0.002,0.0025,0.002,0.002,2.1,2026-06-18T11:27:29,0.002,2.1
ip_shuffle,20260618T112729_476125,of:0000000000000003:1 -> of:000000000000000b:5,0.002,0.0025,0.002,0.002,1.83,2026-06-18T11:27:29,0.002,1.96
ip_shuffle,20260618T112729_476125,of:0000000000000007:1 -> of:000000000000000d:5,0.002,0.0025,0.002,0.002,1.83,2026-06-18T11:27:29,0.002,1.83
ip_shuffle,20260618T112729_476125,of:0000000000000007:2 -> of:000000000000000a:3,0.002,0.0025,0.002,0.002,2.13,2026-06-18T11:27:29,0.002,2.16
ip_shuffle,20260618T112729_476125,of:0000000000000002:2 -> of:0000000000000008:2,0.002,0.0025,0.002,0.002,1.96,2026-06-18T11:27:29,0.002,2.1
ip_shuffle,20260618T112729_476125,of:0000000000000008:1 -> of:000000000000000b:6,0.002,0.0025,0.002,0.002,1.76,2026-06-18T11:27:29,0.002,1.76
ip_shuffle,20260618T112729_476125,of:0000000000000009:1 -> of:000000000000000c:6,0.002,0.0025,0.002,0.002,1.73,2026-06-18T11:27:29,0.002,1.73
ip_shuffle,20260618T112729_476125,of:0000000000000001:2 -> of:000000000000000c:1,0.003,0.00375,0.003,0.003,3.26,2026-06-18T11:27:29,0.003,3.26
ip_shuffle,20260618T112729_476125,of:0000000000000003:2 -> of:0000000000000008:3,0.002,0.0025,0.002,0.002,1.96,2026-06-18T11:27:29,0.002,2.1
route_mutation,20260618T112841_102445,of:0000000000000005:1 -> of:000000000000000c:5,0.002,0.0025,0.002,0.002,1.53,2026-06-18T11:28:41,0.001,1.4
route_mutation,20260618T112841_102445,of:000000000000000a:1 -> of:000000000000000d:6,0.001,0.00125,0.001,0.001,1.46,2026-06-18T11:28:41,0.001,1.46
route_mutation,20260618T112841_102445,of:000000000000000b:2 -> of:000000000000000c:2,0.001,0.00125,0.001,0.001,1.6,2026-06-18T11:28:41,0.001,1.6
route_mutation,20260618T112841_102445,of:0000000000000004:2 -> of:0000000000000009:2,0.002,0.0025,0.002,0.002,1.73,2026-06-18T11:28:41,0.002,1.66
route_mutation,20260618T112841_102445,of:0000000000000005:2 -> of:0000000000000009:3,0.002,0.0025,0.002,0.002,1.73,2026-06-18T11:28:41,0.002,1.66
route_mutation,20260618T112841_102445,of:000000000000000b:3 -> of:000000000000000d:2,0.001,0.00125,0.001,0.001,1.6,2026-06-18T11:28:41,0.001,1.6
route_mutation,20260618T112841_102445,of:0000000000000004:1 -> of:000000000000000c:4,0.002,0.0025,0.002,0.002,1.53,2026-06-18T11:28:41,0.001,1.4
route_mutation,20260618T112841_102445,of:000000000000000c:3 -> of:000000000000000d:3,0.001,0.00125,0.001,0.001,1.6,2026-06-18T11:28:41,0.001,1.6
route_mutation,20260618T112841_102445,of:0000000000000001:1 -> of:000000000000000b:1,0.003,0.00375,0.003,0.003,2.96,2026-06-18T11:28:41,0.003,2.83
route_mutation,20260618T112841_102445,of:0000000000000006:1 -> of:000000000000000d:4,0.002,0.0025,0.002,0.002,1.53,2026-06-18T11:28:41,0.001,1.46
route_mutation,20260618T112841_102445,of:0000000000000002:1 -> of:000000000000000b:4,0.002,0.0025,0.002,0.002,2.56,2026-06-18T11:28:41,0.002,2.43
route_mutation,20260618T112841_102445,of:0000000000000001:3 -> of:000000000000000d:1,0.002,0.0025,0.002,0.002,1.56,2026-06-18T11:28:41,0.001,1.43
route_mutation,20260618T112841_102445,of:0000000000000006:2 -> of:000000000000000a:2,0.002,0.0025,0.002,0.002,1.66,2026-06-18T11:28:41,0.002,1.73
route_mutation,20260618T112841_102445,of:0000000000000003:1 -> of:000000000000000b:5,0.002,0.0025,0.002,0.002,1.93,2026-06-18T11:28:41,0.002,1.8
route_mutation,20260618T112841_102445,of:0000000000000007:1 -> of:000000000000000d:5,0.002,0.0025,0.002,0.002,1.53,2026-06-18T11:28:41,0.001,1.4
route_mutation,20260618T112841_102445,of:0000000000000007:2 -> of:000000000000000a:3,0.002,0.0025,0.002,0.002,1.66,2026-06-18T11:28:41,0.002,1.66
route_mutation,20260618T112841_102445,of:0000000000000002:2 -> of:0000000000000008:2,0.002,0.0025,0.002,0.002,1.73,2026-06-18T11:28:41,0.002,1.66
route_mutation,20260618T112841_102445,of:0000000000000008:1 -> of:000000000000000b:6,0.001,0.00125,0.001,0.001,1.46,2026-06-18T11:28:41,0.001,1.46
route_mutation,20260618T112841_102445,of:0000000000000009:1 -> of:000000000000000c:6,0.001,0.00125,0.001,0.001,1.46,2026-06-18T11:28:41,0.001,1.46
route_mutation,20260618T112841_102445,of:0000000000000001:2 -> of:000000000000000c:1,0.002,0.0025,0.002,0.002,1.53,2026-06-18T11:28:41,0.001,1.4
route_mutation,20260618T112841_102445,of:0000000000000003:2 -> of:0000000000000008:3,0.002,0.0025,0.002,0.002,1.73,2026-06-18T11:28:41,0.002,1.66
route_mutation,20260618T112911_370696,of:0000000000000005:1 -> of:000000000000000c:5,0.002,0.0025,0.002,0.002,2.16,2026-06-18T11:29:11,0.002,2.23
route_mutation,20260618T112911_370696,of:000000000000000a:1 -> of:000000000000000d:6,0.002,0.0025,0.002,0.002,1.43,2026-06-18T11:29:11,0.002,1.43
route_mutation,20260618T112911_370696,of:000000000000000b:2 -> of:000000000000000c:2,0.002,0.0025,0.002,0.002,1.53,2026-06-18T11:29:11,0.002,1.53
route_mutation,20260618T112911_370696,of:0000000000000004:2 -> of:0000000000000009:2,0.002,0.0025,0.002,0.001,1.4,2026-06-18T11:29:11,0.002,1.53
route_mutation,20260618T112911_370696,of:0000000000000005:2 -> of:0000000000000009:3,0.002,0.0025,0.002,0.001,1.46,2026-06-18T11:29:11,0.002,1.53
route_mutation,20260618T112911_370696,of:000000000000000b:3 -> of:000000000000000d:2,0.002,0.0025,0.002,0.002,1.53,2026-06-18T11:29:11,0.002,1.53
route_mutation,20260618T112911_370696,of:0000000000000004:1 -> of:000000000000000c:4,0.002,0.0025,0.002,0.002,2.1,2026-06-18T11:29:11,0.002,2.23
route_mutation,20260618T112911_370696,of:000000000000000c:3 -> of:000000000000000d:3,0.002,0.0025,0.002,0.002,1.53,2026-06-18T11:29:11,0.002,1.53
route_mutation,20260618T112911_370696,of:0000000000000001:1 -> of:000000000000000b:1,0.002,0.0025,0.002,0.002,1.96,2026-06-18T11:29:11,0.002,2.0
route_mutation,20260618T112911_370696,of:0000000000000006:1 -> of:000000000000000d:4,0.002,0.0025,0.002,0.002,1.76,2026-06-18T11:29:11,0.002,1.8
route_mutation,20260618T112911_370696,of:0000000000000002:1 -> of:000000000000000b:4,0.002,0.0025,0.002,0.001,1.36,2026-06-18T11:29:11,0.002,1.43
route_mutation,20260618T112911_370696,of:0000000000000001:3 -> of:000000000000000d:1,0.002,0.0025,0.002,0.002,1.7,2026-06-18T11:29:11,0.002,1.83
route_mutation,20260618T112911_370696,of:0000000000000006:2 -> of:000000000000000a:2,0.002,0.0025,0.002,0.002,1.53,2026-06-18T11:29:11,0.002,1.53
route_mutation,20260618T112911_370696,of:0000000000000003:1 -> of:000000000000000b:5,0.002,0.0025,0.002,0.002,1.96,2026-06-18T11:29:11,0.002,2.03
route_mutation,20260618T112911_370696,of:0000000000000007:1 -> of:000000000000000d:5,0.002,0.0025,0.002,0.001,1.36,2026-06-18T11:29:11,0.002,1.43
route_mutation,20260618T112911_370696,of:0000000000000007:2 -> of:000000000000000a:3,0.002,0.0025,0.002,0.002,1.53,2026-06-18T11:29:11,0.002,1.53
route_mutation,20260618T112911_370696,of:0000000000000002:2 -> of:0000000000000008:2,0.002,0.0025,0.002,0.001,1.4,2026-06-18T11:29:11,0.002,1.53
route_mutation,20260618T112911_370696,of:0000000000000008:1 -> of:000000000000000b:6,0.002,0.0025,0.002,0.002,1.43,2026-06-18T11:29:11,0.002,1.43
route_mutation,20260618T112911_370696,of:0000000000000009:1 -> of:000000000000000c:6,0.002,0.0025,0.002,0.002,1.43,2026-06-18T11:29:11,0.002,1.43
route_mutation,20260618T112911_370696,of:0000000000000001:2 -> of:000000000000000c:1,0.003,0.00375,0.003,0.003,2.96,2026-06-18T11:29:11,0.003,2.99
route_mutation,20260618T112911_370696,of:0000000000000003:2 -> of:0000000000000008:3,0.002,0.0025,0.002,0.001,1.4,2026-06-18T11:29:11,0.002,1.53
route_mutation,20260618T112941_701325,of:0000000000000005:1 -> of:000000000000000c:5,0.002,0.0025,0.002,0.002,1.76,2026-06-18T11:29:41,0.002,1.83
route_mutation,20260618T112941_701325,of:000000000000000a:1 -> of:000000000000000d:6,0.002,0.0025,0.002,0.002,1.83,2026-06-18T11:29:41,0.002,1.83
route_mutation,20260618T112941_701325,of:000000000000000b:2 -> of:000000000000000c:2,0.002,0.0025,0.002,0.002,2.33,2026-06-18T11:29:41,0.002,2.33
route_mutation,20260618T112941_701325,of:0000000000000004:2 -> of:0000000000000009:2,0.002,0.0025,0.002,0.002,2.33,2026-06-18T11:29:41,0.002,2.26
route_mutation,20260618T112941_701325,of:0000000000000005:2 -> of:0000000000000009:3,0.002,0.0025,0.002,0.002,2.26,2026-06-18T11:29:41,0.002,2.26
route_mutation,20260618T112941_701325,of:000000000000000b:3 -> of:000000000000000d:2,0.002,0.0025,0.002,0.002,2.33,2026-06-18T11:29:41,0.002,2.33
route_mutation,20260618T112941_701325,of:0000000000000004:1 -> of:000000000000000c:4,0.002,0.0025,0.002,0.002,1.83,2026-06-18T11:29:41,0.002,1.83
route_mutation,20260618T112941_701325,of:000000000000000c:3 -> of:000000000000000d:3,0.002,0.0025,0.002,0.002,2.33,2026-06-18T11:29:41,0.002,2.33
route_mutation,20260618T112941_701325,of:0000000000000001:1 -> of:000000000000000b:1,0.002,0.0025,0.002,0.002,1.76,2026-06-18T11:29:41,0.002,1.86
route_mutation,20260618T112941_701325,of:0000000000000006:1 -> of:000000000000000d:4,0.002,0.0025,0.002,0.002,2.43,2026-06-18T11:29:41,0.002,2.46
route_mutation,20260618T112941_701325,of:0000000000000002:1 -> of:000000000000000b:4,0.002,0.0025,0.002,0.002,1.76,2026-06-18T11:29:41,0.002,1.83
route_mutation,20260618T112941_701325,of:0000000000000001:3 -> of:000000000000000d:1,0.003,0.00375,0.003,0.003,3.26,2026-06-18T11:29:41,0.003,3.26
route_mutation,20260618T112941_701325,of:0000000000000006:2 -> of:000000000000000a:2,0.002,0.0025,0.002,0.002,2.26,2026-06-18T11:29:41,0.002,2.26
route_mutation,20260618T112941_701325,of:0000000000000003:1 -> of:000000000000000b:5,0.002,0.0025,0.002,0.002,1.76,2026-06-18T11:29:41,0.002,1.83
route_mutation,20260618T112941_701325,of:0000000000000007:1 -> of:000000000000000d:5,0.002,0.0025,0.002,0.002,2.56,2026-06-18T11:29:41,0.002,2.63
route_mutation,20260618T112941_701325,of:0000000000000007:2 -> of:000000000000000a:3,0.002,0.0025,0.002,0.002,2.26,2026-06-18T11:29:41,0.002,2.33
route_mutation,20260618T112941_701325,of:0000000000000002:2 -> of:0000000000000008:2,0.002,0.0025,0.002,0.002,2.33,2026-06-18T11:29:41,0.002,2.26
route_mutation,20260618T112941_701325,of:0000000000000008:1 -> of:000000000000000b:6,0.002,0.0025,0.002,0.002,1.76,2026-06-18T11:29:41,0.002,1.76
route_mutation,20260618T112941_701325,of:0000000000000009:1 -> of:000000000000000c:6,0.002,0.0025,0.002,0.002,1.76,2026-06-18T11:29:41,0.002,1.76
route_mutation,20260618T112941_701325,of:0000000000000001:2 -> of:000000000000000c:1,0.002,0.0025,0.002,0.002,1.76,2026-06-18T11:29:41,0.002,1.86
route_mutation,20260618T112941_701325,of:0000000000000003:2 -> of:0000000000000008:3,0.002,0.0025,0.002,0.002,2.33,2026-06-18T11:29:41,0.002,2.26
ip_shuffle,20260618T113011_968226,of:0000000000000005:1 -> of:000000000000000c:5,0.002,0.0025,0.002,0.002,1.43,2026-06-18T11:30:11,0.001,1.3
ip_shuffle,20260618T113011_968226,of:000000000000000a:1 -> of:000000000000000d:6,0.001,0.00125,0.001,0.001,1.3,2026-06-18T11:30:11,0.001,1.3
ip_shuffle,20260618T113011_968226,of:000000000000000b:2 -> of:000000000000000c:2,0.001,0.00125,0.001,0.001,1.4,2026-06-18T11:30:11,0.001,1.4
ip_shuffle,20260618T113011_968226,of:0000000000000004:2 -> of:0000000000000009:2,0.002,0.0025,0.002,0.002,1.53,2026-06-18T11:30:11,0.001,1.46
ip_shuffle,20260618T113011_968226,of:0000000000000005:2 -> of:0000000000000009:3,0.002,0.0025,0.002,0.002,1.53,2026-06-18T11:30:11,0.001,1.46
ip_shuffle,20260618T113011_968226,of:000000000000000b:3 -> of:000000000000000d:2,0.001,0.00125,0.001,0.001,1.4,2026-06-18T11:30:11,0.001,1.4
ip_shuffle,20260618T113011_968226,of:0000000000000004:1 -> of:000000000000000c:4,0.002,0.0025,0.002,0.002,1.43,2026-06-18T11:30:11,0.001,1.3
ip_shuffle,20260618T113011_968226,of:000000000000000c:3 -> of:000000000000000d:3,0.001,0.00125,0.001,0.001,1.4,2026-06-18T11:30:11,0.001,1.4
ip_shuffle,20260618T113011_968226,of:0000000000000001:1 -> of:000000000000000b:1,0.002,0.0025,0.002,0.002,1.43,2026-06-18T11:30:11,0.001,1.3
ip_shuffle,20260618T113011_968226,of:0000000000000006:1 -> of:000000000000000d:4,0.002,0.0025,0.002,0.002,1.43,2026-06-18T11:30:11,0.001,1.37
ip_shuffle,20260618T113011_968226,of:0000000000000002:1 -> of:000000000000000b:4,0.002,0.0025,0.002,0.002,1.43,2026-06-18T11:30:11,0.001,1.3
ip_shuffle,20260618T113011_968226,of:0000000000000001:3 -> of:000000000000000d:1,0.002,0.0025,0.002,0.002,1.83,2026-06-18T11:30:11,0.002,1.7
ip_shuffle,20260618T113011_968226,of:0000000000000006:2 -> of:000000000000000a:2,0.001,0.00125,0.001,0.001,1.46,2026-06-18T11:30:11,0.001,1.46
ip_shuffle,20260618T113011_968226,of:0000000000000003:1 -> of:000000000000000b:5,0.002,0.0025,0.002,0.002,1.43,2026-06-18T11:30:11,0.001,1.3
ip_shuffle,20260618T113011_968226,of:0000000000000007:1 -> of:000000000000000d:5,0.002,0.0025,0.002,0.002,1.8,2026-06-18T11:30:11,0.002,1.66
ip_shuffle,20260618T113011_968226,of:0000000000000007:2 -> of:000000000000000a:3,0.001,0.00125,0.001,0.001,1.46,2026-06-18T11:30:11,0.001,1.4
ip_shuffle,20260618T113011_968226,of:0000000000000002:2 -> of:0000000000000008:2,0.002,0.0025,0.002,0.002,1.53,2026-06-18T11:30:11,0.001,1.46
ip_shuffle,20260618T113011_968226,of:0000000000000008:1 -> of:000000000000000b:6,0.001,0.00125,0.001,0.001,1.37,2026-06-18T11:30:11,0.001,1.37
ip_shuffle,20260618T113011_968226,of:0000000000000009:1 -> of:000000000000000c:6,0.001,0.00125,0.001,0.001,1.37,2026-06-18T11:30:11,0.001,1.37
ip_shuffle,20260618T113011_968226,of:0000000000000001:2 -> of:000000000000000c:1,0.002,0.0025,0.002,0.002,1.43,2026-06-18T11:30:11,0.001,1.3
ip_shuffle,20260618T113011_968226,of:0000000000000003:2 -> of:0000000000000008:3,0.002,0.0025,0.002,0.002,1.53,2026-06-18T11:30:11,0.001,1.46
ip_shuffle,20260618T113109_570171,of:0000000000000005:1 -> of:000000000000000c:5,0.002,0.0025,0.002,0.002,2.56,2026-06-18T11:31:09,0.002,2.63
ip_shuffle,20260618T113109_570171,of:000000000000000a:1 -> of:000000000000000d:6,0.002,0.0025,0.002,0.002,1.83,2026-06-18T11:31:09,0.002,1.83
ip_shuffle,20260618T113109_570171,of:000000000000000b:2 -> of:000000000000000c:2,0.002,0.0025,0.002,0.002,2.33,2026-06-18T11:31:09,0.002,2.33
ip_shuffle,20260618T113109_570171,of:0000000000000004:2 -> of:0000000000000009:2,0.002,0.0025,0.002,0.002,2.23,2026-06-18T11:31:09,0.002,2.3
ip_shuffle,20260618T113109_570171,of:0000000000000005:2 -> of:0000000000000009:3,0.002,0.0025,0.002,0.002,2.26,2026-06-18T11:31:09,0.002,2.33
ip_shuffle,20260618T113109_570171,of:000000000000000b:3 -> of:000000000000000d:2,0.002,0.0025,0.002,0.002,2.33,2026-06-18T11:31:09,0.002,2.33
ip_shuffle,20260618T113109_570171,of:0000000000000004:1 -> of:000000000000000c:4,0.002,0.0025,0.002,0.002,2.26,2026-06-18T11:31:09,0.002,2.36
ip_shuffle,20260618T113109_570171,of:000000000000000c:3 -> of:000000000000000d:3,0.002,0.0025,0.002,0.002,2.33,2026-06-18T11:31:09,0.002,2.33
ip_shuffle,20260618T113109_570171,of:0000000000000001:1 -> of:000000000000000b:1,0.002,0.0025,0.002,0.002,1.76,2026-06-18T11:31:09,0.002,1.8
ip_shuffle,20260618T113109_570171,of:0000000000000006:1 -> of:000000000000000d:4,0.002,0.0025,0.002,0.002,2.86,2026-06-18T11:31:09,0.002,2.93
ip_shuffle,20260618T113109_570171,of:0000000000000002:1 -> of:000000000000000b:4,0.002,0.0025,0.002,0.002,1.73,2026-06-18T11:31:09,0.002,1.83
ip_shuffle,20260618T113109_570171,of:0000000000000001:3 -> of:000000000000000d:1,0.003,0.00375,0.003,0.003,3.16,2026-06-18T11:31:09,0.003,3.33
ip_shuffle,20260618T113109_570171,of:0000000000000006:2 -> of:000000000000000a:2,0.002,0.0025,0.002,0.002,2.26,2026-06-18T11:31:09,0.002,2.33
ip_shuffle,20260618T113109_570171,of:0000000000000003:1 -> of:000000000000000b:5,0.002,0.0025,0.002,0.002,1.73,2026-06-18T11:31:09,0.002,1.83
ip_shuffle,20260618T113109_570171,of:0000000000000007:1 -> of:000000000000000d:5,0.002,0.0025,0.002,0.002,2.16,2026-06-18T11:31:09,0.002,2.16
ip_shuffle,20260618T113109_570171,of:0000000000000007:2 -> of:000000000000000a:3,0.002,0.0025,0.002,0.002,2.26,2026-06-18T11:31:09,0.002,2.33
ip_shuffle,20260618T113109_570171,of:0000000000000002:2 -> of:0000000000000008:2,0.002,0.0025,0.002,0.002,2.23,2026-06-18T11:31:09,0.002,2.23
ip_shuffle,20260618T113109_570171,of:0000000000000008:1 -> of:000000000000000b:6,0.002,0.0025,0.002,0.002,1.76,2026-06-18T11:31:09,0.002,1.76
ip_shuffle,20260618T113109_570171,of:0000000000000009:1 -> of:000000000000000c:6,0.002,0.0025,0.002,0.002,1.83,2026-06-18T11:31:09,0.002,1.83
ip_shuffle,20260618T113109_570171,of:0000000000000001:2 -> of:000000000000000c:1,0.003,0.00375,0.003,0.003,3.16,2026-06-18T11:31:09,0.003,3.2
ip_shuffle,20260618T113109_570171,of:0000000000000003:2 -> of:0000000000000008:3,0.002,0.0025,0.002,0.002,2.3,2026-06-18T11:31:09,0.002,2.23
route_mutation,20260618T113207_246191,of:0000000000000005:1 -> of:000000000000000c:5,0.002,0.0025,0.002,0.001,1.46,2026-06-18T11:32:07,0.002,1.53
route_mutation,20260618T113207_246191,of:000000000000000a:1 -> of:000000000000000d:6,0.002,0.0025,0.002,0.002,1.53,2026-06-18T11:32:07,0.002,1.53
route_mutation,20260618T113207_246191,of:000000000000000b:2 -> of:000000000000000c:2,0.002,0.0025,0.002,0.002,1.73,2026-06-18T11:32:07,0.002,1.73
route_mutation,20260618T113207_246191,of:0000000000000004:2 -> of:0000000000000009:2,0.002,0.0025,0.002,0.002,1.66,2026-06-18T11:32:07,0.002,1.73
route_mutation,20260618T113207_246191,of:0000000000000005:2 -> of:0000000000000009:3,0.002,0.0025,0.002,0.002,1.66,2026-06-18T11:32:07,0.002,1.73
route_mutation,20260618T113207_246191,of:000000000000000b:3 -> of:000000000000000d:2,0.002,0.0025,0.002,0.002,1.76,2026-06-18T11:32:07,0.002,1.76
route_mutation,20260618T113207_246191,of:0000000000000004:1 -> of:000000000000000c:4,0.002,0.0025,0.002,0.002,1.59,2026-06-18T11:32:07,0.002,1.66
route_mutation,20260618T113207_246191,of:000000000000000c:3 -> of:000000000000000d:3,0.002,0.0025,0.002,0.002,1.73,2026-06-18T11:32:07,0.002,1.73
route_mutation,20260618T113207_246191,of:0000000000000001:1 -> of:000000000000000b:1,0.003,0.00375,0.003,0.003,3.49,2026-06-18T11:32:07,0.003,3.55
route_mutation,20260618T113207_246191,of:0000000000000006:1 -> of:000000000000000d:4,0.002,0.0025,0.002,0.001,1.49,2026-06-18T11:32:07,0.002,1.56
route_mutation,20260618T113207_246191,of:0000000000000002:1 -> of:000000000000000b:4,0.002,0.0025,0.002,0.002,2.49,2026-06-18T11:32:07,0.002,2.56
route_mutation,20260618T113207_246191,of:0000000000000001:3 -> of:000000000000000d:1,0.002,0.0025,0.002,0.001,1.46,2026-06-18T11:32:07,0.002,1.53
route_mutation,20260618T113207_246191,of:0000000000000006:2 -> of:000000000000000a:2,0.002,0.0025,0.002,0.002,1.79,2026-06-18T11:32:07,0.002,1.79
route_mutation,20260618T113207_246191,of:0000000000000003:1 -> of:000000000000000b:5,0.002,0.0025,0.002,0.002,2.49,2026-06-18T11:32:07,0.002,2.56
route_mutation,20260618T113207_246191,of:0000000000000007:1 -> of:000000000000000d:5,0.002,0.0025,0.002,0.001,1.46,2026-06-18T11:32:07,0.002,1.53
route_mutation,20260618T113207_246191,of:0000000000000007:2 -> of:000000000000000a:3,0.002,0.0025,0.002,0.002,1.73,2026-06-18T11:32:07,0.002,1.73
route_mutation,20260618T113207_246191,of:0000000000000002:2 -> of:0000000000000008:2,0.002,0.0025,0.002,0.002,1.66,2026-06-18T11:32:07,0.002,1.73
route_mutation,20260618T113207_246191,of:0000000000000008:1 -> of:000000000000000b:6,0.002,0.0025,0.002,0.002,1.53,2026-06-18T11:32:07,0.002,1.53
route_mutation,20260618T113207_246191,of:0000000000000009:1 -> of:000000000000000c:6,0.002,0.0025,0.002,0.002,1.53,2026-06-18T11:32:07,0.002,1.53
route_mutation,20260618T113207_246191,of:0000000000000001:2 -> of:000000000000000c:1,0.002,0.0025,0.002,0.002,1.56,2026-06-18T11:32:07,0.002,1.63
route_mutation,20260618T113207_246191,of:0000000000000003:2 -> of:0000000000000008:3,0.002,0.0025,0.002,0.001,1.59,2026-06-18T11:32:07,0.002,1.73
ip_shuffle,20260618T113237_478534,of:0000000000000005:1 -> of:000000000000000c:5,0.002,0.0025,0.002,0.002,2.5,2026-06-18T11:32:37,0.002,2.63
ip_shuffle,20260618T113237_478534,of:000000000000000a:1 -> of:000000000000000d:6,0.002,0.0025,0.002,0.002,1.8,2026-06-18T11:32:37,0.002,1.83
ip_shuffle,20260618T113237_478534,of:000000000000000b:2 -> of:000000000000000c:2,0.002,0.0025,0.002,0.002,2.3,2026-06-18T11:32:37,0.002,2.3
ip_shuffle,20260618T113237_478534,of:0000000000000004:2 -> of:0000000000000009:2,0.002,0.0025,0.002,0.002,2.16,2026-06-18T11:32:37,0.002,2.23
ip_shuffle,20260618T113237_478534,of:0000000000000005:2 -> of:0000000000000009:3,0.002,0.0025,0.002,0.002,2.16,2026-06-18T11:32:37,0.002,2.23
ip_shuffle,20260618T113237_478534,of:000000000000000b:3 -> of:000000000000000d:2,0.002,0.0025,0.002,0.002,2.3,2026-06-18T11:32:37,0.002,2.3
ip_shuffle,20260618T113237_478534,of:0000000000000004:1 -> of:000000000000000c:4,0.002,0.0025,0.002,0.002,2.36,2026-06-18T11:32:37,0.002,2.5
ip_shuffle,20260618T113237_478534,of:000000000000000c:3 -> of:000000000000000d:3,0.002,0.0025,0.002,0.002,2.33,2026-06-18T11:32:37,0.002,2.33
ip_shuffle,20260618T113237_478534,of:0000000000000001:1 -> of:000000000000000b:1,0.002,0.0025,0.002,0.002,1.76,2026-06-18T11:32:37,0.002,1.8
ip_shuffle,20260618T113237_478534,of:0000000000000006:1 -> of:000000000000000d:4,0.002,0.0025,0.002,0.002,2.83,2026-06-18T11:32:37,0.002,2.93
ip_shuffle,20260618T113237_478534,of:0000000000000002:1 -> of:000000000000000b:4,0.002,0.0025,0.002,0.002,1.7,2026-06-18T11:32:37,0.002,1.8
ip_shuffle,20260618T113237_478534,of:0000000000000001:3 -> of:000000000000000d:1,0.003,0.00375,0.003,0.003,3.03,2026-06-18T11:32:37,0.003,3.16
ip_shuffle,20260618T113237_478534,of:0000000000000006:2 -> of:000000000000000a:2,0.002,0.0025,0.002,0.002,2.2,2026-06-18T11:32:37,0.002,2.26
ip_shuffle,20260618T113237_478534,of:0000000000000003:1 -> of:000000000000000b:5,0.002,0.0025,0.002,0.002,1.7,2026-06-18T11:32:37,0.002,1.8
ip_shuffle,20260618T113237_478534,of:0000000000000007:1 -> of:000000000000000d:5,0.002,0.0025,0.002,0.002,2.03,2026-06-18T11:32:37,0.002,2.06
ip_shuffle,20260618T113237_478534,of:0000000000000007:2 -> of:000000000000000a:3,0.002,0.0025,0.002,0.002,2.2,2026-06-18T11:32:37,0.002,2.26
ip_shuffle,20260618T113237_478534,of:0000000000000002:2 -> of:0000000000000008:2,0.002,0.0025,0.002,0.002,2.16,2026-06-18T11:32:37,0.002,2.16
ip_shuffle,20260618T113237_478534,of:0000000000000008:1 -> of:000000000000000b:6,0.002,0.0025,0.002,0.002,1.73,2026-06-18T11:32:37,0.002,1.73
ip_shuffle,20260618T113237_478534,of:0000000000000009:1 -> of:000000000000000c:6,0.002,0.0025,0.002,0.002,1.8,2026-06-18T11:32:37,0.002,1.83
ip_shuffle,20260618T113237_478534,of:0000000000000001:2 -> of:000000000000000c:1,0.003,0.00375,0.003,0.003,3.26,2026-06-18T11:32:37,0.003,3.26
ip_shuffle,20260618T113237_478534,of:0000000000000003:2 -> of:0000000000000008:3,0.002,0.0025,0.002,0.002,2.23,2026-06-18T11:32:37,0.002,2.16
route_mutation,20260618T113335_091317,of:0000000000000005:1 -> of:000000000000000c:5,0.002,0.0025,0.002,0.002,1.53,2026-06-18T11:33:35,0.002,1.53
route_mutation,20260618T113335_091317,of:000000000000000a:1 -> of:000000000000000d:6,0.002,0.0025,0.002,0.002,1.53,2026-06-18T11:33:35,0.002,1.53
route_mutation,20260618T113335_091317,of:000000000000000b:2 -> of:000000000000000c:2,0.002,0.0025,0.002,0.002,1.73,2026-06-18T11:33:35,0.002,1.73
route_mutation,20260618T113335_091317,of:0000000000000004:2 -> of:0000000000000009:2,0.002,0.0025,0.002,0.002,1.66,2026-06-18T11:33:35,0.002,1.73
route_mutation,20260618T113335_091317,of:0000000000000005:2 -> of:0000000000000009:3,0.002,0.0025,0.002,0.002,1.66,2026-06-18T11:33:35,0.002,1.73
route_mutation,20260618T113335_091317,of:000000000000000b:3 -> of:000000000000000d:2,0.002,0.0025,0.002,0.002,1.73,2026-06-18T11:33:35,0.002,1.73
route_mutation,20260618T113335_091317,of:0000000000000004:1 -> of:000000000000000c:4,0.002,0.0025,0.002,0.002,1.56,2026-06-18T11:33:35,0.002,1.56
route_mutation,20260618T113335_091317,of:000000000000000c:3 -> of:000000000000000d:3,0.002,0.0025,0.002,0.002,1.73,2026-06-18T11:33:35,0.002,1.73
route_mutation,20260618T113335_091317,of:0000000000000001:1 -> of:000000000000000b:1,0.003,0.00375,0.003,0.003,3.43,2026-06-18T11:33:35,0.003,3.46
route_mutation,20260618T113335_091317,of:0000000000000006:1 -> of:000000000000000d:4,0.002,0.0025,0.002,0.001,1.46,2026-06-18T11:33:35,0.002,1.53
route_mutation,20260618T113335_091317,of:0000000000000002:1 -> of:000000000000000b:4,0.002,0.0025,0.002,0.002,2.5,2026-06-18T11:33:35,0.002,2.56
route_mutation,20260618T113335_091317,of:0000000000000001:3 -> of:000000000000000d:1,0.002,0.0025,0.002,0.001,1.46,2026-06-18T11:33:35,0.002,1.53
route_mutation,20260618T113335_091317,of:0000000000000006:2 -> of:000000000000000a:2,0.002,0.0025,0.002,0.002,1.73,2026-06-18T11:33:35,0.002,1.73
route_mutation,20260618T113335_091317,of:0000000000000003:1 -> of:000000000000000b:5,0.002,0.0025,0.002,0.002,2.46,2026-06-18T11:33:35,0.002,2.53
route_mutation,20260618T113335_091317,of:0000000000000007:1 -> of:000000000000000d:5,0.002,0.0025,0.002,0.001,1.46,2026-06-18T11:33:35,0.002,1.53
route_mutation,20260618T113335_091317,of:0000000000000007:2 -> of:000000000000000a:3,0.002,0.0025,0.002,0.002,1.73,2026-06-18T11:33:35,0.002,1.73
route_mutation,20260618T113335_091317,of:0000000000000002:2 -> of:0000000000000008:2,0.002,0.0025,0.002,0.002,1.66,2026-06-18T11:33:35,0.002,1.73
route_mutation,20260618T113335_091317,of:0000000000000008:1 -> of:000000000000000b:6,0.002,0.0025,0.002,0.002,1.53,2026-06-18T11:33:35,0.002,1.53
route_mutation,20260618T113335_091317,of:0000000000000009:1 -> of:000000000000000c:6,0.002,0.0025,0.002,0.002,1.53,2026-06-18T11:33:35,0.002,1.53
route_mutation,20260618T113335_091317,of:0000000000000001:2 -> of:000000000000000c:1,0.002,0.0025,0.002,0.002,1.5,2026-06-18T11:33:35,0.002,1.56
route_mutation,20260618T113335_091317,of:0000000000000003:2 -> of:0000000000000008:3,0.002,0.0025,0.002,0.001,1.6,2026-06-18T11:33:35,0.002,1.73
ip_shuffle,20260618T113405_339431,of:0000000000000005:1 -> of:000000000000000c:5,0.002,0.0025,0.002,0.002,2.4,2026-06-18T11:34:05,0.002,2.6
ip_shuffle,20260618T113405_339431,of:000000000000000a:1 -> of:000000000000000d:6,0.002,0.0025,0.002,0.002,1.76,2026-06-18T11:34:05,0.002,1.8
ip_shuffle,20260618T113405_339431,of:000000000000000b:2 -> of:000000000000000c:2,0.002,0.0025,0.002,0.002,2.23,2026-06-18T11:34:05,0.002,2.23
ip_shuffle,20260618T113405_339431,of:0000000000000004:2 -> of:0000000000000009:2,0.002,0.0025,0.002,0.002,2.1,2026-06-18T11:34:05,0.002,2.16
ip_shuffle,20260618T113405_339431,of:0000000000000005:2 -> of:0000000000000009:3,0.002,0.0025,0.002,0.002,2.1,2026-06-18T11:34:05,0.002,2.16
ip_shuffle,20260618T113405_339431,of:000000000000000b:3 -> of:000000000000000d:2,0.002,0.0025,0.002,0.002,2.23,2026-06-18T11:34:05,0.002,2.23
ip_shuffle,20260618T113405_339431,of:0000000000000004:1 -> of:000000000000000c:4,0.002,0.0025,0.002,0.002,2.36,2026-06-18T11:34:05,0.002,2.56
ip_shuffle,20260618T113405_339431,of:000000000000000c:3 -> of:000000000000000d:3,0.002,0.0025,0.002,0.002,2.26,2026-06-18T11:34:05,0.002,2.26
ip_shuffle,20260618T113405_339431,of:0000000000000001:1 -> of:000000000000000b:1,0.002,0.0025,0.002,0.002,1.8,2026-06-18T11:34:05,0.002,1.86
ip_shuffle,20260618T113405_339431,of:0000000000000006:1 -> of:000000000000000d:4,0.002,0.0025,0.002,0.002,2.8,2026-06-18T11:34:05,0.002,2.9
ip_shuffle,20260618T113405_339431,of:0000000000000002:1 -> of:000000000000000b:4,0.002,0.0025,0.002,0.002,1.66,2026-06-18T11:34:05,0.002,1.76
ip_shuffle,20260618T113405_339431,of:0000000000000001:3 -> of:000000000000000d:1,0.003,0.00375,0.003,0.003,2.9,2026-06-18T11:34:05,0.003,3.06
ip_shuffle,20260618T113405_339431,of:0000000000000006:2 -> of:000000000000000a:2,0.002,0.0025,0.002,0.002,2.13,2026-06-18T11:34:05,0.002,2.2
ip_shuffle,20260618T113405_339431,of:0000000000000003:1 -> of:000000000000000b:5,0.002,0.0025,0.002,0.002,1.7,2026-06-18T11:34:05,0.002,1.8
ip_shuffle,20260618T113405_339431,of:0000000000000007:1 -> of:000000000000000d:5,0.002,0.0025,0.002,0.002,1.96,2026-06-18T11:34:05,0.002,2.0
ip_shuffle,20260618T113405_339431,of:0000000000000007:2 -> of:000000000000000a:3,0.002,0.0025,0.002,0.002,2.13,2026-06-18T11:34:05,0.002,2.2
ip_shuffle,20260618T113405_339431,of:0000000000000002:2 -> of:0000000000000008:2,0.002,0.0025,0.002,0.002,2.1,2026-06-18T11:34:05,0.002,2.16
ip_shuffle,20260618T113405_339431,of:0000000000000008:1 -> of:000000000000000b:6,0.002,0.0025,0.002,0.002,1.76,2026-06-18T11:34:05,0.002,1.76
ip_shuffle,20260618T113405_339431,of:0000000000000009:1 -> of:000000000000000c:6,0.002,0.0025,0.002,0.002,1.76,2026-06-18T11:34:05,0.002,1.8
ip_shuffle,20260618T113405_339431,of:0000000000000001:2 -> of:000000000000000c:1,0.003,0.00375,0.003,0.003,3.3,2026-06-18T11:34:05,0.003,3.3
ip_shuffle,20260618T113405_339431,of:0000000000000003:2 -> of:0000000000000008:3,0.002,0.0025,0.002,0.002,2.16,2026-06-18T11:34:05,0.002,2.16
route_mutation,20260618T113503_185234,of:0000000000000005:1 -> of:000000000000000c:5,0.002,0.0025,0.002,0.002,1.43,2026-06-18T11:35:03,0.002,1.43
route_mutation,20260618T113503_185234,of:000000000000000a:1 -> of:000000000000000d:6,0.002,0.0025,0.002,0.002,1.43,2026-06-18T11:35:03,0.002,1.43
route_mutation,20260618T113503_185234,of:000000000000000b:2 -> of:000000000000000c:2,0.002,0.0025,0.002,0.002,1.53,2026-06-18T11:35:03,0.002,1.53
route_mutation,20260618T113503_185234,of:0000000000000004:2 -> of:0000000000000009:2,0.002,0.0025,0.002,0.001,1.46,2026-06-18T11:35:03,0.002,1.53
route_mutation,20260618T113503_185234,of:0000000000000005:2 -> of:0000000000000009:3,0.002,0.0025,0.002,0.001,1.46,2026-06-18T11:35:03,0.002,1.53
route_mutation,20260618T113503_185234,of:000000000000000b:3 -> of:000000000000000d:2,0.002,0.0025,0.002,0.002,1.66,2026-06-18T11:35:03,0.002,1.66
route_mutation,20260618T113503_185234,of:0000000000000004:1 -> of:000000000000000c:4,0.002,0.0025,0.002,0.002,1.56,2026-06-18T11:35:03,0.002,1.56
route_mutation,20260618T113503_185234,of:000000000000000c:3 -> of:000000000000000d:3,0.002,0.0025,0.002,0.002,1.53,2026-06-18T11:35:03,0.002,1.53
route_mutation,20260618T113503_185234,of:0000000000000001:1 -> of:000000000000000b:1,0.003,0.00375,0.003,0.003,3.33,2026-06-18T11:35:03,0.003,3.4
route_mutation,20260618T113503_185234,of:0000000000000006:1 -> of:000000000000000d:4,0.002,0.0025,0.002,0.001,1.37,2026-06-18T11:35:03,0.002,1.43
route_mutation,20260618T113503_185234,of:0000000000000002:1 -> of:000000000000000b:4,0.002,0.0025,0.002,0.002,2.46,2026-06-18T11:35:03,0.002,2.53
route_mutation,20260618T113503_185234,of:0000000000000001:3 -> of:000000000000000d:1,0.002,0.0025,0.002,0.001,1.43,2026-06-18T11:35:03,0.002,1.5
route_mutation,20260618T113503_185234,of:0000000000000006:2 -> of:000000000000000a:2,0.002,0.0025,0.002,0.002,1.53,2026-06-18T11:35:03,0.002,1.53
route_mutation,20260618T113503_185234,of:0000000000000003:1 -> of:000000000000000b:5,0.002,0.0025,0.002,0.002,2.36,2026-06-18T11:35:03,0.002,2.43
route_mutation,20260618T113503_185234,of:0000000000000007:1 -> of:000000000000000d:5,0.002,0.0025,0.002,0.002,1.56,2026-06-18T11:35:03,0.002,1.63
route_mutation,20260618T113503_185234,of:0000000000000007:2 -> of:000000000000000a:3,0.002,0.0025,0.002,0.002,1.53,2026-06-18T11:35:03,0.002,1.53
route_mutation,20260618T113503_185234,of:0000000000000002:2 -> of:0000000000000008:2,0.002,0.0025,0.002,0.001,1.46,2026-06-18T11:35:03,0.002,1.53
route_mutation,20260618T113503_185234,of:0000000000000008:1 -> of:000000000000000b:6,0.002,0.0025,0.002,0.002,1.43,2026-06-18T11:35:03,0.002,1.43
route_mutation,20260618T113503_185234,of:0000000000000009:1 -> of:000000000000000c:6,0.002,0.0025,0.002,0.002,1.43,2026-06-18T11:35:03,0.002,1.43
route_mutation,20260618T113503_185234,of:0000000000000001:2 -> of:000000000000000c:1,0.002,0.0025,0.002,0.002,1.46,2026-06-18T11:35:03,0.002,1.53
route_mutation,20260618T113503_185234,of:0000000000000003:2 -> of:0000000000000008:3,0.002,0.0025,0.002,0.001,1.46,2026-06-18T11:35:03,0.002,1.53
ip_shuffle,20260618T113533_419662,of:0000000000000005:1 -> of:000000000000000c:5,0.002,0.0025,0.002,0.002,2.43,2026-06-18T11:35:33,0.002,2.6
ip_shuffle,20260618T113533_419662,of:000000000000000a:1 -> of:000000000000000d:6,0.002,0.0025,0.002,0.002,1.8,2026-06-18T11:35:33,0.002,1.8
ip_shuffle,20260618T113533_419662,of:000000000000000b:2 -> of:000000000000000c:2,0.002,0.0025,0.002,0.002,2.26,2026-06-18T11:35:33,0.002,2.26
ip_shuffle,20260618T113533_419662,of:0000000000000004:2 -> of:0000000000000009:2,0.002,0.0025,0.002,0.002,2.16,2026-06-18T11:35:33,0.002,2.23
ip_shuffle,20260618T113533_419662,of:0000000000000005:2 -> of:0000000000000009:3,0.002,0.0025,0.002,0.002,2.16,2026-06-18T11:35:33,0.002,2.23
ip_shuffle,20260618T113533_419662,of:000000000000000b:3 -> of:000000000000000d:2,0.002,0.0025,0.002,0.002,2.26,2026-06-18T11:35:33,0.002,2.26
ip_shuffle,20260618T113533_419662,of:0000000000000004:1 -> of:000000000000000c:4,0.002,0.0025,0.002,0.002,2.3,2026-06-18T11:35:33,0.002,2.46
ip_shuffle,20260618T113533_419662,of:000000000000000c:3 -> of:000000000000000d:3,0.002,0.0025,0.002,0.002,2.26,2026-06-18T11:35:33,0.002,2.26
ip_shuffle,20260618T113533_419662,of:0000000000000001:1 -> of:000000000000000b:1,0.002,0.0025,0.002,0.002,1.76,2026-06-18T11:35:33,0.002,1.76
ip_shuffle,20260618T113533_419662,of:0000000000000006:1 -> of:000000000000000d:4,0.002,0.0025,0.002,0.002,2.8,2026-06-18T11:35:33,0.002,2.9
ip_shuffle,20260618T113533_419662,of:0000000000000002:1 -> of:000000000000000b:4,0.002,0.0025,0.002,0.002,1.66,2026-06-18T11:35:33,0.002,1.8
ip_shuffle,20260618T113533_419662,of:0000000000000001:3 -> of:000000000000000d:1,0.003,0.00375,0.003,0.003,2.9,2026-06-18T11:35:33,0.003,3.06
ip_shuffle,20260618T113533_419662,of:0000000000000006:2 -> of:000000000000000a:2,0.002,0.0025,0.002,0.002,2.16,2026-06-18T11:35:33,0.002,2.23
ip_shuffle,20260618T113533_419662,of:0000000000000003:1 -> of:000000000000000b:5,0.002,0.0025,0.002,0.002,1.73,2026-06-18T11:35:33,0.002,1.83
ip_shuffle,20260618T113533_419662,of:0000000000000007:1 -> of:000000000000000d:5,0.002,0.0025,0.002,0.002,1.96,2026-06-18T11:35:33,0.002,2.0
ip_shuffle,20260618T113533_419662,of:0000000000000007:2 -> of:000000000000000a:3,0.002,0.0025,0.002,0.002,2.16,2026-06-18T11:35:33,0.002,2.23
ip_shuffle,20260618T113533_419662,of:0000000000000002:2 -> of:0000000000000008:2,0.002,0.0025,0.002,0.002,2.13,2026-06-18T11:35:33,0.002,2.2
ip_shuffle,20260618T113533_419662,of:0000000000000008:1 -> of:000000000000000b:6,0.002,0.0025,0.002,0.002,1.8,2026-06-18T11:35:33,0.002,1.8
ip_shuffle,20260618T113533_419662,of:0000000000000009:1 -> of:000000000000000c:6,0.002,0.0025,0.002,0.002,1.8,2026-06-18T11:35:33,0.002,1.8
ip_shuffle,20260618T113533_419662,of:0000000000000001:2 -> of:000000000000000c:1,0.003,0.00375,0.003,0.003,3.23,2026-06-18T11:35:33,0.003,3.23
ip_shuffle,20260618T113533_419662,of:0000000000000003:2 -> of:0000000000000008:3,0.002,0.0025,0.002,0.002,2.16,2026-06-18T11:35:33,0.002,2.23
ip_shuffle,20260618T113631_081635,of:0000000000000005:1 -> of:000000000000000c:5,0.002,0.0025,0.002,0.002,1.46,2026-06-18T11:36:31,0.001,1.4
ip_shuffle,20260618T113631_081635,of:000000000000000a:1 -> of:000000000000000d:6,0.002,0.0025,0.002,0.002,1.46,2026-06-18T11:36:31,0.002,1.46
ip_shuffle,20260618T113631_081635,of:000000000000000b:2 -> of:000000000000000c:2,0.002,0.0025,0.002,0.002,1.63,2026-06-18T11:36:31,0.002,1.63
ip_shuffle,20260618T113631_081635,of:0000000000000004:2 -> of:0000000000000009:2,0.002,0.0025,0.002,0.001,1.53,2026-06-18T11:36:31,0.002,1.6
ip_shuffle,20260618T113631_081635,of:0000000000000005:2 -> of:0000000000000009:3,0.002,0.0025,0.002,0.002,1.56,2026-06-18T11:36:31,0.002,1.56
ip_shuffle,20260618T113631_081635,of:000000000000000b:3 -> of:000000000000000d:2,0.002,0.0025,0.002,0.002,1.7,2026-06-18T11:36:31,0.002,1.7
ip_shuffle,20260618T113631_081635,of:0000000000000004:1 -> of:000000000000000c:4,0.002,0.0025,0.002,0.002,1.6,2026-06-18T11:36:31,0.002,1.63
ip_shuffle,20260618T113631_081635,of:000000000000000c:3 -> of:000000000000000d:3,0.002,0.0025,0.002,0.002,1.6,2026-06-18T11:36:31,0.002,1.6
ip_shuffle,20260618T113631_081635,of:0000000000000001:1 -> of:000000000000000b:1,0.003,0.00375,0.003,0.003,3.43,2026-06-18T11:36:31,0.003,3.49
ip_shuffle,20260618T113631_081635,of:0000000000000006:1 -> of:000000000000000d:4,0.002,0.0025,0.002,0.001,1.4,2026-06-18T11:36:31,0.002,1.46
ip_shuffle,20260618T113631_081635,of:0000000000000002:1 -> of:000000000000000b:4,0.002,0.0025,0.002,0.002,2.5,2026-06-18T11:36:31,0.002,2.56
ip_shuffle,20260618T113631_081635,of:0000000000000001:3 -> of:000000000000000d:1,0.002,0.0025,0.002,0.002,1.5,2026-06-18T11:36:31,0.002,1.56
ip_shuffle,20260618T113631_081635,of:0000000000000006:2 -> of:000000000000000a:2,0.002,0.0025,0.002,0.002,1.6,2026-06-18T11:36:31,0.002,1.6
ip_shuffle,20260618T113631_081635,of:0000000000000003:1 -> of:000000000000000b:5,0.002,0.0025,0.002,0.002,2.5,2026-06-18T11:36:31,0.002,2.5
ip_shuffle,20260618T113631_081635,of:0000000000000007:1 -> of:000000000000000d:5,0.002,0.0025,0.002,0.002,1.63,2026-06-18T11:36:31,0.002,1.7
ip_shuffle,20260618T113631_081635,of:0000000000000007:2 -> of:000000000000000a:3,0.002,0.0025,0.002,0.002,1.6,2026-06-18T11:36:31,0.002,1.6
ip_shuffle,20260618T113631_081635,of:0000000000000002:2 -> of:0000000000000008:2,0.002,0.0025,0.002,0.001,1.53,2026-06-18T11:36:31,0.002,1.6
ip_shuffle,20260618T113631_081635,of:0000000000000008:1 -> of:000000000000000b:6,0.002,0.0025,0.002,0.002,1.46,2026-06-18T11:36:31,0.002,1.46
ip_shuffle,20260618T113631_081635,of:0000000000000009:1 -> of:000000000000000c:6,0.002,0.0025,0.002,0.002,1.5,2026-06-18T11:36:31,0.002,1.5
ip_shuffle,20260618T113631_081635,of:0000000000000001:2 -> of:000000000000000c:1,0.002,0.0025,0.002,0.002,1.56,2026-06-18T11:36:31,0.002,1.6
ip_shuffle,20260618T113631_081635,of:0000000000000003:2 -> of:0000000000000008:3,0.002,0.0025,0.002,0.002,1.6,2026-06-18T11:36:31,0.002,1.6
route_mutation,20260618T113728_587648,of:0000000000000005:1 -> of:000000000000000c:5,0.002,0.0025,0.002,0.002,1.56,2026-06-18T11:37:28,0.001,1.46
route_mutation,20260618T113728_587648,of:000000000000000a:1 -> of:000000000000000d:6,0.001,0.00125,0.001,0.001,1.4,2026-06-18T11:37:28,0.001,1.4
route_mutation,20260618T113728_587648,of:000000000000000b:2 -> of:000000000000000c:2,0.001,0.00125,0.001,0.001,1.6,2026-06-18T11:37:28,0.001,1.6
route_mutation,20260618T113728_587648,of:0000000000000004:2 -> of:0000000000000009:2,0.002,0.0025,0.002,0.002,1.8,2026-06-18T11:37:28,0.001,1.66
route_mutation,20260618T113728_587648,of:0000000000000005:2 -> of:0000000000000009:3,0.002,0.0025,0.002,0.002,1.8,2026-06-18T11:37:28,0.002,1.73
route_mutation,20260618T113728_587648,of:000000000000000b:3 -> of:000000000000000d:2,0.001,0.00125,0.001,0.001,1.6,2026-06-18T11:37:28,0.001,1.6
route_mutation,20260618T113728_587648,of:0000000000000004:1 -> of:000000000000000c:4,0.002,0.0025,0.002,0.002,1.56,2026-06-18T11:37:28,0.001,1.4
route_mutation,20260618T113728_587648,of:000000000000000c:3 -> of:000000000000000d:3,0.001,0.00125,0.001,0.001,1.6,2026-06-18T11:37:28,0.001,1.6
route_mutation,20260618T113728_587648,of:0000000000000001:1 -> of:000000000000000b:1,0.002,0.0025,0.002,0.002,1.53,2026-06-18T11:37:28,0.001,1.46
route_mutation,20260618T113728_587648,of:0000000000000006:1 -> of:000000000000000d:4,0.002,0.0025,0.002,0.002,1.56,2026-06-18T11:37:28,0.001,1.4
route_mutation,20260618T113728_587648,of:0000000000000002:1 -> of:000000000000000b:4,0.002,0.0025,0.002,0.002,1.6,2026-06-18T11:37:28,0.001,1.46
route_mutation,20260618T113728_587648,of:0000000000000001:3 -> of:000000000000000d:1,0.002,0.0025,0.002,0.002,2.5,2026-06-18T11:37:28,0.002,2.36
route_mutation,20260618T113728_587648,of:0000000000000006:2 -> of:000000000000000a:2,0.002,0.0025,0.002,0.002,1.76,2026-06-18T11:37:28,0.001,1.63
route_mutation,20260618T113728_587648,of:0000000000000003:1 -> of:000000000000000b:5,0.002,0.0025,0.002,0.002,1.6,2026-06-18T11:37:28,0.001,1.46
route_mutation,20260618T113728_587648,of:0000000000000007:1 -> of:000000000000000d:5,0.002,0.0025,0.002,0.002,2.46,2026-06-18T11:37:28,0.002,2.36
route_mutation,20260618T113728_587648,of:0000000000000007:2 -> of:000000000000000a:3,0.002,0.0025,0.002,0.002,1.76,2026-06-18T11:37:28,0.001,1.63
route_mutation,20260618T113728_587648,of:0000000000000002:2 -> of:0000000000000008:2,0.002,0.0025,0.002,0.002,1.83,2026-06-18T11:37:28,0.002,1.76
route_mutation,20260618T113728_587648,of:0000000000000008:1 -> of:000000000000000b:6,0.001,0.00125,0.001,0.001,1.43,2026-06-18T11:37:28,0.001,1.4
route_mutation,20260618T113728_587648,of:0000000000000009:1 -> of:000000000000000c:6,0.001,0.00125,0.001,0.001,1.4,2026-06-18T11:37:28,0.001,1.4
route_mutation,20260618T113728_587648,of:0000000000000001:2 -> of:000000000000000c:1,0.002,0.0025,0.002,0.002,1.53,2026-06-18T11:37:28,0.001,1.46
route_mutation,20260618T113728_587648,of:0000000000000003:2 -> of:0000000000000008:3,0.002,0.0025,0.002,0.002,1.83,2026-06-18T11:37:28,0.002,1.76
ip_shuffle,20260618T113758_836182,of:0000000000000005:1 -> of:000000000000000c:5,0.002,0.0025,0.002,0.002,1.43,2026-06-18T11:37:58,0.001,1.37
ip_shuffle,20260618T113758_836182,of:000000000000000a:1 -> of:000000000000000d:6,0.002,0.0025,0.002,0.002,1.43,2026-06-18T11:37:58,0.002,1.43
ip_shuffle,20260618T113758_836182,of:000000000000000b:2 -> of:000000000000000c:2,0.002,0.0025,0.002,0.002,1.53,2026-06-18T11:37:58,0.002,1.53
ip_shuffle,20260618T113758_836182,of:0000000000000004:2 -> of:0000000000000009:2,0.002,0.0025,0.002,0.001,1.47,2026-06-18T11:37:58,0.002,1.53
ip_shuffle,20260618T113758_836182,of:0000000000000005:2 -> of:0000000000000009:3,0.001,0.00125,0.001,0.001,1.47,2026-06-18T11:37:58,0.001,1.47
ip_shuffle,20260618T113758_836182,of:000000000000000b:3 -> of:000000000000000d:2,0.002,0.0025,0.002,0.002,1.66,2026-06-18T11:37:58,0.002,1.66
ip_shuffle,20260618T113758_836182,of:0000000000000004:1 -> of:000000000000000c:4,0.002,0.0025,0.002,0.002,1.7,2026-06-18T11:37:58,0.002,1.7
ip_shuffle,20260618T113758_836182,of:000000000000000c:3 -> of:000000000000000d:3,0.002,0.0025,0.002,0.002,1.53,2026-06-18T11:37:58,0.002,1.53
ip_shuffle,20260618T113758_836182,of:0000000000000001:1 -> of:000000000000000b:1,0.003,0.00375,0.003,0.003,3.36,2026-06-18T11:37:58,0.003,3.43
ip_shuffle,20260618T113758_836182,of:0000000000000006:1 -> of:000000000000000d:4,0.002,0.0025,0.002,0.001,1.37,2026-06-18T11:37:58,0.002,1.43
ip_shuffle,20260618T113758_836182,of:0000000000000002:1 -> of:000000000000000b:4,0.002,0.0025,0.002,0.002,2.46,2026-06-18T11:37:58,0.002,2.46
ip_shuffle,20260618T113758_836182,of:0000000000000001:3 -> of:000000000000000d:1,0.002,0.0025,0.002,0.001,1.43,2026-06-18T11:37:58,0.002,1.5
ip_shuffle,20260618T113758_836182,of:0000000000000006:2 -> of:000000000000000a:2,0.002,0.0025,0.002,0.001,1.47,2026-06-18T11:37:58,0.002,1.53
ip_shuffle,20260618T113758_836182,of:0000000000000003:1 -> of:000000000000000b:5,0.002,0.0025,0.002,0.002,2.46,2026-06-18T11:37:58,0.002,2.4
ip_shuffle,20260618T113758_836182,of:0000000000000007:1 -> of:000000000000000d:5,0.002,0.0025,0.002,0.002,1.56,2026-06-18T11:37:58,0.002,1.63
ip_shuffle,20260618T113758_836182,of:0000000000000007:2 -> of:000000000000000a:3,0.002,0.0025,0.002,0.001,1.47,2026-06-18T11:37:58,0.002,1.53
ip_shuffle,20260618T113758_836182,of:0000000000000002:2 -> of:0000000000000008:2,0.001,0.00125,0.001,0.001,1.47,2026-06-18T11:37:58,0.001,1.47
ip_shuffle,20260618T113758_836182,of:0000000000000008:1 -> of:000000000000000b:6,0.002,0.0025,0.002,0.002,1.43,2026-06-18T11:37:58,0.002,1.43
ip_shuffle,20260618T113758_836182,of:0000000000000009:1 -> of:000000000000000c:6,0.002,0.0025,0.002,0.002,1.43,2026-06-18T11:37:58,0.002,1.43
ip_shuffle,20260618T113758_836182,of:0000000000000001:2 -> of:000000000000000c:1,0.002,0.0025,0.002,0.002,1.56,2026-06-18T11:37:58,0.002,1.63
ip_shuffle,20260618T113758_836182,of:0000000000000003:2 -> of:0000000000000008:3,0.002,0.0025,0.002,0.002,1.53,2026-06-18T11:37:58,0.001,1.47
route_mutation,20260618T113856_416670,of:0000000000000005:1 -> of:000000000000000c:5,0.002,0.0025,0.002,0.002,1.57,2026-06-18T11:38:56,0.001,1.47
route_mutation,20260618T113856_416670,of:000000000000000a:1 -> of:000000000000000d:6,0.001,0.00125,0.001,0.001,1.47,2026-06-18T11:38:56,0.001,1.47
route_mutation,20260618T113856_416670,of:000000000000000b:2 -> of:000000000000000c:2,0.001,0.00125,0.001,0.001,1.6,2026-06-18T11:38:56,0.001,1.6
route_mutation,20260618T113856_416670,of:0000000000000004:2 -> of:0000000000000009:2,0.002,0.0025,0.002,0.002,1.76,2026-06-18T11:38:56,0.001,1.63
route_mutation,20260618T113856_416670,of:0000000000000005:2 -> of:0000000000000009:3,0.002,0.0025,0.002,0.002,1.76,2026-06-18T11:38:56,0.002,1.7
route_mutation,20260618T113856_416670,of:000000000000000b:3 -> of:000000000000000d:2,0.002,0.0025,0.002,0.002,1.67,2026-06-18T11:38:56,0.002,1.67
route_mutation,20260618T113856_416670,of:0000000000000004:1 -> of:000000000000000c:4,0.002,0.0025,0.002,0.002,1.57,2026-06-18T11:38:56,0.001,1.4
route_mutation,20260618T113856_416670,of:000000000000000c:3 -> of:000000000000000d:3,0.002,0.0025,0.002,0.002,1.67,2026-06-18T11:38:56,0.002,1.67
route_mutation,20260618T113856_416670,of:0000000000000001:1 -> of:000000000000000b:1,0.002,0.0025,0.002,0.002,1.53,2026-06-18T11:38:56,0.002,1.53
route_mutation,20260618T113856_416670,of:0000000000000006:1 -> of:000000000000000d:4,0.002,0.0025,0.002,0.002,1.57,2026-06-18T11:38:56,0.001,1.47
route_mutation,20260618T113856_416670,of:0000000000000002:1 -> of:000000000000000b:4,0.002,0.0025,0.002,0.002,1.6,2026-06-18T11:38:56,0.001,1.47
route_mutation,20260618T113856_416670,of:0000000000000001:3 -> of:000000000000000d:1,0.002,0.0025,0.002,0.002,2.5,2026-06-18T11:38:56,0.002,2.5
route_mutation,20260618T113856_416670,of:0000000000000006:2 -> of:000000000000000a:2,0.002,0.0025,0.002,0.002,1.76,2026-06-18T11:38:56,0.001,1.63
route_mutation,20260618T113856_416670,of:0000000000000003:1 -> of:000000000000000b:5,0.002,0.0025,0.002,0.002,1.6,2026-06-18T11:38:56,0.001,1.47
route_mutation,20260618T113856_416670,of:0000000000000007:1 -> of:000000000000000d:5,0.002,0.0025,0.002,0.002,2.4,2026-06-18T11:38:56,0.002,2.43
route_mutation,20260618T113856_416670,of:0000000000000007:2 -> of:000000000000000a:3,0.002,0.0025,0.002,0.002,1.7,2026-06-18T11:38:56,0.001,1.63
route_mutation,20260618T113856_416670,of:0000000000000002:2 -> of:0000000000000008:2,0.002,0.0025,0.002,0.002,1.8,2026-06-18T11:38:56,0.002,1.73
route_mutation,20260618T113856_416670,of:0000000000000008:1 -> of:000000000000000b:6,0.001,0.00125,0.001,0.001,1.4,2026-06-18T11:38:56,0.001,1.4
route_mutation,20260618T113856_416670,of:0000000000000009:1 -> of:000000000000000c:6,0.001,0.00125,0.001,0.001,1.4,2026-06-18T11:38:56,0.001,1.4
route_mutation,20260618T113856_416670,of:0000000000000001:2 -> of:000000000000000c:1,0.002,0.0025,0.002,0.002,1.53,2026-06-18T11:38:56,0.002,1.53
route_mutation,20260618T113856_416670,of:0000000000000003:2 -> of:0000000000000008:3,0.002,0.0025,0.002,0.002,1.8,2026-06-18T11:38:56,0.002,1.73
ip_shuffle,20260618T113926_647157,of:0000000000000005:1 -> of:000000000000000c:5,0.002,0.0025,0.002,0.002,1.43,2026-06-18T11:39:26,0.001,1.36
ip_shuffle,20260618T113926_647157,of:000000000000000a:1 -> of:000000000000000d:6,0.001,0.00125,0.001,0.001,1.36,2026-06-18T11:39:26,0.001,1.36
ip_shuffle,20260618T113926_647157,of:000000000000000b:2 -> of:000000000000000c:2,0.002,0.0025,0.002,0.002,1.53,2026-06-18T11:39:26,0.002,1.53
ip_shuffle,20260618T113926_647157,of:0000000000000004:2 -> of:0000000000000009:2,0.002,0.0025,0.002,0.001,1.46,2026-06-18T11:39:26,0.002,1.53
ip_shuffle,20260618T113926_647157,of:0000000000000005:2 -> of:0000000000000009:3,0.001,0.00125,0.001,0.001,1.46,2026-06-18T11:39:26,0.001,1.46
ip_shuffle,20260618T113926_647157,of:000000000000000b:3 -> of:000000000000000d:2,0.002,0.0025,0.002,0.002,1.6,2026-06-18T11:39:26,0.002,1.6
ip_shuffle,20260618T113926_647157,of:0000000000000004:1 -> of:000000000000000c:4,0.002,0.0025,0.002,0.002,1.7,2026-06-18T11:39:26,0.002,1.7
ip_shuffle,20260618T113926_647157,of:000000000000000c:3 -> of:000000000000000d:3,0.001,0.00125,0.001,0.001,1.46,2026-06-18T11:39:26,0.001,1.46
ip_shuffle,20260618T113926_647157,of:0000000000000001:1 -> of:000000000000000b:1,0.003,0.00375,0.003,0.003,3.36,2026-06-18T11:39:26,0.003,3.36
ip_shuffle,20260618T113926_647157,of:0000000000000006:1 -> of:000000000000000d:4,0.001,0.00125,0.001,0.001,1.36,2026-06-18T11:39:26,0.001,1.36
ip_shuffle,20260618T113926_647157,of:0000000000000002:1 -> of:000000000000000b:4,0.002,0.0025,0.002,0.002,2.53,2026-06-18T11:39:26,0.002,2.46
ip_shuffle,20260618T113926_647157,of:0000000000000001:3 -> of:000000000000000d:1,0.001,0.00125,0.001,0.001,1.43,2026-06-18T11:39:26,0.001,1.36
ip_shuffle,20260618T113926_647157,of:0000000000000006:2 -> of:000000000000000a:2,0.002,0.0025,0.002,0.001,1.46,2026-06-18T11:39:26,0.002,1.53
ip_shuffle,20260618T113926_647157,of:0000000000000003:1 -> of:000000000000000b:5,0.002,0.0025,0.002,0.002,2.46,2026-06-18T11:39:26,0.002,2.4
ip_shuffle,20260618T113926_647157,of:0000000000000007:1 -> of:000000000000000d:5,0.002,0.0025,0.002,0.002,1.56,2026-06-18T11:39:26,0.002,1.56
ip_shuffle,20260618T113926_647157,of:0000000000000007:2 -> of:000000000000000a:3,0.002,0.0025,0.002,0.001,1.46,2026-06-18T11:39:26,0.002,1.53
ip_shuffle,20260618T113926_647157,of:0000000000000002:2 -> of:0000000000000008:2,0.002,0.0025,0.002,0.002,1.53,2026-06-18T11:39:26,0.001,1.46
ip_shuffle,20260618T113926_647157,of:0000000000000008:1 -> of:000000000000000b:6,0.002,0.0025,0.002,0.002,1.43,2026-06-18T11:39:26,0.002,1.43
ip_shuffle,20260618T113926_647157,of:0000000000000009:1 -> of:000000000000000c:6,0.002,0.0025,0.002,0.002,1.43,2026-06-18T11:39:26,0.002,1.43
ip_shuffle,20260618T113926_647157,of:0000000000000001:2 -> of:000000000000000c:1,0.002,0.0025,0.002,0.002,1.6,2026-06-18T11:39:26,0.002,1.6
ip_shuffle,20260618T113926_647157,of:0000000000000003:2 -> of:0000000000000008:3,0.002,0.0025,0.002,0.002,1.53,2026-06-18T11:39:26,0.001,1.46
route_mutation,20260618T114024_177212,of:0000000000000005:1 -> of:000000000000000c:5,0.002,0.0025,0.002,0.002,1.53,2026-06-18T11:40:24,0.001,1.47
route_mutation,20260618T114024_177212,of:000000000000000a:1 -> of:000000000000000d:6,0.001,0.00125,0.001,0.001,1.47,2026-06-18T11:40:24,0.001,1.47
route_mutation,20260618T114024_177212,of:000000000000000b:2 -> of:000000000000000c:2,0.001,0.00125,0.001,0.001,1.6,2026-06-18T11:40:24,0.001,1.6
route_mutation,20260618T114024_177212,of:0000000000000004:2 -> of:0000000000000009:2,0.002,0.0025,0.002,0.002,1.8,2026-06-18T11:40:24,0.002,1.73
route_mutation,20260618T114024_177212,of:0000000000000005:2 -> of:0000000000000009:3,0.002,0.0025,0.002,0.002,1.73,2026-06-18T11:40:24,0.002,1.66
route_mutation,20260618T114024_177212,of:000000000000000b:3 -> of:000000000000000d:2,0.002,0.0025,0.002,0.002,1.66,2026-06-18T11:40:24,0.002,1.66
route_mutation,20260618T114024_177212,of:0000000000000004:1 -> of:000000000000000c:4,0.002,0.0025,0.002,0.002,1.6,2026-06-18T11:40:24,0.001,1.5
route_mutation,20260618T114024_177212,of:000000000000000c:3 -> of:000000000000000d:3,0.002,0.0025,0.002,0.002,1.66,2026-06-18T11:40:24,0.002,1.66
route_mutation,20260618T114024_177212,of:0000000000000001:1 -> of:000000000000000b:1,0.002,0.0025,0.002,0.002,1.53,2026-06-18T11:40:24,0.001,1.5
route_mutation,20260618T114024_177212,of:0000000000000006:1 -> of:000000000000000d:4,0.002,0.0025,0.002,0.002,1.53,2026-06-18T11:40:24,0.001,1.47
route_mutation,20260618T114024_177212,of:0000000000000002:1 -> of:000000000000000b:4,0.002,0.0025,0.002,0.002,1.57,2026-06-18T11:40:24,0.001,1.47
route_mutation,20260618T114024_177212,of:0000000000000001:3 -> of:000000000000000d:1,0.002,0.0025,0.002,0.002,2.36,2026-06-18T11:40:24,0.002,2.33
route_mutation,20260618T114024_177212,of:0000000000000006:2 -> of:000000000000000a:2,0.002,0.0025,0.002,0.002,1.73,2026-06-18T11:40:24,0.001,1.6
route_mutation,20260618T114024_177212,of:0000000000000003:1 -> of:000000000000000b:5,0.002,0.0025,0.002,0.002,1.57,2026-06-18T11:40:24,0.001,1.47
route_mutation,20260618T114024_177212,of:0000000000000007:1 -> of:000000000000000d:5,0.002,0.0025,0.002,0.002,2.26,2026-06-18T11:40:24,0.002,2.33
route_mutation,20260618T114024_177212,of:0000000000000007:2 -> of:000000000000000a:3,0.002,0.0025,0.002,0.002,1.66,2026-06-18T11:40:24,0.001,1.6
route_mutation,20260618T114024_177212,of:0000000000000002:2 -> of:0000000000000008:2,0.002,0.0025,0.002,0.002,1.76,2026-06-18T11:40:24,0.002,1.7
route_mutation,20260618T114024_177212,of:0000000000000008:1 -> of:000000000000000b:6,0.001,0.00125,0.001,0.001,1.43,2026-06-18T11:40:24,0.001,1.43
route_mutation,20260618T114024_177212,of:0000000000000009:1 -> of:000000000000000c:6,0.001,0.00125,0.001,0.001,1.4,2026-06-18T11:40:24,0.001,1.4
route_mutation,20260618T114024_177212,of:0000000000000001:2 -> of:000000000000000c:1,0.001,0.00125,0.001,0.001,1.47,2026-06-18T11:40:24,0.001,1.5
route_mutation,20260618T114024_177212,of:0000000000000003:2 -> of:0000000000000008:3,0.002,0.0025,0.002,0.002,1.8,2026-06-18T11:40:24,0.002,1.73
route_mutation,20260618T114054_448356,of:0000000000000005:1 -> of:000000000000000c:5,0.002,0.0025,0.002,0.002,1.43,2026-06-18T11:40:54,0.001,1.36
route_mutation,20260618T114054_448356,of:000000000000000a:1 -> of:000000000000000d:6,0.001,0.00125,0.001,0.001,1.36,2026-06-18T11:40:54,0.001,1.36
route_mutation,20260618T114054_448356,of:000000000000000b:2 -> of:000000000000000c:2,0.002,0.0025,0.002,0.002,1.53,2026-06-18T11:40:54,0.002,1.53
route_mutation,20260618T114054_448356,of:0000000000000004:2 -> of:0000000000000009:2,0.002,0.0025,0.002,0.002,1.53,2026-06-18T11:40:54,0.001,1.46
route_mutation,20260618T114054_448356,of:0000000000000005:2 -> of:0000000000000009:3,0.002,0.0025,0.002,0.002,1.53,2026-06-18T11:40:54,0.001,1.46
route_mutation,20260618T114054_448356,of:000000000000000b:3 -> of:000000000000000d:2,0.002,0.0025,0.002,0.002,1.6,2026-06-18T11:40:54,0.002,1.6
route_mutation,20260618T114054_448356,of:0000000000000004:1 -> of:000000000000000c:4,0.002,0.0025,0.002,0.002,1.8,2026-06-18T11:40:54,0.002,1.73
route_mutation,20260618T114054_448356,of:000000000000000c:3 -> of:000000000000000d:3,0.001,0.00125,0.001,0.001,1.46,2026-06-18T11:40:54,0.001,1.46
route_mutation,20260618T114054_448356,of:0000000000000001:1 -> of:000000000000000b:1,0.003,0.00375,0.003,0.003,3.43,2026-06-18T11:40:54,0.003,3.36
route_mutation,20260618T114054_448356,of:0000000000000006:1 -> of:000000000000000d:4,0.001,0.00125,0.001,0.001,1.36,2026-06-18T11:40:54,0.001,1.36
route_mutation,20260618T114054_448356,of:0000000000000002:1 -> of:000000000000000b:4,0.002,0.0025,0.002,0.002,2.53,2026-06-18T11:40:54,0.002,2.46
route_mutation,20260618T114054_448356,of:0000000000000001:3 -> of:000000000000000d:1,0.002,0.0025,0.002,0.002,1.56,2026-06-18T11:40:54,0.001,1.43
route_mutation,20260618T114054_448356,of:0000000000000006:2 -> of:000000000000000a:2,0.002,0.0025,0.002,0.001,1.46,2026-06-18T11:40:54,0.002,1.53
route_mutation,20260618T114054_448356,of:0000000000000003:1 -> of:000000000000000b:5,0.002,0.0025,0.002,0.002,2.46,2026-06-18T11:40:54,0.002,2.4
route_mutation,20260618T114054_448356,of:0000000000000007:1 -> of:000000000000000d:5,0.002,0.0025,0.002,0.002,1.63,2026-06-18T11:40:54,0.002,1.63
route_mutation,20260618T114054_448356,of:0000000000000007:2 -> of:000000000000000a:3,0.002,0.0025,0.002,0.001,1.46,2026-06-18T11:40:54,0.002,1.53
route_mutation,20260618T114054_448356,of:0000000000000002:2 -> of:0000000000000008:2,0.002,0.0025,0.002,0.002,1.53,2026-06-18T11:40:54,0.001,1.46
route_mutation,20260618T114054_448356,of:0000000000000008:1 -> of:000000000000000b:6,0.002,0.0025,0.002,0.002,1.43,2026-06-18T11:40:54,0.002,1.43
route_mutation,20260618T114054_448356,of:0000000000000009:1 -> of:000000000000000c:6,0.002,0.0025,0.002,0.002,1.43,2026-06-18T11:40:54,0.002,1.43
route_mutation,20260618T114054_448356,of:0000000000000001:2 -> of:000000000000000c:1,0.002,0.0025,0.002,0.002,1.76,2026-06-18T11:40:54,0.002,1.7
route_mutation,20260618T114054_448356,of:0000000000000003:2 -> of:0000000000000008:3,0.002,0.0025,0.002,0.002,1.53,2026-06-18T11:40:54,0.001,1.46
ip_shuffle,20260618T114124_675649,of:0000000000000005:1 -> of:000000000000000c:5,0.002,0.0025,0.002,0.002,2.23,2026-06-18T11:41:24,0.002,2.4
ip_shuffle,20260618T114124_675649,of:000000000000000a:1 -> of:000000000000000d:6,0.002,0.0025,0.002,0.002,1.6,2026-06-18T11:41:24,0.002,1.6
ip_shuffle,20260618T114124_675649,of:000000000000000b:2 -> of:000000000000000c:2,0.002,0.0025,0.002,0.002,1.86,2026-06-18T11:41:24,0.002,1.86
ip_shuffle,20260618T114124_675649,of:0000000000000004:2 -> of:0000000000000009:2,0.002,0.0025,0.002,0.002,1.7,2026-06-18T11:41:24,0.002,1.83
ip_shuffle,20260618T114124_675649,of:0000000000000005:2 -> of:0000000000000009:3,0.002,0.0025,0.002,0.002,1.7,2026-06-18T11:41:24,0.002,1.83
ip_shuffle,20260618T114124_675649,of:000000000000000b:3 -> of:000000000000000d:2,0.002,0.0025,0.002,0.002,1.86,2026-06-18T11:41:24,0.002,1.86
ip_shuffle,20260618T114124_675649,of:0000000000000004:1 -> of:000000000000000c:4,0.002,0.0025,0.002,0.002,1.86,2026-06-18T11:41:24,0.002,2.03
ip_shuffle,20260618T114124_675649,of:000000000000000c:3 -> of:000000000000000d:3,0.002,0.0025,0.002,0.002,1.86,2026-06-18T11:41:24,0.002,1.86
ip_shuffle,20260618T114124_675649,of:0000000000000001:1 -> of:000000000000000b:1,0.002,0.0025,0.002,0.001,1.46,2026-06-18T11:41:24,0.002,1.53
ip_shuffle,20260618T114124_675649,of:0000000000000006:1 -> of:000000000000000d:4,0.002,0.0025,0.002,0.002,2.43,2026-06-18T11:41:24,0.002,2.4
ip_shuffle,20260618T114124_675649,of:0000000000000002:1 -> of:000000000000000b:4,0.002,0.0025,0.002,0.001,1.4,2026-06-18T11:41:24,0.002,1.6
ip_shuffle,20260618T114124_675649,of:0000000000000001:3 -> of:000000000000000d:1,0.002,0.0025,0.002,0.002,2.23,2026-06-18T11:41:24,0.002,2.4
ip_shuffle,20260618T114124_675649,of:0000000000000006:2 -> of:000000000000000a:2,0.002,0.0025,0.002,0.002,1.83,2026-06-18T11:41:24,0.002,1.83
ip_shuffle,20260618T114124_675649,of:0000000000000003:1 -> of:000000000000000b:5,0.002,0.0025,0.002,0.001,1.43,2026-06-18T11:41:24,0.002,1.6
ip_shuffle,20260618T114124_675649,of:0000000000000007:1 -> of:000000000000000d:5,0.002,0.0025,0.002,0.002,1.56,2026-06-18T11:41:24,0.002,1.6
ip_shuffle,20260618T114124_675649,of:0000000000000007:2 -> of:000000000000000a:3,0.002,0.0025,0.002,0.002,1.83,2026-06-18T11:41:24,0.002,1.83
ip_shuffle,20260618T114124_675649,of:0000000000000002:2 -> of:0000000000000008:2,0.002,0.0025,0.002,0.001,1.66,2026-06-18T11:41:24,0.002,1.8
ip_shuffle,20260618T114124_675649,of:0000000000000008:1 -> of:000000000000000b:6,0.002,0.0025,0.002,0.002,1.6,2026-06-18T11:41:24,0.002,1.6
ip_shuffle,20260618T114124_675649,of:0000000000000009:1 -> of:000000000000000c:6,0.002,0.0025,0.002,0.002,1.6,2026-06-18T11:41:24,0.002,1.6
ip_shuffle,20260618T114124_675649,of:0000000000000001:2 -> of:000000000000000c:1,0.003,0.00375,0.003,0.002,2.8,2026-06-18T11:41:24,0.003,2.8
ip_shuffle,20260618T114124_675649,of:0000000000000003:2 -> of:0000000000000008:3,0.002,0.0025,0.002,0.002,1.7,2026-06-18T11:41:24,0.002,1.83
ip_shuffle,20260618T114223_212492,of:0000000000000005:1 -> of:000000000000000c:5,0.002,0.0025,0.002,0.002,1.83,2026-06-18T11:42:23,0.002,1.73
ip_shuffle,20260618T114223_212492,of:000000000000000a:1 -> of:000000000000000d:6,0.002,0.0025,0.002,0.002,1.73,2026-06-18T11:42:23,0.002,1.73
ip_shuffle,20260618T114223_212492,of:000000000000000b:2 -> of:000000000000000c:2,0.002,0.0025,0.002,0.002,2.13,2026-06-18T11:42:23,0.002,2.13
ip_shuffle,20260618T114223_212492,of:0000000000000004:2 -> of:0000000000000009:2,0.002,0.0025,0.002,0.002,2.3,2026-06-18T11:42:23,0.002,2.23
ip_shuffle,20260618T114223_212492,of:0000000000000005:2 -> of:0000000000000009:3,0.002,0.0025,0.002,0.002,2.3,2026-06-18T11:42:23,0.002,2.23
ip_shuffle,20260618T114223_212492,of:000000000000000b:3 -> of:000000000000000d:2,0.002,0.0025,0.002,0.002,2.2,2026-06-18T11:42:23,0.002,2.2
ip_shuffle,20260618T114223_212492,of:0000000000000004:1 -> of:000000000000000c:4,0.002,0.0025,0.002,0.002,1.83,2026-06-18T11:42:23,0.002,1.73
ip_shuffle,20260618T114223_212492,of:000000000000000c:3 -> of:000000000000000d:3,0.002,0.0025,0.002,0.002,2.2,2026-06-18T11:42:23,0.002,2.2
ip_shuffle,20260618T114223_212492,of:0000000000000001:1 -> of:000000000000000b:1,0.002,0.0025,0.002,0.002,2.2,2026-06-18T11:42:23,0.002,2.2
ip_shuffle,20260618T114223_212492,of:0000000000000006:1 -> of:000000000000000d:4,0.002,0.0025,0.002,0.002,2.13,2026-06-18T11:42:23,0.002,2.16
ip_shuffle,20260618T114223_212492,of:0000000000000002:1 -> of:000000000000000b:4,0.002,0.0025,0.002,0.002,1.86,2026-06-18T11:42:23,0.002,1.73
ip_shuffle,20260618T114223_212492,of:0000000000000001:3 -> of:000000000000000d:1,0.003,0.00375,0.003,0.003,3.46,2026-06-18T11:42:23,0.003,3.43
ip_shuffle,20260618T114223_212492,of:0000000000000006:2 -> of:000000000000000a:2,0.002,0.0025,0.002,0.002,2.23,2026-06-18T11:42:23,0.002,2.16
ip_shuffle,20260618T114223_212492,of:0000000000000003:1 -> of:000000000000000b:5,0.002,0.0025,0.002,0.002,2.23,2026-06-18T11:42:23,0.002,2.13
ip_shuffle,20260618T114223_212492,of:0000000000000007:1 -> of:000000000000000d:5,0.002,0.0025,0.002,0.002,2.96,2026-06-18T11:42:23,0.002,2.93
ip_shuffle,20260618T114223_212492,of:0000000000000007:2 -> of:000000000000000a:3,0.002,0.0025,0.002,0.002,2.23,2026-06-18T11:42:23,0.002,2.16
ip_shuffle,20260618T114223_212492,of:0000000000000002:2 -> of:0000000000000008:2,0.002,0.0025,0.002,0.002,2.33,2026-06-18T11:42:23,0.002,2.26
ip_shuffle,20260618T114223_212492,of:0000000000000008:1 -> of:000000000000000b:6,0.001,0.00125,0.001,0.001,1.66,2026-06-18T11:42:23,0.001,1.66
ip_shuffle,20260618T114223_212492,of:0000000000000009:1 -> of:000000000000000c:6,0.001,0.00125,0.001,0.001,1.66,2026-06-18T11:42:23,0.001,1.66
ip_shuffle,20260618T114223_212492,of:0000000000000001:2 -> of:000000000000000c:1,0.002,0.0025,0.002,0.002,1.73,2026-06-18T11:42:23,0.002,1.8
ip_shuffle,20260618T114223_212492,of:0000000000000003:2 -> of:0000000000000008:3,0.002,0.0025,0.002,0.002,2.3,2026-06-18T11:42:23,0.002,2.23
ip_shuffle,20260618T114320_893347,of:0000000000000005:1 -> of:000000000000000c:5,0.002,0.0025,0.002,0.002,2.3,2026-06-18T11:43:20,0.002,2.46
ip_shuffle,20260618T114320_893347,of:000000000000000a:1 -> of:000000000000000d:6,0.002,0.0025,0.002,0.002,1.66,2026-06-18T11:43:20,0.002,1.66
ip_shuffle,20260618T114320_893347,of:000000000000000b:2 -> of:000000000000000c:2,0.002,0.0025,0.002,0.002,2.0,2026-06-18T11:43:20,0.002,2.0
ip_shuffle,20260618T114320_893347,of:0000000000000004:2 -> of:0000000000000009:2,0.002,0.0025,0.002,0.002,1.86,2026-06-18T11:43:20,0.002,2.0
ip_shuffle,20260618T114320_893347,of:0000000000000005:2 -> of:0000000000000009:3,0.002,0.0025,0.002,0.002,1.83,2026-06-18T11:43:20,0.002,1.96
ip_shuffle,20260618T114320_893347,of:000000000000000b:3 -> of:000000000000000d:2,0.002,0.0025,0.002,0.002,2.0,2026-06-18T11:43:20,0.002,2.0
ip_shuffle,20260618T114320_893347,of:0000000000000004:1 -> of:000000000000000c:4,0.002,0.0025,0.002,0.002,2.33,2026-06-18T11:43:20,0.002,2.46
ip_shuffle,20260618T114320_893347,of:000000000000000c:3 -> of:000000000000000d:3,0.002,0.0025,0.002,0.002,2.0,2026-06-18T11:43:20,0.002,2.0
ip_shuffle,20260618T114320_893347,of:0000000000000001:1 -> of:000000000000000b:1,0.002,0.0025,0.002,0.002,2.3,2026-06-18T11:43:20,0.002,2.2
ip_shuffle,20260618T114320_893347,of:0000000000000006:1 -> of:000000000000000d:4,0.003,0.00375,0.003,0.003,3.36,2026-06-18T11:43:20,0.003,3.39
ip_shuffle,20260618T114320_893347,of:0000000000000002:1 -> of:000000000000000b:4,0.002,0.0025,0.002,0.002,1.6,2026-06-18T11:43:20,0.002,1.7
ip_shuffle,20260618T114320_893347,of:0000000000000001:3 -> of:000000000000000d:1,0.003,0.00375,0.003,0.003,3.29,2026-06-18T11:43:20,0.003,3.49
ip_shuffle,20260618T114320_893347,of:0000000000000006:2 -> of:000000000000000a:2,0.002,0.0025,0.002,0.002,1.96,2026-06-18T11:43:20,0.002,1.96
ip_shuffle,20260618T114320_893347,of:0000000000000003:1 -> of:000000000000000b:5,0.002,0.0025,0.002,0.002,2.03,2026-06-18T11:43:20,0.002,2.33
ip_shuffle,20260618T114320_893347,of:0000000000000007:1 -> of:000000000000000d:5,0.002,0.0025,0.002,0.002,2.46,2026-06-18T11:43:20,0.002,2.43
ip_shuffle,20260618T114320_893347,of:0000000000000007:2 -> of:000000000000000a:3,0.002,0.0025,0.002,0.002,1.96,2026-06-18T11:43:20,0.002,1.96
ip_shuffle,20260618T114320_893347,of:0000000000000002:2 -> of:0000000000000008:2,0.002,0.0025,0.002,0.002,1.8,2026-06-18T11:43:20,0.002,1.93
ip_shuffle,20260618T114320_893347,of:0000000000000008:1 -> of:000000000000000b:6,0.002,0.0025,0.002,0.002,1.63,2026-06-18T11:43:20,0.002,1.66
ip_shuffle,20260618T114320_893347,of:0000000000000009:1 -> of:000000000000000c:6,0.002,0.0025,0.002,0.002,1.66,2026-06-18T11:43:20,0.002,1.66
ip_shuffle,20260618T114320_893347,of:0000000000000001:2 -> of:000000000000000c:1,0.003,0.00375,0.003,0.003,3.19,2026-06-18T11:43:20,0.003,3.23
ip_shuffle,20260618T114320_893347,of:0000000000000003:2 -> of:0000000000000008:3,0.002,0.0025,0.002,0.002,1.8,2026-06-18T11:43:20,0.002,1.93
route_mutation,20260618T114418_487009,of:0000000000000005:1 -> of:000000000000000c:5,0.002,0.0025,0.002,0.002,1.5,2026-06-18T11:44:18,0.001,1.37
route_mutation,20260618T114418_487009,of:000000000000000a:1 -> of:000000000000000d:6,0.001,0.00125,0.001,0.001,1.43,2026-06-18T11:44:18,0.001,1.4
route_mutation,20260618T114418_487009,of:000000000000000b:2 -> of:000000000000000c:2,0.002,0.0025,0.002,0.002,1.6,2026-06-18T11:44:18,0.002,1.6
route_mutation,20260618T114418_487009,of:0000000000000004:2 -> of:0000000000000009:2,0.002,0.0025,0.002,0.002,1.66,2026-06-18T11:44:18,0.002,1.6
route_mutation,20260618T114418_487009,of:0000000000000005:2 -> of:0000000000000009:3,0.002,0.0025,0.002,0.002,1.66,2026-06-18T11:44:18,0.002,1.6
route_mutation,20260618T114418_487009,of:000000000000000b:3 -> of:000000000000000d:2,0.002,0.0025,0.002,0.002,1.7,2026-06-18T11:44:18,0.002,1.7
route_mutation,20260618T114418_487009,of:0000000000000004:1 -> of:000000000000000c:4,0.002,0.0025,0.002,0.002,1.5,2026-06-18T11:44:18,0.001,1.37
route_mutation,20260618T114418_487009,of:000000000000000c:3 -> of:000000000000000d:3,0.001,0.00125,0.001,0.001,1.5,2026-06-18T11:44:18,0.001,1.5
route_mutation,20260618T114418_487009,of:0000000000000001:1 -> of:000000000000000b:1,0.003,0.00375,0.003,0.003,3.2,2026-06-18T11:44:18,0.003,3.13
route_mutation,20260618T114418_487009,of:0000000000000006:1 -> of:000000000000000d:4,0.002,0.0025,0.002,0.002,2.03,2026-06-18T11:44:18,0.002,2.0
route_mutation,20260618T114418_487009,of:0000000000000002:1 -> of:000000000000000b:4,0.002,0.0025,0.002,0.002,2.6,2026-06-18T11:44:18,0.002,2.53
route_mutation,20260618T114418_487009,of:0000000000000001:3 -> of:000000000000000d:1,0.002,0.0025,0.002,0.002,2.2,2026-06-18T11:44:18,0.002,2.1
route_mutation,20260618T114418_487009,of:0000000000000006:2 -> of:000000000000000a:2,0.002,0.0025,0.002,0.002,1.6,2026-06-18T11:44:18,0.002,1.66
route_mutation,20260618T114418_487009,of:0000000000000003:1 -> of:000000000000000b:5,0.002,0.0025,0.002,0.002,2.23,2026-06-18T11:44:18,0.002,2.13
route_mutation,20260618T114418_487009,of:0000000000000007:1 -> of:000000000000000d:5,0.002,0.0025,0.002,0.002,1.7,2026-06-18T11:44:18,0.002,1.6
route_mutation,20260618T114418_487009,of:0000000000000007:2 -> of:000000000000000a:3,0.002,0.0025,0.002,0.002,1.6,2026-06-18T11:44:18,0.002,1.6
route_mutation,20260618T114418_487009,of:0000000000000002:2 -> of:0000000000000008:2,0.002,0.0025,0.002,0.002,1.66,2026-06-18T11:44:18,0.002,1.6
route_mutation,20260618T114418_487009,of:0000000000000008:1 -> of:000000000000000b:6,0.002,0.0025,0.002,0.002,1.5,2026-06-18T11:44:18,0.002,1.5
route_mutation,20260618T114418_487009,of:0000000000000009:1 -> of:000000000000000c:6,0.001,0.00125,0.001,0.001,1.43,2026-06-18T11:44:18,0.001,1.43
route_mutation,20260618T114418_487009,of:0000000000000001:2 -> of:000000000000000c:1,0.002,0.0025,0.002,0.002,1.5,2026-06-18T11:44:18,0.001,1.37
route_mutation,20260618T114418_487009,of:0000000000000003:2 -> of:0000000000000008:3,0.002,0.0025,0.002,0.002,1.66,2026-06-18T11:44:18,0.002,1.6
route_mutation,20260618T114448_739625,of:0000000000000005:1 -> of:000000000000000c:5,0.002,0.0025,0.002,0.002,2.33,2026-06-18T11:44:48,0.002,2.5
route_mutation,20260618T114448_739625,of:000000000000000a:1 -> of:000000000000000d:6,0.002,0.0025,0.002,0.002,1.7,2026-06-18T11:44:48,0.002,1.7
route_mutation,20260618T114448_739625,of:000000000000000b:2 -> of:000000000000000c:2,0.002,0.0025,0.002,0.002,2.06,2026-06-18T11:44:48,0.002,2.06
route_mutation,20260618T114448_739625,of:0000000000000004:2 -> of:0000000000000009:2,0.002,0.0025,0.002,0.002,1.9,2026-06-18T11:44:48,0.002,2.03
route_mutation,20260618T114448_739625,of:0000000000000005:2 -> of:0000000000000009:3,0.002,0.0025,0.002,0.002,1.9,2026-06-18T11:44:48,0.002,2.03
route_mutation,20260618T114448_739625,of:000000000000000b:3 -> of:000000000000000d:2,0.002,0.0025,0.002,0.002,2.06,2026-06-18T11:44:48,0.002,2.06
route_mutation,20260618T114448_739625,of:0000000000000004:1 -> of:000000000000000c:4,0.002,0.0025,0.002,0.002,2.33,2026-06-18T11:44:48,0.002,2.5
route_mutation,20260618T114448_739625,of:000000000000000c:3 -> of:000000000000000d:3,0.002,0.0025,0.002,0.002,2.06,2026-06-18T11:44:48,0.002,2.06
route_mutation,20260618T114448_739625,of:0000000000000001:1 -> of:000000000000000b:1,0.002,0.0025,0.002,0.002,1.93,2026-06-18T11:44:48,0.002,1.93
route_mutation,20260618T114448_739625,of:0000000000000006:1 -> of:000000000000000d:4,0.002,0.0025,0.002,0.002,2.76,2026-06-18T11:44:48,0.002,2.83
route_mutation,20260618T114448_739625,of:0000000000000002:1 -> of:000000000000000b:4,0.002,0.0025,0.002,0.002,1.6,2026-06-18T11:44:48,0.002,1.7
route_mutation,20260618T114448_739625,of:0000000000000001:3 -> of:000000000000000d:1,0.003,0.00375,0.003,0.002,2.86,2026-06-18T11:44:48,0.003,2.96
route_mutation,20260618T114448_739625,of:0000000000000006:2 -> of:000000000000000a:2,0.002,0.0025,0.002,0.002,2.03,2026-06-18T11:44:48,0.002,2.03
route_mutation,20260618T114448_739625,of:0000000000000003:1 -> of:000000000000000b:5,0.002,0.0025,0.002,0.002,1.83,2026-06-18T11:44:48,0.002,2.03
route_mutation,20260618T114448_739625,of:0000000000000007:1 -> of:000000000000000d:5,0.002,0.0025,0.002,0.002,2.13,2026-06-18T11:44:48,0.002,2.16
route_mutation,20260618T114448_739625,of:0000000000000007:2 -> of:000000000000000a:3,0.002,0.0025,0.002,0.002,2.06,2026-06-18T11:44:48,0.002,2.06
route_mutation,20260618T114448_739625,of:0000000000000002:2 -> of:0000000000000008:2,0.002,0.0025,0.002,0.002,1.86,2026-06-18T11:44:48,0.002,2.0
route_mutation,20260618T114448_739625,of:0000000000000008:1 -> of:000000000000000b:6,0.002,0.0025,0.002,0.002,1.7,2026-06-18T11:44:48,0.002,1.7
route_mutation,20260618T114448_739625,of:0000000000000009:1 -> of:000000000000000c:6,0.002,0.0025,0.002,0.002,1.7,2026-06-18T11:44:48,0.002,1.7
route_mutation,20260618T114448_739625,of:0000000000000001:2 -> of:000000000000000c:1,0.003,0.00375,0.003,0.003,3.23,2026-06-18T11:44:48,0.003,3.23
route_mutation,20260618T114448_739625,of:0000000000000003:2 -> of:0000000000000008:3,0.002,0.0025,0.002,0.002,1.9,2026-06-18T11:44:48,0.002,2.03
ip_shuffle,20260618T114518_994491,of:0000000000000005:1 -> of:000000000000000c:5,0.002,0.0025,0.002,0.002,1.63,2026-06-18T11:45:18,0.002,1.6
ip_shuffle,20260618T114518_994491,of:000000000000000a:1 -> of:000000000000000d:6,0.002,0.0025,0.002,0.002,1.53,2026-06-18T11:45:18,0.002,1.53
ip_shuffle,20260618T114518_994491,of:000000000000000b:2 -> of:000000000000000c:2,0.002,0.0025,0.002,0.002,1.8,2026-06-18T11:45:18,0.002,1.8
ip_shuffle,20260618T114518_994491,of:0000000000000004:2 -> of:0000000000000009:2,0.002,0.0025,0.002,0.002,1.9,2026-06-18T11:45:18,0.002,1.83
ip_shuffle,20260618T114518_994491,of:0000000000000005:2 -> of:0000000000000009:3,0.002,0.0025,0.002,0.002,1.9,2026-06-18T11:45:18,0.002,1.83
ip_shuffle,20260618T114518_994491,of:000000000000000b:3 -> of:000000000000000d:2,0.002,0.0025,0.002,0.002,1.8,2026-06-18T11:45:18,0.002,1.8
ip_shuffle,20260618T114518_994491,of:0000000000000004:1 -> of:000000000000000c:4,0.002,0.0025,0.002,0.002,1.63,2026-06-18T11:45:18,0.002,1.6
ip_shuffle,20260618T114518_994491,of:000000000000000c:3 -> of:000000000000000d:3,0.002,0.0025,0.002,0.002,1.86,2026-06-18T11:45:18,0.002,1.86
ip_shuffle,20260618T114518_994491,of:0000000000000001:1 -> of:000000000000000b:1,0.002,0.0025,0.002,0.002,1.53,2026-06-18T11:45:18,0.002,1.6
ip_shuffle,20260618T114518_994491,of:0000000000000006:1 -> of:000000000000000d:4,0.002,0.0025,0.002,0.002,1.6,2026-06-18T11:45:18,0.002,1.53
ip_shuffle,20260618T114518_994491,of:0000000000000002:1 -> of:000000000000000b:4,0.002,0.0025,0.002,0.002,1.56,2026-06-18T11:45:18,0.002,1.53
ip_shuffle,20260618T114518_994491,of:0000000000000001:3 -> of:000000000000000d:1,0.002,0.0025,0.002,0.002,2.6,2026-06-18T11:45:18,0.002,2.63
ip_shuffle,20260618T114518_994491,of:0000000000000006:2 -> of:000000000000000a:2,0.002,0.0025,0.002,0.002,1.83,2026-06-18T11:45:18,0.002,1.76
ip_shuffle,20260618T114518_994491,of:0000000000000003:1 -> of:000000000000000b:5,0.002,0.0025,0.002,0.002,1.63,2026-06-18T11:45:18,0.002,1.53
ip_shuffle,20260618T114518_994491,of:0000000000000007:1 -> of:000000000000000d:5,0.002,0.0025,0.002,0.002,2.46,2026-06-18T11:45:18,0.002,2.5
ip_shuffle,20260618T114518_994491,of:0000000000000007:2 -> of:000000000000000a:3,0.002,0.0025,0.002,0.002,1.8,2026-06-18T11:45:18,0.002,1.8
ip_shuffle,20260618T114518_994491,of:0000000000000002:2 -> of:0000000000000008:2,0.002,0.0025,0.002,0.002,1.93,2026-06-18T11:45:18,0.002,1.86
ip_shuffle,20260618T114518_994491,of:0000000000000008:1 -> of:000000000000000b:6,0.001,0.00125,0.001,0.001,1.46,2026-06-18T11:45:18,0.001,1.46
ip_shuffle,20260618T114518_994491,of:0000000000000009:1 -> of:000000000000000c:6,0.002,0.0025,0.002,0.002,1.53,2026-06-18T11:45:18,0.002,1.53
ip_shuffle,20260618T114518_994491,of:0000000000000001:2 -> of:000000000000000c:1,0.002,0.0025,0.002,0.002,1.53,2026-06-18T11:45:18,0.002,1.66
ip_shuffle,20260618T114518_994491,of:0000000000000003:2 -> of:0000000000000008:3,0.002,0.0025,0.002,0.002,1.9,2026-06-18T11:45:18,0.002,1.83
route_mutation,20260618T114616_642889,of:0000000000000005:1 -> of:000000000000000c:5,0.002,0.0025,0.002,0.002,2.46,2026-06-18T11:46:16,0.002,2.53
route_mutation,20260618T114616_642889,of:000000000000000a:1 -> of:000000000000000d:6,0.002,0.0025,0.002,0.002,1.73,2026-06-18T11:46:16,0.002,1.73
route_mutation,20260618T114616_642889,of:000000000000000b:2 -> of:000000000000000c:2,0.002,0.0025,0.002,0.002,2.13,2026-06-18T11:46:16,0.002,2.13
route_mutation,20260618T114616_642889,of:0000000000000004:2 -> of:0000000000000009:2,0.002,0.0025,0.002,0.002,2.0,2026-06-18T11:46:16,0.002,2.13
route_mutation,20260618T114616_642889,of:0000000000000005:2 -> of:0000000000000009:3,0.002,0.0025,0.002,0.002,2.06,2026-06-18T11:46:16,0.002,2.13
route_mutation,20260618T114616_642889,of:000000000000000b:3 -> of:000000000000000d:2,0.002,0.0025,0.002,0.002,2.13,2026-06-18T11:46:16,0.002,2.13
route_mutation,20260618T114616_642889,of:0000000000000004:1 -> of:000000000000000c:4,0.002,0.0025,0.002,0.002,2.33,2026-06-18T11:46:16,0.002,2.46
route_mutation,20260618T114616_642889,of:000000000000000c:3 -> of:000000000000000d:3,0.002,0.0025,0.002,0.002,2.13,2026-06-18T11:46:16,0.002,2.13
route_mutation,20260618T114616_642889,of:0000000000000001:1 -> of:000000000000000b:1,0.002,0.0025,0.002,0.002,1.7,2026-06-18T11:46:16,0.002,1.76
route_mutation,20260618T114616_642889,of:0000000000000006:1 -> of:000000000000000d:4,0.003,0.00375,0.003,0.003,3.26,2026-06-18T11:46:16,0.003,3.33
route_mutation,20260618T114616_642889,of:0000000000000002:1 -> of:000000000000000b:4,0.002,0.0025,0.002,0.002,1.66,2026-06-18T11:46:16,0.002,1.73
route_mutation,20260618T114616_642889,of:0000000000000001:3 -> of:000000000000000d:1,0.003,0.00375,0.003,0.003,3.63,2026-06-18T11:46:16,0.003,3.79
route_mutation,20260618T114616_642889,of:0000000000000006:2 -> of:000000000000000a:2,0.002,0.0025,0.002,0.002,2.13,2026-06-18T11:46:16,0.002,2.13
route_mutation,20260618T114616_642889,of:0000000000000003:1 -> of:000000000000000b:5,0.002,0.0025,0.002,0.001,1.6,2026-06-18T11:46:16,0.002,1.76
route_mutation,20260618T114616_642889,of:0000000000000007:1 -> of:000000000000000d:5,0.002,0.0025,0.002,0.002,2.33,2026-06-18T11:46:16,0.002,2.33
route_mutation,20260618T114616_642889,of:0000000000000007:2 -> of:000000000000000a:3,0.002,0.0025,0.002,0.002,2.13,2026-06-18T11:46:16,0.002,2.13
route_mutation,20260618T114616_642889,of:0000000000000002:2 -> of:0000000000000008:2,0.002,0.0025,0.002,0.002,2.06,2026-06-18T11:46:16,0.002,2.13
route_mutation,20260618T114616_642889,of:0000000000000008:1 -> of:000000000000000b:6,0.002,0.0025,0.002,0.002,1.73,2026-06-18T11:46:16,0.002,1.73
route_mutation,20260618T114616_642889,of:0000000000000009:1 -> of:000000000000000c:6,0.002,0.0025,0.002,0.002,1.73,2026-06-18T11:46:16,0.002,1.73
route_mutation,20260618T114616_642889,of:0000000000000001:2 -> of:000000000000000c:1,0.003,0.00375,0.003,0.003,3.16,2026-06-18T11:46:16,0.003,3.26
route_mutation,20260618T114616_642889,of:0000000000000003:2 -> of:0000000000000008:3,0.002,0.0025,0.002,0.002,1.96,2026-06-18T11:46:16,0.002,2.1
route_mutation,20260618T114646_893187,of:0000000000000005:1 -> of:000000000000000c:5,0.002,0.0025,0.002,0.001,1.46,2026-06-18T11:46:46,0.002,1.53
route_mutation,20260618T114646_893187,of:000000000000000a:1 -> of:000000000000000d:6,0.001,0.00125,0.001,0.001,1.46,2026-06-18T11:46:46,0.001,1.46
route_mutation,20260618T114646_893187,of:000000000000000b:2 -> of:000000000000000c:2,0.002,0.0025,0.002,0.002,1.73,2026-06-18T11:46:46,0.002,1.73
route_mutation,20260618T114646_893187,of:0000000000000004:2 -> of:0000000000000009:2,0.002,0.0025,0.002,0.002,1.73,2026-06-18T11:46:46,0.002,1.66
route_mutation,20260618T114646_893187,of:0000000000000005:2 -> of:0000000000000009:3,0.002,0.0025,0.002,0.002,1.66,2026-06-18T11:46:46,0.002,1.66
route_mutation,20260618T114646_893187,of:000000000000000b:3 -> of:000000000000000d:2,0.002,0.0025,0.002,0.002,1.73,2026-06-18T11:46:46,0.002,1.73
route_mutation,20260618T114646_893187,of:0000000000000004:1 -> of:000000000000000c:4,0.002,0.0025,0.002,0.002,1.53,2026-06-18T11:46:46,0.002,1.53
route_mutation,20260618T114646_893187,of:000000000000000c:3 -> of:000000000000000d:3,0.002,0.0025,0.002,0.002,1.73,2026-06-18T11:46:46,0.002,1.73
route_mutation,20260618T114646_893187,of:0000000000000001:1 -> of:000000000000000b:1,0.002,0.0025,0.002,0.001,1.46,2026-06-18T11:46:46,0.002,1.56
route_mutation,20260618T114646_893187,of:0000000000000006:1 -> of:000000000000000d:4,0.001,0.00125,0.001,0.001,1.46,2026-06-18T11:46:46,0.001,1.46
route_mutation,20260618T114646_893187,of:0000000000000002:1 -> of:000000000000000b:4,0.002,0.0025,0.002,0.001,1.5,2026-06-18T11:46:46,0.002,1.53
route_mutation,20260618T114646_893187,of:0000000000000001:3 -> of:000000000000000d:1,0.002,0.0025,0.002,0.002,2.3,2026-06-18T11:46:46,0.002,2.26
route_mutation,20260618T114646_893187,of:0000000000000006:2 -> of:000000000000000a:2,0.002,0.0025,0.002,0.002,1.66,2026-06-18T11:46:46,0.001,1.6
route_mutation,20260618T114646_893187,of:0000000000000003:1 -> of:000000000000000b:5,0.002,0.0025,0.002,0.002,1.56,2026-06-18T11:46:46,0.002,1.53
route_mutation,20260618T114646_893187,of:0000000000000007:1 -> of:000000000000000d:5,0.002,0.0025,0.002,0.002,2.2,2026-06-18T11:46:46,0.002,2.33
route_mutation,20260618T114646_893187,of:0000000000000007:2 -> of:000000000000000a:3,0.002,0.0025,0.002,0.002,1.66,2026-06-18T11:46:46,0.002,1.66
route_mutation,20260618T114646_893187,of:0000000000000002:2 -> of:0000000000000008:2,0.002,0.0025,0.002,0.002,1.7,2026-06-18T11:46:46,0.002,1.7
route_mutation,20260618T114646_893187,of:0000000000000008:1 -> of:000000000000000b:6,0.001,0.00125,0.001,0.001,1.46,2026-06-18T11:46:46,0.001,1.46
route_mutation,20260618T114646_893187,of:0000000000000009:1 -> of:000000000000000c:6,0.001,0.00125,0.001,0.001,1.46,2026-06-18T11:46:46,0.001,1.46
route_mutation,20260618T114646_893187,of:0000000000000001:2 -> of:000000000000000c:1,0.002,0.0025,0.002,0.001,1.46,2026-06-18T11:46:46,0.002,1.56
route_mutation,20260618T114646_893187,of:0000000000000003:2 -> of:0000000000000008:3,0.002,0.0025,0.002,0.002,1.76,2026-06-18T11:46:46,0.002,1.7
route_mutation,20260618T114717_139987,of:0000000000000005:1 -> of:000000000000000c:5,0.002,0.0025,0.002,0.002,1.43,2026-06-18T11:47:17,0.001,1.3
route_mutation,20260618T114717_139987,of:000000000000000a:1 -> of:000000000000000d:6,0.001,0.00125,0.001,0.001,1.36,2026-06-18T11:47:17,0.001,1.36
route_mutation,20260618T114717_139987,of:000000000000000b:2 -> of:000000000000000c:2,0.001,0.00125,0.001,0.001,1.4,2026-06-18T11:47:17,0.001,1.4
route_mutation,20260618T114717_139987,of:0000000000000004:2 -> of:0000000000000009:2,0.002,0.0025,0.002,0.002,1.53,2026-06-18T11:47:17,0.001,1.46
route_mutation,20260618T114717_139987,of:0000000000000005:2 -> of:0000000000000009:3,0.002,0.0025,0.002,0.002,1.53,2026-06-18T11:47:17,0.001,1.46
route_mutation,20260618T114717_139987,of:000000000000000b:3 -> of:000000000000000d:2,0.001,0.00125,0.001,0.001,1.53,2026-06-18T11:47:17,0.001,1.53
route_mutation,20260618T114717_139987,of:0000000000000004:1 -> of:000000000000000c:4,0.002,0.0025,0.002,0.002,1.83,2026-06-18T11:47:17,0.002,1.7
route_mutation,20260618T114717_139987,of:000000000000000c:3 -> of:000000000000000d:3,0.001,0.00125,0.001,0.001,1.4,2026-06-18T11:47:17,0.001,1.4
route_mutation,20260618T114717_139987,of:0000000000000001:1 -> of:000000000000000b:1,0.003,0.00375,0.003,0.003,3.49,2026-06-18T11:47:17,0.003,3.43
route_mutation,20260618T114717_139987,of:0000000000000006:1 -> of:000000000000000d:4,0.002,0.0025,0.002,0.002,1.43,2026-06-18T11:47:17,0.001,1.36
route_mutation,20260618T114717_139987,of:0000000000000002:1 -> of:000000000000000b:4,0.002,0.0025,0.002,0.002,2.53,2026-06-18T11:47:17,0.002,2.4
route_mutation,20260618T114717_139987,of:0000000000000001:3 -> of:000000000000000d:1,0.002,0.0025,0.002,0.002,1.63,2026-06-18T11:47:17,0.002,1.56
route_mutation,20260618T114717_139987,of:0000000000000006:2 -> of:000000000000000a:2,0.002,0.0025,0.002,0.001,1.46,2026-06-18T11:47:17,0.002,1.53
route_mutation,20260618T114717_139987,of:0000000000000003:1 -> of:000000000000000b:5,0.002,0.0025,0.002,0.002,2.46,2026-06-18T11:47:17,0.002,2.33
route_mutation,20260618T114717_139987,of:0000000000000007:1 -> of:000000000000000d:5,0.002,0.0025,0.002,0.002,1.7,2026-06-18T11:47:17,0.002,1.56
route_mutation,20260618T114717_139987,of:0000000000000007:2 -> of:000000000000000a:3,0.001,0.00125,0.001,0.001,1.46,2026-06-18T11:47:17,0.001,1.46
route_mutation,20260618T114717_139987,of:0000000000000002:2 -> of:0000000000000008:2,0.002,0.0025,0.002,0.002,1.53,2026-06-18T11:47:17,0.001,1.46
route_mutation,20260618T114717_139987,of:0000000000000008:1 -> of:000000000000000b:6,0.001,0.00125,0.001,0.001,1.36,2026-06-18T11:47:17,0.001,1.36
route_mutation,20260618T114717_139987,of:0000000000000009:1 -> of:000000000000000c:6,0.001,0.00125,0.001,0.001,1.36,2026-06-18T11:47:17,0.001,1.36
route_mutation,20260618T114717_139987,of:0000000000000001:2 -> of:000000000000000c:1,0.002,0.0025,0.002,0.002,2.16,2026-06-18T11:47:17,0.002,2.1
route_mutation,20260618T114717_139987,of:0000000000000003:2 -> of:0000000000000008:3,0.002,0.0025,0.002,0.002,1.53,2026-06-18T11:47:17,0.001,1.46
ip_shuffle,20260618T114747_324879,of:0000000000000005:1 -> of:000000000000000c:5,0.002,0.0025,0.002,0.002,2.53,2026-06-18T11:47:47,0.002,2.63
ip_shuffle,20260618T114747_324879,of:000000000000000a:1 -> of:000000000000000d:6,0.002,0.0025,0.002,0.002,1.83,2026-06-18T11:47:47,0.002,1.83
ip_shuffle,20260618T114747_324879,of:000000000000000b:2 -> of:000000000000000c:2,0.002,0.0025,0.002,0.002,2.33,2026-06-18T11:47:47,0.002,2.33
ip_shuffle,20260618T114747_324879,of:0000000000000004:2 -> of:0000000000000009:2,0.002,0.0025,0.002,0.002,2.16,2026-06-18T11:47:47,0.002,2.29
ip_shuffle,20260618T114747_324879,of:0000000000000005:2 -> of:0000000000000009:3,0.002,0.0025,0.002,0.002,2.23,2026-06-18T11:47:47,0.002,2.29
ip_shuffle,20260618T114747_324879,of:000000000000000b:3 -> of:000000000000000d:2,0.002,0.0025,0.002,0.002,2.33,2026-06-18T11:47:47,0.002,2.33
ip_shuffle,20260618T114747_324879,of:0000000000000004:1 -> of:000000000000000c:4,0.002,0.0025,0.002,0.002,2.06,2026-06-18T11:47:47,0.002,2.23
ip_shuffle,20260618T114747_324879,of:000000000000000c:3 -> of:000000000000000d:3,0.002,0.0025,0.002,0.002,2.33,2026-06-18T11:47:47,0.002,2.33
ip_shuffle,20260618T114747_324879,of:0000000000000001:1 -> of:000000000000000b:1,0.002,0.0025,0.002,0.002,1.83,2026-06-18T11:47:47,0.002,1.93
ip_shuffle,20260618T114747_324879,of:0000000000000006:1 -> of:000000000000000d:4,0.002,0.0025,0.002,0.002,2.89,2026-06-18T11:47:47,0.002,2.99
ip_shuffle,20260618T114747_324879,of:0000000000000002:1 -> of:000000000000000b:4,0.002,0.0025,0.002,0.002,1.7,2026-06-18T11:47:47,0.002,1.83
ip_shuffle,20260618T114747_324879,of:0000000000000001:3 -> of:000000000000000d:1,0.003,0.00375,0.003,0.003,3.82,2026-06-18T11:47:47,0.003,3.69
ip_shuffle,20260618T114747_324879,of:0000000000000006:2 -> of:000000000000000a:2,0.002,0.0025,0.002,0.002,2.29,2026-06-18T11:47:47,0.002,2.29
ip_shuffle,20260618T114747_324879,of:0000000000000003:1 -> of:000000000000000b:5,0.002,0.0025,0.002,0.001,1.63,2026-06-18T11:47:47,0.002,1.83
ip_shuffle,20260618T114747_324879,of:0000000000000007:1 -> of:000000000000000d:5,0.002,0.0025,0.002,0.002,2.66,2026-06-18T11:47:47,0.002,2.69
ip_shuffle,20260618T114747_324879,of:0000000000000007:2 -> of:000000000000000a:3,0.002,0.0025,0.002,0.002,2.29,2026-06-18T11:47:47,0.002,2.29
ip_shuffle,20260618T114747_324879,of:0000000000000002:2 -> of:0000000000000008:2,0.002,0.0025,0.002,0.002,2.19,2026-06-18T11:47:47,0.002,2.26
ip_shuffle,20260618T114747_324879,of:0000000000000008:1 -> of:000000000000000b:6,0.002,0.0025,0.002,0.002,1.83,2026-06-18T11:47:47,0.002,1.83
ip_shuffle,20260618T114747_324879,of:0000000000000009:1 -> of:000000000000000c:6,0.002,0.0025,0.002,0.002,1.83,2026-06-18T11:47:47,0.002,1.83
ip_shuffle,20260618T114747_324879,of:0000000000000001:2 -> of:000000000000000c:1,0.002,0.0025,0.002,0.002,2.76,2026-06-18T11:47:47,0.002,2.86
ip_shuffle,20260618T114747_324879,of:0000000000000003:2 -> of:0000000000000008:3,0.002,0.0025,0.002,0.002,2.13,2026-06-18T11:47:47,0.002,2.26
ip_shuffle,20260618T114845_056679,of:0000000000000005:1 -> of:000000000000000c:5,0.002,0.0025,0.002,0.002,1.46,2026-06-18T11:48:45,0.001,1.33
ip_shuffle,20260618T114845_056679,of:000000000000000a:1 -> of:000000000000000d:6,0.001,0.00125,0.001,0.001,1.3,2026-06-18T11:48:45,0.001,1.3
ip_shuffle,20260618T114845_056679,of:000000000000000b:2 -> of:000000000000000c:2,0.001,0.00125,0.001,0.001,1.4,2026-06-18T11:48:45,0.001,1.4
ip_shuffle,20260618T114845_056679,of:0000000000000004:2 -> of:0000000000000009:2,0.002,0.0025,0.002,0.002,1.53,2026-06-18T11:48:45,0.001,1.46
ip_shuffle,20260618T114845_056679,of:0000000000000005:2 -> of:0000000000000009:3,0.002,0.0025,0.002,0.002,1.53,2026-06-18T11:48:45,0.001,1.46
ip_shuffle,20260618T114845_056679,of:000000000000000b:3 -> of:000000000000000d:2,0.001,0.00125,0.001,0.001,1.53,2026-06-18T11:48:45,0.001,1.53
ip_shuffle,20260618T114845_056679,of:0000000000000004:1 -> of:000000000000000c:4,0.002,0.0025,0.002,0.002,2.2,2026-06-18T11:48:45,0.002,2.06
ip_shuffle,20260618T114845_056679,of:000000000000000c:3 -> of:000000000000000d:3,0.001,0.00125,0.001,0.001,1.4,2026-06-18T11:48:45,0.001,1.4
ip_shuffle,20260618T114845_056679,of:0000000000000001:1 -> of:000000000000000b:1,0.003,0.00375,0.003,0.003,3.36,2026-06-18T11:48:45,0.003,3.36
ip_shuffle,20260618T114845_056679,of:0000000000000006:1 -> of:000000000000000d:4,0.002,0.0025,0.002,0.002,1.76,2026-06-18T11:48:45,0.002,1.63
ip_shuffle,20260618T114845_056679,of:0000000000000002:1 -> of:000000000000000b:4,0.002,0.0025,0.002,0.002,2.6,2026-06-18T11:48:45,0.002,2.53
ip_shuffle,20260618T114845_056679,of:0000000000000001:3 -> of:000000000000000d:1,0.002,0.0025,0.002,0.002,1.66,2026-06-18T11:48:45,0.002,1.63
ip_shuffle,20260618T114845_056679,of:0000000000000006:2 -> of:000000000000000a:2,0.001,0.00125,0.001,0.001,1.46,2026-06-18T11:48:45,0.001,1.4
ip_shuffle,20260618T114845_056679,of:0000000000000003:1 -> of:000000000000000b:5,0.002,0.0025,0.002,0.002,2.46,2026-06-18T11:48:45,0.002,2.33
ip_shuffle,20260618T114845_056679,of:0000000000000007:1 -> of:000000000000000d:5,0.002,0.0025,0.002,0.002,1.7,2026-06-18T11:48:45,0.002,1.56
ip_shuffle,20260618T114845_056679,of:0000000000000007:2 -> of:000000000000000a:3,0.001,0.00125,0.001,0.001,1.46,2026-06-18T11:48:45,0.001,1.4
ip_shuffle,20260618T114845_056679,of:0000000000000002:2 -> of:0000000000000008:2,0.002,0.0025,0.002,0.002,1.6,2026-06-18T11:48:45,0.002,1.6
ip_shuffle,20260618T114845_056679,of:0000000000000008:1 -> of:000000000000000b:6,0.001,0.00125,0.001,0.001,1.36,2026-06-18T11:48:45,0.001,1.36
ip_shuffle,20260618T114845_056679,of:0000000000000009:1 -> of:000000000000000c:6,0.001,0.00125,0.001,0.001,1.36,2026-06-18T11:48:45,0.001,1.36
ip_shuffle,20260618T114845_056679,of:0000000000000001:2 -> of:000000000000000c:1,0.002,0.0025,0.002,0.002,2.4,2026-06-18T11:48:45,0.002,2.43
ip_shuffle,20260618T114845_056679,of:0000000000000003:2 -> of:0000000000000008:3,0.002,0.0025,0.002,0.002,1.53,2026-06-18T11:48:45,0.001,1.46
ip_shuffle,20260618T114942_671242,of:0000000000000005:1 -> of:000000000000000c:5,0.001,0.00125,0.001,0.001,1.33,2026-06-18T11:49:42,0.001,1.37
ip_shuffle,20260618T114942_671242,of:000000000000000a:1 -> of:000000000000000d:6,0.002,0.0025,0.002,0.002,1.37,2026-06-18T11:49:42,0.001,1.33
ip_shuffle,20260618T114942_671242,of:000000000000000b:2 -> of:000000000000000c:2,0.002,0.0025,0.002,0.002,1.4,2026-06-18T11:49:42,0.002,1.4
ip_shuffle,20260618T114942_671242,of:0000000000000004:2 -> of:0000000000000009:2,0.002,0.0025,0.002,0.001,1.37,2026-06-18T11:49:42,0.002,1.43
ip_shuffle,20260618T114942_671242,of:0000000000000005:2 -> of:0000000000000009:3,0.002,0.0025,0.002,0.001,1.37,2026-06-18T11:49:42,0.002,1.43
ip_shuffle,20260618T114942_671242,of:000000000000000b:3 -> of:000000000000000d:2,0.002,0.0025,0.002,0.002,1.37,2026-06-18T11:49:42,0.002,1.37
ip_shuffle,20260618T114942_671242,of:0000000000000004:1 -> of:000000000000000c:4,0.001,0.00125,0.001,0.001,1.33,2026-06-18T11:49:42,0.001,1.37
ip_shuffle,20260618T114942_671242,of:000000000000000c:3 -> of:000000000000000d:3,0.002,0.0025,0.002,0.002,1.37,2026-06-18T11:49:42,0.002,1.37
ip_shuffle,20260618T114942_671242,of:0000000000000001:1 -> of:000000000000000b:1,0.001,0.00125,0.001,0.001,1.33,2026-06-18T11:49:42,0.001,1.3
ip_shuffle,20260618T114942_671242,of:0000000000000006:1 -> of:000000000000000d:4,0.001,0.00125,0.001,0.001,1.33,2026-06-18T11:49:42,0.001,1.33
ip_shuffle,20260618T114942_671242,of:0000000000000002:1 -> of:000000000000000b:4,0.001,0.00125,0.001,0.001,1.3,2026-06-18T11:49:42,0.001,1.33
ip_shuffle,20260618T114942_671242,of:0000000000000001:3 -> of:000000000000000d:1,0.002,0.0025,0.002,0.002,1.5,2026-06-18T11:49:42,0.002,1.57
ip_shuffle,20260618T114942_671242,of:0000000000000006:2 -> of:000000000000000a:2,0.002,0.0025,0.002,0.001,1.37,2026-06-18T11:49:42,0.002,1.43
ip_shuffle,20260618T114942_671242,of:0000000000000003:1 -> of:000000000000000b:5,0.001,0.00125,0.001,0.001,1.33,2026-06-18T11:49:42,0.001,1.37
ip_shuffle,20260618T114942_671242,of:0000000000000007:1 -> of:000000000000000d:5,0.002,0.0025,0.002,0.002,1.76,2026-06-18T11:49:42,0.002,1.86
ip_shuffle,20260618T114942_671242,of:0000000000000007:2 -> of:000000000000000a:3,0.002,0.0025,0.002,0.001,1.33,2026-06-18T11:49:42,0.002,1.4
ip_shuffle,20260618T114942_671242,of:0000000000000002:2 -> of:0000000000000008:2,0.001,0.00125,0.001,0.001,1.3,2026-06-18T11:49:42,0.001,1.23
ip_shuffle,20260618T114942_671242,of:0000000000000008:1 -> of:000000000000000b:6,0.001,0.00125,0.001,0.001,1.3,2026-06-18T11:49:42,0.001,1.3
ip_shuffle,20260618T114942_671242,of:0000000000000009:1 -> of:000000000000000c:6,0.001,0.00125,0.001,0.001,1.37,2026-06-18T11:49:42,0.001,1.37
ip_shuffle,20260618T114942_671242,of:0000000000000001:2 -> of:000000000000000c:1,0.001,0.00125,0.001,0.001,1.3,2026-06-18T11:49:42,0.001,1.27
ip_shuffle,20260618T114942_671242,of:0000000000000003:2 -> of:0000000000000008:3,0.002,0.0025,0.002,0.002,1.43,2026-06-18T11:49:42,0.001,1.37
ip_shuffle,20260618T115040_343269,of:0000000000000005:1 -> of:000000000000000c:5,0.002,0.0025,0.002,0.002,2.53,2026-06-18T11:50:40,0.002,2.56
ip_shuffle,20260618T115040_343269,of:000000000000000a:1 -> of:000000000000000d:6,0.002,0.0025,0.002,0.002,2.03,2026-06-18T11:50:40,0.002,2.03
ip_shuffle,20260618T115040_343269,of:000000000000000b:2 -> of:000000000000000c:2,0.002,0.0025,0.002,0.002,2.73,2026-06-18T11:50:40,0.002,2.73
ip_shuffle,20260618T115040_343269,of:0000000000000004:2 -> of:0000000000000009:2,0.002,0.0025,0.002,0.002,2.63,2026-06-18T11:50:40,0.002,2.69
ip_shuffle,20260618T115040_343269,of:0000000000000005:2 -> of:0000000000000009:3,0.002,0.0025,0.002,0.002,2.63,2026-06-18T11:50:40,0.002,2.69
ip_shuffle,20260618T115040_343269,of:000000000000000b:3 -> of:000000000000000d:2,0.002,0.0025,0.002,0.002,2.73,2026-06-18T11:50:40,0.002,2.73
ip_shuffle,20260618T115040_343269,of:0000000000000004:1 -> of:000000000000000c:4,0.002,0.0025,0.002,0.002,2.0,2026-06-18T11:50:40,0.002,2.03
ip_shuffle,20260618T115040_343269,of:000000000000000c:3 -> of:000000000000000d:3,0.002,0.0025,0.002,0.002,2.73,2026-06-18T11:50:40,0.002,2.73
ip_shuffle,20260618T115040_343269,of:0000000000000001:1 -> of:000000000000000b:1,0.002,0.0025,0.002,0.002,2.03,2026-06-18T11:50:40,0.002,2.03
ip_shuffle,20260618T115040_343269,of:0000000000000006:1 -> of:000000000000000d:4,0.003,0.00375,0.003,0.002,3.13,2026-06-18T11:50:40,0.003,3.23
ip_shuffle,20260618T115040_343269,of:0000000000000002:1 -> of:000000000000000b:4,0.002,0.0025,0.002,0.002,2.03,2026-06-18T11:50:40,0.002,2.03
ip_shuffle,20260618T115040_343269,of:0000000000000001:3 -> of:000000000000000d:1,0.003,0.00375,0.003,0.003,4.16,2026-06-18T11:50:40,0.003,4.09
ip_shuffle,20260618T115040_343269,of:0000000000000006:2 -> of:000000000000000a:2,0.002,0.0025,0.002,0.002,2.69,2026-06-18T11:50:40,0.002,2.69
ip_shuffle,20260618T115040_343269,of:0000000000000003:1 -> of:000000000000000b:5,0.002,0.0025,0.002,0.002,1.9,2026-06-18T11:50:40,0.002,2.03
ip_shuffle,20260618T115040_343269,of:0000000000000007:1 -> of:000000000000000d:5,0.003,0.00375,0.003,0.003,3.09,2026-06-18T11:50:40,0.003,3.13
ip_shuffle,20260618T115040_343269,of:0000000000000007:2 -> of:000000000000000a:3,0.002,0.0025,0.002,0.002,2.69,2026-06-18T11:50:40,0.002,2.69
ip_shuffle,20260618T115040_343269,of:0000000000000002:2 -> of:0000000000000008:2,0.002,0.0025,0.002,0.002,2.73,2026-06-18T11:50:40,0.002,2.73
ip_shuffle,20260618T115040_343269,of:0000000000000008:1 -> of:000000000000000b:6,0.002,0.0025,0.002,0.002,2.03,2026-06-18T11:50:40,0.002,2.03
ip_shuffle,20260618T115040_343269,of:0000000000000009:1 -> of:000000000000000c:6,0.002,0.0025,0.002,0.002,2.03,2026-06-18T11:50:40,0.002,2.03
ip_shuffle,20260618T115040_343269,of:0000000000000001:2 -> of:000000000000000c:1,0.002,0.0025,0.002,0.002,2.29,2026-06-18T11:50:40,0.002,2.29
ip_shuffle,20260618T115040_343269,of:0000000000000003:2 -> of:0000000000000008:3,0.002,0.0025,0.002,0.002,2.53,2026-06-18T11:50:40,0.002,2.66
route_mutation,20260618T115138_022454,of:0000000000000005:1 -> of:000000000000000c:5,0.002,0.0025,0.002,0.002,1.66,2026-06-18T11:51:38,0.002,1.53
route_mutation,20260618T115138_022454,of:000000000000000a:1 -> of:000000000000000d:6,0.001,0.00125,0.001,0.001,1.4,2026-06-18T11:51:38,0.001,1.4
route_mutation,20260618T115138_022454,of:000000000000000b:2 -> of:000000000000000c:2,0.001,0.00125,0.001,0.001,1.6,2026-06-18T11:51:38,0.001,1.6
route_mutation,20260618T115138_022454,of:0000000000000004:2 -> of:0000000000000009:2,0.002,0.0025,0.002,0.002,1.73,2026-06-18T11:51:38,0.001,1.6
route_mutation,20260618T115138_022454,of:0000000000000005:2 -> of:0000000000000009:3,0.002,0.0025,0.002,0.002,1.73,2026-06-18T11:51:38,0.001,1.6
route_mutation,20260618T115138_022454,of:000000000000000b:3 -> of:000000000000000d:2,0.002,0.0025,0.002,0.002,1.76,2026-06-18T11:51:38,0.002,1.76
route_mutation,20260618T115138_022454,of:0000000000000004:1 -> of:000000000000000c:4,0.002,0.0025,0.002,0.002,2.33,2026-06-18T11:51:38,0.002,2.2
route_mutation,20260618T115138_022454,of:000000000000000c:3 -> of:000000000000000d:3,0.001,0.00125,0.001,0.001,1.6,2026-06-18T11:51:38,0.001,1.6
route_mutation,20260618T115138_022454,of:0000000000000001:1 -> of:000000000000000b:1,0.003,0.00375,0.003,0.003,3.36,2026-06-18T11:51:38,0.003,3.36
route_mutation,20260618T115138_022454,of:0000000000000006:1 -> of:000000000000000d:4,0.002,0.0025,0.002,0.002,1.53,2026-06-18T11:51:38,0.001,1.4
route_mutation,20260618T115138_022454,of:0000000000000002:1 -> of:000000000000000b:4,0.002,0.0025,0.002,0.002,2.5,2026-06-18T11:51:38,0.002,2.5
route_mutation,20260618T115138_022454,of:0000000000000001:3 -> of:000000000000000d:1,0.002,0.0025,0.002,0.002,1.56,2026-06-18T11:51:38,0.002,1.63
route_mutation,20260618T115138_022454,of:0000000000000006:2 -> of:000000000000000a:2,0.002,0.0025,0.002,0.002,1.66,2026-06-18T11:51:38,0.001,1.6
route_mutation,20260618T115138_022454,of:0000000000000003:1 -> of:000000000000000b:5,0.002,0.0025,0.002,0.002,2.63,2026-06-18T11:51:38,0.002,2.56
route_mutation,20260618T115138_022454,of:0000000000000007:1 -> of:000000000000000d:5,0.002,0.0025,0.002,0.002,1.86,2026-06-18T11:51:38,0.002,1.73
route_mutation,20260618T115138_022454,of:0000000000000007:2 -> of:000000000000000a:3,0.002,0.0025,0.002,0.002,1.66,2026-06-18T11:51:38,0.001,1.6
route_mutation,20260618T115138_022454,of:0000000000000002:2 -> of:0000000000000008:2,0.002,0.0025,0.002,0.002,1.66,2026-06-18T11:51:38,0.002,1.66
route_mutation,20260618T115138_022454,of:0000000000000008:1 -> of:000000000000000b:6,0.001,0.00125,0.001,0.001,1.4,2026-06-18T11:51:38,0.001,1.4
route_mutation,20260618T115138_022454,of:0000000000000009:1 -> of:000000000000000c:6,0.001,0.00125,0.001,0.001,1.4,2026-06-18T11:51:38,0.001,1.4
route_mutation,20260618T115138_022454,of:0000000000000001:2 -> of:000000000000000c:1,0.002,0.0025,0.002,0.002,2.66,2026-06-18T11:51:38,0.002,2.66
route_mutation,20260618T115138_022454,of:0000000000000003:2 -> of:0000000000000008:3,0.002,0.0025,0.002,0.002,1.8,2026-06-18T11:51:38,0.002,1.73
route_mutation,20260618T115208_238657,of:0000000000000005:1 -> of:000000000000000c:5,0.002,0.0025,0.002,0.002,2.6,2026-06-18T11:52:08,0.002,2.66
route_mutation,20260618T115208_238657,of:000000000000000a:1 -> of:000000000000000d:6,0.002,0.0025,0.002,0.002,1.96,2026-06-18T11:52:08,0.002,2.0
route_mutation,20260618T115208_238657,of:000000000000000b:2 -> of:000000000000000c:2,0.002,0.0025,0.002,0.002,2.63,2026-06-18T11:52:08,0.002,2.63
route_mutation,20260618T115208_238657,of:0000000000000004:2 -> of:0000000000000009:2,0.002,0.0025,0.002,0.002,2.5,2026-06-18T11:52:08,0.002,2.56
route_mutation,20260618T115208_238657,of:0000000000000005:2 -> of:0000000000000009:3,0.002,0.0025,0.002,0.002,2.5,2026-06-18T11:52:08,0.002,2.56
route_mutation,20260618T115208_238657,of:000000000000000b:3 -> of:000000000000000d:2,0.002,0.0025,0.002,0.002,2.63,2026-06-18T11:52:08,0.002,2.63
route_mutation,20260618T115208_238657,of:0000000000000004:1 -> of:000000000000000c:4,0.002,0.0025,0.002,0.002,1.93,2026-06-18T11:52:08,0.002,2.0
route_mutation,20260618T115208_238657,of:000000000000000c:3 -> of:000000000000000d:3,0.002,0.0025,0.002,0.002,2.66,2026-06-18T11:52:08,0.002,2.66
route_mutation,20260618T115208_238657,of:0000000000000001:1 -> of:000000000000000b:1,0.002,0.0025,0.002,0.002,1.96,2026-06-18T11:52:08,0.002,2.03
route_mutation,20260618T115208_238657,of:0000000000000006:1 -> of:000000000000000d:4,0.003,0.00375,0.003,0.002,3.0,2026-06-18T11:52:08,0.003,3.1
route_mutation,20260618T115208_238657,of:0000000000000002:1 -> of:000000000000000b:4,0.002,0.0025,0.002,0.002,2.03,2026-06-18T11:52:08,0.002,1.96
route_mutation,20260618T115208_238657,of:0000000000000001:3 -> of:000000000000000d:1,0.003,0.00375,0.003,0.003,4.13,2026-06-18T11:52:08,0.003,4.03
route_mutation,20260618T115208_238657,of:0000000000000006:2 -> of:000000000000000a:2,0.002,0.0025,0.002,0.002,2.6,2026-06-18T11:52:08,0.002,2.6
route_mutation,20260618T115208_238657,of:0000000000000003:1 -> of:000000000000000b:5,0.002,0.0025,0.002,0.002,2.03,2026-06-18T11:52:08,0.002,1.96
route_mutation,20260618T115208_238657,of:0000000000000007:1 -> of:000000000000000d:5,0.002,0.0025,0.002,0.002,2.76,2026-06-18T11:52:08,0.002,2.8
route_mutation,20260618T115208_238657,of:0000000000000007:2 -> of:000000000000000a:3,0.002,0.0025,0.002,0.002,2.6,2026-06-18T11:52:08,0.002,2.6
route_mutation,20260618T115208_238657,of:0000000000000002:2 -> of:0000000000000008:2,0.002,0.0025,0.002,0.002,2.66,2026-06-18T11:52:08,0.002,2.66
route_mutation,20260618T115208_238657,of:0000000000000008:1 -> of:000000000000000b:6,0.002,0.0025,0.002,0.002,1.96,2026-06-18T11:52:08,0.002,1.96
route_mutation,20260618T115208_238657,of:0000000000000009:1 -> of:000000000000000c:6,0.002,0.0025,0.002,0.002,1.96,2026-06-18T11:52:08,0.002,2.0
route_mutation,20260618T115208_238657,of:0000000000000001:2 -> of:000000000000000c:1,0.002,0.0025,0.002,0.002,2.4,2026-06-18T11:52:08,0.002,2.43
route_mutation,20260618T115208_238657,of:0000000000000003:2 -> of:0000000000000008:3,0.002,0.0025,0.002,0.002,2.6,2026-06-18T11:52:08,0.002,2.66
route_mutation,20260618T115238_483068,of:0000000000000005:1 -> of:000000000000000c:5,0.001,0.00125,0.001,0.001,1.3,2026-06-18T11:52:38,0.001,1.37
route_mutation,20260618T115238_483068,of:000000000000000a:1 -> of:000000000000000d:6,0.002,0.0025,0.002,0.002,1.4,2026-06-18T11:52:38,0.002,1.37
route_mutation,20260618T115238_483068,of:000000000000000b:2 -> of:000000000000000c:2,0.002,0.0025,0.002,0.002,1.43,2026-06-18T11:52:38,0.002,1.43
route_mutation,20260618T115238_483068,of:0000000000000004:2 -> of:0000000000000009:2,0.002,0.0025,0.002,0.001,1.43,2026-06-18T11:52:38,0.002,1.5
route_mutation,20260618T115238_483068,of:0000000000000005:2 -> of:0000000000000009:3,0.002,0.0025,0.002,0.001,1.43,2026-06-18T11:52:38,0.002,1.5
route_mutation,20260618T115238_483068,of:000000000000000b:3 -> of:000000000000000d:2,0.002,0.0025,0.002,0.002,1.43,2026-06-18T11:52:38,0.002,1.43
route_mutation,20260618T115238_483068,of:0000000000000004:1 -> of:000000000000000c:4,0.001,0.00125,0.001,0.001,1.3,2026-06-18T11:52:38,0.001,1.37
route_mutation,20260618T115238_483068,of:000000000000000c:3 -> of:000000000000000d:3,0.002,0.0025,0.002,0.002,1.4,2026-06-18T11:52:38,0.002,1.4
route_mutation,20260618T115238_483068,of:0000000000000001:1 -> of:000000000000000b:1,0.001,0.00125,0.001,0.001,1.33,2026-06-18T11:52:38,0.001,1.27
route_mutation,20260618T115238_483068,of:0000000000000006:1 -> of:000000000000000d:4,0.001,0.00125,0.001,0.001,1.33,2026-06-18T11:52:38,0.001,1.37
route_mutation,20260618T115238_483068,of:0000000000000002:1 -> of:000000000000000b:4,0.001,0.00125,0.001,0.001,1.27,2026-06-18T11:52:38,0.001,1.33
route_mutation,20260618T115238_483068,of:0000000000000001:3 -> of:000000000000000d:1,0.002,0.0025,0.002,0.002,1.53,2026-06-18T11:52:38,0.002,1.57
route_mutation,20260618T115238_483068,of:0000000000000006:2 -> of:000000000000000a:2,0.002,0.0025,0.002,0.001,1.4,2026-06-18T11:52:38,0.002,1.47
route_mutation,20260618T115238_483068,of:0000000000000003:1 -> of:000000000000000b:5,0.001,0.00125,0.001,0.001,1.27,2026-06-18T11:52:38,0.001,1.33
route_mutation,20260618T115238_483068,of:0000000000000007:1 -> of:000000000000000d:5,0.002,0.0025,0.002,0.002,1.66,2026-06-18T11:52:38,0.002,1.76
route_mutation,20260618T115238_483068,of:0000000000000007:2 -> of:000000000000000a:3,0.002,0.0025,0.002,0.001,1.4,2026-06-18T11:52:38,0.002,1.47
route_mutation,20260618T115238_483068,of:0000000000000002:2 -> of:0000000000000008:2,0.001,0.00125,0.001,0.001,1.33,2026-06-18T11:52:38,0.001,1.33
route_mutation,20260618T115238_483068,of:0000000000000008:1 -> of:000000000000000b:6,0.002,0.0025,0.002,0.002,1.4,2026-06-18T11:52:38,0.002,1.4
route_mutation,20260618T115238_483068,of:0000000000000009:1 -> of:000000000000000c:6,0.002,0.0025,0.002,0.002,1.4,2026-06-18T11:52:38,0.001,1.37
route_mutation,20260618T115238_483068,of:0000000000000001:2 -> of:000000000000000c:1,0.001,0.00125,0.001,0.001,1.3,2026-06-18T11:52:38,0.001,1.27
route_mutation,20260618T115238_483068,of:0000000000000003:2 -> of:0000000000000008:3,0.002,0.0025,0.002,0.002,1.4,2026-06-18T11:52:38,0.001,1.33
ip_shuffle,20260618T115308_715013,of:0000000000000005:1 -> of:000000000000000c:5,0.002,0.0025,0.002,0.002,1.56,2026-06-18T11:53:08,0.002,1.5
ip_shuffle,20260618T115308_715013,of:000000000000000a:1 -> of:000000000000000d:6,0.001,0.00125,0.001,0.001,1.4,2026-06-18T11:53:08,0.001,1.4
ip_shuffle,20260618T115308_715013,of:000000000000000b:2 -> of:000000000000000c:2,0.001,0.00125,0.001,0.001,1.6,2026-06-18T11:53:08,0.001,1.6
ip_shuffle,20260618T115308_715013,of:0000000000000004:2 -> of:0000000000000009:2,0.002,0.0025,0.002,0.002,1.73,2026-06-18T11:53:08,0.001,1.6
ip_shuffle,20260618T115308_715013,of:0000000000000005:2 -> of:0000000000000009:3,0.002,0.0025,0.002,0.002,1.73,2026-06-18T11:53:08,0.002,1.66
ip_shuffle,20260618T115308_715013,of:000000000000000b:3 -> of:000000000000000d:2,0.001,0.00125,0.001,0.001,1.6,2026-06-18T11:53:08,0.001,1.6
ip_shuffle,20260618T115308_715013,of:0000000000000004:1 -> of:000000000000000c:4,0.002,0.0025,0.002,0.002,2.29,2026-06-18T11:53:08,0.002,2.16
ip_shuffle,20260618T115308_715013,of:000000000000000c:3 -> of:000000000000000d:3,0.001,0.00125,0.001,0.001,1.6,2026-06-18T11:53:08,0.001,1.6
ip_shuffle,20260618T115308_715013,of:0000000000000001:1 -> of:000000000000000b:1,0.003,0.00375,0.003,0.003,3.53,2026-06-18T11:53:08,0.003,3.53
ip_shuffle,20260618T115308_715013,of:0000000000000006:1 -> of:000000000000000d:4,0.002,0.0025,0.002,0.002,1.53,2026-06-18T11:53:08,0.001,1.4
ip_shuffle,20260618T115308_715013,of:0000000000000002:1 -> of:000000000000000b:4,0.002,0.0025,0.002,0.002,2.49,2026-06-18T11:53:08,0.002,2.49
ip_shuffle,20260618T115308_715013,of:0000000000000001:3 -> of:000000000000000d:1,0.001,0.00125,0.001,0.001,1.4,2026-06-18T11:53:08,0.001,1.46
ip_shuffle,20260618T115308_715013,of:0000000000000006:2 -> of:000000000000000a:2,0.002,0.0025,0.002,0.002,1.73,2026-06-18T11:53:08,0.001,1.6
ip_shuffle,20260618T115308_715013,of:0000000000000003:1 -> of:000000000000000b:5,0.002,0.0025,0.002,0.002,2.49,2026-06-18T11:53:08,0.002,2.49
ip_shuffle,20260618T115308_715013,of:0000000000000007:1 -> of:000000000000000d:5,0.002,0.0025,0.002,0.002,1.53,2026-06-18T11:53:08,0.001,1.4
ip_shuffle,20260618T115308_715013,of:0000000000000007:2 -> of:000000000000000a:3,0.002,0.0025,0.002,0.002,1.73,2026-06-18T11:53:08,0.001,1.6
ip_shuffle,20260618T115308_715013,of:0000000000000002:2 -> of:0000000000000008:2,0.002,0.0025,0.002,0.002,1.66,2026-06-18T11:53:08,0.002,1.66
ip_shuffle,20260618T115308_715013,of:0000000000000008:1 -> of:000000000000000b:6,0.001,0.00125,0.001,0.001,1.4,2026-06-18T11:53:08,0.001,1.4
ip_shuffle,20260618T115308_715013,of:0000000000000009:1 -> of:000000000000000c:6,0.001,0.00125,0.001,0.001,1.4,2026-06-18T11:53:08,0.001,1.4
ip_shuffle,20260618T115308_715013,of:0000000000000001:2 -> of:000000000000000c:1,0.002,0.0025,0.002,0.002,2.49,2026-06-18T11:53:08,0.002,2.53
ip_shuffle,20260618T115308_715013,of:0000000000000003:2 -> of:0000000000000008:3,0.002,0.0025,0.002,0.002,1.66,2026-06-18T11:53:08,0.002,1.66
ip_shuffle,20260618T115406_309721,of:0000000000000005:1 -> of:000000000000000c:5,0.002,0.0025,0.002,0.001,1.53,2026-06-18T11:54:06,0.002,1.63
ip_shuffle,20260618T115406_309721,of:000000000000000a:1 -> of:000000000000000d:6,0.002,0.0025,0.002,0.002,1.63,2026-06-18T11:54:06,0.002,1.66
ip_shuffle,20260618T115406_309721,of:000000000000000b:2 -> of:000000000000000c:2,0.002,0.0025,0.002,0.002,1.93,2026-06-18T11:54:06,0.002,1.93
ip_shuffle,20260618T115406_309721,of:0000000000000004:2 -> of:0000000000000009:2,0.002,0.0025,0.002,0.002,1.9,2026-06-18T11:54:06,0.002,1.96
ip_shuffle,20260618T115406_309721,of:0000000000000005:2 -> of:0000000000000009:3,0.002,0.0025,0.002,0.002,1.9,2026-06-18T11:54:06,0.002,1.96
ip_shuffle,20260618T115406_309721,of:000000000000000b:3 -> of:000000000000000d:2,0.002,0.0025,0.002,0.002,1.93,2026-06-18T11:54:06,0.002,1.93
ip_shuffle,20260618T115406_309721,of:0000000000000004:1 -> of:000000000000000c:4,0.002,0.0025,0.002,0.001,1.53,2026-06-18T11:54:06,0.002,1.63
ip_shuffle,20260618T115406_309721,of:000000000000000c:3 -> of:000000000000000d:3,0.002,0.0025,0.002,0.002,1.93,2026-06-18T11:54:06,0.002,1.93
ip_shuffle,20260618T115406_309721,of:0000000000000001:1 -> of:000000000000000b:1,0.002,0.0025,0.002,0.002,1.56,2026-06-18T11:54:06,0.001,1.46
ip_shuffle,20260618T115406_309721,of:0000000000000006:1 -> of:000000000000000d:4,0.002,0.0025,0.002,0.002,1.6,2026-06-18T11:54:06,0.002,1.63
ip_shuffle,20260618T115406_309721,of:0000000000000002:1 -> of:000000000000000b:4,0.002,0.0025,0.002,0.001,1.46,2026-06-18T11:54:06,0.002,1.56
ip_shuffle,20260618T115406_309721,of:0000000000000001:3 -> of:000000000000000d:1,0.002,0.0025,0.002,0.002,2.53,2026-06-18T11:54:06,0.002,2.6
ip_shuffle,20260618T115406_309721,of:0000000000000006:2 -> of:000000000000000a:2,0.002,0.0025,0.002,0.002,1.9,2026-06-18T11:54:06,0.002,1.96
ip_shuffle,20260618T115406_309721,of:0000000000000003:1 -> of:000000000000000b:5,0.002,0.0025,0.002,0.001,1.46,2026-06-18T11:54:06,0.002,1.56
ip_shuffle,20260618T115406_309721,of:0000000000000007:1 -> of:000000000000000d:5,0.002,0.0025,0.002,0.002,2.66,2026-06-18T11:54:06,0.002,2.73
ip_shuffle,20260618T115406_309721,of:0000000000000007:2 -> of:000000000000000a:3,0.002,0.0025,0.002,0.002,1.86,2026-06-18T11:54:06,0.002,1.93
ip_shuffle,20260618T115406_309721,of:0000000000000002:2 -> of:0000000000000008:2,0.002,0.0025,0.002,0.002,1.76,2026-06-18T11:54:06,0.002,1.76
ip_shuffle,20260618T115406_309721,of:0000000000000008:1 -> of:000000000000000b:6,0.002,0.0025,0.002,0.002,1.63,2026-06-18T11:54:06,0.002,1.63
ip_shuffle,20260618T115406_309721,of:0000000000000009:1 -> of:000000000000000c:6,0.002,0.0025,0.002,0.002,1.63,2026-06-18T11:54:06,0.002,1.63
ip_shuffle,20260618T115406_309721,of:0000000000000001:2 -> of:000000000000000c:1,0.002,0.0025,0.002,0.002,1.56,2026-06-18T11:54:06,0.001,1.46
ip_shuffle,20260618T115406_309721,of:0000000000000003:2 -> of:0000000000000008:3,0.002,0.0025,0.002,0.002,1.76,2026-06-18T11:54:06,0.002,1.76
route_mutation,20260618T115504_960579,of:0000000000000005:1 -> of:000000000000000c:5,0.002,0.0025,0.002,0.002,2.43,2026-06-18T11:55:04,0.002,2.43
route_mutation,20260618T115504_960579,of:000000000000000a:1 -> of:000000000000000d:6,0.002,0.0025,0.002,0.002,1.66,2026-06-18T11:55:04,0.002,1.7
route_mutation,20260618T115504_960579,of:000000000000000b:2 -> of:000000000000000c:2,0.002,0.0025,0.002,0.002,2.03,2026-06-18T11:55:04,0.002,2.03
route_mutation,20260618T115504_960579,of:0000000000000004:2 -> of:0000000000000009:2,0.002,0.0025,0.002,0.002,2.0,2026-06-18T11:55:04,0.002,2.13
route_mutation,20260618T115504_960579,of:0000000000000005:2 -> of:0000000000000009:3,0.002,0.0025,0.002,0.002,1.9,2026-06-18T11:55:04,0.002,1.9
route_mutation,20260618T115504_960579,of:000000000000000b:3 -> of:000000000000000d:2,0.002,0.0025,0.002,0.002,2.03,2026-06-18T11:55:04,0.002,2.03
route_mutation,20260618T115504_960579,of:0000000000000004:1 -> of:000000000000000c:4,0.002,0.0025,0.002,0.002,2.43,2026-06-18T11:55:04,0.002,2.4
route_mutation,20260618T115504_960579,of:000000000000000c:3 -> of:000000000000000d:3,0.002,0.0025,0.002,0.002,2.06,2026-06-18T11:55:04,0.002,2.06
route_mutation,20260618T115504_960579,of:0000000000000001:1 -> of:000000000000000b:1,0.002,0.0025,0.002,0.002,1.83,2026-06-18T11:55:04,0.002,1.93
route_mutation,20260618T115504_960579,of:0000000000000006:1 -> of:000000000000000d:4,0.002,0.0025,0.002,0.002,2.63,2026-06-18T11:55:04,0.002,2.73
route_mutation,20260618T115504_960579,of:0000000000000002:1 -> of:000000000000000b:4,0.002,0.0025,0.002,0.002,1.8,2026-06-18T11:55:04,0.002,1.66
route_mutation,20260618T115504_960579,of:0000000000000001:3 -> of:000000000000000d:1,0.003,0.00375,0.003,0.003,3.0,2026-06-18T11:55:04,0.003,2.9
route_mutation,20260618T115504_960579,of:0000000000000006:2 -> of:000000000000000a:2,0.002,0.0025,0.002,0.002,1.93,2026-06-18T11:55:04,0.002,2.0
route_mutation,20260618T115504_960579,of:0000000000000003:1 -> of:000000000000000b:5,0.002,0.0025,0.002,0.002,1.96,2026-06-18T11:55:04,0.002,1.83
route_mutation,20260618T115504_960579,of:0000000000000007:1 -> of:000000000000000d:5,0.002,0.0025,0.002,0.002,1.7,2026-06-18T11:55:04,0.002,1.73
route_mutation,20260618T115504_960579,of:0000000000000007:2 -> of:000000000000000a:3,0.002,0.0025,0.002,0.002,1.93,2026-06-18T11:55:04,0.002,2.0
route_mutation,20260618T115504_960579,of:0000000000000002:2 -> of:0000000000000008:2,0.002,0.0025,0.002,0.002,2.1,2026-06-18T11:55:04,0.002,2.1
route_mutation,20260618T115504_960579,of:0000000000000008:1 -> of:000000000000000b:6,0.002,0.0025,0.002,0.002,1.66,2026-06-18T11:55:04,0.002,1.66
route_mutation,20260618T115504_960579,of:0000000000000009:1 -> of:000000000000000c:6,0.002,0.0025,0.002,0.002,1.66,2026-06-18T11:55:04,0.002,1.7
route_mutation,20260618T115504_960579,of:0000000000000001:2 -> of:000000000000000c:1,0.003,0.00375,0.003,0.003,3.26,2026-06-18T11:55:04,0.003,3.33
route_mutation,20260618T115504_960579,of:0000000000000003:2 -> of:0000000000000008:3,0.002,0.0025,0.002,0.002,2.13,2026-06-18T11:55:04,0.002,2.13
ip_shuffle,20260618T115535_199142,of:0000000000000005:1 -> of:000000000000000c:5,0.002,0.0025,0.002,0.001,1.6,2026-06-18T11:55:35,0.002,1.66
ip_shuffle,20260618T115535_199142,of:000000000000000a:1 -> of:000000000000000d:6,0.002,0.0025,0.002,0.002,1.7,2026-06-18T11:55:35,0.002,1.66
ip_shuffle,20260618T115535_199142,of:000000000000000b:2 -> of:000000000000000c:2,0.002,0.0025,0.002,0.002,2.03,2026-06-18T11:55:35,0.002,2.03
ip_shuffle,20260618T115535_199142,of:0000000000000004:2 -> of:0000000000000009:2,0.002,0.0025,0.002,0.002,1.93,2026-06-18T11:55:35,0.002,1.86
ip_shuffle,20260618T115535_199142,of:0000000000000005:2 -> of:0000000000000009:3,0.002,0.0025,0.002,0.002,2.03,2026-06-18T11:55:35,0.002,2.1
ip_shuffle,20260618T115535_199142,of:000000000000000b:3 -> of:000000000000000d:2,0.002,0.0025,0.002,0.002,2.03,2026-06-18T11:55:35,0.002,2.03
ip_shuffle,20260618T115535_199142,of:0000000000000004:1 -> of:000000000000000c:4,0.002,0.0025,0.002,0.001,1.5,2026-06-18T11:55:35,0.002,1.6
ip_shuffle,20260618T115535_199142,of:000000000000000c:3 -> of:000000000000000d:3,0.002,0.0025,0.002,0.002,2.0,2026-06-18T11:55:35,0.002,2.0
ip_shuffle,20260618T115535_199142,of:0000000000000001:1 -> of:000000000000000b:1,0.002,0.0025,0.002,0.002,1.63,2026-06-18T11:55:35,0.002,1.53
ip_shuffle,20260618T115535_199142,of:0000000000000006:1 -> of:000000000000000d:4,0.002,0.0025,0.002,0.002,1.7,2026-06-18T11:55:35,0.002,1.73
ip_shuffle,20260618T115535_199142,of:0000000000000002:1 -> of:000000000000000b:4,0.002,0.0025,0.002,0.001,1.5,2026-06-18T11:55:35,0.002,1.7
ip_shuffle,20260618T115535_199142,of:0000000000000001:3 -> of:000000000000000d:1,0.002,0.0025,0.002,0.002,2.6,2026-06-18T11:55:35,0.002,2.63
ip_shuffle,20260618T115535_199142,of:0000000000000006:2 -> of:000000000000000a:2,0.002,0.0025,0.002,0.002,2.0,2026-06-18T11:55:35,0.002,2.06
ip_shuffle,20260618T115535_199142,of:0000000000000003:1 -> of:000000000000000b:5,0.002,0.0025,0.002,0.001,1.5,2026-06-18T11:55:35,0.002,1.63
ip_shuffle,20260618T115535_199142,of:0000000000000007:1 -> of:000000000000000d:5,0.002,0.0025,0.002,0.002,2.7,2026-06-18T11:55:35,0.002,2.73
ip_shuffle,20260618T115535_199142,of:0000000000000007:2 -> of:000000000000000a:3,0.002,0.0025,0.002,0.002,2.06,2026-06-18T11:55:35,0.002,2.06
ip_shuffle,20260618T115535_199142,of:0000000000000002:2 -> of:0000000000000008:2,0.002,0.0025,0.002,0.002,1.9,2026-06-18T11:55:35,0.002,1.96
ip_shuffle,20260618T115535_199142,of:0000000000000008:1 -> of:000000000000000b:6,0.002,0.0025,0.002,0.002,1.7,2026-06-18T11:55:35,0.002,1.7
ip_shuffle,20260618T115535_199142,of:0000000000000009:1 -> of:000000000000000c:6,0.002,0.0025,0.002,0.002,1.7,2026-06-18T11:55:35,0.002,1.66
ip_shuffle,20260618T115535_199142,of:0000000000000001:2 -> of:000000000000000c:1,0.002,0.0025,0.002,0.002,1.66,2026-06-18T11:55:35,0.002,1.53
ip_shuffle,20260618T115535_199142,of:0000000000000003:2 -> of:0000000000000008:3,0.002,0.0025,0.002,0.002,1.86,2026-06-18T11:55:35,0.002,1.86
route_mutation,20260618T115632_851402,of:0000000000000005:1 -> of:000000000000000c:5,0.002,0.0025,0.002,0.002,1.93,2026-06-18T11:56:32,0.002,1.86
route_mutation,20260618T115632_851402,of:000000000000000a:1 -> of:000000000000000d:6,0.001,0.00125,0.001,0.001,1.46,2026-06-18T11:56:32,0.001,1.46
route_mutation,20260618T115632_851402,of:000000000000000b:2 -> of:000000000000000c:2,0.002,0.0025,0.002,0.002,1.73,2026-06-18T11:56:32,0.002,1.73
route_mutation,20260618T115632_851402,of:0000000000000004:2 -> of:0000000000000009:2,0.002,0.0025,0.002,0.001,1.6,2026-06-18T11:56:32,0.002,1.73
route_mutation,20260618T115632_851402,of:0000000000000005:2 -> of:0000000000000009:3,0.002,0.0025,0.002,0.002,1.66,2026-06-18T11:56:32,0.002,1.66
route_mutation,20260618T115632_851402,of:000000000000000b:3 -> of:000000000000000d:2,0.002,0.0025,0.002,0.002,1.66,2026-06-18T11:56:32,0.002,1.66
route_mutation,20260618T115632_851402,of:0000000000000004:1 -> of:000000000000000c:4,0.002,0.0025,0.002,0.002,2.26,2026-06-18T11:56:32,0.002,2.33
route_mutation,20260618T115632_851402,of:000000000000000c:3 -> of:000000000000000d:3,0.002,0.0025,0.002,0.002,1.66,2026-06-18T11:56:32,0.002,1.66
route_mutation,20260618T115632_851402,of:0000000000000001:1 -> of:000000000000000b:1,0.003,0.00375,0.003,0.003,3.36,2026-06-18T11:56:32,0.003,3.33
route_mutation,20260618T115632_851402,of:0000000000000006:1 -> of:000000000000000d:4,0.001,0.00125,0.001,0.001,1.46,2026-06-18T11:56:32,0.001,1.46
route_mutation,20260618T115632_851402,of:0000000000000002:1 -> of:000000000000000b:4,0.002,0.0025,0.002,0.002,2.3,2026-06-18T11:56:32,0.002,2.3
route_mutation,20260618T115632_851402,of:0000000000000001:3 -> of:000000000000000d:1,0.002,0.0025,0.002,0.002,1.56,2026-06-18T11:56:32,0.002,1.5
route_mutation,20260618T115632_851402,of:0000000000000006:2 -> of:000000000000000a:2,0.002,0.0025,0.002,0.002,1.66,2026-06-18T11:56:32,0.002,1.73
route_mutation,20260618T115632_851402,of:0000000000000003:1 -> of:000000000000000b:5,0.002,0.0025,0.002,0.002,2.5,2026-06-18T11:56:32,0.002,2.56
route_mutation,20260618T115632_851402,of:0000000000000007:1 -> of:000000000000000d:5,0.001,0.00125,0.001,0.001,1.46,2026-06-18T11:56:32,0.001,1.46
route_mutation,20260618T115632_851402,of:0000000000000007:2 -> of:000000000000000a:3,0.002,0.0025,0.002,0.002,1.66,2026-06-18T11:56:32,0.002,1.73
route_mutation,20260618T115632_851402,of:0000000000000002:2 -> of:0000000000000008:2,0.002,0.0025,0.002,0.002,1.73,2026-06-18T11:56:32,0.002,1.73
route_mutation,20260618T115632_851402,of:0000000000000008:1 -> of:000000000000000b:6,0.002,0.0025,0.002,0.002,1.53,2026-06-18T11:56:32,0.002,1.53
route_mutation,20260618T115632_851402,of:0000000000000009:1 -> of:000000000000000c:6,0.002,0.0025,0.002,0.002,1.53,2026-06-18T11:56:32,0.002,1.53
route_mutation,20260618T115632_851402,of:0000000000000001:2 -> of:000000000000000c:1,0.003,0.00375,0.003,0.003,2.96,2026-06-18T11:56:32,0.003,2.96
route_mutation,20260618T115632_851402,of:0000000000000003:2 -> of:0000000000000008:3,0.002,0.0025,0.002,0.002,1.66,2026-06-18T11:56:32,0.002,1.73
ip_shuffle,20260618T115703_104553,of:0000000000000005:1 -> of:000000000000000c:5,0.002,0.0025,0.002,0.002,2.43,2026-06-18T11:57:03,0.002,2.56
ip_shuffle,20260618T115703_104553,of:000000000000000a:1 -> of:000000000000000d:6,0.002,0.0025,0.002,0.002,2.03,2026-06-18T11:57:03,0.002,2.03
ip_shuffle,20260618T115703_104553,of:000000000000000b:2 -> of:000000000000000c:2,0.002,0.0025,0.002,0.002,2.73,2026-06-18T11:57:03,0.002,2.73
ip_shuffle,20260618T115703_104553,of:0000000000000004:2 -> of:0000000000000009:2,0.002,0.0025,0.002,0.002,2.73,2026-06-18T11:57:03,0.002,2.66
ip_shuffle,20260618T115703_104553,of:0000000000000005:2 -> of:0000000000000009:3,0.002,0.0025,0.002,0.002,2.8,2026-06-18T11:57:03,0.002,2.86
ip_shuffle,20260618T115703_104553,of:000000000000000b:3 -> of:000000000000000d:2,0.002,0.0025,0.002,0.002,2.73,2026-06-18T11:57:03,0.002,2.73
ip_shuffle,20260618T115703_104553,of:0000000000000004:1 -> of:000000000000000c:4,0.002,0.0025,0.002,0.002,1.96,2026-06-18T11:57:03,0.002,1.96
ip_shuffle,20260618T115703_104553,of:000000000000000c:3 -> of:000000000000000d:3,0.002,0.0025,0.002,0.002,2.73,2026-06-18T11:57:03,0.002,2.73
ip_shuffle,20260618T115703_104553,of:0000000000000001:1 -> of:000000000000000b:1,0.002,0.0025,0.002,0.002,1.96,2026-06-18T11:57:03,0.002,1.96
ip_shuffle,20260618T115703_104553,of:0000000000000006:1 -> of:000000000000000d:4,0.003,0.00375,0.003,0.002,3.06,2026-06-18T11:57:03,0.003,3.13
ip_shuffle,20260618T115703_104553,of:0000000000000002:1 -> of:000000000000000b:4,0.002,0.0025,0.002,0.002,1.96,2026-06-18T11:57:03,0.002,2.03
ip_shuffle,20260618T115703_104553,of:0000000000000001:3 -> of:000000000000000d:1,0.003,0.00375,0.003,0.003,4.23,2026-06-18T11:57:03,0.003,4.16
ip_shuffle,20260618T115703_104553,of:0000000000000006:2 -> of:000000000000000a:2,0.002,0.0025,0.002,0.002,2.66,2026-06-18T11:57:03,0.002,2.73
ip_shuffle,20260618T115703_104553,of:0000000000000003:1 -> of:000000000000000b:5,0.002,0.0025,0.002,0.002,1.96,2026-06-18T11:57:03,0.002,1.96
ip_shuffle,20260618T115703_104553,of:0000000000000007:1 -> of:000000000000000d:5,0.003,0.00375,0.003,0.003,3.03,2026-06-18T11:57:03,0.002,2.96
ip_shuffle,20260618T115703_104553,of:0000000000000007:2 -> of:000000000000000a:3,0.002,0.0025,0.002,0.002,2.73,2026-06-18T11:57:03,0.002,2.73
ip_shuffle,20260618T115703_104553,of:0000000000000002:2 -> of:0000000000000008:2,0.002,0.0025,0.002,0.002,2.66,2026-06-18T11:57:03,0.002,2.73
ip_shuffle,20260618T115703_104553,of:0000000000000008:1 -> of:000000000000000b:6,0.002,0.0025,0.002,0.002,2.03,2026-06-18T11:57:03,0.002,2.03
ip_shuffle,20260618T115703_104553,of:0000000000000009:1 -> of:000000000000000c:6,0.002,0.0025,0.002,0.002,2.03,2026-06-18T11:57:03,0.002,2.03
ip_shuffle,20260618T115703_104553,of:0000000000000001:2 -> of:000000000000000c:1,0.002,0.0025,0.002,0.002,2.2,2026-06-18T11:57:03,0.002,2.13
ip_shuffle,20260618T115703_104553,of:0000000000000003:2 -> of:0000000000000008:3,0.002,0.0025,0.002,0.002,2.66,2026-06-18T11:57:03,0.002,2.66
route_mutation,20260618T115800_706273,of:0000000000000005:1 -> of:000000000000000c:5,0.002,0.0025,0.002,0.002,2.0,2026-06-18T11:58:00,0.002,2.06
route_mutation,20260618T115800_706273,of:000000000000000a:1 -> of:000000000000000d:6,0.001,0.00125,0.001,0.001,1.46,2026-06-18T11:58:00,0.001,1.46
route_mutation,20260618T115800_706273,of:000000000000000b:2 -> of:000000000000000c:2,0.002,0.0025,0.002,0.002,1.73,2026-06-18T11:58:00,0.002,1.73
route_mutation,20260618T115800_706273,of:0000000000000004:2 -> of:0000000000000009:2,0.002,0.0025,0.002,0.002,1.66,2026-06-18T11:58:00,0.002,1.73
route_mutation,20260618T115800_706273,of:0000000000000005:2 -> of:0000000000000009:3,0.002,0.0025,0.002,0.002,1.66,2026-06-18T11:58:00,0.002,1.73
route_mutation,20260618T115800_706273,of:000000000000000b:3 -> of:000000000000000d:2,0.002,0.0025,0.002,0.002,1.66,2026-06-18T11:58:00,0.002,1.66
route_mutation,20260618T115800_706273,of:0000000000000004:1 -> of:000000000000000c:4,0.002,0.0025,0.002,0.002,2.26,2026-06-18T11:58:00,0.002,2.33
route_mutation,20260618T115800_706273,of:000000000000000c:3 -> of:000000000000000d:3,0.002,0.0025,0.002,0.002,1.66,2026-06-18T11:58:00,0.002,1.66
route_mutation,20260618T115800_706273,of:0000000000000001:1 -> of:000000000000000b:1,0.003,0.00375,0.003,0.003,3.46,2026-06-18T11:58:00,0.003,3.43
route_mutation,20260618T115800_706273,of:0000000000000006:1 -> of:000000000000000d:4,0.001,0.00125,0.001,0.001,1.46,2026-06-18T11:58:00,0.001,1.46
route_mutation,20260618T115800_706273,of:0000000000000002:1 -> of:000000000000000b:4,0.002,0.0025,0.002,0.002,2.4,2026-06-18T11:58:00,0.002,2.4
route_mutation,20260618T115800_706273,of:0000000000000001:3 -> of:000000000000000d:1,0.002,0.0025,0.002,0.002,1.53,2026-06-18T11:58:00,0.001,1.46
route_mutation,20260618T115800_706273,of:0000000000000006:2 -> of:000000000000000a:2,0.002,0.0025,0.002,0.002,1.66,2026-06-18T11:58:00,0.002,1.73
route_mutation,20260618T115800_706273,of:0000000000000003:1 -> of:000000000000000b:5,0.002,0.0025,0.002,0.002,2.5,2026-06-18T11:58:00,0.002,2.56
route_mutation,20260618T115800_706273,of:0000000000000007:1 -> of:000000000000000d:5,0.001,0.00125,0.001,0.001,1.46,2026-06-18T11:58:00,0.001,1.46
route_mutation,20260618T115800_706273,of:0000000000000007:2 -> of:000000000000000a:3,0.002,0.0025,0.002,0.002,1.66,2026-06-18T11:58:00,0.002,1.73
route_mutation,20260618T115800_706273,of:0000000000000002:2 -> of:0000000000000008:2,0.002,0.0025,0.002,0.002,1.73,2026-06-18T11:58:00,0.002,1.73
route_mutation,20260618T115800_706273,of:0000000000000008:1 -> of:000000000000000b:6,0.002,0.0025,0.002,0.002,1.53,2026-06-18T11:58:00,0.002,1.53
route_mutation,20260618T115800_706273,of:0000000000000009:1 -> of:000000000000000c:6,0.002,0.0025,0.002,0.002,1.53,2026-06-18T11:58:00,0.002,1.53
route_mutation,20260618T115800_706273,of:0000000000000001:2 -> of:000000000000000c:1,0.003,0.00375,0.003,0.003,2.8,2026-06-18T11:58:00,0.003,2.8
route_mutation,20260618T115800_706273,of:0000000000000003:2 -> of:0000000000000008:3,0.002,0.0025,0.002,0.002,1.66,2026-06-18T11:58:00,0.002,1.73
route_mutation,20260618T115830_957204,of:0000000000000005:1 -> of:000000000000000c:5,0.002,0.0025,0.002,0.002,2.23,2026-06-18T11:58:30,0.002,2.26
route_mutation,20260618T115830_957204,of:000000000000000a:1 -> of:000000000000000d:6,0.002,0.0025,0.002,0.002,2.0,2026-06-18T11:58:30,0.002,2.0
route_mutation,20260618T115830_957204,of:000000000000000b:2 -> of:000000000000000c:2,0.002,0.0025,0.002,0.002,2.66,2026-06-18T11:58:30,0.002,2.66
route_mutation,20260618T115830_957204,of:0000000000000004:2 -> of:0000000000000009:2,0.002,0.0025,0.002,0.002,2.63,2026-06-18T11:58:30,0.002,2.63
route_mutation,20260618T115830_957204,of:0000000000000005:2 -> of:0000000000000009:3,0.002,0.0025,0.002,0.002,2.63,2026-06-18T11:58:30,0.002,2.7
route_mutation,20260618T115830_957204,of:000000000000000b:3 -> of:000000000000000d:2,0.002,0.0025,0.002,0.002,2.66,2026-06-18T11:58:30,0.002,2.66
route_mutation,20260618T115830_957204,of:0000000000000004:1 -> of:000000000000000c:4,0.002,0.0025,0.002,0.002,1.96,2026-06-18T11:58:30,0.002,1.93
route_mutation,20260618T115830_957204,of:000000000000000c:3 -> of:000000000000000d:3,0.002,0.0025,0.002,0.002,2.66,2026-06-18T11:58:30,0.002,2.66
route_mutation,20260618T115830_957204,of:0000000000000001:1 -> of:000000000000000b:1,0.002,0.0025,0.002,0.002,1.93,2026-06-18T11:58:30,0.002,2.03
route_mutation,20260618T115830_957204,of:0000000000000006:1 -> of:000000000000000d:4,0.003,0.00375,0.003,0.003,3.06,2026-06-18T11:58:30,0.003,3.1
route_mutation,20260618T115830_957204,of:0000000000000002:1 -> of:000000000000000b:4,0.002,0.0025,0.002,0.002,1.96,2026-06-18T11:58:30,0.002,2.0
route_mutation,20260618T115830_957204,of:0000000000000001:3 -> of:000000000000000d:1,0.003,0.00375,0.003,0.003,4.16,2026-06-18T11:58:30,0.003,4.06
route_mutation,20260618T115830_957204,of:0000000000000006:2 -> of:000000000000000a:2,0.002,0.0025,0.002,0.002,2.63,2026-06-18T11:58:30,0.002,2.63
route_mutation,20260618T115830_957204,of:0000000000000003:1 -> of:000000000000000b:5,0.002,0.0025,0.002,0.002,1.96,2026-06-18T11:58:30,0.002,2.0
route_mutation,20260618T115830_957204,of:0000000000000007:1 -> of:000000000000000d:5,0.002,0.0025,0.002,0.002,2.86,2026-06-18T11:58:30,0.002,2.86
route_mutation,20260618T115830_957204,of:0000000000000007:2 -> of:000000000000000a:3,0.002,0.0025,0.002,0.002,2.66,2026-06-18T11:58:30,0.002,2.66
route_mutation,20260618T115830_957204,of:0000000000000002:2 -> of:0000000000000008:2,0.002,0.0025,0.002,0.002,2.63,2026-06-18T11:58:30,0.002,2.7
route_mutation,20260618T115830_957204,of:0000000000000008:1 -> of:000000000000000b:6,0.002,0.0025,0.002,0.002,2.0,2026-06-18T11:58:30,0.002,2.0
route_mutation,20260618T115830_957204,of:0000000000000009:1 -> of:000000000000000c:6,0.002,0.0025,0.002,0.002,2.0,2026-06-18T11:58:30,0.002,2.0
route_mutation,20260618T115830_957204,of:0000000000000001:2 -> of:000000000000000c:1,0.002,0.0025,0.002,0.002,2.33,2026-06-18T11:58:30,0.002,2.36
route_mutation,20260618T115830_957204,of:0000000000000003:2 -> of:0000000000000008:3,0.002,0.0025,0.002,0.002,2.63,2026-06-18T11:58:30,0.002,2.7
route_mutation,20260618T115901_198431,of:0000000000000005:1 -> of:000000000000000c:5,0.001,0.00125,0.001,0.001,1.33,2026-06-18T11:59:01,0.001,1.3
route_mutation,20260618T115901_198431,of:000000000000000a:1 -> of:000000000000000d:6,0.001,0.00125,0.001,0.001,1.3,2026-06-18T11:59:01,0.001,1.3
route_mutation,20260618T115901_198431,of:000000000000000b:2 -> of:000000000000000c:2,0.001,0.00125,0.001,0.001,1.33,2026-06-18T11:59:01,0.001,1.33
route_mutation,20260618T115901_198431,of:0000000000000004:2 -> of:0000000000000009:2,0.001,0.00125,0.001,0.001,1.36,2026-06-18T11:59:01,0.001,1.3
route_mutation,20260618T115901_198431,of:0000000000000005:2 -> of:0000000000000009:3,0.001,0.00125,0.001,0.001,1.36,2026-06-18T11:59:01,0.001,1.23
route_mutation,20260618T115901_198431,of:000000000000000b:3 -> of:000000000000000d:2,0.001,0.00125,0.001,0.001,1.33,2026-06-18T11:59:01,0.001,1.33
route_mutation,20260618T115901_198431,of:0000000000000004:1 -> of:000000000000000c:4,0.001,0.00125,0.001,0.001,1.33,2026-06-18T11:59:01,0.001,1.36
route_mutation,20260618T115901_198431,of:000000000000000c:3 -> of:000000000000000d:3,0.002,0.0025,0.002,0.002,1.4,2026-06-18T11:59:01,0.002,1.4
route_mutation,20260618T115901_198431,of:0000000000000001:1 -> of:000000000000000b:1,0.001,0.00125,0.001,0.001,1.33,2026-06-18T11:59:01,0.001,1.23
route_mutation,20260618T115901_198431,of:0000000000000006:1 -> of:000000000000000d:4,0.001,0.00125,0.001,0.001,1.33,2026-06-18T11:59:01,0.001,1.3
route_mutation,20260618T115901_198431,of:0000000000000002:1 -> of:000000000000000b:4,0.002,0.0025,0.002,0.002,1.36,2026-06-18T11:59:01,0.001,1.26
route_mutation,20260618T115901_198431,of:0000000000000001:3 -> of:000000000000000d:1,0.002,0.0025,0.002,0.001,1.36,2026-06-18T11:59:01,0.002,1.53
route_mutation,20260618T115901_198431,of:0000000000000006:2 -> of:000000000000000a:2,0.001,0.00125,0.001,0.001,1.36,2026-06-18T11:59:01,0.001,1.3
route_mutation,20260618T115901_198431,of:0000000000000003:1 -> of:000000000000000b:5,0.001,0.00125,0.001,0.001,1.33,2026-06-18T11:59:01,0.001,1.23
route_mutation,20260618T115901_198431,of:0000000000000007:1 -> of:000000000000000d:5,0.002,0.0025,0.002,0.002,1.63,2026-06-18T11:59:01,0.002,1.7
route_mutation,20260618T115901_198431,of:0000000000000007:2 -> of:000000000000000a:3,0.001,0.00125,0.001,0.001,1.33,2026-06-18T11:59:01,0.001,1.33
route_mutation,20260618T115901_198431,of:0000000000000002:2 -> of:0000000000000008:2,0.001,0.00125,0.001,0.001,1.36,2026-06-18T11:59:01,0.001,1.23
route_mutation,20260618T115901_198431,of:0000000000000008:1 -> of:000000000000000b:6,0.001,0.00125,0.001,0.001,1.23,2026-06-18T11:59:01,0.001,1.23
route_mutation,20260618T115901_198431,of:0000000000000009:1 -> of:000000000000000c:6,0.001,0.00125,0.001,0.001,1.3,2026-06-18T11:59:01,0.001,1.3
route_mutation,20260618T115901_198431,of:0000000000000001:2 -> of:000000000000000c:1,0.001,0.00125,0.001,0.001,1.23,2026-06-18T11:59:01,0.001,1.26
route_mutation,20260618T115901_198431,of:0000000000000003:2 -> of:0000000000000008:3,0.001,0.00125,0.001,0.001,1.36,2026-06-18T11:59:01,0.001,1.23
route_mutation,20260618T115931_418323,of:0000000000000005:1 -> of:000000000000000c:5,0.002,0.0025,0.002,0.002,1.86,2026-06-18T11:59:31,0.002,1.86
route_mutation,20260618T115931_418323,of:000000000000000a:1 -> of:000000000000000d:6,0.001,0.00125,0.001,0.001,1.46,2026-06-18T11:59:31,0.001,1.46
route_mutation,20260618T115931_418323,of:000000000000000b:2 -> of:000000000000000c:2,0.002,0.0025,0.002,0.002,1.66,2026-06-18T11:59:31,0.002,1.66
route_mutation,20260618T115931_418323,of:0000000000000004:2 -> of:0000000000000009:2,0.002,0.0025,0.002,0.002,1.66,2026-06-18T11:59:31,0.002,1.73
route_mutation,20260618T115931_418323,of:0000000000000005:2 -> of:0000000000000009:3,0.002,0.0025,0.002,0.002,1.66,2026-06-18T11:59:31,0.002,1.73
route_mutation,20260618T115931_418323,of:000000000000000b:3 -> of:000000000000000d:2,0.002,0.0025,0.002,0.002,1.66,2026-06-18T11:59:31,0.002,1.66
route_mutation,20260618T115931_418323,of:0000000000000004:1 -> of:000000000000000c:4,0.002,0.0025,0.002,0.002,2.26,2026-06-18T11:59:31,0.002,2.26
route_mutation,20260618T115931_418323,of:000000000000000c:3 -> of:000000000000000d:3,0.001,0.00125,0.001,0.001,1.6,2026-06-18T11:59:31,0.001,1.6
route_mutation,20260618T115931_418323,of:0000000000000001:1 -> of:000000000000000b:1,0.003,0.00375,0.003,0.003,3.56,2026-06-18T11:59:31,0.003,3.56
route_mutation,20260618T115931_418323,of:0000000000000006:1 -> of:000000000000000d:4,0.002,0.0025,0.002,0.002,1.53,2026-06-18T11:59:31,0.002,1.6
route_mutation,20260618T115931_418323,of:0000000000000002:1 -> of:000000000000000b:4,0.002,0.0025,0.002,0.002,2.46,2026-06-18T11:59:31,0.002,2.53
route_mutation,20260618T115931_418323,of:0000000000000001:3 -> of:000000000000000d:1,0.002,0.0025,0.002,0.002,1.53,2026-06-18T11:59:31,0.001,1.46
route_mutation,20260618T115931_418323,of:0000000000000006:2 -> of:000000000000000a:2,0.002,0.0025,0.002,0.002,1.73,2026-06-18T11:59:31,0.002,1.86
route_mutation,20260618T115931_418323,of:0000000000000003:1 -> of:000000000000000b:5,0.002,0.0025,0.002,0.002,2.5,2026-06-18T11:59:31,0.002,2.56
route_mutation,20260618T115931_418323,of:0000000000000007:1 -> of:000000000000000d:5,0.001,0.00125,0.001,0.001,1.46,2026-06-18T11:59:31,0.001,1.4
route_mutation,20260618T115931_418323,of:0000000000000007:2 -> of:000000000000000a:3,0.002,0.0025,0.002,0.002,1.66,2026-06-18T11:59:31,0.002,1.66
route_mutation,20260618T115931_418323,of:0000000000000002:2 -> of:0000000000000008:2,0.002,0.0025,0.002,0.002,1.66,2026-06-18T11:59:31,0.002,1.73
route_mutation,20260618T115931_418323,of:0000000000000008:1 -> of:000000000000000b:6,0.002,0.0025,0.002,0.002,1.53,2026-06-18T11:59:31,0.002,1.53
route_mutation,20260618T115931_418323,of:0000000000000009:1 -> of:000000000000000c:6,0.001,0.00125,0.001,0.001,1.46,2026-06-18T11:59:31,0.001,1.46
route_mutation,20260618T115931_418323,of:0000000000000001:2 -> of:000000000000000c:1,0.002,0.0025,0.002,0.002,2.66,2026-06-18T11:59:31,0.002,2.6
route_mutation,20260618T115931_418323,of:0000000000000003:2 -> of:0000000000000008:3,0.002,0.0025,0.002,0.002,1.66,2026-06-18T11:59:31,0.002,1.73
ip_shuffle,20260618T120001_647659,of:0000000000000005:1 -> of:000000000000000c:5,0.002,0.0025,0.002,0.002,2.36,2026-06-18T12:00:01,0.002,2.36
ip_shuffle,20260618T120001_647659,of:000000000000000a:1 -> of:000000000000000d:6,0.002,0.0025,0.002,0.002,1.96,2026-06-18T12:00:01,0.002,1.96
ip_shuffle,20260618T120001_647659,of:000000000000000b:2 -> of:000000000000000c:2,0.002,0.0025,0.002,0.002,2.6,2026-06-18T12:00:01,0.002,2.6
ip_shuffle,20260618T120001_647659,of:0000000000000004:2 -> of:0000000000000009:2,0.002,0.0025,0.002,0.002,2.6,2026-06-18T12:00:01,0.002,2.66
ip_shuffle,20260618T120001_647659,of:0000000000000005:2 -> of:0000000000000009:3,0.002,0.0025,0.002,0.002,2.6,2026-06-18T12:00:01,0.002,2.66
ip_shuffle,20260618T120001_647659,of:000000000000000b:3 -> of:000000000000000d:2,0.002,0.0025,0.002,0.002,2.6,2026-06-18T12:00:01,0.002,2.6
ip_shuffle,20260618T120001_647659,of:0000000000000004:1 -> of:000000000000000c:4,0.002,0.0025,0.002,0.002,1.96,2026-06-18T12:00:01,0.002,1.96
ip_shuffle,20260618T120001_647659,of:000000000000000c:3 -> of:000000000000000d:3,0.002,0.0025,0.002,0.002,2.6,2026-06-18T12:00:01,0.002,2.6
ip_shuffle,20260618T120001_647659,of:0000000000000001:1 -> of:000000000000000b:1,0.002,0.0025,0.002,0.002,1.96,2026-06-18T12:00:01,0.002,2.03
ip_shuffle,20260618T120001_647659,of:0000000000000006:1 -> of:000000000000000d:4,0.003,0.00375,0.003,0.003,3.13,2026-06-18T12:00:01,0.002,3.0
ip_shuffle,20260618T120001_647659,of:0000000000000002:1 -> of:000000000000000b:4,0.002,0.0025,0.002,0.002,2.03,2026-06-18T12:00:01,0.002,1.96
ip_shuffle,20260618T120001_647659,of:0000000000000001:3 -> of:000000000000000d:1,0.003,0.00375,0.003,0.003,4.13,2026-06-18T12:00:01,0.003,3.96
ip_shuffle,20260618T120001_647659,of:0000000000000006:2 -> of:000000000000000a:2,0.002,0.0025,0.002,0.002,2.66,2026-06-18T12:00:01,0.002,2.6
ip_shuffle,20260618T120001_647659,of:0000000000000003:1 -> of:000000000000000b:5,0.002,0.0025,0.002,0.002,1.96,2026-06-18T12:00:01,0.002,1.96
ip_shuffle,20260618T120001_647659,of:0000000000000007:1 -> of:000000000000000d:5,0.002,0.0025,0.002,0.002,2.76,2026-06-18T12:00:01,0.002,2.8
ip_shuffle,20260618T120001_647659,of:0000000000000007:2 -> of:000000000000000a:3,0.002,0.0025,0.002,0.002,2.6,2026-06-18T12:00:01,0.002,2.6
ip_shuffle,20260618T120001_647659,of:0000000000000002:2 -> of:0000000000000008:2,0.002,0.0025,0.002,0.002,2.6,2026-06-18T12:00:01,0.002,2.66
ip_shuffle,20260618T120001_647659,of:0000000000000008:1 -> of:000000000000000b:6,0.002,0.0025,0.002,0.002,1.96,2026-06-18T12:00:01,0.002,1.96
ip_shuffle,20260618T120001_647659,of:0000000000000009:1 -> of:000000000000000c:6,0.002,0.0025,0.002,0.002,1.96,2026-06-18T12:00:01,0.002,1.96
ip_shuffle,20260618T120001_647659,of:0000000000000001:2 -> of:000000000000000c:1,0.002,0.0025,0.002,0.002,2.43,2026-06-18T12:00:01,0.002,2.5
ip_shuffle,20260618T120001_647659,of:0000000000000003:2 -> of:0000000000000008:3,0.002,0.0025,0.002,0.002,2.6,2026-06-18T12:00:01,0.002,2.66
route_mutation,20260618T120059_363382,of:0000000000000005:1 -> of:000000000000000c:5,0.002,0.0025,0.002,0.002,1.83,2026-06-18T12:00:59,0.002,1.8
route_mutation,20260618T120059_363382,of:000000000000000a:1 -> of:000000000000000d:6,0.001,0.00125,0.001,0.001,1.37,2026-06-18T12:00:59,0.001,1.37
route_mutation,20260618T120059_363382,of:000000000000000b:2 -> of:000000000000000c:2,0.001,0.00125,0.001,0.001,1.47,2026-06-18T12:00:59,0.001,1.47
route_mutation,20260618T120059_363382,of:0000000000000004:2 -> of:0000000000000009:2,0.002,0.0025,0.002,0.001,1.47,2026-06-18T12:00:59,0.002,1.53
route_mutation,20260618T120059_363382,of:0000000000000005:2 -> of:0000000000000009:3,0.002,0.0025,0.002,0.001,1.47,2026-06-18T12:00:59,0.002,1.53
route_mutation,20260618T120059_363382,of:000000000000000b:3 -> of:000000000000000d:2,0.002,0.0025,0.002,0.002,1.6,2026-06-18T12:00:59,0.002,1.6
route_mutation,20260618T120059_363382,of:0000000000000004:1 -> of:000000000000000c:4,0.002,0.0025,0.002,0.002,2.16,2026-06-18T12:00:59,0.002,2.16
route_mutation,20260618T120059_363382,of:000000000000000c:3 -> of:000000000000000d:3,0.001,0.00125,0.001,0.001,1.4,2026-06-18T12:00:59,0.001,1.4
route_mutation,20260618T120059_363382,of:0000000000000001:1 -> of:000000000000000b:1,0.003,0.00375,0.003,0.003,3.3,2026-06-18T12:00:59,0.003,3.36
route_mutation,20260618T120059_363382,of:0000000000000006:1 -> of:000000000000000d:4,0.002,0.0025,0.002,0.002,1.57,2026-06-18T12:00:59,0.002,1.57
route_mutation,20260618T120059_363382,of:0000000000000002:1 -> of:000000000000000b:4,0.002,0.0025,0.002,0.002,2.4,2026-06-18T12:00:59,0.002,2.46
route_mutation,20260618T120059_363382,of:0000000000000001:3 -> of:000000000000000d:1,0.001,0.00125,0.001,0.001,1.43,2026-06-18T12:00:59,0.001,1.43
route_mutation,20260618T120059_363382,of:0000000000000006:2 -> of:000000000000000a:2,0.002,0.0025,0.002,0.001,1.4,2026-06-18T12:00:59,0.002,1.53
route_mutation,20260618T120059_363382,of:0000000000000003:1 -> of:000000000000000b:5,0.002,0.0025,0.002,0.002,2.4,2026-06-18T12:00:59,0.002,2.46
route_mutation,20260618T120059_363382,of:0000000000000007:1 -> of:000000000000000d:5,0.002,0.0025,0.002,0.002,1.43,2026-06-18T12:00:59,0.001,1.3
route_mutation,20260618T120059_363382,of:0000000000000007:2 -> of:000000000000000a:3,0.001,0.00125,0.001,0.001,1.47,2026-06-18T12:00:59,0.001,1.47
route_mutation,20260618T120059_363382,of:0000000000000002:2 -> of:0000000000000008:2,0.002,0.0025,0.002,0.001,1.47,2026-06-18T12:00:59,0.002,1.53
route_mutation,20260618T120059_363382,of:0000000000000008:1 -> of:000000000000000b:6,0.002,0.0025,0.002,0.002,1.43,2026-06-18T12:00:59,0.002,1.43
route_mutation,20260618T120059_363382,of:0000000000000009:1 -> of:000000000000000c:6,0.001,0.00125,0.001,0.001,1.37,2026-06-18T12:00:59,0.001,1.37
route_mutation,20260618T120059_363382,of:0000000000000001:2 -> of:000000000000000c:1,0.002,0.0025,0.002,0.002,2.56,2026-06-18T12:00:59,0.002,2.56
route_mutation,20260618T120059_363382,of:0000000000000003:2 -> of:0000000000000008:3,0.002,0.0025,0.002,0.001,1.47,2026-06-18T12:00:59,0.002,1.53
ip_shuffle,20260618T120129_639054,of:0000000000000005:1 -> of:000000000000000c:5,0.002,0.0025,0.002,0.002,2.29,2026-06-18T12:01:29,0.002,2.36
ip_shuffle,20260618T120129_639054,of:000000000000000a:1 -> of:000000000000000d:6,0.002,0.0025,0.002,0.002,1.99,2026-06-18T12:01:29,0.002,1.99
ip_shuffle,20260618T120129_639054,of:000000000000000b:2 -> of:000000000000000c:2,0.002,0.0025,0.002,0.002,2.66,2026-06-18T12:01:29,0.002,2.66
ip_shuffle,20260618T120129_639054,of:0000000000000004:2 -> of:0000000000000009:2,0.002,0.0025,0.002,0.002,2.59,2026-06-18T12:01:29,0.002,2.66
ip_shuffle,20260618T120129_639054,of:0000000000000005:2 -> of:0000000000000009:3,0.002,0.0025,0.002,0.002,2.59,2026-06-18T12:01:29,0.002,2.66
ip_shuffle,20260618T120129_639054,of:000000000000000b:3 -> of:000000000000000d:2,0.002,0.0025,0.002,0.002,2.66,2026-06-18T12:01:29,0.002,2.66
ip_shuffle,20260618T120129_639054,of:0000000000000004:1 -> of:000000000000000c:4,0.002,0.0025,0.002,0.002,1.96,2026-06-18T12:01:29,0.002,1.99
ip_shuffle,20260618T120129_639054,of:000000000000000c:3 -> of:000000000000000d:3,0.002,0.0025,0.002,0.002,2.66,2026-06-18T12:01:29,0.002,2.66
ip_shuffle,20260618T120129_639054,of:0000000000000001:1 -> of:000000000000000b:1,0.002,0.0025,0.002,0.002,1.99,2026-06-18T12:01:29,0.002,2.03
ip_shuffle,20260618T120129_639054,of:0000000000000006:1 -> of:000000000000000d:4,0.002,0.0025,0.002,0.002,3.06,2026-06-18T12:01:29,0.002,3.03
ip_shuffle,20260618T120129_639054,of:0000000000000002:1 -> of:000000000000000b:4,0.002,0.0025,0.002,0.002,2.03,2026-06-18T12:01:29,0.002,1.99
ip_shuffle,20260618T120129_639054,of:0000000000000001:3 -> of:000000000000000d:1,0.003,0.00375,0.003,0.003,4.16,2026-06-18T12:01:29,0.003,4.06
ip_shuffle,20260618T120129_639054,of:0000000000000006:2 -> of:000000000000000a:2,0.002,0.0025,0.002,0.002,2.66,2026-06-18T12:01:29,0.002,2.59
ip_shuffle,20260618T120129_639054,of:0000000000000003:1 -> of:000000000000000b:5,0.002,0.0025,0.002,0.002,1.96,2026-06-18T12:01:29,0.002,1.99
ip_shuffle,20260618T120129_639054,of:0000000000000007:1 -> of:000000000000000d:5,0.002,0.0025,0.002,0.002,2.76,2026-06-18T12:01:29,0.002,2.79
ip_shuffle,20260618T120129_639054,of:0000000000000007:2 -> of:000000000000000a:3,0.002,0.0025,0.002,0.002,2.63,2026-06-18T12:01:29,0.002,2.59
ip_shuffle,20260618T120129_639054,of:0000000000000002:2 -> of:0000000000000008:2,0.002,0.0025,0.002,0.002,2.59,2026-06-18T12:01:29,0.002,2.66
ip_shuffle,20260618T120129_639054,of:0000000000000008:1 -> of:000000000000000b:6,0.002,0.0025,0.002,0.002,1.96,2026-06-18T12:01:29,0.002,1.99
ip_shuffle,20260618T120129_639054,of:0000000000000009:1 -> of:000000000000000c:6,0.002,0.0025,0.002,0.002,1.96,2026-06-18T12:01:29,0.002,1.99
ip_shuffle,20260618T120129_639054,of:0000000000000001:2 -> of:000000000000000c:1,0.002,0.0025,0.002,0.002,2.39,2026-06-18T12:01:29,0.002,2.43
ip_shuffle,20260618T120129_639054,of:0000000000000003:2 -> of:0000000000000008:3,0.002,0.0025,0.002,0.002,2.59,2026-06-18T12:01:29,0.002,2.66
ip_shuffle,20260618T120228_450712,of:0000000000000005:1 -> of:000000000000000c:5,0.002,0.0025,0.002,0.002,1.9,2026-06-18T12:02:28,0.002,1.9
ip_shuffle,20260618T120228_450712,of:000000000000000a:1 -> of:000000000000000d:6,0.001,0.00125,0.001,0.001,1.36,2026-06-18T12:02:28,0.001,1.36
ip_shuffle,20260618T120228_450712,of:000000000000000b:2 -> of:000000000000000c:2,0.001,0.00125,0.001,0.001,1.46,2026-06-18T12:02:28,0.001,1.46
ip_shuffle,20260618T120228_450712,of:0000000000000004:2 -> of:0000000000000009:2,0.002,0.0025,0.002,0.001,1.46,2026-06-18T12:02:28,0.002,1.53
ip_shuffle,20260618T120228_450712,of:0000000000000005:2 -> of:0000000000000009:3,0.002,0.0025,0.002,0.001,1.46,2026-06-18T12:02:28,0.002,1.53
ip_shuffle,20260618T120228_450712,of:000000000000000b:3 -> of:000000000000000d:2,0.002,0.0025,0.002,0.002,1.6,2026-06-18T12:02:28,0.002,1.6
ip_shuffle,20260618T120228_450712,of:0000000000000004:1 -> of:000000000000000c:4,0.002,0.0025,0.002,0.002,2.16,2026-06-18T12:02:28,0.002,2.16
ip_shuffle,20260618T120228_450712,of:000000000000000c:3 -> of:000000000000000d:3,0.001,0.00125,0.001,0.001,1.4,2026-06-18T12:02:28,0.001,1.4
ip_shuffle,20260618T120228_450712,of:0000000000000001:1 -> of:000000000000000b:1,0.003,0.00375,0.003,0.003,3.36,2026-06-18T12:02:28,0.003,3.4
ip_shuffle,20260618T120228_450712,of:0000000000000006:1 -> of:000000000000000d:4,0.002,0.0025,0.002,0.002,1.7,2026-06-18T12:02:28,0.002,1.63
ip_shuffle,20260618T120228_450712,of:0000000000000002:1 -> of:000000000000000b:4,0.002,0.0025,0.002,0.002,2.43,2026-06-18T12:02:28,0.002,2.5
ip_shuffle,20260618T120228_450712,of:0000000000000001:3 -> of:000000000000000d:1,0.002,0.0025,0.002,0.002,1.5,2026-06-18T12:02:28,0.002,1.5
ip_shuffle,20260618T120228_450712,of:0000000000000006:2 -> of:000000000000000a:2,0.002,0.0025,0.002,0.001,1.46,2026-06-18T12:02:28,0.002,1.53
ip_shuffle,20260618T120228_450712,of:0000000000000003:1 -> of:000000000000000b:5,0.002,0.0025,0.002,0.002,2.4,2026-06-18T12:02:28,0.002,2.46
ip_shuffle,20260618T120228_450712,of:0000000000000007:1 -> of:000000000000000d:5,0.002,0.0025,0.002,0.002,1.43,2026-06-18T12:02:28,0.001,1.36
ip_shuffle,20260618T120228_450712,of:0000000000000007:2 -> of:000000000000000a:3,0.002,0.0025,0.002,0.001,1.46,2026-06-18T12:02:28,0.002,1.53
ip_shuffle,20260618T120228_450712,of:0000000000000002:2 -> of:0000000000000008:2,0.002,0.0025,0.002,0.001,1.46,2026-06-18T12:02:28,0.002,1.53
ip_shuffle,20260618T120228_450712,of:0000000000000008:1 -> of:000000000000000b:6,0.002,0.0025,0.002,0.002,1.43,2026-06-18T12:02:28,0.002,1.43
ip_shuffle,20260618T120228_450712,of:0000000000000009:1 -> of:000000000000000c:6,0.001,0.00125,0.001,0.001,1.36,2026-06-18T12:02:28,0.001,1.36
ip_shuffle,20260618T120228_450712,of:0000000000000001:2 -> of:000000000000000c:1,0.002,0.0025,0.002,0.002,2.63,2026-06-18T12:02:28,0.002,2.63
ip_shuffle,20260618T120228_450712,of:0000000000000003:2 -> of:0000000000000008:3,0.002,0.0025,0.002,0.001,1.46,2026-06-18T12:02:28,0.002,1.53
route_mutation,20260618T120326_029835,of:0000000000000005:1 -> of:000000000000000c:5,0.002,0.0025,0.002,0.002,1.46,2026-06-18T12:03:26,0.001,1.5
route_mutation,20260618T120326_029835,of:000000000000000a:1 -> of:000000000000000d:6,0.001,0.00125,0.001,0.001,1.5,2026-06-18T12:03:26,0.001,1.5
route_mutation,20260618T120326_029835,of:000000000000000b:2 -> of:000000000000000c:2,0.002,0.0025,0.002,0.002,1.8,2026-06-18T12:03:26,0.002,1.8
route_mutation,20260618T120326_029835,of:0000000000000004:2 -> of:0000000000000009:2,0.002,0.0025,0.002,0.002,1.73,2026-06-18T12:03:26,0.001,1.6
route_mutation,20260618T120326_029835,of:0000000000000005:2 -> of:0000000000000009:3,0.002,0.0025,0.002,0.002,1.7,2026-06-18T12:03:26,0.001,1.56
route_mutation,20260618T120326_029835,of:000000000000000b:3 -> of:000000000000000d:2,0.002,0.0025,0.002,0.002,1.8,2026-06-18T12:03:26,0.002,1.8
route_mutation,20260618T120326_029835,of:0000000000000004:1 -> of:000000000000000c:4,0.002,0.0025,0.002,0.002,1.5,2026-06-18T12:03:26,0.001,1.5
route_mutation,20260618T120326_029835,of:000000000000000c:3 -> of:000000000000000d:3,0.002,0.0025,0.002,0.002,1.8,2026-06-18T12:03:26,0.002,1.8
route_mutation,20260618T120326_029835,of:0000000000000001:1 -> of:000000000000000b:1,0.001,0.00125,0.001,0.001,1.5,2026-06-18T12:03:26,0.001,1.43
route_mutation,20260618T120326_029835,of:0000000000000006:1 -> of:000000000000000d:4,0.002,0.0025,0.002,0.002,1.46,2026-06-18T12:03:26,0.002,1.56
route_mutation,20260618T120326_029835,of:0000000000000002:1 -> of:000000000000000b:4,0.001,0.00125,0.001,0.001,1.43,2026-06-18T12:03:26,0.001,1.5
route_mutation,20260618T120326_029835,of:0000000000000001:3 -> of:000000000000000d:1,0.002,0.0025,0.002,0.002,2.13,2026-06-18T12:03:26,0.002,2.23
route_mutation,20260618T120326_029835,of:0000000000000006:2 -> of:000000000000000a:2,0.002,0.0025,0.002,0.002,1.7,2026-06-18T12:03:26,0.002,1.63
route_mutation,20260618T120326_029835,of:0000000000000003:1 -> of:000000000000000b:5,0.002,0.0025,0.002,0.002,1.5,2026-06-18T12:03:26,0.001,1.5
route_mutation,20260618T120326_029835,of:0000000000000007:1 -> of:000000000000000d:5,0.002,0.0025,0.002,0.002,2.26,2026-06-18T12:03:26,0.002,2.06
route_mutation,20260618T120326_029835,of:0000000000000007:2 -> of:000000000000000a:3,0.002,0.0025,0.002,0.002,1.7,2026-06-18T12:03:26,0.001,1.56
route_mutation,20260618T120326_029835,of:0000000000000002:2 -> of:0000000000000008:2,0.002,0.0025,0.002,0.002,1.73,2026-06-18T12:03:26,0.001,1.6
route_mutation,20260618T120326_029835,of:0000000000000008:1 -> of:000000000000000b:6,0.001,0.00125,0.001,0.001,1.5,2026-06-18T12:03:26,0.001,1.5
route_mutation,20260618T120326_029835,of:0000000000000009:1 -> of:000000000000000c:6,0.001,0.00125,0.001,0.001,1.5,2026-06-18T12:03:26,0.001,1.5
route_mutation,20260618T120326_029835,of:0000000000000001:2 -> of:000000000000000c:1,0.001,0.00125,0.001,0.001,1.5,2026-06-18T12:03:26,0.001,1.43
route_mutation,20260618T120326_029835,of:0000000000000003:2 -> of:0000000000000008:3,0.002,0.0025,0.002,0.002,1.73,2026-06-18T12:03:26,0.001,1.6
ip_shuffle,20260618T120356_363289,of:0000000000000005:1 -> of:000000000000000c:5,0.001,0.00125,0.001,0.001,1.37,2026-06-18T12:03:56,0.001,1.37
ip_shuffle,20260618T120356_363289,of:000000000000000a:1 -> of:000000000000000d:6,0.001,0.00125,0.001,0.001,1.37,2026-06-18T12:03:56,0.001,1.37
ip_shuffle,20260618T120356_363289,of:000000000000000b:2 -> of:000000000000000c:2,0.001,0.00125,0.001,0.001,1.4,2026-06-18T12:03:56,0.001,1.4
ip_shuffle,20260618T120356_363289,of:0000000000000004:2 -> of:0000000000000009:2,0.002,0.0025,0.002,0.001,1.47,2026-06-18T12:03:56,0.002,1.53
ip_shuffle,20260618T120356_363289,of:0000000000000005:2 -> of:0000000000000009:3,0.002,0.0025,0.002,0.001,1.47,2026-06-18T12:03:56,0.002,1.53
ip_shuffle,20260618T120356_363289,of:000000000000000b:3 -> of:000000000000000d:2,0.001,0.00125,0.001,0.001,1.53,2026-06-18T12:03:56,0.001,1.53
ip_shuffle,20260618T120356_363289,of:0000000000000004:1 -> of:000000000000000c:4,0.002,0.0025,0.002,0.002,1.76,2026-06-18T12:03:56,0.002,1.76
ip_shuffle,20260618T120356_363289,of:000000000000000c:3 -> of:000000000000000d:3,0.001,0.00125,0.001,0.001,1.4,2026-06-18T12:03:56,0.001,1.4
ip_shuffle,20260618T120356_363289,of:0000000000000001:1 -> of:000000000000000b:1,0.003,0.00375,0.003,0.003,3.36,2026-06-18T12:03:56,0.003,3.36
ip_shuffle,20260618T120356_363289,of:0000000000000006:1 -> of:000000000000000d:4,0.002,0.0025,0.002,0.002,1.7,2026-06-18T12:03:56,0.002,1.63
ip_shuffle,20260618T120356_363289,of:0000000000000002:1 -> of:000000000000000b:4,0.002,0.0025,0.002,0.002,2.46,2026-06-18T12:03:56,0.002,2.46
ip_shuffle,20260618T120356_363289,of:0000000000000001:3 -> of:000000000000000d:1,0.002,0.0025,0.002,0.002,1.5,2026-06-18T12:03:56,0.002,1.5
ip_shuffle,20260618T120356_363289,of:0000000000000006:2 -> of:000000000000000a:2,0.002,0.0025,0.002,0.001,1.47,2026-06-18T12:03:56,0.002,1.53
ip_shuffle,20260618T120356_363289,of:0000000000000003:1 -> of:000000000000000b:5,0.002,0.0025,0.002,0.002,2.4,2026-06-18T12:03:56,0.002,2.4
ip_shuffle,20260618T120356_363289,of:0000000000000007:1 -> of:000000000000000d:5,0.002,0.0025,0.002,0.002,1.43,2026-06-18T12:03:56,0.001,1.37
ip_shuffle,20260618T120356_363289,of:0000000000000007:2 -> of:000000000000000a:3,0.002,0.0025,0.002,0.001,1.47,2026-06-18T12:03:56,0.002,1.53
ip_shuffle,20260618T120356_363289,of:0000000000000002:2 -> of:0000000000000008:2,0.002,0.0025,0.002,0.001,1.47,2026-06-18T12:03:56,0.002,1.53
ip_shuffle,20260618T120356_363289,of:0000000000000008:1 -> of:000000000000000b:6,0.001,0.00125,0.001,0.001,1.37,2026-06-18T12:03:56,0.001,1.37
ip_shuffle,20260618T120356_363289,of:0000000000000009:1 -> of:000000000000000c:6,0.001,0.00125,0.001,0.001,1.37,2026-06-18T12:03:56,0.001,1.37
ip_shuffle,20260618T120356_363289,of:0000000000000001:2 -> of:000000000000000c:1,0.002,0.0025,0.002,0.002,1.76,2026-06-18T12:03:56,0.002,1.76
ip_shuffle,20260618T120356_363289,of:0000000000000003:2 -> of:0000000000000008:3,0.002,0.0025,0.002,0.001,1.47,2026-06-18T12:03:56,0.002,1.53
route_mutation,20260618T120454_065511,of:0000000000000005:1 -> of:000000000000000c:5,0.002,0.0025,0.002,0.002,2.5,2026-06-18T12:04:54,0.002,2.5
route_mutation,20260618T120454_065511,of:000000000000000a:1 -> of:000000000000000d:6,0.002,0.0025,0.002,0.002,1.7,2026-06-18T12:04:54,0.002,1.7
route_mutation,20260618T120454_065511,of:000000000000000b:2 -> of:000000000000000c:2,0.002,0.0025,0.002,0.002,2.06,2026-06-18T12:04:54,0.002,2.06
route_mutation,20260618T120454_065511,of:0000000000000004:2 -> of:0000000000000009:2,0.002,0.0025,0.002,0.002,2.03,2026-06-18T12:04:54,0.002,2.1
route_mutation,20260618T120454_065511,of:0000000000000005:2 -> of:0000000000000009:3,0.002,0.0025,0.002,0.002,2.03,2026-06-18T12:04:54,0.002,2.1
route_mutation,20260618T120454_065511,of:000000000000000b:3 -> of:000000000000000d:2,0.002,0.0025,0.002,0.002,2.06,2026-06-18T12:04:54,0.002,2.06
route_mutation,20260618T120454_065511,of:0000000000000004:1 -> of:000000000000000c:4,0.002,0.0025,0.002,0.002,2.06,2026-06-18T12:04:54,0.002,2.1
route_mutation,20260618T120454_065511,of:000000000000000c:3 -> of:000000000000000d:3,0.002,0.0025,0.002,0.002,2.06,2026-06-18T12:04:54,0.002,2.06
route_mutation,20260618T120454_065511,of:0000000000000001:1 -> of:000000000000000b:1,0.002,0.0025,0.002,0.002,1.7,2026-06-18T12:04:54,0.002,1.73
route_mutation,20260618T120454_065511,of:0000000000000006:1 -> of:000000000000000d:4,0.003,0.00375,0.003,0.003,3.3,2026-06-18T12:04:54,0.003,3.36
route_mutation,20260618T120454_065511,of:0000000000000002:1 -> of:000000000000000b:4,0.002,0.0025,0.002,0.002,1.73,2026-06-18T12:04:54,0.002,1.7
route_mutation,20260618T120454_065511,of:0000000000000001:3 -> of:000000000000000d:1,0.003,0.00375,0.003,0.003,3.36,2026-06-18T12:04:54,0.003,3.36
route_mutation,20260618T120454_065511,of:0000000000000006:2 -> of:000000000000000a:2,0.002,0.0025,0.002,0.002,2.06,2026-06-18T12:04:54,0.002,2.13
route_mutation,20260618T120454_065511,of:0000000000000003:1 -> of:000000000000000b:5,0.002,0.0025,0.002,0.002,1.73,2026-06-18T12:04:54,0.002,1.7
route_mutation,20260618T120454_065511,of:0000000000000007:1 -> of:000000000000000d:5,0.002,0.0025,0.002,0.002,1.73,2026-06-18T12:04:54,0.002,1.9
route_mutation,20260618T120454_065511,of:0000000000000007:2 -> of:000000000000000a:3,0.002,0.0025,0.002,0.002,2.06,2026-06-18T12:04:54,0.002,2.13
route_mutation,20260618T120454_065511,of:0000000000000002:2 -> of:0000000000000008:2,0.002,0.0025,0.002,0.002,2.1,2026-06-18T12:04:54,0.002,2.1
route_mutation,20260618T120454_065511,of:0000000000000008:1 -> of:000000000000000b:6,0.002,0.0025,0.002,0.002,1.7,2026-06-18T12:04:54,0.002,1.7
route_mutation,20260618T120454_065511,of:0000000000000009:1 -> of:000000000000000c:6,0.002,0.0025,0.002,0.002,1.7,2026-06-18T12:04:54,0.002,1.7
route_mutation,20260618T120454_065511,of:0000000000000001:2 -> of:000000000000000c:1,0.003,0.00375,0.003,0.003,2.9,2026-06-18T12:04:54,0.003,2.93
route_mutation,20260618T120454_065511,of:0000000000000003:2 -> of:0000000000000008:3,0.002,0.0025,0.002,0.002,2.03,2026-06-18T12:04:54,0.002,2.1
route_mutation,20260618T120524_373329,of:0000000000000005:1 -> of:000000000000000c:5,0.002,0.0025,0.002,0.002,1.66,2026-06-18T12:05:24,0.002,1.66
route_mutation,20260618T120524_373329,of:000000000000000a:1 -> of:000000000000000d:6,0.002,0.0025,0.002,0.002,1.73,2026-06-18T12:05:24,0.002,1.73
route_mutation,20260618T120524_373329,of:000000000000000b:2 -> of:000000000000000c:2,0.002,0.0025,0.002,0.002,2.13,2026-06-18T12:05:24,0.002,2.13
route_mutation,20260618T120524_373329,of:0000000000000004:2 -> of:0000000000000009:2,0.002,0.0025,0.002,0.002,2.1,2026-06-18T12:05:24,0.002,1.96
route_mutation,20260618T120524_373329,of:0000000000000005:2 -> of:0000000000000009:3,0.002,0.0025,0.002,0.002,2.1,2026-06-18T12:05:24,0.002,1.96
route_mutation,20260618T120524_373329,of:000000000000000b:3 -> of:000000000000000d:2,0.002,0.0025,0.002,0.002,2.13,2026-06-18T12:05:24,0.002,2.13
route_mutation,20260618T120524_373329,of:0000000000000004:1 -> of:000000000000000c:4,0.002,0.0025,0.002,0.002,1.7,2026-06-18T12:05:24,0.002,1.66
route_mutation,20260618T120524_373329,of:000000000000000c:3 -> of:000000000000000d:3,0.002,0.0025,0.002,0.002,2.13,2026-06-18T12:05:24,0.002,2.13
route_mutation,20260618T120524_373329,of:0000000000000001:1 -> of:000000000000000b:1,0.002,0.0025,0.002,0.002,1.66,2026-06-18T12:05:24,0.002,1.63
route_mutation,20260618T120524_373329,of:0000000000000006:1 -> of:000000000000000d:4,0.002,0.0025,0.002,0.002,1.66,2026-06-18T12:05:24,0.002,1.66
route_mutation,20260618T120524_373329,of:0000000000000002:1 -> of:000000000000000b:4,0.002,0.0025,0.002,0.002,1.63,2026-06-18T12:05:24,0.002,1.66
route_mutation,20260618T120524_373329,of:0000000000000001:3 -> of:000000000000000d:1,0.002,0.0025,0.002,0.002,2.83,2026-06-18T12:05:24,0.002,2.83
route_mutation,20260618T120524_373329,of:0000000000000006:2 -> of:000000000000000a:2,0.002,0.0025,0.002,0.002,2.06,2026-06-18T12:05:24,0.002,2.0
route_mutation,20260618T120524_373329,of:0000000000000003:1 -> of:000000000000000b:5,0.002,0.0025,0.002,0.002,1.63,2026-06-18T12:05:24,0.002,1.66
route_mutation,20260618T120524_373329,of:0000000000000007:1 -> of:000000000000000d:5,0.002,0.0025,0.002,0.002,2.86,2026-06-18T12:05:24,0.002,2.76
route_mutation,20260618T120524_373329,of:0000000000000007:2 -> of:000000000000000a:3,0.002,0.0025,0.002,0.002,2.06,2026-06-18T12:05:24,0.002,2.0
route_mutation,20260618T120524_373329,of:0000000000000002:2 -> of:0000000000000008:2,0.002,0.0025,0.002,0.002,2.03,2026-06-18T12:05:24,0.002,1.96
route_mutation,20260618T120524_373329,of:0000000000000008:1 -> of:000000000000000b:6,0.002,0.0025,0.002,0.002,1.66,2026-06-18T12:05:24,0.002,1.66
route_mutation,20260618T120524_373329,of:0000000000000009:1 -> of:000000000000000c:6,0.002,0.0025,0.002,0.002,1.66,2026-06-18T12:05:24,0.002,1.66
route_mutation,20260618T120524_373329,of:0000000000000001:2 -> of:000000000000000c:1,0.002,0.0025,0.002,0.002,1.66,2026-06-18T12:05:24,0.002,1.63
route_mutation,20260618T120524_373329,of:0000000000000003:2 -> of:0000000000000008:3,0.002,0.0025,0.002,0.002,2.1,2026-06-18T12:05:24,0.002,1.96
route_mutation,20260618T120554_690737,of:0000000000000005:1 -> of:000000000000000c:5,0.002,0.0025,0.002,0.002,1.43,2026-06-18T12:05:54,0.001,1.33
route_mutation,20260618T120554_690737,of:000000000000000a:1 -> of:000000000000000d:6,0.001,0.00125,0.001,0.001,1.27,2026-06-18T12:05:54,0.001,1.3
route_mutation,20260618T120554_690737,of:000000000000000b:2 -> of:000000000000000c:2,0.001,0.00125,0.001,0.001,1.37,2026-06-18T12:05:54,0.001,1.33
route_mutation,20260618T120554_690737,of:0000000000000004:2 -> of:0000000000000009:2,0.002,0.0025,0.002,0.001,1.43,2026-06-18T12:05:54,0.002,1.5
route_mutation,20260618T120554_690737,of:0000000000000005:2 -> of:0000000000000009:3,0.002,0.0025,0.002,0.002,1.5,2026-06-18T12:05:54,0.002,1.5
route_mutation,20260618T120554_690737,of:000000000000000b:3 -> of:000000000000000d:2,0.001,0.00125,0.001,0.001,1.5,2026-06-18T12:05:54,0.001,1.5
route_mutation,20260618T120554_690737,of:0000000000000004:1 -> of:000000000000000c:4,0.001,0.00125,0.001,0.001,1.37,2026-06-18T12:05:54,0.001,1.33
route_mutation,20260618T120554_690737,of:000000000000000c:3 -> of:000000000000000d:3,0.001,0.00125,0.001,0.001,1.37,2026-06-18T12:05:54,0.001,1.37
route_mutation,20260618T120554_690737,of:0000000000000001:1 -> of:000000000000000b:1,0.003,0.00375,0.003,0.003,2.86,2026-06-18T12:05:54,0.003,2.76
route_mutation,20260618T120554_690737,of:0000000000000006:1 -> of:000000000000000d:4,0.002,0.0025,0.002,0.002,1.7,2026-06-18T12:05:54,0.002,1.63
route_mutation,20260618T120554_690737,of:0000000000000002:1 -> of:000000000000000b:4,0.002,0.0025,0.002,0.002,2.46,2026-06-18T12:05:54,0.002,2.43
route_mutation,20260618T120554_690737,of:0000000000000001:3 -> of:000000000000000d:1,0.002,0.0025,0.002,0.002,1.5,2026-06-18T12:05:54,0.002,1.5
route_mutation,20260618T120554_690737,of:0000000000000006:2 -> of:000000000000000a:2,0.001,0.00125,0.001,0.001,1.43,2026-06-18T12:05:54,0.001,1.43
route_mutation,20260618T120554_690737,of:0000000000000003:1 -> of:000000000000000b:5,0.002,0.0025,0.002,0.002,1.86,2026-06-18T12:05:54,0.002,1.93
route_mutation,20260618T120554_690737,of:0000000000000007:1 -> of:000000000000000d:5,0.002,0.0025,0.002,0.002,1.43,2026-06-18T12:05:54,0.001,1.37
route_mutation,20260618T120554_690737,of:0000000000000007:2 -> of:000000000000000a:3,0.001,0.00125,0.001,0.001,1.43,2026-06-18T12:05:54,0.001,1.43
route_mutation,20260618T120554_690737,of:0000000000000002:2 -> of:0000000000000008:2,0.002,0.0025,0.002,0.002,1.53,2026-06-18T12:05:54,0.002,1.66
route_mutation,20260618T120554_690737,of:0000000000000008:1 -> of:000000000000000b:6,0.002,0.0025,0.002,0.002,1.5,2026-06-18T12:05:54,0.002,1.47
route_mutation,20260618T120554_690737,of:0000000000000009:1 -> of:000000000000000c:6,0.001,0.00125,0.001,0.001,1.33,2026-06-18T12:05:54,0.001,1.33
route_mutation,20260618T120554_690737,of:0000000000000001:2 -> of:000000000000000c:1,0.001,0.00125,0.001,0.001,1.37,2026-06-18T12:05:54,0.001,1.37
route_mutation,20260618T120554_690737,of:0000000000000003:2 -> of:0000000000000008:3,0.002,0.0025,0.002,0.002,1.53,2026-06-18T12:05:54,0.002,1.66
route_mutation,20260618T120624_953208,of:0000000000000005:1 -> of:000000000000000c:5,0.002,0.0025,0.002,0.002,2.36,2026-06-18T12:06:24,0.002,2.43
route_mutation,20260618T120624_953208,of:000000000000000a:1 -> of:000000000000000d:6,0.002,0.0025,0.002,0.002,1.6,2026-06-18T12:06:24,0.002,1.6
route_mutation,20260618T120624_953208,of:000000000000000b:2 -> of:000000000000000c:2,0.002,0.0025,0.002,0.002,1.86,2026-06-18T12:06:24,0.002,1.9
route_mutation,20260618T120624_953208,of:0000000000000004:2 -> of:0000000000000009:2,0.002,0.0025,0.002,0.002,1.9,2026-06-18T12:06:24,0.002,1.96
route_mutation,20260618T120624_953208,of:0000000000000005:2 -> of:0000000000000009:3,0.002,0.0025,0.002,0.002,1.83,2026-06-18T12:06:24,0.002,1.96
route_mutation,20260618T120624_953208,of:000000000000000b:3 -> of:000000000000000d:2,0.002,0.0025,0.002,0.002,1.86,2026-06-18T12:06:24,0.002,1.86
route_mutation,20260618T120624_953208,of:0000000000000004:1 -> of:000000000000000c:4,0.002,0.0025,0.002,0.002,2.43,2026-06-18T12:06:24,0.002,2.43
route_mutation,20260618T120624_953208,of:000000000000000c:3 -> of:000000000000000d:3,0.002,0.0025,0.002,0.002,1.9,2026-06-18T12:06:24,0.002,1.9
route_mutation,20260618T120624_953208,of:0000000000000001:1 -> of:000000000000000b:1,0.002,0.0025,0.002,0.002,2.06,2026-06-18T12:06:24,0.002,2.26
route_mutation,20260618T120624_953208,of:0000000000000006:1 -> of:000000000000000d:4,0.002,0.0025,0.002,0.002,2.46,2026-06-18T12:06:24,0.002,2.63
route_mutation,20260618T120624_953208,of:0000000000000002:1 -> of:000000000000000b:4,0.002,0.0025,0.002,0.002,1.7,2026-06-18T12:06:24,0.002,1.6
route_mutation,20260618T120624_953208,of:0000000000000001:3 -> of:000000000000000d:1,0.002,0.0025,0.002,0.002,2.66,2026-06-18T12:06:24,0.002,2.6
route_mutation,20260618T120624_953208,of:0000000000000006:2 -> of:000000000000000a:2,0.002,0.0025,0.002,0.002,1.9,2026-06-18T12:06:24,0.002,1.96
route_mutation,20260618T120624_953208,of:0000000000000003:1 -> of:000000000000000b:5,0.002,0.0025,0.002,0.002,2.23,2026-06-18T12:06:24,0.002,2.03
route_mutation,20260618T120624_953208,of:0000000000000007:1 -> of:000000000000000d:5,0.002,0.0025,0.002,0.001,1.56,2026-06-18T12:06:24,0.002,1.73
route_mutation,20260618T120624_953208,of:0000000000000007:2 -> of:000000000000000a:3,0.002,0.0025,0.002,0.002,1.93,2026-06-18T12:06:24,0.002,2.0
route_mutation,20260618T120624_953208,of:0000000000000002:2 -> of:0000000000000008:2,0.002,0.0025,0.002,0.002,2.1,2026-06-18T12:06:24,0.002,2.03
route_mutation,20260618T120624_953208,of:0000000000000008:1 -> of:000000000000000b:6,0.002,0.0025,0.002,0.002,1.66,2026-06-18T12:06:24,0.002,1.53
route_mutation,20260618T120624_953208,of:0000000000000009:1 -> of:000000000000000c:6,0.002,0.0025,0.002,0.002,1.6,2026-06-18T12:06:24,0.002,1.63
route_mutation,20260618T120624_953208,of:0000000000000001:2 -> of:000000000000000c:1,0.003,0.00375,0.003,0.003,3.2,2026-06-18T12:06:24,0.003,3.26
route_mutation,20260618T120624_953208,of:0000000000000003:2 -> of:0000000000000008:3,0.002,0.0025,0.002,0.002,2.1,2026-06-18T12:06:24,0.002,2.03
ip_shuffle,20260618T120655_249740,of:0000000000000005:1 -> of:000000000000000c:5,0.002,0.0025,0.002,0.002,1.66,2026-06-18T12:06:55,0.002,1.7
ip_shuffle,20260618T120655_249740,of:000000000000000a:1 -> of:000000000000000d:6,0.002,0.0025,0.002,0.002,1.8,2026-06-18T12:06:55,0.002,1.76
ip_shuffle,20260618T120655_249740,of:000000000000000b:2 -> of:000000000000000c:2,0.002,0.0025,0.002,0.002,2.23,2026-06-18T12:06:55,0.002,2.23
ip_shuffle,20260618T120655_249740,of:0000000000000004:2 -> of:0000000000000009:2,0.002,0.0025,0.002,0.002,2.13,2026-06-18T12:06:55,0.002,2.06
ip_shuffle,20260618T120655_249740,of:0000000000000005:2 -> of:0000000000000009:3,0.002,0.0025,0.002,0.002,2.13,2026-06-18T12:06:55,0.002,2.06
ip_shuffle,20260618T120655_249740,of:000000000000000b:3 -> of:000000000000000d:2,0.002,0.0025,0.002,0.002,2.23,2026-06-18T12:06:55,0.002,2.23
ip_shuffle,20260618T120655_249740,of:0000000000000004:1 -> of:000000000000000c:4,0.002,0.0025,0.002,0.002,1.66,2026-06-18T12:06:55,0.002,1.7
ip_shuffle,20260618T120655_249740,of:000000000000000c:3 -> of:000000000000000d:3,0.002,0.0025,0.002,0.002,2.2,2026-06-18T12:06:55,0.002,2.2
ip_shuffle,20260618T120655_249740,of:0000000000000001:1 -> of:000000000000000b:1,0.002,0.0025,0.002,0.002,1.73,2026-06-18T12:06:55,0.002,1.63
ip_shuffle,20260618T120655_249740,of:0000000000000006:1 -> of:000000000000000d:4,0.002,0.0025,0.002,0.002,1.8,2026-06-18T12:06:55,0.002,1.7
ip_shuffle,20260618T120655_249740,of:0000000000000002:1 -> of:000000000000000b:4,0.002,0.0025,0.002,0.002,1.6,2026-06-18T12:06:55,0.002,1.73
ip_shuffle,20260618T120655_249740,of:0000000000000001:3 -> of:000000000000000d:1,0.002,0.0025,0.002,0.002,2.86,2026-06-18T12:06:55,0.002,2.93
ip_shuffle,20260618T120655_249740,of:0000000000000006:2 -> of:000000000000000a:2,0.002,0.0025,0.002,0.002,2.13,2026-06-18T12:06:55,0.002,2.06
ip_shuffle,20260618T120655_249740,of:0000000000000003:1 -> of:000000000000000b:5,0.002,0.0025,0.002,0.002,1.6,2026-06-18T12:06:55,0.002,1.73
ip_shuffle,20260618T120655_249740,of:0000000000000007:1 -> of:000000000000000d:5,0.002,0.0025,0.002,0.002,2.86,2026-06-18T12:06:55,0.002,2.76
ip_shuffle,20260618T120655_249740,of:0000000000000007:2 -> of:000000000000000a:3,0.002,0.0025,0.002,0.002,2.1,2026-06-18T12:06:55,0.002,2.03
ip_shuffle,20260618T120655_249740,of:0000000000000002:2 -> of:0000000000000008:2,0.002,0.0025,0.002,0.002,1.96,2026-06-18T12:06:55,0.002,1.9
ip_shuffle,20260618T120655_249740,of:0000000000000008:1 -> of:000000000000000b:6,0.002,0.0025,0.002,0.002,1.63,2026-06-18T12:06:55,0.002,1.8
ip_shuffle,20260618T120655_249740,of:0000000000000009:1 -> of:000000000000000c:6,0.002,0.0025,0.002,0.002,1.8,2026-06-18T12:06:55,0.002,1.76
ip_shuffle,20260618T120655_249740,of:0000000000000001:2 -> of:000000000000000c:1,0.002,0.0025,0.002,0.002,1.7,2026-06-18T12:06:55,0.002,1.63
ip_shuffle,20260618T120655_249740,of:0000000000000003:2 -> of:0000000000000008:3,0.002,0.0025,0.002,0.002,1.96,2026-06-18T12:06:55,0.002,1.9
route_mutation,20260618T120752_977554,of:0000000000000005:1 -> of:000000000000000c:5,0.002,0.0025,0.002,0.002,2.53,2026-06-18T12:07:52,0.002,2.46
route_mutation,20260618T120752_977554,of:000000000000000a:1 -> of:000000000000000d:6,0.002,0.0025,0.002,0.002,1.66,2026-06-18T12:07:52,0.002,1.7
route_mutation,20260618T120752_977554,of:000000000000000b:2 -> of:000000000000000c:2,0.002,0.0025,0.002,0.002,2.0,2026-06-18T12:07:52,0.002,2.0
route_mutation,20260618T120752_977554,of:0000000000000004:2 -> of:0000000000000009:2,0.002,0.0025,0.002,0.002,2.3,2026-06-18T12:07:52,0.002,2.23
route_mutation,20260618T120752_977554,of:0000000000000005:2 -> of:0000000000000009:3,0.002,0.0025,0.002,0.002,2.23,2026-06-18T12:07:52,0.002,2.23
route_mutation,20260618T120752_977554,of:000000000000000b:3 -> of:000000000000000d:2,0.002,0.0025,0.002,0.002,2.03,2026-06-18T12:07:52,0.002,2.03
route_mutation,20260618T120752_977554,of:0000000000000004:1 -> of:000000000000000c:4,0.002,0.0025,0.002,0.002,2.6,2026-06-18T12:07:52,0.002,2.46
route_mutation,20260618T120752_977554,of:000000000000000c:3 -> of:000000000000000d:3,0.002,0.0025,0.002,0.002,2.03,2026-06-18T12:07:52,0.002,2.03
route_mutation,20260618T120752_977554,of:0000000000000001:1 -> of:000000000000000b:1,0.002,0.0025,0.002,0.002,2.1,2026-06-18T12:07:52,0.002,2.26
route_mutation,20260618T120752_977554,of:0000000000000006:1 -> of:000000000000000d:4,0.002,0.0025,0.002,0.002,2.7,2026-06-18T12:07:52,0.002,2.8
route_mutation,20260618T120752_977554,of:0000000000000002:1 -> of:000000000000000b:4,0.002,0.0025,0.002,0.002,1.76,2026-06-18T12:07:52,0.002,1.66
route_mutation,20260618T120752_977554,of:0000000000000001:3 -> of:000000000000000d:1,0.003,0.00375,0.003,0.003,3.43,2026-06-18T12:07:52,0.003,3.33
route_mutation,20260618T120752_977554,of:0000000000000006:2 -> of:000000000000000a:2,0.002,0.0025,0.002,0.002,2.06,2026-06-18T12:07:52,0.002,2.13
route_mutation,20260618T120752_977554,of:0000000000000003:1 -> of:000000000000000b:5,0.002,0.0025,0.002,0.002,2.23,2026-06-18T12:07:52,0.002,2.06
route_mutation,20260618T120752_977554,of:0000000000000007:1 -> of:000000000000000d:5,0.002,0.0025,0.002,0.002,2.3,2026-06-18T12:07:52,0.002,2.5
route_mutation,20260618T120752_977554,of:0000000000000007:2 -> of:000000000000000a:3,0.002,0.0025,0.002,0.002,2.06,2026-06-18T12:07:52,0.002,2.13
route_mutation,20260618T120752_977554,of:0000000000000002:2 -> of:0000000000000008:2,0.002,0.0025,0.002,0.002,2.16,2026-06-18T12:07:52,0.002,2.16
route_mutation,20260618T120752_977554,of:0000000000000008:1 -> of:000000000000000b:6,0.002,0.0025,0.002,0.002,1.73,2026-06-18T12:07:52,0.002,1.6
route_mutation,20260618T120752_977554,of:0000000000000009:1 -> of:000000000000000c:6,0.002,0.0025,0.002,0.002,1.76,2026-06-18T12:07:52,0.002,1.6
route_mutation,20260618T120752_977554,of:0000000000000001:2 -> of:000000000000000c:1,0.003,0.00375,0.003,0.003,3.26,2026-06-18T12:07:52,0.003,3.36
route_mutation,20260618T120752_977554,of:0000000000000003:2 -> of:0000000000000008:3,0.002,0.0025,0.002,0.002,2.23,2026-06-18T12:07:52,0.002,2.16
route_mutation,20260618T120823_221994,of:0000000000000005:1 -> of:000000000000000c:5,0.002,0.0025,0.002,0.002,1.56,2026-06-18T12:08:23,0.002,1.7
route_mutation,20260618T120823_221994,of:000000000000000a:1 -> of:000000000000000d:6,0.002,0.0025,0.002,0.002,1.76,2026-06-18T12:08:23,0.002,1.73
route_mutation,20260618T120823_221994,of:000000000000000b:2 -> of:000000000000000c:2,0.002,0.0025,0.002,0.002,2.2,2026-06-18T12:08:23,0.002,2.2
route_mutation,20260618T120823_221994,of:0000000000000004:2 -> of:0000000000000009:2,0.002,0.0025,0.002,0.002,1.9,2026-06-18T12:08:23,0.002,1.83
route_mutation,20260618T120823_221994,of:0000000000000005:2 -> of:0000000000000009:3,0.002,0.0025,0.002,0.002,1.9,2026-06-18T12:08:23,0.002,1.83
route_mutation,20260618T120823_221994,of:000000000000000b:3 -> of:000000000000000d:2,0.002,0.0025,0.002,0.002,2.16,2026-06-18T12:08:23,0.002,2.16
route_mutation,20260618T120823_221994,of:0000000000000004:1 -> of:000000000000000c:4,0.002,0.0025,0.002,0.002,1.56,2026-06-18T12:08:23,0.002,1.7
route_mutation,20260618T120823_221994,of:000000000000000c:3 -> of:000000000000000d:3,0.002,0.0025,0.002,0.002,2.16,2026-06-18T12:08:23,0.002,2.16
route_mutation,20260618T120823_221994,of:0000000000000001:1 -> of:000000000000000b:1,0.002,0.0025,0.002,0.002,1.7,2026-06-18T12:08:23,0.002,1.6
route_mutation,20260618T120823_221994,of:0000000000000006:1 -> of:000000000000000d:4,0.002,0.0025,0.002,0.002,1.73,2026-06-18T12:08:23,0.002,1.7
route_mutation,20260618T120823_221994,of:0000000000000002:1 -> of:000000000000000b:4,0.002,0.0025,0.002,0.002,1.6,2026-06-18T12:08:23,0.002,1.7
route_mutation,20260618T120823_221994,of:0000000000000001:3 -> of:000000000000000d:1,0.002,0.0025,0.002,0.002,2.8,2026-06-18T12:08:23,0.002,2.9
route_mutation,20260618T120823_221994,of:0000000000000006:2 -> of:000000000000000a:2,0.002,0.0025,0.002,0.002,2.06,2026-06-18T12:08:23,0.002,2.0
route_mutation,20260618T120823_221994,of:0000000000000003:1 -> of:000000000000000b:5,0.002,0.0025,0.002,0.002,1.6,2026-06-18T12:08:23,0.002,1.7
route_mutation,20260618T120823_221994,of:0000000000000007:1 -> of:000000000000000d:5,0.002,0.0025,0.002,0.002,2.86,2026-06-18T12:08:23,0.002,2.73
route_mutation,20260618T120823_221994,of:0000000000000007:2 -> of:000000000000000a:3,0.002,0.0025,0.002,0.002,2.06,2026-06-18T12:08:23,0.002,2.0
route_mutation,20260618T120823_221994,of:0000000000000002:2 -> of:0000000000000008:2,0.002,0.0025,0.002,0.002,1.96,2026-06-18T12:08:23,0.002,1.9
route_mutation,20260618T120823_221994,of:0000000000000008:1 -> of:000000000000000b:6,0.002,0.0025,0.002,0.002,1.63,2026-06-18T12:08:23,0.002,1.76
route_mutation,20260618T120823_221994,of:0000000000000009:1 -> of:000000000000000c:6,0.002,0.0025,0.002,0.002,1.6,2026-06-18T12:08:23,0.002,1.76
route_mutation,20260618T120823_221994,of:0000000000000001:2 -> of:000000000000000c:1,0.002,0.0025,0.002,0.002,1.7,2026-06-18T12:08:23,0.002,1.6
route_mutation,20260618T120823_221994,of:0000000000000003:2 -> of:0000000000000008:3,0.002,0.0025,0.002,0.002,1.96,2026-06-18T12:08:23,0.002,1.9
ip_shuffle,20260618T120853_480659,of:0000000000000005:1 -> of:000000000000000c:5,0.002,0.0025,0.002,0.002,1.43,2026-06-18T12:08:53,0.001,1.37
ip_shuffle,20260618T120853_480659,of:000000000000000a:1 -> of:000000000000000d:6,0.002,0.0025,0.002,0.002,1.43,2026-06-18T12:08:53,0.002,1.43
ip_shuffle,20260618T120853_480659,of:000000000000000b:2 -> of:000000000000000c:2,0.001,0.00125,0.001,0.001,1.4,2026-06-18T12:08:53,0.001,1.4
ip_shuffle,20260618T120853_480659,of:0000000000000004:2 -> of:0000000000000009:2,0.002,0.0025,0.002,0.001,1.46,2026-06-18T12:08:53,0.002,1.53
ip_shuffle,20260618T120853_480659,of:0000000000000005:2 -> of:0000000000000009:3,0.002,0.0025,0.002,0.001,1.46,2026-06-18T12:08:53,0.002,1.53
ip_shuffle,20260618T120853_480659,of:000000000000000b:3 -> of:000000000000000d:2,0.001,0.00125,0.001,0.001,1.53,2026-06-18T12:08:53,0.001,1.53
ip_shuffle,20260618T120853_480659,of:0000000000000004:1 -> of:000000000000000c:4,0.002,0.0025,0.002,0.002,1.43,2026-06-18T12:08:53,0.001,1.37
ip_shuffle,20260618T120853_480659,of:000000000000000c:3 -> of:000000000000000d:3,0.001,0.00125,0.001,0.001,1.4,2026-06-18T12:08:53,0.001,1.4
ip_shuffle,20260618T120853_480659,of:0000000000000001:1 -> of:000000000000000b:1,0.003,0.00375,0.003,0.003,3.0,2026-06-18T12:08:53,0.003,2.96
ip_shuffle,20260618T120853_480659,of:0000000000000006:1 -> of:000000000000000d:4,0.002,0.0025,0.002,0.002,1.7,2026-06-18T12:08:53,0.002,1.63
ip_shuffle,20260618T120853_480659,of:0000000000000002:1 -> of:000000000000000b:4,0.002,0.0025,0.002,0.002,2.46,2026-06-18T12:08:53,0.002,2.46
ip_shuffle,20260618T120853_480659,of:0000000000000001:3 -> of:000000000000000d:1,0.002,0.0025,0.002,0.002,1.5,2026-06-18T12:08:53,0.002,1.5
ip_shuffle,20260618T120853_480659,of:0000000000000006:2 -> of:000000000000000a:2,0.002,0.0025,0.002,0.002,1.6,2026-06-18T12:08:53,0.002,1.6
ip_shuffle,20260618T120853_480659,of:0000000000000003:1 -> of:000000000000000b:5,0.002,0.0025,0.002,0.002,2.06,2026-06-18T12:08:53,0.002,2.1
ip_shuffle,20260618T120853_480659,of:0000000000000007:1 -> of:000000000000000d:5,0.002,0.0025,0.002,0.002,1.43,2026-06-18T12:08:53,0.001,1.37
ip_shuffle,20260618T120853_480659,of:0000000000000007:2 -> of:000000000000000a:3,0.002,0.0025,0.002,0.002,1.6,2026-06-18T12:08:53,0.002,1.6
ip_shuffle,20260618T120853_480659,of:0000000000000002:2 -> of:0000000000000008:2,0.002,0.0025,0.002,0.001,1.46,2026-06-18T12:08:53,0.002,1.53
ip_shuffle,20260618T120853_480659,of:0000000000000008:1 -> of:000000000000000b:6,0.001,0.00125,0.001,0.001,1.37,2026-06-18T12:08:53,0.001,1.37
ip_shuffle,20260618T120853_480659,of:0000000000000009:1 -> of:000000000000000c:6,0.001,0.00125,0.001,0.001,1.37,2026-06-18T12:08:53,0.001,1.37
ip_shuffle,20260618T120853_480659,of:0000000000000001:2 -> of:000000000000000c:1,0.001,0.00125,0.001,0.001,1.37,2026-06-18T12:08:53,0.001,1.37
ip_shuffle,20260618T120853_480659,of:0000000000000003:2 -> of:0000000000000008:3,0.002,0.0025,0.002,0.001,1.4,2026-06-18T12:08:53,0.002,1.53
route_mutation,20260618T120957_550254,of:0000000000000005:1 -> of:000000000000000c:5,0.002,0.0025,0.002,0.002,1.43,2026-06-18T12:09:57,0.001,1.37
route_mutation,20260618T120957_550254,of:000000000000000a:1 -> of:000000000000000d:6,0.001,0.00125,0.001,0.001,1.37,2026-06-18T12:09:57,0.001,1.37
route_mutation,20260618T120957_550254,of:000000000000000b:2 -> of:000000000000000c:2,0.002,0.0025,0.002,0.002,1.53,2026-06-18T12:09:57,0.002,1.53
route_mutation,20260618T120957_550254,of:0000000000000004:2 -> of:0000000000000009:2,0.002,0.0025,0.002,0.001,1.46,2026-06-18T12:09:57,0.002,1.53
route_mutation,20260618T120957_550254,of:0000000000000005:2 -> of:0000000000000009:3,0.002,0.0025,0.002,0.001,1.46,2026-06-18T12:09:57,0.002,1.53
route_mutation,20260618T120957_550254,of:000000000000000b:3 -> of:000000000000000d:2,0.002,0.0025,0.002,0.002,1.66,2026-06-18T12:09:57,0.002,1.66
route_mutation,20260618T120957_550254,of:0000000000000004:1 -> of:000000000000000c:4,0.002,0.0025,0.002,0.002,1.46,2026-06-18T12:09:57,0.001,1.4
route_mutation,20260618T120957_550254,of:000000000000000c:3 -> of:000000000000000d:3,0.001,0.00125,0.001,0.001,1.4,2026-06-18T12:09:57,0.001,1.4
route_mutation,20260618T120957_550254,of:0000000000000001:1 -> of:000000000000000b:1,0.003,0.00375,0.003,0.003,3.46,2026-06-18T12:09:57,0.003,3.46
route_mutation,20260618T120957_550254,of:0000000000000006:1 -> of:000000000000000d:4,0.002,0.0025,0.002,0.002,1.7,2026-06-18T12:09:57,0.002,1.63
route_mutation,20260618T120957_550254,of:0000000000000002:1 -> of:000000000000000b:4,0.002,0.0025,0.002,0.002,2.6,2026-06-18T12:09:57,0.002,2.6
route_mutation,20260618T120957_550254,of:0000000000000001:3 -> of:000000000000000d:1,0.002,0.0025,0.002,0.001,1.43,2026-06-18T12:09:57,0.002,1.5
route_mutation,20260618T120957_550254,of:0000000000000006:2 -> of:000000000000000a:2,0.002,0.0025,0.002,0.002,1.53,2026-06-18T12:09:57,0.002,1.53
route_mutation,20260618T120957_550254,of:0000000000000003:1 -> of:000000000000000b:5,0.002,0.0025,0.002,0.002,2.53,2026-06-18T12:09:57,0.002,2.53
route_mutation,20260618T120957_550254,of:0000000000000007:1 -> of:000000000000000d:5,0.002,0.0025,0.002,0.002,1.43,2026-06-18T12:09:57,0.001,1.37
route_mutation,20260618T120957_550254,of:0000000000000007:2 -> of:000000000000000a:3,0.002,0.0025,0.002,0.002,1.53,2026-06-18T12:09:57,0.002,1.53
route_mutation,20260618T120957_550254,of:0000000000000002:2 -> of:0000000000000008:2,0.002,0.0025,0.002,0.001,1.46,2026-06-18T12:09:57,0.002,1.53
route_mutation,20260618T120957_550254,of:0000000000000008:1 -> of:000000000000000b:6,0.002,0.0025,0.002,0.002,1.5,2026-06-18T12:09:57,0.002,1.5
route_mutation,20260618T120957_550254,of:0000000000000009:1 -> of:000000000000000c:6,0.001,0.00125,0.001,0.001,1.37,2026-06-18T12:09:57,0.001,1.37
route_mutation,20260618T120957_550254,of:0000000000000001:2 -> of:000000000000000c:1,0.001,0.00125,0.001,0.001,1.37,2026-06-18T12:09:57,0.001,1.37
route_mutation,20260618T120957_550254,of:0000000000000003:2 -> of:0000000000000008:3,0.002,0.0025,0.002,0.001,1.4,2026-06-18T12:09:57,0.002,1.53
ip_shuffle,20260618T121027_801798,of:0000000000000005:1 -> of:000000000000000c:5,0.002,0.0025,0.002,0.002,2.46,2026-06-18T12:10:27,0.002,2.43
ip_shuffle,20260618T121027_801798,of:000000000000000a:1 -> of:000000000000000d:6,0.002,0.0025,0.002,0.002,1.73,2026-06-18T12:10:27,0.002,1.63
ip_shuffle,20260618T121027_801798,of:000000000000000b:2 -> of:000000000000000c:2,0.002,0.0025,0.002,0.002,2.03,2026-06-18T12:10:27,0.002,2.03
ip_shuffle,20260618T121027_801798,of:0000000000000004:2 -> of:0000000000000009:2,0.002,0.0025,0.002,0.002,2.06,2026-06-18T12:10:27,0.002,2.13
ip_shuffle,20260618T121027_801798,of:0000000000000005:2 -> of:0000000000000009:3,0.002,0.0025,0.002,0.002,2.06,2026-06-18T12:10:27,0.002,2.13
ip_shuffle,20260618T121027_801798,of:000000000000000b:3 -> of:000000000000000d:2,0.002,0.0025,0.002,0.002,2.03,2026-06-18T12:10:27,0.002,2.03
ip_shuffle,20260618T121027_801798,of:0000000000000004:1 -> of:000000000000000c:4,0.002,0.0025,0.002,0.002,2.43,2026-06-18T12:10:27,0.002,2.4
ip_shuffle,20260618T121027_801798,of:000000000000000c:3 -> of:000000000000000d:3,0.002,0.0025,0.002,0.002,1.93,2026-06-18T12:10:27,0.002,1.93
ip_shuffle,20260618T121027_801798,of:0000000000000001:1 -> of:000000000000000b:1,0.002,0.0025,0.002,0.002,1.7,2026-06-18T12:10:27,0.002,1.76
ip_shuffle,20260618T121027_801798,of:0000000000000006:1 -> of:000000000000000d:4,0.002,0.0025,0.002,0.002,2.66,2026-06-18T12:10:27,0.002,2.7
ip_shuffle,20260618T121027_801798,of:0000000000000002:1 -> of:000000000000000b:4,0.002,0.0025,0.002,0.002,1.66,2026-06-18T12:10:27,0.002,1.73
ip_shuffle,20260618T121027_801798,of:0000000000000001:3 -> of:000000000000000d:1,0.003,0.00375,0.003,0.003,3.0,2026-06-18T12:10:27,0.003,2.86
ip_shuffle,20260618T121027_801798,of:0000000000000006:2 -> of:000000000000000a:2,0.002,0.0025,0.002,0.002,2.06,2026-06-18T12:10:27,0.002,2.13
ip_shuffle,20260618T121027_801798,of:0000000000000003:1 -> of:000000000000000b:5,0.002,0.0025,0.002,0.002,1.66,2026-06-18T12:10:27,0.002,1.73
ip_shuffle,20260618T121027_801798,of:0000000000000007:1 -> of:000000000000000d:5,0.002,0.0025,0.002,0.002,1.73,2026-06-18T12:10:27,0.002,2.06
ip_shuffle,20260618T121027_801798,of:0000000000000007:2 -> of:000000000000000a:3,0.002,0.0025,0.002,0.002,2.06,2026-06-18T12:10:27,0.002,2.13
ip_shuffle,20260618T121027_801798,of:0000000000000002:2 -> of:0000000000000008:2,0.002,0.0025,0.002,0.002,2.06,2026-06-18T12:10:27,0.002,2.06
ip_shuffle,20260618T121027_801798,of:0000000000000008:1 -> of:000000000000000b:6,0.002,0.0025,0.002,0.002,1.66,2026-06-18T12:10:27,0.002,1.66
ip_shuffle,20260618T121027_801798,of:0000000000000009:1 -> of:000000000000000c:6,0.002,0.0025,0.002,0.002,1.73,2026-06-18T12:10:27,0.002,1.63
ip_shuffle,20260618T121027_801798,of:0000000000000001:2 -> of:000000000000000c:1,0.003,0.00375,0.003,0.003,3.23,2026-06-18T12:10:27,0.003,3.33
ip_shuffle,20260618T121027_801798,of:0000000000000003:2 -> of:0000000000000008:3,0.002,0.0025,0.002,0.002,2.13,2026-06-18T12:10:27,0.002,2.06
route_mutation,20260618T121125_338865,of:0000000000000005:1 -> of:000000000000000c:5,0.002,0.0025,0.002,0.001,1.5,2026-06-18T12:11:25,0.002,1.6
route_mutation,20260618T121125_338865,of:000000000000000a:1 -> of:000000000000000d:6,0.002,0.0025,0.002,0.002,1.53,2026-06-18T12:11:25,0.002,1.63
route_mutation,20260618T121125_338865,of:000000000000000b:2 -> of:000000000000000c:2,0.002,0.0025,0.002,0.002,1.83,2026-06-18T12:11:25,0.002,1.83
route_mutation,20260618T121125_338865,of:0000000000000004:2 -> of:0000000000000009:2,0.002,0.0025,0.002,0.002,1.8,2026-06-18T12:11:25,0.001,1.66
route_mutation,20260618T121125_338865,of:0000000000000005:2 -> of:0000000000000009:3,0.002,0.0025,0.002,0.002,1.8,2026-06-18T12:11:25,0.001,1.66
route_mutation,20260618T121125_338865,of:000000000000000b:3 -> of:000000000000000d:2,0.002,0.0025,0.002,0.002,1.86,2026-06-18T12:11:25,0.002,1.86
route_mutation,20260618T121125_338865,of:0000000000000004:1 -> of:000000000000000c:4,0.002,0.0025,0.002,0.001,1.5,2026-06-18T12:11:25,0.002,1.6
route_mutation,20260618T121125_338865,of:000000000000000c:3 -> of:000000000000000d:3,0.002,0.0025,0.002,0.002,2.03,2026-06-18T12:11:25,0.002,2.03
route_mutation,20260618T121125_338865,of:0000000000000001:1 -> of:000000000000000b:1,0.002,0.0025,0.002,0.002,1.56,2026-06-18T12:11:25,0.001,1.43
route_mutation,20260618T121125_338865,of:0000000000000006:1 -> of:000000000000000d:4,0.002,0.0025,0.002,0.002,2.23,2026-06-18T12:11:25,0.002,2.26
route_mutation,20260618T121125_338865,of:0000000000000002:1 -> of:000000000000000b:4,0.002,0.0025,0.002,0.002,1.56,2026-06-18T12:11:25,0.001,1.43
route_mutation,20260618T121125_338865,of:0000000000000001:3 -> of:000000000000000d:1,0.003,0.00375,0.003,0.003,3.26,2026-06-18T12:11:25,0.003,3.33
route_mutation,20260618T121125_338865,of:0000000000000006:2 -> of:000000000000000a:2,0.002,0.0025,0.002,0.002,1.83,2026-06-18T12:11:25,0.002,1.7
route_mutation,20260618T121125_338865,of:0000000000000003:1 -> of:000000000000000b:5,0.002,0.0025,0.002,0.002,1.56,2026-06-18T12:11:25,0.001,1.43
route_mutation,20260618T121125_338865,of:0000000000000007:1 -> of:000000000000000d:5,0.002,0.0025,0.002,0.002,2.66,2026-06-18T12:11:25,0.002,2.4
route_mutation,20260618T121125_338865,of:0000000000000007:2 -> of:000000000000000a:3,0.002,0.0025,0.002,0.002,1.86,2026-06-18T12:11:25,0.002,1.73
route_mutation,20260618T121125_338865,of:0000000000000002:2 -> of:0000000000000008:2,0.002,0.0025,0.002,0.002,1.8,2026-06-18T12:11:25,0.002,1.73
route_mutation,20260618T121125_338865,of:0000000000000008:1 -> of:000000000000000b:6,0.001,0.00125,0.001,0.001,1.5,2026-06-18T12:11:25,0.001,1.5
route_mutation,20260618T121125_338865,of:0000000000000009:1 -> of:000000000000000c:6,0.002,0.0025,0.002,0.001,1.5,2026-06-18T12:11:25,0.002,1.6
route_mutation,20260618T121125_338865,of:0000000000000001:2 -> of:000000000000000c:1,0.002,0.0025,0.002,0.002,1.6,2026-06-18T12:11:25,0.001,1.5
route_mutation,20260618T121125_338865,of:0000000000000003:2 -> of:0000000000000008:3,0.002,0.0025,0.002,0.002,1.8,2026-06-18T12:11:25,0.002,1.73
route_mutation,20260618T121155_610939,of:0000000000000005:1 -> of:000000000000000c:5,0.002,0.0025,0.002,0.002,1.53,2026-06-18T12:11:55,0.001,1.46
route_mutation,20260618T121155_610939,of:000000000000000a:1 -> of:000000000000000d:6,0.001,0.00125,0.001,0.001,1.46,2026-06-18T12:11:55,0.001,1.46
route_mutation,20260618T121155_610939,of:000000000000000b:2 -> of:000000000000000c:2,0.002,0.0025,0.002,0.002,1.66,2026-06-18T12:11:55,0.002,1.66
route_mutation,20260618T121155_610939,of:0000000000000004:2 -> of:0000000000000009:2,0.002,0.0025,0.002,0.002,1.66,2026-06-18T12:11:55,0.002,1.73
route_mutation,20260618T121155_610939,of:0000000000000005:2 -> of:0000000000000009:3,0.002,0.0025,0.002,0.002,1.66,2026-06-18T12:11:55,0.002,1.73
route_mutation,20260618T121155_610939,of:000000000000000b:3 -> of:000000000000000d:2,0.002,0.0025,0.002,0.002,1.83,2026-06-18T12:11:55,0.002,1.83
route_mutation,20260618T121155_610939,of:0000000000000004:1 -> of:000000000000000c:4,0.002,0.0025,0.002,0.002,1.53,2026-06-18T12:11:55,0.001,1.46
route_mutation,20260618T121155_610939,of:000000000000000c:3 -> of:000000000000000d:3,0.001,0.00125,0.001,0.001,1.6,2026-06-18T12:11:55,0.001,1.6
route_mutation,20260618T121155_610939,of:0000000000000001:1 -> of:000000000000000b:1,0.003,0.00375,0.003,0.003,2.9,2026-06-18T12:11:55,0.003,2.96
route_mutation,20260618T121155_610939,of:0000000000000006:1 -> of:000000000000000d:4,0.002,0.0025,0.002,0.002,1.86,2026-06-18T12:11:55,0.002,1.8
route_mutation,20260618T121155_610939,of:0000000000000002:1 -> of:000000000000000b:4,0.002,0.0025,0.002,0.002,2.6,2026-06-18T12:11:55,0.002,2.66
route_mutation,20260618T121155_610939,of:0000000000000001:3 -> of:000000000000000d:1,0.002,0.0025,0.002,0.002,1.56,2026-06-18T12:11:55,0.002,1.63
route_mutation,20260618T121155_610939,of:0000000000000006:2 -> of:000000000000000a:2,0.002,0.0025,0.002,0.002,1.66,2026-06-18T12:11:55,0.002,1.73
route_mutation,20260618T121155_610939,of:0000000000000003:1 -> of:000000000000000b:5,0.002,0.0025,0.002,0.002,1.93,2026-06-18T12:11:55,0.002,2.0
route_mutation,20260618T121155_610939,of:0000000000000007:1 -> of:000000000000000d:5,0.002,0.0025,0.002,0.002,1.53,2026-06-18T12:11:55,0.001,1.46
route_mutation,20260618T121155_610939,of:0000000000000007:2 -> of:000000000000000a:3,0.002,0.0025,0.002,0.002,1.66,2026-06-18T12:11:55,0.002,1.73
route_mutation,20260618T121155_610939,of:0000000000000002:2 -> of:0000000000000008:2,0.002,0.0025,0.002,0.002,1.66,2026-06-18T12:11:55,0.002,1.73
route_mutation,20260618T121155_610939,of:0000000000000008:1 -> of:000000000000000b:6,0.002,0.0025,0.002,0.002,1.53,2026-06-18T12:11:55,0.002,1.53
route_mutation,20260618T121155_610939,of:0000000000000009:1 -> of:000000000000000c:6,0.001,0.00125,0.001,0.001,1.46,2026-06-18T12:11:55,0.001,1.46
route_mutation,20260618T121155_610939,of:0000000000000001:2 -> of:000000000000000c:1,0.001,0.00125,0.001,0.001,1.46,2026-06-18T12:11:55,0.001,1.46
route_mutation,20260618T121155_610939,of:0000000000000003:2 -> of:0000000000000008:3,0.002,0.0025,0.002,0.002,1.66,2026-06-18T12:11:55,0.002,1.73
route_mutation,20260618T121225_852820,of:0000000000000005:1 -> of:000000000000000c:5,0.002,0.0025,0.002,0.002,2.39,2026-06-18T12:12:25,0.002,2.56
route_mutation,20260618T121225_852820,of:000000000000000a:1 -> of:000000000000000d:6,0.002,0.0025,0.002,0.002,1.6,2026-06-18T12:12:25,0.002,1.5
route_mutation,20260618T121225_852820,of:000000000000000b:2 -> of:000000000000000c:2,0.002,0.0025,0.002,0.002,1.96,2026-06-18T12:12:25,0.002,1.96
route_mutation,20260618T121225_852820,of:0000000000000004:2 -> of:0000000000000009:2,0.002,0.0025,0.002,0.002,1.7,2026-06-18T12:12:25,0.002,1.76
route_mutation,20260618T121225_852820,of:0000000000000005:2 -> of:0000000000000009:3,0.002,0.0025,0.002,0.002,1.73,2026-06-18T12:12:25,0.002,1.8
route_mutation,20260618T121225_852820,of:000000000000000b:3 -> of:000000000000000d:2,0.002,0.0025,0.002,0.002,1.73,2026-06-18T12:12:25,0.002,1.7
route_mutation,20260618T121225_852820,of:0000000000000004:1 -> of:000000000000000c:4,0.002,0.0025,0.002,0.002,2.36,2026-06-18T12:12:25,0.002,2.56
route_mutation,20260618T121225_852820,of:000000000000000c:3 -> of:000000000000000d:3,0.002,0.0025,0.002,0.002,1.86,2026-06-18T12:12:25,0.002,1.86
route_mutation,20260618T121225_852820,of:0000000000000001:1 -> of:000000000000000b:1,0.002,0.0025,0.002,0.002,2.1,2026-06-18T12:12:25,0.002,2.1
route_mutation,20260618T121225_852820,of:0000000000000006:1 -> of:000000000000000d:4,0.002,0.0025,0.002,0.002,2.06,2026-06-18T12:12:25,0.002,2.29
route_mutation,20260618T121225_852820,of:0000000000000002:1 -> of:000000000000000b:4,0.002,0.0025,0.002,0.002,1.5,2026-06-18T12:12:25,0.002,1.6
route_mutation,20260618T121225_852820,of:0000000000000001:3 -> of:000000000000000d:1,0.002,0.0025,0.002,0.002,2.26,2026-06-18T12:12:25,0.002,2.19
route_mutation,20260618T121225_852820,of:0000000000000006:2 -> of:000000000000000a:2,0.002,0.0025,0.002,0.002,1.73,2026-06-18T12:12:25,0.002,1.8
route_mutation,20260618T121225_852820,of:0000000000000003:1 -> of:000000000000000b:5,0.002,0.0025,0.002,0.002,2.03,2026-06-18T12:12:25,0.002,2.13
route_mutation,20260618T121225_852820,of:0000000000000007:1 -> of:000000000000000d:5,0.002,0.0025,0.002,0.001,1.46,2026-06-18T12:12:25,0.002,1.5
route_mutation,20260618T121225_852820,of:0000000000000007:2 -> of:000000000000000a:3,0.002,0.0025,0.002,0.002,1.73,2026-06-18T12:12:25,0.002,1.8
route_mutation,20260618T121225_852820,of:0000000000000002:2 -> of:0000000000000008:2,0.002,0.0025,0.002,0.002,1.7,2026-06-18T12:12:25,0.002,1.76
route_mutation,20260618T121225_852820,of:0000000000000008:1 -> of:000000000000000b:6,0.002,0.0025,0.002,0.002,1.6,2026-06-18T12:12:25,0.002,1.6
route_mutation,20260618T121225_852820,of:0000000000000009:1 -> of:000000000000000c:6,0.002,0.0025,0.002,0.002,1.73,2026-06-18T12:12:25,0.002,1.76
route_mutation,20260618T121225_852820,of:0000000000000001:2 -> of:000000000000000c:1,0.003,0.00375,0.003,0.003,3.29,2026-06-18T12:12:25,0.003,3.29
route_mutation,20260618T121225_852820,of:0000000000000003:2 -> of:0000000000000008:3,0.002,0.0025,0.002,0.002,1.7,2026-06-18T12:12:25,0.002,1.76
ip_shuffle,20260618T121256_123478,of:0000000000000005:1 -> of:000000000000000c:5,0.002,0.0025,0.002,0.002,1.5,2026-06-18T12:12:56,0.001,1.46
ip_shuffle,20260618T121256_123478,of:000000000000000a:1 -> of:000000000000000d:6,0.002,0.0025,0.002,0.002,1.53,2026-06-18T12:12:56,0.002,1.43
ip_shuffle,20260618T121256_123478,of:000000000000000b:2 -> of:000000000000000c:2,0.002,0.0025,0.002,0.002,1.73,2026-06-18T12:12:56,0.002,1.73
ip_shuffle,20260618T121256_123478,of:0000000000000004:2 -> of:0000000000000009:2,0.002,0.0025,0.002,0.002,1.63,2026-06-18T12:12:56,0.002,1.7
ip_shuffle,20260618T121256_123478,of:0000000000000005:2 -> of:0000000000000009:3,0.002,0.0025,0.002,0.002,1.63,2026-06-18T12:12:56,0.002,1.63
ip_shuffle,20260618T121256_123478,of:000000000000000b:3 -> of:000000000000000d:2,0.002,0.0025,0.002,0.002,1.63,2026-06-18T12:12:56,0.002,1.63
ip_shuffle,20260618T121256_123478,of:0000000000000004:1 -> of:000000000000000c:4,0.002,0.0025,0.002,0.002,1.5,2026-06-18T12:12:56,0.002,1.53
ip_shuffle,20260618T121256_123478,of:000000000000000c:3 -> of:000000000000000d:3,0.002,0.0025,0.002,0.002,1.63,2026-06-18T12:12:56,0.002,1.63
ip_shuffle,20260618T121256_123478,of:0000000000000001:1 -> of:000000000000000b:1,0.003,0.00375,0.003,0.003,2.76,2026-06-18T12:12:56,0.003,2.93
ip_shuffle,20260618T121256_123478,of:0000000000000006:1 -> of:000000000000000d:4,0.002,0.0025,0.002,0.002,1.5,2026-06-18T12:12:56,0.002,1.43
ip_shuffle,20260618T121256_123478,of:0000000000000002:1 -> of:000000000000000b:4,0.002,0.0025,0.002,0.002,2.46,2026-06-18T12:12:56,0.002,2.5
ip_shuffle,20260618T121256_123478,of:0000000000000001:3 -> of:000000000000000d:1,0.002,0.0025,0.002,0.001,1.3,2026-06-18T12:12:56,0.002,1.46
ip_shuffle,20260618T121256_123478,of:0000000000000006:2 -> of:000000000000000a:2,0.002,0.0025,0.002,0.002,1.63,2026-06-18T12:12:56,0.002,1.7
ip_shuffle,20260618T121256_123478,of:0000000000000003:1 -> of:000000000000000b:5,0.002,0.0025,0.002,0.002,1.9,2026-06-18T12:12:56,0.002,1.86
ip_shuffle,20260618T121256_123478,of:0000000000000007:1 -> of:000000000000000d:5,0.002,0.0025,0.002,0.002,1.53,2026-06-18T12:12:56,0.002,1.43
ip_shuffle,20260618T121256_123478,of:0000000000000007:2 -> of:000000000000000a:3,0.002,0.0025,0.002,0.002,1.66,2026-06-18T12:12:56,0.002,1.73
ip_shuffle,20260618T121256_123478,of:0000000000000002:2 -> of:0000000000000008:2,0.002,0.0025,0.002,0.002,1.63,2026-06-18T12:12:56,0.002,1.63
ip_shuffle,20260618T121256_123478,of:0000000000000008:1 -> of:000000000000000b:6,0.002,0.0025,0.002,0.002,1.53,2026-06-18T12:12:56,0.002,1.53
ip_shuffle,20260618T121256_123478,of:0000000000000009:1 -> of:000000000000000c:6,0.002,0.0025,0.002,0.002,1.53,2026-06-18T12:12:56,0.002,1.53
ip_shuffle,20260618T121256_123478,of:0000000000000001:2 -> of:000000000000000c:1,0.002,0.0025,0.002,0.001,1.46,2026-06-18T12:12:56,0.002,1.46
ip_shuffle,20260618T121256_123478,of:0000000000000003:2 -> of:0000000000000008:3,0.002,0.0025,0.002,0.002,1.7,2026-06-18T12:12:56,0.002,1.7
route_mutation,20260618T121401_101570,of:0000000000000005:1 -> of:000000000000000c:5,0.002,0.0025,0.002,0.002,1.69,2026-06-18T12:14:01,0.002,1.6
route_mutation,20260618T121401_101570,of:000000000000000a:1 -> of:000000000000000d:6,0.002,0.0025,0.002,0.002,1.69,2026-06-18T12:14:01,0.002,1.83
route_mutation,20260618T121401_101570,of:000000000000000b:2 -> of:000000000000000c:2,0.002,0.0025,0.002,0.002,1.86,2026-06-18T12:14:01,0.002,1.86
route_mutation,20260618T121401_101570,of:0000000000000004:2 -> of:0000000000000009:2,0.002,0.0025,0.002,0.002,2.09,2026-06-18T12:14:01,0.002,1.96
route_mutation,20260618T121401_101570,of:0000000000000005:2 -> of:0000000000000009:3,0.002,0.0025,0.002,0.002,2.06,2026-06-18T12:14:01,0.002,1.99
route_mutation,20260618T121401_101570,of:000000000000000b:3 -> of:000000000000000d:2,0.002,0.0025,0.002,0.002,2.16,2026-06-18T12:14:01,0.002,2.16
route_mutation,20260618T121401_101570,of:0000000000000004:1 -> of:000000000000000c:4,0.002,0.0025,0.002,0.002,1.73,2026-06-18T12:14:01,0.001,1.53
route_mutation,20260618T121401_101570,of:000000000000000c:3 -> of:000000000000000d:3,0.002,0.0025,0.002,0.002,2.16,2026-06-18T12:14:01,0.002,2.16
route_mutation,20260618T121401_101570,of:0000000000000001:1 -> of:000000000000000b:1,0.002,0.0025,0.002,0.002,1.66,2026-06-18T12:14:01,0.002,1.66
route_mutation,20260618T121401_101570,of:0000000000000006:1 -> of:000000000000000d:4,0.002,0.0025,0.002,0.002,2.19,2026-06-18T12:14:01,0.002,1.93
route_mutation,20260618T121401_101570,of:0000000000000002:1 -> of:000000000000000b:4,0.002,0.0025,0.002,0.002,1.73,2026-06-18T12:14:01,0.002,1.6
route_mutation,20260618T121401_101570,of:0000000000000001:3 -> of:000000000000000d:1,0.003,0.00375,0.003,0.003,3.19,2026-06-18T12:14:01,0.003,3.29
route_mutation,20260618T121401_101570,of:0000000000000006:2 -> of:000000000000000a:2,0.002,0.0025,0.002,0.002,2.06,2026-06-18T12:14:01,0.002,1.93
route_mutation,20260618T121401_101570,of:0000000000000003:1 -> of:000000000000000b:5,0.002,0.0025,0.002,0.002,1.73,2026-06-18T12:14:01,0.001,1.53
route_mutation,20260618T121401_101570,of:0000000000000007:1 -> of:000000000000000d:5,0.003,0.00375,0.003,0.003,2.96,2026-06-18T12:14:01,0.003,2.92
route_mutation,20260618T121401_101570,of:0000000000000007:2 -> of:000000000000000a:3,0.002,0.0025,0.002,0.002,2.06,2026-06-18T12:14:01,0.002,1.93
route_mutation,20260618T121401_101570,of:0000000000000002:2 -> of:0000000000000008:2,0.002,0.0025,0.002,0.002,2.09,2026-06-18T12:14:01,0.002,2.03
route_mutation,20260618T121401_101570,of:0000000000000008:1 -> of:000000000000000b:6,0.001,0.00125,0.001,0.001,1.56,2026-06-18T12:14:01,0.001,1.53
route_mutation,20260618T121401_101570,of:0000000000000009:1 -> of:000000000000000c:6,0.001,0.00125,0.001,0.001,1.56,2026-06-18T12:14:01,0.001,1.53
route_mutation,20260618T121401_101570,of:0000000000000001:2 -> of:000000000000000c:1,0.002,0.0025,0.002,0.002,1.66,2026-06-18T12:14:01,0.002,1.66
route_mutation,20260618T121401_101570,of:0000000000000003:2 -> of:0000000000000008:3,0.002,0.0025,0.002,0.002,2.09,2026-06-18T12:14:01,0.002,1.96
route_mutation,20260618T121431_333190,of:0000000000000005:1 -> of:000000000000000c:5,0.002,0.0025,0.002,0.002,1.53,2026-06-18T12:14:31,0.001,1.46
route_mutation,20260618T121431_333190,of:000000000000000a:1 -> of:000000000000000d:6,0.002,0.0025,0.002,0.002,1.53,2026-06-18T12:14:31,0.002,1.53
route_mutation,20260618T121431_333190,of:000000000000000b:2 -> of:000000000000000c:2,0.002,0.0025,0.002,0.002,1.73,2026-06-18T12:14:31,0.002,1.73
route_mutation,20260618T121431_333190,of:0000000000000004:2 -> of:0000000000000009:2,0.002,0.0025,0.002,0.002,1.66,2026-06-18T12:14:31,0.002,1.73
route_mutation,20260618T121431_333190,of:0000000000000005:2 -> of:0000000000000009:3,0.002,0.0025,0.002,0.002,1.66,2026-06-18T12:14:31,0.002,1.66
route_mutation,20260618T121431_333190,of:000000000000000b:3 -> of:000000000000000d:2,0.002,0.0025,0.002,0.002,1.73,2026-06-18T12:14:31,0.002,1.73
route_mutation,20260618T121431_333190,of:0000000000000004:1 -> of:000000000000000c:4,0.002,0.0025,0.002,0.002,1.53,2026-06-18T12:14:31,0.002,1.53
route_mutation,20260618T121431_333190,of:000000000000000c:3 -> of:000000000000000d:3,0.002,0.0025,0.002,0.002,1.73,2026-06-18T12:14:31,0.002,1.73
route_mutation,20260618T121431_333190,of:0000000000000001:1 -> of:000000000000000b:1,0.003,0.00375,0.003,0.003,2.86,2026-06-18T12:14:31,0.003,2.96
route_mutation,20260618T121431_333190,of:0000000000000006:1 -> of:000000000000000d:4,0.002,0.0025,0.002,0.001,1.46,2026-06-18T12:14:31,0.002,1.53
route_mutation,20260618T121431_333190,of:0000000000000002:1 -> of:000000000000000b:4,0.002,0.0025,0.002,0.002,2.5,2026-06-18T12:14:31,0.002,2.5
route_mutation,20260618T121431_333190,of:0000000000000001:3 -> of:000000000000000d:1,0.001,0.00125,0.001,0.001,1.46,2026-06-18T12:14:31,0.001,1.43
route_mutation,20260618T121431_333190,of:0000000000000006:2 -> of:000000000000000a:2,0.002,0.0025,0.002,0.002,1.66,2026-06-18T12:14:31,0.002,1.73
route_mutation,20260618T121431_333190,of:0000000000000003:1 -> of:000000000000000b:5,0.002,0.0025,0.002,0.002,2.0,2026-06-18T12:14:31,0.002,1.93
route_mutation,20260618T121431_333190,of:0000000000000007:1 -> of:000000000000000d:5,0.002,0.0025,0.002,0.001,1.46,2026-06-18T12:14:31,0.002,1.53
route_mutation,20260618T121431_333190,of:0000000000000007:2 -> of:000000000000000a:3,0.002,0.0025,0.002,0.002,1.66,2026-06-18T12:14:31,0.002,1.73
route_mutation,20260618T121431_333190,of:0000000000000002:2 -> of:0000000000000008:2,0.002,0.0025,0.002,0.002,1.66,2026-06-18T12:14:31,0.002,1.66
route_mutation,20260618T121431_333190,of:0000000000000008:1 -> of:000000000000000b:6,0.002,0.0025,0.002,0.002,1.53,2026-06-18T12:14:31,0.002,1.53
route_mutation,20260618T121431_333190,of:0000000000000009:1 -> of:000000000000000c:6,0.002,0.0025,0.002,0.002,1.53,2026-06-18T12:14:31,0.002,1.53
route_mutation,20260618T121431_333190,of:0000000000000001:2 -> of:000000000000000c:1,0.001,0.00125,0.001,0.001,1.46,2026-06-18T12:14:31,0.001,1.43
route_mutation,20260618T121431_333190,of:0000000000000003:2 -> of:0000000000000008:3,0.002,0.0025,0.002,0.002,1.73,2026-06-18T12:14:31,0.002,1.73
route_mutation,20260618T121501_626366,of:0000000000000005:1 -> of:000000000000000c:5,0.002,0.0025,0.002,0.002,2.19,2026-06-18T12:15:01,0.002,2.33
route_mutation,20260618T121501_626366,of:000000000000000a:1 -> of:000000000000000d:6,0.002,0.0025,0.002,0.002,1.53,2026-06-18T12:15:01,0.002,1.53
route_mutation,20260618T121501_626366,of:000000000000000b:2 -> of:000000000000000c:2,0.002,0.0025,0.002,0.002,1.73,2026-06-18T12:15:01,0.002,1.73
route_mutation,20260618T121501_626366,of:0000000000000004:2 -> of:0000000000000009:2,0.002,0.0025,0.002,0.002,1.66,2026-06-18T12:15:01,0.002,1.73
route_mutation,20260618T121501_626366,of:0000000000000005:2 -> of:0000000000000009:3,0.002,0.0025,0.002,0.002,1.66,2026-06-18T12:15:01,0.002,1.73
route_mutation,20260618T121501_626366,of:000000000000000b:3 -> of:000000000000000d:2,0.002,0.0025,0.002,0.002,1.73,2026-06-18T12:15:01,0.002,1.73
route_mutation,20260618T121501_626366,of:0000000000000004:1 -> of:000000000000000c:4,0.002,0.0025,0.002,0.002,2.19,2026-06-18T12:15:01,0.002,2.33
route_mutation,20260618T121501_626366,of:000000000000000c:3 -> of:000000000000000d:3,0.002,0.0025,0.002,0.002,1.73,2026-06-18T12:15:01,0.002,1.73
route_mutation,20260618T121501_626366,of:0000000000000001:1 -> of:000000000000000b:1,0.002,0.0025,0.002,0.002,2.13,2026-06-18T12:15:01,0.002,2.09
route_mutation,20260618T121501_626366,of:0000000000000006:1 -> of:000000000000000d:4,0.002,0.0025,0.002,0.002,2.39,2026-06-18T12:15:01,0.002,2.46
route_mutation,20260618T121501_626366,of:0000000000000002:1 -> of:000000000000000b:4,0.002,0.0025,0.002,0.001,1.46,2026-06-18T12:15:01,0.002,1.53
route_mutation,20260618T121501_626366,of:0000000000000001:3 -> of:000000000000000d:1,0.002,0.0025,0.002,0.002,2.43,2026-06-18T12:15:01,0.002,2.49
route_mutation,20260618T121501_626366,of:0000000000000006:2 -> of:000000000000000a:2,0.002,0.0025,0.002,0.002,1.66,2026-06-18T12:15:01,0.002,1.73
route_mutation,20260618T121501_626366,of:0000000000000003:1 -> of:000000000000000b:5,0.002,0.0025,0.002,0.002,1.96,2026-06-18T12:15:01,0.002,2.16
route_mutation,20260618T121501_626366,of:0000000000000007:1 -> of:000000000000000d:5,0.002,0.0025,0.002,0.002,1.53,2026-06-18T12:15:01,0.002,1.53
route_mutation,20260618T121501_626366,of:0000000000000007:2 -> of:000000000000000a:3,0.002,0.0025,0.002,0.002,1.73,2026-06-18T12:15:01,0.002,1.73
route_mutation,20260618T121501_626366,of:0000000000000002:2 -> of:0000000000000008:2,0.002,0.0025,0.002,0.002,1.66,2026-06-18T12:15:01,0.002,1.73
route_mutation,20260618T121501_626366,of:0000000000000008:1 -> of:000000000000000b:6,0.002,0.0025,0.002,0.002,1.53,2026-06-18T12:15:01,0.002,1.53
route_mutation,20260618T121501_626366,of:0000000000000009:1 -> of:000000000000000c:6,0.002,0.0025,0.002,0.002,1.53,2026-06-18T12:15:01,0.002,1.53
route_mutation,20260618T121501_626366,of:0000000000000001:2 -> of:000000000000000c:1,0.003,0.00375,0.003,0.003,3.13,2026-06-18T12:15:01,0.003,3.16
route_mutation,20260618T121501_626366,of:0000000000000003:2 -> of:0000000000000008:3,0.002,0.0025,0.002,0.001,1.6,2026-06-18T12:15:01,0.002,1.73
ip_shuffle,20260618T121531_861233,of:0000000000000005:1 -> of:000000000000000c:5,0.002,0.0025,0.002,0.002,1.73,2026-06-18T12:15:31,0.002,1.66
ip_shuffle,20260618T121531_861233,of:000000000000000a:1 -> of:000000000000000d:6,0.002,0.0025,0.002,0.002,1.66,2026-06-18T12:15:31,0.002,1.66
ip_shuffle,20260618T121531_861233,of:000000000000000b:2 -> of:000000000000000c:2,0.002,0.0025,0.002,0.002,2.0,2026-06-18T12:15:31,0.002,2.0
ip_shuffle,20260618T121531_861233,of:0000000000000004:2 -> of:0000000000000009:2,0.002,0.0025,0.002,0.002,2.13,2026-06-18T12:15:31,0.002,2.06
ip_shuffle,20260618T121531_861233,of:0000000000000005:2 -> of:0000000000000009:3,0.002,0.0025,0.002,0.002,2.16,2026-06-18T12:15:31,0.002,2.1
ip_shuffle,20260618T121531_861233,of:000000000000000b:3 -> of:000000000000000d:2,0.002,0.0025,0.002,0.002,2.06,2026-06-18T12:15:31,0.002,2.06
ip_shuffle,20260618T121531_861233,of:0000000000000004:1 -> of:000000000000000c:4,0.002,0.0025,0.002,0.002,1.73,2026-06-18T12:15:31,0.002,1.66
ip_shuffle,20260618T121531_861233,of:000000000000000c:3 -> of:000000000000000d:3,0.002,0.0025,0.002,0.002,2.06,2026-06-18T12:15:31,0.002,2.06
ip_shuffle,20260618T121531_861233,of:0000000000000001:1 -> of:000000000000000b:1,0.002,0.0025,0.002,0.002,1.73,2026-06-18T12:15:31,0.002,1.66
ip_shuffle,20260618T121531_861233,of:0000000000000006:1 -> of:000000000000000d:4,0.002,0.0025,0.002,0.002,1.86,2026-06-18T12:15:31,0.002,1.8
ip_shuffle,20260618T121531_861233,of:0000000000000002:1 -> of:000000000000000b:4,0.002,0.0025,0.002,0.002,1.73,2026-06-18T12:15:31,0.002,1.66
ip_shuffle,20260618T121531_861233,of:0000000000000001:3 -> of:000000000000000d:1,0.003,0.00375,0.003,0.003,3.03,2026-06-18T12:15:31,0.003,3.06
ip_shuffle,20260618T121531_861233,of:0000000000000006:2 -> of:000000000000000a:2,0.002,0.0025,0.002,0.002,2.13,2026-06-18T12:15:31,0.002,2.0
ip_shuffle,20260618T121531_861233,of:0000000000000003:1 -> of:000000000000000b:5,0.002,0.0025,0.002,0.002,1.76,2026-06-18T12:15:31,0.001,1.63
ip_shuffle,20260618T121531_861233,of:0000000000000007:1 -> of:000000000000000d:5,0.002,0.0025,0.002,0.002,2.86,2026-06-18T12:15:31,0.002,2.86
ip_shuffle,20260618T121531_861233,of:0000000000000007:2 -> of:000000000000000a:3,0.002,0.0025,0.002,0.002,2.06,2026-06-18T12:15:31,0.002,2.0
ip_shuffle,20260618T121531_861233,of:0000000000000002:2 -> of:0000000000000008:2,0.002,0.0025,0.002,0.002,2.13,2026-06-18T12:15:31,0.002,2.06
ip_shuffle,20260618T121531_861233,of:0000000000000008:1 -> of:000000000000000b:6,0.001,0.00125,0.001,0.001,1.6,2026-06-18T12:15:31,0.001,1.6
ip_shuffle,20260618T121531_861233,of:0000000000000009:1 -> of:000000000000000c:6,0.001,0.00125,0.001,0.001,1.6,2026-06-18T12:15:31,0.001,1.6
ip_shuffle,20260618T121531_861233,of:0000000000000001:2 -> of:000000000000000c:1,0.002,0.0025,0.002,0.002,1.7,2026-06-18T12:15:31,0.002,1.7
ip_shuffle,20260618T121531_861233,of:0000000000000003:2 -> of:0000000000000008:3,0.002,0.0025,0.002,0.002,2.13,2026-06-18T12:15:31,0.002,2.0
route_mutation,20260618T121629_477944,of:0000000000000005:1 -> of:000000000000000c:5,0.002,0.0025,0.002,0.002,2.23,2026-06-18T12:16:29,0.002,2.33
route_mutation,20260618T121629_477944,of:000000000000000a:1 -> of:000000000000000d:6,0.002,0.0025,0.002,0.002,1.53,2026-06-18T12:16:29,0.002,1.53
route_mutation,20260618T121629_477944,of:000000000000000b:2 -> of:000000000000000c:2,0.002,0.0025,0.002,0.002,1.73,2026-06-18T12:16:29,0.002,1.73
route_mutation,20260618T121629_477944,of:0000000000000004:2 -> of:0000000000000009:2,0.002,0.0025,0.002,0.001,1.6,2026-06-18T12:16:29,0.002,1.73
route_mutation,20260618T121629_477944,of:0000000000000005:2 -> of:0000000000000009:3,0.002,0.0025,0.002,0.001,1.63,2026-06-18T12:16:29,0.002,1.76
route_mutation,20260618T121629_477944,of:000000000000000b:3 -> of:000000000000000d:2,0.002,0.0025,0.002,0.002,1.73,2026-06-18T12:16:29,0.002,1.73
route_mutation,20260618T121629_477944,of:0000000000000004:1 -> of:000000000000000c:4,0.002,0.0025,0.002,0.002,2.2,2026-06-18T12:16:29,0.002,2.33
route_mutation,20260618T121629_477944,of:000000000000000c:3 -> of:000000000000000d:3,0.002,0.0025,0.002,0.002,1.73,2026-06-18T12:16:29,0.002,1.73
route_mutation,20260618T121629_477944,of:0000000000000001:1 -> of:000000000000000b:1,0.003,0.00375,0.003,0.002,2.8,2026-06-18T12:16:29,0.003,2.8
route_mutation,20260618T121629_477944,of:0000000000000006:1 -> of:000000000000000d:4,0.002,0.0025,0.002,0.002,1.93,2026-06-18T12:16:29,0.002,1.93
route_mutation,20260618T121629_477944,of:0000000000000002:1 -> of:000000000000000b:4,0.002,0.0025,0.002,0.002,1.63,2026-06-18T12:16:29,0.002,1.83
route_mutation,20260618T121629_477944,of:0000000000000001:3 -> of:000000000000000d:1,0.002,0.0025,0.002,0.002,1.9,2026-06-18T12:16:29,0.002,2.03
route_mutation,20260618T121629_477944,of:0000000000000006:2 -> of:000000000000000a:2,0.002,0.0025,0.002,0.002,1.66,2026-06-18T12:16:29,0.002,1.73
route_mutation,20260618T121629_477944,of:0000000000000003:1 -> of:000000000000000b:5,0.002,0.0025,0.002,0.002,2.43,2026-06-18T12:16:29,0.002,2.56
route_mutation,20260618T121629_477944,of:0000000000000007:1 -> of:000000000000000d:5,0.002,0.0025,0.002,0.002,1.53,2026-06-18T12:16:29,0.002,1.53
route_mutation,20260618T121629_477944,of:0000000000000007:2 -> of:000000000000000a:3,0.002,0.0025,0.002,0.002,1.73,2026-06-18T12:16:29,0.002,1.73
route_mutation,20260618T121629_477944,of:0000000000000002:2 -> of:0000000000000008:2,0.002,0.0025,0.002,0.001,1.6,2026-06-18T12:16:29,0.002,1.73
route_mutation,20260618T121629_477944,of:0000000000000008:1 -> of:000000000000000b:6,0.002,0.0025,0.002,0.002,1.53,2026-06-18T12:16:29,0.002,1.53
route_mutation,20260618T121629_477944,of:0000000000000009:1 -> of:000000000000000c:6,0.002,0.0025,0.002,0.002,1.53,2026-06-18T12:16:29,0.002,1.53
route_mutation,20260618T121629_477944,of:0000000000000001:2 -> of:000000000000000c:1,0.003,0.00375,0.003,0.003,3.13,2026-06-18T12:16:29,0.003,3.13
route_mutation,20260618T121629_477944,of:0000000000000003:2 -> of:0000000000000008:3,0.002,0.0025,0.002,0.001,1.6,2026-06-18T12:16:29,0.002,1.73
ip_shuffle,20260618T121659_732808,of:0000000000000005:1 -> of:000000000000000c:5,0.002,0.0025,0.002,0.002,1.93,2026-06-18T12:16:59,0.002,1.86
ip_shuffle,20260618T121659_732808,of:000000000000000a:1 -> of:000000000000000d:6,0.002,0.0025,0.002,0.002,1.86,2026-06-18T12:16:59,0.002,1.86
ip_shuffle,20260618T121659_732808,of:000000000000000b:2 -> of:000000000000000c:2,0.002,0.0025,0.002,0.002,2.4,2026-06-18T12:16:59,0.002,2.4
ip_shuffle,20260618T121659_732808,of:0000000000000004:2 -> of:0000000000000009:2,0.002,0.0025,0.002,0.002,2.56,2026-06-18T12:16:59,0.002,2.5
ip_shuffle,20260618T121659_732808,of:0000000000000005:2 -> of:0000000000000009:3,0.002,0.0025,0.002,0.002,2.53,2026-06-18T12:16:59,0.002,2.46
ip_shuffle,20260618T121659_732808,of:000000000000000b:3 -> of:000000000000000d:2,0.002,0.0025,0.002,0.002,2.46,2026-06-18T12:16:59,0.002,2.46
ip_shuffle,20260618T121659_732808,of:0000000000000004:1 -> of:000000000000000c:4,0.002,0.0025,0.002,0.002,1.96,2026-06-18T12:16:59,0.002,1.86
ip_shuffle,20260618T121659_732808,of:000000000000000c:3 -> of:000000000000000d:3,0.002,0.0025,0.002,0.002,2.46,2026-06-18T12:16:59,0.002,2.46
ip_shuffle,20260618T121659_732808,of:0000000000000001:1 -> of:000000000000000b:1,0.002,0.0025,0.002,0.002,1.93,2026-06-18T12:16:59,0.002,1.9
ip_shuffle,20260618T121659_732808,of:0000000000000006:1 -> of:000000000000000d:4,0.002,0.0025,0.002,0.002,2.6,2026-06-18T12:16:59,0.002,2.6
ip_shuffle,20260618T121659_732808,of:0000000000000002:1 -> of:000000000000000b:4,0.002,0.0025,0.002,0.002,1.96,2026-06-18T12:16:59,0.002,1.86
ip_shuffle,20260618T121659_732808,of:0000000000000001:3 -> of:000000000000000d:1,0.003,0.00375,0.003,0.003,3.83,2026-06-18T12:16:59,0.003,3.79
ip_shuffle,20260618T121659_732808,of:0000000000000006:2 -> of:000000000000000a:2,0.002,0.0025,0.002,0.002,2.53,2026-06-18T12:16:59,0.002,2.4
ip_shuffle,20260618T121659_732808,of:0000000000000003:1 -> of:000000000000000b:5,0.002,0.0025,0.002,0.002,1.96,2026-06-18T12:16:59,0.002,1.86
ip_shuffle,20260618T121659_732808,of:0000000000000007:1 -> of:000000000000000d:5,0.003,0.00375,0.003,0.003,3.06,2026-06-18T12:16:59,0.003,3.06
ip_shuffle,20260618T121659_732808,of:0000000000000007:2 -> of:000000000000000a:3,0.002,0.0025,0.002,0.002,2.46,2026-06-18T12:16:59,0.002,2.4
ip_shuffle,20260618T121659_732808,of:0000000000000002:2 -> of:0000000000000008:2,0.002,0.0025,0.002,0.002,2.56,2026-06-18T12:16:59,0.002,2.5
ip_shuffle,20260618T121659_732808,of:0000000000000008:1 -> of:000000000000000b:6,0.002,0.0025,0.002,0.002,1.8,2026-06-18T12:16:59,0.002,1.8
ip_shuffle,20260618T121659_732808,of:0000000000000009:1 -> of:000000000000000c:6,0.002,0.0025,0.002,0.002,1.8,2026-06-18T12:16:59,0.002,1.8
ip_shuffle,20260618T121659_732808,of:0000000000000001:2 -> of:000000000000000c:1,0.002,0.0025,0.002,0.002,1.86,2026-06-18T12:16:59,0.002,1.9
ip_shuffle,20260618T121659_732808,of:0000000000000003:2 -> of:0000000000000008:3,0.002,0.0025,0.002,0.002,2.56,2026-06-18T12:16:59,0.002,2.5
ip_shuffle,20260618T121757_362096,of:0000000000000005:1 -> of:000000000000000c:5,0.002,0.0025,0.002,0.002,2.2,2026-06-18T12:17:57,0.002,2.33
ip_shuffle,20260618T121757_362096,of:000000000000000a:1 -> of:000000000000000d:6,0.002,0.0025,0.002,0.002,1.53,2026-06-18T12:17:57,0.002,1.53
ip_shuffle,20260618T121757_362096,of:000000000000000b:2 -> of:000000000000000c:2,0.002,0.0025,0.002,0.002,1.73,2026-06-18T12:17:57,0.002,1.73
ip_shuffle,20260618T121757_362096,of:0000000000000004:2 -> of:0000000000000009:2,0.002,0.0025,0.002,0.001,1.6,2026-06-18T12:17:57,0.002,1.73
ip_shuffle,20260618T121757_362096,of:0000000000000005:2 -> of:0000000000000009:3,0.002,0.0025,0.002,0.001,1.6,2026-06-18T12:17:57,0.002,1.73
ip_shuffle,20260618T121757_362096,of:000000000000000b:3 -> of:000000000000000d:2,0.002,0.0025,0.002,0.002,1.73,2026-06-18T12:17:57,0.002,1.73
ip_shuffle,20260618T121757_362096,of:0000000000000004:1 -> of:000000000000000c:4,0.002,0.0025,0.002,0.002,2.2,2026-06-18T12:17:57,0.002,2.33
ip_shuffle,20260618T121757_362096,of:000000000000000c:3 -> of:000000000000000d:3,0.002,0.0025,0.002,0.002,1.73,2026-06-18T12:17:57,0.002,1.73
ip_shuffle,20260618T121757_362096,of:0000000000000001:1 -> of:000000000000000b:1,0.003,0.00375,0.003,0.003,2.9,2026-06-18T12:17:57,0.003,2.86
ip_shuffle,20260618T121757_362096,of:0000000000000006:1 -> of:000000000000000d:4,0.002,0.0025,0.002,0.002,1.9,2026-06-18T12:17:57,0.002,1.83
ip_shuffle,20260618T121757_362096,of:0000000000000002:1 -> of:000000000000000b:4,0.002,0.0025,0.002,0.002,1.7,2026-06-18T12:17:57,0.002,1.9
ip_shuffle,20260618T121757_362096,of:0000000000000001:3 -> of:000000000000000d:1,0.002,0.0025,0.002,0.002,1.7,2026-06-18T12:17:57,0.002,1.86
ip_shuffle,20260618T121757_362096,of:0000000000000006:2 -> of:000000000000000a:2,0.002,0.0025,0.002,0.002,1.73,2026-06-18T12:17:57,0.002,1.73
ip_shuffle,20260618T121757_362096,of:0000000000000003:1 -> of:000000000000000b:5,0.002,0.0025,0.002,0.002,2.43,2026-06-18T12:17:57,0.002,2.56
ip_shuffle,20260618T121757_362096,of:0000000000000007:1 -> of:000000000000000d:5,0.002,0.0025,0.002,0.002,1.53,2026-06-18T12:17:57,0.002,1.53
ip_shuffle,20260618T121757_362096,of:0000000000000007:2 -> of:000000000000000a:3,0.002,0.0025,0.002,0.002,1.73,2026-06-18T12:17:57,0.002,1.73
ip_shuffle,20260618T121757_362096,of:0000000000000002:2 -> of:0000000000000008:2,0.002,0.0025,0.002,0.001,1.6,2026-06-18T12:17:57,0.002,1.73
ip_shuffle,20260618T121757_362096,of:0000000000000008:1 -> of:000000000000000b:6,0.002,0.0025,0.002,0.002,1.53,2026-06-18T12:17:57,0.002,1.53
ip_shuffle,20260618T121757_362096,of:0000000000000009:1 -> of:000000000000000c:6,0.002,0.0025,0.002,0.002,1.53,2026-06-18T12:17:57,0.002,1.53
ip_shuffle,20260618T121757_362096,of:0000000000000001:2 -> of:000000000000000c:1,0.003,0.00375,0.003,0.003,3.06,2026-06-18T12:17:57,0.003,3.13
ip_shuffle,20260618T121757_362096,of:0000000000000003:2 -> of:0000000000000008:3,0.002,0.0025,0.002,0.001,1.6,2026-06-18T12:17:57,0.002,1.73
route_mutation,20260618T121901_539692,of:0000000000000005:1 -> of:000000000000000c:5,0.001,0.00125,0.001,0.001,1.33,2026-06-18T12:19:01,0.001,1.23
route_mutation,20260618T121901_539692,of:000000000000000a:1 -> of:000000000000000d:6,0.001,0.00125,0.001,0.001,1.3,2026-06-18T12:19:01,0.001,1.3
route_mutation,20260618T121901_539692,of:000000000000000b:2 -> of:000000000000000c:2,0.001,0.00125,0.001,0.001,1.33,2026-06-18T12:19:01,0.001,1.33
route_mutation,20260618T121901_539692,of:0000000000000004:2 -> of:0000000000000009:2,0.001,0.00125,0.001,0.001,1.36,2026-06-18T12:19:01,0.001,1.3
route_mutation,20260618T121901_539692,of:0000000000000005:2 -> of:0000000000000009:3,0.001,0.00125,0.001,0.001,1.36,2026-06-18T12:19:01,0.001,1.3
route_mutation,20260618T121901_539692,of:000000000000000b:3 -> of:000000000000000d:2,0.001,0.00125,0.001,0.001,1.33,2026-06-18T12:19:01,0.001,1.33
route_mutation,20260618T121901_539692,of:0000000000000004:1 -> of:000000000000000c:4,0.001,0.00125,0.001,0.001,1.33,2026-06-18T12:19:01,0.001,1.23
route_mutation,20260618T121901_539692,of:000000000000000c:3 -> of:000000000000000d:3,0.001,0.00125,0.001,0.001,1.26,2026-06-18T12:19:01,0.001,1.26
route_mutation,20260618T121901_539692,of:0000000000000001:1 -> of:000000000000000b:1,0.002,0.0025,0.002,0.002,1.93,2026-06-18T12:19:01,0.002,1.86
route_mutation,20260618T121901_539692,of:0000000000000006:1 -> of:000000000000000d:4,0.001,0.00125,0.001,0.001,1.26,2026-06-18T12:19:01,0.001,1.3
route_mutation,20260618T121901_539692,of:0000000000000002:1 -> of:000000000000000b:4,0.002,0.0025,0.002,0.002,1.93,2026-06-18T12:19:01,0.002,1.86
route_mutation,20260618T121901_539692,of:0000000000000001:3 -> of:000000000000000d:1,0.001,0.00125,0.001,0.001,1.36,2026-06-18T12:19:01,0.001,1.2
route_mutation,20260618T121901_539692,of:0000000000000006:2 -> of:000000000000000a:2,0.001,0.00125,0.001,0.001,1.3,2026-06-18T12:19:01,0.001,1.36
route_mutation,20260618T121901_539692,of:0000000000000003:1 -> of:000000000000000b:5,0.001,0.00125,0.001,0.001,1.33,2026-06-18T12:19:01,0.001,1.3
route_mutation,20260618T121901_539692,of:0000000000000007:1 -> of:000000000000000d:5,0.001,0.00125,0.001,0.001,1.26,2026-06-18T12:19:01,0.001,1.23
route_mutation,20260618T121901_539692,of:0000000000000007:2 -> of:000000000000000a:3,0.001,0.00125,0.001,0.001,1.3,2026-06-18T12:19:01,0.001,1.3
route_mutation,20260618T121901_539692,of:0000000000000002:2 -> of:0000000000000008:2,0.001,0.00125,0.001,0.001,1.36,2026-06-18T12:19:01,0.001,1.3
route_mutation,20260618T121901_539692,of:0000000000000008:1 -> of:000000000000000b:6,0.001,0.00125,0.001,0.001,1.36,2026-06-18T12:19:01,0.001,1.36
route_mutation,20260618T121901_539692,of:0000000000000009:1 -> of:000000000000000c:6,0.001,0.00125,0.001,0.001,1.3,2026-06-18T12:19:01,0.001,1.3
route_mutation,20260618T121901_539692,of:0000000000000001:2 -> of:000000000000000c:1,0.001,0.00125,0.001,0.001,1.36,2026-06-18T12:19:01,0.001,1.2
route_mutation,20260618T121901_539692,of:0000000000000003:2 -> of:0000000000000008:3,0.001,0.00125,0.001,0.001,1.36,2026-06-18T12:19:01,0.001,1.3
route_mutation,20260618T121931_800005,of:0000000000000005:1 -> of:000000000000000c:5,0.002,0.0025,0.002,0.002,2.2,2026-06-18T12:19:31,0.002,2.33
route_mutation,20260618T121931_800005,of:000000000000000a:1 -> of:000000000000000d:6,0.002,0.0025,0.002,0.002,1.53,2026-06-18T12:19:31,0.002,1.53
route_mutation,20260618T121931_800005,of:000000000000000b:2 -> of:000000000000000c:2,0.002,0.0025,0.002,0.002,1.73,2026-06-18T12:19:31,0.002,1.73
route_mutation,20260618T121931_800005,of:0000000000000004:2 -> of:0000000000000009:2,0.002,0.0025,0.002,0.001,1.6,2026-06-18T12:19:31,0.002,1.73
route_mutation,20260618T121931_800005,of:0000000000000005:2 -> of:0000000000000009:3,0.002,0.0025,0.002,0.001,1.6,2026-06-18T12:19:31,0.002,1.73
route_mutation,20260618T121931_800005,of:000000000000000b:3 -> of:000000000000000d:2,0.002,0.0025,0.002,0.002,1.73,2026-06-18T12:19:31,0.002,1.73
route_mutation,20260618T121931_800005,of:0000000000000004:1 -> of:000000000000000c:4,0.002,0.0025,0.002,0.002,2.2,2026-06-18T12:19:31,0.002,2.33
route_mutation,20260618T121931_800005,of:000000000000000c:3 -> of:000000000000000d:3,0.002,0.0025,0.002,0.002,1.73,2026-06-18T12:19:31,0.002,1.73
route_mutation,20260618T121931_800005,of:0000000000000001:1 -> of:000000000000000b:1,0.003,0.00375,0.003,0.003,2.96,2026-06-18T12:19:31,0.003,2.99
route_mutation,20260618T121931_800005,of:0000000000000006:1 -> of:000000000000000d:4,0.002,0.0025,0.002,0.002,1.8,2026-06-18T12:19:31,0.002,1.76
route_mutation,20260618T121931_800005,of:0000000000000002:1 -> of:000000000000000b:4,0.002,0.0025,0.002,0.002,1.9,2026-06-18T12:19:31,0.002,2.0
route_mutation,20260618T121931_800005,of:0000000000000001:3 -> of:000000000000000d:1,0.002,0.0025,0.002,0.002,1.63,2026-06-18T12:19:31,0.002,1.73
route_mutation,20260618T121931_800005,of:0000000000000006:2 -> of:000000000000000a:2,0.002,0.0025,0.002,0.002,1.73,2026-06-18T12:19:31,0.002,1.73
route_mutation,20260618T121931_800005,of:0000000000000003:1 -> of:000000000000000b:5,0.002,0.0025,0.002,0.002,2.43,2026-06-18T12:19:31,0.002,2.56
route_mutation,20260618T121931_800005,of:0000000000000007:1 -> of:000000000000000d:5,0.002,0.0025,0.002,0.002,1.53,2026-06-18T12:19:31,0.002,1.53
route_mutation,20260618T121931_800005,of:0000000000000007:2 -> of:000000000000000a:3,0.002,0.0025,0.002,0.002,1.73,2026-06-18T12:19:31,0.002,1.73
route_mutation,20260618T121931_800005,of:0000000000000002:2 -> of:0000000000000008:2,0.002,0.0025,0.002,0.001,1.6,2026-06-18T12:19:31,0.002,1.73
route_mutation,20260618T121931_800005,of:0000000000000008:1 -> of:000000000000000b:6,0.002,0.0025,0.002,0.002,1.53,2026-06-18T12:19:31,0.002,1.53
route_mutation,20260618T121931_800005,of:0000000000000009:1 -> of:000000000000000c:6,0.002,0.0025,0.002,0.002,1.53,2026-06-18T12:19:31,0.002,1.53
route_mutation,20260618T121931_800005,of:0000000000000001:2 -> of:000000000000000c:1,0.003,0.00375,0.003,0.003,3.06,2026-06-18T12:19:31,0.003,3.13
route_mutation,20260618T121931_800005,of:0000000000000003:2 -> of:0000000000000008:3,0.002,0.0025,0.002,0.001,1.6,2026-06-18T12:19:31,0.002,1.73
route_mutation,20260618T122002_034430,of:0000000000000005:1 -> of:000000000000000c:5,0.002,0.0025,0.002,0.002,2.03,2026-06-18T12:20:02,0.002,2.0
route_mutation,20260618T122002_034430,of:000000000000000a:1 -> of:000000000000000d:6,0.002,0.0025,0.002,0.002,1.96,2026-06-18T12:20:02,0.002,1.96
route_mutation,20260618T122002_034430,of:000000000000000b:2 -> of:000000000000000c:2,0.002,0.0025,0.002,0.002,2.6,2026-06-18T12:20:02,0.002,2.6
route_mutation,20260618T122002_034430,of:0000000000000004:2 -> of:0000000000000009:2,0.002,0.0025,0.002,0.002,2.7,2026-06-18T12:20:02,0.002,2.63
route_mutation,20260618T122002_034430,of:0000000000000005:2 -> of:0000000000000009:3,0.002,0.0025,0.002,0.002,2.7,2026-06-18T12:20:02,0.002,2.63
route_mutation,20260618T122002_034430,of:000000000000000b:3 -> of:000000000000000d:2,0.002,0.0025,0.002,0.002,2.6,2026-06-18T12:20:02,0.002,2.6
route_mutation,20260618T122002_034430,of:0000000000000004:1 -> of:000000000000000c:4,0.002,0.0025,0.002,0.002,2.03,2026-06-18T12:20:02,0.002,2.0
route_mutation,20260618T122002_034430,of:000000000000000c:3 -> of:000000000000000d:3,0.002,0.0025,0.002,0.002,2.73,2026-06-18T12:20:02,0.002,2.73
route_mutation,20260618T122002_034430,of:0000000000000001:1 -> of:000000000000000b:1,0.002,0.0025,0.002,0.002,1.93,2026-06-18T12:20:02,0.002,1.96
route_mutation,20260618T122002_034430,of:0000000000000006:1 -> of:000000000000000d:4,0.002,0.0025,0.002,0.002,2.8,2026-06-18T12:20:02,0.002,2.8
route_mutation,20260618T122002_034430,of:0000000000000002:1 -> of:000000000000000b:4,0.002,0.0025,0.002,0.002,2.0,2026-06-18T12:20:02,0.002,1.96
route_mutation,20260618T122002_034430,of:0000000000000001:3 -> of:000000000000000d:1,0.003,0.00375,0.003,0.003,4.06,2026-06-18T12:20:02,0.003,4.13
route_mutation,20260618T122002_034430,of:0000000000000006:2 -> of:000000000000000a:2,0.002,0.0025,0.002,0.002,2.63,2026-06-18T12:20:02,0.002,2.56
route_mutation,20260618T122002_034430,of:0000000000000003:1 -> of:000000000000000b:5,0.002,0.0025,0.002,0.002,2.03,2026-06-18T12:20:02,0.002,1.93
route_mutation,20260618T122002_034430,of:0000000000000007:1 -> of:000000000000000d:5,0.003,0.00375,0.003,0.003,3.16,2026-06-18T12:20:02,0.003,3.2
route_mutation,20260618T122002_034430,of:0000000000000007:2 -> of:000000000000000a:3,0.002,0.0025,0.002,0.002,2.66,2026-06-18T12:20:02,0.002,2.66
route_mutation,20260618T122002_034430,of:0000000000000002:2 -> of:0000000000000008:2,0.002,0.0025,0.002,0.002,2.7,2026-06-18T12:20:02,0.002,2.63
route_mutation,20260618T122002_034430,of:0000000000000008:1 -> of:000000000000000b:6,0.002,0.0025,0.002,0.002,1.86,2026-06-18T12:20:02,0.002,1.86
route_mutation,20260618T122002_034430,of:0000000000000009:1 -> of:000000000000000c:6,0.002,0.0025,0.002,0.002,1.93,2026-06-18T12:20:02,0.002,1.93
route_mutation,20260618T122002_034430,of:0000000000000001:2 -> of:000000000000000c:1,0.002,0.0025,0.002,0.002,1.93,2026-06-18T12:20:02,0.002,2.03
route_mutation,20260618T122002_034430,of:0000000000000003:2 -> of:0000000000000008:3,0.002,0.0025,0.002,0.002,2.73,2026-06-18T12:20:02,0.002,2.66
ip_shuffle,20260618T122032_265523,of:0000000000000005:1 -> of:000000000000000c:5,0.001,0.00125,0.001,0.001,1.33,2026-06-18T12:20:32,0.001,1.2
ip_shuffle,20260618T122032_265523,of:000000000000000a:1 -> of:000000000000000d:6,0.001,0.00125,0.001,0.001,1.26,2026-06-18T12:20:32,0.001,1.26
ip_shuffle,20260618T122032_265523,of:000000000000000b:2 -> of:000000000000000c:2,0.001,0.00125,0.001,0.001,1.26,2026-06-18T12:20:32,0.001,1.26
ip_shuffle,20260618T122032_265523,of:0000000000000004:2 -> of:0000000000000009:2,0.001,0.00125,0.001,0.001,1.33,2026-06-18T12:20:32,0.001,1.26
ip_shuffle,20260618T122032_265523,of:0000000000000005:2 -> of:0000000000000009:3,0.001,0.00125,0.001,0.001,1.33,2026-06-18T12:20:32,0.001,1.26
ip_shuffle,20260618T122032_265523,of:000000000000000b:3 -> of:000000000000000d:2,0.001,0.00125,0.001,0.001,1.26,2026-06-18T12:20:32,0.001,1.26
ip_shuffle,20260618T122032_265523,of:0000000000000004:1 -> of:000000000000000c:4,0.001,0.00125,0.001,0.001,1.33,2026-06-18T12:20:32,0.001,1.2
ip_shuffle,20260618T122032_265523,of:000000000000000c:3 -> of:000000000000000d:3,0.001,0.00125,0.001,0.001,1.2,2026-06-18T12:20:32,0.001,1.2
ip_shuffle,20260618T122032_265523,of:0000000000000001:1 -> of:000000000000000b:1,0.002,0.0025,0.002,0.002,1.8,2026-06-18T12:20:32,0.002,1.73
ip_shuffle,20260618T122032_265523,of:0000000000000006:1 -> of:000000000000000d:4,0.001,0.00125,0.001,0.001,1.33,2026-06-18T12:20:32,0.001,1.26
ip_shuffle,20260618T122032_265523,of:0000000000000002:1 -> of:000000000000000b:4,0.002,0.0025,0.002,0.002,1.8,2026-06-18T12:20:32,0.002,1.73
ip_shuffle,20260618T122032_265523,of:0000000000000001:3 -> of:000000000000000d:1,0.001,0.00125,0.001,0.001,1.33,2026-06-18T12:20:32,0.001,1.2
ip_shuffle,20260618T122032_265523,of:0000000000000006:2 -> of:000000000000000a:2,0.001,0.00125,0.001,0.001,1.26,2026-06-18T12:20:32,0.001,1.33
ip_shuffle,20260618T122032_265523,of:0000000000000003:1 -> of:000000000000000b:5,0.001,0.00125,0.001,0.001,1.33,2026-06-18T12:20:32,0.001,1.26
ip_shuffle,20260618T122032_265523,of:0000000000000007:1 -> of:000000000000000d:5,0.001,0.00125,0.001,0.001,1.33,2026-06-18T12:20:32,0.001,1.2
ip_shuffle,20260618T122032_265523,of:0000000000000007:2 -> of:000000000000000a:3,0.001,0.00125,0.001,0.001,1.26,2026-06-18T12:20:32,0.001,1.26
ip_shuffle,20260618T122032_265523,of:0000000000000002:2 -> of:0000000000000008:2,0.001,0.00125,0.001,0.001,1.33,2026-06-18T12:20:32,0.001,1.26
ip_shuffle,20260618T122032_265523,of:0000000000000008:1 -> of:000000000000000b:6,0.001,0.00125,0.001,0.001,1.33,2026-06-18T12:20:32,0.001,1.33
ip_shuffle,20260618T122032_265523,of:0000000000000009:1 -> of:000000000000000c:6,0.001,0.00125,0.001,0.001,1.26,2026-06-18T12:20:32,0.001,1.26
ip_shuffle,20260618T122032_265523,of:0000000000000001:2 -> of:000000000000000c:1,0.001,0.00125,0.001,0.001,1.33,2026-06-18T12:20:32,0.001,1.2
ip_shuffle,20260618T122032_265523,of:0000000000000003:2 -> of:0000000000000008:3,0.001,0.00125,0.001,0.001,1.33,2026-06-18T12:20:32,0.001,1.26
route_mutation,20260618T122130_070091,of:0000000000000005:1 -> of:000000000000000c:5,0.002,0.0025,0.002,0.002,1.83,2026-06-18T12:21:30,0.002,1.93
route_mutation,20260618T122130_070091,of:000000000000000a:1 -> of:000000000000000d:6,0.002,0.0025,0.002,0.002,1.86,2026-06-18T12:21:30,0.002,1.86
route_mutation,20260618T122130_070091,of:000000000000000b:2 -> of:000000000000000c:2,0.002,0.0025,0.002,0.002,2.53,2026-06-18T12:21:30,0.002,2.53
route_mutation,20260618T122130_070091,of:0000000000000004:2 -> of:0000000000000009:2,0.002,0.0025,0.002,0.002,2.5,2026-06-18T12:21:30,0.002,2.43
route_mutation,20260618T122130_070091,of:0000000000000005:2 -> of:0000000000000009:3,0.002,0.0025,0.002,0.002,2.43,2026-06-18T12:21:30,0.002,2.43
route_mutation,20260618T122130_070091,of:000000000000000b:3 -> of:000000000000000d:2,0.002,0.0025,0.002,0.002,2.53,2026-06-18T12:21:30,0.002,2.53
route_mutation,20260618T122130_070091,of:0000000000000004:1 -> of:000000000000000c:4,0.002,0.0025,0.002,0.002,1.9,2026-06-18T12:21:30,0.002,1.93
route_mutation,20260618T122130_070091,of:000000000000000c:3 -> of:000000000000000d:3,0.002,0.0025,0.002,0.002,2.53,2026-06-18T12:21:30,0.002,2.53
route_mutation,20260618T122130_070091,of:0000000000000001:1 -> of:000000000000000b:1,0.002,0.0025,0.002,0.002,1.86,2026-06-18T12:21:30,0.002,1.86
route_mutation,20260618T122130_070091,of:0000000000000006:1 -> of:000000000000000d:4,0.002,0.0025,0.002,0.002,2.76,2026-06-18T12:21:30,0.002,2.8
route_mutation,20260618T122130_070091,of:0000000000000002:1 -> of:000000000000000b:4,0.002,0.0025,0.002,0.002,1.8,2026-06-18T12:21:30,0.002,1.93
route_mutation,20260618T122130_070091,of:0000000000000001:3 -> of:000000000000000d:1,0.003,0.00375,0.003,0.003,3.4,2026-06-18T12:21:30,0.003,3.53
route_mutation,20260618T122130_070091,of:0000000000000006:2 -> of:000000000000000a:2,0.002,0.0025,0.002,0.002,2.43,2026-06-18T12:21:30,0.002,2.36
route_mutation,20260618T122130_070091,of:0000000000000003:1 -> of:000000000000000b:5,0.002,0.0025,0.002,0.002,1.9,2026-06-18T12:21:30,0.002,1.93
route_mutation,20260618T122130_070091,of:0000000000000007:1 -> of:000000000000000d:5,0.002,0.0025,0.002,0.002,2.63,2026-06-18T12:21:30,0.002,2.63
route_mutation,20260618T122130_070091,of:0000000000000007:2 -> of:000000000000000a:3,0.002,0.0025,0.002,0.002,2.46,2026-06-18T12:21:30,0.002,2.46
route_mutation,20260618T122130_070091,of:0000000000000002:2 -> of:0000000000000008:2,0.002,0.0025,0.002,0.002,2.46,2026-06-18T12:21:30,0.002,2.4
route_mutation,20260618T122130_070091,of:0000000000000008:1 -> of:000000000000000b:6,0.002,0.0025,0.002,0.002,1.86,2026-06-18T12:21:30,0.002,1.86
route_mutation,20260618T122130_070091,of:0000000000000009:1 -> of:000000000000000c:6,0.002,0.0025,0.002,0.002,1.86,2026-06-18T12:21:30,0.002,1.86
route_mutation,20260618T122130_070091,of:0000000000000001:2 -> of:000000000000000c:1,0.002,0.0025,0.002,0.002,1.9,2026-06-18T12:21:30,0.002,1.9
route_mutation,20260618T122130_070091,of:0000000000000003:2 -> of:0000000000000008:3,0.002,0.0025,0.002,0.002,2.5,2026-06-18T12:21:30,0.002,2.43
route_mutation,20260618T122200_258731,of:0000000000000005:1 -> of:000000000000000c:5,0.002,0.0025,0.002,0.002,1.46,2026-06-18T12:22:00,0.001,1.3
route_mutation,20260618T122200_258731,of:000000000000000a:1 -> of:000000000000000d:6,0.001,0.00125,0.001,0.001,1.36,2026-06-18T12:22:00,0.001,1.36
route_mutation,20260618T122200_258731,of:000000000000000b:2 -> of:000000000000000c:2,0.001,0.00125,0.001,0.001,1.4,2026-06-18T12:22:00,0.001,1.4
route_mutation,20260618T122200_258731,of:0000000000000004:2 -> of:0000000000000009:2,0.002,0.0025,0.002,0.002,1.56,2026-06-18T12:22:00,0.001,1.5
route_mutation,20260618T122200_258731,of:0000000000000005:2 -> of:0000000000000009:3,0.002,0.0025,0.002,0.002,1.56,2026-06-18T12:22:00,0.001,1.5
route_mutation,20260618T122200_258731,of:000000000000000b:3 -> of:000000000000000d:2,0.001,0.00125,0.001,0.001,1.4,2026-06-18T12:22:00,0.001,1.4
route_mutation,20260618T122200_258731,of:0000000000000004:1 -> of:000000000000000c:4,0.002,0.0025,0.002,0.002,1.46,2026-06-18T12:22:00,0.001,1.3
route_mutation,20260618T122200_258731,of:000000000000000c:3 -> of:000000000000000d:3,0.001,0.00125,0.001,0.001,1.4,2026-06-18T12:22:00,0.001,1.4
route_mutation,20260618T122200_258731,of:0000000000000001:1 -> of:000000000000000b:1,0.002,0.0025,0.002,0.002,1.43,2026-06-18T12:22:00,0.001,1.36
route_mutation,20260618T122200_258731,of:0000000000000006:1 -> of:000000000000000d:4,0.002,0.0025,0.002,0.002,1.46,2026-06-18T12:22:00,0.001,1.36
route_mutation,20260618T122200_258731,of:0000000000000002:1 -> of:000000000000000b:4,0.002,0.0025,0.002,0.002,1.5,2026-06-18T12:22:00,0.001,1.3
route_mutation,20260618T122200_258731,of:0000000000000001:3 -> of:000000000000000d:1,0.002,0.0025,0.002,0.002,2.06,2026-06-18T12:22:00,0.002,1.86
route_mutation,20260618T122200_258731,of:0000000000000006:2 -> of:000000000000000a:2,0.002,0.0025,0.002,0.001,1.5,2026-06-18T12:22:00,0.002,1.56
route_mutation,20260618T122200_258731,of:0000000000000003:1 -> of:000000000000000b:5,0.002,0.0025,0.002,0.002,1.46,2026-06-18T12:22:00,0.001,1.3
route_mutation,20260618T122200_258731,of:0000000000000007:1 -> of:000000000000000d:5,0.002,0.0025,0.002,0.002,1.86,2026-06-18T12:22:00,0.002,1.8
route_mutation,20260618T122200_258731,of:0000000000000007:2 -> of:000000000000000a:3,0.001,0.00125,0.001,0.001,1.46,2026-06-18T12:22:00,0.001,1.46
route_mutation,20260618T122200_258731,of:0000000000000002:2 -> of:0000000000000008:2,0.002,0.0025,0.002,0.002,1.6,2026-06-18T12:22:00,0.001,1.53
route_mutation,20260618T122200_258731,of:0000000000000008:1 -> of:000000000000000b:6,0.001,0.00125,0.001,0.001,1.36,2026-06-18T12:22:00,0.001,1.36
route_mutation,20260618T122200_258731,of:0000000000000009:1 -> of:000000000000000c:6,0.001,0.00125,0.001,0.001,1.36,2026-06-18T12:22:00,0.001,1.36
route_mutation,20260618T122200_258731,of:0000000000000001:2 -> of:000000000000000c:1,0.002,0.0025,0.002,0.002,1.43,2026-06-18T12:22:00,0.001,1.36
route_mutation,20260618T122200_258731,of:0000000000000003:2 -> of:0000000000000008:3,0.002,0.0025,0.002,0.002,1.56,2026-06-18T12:22:00,0.001,1.5
ip_shuffle,20260618T122230_525271,of:0000000000000005:1 -> of:000000000000000c:5,0.002,0.0025,0.002,0.001,1.4,2026-06-18T12:22:30,0.002,1.47
ip_shuffle,20260618T122230_525271,of:000000000000000a:1 -> of:000000000000000d:6,0.002,0.0025,0.002,0.002,1.43,2026-06-18T12:22:30,0.002,1.43
ip_shuffle,20260618T122230_525271,of:000000000000000b:2 -> of:000000000000000c:2,0.002,0.0025,0.002,0.002,1.53,2026-06-18T12:22:30,0.002,1.53
ip_shuffle,20260618T122230_525271,of:0000000000000004:2 -> of:0000000000000009:2,0.002,0.0025,0.002,0.001,1.4,2026-06-18T12:22:30,0.002,1.53
ip_shuffle,20260618T122230_525271,of:0000000000000005:2 -> of:0000000000000009:3,0.002,0.0025,0.002,0.001,1.47,2026-06-18T12:22:30,0.002,1.53
ip_shuffle,20260618T122230_525271,of:000000000000000b:3 -> of:000000000000000d:2,0.002,0.0025,0.002,0.002,1.67,2026-06-18T12:22:30,0.002,1.67
ip_shuffle,20260618T122230_525271,of:0000000000000004:1 -> of:000000000000000c:4,0.002,0.0025,0.002,0.002,2.06,2026-06-18T12:22:30,0.002,2.2
ip_shuffle,20260618T122230_525271,of:000000000000000c:3 -> of:000000000000000d:3,0.002,0.0025,0.002,0.002,1.53,2026-06-18T12:22:30,0.002,1.53
ip_shuffle,20260618T122230_525271,of:0000000000000001:1 -> of:000000000000000b:1,0.003,0.00375,0.003,0.003,3.36,2026-06-18T12:22:30,0.003,3.43
ip_shuffle,20260618T122230_525271,of:0000000000000006:1 -> of:000000000000000d:4,0.002,0.0025,0.002,0.001,1.37,2026-06-18T12:22:30,0.002,1.43
ip_shuffle,20260618T122230_525271,of:0000000000000002:1 -> of:000000000000000b:4,0.002,0.0025,0.002,0.002,2.46,2026-06-18T12:22:30,0.002,2.53
ip_shuffle,20260618T122230_525271,of:0000000000000001:3 -> of:000000000000000d:1,0.002,0.0025,0.002,0.002,1.5,2026-06-18T12:22:30,0.002,1.57
ip_shuffle,20260618T122230_525271,of:0000000000000006:2 -> of:000000000000000a:2,0.002,0.0025,0.002,0.002,1.53,2026-06-18T12:22:30,0.002,1.53
ip_shuffle,20260618T122230_525271,of:0000000000000003:1 -> of:000000000000000b:5,0.002,0.0025,0.002,0.002,2.33,2026-06-18T12:22:30,0.002,2.46
ip_shuffle,20260618T122230_525271,of:0000000000000007:1 -> of:000000000000000d:5,0.002,0.0025,0.002,0.002,1.63,2026-06-18T12:22:30,0.002,1.7
ip_shuffle,20260618T122230_525271,of:0000000000000007:2 -> of:000000000000000a:3,0.002,0.0025,0.002,0.002,1.53,2026-06-18T12:22:30,0.002,1.53
ip_shuffle,20260618T122230_525271,of:0000000000000002:2 -> of:0000000000000008:2,0.002,0.0025,0.002,0.001,1.47,2026-06-18T12:22:30,0.002,1.53
ip_shuffle,20260618T122230_525271,of:0000000000000008:1 -> of:000000000000000b:6,0.002,0.0025,0.002,0.002,1.43,2026-06-18T12:22:30,0.002,1.43
ip_shuffle,20260618T122230_525271,of:0000000000000009:1 -> of:000000000000000c:6,0.002,0.0025,0.002,0.002,1.43,2026-06-18T12:22:30,0.002,1.43
ip_shuffle,20260618T122230_525271,of:0000000000000001:2 -> of:000000000000000c:1,0.002,0.0025,0.002,0.002,2.13,2026-06-18T12:22:30,0.002,2.23
ip_shuffle,20260618T122230_525271,of:0000000000000003:2 -> of:0000000000000008:3,0.002,0.0025,0.002,0.001,1.4,2026-06-18T12:22:30,0.002,1.53
ip_shuffle,20260618T122329_097669,of:0000000000000005:1 -> of:000000000000000c:5,0.002,0.0025,0.002,0.002,1.43,2026-06-18T12:23:29,0.001,1.27
ip_shuffle,20260618T122329_097669,of:000000000000000a:1 -> of:000000000000000d:6,0.001,0.00125,0.001,0.001,1.27,2026-06-18T12:23:29,0.001,1.27
ip_shuffle,20260618T122329_097669,of:000000000000000b:2 -> of:000000000000000c:2,0.001,0.00125,0.001,0.001,1.33,2026-06-18T12:23:29,0.001,1.33
ip_shuffle,20260618T122329_097669,of:0000000000000004:2 -> of:0000000000000009:2,0.002,0.0025,0.002,0.002,1.5,2026-06-18T12:23:29,0.001,1.43
ip_shuffle,20260618T122329_097669,of:0000000000000005:2 -> of:0000000000000009:3,0.002,0.0025,0.002,0.002,1.5,2026-06-18T12:23:29,0.001,1.43
ip_shuffle,20260618T122329_097669,of:000000000000000b:3 -> of:000000000000000d:2,0.001,0.00125,0.001,0.001,1.33,2026-06-18T12:23:29,0.001,1.33
ip_shuffle,20260618T122329_097669,of:0000000000000004:1 -> of:000000000000000c:4,0.002,0.0025,0.002,0.002,1.43,2026-06-18T12:23:29,0.001,1.27
ip_shuffle,20260618T122329_097669,of:000000000000000c:3 -> of:000000000000000d:3,0.001,0.00125,0.001,0.001,1.33,2026-06-18T12:23:29,0.001,1.33
ip_shuffle,20260618T122329_097669,of:0000000000000001:1 -> of:000000000000000b:1,0.002,0.0025,0.002,0.002,1.4,2026-06-18T12:23:29,0.001,1.33
ip_shuffle,20260618T122329_097669,of:0000000000000006:1 -> of:000000000000000d:4,0.002,0.0025,0.002,0.002,1.43,2026-06-18T12:23:29,0.001,1.27
ip_shuffle,20260618T122329_097669,of:0000000000000002:1 -> of:000000000000000b:4,0.002,0.0025,0.002,0.002,1.46,2026-06-18T12:23:29,0.001,1.27
ip_shuffle,20260618T122329_097669,of:0000000000000001:3 -> of:000000000000000d:1,0.002,0.0025,0.002,0.002,2.0,2026-06-18T12:23:29,0.002,1.76
ip_shuffle,20260618T122329_097669,of:0000000000000006:2 -> of:000000000000000a:2,0.001,0.00125,0.001,0.001,1.43,2026-06-18T12:23:29,0.001,1.36
ip_shuffle,20260618T122329_097669,of:0000000000000003:1 -> of:000000000000000b:5,0.002,0.0025,0.002,0.002,1.46,2026-06-18T12:23:29,0.001,1.27
ip_shuffle,20260618T122329_097669,of:0000000000000007:1 -> of:000000000000000d:5,0.002,0.0025,0.002,0.002,1.9,2026-06-18T12:23:29,0.002,1.83
ip_shuffle,20260618T122329_097669,of:0000000000000007:2 -> of:000000000000000a:3,0.001,0.00125,0.001,0.001,1.43,2026-06-18T12:23:29,0.001,1.36
ip_shuffle,20260618T122329_097669,of:0000000000000002:2 -> of:0000000000000008:2,0.002,0.0025,0.002,0.002,1.56,2026-06-18T12:23:29,0.001,1.5
ip_shuffle,20260618T122329_097669,of:0000000000000008:1 -> of:000000000000000b:6,0.001,0.00125,0.001,0.001,1.33,2026-06-18T12:23:29,0.001,1.33
ip_shuffle,20260618T122329_097669,of:0000000000000009:1 -> of:000000000000000c:6,0.001,0.00125,0.001,0.001,1.33,2026-06-18T12:23:29,0.001,1.33
ip_shuffle,20260618T122329_097669,of:0000000000000001:2 -> of:000000000000000c:1,0.002,0.0025,0.002,0.002,1.4,2026-06-18T12:23:29,0.001,1.33
ip_shuffle,20260618T122329_097669,of:0000000000000003:2 -> of:0000000000000008:3,0.002,0.0025,0.002,0.002,1.56,2026-06-18T12:23:29,0.001,1.5
ip_shuffle,20260618T122426_703431,of:0000000000000005:1 -> of:000000000000000c:5,0.002,0.0025,0.002,0.002,1.56,2026-06-18T12:24:26,0.002,1.63
ip_shuffle,20260618T122426_703431,of:000000000000000a:1 -> of:000000000000000d:6,0.002,0.0025,0.002,0.002,1.5,2026-06-18T12:24:26,0.002,1.5
ip_shuffle,20260618T122426_703431,of:000000000000000b:2 -> of:000000000000000c:2,0.002,0.0025,0.002,0.002,1.66,2026-06-18T12:24:26,0.002,1.66
ip_shuffle,20260618T122426_703431,of:0000000000000004:2 -> of:0000000000000009:2,0.002,0.0025,0.002,0.002,1.6,2026-06-18T12:24:26,0.002,1.66
ip_shuffle,20260618T122426_703431,of:0000000000000005:2 -> of:0000000000000009:3,0.002,0.0025,0.002,0.002,1.6,2026-06-18T12:24:26,0.002,1.66
ip_shuffle,20260618T122426_703431,of:000000000000000b:3 -> of:000000000000000d:2,0.002,0.0025,0.002,0.002,1.8,2026-06-18T12:24:26,0.002,1.8
ip_shuffle,20260618T122426_703431,of:0000000000000004:1 -> of:000000000000000c:4,0.002,0.0025,0.002,0.002,2.23,2026-06-18T12:24:26,0.002,2.3
ip_shuffle,20260618T122426_703431,of:000000000000000c:3 -> of:000000000000000d:3,0.002,0.0025,0.002,0.002,1.66,2026-06-18T12:24:26,0.002,1.66
ip_shuffle,20260618T122426_703431,of:0000000000000001:1 -> of:000000000000000b:1,0.003,0.00375,0.003,0.003,3.43,2026-06-18T12:24:26,0.003,3.49
ip_shuffle,20260618T122426_703431,of:0000000000000006:1 -> of:000000000000000d:4,0.002,0.0025,0.002,0.002,2.06,2026-06-18T12:24:26,0.002,2.16
ip_shuffle,20260618T122426_703431,of:0000000000000002:1 -> of:000000000000000b:4,0.002,0.0025,0.002,0.002,2.53,2026-06-18T12:24:26,0.002,2.6
ip_shuffle,20260618T122426_703431,of:0000000000000001:3 -> of:000000000000000d:1,0.002,0.0025,0.002,0.002,2.2,2026-06-18T12:24:26,0.002,2.26
ip_shuffle,20260618T122426_703431,of:0000000000000006:2 -> of:000000000000000a:2,0.002,0.0025,0.002,0.002,1.66,2026-06-18T12:24:26,0.002,1.66
ip_shuffle,20260618T122426_703431,of:0000000000000003:1 -> of:000000000000000b:5,0.002,0.0025,0.002,0.002,2.4,2026-06-18T12:24:26,0.002,2.53
ip_shuffle,20260618T122426_703431,of:0000000000000007:1 -> of:000000000000000d:5,0.002,0.0025,0.002,0.002,1.7,2026-06-18T12:24:26,0.002,1.76
ip_shuffle,20260618T122426_703431,of:0000000000000007:2 -> of:000000000000000a:3,0.002,0.0025,0.002,0.002,1.66,2026-06-18T12:24:26,0.002,1.66
ip_shuffle,20260618T122426_703431,of:0000000000000002:2 -> of:0000000000000008:2,0.002,0.0025,0.002,0.002,1.6,2026-06-18T12:24:26,0.002,1.66
ip_shuffle,20260618T122426_703431,of:0000000000000008:1 -> of:000000000000000b:6,0.002,0.0025,0.002,0.002,1.5,2026-06-18T12:24:26,0.002,1.5
ip_shuffle,20260618T122426_703431,of:0000000000000009:1 -> of:000000000000000c:6,0.002,0.0025,0.002,0.002,1.5,2026-06-18T12:24:26,0.002,1.5
ip_shuffle,20260618T122426_703431,of:0000000000000001:2 -> of:000000000000000c:1,0.002,0.0025,0.002,0.002,2.3,2026-06-18T12:24:26,0.002,2.36
ip_shuffle,20260618T122426_703431,of:0000000000000003:2 -> of:0000000000000008:3,0.002,0.0025,0.002,0.001,1.53,2026-06-18T12:24:26,0.002,1.66
route_mutation,20260618T122524_317447,of:0000000000000005:1 -> of:000000000000000c:5,0.002,0.0025,0.002,0.002,1.5,2026-06-18T12:25:24,0.001,1.3
route_mutation,20260618T122524_317447,of:000000000000000a:1 -> of:000000000000000d:6,0.001,0.00125,0.001,0.001,1.33,2026-06-18T12:25:24,0.001,1.3
route_mutation,20260618T122524_317447,of:000000000000000b:2 -> of:000000000000000c:2,0.001,0.00125,0.001,0.001,1.43,2026-06-18T12:25:24,0.001,1.43
route_mutation,20260618T122524_317447,of:0000000000000004:2 -> of:0000000000000009:2,0.002,0.0025,0.002,0.002,1.63,2026-06-18T12:25:24,0.001,1.5
route_mutation,20260618T122524_317447,of:0000000000000005:2 -> of:0000000000000009:3,0.002,0.0025,0.002,0.002,1.63,2026-06-18T12:25:24,0.001,1.5
route_mutation,20260618T122524_317447,of:000000000000000b:3 -> of:000000000000000d:2,0.001,0.00125,0.001,0.001,1.43,2026-06-18T12:25:24,0.001,1.43
route_mutation,20260618T122524_317447,of:0000000000000004:1 -> of:000000000000000c:4,0.002,0.0025,0.002,0.002,1.5,2026-06-18T12:25:24,0.001,1.3
route_mutation,20260618T122524_317447,of:000000000000000c:3 -> of:000000000000000d:3,0.001,0.00125,0.001,0.001,1.4,2026-06-18T12:25:24,0.001,1.4
route_mutation,20260618T122524_317447,of:0000000000000001:1 -> of:000000000000000b:1,0.002,0.0025,0.002,0.002,1.47,2026-06-18T12:25:24,0.001,1.37
route_mutation,20260618T122524_317447,of:0000000000000006:1 -> of:000000000000000d:4,0.002,0.0025,0.002,0.002,2.1,2026-06-18T12:25:24,0.002,1.93
route_mutation,20260618T122524_317447,of:0000000000000002:1 -> of:000000000000000b:4,0.002,0.0025,0.002,0.002,1.5,2026-06-18T12:25:24,0.001,1.33
route_mutation,20260618T122524_317447,of:0000000000000001:3 -> of:000000000000000d:1,0.002,0.0025,0.002,0.002,2.56,2026-06-18T12:25:24,0.002,2.33
route_mutation,20260618T122524_317447,of:0000000000000006:2 -> of:000000000000000a:2,0.002,0.0025,0.002,0.002,1.53,2026-06-18T12:25:24,0.001,1.47
route_mutation,20260618T122524_317447,of:0000000000000003:1 -> of:000000000000000b:5,0.002,0.0025,0.002,0.002,1.5,2026-06-18T12:25:24,0.001,1.33
route_mutation,20260618T122524_317447,of:0000000000000007:1 -> of:000000000000000d:5,0.002,0.0025,0.002,0.002,1.8,2026-06-18T12:25:24,0.002,1.7
route_mutation,20260618T122524_317447,of:0000000000000007:2 -> of:000000000000000a:3,0.002,0.0025,0.002,0.002,1.53,2026-06-18T12:25:24,0.001,1.47
route_mutation,20260618T122524_317447,of:0000000000000002:2 -> of:0000000000000008:2,0.002,0.0025,0.002,0.002,1.63,2026-06-18T12:25:24,0.002,1.56
route_mutation,20260618T122524_317447,of:0000000000000008:1 -> of:000000000000000b:6,0.001,0.00125,0.001,0.001,1.4,2026-06-18T12:25:24,0.001,1.4
route_mutation,20260618T122524_317447,of:0000000000000009:1 -> of:000000000000000c:6,0.001,0.00125,0.001,0.001,1.33,2026-06-18T12:25:24,0.001,1.3
route_mutation,20260618T122524_317447,of:0000000000000001:2 -> of:000000000000000c:1,0.002,0.0025,0.002,0.002,1.43,2026-06-18T12:25:24,0.001,1.37
route_mutation,20260618T122524_317447,of:0000000000000003:2 -> of:0000000000000008:3,0.002,0.0025,0.002,0.002,1.63,2026-06-18T12:25:24,0.002,1.56
route_mutation,20260618T122554_559998,of:0000000000000005:1 -> of:000000000000000c:5,0.002,0.0025,0.002,0.002,1.7,2026-06-18T12:25:54,0.002,1.66
route_mutation,20260618T122554_559998,of:000000000000000a:1 -> of:000000000000000d:6,0.002,0.0025,0.002,0.002,1.43,2026-06-18T12:25:54,0.002,1.43
route_mutation,20260618T122554_559998,of:000000000000000b:2 -> of:000000000000000c:2,0.002,0.0025,0.002,0.002,1.53,2026-06-18T12:25:54,0.002,1.53
route_mutation,20260618T122554_559998,of:0000000000000004:2 -> of:0000000000000009:2,0.002,0.0025,0.002,0.001,1.46,2026-06-18T12:25:54,0.002,1.53
route_mutation,20260618T122554_559998,of:0000000000000005:2 -> of:0000000000000009:3,0.002,0.0025,0.002,0.001,1.46,2026-06-18T12:25:54,0.002,1.53
route_mutation,20260618T122554_559998,of:000000000000000b:3 -> of:000000000000000d:2,0.002,0.0025,0.002,0.002,1.66,2026-06-18T12:25:54,0.002,1.66
route_mutation,20260618T122554_559998,of:0000000000000004:1 -> of:000000000000000c:4,0.002,0.0025,0.002,0.002,2.23,2026-06-18T12:25:54,0.002,2.23
route_mutation,20260618T122554_559998,of:000000000000000c:3 -> of:000000000000000d:3,0.002,0.0025,0.002,0.002,1.53,2026-06-18T12:25:54,0.002,1.53
route_mutation,20260618T122554_559998,of:0000000000000001:1 -> of:000000000000000b:1,0.003,0.00375,0.003,0.003,3.36,2026-06-18T12:25:54,0.003,3.43
route_mutation,20260618T122554_559998,of:0000000000000006:1 -> of:000000000000000d:4,0.002,0.0025,0.002,0.001,1.36,2026-06-18T12:25:54,0.002,1.43
route_mutation,20260618T122554_559998,of:0000000000000002:1 -> of:000000000000000b:4,0.002,0.0025,0.002,0.002,2.46,2026-06-18T12:25:54,0.002,2.53
route_mutation,20260618T122554_559998,of:0000000000000001:3 -> of:000000000000000d:1,0.002,0.0025,0.002,0.002,1.5,2026-06-18T12:25:54,0.002,1.56
route_mutation,20260618T122554_559998,of:0000000000000006:2 -> of:000000000000000a:2,0.002,0.0025,0.002,0.002,1.53,2026-06-18T12:25:54,0.002,1.53
route_mutation,20260618T122554_559998,of:0000000000000003:1 -> of:000000000000000b:5,0.002,0.0025,0.002,0.002,2.33,2026-06-18T12:25:54,0.002,2.46
route_mutation,20260618T122554_559998,of:0000000000000007:1 -> of:000000000000000d:5,0.002,0.0025,0.002,0.002,1.63,2026-06-18T12:25:54,0.002,1.7
route_mutation,20260618T122554_559998,of:0000000000000007:2 -> of:000000000000000a:3,0.002,0.0025,0.002,0.002,1.53,2026-06-18T12:25:54,0.002,1.53
route_mutation,20260618T122554_559998,of:0000000000000002:2 -> of:0000000000000008:2,0.002,0.0025,0.002,0.001,1.46,2026-06-18T12:25:54,0.002,1.53
route_mutation,20260618T122554_559998,of:0000000000000008:1 -> of:000000000000000b:6,0.002,0.0025,0.002,0.002,1.43,2026-06-18T12:25:54,0.002,1.43
route_mutation,20260618T122554_559998,of:0000000000000009:1 -> of:000000000000000c:6,0.002,0.0025,0.002,0.002,1.43,2026-06-18T12:25:54,0.002,1.43
route_mutation,20260618T122554_559998,of:0000000000000001:2 -> of:000000000000000c:1,0.002,0.0025,0.002,0.002,2.36,2026-06-18T12:25:54,0.002,2.43
route_mutation,20260618T122554_559998,of:0000000000000003:2 -> of:0000000000000008:3,0.002,0.0025,0.002,0.001,1.4,2026-06-18T12:25:54,0.002,1.53
route_mutation,20260618T122624_806516,of:0000000000000005:1 -> of:000000000000000c:5,0.002,0.0025,0.002,0.002,2.16,2026-06-18T12:26:24,0.002,2.36
route_mutation,20260618T122624_806516,of:000000000000000a:1 -> of:000000000000000d:6,0.002,0.0025,0.002,0.002,1.76,2026-06-18T12:26:24,0.002,1.8
route_mutation,20260618T122624_806516,of:000000000000000b:2 -> of:000000000000000c:2,0.002,0.0025,0.002,0.002,2.26,2026-06-18T12:26:24,0.002,2.26
route_mutation,20260618T122624_806516,of:0000000000000004:2 -> of:0000000000000009:2,0.002,0.0025,0.002,0.002,2.1,2026-06-18T12:26:24,0.002,2.16
route_mutation,20260618T122624_806516,of:0000000000000005:2 -> of:0000000000000009:3,0.002,0.0025,0.002,0.002,2.13,2026-06-18T12:26:24,0.002,2.2
route_mutation,20260618T122624_806516,of:000000000000000b:3 -> of:000000000000000d:2,0.002,0.0025,0.002,0.002,2.26,2026-06-18T12:26:24,0.002,2.26
route_mutation,20260618T122624_806516,of:0000000000000004:1 -> of:000000000000000c:4,0.002,0.0025,0.002,0.001,1.6,2026-06-18T12:26:24,0.002,1.8
route_mutation,20260618T122624_806516,of:000000000000000c:3 -> of:000000000000000d:3,0.002,0.0025,0.002,0.002,2.26,2026-06-18T12:26:24,0.002,2.26
route_mutation,20260618T122624_806516,of:0000000000000001:1 -> of:000000000000000b:1,0.002,0.0025,0.002,0.002,1.73,2026-06-18T12:26:24,0.002,1.73
route_mutation,20260618T122624_806516,of:0000000000000006:1 -> of:000000000000000d:4,0.002,0.0025,0.002,0.002,2.76,2026-06-18T12:26:24,0.002,2.86
route_mutation,20260618T122624_806516,of:0000000000000002:1 -> of:000000000000000b:4,0.002,0.0025,0.002,0.002,1.66,2026-06-18T12:26:24,0.002,1.8
route_mutation,20260618T122624_806516,of:0000000000000001:3 -> of:000000000000000d:1,0.003,0.00375,0.003,0.002,2.86,2026-06-18T12:26:24,0.003,3.03
route_mutation,20260618T122624_806516,of:0000000000000006:2 -> of:000000000000000a:2,0.002,0.0025,0.002,0.002,2.13,2026-06-18T12:26:24,0.002,2.2
route_mutation,20260618T122624_806516,of:0000000000000003:1 -> of:000000000000000b:5,0.002,0.0025,0.002,0.002,1.73,2026-06-18T12:26:24,0.002,1.8
route_mutation,20260618T122624_806516,of:0000000000000007:1 -> of:000000000000000d:5,0.002,0.0025,0.002,0.002,1.96,2026-06-18T12:26:24,0.002,2.0
route_mutation,20260618T122624_806516,of:0000000000000007:2 -> of:000000000000000a:3,0.002,0.0025,0.002,0.002,2.13,2026-06-18T12:26:24,0.002,2.2
route_mutation,20260618T122624_806516,of:0000000000000002:2 -> of:0000000000000008:2,0.002,0.0025,0.002,0.002,2.1,2026-06-18T12:26:24,0.002,2.16
route_mutation,20260618T122624_806516,of:0000000000000008:1 -> of:000000000000000b:6,0.002,0.0025,0.002,0.002,1.76,2026-06-18T12:26:24,0.002,1.8
route_mutation,20260618T122624_806516,of:0000000000000009:1 -> of:000000000000000c:6,0.002,0.0025,0.002,0.002,1.76,2026-06-18T12:26:24,0.002,1.8
route_mutation,20260618T122624_806516,of:0000000000000001:2 -> of:000000000000000c:1,0.002,0.0025,0.002,0.002,2.33,2026-06-18T12:26:24,0.002,2.33
route_mutation,20260618T122624_806516,of:0000000000000003:2 -> of:0000000000000008:3,0.002,0.0025,0.002,0.002,2.16,2026-06-18T12:26:24,0.002,2.16
route_mutation,20260618T122655_069635,of:0000000000000005:1 -> of:000000000000000c:5,0.002,0.0025,0.002,0.002,1.6,2026-06-18T12:26:55,0.001,1.43
route_mutation,20260618T122655_069635,of:000000000000000a:1 -> of:000000000000000d:6,0.001,0.00125,0.001,0.001,1.47,2026-06-18T12:26:55,0.001,1.43
route_mutation,20260618T122655_069635,of:000000000000000b:2 -> of:000000000000000c:2,0.001,0.00125,0.001,0.001,1.66,2026-06-18T12:26:55,0.001,1.66
route_mutation,20260618T122655_069635,of:0000000000000004:2 -> of:0000000000000009:2,0.002,0.0025,0.002,0.002,1.9,2026-06-18T12:26:55,0.002,1.76
route_mutation,20260618T122655_069635,of:0000000000000005:2 -> of:0000000000000009:3,0.002,0.0025,0.002,0.002,1.86,2026-06-18T12:26:55,0.002,1.73
route_mutation,20260618T122655_069635,of:000000000000000b:3 -> of:000000000000000d:2,0.001,0.00125,0.001,0.001,1.66,2026-06-18T12:26:55,0.001,1.66
route_mutation,20260618T122655_069635,of:0000000000000004:1 -> of:000000000000000c:4,0.002,0.0025,0.002,0.002,1.63,2026-06-18T12:26:55,0.001,1.43
route_mutation,20260618T122655_069635,of:000000000000000c:3 -> of:000000000000000d:3,0.001,0.00125,0.001,0.001,1.66,2026-06-18T12:26:55,0.001,1.66
route_mutation,20260618T122655_069635,of:0000000000000001:1 -> of:000000000000000b:1,0.002,0.0025,0.002,0.002,1.56,2026-06-18T12:26:55,0.001,1.5
route_mutation,20260618T122655_069635,of:0000000000000006:1 -> of:000000000000000d:4,0.002,0.0025,0.002,0.002,1.6,2026-06-18T12:26:55,0.001,1.43
route_mutation,20260618T122655_069635,of:0000000000000002:1 -> of:000000000000000b:4,0.002,0.0025,0.002,0.002,1.63,2026-06-18T12:26:55,0.001,1.43
route_mutation,20260618T122655_069635,of:0000000000000001:3 -> of:000000000000000d:1,0.002,0.0025,0.002,0.002,2.7,2026-06-18T12:26:55,0.002,2.46
route_mutation,20260618T122655_069635,of:0000000000000006:2 -> of:000000000000000a:2,0.002,0.0025,0.002,0.002,1.8,2026-06-18T12:26:55,0.002,1.73
route_mutation,20260618T122655_069635,of:0000000000000003:1 -> of:000000000000000b:5,0.002,0.0025,0.002,0.002,1.63,2026-06-18T12:26:55,0.001,1.43
route_mutation,20260618T122655_069635,of:0000000000000007:1 -> of:000000000000000d:5,0.002,0.0025,0.002,0.002,2.53,2026-06-18T12:26:55,0.002,2.43
route_mutation,20260618T122655_069635,of:0000000000000007:2 -> of:000000000000000a:3,0.002,0.0025,0.002,0.002,1.8,2026-06-18T12:26:55,0.002,1.73
route_mutation,20260618T122655_069635,of:0000000000000002:2 -> of:0000000000000008:2,0.002,0.0025,0.002,0.002,1.9,2026-06-18T12:26:55,0.002,1.76
route_mutation,20260618T122655_069635,of:0000000000000008:1 -> of:000000000000000b:6,0.001,0.00125,0.001,0.001,1.47,2026-06-18T12:26:55,0.001,1.43
route_mutation,20260618T122655_069635,of:0000000000000009:1 -> of:000000000000000c:6,0.001,0.00125,0.001,0.001,1.47,2026-06-18T12:26:55,0.001,1.43
route_mutation,20260618T122655_069635,of:0000000000000001:2 -> of:000000000000000c:1,0.002,0.0025,0.002,0.002,1.56,2026-06-18T12:26:55,0.001,1.5
route_mutation,20260618T122655_069635,of:0000000000000003:2 -> of:0000000000000008:3,0.002,0.0025,0.002,0.002,1.9,2026-06-18T12:26:55,0.002,1.76
ip_shuffle,20260618T122725_354890,of:0000000000000005:1 -> of:000000000000000c:5,0.002,0.0025,0.002,0.002,1.43,2026-06-18T12:27:25,0.002,1.43
ip_shuffle,20260618T122725_354890,of:000000000000000a:1 -> of:000000000000000d:6,0.002,0.0025,0.002,0.002,1.43,2026-06-18T12:27:25,0.002,1.43
ip_shuffle,20260618T122725_354890,of:000000000000000b:2 -> of:000000000000000c:2,0.002,0.0025,0.002,0.002,1.53,2026-06-18T12:27:25,0.002,1.53
ip_shuffle,20260618T122725_354890,of:0000000000000004:2 -> of:0000000000000009:2,0.002,0.0025,0.002,0.001,1.47,2026-06-18T12:27:25,0.002,1.53
ip_shuffle,20260618T122725_354890,of:0000000000000005:2 -> of:0000000000000009:3,0.002,0.0025,0.002,0.001,1.47,2026-06-18T12:27:25,0.002,1.53
ip_shuffle,20260618T122725_354890,of:000000000000000b:3 -> of:000000000000000d:2,0.002,0.0025,0.002,0.002,1.66,2026-06-18T12:27:25,0.002,1.66
ip_shuffle,20260618T122725_354890,of:0000000000000004:1 -> of:000000000000000c:4,0.002,0.0025,0.002,0.002,1.57,2026-06-18T12:27:25,0.002,1.57
ip_shuffle,20260618T122725_354890,of:000000000000000c:3 -> of:000000000000000d:3,0.002,0.0025,0.002,0.002,1.53,2026-06-18T12:27:25,0.002,1.53
ip_shuffle,20260618T122725_354890,of:0000000000000001:1 -> of:000000000000000b:1,0.003,0.00375,0.003,0.003,3.36,2026-06-18T12:27:25,0.003,3.43
ip_shuffle,20260618T122725_354890,of:0000000000000006:1 -> of:000000000000000d:4,0.002,0.0025,0.002,0.001,1.37,2026-06-18T12:27:25,0.002,1.43
ip_shuffle,20260618T122725_354890,of:0000000000000002:1 -> of:000000000000000b:4,0.002,0.0025,0.002,0.002,2.46,2026-06-18T12:27:25,0.002,2.53
ip_shuffle,20260618T122725_354890,of:0000000000000001:3 -> of:000000000000000d:1,0.002,0.0025,0.002,0.002,1.5,2026-06-18T12:27:25,0.002,1.57
ip_shuffle,20260618T122725_354890,of:0000000000000006:2 -> of:000000000000000a:2,0.002,0.0025,0.002,0.002,1.53,2026-06-18T12:27:25,0.002,1.53
ip_shuffle,20260618T122725_354890,of:0000000000000003:1 -> of:000000000000000b:5,0.002,0.0025,0.002,0.002,2.4,2026-06-18T12:27:25,0.002,2.46
ip_shuffle,20260618T122725_354890,of:0000000000000007:1 -> of:000000000000000d:5,0.002,0.0025,0.002,0.002,1.63,2026-06-18T12:27:25,0.002,1.7
ip_shuffle,20260618T122725_354890,of:0000000000000007:2 -> of:000000000000000a:3,0.002,0.0025,0.002,0.002,1.53,2026-06-18T12:27:25,0.002,1.53
ip_shuffle,20260618T122725_354890,of:0000000000000002:2 -> of:0000000000000008:2,0.002,0.0025,0.002,0.001,1.47,2026-06-18T12:27:25,0.002,1.53
ip_shuffle,20260618T122725_354890,of:0000000000000008:1 -> of:000000000000000b:6,0.002,0.0025,0.002,0.002,1.43,2026-06-18T12:27:25,0.002,1.43
ip_shuffle,20260618T122725_354890,of:0000000000000009:1 -> of:000000000000000c:6,0.002,0.0025,0.002,0.002,1.43,2026-06-18T12:27:25,0.002,1.43
ip_shuffle,20260618T122725_354890,of:0000000000000001:2 -> of:000000000000000c:1,0.002,0.0025,0.002,0.002,1.47,2026-06-18T12:27:25,0.002,1.53
ip_shuffle,20260618T122725_354890,of:0000000000000003:2 -> of:0000000000000008:3,0.002,0.0025,0.002,0.001,1.4,2026-06-18T12:27:25,0.002,1.53
route_mutation,20260618T122822_973559,of:0000000000000005:1 -> of:000000000000000c:5,0.002,0.0025,0.002,0.002,1.66,2026-06-18T12:28:22,0.001,1.46
route_mutation,20260618T122822_973559,of:000000000000000a:1 -> of:000000000000000d:6,0.001,0.00125,0.001,0.001,1.43,2026-06-18T12:28:22,0.001,1.4
route_mutation,20260618T122822_973559,of:000000000000000b:2 -> of:000000000000000c:2,0.001,0.00125,0.001,0.001,1.63,2026-06-18T12:28:22,0.001,1.63
route_mutation,20260618T122822_973559,of:0000000000000004:2 -> of:0000000000000009:2,0.002,0.0025,0.002,0.002,1.96,2026-06-18T12:28:22,0.002,1.83
route_mutation,20260618T122822_973559,of:0000000000000005:2 -> of:0000000000000009:3,0.002,0.0025,0.002,0.002,1.96,2026-06-18T12:28:22,0.002,1.9
route_mutation,20260618T122822_973559,of:000000000000000b:3 -> of:000000000000000d:2,0.001,0.00125,0.001,0.001,1.6,2026-06-18T12:28:22,0.001,1.63
route_mutation,20260618T122822_973559,of:0000000000000004:1 -> of:000000000000000c:4,0.002,0.0025,0.002,0.002,1.66,2026-06-18T12:28:22,0.001,1.4
route_mutation,20260618T122822_973559,of:000000000000000c:3 -> of:000000000000000d:3,0.001,0.00125,0.001,0.001,1.6,2026-06-18T12:28:22,0.001,1.6
route_mutation,20260618T122822_973559,of:0000000000000001:1 -> of:000000000000000b:1,0.002,0.0025,0.002,0.002,1.56,2026-06-18T12:28:22,0.001,1.53
route_mutation,20260618T122822_973559,of:0000000000000006:1 -> of:000000000000000d:4,0.002,0.0025,0.002,0.002,1.63,2026-06-18T12:28:22,0.001,1.4
route_mutation,20260618T122822_973559,of:0000000000000002:1 -> of:000000000000000b:4,0.002,0.0025,0.002,0.002,1.66,2026-06-18T12:28:22,0.001,1.5
route_mutation,20260618T122822_973559,of:0000000000000001:3 -> of:000000000000000d:1,0.003,0.00375,0.003,0.003,3.03,2026-06-18T12:28:22,0.003,2.9
route_mutation,20260618T122822_973559,of:0000000000000006:2 -> of:000000000000000a:2,0.002,0.0025,0.002,0.002,1.86,2026-06-18T12:28:22,0.002,1.73
route_mutation,20260618T122822_973559,of:0000000000000003:1 -> of:000000000000000b:5,0.002,0.0025,0.002,0.002,1.66,2026-06-18T12:28:22,0.001,1.43
route_mutation,20260618T122822_973559,of:0000000000000007:1 -> of:000000000000000d:5,0.003,0.00375,0.003,0.003,3.0,2026-06-18T12:28:22,0.002,2.9
route_mutation,20260618T122822_973559,of:0000000000000007:2 -> of:000000000000000a:3,0.002,0.0025,0.002,0.002,1.86,2026-06-18T12:28:22,0.002,1.73
route_mutation,20260618T122822_973559,of:0000000000000002:2 -> of:0000000000000008:2,0.002,0.0025,0.002,0.002,1.96,2026-06-18T12:28:22,0.002,1.9
route_mutation,20260618T122822_973559,of:0000000000000008:1 -> of:000000000000000b:6,0.001,0.00125,0.001,0.001,1.5,2026-06-18T12:28:22,0.001,1.43
route_mutation,20260618T122822_973559,of:0000000000000009:1 -> of:000000000000000c:6,0.001,0.00125,0.001,0.001,1.5,2026-06-18T12:28:22,0.001,1.4
route_mutation,20260618T122822_973559,of:0000000000000001:2 -> of:000000000000000c:1,0.002,0.0025,0.002,0.002,1.53,2026-06-18T12:28:22,0.001,1.53
route_mutation,20260618T122822_973559,of:0000000000000003:2 -> of:0000000000000008:3,0.002,0.0025,0.002,0.002,1.96,2026-06-18T12:28:22,0.002,1.83
ip_shuffle,20260618T122853_210487,of:0000000000000005:1 -> of:000000000000000c:5,0.002,0.0025,0.002,0.002,1.47,2026-06-18T12:28:53,0.001,1.4
ip_shuffle,20260618T122853_210487,of:000000000000000a:1 -> of:000000000000000d:6,0.002,0.0025,0.002,0.002,1.43,2026-06-18T12:28:53,0.002,1.43
ip_shuffle,20260618T122853_210487,of:000000000000000b:2 -> of:000000000000000c:2,0.002,0.0025,0.002,0.002,1.53,2026-06-18T12:28:53,0.002,1.53
ip_shuffle,20260618T122853_210487,of:0000000000000004:2 -> of:0000000000000009:2,0.002,0.0025,0.002,0.001,1.5,2026-06-18T12:28:53,0.002,1.57
ip_shuffle,20260618T122853_210487,of:0000000000000005:2 -> of:0000000000000009:3,0.001,0.00125,0.001,0.001,1.47,2026-06-18T12:28:53,0.001,1.47
ip_shuffle,20260618T122853_210487,of:000000000000000b:3 -> of:000000000000000d:2,0.002,0.0025,0.002,0.002,1.73,2026-06-18T12:28:53,0.002,1.73
ip_shuffle,20260618T122853_210487,of:0000000000000004:1 -> of:000000000000000c:4,0.002,0.0025,0.002,0.002,1.66,2026-06-18T12:28:53,0.002,1.66
ip_shuffle,20260618T122853_210487,of:000000000000000c:3 -> of:000000000000000d:3,0.002,0.0025,0.002,0.002,1.53,2026-06-18T12:28:53,0.002,1.53
ip_shuffle,20260618T122853_210487,of:0000000000000001:1 -> of:000000000000000b:1,0.003,0.00375,0.003,0.003,3.36,2026-06-18T12:28:53,0.003,3.43
ip_shuffle,20260618T122853_210487,of:0000000000000006:1 -> of:000000000000000d:4,0.002,0.0025,0.002,0.001,1.37,2026-06-18T12:28:53,0.002,1.43
ip_shuffle,20260618T122853_210487,of:0000000000000002:1 -> of:000000000000000b:4,0.002,0.0025,0.002,0.002,2.46,2026-06-18T12:28:53,0.002,2.46
ip_shuffle,20260618T122853_210487,of:0000000000000001:3 -> of:000000000000000d:1,0.002,0.0025,0.002,0.002,1.5,2026-06-18T12:28:53,0.002,1.57
ip_shuffle,20260618T122853_210487,of:0000000000000006:2 -> of:000000000000000a:2,0.002,0.0025,0.002,0.001,1.47,2026-06-18T12:28:53,0.002,1.53
ip_shuffle,20260618T122853_210487,of:0000000000000003:1 -> of:000000000000000b:5,0.002,0.0025,0.002,0.002,2.46,2026-06-18T12:28:53,0.002,2.46
ip_shuffle,20260618T122853_210487,of:0000000000000007:1 -> of:000000000000000d:5,0.002,0.0025,0.002,0.002,1.63,2026-06-18T12:28:53,0.002,1.7
ip_shuffle,20260618T122853_210487,of:0000000000000007:2 -> of:000000000000000a:3,0.002,0.0025,0.002,0.001,1.47,2026-06-18T12:28:53,0.002,1.53
ip_shuffle,20260618T122853_210487,of:0000000000000002:2 -> of:0000000000000008:2,0.001,0.00125,0.001,0.001,1.47,2026-06-18T12:28:53,0.001,1.47
ip_shuffle,20260618T122853_210487,of:0000000000000008:1 -> of:000000000000000b:6,0.002,0.0025,0.002,0.002,1.47,2026-06-18T12:28:53,0.002,1.47
ip_shuffle,20260618T122853_210487,of:0000000000000009:1 -> of:000000000000000c:6,0.002,0.0025,0.002,0.002,1.43,2026-06-18T12:28:53,0.002,1.43
ip_shuffle,20260618T122853_210487,of:0000000000000001:2 -> of:000000000000000c:1,0.002,0.0025,0.002,0.002,1.57,2026-06-18T12:28:53,0.002,1.63
ip_shuffle,20260618T122853_210487,of:0000000000000003:2 -> of:0000000000000008:3,0.002,0.0025,0.002,0.001,1.47,2026-06-18T12:28:53,0.002,1.53
ip_shuffle,20260618T122950_784105,of:0000000000000005:1 -> of:000000000000000c:5,0.002,0.0025,0.002,0.002,1.57,2026-06-18T12:29:50,0.001,1.47
ip_shuffle,20260618T122950_784105,of:000000000000000a:1 -> of:000000000000000d:6,0.001,0.00125,0.001,0.001,1.4,2026-06-18T12:29:50,0.001,1.4
ip_shuffle,20260618T122950_784105,of:000000000000000b:2 -> of:000000000000000c:2,0.001,0.00125,0.001,0.001,1.6,2026-06-18T12:29:50,0.001,1.6
ip_shuffle,20260618T122950_784105,of:0000000000000004:2 -> of:0000000000000009:2,0.002,0.0025,0.002,0.002,1.76,2026-06-18T12:29:50,0.001,1.63
ip_shuffle,20260618T122950_784105,of:0000000000000005:2 -> of:0000000000000009:3,0.002,0.0025,0.002,0.002,1.76,2026-06-18T12:29:50,0.002,1.7
ip_shuffle,20260618T122950_784105,of:000000000000000b:3 -> of:000000000000000d:2,0.001,0.00125,0.001,0.001,1.6,2026-06-18T12:29:50,0.001,1.6
ip_shuffle,20260618T122950_784105,of:0000000000000004:1 -> of:000000000000000c:4,0.002,0.0025,0.002,0.002,1.57,2026-06-18T12:29:50,0.001,1.4
ip_shuffle,20260618T122950_784105,of:000000000000000c:3 -> of:000000000000000d:3,0.001,0.00125,0.001,0.001,1.6,2026-06-18T12:29:50,0.001,1.6
ip_shuffle,20260618T122950_784105,of:0000000000000001:1 -> of:000000000000000b:1,0.002,0.0025,0.002,0.002,1.53,2026-06-18T12:29:50,0.002,1.53
ip_shuffle,20260618T122950_784105,of:0000000000000006:1 -> of:000000000000000d:4,0.002,0.0025,0.002,0.002,2.0,2026-06-18T12:29:50,0.002,1.83
ip_shuffle,20260618T122950_784105,of:0000000000000002:1 -> of:000000000000000b:4,0.002,0.0025,0.002,0.002,1.57,2026-06-18T12:29:50,0.001,1.47
ip_shuffle,20260618T122950_784105,of:0000000000000001:3 -> of:000000000000000d:1,0.002,0.0025,0.002,0.002,2.9,2026-06-18T12:29:50,0.002,2.73
ip_shuffle,20260618T122950_784105,of:0000000000000006:2 -> of:000000000000000a:2,0.002,0.0025,0.002,0.002,1.76,2026-06-18T12:29:50,0.001,1.63
ip_shuffle,20260618T122950_784105,of:0000000000000003:1 -> of:000000000000000b:5,0.002,0.0025,0.002,0.002,1.57,2026-06-18T12:29:50,0.001,1.4
ip_shuffle,20260618T122950_784105,of:0000000000000007:1 -> of:000000000000000d:5,0.002,0.0025,0.002,0.002,2.26,2026-06-18T12:29:50,0.002,2.3
ip_shuffle,20260618T122950_784105,of:0000000000000007:2 -> of:000000000000000a:3,0.002,0.0025,0.002,0.002,1.66,2026-06-18T12:29:50,0.001,1.6
ip_shuffle,20260618T122950_784105,of:0000000000000002:2 -> of:0000000000000008:2,0.002,0.0025,0.002,0.002,1.76,2026-06-18T12:29:50,0.002,1.7
ip_shuffle,20260618T122950_784105,of:0000000000000008:1 -> of:000000000000000b:6,0.001,0.00125,0.001,0.001,1.4,2026-06-18T12:29:50,0.001,1.4
ip_shuffle,20260618T122950_784105,of:0000000000000009:1 -> of:000000000000000c:6,0.001,0.00125,0.001,0.001,1.4,2026-06-18T12:29:50,0.001,1.4
ip_shuffle,20260618T122950_784105,of:0000000000000001:2 -> of:000000000000000c:1,0.002,0.0025,0.002,0.002,1.53,2026-06-18T12:29:50,0.002,1.53
ip_shuffle,20260618T122950_784105,of:0000000000000003:2 -> of:0000000000000008:3,0.002,0.0025,0.002,0.002,1.76,2026-06-18T12:29:50,0.001,1.63
ip_shuffle,20260618T123048_328746,of:0000000000000005:1 -> of:000000000000000c:5,0.002,0.0025,0.002,0.002,2.5,2026-06-18T12:30:48,0.002,2.63
ip_shuffle,20260618T123048_328746,of:000000000000000a:1 -> of:000000000000000d:6,0.002,0.0025,0.002,0.002,1.83,2026-06-18T12:30:48,0.002,1.83
ip_shuffle,20260618T123048_328746,of:000000000000000b:2 -> of:000000000000000c:2,0.002,0.0025,0.002,0.002,2.33,2026-06-18T12:30:48,0.002,2.33
ip_shuffle,20260618T123048_328746,of:0000000000000004:2 -> of:0000000000000009:2,0.002,0.0025,0.002,0.002,2.26,2026-06-18T12:30:48,0.002,2.33
ip_shuffle,20260618T123048_328746,of:0000000000000005:2 -> of:0000000000000009:3,0.002,0.0025,0.002,0.002,2.26,2026-06-18T12:30:48,0.002,2.33
ip_shuffle,20260618T123048_328746,of:000000000000000b:3 -> of:000000000000000d:2,0.002,0.0025,0.002,0.002,2.33,2026-06-18T12:30:48,0.002,2.33
ip_shuffle,20260618T123048_328746,of:0000000000000004:1 -> of:000000000000000c:4,0.002,0.0025,0.002,0.002,2.16,2026-06-18T12:30:48,0.002,2.3
ip_shuffle,20260618T123048_328746,of:000000000000000c:3 -> of:000000000000000d:3,0.002,0.0025,0.002,0.002,2.33,2026-06-18T12:30:48,0.002,2.33
ip_shuffle,20260618T123048_328746,of:0000000000000001:1 -> of:000000000000000b:1,0.002,0.0025,0.002,0.002,1.76,2026-06-18T12:30:48,0.002,1.8
ip_shuffle,20260618T123048_328746,of:0000000000000006:1 -> of:000000000000000d:4,0.002,0.0025,0.002,0.002,2.86,2026-06-18T12:30:48,0.002,2.93
ip_shuffle,20260618T123048_328746,of:0000000000000002:1 -> of:000000000000000b:4,0.002,0.0025,0.002,0.002,1.76,2026-06-18T12:30:48,0.002,1.83
ip_shuffle,20260618T123048_328746,of:0000000000000001:3 -> of:000000000000000d:1,0.003,0.00375,0.003,0.003,3.6,2026-06-18T12:30:48,0.003,3.63
ip_shuffle,20260618T123048_328746,of:0000000000000006:2 -> of:000000000000000a:2,0.002,0.0025,0.002,0.002,2.26,2026-06-18T12:30:48,0.002,2.33
ip_shuffle,20260618T123048_328746,of:0000000000000003:1 -> of:000000000000000b:5,0.002,0.0025,0.002,0.002,1.7,2026-06-18T12:30:48,0.002,1.83
ip_shuffle,20260618T123048_328746,of:0000000000000007:1 -> of:000000000000000d:5,0.002,0.0025,0.002,0.002,2.5,2026-06-18T12:30:48,0.002,2.53
ip_shuffle,20260618T123048_328746,of:0000000000000007:2 -> of:000000000000000a:3,0.002,0.0025,0.002,0.002,2.33,2026-06-18T12:30:48,0.002,2.33
ip_shuffle,20260618T123048_328746,of:0000000000000002:2 -> of:0000000000000008:2,0.002,0.0025,0.002,0.002,2.26,2026-06-18T12:30:48,0.002,2.33
ip_shuffle,20260618T123048_328746,of:0000000000000008:1 -> of:000000000000000b:6,0.002,0.0025,0.002,0.002,1.83,2026-06-18T12:30:48,0.002,1.83
ip_shuffle,20260618T123048_328746,of:0000000000000009:1 -> of:000000000000000c:6,0.002,0.0025,0.002,0.002,1.83,2026-06-18T12:30:48,0.002,1.83
ip_shuffle,20260618T123048_328746,of:0000000000000001:2 -> of:000000000000000c:1,0.003,0.00375,0.003,0.003,3.1,2026-06-18T12:30:48,0.003,3.06
ip_shuffle,20260618T123048_328746,of:0000000000000003:2 -> of:0000000000000008:3,0.002,0.0025,0.002,0.002,2.26,2026-06-18T12:30:48,0.002,2.33
route_mutation,20260618T123146_083793,of:0000000000000005:1 -> of:000000000000000c:5,0.002,0.0025,0.002,0.002,1.47,2026-06-18T12:31:46,0.001,1.43
route_mutation,20260618T123146_083793,of:000000000000000a:1 -> of:000000000000000d:6,0.001,0.00125,0.001,0.001,1.43,2026-06-18T12:31:46,0.001,1.47
route_mutation,20260618T123146_083793,of:000000000000000b:2 -> of:000000000000000c:2,0.002,0.0025,0.002,0.002,1.7,2026-06-18T12:31:46,0.002,1.66
route_mutation,20260618T123146_083793,of:0000000000000004:2 -> of:0000000000000009:2,0.002,0.0025,0.002,0.002,1.63,2026-06-18T12:31:46,0.002,1.56
route_mutation,20260618T123146_083793,of:0000000000000005:2 -> of:0000000000000009:3,0.002,0.0025,0.002,0.002,1.63,2026-06-18T12:31:46,0.002,1.56
route_mutation,20260618T123146_083793,of:000000000000000b:3 -> of:000000000000000d:2,0.002,0.0025,0.002,0.002,1.8,2026-06-18T12:31:46,0.002,1.8
route_mutation,20260618T123146_083793,of:0000000000000004:1 -> of:000000000000000c:4,0.002,0.0025,0.002,0.002,1.47,2026-06-18T12:31:46,0.001,1.43
route_mutation,20260618T123146_083793,of:000000000000000c:3 -> of:000000000000000d:3,0.002,0.0025,0.002,0.002,1.63,2026-06-18T12:31:46,0.002,1.63
route_mutation,20260618T123146_083793,of:0000000000000001:1 -> of:000000000000000b:1,0.002,0.0025,0.002,0.002,2.7,2026-06-18T12:31:46,0.002,2.73
route_mutation,20260618T123146_083793,of:0000000000000006:1 -> of:000000000000000d:4,0.001,0.00125,0.001,0.001,1.4,2026-06-18T12:31:46,0.001,1.5
route_mutation,20260618T123146_083793,of:0000000000000002:1 -> of:000000000000000b:4,0.002,0.0025,0.002,0.002,2.6,2026-06-18T12:31:46,0.002,2.56
route_mutation,20260618T123146_083793,of:0000000000000001:3 -> of:000000000000000d:1,0.002,0.0025,0.002,0.002,1.66,2026-06-18T12:31:46,0.002,1.53
route_mutation,20260618T123146_083793,of:0000000000000006:2 -> of:000000000000000a:2,0.002,0.0025,0.002,0.002,1.56,2026-06-18T12:31:46,0.002,1.63
route_mutation,20260618T123146_083793,of:0000000000000003:1 -> of:000000000000000b:5,0.002,0.0025,0.002,0.002,1.83,2026-06-18T12:31:46,0.002,1.8
route_mutation,20260618T123146_083793,of:0000000000000007:1 -> of:000000000000000d:5,0.002,0.0025,0.002,0.002,1.73,2026-06-18T12:31:46,0.002,1.76
route_mutation,20260618T123146_083793,of:0000000000000007:2 -> of:000000000000000a:3,0.002,0.0025,0.002,0.002,1.6,2026-06-18T12:31:46,0.002,1.66
route_mutation,20260618T123146_083793,of:0000000000000002:2 -> of:0000000000000008:2,0.002,0.0025,0.002,0.002,1.63,2026-06-18T12:31:46,0.002,1.56
route_mutation,20260618T123146_083793,of:0000000000000008:1 -> of:000000000000000b:6,0.002,0.0025,0.002,0.002,1.5,2026-06-18T12:31:46,0.002,1.5
route_mutation,20260618T123146_083793,of:0000000000000009:1 -> of:000000000000000c:6,0.002,0.0025,0.002,0.002,1.5,2026-06-18T12:31:46,0.002,1.5
route_mutation,20260618T123146_083793,of:0000000000000001:2 -> of:000000000000000c:1,0.001,0.00125,0.001,0.001,1.47,2026-06-18T12:31:46,0.001,1.4
route_mutation,20260618T123146_083793,of:0000000000000003:2 -> of:0000000000000008:3,0.002,0.0025,0.002,0.002,1.56,2026-06-18T12:31:46,0.002,1.63
ip_shuffle,20260618T123216_319638,of:0000000000000005:1 -> of:000000000000000c:5,0.002,0.0025,0.002,0.002,2.26,2026-06-18T12:32:16,0.002,2.43
ip_shuffle,20260618T123216_319638,of:000000000000000a:1 -> of:000000000000000d:6,0.002,0.0025,0.002,0.002,1.6,2026-06-18T12:32:16,0.002,1.6
ip_shuffle,20260618T123216_319638,of:000000000000000b:2 -> of:000000000000000c:2,0.002,0.0025,0.002,0.002,1.86,2026-06-18T12:32:16,0.002,1.9
ip_shuffle,20260618T123216_319638,of:0000000000000004:2 -> of:0000000000000009:2,0.002,0.0025,0.002,0.002,1.73,2026-06-18T12:32:16,0.002,1.86
ip_shuffle,20260618T123216_319638,of:0000000000000005:2 -> of:0000000000000009:3,0.002,0.0025,0.002,0.002,1.73,2026-06-18T12:32:16,0.002,1.86
ip_shuffle,20260618T123216_319638,of:000000000000000b:3 -> of:000000000000000d:2,0.002,0.0025,0.002,0.002,1.86,2026-06-18T12:32:16,0.002,1.86
ip_shuffle,20260618T123216_319638,of:0000000000000004:1 -> of:000000000000000c:4,0.002,0.0025,0.002,0.002,2.26,2026-06-18T12:32:16,0.002,2.43
ip_shuffle,20260618T123216_319638,of:000000000000000c:3 -> of:000000000000000d:3,0.002,0.0025,0.002,0.002,1.9,2026-06-18T12:32:16,0.002,1.9
ip_shuffle,20260618T123216_319638,of:0000000000000001:1 -> of:000000000000000b:1,0.002,0.0025,0.002,0.002,2.26,2026-06-18T12:32:16,0.002,2.26
ip_shuffle,20260618T123216_319638,of:0000000000000006:1 -> of:000000000000000d:4,0.002,0.0025,0.002,0.002,2.46,2026-06-18T12:32:16,0.002,2.43
ip_shuffle,20260618T123216_319638,of:0000000000000002:1 -> of:000000000000000b:4,0.002,0.0025,0.002,0.001,1.46,2026-06-18T12:32:16,0.002,1.6
ip_shuffle,20260618T123216_319638,of:0000000000000001:3 -> of:000000000000000d:1,0.002,0.0025,0.002,0.002,2.33,2026-06-18T12:32:16,0.002,2.5
ip_shuffle,20260618T123216_319638,of:0000000000000006:2 -> of:000000000000000a:2,0.002,0.0025,0.002,0.002,1.83,2026-06-18T12:32:16,0.002,1.9
ip_shuffle,20260618T123216_319638,of:0000000000000003:1 -> of:000000000000000b:5,0.002,0.0025,0.002,0.002,2.13,2026-06-18T12:32:16,0.002,2.33
ip_shuffle,20260618T123216_319638,of:0000000000000007:1 -> of:000000000000000d:5,0.002,0.0025,0.002,0.002,1.6,2026-06-18T12:32:16,0.002,1.6
ip_shuffle,20260618T123216_319638,of:0000000000000007:2 -> of:000000000000000a:3,0.002,0.0025,0.002,0.002,1.86,2026-06-18T12:32:16,0.002,1.86
ip_shuffle,20260618T123216_319638,of:0000000000000002:2 -> of:0000000000000008:2,0.002,0.0025,0.002,0.002,1.73,2026-06-18T12:32:16,0.002,1.86
ip_shuffle,20260618T123216_319638,of:0000000000000008:1 -> of:000000000000000b:6,0.002,0.0025,0.002,0.002,1.6,2026-06-18T12:32:16,0.002,1.6
ip_shuffle,20260618T123216_319638,of:0000000000000009:1 -> of:000000000000000c:6,0.002,0.0025,0.002,0.002,1.6,2026-06-18T12:32:16,0.002,1.63
ip_shuffle,20260618T123216_319638,of:0000000000000001:2 -> of:000000000000000c:1,0.003,0.00375,0.003,0.003,3.2,2026-06-18T12:32:16,0.003,3.2
ip_shuffle,20260618T123216_319638,of:0000000000000003:2 -> of:0000000000000008:3,0.002,0.0025,0.002,0.002,1.8,2026-06-18T12:32:16,0.002,1.86
route_mutation,20260618T123314_908265,of:0000000000000005:1 -> of:000000000000000c:5,0.002,0.0025,0.002,0.002,1.43,2026-06-18T12:33:14,0.001,1.4
route_mutation,20260618T123314_908265,of:000000000000000a:1 -> of:000000000000000d:6,0.001,0.00125,0.001,0.001,1.4,2026-06-18T12:33:14,0.001,1.4
route_mutation,20260618T123314_908265,of:000000000000000b:2 -> of:000000000000000c:2,0.002,0.0025,0.002,0.002,1.6,2026-06-18T12:33:14,0.002,1.6
route_mutation,20260618T123314_908265,of:0000000000000004:2 -> of:0000000000000009:2,0.002,0.0025,0.002,0.002,1.56,2026-06-18T12:33:14,0.001,1.5
route_mutation,20260618T123314_908265,of:0000000000000005:2 -> of:0000000000000009:3,0.002,0.0025,0.002,0.002,1.56,2026-06-18T12:33:14,0.001,1.5
route_mutation,20260618T123314_908265,of:000000000000000b:3 -> of:000000000000000d:2,0.002,0.0025,0.002,0.002,1.53,2026-06-18T12:33:14,0.002,1.53
route_mutation,20260618T123314_908265,of:0000000000000004:1 -> of:000000000000000c:4,0.002,0.0025,0.002,0.002,1.46,2026-06-18T12:33:14,0.001,1.43
route_mutation,20260618T123314_908265,of:000000000000000c:3 -> of:000000000000000d:3,0.002,0.0025,0.002,0.002,1.53,2026-06-18T12:33:14,0.002,1.53
route_mutation,20260618T123314_908265,of:0000000000000001:1 -> of:000000000000000b:1,0.002,0.0025,0.002,0.002,2.63,2026-06-18T12:33:14,0.002,2.56
route_mutation,20260618T123314_908265,of:0000000000000006:1 -> of:000000000000000d:4,0.001,0.00125,0.001,0.001,1.36,2026-06-18T12:33:14,0.001,1.4
route_mutation,20260618T123314_908265,of:0000000000000002:1 -> of:000000000000000b:4,0.002,0.0025,0.002,0.002,2.43,2026-06-18T12:33:14,0.002,2.4
route_mutation,20260618T123314_908265,of:0000000000000001:3 -> of:000000000000000d:1,0.002,0.0025,0.002,0.002,1.46,2026-06-18T12:33:14,0.001,1.3
route_mutation,20260618T123314_908265,of:0000000000000006:2 -> of:000000000000000a:2,0.002,0.0025,0.002,0.002,1.53,2026-06-18T12:33:14,0.002,1.6
route_mutation,20260618T123314_908265,of:0000000000000003:1 -> of:000000000000000b:5,0.002,0.0025,0.002,0.002,1.7,2026-06-18T12:33:14,0.002,1.7
route_mutation,20260618T123314_908265,of:0000000000000007:1 -> of:000000000000000d:5,0.001,0.00125,0.001,0.001,1.36,2026-06-18T12:33:14,0.001,1.4
route_mutation,20260618T123314_908265,of:0000000000000007:2 -> of:000000000000000a:3,0.002,0.0025,0.002,0.002,1.53,2026-06-18T12:33:14,0.002,1.6
route_mutation,20260618T123314_908265,of:0000000000000002:2 -> of:0000000000000008:2,0.002,0.0025,0.002,0.002,1.56,2026-06-18T12:33:14,0.001,1.5
route_mutation,20260618T123314_908265,of:0000000000000008:1 -> of:000000000000000b:6,0.002,0.0025,0.002,0.002,1.46,2026-06-18T12:33:14,0.002,1.46
route_mutation,20260618T123314_908265,of:0000000000000009:1 -> of:000000000000000c:6,0.002,0.0025,0.002,0.002,1.46,2026-06-18T12:33:14,0.002,1.46
route_mutation,20260618T123314_908265,of:0000000000000001:2 -> of:000000000000000c:1,0.002,0.0025,0.002,0.002,1.46,2026-06-18T12:33:14,0.001,1.36
route_mutation,20260618T123314_908265,of:0000000000000003:2 -> of:0000000000000008:3,0.002,0.0025,0.002,0.002,1.56,2026-06-18T12:33:14,0.002,1.56
route_mutation,20260618T123345_179803,of:0000000000000005:1 -> of:000000000000000c:5,0.002,0.0025,0.002,0.002,2.2,2026-06-18T12:33:45,0.002,2.3
route_mutation,20260618T123345_179803,of:000000000000000a:1 -> of:000000000000000d:6,0.002,0.0025,0.002,0.002,1.5,2026-06-18T12:33:45,0.002,1.5
route_mutation,20260618T123345_179803,of:000000000000000b:2 -> of:000000000000000c:2,0.002,0.0025,0.002,0.002,1.66,2026-06-18T12:33:45,0.002,1.66
route_mutation,20260618T123345_179803,of:0000000000000004:2 -> of:0000000000000009:2,0.002,0.0025,0.002,0.001,1.56,2026-06-18T12:33:45,0.002,1.7
route_mutation,20260618T123345_179803,of:0000000000000005:2 -> of:0000000000000009:3,0.002,0.0025,0.002,0.001,1.56,2026-06-18T12:33:45,0.002,1.7
route_mutation,20260618T123345_179803,of:000000000000000b:3 -> of:000000000000000d:2,0.002,0.0025,0.002,0.002,1.66,2026-06-18T12:33:45,0.002,1.66
route_mutation,20260618T123345_179803,of:0000000000000004:1 -> of:000000000000000c:4,0.002,0.0025,0.002,0.002,2.2,2026-06-18T12:33:45,0.002,2.3
route_mutation,20260618T123345_179803,of:000000000000000c:3 -> of:000000000000000d:3,0.002,0.0025,0.002,0.002,1.66,2026-06-18T12:33:45,0.002,1.66
route_mutation,20260618T123345_179803,of:0000000000000001:1 -> of:000000000000000b:1,0.002,0.0025,0.002,0.002,2.33,2026-06-18T12:33:45,0.002,2.4
route_mutation,20260618T123345_179803,of:0000000000000006:1 -> of:000000000000000d:4,0.002,0.0025,0.002,0.002,2.0,2026-06-18T12:33:45,0.002,1.96
route_mutation,20260618T123345_179803,of:0000000000000002:1 -> of:000000000000000b:4,0.002,0.0025,0.002,0.001,1.5,2026-06-18T12:33:45,0.002,1.53
route_mutation,20260618T123345_179803,of:0000000000000001:3 -> of:000000000000000d:1,0.002,0.0025,0.002,0.002,1.86,2026-06-18T12:33:45,0.002,1.96
route_mutation,20260618T123345_179803,of:0000000000000006:2 -> of:000000000000000a:2,0.002,0.0025,0.002,0.002,1.7,2026-06-18T12:33:45,0.002,1.7
route_mutation,20260618T123345_179803,of:0000000000000003:1 -> of:000000000000000b:5,0.002,0.0025,0.002,0.002,2.16,2026-06-18T12:33:45,0.002,2.3
route_mutation,20260618T123345_179803,of:0000000000000007:1 -> of:000000000000000d:5,0.002,0.0025,0.002,0.002,1.53,2026-06-18T12:33:45,0.002,1.5
route_mutation,20260618T123345_179803,of:0000000000000007:2 -> of:000000000000000a:3,0.002,0.0025,0.002,0.002,1.7,2026-06-18T12:33:45,0.002,1.7
route_mutation,20260618T123345_179803,of:0000000000000002:2 -> of:0000000000000008:2,0.002,0.0025,0.002,0.001,1.56,2026-06-18T12:33:45,0.002,1.7
route_mutation,20260618T123345_179803,of:0000000000000008:1 -> of:000000000000000b:6,0.002,0.0025,0.002,0.002,1.5,2026-06-18T12:33:45,0.002,1.5
route_mutation,20260618T123345_179803,of:0000000000000009:1 -> of:000000000000000c:6,0.002,0.0025,0.002,0.002,1.5,2026-06-18T12:33:45,0.002,1.5
route_mutation,20260618T123345_179803,of:0000000000000001:2 -> of:000000000000000c:1,0.003,0.00375,0.003,0.003,3.03,2026-06-18T12:33:45,0.003,3.13
route_mutation,20260618T123345_179803,of:0000000000000003:2 -> of:0000000000000008:3,0.002,0.0025,0.002,0.001,1.56,2026-06-18T12:33:45,0.002,1.7
route_mutation,20260618T123415_353491,of:0000000000000005:1 -> of:000000000000000c:5,0.002,0.0025,0.002,0.002,1.93,2026-06-18T12:34:15,0.002,1.93
route_mutation,20260618T123415_353491,of:000000000000000a:1 -> of:000000000000000d:6,0.002,0.0025,0.002,0.002,1.86,2026-06-18T12:34:15,0.002,1.86
route_mutation,20260618T123415_353491,of:000000000000000b:2 -> of:000000000000000c:2,0.002,0.0025,0.002,0.002,2.46,2026-06-18T12:34:15,0.002,2.46
route_mutation,20260618T123415_353491,of:0000000000000004:2 -> of:0000000000000009:2,0.002,0.0025,0.002,0.002,2.53,2026-06-18T12:34:15,0.002,2.46
route_mutation,20260618T123415_353491,of:0000000000000005:2 -> of:0000000000000009:3,0.002,0.0025,0.002,0.002,2.53,2026-06-18T12:34:15,0.002,2.46
route_mutation,20260618T123415_353491,of:000000000000000b:3 -> of:000000000000000d:2,0.002,0.0025,0.002,0.002,2.46,2026-06-18T12:34:15,0.002,2.46
route_mutation,20260618T123415_353491,of:0000000000000004:1 -> of:000000000000000c:4,0.002,0.0025,0.002,0.002,1.93,2026-06-18T12:34:15,0.002,1.93
route_mutation,20260618T123415_353491,of:000000000000000c:3 -> of:000000000000000d:3,0.002,0.0025,0.002,0.002,2.53,2026-06-18T12:34:15,0.002,2.53
route_mutation,20260618T123415_353491,of:0000000000000001:1 -> of:000000000000000b:1,0.002,0.0025,0.002,0.002,1.86,2026-06-18T12:34:15,0.002,1.86
route_mutation,20260618T123415_353491,of:0000000000000006:1 -> of:000000000000000d:4,0.002,0.0025,0.002,0.002,2.46,2026-06-18T12:34:15,0.002,2.46
route_mutation,20260618T123415_353491,of:0000000000000002:1 -> of:000000000000000b:4,0.002,0.0025,0.002,0.002,1.86,2026-06-18T12:34:15,0.002,1.86
route_mutation,20260618T123415_353491,of:0000000000000001:3 -> of:000000000000000d:1,0.003,0.00375,0.003,0.003,3.7,2026-06-18T12:34:15,0.003,3.76
route_mutation,20260618T123415_353491,of:0000000000000006:2 -> of:000000000000000a:2,0.002,0.0025,0.002,0.002,2.46,2026-06-18T12:34:15,0.002,2.4
route_mutation,20260618T123415_353491,of:0000000000000003:1 -> of:000000000000000b:5,0.002,0.0025,0.002,0.002,1.93,2026-06-18T12:34:15,0.002,1.8
route_mutation,20260618T123415_353491,of:0000000000000007:1 -> of:000000000000000d:5,0.003,0.00375,0.003,0.003,3.06,2026-06-18T12:34:15,0.003,3.06
route_mutation,20260618T123415_353491,of:0000000000000007:2 -> of:000000000000000a:3,0.002,0.0025,0.002,0.002,2.46,2026-06-18T12:34:15,0.002,2.4
route_mutation,20260618T123415_353491,of:0000000000000002:2 -> of:0000000000000008:2,0.002,0.0025,0.002,0.002,2.53,2026-06-18T12:34:15,0.002,2.46
route_mutation,20260618T123415_353491,of:0000000000000008:1 -> of:000000000000000b:6,0.002,0.0025,0.002,0.002,1.8,2026-06-18T12:34:15,0.002,1.8
route_mutation,20260618T123415_353491,of:0000000000000009:1 -> of:000000000000000c:6,0.002,0.0025,0.002,0.002,1.86,2026-06-18T12:34:15,0.002,1.86
route_mutation,20260618T123415_353491,of:0000000000000001:2 -> of:000000000000000c:1,0.002,0.0025,0.002,0.002,1.86,2026-06-18T12:34:15,0.002,1.93
route_mutation,20260618T123415_353491,of:0000000000000003:2 -> of:0000000000000008:3,0.002,0.0025,0.002,0.002,2.53,2026-06-18T12:34:15,0.002,2.4
route_mutation,20260618T123445_594813,of:0000000000000005:1 -> of:000000000000000c:5,0.001,0.00125,0.001,0.001,1.33,2026-06-18T12:34:45,0.001,1.2
route_mutation,20260618T123445_594813,of:000000000000000a:1 -> of:000000000000000d:6,0.001,0.00125,0.001,0.001,1.26,2026-06-18T12:34:45,0.001,1.26
route_mutation,20260618T123445_594813,of:000000000000000b:2 -> of:000000000000000c:2,0.001,0.00125,0.001,0.001,1.26,2026-06-18T12:34:45,0.001,1.26
route_mutation,20260618T123445_594813,of:0000000000000004:2 -> of:0000000000000009:2,0.001,0.00125,0.001,0.001,1.33,2026-06-18T12:34:45,0.001,1.26
route_mutation,20260618T123445_594813,of:0000000000000005:2 -> of:0000000000000009:3,0.001,0.00125,0.001,0.001,1.33,2026-06-18T12:34:45,0.001,1.26
route_mutation,20260618T123445_594813,of:000000000000000b:3 -> of:000000000000000d:2,0.001,0.00125,0.001,0.001,1.26,2026-06-18T12:34:45,0.001,1.26
route_mutation,20260618T123445_594813,of:0000000000000004:1 -> of:000000000000000c:4,0.001,0.00125,0.001,0.001,1.33,2026-06-18T12:34:45,0.001,1.2
route_mutation,20260618T123445_594813,of:000000000000000c:3 -> of:000000000000000d:3,0.001,0.00125,0.001,0.001,1.2,2026-06-18T12:34:45,0.001,1.2
route_mutation,20260618T123445_594813,of:0000000000000001:1 -> of:000000000000000b:1,0.002,0.0025,0.002,0.002,1.66,2026-06-18T12:34:45,0.002,1.6
route_mutation,20260618T123445_594813,of:0000000000000006:1 -> of:000000000000000d:4,0.001,0.00125,0.001,0.001,1.26,2026-06-18T12:34:45,0.001,1.26
route_mutation,20260618T123445_594813,of:0000000000000002:1 -> of:000000000000000b:4,0.002,0.0025,0.002,0.002,1.66,2026-06-18T12:34:45,0.002,1.6
route_mutation,20260618T123445_594813,of:0000000000000001:3 -> of:000000000000000d:1,0.001,0.00125,0.001,0.001,1.33,2026-06-18T12:34:45,0.001,1.2
route_mutation,20260618T123445_594813,of:0000000000000006:2 -> of:000000000000000a:2,0.001,0.00125,0.001,0.001,1.26,2026-06-18T12:34:45,0.001,1.33
route_mutation,20260618T123445_594813,of:0000000000000003:1 -> of:000000000000000b:5,0.001,0.00125,0.001,0.001,1.33,2026-06-18T12:34:45,0.001,1.33
route_mutation,20260618T123445_594813,of:0000000000000007:1 -> of:000000000000000d:5,0.001,0.00125,0.001,0.001,1.26,2026-06-18T12:34:45,0.001,1.26
route_mutation,20260618T123445_594813,of:0000000000000007:2 -> of:000000000000000a:3,0.001,0.00125,0.001,0.001,1.26,2026-06-18T12:34:45,0.001,1.33
route_mutation,20260618T123445_594813,of:0000000000000002:2 -> of:0000000000000008:2,0.001,0.00125,0.001,0.001,1.33,2026-06-18T12:34:45,0.001,1.26
route_mutation,20260618T123445_594813,of:0000000000000008:1 -> of:000000000000000b:6,0.001,0.00125,0.001,0.001,1.33,2026-06-18T12:34:45,0.001,1.33
route_mutation,20260618T123445_594813,of:0000000000000009:1 -> of:000000000000000c:6,0.001,0.00125,0.001,0.001,1.26,2026-06-18T12:34:45,0.001,1.26
route_mutation,20260618T123445_594813,of:0000000000000001:2 -> of:000000000000000c:1,0.001,0.00125,0.001,0.001,1.33,2026-06-18T12:34:45,0.001,1.2
route_mutation,20260618T123445_594813,of:0000000000000003:2 -> of:0000000000000008:3,0.001,0.00125,0.001,0.001,1.33,2026-06-18T12:34:45,0.001,1.33
ip_shuffle,20260618T123515_866640,of:0000000000000005:1 -> of:000000000000000c:5,0.002,0.0025,0.002,0.002,2.16,2026-06-18T12:35:15,0.002,2.3
ip_shuffle,20260618T123515_866640,of:000000000000000a:1 -> of:000000000000000d:6,0.002,0.0025,0.002,0.002,1.53,2026-06-18T12:35:15,0.002,1.53
ip_shuffle,20260618T123515_866640,of:000000000000000b:2 -> of:000000000000000c:2,0.002,0.0025,0.002,0.002,1.73,2026-06-18T12:35:15,0.002,1.73
ip_shuffle,20260618T123515_866640,of:0000000000000004:2 -> of:0000000000000009:2,0.002,0.0025,0.002,0.001,1.6,2026-06-18T12:35:15,0.002,1.73
ip_shuffle,20260618T123515_866640,of:0000000000000005:2 -> of:0000000000000009:3,0.002,0.0025,0.002,0.001,1.6,2026-06-18T12:35:15,0.002,1.73
ip_shuffle,20260618T123515_866640,of:000000000000000b:3 -> of:000000000000000d:2,0.002,0.0025,0.002,0.002,1.73,2026-06-18T12:35:15,0.002,1.73
ip_shuffle,20260618T123515_866640,of:0000000000000004:1 -> of:000000000000000c:4,0.002,0.0025,0.002,0.002,2.2,2026-06-18T12:35:15,0.002,2.33
ip_shuffle,20260618T123515_866640,of:000000000000000c:3 -> of:000000000000000d:3,0.002,0.0025,0.002,0.002,1.73,2026-06-18T12:35:15,0.002,1.73
ip_shuffle,20260618T123515_866640,of:0000000000000001:1 -> of:000000000000000b:1,0.003,0.00375,0.003,0.003,3.2,2026-06-18T12:35:15,0.003,3.26
ip_shuffle,20260618T123515_866640,of:0000000000000006:1 -> of:000000000000000d:4,0.002,0.0025,0.002,0.002,1.57,2026-06-18T12:35:15,0.002,1.57
ip_shuffle,20260618T123515_866640,of:0000000000000002:1 -> of:000000000000000b:4,0.002,0.0025,0.002,0.002,2.16,2026-06-18T12:35:15,0.002,2.23
ip_shuffle,20260618T123515_866640,of:0000000000000001:3 -> of:000000000000000d:1,0.002,0.0025,0.002,0.002,1.5,2026-06-18T12:35:15,0.002,1.57
ip_shuffle,20260618T123515_866640,of:0000000000000006:2 -> of:000000000000000a:2,0.002,0.0025,0.002,0.002,1.73,2026-06-18T12:35:15,0.002,1.73
ip_shuffle,20260618T123515_866640,of:0000000000000003:1 -> of:000000000000000b:5,0.002,0.0025,0.002,0.002,2.43,2026-06-18T12:35:15,0.002,2.56
ip_shuffle,20260618T123515_866640,of:0000000000000007:1 -> of:000000000000000d:5,0.002,0.0025,0.002,0.002,1.53,2026-06-18T12:35:15,0.002,1.53
ip_shuffle,20260618T123515_866640,of:0000000000000007:2 -> of:000000000000000a:3,0.002,0.0025,0.002,0.002,1.73,2026-06-18T12:35:15,0.002,1.73
ip_shuffle,20260618T123515_866640,of:0000000000000002:2 -> of:0000000000000008:2,0.002,0.0025,0.002,0.001,1.6,2026-06-18T12:35:15,0.002,1.73
ip_shuffle,20260618T123515_866640,of:0000000000000008:1 -> of:000000000000000b:6,0.002,0.0025,0.002,0.002,1.53,2026-06-18T12:35:15,0.002,1.53
ip_shuffle,20260618T123515_866640,of:0000000000000009:1 -> of:000000000000000c:6,0.002,0.0025,0.002,0.002,1.53,2026-06-18T12:35:15,0.002,1.53
ip_shuffle,20260618T123515_866640,of:0000000000000001:2 -> of:000000000000000c:1,0.003,0.00375,0.003,0.003,2.96,2026-06-18T12:35:15,0.003,3.03
ip_shuffle,20260618T123515_866640,of:0000000000000003:2 -> of:0000000000000008:3,0.002,0.0025,0.002,0.001,1.6,2026-06-18T12:35:15,0.002,1.73
route_mutation,20260618T123619_997406,of:0000000000000005:1 -> of:000000000000000c:5,0.002,0.0025,0.002,0.002,1.5,2026-06-18T12:36:19,0.001,1.3
route_mutation,20260618T123619_997406,of:000000000000000a:1 -> of:000000000000000d:6,0.001,0.00125,0.001,0.001,1.4,2026-06-18T12:36:19,0.001,1.37
route_mutation,20260618T123619_997406,of:000000000000000b:2 -> of:000000000000000c:2,0.001,0.00125,0.001,0.001,1.5,2026-06-18T12:36:19,0.001,1.5
route_mutation,20260618T123619_997406,of:0000000000000004:2 -> of:0000000000000009:2,0.002,0.0025,0.002,0.002,1.63,2026-06-18T12:36:19,0.002,1.56
route_mutation,20260618T123619_997406,of:0000000000000005:2 -> of:0000000000000009:3,0.002,0.0025,0.002,0.002,1.63,2026-06-18T12:36:19,0.002,1.56
route_mutation,20260618T123619_997406,of:000000000000000b:3 -> of:000000000000000d:2,0.001,0.00125,0.001,0.001,1.5,2026-06-18T12:36:19,0.001,1.5
route_mutation,20260618T123619_997406,of:0000000000000004:1 -> of:000000000000000c:4,0.002,0.0025,0.002,0.002,1.5,2026-06-18T12:36:19,0.001,1.3
route_mutation,20260618T123619_997406,of:000000000000000c:3 -> of:000000000000000d:3,0.001,0.00125,0.001,0.001,1.4,2026-06-18T12:36:19,0.001,1.4
route_mutation,20260618T123619_997406,of:0000000000000001:1 -> of:000000000000000b:1,0.002,0.0025,0.002,0.002,1.47,2026-06-18T12:36:19,0.001,1.43
route_mutation,20260618T123619_997406,of:0000000000000006:1 -> of:000000000000000d:4,0.002,0.0025,0.002,0.002,1.76,2026-06-18T12:36:19,0.002,1.7
route_mutation,20260618T123619_997406,of:0000000000000002:1 -> of:000000000000000b:4,0.002,0.0025,0.002,0.002,1.5,2026-06-18T12:36:19,0.001,1.4
route_mutation,20260618T123619_997406,of:0000000000000001:3 -> of:000000000000000d:1,0.002,0.0025,0.002,0.002,2.4,2026-06-18T12:36:19,0.002,2.13
route_mutation,20260618T123619_997406,of:0000000000000006:2 -> of:000000000000000a:2,0.002,0.0025,0.002,0.002,1.53,2026-06-18T12:36:19,0.002,1.6
route_mutation,20260618T123619_997406,of:0000000000000003:1 -> of:000000000000000b:5,0.002,0.0025,0.002,0.002,1.5,2026-06-18T12:36:19,0.001,1.4
route_mutation,20260618T123619_997406,of:0000000000000007:1 -> of:000000000000000d:5,0.002,0.0025,0.002,0.002,2.16,2026-06-18T12:36:19,0.002,2.06
route_mutation,20260618T123619_997406,of:0000000000000007:2 -> of:000000000000000a:3,0.002,0.0025,0.002,0.002,1.53,2026-06-18T12:36:19,0.002,1.53
route_mutation,20260618T123619_997406,of:0000000000000002:2 -> of:0000000000000008:2,0.002,0.0025,0.002,0.002,1.63,2026-06-18T12:36:19,0.002,1.56
route_mutation,20260618T123619_997406,of:0000000000000008:1 -> of:000000000000000b:6,0.002,0.0025,0.002,0.002,1.47,2026-06-18T12:36:19,0.002,1.47
route_mutation,20260618T123619_997406,of:0000000000000009:1 -> of:000000000000000c:6,0.001,0.00125,0.001,0.001,1.4,2026-06-18T12:36:19,0.001,1.37
route_mutation,20260618T123619_997406,of:0000000000000001:2 -> of:000000000000000c:1,0.002,0.0025,0.002,0.002,1.43,2026-06-18T12:36:19,0.001,1.37
route_mutation,20260618T123619_997406,of:0000000000000003:2 -> of:0000000000000008:3,0.002,0.0025,0.002,0.002,1.63,2026-06-18T12:36:19,0.002,1.56
route_mutation,20260618T123650_248193,of:0000000000000005:1 -> of:000000000000000c:5,0.002,0.0025,0.002,0.001,1.4,2026-06-18T12:36:50,0.002,1.53
route_mutation,20260618T123650_248193,of:000000000000000a:1 -> of:000000000000000d:6,0.002,0.0025,0.002,0.002,1.53,2026-06-18T12:36:50,0.002,1.53
route_mutation,20260618T123650_248193,of:000000000000000b:2 -> of:000000000000000c:2,0.002,0.0025,0.002,0.002,1.73,2026-06-18T12:36:50,0.002,1.73
route_mutation,20260618T123650_248193,of:0000000000000004:2 -> of:0000000000000009:2,0.002,0.0025,0.002,0.001,1.6,2026-06-18T12:36:50,0.002,1.73
route_mutation,20260618T123650_248193,of:0000000000000005:2 -> of:0000000000000009:3,0.002,0.0025,0.002,0.001,1.6,2026-06-18T12:36:50,0.002,1.73
route_mutation,20260618T123650_248193,of:000000000000000b:3 -> of:000000000000000d:2,0.002,0.0025,0.002,0.002,1.73,2026-06-18T12:36:50,0.002,1.73
route_mutation,20260618T123650_248193,of:0000000000000004:1 -> of:000000000000000c:4,0.002,0.0025,0.002,0.002,1.93,2026-06-18T12:36:50,0.002,2.06
route_mutation,20260618T123650_248193,of:000000000000000c:3 -> of:000000000000000d:3,0.002,0.0025,0.002,0.002,1.73,2026-06-18T12:36:50,0.002,1.73
route_mutation,20260618T123650_248193,of:0000000000000001:1 -> of:000000000000000b:1,0.003,0.00375,0.003,0.003,3.53,2026-06-18T12:36:50,0.003,3.6
route_mutation,20260618T123650_248193,of:0000000000000006:1 -> of:000000000000000d:4,0.002,0.0025,0.002,0.001,1.47,2026-06-18T12:36:50,0.002,1.53
route_mutation,20260618T123650_248193,of:0000000000000002:1 -> of:000000000000000b:4,0.002,0.0025,0.002,0.002,2.5,2026-06-18T12:36:50,0.002,2.56
route_mutation,20260618T123650_248193,of:0000000000000001:3 -> of:000000000000000d:1,0.002,0.0025,0.002,0.001,1.47,2026-06-18T12:36:50,0.002,1.53
route_mutation,20260618T123650_248193,of:0000000000000006:2 -> of:000000000000000a:2,0.002,0.0025,0.002,0.002,1.73,2026-06-18T12:36:50,0.002,1.73
route_mutation,20260618T123650_248193,of:0000000000000003:1 -> of:000000000000000b:5,0.002,0.0025,0.002,0.002,2.43,2026-06-18T12:36:50,0.002,2.56
route_mutation,20260618T123650_248193,of:0000000000000007:1 -> of:000000000000000d:5,0.002,0.0025,0.002,0.001,1.47,2026-06-18T12:36:50,0.002,1.53
route_mutation,20260618T123650_248193,of:0000000000000007:2 -> of:000000000000000a:3,0.002,0.0025,0.002,0.002,1.73,2026-06-18T12:36:50,0.002,1.73
route_mutation,20260618T123650_248193,of:0000000000000002:2 -> of:0000000000000008:2,0.002,0.0025,0.002,0.001,1.6,2026-06-18T12:36:50,0.002,1.73
route_mutation,20260618T123650_248193,of:0000000000000008:1 -> of:000000000000000b:6,0.002,0.0025,0.002,0.002,1.53,2026-06-18T12:36:50,0.002,1.53
route_mutation,20260618T123650_248193,of:0000000000000009:1 -> of:000000000000000c:6,0.002,0.0025,0.002,0.002,1.53,2026-06-18T12:36:50,0.002,1.53
route_mutation,20260618T123650_248193,of:0000000000000001:2 -> of:000000000000000c:1,0.002,0.0025,0.002,0.002,1.93,2026-06-18T12:36:50,0.002,2.0
route_mutation,20260618T123650_248193,of:0000000000000003:2 -> of:0000000000000008:3,0.002,0.0025,0.002,0.001,1.6,2026-06-18T12:36:50,0.002,1.73
route_mutation,20260618T123720_456012,of:0000000000000005:1 -> of:000000000000000c:5,0.002,0.0025,0.002,0.002,2.63,2026-06-18T12:37:20,0.002,2.66
route_mutation,20260618T123720_456012,of:000000000000000a:1 -> of:000000000000000d:6,0.002,0.0025,0.002,0.002,1.76,2026-06-18T12:37:20,0.002,1.8
route_mutation,20260618T123720_456012,of:000000000000000b:2 -> of:000000000000000c:2,0.002,0.0025,0.002,0.002,2.3,2026-06-18T12:37:20,0.002,2.3
route_mutation,20260618T123720_456012,of:0000000000000004:2 -> of:0000000000000009:2,0.002,0.0025,0.002,0.002,2.3,2026-06-18T12:37:20,0.002,2.23
route_mutation,20260618T123720_456012,of:0000000000000005:2 -> of:0000000000000009:3,0.002,0.0025,0.002,0.002,2.33,2026-06-18T12:37:20,0.002,2.26
route_mutation,20260618T123720_456012,of:000000000000000b:3 -> of:000000000000000d:2,0.002,0.0025,0.002,0.002,2.3,2026-06-18T12:37:20,0.002,2.3
route_mutation,20260618T123720_456012,of:0000000000000004:1 -> of:000000000000000c:4,0.002,0.0025,0.002,0.002,2.06,2026-06-18T12:37:20,0.002,2.13
route_mutation,20260618T123720_456012,of:000000000000000c:3 -> of:000000000000000d:3,0.002,0.0025,0.002,0.002,2.4,2026-06-18T12:37:20,0.002,2.4
route_mutation,20260618T123720_456012,of:0000000000000001:1 -> of:000000000000000b:1,0.002,0.0025,0.002,0.002,1.76,2026-06-18T12:37:20,0.002,1.73
route_mutation,20260618T123720_456012,of:0000000000000006:1 -> of:000000000000000d:4,0.002,0.0025,0.002,0.002,2.93,2026-06-18T12:37:20,0.002,2.96
route_mutation,20260618T123720_456012,of:0000000000000002:1 -> of:000000000000000b:4,0.002,0.0025,0.002,0.002,1.73,2026-06-18T12:37:20,0.002,1.76
route_mutation,20260618T123720_456012,of:0000000000000001:3 -> of:000000000000000d:1,0.003,0.00375,0.003,0.003,3.6,2026-06-18T12:37:20,0.003,3.76
route_mutation,20260618T123720_456012,of:0000000000000006:2 -> of:000000000000000a:2,0.002,0.0025,0.002,0.002,2.26,2026-06-18T12:37:20,0.002,2.2
route_mutation,20260618T123720_456012,of:0000000000000003:1 -> of:000000000000000b:5,0.002,0.0025,0.002,0.002,1.8,2026-06-18T12:37:20,0.002,1.76
route_mutation,20260618T123720_456012,of:0000000000000007:1 -> of:000000000000000d:5,0.002,0.0025,0.002,0.002,2.83,2026-06-18T12:37:20,0.002,2.83
route_mutation,20260618T123720_456012,of:0000000000000007:2 -> of:000000000000000a:3,0.002,0.0025,0.002,0.002,2.26,2026-06-18T12:37:20,0.002,2.26
route_mutation,20260618T123720_456012,of:0000000000000002:2 -> of:0000000000000008:2,0.002,0.0025,0.002,0.002,2.3,2026-06-18T12:37:20,0.002,2.23
route_mutation,20260618T123720_456012,of:0000000000000008:1 -> of:000000000000000b:6,0.002,0.0025,0.002,0.002,1.7,2026-06-18T12:37:20,0.002,1.7
route_mutation,20260618T123720_456012,of:0000000000000009:1 -> of:000000000000000c:6,0.002,0.0025,0.002,0.002,1.76,2026-06-18T12:37:20,0.002,1.8
route_mutation,20260618T123720_456012,of:0000000000000001:2 -> of:000000000000000c:1,0.003,0.00375,0.003,0.002,2.93,2026-06-18T12:37:20,0.003,2.93
route_mutation,20260618T123720_456012,of:0000000000000003:2 -> of:0000000000000008:3,0.002,0.0025,0.002,0.002,2.3,2026-06-18T12:37:20,0.002,2.23
ip_shuffle,20260618T123750_720007,of:0000000000000005:1 -> of:000000000000000c:5,0.002,0.0025,0.002,0.002,1.43,2026-06-18T12:37:50,0.001,1.27
ip_shuffle,20260618T123750_720007,of:000000000000000a:1 -> of:000000000000000d:6,0.001,0.00125,0.001,0.001,1.37,2026-06-18T12:37:50,0.001,1.33
ip_shuffle,20260618T123750_720007,of:000000000000000b:2 -> of:000000000000000c:2,0.001,0.00125,0.001,0.001,1.47,2026-06-18T12:37:50,0.001,1.47
ip_shuffle,20260618T123750_720007,of:0000000000000004:2 -> of:0000000000000009:2,0.002,0.0025,0.002,0.002,1.56,2026-06-18T12:37:50,0.001,1.5
ip_shuffle,20260618T123750_720007,of:0000000000000005:2 -> of:0000000000000009:3,0.002,0.0025,0.002,0.002,1.53,2026-06-18T12:37:50,0.001,1.47
ip_shuffle,20260618T123750_720007,of:000000000000000b:3 -> of:000000000000000d:2,0.001,0.00125,0.001,0.001,1.43,2026-06-18T12:37:50,0.001,1.43
ip_shuffle,20260618T123750_720007,of:0000000000000004:1 -> of:000000000000000c:4,0.002,0.0025,0.002,0.002,1.5,2026-06-18T12:37:50,0.001,1.3
ip_shuffle,20260618T123750_720007,of:000000000000000c:3 -> of:000000000000000d:3,0.001,0.00125,0.001,0.001,1.33,2026-06-18T12:37:50,0.001,1.33
ip_shuffle,20260618T123750_720007,of:0000000000000001:1 -> of:000000000000000b:1,0.002,0.0025,0.002,0.002,1.43,2026-06-18T12:37:50,0.001,1.4
ip_shuffle,20260618T123750_720007,of:0000000000000006:1 -> of:000000000000000d:4,0.002,0.0025,0.002,0.002,1.47,2026-06-18T12:37:50,0.001,1.37
ip_shuffle,20260618T123750_720007,of:0000000000000002:1 -> of:000000000000000b:4,0.002,0.0025,0.002,0.002,1.47,2026-06-18T12:37:50,0.001,1.37
ip_shuffle,20260618T123750_720007,of:0000000000000001:3 -> of:000000000000000d:1,0.002,0.0025,0.002,0.002,1.9,2026-06-18T12:37:50,0.002,1.66
ip_shuffle,20260618T123750_720007,of:0000000000000006:2 -> of:000000000000000a:2,0.002,0.0025,0.002,0.001,1.5,2026-06-18T12:37:50,0.002,1.56
ip_shuffle,20260618T123750_720007,of:0000000000000003:1 -> of:000000000000000b:5,0.002,0.0025,0.002,0.002,1.47,2026-06-18T12:37:50,0.001,1.37
ip_shuffle,20260618T123750_720007,of:0000000000000007:1 -> of:000000000000000d:5,0.002,0.0025,0.002,0.002,1.76,2026-06-18T12:37:50,0.002,1.7
ip_shuffle,20260618T123750_720007,of:0000000000000007:2 -> of:000000000000000a:3,0.001,0.00125,0.001,0.001,1.47,2026-06-18T12:37:50,0.001,1.47
ip_shuffle,20260618T123750_720007,of:0000000000000002:2 -> of:0000000000000008:2,0.002,0.0025,0.002,0.002,1.56,2026-06-18T12:37:50,0.001,1.5
ip_shuffle,20260618T123750_720007,of:0000000000000008:1 -> of:000000000000000b:6,0.002,0.0025,0.002,0.002,1.47,2026-06-18T12:37:50,0.002,1.47
ip_shuffle,20260618T123750_720007,of:0000000000000009:1 -> of:000000000000000c:6,0.001,0.00125,0.001,0.001,1.4,2026-06-18T12:37:50,0.001,1.37
ip_shuffle,20260618T123750_720007,of:0000000000000001:2 -> of:000000000000000c:1,0.002,0.0025,0.002,0.002,1.4,2026-06-18T12:37:50,0.001,1.33
ip_shuffle,20260618T123750_720007,of:0000000000000003:2 -> of:0000000000000008:3,0.002,0.0025,0.002,0.002,1.56,2026-06-18T12:37:50,0.001,1.5
route_mutation,20260618T123854_748408,of:0000000000000005:1 -> of:000000000000000c:5,0.002,0.0025,0.002,0.002,2.63,2026-06-18T12:38:54,0.002,2.73
route_mutation,20260618T123854_748408,of:000000000000000a:1 -> of:000000000000000d:6,0.002,0.0025,0.002,0.002,1.86,2026-06-18T12:38:54,0.002,1.9
route_mutation,20260618T123854_748408,of:000000000000000b:2 -> of:000000000000000c:2,0.002,0.0025,0.002,0.002,2.53,2026-06-18T12:38:54,0.002,2.53
route_mutation,20260618T123854_748408,of:0000000000000004:2 -> of:0000000000000009:2,0.002,0.0025,0.002,0.002,2.5,2026-06-18T12:38:54,0.002,2.43
route_mutation,20260618T123854_748408,of:0000000000000005:2 -> of:0000000000000009:3,0.002,0.0025,0.002,0.002,2.43,2026-06-18T12:38:54,0.002,2.43
route_mutation,20260618T123854_748408,of:000000000000000b:3 -> of:000000000000000d:2,0.002,0.0025,0.002,0.002,2.56,2026-06-18T12:38:54,0.002,2.56
route_mutation,20260618T123854_748408,of:0000000000000004:1 -> of:000000000000000c:4,0.002,0.0025,0.002,0.002,2.06,2026-06-18T12:38:54,0.002,2.1
route_mutation,20260618T123854_748408,of:000000000000000c:3 -> of:000000000000000d:3,0.002,0.0025,0.002,0.002,2.56,2026-06-18T12:38:54,0.002,2.56
route_mutation,20260618T123854_748408,of:0000000000000001:1 -> of:000000000000000b:1,0.002,0.0025,0.002,0.002,1.86,2026-06-18T12:38:54,0.002,1.86
route_mutation,20260618T123854_748408,of:0000000000000006:1 -> of:000000000000000d:4,0.003,0.00375,0.003,0.003,3.23,2026-06-18T12:38:54,0.003,3.4
route_mutation,20260618T123854_748408,of:0000000000000002:1 -> of:000000000000000b:4,0.002,0.0025,0.002,0.002,1.83,2026-06-18T12:38:54,0.002,1.93
route_mutation,20260618T123854_748408,of:0000000000000001:3 -> of:000000000000000d:1,0.004,0.005,0.004,0.004,4.56,2026-06-18T12:38:54,0.004,4.73
route_mutation,20260618T123854_748408,of:0000000000000006:2 -> of:000000000000000a:2,0.002,0.0025,0.002,0.002,2.43,2026-06-18T12:38:54,0.002,2.43
route_mutation,20260618T123854_748408,of:0000000000000003:1 -> of:000000000000000b:5,0.002,0.0025,0.002,0.002,1.9,2026-06-18T12:38:54,0.002,1.93
route_mutation,20260618T123854_748408,of:0000000000000007:1 -> of:000000000000000d:5,0.003,0.00375,0.003,0.003,3.66,2026-06-18T12:38:54,0.003,3.7
route_mutation,20260618T123854_748408,of:0000000000000007:2 -> of:000000000000000a:3,0.002,0.0025,0.002,0.002,2.46,2026-06-18T12:38:54,0.002,2.46
route_mutation,20260618T123854_748408,of:0000000000000002:2 -> of:0000000000000008:2,0.002,0.0025,0.002,0.002,2.5,2026-06-18T12:38:54,0.002,2.43
route_mutation,20260618T123854_748408,of:0000000000000008:1 -> of:000000000000000b:6,0.002,0.0025,0.002,0.002,1.86,2026-06-18T12:38:54,0.002,1.86
route_mutation,20260618T123854_748408,of:0000000000000009:1 -> of:000000000000000c:6,0.002,0.0025,0.002,0.002,1.86,2026-06-18T12:38:54,0.002,1.86
route_mutation,20260618T123854_748408,of:0000000000000001:2 -> of:000000000000000c:1,0.002,0.0025,0.002,0.002,2.86,2026-06-18T12:38:54,0.002,2.86
route_mutation,20260618T123854_748408,of:0000000000000003:2 -> of:0000000000000008:3,0.002,0.0025,0.002,0.002,2.5,2026-06-18T12:38:54,0.002,2.43
ip_shuffle,20260618T123925_007865,of:0000000000000005:1 -> of:000000000000000c:5,0.002,0.0025,0.002,0.002,1.43,2026-06-18T12:39:25,0.001,1.27
ip_shuffle,20260618T123925_007865,of:000000000000000a:1 -> of:000000000000000d:6,0.001,0.00125,0.001,0.001,1.33,2026-06-18T12:39:25,0.001,1.3
ip_shuffle,20260618T123925_007865,of:000000000000000b:2 -> of:000000000000000c:2,0.001,0.00125,0.001,0.001,1.33,2026-06-18T12:39:25,0.001,1.33
ip_shuffle,20260618T123925_007865,of:0000000000000004:2 -> of:0000000000000009:2,0.002,0.0025,0.002,0.002,1.5,2026-06-18T12:39:25,0.001,1.43
ip_shuffle,20260618T123925_007865,of:0000000000000005:2 -> of:0000000000000009:3,0.002,0.0025,0.002,0.002,1.5,2026-06-18T12:39:25,0.001,1.43
ip_shuffle,20260618T123925_007865,of:000000000000000b:3 -> of:000000000000000d:2,0.001,0.00125,0.001,0.001,1.3,2026-06-18T12:39:25,0.001,1.3
ip_shuffle,20260618T123925_007865,of:0000000000000004:1 -> of:000000000000000c:4,0.002,0.0025,0.002,0.002,1.43,2026-06-18T12:39:25,0.001,1.27
ip_shuffle,20260618T123925_007865,of:000000000000000c:3 -> of:000000000000000d:3,0.001,0.00125,0.001,0.001,1.3,2026-06-18T12:39:25,0.001,1.3
ip_shuffle,20260618T123925_007865,of:0000000000000001:1 -> of:000000000000000b:1,0.002,0.0025,0.002,0.002,1.4,2026-06-18T12:39:25,0.001,1.33
ip_shuffle,20260618T123925_007865,of:0000000000000006:1 -> of:000000000000000d:4,0.002,0.0025,0.002,0.002,1.43,2026-06-18T12:39:25,0.001,1.23
ip_shuffle,20260618T123925_007865,of:0000000000000002:1 -> of:000000000000000b:4,0.002,0.0025,0.002,0.002,1.43,2026-06-18T12:39:25,0.001,1.27
ip_shuffle,20260618T123925_007865,of:0000000000000001:3 -> of:000000000000000d:1,0.002,0.0025,0.002,0.002,1.86,2026-06-18T12:39:25,0.002,1.6
ip_shuffle,20260618T123925_007865,of:0000000000000006:2 -> of:000000000000000a:2,0.001,0.00125,0.001,0.001,1.43,2026-06-18T12:39:25,0.001,1.43
ip_shuffle,20260618T123925_007865,of:0000000000000003:1 -> of:000000000000000b:5,0.002,0.0025,0.002,0.002,1.43,2026-06-18T12:39:25,0.001,1.27
ip_shuffle,20260618T123925_007865,of:0000000000000007:1 -> of:000000000000000d:5,0.002,0.0025,0.002,0.002,1.66,2026-06-18T12:39:25,0.002,1.56
ip_shuffle,20260618T123925_007865,of:0000000000000007:2 -> of:000000000000000a:3,0.001,0.00125,0.001,0.001,1.4,2026-06-18T12:39:25,0.001,1.4
ip_shuffle,20260618T123925_007865,of:0000000000000002:2 -> of:0000000000000008:2,0.002,0.0025,0.002,0.002,1.5,2026-06-18T12:39:25,0.001,1.43
ip_shuffle,20260618T123925_007865,of:0000000000000008:1 -> of:000000000000000b:6,0.001,0.00125,0.001,0.001,1.33,2026-06-18T12:39:25,0.001,1.33
ip_shuffle,20260618T123925_007865,of:0000000000000009:1 -> of:000000000000000c:6,0.001,0.00125,0.001,0.001,1.33,2026-06-18T12:39:25,0.001,1.33
ip_shuffle,20260618T123925_007865,of:0000000000000001:2 -> of:000000000000000c:1,0.002,0.0025,0.002,0.002,1.4,2026-06-18T12:39:25,0.001,1.33
ip_shuffle,20260618T123925_007865,of:0000000000000003:2 -> of:0000000000000008:3,0.002,0.0025,0.002,0.002,1.5,2026-06-18T12:39:25,0.001,1.43
route_mutation,20260618T124023_529074,of:0000000000000005:1 -> of:000000000000000c:5,0.002,0.0025,0.002,0.002,2.66,2026-06-18T12:40:23,0.002,2.76
route_mutation,20260618T124023_529074,of:000000000000000a:1 -> of:000000000000000d:6,0.002,0.0025,0.002,0.002,1.96,2026-06-18T12:40:23,0.002,1.96
route_mutation,20260618T124023_529074,of:000000000000000b:2 -> of:000000000000000c:2,0.002,0.0025,0.002,0.002,2.6,2026-06-18T12:40:23,0.002,2.6
route_mutation,20260618T124023_529074,of:0000000000000004:2 -> of:0000000000000009:2,0.002,0.0025,0.002,0.002,2.56,2026-06-18T12:40:23,0.002,2.5
route_mutation,20260618T124023_529074,of:0000000000000005:2 -> of:0000000000000009:3,0.002,0.0025,0.002,0.002,2.5,2026-06-18T12:40:23,0.002,2.5
route_mutation,20260618T124023_529074,of:000000000000000b:3 -> of:000000000000000d:2,0.002,0.0025,0.002,0.002,2.6,2026-06-18T12:40:23,0.002,2.6
route_mutation,20260618T124023_529074,of:0000000000000004:1 -> of:000000000000000c:4,0.002,0.0025,0.002,0.002,2.03,2026-06-18T12:40:23,0.002,2.06
route_mutation,20260618T124023_529074,of:000000000000000c:3 -> of:000000000000000d:3,0.002,0.0025,0.002,0.002,2.6,2026-06-18T12:40:23,0.002,2.6
route_mutation,20260618T124023_529074,of:0000000000000001:1 -> of:000000000000000b:1,0.002,0.0025,0.002,0.002,2.26,2026-06-18T12:40:23,0.002,2.26
route_mutation,20260618T124023_529074,of:0000000000000006:1 -> of:000000000000000d:4,0.003,0.00375,0.003,0.003,3.1,2026-06-18T12:40:23,0.003,3.2
route_mutation,20260618T124023_529074,of:0000000000000002:1 -> of:000000000000000b:4,0.002,0.0025,0.002,0.002,1.83,2026-06-18T12:40:23,0.002,1.96
route_mutation,20260618T124023_529074,of:0000000000000001:3 -> of:000000000000000d:1,0.003,0.00375,0.003,0.003,3.86,2026-06-18T12:40:23,0.003,4.03
route_mutation,20260618T124023_529074,of:0000000000000006:2 -> of:000000000000000a:2,0.002,0.0025,0.002,0.002,2.5,2026-06-18T12:40:23,0.002,2.56
route_mutation,20260618T124023_529074,of:0000000000000003:1 -> of:000000000000000b:5,0.002,0.0025,0.002,0.002,2.26,2026-06-18T12:40:23,0.002,2.33
route_mutation,20260618T124023_529074,of:0000000000000007:1 -> of:000000000000000d:5,0.002,0.0025,0.002,0.002,2.96,2026-06-18T12:40:23,0.002,3.0
route_mutation,20260618T124023_529074,of:0000000000000007:2 -> of:000000000000000a:3,0.002,0.0025,0.002,0.002,2.5,2026-06-18T12:40:23,0.002,2.56
route_mutation,20260618T124023_529074,of:0000000000000002:2 -> of:0000000000000008:2,0.002,0.0025,0.002,0.002,2.46,2026-06-18T12:40:23,0.002,2.46
route_mutation,20260618T124023_529074,of:0000000000000008:1 -> of:000000000000000b:6,0.002,0.0025,0.002,0.002,1.9,2026-06-18T12:40:23,0.002,1.9
route_mutation,20260618T124023_529074,of:0000000000000009:1 -> of:000000000000000c:6,0.002,0.0025,0.002,0.002,1.9,2026-06-18T12:40:23,0.002,1.9
route_mutation,20260618T124023_529074,of:0000000000000001:2 -> of:000000000000000c:1,0.002,0.0025,0.002,0.002,2.8,2026-06-18T12:40:23,0.002,2.8
route_mutation,20260618T124023_529074,of:0000000000000003:2 -> of:0000000000000008:3,0.002,0.0025,0.002,0.002,2.53,2026-06-18T12:40:23,0.002,2.46
route_mutation,20260618T124053_901212,of:0000000000000005:1 -> of:000000000000000c:5,0.002,0.0025,0.002,0.002,1.4,2026-06-18T12:40:53,0.001,1.23
route_mutation,20260618T124053_901212,of:000000000000000a:1 -> of:000000000000000d:6,0.001,0.00125,0.001,0.001,1.23,2026-06-18T12:40:53,0.001,1.23
route_mutation,20260618T124053_901212,of:000000000000000b:2 -> of:000000000000000c:2,0.001,0.00125,0.001,0.001,1.26,2026-06-18T12:40:53,0.001,1.26
route_mutation,20260618T124053_901212,of:0000000000000004:2 -> of:0000000000000009:2,0.002,0.0025,0.002,0.002,1.43,2026-06-18T12:40:53,0.001,1.36
route_mutation,20260618T124053_901212,of:0000000000000005:2 -> of:0000000000000009:3,0.002,0.0025,0.002,0.002,1.43,2026-06-18T12:40:53,0.001,1.36
route_mutation,20260618T124053_901212,of:000000000000000b:3 -> of:000000000000000d:2,0.001,0.00125,0.001,0.001,1.26,2026-06-18T12:40:53,0.001,1.26
route_mutation,20260618T124053_901212,of:0000000000000004:1 -> of:000000000000000c:4,0.002,0.0025,0.002,0.002,1.4,2026-06-18T12:40:53,0.001,1.23
route_mutation,20260618T124053_901212,of:000000000000000c:3 -> of:000000000000000d:3,0.001,0.00125,0.001,0.001,1.26,2026-06-18T12:40:53,0.001,1.26
route_mutation,20260618T124053_901212,of:0000000000000001:1 -> of:000000000000000b:1,0.001,0.00125,0.001,0.001,1.36,2026-06-18T12:40:53,0.001,1.3
route_mutation,20260618T124053_901212,of:0000000000000006:1 -> of:000000000000000d:4,0.002,0.0025,0.002,0.002,1.4,2026-06-18T12:40:53,0.001,1.23
route_mutation,20260618T124053_901212,of:0000000000000002:1 -> of:000000000000000b:4,0.002,0.0025,0.002,0.002,1.43,2026-06-18T12:40:53,0.001,1.23
route_mutation,20260618T124053_901212,of:0000000000000001:3 -> of:000000000000000d:1,0.002,0.0025,0.002,0.002,1.8,2026-06-18T12:40:53,0.002,1.56
route_mutation,20260618T124053_901212,of:0000000000000006:2 -> of:000000000000000a:2,0.001,0.00125,0.001,0.001,1.36,2026-06-18T12:40:53,0.001,1.3
route_mutation,20260618T124053_901212,of:0000000000000003:1 -> of:000000000000000b:5,0.002,0.0025,0.002,0.002,1.43,2026-06-18T12:40:53,0.001,1.23
route_mutation,20260618T124053_901212,of:0000000000000007:1 -> of:000000000000000d:5,0.002,0.0025,0.002,0.002,1.66,2026-06-18T12:40:53,0.002,1.56
route_mutation,20260618T124053_901212,of:0000000000000007:2 -> of:000000000000000a:3,0.001,0.00125,0.001,0.001,1.36,2026-06-18T12:40:53,0.001,1.3
route_mutation,20260618T124053_901212,of:0000000000000002:2 -> of:0000000000000008:2,0.002,0.0025,0.002,0.002,1.46,2026-06-18T12:40:53,0.001,1.4
route_mutation,20260618T124053_901212,of:0000000000000008:1 -> of:000000000000000b:6,0.001,0.00125,0.001,0.001,1.3,2026-06-18T12:40:53,0.001,1.3
route_mutation,20260618T124053_901212,of:0000000000000009:1 -> of:000000000000000c:6,0.001,0.00125,0.001,0.001,1.3,2026-06-18T12:40:53,0.001,1.3
route_mutation,20260618T124053_901212,of:0000000000000001:2 -> of:000000000000000c:1,0.001,0.00125,0.001,0.001,1.36,2026-06-18T12:40:53,0.001,1.3
route_mutation,20260618T124053_901212,of:0000000000000003:2 -> of:0000000000000008:3,0.002,0.0025,0.002,0.002,1.46,2026-06-18T12:40:53,0.001,1.4
ip_shuffle,20260618T124124_159582,of:0000000000000005:1 -> of:000000000000000c:5,0.002,0.0025,0.002,0.002,1.57,2026-06-18T12:41:24,0.002,1.57
ip_shuffle,20260618T124124_159582,of:000000000000000a:1 -> of:000000000000000d:6,0.002,0.0025,0.002,0.002,1.53,2026-06-18T12:41:24,0.002,1.53
ip_shuffle,20260618T124124_159582,of:000000000000000b:2 -> of:000000000000000c:2,0.002,0.0025,0.002,0.002,1.73,2026-06-18T12:41:24,0.002,1.73
ip_shuffle,20260618T124124_159582,of:0000000000000004:2 -> of:0000000000000009:2,0.002,0.0025,0.002,0.002,1.66,2026-06-18T12:41:24,0.002,1.73
ip_shuffle,20260618T124124_159582,of:0000000000000005:2 -> of:0000000000000009:3,0.002,0.0025,0.002,0.002,1.66,2026-06-18T12:41:24,0.002,1.73
ip_shuffle,20260618T124124_159582,of:000000000000000b:3 -> of:000000000000000d:2,0.002,0.0025,0.002,0.002,1.73,2026-06-18T12:41:24,0.002,1.73
ip_shuffle,20260618T124124_159582,of:0000000000000004:1 -> of:000000000000000c:4,0.002,0.0025,0.002,0.002,2.3,2026-06-18T12:41:24,0.002,2.3
ip_shuffle,20260618T124124_159582,of:000000000000000c:3 -> of:000000000000000d:3,0.002,0.0025,0.002,0.002,1.73,2026-06-18T12:41:24,0.002,1.73
ip_shuffle,20260618T124124_159582,of:0000000000000001:1 -> of:000000000000000b:1,0.003,0.00375,0.003,0.003,3.53,2026-06-18T12:41:24,0.003,3.6
ip_shuffle,20260618T124124_159582,of:0000000000000006:1 -> of:000000000000000d:4,0.002,0.0025,0.002,0.001,1.47,2026-06-18T12:41:24,0.002,1.53
ip_shuffle,20260618T124124_159582,of:0000000000000002:1 -> of:000000000000000b:4,0.002,0.0025,0.002,0.002,2.5,2026-06-18T12:41:24,0.002,2.56
ip_shuffle,20260618T124124_159582,of:0000000000000001:3 -> of:000000000000000d:1,0.002,0.0025,0.002,0.001,1.47,2026-06-18T12:41:24,0.002,1.53
ip_shuffle,20260618T124124_159582,of:0000000000000006:2 -> of:000000000000000a:2,0.002,0.0025,0.002,0.002,1.73,2026-06-18T12:41:24,0.002,1.73
ip_shuffle,20260618T124124_159582,of:0000000000000003:1 -> of:000000000000000b:5,0.002,0.0025,0.002,0.002,2.43,2026-06-18T12:41:24,0.002,2.56
ip_shuffle,20260618T124124_159582,of:0000000000000007:1 -> of:000000000000000d:5,0.002,0.0025,0.002,0.001,1.47,2026-06-18T12:41:24,0.002,1.53
ip_shuffle,20260618T124124_159582,of:0000000000000007:2 -> of:000000000000000a:3,0.002,0.0025,0.002,0.002,1.73,2026-06-18T12:41:24,0.002,1.73
ip_shuffle,20260618T124124_159582,of:0000000000000002:2 -> of:0000000000000008:2,0.002,0.0025,0.002,0.002,1.66,2026-06-18T12:41:24,0.002,1.73
ip_shuffle,20260618T124124_159582,of:0000000000000008:1 -> of:000000000000000b:6,0.002,0.0025,0.002,0.002,1.53,2026-06-18T12:41:24,0.002,1.53
ip_shuffle,20260618T124124_159582,of:0000000000000009:1 -> of:000000000000000c:6,0.002,0.0025,0.002,0.002,1.53,2026-06-18T12:41:24,0.002,1.53
ip_shuffle,20260618T124124_159582,of:0000000000000001:2 -> of:000000000000000c:1,0.002,0.0025,0.002,0.002,2.23,2026-06-18T12:41:24,0.002,2.3
ip_shuffle,20260618T124124_159582,of:0000000000000003:2 -> of:0000000000000008:3,0.002,0.0025,0.002,0.001,1.6,2026-06-18T12:41:24,0.002,1.73
route_mutation,20260618T124221_864497,of:0000000000000005:1 -> of:000000000000000c:5,0.002,0.0025,0.002,0.002,1.6,2026-06-18T12:42:21,0.001,1.43
route_mutation,20260618T124221_864497,of:000000000000000a:1 -> of:000000000000000d:6,0.001,0.00125,0.001,0.001,1.43,2026-06-18T12:42:21,0.001,1.4
route_mutation,20260618T124221_864497,of:000000000000000b:2 -> of:000000000000000c:2,0.001,0.00125,0.001,0.001,1.66,2026-06-18T12:42:21,0.001,1.66
route_mutation,20260618T124221_864497,of:0000000000000004:2 -> of:0000000000000009:2,0.002,0.0025,0.002,0.002,1.86,2026-06-18T12:42:21,0.002,1.73
route_mutation,20260618T124221_864497,of:0000000000000005:2 -> of:0000000000000009:3,0.002,0.0025,0.002,0.002,1.83,2026-06-18T12:42:21,0.002,1.7
route_mutation,20260618T124221_864497,of:000000000000000b:3 -> of:000000000000000d:2,0.001,0.00125,0.001,0.001,1.63,2026-06-18T12:42:21,0.001,1.63
route_mutation,20260618T124221_864497,of:0000000000000004:1 -> of:000000000000000c:4,0.002,0.0025,0.002,0.002,1.6,2026-06-18T12:42:21,0.001,1.43
route_mutation,20260618T124221_864497,of:000000000000000c:3 -> of:000000000000000d:3,0.001,0.00125,0.001,0.001,1.63,2026-06-18T12:42:21,0.001,1.63
route_mutation,20260618T124221_864497,of:0000000000000001:1 -> of:000000000000000b:1,0.002,0.0025,0.002,0.002,1.56,2026-06-18T12:42:21,0.001,1.6
route_mutation,20260618T124221_864497,of:0000000000000006:1 -> of:000000000000000d:4,0.002,0.0025,0.002,0.002,2.1,2026-06-18T12:42:21,0.002,1.9
route_mutation,20260618T124221_864497,of:0000000000000002:1 -> of:000000000000000b:4,0.002,0.0025,0.002,0.002,1.7,2026-06-18T12:42:21,0.001,1.43
route_mutation,20260618T124221_864497,of:0000000000000001:3 -> of:000000000000000d:1,0.003,0.00375,0.003,0.003,3.23,2026-06-18T12:42:21,0.003,2.93
route_mutation,20260618T124221_864497,of:0000000000000006:2 -> of:000000000000000a:2,0.002,0.0025,0.002,0.002,1.76,2026-06-18T12:42:21,0.002,1.7
route_mutation,20260618T124221_864497,of:0000000000000003:1 -> of:000000000000000b:5,0.002,0.0025,0.002,0.002,1.66,2026-06-18T12:42:21,0.001,1.43
route_mutation,20260618T124221_864497,of:0000000000000007:1 -> of:000000000000000d:5,0.002,0.0025,0.002,0.002,2.46,2026-06-18T12:42:21,0.002,2.36
route_mutation,20260618T124221_864497,of:0000000000000007:2 -> of:000000000000000a:3,0.002,0.0025,0.002,0.002,1.73,2026-06-18T12:42:21,0.001,1.66
route_mutation,20260618T124221_864497,of:0000000000000002:2 -> of:0000000000000008:2,0.002,0.0025,0.002,0.002,1.9,2026-06-18T12:42:21,0.002,1.83
route_mutation,20260618T124221_864497,of:0000000000000008:1 -> of:000000000000000b:6,0.001,0.00125,0.001,0.001,1.5,2026-06-18T12:42:21,0.001,1.5
route_mutation,20260618T124221_864497,of:0000000000000009:1 -> of:000000000000000c:6,0.001,0.00125,0.001,0.001,1.43,2026-06-18T12:42:21,0.001,1.43
route_mutation,20260618T124221_864497,of:0000000000000001:2 -> of:000000000000000c:1,0.002,0.0025,0.002,0.002,1.56,2026-06-18T12:42:21,0.001,1.56
route_mutation,20260618T124221_864497,of:0000000000000003:2 -> of:0000000000000008:3,0.002,0.0025,0.002,0.002,1.9,2026-06-18T12:42:21,0.002,1.86
route_mutation,20260618T124252_123465,of:0000000000000005:1 -> of:000000000000000c:5,0.002,0.0025,0.002,0.002,1.53,2026-06-18T12:42:52,0.002,1.53
route_mutation,20260618T124252_123465,of:000000000000000a:1 -> of:000000000000000d:6,0.002,0.0025,0.002,0.002,1.53,2026-06-18T12:42:52,0.002,1.53
route_mutation,20260618T124252_123465,of:000000000000000b:2 -> of:000000000000000c:2,0.002,0.0025,0.002,0.002,1.73,2026-06-18T12:42:52,0.002,1.73
route_mutation,20260618T124252_123465,of:0000000000000004:2 -> of:0000000000000009:2,0.002,0.0025,0.002,0.002,1.66,2026-06-18T12:42:52,0.002,1.73
route_mutation,20260618T124252_123465,of:0000000000000005:2 -> of:0000000000000009:3,0.002,0.0025,0.002,0.002,1.66,2026-06-18T12:42:52,0.002,1.73
route_mutation,20260618T124252_123465,of:000000000000000b:3 -> of:000000000000000d:2,0.002,0.0025,0.002,0.002,1.73,2026-06-18T12:42:52,0.002,1.73
route_mutation,20260618T124252_123465,of:0000000000000004:1 -> of:000000000000000c:4,0.002,0.0025,0.002,0.002,1.57,2026-06-18T12:42:52,0.002,1.57
route_mutation,20260618T124252_123465,of:000000000000000c:3 -> of:000000000000000d:3,0.002,0.0025,0.002,0.002,1.73,2026-06-18T12:42:52,0.002,1.73
route_mutation,20260618T124252_123465,of:0000000000000001:1 -> of:000000000000000b:1,0.003,0.00375,0.003,0.003,3.4,2026-06-18T12:42:52,0.003,3.46
route_mutation,20260618T124252_123465,of:0000000000000006:1 -> of:000000000000000d:4,0.002,0.0025,0.002,0.001,1.47,2026-06-18T12:42:52,0.002,1.53
route_mutation,20260618T124252_123465,of:0000000000000002:1 -> of:000000000000000b:4,0.002,0.0025,0.002,0.002,2.5,2026-06-18T12:42:52,0.002,2.56
route_mutation,20260618T124252_123465,of:0000000000000001:3 -> of:000000000000000d:1,0.002,0.0025,0.002,0.001,1.47,2026-06-18T12:42:52,0.002,1.53
route_mutation,20260618T124252_123465,of:0000000000000006:2 -> of:000000000000000a:2,0.002,0.0025,0.002,0.002,1.73,2026-06-18T12:42:52,0.002,1.73
route_mutation,20260618T124252_123465,of:0000000000000003:1 -> of:000000000000000b:5,0.002,0.0025,0.002,0.002,2.36,2026-06-18T12:42:52,0.002,2.5
route_mutation,20260618T124252_123465,of:0000000000000007:1 -> of:000000000000000d:5,0.002,0.0025,0.002,0.001,1.47,2026-06-18T12:42:52,0.002,1.53
route_mutation,20260618T124252_123465,of:0000000000000007:2 -> of:000000000000000a:3,0.002,0.0025,0.002,0.002,1.73,2026-06-18T12:42:52,0.002,1.73
route_mutation,20260618T124252_123465,of:0000000000000002:2 -> of:0000000000000008:2,0.002,0.0025,0.002,0.002,1.66,2026-06-18T12:42:52,0.002,1.73
route_mutation,20260618T124252_123465,of:0000000000000008:1 -> of:000000000000000b:6,0.002,0.0025,0.002,0.002,1.53,2026-06-18T12:42:52,0.002,1.53
route_mutation,20260618T124252_123465,of:0000000000000009:1 -> of:000000000000000c:6,0.002,0.0025,0.002,0.002,1.53,2026-06-18T12:42:52,0.002,1.53
route_mutation,20260618T124252_123465,of:0000000000000001:2 -> of:000000000000000c:1,0.002,0.0025,0.002,0.002,1.5,2026-06-18T12:42:52,0.002,1.57
route_mutation,20260618T124252_123465,of:0000000000000003:2 -> of:0000000000000008:3,0.002,0.0025,0.002,0.001,1.6,2026-06-18T12:42:52,0.002,1.73
ip_shuffle,20260618T124322_289306,of:0000000000000005:1 -> of:000000000000000c:5,0.002,0.0025,0.002,0.002,2.36,2026-06-18T12:43:22,0.002,2.53
ip_shuffle,20260618T124322_289306,of:000000000000000a:1 -> of:000000000000000d:6,0.002,0.0025,0.002,0.002,1.73,2026-06-18T12:43:22,0.002,1.73
ip_shuffle,20260618T124322_289306,of:000000000000000b:2 -> of:000000000000000c:2,0.002,0.0025,0.002,0.002,2.13,2026-06-18T12:43:22,0.002,2.13
ip_shuffle,20260618T124322_289306,of:0000000000000004:2 -> of:0000000000000009:2,0.002,0.0025,0.002,0.002,2.03,2026-06-18T12:43:22,0.002,2.1
ip_shuffle,20260618T124322_289306,of:0000000000000005:2 -> of:0000000000000009:3,0.002,0.0025,0.002,0.002,2.03,2026-06-18T12:43:22,0.002,2.1
ip_shuffle,20260618T124322_289306,of:000000000000000b:3 -> of:000000000000000d:2,0.002,0.0025,0.002,0.002,2.13,2026-06-18T12:43:22,0.002,2.13
ip_shuffle,20260618T124322_289306,of:0000000000000004:1 -> of:000000000000000c:4,0.002,0.0025,0.002,0.002,2.33,2026-06-18T12:43:22,0.002,2.5
ip_shuffle,20260618T124322_289306,of:000000000000000c:3 -> of:000000000000000d:3,0.002,0.0025,0.002,0.002,2.13,2026-06-18T12:43:22,0.002,2.13
ip_shuffle,20260618T124322_289306,of:0000000000000001:1 -> of:000000000000000b:1,0.002,0.0025,0.002,0.002,1.8,2026-06-18T12:43:22,0.002,1.83
ip_shuffle,20260618T124322_289306,of:0000000000000006:1 -> of:000000000000000d:4,0.002,0.0025,0.002,0.002,2.83,2026-06-18T12:43:22,0.002,2.9
ip_shuffle,20260618T124322_289306,of:0000000000000002:1 -> of:000000000000000b:4,0.002,0.0025,0.002,0.002,1.63,2026-06-18T12:43:22,0.002,1.73
ip_shuffle,20260618T124322_289306,of:0000000000000001:3 -> of:000000000000000d:1,0.003,0.00375,0.003,0.003,3.2,2026-06-18T12:43:22,0.003,3.3
ip_shuffle,20260618T124322_289306,of:0000000000000006:2 -> of:000000000000000a:2,0.002,0.0025,0.002,0.002,2.06,2026-06-18T12:43:22,0.002,2.13
ip_shuffle,20260618T124322_289306,of:0000000000000003:1 -> of:000000000000000b:5,0.002,0.0025,0.002,0.002,1.76,2026-06-18T12:43:22,0.002,1.8
ip_shuffle,20260618T124322_289306,of:0000000000000007:1 -> of:000000000000000d:5,0.002,0.0025,0.002,0.002,2.33,2026-06-18T12:43:22,0.002,2.33
ip_shuffle,20260618T124322_289306,of:0000000000000007:2 -> of:000000000000000a:3,0.002,0.0025,0.002,0.002,2.06,2026-06-18T12:43:22,0.002,2.13
ip_shuffle,20260618T124322_289306,of:0000000000000002:2 -> of:0000000000000008:2,0.002,0.0025,0.002,0.002,2.03,2026-06-18T12:43:22,0.002,2.03
ip_shuffle,20260618T124322_289306,of:0000000000000008:1 -> of:000000000000000b:6,0.002,0.0025,0.002,0.002,1.66,2026-06-18T12:43:22,0.002,1.66
ip_shuffle,20260618T124322_289306,of:0000000000000009:1 -> of:000000000000000c:6,0.002,0.0025,0.002,0.002,1.73,2026-06-18T12:43:22,0.002,1.73
ip_shuffle,20260618T124322_289306,of:0000000000000001:2 -> of:000000000000000c:1,0.003,0.00375,0.003,0.003,3.23,2026-06-18T12:43:22,0.003,3.26
ip_shuffle,20260618T124322_289306,of:0000000000000003:2 -> of:0000000000000008:3,0.002,0.0025,0.002,0.002,2.1,2026-06-18T12:43:22,0.002,2.03
route_mutation,20260618T124426_249617,of:0000000000000005:1 -> of:000000000000000c:5,0.002,0.0025,0.002,0.002,1.6,2026-06-18T12:44:26,0.002,1.53
route_mutation,20260618T124426_249617,of:000000000000000a:1 -> of:000000000000000d:6,0.002,0.0025,0.002,0.002,1.6,2026-06-18T12:44:26,0.002,1.6
route_mutation,20260618T124426_249617,of:000000000000000b:2 -> of:000000000000000c:2,0.002,0.0025,0.002,0.002,1.86,2026-06-18T12:44:26,0.002,1.86
route_mutation,20260618T124426_249617,of:0000000000000004:2 -> of:0000000000000009:2,0.002,0.0025,0.002,0.002,1.8,2026-06-18T12:44:26,0.002,1.86
route_mutation,20260618T124426_249617,of:0000000000000005:2 -> of:0000000000000009:3,0.002,0.0025,0.002,0.002,1.8,2026-06-18T12:44:26,0.002,1.8
route_mutation,20260618T124426_249617,of:000000000000000b:3 -> of:000000000000000d:2,0.002,0.0025,0.002,0.002,1.86,2026-06-18T12:44:26,0.002,1.86
route_mutation,20260618T124426_249617,of:0000000000000004:1 -> of:000000000000000c:4,0.002,0.0025,0.002,0.002,1.7,2026-06-18T12:44:26,0.002,1.7
route_mutation,20260618T124426_249617,of:000000000000000c:3 -> of:000000000000000d:3,0.002,0.0025,0.002,0.002,1.86,2026-06-18T12:44:26,0.002,1.86
route_mutation,20260618T124426_249617,of:0000000000000001:1 -> of:000000000000000b:1,0.003,0.00375,0.003,0.003,3.56,2026-06-18T12:44:26,0.003,3.63
route_mutation,20260618T124426_249617,of:0000000000000006:1 -> of:000000000000000d:4,0.002,0.0025,0.002,0.002,1.63,2026-06-18T12:44:26,0.002,1.7
route_mutation,20260618T124426_249617,of:0000000000000002:1 -> of:000000000000000b:4,0.002,0.0025,0.002,0.002,2.56,2026-06-18T12:44:26,0.002,2.56
route_mutation,20260618T124426_249617,of:0000000000000001:3 -> of:000000000000000d:1,0.002,0.0025,0.002,0.002,2.53,2026-06-18T12:44:26,0.002,2.6
route_mutation,20260618T124426_249617,of:0000000000000006:2 -> of:000000000000000a:2,0.002,0.0025,0.002,0.002,1.8,2026-06-18T12:44:26,0.002,1.86
route_mutation,20260618T124426_249617,of:0000000000000003:1 -> of:000000000000000b:5,0.002,0.0025,0.002,0.002,2.53,2026-06-18T12:44:26,0.002,2.6
route_mutation,20260618T124426_249617,of:0000000000000007:1 -> of:000000000000000d:5,0.002,0.0025,0.002,0.002,2.53,2026-06-18T12:44:26,0.002,2.6
route_mutation,20260618T124426_249617,of:0000000000000007:2 -> of:000000000000000a:3,0.002,0.0025,0.002,0.002,1.8,2026-06-18T12:44:26,0.002,1.86
route_mutation,20260618T124426_249617,of:0000000000000002:2 -> of:0000000000000008:2,0.002,0.0025,0.002,0.002,1.8,2026-06-18T12:44:26,0.002,1.8
route_mutation,20260618T124426_249617,of:0000000000000008:1 -> of:000000000000000b:6,0.002,0.0025,0.002,0.002,1.6,2026-06-18T12:44:26,0.002,1.6
route_mutation,20260618T124426_249617,of:0000000000000009:1 -> of:000000000000000c:6,0.002,0.0025,0.002,0.002,1.6,2026-06-18T12:44:26,0.002,1.6
route_mutation,20260618T124426_249617,of:0000000000000001:2 -> of:000000000000000c:1,0.002,0.0025,0.002,0.002,1.63,2026-06-18T12:44:26,0.002,1.7
route_mutation,20260618T124426_249617,of:0000000000000003:2 -> of:0000000000000008:3,0.002,0.0025,0.002,0.002,1.73,2026-06-18T12:44:26,0.002,1.86
ip_shuffle,20260618T124456_470400,of:0000000000000005:1 -> of:000000000000000c:5,0.002,0.0025,0.002,0.002,2.16,2026-06-18T12:44:56,0.002,2.33
ip_shuffle,20260618T124456_470400,of:000000000000000a:1 -> of:000000000000000d:6,0.002,0.0025,0.002,0.002,1.53,2026-06-18T12:44:56,0.002,1.56
ip_shuffle,20260618T124456_470400,of:000000000000000b:2 -> of:000000000000000c:2,0.002,0.0025,0.002,0.002,1.73,2026-06-18T12:44:56,0.002,1.73
ip_shuffle,20260618T124456_470400,of:0000000000000004:2 -> of:0000000000000009:2,0.002,0.0025,0.002,0.002,1.63,2026-06-18T12:44:56,0.002,1.7
ip_shuffle,20260618T124456_470400,of:0000000000000005:2 -> of:0000000000000009:3,0.002,0.0025,0.002,0.002,1.63,2026-06-18T12:44:56,0.002,1.7
ip_shuffle,20260618T124456_470400,of:000000000000000b:3 -> of:000000000000000d:2,0.002,0.0025,0.002,0.002,1.76,2026-06-18T12:44:56,0.002,1.76
ip_shuffle,20260618T124456_470400,of:0000000000000004:1 -> of:000000000000000c:4,0.002,0.0025,0.002,0.002,2.06,2026-06-18T12:44:56,0.002,2.23
ip_shuffle,20260618T124456_470400,of:000000000000000c:3 -> of:000000000000000d:3,0.002,0.0025,0.002,0.002,1.76,2026-06-18T12:44:56,0.002,1.76
ip_shuffle,20260618T124456_470400,of:0000000000000001:1 -> of:000000000000000b:1,0.002,0.0025,0.002,0.002,1.5,2026-06-18T12:44:56,0.002,1.5
ip_shuffle,20260618T124456_470400,of:0000000000000006:1 -> of:000000000000000d:4,0.002,0.0025,0.002,0.002,2.23,2026-06-18T12:44:56,0.002,2.33
ip_shuffle,20260618T124456_470400,of:0000000000000002:1 -> of:000000000000000b:4,0.002,0.0025,0.002,0.001,1.43,2026-06-18T12:44:56,0.002,1.53
ip_shuffle,20260618T124456_470400,of:0000000000000001:3 -> of:000000000000000d:1,0.002,0.0025,0.002,0.002,2.23,2026-06-18T12:44:56,0.002,2.36
ip_shuffle,20260618T124456_470400,of:0000000000000006:2 -> of:000000000000000a:2,0.002,0.0025,0.002,0.002,1.63,2026-06-18T12:44:56,0.002,1.7
ip_shuffle,20260618T124456_470400,of:0000000000000003:1 -> of:000000000000000b:5,0.002,0.0025,0.002,0.001,1.46,2026-06-18T12:44:56,0.002,1.56
ip_shuffle,20260618T124456_470400,of:0000000000000007:1 -> of:000000000000000d:5,0.002,0.0025,0.002,0.002,1.63,2026-06-18T12:44:56,0.002,1.66
ip_shuffle,20260618T124456_470400,of:0000000000000007:2 -> of:000000000000000a:3,0.002,0.0025,0.002,0.002,1.66,2026-06-18T12:44:56,0.002,1.73
ip_shuffle,20260618T124456_470400,of:0000000000000002:2 -> of:0000000000000008:2,0.002,0.0025,0.002,0.002,1.63,2026-06-18T12:44:56,0.002,1.7
ip_shuffle,20260618T124456_470400,of:0000000000000008:1 -> of:000000000000000b:6,0.002,0.0025,0.002,0.002,1.53,2026-06-18T12:44:56,0.002,1.53
ip_shuffle,20260618T124456_470400,of:0000000000000009:1 -> of:000000000000000c:6,0.002,0.0025,0.002,0.002,1.53,2026-06-18T12:44:56,0.002,1.53
ip_shuffle,20260618T124456_470400,of:0000000000000001:2 -> of:000000000000000c:1,0.003,0.00375,0.003,0.003,2.96,2026-06-18T12:44:56,0.003,2.96
ip_shuffle,20260618T124456_470400,of:0000000000000003:2 -> of:0000000000000008:3,0.002,0.0025,0.002,0.002,1.7,2026-06-18T12:44:56,0.002,1.7
ip_shuffle,20260618T124554_089246,of:0000000000000005:1 -> of:000000000000000c:5,0.002,0.0025,0.002,0.002,1.5,2026-06-18T12:45:54,0.001,1.43
ip_shuffle,20260618T124554_089246,of:000000000000000a:1 -> of:000000000000000d:6,0.002,0.0025,0.002,0.002,1.5,2026-06-18T12:45:54,0.002,1.5
ip_shuffle,20260618T124554_089246,of:000000000000000b:2 -> of:000000000000000c:2,0.002,0.0025,0.002,0.002,1.66,2026-06-18T12:45:54,0.002,1.66
ip_shuffle,20260618T124554_089246,of:0000000000000004:2 -> of:0000000000000009:2,0.002,0.0025,0.002,0.002,1.6,2026-06-18T12:45:54,0.002,1.66
ip_shuffle,20260618T124554_089246,of:0000000000000005:2 -> of:0000000000000009:3,0.002,0.0025,0.002,0.002,1.6,2026-06-18T12:45:54,0.002,1.6
ip_shuffle,20260618T124554_089246,of:000000000000000b:3 -> of:000000000000000d:2,0.002,0.0025,0.002,0.002,1.66,2026-06-18T12:45:54,0.002,1.66
ip_shuffle,20260618T124554_089246,of:0000000000000004:1 -> of:000000000000000c:4,0.002,0.0025,0.002,0.002,1.5,2026-06-18T12:45:54,0.002,1.5
ip_shuffle,20260618T124554_089246,of:000000000000000c:3 -> of:000000000000000d:3,0.002,0.0025,0.002,0.002,1.66,2026-06-18T12:45:54,0.002,1.66
ip_shuffle,20260618T124554_089246,of:0000000000000001:1 -> of:000000000000000b:1,0.002,0.0025,0.002,0.002,2.46,2026-06-18T12:45:54,0.002,2.46
ip_shuffle,20260618T124554_089246,of:0000000000000006:1 -> of:000000000000000d:4,0.002,0.0025,0.002,0.002,2.06,2026-06-18T12:45:54,0.002,2.13
ip_shuffle,20260618T124554_089246,of:0000000000000002:1 -> of:000000000000000b:4,0.002,0.0025,0.002,0.002,2.36,2026-06-18T12:45:54,0.002,2.36
ip_shuffle,20260618T124554_089246,of:0000000000000001:3 -> of:000000000000000d:1,0.002,0.0025,0.002,0.002,2.06,2026-06-18T12:45:54,0.002,2.06
ip_shuffle,20260618T124554_089246,of:0000000000000006:2 -> of:000000000000000a:2,0.002,0.0025,0.002,0.002,1.6,2026-06-18T12:45:54,0.002,1.66
ip_shuffle,20260618T124554_089246,of:0000000000000003:1 -> of:000000000000000b:5,0.002,0.0025,0.002,0.002,1.63,2026-06-18T12:45:54,0.002,1.63
ip_shuffle,20260618T124554_089246,of:0000000000000007:1 -> of:000000000000000d:5,0.002,0.0025,0.002,0.001,1.43,2026-06-18T12:45:54,0.002,1.5
ip_shuffle,20260618T124554_089246,of:0000000000000007:2 -> of:000000000000000a:3,0.002,0.0025,0.002,0.002,1.6,2026-06-18T12:45:54,0.002,1.66
ip_shuffle,20260618T124554_089246,of:0000000000000002:2 -> of:0000000000000008:2,0.002,0.0025,0.002,0.002,1.6,2026-06-18T12:45:54,0.002,1.6
ip_shuffle,20260618T124554_089246,of:0000000000000008:1 -> of:000000000000000b:6,0.002,0.0025,0.002,0.002,1.5,2026-06-18T12:45:54,0.002,1.5
ip_shuffle,20260618T124554_089246,of:0000000000000009:1 -> of:000000000000000c:6,0.002,0.0025,0.002,0.002,1.5,2026-06-18T12:45:54,0.002,1.5
ip_shuffle,20260618T124554_089246,of:0000000000000001:2 -> of:000000000000000c:1,0.001,0.00125,0.001,0.001,1.43,2026-06-18T12:45:54,0.001,1.43
ip_shuffle,20260618T124554_089246,of:0000000000000003:2 -> of:0000000000000008:3,0.002,0.0025,0.002,0.002,1.6,2026-06-18T12:45:54,0.002,1.66
route_mutation,20260618T124651_643900,of:0000000000000005:1 -> of:000000000000000c:5,0.002,0.0025,0.002,0.002,1.9,2026-06-18T12:46:51,0.002,1.9
route_mutation,20260618T124651_643900,of:000000000000000a:1 -> of:000000000000000d:6,0.002,0.0025,0.002,0.002,1.76,2026-06-18T12:46:51,0.002,1.8
route_mutation,20260618T124651_643900,of:000000000000000b:2 -> of:000000000000000c:2,0.002,0.0025,0.002,0.002,2.36,2026-06-18T12:46:51,0.002,2.36
route_mutation,20260618T124651_643900,of:0000000000000004:2 -> of:0000000000000009:2,0.002,0.0025,0.002,0.002,2.43,2026-06-18T12:46:51,0.002,2.36
route_mutation,20260618T124651_643900,of:0000000000000005:2 -> of:0000000000000009:3,0.002,0.0025,0.002,0.002,2.43,2026-06-18T12:46:51,0.002,2.36
route_mutation,20260618T124651_643900,of:000000000000000b:3 -> of:000000000000000d:2,0.002,0.0025,0.002,0.002,2.36,2026-06-18T12:46:51,0.002,2.36
route_mutation,20260618T124651_643900,of:0000000000000004:1 -> of:000000000000000c:4,0.002,0.0025,0.002,0.002,1.86,2026-06-18T12:46:51,0.002,1.86
route_mutation,20260618T124651_643900,of:000000000000000c:3 -> of:000000000000000d:3,0.002,0.0025,0.002,0.002,2.4,2026-06-18T12:46:51,0.002,2.4
route_mutation,20260618T124651_643900,of:0000000000000001:1 -> of:000000000000000b:1,0.002,0.0025,0.002,0.002,1.96,2026-06-18T12:46:51,0.002,2.06
route_mutation,20260618T124651_643900,of:0000000000000006:1 -> of:000000000000000d:4,0.003,0.00375,0.003,0.003,3.4,2026-06-18T12:46:51,0.003,3.3
route_mutation,20260618T124651_643900,of:0000000000000002:1 -> of:000000000000000b:4,0.002,0.0025,0.002,0.002,1.93,2026-06-18T12:46:51,0.002,1.83
route_mutation,20260618T124651_643900,of:0000000000000001:3 -> of:000000000000000d:1,0.004,0.005,0.004,0.004,4.33,2026-06-18T12:46:51,0.003,4.23
route_mutation,20260618T124651_643900,of:0000000000000006:2 -> of:000000000000000a:2,0.002,0.0025,0.002,0.002,2.46,2026-06-18T12:46:51,0.002,2.33
route_mutation,20260618T124651_643900,of:0000000000000003:1 -> of:000000000000000b:5,0.002,0.0025,0.002,0.002,1.93,2026-06-18T12:46:51,0.002,1.76
route_mutation,20260618T124651_643900,of:0000000000000007:1 -> of:000000000000000d:5,0.002,0.0025,0.002,0.002,2.53,2026-06-18T12:46:51,0.002,2.43
route_mutation,20260618T124651_643900,of:0000000000000007:2 -> of:000000000000000a:3,0.002,0.0025,0.002,0.002,2.4,2026-06-18T12:46:51,0.002,2.33
route_mutation,20260618T124651_643900,of:0000000000000002:2 -> of:0000000000000008:2,0.002,0.0025,0.002,0.002,2.5,2026-06-18T12:46:51,0.002,2.43
route_mutation,20260618T124651_643900,of:0000000000000008:1 -> of:000000000000000b:6,0.002,0.0025,0.002,0.002,1.76,2026-06-18T12:46:51,0.002,1.76
route_mutation,20260618T124651_643900,of:0000000000000009:1 -> of:000000000000000c:6,0.002,0.0025,0.002,0.002,1.76,2026-06-18T12:46:51,0.002,1.8
route_mutation,20260618T124651_643900,of:0000000000000001:2 -> of:000000000000000c:1,0.002,0.0025,0.002,0.002,2.03,2026-06-18T12:46:51,0.002,2.16
route_mutation,20260618T124651_643900,of:0000000000000003:2 -> of:0000000000000008:3,0.002,0.0025,0.002,0.002,2.5,2026-06-18T12:46:51,0.002,2.36
route_mutation,20260618T124721_888134,of:0000000000000005:1 -> of:000000000000000c:5,0.002,0.0025,0.002,0.002,1.49,2026-06-18T12:47:21,0.001,1.36
route_mutation,20260618T124721_888134,of:000000000000000a:1 -> of:000000000000000d:6,0.002,0.0025,0.002,0.002,1.46,2026-06-18T12:47:21,0.002,1.43
route_mutation,20260618T124721_888134,of:000000000000000b:2 -> of:000000000000000c:2,0.002,0.0025,0.002,0.002,1.56,2026-06-18T12:47:21,0.002,1.56
route_mutation,20260618T124721_888134,of:0000000000000004:2 -> of:0000000000000009:2,0.002,0.0025,0.002,0.002,1.62,2026-06-18T12:47:21,0.002,1.56
route_mutation,20260618T124721_888134,of:0000000000000005:2 -> of:0000000000000009:3,0.002,0.0025,0.002,0.002,1.62,2026-06-18T12:47:21,0.002,1.56
route_mutation,20260618T124721_888134,of:000000000000000b:3 -> of:000000000000000d:2,0.002,0.0025,0.002,0.002,1.56,2026-06-18T12:47:21,0.002,1.56
route_mutation,20260618T124721_888134,of:0000000000000004:1 -> of:000000000000000c:4,0.002,0.0025,0.002,0.002,1.49,2026-06-18T12:47:21,0.001,1.36
route_mutation,20260618T124721_888134,of:000000000000000c:3 -> of:000000000000000d:3,0.002,0.0025,0.002,0.002,1.53,2026-06-18T12:47:21,0.002,1.53
route_mutation,20260618T124721_888134,of:0000000000000001:1 -> of:000000000000000b:1,0.002,0.0025,0.002,0.002,1.46,2026-06-18T12:47:21,0.001,1.36
route_mutation,20260618T124721_888134,of:0000000000000006:1 -> of:000000000000000d:4,0.002,0.0025,0.002,0.001,1.39,2026-06-18T12:47:21,0.002,1.43
route_mutation,20260618T124721_888134,of:0000000000000002:1 -> of:000000000000000b:4,0.002,0.0025,0.002,0.002,1.56,2026-06-18T12:47:21,0.002,1.53
route_mutation,20260618T124721_888134,of:0000000000000001:3 -> of:000000000000000d:1,0.002,0.0025,0.002,0.002,1.76,2026-06-18T12:47:21,0.002,1.86
route_mutation,20260618T124721_888134,of:0000000000000006:2 -> of:000000000000000a:2,0.002,0.0025,0.002,0.001,1.53,2026-06-18T12:47:21,0.002,1.59
route_mutation,20260618T124721_888134,of:0000000000000003:1 -> of:000000000000000b:5,0.002,0.0025,0.002,0.002,1.49,2026-06-18T12:47:21,0.002,1.46
route_mutation,20260618T124721_888134,of:0000000000000007:1 -> of:000000000000000d:5,0.002,0.0025,0.002,0.002,1.86,2026-06-18T12:47:21,0.002,1.96
route_mutation,20260618T124721_888134,of:0000000000000007:2 -> of:000000000000000a:3,0.002,0.0025,0.002,0.001,1.53,2026-06-18T12:47:21,0.002,1.59
route_mutation,20260618T124721_888134,of:0000000000000002:2 -> of:0000000000000008:2,0.002,0.0025,0.002,0.002,1.69,2026-06-18T12:47:21,0.002,1.69
route_mutation,20260618T124721_888134,of:0000000000000008:1 -> of:000000000000000b:6,0.002,0.0025,0.002,0.002,1.46,2026-06-18T12:47:21,0.002,1.46
route_mutation,20260618T124721_888134,of:0000000000000009:1 -> of:000000000000000c:6,0.002,0.0025,0.002,0.002,1.46,2026-06-18T12:47:21,0.002,1.43
route_mutation,20260618T124721_888134,of:0000000000000001:2 -> of:000000000000000c:1,0.002,0.0025,0.002,0.002,1.43,2026-06-18T12:47:21,0.001,1.36
route_mutation,20260618T124721_888134,of:0000000000000003:2 -> of:0000000000000008:3,0.002,0.0025,0.002,0.002,1.56,2026-06-18T12:47:21,0.002,1.62
route_mutation,20260618T124752_152235,of:0000000000000005:1 -> of:000000000000000c:5,0.002,0.0025,0.002,0.001,1.4,2026-06-18T12:47:52,0.002,1.53
route_mutation,20260618T124752_152235,of:000000000000000a:1 -> of:000000000000000d:6,0.002,0.0025,0.002,0.002,1.53,2026-06-18T12:47:52,0.002,1.53
route_mutation,20260618T124752_152235,of:000000000000000b:2 -> of:000000000000000c:2,0.002,0.0025,0.002,0.002,1.73,2026-06-18T12:47:52,0.002,1.73
route_mutation,20260618T124752_152235,of:0000000000000004:2 -> of:0000000000000009:2,0.002,0.0025,0.002,0.001,1.6,2026-06-18T12:47:52,0.002,1.73
route_mutation,20260618T124752_152235,of:0000000000000005:2 -> of:0000000000000009:3,0.002,0.0025,0.002,0.001,1.6,2026-06-18T12:47:52,0.002,1.73
route_mutation,20260618T124752_152235,of:000000000000000b:3 -> of:000000000000000d:2,0.002,0.0025,0.002,0.002,1.73,2026-06-18T12:47:52,0.002,1.73
route_mutation,20260618T124752_152235,of:0000000000000004:1 -> of:000000000000000c:4,0.002,0.0025,0.002,0.002,1.86,2026-06-18T12:47:52,0.002,2.0
route_mutation,20260618T124752_152235,of:000000000000000c:3 -> of:000000000000000d:3,0.002,0.0025,0.002,0.002,1.73,2026-06-18T12:47:52,0.002,1.73
route_mutation,20260618T124752_152235,of:0000000000000001:1 -> of:000000000000000b:1,0.003,0.00375,0.003,0.003,3.53,2026-06-18T12:47:52,0.003,3.6
route_mutation,20260618T124752_152235,of:0000000000000006:1 -> of:000000000000000d:4,0.002,0.0025,0.002,0.001,1.46,2026-06-18T12:47:52,0.002,1.53
route_mutation,20260618T124752_152235,of:0000000000000002:1 -> of:000000000000000b:4,0.002,0.0025,0.002,0.002,2.5,2026-06-18T12:47:52,0.002,2.56
route_mutation,20260618T124752_152235,of:0000000000000001:3 -> of:000000000000000d:1,0.002,0.0025,0.002,0.002,1.53,2026-06-18T12:47:52,0.002,1.53
route_mutation,20260618T124752_152235,of:0000000000000006:2 -> of:000000000000000a:2,0.002,0.0025,0.002,0.002,1.66,2026-06-18T12:47:52,0.002,1.73
route_mutation,20260618T124752_152235,of:0000000000000003:1 -> of:000000000000000b:5,0.002,0.0025,0.002,0.002,2.43,2026-06-18T12:47:52,0.002,2.56
route_mutation,20260618T124752_152235,of:0000000000000007:1 -> of:000000000000000d:5,0.002,0.0025,0.002,0.002,1.53,2026-06-18T12:47:52,0.002,1.53
route_mutation,20260618T124752_152235,of:0000000000000007:2 -> of:000000000000000a:3,0.002,0.0025,0.002,0.002,1.73,2026-06-18T12:47:52,0.002,1.73
route_mutation,20260618T124752_152235,of:0000000000000002:2 -> of:0000000000000008:2,0.002,0.0025,0.002,0.002,1.66,2026-06-18T12:47:52,0.002,1.73
route_mutation,20260618T124752_152235,of:0000000000000008:1 -> of:000000000000000b:6,0.002,0.0025,0.002,0.002,1.53,2026-06-18T12:47:52,0.002,1.53
route_mutation,20260618T124752_152235,of:0000000000000009:1 -> of:000000000000000c:6,0.002,0.0025,0.002,0.002,1.53,2026-06-18T12:47:52,0.002,1.53
route_mutation,20260618T124752_152235,of:0000000000000001:2 -> of:000000000000000c:1,0.002,0.0025,0.002,0.002,2.26,2026-06-18T12:47:52,0.002,2.26
route_mutation,20260618T124752_152235,of:0000000000000003:2 -> of:0000000000000008:3,0.002,0.0025,0.002,0.002,1.66,2026-06-18T12:47:52,0.002,1.73
route_mutation,20260618T124822_331801,of:0000000000000005:1 -> of:000000000000000c:5,0.002,0.0025,0.002,0.002,2.63,2026-06-18T12:48:22,0.002,2.6
route_mutation,20260618T124822_331801,of:000000000000000a:1 -> of:000000000000000d:6,0.002,0.0025,0.002,0.002,1.8,2026-06-18T12:48:22,0.002,1.8
route_mutation,20260618T124822_331801,of:000000000000000b:2 -> of:000000000000000c:2,0.002,0.0025,0.002,0.002,2.26,2026-06-18T12:48:22,0.002,2.26
route_mutation,20260618T124822_331801,of:0000000000000004:2 -> of:0000000000000009:2,0.002,0.0025,0.002,0.002,2.36,2026-06-18T12:48:22,0.002,2.3
route_mutation,20260618T124822_331801,of:0000000000000005:2 -> of:0000000000000009:3,0.002,0.0025,0.002,0.002,2.36,2026-06-18T12:48:22,0.002,2.3
route_mutation,20260618T124822_331801,of:000000000000000b:3 -> of:000000000000000d:2,0.002,0.0025,0.002,0.002,2.33,2026-06-18T12:48:22,0.002,2.33
route_mutation,20260618T124822_331801,of:0000000000000004:1 -> of:000000000000000c:4,0.002,0.0025,0.002,0.002,2.16,2026-06-18T12:48:22,0.002,2.13
route_mutation,20260618T124822_331801,of:000000000000000c:3 -> of:000000000000000d:3,0.002,0.0025,0.002,0.002,2.33,2026-06-18T12:48:22,0.002,2.33
route_mutation,20260618T124822_331801,of:0000000000000001:1 -> of:000000000000000b:1,0.002,0.0025,0.002,0.002,1.8,2026-06-18T12:48:22,0.002,1.83
route_mutation,20260618T124822_331801,of:0000000000000006:1 -> of:000000000000000d:4,0.002,0.0025,0.002,0.002,2.93,2026-06-18T12:48:22,0.002,2.9
route_mutation,20260618T124822_331801,of:0000000000000002:1 -> of:000000000000000b:4,0.002,0.0025,0.002,0.002,1.9,2026-06-18T12:48:22,0.002,1.73
route_mutation,20260618T124822_331801,of:0000000000000001:3 -> of:000000000000000d:1,0.003,0.00375,0.003,0.003,3.63,2026-06-18T12:48:22,0.003,3.56
route_mutation,20260618T124822_331801,of:0000000000000006:2 -> of:000000000000000a:2,0.002,0.0025,0.002,0.002,2.36,2026-06-18T12:48:22,0.002,2.23
route_mutation,20260618T124822_331801,of:0000000000000003:1 -> of:000000000000000b:5,0.002,0.0025,0.002,0.002,1.83,2026-06-18T12:48:22,0.002,1.73
route_mutation,20260618T124822_331801,of:0000000000000007:1 -> of:000000000000000d:5,0.002,0.0025,0.002,0.002,2.3,2026-06-18T12:48:22,0.002,2.3
route_mutation,20260618T124822_331801,of:0000000000000007:2 -> of:000000000000000a:3,0.002,0.0025,0.002,0.002,2.3,2026-06-18T12:48:22,0.002,2.23
route_mutation,20260618T124822_331801,of:0000000000000002:2 -> of:0000000000000008:2,0.002,0.0025,0.002,0.002,2.43,2026-06-18T12:48:22,0.002,2.36
route_mutation,20260618T124822_331801,of:0000000000000008:1 -> of:000000000000000b:6,0.002,0.0025,0.002,0.002,1.73,2026-06-18T12:48:22,0.002,1.73
route_mutation,20260618T124822_331801,of:0000000000000009:1 -> of:000000000000000c:6,0.002,0.0025,0.002,0.002,1.73,2026-06-18T12:48:22,0.002,1.73
route_mutation,20260618T124822_331801,of:0000000000000001:2 -> of:000000000000000c:1,0.002,0.0025,0.002,0.002,2.6,2026-06-18T12:48:22,0.002,2.7
route_mutation,20260618T124822_331801,of:0000000000000003:2 -> of:0000000000000008:3,0.002,0.0025,0.002,0.002,2.36,2026-06-18T12:48:22,0.002,2.23
route_mutation,20260618T124852_595103,of:0000000000000005:1 -> of:000000000000000c:5,0.002,0.0025,0.002,0.002,1.53,2026-06-18T12:48:52,0.001,1.43
route_mutation,20260618T124852_595103,of:000000000000000a:1 -> of:000000000000000d:6,0.001,0.00125,0.001,0.001,1.43,2026-06-18T12:48:52,0.001,1.43
route_mutation,20260618T124852_595103,of:000000000000000b:2 -> of:000000000000000c:2,0.002,0.0025,0.002,0.002,1.66,2026-06-18T12:48:52,0.002,1.66
route_mutation,20260618T124852_595103,of:0000000000000004:2 -> of:0000000000000009:2,0.002,0.0025,0.002,0.002,1.7,2026-06-18T12:48:52,0.002,1.63
route_mutation,20260618T124852_595103,of:0000000000000005:2 -> of:0000000000000009:3,0.002,0.0025,0.002,0.002,1.7,2026-06-18T12:48:52,0.002,1.63
route_mutation,20260618T124852_595103,of:000000000000000b:3 -> of:000000000000000d:2,0.002,0.0025,0.002,0.002,1.6,2026-06-18T12:48:52,0.002,1.6
route_mutation,20260618T124852_595103,of:0000000000000004:1 -> of:000000000000000c:4,0.002,0.0025,0.002,0.002,1.53,2026-06-18T12:48:52,0.001,1.43
route_mutation,20260618T124852_595103,of:000000000000000c:3 -> of:000000000000000d:3,0.002,0.0025,0.002,0.002,1.6,2026-06-18T12:48:52,0.002,1.6
route_mutation,20260618T124852_595103,of:0000000000000001:1 -> of:000000000000000b:1,0.002,0.0025,0.002,0.002,1.5,2026-06-18T12:48:52,0.002,1.4
route_mutation,20260618T124852_595103,of:0000000000000006:1 -> of:000000000000000d:4,0.001,0.00125,0.001,0.001,1.47,2026-06-18T12:48:52,0.001,1.43
route_mutation,20260618T124852_595103,of:0000000000000002:1 -> of:000000000000000b:4,0.002,0.0025,0.002,0.002,1.4,2026-06-18T12:48:52,0.002,1.5
route_mutation,20260618T124852_595103,of:0000000000000001:3 -> of:000000000000000d:1,0.002,0.0025,0.002,0.002,1.9,2026-06-18T12:48:52,0.002,1.96
route_mutation,20260618T124852_595103,of:0000000000000006:2 -> of:000000000000000a:2,0.002,0.0025,0.002,0.002,1.63,2026-06-18T12:48:52,0.002,1.7
route_mutation,20260618T124852_595103,of:0000000000000003:1 -> of:000000000000000b:5,0.002,0.0025,0.002,0.002,1.53,2026-06-18T12:48:52,0.002,1.5
route_mutation,20260618T124852_595103,of:0000000000000007:1 -> of:000000000000000d:5,0.002,0.0025,0.002,0.002,2.13,2026-06-18T12:48:52,0.002,2.13
route_mutation,20260618T124852_595103,of:0000000000000007:2 -> of:000000000000000a:3,0.002,0.0025,0.002,0.002,1.63,2026-06-18T12:48:52,0.002,1.7
route_mutation,20260618T124852_595103,of:0000000000000002:2 -> of:0000000000000008:2,0.002,0.0025,0.002,0.002,1.56,2026-06-18T12:48:52,0.002,1.56
route_mutation,20260618T124852_595103,of:0000000000000008:1 -> of:000000000000000b:6,0.002,0.0025,0.002,0.002,1.5,2026-06-18T12:48:52,0.002,1.5
route_mutation,20260618T124852_595103,of:0000000000000009:1 -> of:000000000000000c:6,0.002,0.0025,0.002,0.002,1.5,2026-06-18T12:48:52,0.002,1.5
route_mutation,20260618T124852_595103,of:0000000000000001:2 -> of:000000000000000c:1,0.002,0.0025,0.002,0.002,1.5,2026-06-18T12:48:52,0.002,1.4
route_mutation,20260618T124852_595103,of:0000000000000003:2 -> of:0000000000000008:3,0.002,0.0025,0.002,0.002,1.7,2026-06-18T12:48:52,0.002,1.7
route_mutation,20260618T124922_837126,of:0000000000000005:1 -> of:000000000000000c:5,0.002,0.0025,0.002,0.001,1.4,2026-06-18T12:49:22,0.002,1.53
route_mutation,20260618T124922_837126,of:000000000000000a:1 -> of:000000000000000d:6,0.002,0.0025,0.002,0.002,1.53,2026-06-18T12:49:22,0.002,1.53
route_mutation,20260618T124922_837126,of:000000000000000b:2 -> of:000000000000000c:2,0.002,0.0025,0.002,0.002,1.73,2026-06-18T12:49:22,0.002,1.73
route_mutation,20260618T124922_837126,of:0000000000000004:2 -> of:0000000000000009:2,0.002,0.0025,0.002,0.001,1.6,2026-06-18T12:49:22,0.002,1.73
route_mutation,20260618T124922_837126,of:0000000000000005:2 -> of:0000000000000009:3,0.002,0.0025,0.002,0.001,1.6,2026-06-18T12:49:22,0.002,1.73
route_mutation,20260618T124922_837126,of:000000000000000b:3 -> of:000000000000000d:2,0.002,0.0025,0.002,0.002,1.73,2026-06-18T12:49:22,0.002,1.73
route_mutation,20260618T124922_837126,of:0000000000000004:1 -> of:000000000000000c:4,0.002,0.0025,0.002,0.002,1.7,2026-06-18T12:49:22,0.002,1.83
route_mutation,20260618T124922_837126,of:000000000000000c:3 -> of:000000000000000d:3,0.002,0.0025,0.002,0.002,1.73,2026-06-18T12:49:22,0.002,1.73
route_mutation,20260618T124922_837126,of:0000000000000001:1 -> of:000000000000000b:1,0.003,0.00375,0.003,0.003,3.6,2026-06-18T12:49:22,0.003,3.6
route_mutation,20260618T124922_837126,of:0000000000000006:1 -> of:000000000000000d:4,0.002,0.0025,0.002,0.001,1.47,2026-06-18T12:49:22,0.002,1.53
route_mutation,20260618T124922_837126,of:0000000000000002:1 -> of:000000000000000b:4,0.002,0.0025,0.002,0.002,2.56,2026-06-18T12:49:22,0.002,2.56
route_mutation,20260618T124922_837126,of:0000000000000001:3 -> of:000000000000000d:1,0.002,0.0025,0.002,0.002,1.53,2026-06-18T12:49:22,0.002,1.53
route_mutation,20260618T124922_837126,of:0000000000000006:2 -> of:000000000000000a:2,0.002,0.0025,0.002,0.002,1.66,2026-06-18T12:49:22,0.002,1.73
route_mutation,20260618T124922_837126,of:0000000000000003:1 -> of:000000000000000b:5,0.002,0.0025,0.002,0.002,2.43,2026-06-18T12:49:22,0.002,2.56
route_mutation,20260618T124922_837126,of:0000000000000007:1 -> of:000000000000000d:5,0.002,0.0025,0.002,0.002,1.53,2026-06-18T12:49:22,0.002,1.53
route_mutation,20260618T124922_837126,of:0000000000000007:2 -> of:000000000000000a:3,0.002,0.0025,0.002,0.002,1.73,2026-06-18T12:49:22,0.002,1.73
route_mutation,20260618T124922_837126,of:0000000000000002:2 -> of:0000000000000008:2,0.002,0.0025,0.002,0.002,1.66,2026-06-18T12:49:22,0.002,1.73
route_mutation,20260618T124922_837126,of:0000000000000008:1 -> of:000000000000000b:6,0.002,0.0025,0.002,0.002,1.53,2026-06-18T12:49:22,0.002,1.53
route_mutation,20260618T124922_837126,of:0000000000000009:1 -> of:000000000000000c:6,0.002,0.0025,0.002,0.002,1.53,2026-06-18T12:49:22,0.002,1.53
route_mutation,20260618T124922_837126,of:0000000000000001:2 -> of:000000000000000c:1,0.002,0.0025,0.002,0.002,2.13,2026-06-18T12:49:22,0.002,2.1
route_mutation,20260618T124922_837126,of:0000000000000003:2 -> of:0000000000000008:3,0.002,0.0025,0.002,0.001,1.6,2026-06-18T12:49:22,0.002,1.73
ip_shuffle,20260618T124953_110519,of:0000000000000005:1 -> of:000000000000000c:5,0.002,0.0025,0.002,0.002,2.63,2026-06-18T12:49:53,0.002,2.63
ip_shuffle,20260618T124953_110519,of:000000000000000a:1 -> of:000000000000000d:6,0.002,0.0025,0.002,0.002,1.76,2026-06-18T12:49:53,0.002,1.76
ip_shuffle,20260618T124953_110519,of:000000000000000b:2 -> of:000000000000000c:2,0.002,0.0025,0.002,0.002,2.26,2026-06-18T12:49:53,0.002,2.26
ip_shuffle,20260618T124953_110519,of:0000000000000004:2 -> of:0000000000000009:2,0.002,0.0025,0.002,0.002,2.33,2026-06-18T12:49:53,0.002,2.26
ip_shuffle,20260618T124953_110519,of:0000000000000005:2 -> of:0000000000000009:3,0.002,0.0025,0.002,0.002,2.33,2026-06-18T12:49:53,0.002,2.26
ip_shuffle,20260618T124953_110519,of:000000000000000b:3 -> of:000000000000000d:2,0.002,0.0025,0.002,0.002,2.26,2026-06-18T12:49:53,0.002,2.26
ip_shuffle,20260618T124953_110519,of:0000000000000004:1 -> of:000000000000000c:4,0.002,0.0025,0.002,0.002,2.33,2026-06-18T12:49:53,0.002,2.33
ip_shuffle,20260618T124953_110519,of:000000000000000c:3 -> of:000000000000000d:3,0.002,0.0025,0.002,0.002,2.33,2026-06-18T12:49:53,0.002,2.33
ip_shuffle,20260618T124953_110519,of:0000000000000001:1 -> of:000000000000000b:1,0.002,0.0025,0.002,0.002,1.7,2026-06-18T12:49:53,0.002,1.8
ip_shuffle,20260618T124953_110519,of:0000000000000006:1 -> of:000000000000000d:4,0.002,0.0025,0.002,0.002,2.93,2026-06-18T12:49:53,0.002,2.86
ip_shuffle,20260618T124953_110519,of:0000000000000002:1 -> of:000000000000000b:4,0.002,0.0025,0.002,0.002,1.8,2026-06-18T12:49:53,0.002,1.7
ip_shuffle,20260618T124953_110519,of:0000000000000001:3 -> of:000000000000000d:1,0.003,0.00375,0.003,0.003,3.46,2026-06-18T12:49:53,0.003,3.46
ip_shuffle,20260618T124953_110519,of:0000000000000006:2 -> of:000000000000000a:2,0.002,0.0025,0.002,0.002,2.33,2026-06-18T12:49:53,0.002,2.2
ip_shuffle,20260618T124953_110519,of:0000000000000003:1 -> of:000000000000000b:5,0.002,0.0025,0.002,0.002,2.06,2026-06-18T12:49:53,0.002,1.83
ip_shuffle,20260618T124953_110519,of:0000000000000007:1 -> of:000000000000000d:5,0.002,0.0025,0.002,0.002,2.16,2026-06-18T12:49:53,0.002,2.1
ip_shuffle,20260618T124953_110519,of:0000000000000007:2 -> of:000000000000000a:3,0.002,0.0025,0.002,0.002,2.26,2026-06-18T12:49:53,0.002,2.2
ip_shuffle,20260618T124953_110519,of:0000000000000002:2 -> of:0000000000000008:2,0.002,0.0025,0.002,0.002,2.36,2026-06-18T12:49:53,0.002,2.3
ip_shuffle,20260618T124953_110519,of:0000000000000008:1 -> of:000000000000000b:6,0.002,0.0025,0.002,0.002,1.7,2026-06-18T12:49:53,0.002,1.7
ip_shuffle,20260618T124953_110519,of:0000000000000009:1 -> of:000000000000000c:6,0.002,0.0025,0.002,0.002,1.76,2026-06-18T12:49:53,0.002,1.76
ip_shuffle,20260618T124953_110519,of:0000000000000001:2 -> of:000000000000000c:1,0.002,0.0025,0.002,0.002,2.7,2026-06-18T12:49:53,0.002,2.9
ip_shuffle,20260618T124953_110519,of:0000000000000003:2 -> of:0000000000000008:3,0.002,0.0025,0.002,0.002,2.56,2026-06-18T12:49:53,0.002,2.43
ip_shuffle,20260618T125050_806909,of:0000000000000005:1 -> of:000000000000000c:5,0.002,0.0025,0.002,0.001,1.3,2026-06-18T12:50:50,0.002,1.43
ip_shuffle,20260618T125050_806909,of:000000000000000a:1 -> of:000000000000000d:6,0.002,0.0025,0.002,0.002,1.43,2026-06-18T12:50:50,0.002,1.43
ip_shuffle,20260618T125050_806909,of:000000000000000b:2 -> of:000000000000000c:2,0.002,0.0025,0.002,0.002,1.53,2026-06-18T12:50:50,0.002,1.53
ip_shuffle,20260618T125050_806909,of:0000000000000004:2 -> of:0000000000000009:2,0.002,0.0025,0.002,0.001,1.4,2026-06-18T12:50:50,0.002,1.53
ip_shuffle,20260618T125050_806909,of:0000000000000005:2 -> of:0000000000000009:3,0.002,0.0025,0.002,0.001,1.4,2026-06-18T12:50:50,0.002,1.53
ip_shuffle,20260618T125050_806909,of:000000000000000b:3 -> of:000000000000000d:2,0.002,0.0025,0.002,0.002,1.83,2026-06-18T12:50:50,0.002,1.83
ip_shuffle,20260618T125050_806909,of:0000000000000004:1 -> of:000000000000000c:4,0.002,0.0025,0.002,0.001,1.3,2026-06-18T12:50:50,0.002,1.43
ip_shuffle,20260618T125050_806909,of:000000000000000c:3 -> of:000000000000000d:3,0.002,0.0025,0.002,0.002,1.53,2026-06-18T12:50:50,0.002,1.53
ip_shuffle,20260618T125050_806909,of:0000000000000001:1 -> of:000000000000000b:1,0.003,0.00375,0.003,0.003,3.19,2026-06-18T12:50:50,0.003,3.19
ip_shuffle,20260618T125050_806909,of:0000000000000006:1 -> of:000000000000000d:4,0.002,0.0025,0.002,0.002,2.06,2026-06-18T12:50:50,0.002,2.06
ip_shuffle,20260618T125050_806909,of:0000000000000002:1 -> of:000000000000000b:4,0.003,0.00375,0.003,0.003,2.8,2026-06-18T12:50:50,0.002,2.7
ip_shuffle,20260618T125050_806909,of:0000000000000001:3 -> of:000000000000000d:1,0.002,0.0025,0.002,0.002,1.6,2026-06-18T12:50:50,0.002,1.73
ip_shuffle,20260618T125050_806909,of:0000000000000006:2 -> of:000000000000000a:2,0.002,0.0025,0.002,0.002,1.53,2026-06-18T12:50:50,0.002,1.53
ip_shuffle,20260618T125050_806909,of:0000000000000003:1 -> of:000000000000000b:5,0.002,0.0025,0.002,0.002,2.1,2026-06-18T12:50:50,0.002,2.1
ip_shuffle,20260618T125050_806909,of:0000000000000007:1 -> of:000000000000000d:5,0.002,0.0025,0.002,0.002,1.43,2026-06-18T12:50:50,0.002,1.43
ip_shuffle,20260618T125050_806909,of:0000000000000007:2 -> of:000000000000000a:3,0.002,0.0025,0.002,0.002,1.53,2026-06-18T12:50:50,0.002,1.53
ip_shuffle,20260618T125050_806909,of:0000000000000002:2 -> of:0000000000000008:2,0.002,0.0025,0.002,0.001,1.46,2026-06-18T12:50:50,0.002,1.53
ip_shuffle,20260618T125050_806909,of:0000000000000008:1 -> of:000000000000000b:6,0.002,0.0025,0.002,0.002,1.43,2026-06-18T12:50:50,0.002,1.43
ip_shuffle,20260618T125050_806909,of:0000000000000009:1 -> of:000000000000000c:6,0.002,0.0025,0.002,0.002,1.43,2026-06-18T12:50:50,0.002,1.43
ip_shuffle,20260618T125050_806909,of:0000000000000001:2 -> of:000000000000000c:1,0.002,0.0025,0.002,0.002,1.43,2026-06-18T12:50:50,0.002,1.43
ip_shuffle,20260618T125050_806909,of:0000000000000003:2 -> of:0000000000000008:3,0.001,0.00125,0.001,0.001,1.46,2026-06-18T12:50:50,0.001,1.46
ip_shuffle,20260618T125148_435758,of:0000000000000005:1 -> of:000000000000000c:5,0.002,0.0025,0.002,0.002,1.8,2026-06-18T12:51:48,0.001,1.63
ip_shuffle,20260618T125148_435758,of:000000000000000a:1 -> of:000000000000000d:6,0.002,0.0025,0.002,0.002,1.7,2026-06-18T12:51:48,0.002,1.66
ip_shuffle,20260618T125148_435758,of:000000000000000b:2 -> of:000000000000000c:2,0.002,0.0025,0.002,0.002,2.13,2026-06-18T12:51:48,0.002,2.13
ip_shuffle,20260618T125148_435758,of:0000000000000004:2 -> of:0000000000000009:2,0.002,0.0025,0.002,0.002,2.23,2026-06-18T12:51:48,0.002,2.16
ip_shuffle,20260618T125148_435758,of:0000000000000005:2 -> of:0000000000000009:3,0.002,0.0025,0.002,0.002,2.23,2026-06-18T12:51:48,0.002,2.16
ip_shuffle,20260618T125148_435758,of:000000000000000b:3 -> of:000000000000000d:2,0.002,0.0025,0.002,0.002,2.13,2026-06-18T12:51:48,0.002,2.1
ip_shuffle,20260618T125148_435758,of:0000000000000004:1 -> of:000000000000000c:4,0.002,0.0025,0.002,0.002,1.8,2026-06-18T12:51:48,0.001,1.63
ip_shuffle,20260618T125148_435758,of:000000000000000c:3 -> of:000000000000000d:3,0.002,0.0025,0.002,0.002,2.06,2026-06-18T12:51:48,0.002,2.03
ip_shuffle,20260618T125148_435758,of:0000000000000001:1 -> of:000000000000000b:1,0.002,0.0025,0.002,0.002,1.76,2026-06-18T12:51:48,0.002,1.66
ip_shuffle,20260618T125148_435758,of:0000000000000006:1 -> of:000000000000000d:4,0.002,0.0025,0.002,0.002,2.13,2026-06-18T12:51:48,0.002,2.13
ip_shuffle,20260618T125148_435758,of:0000000000000002:1 -> of:000000000000000b:4,0.002,0.0025,0.002,0.002,1.6,2026-06-18T12:51:48,0.002,1.76
ip_shuffle,20260618T125148_435758,of:0000000000000001:3 -> of:000000000000000d:1,0.003,0.00375,0.003,0.003,2.96,2026-06-18T12:51:48,0.003,3.0
ip_shuffle,20260618T125148_435758,of:0000000000000006:2 -> of:000000000000000a:2,0.002,0.0025,0.002,0.002,2.16,2026-06-18T12:51:48,0.002,2.23
ip_shuffle,20260618T125148_435758,of:0000000000000003:1 -> of:000000000000000b:5,0.002,0.0025,0.002,0.002,1.6,2026-06-18T12:51:48,0.002,1.76
ip_shuffle,20260618T125148_435758,of:0000000000000007:1 -> of:000000000000000d:5,0.003,0.00375,0.003,0.003,2.96,2026-06-18T12:51:48,0.002,2.8
ip_shuffle,20260618T125148_435758,of:0000000000000007:2 -> of:000000000000000a:3,0.002,0.0025,0.002,0.002,2.13,2026-06-18T12:51:48,0.002,2.13
ip_shuffle,20260618T125148_435758,of:0000000000000002:2 -> of:0000000000000008:2,0.002,0.0025,0.002,0.002,2.03,2026-06-18T12:51:48,0.002,2.1
ip_shuffle,20260618T125148_435758,of:0000000000000008:1 -> of:000000000000000b:6,0.002,0.0025,0.002,0.002,1.76,2026-06-18T12:51:48,0.002,1.76
ip_shuffle,20260618T125148_435758,of:0000000000000009:1 -> of:000000000000000c:6,0.002,0.0025,0.002,0.002,1.7,2026-06-18T12:51:48,0.002,1.7
ip_shuffle,20260618T125148_435758,of:0000000000000001:2 -> of:000000000000000c:1,0.002,0.0025,0.002,0.002,1.76,2026-06-18T12:51:48,0.002,1.6
ip_shuffle,20260618T125148_435758,of:0000000000000003:2 -> of:0000000000000008:3,0.002,0.0025,0.002,0.002,2.03,2026-06-18T12:51:48,0.002,2.1
route_mutation,20260618T125253_629184,of:0000000000000005:1 -> of:000000000000000c:5,0.002,0.0025,0.002,0.002,2.43,2026-06-18T12:52:53,0.002,2.46
route_mutation,20260618T125253_629184,of:000000000000000a:1 -> of:000000000000000d:6,0.002,0.0025,0.002,0.002,1.6,2026-06-18T12:52:53,0.002,1.6
route_mutation,20260618T125253_629184,of:000000000000000b:2 -> of:000000000000000c:2,0.002,0.0025,0.002,0.002,1.93,2026-06-18T12:52:53,0.002,1.93
route_mutation,20260618T125253_629184,of:0000000000000004:2 -> of:0000000000000009:2,0.002,0.0025,0.002,0.002,2.26,2026-06-18T12:52:53,0.002,2.13
route_mutation,20260618T125253_629184,of:0000000000000005:2 -> of:0000000000000009:3,0.002,0.0025,0.002,0.002,1.96,2026-06-18T12:52:53,0.002,1.9
route_mutation,20260618T125253_629184,of:000000000000000b:3 -> of:000000000000000d:2,0.002,0.0025,0.002,0.002,1.93,2026-06-18T12:52:53,0.002,1.93
route_mutation,20260618T125253_629184,of:0000000000000004:1 -> of:000000000000000c:4,0.002,0.0025,0.002,0.002,2.73,2026-06-18T12:52:53,0.002,2.53
route_mutation,20260618T125253_629184,of:000000000000000c:3 -> of:000000000000000d:3,0.002,0.0025,0.002,0.002,2.0,2026-06-18T12:52:53,0.002,2.0
route_mutation,20260618T125253_629184,of:0000000000000001:1 -> of:000000000000000b:1,0.002,0.0025,0.002,0.002,2.23,2026-06-18T12:52:53,0.002,2.23
route_mutation,20260618T125253_629184,of:0000000000000006:1 -> of:000000000000000d:4,0.002,0.0025,0.002,0.002,2.53,2026-06-18T12:52:53,0.002,2.46
route_mutation,20260618T125253_629184,of:0000000000000002:1 -> of:000000000000000b:4,0.002,0.0025,0.002,0.002,1.86,2026-06-18T12:52:53,0.002,1.76
route_mutation,20260618T125253_629184,of:0000000000000001:3 -> of:000000000000000d:1,0.002,0.0025,0.002,0.002,2.83,2026-06-18T12:52:53,0.002,2.73
route_mutation,20260618T125253_629184,of:0000000000000006:2 -> of:000000000000000a:2,0.002,0.0025,0.002,0.002,1.9,2026-06-18T12:52:53,0.002,1.83
route_mutation,20260618T125253_629184,of:0000000000000003:1 -> of:000000000000000b:5,0.002,0.0025,0.002,0.002,2.06,2026-06-18T12:52:53,0.002,1.83
route_mutation,20260618T125253_629184,of:0000000000000007:1 -> of:000000000000000d:5,0.002,0.0025,0.002,0.002,1.73,2026-06-18T12:52:53,0.002,1.83
route_mutation,20260618T125253_629184,of:0000000000000007:2 -> of:000000000000000a:3,0.002,0.0025,0.002,0.002,1.9,2026-06-18T12:52:53,0.002,1.9
route_mutation,20260618T125253_629184,of:0000000000000002:2 -> of:0000000000000008:2,0.002,0.0025,0.002,0.002,2.03,2026-06-18T12:52:53,0.002,1.9
route_mutation,20260618T125253_629184,of:0000000000000008:1 -> of:000000000000000b:6,0.001,0.00125,0.001,0.001,1.5,2026-06-18T12:52:53,0.001,1.53
route_mutation,20260618T125253_629184,of:0000000000000009:1 -> of:000000000000000c:6,0.002,0.0025,0.002,0.002,1.6,2026-06-18T12:52:53,0.002,1.6
route_mutation,20260618T125253_629184,of:0000000000000001:2 -> of:000000000000000c:1,0.003,0.00375,0.003,0.003,3.2,2026-06-18T12:52:53,0.003,3.26
route_mutation,20260618T125253_629184,of:0000000000000003:2 -> of:0000000000000008:3,0.002,0.0025,0.002,0.002,2.03,2026-06-18T12:52:53,0.002,1.9
route_mutation,20260618T125323_877951,of:0000000000000005:1 -> of:000000000000000c:5,0.002,0.0025,0.002,0.002,1.76,2026-06-18T12:53:23,0.001,1.6
route_mutation,20260618T125323_877951,of:000000000000000a:1 -> of:000000000000000d:6,0.002,0.0025,0.002,0.002,1.66,2026-06-18T12:53:23,0.002,1.66
route_mutation,20260618T125323_877951,of:000000000000000b:2 -> of:000000000000000c:2,0.002,0.0025,0.002,0.002,2.06,2026-06-18T12:53:23,0.002,2.06
route_mutation,20260618T125323_877951,of:0000000000000004:2 -> of:0000000000000009:2,0.002,0.0025,0.002,0.002,1.96,2026-06-18T12:53:23,0.002,2.03
route_mutation,20260618T125323_877951,of:0000000000000005:2 -> of:0000000000000009:3,0.002,0.0025,0.002,0.002,2.16,2026-06-18T12:53:23,0.002,2.1
route_mutation,20260618T125323_877951,of:000000000000000b:3 -> of:000000000000000d:2,0.002,0.0025,0.002,0.002,2.06,2026-06-18T12:53:23,0.002,2.06
route_mutation,20260618T125323_877951,of:0000000000000004:1 -> of:000000000000000c:4,0.002,0.0025,0.002,0.002,1.56,2026-06-18T12:53:23,0.002,1.66
route_mutation,20260618T125323_877951,of:000000000000000c:3 -> of:000000000000000d:3,0.002,0.0025,0.002,0.002,2.0,2026-06-18T12:53:23,0.002,2.0
route_mutation,20260618T125323_877951,of:0000000000000001:1 -> of:000000000000000b:1,0.002,0.0025,0.002,0.002,1.66,2026-06-18T12:53:23,0.002,1.63
route_mutation,20260618T125323_877951,of:0000000000000006:1 -> of:000000000000000d:4,0.002,0.0025,0.002,0.002,1.93,2026-06-18T12:53:23,0.002,1.9
route_mutation,20260618T125323_877951,of:0000000000000002:1 -> of:000000000000000b:4,0.002,0.0025,0.002,0.002,1.56,2026-06-18T12:53:23,0.002,1.73
route_mutation,20260618T125323_877951,of:0000000000000001:3 -> of:000000000000000d:1,0.003,0.00375,0.003,0.002,2.83,2026-06-18T12:53:23,0.003,2.96
route_mutation,20260618T125323_877951,of:0000000000000006:2 -> of:000000000000000a:2,0.002,0.0025,0.002,0.002,2.1,2026-06-18T12:53:23,0.002,2.16
route_mutation,20260618T125323_877951,of:0000000000000003:1 -> of:000000000000000b:5,0.002,0.0025,0.002,0.002,1.56,2026-06-18T12:53:23,0.002,1.73
route_mutation,20260618T125323_877951,of:0000000000000007:1 -> of:000000000000000d:5,0.003,0.00375,0.003,0.003,2.96,2026-06-18T12:53:23,0.002,2.8
route_mutation,20260618T125323_877951,of:0000000000000007:2 -> of:000000000000000a:3,0.002,0.0025,0.002,0.002,2.1,2026-06-18T12:53:23,0.002,2.1
route_mutation,20260618T125323_877951,of:0000000000000002:2 -> of:0000000000000008:2,0.002,0.0025,0.002,0.002,2.0,2026-06-18T12:53:23,0.002,2.06
route_mutation,20260618T125323_877951,of:0000000000000008:1 -> of:000000000000000b:6,0.002,0.0025,0.002,0.002,1.76,2026-06-18T12:53:23,0.002,1.73
route_mutation,20260618T125323_877951,of:0000000000000009:1 -> of:000000000000000c:6,0.002,0.0025,0.002,0.002,1.66,2026-06-18T12:53:23,0.002,1.66
route_mutation,20260618T125323_877951,of:0000000000000001:2 -> of:000000000000000c:1,0.002,0.0025,0.002,0.002,1.66,2026-06-18T12:53:23,0.002,1.56
route_mutation,20260618T125323_877951,of:0000000000000003:2 -> of:0000000000000008:3,0.002,0.0025,0.002,0.002,2.0,2026-06-18T12:53:23,0.002,2.06
route_mutation,20260618T125354_130424,of:0000000000000005:1 -> of:000000000000000c:5,0.002,0.0025,0.002,0.001,1.36,2026-06-18T12:53:54,0.002,1.43
route_mutation,20260618T125354_130424,of:000000000000000a:1 -> of:000000000000000d:6,0.002,0.0025,0.002,0.002,1.43,2026-06-18T12:53:54,0.002,1.43
route_mutation,20260618T125354_130424,of:000000000000000b:2 -> of:000000000000000c:2,0.002,0.0025,0.002,0.002,1.53,2026-06-18T12:53:54,0.002,1.53
route_mutation,20260618T125354_130424,of:0000000000000004:2 -> of:0000000000000009:2,0.002,0.0025,0.002,0.001,1.46,2026-06-18T12:53:54,0.002,1.53
route_mutation,20260618T125354_130424,of:0000000000000005:2 -> of:0000000000000009:3,0.002,0.0025,0.002,0.001,1.46,2026-06-18T12:53:54,0.002,1.53
route_mutation,20260618T125354_130424,of:000000000000000b:3 -> of:000000000000000d:2,0.002,0.0025,0.002,0.002,1.66,2026-06-18T12:53:54,0.002,1.66
route_mutation,20260618T125354_130424,of:0000000000000004:1 -> of:000000000000000c:4,0.002,0.0025,0.002,0.001,1.4,2026-06-18T12:53:54,0.002,1.46
route_mutation,20260618T125354_130424,of:000000000000000c:3 -> of:000000000000000d:3,0.002,0.0025,0.002,0.002,1.53,2026-06-18T12:53:54,0.002,1.53
route_mutation,20260618T125354_130424,of:0000000000000001:1 -> of:000000000000000b:1,0.003,0.00375,0.003,0.003,3.13,2026-06-18T12:53:54,0.003,3.13
route_mutation,20260618T125354_130424,of:0000000000000006:1 -> of:000000000000000d:4,0.002,0.0025,0.002,0.002,1.63,2026-06-18T12:53:54,0.002,1.7
route_mutation,20260618T125354_130424,of:0000000000000002:1 -> of:000000000000000b:4,0.002,0.0025,0.002,0.002,2.53,2026-06-18T12:53:54,0.002,2.53
route_mutation,20260618T125354_130424,of:0000000000000001:3 -> of:000000000000000d:1,0.002,0.0025,0.002,0.002,1.56,2026-06-18T12:53:54,0.002,1.56
route_mutation,20260618T125354_130424,of:0000000000000006:2 -> of:000000000000000a:2,0.002,0.0025,0.002,0.002,1.53,2026-06-18T12:53:54,0.002,1.53
route_mutation,20260618T125354_130424,of:0000000000000003:1 -> of:000000000000000b:5,0.002,0.0025,0.002,0.002,2.13,2026-06-18T12:53:54,0.002,2.2
route_mutation,20260618T125354_130424,of:0000000000000007:1 -> of:000000000000000d:5,0.002,0.0025,0.002,0.001,1.36,2026-06-18T12:53:54,0.002,1.43
route_mutation,20260618T125354_130424,of:0000000000000007:2 -> of:000000000000000a:3,0.002,0.0025,0.002,0.002,1.53,2026-06-18T12:53:54,0.002,1.53
route_mutation,20260618T125354_130424,of:0000000000000002:2 -> of:0000000000000008:2,0.002,0.0025,0.002,0.001,1.46,2026-06-18T12:53:54,0.002,1.53
route_mutation,20260618T125354_130424,of:0000000000000008:1 -> of:000000000000000b:6,0.002,0.0025,0.002,0.002,1.43,2026-06-18T12:53:54,0.002,1.43
route_mutation,20260618T125354_130424,of:0000000000000009:1 -> of:000000000000000c:6,0.002,0.0025,0.002,0.002,1.43,2026-06-18T12:53:54,0.002,1.43
route_mutation,20260618T125354_130424,of:0000000000000001:2 -> of:000000000000000c:1,0.002,0.0025,0.002,0.002,1.43,2026-06-18T12:53:54,0.002,1.43
route_mutation,20260618T125354_130424,of:0000000000000003:2 -> of:0000000000000008:3,0.002,0.0025,0.002,0.001,1.46,2026-06-18T12:53:54,0.002,1.53
ip_shuffle,20260618T125424_357989,of:0000000000000005:1 -> of:000000000000000c:5,0.002,0.0025,0.002,0.002,2.33,2026-06-18T12:54:24,0.002,2.46
ip_shuffle,20260618T125424_357989,of:000000000000000a:1 -> of:000000000000000d:6,0.002,0.0025,0.002,0.002,1.56,2026-06-18T12:54:24,0.002,1.6
ip_shuffle,20260618T125424_357989,of:000000000000000b:2 -> of:000000000000000c:2,0.002,0.0025,0.002,0.002,1.96,2026-06-18T12:54:24,0.002,1.96
ip_shuffle,20260618T125424_357989,of:0000000000000004:2 -> of:0000000000000009:2,0.002,0.0025,0.002,0.002,2.06,2026-06-18T12:54:24,0.002,1.93
ip_shuffle,20260618T125424_357989,of:0000000000000005:2 -> of:0000000000000009:3,0.002,0.0025,0.002,0.002,1.83,2026-06-18T12:54:24,0.002,1.83
ip_shuffle,20260618T125424_357989,of:000000000000000b:3 -> of:000000000000000d:2,0.002,0.0025,0.002,0.002,1.96,2026-06-18T12:54:24,0.002,1.96
ip_shuffle,20260618T125424_357989,of:0000000000000004:1 -> of:000000000000000c:4,0.002,0.0025,0.002,0.002,2.53,2026-06-18T12:54:24,0.002,2.36
ip_shuffle,20260618T125424_357989,of:000000000000000c:3 -> of:000000000000000d:3,0.002,0.0025,0.002,0.002,2.0,2026-06-18T12:54:24,0.002,2.0
ip_shuffle,20260618T125424_357989,of:0000000000000001:1 -> of:000000000000000b:1,0.002,0.0025,0.002,0.002,1.86,2026-06-18T12:54:24,0.002,1.96
ip_shuffle,20260618T125424_357989,of:0000000000000006:1 -> of:000000000000000d:4,0.002,0.0025,0.002,0.002,2.56,2026-06-18T12:54:24,0.002,2.6
ip_shuffle,20260618T125424_357989,of:0000000000000002:1 -> of:000000000000000b:4,0.002,0.0025,0.002,0.002,1.66,2026-06-18T12:54:24,0.002,1.56
ip_shuffle,20260618T125424_357989,of:0000000000000001:3 -> of:000000000000000d:1,0.002,0.0025,0.002,0.002,2.8,2026-06-18T12:54:24,0.002,2.73
ip_shuffle,20260618T125424_357989,of:0000000000000006:2 -> of:000000000000000a:2,0.002,0.0025,0.002,0.002,1.86,2026-06-18T12:54:24,0.002,1.86
ip_shuffle,20260618T125424_357989,of:0000000000000003:1 -> of:000000000000000b:5,0.002,0.0025,0.002,0.002,2.03,2026-06-18T12:54:24,0.002,1.83
ip_shuffle,20260618T125424_357989,of:0000000000000007:1 -> of:000000000000000d:5,0.002,0.0025,0.002,0.002,1.6,2026-06-18T12:54:24,0.002,1.66
ip_shuffle,20260618T125424_357989,of:0000000000000007:2 -> of:000000000000000a:3,0.002,0.0025,0.002,0.002,1.86,2026-06-18T12:54:24,0.002,1.86
ip_shuffle,20260618T125424_357989,of:0000000000000002:2 -> of:0000000000000008:2,0.002,0.0025,0.002,0.002,2.03,2026-06-18T12:54:24,0.002,1.9
ip_shuffle,20260618T125424_357989,of:0000000000000008:1 -> of:000000000000000b:6,0.002,0.0025,0.002,0.002,1.56,2026-06-18T12:54:24,0.002,1.56
ip_shuffle,20260618T125424_357989,of:0000000000000009:1 -> of:000000000000000c:6,0.002,0.0025,0.002,0.002,1.56,2026-06-18T12:54:24,0.002,1.6
ip_shuffle,20260618T125424_357989,of:0000000000000001:2 -> of:000000000000000c:1,0.003,0.00375,0.003,0.003,3.19,2026-06-18T12:54:24,0.003,3.26
ip_shuffle,20260618T125424_357989,of:0000000000000003:2 -> of:0000000000000008:3,0.002,0.0025,0.002,0.002,2.06,2026-06-18T12:54:24,0.002,1.93
ip_shuffle,20260618T125528_559390,of:0000000000000005:1 -> of:000000000000000c:5,0.002,0.0025,0.002,0.002,1.56,2026-06-18T12:55:28,0.002,1.53
ip_shuffle,20260618T125528_559390,of:000000000000000a:1 -> of:000000000000000d:6,0.002,0.0025,0.002,0.002,1.56,2026-06-18T12:55:28,0.002,1.56
ip_shuffle,20260618T125528_559390,of:000000000000000b:2 -> of:000000000000000c:2,0.002,0.0025,0.002,0.002,1.73,2026-06-18T12:55:28,0.002,1.73
ip_shuffle,20260618T125528_559390,of:0000000000000004:2 -> of:0000000000000009:2,0.002,0.0025,0.002,0.002,1.66,2026-06-18T12:55:28,0.002,1.73
ip_shuffle,20260618T125528_559390,of:0000000000000005:2 -> of:0000000000000009:3,0.002,0.0025,0.002,0.002,1.7,2026-06-18T12:55:28,0.002,1.76
ip_shuffle,20260618T125528_559390,of:000000000000000b:3 -> of:000000000000000d:2,0.002,0.0025,0.002,0.002,1.83,2026-06-18T12:55:28,0.002,1.83
ip_shuffle,20260618T125528_559390,of:0000000000000004:1 -> of:000000000000000c:4,0.002,0.0025,0.002,0.002,1.56,2026-06-18T12:55:28,0.002,1.56
ip_shuffle,20260618T125528_559390,of:000000000000000c:3 -> of:000000000000000d:3,0.002,0.0025,0.002,0.002,1.73,2026-06-18T12:55:28,0.002,1.73
ip_shuffle,20260618T125528_559390,of:0000000000000001:1 -> of:000000000000000b:1,0.003,0.00375,0.003,0.003,3.6,2026-06-18T12:55:28,0.003,3.6
ip_shuffle,20260618T125528_559390,of:0000000000000006:1 -> of:000000000000000d:4,0.002,0.0025,0.002,0.002,2.43,2026-06-18T12:55:28,0.002,2.5
ip_shuffle,20260618T125528_559390,of:0000000000000002:1 -> of:000000000000000b:4,0.003,0.00375,0.003,0.003,2.86,2026-06-18T12:55:28,0.003,2.86
ip_shuffle,20260618T125528_559390,of:0000000000000001:3 -> of:000000000000000d:1,0.002,0.0025,0.002,0.002,2.4,2026-06-18T12:55:28,0.002,2.4
ip_shuffle,20260618T125528_559390,of:0000000000000006:2 -> of:000000000000000a:2,0.002,0.0025,0.002,0.002,1.73,2026-06-18T12:55:28,0.002,1.73
ip_shuffle,20260618T125528_559390,of:0000000000000003:1 -> of:000000000000000b:5,0.002,0.0025,0.002,0.002,2.3,2026-06-18T12:55:28,0.002,2.36
ip_shuffle,20260618T125528_559390,of:0000000000000007:1 -> of:000000000000000d:5,0.002,0.0025,0.002,0.002,2.06,2026-06-18T12:55:28,0.002,2.13
ip_shuffle,20260618T125528_559390,of:0000000000000007:2 -> of:000000000000000a:3,0.002,0.0025,0.002,0.002,1.73,2026-06-18T12:55:28,0.002,1.73
ip_shuffle,20260618T125528_559390,of:0000000000000002:2 -> of:0000000000000008:2,0.002,0.0025,0.002,0.002,1.73,2026-06-18T12:55:28,0.002,1.73
ip_shuffle,20260618T125528_559390,of:0000000000000008:1 -> of:000000000000000b:6,0.002,0.0025,0.002,0.002,1.53,2026-06-18T12:55:28,0.002,1.53
ip_shuffle,20260618T125528_559390,of:0000000000000009:1 -> of:000000000000000c:6,0.002,0.0025,0.002,0.002,1.53,2026-06-18T12:55:28,0.002,1.53
ip_shuffle,20260618T125528_559390,of:0000000000000001:2 -> of:000000000000000c:1,0.002,0.0025,0.002,0.002,1.56,2026-06-18T12:55:28,0.002,1.56
ip_shuffle,20260618T125528_559390,of:0000000000000003:2 -> of:0000000000000008:3,0.002,0.0025,0.002,0.002,1.66,2026-06-18T12:55:28,0.002,1.73
route_mutation,20260618T125626_145288,of:0000000000000005:1 -> of:000000000000000c:5,0.002,0.0025,0.002,0.002,1.73,2026-06-18T12:56:26,0.002,1.73
route_mutation,20260618T125626_145288,of:000000000000000a:1 -> of:000000000000000d:6,0.002,0.0025,0.002,0.002,1.73,2026-06-18T12:56:26,0.002,1.73
route_mutation,20260618T125626_145288,of:000000000000000b:2 -> of:000000000000000c:2,0.002,0.0025,0.002,0.002,2.13,2026-06-18T12:56:26,0.002,2.13
route_mutation,20260618T125626_145288,of:0000000000000004:2 -> of:0000000000000009:2,0.002,0.0025,0.002,0.002,2.13,2026-06-18T12:56:26,0.002,2.2
route_mutation,20260618T125626_145288,of:0000000000000005:2 -> of:0000000000000009:3,0.002,0.0025,0.002,0.002,2.2,2026-06-18T12:56:26,0.002,2.2
route_mutation,20260618T125626_145288,of:000000000000000b:3 -> of:000000000000000d:2,0.002,0.0025,0.002,0.002,2.13,2026-06-18T12:56:26,0.002,2.13
route_mutation,20260618T125626_145288,of:0000000000000004:1 -> of:000000000000000c:4,0.002,0.0025,0.002,0.002,1.66,2026-06-18T12:56:26,0.002,1.73
route_mutation,20260618T125626_145288,of:000000000000000c:3 -> of:000000000000000d:3,0.002,0.0025,0.002,0.002,2.13,2026-06-18T12:56:26,0.002,2.13
route_mutation,20260618T125626_145288,of:0000000000000001:1 -> of:000000000000000b:1,0.002,0.0025,0.002,0.002,1.73,2026-06-18T12:56:26,0.002,1.7
route_mutation,20260618T125626_145288,of:0000000000000006:1 -> of:000000000000000d:4,0.002,0.0025,0.002,0.002,2.53,2026-06-18T12:56:26,0.002,2.4
route_mutation,20260618T125626_145288,of:0000000000000002:1 -> of:000000000000000b:4,0.002,0.0025,0.002,0.002,1.66,2026-06-18T12:56:26,0.002,1.73
route_mutation,20260618T125626_145288,of:0000000000000001:3 -> of:000000000000000d:1,0.003,0.00375,0.003,0.003,3.46,2026-06-18T12:56:26,0.003,3.46
route_mutation,20260618T125626_145288,of:0000000000000006:2 -> of:000000000000000a:2,0.002,0.0025,0.002,0.002,2.2,2026-06-18T12:56:26,0.002,2.2
route_mutation,20260618T125626_145288,of:0000000000000003:1 -> of:000000000000000b:5,0.002,0.0025,0.002,0.002,1.66,2026-06-18T12:56:26,0.002,1.73
route_mutation,20260618T125626_145288,of:0000000000000007:1 -> of:000000000000000d:5,0.003,0.00375,0.003,0.003,2.96,2026-06-18T12:56:26,0.002,2.8
route_mutation,20260618T125626_145288,of:0000000000000007:2 -> of:000000000000000a:3,0.002,0.0025,0.002,0.002,2.2,2026-06-18T12:56:26,0.002,2.2
route_mutation,20260618T125626_145288,of:0000000000000002:2 -> of:0000000000000008:2,0.002,0.0025,0.002,0.002,2.13,2026-06-18T12:56:26,0.002,2.2
route_mutation,20260618T125626_145288,of:0000000000000008:1 -> of:000000000000000b:6,0.002,0.0025,0.002,0.002,1.73,2026-06-18T12:56:26,0.002,1.73
route_mutation,20260618T125626_145288,of:0000000000000009:1 -> of:000000000000000c:6,0.002,0.0025,0.002,0.002,1.73,2026-06-18T12:56:26,0.002,1.73
route_mutation,20260618T125626_145288,of:0000000000000001:2 -> of:000000000000000c:1,0.002,0.0025,0.002,0.002,1.73,2026-06-18T12:56:26,0.002,1.7
route_mutation,20260618T125626_145288,of:0000000000000003:2 -> of:0000000000000008:3,0.002,0.0025,0.002,0.002,2.13,2026-06-18T12:56:26,0.002,2.2
route_mutation,20260618T125656_388536,of:0000000000000005:1 -> of:000000000000000c:5,0.001,0.00125,0.001,0.001,1.3,2026-06-18T12:56:56,0.001,1.33
route_mutation,20260618T125656_388536,of:000000000000000a:1 -> of:000000000000000d:6,0.001,0.00125,0.001,0.001,1.33,2026-06-18T12:56:56,0.001,1.33
route_mutation,20260618T125656_388536,of:000000000000000b:2 -> of:000000000000000c:2,0.001,0.00125,0.001,0.001,1.33,2026-06-18T12:56:56,0.001,1.33
route_mutation,20260618T125656_388536,of:0000000000000004:2 -> of:0000000000000009:2,0.001,0.00125,0.001,0.001,1.27,2026-06-18T12:56:56,0.001,1.33
route_mutation,20260618T125656_388536,of:0000000000000005:2 -> of:0000000000000009:3,0.001,0.00125,0.001,0.001,1.23,2026-06-18T12:56:56,0.001,1.36
route_mutation,20260618T125656_388536,of:000000000000000b:3 -> of:000000000000000d:2,0.001,0.00125,0.001,0.001,1.33,2026-06-18T12:56:56,0.001,1.33
route_mutation,20260618T125656_388536,of:0000000000000004:1 -> of:000000000000000c:4,0.001,0.00125,0.001,0.001,1.33,2026-06-18T12:56:56,0.001,1.33
route_mutation,20260618T125656_388536,of:000000000000000c:3 -> of:000000000000000d:3,0.001,0.00125,0.001,0.001,1.33,2026-06-18T12:56:56,0.001,1.33
route_mutation,20260618T125656_388536,of:0000000000000001:1 -> of:000000000000000b:1,0.002,0.0025,0.002,0.002,1.73,2026-06-18T12:56:56,0.002,1.73
route_mutation,20260618T125656_388536,of:0000000000000006:1 -> of:000000000000000d:4,0.001,0.00125,0.001,0.001,1.27,2026-06-18T12:56:56,0.001,1.33
route_mutation,20260618T125656_388536,of:0000000000000002:1 -> of:000000000000000b:4,0.002,0.0025,0.002,0.002,1.73,2026-06-18T12:56:56,0.002,1.73
route_mutation,20260618T125656_388536,of:0000000000000001:3 -> of:000000000000000d:1,0.001,0.00125,0.001,0.001,1.33,2026-06-18T12:56:56,0.001,1.33
route_mutation,20260618T125656_388536,of:0000000000000006:2 -> of:000000000000000a:2,0.001,0.00125,0.001,0.001,1.33,2026-06-18T12:56:56,0.001,1.33
route_mutation,20260618T125656_388536,of:0000000000000003:1 -> of:000000000000000b:5,0.001,0.00125,0.001,0.001,1.27,2026-06-18T12:56:56,0.001,1.33
route_mutation,20260618T125656_388536,of:0000000000000007:1 -> of:000000000000000d:5,0.002,0.0025,0.002,0.001,1.3,2026-06-18T12:56:56,0.002,1.4
route_mutation,20260618T125656_388536,of:0000000000000007:2 -> of:000000000000000a:3,0.001,0.00125,0.001,0.001,1.33,2026-06-18T12:56:56,0.001,1.33
route_mutation,20260618T125656_388536,of:0000000000000002:2 -> of:0000000000000008:2,0.001,0.00125,0.001,0.001,1.33,2026-06-18T12:56:56,0.001,1.33
route_mutation,20260618T125656_388536,of:0000000000000008:1 -> of:000000000000000b:6,0.001,0.00125,0.001,0.001,1.33,2026-06-18T12:56:56,0.001,1.33
route_mutation,20260618T125656_388536,of:0000000000000009:1 -> of:000000000000000c:6,0.001,0.00125,0.001,0.001,1.33,2026-06-18T12:56:56,0.001,1.33
route_mutation,20260618T125656_388536,of:0000000000000001:2 -> of:000000000000000c:1,0.001,0.00125,0.001,0.001,1.33,2026-06-18T12:56:56,0.001,1.33
route_mutation,20260618T125656_388536,of:0000000000000003:2 -> of:0000000000000008:3,0.001,0.00125,0.001,0.001,1.27,2026-06-18T12:56:56,0.001,1.33
route_mutation,20260618T125726_722710,of:0000000000000005:1 -> of:000000000000000c:5,0.002,0.0025,0.002,0.002,2.13,2026-06-18T12:57:26,0.002,2.16
route_mutation,20260618T125726_722710,of:000000000000000a:1 -> of:000000000000000d:6,0.002,0.0025,0.002,0.002,1.53,2026-06-18T12:57:26,0.002,1.53
route_mutation,20260618T125726_722710,of:000000000000000b:2 -> of:000000000000000c:2,0.002,0.0025,0.002,0.002,1.73,2026-06-18T12:57:26,0.002,1.73
route_mutation,20260618T125726_722710,of:0000000000000004:2 -> of:0000000000000009:2,0.002,0.0025,0.002,0.002,1.73,2026-06-18T12:57:26,0.001,1.6
route_mutation,20260618T125726_722710,of:0000000000000005:2 -> of:0000000000000009:3,0.002,0.0025,0.002,0.002,1.7,2026-06-18T12:57:26,0.001,1.56
route_mutation,20260618T125726_722710,of:000000000000000b:3 -> of:000000000000000d:2,0.002,0.0025,0.002,0.002,1.9,2026-06-18T12:57:26,0.002,1.9
route_mutation,20260618T125726_722710,of:0000000000000004:1 -> of:000000000000000c:4,0.002,0.0025,0.002,0.002,2.26,2026-06-18T12:57:26,0.002,2.26
route_mutation,20260618T125726_722710,of:000000000000000c:3 -> of:000000000000000d:3,0.002,0.0025,0.002,0.002,1.73,2026-06-18T12:57:26,0.002,1.73
route_mutation,20260618T125726_722710,of:0000000000000001:1 -> of:000000000000000b:1,0.003,0.00375,0.003,0.003,3.06,2026-06-18T12:57:26,0.003,3.06
route_mutation,20260618T125726_722710,of:0000000000000006:1 -> of:000000000000000d:4,0.002,0.0025,0.002,0.002,1.8,2026-06-18T12:57:26,0.002,1.86
route_mutation,20260618T125726_722710,of:0000000000000002:1 -> of:000000000000000b:4,0.002,0.0025,0.002,0.002,2.2,2026-06-18T12:57:26,0.002,2.2
route_mutation,20260618T125726_722710,of:0000000000000001:3 -> of:000000000000000d:1,0.002,0.0025,0.002,0.002,1.73,2026-06-18T12:57:26,0.002,1.73
route_mutation,20260618T125726_722710,of:0000000000000006:2 -> of:000000000000000a:2,0.002,0.0025,0.002,0.002,1.66,2026-06-18T12:57:26,0.002,1.73
route_mutation,20260618T125726_722710,of:0000000000000003:1 -> of:000000000000000b:5,0.002,0.0025,0.002,0.002,2.56,2026-06-18T12:57:26,0.002,2.5
route_mutation,20260618T125726_722710,of:0000000000000007:1 -> of:000000000000000d:5,0.002,0.0025,0.002,0.001,1.46,2026-06-18T12:57:26,0.002,1.53
route_mutation,20260618T125726_722710,of:0000000000000007:2 -> of:000000000000000a:3,0.002,0.0025,0.002,0.002,1.66,2026-06-18T12:57:26,0.002,1.73
route_mutation,20260618T125726_722710,of:0000000000000002:2 -> of:0000000000000008:2,0.002,0.0025,0.002,0.002,1.66,2026-06-18T12:57:26,0.001,1.6
route_mutation,20260618T125726_722710,of:0000000000000008:1 -> of:000000000000000b:6,0.001,0.00125,0.001,0.001,1.46,2026-06-18T12:57:26,0.001,1.46
route_mutation,20260618T125726_722710,of:0000000000000009:1 -> of:000000000000000c:6,0.001,0.00125,0.001,0.001,1.46,2026-06-18T12:57:26,0.001,1.46
route_mutation,20260618T125726_722710,of:0000000000000001:2 -> of:000000000000000c:1,0.003,0.00375,0.003,0.003,2.96,2026-06-18T12:57:26,0.003,2.96
route_mutation,20260618T125726_722710,of:0000000000000003:2 -> of:0000000000000008:3,0.002,0.0025,0.002,0.002,1.73,2026-06-18T12:57:26,0.001,1.6
route_mutation,20260618T125756_947159,of:0000000000000005:1 -> of:000000000000000c:5,0.002,0.0025,0.002,0.002,2.03,2026-06-18T12:57:56,0.002,1.96
route_mutation,20260618T125756_947159,of:000000000000000a:1 -> of:000000000000000d:6,0.002,0.0025,0.002,0.002,1.8,2026-06-18T12:57:56,0.002,1.8
route_mutation,20260618T125756_947159,of:000000000000000b:2 -> of:000000000000000c:2,0.002,0.0025,0.002,0.002,2.4,2026-06-18T12:57:56,0.002,2.4
route_mutation,20260618T125756_947159,of:0000000000000004:2 -> of:0000000000000009:2,0.002,0.0025,0.002,0.002,2.46,2026-06-18T12:57:56,0.002,2.53
route_mutation,20260618T125756_947159,of:0000000000000005:2 -> of:0000000000000009:3,0.002,0.0025,0.002,0.002,2.53,2026-06-18T12:57:56,0.002,2.53
route_mutation,20260618T125756_947159,of:000000000000000b:3 -> of:000000000000000d:2,0.002,0.0025,0.002,0.002,2.4,2026-06-18T12:57:56,0.002,2.4
route_mutation,20260618T125756_947159,of:0000000000000004:1 -> of:000000000000000c:4,0.002,0.0025,0.002,0.002,1.86,2026-06-18T12:57:56,0.002,1.86
route_mutation,20260618T125756_947159,of:000000000000000c:3 -> of:000000000000000d:3,0.002,0.0025,0.002,0.002,2.4,2026-06-18T12:57:56,0.002,2.4
route_mutation,20260618T125756_947159,of:0000000000000001:1 -> of:000000000000000b:1,0.002,0.0025,0.002,0.002,1.86,2026-06-18T12:57:56,0.002,1.86
route_mutation,20260618T125756_947159,of:0000000000000006:1 -> of:000000000000000d:4,0.003,0.00375,0.003,0.003,3.1,2026-06-18T12:57:56,0.002,2.96
route_mutation,20260618T125756_947159,of:0000000000000002:1 -> of:000000000000000b:4,0.002,0.0025,0.002,0.002,1.86,2026-06-18T12:57:56,0.002,1.86
route_mutation,20260618T125756_947159,of:0000000000000001:3 -> of:000000000000000d:1,0.003,0.00375,0.003,0.003,4.06,2026-06-18T12:57:56,0.003,4.06
route_mutation,20260618T125756_947159,of:0000000000000006:2 -> of:000000000000000a:2,0.002,0.0025,0.002,0.002,2.46,2026-06-18T12:57:56,0.002,2.4
route_mutation,20260618T125756_947159,of:0000000000000003:1 -> of:000000000000000b:5,0.002,0.0025,0.002,0.002,1.86,2026-06-18T12:57:56,0.002,1.86
route_mutation,20260618T125756_947159,of:0000000000000007:1 -> of:000000000000000d:5,0.003,0.00375,0.003,0.003,3.3,2026-06-18T12:57:56,0.003,3.16
route_mutation,20260618T125756_947159,of:0000000000000007:2 -> of:000000000000000a:3,0.002,0.0025,0.002,0.002,2.46,2026-06-18T12:57:56,0.002,2.4
route_mutation,20260618T125756_947159,of:0000000000000002:2 -> of:0000000000000008:2,0.002,0.0025,0.002,0.002,2.46,2026-06-18T12:57:56,0.002,2.53
route_mutation,20260618T125756_947159,of:0000000000000008:1 -> of:000000000000000b:6,0.002,0.0025,0.002,0.002,1.86,2026-06-18T12:57:56,0.002,1.86
route_mutation,20260618T125756_947159,of:0000000000000009:1 -> of:000000000000000c:6,0.002,0.0025,0.002,0.002,1.86,2026-06-18T12:57:56,0.002,1.86
route_mutation,20260618T125756_947159,of:0000000000000001:2 -> of:000000000000000c:1,0.002,0.0025,0.002,0.002,1.96,2026-06-18T12:57:56,0.002,1.96
route_mutation,20260618T125756_947159,of:0000000000000003:2 -> of:0000000000000008:3,0.002,0.0025,0.002,0.002,2.46,2026-06-18T12:57:56,0.002,2.53
ip_shuffle,20260618T125827_219674,of:0000000000000005:1 -> of:000000000000000c:5,0.001,0.00125,0.001,0.001,1.3,2026-06-18T12:58:27,0.001,1.33
ip_shuffle,20260618T125827_219674,of:000000000000000a:1 -> of:000000000000000d:6,0.001,0.00125,0.001,0.001,1.33,2026-06-18T12:58:27,0.001,1.33
ip_shuffle,20260618T125827_219674,of:000000000000000b:2 -> of:000000000000000c:2,0.001,0.00125,0.001,0.001,1.33,2026-06-18T12:58:27,0.001,1.33
ip_shuffle,20260618T125827_219674,of:0000000000000004:2 -> of:0000000000000009:2,0.001,0.00125,0.001,0.001,1.3,2026-06-18T12:58:27,0.001,1.36
ip_shuffle,20260618T125827_219674,of:0000000000000005:2 -> of:0000000000000009:3,0.001,0.00125,0.001,0.001,1.23,2026-06-18T12:58:27,0.001,1.36
ip_shuffle,20260618T125827_219674,of:000000000000000b:3 -> of:000000000000000d:2,0.001,0.00125,0.001,0.001,1.33,2026-06-18T12:58:27,0.001,1.33
ip_shuffle,20260618T125827_219674,of:0000000000000004:1 -> of:000000000000000c:4,0.001,0.00125,0.001,0.001,1.36,2026-06-18T12:58:27,0.001,1.33
ip_shuffle,20260618T125827_219674,of:000000000000000c:3 -> of:000000000000000d:3,0.001,0.00125,0.001,0.001,1.33,2026-06-18T12:58:27,0.001,1.33
ip_shuffle,20260618T125827_219674,of:0000000000000001:1 -> of:000000000000000b:1,0.002,0.0025,0.002,0.002,1.76,2026-06-18T12:58:27,0.002,1.73
ip_shuffle,20260618T125827_219674,of:0000000000000006:1 -> of:000000000000000d:4,0.002,0.0025,0.002,0.001,1.36,2026-06-18T12:58:27,0.002,1.46
ip_shuffle,20260618T125827_219674,of:0000000000000002:1 -> of:000000000000000b:4,0.002,0.0025,0.002,0.002,1.73,2026-06-18T12:58:27,0.002,1.73
ip_shuffle,20260618T125827_219674,of:0000000000000001:3 -> of:000000000000000d:1,0.001,0.00125,0.001,0.001,1.33,2026-06-18T12:58:27,0.001,1.33
ip_shuffle,20260618T125827_219674,of:0000000000000006:2 -> of:000000000000000a:2,0.002,0.0025,0.002,0.002,1.43,2026-06-18T12:58:27,0.002,1.5
ip_shuffle,20260618T125827_219674,of:0000000000000003:1 -> of:000000000000000b:5,0.001,0.00125,0.001,0.001,1.3,2026-06-18T12:58:27,0.001,1.33
ip_shuffle,20260618T125827_219674,of:0000000000000007:1 -> of:000000000000000d:5,0.001,0.00125,0.001,0.001,1.3,2026-06-18T12:58:27,0.001,1.36
ip_shuffle,20260618T125827_219674,of:0000000000000007:2 -> of:000000000000000a:3,0.001,0.00125,0.001,0.001,1.33,2026-06-18T12:58:27,0.001,1.33
ip_shuffle,20260618T125827_219674,of:0000000000000002:2 -> of:0000000000000008:2,0.001,0.00125,0.001,0.001,1.33,2026-06-18T12:58:27,0.001,1.33
ip_shuffle,20260618T125827_219674,of:0000000000000008:1 -> of:000000000000000b:6,0.001,0.00125,0.001,0.001,1.33,2026-06-18T12:58:27,0.001,1.33
ip_shuffle,20260618T125827_219674,of:0000000000000009:1 -> of:000000000000000c:6,0.001,0.00125,0.001,0.001,1.33,2026-06-18T12:58:27,0.001,1.33
ip_shuffle,20260618T125827_219674,of:0000000000000001:2 -> of:000000000000000c:1,0.001,0.00125,0.001,0.001,1.33,2026-06-18T12:58:27,0.001,1.33
ip_shuffle,20260618T125827_219674,of:0000000000000003:2 -> of:0000000000000008:3,0.001,0.00125,0.001,0.001,1.26,2026-06-18T12:58:27,0.001,1.33
route_mutation,20260618T125924_822490,of:0000000000000005:1 -> of:000000000000000c:5,0.002,0.0025,0.002,0.002,1.93,2026-06-18T12:59:24,0.002,1.96
route_mutation,20260618T125924_822490,of:000000000000000a:1 -> of:000000000000000d:6,0.002,0.0025,0.002,0.002,1.86,2026-06-18T12:59:24,0.002,1.86
route_mutation,20260618T125924_822490,of:000000000000000b:2 -> of:000000000000000c:2,0.002,0.0025,0.002,0.002,2.53,2026-06-18T12:59:24,0.002,2.53
route_mutation,20260618T125924_822490,of:0000000000000004:2 -> of:0000000000000009:2,0.002,0.0025,0.002,0.002,2.5,2026-06-18T12:59:24,0.002,2.5
route_mutation,20260618T125924_822490,of:0000000000000005:2 -> of:0000000000000009:3,0.002,0.0025,0.002,0.002,2.56,2026-06-18T12:59:24,0.002,2.5
route_mutation,20260618T125924_822490,of:000000000000000b:3 -> of:000000000000000d:2,0.002,0.0025,0.002,0.002,2.53,2026-06-18T12:59:24,0.002,2.53
route_mutation,20260618T125924_822490,of:0000000000000004:1 -> of:000000000000000c:4,0.002,0.0025,0.002,0.002,1.83,2026-06-18T12:59:24,0.002,1.93
route_mutation,20260618T125924_822490,of:000000000000000c:3 -> of:000000000000000d:3,0.002,0.0025,0.002,0.002,2.53,2026-06-18T12:59:24,0.002,2.53
route_mutation,20260618T125924_822490,of:0000000000000001:1 -> of:000000000000000b:1,0.002,0.0025,0.002,0.002,1.93,2026-06-18T12:59:24,0.002,1.86
route_mutation,20260618T125924_822490,of:0000000000000006:1 -> of:000000000000000d:4,0.003,0.00375,0.003,0.003,3.39,2026-06-18T12:59:24,0.003,3.33
route_mutation,20260618T125924_822490,of:0000000000000002:1 -> of:000000000000000b:4,0.002,0.0025,0.002,0.002,1.86,2026-06-18T12:59:24,0.002,1.93
route_mutation,20260618T125924_822490,of:0000000000000001:3 -> of:000000000000000d:1,0.004,0.005,0.004,0.004,4.56,2026-06-18T12:59:24,0.004,4.53
route_mutation,20260618T125924_822490,of:0000000000000006:2 -> of:000000000000000a:2,0.002,0.0025,0.002,0.002,2.56,2026-06-18T12:59:24,0.002,2.5
route_mutation,20260618T125924_822490,of:0000000000000003:1 -> of:000000000000000b:5,0.002,0.0025,0.002,0.002,1.83,2026-06-18T12:59:24,0.002,1.93
route_mutation,20260618T125924_822490,of:0000000000000007:1 -> of:000000000000000d:5,0.003,0.00375,0.003,0.003,3.39,2026-06-18T12:59:24,0.003,3.26
route_mutation,20260618T125924_822490,of:0000000000000007:2 -> of:000000000000000a:3,0.002,0.0025,0.002,0.002,2.66,2026-06-18T12:59:24,0.002,2.53
route_mutation,20260618T125924_822490,of:0000000000000002:2 -> of:0000000000000008:2,0.002,0.0025,0.002,0.002,2.53,2026-06-18T12:59:24,0.002,2.6
route_mutation,20260618T125924_822490,of:0000000000000008:1 -> of:000000000000000b:6,0.002,0.0025,0.002,0.002,1.93,2026-06-18T12:59:24,0.002,1.93
route_mutation,20260618T125924_822490,of:0000000000000009:1 -> of:000000000000000c:6,0.002,0.0025,0.002,0.002,1.86,2026-06-18T12:59:24,0.002,1.86
route_mutation,20260618T125924_822490,of:0000000000000001:2 -> of:000000000000000c:1,0.002,0.0025,0.002,0.002,1.96,2026-06-18T12:59:24,0.002,1.9
route_mutation,20260618T125924_822490,of:0000000000000003:2 -> of:0000000000000008:3,0.002,0.0025,0.002,0.002,2.5,2026-06-18T12:59:24,0.002,2.56
ip_shuffle,20260618T125955_091314,of:0000000000000005:1 -> of:000000000000000c:5,0.001,0.00125,0.001,0.001,1.33,2026-06-18T12:59:55,0.001,1.33
ip_shuffle,20260618T125955_091314,of:000000000000000a:1 -> of:000000000000000d:6,0.001,0.00125,0.001,0.001,1.33,2026-06-18T12:59:55,0.001,1.33
ip_shuffle,20260618T125955_091314,of:000000000000000b:2 -> of:000000000000000c:2,0.001,0.00125,0.001,0.001,1.33,2026-06-18T12:59:55,0.001,1.33
ip_shuffle,20260618T125955_091314,of:0000000000000004:2 -> of:0000000000000009:2,0.002,0.0025,0.002,0.001,1.33,2026-06-18T12:59:55,0.002,1.4
ip_shuffle,20260618T125955_091314,of:0000000000000005:2 -> of:0000000000000009:3,0.002,0.0025,0.002,0.001,1.26,2026-06-18T12:59:55,0.002,1.4
ip_shuffle,20260618T125955_091314,of:000000000000000b:3 -> of:000000000000000d:2,0.001,0.00125,0.001,0.001,1.33,2026-06-18T12:59:55,0.001,1.33
ip_shuffle,20260618T125955_091314,of:0000000000000004:1 -> of:000000000000000c:4,0.002,0.0025,0.002,0.002,1.4,2026-06-18T12:59:55,0.001,1.33
ip_shuffle,20260618T125955_091314,of:000000000000000c:3 -> of:000000000000000d:3,0.001,0.00125,0.001,0.001,1.33,2026-06-18T12:59:55,0.001,1.33
ip_shuffle,20260618T125955_091314,of:0000000000000001:1 -> of:000000000000000b:1,0.002,0.0025,0.002,0.002,1.86,2026-06-18T12:59:55,0.002,1.86
ip_shuffle,20260618T125955_091314,of:0000000000000006:1 -> of:000000000000000d:4,0.001,0.00125,0.001,0.001,1.26,2026-06-18T12:59:55,0.001,1.33
ip_shuffle,20260618T125955_091314,of:0000000000000002:1 -> of:000000000000000b:4,0.002,0.0025,0.002,0.002,1.86,2026-06-18T12:59:55,0.002,1.86
ip_shuffle,20260618T125955_091314,of:0000000000000001:3 -> of:000000000000000d:1,0.001,0.00125,0.001,0.001,1.33,2026-06-18T12:59:55,0.001,1.36
ip_shuffle,20260618T125955_091314,of:0000000000000006:2 -> of:000000000000000a:2,0.002,0.0025,0.002,0.001,1.26,2026-06-18T12:59:55,0.002,1.4
ip_shuffle,20260618T125955_091314,of:0000000000000003:1 -> of:000000000000000b:5,0.002,0.0025,0.002,0.002,1.4,2026-06-18T12:59:55,0.001,1.33
ip_shuffle,20260618T125955_091314,of:0000000000000007:1 -> of:000000000000000d:5,0.001,0.00125,0.001,0.001,1.26,2026-06-18T12:59:55,0.001,1.33
ip_shuffle,20260618T125955_091314,of:0000000000000007:2 -> of:000000000000000a:3,0.001,0.00125,0.001,0.001,1.26,2026-06-18T12:59:55,0.001,1.33
ip_shuffle,20260618T125955_091314,of:0000000000000002:2 -> of:0000000000000008:2,0.001,0.00125,0.001,0.001,1.36,2026-06-18T12:59:55,0.001,1.36
ip_shuffle,20260618T125955_091314,of:0000000000000008:1 -> of:000000000000000b:6,0.001,0.00125,0.001,0.001,1.33,2026-06-18T12:59:55,0.001,1.33
ip_shuffle,20260618T125955_091314,of:0000000000000009:1 -> of:000000000000000c:6,0.001,0.00125,0.001,0.001,1.33,2026-06-18T12:59:55,0.001,1.33
ip_shuffle,20260618T125955_091314,of:0000000000000001:2 -> of:000000000000000c:1,0.001,0.00125,0.001,0.001,1.33,2026-06-18T12:59:55,0.001,1.36
ip_shuffle,20260618T125955_091314,of:0000000000000003:2 -> of:0000000000000008:3,0.002,0.0025,0.002,0.001,1.33,2026-06-18T12:59:55,0.002,1.4
route_mutation,20260618T130100_246295,of:0000000000000005:1 -> of:000000000000000c:5,0.001,0.00125,0.001,0.001,1.37,2026-06-18T13:01:00,0.001,1.33
route_mutation,20260618T130100_246295,of:000000000000000a:1 -> of:000000000000000d:6,0.001,0.00125,0.001,0.001,1.33,2026-06-18T13:01:00,0.001,1.33
route_mutation,20260618T130100_246295,of:000000000000000b:2 -> of:000000000000000c:2,0.001,0.00125,0.001,0.001,1.33,2026-06-18T13:01:00,0.001,1.33
route_mutation,20260618T130100_246295,of:0000000000000004:2 -> of:0000000000000009:2,0.002,0.0025,0.002,0.001,1.27,2026-06-18T13:01:00,0.002,1.4
route_mutation,20260618T130100_246295,of:0000000000000005:2 -> of:0000000000000009:3,0.002,0.0025,0.002,0.001,1.3,2026-06-18T13:01:00,0.002,1.43
route_mutation,20260618T130100_246295,of:000000000000000b:3 -> of:000000000000000d:2,0.001,0.00125,0.001,0.001,1.33,2026-06-18T13:01:00,0.001,1.33
route_mutation,20260618T130100_246295,of:0000000000000004:1 -> of:000000000000000c:4,0.001,0.00125,0.001,0.001,1.33,2026-06-18T13:01:00,0.001,1.33
route_mutation,20260618T130100_246295,of:000000000000000c:3 -> of:000000000000000d:3,0.001,0.00125,0.001,0.001,1.33,2026-06-18T13:01:00,0.001,1.33
route_mutation,20260618T130100_246295,of:0000000000000001:1 -> of:000000000000000b:1,0.002,0.0025,0.002,0.002,2.0,2026-06-18T13:01:00,0.002,1.96
route_mutation,20260618T130100_246295,of:0000000000000006:1 -> of:000000000000000d:4,0.001,0.00125,0.001,0.001,1.3,2026-06-18T13:01:00,0.001,1.33
route_mutation,20260618T130100_246295,of:0000000000000002:1 -> of:000000000000000b:4,0.002,0.0025,0.002,0.002,1.96,2026-06-18T13:01:00,0.002,2.0
route_mutation,20260618T130100_246295,of:0000000000000001:3 -> of:000000000000000d:1,0.002,0.0025,0.002,0.001,1.33,2026-06-18T13:01:00,0.002,1.4
route_mutation,20260618T130100_246295,of:0000000000000006:2 -> of:000000000000000a:2,0.002,0.0025,0.002,0.001,1.3,2026-06-18T13:01:00,0.002,1.43
route_mutation,20260618T130100_246295,of:0000000000000003:1 -> of:000000000000000b:5,0.002,0.0025,0.002,0.002,1.4,2026-06-18T13:01:00,0.001,1.33
route_mutation,20260618T130100_246295,of:0000000000000007:1 -> of:000000000000000d:5,0.002,0.0025,0.002,0.002,1.43,2026-06-18T13:01:00,0.002,1.47
route_mutation,20260618T130100_246295,of:0000000000000007:2 -> of:000000000000000a:3,0.002,0.0025,0.002,0.002,1.43,2026-06-18T13:01:00,0.002,1.57
route_mutation,20260618T130100_246295,of:0000000000000002:2 -> of:0000000000000008:2,0.002,0.0025,0.002,0.002,1.4,2026-06-18T13:01:00,0.002,1.4
route_mutation,20260618T130100_246295,of:0000000000000008:1 -> of:000000000000000b:6,0.001,0.00125,0.001,0.001,1.33,2026-06-18T13:01:00,0.001,1.33
route_mutation,20260618T130100_246295,of:0000000000000009:1 -> of:000000000000000c:6,0.001,0.00125,0.001,0.001,1.33,2026-06-18T13:01:00,0.001,1.33
route_mutation,20260618T130100_246295,of:0000000000000001:2 -> of:000000000000000c:1,0.002,0.0025,0.002,0.001,1.33,2026-06-18T13:01:00,0.002,1.4
route_mutation,20260618T130100_246295,of:0000000000000003:2 -> of:0000000000000008:3,0.002,0.0025,0.002,0.001,1.33,2026-06-18T13:01:00,0.002,1.4
ip_shuffle,20260618T130130_503198,of:0000000000000005:1 -> of:000000000000000c:5,0.002,0.0025,0.002,0.002,2.26,2026-06-18T13:01:30,0.002,2.33
ip_shuffle,20260618T130130_503198,of:000000000000000a:1 -> of:000000000000000d:6,0.002,0.0025,0.002,0.002,1.53,2026-06-18T13:01:30,0.002,1.53
ip_shuffle,20260618T130130_503198,of:000000000000000b:2 -> of:000000000000000c:2,0.002,0.0025,0.002,0.002,1.73,2026-06-18T13:01:30,0.002,1.73
ip_shuffle,20260618T130130_503198,of:0000000000000004:2 -> of:0000000000000009:2,0.002,0.0025,0.002,0.002,1.73,2026-06-18T13:01:30,0.002,1.66
ip_shuffle,20260618T130130_503198,of:0000000000000005:2 -> of:0000000000000009:3,0.002,0.0025,0.002,0.002,1.73,2026-06-18T13:01:30,0.002,1.73
ip_shuffle,20260618T130130_503198,of:000000000000000b:3 -> of:000000000000000d:2,0.002,0.0025,0.002,0.002,1.73,2026-06-18T13:01:30,0.002,1.73
ip_shuffle,20260618T130130_503198,of:0000000000000004:1 -> of:000000000000000c:4,0.002,0.0025,0.002,0.002,2.26,2026-06-18T13:01:30,0.002,2.26
ip_shuffle,20260618T130130_503198,of:000000000000000c:3 -> of:000000000000000d:3,0.002,0.0025,0.002,0.002,1.73,2026-06-18T13:01:30,0.002,1.73
ip_shuffle,20260618T130130_503198,of:0000000000000001:1 -> of:000000000000000b:1,0.003,0.00375,0.003,0.003,2.86,2026-06-18T13:01:30,0.003,2.96
ip_shuffle,20260618T130130_503198,of:0000000000000006:1 -> of:000000000000000d:4,0.002,0.0025,0.002,0.002,1.66,2026-06-18T13:01:30,0.002,1.76
ip_shuffle,20260618T130130_503198,of:0000000000000002:1 -> of:000000000000000b:4,0.002,0.0025,0.002,0.002,1.93,2026-06-18T13:01:30,0.002,1.83
ip_shuffle,20260618T130130_503198,of:0000000000000001:3 -> of:000000000000000d:1,0.002,0.0025,0.002,0.002,1.8,2026-06-18T13:01:30,0.002,1.63
ip_shuffle,20260618T130130_503198,of:0000000000000006:2 -> of:000000000000000a:2,0.002,0.0025,0.002,0.002,1.73,2026-06-18T13:01:30,0.002,1.66
ip_shuffle,20260618T130130_503198,of:0000000000000003:1 -> of:000000000000000b:5,0.002,0.0025,0.002,0.002,2.5,2026-06-18T13:01:30,0.002,2.5
ip_shuffle,20260618T130130_503198,of:0000000000000007:1 -> of:000000000000000d:5,0.002,0.0025,0.002,0.002,1.53,2026-06-18T13:01:30,0.001,1.46
ip_shuffle,20260618T130130_503198,of:0000000000000007:2 -> of:000000000000000a:3,0.002,0.0025,0.002,0.002,1.73,2026-06-18T13:01:30,0.002,1.66
ip_shuffle,20260618T130130_503198,of:0000000000000002:2 -> of:0000000000000008:2,0.002,0.0025,0.002,0.002,1.66,2026-06-18T13:01:30,0.002,1.66
ip_shuffle,20260618T130130_503198,of:0000000000000008:1 -> of:000000000000000b:6,0.002,0.0025,0.002,0.002,1.53,2026-06-18T13:01:30,0.002,1.53
ip_shuffle,20260618T130130_503198,of:0000000000000009:1 -> of:000000000000000c:6,0.002,0.0025,0.002,0.002,1.53,2026-06-18T13:01:30,0.002,1.53
ip_shuffle,20260618T130130_503198,of:0000000000000001:2 -> of:000000000000000c:1,0.003,0.00375,0.003,0.003,3.06,2026-06-18T13:01:30,0.003,3.06
ip_shuffle,20260618T130130_503198,of:0000000000000003:2 -> of:0000000000000008:3,0.002,0.0025,0.002,0.002,1.73,2026-06-18T13:01:30,0.002,1.66
route_mutation,20260618T130228_052138,of:0000000000000005:1 -> of:000000000000000c:5,0.002,0.0025,0.002,0.002,1.9,2026-06-18T13:02:28,0.002,1.86
route_mutation,20260618T130228_052138,of:000000000000000a:1 -> of:000000000000000d:6,0.002,0.0025,0.002,0.002,1.86,2026-06-18T13:02:28,0.002,1.86
route_mutation,20260618T130228_052138,of:000000000000000b:2 -> of:000000000000000c:2,0.002,0.0025,0.002,0.002,2.53,2026-06-18T13:02:28,0.002,2.53
route_mutation,20260618T130228_052138,of:0000000000000004:2 -> of:0000000000000009:2,0.002,0.0025,0.002,0.002,2.59,2026-06-18T13:02:28,0.002,2.53
route_mutation,20260618T130228_052138,of:0000000000000005:2 -> of:0000000000000009:3,0.002,0.0025,0.002,0.002,2.56,2026-06-18T13:02:28,0.002,2.43
route_mutation,20260618T130228_052138,of:000000000000000b:3 -> of:000000000000000d:2,0.002,0.0025,0.002,0.002,2.53,2026-06-18T13:02:28,0.002,2.53
route_mutation,20260618T130228_052138,of:0000000000000004:1 -> of:000000000000000c:4,0.002,0.0025,0.002,0.002,1.93,2026-06-18T13:02:28,0.002,1.93
route_mutation,20260618T130228_052138,of:000000000000000c:3 -> of:000000000000000d:3,0.002,0.0025,0.002,0.002,2.53,2026-06-18T13:02:28,0.002,2.53
route_mutation,20260618T130228_052138,of:0000000000000001:1 -> of:000000000000000b:1,0.002,0.0025,0.002,0.002,1.93,2026-06-18T13:02:28,0.002,1.86
route_mutation,20260618T130228_052138,of:0000000000000006:1 -> of:000000000000000d:4,0.003,0.00375,0.003,0.003,3.49,2026-06-18T13:02:28,0.003,3.36
route_mutation,20260618T130228_052138,of:0000000000000002:1 -> of:000000000000000b:4,0.002,0.0025,0.002,0.002,1.86,2026-06-18T13:02:28,0.002,1.93
route_mutation,20260618T130228_052138,of:0000000000000001:3 -> of:000000000000000d:1,0.004,0.005,0.004,0.004,4.46,2026-06-18T13:02:28,0.004,4.56
route_mutation,20260618T130228_052138,of:0000000000000006:2 -> of:000000000000000a:2,0.002,0.0025,0.002,0.002,2.56,2026-06-18T13:02:28,0.002,2.49
route_mutation,20260618T130228_052138,of:0000000000000003:1 -> of:000000000000000b:5,0.002,0.0025,0.002,0.002,1.86,2026-06-18T13:02:28,0.002,1.93
route_mutation,20260618T130228_052138,of:0000000000000007:1 -> of:000000000000000d:5,0.003,0.00375,0.003,0.003,3.29,2026-06-18T13:02:28,0.003,3.32
route_mutation,20260618T130228_052138,of:0000000000000007:2 -> of:000000000000000a:3,0.002,0.0025,0.002,0.002,2.56,2026-06-18T13:02:28,0.002,2.49
route_mutation,20260618T130228_052138,of:0000000000000002:2 -> of:0000000000000008:2,0.002,0.0025,0.002,0.002,2.53,2026-06-18T13:02:28,0.002,2.53
route_mutation,20260618T130228_052138,of:0000000000000008:1 -> of:000000000000000b:6,0.002,0.0025,0.002,0.002,1.86,2026-06-18T13:02:28,0.002,1.86
route_mutation,20260618T130228_052138,of:0000000000000009:1 -> of:000000000000000c:6,0.002,0.0025,0.002,0.002,1.86,2026-06-18T13:02:28,0.002,1.86
route_mutation,20260618T130228_052138,of:0000000000000001:2 -> of:000000000000000c:1,0.002,0.0025,0.002,0.002,1.93,2026-06-18T13:02:28,0.002,1.86
route_mutation,20260618T130228_052138,of:0000000000000003:2 -> of:0000000000000008:3,0.002,0.0025,0.002,0.002,2.53,2026-06-18T13:02:28,0.002,2.53
ip_shuffle,20260618T130258_284746,of:0000000000000005:1 -> of:000000000000000c:5,0.001,0.00125,0.001,0.001,1.37,2026-06-18T13:02:58,0.001,1.33
ip_shuffle,20260618T130258_284746,of:000000000000000a:1 -> of:000000000000000d:6,0.001,0.00125,0.001,0.001,1.33,2026-06-18T13:02:58,0.001,1.33
ip_shuffle,20260618T130258_284746,of:000000000000000b:2 -> of:000000000000000c:2,0.001,0.00125,0.001,0.001,1.33,2026-06-18T13:02:58,0.001,1.33
ip_shuffle,20260618T130258_284746,of:0000000000000004:2 -> of:0000000000000009:2,0.002,0.0025,0.002,0.001,1.37,2026-06-18T13:02:58,0.002,1.43
ip_shuffle,20260618T130258_284746,of:0000000000000005:2 -> of:0000000000000009:3,0.002,0.0025,0.002,0.001,1.37,2026-06-18T13:02:58,0.002,1.43
ip_shuffle,20260618T130258_284746,of:000000000000000b:3 -> of:000000000000000d:2,0.001,0.00125,0.001,0.001,1.33,2026-06-18T13:02:58,0.001,1.33
ip_shuffle,20260618T130258_284746,of:0000000000000004:1 -> of:000000000000000c:4,0.001,0.00125,0.001,0.001,1.37,2026-06-18T13:02:58,0.001,1.33
ip_shuffle,20260618T130258_284746,of:000000000000000c:3 -> of:000000000000000d:3,0.001,0.00125,0.001,0.001,1.33,2026-06-18T13:02:58,0.001,1.33
ip_shuffle,20260618T130258_284746,of:0000000000000001:1 -> of:000000000000000b:1,0.002,0.0025,0.002,0.002,2.1,2026-06-18T13:02:58,0.002,2.03
ip_shuffle,20260618T130258_284746,of:0000000000000006:1 -> of:000000000000000d:4,0.001,0.00125,0.001,0.001,1.3,2026-06-18T13:02:58,0.001,1.33
ip_shuffle,20260618T130258_284746,of:0000000000000002:1 -> of:000000000000000b:4,0.002,0.0025,0.002,0.002,2.03,2026-06-18T13:02:58,0.002,2.1
ip_shuffle,20260618T130258_284746,of:0000000000000001:3 -> of:000000000000000d:1,0.002,0.0025,0.002,0.001,1.33,2026-06-18T13:02:58,0.002,1.43
ip_shuffle,20260618T130258_284746,of:0000000000000006:2 -> of:000000000000000a:2,0.002,0.0025,0.002,0.001,1.3,2026-06-18T13:02:58,0.002,1.43
ip_shuffle,20260618T130258_284746,of:0000000000000003:1 -> of:000000000000000b:5,0.002,0.0025,0.002,0.002,1.43,2026-06-18T13:02:58,0.001,1.33
ip_shuffle,20260618T130258_284746,of:0000000000000007:1 -> of:000000000000000d:5,0.001,0.00125,0.001,0.001,1.3,2026-06-18T13:02:58,0.001,1.33
ip_shuffle,20260618T130258_284746,of:0000000000000007:2 -> of:000000000000000a:3,0.002,0.0025,0.002,0.001,1.3,2026-06-18T13:02:58,0.002,1.43
ip_shuffle,20260618T130258_284746,of:0000000000000002:2 -> of:0000000000000008:2,0.002,0.0025,0.002,0.002,1.43,2026-06-18T13:02:58,0.002,1.43
ip_shuffle,20260618T130258_284746,of:0000000000000008:1 -> of:000000000000000b:6,0.001,0.00125,0.001,0.001,1.33,2026-06-18T13:02:58,0.001,1.33
ip_shuffle,20260618T130258_284746,of:0000000000000009:1 -> of:000000000000000c:6,0.001,0.00125,0.001,0.001,1.33,2026-06-18T13:02:58,0.001,1.33
ip_shuffle,20260618T130258_284746,of:0000000000000001:2 -> of:000000000000000c:1,0.002,0.0025,0.002,0.001,1.33,2026-06-18T13:02:58,0.002,1.43
ip_shuffle,20260618T130258_284746,of:0000000000000003:2 -> of:0000000000000008:3,0.002,0.0025,0.002,0.001,1.37,2026-06-18T13:02:58,0.002,1.43
route_mutation,20260618T130355_848977,of:0000000000000005:1 -> of:000000000000000c:5,0.002,0.0025,0.002,0.002,1.96,2026-06-18T13:03:55,0.002,2.0
route_mutation,20260618T130355_848977,of:000000000000000a:1 -> of:000000000000000d:6,0.002,0.0025,0.002,0.002,1.96,2026-06-18T13:03:55,0.002,1.96
route_mutation,20260618T130355_848977,of:000000000000000b:2 -> of:000000000000000c:2,0.002,0.0025,0.002,0.002,2.73,2026-06-18T13:03:55,0.002,2.73
route_mutation,20260618T130355_848977,of:0000000000000004:2 -> of:0000000000000009:2,0.002,0.0025,0.002,0.002,2.7,2026-06-18T13:03:55,0.002,2.63
route_mutation,20260618T130355_848977,of:0000000000000005:2 -> of:0000000000000009:3,0.002,0.0025,0.002,0.002,2.7,2026-06-18T13:03:55,0.002,2.56
route_mutation,20260618T130355_848977,of:000000000000000b:3 -> of:000000000000000d:2,0.002,0.0025,0.002,0.002,2.73,2026-06-18T13:03:55,0.002,2.73
route_mutation,20260618T130355_848977,of:0000000000000004:1 -> of:000000000000000c:4,0.002,0.0025,0.002,0.002,1.93,2026-06-18T13:03:55,0.002,2.03
route_mutation,20260618T130355_848977,of:000000000000000c:3 -> of:000000000000000d:3,0.002,0.0025,0.002,0.002,2.73,2026-06-18T13:03:55,0.002,2.73
route_mutation,20260618T130355_848977,of:0000000000000001:1 -> of:000000000000000b:1,0.002,0.0025,0.002,0.002,2.03,2026-06-18T13:03:55,0.002,1.86
route_mutation,20260618T130355_848977,of:0000000000000006:1 -> of:000000000000000d:4,0.002,0.0025,0.002,0.002,2.9,2026-06-18T13:03:55,0.002,2.76
route_mutation,20260618T130355_848977,of:0000000000000002:1 -> of:000000000000000b:4,0.002,0.0025,0.002,0.002,1.86,2026-06-18T13:03:55,0.002,1.96
route_mutation,20260618T130355_848977,of:0000000000000001:3 -> of:000000000000000d:1,0.004,0.005,0.004,0.004,4.46,2026-06-18T13:03:55,0.004,4.63
route_mutation,20260618T130355_848977,of:0000000000000006:2 -> of:000000000000000a:2,0.002,0.0025,0.002,0.002,2.7,2026-06-18T13:03:55,0.002,2.63
route_mutation,20260618T130355_848977,of:0000000000000003:1 -> of:000000000000000b:5,0.002,0.0025,0.002,0.002,1.86,2026-06-18T13:03:55,0.002,2.03
route_mutation,20260618T130355_848977,of:0000000000000007:1 -> of:000000000000000d:5,0.003,0.00375,0.003,0.003,4.0,2026-06-18T13:03:55,0.003,4.0
route_mutation,20260618T130355_848977,of:0000000000000007:2 -> of:000000000000000a:3,0.002,0.0025,0.002,0.002,2.7,2026-06-18T13:03:55,0.002,2.63
route_mutation,20260618T130355_848977,of:0000000000000002:2 -> of:0000000000000008:2,0.002,0.0025,0.002,0.002,2.76,2026-06-18T13:03:55,0.002,2.7
route_mutation,20260618T130355_848977,of:0000000000000008:1 -> of:000000000000000b:6,0.002,0.0025,0.002,0.002,2.1,2026-06-18T13:03:55,0.002,2.1
route_mutation,20260618T130355_848977,of:0000000000000009:1 -> of:000000000000000c:6,0.002,0.0025,0.002,0.002,2.0,2026-06-18T13:03:55,0.002,2.0
route_mutation,20260618T130355_848977,of:0000000000000001:2 -> of:000000000000000c:1,0.002,0.0025,0.002,0.002,1.96,2026-06-18T13:03:55,0.002,1.86
route_mutation,20260618T130355_848977,of:0000000000000003:2 -> of:0000000000000008:3,0.002,0.0025,0.002,0.002,2.7,2026-06-18T13:03:55,0.002,2.76
route_mutation,20260618T130426_158497,of:0000000000000005:1 -> of:000000000000000c:5,0.001,0.00125,0.001,0.001,1.33,2026-06-18T13:04:26,0.001,1.33
route_mutation,20260618T130426_158497,of:000000000000000a:1 -> of:000000000000000d:6,0.001,0.00125,0.001,0.001,1.33,2026-06-18T13:04:26,0.001,1.33
route_mutation,20260618T130426_158497,of:000000000000000b:2 -> of:000000000000000c:2,0.001,0.00125,0.001,0.001,1.33,2026-06-18T13:04:26,0.001,1.33
route_mutation,20260618T130426_158497,of:0000000000000004:2 -> of:0000000000000009:2,0.002,0.0025,0.002,0.001,1.33,2026-06-18T13:04:26,0.002,1.4
route_mutation,20260618T130426_158497,of:0000000000000005:2 -> of:0000000000000009:3,0.002,0.0025,0.002,0.001,1.33,2026-06-18T13:04:26,0.002,1.4
route_mutation,20260618T130426_158497,of:000000000000000b:3 -> of:000000000000000d:2,0.001,0.00125,0.001,0.001,1.33,2026-06-18T13:04:26,0.001,1.33
route_mutation,20260618T130426_158497,of:0000000000000004:1 -> of:000000000000000c:4,0.001,0.00125,0.001,0.001,1.33,2026-06-18T13:04:26,0.001,1.33
route_mutation,20260618T130426_158497,of:000000000000000c:3 -> of:000000000000000d:3,0.001,0.00125,0.001,0.001,1.33,2026-06-18T13:04:26,0.001,1.33
route_mutation,20260618T130426_158497,of:0000000000000001:1 -> of:000000000000000b:1,0.002,0.0025,0.002,0.002,1.93,2026-06-18T13:04:26,0.002,1.93
route_mutation,20260618T130426_158497,of:0000000000000006:1 -> of:000000000000000d:4,0.001,0.00125,0.001,0.001,1.27,2026-06-18T13:04:26,0.001,1.33
route_mutation,20260618T130426_158497,of:0000000000000002:1 -> of:000000000000000b:4,0.002,0.0025,0.002,0.002,1.96,2026-06-18T13:04:26,0.002,2.0
route_mutation,20260618T130426_158497,of:0000000000000001:3 -> of:000000000000000d:1,0.001,0.00125,0.001,0.001,1.33,2026-06-18T13:04:26,0.001,1.37
route_mutation,20260618T130426_158497,of:0000000000000006:2 -> of:000000000000000a:2,0.002,0.0025,0.002,0.001,1.27,2026-06-18T13:04:26,0.002,1.4
route_mutation,20260618T130426_158497,of:0000000000000003:1 -> of:000000000000000b:5,0.002,0.0025,0.002,0.002,1.4,2026-06-18T13:04:26,0.001,1.33
route_mutation,20260618T130426_158497,of:0000000000000007:1 -> of:000000000000000d:5,0.001,0.00125,0.001,0.001,1.3,2026-06-18T13:04:26,0.001,1.33
route_mutation,20260618T130426_158497,of:0000000000000007:2 -> of:000000000000000a:3,0.002,0.0025,0.002,0.001,1.3,2026-06-18T13:04:26,0.002,1.43
route_mutation,20260618T130426_158497,of:0000000000000002:2 -> of:0000000000000008:2,0.002,0.0025,0.002,0.001,1.4,2026-06-18T13:04:26,0.002,1.5
route_mutation,20260618T130426_158497,of:0000000000000008:1 -> of:000000000000000b:6,0.002,0.0025,0.002,0.002,1.43,2026-06-18T13:04:26,0.001,1.33
route_mutation,20260618T130426_158497,of:0000000000000009:1 -> of:000000000000000c:6,0.001,0.00125,0.001,0.001,1.33,2026-06-18T13:04:26,0.001,1.33
route_mutation,20260618T130426_158497,of:0000000000000001:2 -> of:000000000000000c:1,0.001,0.00125,0.001,0.001,1.33,2026-06-18T13:04:26,0.001,1.37
route_mutation,20260618T130426_158497,of:0000000000000003:2 -> of:0000000000000008:3,0.002,0.0025,0.002,0.002,1.5,2026-06-18T13:04:26,0.002,1.5
route_mutation,20260618T130456_408451,of:0000000000000005:1 -> of:000000000000000c:5,0.002,0.0025,0.002,0.002,2.23,2026-06-18T13:04:56,0.002,2.3
route_mutation,20260618T130456_408451,of:000000000000000a:1 -> of:000000000000000d:6,0.002,0.0025,0.002,0.002,1.53,2026-06-18T13:04:56,0.002,1.53
route_mutation,20260618T130456_408451,of:000000000000000b:2 -> of:000000000000000c:2,0.002,0.0025,0.002,0.002,1.73,2026-06-18T13:04:56,0.002,1.73
route_mutation,20260618T130456_408451,of:0000000000000004:2 -> of:0000000000000009:2,0.002,0.0025,0.002,0.002,1.63,2026-06-18T13:04:56,0.002,1.7
route_mutation,20260618T130456_408451,of:0000000000000005:2 -> of:0000000000000009:3,0.002,0.0025,0.002,0.002,1.66,2026-06-18T13:04:56,0.002,1.73
route_mutation,20260618T130456_408451,of:000000000000000b:3 -> of:000000000000000d:2,0.002,0.0025,0.002,0.002,1.73,2026-06-18T13:04:56,0.002,1.73
route_mutation,20260618T130456_408451,of:0000000000000004:1 -> of:000000000000000c:4,0.002,0.0025,0.002,0.002,2.23,2026-06-18T13:04:56,0.002,2.33
route_mutation,20260618T130456_408451,of:000000000000000c:3 -> of:000000000000000d:3,0.002,0.0025,0.002,0.002,1.73,2026-06-18T13:04:56,0.002,1.73
route_mutation,20260618T130456_408451,of:0000000000000001:1 -> of:000000000000000b:1,0.003,0.00375,0.003,0.003,2.93,2026-06-18T13:04:56,0.003,3.03
route_mutation,20260618T130456_408451,of:0000000000000006:1 -> of:000000000000000d:4,0.002,0.0025,0.002,0.002,1.66,2026-06-18T13:04:56,0.002,1.7
route_mutation,20260618T130456_408451,of:0000000000000002:1 -> of:000000000000000b:4,0.002,0.0025,0.002,0.002,1.9,2026-06-18T13:04:56,0.002,1.9
route_mutation,20260618T130456_408451,of:0000000000000001:3 -> of:000000000000000d:1,0.002,0.0025,0.002,0.002,1.73,2026-06-18T13:04:56,0.002,1.66
route_mutation,20260618T130456_408451,of:0000000000000006:2 -> of:000000000000000a:2,0.002,0.0025,0.002,0.002,1.73,2026-06-18T13:04:56,0.002,1.66
route_mutation,20260618T130456_408451,of:0000000000000003:1 -> of:000000000000000b:5,0.002,0.0025,0.002,0.002,2.46,2026-06-18T13:04:56,0.002,2.5
route_mutation,20260618T130456_408451,of:0000000000000007:1 -> of:000000000000000d:5,0.002,0.0025,0.002,0.002,1.5,2026-06-18T13:04:56,0.001,1.46
route_mutation,20260618T130456_408451,of:0000000000000007:2 -> of:000000000000000a:3,0.002,0.0025,0.002,0.002,1.7,2026-06-18T13:04:56,0.002,1.63
route_mutation,20260618T130456_408451,of:0000000000000002:2 -> of:0000000000000008:2,0.002,0.0025,0.002,0.002,1.7,2026-06-18T13:04:56,0.002,1.6
route_mutation,20260618T130456_408451,of:0000000000000008:1 -> of:000000000000000b:6,0.001,0.00125,0.001,0.001,1.43,2026-06-18T13:04:56,0.001,1.46
route_mutation,20260618T130456_408451,of:0000000000000009:1 -> of:000000000000000c:6,0.002,0.0025,0.002,0.002,1.53,2026-06-18T13:04:56,0.002,1.53
route_mutation,20260618T130456_408451,of:0000000000000001:2 -> of:000000000000000c:1,0.003,0.00375,0.003,0.003,3.1,2026-06-18T13:04:56,0.003,3.1
route_mutation,20260618T130456_408451,of:0000000000000003:2 -> of:0000000000000008:3,0.002,0.0025,0.002,0.002,1.66,2026-06-18T13:04:56,0.001,1.53
ip_shuffle,20260618T130526_597565,of:0000000000000005:1 -> of:000000000000000c:5,0.002,0.0025,0.002,0.002,1.96,2026-06-18T13:05:26,0.002,1.8
ip_shuffle,20260618T130526_597565,of:000000000000000a:1 -> of:000000000000000d:6,0.002,0.0025,0.002,0.002,1.83,2026-06-18T13:05:26,0.002,1.83
ip_shuffle,20260618T130526_597565,of:000000000000000b:2 -> of:000000000000000c:2,0.002,0.0025,0.002,0.002,2.33,2026-06-18T13:05:26,0.002,2.33
ip_shuffle,20260618T130526_597565,of:0000000000000004:2 -> of:0000000000000009:2,0.002,0.0025,0.002,0.002,2.8,2026-06-18T13:05:26,0.002,2.66
ip_shuffle,20260618T130526_597565,of:0000000000000005:2 -> of:0000000000000009:3,0.002,0.0025,0.002,0.002,2.76,2026-06-18T13:05:26,0.002,2.63
ip_shuffle,20260618T130526_597565,of:000000000000000b:3 -> of:000000000000000d:2,0.002,0.0025,0.002,0.002,2.4,2026-06-18T13:05:26,0.002,2.4
ip_shuffle,20260618T130526_597565,of:0000000000000004:1 -> of:000000000000000c:4,0.002,0.0025,0.002,0.002,1.96,2026-06-18T13:05:26,0.002,1.76
ip_shuffle,20260618T130526_597565,of:000000000000000c:3 -> of:000000000000000d:3,0.002,0.0025,0.002,0.002,2.4,2026-06-18T13:05:26,0.002,2.4
ip_shuffle,20260618T130526_597565,of:0000000000000001:1 -> of:000000000000000b:1,0.002,0.0025,0.002,0.002,1.83,2026-06-18T13:05:26,0.002,1.83
ip_shuffle,20260618T130526_597565,of:0000000000000006:1 -> of:000000000000000d:4,0.002,0.0025,0.002,0.002,2.9,2026-06-18T13:05:26,0.002,2.73
ip_shuffle,20260618T130526_597565,of:0000000000000002:1 -> of:000000000000000b:4,0.002,0.0025,0.002,0.002,1.9,2026-06-18T13:05:26,0.002,1.76
ip_shuffle,20260618T130526_597565,of:0000000000000001:3 -> of:000000000000000d:1,0.003,0.00375,0.003,0.003,3.5,2026-06-18T13:05:26,0.003,3.46
ip_shuffle,20260618T130526_597565,of:0000000000000006:2 -> of:000000000000000a:2,0.002,0.0025,0.002,0.002,2.53,2026-06-18T13:05:26,0.002,2.46
ip_shuffle,20260618T130526_597565,of:0000000000000003:1 -> of:000000000000000b:5,0.002,0.0025,0.002,0.002,1.96,2026-06-18T13:05:26,0.002,1.83
ip_shuffle,20260618T130526_597565,of:0000000000000007:1 -> of:000000000000000d:5,0.002,0.0025,0.002,0.002,2.56,2026-06-18T13:05:26,0.002,2.8
ip_shuffle,20260618T130526_597565,of:0000000000000007:2 -> of:000000000000000a:3,0.002,0.0025,0.002,0.002,2.53,2026-06-18T13:05:26,0.002,2.46
ip_shuffle,20260618T130526_597565,of:0000000000000002:2 -> of:0000000000000008:2,0.002,0.0025,0.002,0.002,2.53,2026-06-18T13:05:26,0.002,2.53
ip_shuffle,20260618T130526_597565,of:0000000000000008:1 -> of:000000000000000b:6,0.002,0.0025,0.002,0.002,1.9,2026-06-18T13:05:26,0.002,1.83
ip_shuffle,20260618T130526_597565,of:0000000000000009:1 -> of:000000000000000c:6,0.002,0.0025,0.002,0.002,2.03,2026-06-18T13:05:26,0.002,1.9
ip_shuffle,20260618T130526_597565,of:0000000000000001:2 -> of:000000000000000c:1,0.002,0.0025,0.002,0.002,1.8,2026-06-18T13:05:26,0.002,1.86
ip_shuffle,20260618T130526_597565,of:0000000000000003:2 -> of:0000000000000008:3,0.002,0.0025,0.002,0.002,2.53,2026-06-18T13:05:26,0.002,2.6
route_mutation,20260618T130630_750641,of:0000000000000005:1 -> of:000000000000000c:5,0.002,0.0025,0.002,0.002,2.63,2026-06-18T13:06:30,0.002,2.4
route_mutation,20260618T130630_750641,of:000000000000000a:1 -> of:000000000000000d:6,0.002,0.0025,0.002,0.002,1.86,2026-06-18T13:06:30,0.002,1.86
route_mutation,20260618T130630_750641,of:000000000000000b:2 -> of:000000000000000c:2,0.002,0.0025,0.002,0.002,2.4,2026-06-18T13:06:30,0.002,2.4
route_mutation,20260618T130630_750641,of:0000000000000004:2 -> of:0000000000000009:2,0.002,0.0025,0.002,0.002,2.73,2026-06-18T13:06:30,0.002,2.66
route_mutation,20260618T130630_750641,of:0000000000000005:2 -> of:0000000000000009:3,0.002,0.0025,0.002,0.002,2.73,2026-06-18T13:06:30,0.002,2.66
route_mutation,20260618T130630_750641,of:000000000000000b:3 -> of:000000000000000d:2,0.002,0.0025,0.002,0.002,2.46,2026-06-18T13:06:30,0.002,2.46
route_mutation,20260618T130630_750641,of:0000000000000004:1 -> of:000000000000000c:4,0.002,0.0025,0.002,0.002,2.06,2026-06-18T13:06:30,0.002,1.83
route_mutation,20260618T130630_750641,of:000000000000000c:3 -> of:000000000000000d:3,0.002,0.0025,0.002,0.002,2.46,2026-06-18T13:06:30,0.002,2.46
route_mutation,20260618T130630_750641,of:0000000000000001:1 -> of:000000000000000b:1,0.002,0.0025,0.002,0.002,1.8,2026-06-18T13:06:30,0.002,1.9
route_mutation,20260618T130630_750641,of:0000000000000006:1 -> of:000000000000000d:4,0.003,0.00375,0.003,0.003,3.13,2026-06-18T13:06:30,0.003,3.03
route_mutation,20260618T130630_750641,of:0000000000000002:1 -> of:000000000000000b:4,0.002,0.0025,0.002,0.002,1.9,2026-06-18T13:06:30,0.002,1.8
route_mutation,20260618T130630_750641,of:0000000000000001:3 -> of:000000000000000d:1,0.003,0.00375,0.003,0.003,3.79,2026-06-18T13:06:30,0.003,3.73
route_mutation,20260618T130630_750641,of:0000000000000006:2 -> of:000000000000000a:2,0.002,0.0025,0.002,0.002,2.63,2026-06-18T13:06:30,0.002,2.56
route_mutation,20260618T130630_750641,of:0000000000000003:1 -> of:000000000000000b:5,0.002,0.0025,0.002,0.002,2.03,2026-06-18T13:06:30,0.002,1.86
route_mutation,20260618T130630_750641,of:0000000000000007:1 -> of:000000000000000d:5,0.002,0.0025,0.002,0.002,2.76,2026-06-18T13:06:30,0.002,2.96
route_mutation,20260618T130630_750641,of:0000000000000007:2 -> of:000000000000000a:3,0.002,0.0025,0.002,0.002,2.63,2026-06-18T13:06:30,0.002,2.56
route_mutation,20260618T130630_750641,of:0000000000000002:2 -> of:0000000000000008:2,0.002,0.0025,0.002,0.002,2.66,2026-06-18T13:06:30,0.002,2.66
route_mutation,20260618T130630_750641,of:0000000000000008:1 -> of:000000000000000b:6,0.002,0.0025,0.002,0.002,1.96,2026-06-18T13:06:30,0.002,1.86
route_mutation,20260618T130630_750641,of:0000000000000009:1 -> of:000000000000000c:6,0.002,0.0025,0.002,0.002,1.96,2026-06-18T13:06:30,0.002,1.86
route_mutation,20260618T130630_750641,of:0000000000000001:2 -> of:000000000000000c:1,0.002,0.0025,0.002,0.002,2.46,2026-06-18T13:06:30,0.002,2.56
route_mutation,20260618T130630_750641,of:0000000000000003:2 -> of:0000000000000008:3,0.002,0.0025,0.002,0.002,2.73,2026-06-18T13:06:30,0.002,2.73
ip_shuffle,20260618T130700_951050,of:0000000000000005:1 -> of:000000000000000c:5,0.002,0.0025,0.002,0.001,1.27,2026-06-18T13:07:00,0.002,1.43
ip_shuffle,20260618T130700_951050,of:000000000000000a:1 -> of:000000000000000d:6,0.002,0.0025,0.002,0.002,1.5,2026-06-18T13:07:00,0.002,1.5
ip_shuffle,20260618T130700_951050,of:000000000000000b:2 -> of:000000000000000c:2,0.002,0.0025,0.002,0.002,1.53,2026-06-18T13:07:00,0.002,1.53
ip_shuffle,20260618T130700_951050,of:0000000000000004:2 -> of:0000000000000009:2,0.001,0.00125,0.001,0.001,1.2,2026-06-18T13:07:00,0.001,1.33
ip_shuffle,20260618T130700_951050,of:0000000000000005:2 -> of:0000000000000009:3,0.001,0.00125,0.001,0.001,1.2,2026-06-18T13:07:00,0.001,1.33
ip_shuffle,20260618T130700_951050,of:000000000000000b:3 -> of:000000000000000d:2,0.001,0.00125,0.001,0.001,1.46,2026-06-18T13:07:00,0.001,1.46
ip_shuffle,20260618T130700_951050,of:0000000000000004:1 -> of:000000000000000c:4,0.002,0.0025,0.002,0.001,1.27,2026-06-18T13:07:00,0.002,1.43
ip_shuffle,20260618T130700_951050,of:000000000000000c:3 -> of:000000000000000d:3,0.001,0.00125,0.001,0.001,1.46,2026-06-18T13:07:00,0.001,1.46
ip_shuffle,20260618T130700_951050,of:0000000000000001:1 -> of:000000000000000b:1,0.002,0.0025,0.002,0.002,1.43,2026-06-18T13:07:00,0.001,1.33
ip_shuffle,20260618T130700_951050,of:0000000000000006:1 -> of:000000000000000d:4,0.001,0.00125,0.001,0.001,1.27,2026-06-18T13:07:00,0.001,1.36
ip_shuffle,20260618T130700_951050,of:0000000000000002:1 -> of:000000000000000b:4,0.002,0.0025,0.002,0.001,1.33,2026-06-18T13:07:00,0.002,1.43
ip_shuffle,20260618T130700_951050,of:0000000000000001:3 -> of:000000000000000d:1,0.002,0.0025,0.002,0.002,1.73,2026-06-18T13:07:00,0.002,1.8
ip_shuffle,20260618T130700_951050,of:0000000000000006:2 -> of:000000000000000a:2,0.002,0.0025,0.002,0.002,1.43,2026-06-18T13:07:00,0.002,1.56
ip_shuffle,20260618T130700_951050,of:0000000000000003:1 -> of:000000000000000b:5,0.002,0.0025,0.002,0.001,1.27,2026-06-18T13:07:00,0.002,1.43
ip_shuffle,20260618T130700_951050,of:0000000000000007:1 -> of:000000000000000d:5,0.002,0.0025,0.002,0.002,1.8,2026-06-18T13:07:00,0.002,1.53
ip_shuffle,20260618T130700_951050,of:0000000000000007:2 -> of:000000000000000a:3,0.002,0.0025,0.002,0.002,1.5,2026-06-18T13:07:00,0.002,1.56
ip_shuffle,20260618T130700_951050,of:0000000000000002:2 -> of:0000000000000008:2,0.001,0.00125,0.001,0.001,1.27,2026-06-18T13:07:00,0.001,1.33
ip_shuffle,20260618T130700_951050,of:0000000000000008:1 -> of:000000000000000b:6,0.002,0.0025,0.002,0.001,1.33,2026-06-18T13:07:00,0.002,1.43
ip_shuffle,20260618T130700_951050,of:0000000000000009:1 -> of:000000000000000c:6,0.002,0.0025,0.002,0.001,1.33,2026-06-18T13:07:00,0.002,1.43
ip_shuffle,20260618T130700_951050,of:0000000000000001:2 -> of:000000000000000c:1,0.002,0.0025,0.002,0.002,1.43,2026-06-18T13:07:00,0.001,1.33
ip_shuffle,20260618T130700_951050,of:0000000000000003:2 -> of:0000000000000008:3,0.001,0.00125,0.001,0.001,1.2,2026-06-18T13:07:00,0.001,1.33
ip_shuffle,20260618T130758_573990,of:0000000000000005:1 -> of:000000000000000c:5,0.002,0.0025,0.002,0.002,1.7,2026-06-18T13:07:58,0.002,1.76
ip_shuffle,20260618T130758_573990,of:000000000000000a:1 -> of:000000000000000d:6,0.001,0.00125,0.001,0.001,1.43,2026-06-18T13:07:58,0.001,1.43
ip_shuffle,20260618T130758_573990,of:000000000000000b:2 -> of:000000000000000c:2,0.002,0.0025,0.002,0.002,1.67,2026-06-18T13:07:58,0.002,1.67
ip_shuffle,20260618T130758_573990,of:0000000000000004:2 -> of:0000000000000009:2,0.002,0.0025,0.002,0.002,1.67,2026-06-18T13:07:58,0.002,1.6
ip_shuffle,20260618T130758_573990,of:0000000000000005:2 -> of:0000000000000009:3,0.002,0.0025,0.002,0.002,1.67,2026-06-18T13:07:58,0.002,1.6
ip_shuffle,20260618T130758_573990,of:000000000000000b:3 -> of:000000000000000d:2,0.002,0.0025,0.002,0.002,1.8,2026-06-18T13:07:58,0.002,1.8
ip_shuffle,20260618T130758_573990,of:0000000000000004:1 -> of:000000000000000c:4,0.002,0.0025,0.002,0.002,2.23,2026-06-18T13:07:58,0.002,2.3
ip_shuffle,20260618T130758_573990,of:000000000000000c:3 -> of:000000000000000d:3,0.002,0.0025,0.002,0.002,1.67,2026-06-18T13:07:58,0.002,1.67
ip_shuffle,20260618T130758_573990,of:0000000000000001:1 -> of:000000000000000b:1,0.003,0.00375,0.003,0.003,3.5,2026-06-18T13:07:58,0.003,3.5
ip_shuffle,20260618T130758_573990,of:0000000000000006:1 -> of:000000000000000d:4,0.002,0.0025,0.002,0.002,2.36,2026-06-18T13:07:58,0.002,2.36
ip_shuffle,20260618T130758_573990,of:0000000000000002:1 -> of:000000000000000b:4,0.002,0.0025,0.002,0.002,2.6,2026-06-18T13:07:58,0.002,2.6
ip_shuffle,20260618T130758_573990,of:0000000000000001:3 -> of:000000000000000d:1,0.002,0.0025,0.002,0.002,2.26,2026-06-18T13:07:58,0.002,2.26
ip_shuffle,20260618T130758_573990,of:0000000000000006:2 -> of:000000000000000a:2,0.002,0.0025,0.002,0.002,1.67,2026-06-18T13:07:58,0.001,1.53
ip_shuffle,20260618T130758_573990,of:0000000000000003:1 -> of:000000000000000b:5,0.002,0.0025,0.002,0.002,2.46,2026-06-18T13:07:58,0.002,2.46
ip_shuffle,20260618T130758_573990,of:0000000000000007:1 -> of:000000000000000d:5,0.002,0.0025,0.002,0.001,1.47,2026-06-18T13:07:58,0.002,1.6
ip_shuffle,20260618T130758_573990,of:0000000000000007:2 -> of:000000000000000a:3,0.002,0.0025,0.002,0.002,1.6,2026-06-18T13:07:58,0.002,1.6
ip_shuffle,20260618T130758_573990,of:0000000000000002:2 -> of:0000000000000008:2,0.002,0.0025,0.002,0.002,1.67,2026-06-18T13:07:58,0.002,1.6
ip_shuffle,20260618T130758_573990,of:0000000000000008:1 -> of:000000000000000b:6,0.001,0.00125,0.001,0.001,1.43,2026-06-18T13:07:58,0.001,1.43
ip_shuffle,20260618T130758_573990,of:0000000000000009:1 -> of:000000000000000c:6,0.001,0.00125,0.001,0.001,1.43,2026-06-18T13:07:58,0.001,1.43
ip_shuffle,20260618T130758_573990,of:0000000000000001:2 -> of:000000000000000c:1,0.002,0.0025,0.002,0.002,2.5,2026-06-18T13:07:58,0.002,2.5
ip_shuffle,20260618T130758_573990,of:0000000000000003:2 -> of:0000000000000008:3,0.002,0.0025,0.002,0.002,1.67,2026-06-18T13:07:58,0.001,1.53
ip_shuffle,20260618T130856_190211,of:0000000000000005:1 -> of:000000000000000c:5,0.001,0.00125,0.001,0.001,1.37,2026-06-18T13:08:56,0.001,1.43
ip_shuffle,20260618T130856_190211,of:000000000000000a:1 -> of:000000000000000d:6,0.001,0.00125,0.001,0.001,1.37,2026-06-18T13:08:56,0.001,1.43
ip_shuffle,20260618T130856_190211,of:000000000000000b:2 -> of:000000000000000c:2,0.002,0.0025,0.002,0.002,1.73,2026-06-18T13:08:56,0.002,1.73
ip_shuffle,20260618T130856_190211,of:0000000000000004:2 -> of:0000000000000009:2,0.002,0.0025,0.002,0.001,1.4,2026-06-18T13:08:56,0.002,1.53
ip_shuffle,20260618T130856_190211,of:0000000000000005:2 -> of:0000000000000009:3,0.002,0.0025,0.002,0.001,1.4,2026-06-18T13:08:56,0.002,1.53
ip_shuffle,20260618T130856_190211,of:000000000000000b:3 -> of:000000000000000d:2,0.002,0.0025,0.002,0.002,1.73,2026-06-18T13:08:56,0.002,1.73
ip_shuffle,20260618T130856_190211,of:0000000000000004:1 -> of:000000000000000c:4,0.001,0.00125,0.001,0.001,1.37,2026-06-18T13:08:56,0.001,1.43
ip_shuffle,20260618T130856_190211,of:000000000000000c:3 -> of:000000000000000d:3,0.001,0.00125,0.001,0.001,1.53,2026-06-18T13:08:56,0.001,1.53
ip_shuffle,20260618T130856_190211,of:0000000000000001:1 -> of:000000000000000b:1,0.002,0.0025,0.002,0.002,1.57,2026-06-18T13:08:56,0.002,1.6
ip_shuffle,20260618T130856_190211,of:0000000000000006:1 -> of:000000000000000d:4,0.002,0.0025,0.002,0.002,1.96,2026-06-18T13:08:56,0.002,1.93
ip_shuffle,20260618T130856_190211,of:0000000000000002:1 -> of:000000000000000b:4,0.002,0.0025,0.002,0.002,1.43,2026-06-18T13:08:56,0.002,1.63
ip_shuffle,20260618T130856_190211,of:0000000000000001:3 -> of:000000000000000d:1,0.002,0.0025,0.002,0.002,2.5,2026-06-18T13:08:56,0.002,2.5
ip_shuffle,20260618T130856_190211,of:0000000000000006:2 -> of:000000000000000a:2,0.002,0.0025,0.002,0.001,1.47,2026-06-18T13:08:56,0.002,1.53
ip_shuffle,20260618T130856_190211,of:0000000000000003:1 -> of:000000000000000b:5,0.002,0.0025,0.002,0.002,1.43,2026-06-18T13:08:56,0.002,1.63
ip_shuffle,20260618T130856_190211,of:0000000000000007:1 -> of:000000000000000d:5,0.002,0.0025,0.002,0.002,1.86,2026-06-18T13:08:56,0.002,1.83
ip_shuffle,20260618T130856_190211,of:0000000000000007:2 -> of:000000000000000a:3,0.002,0.0025,0.002,0.002,1.53,2026-06-18T13:08:56,0.002,1.53
ip_shuffle,20260618T130856_190211,of:0000000000000002:2 -> of:0000000000000008:2,0.002,0.0025,0.002,0.001,1.4,2026-06-18T13:08:56,0.002,1.53
ip_shuffle,20260618T130856_190211,of:0000000000000008:1 -> of:000000000000000b:6,0.002,0.0025,0.002,0.002,1.57,2026-06-18T13:08:56,0.002,1.63
ip_shuffle,20260618T130856_190211,of:0000000000000009:1 -> of:000000000000000c:6,0.001,0.00125,0.001,0.001,1.37,2026-06-18T13:08:56,0.001,1.43
ip_shuffle,20260618T130856_190211,of:0000000000000001:2 -> of:000000000000000c:1,0.002,0.0025,0.002,0.002,1.5,2026-06-18T13:08:56,0.001,1.4
ip_shuffle,20260618T130856_190211,of:0000000000000003:2 -> of:0000000000000008:3,0.002,0.0025,0.002,0.001,1.4,2026-06-18T13:08:56,0.002,1.53
route_mutation,20260618T130953_868543,of:0000000000000005:1 -> of:000000000000000c:5,0.002,0.0025,0.002,0.002,2.43,2026-06-18T13:09:53,0.002,2.3
route_mutation,20260618T130953_868543,of:000000000000000a:1 -> of:000000000000000d:6,0.002,0.0025,0.002,0.002,1.66,2026-06-18T13:09:53,0.002,1.56
route_mutation,20260618T130953_868543,of:000000000000000b:2 -> of:000000000000000c:2,0.002,0.0025,0.002,0.002,1.9,2026-06-18T13:09:53,0.002,1.9
route_mutation,20260618T130953_868543,of:0000000000000004:2 -> of:0000000000000009:2,0.002,0.0025,0.002,0.002,1.93,2026-06-18T13:09:53,0.002,1.86
route_mutation,20260618T130953_868543,of:0000000000000005:2 -> of:0000000000000009:3,0.002,0.0025,0.002,0.002,1.93,2026-06-18T13:09:53,0.002,1.86
route_mutation,20260618T130953_868543,of:000000000000000b:3 -> of:000000000000000d:2,0.002,0.0025,0.002,0.002,1.9,2026-06-18T13:09:53,0.002,1.9
route_mutation,20260618T130953_868543,of:0000000000000004:1 -> of:000000000000000c:4,0.002,0.0025,0.002,0.002,2.26,2026-06-18T13:09:53,0.002,2.13
route_mutation,20260618T130953_868543,of:000000000000000c:3 -> of:000000000000000d:3,0.002,0.0025,0.002,0.002,1.8,2026-06-18T13:09:53,0.002,1.8
route_mutation,20260618T130953_868543,of:0000000000000001:1 -> of:000000000000000b:1,0.002,0.0025,0.002,0.002,1.66,2026-06-18T13:09:53,0.002,1.53
route_mutation,20260618T130953_868543,of:0000000000000006:1 -> of:000000000000000d:4,0.002,0.0025,0.002,0.002,2.26,2026-06-18T13:09:53,0.002,2.46
route_mutation,20260618T130953_868543,of:0000000000000002:1 -> of:000000000000000b:4,0.002,0.0025,0.002,0.002,1.6,2026-06-18T13:09:53,0.002,1.6
route_mutation,20260618T130953_868543,of:0000000000000001:3 -> of:000000000000000d:1,0.002,0.0025,0.002,0.002,2.8,2026-06-18T13:09:53,0.002,2.7
route_mutation,20260618T130953_868543,of:0000000000000006:2 -> of:000000000000000a:2,0.002,0.0025,0.002,0.002,1.9,2026-06-18T13:09:53,0.002,1.96
route_mutation,20260618T130953_868543,of:0000000000000003:1 -> of:000000000000000b:5,0.002,0.0025,0.002,0.002,1.6,2026-06-18T13:09:53,0.002,1.66
route_mutation,20260618T130953_868543,of:0000000000000007:1 -> of:000000000000000d:5,0.002,0.0025,0.002,0.002,2.13,2026-06-18T13:09:53,0.002,1.93
route_mutation,20260618T130953_868543,of:0000000000000007:2 -> of:000000000000000a:3,0.002,0.0025,0.002,0.002,1.9,2026-06-18T13:09:53,0.002,1.9
route_mutation,20260618T130953_868543,of:0000000000000002:2 -> of:0000000000000008:2,0.002,0.0025,0.002,0.002,1.9,2026-06-18T13:09:53,0.002,1.83
route_mutation,20260618T130953_868543,of:0000000000000008:1 -> of:000000000000000b:6,0.002,0.0025,0.002,0.002,1.63,2026-06-18T13:09:53,0.002,1.66
route_mutation,20260618T130953_868543,of:0000000000000009:1 -> of:000000000000000c:6,0.002,0.0025,0.002,0.002,1.63,2026-06-18T13:09:53,0.002,1.56
route_mutation,20260618T130953_868543,of:0000000000000001:2 -> of:000000000000000c:1,0.003,0.00375,0.003,0.003,2.93,2026-06-18T13:09:53,0.003,2.96
route_mutation,20260618T130953_868543,of:0000000000000003:2 -> of:0000000000000008:3,0.002,0.0025,0.002,0.002,1.9,2026-06-18T13:09:53,0.002,1.9
route_mutation,20260618T131024_107600,of:0000000000000005:1 -> of:000000000000000c:5,0.002,0.0025,0.002,0.002,1.66,2026-06-18T13:10:24,0.002,1.8
route_mutation,20260618T131024_107600,of:000000000000000a:1 -> of:000000000000000d:6,0.002,0.0025,0.002,0.002,1.63,2026-06-18T13:10:24,0.002,1.8
route_mutation,20260618T131024_107600,of:000000000000000b:2 -> of:000000000000000c:2,0.002,0.0025,0.002,0.002,2.16,2026-06-18T13:10:24,0.002,2.16
route_mutation,20260618T131024_107600,of:0000000000000004:2 -> of:0000000000000009:2,0.002,0.0025,0.002,0.002,2.0,2026-06-18T13:10:24,0.002,2.13
route_mutation,20260618T131024_107600,of:0000000000000005:2 -> of:0000000000000009:3,0.002,0.0025,0.002,0.002,2.0,2026-06-18T13:10:24,0.002,2.13
route_mutation,20260618T131024_107600,of:000000000000000b:3 -> of:000000000000000d:2,0.002,0.0025,0.002,0.002,2.16,2026-06-18T13:10:24,0.002,2.16
route_mutation,20260618T131024_107600,of:0000000000000004:1 -> of:000000000000000c:4,0.002,0.0025,0.002,0.002,1.66,2026-06-18T13:10:24,0.002,1.8
route_mutation,20260618T131024_107600,of:000000000000000c:3 -> of:000000000000000d:3,0.002,0.0025,0.002,0.002,2.26,2026-06-18T13:10:24,0.002,2.26
route_mutation,20260618T131024_107600,of:0000000000000001:1 -> of:000000000000000b:1,0.002,0.0025,0.002,0.001,1.56,2026-06-18T13:10:24,0.002,1.76
route_mutation,20260618T131024_107600,of:0000000000000006:1 -> of:000000000000000d:4,0.002,0.0025,0.002,0.002,2.16,2026-06-18T13:10:24,0.002,1.93
route_mutation,20260618T131024_107600,of:0000000000000002:1 -> of:000000000000000b:4,0.002,0.0025,0.002,0.001,1.63,2026-06-18T13:10:24,0.002,1.7
route_mutation,20260618T131024_107600,of:0000000000000001:3 -> of:000000000000000d:1,0.003,0.00375,0.003,0.003,3.16,2026-06-18T13:10:24,0.003,3.29
route_mutation,20260618T131024_107600,of:0000000000000006:2 -> of:000000000000000a:2,0.002,0.0025,0.002,0.002,2.1,2026-06-18T13:10:24,0.002,2.1
route_mutation,20260618T131024_107600,of:0000000000000003:1 -> of:000000000000000b:5,0.002,0.0025,0.002,0.001,1.63,2026-06-18T13:10:24,0.002,1.7
route_mutation,20260618T131024_107600,of:0000000000000007:1 -> of:000000000000000d:5,0.003,0.00375,0.003,0.003,2.93,2026-06-18T13:10:24,0.002,3.0
route_mutation,20260618T131024_107600,of:0000000000000007:2 -> of:000000000000000a:3,0.002,0.0025,0.002,0.002,2.1,2026-06-18T13:10:24,0.002,2.1
route_mutation,20260618T131024_107600,of:0000000000000002:2 -> of:0000000000000008:2,0.002,0.0025,0.002,0.002,2.03,2026-06-18T13:10:24,0.002,2.16
route_mutation,20260618T131024_107600,of:0000000000000008:1 -> of:000000000000000b:6,0.002,0.0025,0.002,0.002,1.73,2026-06-18T13:10:24,0.002,1.7
route_mutation,20260618T131024_107600,of:0000000000000009:1 -> of:000000000000000c:6,0.002,0.0025,0.002,0.002,1.66,2026-06-18T13:10:24,0.002,1.8
route_mutation,20260618T131024_107600,of:0000000000000001:2 -> of:000000000000000c:1,0.002,0.0025,0.002,0.002,1.8,2026-06-18T13:10:24,0.002,1.7
route_mutation,20260618T131024_107600,of:0000000000000003:2 -> of:0000000000000008:3,0.002,0.0025,0.002,0.002,2.03,2026-06-18T13:10:24,0.002,2.16
route_mutation,20260618T131054_392404,of:0000000000000005:1 -> of:000000000000000c:5,0.001,0.00125,0.001,0.001,1.36,2026-06-18T13:10:54,0.001,1.36
route_mutation,20260618T131054_392404,of:000000000000000a:1 -> of:000000000000000d:6,0.001,0.00125,0.001,0.001,1.36,2026-06-18T13:10:54,0.001,1.3
route_mutation,20260618T131054_392404,of:000000000000000b:2 -> of:000000000000000c:2,0.001,0.00125,0.001,0.001,1.4,2026-06-18T13:10:54,0.001,1.4
route_mutation,20260618T131054_392404,of:0000000000000004:2 -> of:0000000000000009:2,0.002,0.0025,0.002,0.002,1.53,2026-06-18T13:10:54,0.001,1.46
route_mutation,20260618T131054_392404,of:0000000000000005:2 -> of:0000000000000009:3,0.002,0.0025,0.002,0.002,1.53,2026-06-18T13:10:54,0.001,1.46
route_mutation,20260618T131054_392404,of:000000000000000b:3 -> of:000000000000000d:2,0.002,0.0025,0.002,0.002,1.5,2026-06-18T13:10:54,0.002,1.5
route_mutation,20260618T131054_392404,of:0000000000000004:1 -> of:000000000000000c:4,0.001,0.00125,0.001,0.001,1.36,2026-06-18T13:10:54,0.001,1.36
route_mutation,20260618T131054_392404,of:000000000000000c:3 -> of:000000000000000d:3,0.002,0.0025,0.002,0.002,1.4,2026-06-18T13:10:54,0.002,1.4
route_mutation,20260618T131054_392404,of:0000000000000001:1 -> of:000000000000000b:1,0.003,0.00375,0.003,0.003,2.93,2026-06-18T13:10:54,0.003,2.86
route_mutation,20260618T131054_392404,of:0000000000000006:1 -> of:000000000000000d:4,0.002,0.0025,0.002,0.001,1.5,2026-06-18T13:10:54,0.002,1.56
route_mutation,20260618T131054_392404,of:0000000000000002:1 -> of:000000000000000b:4,0.002,0.0025,0.002,0.002,2.53,2026-06-18T13:10:54,0.002,2.46
route_mutation,20260618T131054_392404,of:0000000000000001:3 -> of:000000000000000d:1,0.002,0.0025,0.002,0.002,1.46,2026-06-18T13:10:54,0.002,1.53
route_mutation,20260618T131054_392404,of:0000000000000006:2 -> of:000000000000000a:2,0.001,0.00125,0.001,0.001,1.46,2026-06-18T13:10:54,0.001,1.46
route_mutation,20260618T131054_392404,of:0000000000000003:1 -> of:000000000000000b:5,0.002,0.0025,0.002,0.002,2.0,2026-06-18T13:10:54,0.002,1.93
route_mutation,20260618T131054_392404,of:0000000000000007:1 -> of:000000000000000d:5,0.001,0.00125,0.001,0.001,1.3,2026-06-18T13:10:54,0.001,1.36
route_mutation,20260618T131054_392404,of:0000000000000007:2 -> of:000000000000000a:3,0.001,0.00125,0.001,0.001,1.46,2026-06-18T13:10:54,0.001,1.46
route_mutation,20260618T131054_392404,of:0000000000000002:2 -> of:0000000000000008:2,0.002,0.0025,0.002,0.002,1.53,2026-06-18T13:10:54,0.001,1.46
route_mutation,20260618T131054_392404,of:0000000000000008:1 -> of:000000000000000b:6,0.001,0.00125,0.001,0.001,1.3,2026-06-18T13:10:54,0.001,1.3
route_mutation,20260618T131054_392404,of:0000000000000009:1 -> of:000000000000000c:6,0.001,0.00125,0.001,0.001,1.36,2026-06-18T13:10:54,0.001,1.3
route_mutation,20260618T131054_392404,of:0000000000000001:2 -> of:000000000000000c:1,0.002,0.0025,0.002,0.001,1.36,2026-06-18T13:10:54,0.002,1.43
route_mutation,20260618T131054_392404,of:0000000000000003:2 -> of:0000000000000008:3,0.002,0.0025,0.002,0.002,1.53,2026-06-18T13:10:54,0.001,1.46
ip_shuffle,20260618T131124_631513,of:0000000000000005:1 -> of:000000000000000c:5,0.002,0.0025,0.002,0.002,2.23,2026-06-18T13:11:24,0.002,2.23
ip_shuffle,20260618T131124_631513,of:000000000000000a:1 -> of:000000000000000d:6,0.002,0.0025,0.002,0.002,1.43,2026-06-18T13:11:24,0.002,1.5
ip_shuffle,20260618T131124_631513,of:000000000000000b:2 -> of:000000000000000c:2,0.002,0.0025,0.002,0.002,1.6,2026-06-18T13:11:24,0.002,1.6
ip_shuffle,20260618T131124_631513,of:0000000000000004:2 -> of:0000000000000009:2,0.002,0.0025,0.002,0.002,1.53,2026-06-18T13:11:24,0.001,1.46
ip_shuffle,20260618T131124_631513,of:0000000000000005:2 -> of:0000000000000009:3,0.002,0.0025,0.002,0.002,1.53,2026-06-18T13:11:24,0.001,1.46
ip_shuffle,20260618T131124_631513,of:000000000000000b:3 -> of:000000000000000d:2,0.002,0.0025,0.002,0.002,1.63,2026-06-18T13:11:24,0.002,1.63
ip_shuffle,20260618T131124_631513,of:0000000000000004:1 -> of:000000000000000c:4,0.002,0.0025,0.002,0.002,2.23,2026-06-18T13:11:24,0.002,2.23
ip_shuffle,20260618T131124_631513,of:000000000000000c:3 -> of:000000000000000d:3,0.002,0.0025,0.002,0.002,1.66,2026-06-18T13:11:24,0.002,1.66
ip_shuffle,20260618T131124_631513,of:0000000000000001:1 -> of:000000000000000b:1,0.002,0.0025,0.002,0.002,1.93,2026-06-18T13:11:24,0.002,1.86
ip_shuffle,20260618T131124_631513,of:0000000000000006:1 -> of:000000000000000d:4,0.002,0.0025,0.002,0.002,1.9,2026-06-18T13:11:24,0.002,1.9
ip_shuffle,20260618T131124_631513,of:0000000000000002:1 -> of:000000000000000b:4,0.002,0.0025,0.002,0.002,1.43,2026-06-18T13:11:24,0.001,1.36
ip_shuffle,20260618T131124_631513,of:0000000000000001:3 -> of:000000000000000d:1,0.002,0.0025,0.002,0.002,1.86,2026-06-18T13:11:24,0.002,1.8
ip_shuffle,20260618T131124_631513,of:0000000000000006:2 -> of:000000000000000a:2,0.001,0.00125,0.001,0.001,1.46,2026-06-18T13:11:24,0.001,1.46
ip_shuffle,20260618T131124_631513,of:0000000000000003:1 -> of:000000000000000b:5,0.002,0.0025,0.002,0.002,1.9,2026-06-18T13:11:24,0.002,1.83
ip_shuffle,20260618T131124_631513,of:0000000000000007:1 -> of:000000000000000d:5,0.002,0.0025,0.002,0.002,1.43,2026-06-18T13:11:24,0.001,1.43
ip_shuffle,20260618T131124_631513,of:0000000000000007:2 -> of:000000000000000a:3,0.001,0.00125,0.001,0.001,1.46,2026-06-18T13:11:24,0.001,1.46
ip_shuffle,20260618T131124_631513,of:0000000000000002:2 -> of:0000000000000008:2,0.002,0.0025,0.002,0.002,1.53,2026-06-18T13:11:24,0.001,1.46
ip_shuffle,20260618T131124_631513,of:0000000000000008:1 -> of:000000000000000b:6,0.002,0.0025,0.002,0.002,1.43,2026-06-18T13:11:24,0.002,1.43
ip_shuffle,20260618T131124_631513,of:0000000000000009:1 -> of:000000000000000c:6,0.002,0.0025,0.002,0.002,1.43,2026-06-18T13:11:24,0.002,1.5
ip_shuffle,20260618T131124_631513,of:0000000000000001:2 -> of:000000000000000c:1,0.003,0.00375,0.003,0.003,3.03,2026-06-18T13:11:24,0.003,2.96
ip_shuffle,20260618T131124_631513,of:0000000000000003:2 -> of:0000000000000008:3,0.002,0.0025,0.002,0.002,1.53,2026-06-18T13:11:24,0.001,1.46
ip_shuffle,20260618T131223_302793,of:0000000000000005:1 -> of:000000000000000c:5,0.002,0.0025,0.002,0.002,1.4,2026-06-18T13:12:23,0.002,1.4
ip_shuffle,20260618T131223_302793,of:000000000000000a:1 -> of:000000000000000d:6,0.001,0.00125,0.001,0.001,1.33,2026-06-18T13:12:23,0.001,1.36
ip_shuffle,20260618T131223_302793,of:000000000000000b:2 -> of:000000000000000c:2,0.001,0.00125,0.001,0.001,1.33,2026-06-18T13:12:23,0.001,1.33
ip_shuffle,20260618T131223_302793,of:0000000000000004:2 -> of:0000000000000009:2,0.002,0.0025,0.002,0.002,1.4,2026-06-18T13:12:23,0.001,1.33
ip_shuffle,20260618T131223_302793,of:0000000000000005:2 -> of:0000000000000009:3,0.002,0.0025,0.002,0.002,1.4,2026-06-18T13:12:23,0.001,1.33
ip_shuffle,20260618T131223_302793,of:000000000000000b:3 -> of:000000000000000d:2,0.002,0.0025,0.002,0.001,1.36,2026-06-18T13:12:23,0.002,1.43
ip_shuffle,20260618T131223_302793,of:0000000000000004:1 -> of:000000000000000c:4,0.002,0.0025,0.002,0.002,1.4,2026-06-18T13:12:23,0.002,1.4
ip_shuffle,20260618T131223_302793,of:000000000000000c:3 -> of:000000000000000d:3,0.002,0.0025,0.002,0.002,1.43,2026-06-18T13:12:23,0.002,1.43
ip_shuffle,20260618T131223_302793,of:0000000000000001:1 -> of:000000000000000b:1,0.002,0.0025,0.002,0.002,2.13,2026-06-18T13:12:23,0.002,2.2
ip_shuffle,20260618T131223_302793,of:0000000000000006:1 -> of:000000000000000d:4,0.002,0.0025,0.002,0.001,1.33,2026-06-18T13:12:23,0.002,1.43
ip_shuffle,20260618T131223_302793,of:0000000000000002:1 -> of:000000000000000b:4,0.002,0.0025,0.002,0.002,2.26,2026-06-18T13:12:23,0.002,2.16
ip_shuffle,20260618T131223_302793,of:0000000000000001:3 -> of:000000000000000d:1,0.002,0.0025,0.002,0.002,1.53,2026-06-18T13:12:23,0.002,1.56
ip_shuffle,20260618T131223_302793,of:0000000000000006:2 -> of:000000000000000a:2,0.001,0.00125,0.001,0.001,1.33,2026-06-18T13:12:23,0.001,1.26
ip_shuffle,20260618T131223_302793,of:0000000000000003:1 -> of:000000000000000b:5,0.002,0.0025,0.002,0.002,1.4,2026-06-18T13:12:23,0.001,1.33
ip_shuffle,20260618T131223_302793,of:0000000000000007:1 -> of:000000000000000d:5,0.002,0.0025,0.002,0.002,1.43,2026-06-18T13:12:23,0.002,1.46
ip_shuffle,20260618T131223_302793,of:0000000000000007:2 -> of:000000000000000a:3,0.001,0.00125,0.001,0.001,1.33,2026-06-18T13:12:23,0.001,1.33
ip_shuffle,20260618T131223_302793,of:0000000000000002:2 -> of:0000000000000008:2,0.002,0.0025,0.002,0.002,1.4,2026-06-18T13:12:23,0.001,1.33
ip_shuffle,20260618T131223_302793,of:0000000000000008:1 -> of:000000000000000b:6,0.001,0.00125,0.001,0.001,1.26,2026-06-18T13:12:23,0.001,1.26
ip_shuffle,20260618T131223_302793,of:0000000000000009:1 -> of:000000000000000c:6,0.001,0.00125,0.001,0.001,1.33,2026-06-18T13:12:23,0.001,1.33
ip_shuffle,20260618T131223_302793,of:0000000000000001:2 -> of:000000000000000c:1,0.002,0.0025,0.002,0.001,1.33,2026-06-18T13:12:23,0.002,1.4
ip_shuffle,20260618T131223_302793,of:0000000000000003:2 -> of:0000000000000008:3,0.002,0.0025,0.002,0.002,1.4,2026-06-18T13:12:23,0.001,1.33
route_mutation,20260618T131327_447201,of:0000000000000005:1 -> of:000000000000000c:5,0.002,0.0025,0.002,0.002,1.93,2026-06-18T13:13:27,0.002,1.93
route_mutation,20260618T131327_447201,of:000000000000000a:1 -> of:000000000000000d:6,0.002,0.0025,0.002,0.002,1.86,2026-06-18T13:13:27,0.002,2.03
route_mutation,20260618T131327_447201,of:000000000000000b:2 -> of:000000000000000c:2,0.002,0.0025,0.002,0.002,2.53,2026-06-18T13:13:27,0.002,2.53
route_mutation,20260618T131327_447201,of:0000000000000004:2 -> of:0000000000000009:2,0.002,0.0025,0.002,0.002,2.46,2026-06-18T13:13:27,0.002,2.6
route_mutation,20260618T131327_447201,of:0000000000000005:2 -> of:0000000000000009:3,0.002,0.0025,0.002,0.002,2.53,2026-06-18T13:13:27,0.002,2.6
route_mutation,20260618T131327_447201,of:000000000000000b:3 -> of:000000000000000d:2,0.002,0.0025,0.002,0.002,2.66,2026-06-18T13:13:27,0.002,2.66
route_mutation,20260618T131327_447201,of:0000000000000004:1 -> of:000000000000000c:4,0.002,0.0025,0.002,0.002,1.86,2026-06-18T13:13:27,0.002,1.93
route_mutation,20260618T131327_447201,of:000000000000000c:3 -> of:000000000000000d:3,0.002,0.0025,0.002,0.002,2.63,2026-06-18T13:13:27,0.002,2.63
route_mutation,20260618T131327_447201,of:0000000000000001:1 -> of:000000000000000b:1,0.002,0.0025,0.002,0.002,1.9,2026-06-18T13:13:27,0.002,2.0
route_mutation,20260618T131327_447201,of:0000000000000006:1 -> of:000000000000000d:4,0.002,0.0025,0.002,0.002,3.0,2026-06-18T13:13:27,0.002,2.8
route_mutation,20260618T131327_447201,of:0000000000000002:1 -> of:000000000000000b:4,0.002,0.0025,0.002,0.002,1.96,2026-06-18T13:13:27,0.002,2.0
route_mutation,20260618T131327_447201,of:0000000000000001:3 -> of:000000000000000d:1,0.004,0.005,0.004,0.004,4.7,2026-06-18T13:13:27,0.004,4.76
route_mutation,20260618T131327_447201,of:0000000000000006:2 -> of:000000000000000a:2,0.002,0.0025,0.002,0.002,2.6,2026-06-18T13:13:27,0.002,2.6
route_mutation,20260618T131327_447201,of:0000000000000003:1 -> of:000000000000000b:5,0.002,0.0025,0.002,0.002,1.86,2026-06-18T13:13:27,0.002,1.93
route_mutation,20260618T131327_447201,of:0000000000000007:1 -> of:000000000000000d:5,0.003,0.00375,0.003,0.003,3.76,2026-06-18T13:13:27,0.003,3.8
route_mutation,20260618T131327_447201,of:0000000000000007:2 -> of:000000000000000a:3,0.002,0.0025,0.002,0.002,2.56,2026-06-18T13:13:27,0.002,2.56
route_mutation,20260618T131327_447201,of:0000000000000002:2 -> of:0000000000000008:2,0.002,0.0025,0.002,0.002,2.46,2026-06-18T13:13:27,0.002,2.6
route_mutation,20260618T131327_447201,of:0000000000000008:1 -> of:000000000000000b:6,0.002,0.0025,0.002,0.002,1.93,2026-06-18T13:13:27,0.002,1.93
route_mutation,20260618T131327_447201,of:0000000000000009:1 -> of:000000000000000c:6,0.002,0.0025,0.002,0.002,1.93,2026-06-18T13:13:27,0.002,1.93
route_mutation,20260618T131327_447201,of:0000000000000001:2 -> of:000000000000000c:1,0.002,0.0025,0.002,0.002,1.86,2026-06-18T13:13:27,0.002,2.0
route_mutation,20260618T131327_447201,of:0000000000000003:2 -> of:0000000000000008:3,0.002,0.0025,0.002,0.002,2.46,2026-06-18T13:13:27,0.002,2.6
ip_shuffle,20260618T131357_683534,of:0000000000000005:1 -> of:000000000000000c:5,0.002,0.0025,0.002,0.001,1.33,2026-06-18T13:13:57,0.002,1.43
ip_shuffle,20260618T131357_683534,of:000000000000000a:1 -> of:000000000000000d:6,0.002,0.0025,0.002,0.002,1.5,2026-06-18T13:13:57,0.002,1.5
ip_shuffle,20260618T131357_683534,of:000000000000000b:2 -> of:000000000000000c:2,0.002,0.0025,0.002,0.002,1.53,2026-06-18T13:13:57,0.002,1.53
ip_shuffle,20260618T131357_683534,of:0000000000000004:2 -> of:0000000000000009:2,0.002,0.0025,0.002,0.002,1.5,2026-06-18T13:13:57,0.001,1.43
ip_shuffle,20260618T131357_683534,of:0000000000000005:2 -> of:0000000000000009:3,0.001,0.00125,0.001,0.001,1.43,2026-06-18T13:13:57,0.001,1.43
ip_shuffle,20260618T131357_683534,of:000000000000000b:3 -> of:000000000000000d:2,0.002,0.0025,0.002,0.002,1.73,2026-06-18T13:13:57,0.002,1.73
ip_shuffle,20260618T131357_683534,of:0000000000000004:1 -> of:000000000000000c:4,0.002,0.0025,0.002,0.002,1.4,2026-06-18T13:13:57,0.002,1.43
ip_shuffle,20260618T131357_683534,of:000000000000000c:3 -> of:000000000000000d:3,0.002,0.0025,0.002,0.002,1.67,2026-06-18T13:13:57,0.002,1.67
ip_shuffle,20260618T131357_683534,of:0000000000000001:1 -> of:000000000000000b:1,0.002,0.0025,0.002,0.002,2.1,2026-06-18T13:13:57,0.002,2.1
ip_shuffle,20260618T131357_683534,of:0000000000000006:1 -> of:000000000000000d:4,0.002,0.0025,0.002,0.002,1.53,2026-06-18T13:13:57,0.002,1.63
ip_shuffle,20260618T131357_683534,of:0000000000000002:1 -> of:000000000000000b:4,0.002,0.0025,0.002,0.002,2.13,2026-06-18T13:13:57,0.002,2.2
ip_shuffle,20260618T131357_683534,of:0000000000000001:3 -> of:000000000000000d:1,0.002,0.0025,0.002,0.002,1.43,2026-06-18T13:13:57,0.002,1.6
ip_shuffle,20260618T131357_683534,of:0000000000000006:2 -> of:000000000000000a:2,0.001,0.00125,0.001,0.001,1.43,2026-06-18T13:13:57,0.001,1.43
ip_shuffle,20260618T131357_683534,of:0000000000000003:1 -> of:000000000000000b:5,0.002,0.0025,0.002,0.002,1.4,2026-06-18T13:13:57,0.002,1.43
ip_shuffle,20260618T131357_683534,of:0000000000000007:1 -> of:000000000000000d:5,0.002,0.0025,0.002,0.002,1.43,2026-06-18T13:13:57,0.002,1.57
ip_shuffle,20260618T131357_683534,of:0000000000000007:2 -> of:000000000000000a:3,0.001,0.00125,0.001,0.001,1.43,2026-06-18T13:13:57,0.001,1.43
ip_shuffle,20260618T131357_683534,of:0000000000000002:2 -> of:0000000000000008:2,0.002,0.0025,0.002,0.002,1.47,2026-06-18T13:13:57,0.001,1.4
ip_shuffle,20260618T131357_683534,of:0000000000000008:1 -> of:000000000000000b:6,0.001,0.00125,0.001,0.001,1.37,2026-06-18T13:13:57,0.001,1.37
ip_shuffle,20260618T131357_683534,of:0000000000000009:1 -> of:000000000000000c:6,0.001,0.00125,0.001,0.001,1.37,2026-06-18T13:13:57,0.001,1.37
ip_shuffle,20260618T131357_683534,of:0000000000000001:2 -> of:000000000000000c:1,0.001,0.00125,0.001,0.001,1.37,2026-06-18T13:13:57,0.001,1.37
ip_shuffle,20260618T131357_683534,of:0000000000000003:2 -> of:0000000000000008:3,0.002,0.0025,0.002,0.002,1.5,2026-06-18T13:13:57,0.001,1.43
route_mutation,20260618T131455_331583,of:0000000000000005:1 -> of:000000000000000c:5,0.002,0.0025,0.002,0.002,1.8,2026-06-18T13:14:55,0.002,1.83
route_mutation,20260618T131455_331583,of:000000000000000a:1 -> of:000000000000000d:6,0.002,0.0025,0.002,0.002,1.83,2026-06-18T13:14:55,0.002,1.83
route_mutation,20260618T131455_331583,of:000000000000000b:2 -> of:000000000000000c:2,0.002,0.0025,0.002,0.002,2.33,2026-06-18T13:14:55,0.002,2.33
route_mutation,20260618T131455_331583,of:0000000000000004:2 -> of:0000000000000009:2,0.002,0.0025,0.002,0.002,2.23,2026-06-18T13:14:55,0.002,2.36
route_mutation,20260618T131455_331583,of:0000000000000005:2 -> of:0000000000000009:3,0.002,0.0025,0.002,0.002,2.3,2026-06-18T13:14:55,0.002,2.36
route_mutation,20260618T131455_331583,of:000000000000000b:3 -> of:000000000000000d:2,0.002,0.0025,0.002,0.002,2.33,2026-06-18T13:14:55,0.002,2.33
route_mutation,20260618T131455_331583,of:0000000000000004:1 -> of:000000000000000c:4,0.002,0.0025,0.002,0.002,1.73,2026-06-18T13:14:55,0.002,1.83
route_mutation,20260618T131455_331583,of:000000000000000c:3 -> of:000000000000000d:3,0.002,0.0025,0.002,0.002,2.33,2026-06-18T13:14:55,0.002,2.33
route_mutation,20260618T131455_331583,of:0000000000000001:1 -> of:000000000000000b:1,0.002,0.0025,0.002,0.002,1.76,2026-06-18T13:14:55,0.002,1.9
route_mutation,20260618T131455_331583,of:0000000000000006:1 -> of:000000000000000d:4,0.002,0.0025,0.002,0.002,2.6,2026-06-18T13:14:55,0.002,2.73
route_mutation,20260618T131455_331583,of:0000000000000002:1 -> of:000000000000000b:4,0.002,0.0025,0.002,0.002,1.83,2026-06-18T13:14:55,0.002,1.83
route_mutation,20260618T131455_331583,of:0000000000000001:3 -> of:000000000000000d:1,0.003,0.00375,0.003,0.003,3.96,2026-06-18T13:14:55,0.003,3.93
route_mutation,20260618T131455_331583,of:0000000000000006:2 -> of:000000000000000a:2,0.002,0.0025,0.002,0.002,2.36,2026-06-18T13:14:55,0.002,2.36
route_mutation,20260618T131455_331583,of:0000000000000003:1 -> of:000000000000000b:5,0.002,0.0025,0.002,0.002,1.73,2026-06-18T13:14:55,0.002,1.83
route_mutation,20260618T131455_331583,of:0000000000000007:1 -> of:000000000000000d:5,0.003,0.00375,0.003,0.003,3.0,2026-06-18T13:14:55,0.003,3.03
route_mutation,20260618T131455_331583,of:0000000000000007:2 -> of:000000000000000a:3,0.002,0.0025,0.002,0.002,2.36,2026-06-18T13:14:55,0.002,2.36
route_mutation,20260618T131455_331583,of:0000000000000002:2 -> of:0000000000000008:2,0.002,0.0025,0.002,0.002,2.26,2026-06-18T13:14:55,0.002,2.4
route_mutation,20260618T131455_331583,of:0000000000000008:1 -> of:000000000000000b:6,0.002,0.0025,0.002,0.002,1.83,2026-06-18T13:14:55,0.002,1.83
route_mutation,20260618T131455_331583,of:0000000000000009:1 -> of:000000000000000c:6,0.002,0.0025,0.002,0.002,1.83,2026-06-18T13:14:55,0.002,1.83
route_mutation,20260618T131455_331583,of:0000000000000001:2 -> of:000000000000000c:1,0.002,0.0025,0.002,0.002,1.76,2026-06-18T13:14:55,0.002,1.9
route_mutation,20260618T131455_331583,of:0000000000000003:2 -> of:0000000000000008:3,0.002,0.0025,0.002,0.002,2.23,2026-06-18T13:14:55,0.002,2.36
route_mutation,20260618T131525_582637,of:0000000000000005:1 -> of:000000000000000c:5,0.002,0.0025,0.002,0.001,1.37,2026-06-18T13:15:25,0.002,1.43
route_mutation,20260618T131525_582637,of:000000000000000a:1 -> of:000000000000000d:6,0.002,0.0025,0.002,0.002,1.43,2026-06-18T13:15:25,0.002,1.43
route_mutation,20260618T131525_582637,of:000000000000000b:2 -> of:000000000000000c:2,0.002,0.0025,0.002,0.002,1.53,2026-06-18T13:15:25,0.002,1.53
route_mutation,20260618T131525_582637,of:0000000000000004:2 -> of:0000000000000009:2,0.002,0.0025,0.002,0.002,1.53,2026-06-18T13:15:25,0.001,1.47
route_mutation,20260618T131525_582637,of:0000000000000005:2 -> of:0000000000000009:3,0.001,0.00125,0.001,0.001,1.47,2026-06-18T13:15:25,0.001,1.47
route_mutation,20260618T131525_582637,of:000000000000000b:3 -> of:000000000000000d:2,0.002,0.0025,0.002,0.002,1.53,2026-06-18T13:15:25,0.002,1.53
route_mutation,20260618T131525_582637,of:0000000000000004:1 -> of:000000000000000c:4,0.002,0.0025,0.002,0.002,1.43,2026-06-18T13:15:25,0.002,1.43
route_mutation,20260618T131525_582637,of:000000000000000c:3 -> of:000000000000000d:3,0.002,0.0025,0.002,0.002,1.53,2026-06-18T13:15:25,0.002,1.53
route_mutation,20260618T131525_582637,of:0000000000000001:1 -> of:000000000000000b:1,0.002,0.0025,0.002,0.002,2.13,2026-06-18T13:15:25,0.002,2.3
route_mutation,20260618T131525_582637,of:0000000000000006:1 -> of:000000000000000d:4,0.002,0.0025,0.002,0.001,1.37,2026-06-18T13:15:25,0.002,1.43
route_mutation,20260618T131525_582637,of:0000000000000002:1 -> of:000000000000000b:4,0.002,0.0025,0.002,0.002,2.23,2026-06-18T13:15:25,0.002,2.2
route_mutation,20260618T131525_582637,of:0000000000000001:3 -> of:000000000000000d:1,0.002,0.0025,0.002,0.001,1.37,2026-06-18T13:15:25,0.002,1.4
route_mutation,20260618T131525_582637,of:0000000000000006:2 -> of:000000000000000a:2,0.002,0.0025,0.002,0.001,1.47,2026-06-18T13:15:25,0.002,1.53
route_mutation,20260618T131525_582637,of:0000000000000003:1 -> of:000000000000000b:5,0.002,0.0025,0.002,0.002,1.4,2026-06-18T13:15:25,0.002,1.43
route_mutation,20260618T131525_582637,of:0000000000000007:1 -> of:000000000000000d:5,0.002,0.0025,0.002,0.001,1.37,2026-06-18T13:15:25,0.002,1.43
route_mutation,20260618T131525_582637,of:0000000000000007:2 -> of:000000000000000a:3,0.002,0.0025,0.002,0.001,1.47,2026-06-18T13:15:25,0.002,1.53
route_mutation,20260618T131525_582637,of:0000000000000002:2 -> of:0000000000000008:2,0.002,0.0025,0.002,0.002,1.5,2026-06-18T13:15:25,0.001,1.43
route_mutation,20260618T131525_582637,of:0000000000000008:1 -> of:000000000000000b:6,0.001,0.00125,0.001,0.001,1.37,2026-06-18T13:15:25,0.001,1.37
route_mutation,20260618T131525_582637,of:0000000000000009:1 -> of:000000000000000c:6,0.001,0.00125,0.001,0.001,1.37,2026-06-18T13:15:25,0.001,1.37
route_mutation,20260618T131525_582637,of:0000000000000001:2 -> of:000000000000000c:1,0.002,0.0025,0.002,0.001,1.37,2026-06-18T13:15:25,0.002,1.4
route_mutation,20260618T131525_582637,of:0000000000000003:2 -> of:0000000000000008:3,0.002,0.0025,0.002,0.002,1.5,2026-06-18T13:15:25,0.001,1.43
route_mutation,20260618T131555_814789,of:0000000000000005:1 -> of:000000000000000c:5,0.002,0.0025,0.002,0.002,2.33,2026-06-18T13:15:55,0.002,2.2
route_mutation,20260618T131555_814789,of:000000000000000a:1 -> of:000000000000000d:6,0.001,0.00125,0.001,0.001,1.4,2026-06-18T13:15:55,0.001,1.4
route_mutation,20260618T131555_814789,of:000000000000000b:2 -> of:000000000000000c:2,0.001,0.00125,0.001,0.001,1.6,2026-06-18T13:15:55,0.001,1.6
route_mutation,20260618T131555_814789,of:0000000000000004:2 -> of:0000000000000009:2,0.002,0.0025,0.002,0.002,1.73,2026-06-18T13:15:55,0.002,1.67
route_mutation,20260618T131555_814789,of:0000000000000005:2 -> of:0000000000000009:3,0.002,0.0025,0.002,0.002,1.73,2026-06-18T13:15:55,0.002,1.67
route_mutation,20260618T131555_814789,of:000000000000000b:3 -> of:000000000000000d:2,0.001,0.00125,0.001,0.001,1.6,2026-06-18T13:15:55,0.001,1.6
route_mutation,20260618T131555_814789,of:0000000000000004:1 -> of:000000000000000c:4,0.002,0.0025,0.002,0.002,2.33,2026-06-18T13:15:55,0.002,2.2
route_mutation,20260618T131555_814789,of:000000000000000c:3 -> of:000000000000000d:3,0.001,0.00125,0.001,0.001,1.6,2026-06-18T13:15:55,0.001,1.6
route_mutation,20260618T131555_814789,of:0000000000000001:1 -> of:000000000000000b:1,0.003,0.00375,0.003,0.003,2.83,2026-06-18T13:15:55,0.002,2.56
route_mutation,20260618T131555_814789,of:0000000000000006:1 -> of:000000000000000d:4,0.002,0.0025,0.002,0.002,2.0,2026-06-18T13:15:55,0.002,1.8
route_mutation,20260618T131555_814789,of:0000000000000002:1 -> of:000000000000000b:4,0.002,0.0025,0.002,0.002,1.67,2026-06-18T13:15:55,0.002,1.67
route_mutation,20260618T131555_814789,of:0000000000000001:3 -> of:000000000000000d:1,0.002,0.0025,0.002,0.002,1.9,2026-06-18T13:15:55,0.002,1.9
route_mutation,20260618T131555_814789,of:0000000000000006:2 -> of:000000000000000a:2,0.002,0.0025,0.002,0.002,1.67,2026-06-18T13:15:55,0.001,1.6
route_mutation,20260618T131555_814789,of:0000000000000003:1 -> of:000000000000000b:5,0.002,0.0025,0.002,0.002,2.6,2026-06-18T13:15:55,0.002,2.43
route_mutation,20260618T131555_814789,of:0000000000000007:1 -> of:000000000000000d:5,0.002,0.0025,0.002,0.002,1.53,2026-06-18T13:15:55,0.001,1.4
route_mutation,20260618T131555_814789,of:0000000000000007:2 -> of:000000000000000a:3,0.002,0.0025,0.002,0.002,1.67,2026-06-18T13:15:55,0.001,1.6
route_mutation,20260618T131555_814789,of:0000000000000002:2 -> of:0000000000000008:2,0.002,0.0025,0.002,0.002,1.73,2026-06-18T13:15:55,0.002,1.67
route_mutation,20260618T131555_814789,of:0000000000000008:1 -> of:000000000000000b:6,0.001,0.00125,0.001,0.001,1.47,2026-06-18T13:15:55,0.001,1.47
route_mutation,20260618T131555_814789,of:0000000000000009:1 -> of:000000000000000c:6,0.001,0.00125,0.001,0.001,1.47,2026-06-18T13:15:55,0.001,1.47
route_mutation,20260618T131555_814789,of:0000000000000001:2 -> of:000000000000000c:1,0.003,0.00375,0.003,0.003,3.13,2026-06-18T13:15:55,0.003,3.0
route_mutation,20260618T131555_814789,of:0000000000000003:2 -> of:0000000000000008:3,0.002,0.0025,0.002,0.002,1.76,2026-06-18T13:15:55,0.002,1.7
route_mutation,20260618T131626_022208,of:0000000000000005:1 -> of:000000000000000c:5,0.002,0.0025,0.002,0.002,1.83,2026-06-18T13:16:26,0.002,1.83
route_mutation,20260618T131626_022208,of:000000000000000a:1 -> of:000000000000000d:6,0.002,0.0025,0.002,0.002,1.83,2026-06-18T13:16:26,0.002,1.83
route_mutation,20260618T131626_022208,of:000000000000000b:2 -> of:000000000000000c:2,0.002,0.0025,0.002,0.002,2.33,2026-06-18T13:16:26,0.002,2.33
route_mutation,20260618T131626_022208,of:0000000000000004:2 -> of:0000000000000009:2,0.002,0.0025,0.002,0.002,2.26,2026-06-18T13:16:26,0.002,2.33
route_mutation,20260618T131626_022208,of:0000000000000005:2 -> of:0000000000000009:3,0.002,0.0025,0.002,0.002,2.26,2026-06-18T13:16:26,0.002,2.33
route_mutation,20260618T131626_022208,of:000000000000000b:3 -> of:000000000000000d:2,0.002,0.0025,0.002,0.002,2.33,2026-06-18T13:16:26,0.002,2.33
route_mutation,20260618T131626_022208,of:0000000000000004:1 -> of:000000000000000c:4,0.002,0.0025,0.002,0.002,1.83,2026-06-18T13:16:26,0.002,1.83
route_mutation,20260618T131626_022208,of:000000000000000c:3 -> of:000000000000000d:3,0.002,0.0025,0.002,0.002,2.33,2026-06-18T13:16:26,0.002,2.33
route_mutation,20260618T131626_022208,of:0000000000000001:1 -> of:000000000000000b:1,0.002,0.0025,0.002,0.002,1.76,2026-06-18T13:16:26,0.002,1.86
route_mutation,20260618T131626_022208,of:0000000000000006:1 -> of:000000000000000d:4,0.002,0.0025,0.002,0.002,2.33,2026-06-18T13:16:26,0.002,2.46
route_mutation,20260618T131626_022208,of:0000000000000002:1 -> of:000000000000000b:4,0.002,0.0025,0.002,0.002,1.79,2026-06-18T13:16:26,0.002,1.83
route_mutation,20260618T131626_022208,of:0000000000000001:3 -> of:000000000000000d:1,0.003,0.00375,0.003,0.003,3.59,2026-06-18T13:16:26,0.003,3.56
route_mutation,20260618T131626_022208,of:0000000000000006:2 -> of:000000000000000a:2,0.002,0.0025,0.002,0.002,2.33,2026-06-18T13:16:26,0.002,2.33
route_mutation,20260618T131626_022208,of:0000000000000003:1 -> of:000000000000000b:5,0.002,0.0025,0.002,0.002,1.69,2026-06-18T13:16:26,0.002,1.83
route_mutation,20260618T131626_022208,of:0000000000000007:1 -> of:000000000000000d:5,0.003,0.00375,0.003,0.002,2.92,2026-06-18T13:16:26,0.003,2.99
route_mutation,20260618T131626_022208,of:0000000000000007:2 -> of:000000000000000a:3,0.002,0.0025,0.002,0.002,2.33,2026-06-18T13:16:26,0.002,2.33
route_mutation,20260618T131626_022208,of:0000000000000002:2 -> of:0000000000000008:2,0.002,0.0025,0.002,0.002,2.29,2026-06-18T13:16:26,0.002,2.36
route_mutation,20260618T131626_022208,of:0000000000000008:1 -> of:000000000000000b:6,0.002,0.0025,0.002,0.002,1.83,2026-06-18T13:16:26,0.002,1.83
route_mutation,20260618T131626_022208,of:0000000000000009:1 -> of:000000000000000c:6,0.002,0.0025,0.002,0.002,1.83,2026-06-18T13:16:26,0.002,1.83
route_mutation,20260618T131626_022208,of:0000000000000001:2 -> of:000000000000000c:1,0.002,0.0025,0.002,0.002,1.76,2026-06-18T13:16:26,0.002,1.86
route_mutation,20260618T131626_022208,of:0000000000000003:2 -> of:0000000000000008:3,0.002,0.0025,0.002,0.002,2.19,2026-06-18T13:16:26,0.002,2.33
route_mutation,20260618T131656_264861,of:0000000000000005:1 -> of:000000000000000c:5,0.001,0.00125,0.001,0.001,1.19,2026-06-18T13:16:56,0.001,1.33
route_mutation,20260618T131656_264861,of:000000000000000a:1 -> of:000000000000000d:6,0.001,0.00125,0.001,0.001,1.33,2026-06-18T13:16:56,0.001,1.33
route_mutation,20260618T131656_264861,of:000000000000000b:2 -> of:000000000000000c:2,0.001,0.00125,0.001,0.001,1.33,2026-06-18T13:16:56,0.001,1.33
route_mutation,20260618T131656_264861,of:0000000000000004:2 -> of:0000000000000009:2,0.001,0.00125,0.001,0.001,1.26,2026-06-18T13:16:56,0.001,1.33
route_mutation,20260618T131656_264861,of:0000000000000005:2 -> of:0000000000000009:3,0.001,0.00125,0.001,0.001,1.29,2026-06-18T13:16:56,0.001,1.36
route_mutation,20260618T131656_264861,of:000000000000000b:3 -> of:000000000000000d:2,0.001,0.00125,0.001,0.001,1.33,2026-06-18T13:16:56,0.001,1.33
route_mutation,20260618T131656_264861,of:0000000000000004:1 -> of:000000000000000c:4,0.001,0.00125,0.001,0.001,1.19,2026-06-18T13:16:56,0.001,1.33
route_mutation,20260618T131656_264861,of:000000000000000c:3 -> of:000000000000000d:3,0.001,0.00125,0.001,0.001,1.33,2026-06-18T13:16:56,0.001,1.33
route_mutation,20260618T131656_264861,of:0000000000000001:1 -> of:000000000000000b:1,0.002,0.0025,0.002,0.002,1.42,2026-06-18T13:16:56,0.002,1.46
route_mutation,20260618T131656_264861,of:0000000000000006:1 -> of:000000000000000d:4,0.001,0.00125,0.001,0.001,1.26,2026-06-18T13:16:56,0.001,1.33
route_mutation,20260618T131656_264861,of:0000000000000002:1 -> of:000000000000000b:4,0.002,0.0025,0.002,0.002,1.39,2026-06-18T13:16:56,0.002,1.49
route_mutation,20260618T131656_264861,of:0000000000000001:3 -> of:000000000000000d:1,0.001,0.00125,0.001,0.001,1.29,2026-06-18T13:16:56,0.001,1.36
route_mutation,20260618T131656_264861,of:0000000000000006:2 -> of:000000000000000a:2,0.001,0.00125,0.001,0.001,1.26,2026-06-18T13:16:56,0.001,1.33
route_mutation,20260618T131656_264861,of:0000000000000003:1 -> of:000000000000000b:5,0.001,0.00125,0.001,0.001,1.33,2026-06-18T13:16:56,0.001,1.33
route_mutation,20260618T131656_264861,of:0000000000000007:1 -> of:000000000000000d:5,0.001,0.00125,0.001,0.001,1.29,2026-06-18T13:16:56,0.001,1.36
route_mutation,20260618T131656_264861,of:0000000000000007:2 -> of:000000000000000a:3,0.001,0.00125,0.001,0.001,1.29,2026-06-18T13:16:56,0.001,1.36
route_mutation,20260618T131656_264861,of:0000000000000002:2 -> of:0000000000000008:2,0.001,0.00125,0.001,0.001,1.26,2026-06-18T13:16:56,0.001,1.26
route_mutation,20260618T131656_264861,of:0000000000000008:1 -> of:000000000000000b:6,0.001,0.00125,0.001,0.001,1.26,2026-06-18T13:16:56,0.001,1.26
route_mutation,20260618T131656_264861,of:0000000000000009:1 -> of:000000000000000c:6,0.001,0.00125,0.001,0.001,1.33,2026-06-18T13:16:56,0.001,1.33
route_mutation,20260618T131656_264861,of:0000000000000001:2 -> of:000000000000000c:1,0.001,0.00125,0.001,0.001,1.29,2026-06-18T13:16:56,0.001,1.36
route_mutation,20260618T131656_264861,of:0000000000000003:2 -> of:0000000000000008:3,0.001,0.00125,0.001,0.001,1.33,2026-06-18T13:16:56,0.001,1.26
ip_shuffle,20260618T131726_553092,of:0000000000000005:1 -> of:000000000000000c:5,0.002,0.0025,0.002,0.002,2.06,2026-06-18T13:17:26,0.002,1.93
ip_shuffle,20260618T131726_553092,of:000000000000000a:1 -> of:000000000000000d:6,0.001,0.00125,0.001,0.001,1.4,2026-06-18T13:17:26,0.001,1.4
ip_shuffle,20260618T131726_553092,of:000000000000000b:2 -> of:000000000000000c:2,0.001,0.00125,0.001,0.001,1.6,2026-06-18T13:17:26,0.001,1.6
ip_shuffle,20260618T131726_553092,of:0000000000000004:2 -> of:0000000000000009:2,0.002,0.0025,0.002,0.002,1.73,2026-06-18T13:17:26,0.001,1.6
ip_shuffle,20260618T131726_553092,of:0000000000000005:2 -> of:0000000000000009:3,0.002,0.0025,0.002,0.002,1.73,2026-06-18T13:17:26,0.001,1.6
ip_shuffle,20260618T131726_553092,of:000000000000000b:3 -> of:000000000000000d:2,0.001,0.00125,0.001,0.001,1.6,2026-06-18T13:17:26,0.001,1.6
ip_shuffle,20260618T131726_553092,of:0000000000000004:1 -> of:000000000000000c:4,0.002,0.0025,0.002,0.002,2.33,2026-06-18T13:17:26,0.002,2.2
ip_shuffle,20260618T131726_553092,of:000000000000000c:3 -> of:000000000000000d:3,0.001,0.00125,0.001,0.001,1.6,2026-06-18T13:17:26,0.001,1.6
ip_shuffle,20260618T131726_553092,of:0000000000000001:1 -> of:000000000000000b:1,0.003,0.00375,0.003,0.003,3.43,2026-06-18T13:17:26,0.003,3.33
ip_shuffle,20260618T131726_553092,of:0000000000000006:1 -> of:000000000000000d:4,0.002,0.0025,0.002,0.002,1.53,2026-06-18T13:17:26,0.001,1.4
ip_shuffle,20260618T131726_553092,of:0000000000000002:1 -> of:000000000000000b:4,0.002,0.0025,0.002,0.002,2.43,2026-06-18T13:17:26,0.002,2.26
ip_shuffle,20260618T131726_553092,of:0000000000000001:3 -> of:000000000000000d:1,0.002,0.0025,0.002,0.002,1.53,2026-06-18T13:17:26,0.001,1.4
ip_shuffle,20260618T131726_553092,of:0000000000000006:2 -> of:000000000000000a:2,0.002,0.0025,0.002,0.002,1.73,2026-06-18T13:17:26,0.001,1.6
ip_shuffle,20260618T131726_553092,of:0000000000000003:1 -> of:000000000000000b:5,0.002,0.0025,0.002,0.002,2.56,2026-06-18T13:17:26,0.002,2.43
ip_shuffle,20260618T131726_553092,of:0000000000000007:1 -> of:000000000000000d:5,0.002,0.0025,0.002,0.002,1.53,2026-06-18T13:17:26,0.001,1.4
ip_shuffle,20260618T131726_553092,of:0000000000000007:2 -> of:000000000000000a:3,0.002,0.0025,0.002,0.002,1.73,2026-06-18T13:17:26,0.001,1.6
ip_shuffle,20260618T131726_553092,of:0000000000000002:2 -> of:0000000000000008:2,0.002,0.0025,0.002,0.002,1.73,2026-06-18T13:17:26,0.002,1.66
ip_shuffle,20260618T131726_553092,of:0000000000000008:1 -> of:000000000000000b:6,0.001,0.00125,0.001,0.001,1.46,2026-06-18T13:17:26,0.001,1.46
ip_shuffle,20260618T131726_553092,of:0000000000000009:1 -> of:000000000000000c:6,0.001,0.00125,0.001,0.001,1.4,2026-06-18T13:17:26,0.001,1.4
ip_shuffle,20260618T131726_553092,of:0000000000000001:2 -> of:000000000000000c:1,0.003,0.00375,0.003,0.003,2.83,2026-06-18T13:17:26,0.002,2.73
ip_shuffle,20260618T131726_553092,of:0000000000000003:2 -> of:0000000000000008:3,0.002,0.0025,0.002,0.002,1.73,2026-06-18T13:17:26,0.002,1.66
route_mutation,20260618T131838_284100,of:0000000000000005:1 -> of:000000000000000c:5,0.002,0.0025,0.002,0.002,2.2,2026-06-18T13:18:38,0.002,2.13
route_mutation,20260618T131838_284100,of:000000000000000a:1 -> of:000000000000000d:6,0.001,0.00125,0.001,0.001,1.4,2026-06-18T13:18:38,0.001,1.4
route_mutation,20260618T131838_284100,of:000000000000000b:2 -> of:000000000000000c:2,0.001,0.00125,0.001,0.001,1.6,2026-06-18T13:18:38,0.001,1.6
route_mutation,20260618T131838_284100,of:0000000000000004:2 -> of:0000000000000009:2,0.002,0.0025,0.002,0.002,1.73,2026-06-18T13:18:38,0.001,1.6
route_mutation,20260618T131838_284100,of:0000000000000005:2 -> of:0000000000000009:3,0.002,0.0025,0.002,0.002,1.73,2026-06-18T13:18:38,0.002,1.66
route_mutation,20260618T131838_284100,of:000000000000000b:3 -> of:000000000000000d:2,0.001,0.00125,0.001,0.001,1.6,2026-06-18T13:18:38,0.001,1.6
route_mutation,20260618T131838_284100,of:0000000000000004:1 -> of:000000000000000c:4,0.002,0.0025,0.002,0.002,2.33,2026-06-18T13:18:38,0.002,2.2
route_mutation,20260618T131838_284100,of:000000000000000c:3 -> of:000000000000000d:3,0.001,0.00125,0.001,0.001,1.6,2026-06-18T13:18:38,0.001,1.6
route_mutation,20260618T131838_284100,of:0000000000000001:1 -> of:000000000000000b:1,0.003,0.00375,0.003,0.003,3.4,2026-06-18T13:18:38,0.003,3.26
route_mutation,20260618T131838_284100,of:0000000000000006:1 -> of:000000000000000d:4,0.002,0.0025,0.002,0.002,1.53,2026-06-18T13:18:38,0.001,1.4
route_mutation,20260618T131838_284100,of:0000000000000002:1 -> of:000000000000000b:4,0.002,0.0025,0.002,0.002,2.36,2026-06-18T13:18:38,0.002,2.23
route_mutation,20260618T131838_284100,of:0000000000000001:3 -> of:000000000000000d:1,0.002,0.0025,0.002,0.002,1.53,2026-06-18T13:18:38,0.001,1.4
route_mutation,20260618T131838_284100,of:0000000000000006:2 -> of:000000000000000a:2,0.002,0.0025,0.002,0.002,1.73,2026-06-18T13:18:38,0.001,1.6
route_mutation,20260618T131838_284100,of:0000000000000003:1 -> of:000000000000000b:5,0.002,0.0025,0.002,0.002,2.56,2026-06-18T13:18:38,0.002,2.43
route_mutation,20260618T131838_284100,of:0000000000000007:1 -> of:000000000000000d:5,0.002,0.0025,0.002,0.002,1.53,2026-06-18T13:18:38,0.001,1.4
route_mutation,20260618T131838_284100,of:0000000000000007:2 -> of:000000000000000a:3,0.002,0.0025,0.002,0.002,1.73,2026-06-18T13:18:38,0.001,1.6
route_mutation,20260618T131838_284100,of:0000000000000002:2 -> of:0000000000000008:2,0.002,0.0025,0.002,0.002,1.73,2026-06-18T13:18:38,0.001,1.6
route_mutation,20260618T131838_284100,of:0000000000000008:1 -> of:000000000000000b:6,0.001,0.00125,0.001,0.001,1.4,2026-06-18T13:18:38,0.001,1.4
route_mutation,20260618T131838_284100,of:0000000000000009:1 -> of:000000000000000c:6,0.001,0.00125,0.001,0.001,1.4,2026-06-18T13:18:38,0.001,1.4
route_mutation,20260618T131838_284100,of:0000000000000001:2 -> of:000000000000000c:1,0.003,0.00375,0.003,0.003,2.93,2026-06-18T13:18:38,0.003,2.8
route_mutation,20260618T131838_284100,of:0000000000000003:2 -> of:0000000000000008:3,0.002,0.0025,0.002,0.002,1.73,2026-06-18T13:18:38,0.001,1.6
route_mutation,20260618T131908_529668,of:0000000000000005:1 -> of:000000000000000c:5,0.002,0.0025,0.002,0.002,2.06,2026-06-18T13:19:08,0.002,2.0
route_mutation,20260618T131908_529668,of:000000000000000a:1 -> of:000000000000000d:6,0.002,0.0025,0.002,0.002,1.93,2026-06-18T13:19:08,0.002,1.93
route_mutation,20260618T131908_529668,of:000000000000000b:2 -> of:000000000000000c:2,0.002,0.0025,0.002,0.002,2.53,2026-06-18T13:19:08,0.002,2.53
route_mutation,20260618T131908_529668,of:0000000000000004:2 -> of:0000000000000009:2,0.002,0.0025,0.002,0.002,2.46,2026-06-18T13:19:08,0.002,2.53
route_mutation,20260618T131908_529668,of:0000000000000005:2 -> of:0000000000000009:3,0.002,0.0025,0.002,0.002,2.46,2026-06-18T13:19:08,0.002,2.46
route_mutation,20260618T131908_529668,of:000000000000000b:3 -> of:000000000000000d:2,0.002,0.0025,0.002,0.002,2.53,2026-06-18T13:19:08,0.002,2.53
route_mutation,20260618T131908_529668,of:0000000000000004:1 -> of:000000000000000c:4,0.002,0.0025,0.002,0.002,1.93,2026-06-18T13:19:08,0.002,1.93
route_mutation,20260618T131908_529668,of:000000000000000c:3 -> of:000000000000000d:3,0.002,0.0025,0.002,0.002,2.53,2026-06-18T13:19:08,0.002,2.53
route_mutation,20260618T131908_529668,of:0000000000000001:1 -> of:000000000000000b:1,0.002,0.0025,0.002,0.002,1.86,2026-06-18T13:19:08,0.002,1.93
route_mutation,20260618T131908_529668,of:0000000000000006:1 -> of:000000000000000d:4,0.002,0.0025,0.002,0.002,2.93,2026-06-18T13:19:08,0.002,3.0
route_mutation,20260618T131908_529668,of:0000000000000002:1 -> of:000000000000000b:4,0.002,0.0025,0.002,0.002,1.86,2026-06-18T13:19:08,0.002,1.93
route_mutation,20260618T131908_529668,of:0000000000000001:3 -> of:000000000000000d:1,0.003,0.00375,0.003,0.003,4.09,2026-06-18T13:19:08,0.003,4.16
route_mutation,20260618T131908_529668,of:0000000000000006:2 -> of:000000000000000a:2,0.002,0.0025,0.002,0.002,2.46,2026-06-18T13:19:08,0.002,2.53
route_mutation,20260618T131908_529668,of:0000000000000003:1 -> of:000000000000000b:5,0.002,0.0025,0.002,0.002,1.86,2026-06-18T13:19:08,0.002,1.93
route_mutation,20260618T131908_529668,of:0000000000000007:1 -> of:000000000000000d:5,0.003,0.00375,0.003,0.003,3.06,2026-06-18T13:19:08,0.003,3.13
route_mutation,20260618T131908_529668,of:0000000000000007:2 -> of:000000000000000a:3,0.002,0.0025,0.002,0.002,2.46,2026-06-18T13:19:08,0.002,2.53
route_mutation,20260618T131908_529668,of:0000000000000002:2 -> of:0000000000000008:2,0.002,0.0025,0.002,0.002,2.46,2026-06-18T13:19:08,0.002,2.53
route_mutation,20260618T131908_529668,of:0000000000000008:1 -> of:000000000000000b:6,0.002,0.0025,0.002,0.002,1.93,2026-06-18T13:19:08,0.002,1.93
route_mutation,20260618T131908_529668,of:0000000000000009:1 -> of:000000000000000c:6,0.002,0.0025,0.002,0.002,1.93,2026-06-18T13:19:08,0.002,1.93
route_mutation,20260618T131908_529668,of:0000000000000001:2 -> of:000000000000000c:1,0.002,0.0025,0.002,0.002,2.06,2026-06-18T13:19:08,0.002,2.13
route_mutation,20260618T131908_529668,of:0000000000000003:2 -> of:0000000000000008:3,0.002,0.0025,0.002,0.002,2.4,2026-06-18T13:19:08,0.002,2.53
ip_shuffle,20260618T131938_780280,of:0000000000000005:1 -> of:000000000000000c:5,0.001,0.00125,0.001,0.001,1.2,2026-06-18T13:19:38,0.001,1.33
ip_shuffle,20260618T131938_780280,of:000000000000000a:1 -> of:000000000000000d:6,0.001,0.00125,0.001,0.001,1.33,2026-06-18T13:19:38,0.001,1.33
ip_shuffle,20260618T131938_780280,of:000000000000000b:2 -> of:000000000000000c:2,0.001,0.00125,0.001,0.001,1.33,2026-06-18T13:19:38,0.001,1.33
ip_shuffle,20260618T131938_780280,of:0000000000000004:2 -> of:0000000000000009:2,0.001,0.00125,0.001,0.001,1.27,2026-06-18T13:19:38,0.001,1.33
ip_shuffle,20260618T131938_780280,of:0000000000000005:2 -> of:0000000000000009:3,0.001,0.00125,0.001,0.001,1.27,2026-06-18T13:19:38,0.001,1.33
ip_shuffle,20260618T131938_780280,of:000000000000000b:3 -> of:000000000000000d:2,0.001,0.00125,0.001,0.001,1.33,2026-06-18T13:19:38,0.001,1.33
ip_shuffle,20260618T131938_780280,of:0000000000000004:1 -> of:000000000000000c:4,0.001,0.00125,0.001,0.001,1.2,2026-06-18T13:19:38,0.001,1.33
ip_shuffle,20260618T131938_780280,of:000000000000000c:3 -> of:000000000000000d:3,0.001,0.00125,0.001,0.001,1.33,2026-06-18T13:19:38,0.001,1.33
ip_shuffle,20260618T131938_780280,of:0000000000000001:1 -> of:000000000000000b:1,0.002,0.0025,0.002,0.002,1.6,2026-06-18T13:19:38,0.002,1.63
ip_shuffle,20260618T131938_780280,of:0000000000000006:1 -> of:000000000000000d:4,0.001,0.00125,0.001,0.001,1.27,2026-06-18T13:19:38,0.001,1.33
ip_shuffle,20260618T131938_780280,of:0000000000000002:1 -> of:000000000000000b:4,0.002,0.0025,0.002,0.002,1.56,2026-06-18T13:19:38,0.002,1.66
ip_shuffle,20260618T131938_780280,of:0000000000000001:3 -> of:000000000000000d:1,0.001,0.00125,0.001,0.001,1.3,2026-06-18T13:19:38,0.001,1.36
ip_shuffle,20260618T131938_780280,of:0000000000000006:2 -> of:000000000000000a:2,0.001,0.00125,0.001,0.001,1.27,2026-06-18T13:19:38,0.001,1.33
ip_shuffle,20260618T131938_780280,of:0000000000000003:1 -> of:000000000000000b:5,0.001,0.00125,0.001,0.001,1.27,2026-06-18T13:19:38,0.001,1.33
ip_shuffle,20260618T131938_780280,of:0000000000000007:1 -> of:000000000000000d:5,0.001,0.00125,0.001,0.001,1.27,2026-06-18T13:19:38,0.001,1.33
ip_shuffle,20260618T131938_780280,of:0000000000000007:2 -> of:000000000000000a:3,0.001,0.00125,0.001,0.001,1.27,2026-06-18T13:19:38,0.001,1.33
ip_shuffle,20260618T131938_780280,of:0000000000000002:2 -> of:0000000000000008:2,0.001,0.00125,0.001,0.001,1.27,2026-06-18T13:19:38,0.001,1.33
ip_shuffle,20260618T131938_780280,of:0000000000000008:1 -> of:000000000000000b:6,0.001,0.00125,0.001,0.001,1.33,2026-06-18T13:19:38,0.001,1.33
ip_shuffle,20260618T131938_780280,of:0000000000000009:1 -> of:000000000000000c:6,0.001,0.00125,0.001,0.001,1.33,2026-06-18T13:19:38,0.001,1.33
ip_shuffle,20260618T131938_780280,of:0000000000000001:2 -> of:000000000000000c:1,0.001,0.00125,0.001,0.001,1.27,2026-06-18T13:19:38,0.001,1.33
ip_shuffle,20260618T131938_780280,of:0000000000000003:2 -> of:0000000000000008:3,0.001,0.00125,0.001,0.001,1.33,2026-06-18T13:19:38,0.001,1.33
ip_shuffle,20260618T132036_430558,of:0000000000000005:1 -> of:000000000000000c:5,0.002,0.0025,0.002,0.002,2.16,2026-06-18T13:20:36,0.002,2.1
ip_shuffle,20260618T132036_430558,of:000000000000000a:1 -> of:000000000000000d:6,0.002,0.0025,0.002,0.002,2.03,2026-06-18T13:20:36,0.002,2.03
ip_shuffle,20260618T132036_430558,of:000000000000000b:2 -> of:000000000000000c:2,0.002,0.0025,0.002,0.002,2.73,2026-06-18T13:20:36,0.002,2.73
ip_shuffle,20260618T132036_430558,of:0000000000000004:2 -> of:0000000000000009:2,0.002,0.0025,0.002,0.002,2.66,2026-06-18T13:20:36,0.002,2.73
ip_shuffle,20260618T132036_430558,of:0000000000000005:2 -> of:0000000000000009:3,0.002,0.0025,0.002,0.002,2.66,2026-06-18T13:20:36,0.002,2.66
ip_shuffle,20260618T132036_430558,of:000000000000000b:3 -> of:000000000000000d:2,0.002,0.0025,0.002,0.002,2.73,2026-06-18T13:20:36,0.002,2.73
ip_shuffle,20260618T132036_430558,of:0000000000000004:1 -> of:000000000000000c:4,0.002,0.0025,0.002,0.002,2.03,2026-06-18T13:20:36,0.002,2.03
ip_shuffle,20260618T132036_430558,of:000000000000000c:3 -> of:000000000000000d:3,0.002,0.0025,0.002,0.002,2.73,2026-06-18T13:20:36,0.002,2.73
ip_shuffle,20260618T132036_430558,of:0000000000000001:1 -> of:000000000000000b:1,0.002,0.0025,0.002,0.002,1.96,2026-06-18T13:20:36,0.002,2.03
ip_shuffle,20260618T132036_430558,of:0000000000000006:1 -> of:000000000000000d:4,0.003,0.00375,0.003,0.002,3.06,2026-06-18T13:20:36,0.003,3.13
ip_shuffle,20260618T132036_430558,of:0000000000000002:1 -> of:000000000000000b:4,0.002,0.0025,0.002,0.002,1.96,2026-06-18T13:20:36,0.002,2.03
ip_shuffle,20260618T132036_430558,of:0000000000000001:3 -> of:000000000000000d:1,0.003,0.00375,0.003,0.003,4.13,2026-06-18T13:20:36,0.003,4.23
ip_shuffle,20260618T132036_430558,of:0000000000000006:2 -> of:000000000000000a:2,0.002,0.0025,0.002,0.002,2.66,2026-06-18T13:20:36,0.002,2.73
ip_shuffle,20260618T132036_430558,of:0000000000000003:1 -> of:000000000000000b:5,0.002,0.0025,0.002,0.002,2.03,2026-06-18T13:20:36,0.002,2.03
ip_shuffle,20260618T132036_430558,of:0000000000000007:1 -> of:000000000000000d:5,0.003,0.00375,0.003,0.003,3.1,2026-06-18T13:20:36,0.003,3.16
ip_shuffle,20260618T132036_430558,of:0000000000000007:2 -> of:000000000000000a:3,0.002,0.0025,0.002,0.002,2.66,2026-06-18T13:20:36,0.002,2.73
ip_shuffle,20260618T132036_430558,of:0000000000000002:2 -> of:0000000000000008:2,0.002,0.0025,0.002,0.002,2.66,2026-06-18T13:20:36,0.002,2.73
ip_shuffle,20260618T132036_430558,of:0000000000000008:1 -> of:000000000000000b:6,0.002,0.0025,0.002,0.002,2.03,2026-06-18T13:20:36,0.002,2.03
ip_shuffle,20260618T132036_430558,of:0000000000000009:1 -> of:000000000000000c:6,0.002,0.0025,0.002,0.002,2.03,2026-06-18T13:20:36,0.002,2.03
ip_shuffle,20260618T132036_430558,of:0000000000000001:2 -> of:000000000000000c:1,0.002,0.0025,0.002,0.002,2.13,2026-06-18T13:20:36,0.002,2.16
ip_shuffle,20260618T132036_430558,of:0000000000000003:2 -> of:0000000000000008:3,0.002,0.0025,0.002,0.002,2.66,2026-06-18T13:20:36,0.002,2.73
ip_shuffle,20260618T132134_099039,of:0000000000000005:1 -> of:000000000000000c:5,0.002,0.0025,0.002,0.002,2.06,2026-06-18T13:21:34,0.002,2.0
ip_shuffle,20260618T132134_099039,of:000000000000000a:1 -> of:000000000000000d:6,0.001,0.00125,0.001,0.001,1.4,2026-06-18T13:21:34,0.001,1.4
ip_shuffle,20260618T132134_099039,of:000000000000000b:2 -> of:000000000000000c:2,0.001,0.00125,0.001,0.001,1.6,2026-06-18T13:21:34,0.001,1.6
ip_shuffle,20260618T132134_099039,of:0000000000000004:2 -> of:0000000000000009:2,0.002,0.0025,0.002,0.002,1.73,2026-06-18T13:21:34,0.002,1.66
ip_shuffle,20260618T132134_099039,of:0000000000000005:2 -> of:0000000000000009:3,0.002,0.0025,0.002,0.002,1.73,2026-06-18T13:21:34,0.002,1.66
ip_shuffle,20260618T132134_099039,of:000000000000000b:3 -> of:000000000000000d:2,0.001,0.00125,0.001,0.001,1.6,2026-06-18T13:21:34,0.001,1.6
ip_shuffle,20260618T132134_099039,of:0000000000000004:1 -> of:000000000000000c:4,0.002,0.0025,0.002,0.002,2.33,2026-06-18T13:21:34,0.002,2.26
ip_shuffle,20260618T132134_099039,of:000000000000000c:3 -> of:000000000000000d:3,0.001,0.00125,0.001,0.001,1.6,2026-06-18T13:21:34,0.001,1.6
ip_shuffle,20260618T132134_099039,of:0000000000000001:1 -> of:000000000000000b:1,0.003,0.00375,0.003,0.003,3.5,2026-06-18T13:21:34,0.003,3.36
ip_shuffle,20260618T132134_099039,of:0000000000000006:1 -> of:000000000000000d:4,0.002,0.0025,0.002,0.002,1.53,2026-06-18T13:21:34,0.001,1.4
ip_shuffle,20260618T132134_099039,of:0000000000000002:1 -> of:000000000000000b:4,0.002,0.0025,0.002,0.002,2.46,2026-06-18T13:21:34,0.002,2.33
ip_shuffle,20260618T132134_099039,of:0000000000000001:3 -> of:000000000000000d:1,0.002,0.0025,0.002,0.002,1.53,2026-06-18T13:21:34,0.001,1.4
ip_shuffle,20260618T132134_099039,of:0000000000000006:2 -> of:000000000000000a:2,0.002,0.0025,0.002,0.002,1.73,2026-06-18T13:21:34,0.001,1.6
ip_shuffle,20260618T132134_099039,of:0000000000000003:1 -> of:000000000000000b:5,0.002,0.0025,0.002,0.002,2.56,2026-06-18T13:21:34,0.002,2.43
ip_shuffle,20260618T132134_099039,of:0000000000000007:1 -> of:000000000000000d:5,0.001,0.00125,0.001,0.001,1.47,2026-06-18T13:21:34,0.001,1.4
ip_shuffle,20260618T132134_099039,of:0000000000000007:2 -> of:000000000000000a:3,0.002,0.0025,0.002,0.002,1.66,2026-06-18T13:21:34,0.001,1.6
ip_shuffle,20260618T132134_099039,of:0000000000000002:2 -> of:0000000000000008:2,0.002,0.0025,0.002,0.002,1.73,2026-06-18T13:21:34,0.001,1.6
ip_shuffle,20260618T132134_099039,of:0000000000000008:1 -> of:000000000000000b:6,0.001,0.00125,0.001,0.001,1.4,2026-06-18T13:21:34,0.001,1.4
ip_shuffle,20260618T132134_099039,of:0000000000000009:1 -> of:000000000000000c:6,0.001,0.00125,0.001,0.001,1.4,2026-06-18T13:21:34,0.001,1.4
ip_shuffle,20260618T132134_099039,of:0000000000000001:2 -> of:000000000000000c:1,0.003,0.00375,0.003,0.003,2.8,2026-06-18T13:21:34,0.002,2.7
ip_shuffle,20260618T132134_099039,of:0000000000000003:2 -> of:0000000000000008:3,0.002,0.0025,0.002,0.002,1.73,2026-06-18T13:21:34,0.001,1.6
route_mutation,20260622T163008_209927,of:0000000000000005:1 -> of:000000000000000c:5,0.001,0.00125,0.001,0.001,1.27,2026-06-22T16:30:08,0.001,1.33
route_mutation,20260622T163008_209927,of:000000000000000a:1 -> of:000000000000000d:6,0.001,0.00125,0.001,0.001,1.33,2026-06-22T16:30:08,0.001,1.33
route_mutation,20260622T163008_209927,of:000000000000000b:2 -> of:000000000000000c:2,0.001,0.00125,0.001,0.001,1.33,2026-06-22T16:30:08,0.001,1.33
route_mutation,20260622T163008_209927,of:0000000000000004:2 -> of:0000000000000009:2,0.001,0.00125,0.001,0.001,1.27,2026-06-22T16:30:08,0.001,1.33
route_mutation,20260622T163008_209927,of:0000000000000005:2 -> of:0000000000000009:3,0.001,0.00125,0.001,0.001,1.2,2026-06-22T16:30:08,0.001,1.33
route_mutation,20260622T163008_209927,of:000000000000000b:3 -> of:000000000000000d:2,0.001,0.00125,0.001,0.001,1.33,2026-06-22T16:30:08,0.001,1.33
route_mutation,20260622T163008_209927,of:0000000000000004:1 -> of:000000000000000c:4,0.001,0.00125,0.001,0.001,1.33,2026-06-22T16:30:08,0.001,1.33
route_mutation,20260622T163008_209927,of:000000000000000c:3 -> of:000000000000000d:3,0.001,0.00125,0.001,0.001,1.33,2026-06-22T16:30:08,0.001,1.33
route_mutation,20260622T163008_209927,of:0000000000000001:1 -> of:000000000000000b:1,0.003,0.00375,0.003,0.003,3.33,2026-06-22T16:30:08,0.003,3.33
route_mutation,20260622T163008_209927,of:0000000000000006:1 -> of:000000000000000d:4,0.001,0.00125,0.001,0.001,1.2,2026-06-22T16:30:08,0.001,1.33
route_mutation,20260622T163008_209927,of:0000000000000002:1 -> of:000000000000000b:4,0.003,0.00375,0.003,0.003,3.33,2026-06-22T16:30:08,0.003,3.33
route_mutation,20260622T163008_209927,of:0000000000000001:3 -> of:000000000000000d:1,0.001,0.00125,0.001,0.001,1.33,2026-06-22T16:30:08,0.001,1.33
route_mutation,20260622T163008_209927,of:0000000000000006:2 -> of:000000000000000a:2,0.001,0.00125,0.001,0.001,1.2,2026-06-22T16:30:08,0.001,1.33
route_mutation,20260622T163008_209927,of:0000000000000003:1 -> of:000000000000000b:5,0.001,0.00125,0.001,0.001,1.33,2026-06-22T16:30:08,0.001,1.33
route_mutation,20260622T163008_209927,of:0000000000000007:1 -> of:000000000000000d:5,0.001,0.00125,0.001,0.001,1.27,2026-06-22T16:30:08,0.001,1.33
route_mutation,20260622T163008_209927,of:0000000000000007:2 -> of:000000000000000a:3,0.001,0.00125,0.001,0.001,1.27,2026-06-22T16:30:08,0.001,1.33
route_mutation,20260622T163008_209927,of:0000000000000002:2 -> of:0000000000000008:2,0.001,0.00125,0.001,0.001,1.33,2026-06-22T16:30:08,0.001,1.33
route_mutation,20260622T163008_209927,of:0000000000000008:1 -> of:000000000000000b:6,0.001,0.00125,0.001,0.001,1.33,2026-06-22T16:30:08,0.001,1.33
route_mutation,20260622T163008_209927,of:0000000000000009:1 -> of:000000000000000c:6,0.001,0.00125,0.001,0.001,1.33,2026-06-22T16:30:08,0.001,1.33
route_mutation,20260622T163008_209927,of:0000000000000001:2 -> of:000000000000000c:1,0.001,0.00125,0.001,0.001,1.33,2026-06-22T16:30:08,0.001,1.33
route_mutation,20260622T163008_209927,of:0000000000000003:2 -> of:0000000000000008:3,0.001,0.00125,0.001,0.001,1.27,2026-06-22T16:30:08,0.001,1.33
route_mutation,20260622T193254_339539,of:0000000000000005:1 -> of:000000000000000c:5,0.001,0.00125,0.001,0.001,1.27,2026-06-22T19:32:54,0.001,1.33
route_mutation,20260622T193254_339539,of:000000000000000a:1 -> of:000000000000000d:6,0.001,0.00125,0.001,0.001,1.33,2026-06-22T19:32:54,0.001,1.33
route_mutation,20260622T193254_339539,of:000000000000000b:2 -> of:000000000000000c:2,0.001,0.00125,0.001,0.001,1.33,2026-06-22T19:32:54,0.001,1.33
route_mutation,20260622T193254_339539,of:0000000000000004:2 -> of:0000000000000009:2,0.001,0.00125,0.001,0.001,1.27,2026-06-22T19:32:54,0.001,1.33
route_mutation,20260622T193254_339539,of:0000000000000005:2 -> of:0000000000000009:3,0.001,0.00125,0.001,0.001,1.2,2026-06-22T19:32:54,0.001,1.33
route_mutation,20260622T193254_339539,of:000000000000000b:3 -> of:000000000000000d:2,0.001,0.00125,0.001,0.001,1.33,2026-06-22T19:32:54,0.001,1.33
route_mutation,20260622T193254_339539,of:0000000000000004:1 -> of:000000000000000c:4,0.001,0.00125,0.001,0.001,1.33,2026-06-22T19:32:54,0.001,1.33
route_mutation,20260622T193254_339539,of:000000000000000c:3 -> of:000000000000000d:3,0.001,0.00125,0.001,0.001,1.33,2026-06-22T19:32:54,0.001,1.33
route_mutation,20260622T193254_339539,of:0000000000000001:1 -> of:000000000000000b:1,0.003,0.00375,0.003,0.003,3.33,2026-06-22T19:32:54,0.003,3.33
route_mutation,20260622T193254_339539,of:0000000000000006:1 -> of:000000000000000d:4,0.001,0.00125,0.001,0.001,1.2,2026-06-22T19:32:54,0.001,1.33
route_mutation,20260622T193254_339539,of:0000000000000002:1 -> of:000000000000000b:4,0.003,0.00375,0.003,0.003,3.33,2026-06-22T19:32:54,0.003,3.33
route_mutation,20260622T193254_339539,of:0000000000000001:3 -> of:000000000000000d:1,0.001,0.00125,0.001,0.001,1.33,2026-06-22T19:32:54,0.001,1.33
route_mutation,20260622T193254_339539,of:0000000000000006:2 -> of:000000000000000a:2,0.001,0.00125,0.001,0.001,1.2,2026-06-22T19:32:54,0.001,1.33
route_mutation,20260622T193254_339539,of:0000000000000003:1 -> of:000000000000000b:5,0.001,0.00125,0.001,0.001,1.33,2026-06-22T19:32:54,0.001,1.33
route_mutation,20260622T193254_339539,of:0000000000000007:1 -> of:000000000000000d:5,0.001,0.00125,0.001,0.001,1.27,2026-06-22T19:32:54,0.001,1.33
route_mutation,20260622T193254_339539,of:0000000000000007:2 -> of:000000000000000a:3,0.001,0.00125,0.001,0.001,1.27,2026-06-22T19:32:54,0.001,1.33
route_mutation,20260622T193254_339539,of:0000000000000002:2 -> of:0000000000000008:2,0.001,0.00125,0.001,0.001,1.33,2026-06-22T19:32:54,0.001,1.33
route_mutation,20260622T193254_339539,of:0000000000000008:1 -> of:000000000000000b:6,0.001,0.00125,0.001,0.001,1.33,2026-06-22T19:32:54,0.001,1.33
route_mutation,20260622T193254_339539,of:0000000000000009:1 -> of:000000000000000c:6,0.001,0.00125,0.001,0.001,1.33,2026-06-22T19:32:54,0.001,1.33
route_mutation,20260622T193254_339539,of:0000000000000001:2 -> of:000000000000000c:1,0.001,0.00125,0.001,0.001,1.33,2026-06-22T19:32:54,0.001,1.33
route_mutation,20260622T193254_339539,of:0000000000000003:2 -> of:0000000000000008:3,0.001,0.00125,0.001,0.001,1.27,2026-06-22T19:32:54,0.001,1.33
route_mutation,20260622T193324_717951,of:0000000000000005:1 -> of:000000000000000c:5,0.001,0.00125,0.001,0.001,1.27,2026-06-22T19:33:24,0.001,1.33
route_mutation,20260622T193324_717951,of:000000000000000a:1 -> of:000000000000000d:6,0.001,0.00125,0.001,0.001,1.33,2026-06-22T19:33:24,0.001,1.33
route_mutation,20260622T193324_717951,of:000000000000000b:2 -> of:000000000000000c:2,0.001,0.00125,0.001,0.001,1.33,2026-06-22T19:33:24,0.001,1.33
route_mutation,20260622T193324_717951,of:0000000000000004:2 -> of:0000000000000009:2,0.001,0.00125,0.001,0.001,1.27,2026-06-22T19:33:24,0.001,1.33
route_mutation,20260622T193324_717951,of:0000000000000005:2 -> of:0000000000000009:3,0.001,0.00125,0.001,0.001,1.2,2026-06-22T19:33:24,0.001,1.33
route_mutation,20260622T193324_717951,of:000000000000000b:3 -> of:000000000000000d:2,0.001,0.00125,0.001,0.001,1.33,2026-06-22T19:33:24,0.001,1.33
route_mutation,20260622T193324_717951,of:0000000000000004:1 -> of:000000000000000c:4,0.001,0.00125,0.001,0.001,1.33,2026-06-22T19:33:24,0.001,1.33
route_mutation,20260622T193324_717951,of:000000000000000c:3 -> of:000000000000000d:3,0.001,0.00125,0.001,0.001,1.33,2026-06-22T19:33:24,0.001,1.33
route_mutation,20260622T193324_717951,of:0000000000000001:1 -> of:000000000000000b:1,0.003,0.00375,0.003,0.003,3.33,2026-06-22T19:33:24,0.003,3.33
route_mutation,20260622T193324_717951,of:0000000000000006:1 -> of:000000000000000d:4,0.001,0.00125,0.001,0.001,1.2,2026-06-22T19:33:24,0.001,1.33
route_mutation,20260622T193324_717951,of:0000000000000002:1 -> of:000000000000000b:4,0.003,0.00375,0.003,0.003,3.33,2026-06-22T19:33:24,0.003,3.33
route_mutation,20260622T193324_717951,of:0000000000000001:3 -> of:000000000000000d:1,0.001,0.00125,0.001,0.001,1.33,2026-06-22T19:33:24,0.001,1.33
route_mutation,20260622T193324_717951,of:0000000000000006:2 -> of:000000000000000a:2,0.001,0.00125,0.001,0.001,1.2,2026-06-22T19:33:24,0.001,1.33
route_mutation,20260622T193324_717951,of:0000000000000003:1 -> of:000000000000000b:5,0.001,0.00125,0.001,0.001,1.33,2026-06-22T19:33:24,0.001,1.33
route_mutation,20260622T193324_717951,of:0000000000000007:1 -> of:000000000000000d:5,0.001,0.00125,0.001,0.001,1.27,2026-06-22T19:33:24,0.001,1.33
route_mutation,20260622T193324_717951,of:0000000000000007:2 -> of:000000000000000a:3,0.001,0.00125,0.001,0.001,1.27,2026-06-22T19:33:24,0.001,1.33
route_mutation,20260622T193324_717951,of:0000000000000002:2 -> of:0000000000000008:2,0.001,0.00125,0.001,0.001,1.33,2026-06-22T19:33:24,0.001,1.33
route_mutation,20260622T193324_717951,of:0000000000000008:1 -> of:000000000000000b:6,0.001,0.00125,0.001,0.001,1.33,2026-06-22T19:33:24,0.001,1.33
route_mutation,20260622T193324_717951,of:0000000000000009:1 -> of:000000000000000c:6,0.001,0.00125,0.001,0.001,1.33,2026-06-22T19:33:24,0.001,1.33
route_mutation,20260622T193324_717951,of:0000000000000001:2 -> of:000000000000000c:1,0.001,0.00125,0.001,0.001,1.33,2026-06-22T19:33:24,0.001,1.33
route_mutation,20260622T193324_717951,of:0000000000000003:2 -> of:0000000000000008:3,0.001,0.00125,0.001,0.001,1.27,2026-06-22T19:33:24,0.001,1.33
route_mutation,20260622T193355_042041,of:0000000000000005:1 -> of:000000000000000c:5,0.001,0.00125,0.001,0.001,1.27,2026-06-22T19:33:55,0.001,1.33
route_mutation,20260622T193355_042041,of:000000000000000a:1 -> of:000000000000000d:6,0.001,0.00125,0.001,0.001,1.33,2026-06-22T19:33:55,0.001,1.33
route_mutation,20260622T193355_042041,of:000000000000000b:2 -> of:000000000000000c:2,0.001,0.00125,0.001,0.001,1.33,2026-06-22T19:33:55,0.001,1.33
route_mutation,20260622T193355_042041,of:0000000000000004:2 -> of:0000000000000009:2,0.001,0.00125,0.001,0.001,1.27,2026-06-22T19:33:55,0.001,1.33
route_mutation,20260622T193355_042041,of:0000000000000005:2 -> of:0000000000000009:3,0.001,0.00125,0.001,0.001,1.2,2026-06-22T19:33:55,0.001,1.33
route_mutation,20260622T193355_042041,of:000000000000000b:3 -> of:000000000000000d:2,0.001,0.00125,0.001,0.001,1.33,2026-06-22T19:33:55,0.001,1.33
route_mutation,20260622T193355_042041,of:0000000000000004:1 -> of:000000000000000c:4,0.001,0.00125,0.001,0.001,1.33,2026-06-22T19:33:55,0.001,1.33
route_mutation,20260622T193355_042041,of:000000000000000c:3 -> of:000000000000000d:3,0.001,0.00125,0.001,0.001,1.33,2026-06-22T19:33:55,0.001,1.33
route_mutation,20260622T193355_042041,of:0000000000000001:1 -> of:000000000000000b:1,0.003,0.00375,0.003,0.003,3.33,2026-06-22T19:33:55,0.003,3.33
route_mutation,20260622T193355_042041,of:0000000000000006:1 -> of:000000000000000d:4,0.001,0.00125,0.001,0.001,1.2,2026-06-22T19:33:55,0.001,1.33
route_mutation,20260622T193355_042041,of:0000000000000002:1 -> of:000000000000000b:4,0.003,0.00375,0.003,0.003,3.33,2026-06-22T19:33:55,0.003,3.33
route_mutation,20260622T193355_042041,of:0000000000000001:3 -> of:000000000000000d:1,0.001,0.00125,0.001,0.001,1.33,2026-06-22T19:33:55,0.001,1.33
route_mutation,20260622T193355_042041,of:0000000000000006:2 -> of:000000000000000a:2,0.001,0.00125,0.001,0.001,1.2,2026-06-22T19:33:55,0.001,1.33
route_mutation,20260622T193355_042041,of:0000000000000003:1 -> of:000000000000000b:5,0.001,0.00125,0.001,0.001,1.33,2026-06-22T19:33:55,0.001,1.33
route_mutation,20260622T193355_042041,of:0000000000000007:1 -> of:000000000000000d:5,0.001,0.00125,0.001,0.001,1.27,2026-06-22T19:33:55,0.001,1.33
route_mutation,20260622T193355_042041,of:0000000000000007:2 -> of:000000000000000a:3,0.001,0.00125,0.001,0.001,1.27,2026-06-22T19:33:55,0.001,1.33
route_mutation,20260622T193355_042041,of:0000000000000002:2 -> of:0000000000000008:2,0.001,0.00125,0.001,0.001,1.33,2026-06-22T19:33:55,0.001,1.33
route_mutation,20260622T193355_042041,of:0000000000000008:1 -> of:000000000000000b:6,0.001,0.00125,0.001,0.001,1.33,2026-06-22T19:33:55,0.001,1.33
route_mutation,20260622T193355_042041,of:0000000000000009:1 -> of:000000000000000c:6,0.001,0.00125,0.001,0.001,1.33,2026-06-22T19:33:55,0.001,1.33
route_mutation,20260622T193355_042041,of:0000000000000001:2 -> of:000000000000000c:1,0.001,0.00125,0.001,0.001,1.33,2026-06-22T19:33:55,0.001,1.33
route_mutation,20260622T193355_042041,of:0000000000000003:2 -> of:0000000000000008:3,0.001,0.00125,0.001,0.001,1.27,2026-06-22T19:33:55,0.001,1.33
route_mutation,20260622T193425_238370,of:0000000000000005:1 -> of:000000000000000c:5,0.001,0.00125,0.001,0.001,1.27,2026-06-22T19:34:25,0.001,1.33
route_mutation,20260622T193425_238370,of:000000000000000a:1 -> of:000000000000000d:6,0.001,0.00125,0.001,0.001,1.33,2026-06-22T19:34:25,0.001,1.33
route_mutation,20260622T193425_238370,of:000000000000000b:2 -> of:000000000000000c:2,0.001,0.00125,0.001,0.001,1.33,2026-06-22T19:34:25,0.001,1.33
route_mutation,20260622T193425_238370,of:0000000000000004:2 -> of:0000000000000009:2,0.001,0.00125,0.001,0.001,1.27,2026-06-22T19:34:25,0.001,1.33
route_mutation,20260622T193425_238370,of:0000000000000005:2 -> of:0000000000000009:3,0.001,0.00125,0.001,0.001,1.2,2026-06-22T19:34:25,0.001,1.33
route_mutation,20260622T193425_238370,of:000000000000000b:3 -> of:000000000000000d:2,0.001,0.00125,0.001,0.001,1.33,2026-06-22T19:34:25,0.001,1.33
route_mutation,20260622T193425_238370,of:0000000000000004:1 -> of:000000000000000c:4,0.001,0.00125,0.001,0.001,1.33,2026-06-22T19:34:25,0.001,1.33
route_mutation,20260622T193425_238370,of:000000000000000c:3 -> of:000000000000000d:3,0.001,0.00125,0.001,0.001,1.33,2026-06-22T19:34:25,0.001,1.33
route_mutation,20260622T193425_238370,of:0000000000000001:1 -> of:000000000000000b:1,0.003,0.00375,0.003,0.003,3.33,2026-06-22T19:34:25,0.003,3.33
route_mutation,20260622T193425_238370,of:0000000000000006:1 -> of:000000000000000d:4,0.001,0.00125,0.001,0.001,1.2,2026-06-22T19:34:25,0.001,1.33
route_mutation,20260622T193425_238370,of:0000000000000002:1 -> of:000000000000000b:4,0.003,0.00375,0.003,0.003,3.33,2026-06-22T19:34:25,0.003,3.33
route_mutation,20260622T193425_238370,of:0000000000000001:3 -> of:000000000000000d:1,0.001,0.00125,0.001,0.001,1.33,2026-06-22T19:34:25,0.001,1.33
route_mutation,20260622T193425_238370,of:0000000000000006:2 -> of:000000000000000a:2,0.001,0.00125,0.001,0.001,1.2,2026-06-22T19:34:25,0.001,1.33
route_mutation,20260622T193425_238370,of:0000000000000003:1 -> of:000000000000000b:5,0.001,0.00125,0.001,0.001,1.33,2026-06-22T19:34:25,0.001,1.33
route_mutation,20260622T193425_238370,of:0000000000000007:1 -> of:000000000000000d:5,0.001,0.00125,0.001,0.001,1.27,2026-06-22T19:34:25,0.001,1.33
route_mutation,20260622T193425_238370,of:0000000000000007:2 -> of:000000000000000a:3,0.001,0.00125,0.001,0.001,1.27,2026-06-22T19:34:25,0.001,1.33
route_mutation,20260622T193425_238370,of:0000000000000002:2 -> of:0000000000000008:2,0.001,0.00125,0.001,0.001,1.33,2026-06-22T19:34:25,0.001,1.33
route_mutation,20260622T193425_238370,of:0000000000000008:1 -> of:000000000000000b:6,0.001,0.00125,0.001,0.001,1.33,2026-06-22T19:34:25,0.001,1.33
route_mutation,20260622T193425_238370,of:0000000000000009:1 -> of:000000000000000c:6,0.001,0.00125,0.001,0.001,1.33,2026-06-22T19:34:25,0.001,1.33
route_mutation,20260622T193425_238370,of:0000000000000001:2 -> of:000000000000000c:1,0.001,0.00125,0.001,0.001,1.33,2026-06-22T19:34:25,0.001,1.33
route_mutation,20260622T193425_238370,of:0000000000000003:2 -> of:0000000000000008:3,0.001,0.00125,0.001,0.001,1.27,2026-06-22T19:34:25,0.001,1.33
route_mutation,20260622T193455_615717,of:0000000000000005:1 -> of:000000000000000c:5,0.001,0.00125,0.001,0.001,1.27,2026-06-22T19:34:55,0.001,1.33
route_mutation,20260622T193455_615717,of:000000000000000a:1 -> of:000000000000000d:6,0.001,0.00125,0.001,0.001,1.33,2026-06-22T19:34:55,0.001,1.33
route_mutation,20260622T193455_615717,of:000000000000000b:2 -> of:000000000000000c:2,0.001,0.00125,0.001,0.001,1.33,2026-06-22T19:34:55,0.001,1.33
route_mutation,20260622T193455_615717,of:0000000000000004:2 -> of:0000000000000009:2,0.001,0.00125,0.001,0.001,1.27,2026-06-22T19:34:55,0.001,1.33
route_mutation,20260622T193455_615717,of:0000000000000005:2 -> of:0000000000000009:3,0.001,0.00125,0.001,0.001,1.2,2026-06-22T19:34:55,0.001,1.33
route_mutation,20260622T193455_615717,of:000000000000000b:3 -> of:000000000000000d:2,0.001,0.00125,0.001,0.001,1.33,2026-06-22T19:34:55,0.001,1.33
route_mutation,20260622T193455_615717,of:0000000000000004:1 -> of:000000000000000c:4,0.001,0.00125,0.001,0.001,1.33,2026-06-22T19:34:55,0.001,1.33
route_mutation,20260622T193455_615717,of:000000000000000c:3 -> of:000000000000000d:3,0.001,0.00125,0.001,0.001,1.33,2026-06-22T19:34:55,0.001,1.33
route_mutation,20260622T193455_615717,of:0000000000000001:1 -> of:000000000000000b:1,0.003,0.00375,0.003,0.003,3.33,2026-06-22T19:34:55,0.003,3.33
route_mutation,20260622T193455_615717,of:0000000000000006:1 -> of:000000000000000d:4,0.001,0.00125,0.001,0.001,1.2,2026-06-22T19:34:55,0.001,1.33
route_mutation,20260622T193455_615717,of:0000000000000002:1 -> of:000000000000000b:4,0.003,0.00375,0.003,0.003,3.33,2026-06-22T19:34:55,0.003,3.33
route_mutation,20260622T193455_615717,of:0000000000000001:3 -> of:000000000000000d:1,0.001,0.00125,0.001,0.001,1.33,2026-06-22T19:34:55,0.001,1.33
route_mutation,20260622T193455_615717,of:0000000000000006:2 -> of:000000000000000a:2,0.001,0.00125,0.001,0.001,1.2,2026-06-22T19:34:55,0.001,1.33
route_mutation,20260622T193455_615717,of:0000000000000003:1 -> of:000000000000000b:5,0.001,0.00125,0.001,0.001,1.33,2026-06-22T19:34:55,0.001,1.33
route_mutation,20260622T193455_615717,of:0000000000000007:1 -> of:000000000000000d:5,0.001,0.00125,0.001,0.001,1.27,2026-06-22T19:34:55,0.001,1.33
route_mutation,20260622T193455_615717,of:0000000000000007:2 -> of:000000000000000a:3,0.001,0.00125,0.001,0.001,1.27,2026-06-22T19:34:55,0.001,1.33
route_mutation,20260622T193455_615717,of:0000000000000002:2 -> of:0000000000000008:2,0.001,0.00125,0.001,0.001,1.33,2026-06-22T19:34:55,0.001,1.33
route_mutation,20260622T193455_615717,of:0000000000000008:1 -> of:000000000000000b:6,0.001,0.00125,0.001,0.001,1.33,2026-06-22T19:34:55,0.001,1.33
route_mutation,20260622T193455_615717,of:0000000000000009:1 -> of:000000000000000c:6,0.001,0.00125,0.001,0.001,1.33,2026-06-22T19:34:55,0.001,1.33
route_mutation,20260622T193455_615717,of:0000000000000001:2 -> of:000000000000000c:1,0.001,0.00125,0.001,0.001,1.33,2026-06-22T19:34:55,0.001,1.33
route_mutation,20260622T193455_615717,of:0000000000000003:2 -> of:0000000000000008:3,0.001,0.00125,0.001,0.001,1.27,2026-06-22T19:34:55,0.001,1.33
route_mutation,20260622T193525_967191,of:0000000000000005:1 -> of:000000000000000c:5,0.001,0.00125,0.001,0.001,1.27,2026-06-22T19:35:25,0.001,1.33
route_mutation,20260622T193525_967191,of:000000000000000a:1 -> of:000000000000000d:6,0.001,0.00125,0.001,0.001,1.33,2026-06-22T19:35:25,0.001,1.33
route_mutation,20260622T193525_967191,of:000000000000000b:2 -> of:000000000000000c:2,0.001,0.00125,0.001,0.001,1.33,2026-06-22T19:35:25,0.001,1.33
route_mutation,20260622T193525_967191,of:0000000000000004:2 -> of:0000000000000009:2,0.001,0.00125,0.001,0.001,1.27,2026-06-22T19:35:25,0.001,1.33
route_mutation,20260622T193525_967191,of:0000000000000005:2 -> of:0000000000000009:3,0.001,0.00125,0.001,0.001,1.2,2026-06-22T19:35:25,0.001,1.33
route_mutation,20260622T193525_967191,of:000000000000000b:3 -> of:000000000000000d:2,0.001,0.00125,0.001,0.001,1.33,2026-06-22T19:35:25,0.001,1.33
route_mutation,20260622T193525_967191,of:0000000000000004:1 -> of:000000000000000c:4,0.001,0.00125,0.001,0.001,1.33,2026-06-22T19:35:25,0.001,1.33
route_mutation,20260622T193525_967191,of:000000000000000c:3 -> of:000000000000000d:3,0.001,0.00125,0.001,0.001,1.33,2026-06-22T19:35:25,0.001,1.33
route_mutation,20260622T193525_967191,of:0000000000000001:1 -> of:000000000000000b:1,0.003,0.00375,0.003,0.003,3.33,2026-06-22T19:35:25,0.003,3.33
route_mutation,20260622T193525_967191,of:0000000000000006:1 -> of:000000000000000d:4,0.001,0.00125,0.001,0.001,1.2,2026-06-22T19:35:25,0.001,1.33
route_mutation,20260622T193525_967191,of:0000000000000002:1 -> of:000000000000000b:4,0.003,0.00375,0.003,0.003,3.33,2026-06-22T19:35:25,0.003,3.33
route_mutation,20260622T193525_967191,of:0000000000000001:3 -> of:000000000000000d:1,0.001,0.00125,0.001,0.001,1.33,2026-06-22T19:35:25,0.001,1.33
route_mutation,20260622T193525_967191,of:0000000000000006:2 -> of:000000000000000a:2,0.001,0.00125,0.001,0.001,1.2,2026-06-22T19:35:25,0.001,1.33
route_mutation,20260622T193525_967191,of:0000000000000003:1 -> of:000000000000000b:5,0.001,0.00125,0.001,0.001,1.33,2026-06-22T19:35:25,0.001,1.33
route_mutation,20260622T193525_967191,of:0000000000000007:1 -> of:000000000000000d:5,0.001,0.00125,0.001,0.001,1.27,2026-06-22T19:35:25,0.001,1.33
route_mutation,20260622T193525_967191,of:0000000000000007:2 -> of:000000000000000a:3,0.001,0.00125,0.001,0.001,1.27,2026-06-22T19:35:25,0.001,1.33
route_mutation,20260622T193525_967191,of:0000000000000002:2 -> of:0000000000000008:2,0.001,0.00125,0.001,0.001,1.33,2026-06-22T19:35:25,0.001,1.33
route_mutation,20260622T193525_967191,of:0000000000000008:1 -> of:000000000000000b:6,0.001,0.00125,0.001,0.001,1.33,2026-06-22T19:35:25,0.001,1.33
route_mutation,20260622T193525_967191,of:0000000000000009:1 -> of:000000000000000c:6,0.001,0.00125,0.001,0.001,1.33,2026-06-22T19:35:25,0.001,1.33
route_mutation,20260622T193525_967191,of:0000000000000001:2 -> of:000000000000000c:1,0.001,0.00125,0.001,0.001,1.33,2026-06-22T19:35:25,0.001,1.33
route_mutation,20260622T193525_967191,of:0000000000000003:2 -> of:0000000000000008:3,0.001,0.00125,0.001,0.001,1.27,2026-06-22T19:35:25,0.001,1.33
ip_shuffle,20260622T193556_304406,of:0000000000000005:1 -> of:000000000000000c:5,0.001,0.00125,0.001,0.001,1.27,2026-06-22T19:35:56,0.001,1.33
ip_shuffle,20260622T193556_304406,of:000000000000000a:1 -> of:000000000000000d:6,0.001,0.00125,0.001,0.001,1.33,2026-06-22T19:35:56,0.001,1.33
ip_shuffle,20260622T193556_304406,of:000000000000000b:2 -> of:000000000000000c:2,0.001,0.00125,0.001,0.001,1.33,2026-06-22T19:35:56,0.001,1.33
ip_shuffle,20260622T193556_304406,of:0000000000000004:2 -> of:0000000000000009:2,0.001,0.00125,0.001,0.001,1.27,2026-06-22T19:35:56,0.001,1.33
ip_shuffle,20260622T193556_304406,of:0000000000000005:2 -> of:0000000000000009:3,0.001,0.00125,0.001,0.001,1.2,2026-06-22T19:35:56,0.001,1.33
ip_shuffle,20260622T193556_304406,of:000000000000000b:3 -> of:000000000000000d:2,0.001,0.00125,0.001,0.001,1.33,2026-06-22T19:35:56,0.001,1.33
ip_shuffle,20260622T193556_304406,of:0000000000000004:1 -> of:000000000000000c:4,0.001,0.00125,0.001,0.001,1.33,2026-06-22T19:35:56,0.001,1.33
ip_shuffle,20260622T193556_304406,of:000000000000000c:3 -> of:000000000000000d:3,0.001,0.00125,0.001,0.001,1.33,2026-06-22T19:35:56,0.001,1.33
ip_shuffle,20260622T193556_304406,of:0000000000000001:1 -> of:000000000000000b:1,0.003,0.00375,0.003,0.003,3.33,2026-06-22T19:35:56,0.003,3.33
ip_shuffle,20260622T193556_304406,of:0000000000000006:1 -> of:000000000000000d:4,0.001,0.00125,0.001,0.001,1.2,2026-06-22T19:35:56,0.001,1.33
ip_shuffle,20260622T193556_304406,of:0000000000000002:1 -> of:000000000000000b:4,0.003,0.00375,0.003,0.003,3.33,2026-06-22T19:35:56,0.003,3.33
ip_shuffle,20260622T193556_304406,of:0000000000000001:3 -> of:000000000000000d:1,0.001,0.00125,0.001,0.001,1.33,2026-06-22T19:35:56,0.001,1.33
ip_shuffle,20260622T193556_304406,of:0000000000000006:2 -> of:000000000000000a:2,0.001,0.00125,0.001,0.001,1.2,2026-06-22T19:35:56,0.001,1.33
ip_shuffle,20260622T193556_304406,of:0000000000000003:1 -> of:000000000000000b:5,0.001,0.00125,0.001,0.001,1.33,2026-06-22T19:35:56,0.001,1.33
ip_shuffle,20260622T193556_304406,of:0000000000000007:1 -> of:000000000000000d:5,0.001,0.00125,0.001,0.001,1.27,2026-06-22T19:35:56,0.001,1.33
ip_shuffle,20260622T193556_304406,of:0000000000000007:2 -> of:000000000000000a:3,0.001,0.00125,0.001,0.001,1.27,2026-06-22T19:35:56,0.001,1.33
ip_shuffle,20260622T193556_304406,of:0000000000000002:2 -> of:0000000000000008:2,0.001,0.00125,0.001,0.001,1.33,2026-06-22T19:35:56,0.001,1.33
ip_shuffle,20260622T193556_304406,of:0000000000000008:1 -> of:000000000000000b:6,0.001,0.00125,0.001,0.001,1.33,2026-06-22T19:35:56,0.001,1.33
ip_shuffle,20260622T193556_304406,of:0000000000000009:1 -> of:000000000000000c:6,0.001,0.00125,0.001,0.001,1.33,2026-06-22T19:35:56,0.001,1.33
ip_shuffle,20260622T193556_304406,of:0000000000000001:2 -> of:000000000000000c:1,0.001,0.00125,0.001,0.001,1.33,2026-06-22T19:35:56,0.001,1.33
ip_shuffle,20260622T193556_304406,of:0000000000000003:2 -> of:0000000000000008:3,0.001,0.00125,0.001,0.001,1.27,2026-06-22T19:35:56,0.001,1.33
route_mutation,20260622T193653_853586,of:0000000000000005:1 -> of:000000000000000c:5,0.001,0.00125,0.001,0.001,1.27,2026-06-22T19:36:53,0.001,1.33
route_mutation,20260622T193653_853586,of:000000000000000a:1 -> of:000000000000000d:6,0.001,0.00125,0.001,0.001,1.33,2026-06-22T19:36:53,0.001,1.33
route_mutation,20260622T193653_853586,of:000000000000000b:2 -> of:000000000000000c:2,0.001,0.00125,0.001,0.001,1.33,2026-06-22T19:36:53,0.001,1.33
route_mutation,20260622T193653_853586,of:0000000000000004:2 -> of:0000000000000009:2,0.001,0.00125,0.001,0.001,1.27,2026-06-22T19:36:53,0.001,1.33
route_mutation,20260622T193653_853586,of:0000000000000005:2 -> of:0000000000000009:3,0.001,0.00125,0.001,0.001,1.2,2026-06-22T19:36:53,0.001,1.33
route_mutation,20260622T193653_853586,of:000000000000000b:3 -> of:000000000000000d:2,0.001,0.00125,0.001,0.001,1.33,2026-06-22T19:36:53,0.001,1.33
route_mutation,20260622T193653_853586,of:0000000000000004:1 -> of:000000000000000c:4,0.001,0.00125,0.001,0.001,1.33,2026-06-22T19:36:53,0.001,1.33
route_mutation,20260622T193653_853586,of:000000000000000c:3 -> of:000000000000000d:3,0.001,0.00125,0.001,0.001,1.33,2026-06-22T19:36:53,0.001,1.33
route_mutation,20260622T193653_853586,of:0000000000000001:1 -> of:000000000000000b:1,0.003,0.00375,0.003,0.003,3.33,2026-06-22T19:36:53,0.003,3.33
route_mutation,20260622T193653_853586,of:0000000000000006:1 -> of:000000000000000d:4,0.001,0.00125,0.001,0.001,1.2,2026-06-22T19:36:53,0.001,1.33
route_mutation,20260622T193653_853586,of:0000000000000002:1 -> of:000000000000000b:4,0.003,0.00375,0.003,0.003,3.33,2026-06-22T19:36:53,0.003,3.33
route_mutation,20260622T193653_853586,of:0000000000000001:3 -> of:000000000000000d:1,0.001,0.00125,0.001,0.001,1.33,2026-06-22T19:36:53,0.001,1.33
route_mutation,20260622T193653_853586,of:0000000000000006:2 -> of:000000000000000a:2,0.001,0.00125,0.001,0.001,1.2,2026-06-22T19:36:53,0.001,1.33
route_mutation,20260622T193653_853586,of:0000000000000003:1 -> of:000000000000000b:5,0.001,0.00125,0.001,0.001,1.33,2026-06-22T19:36:53,0.001,1.33
route_mutation,20260622T193653_853586,of:0000000000000007:1 -> of:000000000000000d:5,0.001,0.00125,0.001,0.001,1.27,2026-06-22T19:36:53,0.001,1.33
route_mutation,20260622T193653_853586,of:0000000000000007:2 -> of:000000000000000a:3,0.001,0.00125,0.001,0.001,1.27,2026-06-22T19:36:53,0.001,1.33
route_mutation,20260622T193653_853586,of:0000000000000002:2 -> of:0000000000000008:2,0.001,0.00125,0.001,0.001,1.33,2026-06-22T19:36:53,0.001,1.33
route_mutation,20260622T193653_853586,of:0000000000000008:1 -> of:000000000000000b:6,0.001,0.00125,0.001,0.001,1.33,2026-06-22T19:36:53,0.001,1.33
route_mutation,20260622T193653_853586,of:0000000000000009:1 -> of:000000000000000c:6,0.001,0.00125,0.001,0.001,1.33,2026-06-22T19:36:53,0.001,1.33
route_mutation,20260622T193653_853586,of:0000000000000001:2 -> of:000000000000000c:1,0.001,0.00125,0.001,0.001,1.33,2026-06-22T19:36:53,0.001,1.33
route_mutation,20260622T193653_853586,of:0000000000000003:2 -> of:0000000000000008:3,0.001,0.00125,0.001,0.001,1.27,2026-06-22T19:36:53,0.001,1.33
route_mutation,20260622T193724_142332,of:0000000000000005:1 -> of:000000000000000c:5,0.001,0.00125,0.001,0.001,1.27,2026-06-22T19:37:24,0.001,1.33
route_mutation,20260622T193724_142332,of:000000000000000a:1 -> of:000000000000000d:6,0.001,0.00125,0.001,0.001,1.33,2026-06-22T19:37:24,0.001,1.33
route_mutation,20260622T193724_142332,of:000000000000000b:2 -> of:000000000000000c:2,0.001,0.00125,0.001,0.001,1.33,2026-06-22T19:37:24,0.001,1.33
route_mutation,20260622T193724_142332,of:0000000000000004:2 -> of:0000000000000009:2,0.001,0.00125,0.001,0.001,1.27,2026-06-22T19:37:24,0.001,1.33
route_mutation,20260622T193724_142332,of:0000000000000005:2 -> of:0000000000000009:3,0.001,0.00125,0.001,0.001,1.2,2026-06-22T19:37:24,0.001,1.33
route_mutation,20260622T193724_142332,of:000000000000000b:3 -> of:000000000000000d:2,0.001,0.00125,0.001,0.001,1.33,2026-06-22T19:37:24,0.001,1.33
route_mutation,20260622T193724_142332,of:0000000000000004:1 -> of:000000000000000c:4,0.001,0.00125,0.001,0.001,1.33,2026-06-22T19:37:24,0.001,1.33
route_mutation,20260622T193724_142332,of:000000000000000c:3 -> of:000000000000000d:3,0.001,0.00125,0.001,0.001,1.33,2026-06-22T19:37:24,0.001,1.33
route_mutation,20260622T193724_142332,of:0000000000000001:1 -> of:000000000000000b:1,0.003,0.00375,0.003,0.003,3.33,2026-06-22T19:37:24,0.003,3.33
route_mutation,20260622T193724_142332,of:0000000000000006:1 -> of:000000000000000d:4,0.001,0.00125,0.001,0.001,1.2,2026-06-22T19:37:24,0.001,1.33
route_mutation,20260622T193724_142332,of:0000000000000002:1 -> of:000000000000000b:4,0.003,0.00375,0.003,0.003,3.33,2026-06-22T19:37:24,0.003,3.33
route_mutation,20260622T193724_142332,of:0000000000000001:3 -> of:000000000000000d:1,0.001,0.00125,0.001,0.001,1.33,2026-06-22T19:37:24,0.001,1.33
route_mutation,20260622T193724_142332,of:0000000000000006:2 -> of:000000000000000a:2,0.001,0.00125,0.001,0.001,1.2,2026-06-22T19:37:24,0.001,1.33
route_mutation,20260622T193724_142332,of:0000000000000003:1 -> of:000000000000000b:5,0.001,0.00125,0.001,0.001,1.33,2026-06-22T19:37:24,0.001,1.33
route_mutation,20260622T193724_142332,of:0000000000000007:1 -> of:000000000000000d:5,0.001,0.00125,0.001,0.001,1.27,2026-06-22T19:37:24,0.001,1.33
route_mutation,20260622T193724_142332,of:0000000000000007:2 -> of:000000000000000a:3,0.001,0.00125,0.001,0.001,1.27,2026-06-22T19:37:24,0.001,1.33
route_mutation,20260622T193724_142332,of:0000000000000002:2 -> of:0000000000000008:2,0.001,0.00125,0.001,0.001,1.33,2026-06-22T19:37:24,0.001,1.33
route_mutation,20260622T193724_142332,of:0000000000000008:1 -> of:000000000000000b:6,0.001,0.00125,0.001,0.001,1.33,2026-06-22T19:37:24,0.001,1.33
route_mutation,20260622T193724_142332,of:0000000000000009:1 -> of:000000000000000c:6,0.001,0.00125,0.001,0.001,1.33,2026-06-22T19:37:24,0.001,1.33
route_mutation,20260622T193724_142332,of:0000000000000001:2 -> of:000000000000000c:1,0.001,0.00125,0.001,0.001,1.33,2026-06-22T19:37:24,0.001,1.33
route_mutation,20260622T193724_142332,of:0000000000000003:2 -> of:0000000000000008:3,0.001,0.00125,0.001,0.001,1.27,2026-06-22T19:37:24,0.001,1.33
route_mutation,20260622T193754_458248,of:0000000000000005:1 -> of:000000000000000c:5,0.001,0.00125,0.001,0.001,1.27,2026-06-22T19:37:54,0.001,1.33
route_mutation,20260622T193754_458248,of:000000000000000a:1 -> of:000000000000000d:6,0.001,0.00125,0.001,0.001,1.33,2026-06-22T19:37:54,0.001,1.33
route_mutation,20260622T193754_458248,of:000000000000000b:2 -> of:000000000000000c:2,0.001,0.00125,0.001,0.001,1.33,2026-06-22T19:37:54,0.001,1.33
route_mutation,20260622T193754_458248,of:0000000000000004:2 -> of:0000000000000009:2,0.001,0.00125,0.001,0.001,1.27,2026-06-22T19:37:54,0.001,1.33
route_mutation,20260622T193754_458248,of:0000000000000005:2 -> of:0000000000000009:3,0.001,0.00125,0.001,0.001,1.2,2026-06-22T19:37:54,0.001,1.33
route_mutation,20260622T193754_458248,of:000000000000000b:3 -> of:000000000000000d:2,0.001,0.00125,0.001,0.001,1.33,2026-06-22T19:37:54,0.001,1.33
route_mutation,20260622T193754_458248,of:0000000000000004:1 -> of:000000000000000c:4,0.001,0.00125,0.001,0.001,1.33,2026-06-22T19:37:54,0.001,1.33
route_mutation,20260622T193754_458248,of:000000000000000c:3 -> of:000000000000000d:3,0.001,0.00125,0.001,0.001,1.33,2026-06-22T19:37:54,0.001,1.33
route_mutation,20260622T193754_458248,of:0000000000000001:1 -> of:000000000000000b:1,0.003,0.00375,0.003,0.003,3.33,2026-06-22T19:37:54,0.003,3.33
route_mutation,20260622T193754_458248,of:0000000000000006:1 -> of:000000000000000d:4,0.001,0.00125,0.001,0.001,1.2,2026-06-22T19:37:54,0.001,1.33
route_mutation,20260622T193754_458248,of:0000000000000002:1 -> of:000000000000000b:4,0.003,0.00375,0.003,0.003,3.33,2026-06-22T19:37:54,0.003,3.33
route_mutation,20260622T193754_458248,of:0000000000000001:3 -> of:000000000000000d:1,0.001,0.00125,0.001,0.001,1.33,2026-06-22T19:37:54,0.001,1.33
route_mutation,20260622T193754_458248,of:0000000000000006:2 -> of:000000000000000a:2,0.001,0.00125,0.001,0.001,1.2,2026-06-22T19:37:54,0.001,1.33
route_mutation,20260622T193754_458248,of:0000000000000003:1 -> of:000000000000000b:5,0.001,0.00125,0.001,0.001,1.33,2026-06-22T19:37:54,0.001,1.33
route_mutation,20260622T193754_458248,of:0000000000000007:1 -> of:000000000000000d:5,0.001,0.00125,0.001,0.001,1.27,2026-06-22T19:37:54,0.001,1.33
route_mutation,20260622T193754_458248,of:0000000000000007:2 -> of:000000000000000a:3,0.001,0.00125,0.001,0.001,1.27,2026-06-22T19:37:54,0.001,1.33
route_mutation,20260622T193754_458248,of:0000000000000002:2 -> of:0000000000000008:2,0.001,0.00125,0.001,0.001,1.33,2026-06-22T19:37:54,0.001,1.33
route_mutation,20260622T193754_458248,of:0000000000000008:1 -> of:000000000000000b:6,0.001,0.00125,0.001,0.001,1.33,2026-06-22T19:37:54,0.001,1.33
route_mutation,20260622T193754_458248,of:0000000000000009:1 -> of:000000000000000c:6,0.001,0.00125,0.001,0.001,1.33,2026-06-22T19:37:54,0.001,1.33
route_mutation,20260622T193754_458248,of:0000000000000001:2 -> of:000000000000000c:1,0.001,0.00125,0.001,0.001,1.33,2026-06-22T19:37:54,0.001,1.33
route_mutation,20260622T193754_458248,of:0000000000000003:2 -> of:0000000000000008:3,0.001,0.00125,0.001,0.001,1.27,2026-06-22T19:37:54,0.001,1.33
ip_shuffle,20260622T193824_753552,of:0000000000000005:1 -> of:000000000000000c:5,0.001,0.00125,0.001,0.001,1.27,2026-06-22T19:38:24,0.001,1.33
ip_shuffle,20260622T193824_753552,of:000000000000000a:1 -> of:000000000000000d:6,0.001,0.00125,0.001,0.001,1.33,2026-06-22T19:38:24,0.001,1.33
ip_shuffle,20260622T193824_753552,of:000000000000000b:2 -> of:000000000000000c:2,0.001,0.00125,0.001,0.001,1.33,2026-06-22T19:38:24,0.001,1.33
ip_shuffle,20260622T193824_753552,of:0000000000000004:2 -> of:0000000000000009:2,0.001,0.00125,0.001,0.001,1.27,2026-06-22T19:38:24,0.001,1.33
ip_shuffle,20260622T193824_753552,of:0000000000000005:2 -> of:0000000000000009:3,0.001,0.00125,0.001,0.001,1.2,2026-06-22T19:38:24,0.001,1.33
ip_shuffle,20260622T193824_753552,of:000000000000000b:3 -> of:000000000000000d:2,0.001,0.00125,0.001,0.001,1.33,2026-06-22T19:38:24,0.001,1.33
ip_shuffle,20260622T193824_753552,of:0000000000000004:1 -> of:000000000000000c:4,0.001,0.00125,0.001,0.001,1.33,2026-06-22T19:38:24,0.001,1.33
ip_shuffle,20260622T193824_753552,of:000000000000000c:3 -> of:000000000000000d:3,0.001,0.00125,0.001,0.001,1.33,2026-06-22T19:38:24,0.001,1.33
ip_shuffle,20260622T193824_753552,of:0000000000000001:1 -> of:000000000000000b:1,0.003,0.00375,0.003,0.003,3.33,2026-06-22T19:38:24,0.003,3.33
ip_shuffle,20260622T193824_753552,of:0000000000000006:1 -> of:000000000000000d:4,0.001,0.00125,0.001,0.001,1.2,2026-06-22T19:38:24,0.001,1.33
ip_shuffle,20260622T193824_753552,of:0000000000000002:1 -> of:000000000000000b:4,0.003,0.00375,0.003,0.003,3.33,2026-06-22T19:38:24,0.003,3.33
ip_shuffle,20260622T193824_753552,of:0000000000000001:3 -> of:000000000000000d:1,0.001,0.00125,0.001,0.001,1.33,2026-06-22T19:38:24,0.001,1.33
ip_shuffle,20260622T193824_753552,of:0000000000000006:2 -> of:000000000000000a:2,0.001,0.00125,0.001,0.001,1.2,2026-06-22T19:38:24,0.001,1.33
ip_shuffle,20260622T193824_753552,of:0000000000000003:1 -> of:000000000000000b:5,0.001,0.00125,0.001,0.001,1.33,2026-06-22T19:38:24,0.001,1.33
ip_shuffle,20260622T193824_753552,of:0000000000000007:1 -> of:000000000000000d:5,0.001,0.00125,0.001,0.001,1.27,2026-06-22T19:38:24,0.001,1.33
ip_shuffle,20260622T193824_753552,of:0000000000000007:2 -> of:000000000000000a:3,0.001,0.00125,0.001,0.001,1.27,2026-06-22T19:38:24,0.001,1.33
ip_shuffle,20260622T193824_753552,of:0000000000000002:2 -> of:0000000000000008:2,0.001,0.00125,0.001,0.001,1.33,2026-06-22T19:38:24,0.001,1.33
ip_shuffle,20260622T193824_753552,of:0000000000000008:1 -> of:000000000000000b:6,0.001,0.00125,0.001,0.001,1.33,2026-06-22T19:38:24,0.001,1.33
ip_shuffle,20260622T193824_753552,of:0000000000000009:1 -> of:000000000000000c:6,0.001,0.00125,0.001,0.001,1.33,2026-06-22T19:38:24,0.001,1.33
ip_shuffle,20260622T193824_753552,of:0000000000000001:2 -> of:000000000000000c:1,0.001,0.00125,0.001,0.001,1.33,2026-06-22T19:38:24,0.001,1.33
ip_shuffle,20260622T193824_753552,of:0000000000000003:2 -> of:0000000000000008:3,0.001,0.00125,0.001,0.001,1.27,2026-06-22T19:38:24,0.001,1.33
ip_shuffle,20260622T193922_499535,of:0000000000000005:1 -> of:000000000000000c:5,0.001,0.00125,0.001,0.001,1.27,2026-06-22T19:39:22,0.001,1.33
ip_shuffle,20260622T193922_499535,of:000000000000000a:1 -> of:000000000000000d:6,0.001,0.00125,0.001,0.001,1.33,2026-06-22T19:39:22,0.001,1.33
ip_shuffle,20260622T193922_499535,of:000000000000000b:2 -> of:000000000000000c:2,0.001,0.00125,0.001,0.001,1.33,2026-06-22T19:39:22,0.001,1.33
ip_shuffle,20260622T193922_499535,of:0000000000000004:2 -> of:0000000000000009:2,0.001,0.00125,0.001,0.001,1.27,2026-06-22T19:39:22,0.001,1.33
ip_shuffle,20260622T193922_499535,of:0000000000000005:2 -> of:0000000000000009:3,0.001,0.00125,0.001,0.001,1.2,2026-06-22T19:39:22,0.001,1.33
ip_shuffle,20260622T193922_499535,of:000000000000000b:3 -> of:000000000000000d:2,0.001,0.00125,0.001,0.001,1.33,2026-06-22T19:39:22,0.001,1.33
ip_shuffle,20260622T193922_499535,of:0000000000000004:1 -> of:000000000000000c:4,0.001,0.00125,0.001,0.001,1.33,2026-06-22T19:39:22,0.001,1.33
ip_shuffle,20260622T193922_499535,of:000000000000000c:3 -> of:000000000000000d:3,0.001,0.00125,0.001,0.001,1.33,2026-06-22T19:39:22,0.001,1.33
ip_shuffle,20260622T193922_499535,of:0000000000000001:1 -> of:000000000000000b:1,0.003,0.00375,0.003,0.003,3.33,2026-06-22T19:39:22,0.003,3.33
ip_shuffle,20260622T193922_499535,of:0000000000000006:1 -> of:000000000000000d:4,0.001,0.00125,0.001,0.001,1.2,2026-06-22T19:39:22,0.001,1.33
ip_shuffle,20260622T193922_499535,of:0000000000000002:1 -> of:000000000000000b:4,0.003,0.00375,0.003,0.003,3.33,2026-06-22T19:39:22,0.003,3.33
ip_shuffle,20260622T193922_499535,of:0000000000000001:3 -> of:000000000000000d:1,0.001,0.00125,0.001,0.001,1.33,2026-06-22T19:39:22,0.001,1.33
ip_shuffle,20260622T193922_499535,of:0000000000000006:2 -> of:000000000000000a:2,0.001,0.00125,0.001,0.001,1.2,2026-06-22T19:39:22,0.001,1.33
ip_shuffle,20260622T193922_499535,of:0000000000000003:1 -> of:000000000000000b:5,0.001,0.00125,0.001,0.001,1.33,2026-06-22T19:39:22,0.001,1.33
ip_shuffle,20260622T193922_499535,of:0000000000000007:1 -> of:000000000000000d:5,0.001,0.00125,0.001,0.001,1.27,2026-06-22T19:39:22,0.001,1.33
ip_shuffle,20260622T193922_499535,of:0000000000000007:2 -> of:000000000000000a:3,0.001,0.00125,0.001,0.001,1.27,2026-06-22T19:39:22,0.001,1.33
ip_shuffle,20260622T193922_499535,of:0000000000000002:2 -> of:0000000000000008:2,0.001,0.00125,0.001,0.001,1.33,2026-06-22T19:39:22,0.001,1.33
ip_shuffle,20260622T193922_499535,of:0000000000000008:1 -> of:000000000000000b:6,0.001,0.00125,0.001,0.001,1.33,2026-06-22T19:39:22,0.001,1.33
ip_shuffle,20260622T193922_499535,of:0000000000000009:1 -> of:000000000000000c:6,0.001,0.00125,0.001,0.001,1.33,2026-06-22T19:39:22,0.001,1.33
ip_shuffle,20260622T193922_499535,of:0000000000000001:2 -> of:000000000000000c:1,0.001,0.00125,0.001,0.001,1.33,2026-06-22T19:39:22,0.001,1.33
ip_shuffle,20260622T193922_499535,of:0000000000000003:2 -> of:0000000000000008:3,0.001,0.00125,0.001,0.001,1.27,2026-06-22T19:39:22,0.001,1.33
route_mutation,20260622T194020_611762,of:0000000000000005:1 -> of:000000000000000c:5,0.001,0.00125,0.001,0.001,1.27,2026-06-22T19:40:20,0.001,1.33
route_mutation,20260622T194020_611762,of:000000000000000a:1 -> of:000000000000000d:6,0.001,0.00125,0.001,0.001,1.33,2026-06-22T19:40:20,0.001,1.33
route_mutation,20260622T194020_611762,of:000000000000000b:2 -> of:000000000000000c:2,0.001,0.00125,0.001,0.001,1.33,2026-06-22T19:40:20,0.001,1.33
route_mutation,20260622T194020_611762,of:0000000000000004:2 -> of:0000000000000009:2,0.001,0.00125,0.001,0.001,1.27,2026-06-22T19:40:20,0.001,1.33
route_mutation,20260622T194020_611762,of:0000000000000005:2 -> of:0000000000000009:3,0.001,0.00125,0.001,0.001,1.2,2026-06-22T19:40:20,0.001,1.33
route_mutation,20260622T194020_611762,of:000000000000000b:3 -> of:000000000000000d:2,0.001,0.00125,0.001,0.001,1.33,2026-06-22T19:40:20,0.001,1.33
route_mutation,20260622T194020_611762,of:0000000000000004:1 -> of:000000000000000c:4,0.001,0.00125,0.001,0.001,1.33,2026-06-22T19:40:20,0.001,1.33
route_mutation,20260622T194020_611762,of:000000000000000c:3 -> of:000000000000000d:3,0.001,0.00125,0.001,0.001,1.33,2026-06-22T19:40:20,0.001,1.33
route_mutation,20260622T194020_611762,of:0000000000000001:1 -> of:000000000000000b:1,0.003,0.00375,0.003,0.003,3.33,2026-06-22T19:40:20,0.003,3.33
route_mutation,20260622T194020_611762,of:0000000000000006:1 -> of:000000000000000d:4,0.001,0.00125,0.001,0.001,1.2,2026-06-22T19:40:20,0.001,1.33
route_mutation,20260622T194020_611762,of:0000000000000002:1 -> of:000000000000000b:4,0.003,0.00375,0.003,0.003,3.33,2026-06-22T19:40:20,0.003,3.33
route_mutation,20260622T194020_611762,of:0000000000000001:3 -> of:000000000000000d:1,0.001,0.00125,0.001,0.001,1.33,2026-06-22T19:40:20,0.001,1.33
route_mutation,20260622T194020_611762,of:0000000000000006:2 -> of:000000000000000a:2,0.001,0.00125,0.001,0.001,1.2,2026-06-22T19:40:20,0.001,1.33
route_mutation,20260622T194020_611762,of:0000000000000003:1 -> of:000000000000000b:5,0.001,0.00125,0.001,0.001,1.33,2026-06-22T19:40:20,0.001,1.33
route_mutation,20260622T194020_611762,of:0000000000000007:1 -> of:000000000000000d:5,0.001,0.00125,0.001,0.001,1.27,2026-06-22T19:40:20,0.001,1.33
route_mutation,20260622T194020_611762,of:0000000000000007:2 -> of:000000000000000a:3,0.001,0.00125,0.001,0.001,1.27,2026-06-22T19:40:20,0.001,1.33
route_mutation,20260622T194020_611762,of:0000000000000002:2 -> of:0000000000000008:2,0.001,0.00125,0.001,0.001,1.33,2026-06-22T19:40:20,0.001,1.33
route_mutation,20260622T194020_611762,of:0000000000000008:1 -> of:000000000000000b:6,0.001,0.00125,0.001,0.001,1.33,2026-06-22T19:40:20,0.001,1.33
route_mutation,20260622T194020_611762,of:0000000000000009:1 -> of:000000000000000c:6,0.001,0.00125,0.001,0.001,1.33,2026-06-22T19:40:20,0.001,1.33
route_mutation,20260622T194020_611762,of:0000000000000001:2 -> of:000000000000000c:1,0.001,0.00125,0.001,0.001,1.33,2026-06-22T19:40:20,0.001,1.33
route_mutation,20260622T194020_611762,of:0000000000000003:2 -> of:0000000000000008:3,0.001,0.00125,0.001,0.001,1.27,2026-06-22T19:40:20,0.001,1.33
route_mutation,20260622T194051_619492,of:0000000000000005:1 -> of:000000000000000c:5,0.001,0.00125,0.001,0.001,1.27,2026-06-22T19:40:51,0.001,1.33
route_mutation,20260622T194051_619492,of:000000000000000a:1 -> of:000000000000000d:6,0.001,0.00125,0.001,0.001,1.33,2026-06-22T19:40:51,0.001,1.33
route_mutation,20260622T194051_619492,of:000000000000000b:2 -> of:000000000000000c:2,0.001,0.00125,0.001,0.001,1.33,2026-06-22T19:40:51,0.001,1.33
route_mutation,20260622T194051_619492,of:0000000000000004:2 -> of:0000000000000009:2,0.001,0.00125,0.001,0.001,1.27,2026-06-22T19:40:51,0.001,1.33
route_mutation,20260622T194051_619492,of:0000000000000005:2 -> of:0000000000000009:3,0.001,0.00125,0.001,0.001,1.2,2026-06-22T19:40:51,0.001,1.33
route_mutation,20260622T194051_619492,of:000000000000000b:3 -> of:000000000000000d:2,0.001,0.00125,0.001,0.001,1.33,2026-06-22T19:40:51,0.001,1.33
route_mutation,20260622T194051_619492,of:0000000000000004:1 -> of:000000000000000c:4,0.001,0.00125,0.001,0.001,1.33,2026-06-22T19:40:51,0.001,1.33
route_mutation,20260622T194051_619492,of:000000000000000c:3 -> of:000000000000000d:3,0.001,0.00125,0.001,0.001,1.33,2026-06-22T19:40:51,0.001,1.33
route_mutation,20260622T194051_619492,of:0000000000000001:1 -> of:000000000000000b:1,0.003,0.00375,0.003,0.003,3.33,2026-06-22T19:40:51,0.003,3.33
route_mutation,20260622T194051_619492,of:0000000000000006:1 -> of:000000000000000d:4,0.001,0.00125,0.001,0.001,1.2,2026-06-22T19:40:51,0.001,1.33
route_mutation,20260622T194051_619492,of:0000000000000002:1 -> of:000000000000000b:4,0.003,0.00375,0.003,0.003,3.33,2026-06-22T19:40:51,0.003,3.33
route_mutation,20260622T194051_619492,of:0000000000000001:3 -> of:000000000000000d:1,0.001,0.00125,0.001,0.001,1.33,2026-06-22T19:40:51,0.001,1.33
route_mutation,20260622T194051_619492,of:0000000000000006:2 -> of:000000000000000a:2,0.001,0.00125,0.001,0.001,1.2,2026-06-22T19:40:51,0.001,1.33
route_mutation,20260622T194051_619492,of:0000000000000003:1 -> of:000000000000000b:5,0.001,0.00125,0.001,0.001,1.33,2026-06-22T19:40:51,0.001,1.33
route_mutation,20260622T194051_619492,of:0000000000000007:1 -> of:000000000000000d:5,0.001,0.00125,0.001,0.001,1.27,2026-06-22T19:40:51,0.001,1.33
route_mutation,20260622T194051_619492,of:0000000000000007:2 -> of:000000000000000a:3,0.001,0.00125,0.001,0.001,1.27,2026-06-22T19:40:51,0.001,1.33
route_mutation,20260622T194051_619492,of:0000000000000002:2 -> of:0000000000000008:2,0.001,0.00125,0.001,0.001,1.33,2026-06-22T19:40:51,0.001,1.33
route_mutation,20260622T194051_619492,of:0000000000000008:1 -> of:000000000000000b:6,0.001,0.00125,0.001,0.001,1.33,2026-06-22T19:40:51,0.001,1.33
route_mutation,20260622T194051_619492,of:0000000000000009:1 -> of:000000000000000c:6,0.001,0.00125,0.001,0.001,1.33,2026-06-22T19:40:51,0.001,1.33
route_mutation,20260622T194051_619492,of:0000000000000001:2 -> of:000000000000000c:1,0.001,0.00125,0.001,0.001,1.33,2026-06-22T19:40:51,0.001,1.33
route_mutation,20260622T194051_619492,of:0000000000000003:2 -> of:0000000000000008:3,0.001,0.00125,0.001,0.001,1.27,2026-06-22T19:40:51,0.001,1.33
ip_shuffle,20260622T194121_911773,of:0000000000000005:1 -> of:000000000000000c:5,0.001,0.00125,0.001,0.001,1.27,2026-06-22T19:41:21,0.001,1.33
ip_shuffle,20260622T194121_911773,of:000000000000000a:1 -> of:000000000000000d:6,0.001,0.00125,0.001,0.001,1.33,2026-06-22T19:41:21,0.001,1.33
ip_shuffle,20260622T194121_911773,of:000000000000000b:2 -> of:000000000000000c:2,0.001,0.00125,0.001,0.001,1.33,2026-06-22T19:41:21,0.001,1.33
ip_shuffle,20260622T194121_911773,of:0000000000000004:2 -> of:0000000000000009:2,0.001,0.00125,0.001,0.001,1.27,2026-06-22T19:41:21,0.001,1.33
ip_shuffle,20260622T194121_911773,of:0000000000000005:2 -> of:0000000000000009:3,0.001,0.00125,0.001,0.001,1.2,2026-06-22T19:41:21,0.001,1.33
ip_shuffle,20260622T194121_911773,of:000000000000000b:3 -> of:000000000000000d:2,0.001,0.00125,0.001,0.001,1.33,2026-06-22T19:41:21,0.001,1.33
ip_shuffle,20260622T194121_911773,of:0000000000000004:1 -> of:000000000000000c:4,0.001,0.00125,0.001,0.001,1.33,2026-06-22T19:41:21,0.001,1.33
ip_shuffle,20260622T194121_911773,of:000000000000000c:3 -> of:000000000000000d:3,0.001,0.00125,0.001,0.001,1.33,2026-06-22T19:41:21,0.001,1.33
ip_shuffle,20260622T194121_911773,of:0000000000000001:1 -> of:000000000000000b:1,0.003,0.00375,0.003,0.003,3.33,2026-06-22T19:41:21,0.003,3.33
ip_shuffle,20260622T194121_911773,of:0000000000000006:1 -> of:000000000000000d:4,0.001,0.00125,0.001,0.001,1.2,2026-06-22T19:41:21,0.001,1.33
ip_shuffle,20260622T194121_911773,of:0000000000000002:1 -> of:000000000000000b:4,0.003,0.00375,0.003,0.003,3.33,2026-06-22T19:41:21,0.003,3.33
ip_shuffle,20260622T194121_911773,of:0000000000000001:3 -> of:000000000000000d:1,0.001,0.00125,0.001,0.001,1.33,2026-06-22T19:41:21,0.001,1.33
ip_shuffle,20260622T194121_911773,of:0000000000000006:2 -> of:000000000000000a:2,0.001,0.00125,0.001,0.001,1.2,2026-06-22T19:41:21,0.001,1.33
ip_shuffle,20260622T194121_911773,of:0000000000000003:1 -> of:000000000000000b:5,0.001,0.00125,0.001,0.001,1.33,2026-06-22T19:41:21,0.001,1.33
ip_shuffle,20260622T194121_911773,of:0000000000000007:1 -> of:000000000000000d:5,0.001,0.00125,0.001,0.001,1.27,2026-06-22T19:41:21,0.001,1.33
ip_shuffle,20260622T194121_911773,of:0000000000000007:2 -> of:000000000000000a:3,0.001,0.00125,0.001,0.001,1.27,2026-06-22T19:41:21,0.001,1.33
ip_shuffle,20260622T194121_911773,of:0000000000000002:2 -> of:0000000000000008:2,0.001,0.00125,0.001,0.001,1.33,2026-06-22T19:41:21,0.001,1.33
ip_shuffle,20260622T194121_911773,of:0000000000000008:1 -> of:000000000000000b:6,0.001,0.00125,0.001,0.001,1.33,2026-06-22T19:41:21,0.001,1.33
ip_shuffle,20260622T194121_911773,of:0000000000000009:1 -> of:000000000000000c:6,0.001,0.00125,0.001,0.001,1.33,2026-06-22T19:41:21,0.001,1.33
ip_shuffle,20260622T194121_911773,of:0000000000000001:2 -> of:000000000000000c:1,0.001,0.00125,0.001,0.001,1.33,2026-06-22T19:41:21,0.001,1.33
ip_shuffle,20260622T194121_911773,of:0000000000000003:2 -> of:0000000000000008:3,0.001,0.00125,0.001,0.001,1.27,2026-06-22T19:41:21,0.001,1.33
route_mutation,20260622T194223_784272,of:0000000000000008:1 -> of:000000000000000b:6,0.0,0.0,0.0,0.0,0.0,2026-06-22T19:42:23,0.0,0.0
route_mutation,20260622T194223_784272,of:000000000000000b:3 -> of:000000000000000d:2,0.0,0.0,0.0,0.0,0.0,2026-06-22T19:42:23,0.0,0.0
route_mutation,20260622T194223_784272,of:0000000000000005:2 -> of:0000000000000009:3,0.0,0.0,0.0,0.0,0.0,2026-06-22T19:42:23,0.0,0.0
route_mutation,20260622T194223_784272,of:000000000000000c:3 -> of:000000000000000d:3,0.0,0.0,0.0,0.0,0.0,2026-06-22T19:42:23,0.0,0.0
route_mutation,20260622T194223_784272,of:000000000000000b:2 -> of:000000000000000c:2,0.0,0.0,0.0,0.0,0.0,2026-06-22T19:42:23,0.0,0.0
route_mutation,20260622T194223_784272,of:000000000000000a:1 -> of:000000000000000d:6,0.0,0.0,0.0,0.0,0.0,2026-06-22T19:42:23,0.0,0.0
route_mutation,20260622T194223_784272,of:0000000000000005:1 -> of:000000000000000c:5,0.0,0.0,0.0,0.0,0.0,2026-06-22T19:42:23,0.0,0.0
route_mutation,20260622T194223_784272,of:0000000000000004:1 -> of:000000000000000c:4,0.0,0.0,0.0,0.0,0.0,2026-06-22T19:42:23,0.0,0.0
route_mutation,20260622T194223_784272,of:0000000000000001:1 -> of:000000000000000b:1,0.0,0.0,0.0,0.0,0.0,2026-06-22T19:42:23,0.0,0.0
route_mutation,20260622T194223_784272,of:0000000000000009:1 -> of:000000000000000c:6,0.0,0.0,0.0,0.0,0.0,2026-06-22T19:42:23,0.0,0.0
route_mutation,20260622T194223_784272,of:0000000000000001:2 -> of:000000000000000c:1,0.0,0.0,0.0,0.0,0.0,2026-06-22T19:42:23,0.0,0.0
route_mutation,20260622T194223_784272,of:0000000000000001:3 -> of:000000000000000d:1,0.0,0.0,0.0,0.0,0.0,2026-06-22T19:42:23,0.0,0.0
route_mutation,20260622T194223_784272,of:0000000000000006:2 -> of:000000000000000a:2,0.0,0.0,0.0,0.0,0.0,2026-06-22T19:42:23,0.0,0.0
route_mutation,20260622T194223_784272,of:0000000000000006:1 -> of:000000000000000d:4,0.0,0.0,0.0,0.0,0.0,2026-06-22T19:42:23,0.0,0.0
route_mutation,20260622T194223_784272,of:0000000000000003:1 -> of:000000000000000b:5,0.0,0.0,0.0,0.0,0.0,2026-06-22T19:42:23,0.0,0.0
route_mutation,20260622T194223_784272,of:0000000000000007:1 -> of:000000000000000d:5,0.0,0.0,0.0,0.0,0.0,2026-06-22T19:42:23,0.0,0.0
route_mutation,20260622T194223_784272,of:0000000000000007:2 -> of:000000000000000a:3,0.0,0.0,0.0,0.0,0.0,2026-06-22T19:42:23,0.0,0.0
route_mutation,20260622T194223_784272,of:0000000000000002:2 -> of:0000000000000008:2,0.0,0.0,0.0,0.0,0.0,2026-06-22T19:42:23,0.0,0.0
route_mutation,20260622T194223_784272,of:0000000000000003:2 -> of:0000000000000008:3,0.0,0.0,0.0,0.0,0.0,2026-06-22T19:42:23,0.0,0.0
route_mutation,20260622T194223_784272,of:0000000000000002:1 -> of:000000000000000b:4,0.0,0.0,0.0,0.0,0.0,2026-06-22T19:42:23,0.0,0.0
route_mutation,20260622T194223_784272,of:0000000000000004:2 -> of:0000000000000009:2,0.0,0.0,0.0,0.0,0.0,2026-06-22T19:42:23,0.0,0.0
ip_shuffle,20260622T194254_634244,of:0000000000000004:1 -> of:000000000000000c:4,0.002,0.0025,0.002,0.002,2.2,2026-06-22T19:42:54,0.002,2.23
ip_shuffle,20260622T194254_634244,of:0000000000000005:1 -> of:000000000000000c:5,0.002,0.0025,0.002,0.002,2.2,2026-06-22T19:42:54,0.002,2.23
ip_shuffle,20260622T194254_634244,of:000000000000000a:1 -> of:000000000000000d:6,0.002,0.0025,0.002,0.002,1.5,2026-06-22T19:42:54,0.002,1.53
ip_shuffle,20260622T194254_634244,of:000000000000000b:3 -> of:000000000000000d:2,0.926,1.0,0.926,0.926,79.25,2026-06-22T19:42:54,0.926,79.29
ip_shuffle,20260622T194254_634244,of:000000000000000c:3 -> of:000000000000000d:3,0.002,0.0025,0.002,0.002,1.7,2026-06-22T19:42:54,0.002,1.7
ip_shuffle,20260622T194254_634244,of:0000000000000005:2 -> of:0000000000000009:3,0.002,0.0025,0.002,0.002,1.56,2026-06-22T19:42:54,0.002,1.56
ip_shuffle,20260622T194254_634244,of:0000000000000001:1 -> of:000000000000000b:1,0.002,0.0025,0.002,0.002,2.3,2026-06-22T19:42:54,0.002,2.33
ip_shuffle,20260622T194254_634244,of:000000000000000b:2 -> of:000000000000000c:2,0.002,0.0025,0.002,0.002,1.66,2026-06-22T19:42:54,0.002,1.66
ip_shuffle,20260622T194254_634244,of:0000000000000001:2 -> of:000000000000000c:1,0.003,0.00375,0.003,0.003,3.09,2026-06-22T19:42:54,0.003,3.13
ip_shuffle,20260622T194254_634244,of:0000000000000003:1 -> of:000000000000000b:5,0.002,0.0025,0.002,0.002,2.26,2026-06-22T19:42:54,0.002,2.23
ip_shuffle,20260622T194254_634244,of:0000000000000001:3 -> of:000000000000000d:1,0.002,0.0025,0.002,0.002,2.43,2026-06-22T19:42:54,0.002,2.36
ip_shuffle,20260622T194254_634244,of:0000000000000006:2 -> of:000000000000000a:2,0.002,0.0025,0.002,0.002,1.56,2026-06-22T19:42:54,0.002,1.56
ip_shuffle,20260622T194254_634244,of:0000000000000006:1 -> of:000000000000000d:4,0.927,1.0,0.927,0.927,79.72,2026-06-22T19:42:54,0.927,79.65
ip_shuffle,20260622T194254_634244,of:0000000000000007:1 -> of:000000000000000d:5,0.001,0.00125,0.001,0.001,1.4,2026-06-22T19:42:54,0.001,1.46
ip_shuffle,20260622T194254_634244,of:0000000000000007:2 -> of:000000000000000a:3,0.002,0.0025,0.002,0.002,1.56,2026-06-22T19:42:54,0.002,1.56
ip_shuffle,20260622T194254_634244,of:0000000000000002:2 -> of:0000000000000008:2,0.002,0.0025,0.002,0.002,1.7,2026-06-22T19:42:54,0.002,1.7
ip_shuffle,20260622T194254_634244,of:0000000000000003:2 -> of:0000000000000008:3,0.926,1.0,0.926,0.926,79.25,2026-06-22T19:42:54,0.926,79.29
ip_shuffle,20260622T194254_634244,of:0000000000000008:1 -> of:000000000000000b:6,0.926,1.0,0.926,0.926,79.05,2026-06-22T19:42:54,0.926,79.05
ip_shuffle,20260622T194254_634244,of:0000000000000009:1 -> of:000000000000000c:6,0.002,0.0025,0.002,0.002,1.5,2026-06-22T19:42:54,0.002,1.5
ip_shuffle,20260622T194254_634244,of:0000000000000002:1 -> of:000000000000000b:4,0.002,0.0025,0.002,0.002,1.56,2026-06-22T19:42:54,0.002,1.53
ip_shuffle,20260622T194254_634244,of:0000000000000004:2 -> of:0000000000000009:2,0.002,0.0025,0.002,0.002,1.56,2026-06-22T19:42:54,0.002,1.56
route_mutation,20260622T194406_978492,of:0000000000000004:1 -> of:000000000000000c:4,0.002,0.0025,0.002,0.002,1.56,2026-06-22T19:44:06,0.002,1.53
route_mutation,20260622T194406_978492,of:0000000000000005:1 -> of:000000000000000c:5,0.002,0.0025,0.002,0.002,1.56,2026-06-22T19:44:06,0.002,1.53
route_mutation,20260622T194406_978492,of:000000000000000a:1 -> of:000000000000000d:6,0.001,0.00125,0.001,0.001,1.4,2026-06-22T19:44:06,0.001,1.4
route_mutation,20260622T194406_978492,of:000000000000000b:3 -> of:000000000000000d:2,0.002,0.0025,0.002,0.002,1.53,2026-06-22T19:44:06,0.002,1.53
route_mutation,20260622T194406_978492,of:000000000000000c:3 -> of:000000000000000d:3,0.002,0.0025,0.002,0.002,1.53,2026-06-22T19:44:06,0.002,1.53
route_mutation,20260622T194406_978492,of:0000000000000005:2 -> of:0000000000000009:3,0.002,0.0025,0.002,0.002,1.73,2026-06-22T19:44:06,0.002,1.73
route_mutation,20260622T194406_978492,of:0000000000000001:1 -> of:000000000000000b:1,0.002,0.0025,0.002,0.002,2.3,2026-06-22T19:44:06,0.002,2.33
route_mutation,20260622T194406_978492,of:000000000000000b:2 -> of:000000000000000c:2,0.001,0.00125,0.001,0.001,1.46,2026-06-22T19:44:06,0.001,1.46
route_mutation,20260622T194406_978492,of:0000000000000001:2 -> of:000000000000000c:1,0.001,0.00125,0.001,0.001,1.33,2026-06-22T19:44:06,0.001,1.33
route_mutation,20260622T194406_978492,of:0000000000000003:1 -> of:000000000000000b:5,0.002,0.0025,0.002,0.002,1.73,2026-06-22T19:44:06,0.002,1.73
route_mutation,20260622T194406_978492,of:0000000000000001:3 -> of:000000000000000d:1,0.002,0.0025,0.002,0.002,2.03,2026-06-22T19:44:06,0.002,2.03
route_mutation,20260622T194406_978492,of:0000000000000006:2 -> of:000000000000000a:2,0.002,0.0025,0.002,0.002,1.56,2026-06-22T19:44:06,0.002,1.56
route_mutation,20260622T194406_978492,of:0000000000000006:1 -> of:000000000000000d:4,0.002,0.0025,0.002,0.002,1.56,2026-06-22T19:44:06,0.002,1.53
route_mutation,20260622T194406_978492,of:0000000000000007:1 -> of:000000000000000d:5,0.002,0.0025,0.002,0.002,2.13,2026-06-22T19:44:06,0.002,2.1
route_mutation,20260622T194406_978492,of:0000000000000007:2 -> of:000000000000000a:3,0.002,0.0025,0.002,0.002,1.56,2026-06-22T19:44:06,0.002,1.56
route_mutation,20260622T194406_978492,of:0000000000000002:2 -> of:0000000000000008:2,0.001,0.00125,0.001,0.001,1.5,2026-06-22T19:44:06,0.001,1.5
route_mutation,20260622T194406_978492,of:0000000000000003:2 -> of:0000000000000008:3,0.001,0.00125,0.001,0.001,1.5,2026-06-22T19:44:06,0.001,1.5
route_mutation,20260622T194406_978492,of:0000000000000008:1 -> of:000000000000000b:6,0.001,0.00125,0.001,0.001,1.36,2026-06-22T19:44:06,0.001,1.33
route_mutation,20260622T194406_978492,of:0000000000000009:1 -> of:000000000000000c:6,0.001,0.00125,0.001,0.001,1.36,2026-06-22T19:44:06,0.001,1.33
route_mutation,20260622T194406_978492,of:0000000000000002:1 -> of:000000000000000b:4,0.002,0.0025,0.002,0.002,1.93,2026-06-22T19:44:06,0.002,1.93
route_mutation,20260622T194406_978492,of:0000000000000004:2 -> of:0000000000000009:2,0.002,0.0025,0.002,0.002,1.73,2026-06-22T19:44:06,0.002,1.73
ip_shuffle,20260622T203536_724467,of:0000000000000004:1 -> of:000000000000000c:4,0.002,0.0025,0.002,0.002,1.7,2026-06-22T20:35:36,0.002,1.73
ip_shuffle,20260622T203536_724467,of:0000000000000005:1 -> of:000000000000000c:5,0.002,0.0025,0.002,0.002,1.73,2026-06-22T20:35:36,0.002,1.76
ip_shuffle,20260622T203536_724467,of:000000000000000a:1 -> of:000000000000000d:6,0.002,0.0025,0.002,0.002,1.86,2026-06-22T20:35:36,0.002,1.86
ip_shuffle,20260622T203536_724467,of:000000000000000b:3 -> of:000000000000000d:2,0.002,0.0025,0.002,0.002,2.13,2026-06-22T20:35:36,0.002,2.13
ip_shuffle,20260622T203536_724467,of:000000000000000c:3 -> of:000000000000000d:3,0.002,0.0025,0.002,0.002,2.13,2026-06-22T20:35:36,0.002,2.13
ip_shuffle,20260622T203536_724467,of:0000000000000005:2 -> of:0000000000000009:3,0.002,0.0025,0.002,0.002,1.96,2026-06-22T20:35:36,0.002,1.96
ip_shuffle,20260622T203536_724467,of:0000000000000001:1 -> of:000000000000000b:1,0.002,0.0025,0.002,0.002,1.73,2026-06-22T20:35:36,0.002,1.73
ip_shuffle,20260622T203536_724467,of:000000000000000b:2 -> of:000000000000000c:2,0.002,0.0025,0.002,0.002,2.13,2026-06-22T20:35:36,0.002,2.13
ip_shuffle,20260622T203536_724467,of:0000000000000001:2 -> of:000000000000000c:1,0.002,0.0025,0.002,0.002,1.76,2026-06-22T20:35:36,0.002,1.76
ip_shuffle,20260622T203536_724467,of:0000000000000003:1 -> of:000000000000000b:5,0.002,0.0025,0.002,0.002,1.73,2026-06-22T20:35:36,0.002,1.73
ip_shuffle,20260622T203536_724467,of:0000000000000001:3 -> of:000000000000000d:1,0.003,0.00375,0.003,0.003,3.43,2026-06-22T20:35:36,0.003,3.43
ip_shuffle,20260622T203536_724467,of:0000000000000006:2 -> of:000000000000000a:2,0.002,0.0025,0.002,0.002,2.16,2026-06-22T20:35:36,0.002,2.16
ip_shuffle,20260622T203536_724467,of:0000000000000006:1 -> of:000000000000000d:4,0.002,0.0025,0.002,0.002,2.66,2026-06-22T20:35:36,0.002,2.66
ip_shuffle,20260622T203536_724467,of:0000000000000007:1 -> of:000000000000000d:5,0.002,0.0025,0.002,0.002,2.33,2026-06-22T20:35:36,0.002,2.36
ip_shuffle,20260622T203536_724467,of:0000000000000007:2 -> of:000000000000000a:3,0.002,0.0025,0.002,0.002,2.16,2026-06-22T20:35:36,0.002,2.16
ip_shuffle,20260622T203536_724467,of:0000000000000002:2 -> of:0000000000000008:2,0.002,0.0025,0.002,0.002,2.06,2026-06-22T20:35:36,0.002,2.06
ip_shuffle,20260622T203536_724467,of:0000000000000003:2 -> of:0000000000000008:3,0.002,0.0025,0.002,0.002,2.06,2026-06-22T20:35:36,0.002,2.06
ip_shuffle,20260622T203536_724467,of:0000000000000008:1 -> of:000000000000000b:6,0.002,0.0025,0.002,0.002,1.66,2026-06-22T20:35:36,0.002,1.73
ip_shuffle,20260622T203536_724467,of:0000000000000009:1 -> of:000000000000000c:6,0.002,0.0025,0.002,0.002,1.6,2026-06-22T20:35:36,0.002,1.66
ip_shuffle,20260622T203536_724467,of:0000000000000002:1 -> of:000000000000000b:4,0.002,0.0025,0.002,0.002,1.73,2026-06-22T20:35:36,0.002,1.73
ip_shuffle,20260622T203536_724467,of:0000000000000004:2 -> of:0000000000000009:2,0.002,0.0025,0.002,0.002,1.96,2026-06-22T20:35:36,0.002,1.96
route_mutation,20260622T203649_127303,of:0000000000000004:1 -> of:000000000000000c:4,0.002,0.0025,0.002,0.002,2.08,2026-06-22T20:36:49,0.002,2.08
route_mutation,20260622T203649_127303,of:0000000000000005:1 -> of:000000000000000c:5,0.002,0.0025,0.002,0.002,2.5,2026-06-22T20:36:49,0.002,2.5
route_mutation,20260622T203649_127303,of:000000000000000a:1 -> of:000000000000000d:6,0.002,0.0025,0.002,0.002,2.01,2026-06-22T20:36:49,0.002,2.01
route_mutation,20260622T203649_127303,of:000000000000000b:3 -> of:000000000000000d:2,0.448,0.5599999999999999,0.448,0.448,40.95,2026-06-22T20:36:49,0.448,40.95
route_mutation,20260622T203649_127303,of:000000000000000c:3 -> of:000000000000000d:3,0.002,0.0025,0.002,0.002,2.86,2026-06-22T20:36:49,0.002,2.86
route_mutation,20260622T203649_127303,of:0000000000000005:2 -> of:0000000000000009:3,0.002,0.0025,0.002,0.002,2.66,2026-06-22T20:36:49,0.002,2.66
route_mutation,20260622T203649_127303,of:0000000000000001:1 -> of:000000000000000b:1,0.002,0.0025,0.002,0.002,2.01,2026-06-22T20:36:49,0.002,2.08
route_mutation,20260622T203649_127303,of:000000000000000b:2 -> of:000000000000000c:2,0.002,0.0025,0.002,0.002,2.86,2026-06-22T20:36:49,0.002,2.86
route_mutation,20260622T203649_127303,of:0000000000000001:2 -> of:000000000000000c:1,0.002,0.0025,0.002,0.002,2.56,2026-06-22T20:36:49,0.002,2.56
route_mutation,20260622T203649_127303,of:0000000000000003:1 -> of:000000000000000b:5,0.445,0.55625,0.445,0.43,38.61,2026-06-22T20:36:49,0.445,39.88
route_mutation,20260622T203649_127303,of:0000000000000001:3 -> of:000000000000000d:1,0.003,0.00375,0.003,0.003,3.96,2026-06-22T20:36:49,0.003,4.02
route_mutation,20260622T203649_127303,of:0000000000000006:2 -> of:000000000000000a:2,0.002,0.0025,0.002,0.002,2.66,2026-06-22T20:36:49,0.002,2.66
route_mutation,20260622T203649_127303,of:0000000000000006:1 -> of:000000000000000d:4,0.452,0.565,0.452,0.452,41.54,2026-06-22T20:36:49,0.437,40.27
route_mutation,20260622T203649_127303,of:0000000000000007:1 -> of:000000000000000d:5,0.002,0.0025,0.002,0.002,2.99,2026-06-22T20:36:49,0.002,2.99
route_mutation,20260622T203649_127303,of:0000000000000007:2 -> of:000000000000000a:3,0.002,0.0025,0.002,0.002,2.66,2026-06-22T20:36:49,0.002,2.66
route_mutation,20260622T203649_127303,of:0000000000000002:2 -> of:0000000000000008:2,0.002,0.0025,0.002,0.002,2.66,2026-06-22T20:36:49,0.002,2.66
route_mutation,20260622T203649_127303,of:0000000000000003:2 -> of:0000000000000008:3,0.002,0.0025,0.002,0.002,2.66,2026-06-22T20:36:49,0.002,2.66
route_mutation,20260622T203649_127303,of:0000000000000008:1 -> of:000000000000000b:6,0.002,0.0025,0.002,0.002,2.01,2026-06-22T20:36:49,0.002,2.01
route_mutation,20260622T203649_127303,of:0000000000000009:1 -> of:000000000000000c:6,0.002,0.0025,0.002,0.002,2.01,2026-06-22T20:36:49,0.002,2.01
route_mutation,20260622T203649_127303,of:0000000000000002:1 -> of:000000000000000b:4,0.002,0.0025,0.002,0.002,2.08,2026-06-22T20:36:49,0.002,2.08
route_mutation,20260622T203649_127303,of:0000000000000004:2 -> of:0000000000000009:2,0.002,0.0025,0.002,0.002,2.66,2026-06-22T20:36:49,0.002,2.66
route_mutation,20260622T203719_536875,of:0000000000000004:1 -> of:000000000000000c:4,0.001,0.00125,0.001,0.001,1.2,2026-06-22T20:37:19,0.001,1.2
route_mutation,20260622T203719_536875,of:0000000000000005:1 -> of:000000000000000c:5,0.001,0.00125,0.001,0.001,1.2,2026-06-22T20:37:19,0.001,1.2
route_mutation,20260622T203719_536875,of:000000000000000a:1 -> of:000000000000000d:6,0.001,0.00125,0.001,0.001,1.2,2026-06-22T20:37:19,0.001,1.2
route_mutation,20260622T203719_536875,of:000000000000000b:3 -> of:000000000000000d:2,1.06,1.0,1.0,1.038,88.23,2026-06-22T20:37:19,1.06,90.1
route_mutation,20260622T203719_536875,of:000000000000000c:3 -> of:000000000000000d:3,0.001,0.00125,0.001,0.001,1.2,2026-06-22T20:37:19,0.001,1.2
route_mutation,20260622T203719_536875,of:0000000000000005:2 -> of:0000000000000009:3,0.001,0.00125,0.001,0.001,1.2,2026-06-22T20:37:19,0.001,1.2
route_mutation,20260622T203719_536875,of:0000000000000001:1 -> of:000000000000000b:1,0.001,0.00125,0.001,0.001,1.26,2026-06-22T20:37:19,0.001,1.2
route_mutation,20260622T203719_536875,of:000000000000000b:2 -> of:000000000000000c:2,0.001,0.00125,0.001,0.001,1.2,2026-06-22T20:37:19,0.001,1.2
route_mutation,20260622T203719_536875,of:0000000000000001:2 -> of:000000000000000c:1,0.001,0.00125,0.001,0.001,1.2,2026-06-22T20:37:19,0.001,1.2
route_mutation,20260622T203719_536875,of:0000000000000003:1 -> of:000000000000000b:5,1.041,1.0,1.0,1.009,85.77,2026-06-22T20:37:19,1.041,88.5
route_mutation,20260622T203719_536875,of:0000000000000001:3 -> of:000000000000000d:1,0.002,0.0025,0.002,0.002,1.76,2026-06-22T20:37:19,0.002,1.7
route_mutation,20260622T203719_536875,of:0000000000000006:2 -> of:000000000000000a:2,0.001,0.00125,0.001,0.001,1.2,2026-06-22T20:37:19,0.001,1.2
route_mutation,20260622T203719_536875,of:0000000000000006:1 -> of:000000000000000d:4,1.057,1.0,1.0,1.057,89.83,2026-06-22T20:37:19,1.023,87.0
route_mutation,20260622T203719_536875,of:0000000000000007:1 -> of:000000000000000d:5,0.002,0.0025,0.002,0.002,1.66,2026-06-22T20:37:19,0.002,1.66
route_mutation,20260622T203719_536875,of:0000000000000007:2 -> of:000000000000000a:3,0.001,0.00125,0.001,0.001,1.2,2026-06-22T20:37:19,0.001,1.2
route_mutation,20260622T203719_536875,of:0000000000000002:2 -> of:0000000000000008:2,0.001,0.00125,0.001,0.001,1.2,2026-06-22T20:37:19,0.001,1.2
route_mutation,20260622T203719_536875,of:0000000000000003:2 -> of:0000000000000008:3,0.001,0.00125,0.001,0.001,1.2,2026-06-22T20:37:19,0.001,1.2
route_mutation,20260622T203719_536875,of:0000000000000008:1 -> of:000000000000000b:6,0.001,0.00125,0.001,0.001,1.2,2026-06-22T20:37:19,0.001,1.2
route_mutation,20260622T203719_536875,of:0000000000000009:1 -> of:000000000000000c:6,0.001,0.00125,0.001,0.001,1.2,2026-06-22T20:37:19,0.001,1.2
route_mutation,20260622T203719_536875,of:0000000000000002:1 -> of:000000000000000b:4,0.001,0.00125,0.001,0.001,1.2,2026-06-22T20:37:19,0.001,1.2
route_mutation,20260622T203719_536875,of:0000000000000004:2 -> of:0000000000000009:2,0.001,0.00125,0.001,0.001,1.2,2026-06-22T20:37:19,0.001,1.2
route_mutation,20260622T203749_895098,of:0000000000000004:1 -> of:000000000000000c:4,0.002,0.0025,0.002,0.002,1.86,2026-06-22T20:37:49,0.002,1.86
route_mutation,20260622T203749_895098,of:0000000000000005:1 -> of:000000000000000c:5,0.001,0.00125,0.001,0.001,1.46,2026-06-22T20:37:49,0.001,1.46
route_mutation,20260622T203749_895098,of:000000000000000a:1 -> of:000000000000000d:6,0.002,0.0025,0.002,0.002,1.53,2026-06-22T20:37:49,0.002,1.53
route_mutation,20260622T203749_895098,of:000000000000000b:3 -> of:000000000000000d:2,0.925,1.0,0.925,0.925,79.16,2026-06-22T20:37:49,0.921,78.89
route_mutation,20260622T203749_895098,of:000000000000000c:3 -> of:000000000000000d:3,0.002,0.0025,0.002,0.002,1.73,2026-06-22T20:37:49,0.002,1.73
route_mutation,20260622T203749_895098,of:0000000000000005:2 -> of:0000000000000009:3,0.002,0.0025,0.002,0.002,1.66,2026-06-22T20:37:49,0.002,1.66
route_mutation,20260622T203749_895098,of:0000000000000001:1 -> of:000000000000000b:1,0.003,0.00375,0.003,0.003,3.5,2026-06-22T20:37:49,0.003,3.5
route_mutation,20260622T203749_895098,of:000000000000000b:2 -> of:000000000000000c:2,0.002,0.0025,0.002,0.002,1.73,2026-06-22T20:37:49,0.002,1.73
route_mutation,20260622T203749_895098,of:0000000000000001:2 -> of:000000000000000c:1,0.002,0.0025,0.002,0.002,1.8,2026-06-22T20:37:49,0.002,1.83
route_mutation,20260622T203749_895098,of:0000000000000003:1 -> of:000000000000000b:5,0.929,1.0,0.929,0.929,80.19,2026-06-22T20:37:49,0.925,79.89
route_mutation,20260622T203749_895098,of:0000000000000001:3 -> of:000000000000000d:1,0.001,0.00125,0.001,0.001,1.46,2026-06-22T20:37:49,0.001,1.46
route_mutation,20260622T203749_895098,of:0000000000000006:2 -> of:000000000000000a:2,0.002,0.0025,0.002,0.002,1.73,2026-06-22T20:37:49,0.002,1.73
route_mutation,20260622T203749_895098,of:0000000000000006:1 -> of:000000000000000d:4,0.924,1.0,0.924,0.921,78.69,2026-06-22T20:37:49,0.924,78.96
route_mutation,20260622T203749_895098,of:0000000000000007:1 -> of:000000000000000d:5,0.002,0.0025,0.002,0.002,1.53,2026-06-22T20:37:49,0.002,1.53
route_mutation,20260622T203749_895098,of:0000000000000007:2 -> of:000000000000000a:3,0.002,0.0025,0.002,0.002,1.73,2026-06-22T20:37:49,0.002,1.73
route_mutation,20260622T203749_895098,of:0000000000000002:2 -> of:0000000000000008:2,0.002,0.0025,0.002,0.002,1.66,2026-06-22T20:37:49,0.002,1.66
route_mutation,20260622T203749_895098,of:0000000000000003:2 -> of:0000000000000008:3,0.002,0.0025,0.002,0.002,1.66,2026-06-22T20:37:49,0.002,1.66
route_mutation,20260622T203749_895098,of:0000000000000008:1 -> of:000000000000000b:6,0.002,0.0025,0.002,0.002,1.53,2026-06-22T20:37:49,0.002,1.53
route_mutation,20260622T203749_895098,of:0000000000000009:1 -> of:000000000000000c:6,0.002,0.0025,0.002,0.002,1.53,2026-06-22T20:37:49,0.002,1.53
route_mutation,20260622T203749_895098,of:0000000000000002:1 -> of:000000000000000b:4,0.002,0.0025,0.002,0.002,2.5,2026-06-22T20:37:49,0.002,2.5
route_mutation,20260622T203749_895098,of:0000000000000004:2 -> of:0000000000000009:2,0.002,0.0025,0.002,0.002,1.66,2026-06-22T20:37:49,0.002,1.66
route_mutation,20260622T203820_291288,of:0000000000000004:1 -> of:000000000000000c:4,0.002,0.0025,0.002,0.002,2.26,2026-06-22T20:38:20,0.002,2.3
route_mutation,20260622T203820_291288,of:0000000000000005:1 -> of:000000000000000c:5,0.002,0.0025,0.002,0.002,2.66,2026-06-22T20:38:20,0.002,2.69
route_mutation,20260622T203820_291288,of:000000000000000a:1 -> of:000000000000000d:6,0.002,0.0025,0.002,0.002,1.83,2026-06-22T20:38:20,0.002,1.83
route_mutation,20260622T203820_291288,of:000000000000000b:3 -> of:000000000000000d:2,0.926,1.0,0.926,0.925,79.94,2026-06-22T20:38:20,0.926,79.98
route_mutation,20260622T203820_291288,of:000000000000000c:3 -> of:000000000000000d:3,0.002,0.0025,0.002,0.002,2.46,2026-06-22T20:38:20,0.002,2.46
route_mutation,20260622T203820_291288,of:0000000000000005:2 -> of:0000000000000009:3,0.002,0.0025,0.002,0.002,2.33,2026-06-22T20:38:20,0.002,2.33
route_mutation,20260622T203820_291288,of:0000000000000001:1 -> of:000000000000000b:1,0.002,0.0025,0.002,0.002,1.86,2026-06-22T20:38:20,0.002,1.8
route_mutation,20260622T203820_291288,of:000000000000000b:2 -> of:000000000000000c:2,0.002,0.0025,0.002,0.002,2.4,2026-06-22T20:38:20,0.002,2.4
route_mutation,20260622T203820_291288,of:0000000000000001:2 -> of:000000000000000c:1,0.003,0.00375,0.003,0.003,3.16,2026-06-22T20:38:20,0.003,3.06
route_mutation,20260622T203820_291288,of:0000000000000003:1 -> of:000000000000000b:5,0.926,1.0,0.926,0.923,79.14,2026-06-22T20:38:20,0.926,79.44
route_mutation,20260622T203820_291288,of:0000000000000001:3 -> of:000000000000000d:1,0.003,0.00375,0.003,0.003,3.29,2026-06-22T20:38:20,0.003,3.39
route_mutation,20260622T203820_291288,of:0000000000000006:2 -> of:000000000000000a:2,0.002,0.0025,0.002,0.002,2.26,2026-06-22T20:38:20,0.002,2.26
route_mutation,20260622T203820_291288,of:0000000000000006:1 -> of:000000000000000d:4,0.926,1.0,0.926,0.926,80.47,2026-06-22T20:38:20,0.926,80.51
route_mutation,20260622T203820_291288,of:0000000000000007:1 -> of:000000000000000d:5,0.002,0.0025,0.002,0.002,2.3,2026-06-22T20:38:20,0.002,2.26
route_mutation,20260622T203820_291288,of:0000000000000007:2 -> of:000000000000000a:3,0.002,0.0025,0.002,0.002,2.3,2026-06-22T20:38:20,0.002,2.26
route_mutation,20260622T203820_291288,of:0000000000000002:2 -> of:0000000000000008:2,0.002,0.0025,0.002,0.002,2.3,2026-06-22T20:38:20,0.002,2.3
route_mutation,20260622T203820_291288,of:0000000000000003:2 -> of:0000000000000008:3,0.002,0.0025,0.002,0.002,2.3,2026-06-22T20:38:20,0.002,2.3
route_mutation,20260622T203820_291288,of:0000000000000008:1 -> of:000000000000000b:6,0.002,0.0025,0.002,0.002,1.73,2026-06-22T20:38:20,0.002,1.76
route_mutation,20260622T203820_291288,of:0000000000000009:1 -> of:000000000000000c:6,0.002,0.0025,0.002,0.002,1.8,2026-06-22T20:38:20,0.002,1.83
route_mutation,20260622T203820_291288,of:0000000000000002:1 -> of:000000000000000b:4,0.002,0.0025,0.002,0.002,1.76,2026-06-22T20:38:20,0.002,1.83
route_mutation,20260622T203820_291288,of:0000000000000004:2 -> of:0000000000000009:2,0.002,0.0025,0.002,0.002,2.33,2026-06-22T20:38:20,0.002,2.33
ip_shuffle,20260622T203850_681997,of:0000000000000004:1 -> of:000000000000000c:4,0.001,0.00125,0.001,0.001,1.43,2026-06-22T20:38:50,0.001,1.4
ip_shuffle,20260622T203850_681997,of:0000000000000005:1 -> of:000000000000000c:5,0.001,0.00125,0.001,0.001,1.43,2026-06-22T20:38:50,0.001,1.4
ip_shuffle,20260622T203850_681997,of:000000000000000a:1 -> of:000000000000000d:6,0.001,0.00125,0.001,0.001,1.4,2026-06-22T20:38:50,0.001,1.4
ip_shuffle,20260622T203850_681997,of:000000000000000b:3 -> of:000000000000000d:2,0.926,1.0,0.926,0.926,79.17,2026-06-22T20:38:50,0.926,79.17
ip_shuffle,20260622T203850_681997,of:000000000000000c:3 -> of:000000000000000d:3,0.001,0.00125,0.001,0.001,1.46,2026-06-22T20:38:50,0.001,1.46
ip_shuffle,20260622T203850_681997,of:0000000000000005:2 -> of:0000000000000009:3,0.002,0.0025,0.002,0.002,1.66,2026-06-22T20:38:50,0.002,1.66
ip_shuffle,20260622T203850_681997,of:0000000000000001:1 -> of:000000000000000b:1,0.002,0.0025,0.002,0.002,1.46,2026-06-22T20:38:50,0.002,1.53
ip_shuffle,20260622T203850_681997,of:000000000000000b:2 -> of:000000000000000c:2,0.002,0.0025,0.002,0.002,1.53,2026-06-22T20:38:50,0.002,1.53
ip_shuffle,20260622T203850_681997,of:0000000000000001:2 -> of:000000000000000c:1,0.001,0.00125,0.001,0.001,1.4,2026-06-22T20:38:50,0.001,1.46
ip_shuffle,20260622T203850_681997,of:0000000000000003:1 -> of:000000000000000b:5,0.926,1.0,0.926,0.926,79.17,2026-06-22T20:38:50,0.926,79.07
ip_shuffle,20260622T203850_681997,of:0000000000000001:3 -> of:000000000000000d:1,0.002,0.0025,0.002,0.002,2.3,2026-06-22T20:38:50,0.002,2.2
ip_shuffle,20260622T203850_681997,of:0000000000000006:2 -> of:000000000000000a:2,0.002,0.0025,0.002,0.002,1.66,2026-06-22T20:38:50,0.002,1.66
ip_shuffle,20260622T203850_681997,of:0000000000000006:1 -> of:000000000000000d:4,0.926,1.0,0.926,0.926,79.07,2026-06-22T20:38:50,0.926,79.03
ip_shuffle,20260622T203850_681997,of:0000000000000007:1 -> of:000000000000000d:5,0.002,0.0025,0.002,0.002,2.13,2026-06-22T20:38:50,0.002,2.16
ip_shuffle,20260622T203850_681997,of:0000000000000007:2 -> of:000000000000000a:3,0.002,0.0025,0.002,0.002,1.63,2026-06-22T20:38:50,0.002,1.66
ip_shuffle,20260622T203850_681997,of:0000000000000002:2 -> of:0000000000000008:2,0.002,0.0025,0.002,0.002,1.7,2026-06-22T20:38:50,0.002,1.7
ip_shuffle,20260622T203850_681997,of:0000000000000003:2 -> of:0000000000000008:3,0.002,0.0025,0.002,0.002,1.7,2026-06-22T20:38:50,0.002,1.7
ip_shuffle,20260622T203850_681997,of:0000000000000008:1 -> of:000000000000000b:6,0.002,0.0025,0.002,0.002,1.5,2026-06-22T20:38:50,0.002,1.46
ip_shuffle,20260622T203850_681997,of:0000000000000009:1 -> of:000000000000000c:6,0.001,0.00125,0.001,0.001,1.43,2026-06-22T20:38:50,0.001,1.4
ip_shuffle,20260622T203850_681997,of:0000000000000002:1 -> of:000000000000000b:4,0.002,0.0025,0.002,0.002,1.53,2026-06-22T20:38:50,0.002,1.46
ip_shuffle,20260622T203850_681997,of:0000000000000004:2 -> of:0000000000000009:2,0.002,0.0025,0.002,0.002,1.66,2026-06-22T20:38:50,0.002,1.66
ip_shuffle,20260622T204003_780099,of:0000000000000004:1 -> of:000000000000000c:4,0.002,0.0025,0.002,0.002,2.36,2026-06-22T20:40:03,0.002,2.4
ip_shuffle,20260622T204003_780099,of:0000000000000005:1 -> of:000000000000000c:5,0.002,0.0025,0.002,0.002,2.63,2026-06-22T20:40:03,0.002,2.66
ip_shuffle,20260622T204003_780099,of:000000000000000a:1 -> of:000000000000000d:6,0.002,0.0025,0.002,0.002,1.8,2026-06-22T20:40:03,0.002,1.8
ip_shuffle,20260622T204003_780099,of:000000000000000b:3 -> of:000000000000000d:2,0.002,0.0025,0.002,0.002,2.33,2026-06-22T20:40:03,0.002,2.33
ip_shuffle,20260622T204003_780099,of:000000000000000c:3 -> of:000000000000000d:3,0.002,0.0025,0.002,0.002,2.4,2026-06-22T20:40:03,0.002,2.4
ip_shuffle,20260622T204003_780099,of:0000000000000005:2 -> of:0000000000000009:3,0.002,0.0025,0.002,0.002,2.26,2026-06-22T20:40:03,0.002,2.26
ip_shuffle,20260622T204003_780099,of:0000000000000001:1 -> of:000000000000000b:1,0.002,0.0025,0.002,0.002,1.86,2026-06-22T20:40:03,0.002,1.8
ip_shuffle,20260622T204003_780099,of:000000000000000b:2 -> of:000000000000000c:2,0.002,0.0025,0.002,0.002,2.33,2026-06-22T20:40:03,0.002,2.33
ip_shuffle,20260622T204003_780099,of:0000000000000001:2 -> of:000000000000000c:1,0.003,0.00375,0.003,0.003,3.26,2026-06-22T20:40:03,0.003,3.2
ip_shuffle,20260622T204003_780099,of:0000000000000003:1 -> of:000000000000000b:5,0.002,0.0025,0.002,0.002,1.8,2026-06-22T20:40:03,0.002,1.86
ip_shuffle,20260622T204003_780099,of:0000000000000001:3 -> of:000000000000000d:1,0.003,0.00375,0.003,0.003,3.33,2026-06-22T20:40:03,0.003,3.43
ip_shuffle,20260622T204003_780099,of:0000000000000006:2 -> of:000000000000000a:2,0.002,0.0025,0.002,0.002,2.23,2026-06-22T20:40:03,0.002,2.23
ip_shuffle,20260622T204003_780099,of:0000000000000006:1 -> of:000000000000000d:4,0.002,0.0025,0.002,0.002,2.9,2026-06-22T20:40:03,0.002,2.93
ip_shuffle,20260622T204003_780099,of:0000000000000007:1 -> of:000000000000000d:5,0.002,0.0025,0.002,0.002,2.16,2026-06-22T20:40:03,0.002,2.1
ip_shuffle,20260622T204003_780099,of:0000000000000007:2 -> of:000000000000000a:3,0.002,0.0025,0.002,0.002,2.23,2026-06-22T20:40:03,0.002,2.23
ip_shuffle,20260622T204003_780099,of:0000000000000002:2 -> of:0000000000000008:2,0.002,0.0025,0.002,0.002,2.23,2026-06-22T20:40:03,0.002,2.23
ip_shuffle,20260622T204003_780099,of:0000000000000003:2 -> of:0000000000000008:3,0.002,0.0025,0.002,0.002,2.23,2026-06-22T20:40:03,0.002,2.23
ip_shuffle,20260622T204003_780099,of:0000000000000008:1 -> of:000000000000000b:6,0.002,0.0025,0.002,0.002,1.7,2026-06-22T20:40:03,0.002,1.73
ip_shuffle,20260622T204003_780099,of:0000000000000009:1 -> of:000000000000000c:6,0.002,0.0025,0.002,0.002,1.76,2026-06-22T20:40:03,0.002,1.8
ip_shuffle,20260622T204003_780099,of:0000000000000002:1 -> of:000000000000000b:4,0.002,0.0025,0.002,0.002,1.73,2026-06-22T20:40:03,0.002,1.8
ip_shuffle,20260622T204003_780099,of:0000000000000004:2 -> of:0000000000000009:2,0.002,0.0025,0.002,0.002,2.26,2026-06-22T20:40:03,0.002,2.26
route_mutation,20260622T204101_550746,of:0000000000000004:1 -> of:000000000000000c:4,0.002,0.0025,0.002,0.002,1.6,2026-06-22T20:41:01,0.002,1.6
route_mutation,20260622T204101_550746,of:0000000000000005:1 -> of:000000000000000c:5,0.001,0.00125,0.001,0.001,1.46,2026-06-22T20:41:01,0.001,1.46
route_mutation,20260622T204101_550746,of:000000000000000a:1 -> of:000000000000000d:6,0.002,0.0025,0.002,0.002,1.53,2026-06-22T20:41:01,0.002,1.53
route_mutation,20260622T204101_550746,of:000000000000000b:3 -> of:000000000000000d:2,0.002,0.0025,0.002,0.002,1.73,2026-06-22T20:41:01,0.002,1.73
route_mutation,20260622T204101_550746,of:000000000000000c:3 -> of:000000000000000d:3,0.002,0.0025,0.002,0.002,1.73,2026-06-22T20:41:01,0.002,1.73
route_mutation,20260622T204101_550746,of:0000000000000005:2 -> of:0000000000000009:3,0.002,0.0025,0.002,0.002,1.66,2026-06-22T20:41:01,0.002,1.66
route_mutation,20260622T204101_550746,of:0000000000000001:1 -> of:000000000000000b:1,0.003,0.00375,0.003,0.003,3.4,2026-06-22T20:41:01,0.003,3.46
route_mutation,20260622T204101_550746,of:000000000000000b:2 -> of:000000000000000c:2,0.002,0.0025,0.002,0.002,1.73,2026-06-22T20:41:01,0.002,1.73
route_mutation,20260622T204101_550746,of:0000000000000001:2 -> of:000000000000000c:1,0.002,0.0025,0.002,0.002,1.56,2026-06-22T20:41:01,0.002,1.56
route_mutation,20260622T204101_550746,of:0000000000000003:1 -> of:000000000000000b:5,0.002,0.0025,0.002,0.002,2.43,2026-06-22T20:41:01,0.002,2.43
route_mutation,20260622T204101_550746,of:0000000000000001:3 -> of:000000000000000d:1,0.001,0.00125,0.001,0.001,1.46,2026-06-22T20:41:01,0.001,1.46
route_mutation,20260622T204101_550746,of:0000000000000006:2 -> of:000000000000000a:2,0.002,0.0025,0.002,0.002,1.76,2026-06-22T20:41:01,0.002,1.76
route_mutation,20260622T204101_550746,of:0000000000000006:1 -> of:000000000000000d:4,0.002,0.0025,0.002,0.002,1.53,2026-06-22T20:41:01,0.002,1.53
route_mutation,20260622T204101_550746,of:0000000000000007:1 -> of:000000000000000d:5,0.002,0.0025,0.002,0.002,1.53,2026-06-22T20:41:01,0.002,1.53
route_mutation,20260622T204101_550746,of:0000000000000007:2 -> of:000000000000000a:3,0.002,0.0025,0.002,0.002,1.73,2026-06-22T20:41:01,0.002,1.73
route_mutation,20260622T204101_550746,of:0000000000000002:2 -> of:0000000000000008:2,0.002,0.0025,0.002,0.002,1.66,2026-06-22T20:41:01,0.002,1.66
route_mutation,20260622T204101_550746,of:0000000000000003:2 -> of:0000000000000008:3,0.002,0.0025,0.002,0.002,1.66,2026-06-22T20:41:01,0.002,1.66
route_mutation,20260622T204101_550746,of:0000000000000008:1 -> of:000000000000000b:6,0.002,0.0025,0.002,0.002,1.53,2026-06-22T20:41:01,0.002,1.53
route_mutation,20260622T204101_550746,of:0000000000000009:1 -> of:000000000000000c:6,0.002,0.0025,0.002,0.002,1.53,2026-06-22T20:41:01,0.002,1.53
route_mutation,20260622T204101_550746,of:0000000000000002:1 -> of:000000000000000b:4,0.002,0.0025,0.002,0.002,2.53,2026-06-22T20:41:01,0.002,2.53
route_mutation,20260622T204101_550746,of:0000000000000004:2 -> of:0000000000000009:2,0.002,0.0025,0.002,0.002,1.7,2026-06-22T20:41:01,0.002,1.7
route_mutation,20260622T204132_015948,of:0000000000000004:1 -> of:000000000000000c:4,0.002,0.0025,0.002,0.002,2.43,2026-06-22T20:41:32,0.002,2.46
route_mutation,20260622T204132_015948,of:0000000000000005:1 -> of:000000000000000c:5,0.002,0.0025,0.002,0.002,2.56,2026-06-22T20:41:32,0.002,2.6
route_mutation,20260622T204132_015948,of:000000000000000a:1 -> of:000000000000000d:6,0.002,0.0025,0.002,0.002,1.73,2026-06-22T20:41:32,0.002,1.76
route_mutation,20260622T204132_015948,of:000000000000000b:3 -> of:000000000000000d:2,0.002,0.0025,0.002,0.002,2.3,2026-06-22T20:41:32,0.002,2.3
route_mutation,20260622T204132_015948,of:000000000000000c:3 -> of:000000000000000d:3,0.002,0.0025,0.002,0.002,2.3,2026-06-22T20:41:32,0.002,2.3
route_mutation,20260622T204132_015948,of:0000000000000005:2 -> of:0000000000000009:3,0.002,0.0025,0.002,0.002,2.16,2026-06-22T20:41:32,0.002,2.16
route_mutation,20260622T204132_015948,of:0000000000000001:1 -> of:000000000000000b:1,0.002,0.0025,0.002,0.002,1.86,2026-06-22T20:41:32,0.002,1.73
route_mutation,20260622T204132_015948,of:000000000000000b:2 -> of:000000000000000c:2,0.002,0.0025,0.002,0.002,2.26,2026-06-22T20:41:32,0.002,2.26
route_mutation,20260622T204132_015948,of:0000000000000001:2 -> of:000000000000000c:1,0.003,0.00375,0.003,0.003,3.3,2026-06-22T20:41:32,0.003,3.23
route_mutation,20260622T204132_015948,of:0000000000000003:1 -> of:000000000000000b:5,0.002,0.0025,0.002,0.002,1.76,2026-06-22T20:41:32,0.002,1.8
route_mutation,20260622T204132_015948,of:0000000000000001:3 -> of:000000000000000d:1,0.003,0.00375,0.003,0.003,3.06,2026-06-22T20:41:32,0.003,3.13
route_mutation,20260622T204132_015948,of:0000000000000006:2 -> of:000000000000000a:2,0.002,0.0025,0.002,0.002,2.1,2026-06-22T20:41:32,0.002,2.1
route_mutation,20260622T204132_015948,of:0000000000000006:1 -> of:000000000000000d:4,0.002,0.0025,0.002,0.002,2.8,2026-06-22T20:41:32,0.002,2.86
route_mutation,20260622T204132_015948,of:0000000000000007:1 -> of:000000000000000d:5,0.002,0.0025,0.002,0.002,2.03,2026-06-22T20:41:32,0.002,2.0
route_mutation,20260622T204132_015948,of:0000000000000007:2 -> of:000000000000000a:3,0.002,0.0025,0.002,0.002,2.13,2026-06-22T20:41:32,0.002,2.13
route_mutation,20260622T204132_015948,of:0000000000000002:2 -> of:0000000000000008:2,0.002,0.0025,0.002,0.002,2.16,2026-06-22T20:41:32,0.002,2.16
route_mutation,20260622T204132_015948,of:0000000000000003:2 -> of:0000000000000008:3,0.002,0.0025,0.002,0.002,2.16,2026-06-22T20:41:32,0.002,2.16
route_mutation,20260622T204132_015948,of:0000000000000008:1 -> of:000000000000000b:6,0.002,0.0025,0.002,0.002,1.73,2026-06-22T20:41:32,0.002,1.73
route_mutation,20260622T204132_015948,of:0000000000000009:1 -> of:000000000000000c:6,0.002,0.0025,0.002,0.002,1.73,2026-06-22T20:41:32,0.002,1.73
route_mutation,20260622T204132_015948,of:0000000000000002:1 -> of:000000000000000b:4,0.002,0.0025,0.002,0.002,1.76,2026-06-22T20:41:32,0.002,1.8
route_mutation,20260622T204132_015948,of:0000000000000004:2 -> of:0000000000000009:2,0.002,0.0025,0.002,0.002,2.16,2026-06-22T20:41:32,0.002,2.16
ip_shuffle,20260622T204202_348544,of:0000000000000004:1 -> of:000000000000000c:4,0.002,0.0025,0.002,0.002,1.53,2026-06-22T20:42:02,0.001,1.5
ip_shuffle,20260622T204202_348544,of:0000000000000005:1 -> of:000000000000000c:5,0.002,0.0025,0.002,0.002,1.53,2026-06-22T20:42:02,0.001,1.5
ip_shuffle,20260622T204202_348544,of:000000000000000a:1 -> of:000000000000000d:6,0.001,0.00125,0.001,0.001,1.5,2026-06-22T20:42:02,0.001,1.46
ip_shuffle,20260622T204202_348544,of:000000000000000b:3 -> of:000000000000000d:2,0.001,0.00125,0.001,0.001,1.63,2026-06-22T20:42:02,0.001,1.63
ip_shuffle,20260622T204202_348544,of:000000000000000c:3 -> of:000000000000000d:3,0.001,0.00125,0.001,0.001,1.63,2026-06-22T20:42:02,0.001,1.63
ip_shuffle,20260622T204202_348544,of:0000000000000005:2 -> of:0000000000000009:3,0.002,0.0025,0.002,0.002,1.83,2026-06-22T20:42:02,0.002,1.83
ip_shuffle,20260622T204202_348544,of:0000000000000001:1 -> of:000000000000000b:1,0.002,0.0025,0.002,0.001,1.5,2026-06-22T20:42:02,0.002,1.56
ip_shuffle,20260622T204202_348544,of:000000000000000b:2 -> of:000000000000000c:2,0.001,0.00125,0.001,0.001,1.66,2026-06-22T20:42:02,0.001,1.66
ip_shuffle,20260622T204202_348544,of:0000000000000001:2 -> of:000000000000000c:1,0.002,0.0025,0.002,0.001,1.5,2026-06-22T20:42:02,0.002,1.56
ip_shuffle,20260622T204202_348544,of:0000000000000003:1 -> of:000000000000000b:5,0.002,0.0025,0.002,0.002,1.53,2026-06-22T20:42:02,0.001,1.5
ip_shuffle,20260622T204202_348544,of:0000000000000001:3 -> of:000000000000000d:1,0.002,0.0025,0.002,0.002,2.53,2026-06-22T20:42:02,0.002,2.46
ip_shuffle,20260622T204202_348544,of:0000000000000006:2 -> of:000000000000000a:2,0.002,0.0025,0.002,0.002,1.83,2026-06-22T20:42:02,0.002,1.83
ip_shuffle,20260622T204202_348544,of:0000000000000006:1 -> of:000000000000000d:4,0.002,0.0025,0.002,0.002,1.53,2026-06-22T20:42:02,0.001,1.46
ip_shuffle,20260622T204202_348544,of:0000000000000007:1 -> of:000000000000000d:5,0.002,0.0025,0.002,0.002,2.39,2026-06-22T20:42:02,0.002,2.43
ip_shuffle,20260622T204202_348544,of:0000000000000007:2 -> of:000000000000000a:3,0.002,0.0025,0.002,0.002,1.8,2026-06-22T20:42:02,0.002,1.8
ip_shuffle,20260622T204202_348544,of:0000000000000002:2 -> of:0000000000000008:2,0.002,0.0025,0.002,0.002,1.83,2026-06-22T20:42:02,0.002,1.83
ip_shuffle,20260622T204202_348544,of:0000000000000003:2 -> of:0000000000000008:3,0.002,0.0025,0.002,0.002,1.83,2026-06-22T20:42:02,0.002,1.83
ip_shuffle,20260622T204202_348544,of:0000000000000008:1 -> of:000000000000000b:6,0.001,0.00125,0.001,0.001,1.5,2026-06-22T20:42:02,0.001,1.5
ip_shuffle,20260622T204202_348544,of:0000000000000009:1 -> of:000000000000000c:6,0.001,0.00125,0.001,0.001,1.5,2026-06-22T20:42:02,0.001,1.5
ip_shuffle,20260622T204202_348544,of:0000000000000002:1 -> of:000000000000000b:4,0.002,0.0025,0.002,0.002,1.53,2026-06-22T20:42:02,0.001,1.5
ip_shuffle,20260622T204202_348544,of:0000000000000004:2 -> of:0000000000000009:2,0.002,0.0025,0.002,0.002,1.83,2026-06-22T20:42:02,0.002,1.83
route_mutation,20260622T204300_306979,of:0000000000000004:1 -> of:000000000000000c:4,0.002,0.0025,0.002,0.002,2.3,2026-06-22T20:43:00,0.002,2.33
route_mutation,20260622T204300_306979,of:0000000000000005:1 -> of:000000000000000c:5,0.002,0.0025,0.002,0.002,2.3,2026-06-22T20:43:00,0.002,2.33
route_mutation,20260622T204300_306979,of:000000000000000a:1 -> of:000000000000000d:6,0.002,0.0025,0.002,0.002,1.6,2026-06-22T20:43:00,0.002,1.63
route_mutation,20260622T204300_306979,of:000000000000000b:3 -> of:000000000000000d:2,0.002,0.0025,0.002,0.002,1.9,2026-06-22T20:43:00,0.002,1.9
route_mutation,20260622T204300_306979,of:000000000000000c:3 -> of:000000000000000d:3,0.002,0.0025,0.002,0.002,1.9,2026-06-22T20:43:00,0.002,1.9
route_mutation,20260622T204300_306979,of:0000000000000005:2 -> of:0000000000000009:3,0.002,0.0025,0.002,0.002,1.7,2026-06-22T20:43:00,0.002,1.7
route_mutation,20260622T204300_306979,of:0000000000000001:1 -> of:000000000000000b:1,0.002,0.0025,0.002,0.002,2.43,2026-06-22T20:43:00,0.002,2.4
route_mutation,20260622T204300_306979,of:000000000000000b:2 -> of:000000000000000c:2,0.002,0.0025,0.002,0.002,1.86,2026-06-22T20:43:00,0.002,1.86
route_mutation,20260622T204300_306979,of:0000000000000001:2 -> of:000000000000000c:1,0.003,0.00375,0.003,0.003,3.2,2026-06-22T20:43:00,0.003,3.13
route_mutation,20260622T204300_306979,of:0000000000000003:1 -> of:000000000000000b:5,0.002,0.0025,0.002,0.002,2.43,2026-06-22T20:43:00,0.002,2.43
route_mutation,20260622T204300_306979,of:0000000000000001:3 -> of:000000000000000d:1,0.002,0.0025,0.002,0.002,2.16,2026-06-22T20:43:00,0.002,2.23
route_mutation,20260622T204300_306979,of:0000000000000006:2 -> of:000000000000000a:2,0.002,0.0025,0.002,0.002,1.76,2026-06-22T20:43:00,0.002,1.76
route_mutation,20260622T204300_306979,of:0000000000000006:1 -> of:000000000000000d:4,0.002,0.0025,0.002,0.002,2.23,2026-06-22T20:43:00,0.002,2.16
route_mutation,20260622T204300_306979,of:0000000000000007:1 -> of:000000000000000d:5,0.002,0.0025,0.002,0.002,1.53,2026-06-22T20:43:00,0.002,1.56
route_mutation,20260622T204300_306979,of:0000000000000007:2 -> of:000000000000000a:3,0.002,0.0025,0.002,0.002,1.76,2026-06-22T20:43:00,0.002,1.76
route_mutation,20260622T204300_306979,of:0000000000000002:2 -> of:0000000000000008:2,0.002,0.0025,0.002,0.002,1.76,2026-06-22T20:43:00,0.002,1.76
route_mutation,20260622T204300_306979,of:0000000000000003:2 -> of:0000000000000008:3,0.002,0.0025,0.002,0.002,1.76,2026-06-22T20:43:00,0.002,1.76
route_mutation,20260622T204300_306979,of:0000000000000008:1 -> of:000000000000000b:6,0.002,0.0025,0.002,0.002,1.53,2026-06-22T20:43:00,0.002,1.53
route_mutation,20260622T204300_306979,of:0000000000000009:1 -> of:000000000000000c:6,0.002,0.0025,0.002,0.002,1.53,2026-06-22T20:43:00,0.002,1.53
route_mutation,20260622T204300_306979,of:0000000000000002:1 -> of:000000000000000b:4,0.002,0.0025,0.002,0.002,1.56,2026-06-22T20:43:00,0.002,1.6
route_mutation,20260622T204300_306979,of:0000000000000004:2 -> of:0000000000000009:2,0.002,0.0025,0.002,0.002,1.7,2026-06-22T20:43:00,0.002,1.7
ip_shuffle,20260622T204331_053531,of:0000000000000004:1 -> of:000000000000000c:4,0.002,0.0025,0.002,0.002,1.83,2026-06-22T20:43:31,0.002,1.8
ip_shuffle,20260622T204331_053531,of:0000000000000005:1 -> of:000000000000000c:5,0.002,0.0025,0.002,0.002,1.83,2026-06-22T20:43:31,0.002,1.8
ip_shuffle,20260622T204331_053531,of:000000000000000a:1 -> of:000000000000000d:6,0.002,0.0025,0.002,0.002,1.73,2026-06-22T20:43:31,0.002,1.7
ip_shuffle,20260622T204331_053531,of:000000000000000b:3 -> of:000000000000000d:2,0.002,0.0025,0.002,0.002,2.23,2026-06-22T20:43:31,0.002,2.23
ip_shuffle,20260622T204331_053531,of:000000000000000c:3 -> of:000000000000000d:3,0.002,0.0025,0.002,0.002,2.23,2026-06-22T20:43:31,0.002,2.23
ip_shuffle,20260622T204331_053531,of:0000000000000005:2 -> of:0000000000000009:3,0.002,0.0025,0.002,0.002,2.43,2026-06-22T20:43:31,0.002,2.43
ip_shuffle,20260622T204331_053531,of:0000000000000001:1 -> of:000000000000000b:1,0.002,0.0025,0.002,0.002,1.8,2026-06-22T20:43:31,0.002,1.86
ip_shuffle,20260622T204331_053531,of:000000000000000b:2 -> of:000000000000000c:2,0.002,0.0025,0.002,0.002,2.26,2026-06-22T20:43:31,0.002,2.26
ip_shuffle,20260622T204331_053531,of:0000000000000001:2 -> of:000000000000000c:1,0.002,0.0025,0.002,0.002,1.8,2026-06-22T20:43:31,0.002,1.86
ip_shuffle,20260622T204331_053531,of:0000000000000003:1 -> of:000000000000000b:5,0.002,0.0025,0.002,0.002,1.83,2026-06-22T20:43:31,0.002,1.8
ip_shuffle,20260622T204331_053531,of:0000000000000001:3 -> of:000000000000000d:1,0.003,0.00375,0.003,0.003,3.46,2026-06-22T20:43:31,0.003,3.39
ip_shuffle,20260622T204331_053531,of:0000000000000006:2 -> of:000000000000000a:2,0.002,0.0025,0.002,0.002,2.36,2026-06-22T20:43:31,0.002,2.36
ip_shuffle,20260622T204331_053531,of:0000000000000006:1 -> of:000000000000000d:4,0.002,0.0025,0.002,0.002,2.13,2026-06-22T20:43:31,0.002,2.2
ip_shuffle,20260622T204331_053531,of:0000000000000007:1 -> of:000000000000000d:5,0.002,0.0025,0.002,0.002,2.99,2026-06-22T20:43:31,0.002,2.96
ip_shuffle,20260622T204331_053531,of:0000000000000007:2 -> of:000000000000000a:3,0.002,0.0025,0.002,0.002,2.36,2026-06-22T20:43:31,0.002,2.36
ip_shuffle,20260622T204331_053531,of:0000000000000002:2 -> of:0000000000000008:2,0.002,0.0025,0.002,0.002,2.43,2026-06-22T20:43:31,0.002,2.43
ip_shuffle,20260622T204331_053531,of:0000000000000003:2 -> of:0000000000000008:3,0.002,0.0025,0.002,0.002,2.43,2026-06-22T20:43:31,0.002,2.43
ip_shuffle,20260622T204331_053531,of:0000000000000008:1 -> of:000000000000000b:6,0.002,0.0025,0.002,0.002,1.8,2026-06-22T20:43:31,0.002,1.8
ip_shuffle,20260622T204331_053531,of:0000000000000009:1 -> of:000000000000000c:6,0.002,0.0025,0.002,0.002,1.8,2026-06-22T20:43:31,0.002,1.8
ip_shuffle,20260622T204331_053531,of:0000000000000002:1 -> of:000000000000000b:4,0.002,0.0025,0.002,0.002,1.83,2026-06-22T20:43:31,0.002,1.8
ip_shuffle,20260622T204331_053531,of:0000000000000004:2 -> of:0000000000000009:2,0.002,0.0025,0.002,0.002,2.43,2026-06-22T20:43:31,0.002,2.43
route_mutation,20260622T204429_092387,of:0000000000000004:1 -> of:000000000000000c:4,0.002,0.0025,0.002,0.002,2.33,2026-06-22T20:44:29,0.002,2.36
route_mutation,20260622T204429_092387,of:0000000000000005:1 -> of:000000000000000c:5,0.002,0.0025,0.002,0.002,2.33,2026-06-22T20:44:29,0.002,2.36
route_mutation,20260622T204429_092387,of:000000000000000a:1 -> of:000000000000000d:6,0.001,0.00125,0.001,0.001,1.5,2026-06-22T20:44:29,0.001,1.5
route_mutation,20260622T204429_092387,of:000000000000000b:3 -> of:000000000000000d:2,0.002,0.0025,0.002,0.002,1.73,2026-06-22T20:44:29,0.002,1.73
route_mutation,20260622T204429_092387,of:000000000000000c:3 -> of:000000000000000d:3,0.002,0.0025,0.002,0.002,1.8,2026-06-22T20:44:29,0.002,1.8
route_mutation,20260622T204429_092387,of:0000000000000005:2 -> of:0000000000000009:3,0.002,0.0025,0.002,0.002,1.7,2026-06-22T20:44:29,0.002,1.7
route_mutation,20260622T204429_092387,of:0000000000000001:1 -> of:000000000000000b:1,0.002,0.0025,0.002,0.002,2.6,2026-06-22T20:44:29,0.002,2.56
route_mutation,20260622T204429_092387,of:000000000000000b:2 -> of:000000000000000c:2,0.002,0.0025,0.002,0.002,1.73,2026-06-22T20:44:29,0.002,1.73
route_mutation,20260622T204429_092387,of:0000000000000001:2 -> of:000000000000000c:1,0.003,0.00375,0.003,0.003,3.16,2026-06-22T20:44:29,0.003,3.13
route_mutation,20260622T204429_092387,of:0000000000000003:1 -> of:000000000000000b:5,0.002,0.0025,0.002,0.002,2.46,2026-06-22T20:44:29,0.002,2.5
route_mutation,20260622T204429_092387,of:0000000000000001:3 -> of:000000000000000d:1,0.002,0.0025,0.002,0.002,2.03,2026-06-22T20:44:29,0.002,2.06
route_mutation,20260622T204429_092387,of:0000000000000006:2 -> of:000000000000000a:2,0.001,0.00125,0.001,0.001,1.63,2026-06-22T20:44:29,0.001,1.63
route_mutation,20260622T204429_092387,of:0000000000000006:1 -> of:000000000000000d:4,0.002,0.0025,0.002,0.002,2.03,2026-06-22T20:44:29,0.002,2.03
route_mutation,20260622T204429_092387,of:0000000000000007:1 -> of:000000000000000d:5,0.001,0.00125,0.001,0.001,1.46,2026-06-22T20:44:29,0.001,1.5
route_mutation,20260622T204429_092387,of:0000000000000007:2 -> of:000000000000000a:3,0.001,0.00125,0.001,0.001,1.63,2026-06-22T20:44:29,0.001,1.63
route_mutation,20260622T204429_092387,of:0000000000000002:2 -> of:0000000000000008:2,0.002,0.0025,0.002,0.002,1.66,2026-06-22T20:44:29,0.002,1.66
route_mutation,20260622T204429_092387,of:0000000000000003:2 -> of:0000000000000008:3,0.002,0.0025,0.002,0.002,1.66,2026-06-22T20:44:29,0.002,1.66
route_mutation,20260622T204429_092387,of:0000000000000008:1 -> of:000000000000000b:6,0.001,0.00125,0.001,0.001,1.4,2026-06-22T20:44:29,0.001,1.43
route_mutation,20260622T204429_092387,of:0000000000000009:1 -> of:000000000000000c:6,0.001,0.00125,0.001,0.001,1.5,2026-06-22T20:44:29,0.001,1.5
route_mutation,20260622T204429_092387,of:0000000000000002:1 -> of:000000000000000b:4,0.002,0.0025,0.002,0.002,1.56,2026-06-22T20:44:29,0.002,1.6
route_mutation,20260622T204429_092387,of:0000000000000004:2 -> of:0000000000000009:2,0.002,0.0025,0.002,0.002,1.7,2026-06-22T20:44:29,0.002,1.7
ip_shuffle,20260622T204459_373751,of:0000000000000004:1 -> of:000000000000000c:4,0.002,0.0025,0.002,0.002,1.86,2026-06-22T20:44:59,0.002,1.83
ip_shuffle,20260622T204459_373751,of:0000000000000005:1 -> of:000000000000000c:5,0.002,0.0025,0.002,0.002,1.86,2026-06-22T20:44:59,0.002,1.83
ip_shuffle,20260622T204459_373751,of:000000000000000a:1 -> of:000000000000000d:6,0.002,0.0025,0.002,0.002,1.83,2026-06-22T20:44:59,0.002,1.83
ip_shuffle,20260622T204459_373751,of:000000000000000b:3 -> of:000000000000000d:2,0.002,0.0025,0.002,0.002,2.4,2026-06-22T20:44:59,0.002,2.4
ip_shuffle,20260622T204459_373751,of:000000000000000c:3 -> of:000000000000000d:3,0.002,0.0025,0.002,0.002,2.33,2026-06-22T20:44:59,0.002,2.33
ip_shuffle,20260622T204459_373751,of:0000000000000005:2 -> of:0000000000000009:3,0.002,0.0025,0.002,0.002,2.5,2026-06-22T20:44:59,0.002,2.5
ip_shuffle,20260622T204459_373751,of:0000000000000001:1 -> of:000000000000000b:1,0.002,0.0025,0.002,0.002,1.9,2026-06-22T20:44:59,0.002,1.93
ip_shuffle,20260622T204459_373751,of:000000000000000b:2 -> of:000000000000000c:2,0.002,0.0025,0.002,0.002,2.4,2026-06-22T20:44:59,0.002,2.4
ip_shuffle,20260622T204459_373751,of:0000000000000001:2 -> of:000000000000000c:1,0.002,0.0025,0.002,0.002,1.83,2026-06-22T20:44:59,0.002,1.86
ip_shuffle,20260622T204459_373751,of:0000000000000003:1 -> of:000000000000000b:5,0.002,0.0025,0.002,0.002,1.93,2026-06-22T20:44:59,0.002,1.9
ip_shuffle,20260622T204459_373751,of:0000000000000001:3 -> of:000000000000000d:1,0.003,0.00375,0.003,0.003,3.66,2026-06-22T20:44:59,0.003,3.63
ip_shuffle,20260622T204459_373751,of:0000000000000006:2 -> of:000000000000000a:2,0.002,0.0025,0.002,0.002,2.5,2026-06-22T20:44:59,0.002,2.5
ip_shuffle,20260622T204459_373751,of:0000000000000006:1 -> of:000000000000000d:4,0.002,0.0025,0.002,0.002,2.4,2026-06-22T20:44:59,0.002,2.4
ip_shuffle,20260622T204459_373751,of:0000000000000007:1 -> of:000000000000000d:5,0.003,0.00375,0.003,0.003,3.06,2026-06-22T20:44:59,0.003,3.03
ip_shuffle,20260622T204459_373751,of:0000000000000007:2 -> of:000000000000000a:3,0.002,0.0025,0.002,0.002,2.5,2026-06-22T20:44:59,0.002,2.5
ip_shuffle,20260622T204459_373751,of:0000000000000002:2 -> of:0000000000000008:2,0.002,0.0025,0.002,0.002,2.53,2026-06-22T20:44:59,0.002,2.53
ip_shuffle,20260622T204459_373751,of:0000000000000003:2 -> of:0000000000000008:3,0.002,0.0025,0.002,0.002,2.53,2026-06-22T20:44:59,0.002,2.53
ip_shuffle,20260622T204459_373751,of:0000000000000008:1 -> of:000000000000000b:6,0.002,0.0025,0.002,0.002,1.93,2026-06-22T20:44:59,0.002,1.9
ip_shuffle,20260622T204459_373751,of:0000000000000009:1 -> of:000000000000000c:6,0.002,0.0025,0.002,0.002,1.83,2026-06-22T20:44:59,0.002,1.83
ip_shuffle,20260622T204459_373751,of:0000000000000002:1 -> of:000000000000000b:4,0.002,0.0025,0.002,0.002,1.93,2026-06-22T20:44:59,0.002,1.9
ip_shuffle,20260622T204459_373751,of:0000000000000004:2 -> of:0000000000000009:2,0.002,0.0025,0.002,0.002,2.5,2026-06-22T20:44:59,0.002,2.5
route_mutation,20260622T204603_519273,of:0000000000000004:1 -> of:000000000000000c:4,0.002,0.0025,0.002,0.002,2.29,2026-06-22T20:46:03,0.002,2.33
route_mutation,20260622T204603_519273,of:0000000000000005:1 -> of:000000000000000c:5,0.002,0.0025,0.002,0.002,2.29,2026-06-22T20:46:03,0.002,2.33
route_mutation,20260622T204603_519273,of:000000000000000a:1 -> of:000000000000000d:6,0.001,0.00125,0.001,0.001,1.46,2026-06-22T20:46:03,0.001,1.46
route_mutation,20260622T204603_519273,of:000000000000000b:3 -> of:000000000000000d:2,0.002,0.0025,0.002,0.002,1.66,2026-06-22T20:46:03,0.002,1.66
route_mutation,20260622T204603_519273,of:000000000000000c:3 -> of:000000000000000d:3,0.002,0.0025,0.002,0.002,1.73,2026-06-22T20:46:03,0.002,1.73
route_mutation,20260622T204603_519273,of:0000000000000005:2 -> of:0000000000000009:3,0.002,0.0025,0.002,0.002,1.6,2026-06-22T20:46:03,0.002,1.6
route_mutation,20260622T204603_519273,of:0000000000000001:1 -> of:000000000000000b:1,0.002,0.0025,0.002,0.002,2.66,2026-06-22T20:46:03,0.002,2.63
route_mutation,20260622T204603_519273,of:000000000000000b:2 -> of:000000000000000c:2,0.002,0.0025,0.002,0.002,1.66,2026-06-22T20:46:03,0.002,1.66
route_mutation,20260622T204603_519273,of:0000000000000001:2 -> of:000000000000000c:1,0.003,0.00375,0.003,0.003,3.13,2026-06-22T20:46:03,0.003,3.06
route_mutation,20260622T204603_519273,of:0000000000000003:1 -> of:000000000000000b:5,0.002,0.0025,0.002,0.002,2.36,2026-06-22T20:46:03,0.002,2.43
route_mutation,20260622T204603_519273,of:0000000000000001:3 -> of:000000000000000d:1,0.002,0.0025,0.002,0.002,1.86,2026-06-22T20:46:03,0.002,1.93
route_mutation,20260622T204603_519273,of:0000000000000006:2 -> of:000000000000000a:2,0.001,0.00125,0.001,0.001,1.56,2026-06-22T20:46:03,0.001,1.56
route_mutation,20260622T204603_519273,of:0000000000000006:1 -> of:000000000000000d:4,0.002,0.0025,0.002,0.002,1.83,2026-06-22T20:46:03,0.002,1.8
route_mutation,20260622T204603_519273,of:0000000000000007:1 -> of:000000000000000d:5,0.001,0.00125,0.001,0.001,1.43,2026-06-22T20:46:03,0.001,1.46
route_mutation,20260622T204603_519273,of:0000000000000007:2 -> of:000000000000000a:3,0.001,0.00125,0.001,0.001,1.56,2026-06-22T20:46:03,0.001,1.56
route_mutation,20260622T204603_519273,of:0000000000000002:2 -> of:0000000000000008:2,0.002,0.0025,0.002,0.002,1.56,2026-06-22T20:46:03,0.002,1.56
route_mutation,20260622T204603_519273,of:0000000000000003:2 -> of:0000000000000008:3,0.002,0.0025,0.002,0.002,1.56,2026-06-22T20:46:03,0.002,1.56
route_mutation,20260622T204603_519273,of:0000000000000008:1 -> of:000000000000000b:6,0.001,0.00125,0.001,0.001,1.36,2026-06-22T20:46:03,0.001,1.4
route_mutation,20260622T204603_519273,of:0000000000000009:1 -> of:000000000000000c:6,0.001,0.00125,0.001,0.001,1.43,2026-06-22T20:46:03,0.001,1.46
route_mutation,20260622T204603_519273,of:0000000000000002:1 -> of:000000000000000b:4,0.002,0.0025,0.002,0.002,1.63,2026-06-22T20:46:03,0.002,1.7
route_mutation,20260622T204603_519273,of:0000000000000004:2 -> of:0000000000000009:2,0.002,0.0025,0.002,0.002,1.6,2026-06-22T20:46:03,0.002,1.6
ip_shuffle,20260622T204633_770982,of:0000000000000004:1 -> of:000000000000000c:4,0.002,0.0025,0.002,0.002,1.9,2026-06-22T20:46:33,0.002,1.86
ip_shuffle,20260622T204633_770982,of:0000000000000005:1 -> of:000000000000000c:5,0.002,0.0025,0.002,0.002,1.9,2026-06-22T20:46:33,0.002,1.86
ip_shuffle,20260622T204633_770982,of:000000000000000a:1 -> of:000000000000000d:6,0.002,0.0025,0.002,0.002,1.86,2026-06-22T20:46:33,0.002,1.86
ip_shuffle,20260622T204633_770982,of:000000000000000b:3 -> of:000000000000000d:2,0.002,0.0025,0.002,0.002,2.46,2026-06-22T20:46:33,0.002,2.46
ip_shuffle,20260622T204633_770982,of:000000000000000c:3 -> of:000000000000000d:3,0.002,0.0025,0.002,0.002,2.4,2026-06-22T20:46:33,0.002,2.4
ip_shuffle,20260622T204633_770982,of:0000000000000005:2 -> of:0000000000000009:3,0.002,0.0025,0.002,0.002,2.6,2026-06-22T20:46:33,0.002,2.6
ip_shuffle,20260622T204633_770982,of:0000000000000001:1 -> of:000000000000000b:1,0.002,0.0025,0.002,0.002,1.86,2026-06-22T20:46:33,0.002,1.93
ip_shuffle,20260622T204633_770982,of:000000000000000b:2 -> of:000000000000000c:2,0.002,0.0025,0.002,0.002,2.46,2026-06-22T20:46:33,0.002,2.46
ip_shuffle,20260622T204633_770982,of:0000000000000001:2 -> of:000000000000000c:1,0.002,0.0025,0.002,0.002,1.8,2026-06-22T20:46:33,0.002,1.86
ip_shuffle,20260622T204633_770982,of:0000000000000003:1 -> of:000000000000000b:5,0.002,0.0025,0.002,0.002,2.0,2026-06-22T20:46:33,0.002,1.93
ip_shuffle,20260622T204633_770982,of:0000000000000001:3 -> of:000000000000000d:1,0.003,0.00375,0.003,0.003,3.9,2026-06-22T20:46:33,0.003,3.83
ip_shuffle,20260622T204633_770982,of:0000000000000006:2 -> of:000000000000000a:2,0.002,0.0025,0.002,0.002,2.56,2026-06-22T20:46:33,0.002,2.56
ip_shuffle,20260622T204633_770982,of:0000000000000006:1 -> of:000000000000000d:4,0.002,0.0025,0.002,0.002,2.66,2026-06-22T20:46:33,0.002,2.7
ip_shuffle,20260622T204633_770982,of:0000000000000007:1 -> of:000000000000000d:5,0.003,0.00375,0.003,0.003,3.1,2026-06-22T20:46:33,0.003,3.06
ip_shuffle,20260622T204633_770982,of:0000000000000007:2 -> of:000000000000000a:3,0.002,0.0025,0.002,0.002,2.56,2026-06-22T20:46:33,0.002,2.56
ip_shuffle,20260622T204633_770982,of:0000000000000002:2 -> of:0000000000000008:2,0.002,0.0025,0.002,0.002,2.63,2026-06-22T20:46:33,0.002,2.63
ip_shuffle,20260622T204633_770982,of:0000000000000003:2 -> of:0000000000000008:3,0.002,0.0025,0.002,0.002,2.63,2026-06-22T20:46:33,0.002,2.63
ip_shuffle,20260622T204633_770982,of:0000000000000008:1 -> of:000000000000000b:6,0.002,0.0025,0.002,0.002,1.96,2026-06-22T20:46:33,0.002,1.93
ip_shuffle,20260622T204633_770982,of:0000000000000009:1 -> of:000000000000000c:6,0.002,0.0025,0.002,0.002,1.9,2026-06-22T20:46:33,0.002,1.86
ip_shuffle,20260622T204633_770982,of:0000000000000002:1 -> of:000000000000000b:4,0.002,0.0025,0.002,0.002,2.0,2026-06-22T20:46:33,0.002,1.93
ip_shuffle,20260622T204633_770982,of:0000000000000004:2 -> of:0000000000000009:2,0.002,0.0025,0.002,0.002,2.6,2026-06-22T20:46:33,0.002,2.6
ip_shuffle,20260622T211847_883966,of:0000000000000004:1 -> of:000000000000000c:4,0.001,0.00125,0.001,0.001,1.36,2026-06-22T21:18:47,0.001,1.36
ip_shuffle,20260622T211847_883966,of:0000000000000005:1 -> of:000000000000000c:5,0.001,0.00125,0.001,0.001,1.36,2026-06-22T21:18:47,0.001,1.36
ip_shuffle,20260622T211847_883966,of:000000000000000a:1 -> of:000000000000000d:6,0.002,0.0025,0.002,0.002,1.43,2026-06-22T21:18:47,0.002,1.46
ip_shuffle,20260622T211847_883966,of:000000000000000b:3 -> of:000000000000000d:2,0.002,0.0025,0.002,0.002,1.56,2026-06-22T21:18:47,0.002,1.56
ip_shuffle,20260622T211847_883966,of:000000000000000c:3 -> of:000000000000000d:3,0.002,0.0025,0.002,0.002,1.56,2026-06-22T21:18:47,0.002,1.56
ip_shuffle,20260622T211847_883966,of:0000000000000005:2 -> of:0000000000000009:3,0.001,0.00125,0.001,0.001,1.46,2026-06-22T21:18:47,0.001,1.46
ip_shuffle,20260622T211847_883966,of:0000000000000001:1 -> of:000000000000000b:1,0.003,0.00375,0.003,0.003,3.0,2026-06-22T21:18:47,0.003,3.0
ip_shuffle,20260622T211847_883966,of:000000000000000b:2 -> of:000000000000000c:2,0.002,0.0025,0.002,0.002,1.53,2026-06-22T21:18:47,0.002,1.53
ip_shuffle,20260622T211847_883966,of:0000000000000001:2 -> of:000000000000000c:1,0.001,0.00125,0.001,0.001,1.36,2026-06-22T21:18:47,0.001,1.36
ip_shuffle,20260622T211847_883966,of:0000000000000006:2 -> of:000000000000000a:2,0.002,0.0025,0.002,0.002,1.53,2026-06-22T21:18:47,0.002,1.53
ip_shuffle,20260622T211847_883966,of:0000000000000001:3 -> of:000000000000000d:1,0.001,0.00125,0.001,0.001,1.4,2026-06-22T21:18:47,0.001,1.36
ip_shuffle,20260622T211847_883966,of:0000000000000003:1 -> of:000000000000000b:5,0.002,0.0025,0.002,0.002,2.03,2026-06-22T21:18:47,0.002,2.03
ip_shuffle,20260622T211847_883966,of:0000000000000006:1 -> of:000000000000000d:4,0.002,0.0025,0.002,0.002,1.43,2026-06-22T21:18:47,0.002,1.46
ip_shuffle,20260622T211847_883966,of:0000000000000007:2 -> of:000000000000000a:3,0.002,0.0025,0.002,0.002,1.53,2026-06-22T21:18:47,0.002,1.53
ip_shuffle,20260622T211847_883966,of:0000000000000007:1 -> of:000000000000000d:5,0.002,0.0025,0.002,0.002,1.43,2026-06-22T21:18:47,0.002,1.46
ip_shuffle,20260622T211847_883966,of:0000000000000002:2 -> of:0000000000000008:2,0.001,0.00125,0.001,0.001,1.46,2026-06-22T21:18:47,0.001,1.46
ip_shuffle,20260622T211847_883966,of:0000000000000003:2 -> of:0000000000000008:3,0.001,0.00125,0.001,0.001,1.46,2026-06-22T21:18:47,0.001,1.46
ip_shuffle,20260622T211847_883966,of:0000000000000008:1 -> of:000000000000000b:6,0.002,0.0025,0.002,0.002,1.43,2026-06-22T21:18:47,0.002,1.43
ip_shuffle,20260622T211847_883966,of:0000000000000004:2 -> of:0000000000000009:2,0.001,0.00125,0.001,0.001,1.46,2026-06-22T21:18:47,0.001,1.46
ip_shuffle,20260622T211847_883966,of:0000000000000002:1 -> of:000000000000000b:4,0.002,0.0025,0.002,0.002,2.4,2026-06-22T21:18:47,0.002,2.4
ip_shuffle,20260622T211847_883966,of:0000000000000009:1 -> of:000000000000000c:6,0.002,0.0025,0.002,0.002,1.43,2026-06-22T21:18:47,0.002,1.43
route_mutation,20260622T212000_512889,of:0000000000000004:1 -> of:000000000000000c:4,0.001,0.00125,0.001,0.001,1.4,2026-06-22T21:20:00,0.001,1.4
route_mutation,20260622T212000_512889,of:0000000000000005:1 -> of:000000000000000c:5,0.001,0.00125,0.001,0.001,1.36,2026-06-22T21:20:00,0.001,1.36
route_mutation,20260622T212000_512889,of:000000000000000a:1 -> of:000000000000000d:6,0.002,0.0025,0.002,0.002,1.43,2026-06-22T21:20:00,0.002,1.43
route_mutation,20260622T212000_512889,of:000000000000000b:3 -> of:000000000000000d:2,0.002,0.0025,0.002,0.002,1.53,2026-06-22T21:20:00,0.002,1.53
route_mutation,20260622T212000_512889,of:000000000000000c:3 -> of:000000000000000d:3,0.002,0.0025,0.002,0.002,1.53,2026-06-22T21:20:00,0.002,1.53
route_mutation,20260622T212000_512889,of:0000000000000005:2 -> of:0000000000000009:3,0.001,0.00125,0.001,0.001,1.46,2026-06-22T21:20:00,0.001,1.46
route_mutation,20260622T212000_512889,of:0000000000000001:1 -> of:000000000000000b:1,0.002,0.0025,0.002,0.002,1.96,2026-06-22T21:20:00,0.002,1.96
route_mutation,20260622T212000_512889,of:000000000000000b:2 -> of:000000000000000c:2,0.002,0.0025,0.002,0.002,1.53,2026-06-22T21:20:00,0.002,1.53
route_mutation,20260622T212000_512889,of:0000000000000001:2 -> of:000000000000000c:1,0.001,0.00125,0.001,0.001,1.36,2026-06-22T21:20:00,0.001,1.36
route_mutation,20260622T212000_512889,of:0000000000000006:2 -> of:000000000000000a:2,0.002,0.0025,0.002,0.002,1.53,2026-06-22T21:20:00,0.002,1.53
route_mutation,20260622T212000_512889,of:0000000000000001:3 -> of:000000000000000d:1,0.001,0.00125,0.001,0.001,1.36,2026-06-22T21:20:00,0.001,1.36
route_mutation,20260622T212000_512889,of:0000000000000003:1 -> of:000000000000000b:5,0.001,0.00125,0.001,0.001,1.36,2026-06-22T21:20:00,0.001,1.36
route_mutation,20260622T212000_512889,of:0000000000000006:1 -> of:000000000000000d:4,0.002,0.0025,0.002,0.002,1.46,2026-06-22T21:20:00,0.002,1.46
route_mutation,20260622T212000_512889,of:0000000000000007:2 -> of:000000000000000a:3,0.002,0.0025,0.002,0.002,1.53,2026-06-22T21:20:00,0.002,1.53
route_mutation,20260622T212000_512889,of:0000000000000007:1 -> of:000000000000000d:5,0.002,0.0025,0.002,0.002,1.46,2026-06-22T21:20:00,0.002,1.46
route_mutation,20260622T212000_512889,of:0000000000000002:2 -> of:0000000000000008:2,0.001,0.00125,0.001,0.001,1.5,2026-06-22T21:20:00,0.001,1.5
route_mutation,20260622T212000_512889,of:0000000000000003:2 -> of:0000000000000008:3,0.001,0.00125,0.001,0.001,1.46,2026-06-22T21:20:00,0.001,1.46
route_mutation,20260622T212000_512889,of:0000000000000008:1 -> of:000000000000000b:6,0.002,0.0025,0.002,0.002,1.43,2026-06-22T21:20:00,0.002,1.43
route_mutation,20260622T212000_512889,of:0000000000000004:2 -> of:0000000000000009:2,0.001,0.00125,0.001,0.001,1.46,2026-06-22T21:20:00,0.001,1.46
route_mutation,20260622T212000_512889,of:0000000000000002:1 -> of:000000000000000b:4,0.002,0.0025,0.002,0.002,1.96,2026-06-22T21:20:00,0.002,1.96
route_mutation,20260622T212000_512889,of:0000000000000009:1 -> of:000000000000000c:6,0.002,0.0025,0.002,0.002,1.43,2026-06-22T21:20:00,0.002,1.43
route_mutation,20260622T212030_912491,of:0000000000000004:1 -> of:000000000000000c:4,0.002,0.0025,0.002,0.002,2.33,2026-06-22T21:20:30,0.002,2.36
route_mutation,20260622T212030_912491,of:0000000000000005:1 -> of:000000000000000c:5,0.002,0.0025,0.002,0.002,2.33,2026-06-22T21:20:30,0.002,2.36
route_mutation,20260622T212030_912491,of:000000000000000a:1 -> of:000000000000000d:6,0.001,0.00125,0.001,0.001,1.46,2026-06-22T21:20:30,0.001,1.5
route_mutation,20260622T212030_912491,of:000000000000000b:3 -> of:000000000000000d:2,0.002,0.0025,0.002,0.002,1.73,2026-06-22T21:20:30,0.002,1.73
route_mutation,20260622T212030_912491,of:000000000000000c:3 -> of:000000000000000d:3,0.002,0.0025,0.002,0.002,1.8,2026-06-22T21:20:30,0.002,1.8
route_mutation,20260622T212030_912491,of:0000000000000005:2 -> of:0000000000000009:3,0.002,0.0025,0.002,0.002,1.66,2026-06-22T21:20:30,0.002,1.66
route_mutation,20260622T212030_912491,of:0000000000000001:1 -> of:000000000000000b:1,0.003,0.00375,0.003,0.003,2.96,2026-06-22T21:20:30,0.003,2.9
route_mutation,20260622T212030_912491,of:000000000000000b:2 -> of:000000000000000c:2,0.002,0.0025,0.002,0.002,1.73,2026-06-22T21:20:30,0.002,1.73
route_mutation,20260622T212030_912491,of:0000000000000001:2 -> of:000000000000000c:1,0.003,0.00375,0.003,0.003,3.16,2026-06-22T21:20:30,0.003,3.1
route_mutation,20260622T212030_912491,of:0000000000000006:2 -> of:000000000000000a:2,0.001,0.00125,0.001,0.001,1.6,2026-06-22T21:20:30,0.001,1.6
route_mutation,20260622T212030_912491,of:0000000000000001:3 -> of:000000000000000d:1,0.002,0.0025,0.002,0.002,1.76,2026-06-22T21:20:30,0.002,1.86
route_mutation,20260622T212030_912491,of:0000000000000003:1 -> of:000000000000000b:5,0.002,0.0025,0.002,0.002,2.46,2026-06-22T21:20:30,0.002,2.53
route_mutation,20260622T212030_912491,of:0000000000000006:1 -> of:000000000000000d:4,0.002,0.0025,0.002,0.002,1.8,2026-06-22T21:20:30,0.002,1.73
route_mutation,20260622T212030_912491,of:0000000000000007:2 -> of:000000000000000a:3,0.001,0.00125,0.001,0.001,1.6,2026-06-22T21:20:30,0.001,1.6
route_mutation,20260622T212030_912491,of:0000000000000007:1 -> of:000000000000000d:5,0.001,0.00125,0.001,0.001,1.46,2026-06-22T21:20:30,0.001,1.5
route_mutation,20260622T212030_912491,of:0000000000000002:2 -> of:0000000000000008:2,0.002,0.0025,0.002,0.002,1.63,2026-06-22T21:20:30,0.002,1.63
route_mutation,20260622T212030_912491,of:0000000000000003:2 -> of:0000000000000008:3,0.002,0.0025,0.002,0.002,1.63,2026-06-22T21:20:30,0.002,1.63
route_mutation,20260622T212030_912491,of:0000000000000008:1 -> of:000000000000000b:6,0.001,0.00125,0.001,0.001,1.4,2026-06-22T21:20:30,0.001,1.43
route_mutation,20260622T212030_912491,of:0000000000000004:2 -> of:0000000000000009:2,0.002,0.0025,0.002,0.002,1.66,2026-06-22T21:20:30,0.002,1.66
route_mutation,20260622T212030_912491,of:0000000000000002:1 -> of:000000000000000b:4,0.002,0.0025,0.002,0.002,1.86,2026-06-22T21:20:30,0.002,1.93
route_mutation,20260622T212030_912491,of:0000000000000009:1 -> of:000000000000000c:6,0.001,0.00125,0.001,0.001,1.46,2026-06-22T21:20:30,0.001,1.5
route_mutation,20260622T212101_235672,of:0000000000000004:1 -> of:000000000000000c:4,0.002,0.0025,0.002,0.002,1.86,2026-06-22T21:21:01,0.002,1.83
route_mutation,20260622T212101_235672,of:0000000000000005:1 -> of:000000000000000c:5,0.002,0.0025,0.002,0.002,1.86,2026-06-22T21:21:01,0.002,1.83
route_mutation,20260622T212101_235672,of:000000000000000a:1 -> of:000000000000000d:6,0.002,0.0025,0.002,0.002,1.86,2026-06-22T21:21:01,0.002,1.83
route_mutation,20260622T212101_235672,of:000000000000000b:3 -> of:000000000000000d:2,0.002,0.0025,0.002,0.002,2.4,2026-06-22T21:21:01,0.002,2.4
route_mutation,20260622T212101_235672,of:000000000000000c:3 -> of:000000000000000d:3,0.002,0.0025,0.002,0.002,2.33,2026-06-22T21:21:01,0.002,2.33
route_mutation,20260622T212101_235672,of:0000000000000005:2 -> of:0000000000000009:3,0.002,0.0025,0.002,0.002,2.53,2026-06-22T21:21:01,0.002,2.53
route_mutation,20260622T212101_235672,of:0000000000000001:1 -> of:000000000000000b:1,0.002,0.0025,0.002,0.002,1.9,2026-06-22T21:21:01,0.002,1.96
route_mutation,20260622T212101_235672,of:000000000000000b:2 -> of:000000000000000c:2,0.002,0.0025,0.002,0.002,2.4,2026-06-22T21:21:01,0.002,2.4
route_mutation,20260622T212101_235672,of:0000000000000001:2 -> of:000000000000000c:1,0.002,0.0025,0.002,0.002,1.83,2026-06-22T21:21:01,0.002,1.9
route_mutation,20260622T212101_235672,of:0000000000000006:2 -> of:000000000000000a:2,0.002,0.0025,0.002,0.002,2.53,2026-06-22T21:21:01,0.002,2.53
route_mutation,20260622T212101_235672,of:0000000000000001:3 -> of:000000000000000d:1,0.003,0.00375,0.003,0.003,4.03,2026-06-22T21:21:01,0.003,3.93
route_mutation,20260622T212101_235672,of:0000000000000003:1 -> of:000000000000000b:5,0.002,0.0025,0.002,0.002,1.96,2026-06-22T21:21:01,0.002,1.9
route_mutation,20260622T212101_235672,of:0000000000000006:1 -> of:000000000000000d:4,0.002,0.0025,0.002,0.002,2.73,2026-06-22T21:21:01,0.002,2.8
route_mutation,20260622T212101_235672,of:0000000000000007:2 -> of:000000000000000a:3,0.002,0.0025,0.002,0.002,2.53,2026-06-22T21:21:01,0.002,2.53
route_mutation,20260622T212101_235672,of:0000000000000007:1 -> of:000000000000000d:5,0.003,0.00375,0.003,0.003,3.06,2026-06-22T21:21:01,0.002,3.03
route_mutation,20260622T212101_235672,of:0000000000000002:2 -> of:0000000000000008:2,0.002,0.0025,0.002,0.002,2.56,2026-06-22T21:21:01,0.002,2.56
route_mutation,20260622T212101_235672,of:0000000000000003:2 -> of:0000000000000008:3,0.002,0.0025,0.002,0.002,2.56,2026-06-22T21:21:01,0.002,2.56
route_mutation,20260622T212101_235672,of:0000000000000008:1 -> of:000000000000000b:6,0.002,0.0025,0.002,0.002,1.93,2026-06-22T21:21:01,0.002,1.9
route_mutation,20260622T212101_235672,of:0000000000000004:2 -> of:0000000000000009:2,0.002,0.0025,0.002,0.002,2.53,2026-06-22T21:21:01,0.002,2.53
route_mutation,20260622T212101_235672,of:0000000000000002:1 -> of:000000000000000b:4,0.002,0.0025,0.002,0.002,1.96,2026-06-22T21:21:01,0.002,1.9
route_mutation,20260622T212101_235672,of:0000000000000009:1 -> of:000000000000000c:6,0.002,0.0025,0.002,0.002,1.86,2026-06-22T21:21:01,0.002,1.83
route_mutation,20260622T212131_577011,of:0000000000000004:1 -> of:000000000000000c:4,0.001,0.00125,0.001,0.001,1.36,2026-06-22T21:21:31,0.001,1.36
route_mutation,20260622T212131_577011,of:0000000000000005:1 -> of:000000000000000c:5,0.001,0.00125,0.001,0.001,1.36,2026-06-22T21:21:31,0.001,1.36
route_mutation,20260622T212131_577011,of:000000000000000a:1 -> of:000000000000000d:6,0.002,0.0025,0.002,0.002,1.43,2026-06-22T21:21:31,0.002,1.43
route_mutation,20260622T212131_577011,of:000000000000000b:3 -> of:000000000000000d:2,0.002,0.0025,0.002,0.002,1.53,2026-06-22T21:21:31,0.002,1.53
route_mutation,20260622T212131_577011,of:000000000000000c:3 -> of:000000000000000d:3,0.002,0.0025,0.002,0.002,1.53,2026-06-22T21:21:31,0.002,1.53
route_mutation,20260622T212131_577011,of:0000000000000005:2 -> of:0000000000000009:3,0.001,0.00125,0.001,0.001,1.46,2026-06-22T21:21:31,0.001,1.46
route_mutation,20260622T212131_577011,of:0000000000000001:1 -> of:000000000000000b:1,0.002,0.0025,0.002,0.002,1.8,2026-06-22T21:21:31,0.002,1.8
route_mutation,20260622T212131_577011,of:000000000000000b:2 -> of:000000000000000c:2,0.002,0.0025,0.002,0.002,1.53,2026-06-22T21:21:31,0.002,1.53
route_mutation,20260622T212131_577011,of:0000000000000001:2 -> of:000000000000000c:1,0.001,0.00125,0.001,0.001,1.36,2026-06-22T21:21:31,0.001,1.36
route_mutation,20260622T212131_577011,of:0000000000000006:2 -> of:000000000000000a:2,0.002,0.0025,0.002,0.002,1.53,2026-06-22T21:21:31,0.002,1.53
route_mutation,20260622T212131_577011,of:0000000000000001:3 -> of:000000000000000d:1,0.001,0.00125,0.001,0.001,1.36,2026-06-22T21:21:31,0.001,1.36
route_mutation,20260622T212131_577011,of:0000000000000003:1 -> of:000000000000000b:5,0.001,0.00125,0.001,0.001,1.36,2026-06-22T21:21:31,0.001,1.36
route_mutation,20260622T212131_577011,of:0000000000000006:1 -> of:000000000000000d:4,0.002,0.0025,0.002,0.002,1.43,2026-06-22T21:21:31,0.002,1.43
route_mutation,20260622T212131_577011,of:0000000000000007:2 -> of:000000000000000a:3,0.002,0.0025,0.002,0.002,1.53,2026-06-22T21:21:31,0.002,1.53
route_mutation,20260622T212131_577011,of:0000000000000007:1 -> of:000000000000000d:5,0.002,0.0025,0.002,0.002,1.43,2026-06-22T21:21:31,0.002,1.43
route_mutation,20260622T212131_577011,of:0000000000000002:2 -> of:0000000000000008:2,0.001,0.00125,0.001,0.001,1.46,2026-06-22T21:21:31,0.001,1.46
route_mutation,20260622T212131_577011,of:0000000000000003:2 -> of:0000000000000008:3,0.001,0.00125,0.001,0.001,1.46,2026-06-22T21:21:31,0.001,1.46
route_mutation,20260622T212131_577011,of:0000000000000008:1 -> of:000000000000000b:6,0.002,0.0025,0.002,0.002,1.43,2026-06-22T21:21:31,0.002,1.43
route_mutation,20260622T212131_577011,of:0000000000000004:2 -> of:0000000000000009:2,0.001,0.00125,0.001,0.001,1.46,2026-06-22T21:21:31,0.001,1.46
route_mutation,20260622T212131_577011,of:0000000000000002:1 -> of:000000000000000b:4,0.002,0.0025,0.002,0.002,1.8,2026-06-22T21:21:31,0.002,1.8
route_mutation,20260622T212131_577011,of:0000000000000009:1 -> of:000000000000000c:6,0.002,0.0025,0.002,0.002,1.43,2026-06-22T21:21:31,0.002,1.43
route_mutation,20260622T212201_880535,of:0000000000000004:1 -> of:000000000000000c:4,0.002,0.0025,0.002,0.002,2.26,2026-06-22T21:22:01,0.002,2.29
route_mutation,20260622T212201_880535,of:0000000000000005:1 -> of:000000000000000c:5,0.002,0.0025,0.002,0.002,2.26,2026-06-22T21:22:01,0.002,2.29
route_mutation,20260622T212201_880535,of:000000000000000a:1 -> of:000000000000000d:6,0.001,0.00125,0.001,0.001,1.43,2026-06-22T21:22:01,0.001,1.46
route_mutation,20260622T212201_880535,of:000000000000000b:3 -> of:000000000000000d:2,0.002,0.0025,0.002,0.002,1.7,2026-06-22T21:22:01,0.002,1.7
route_mutation,20260622T212201_880535,of:000000000000000c:3 -> of:000000000000000d:3,0.002,0.0025,0.002,0.002,1.7,2026-06-22T21:22:01,0.002,1.7
route_mutation,20260622T212201_880535,of:0000000000000005:2 -> of:0000000000000009:3,0.002,0.0025,0.002,0.002,1.56,2026-06-22T21:22:01,0.002,1.56
route_mutation,20260622T212201_880535,of:0000000000000001:1 -> of:000000000000000b:1,0.003,0.00375,0.003,0.003,3.26,2026-06-22T21:22:01,0.003,3.36
route_mutation,20260622T212201_880535,of:000000000000000b:2 -> of:000000000000000c:2,0.002,0.0025,0.002,0.002,1.66,2026-06-22T21:22:01,0.002,1.66
route_mutation,20260622T212201_880535,of:0000000000000001:2 -> of:000000000000000c:1,0.003,0.00375,0.003,0.003,3.22,2026-06-22T21:22:01,0.003,3.32
route_mutation,20260622T212201_880535,of:0000000000000006:2 -> of:000000000000000a:2,0.001,0.00125,0.001,0.001,1.5,2026-06-22T21:22:01,0.001,1.5
route_mutation,20260622T212201_880535,of:0000000000000001:3 -> of:000000000000000d:1,0.002,0.0025,0.002,0.002,2.06,2026-06-22T21:22:01,0.002,1.96
route_mutation,20260622T212201_880535,of:0000000000000003:1 -> of:000000000000000b:5,0.002,0.0025,0.002,0.002,2.49,2026-06-22T21:22:01,0.002,2.53
route_mutation,20260622T212201_880535,of:0000000000000006:1 -> of:000000000000000d:4,0.002,0.0025,0.002,0.002,1.66,2026-06-22T21:22:01,0.002,1.6
route_mutation,20260622T212201_880535,of:0000000000000007:2 -> of:000000000000000a:3,0.001,0.00125,0.001,0.001,1.5,2026-06-22T21:22:01,0.001,1.5
route_mutation,20260622T212201_880535,of:0000000000000007:1 -> of:000000000000000d:5,0.001,0.00125,0.001,0.001,1.4,2026-06-22T21:22:01,0.001,1.46
route_mutation,20260622T212201_880535,of:0000000000000002:2 -> of:0000000000000008:2,0.002,0.0025,0.002,0.002,1.56,2026-06-22T21:22:01,0.002,1.56
route_mutation,20260622T212201_880535,of:0000000000000003:2 -> of:0000000000000008:3,0.002,0.0025,0.002,0.002,1.56,2026-06-22T21:22:01,0.002,1.56
route_mutation,20260622T212201_880535,of:0000000000000008:1 -> of:000000000000000b:6,0.001,0.00125,0.001,0.001,1.43,2026-06-22T21:22:01,0.001,1.43
route_mutation,20260622T212201_880535,of:0000000000000004:2 -> of:0000000000000009:2,0.002,0.0025,0.002,0.002,1.56,2026-06-22T21:22:01,0.002,1.56
route_mutation,20260622T212201_880535,of:0000000000000002:1 -> of:000000000000000b:4,0.002,0.0025,0.002,0.002,2.06,2026-06-22T21:22:01,0.002,2.09
route_mutation,20260622T212201_880535,of:0000000000000009:1 -> of:000000000000000c:6,0.001,0.00125,0.001,0.001,1.43,2026-06-22T21:22:01,0.001,1.43
route_mutation,20260622T212232_273370,of:0000000000000004:1 -> of:000000000000000c:4,0.002,0.0025,0.002,0.002,1.93,2026-06-22T21:22:32,0.002,1.9
route_mutation,20260622T212232_273370,of:0000000000000005:1 -> of:000000000000000c:5,0.002,0.0025,0.002,0.002,1.93,2026-06-22T21:22:32,0.002,1.9
route_mutation,20260622T212232_273370,of:000000000000000a:1 -> of:000000000000000d:6,0.002,0.0025,0.002,0.002,1.9,2026-06-22T21:22:32,0.002,1.86
route_mutation,20260622T212232_273370,of:000000000000000b:3 -> of:000000000000000d:2,0.002,0.0025,0.002,0.002,2.43,2026-06-22T21:22:32,0.002,2.43
route_mutation,20260622T212232_273370,of:000000000000000c:3 -> of:000000000000000d:3,0.002,0.0025,0.002,0.002,2.43,2026-06-22T21:22:32,0.002,2.43
route_mutation,20260622T212232_273370,of:0000000000000005:2 -> of:0000000000000009:3,0.002,0.0025,0.002,0.002,2.63,2026-06-22T21:22:32,0.002,2.63
route_mutation,20260622T212232_273370,of:0000000000000001:1 -> of:000000000000000b:1,0.002,0.0025,0.002,0.002,1.83,2026-06-22T21:22:32,0.002,1.73
route_mutation,20260622T212232_273370,of:000000000000000b:2 -> of:000000000000000c:2,0.002,0.0025,0.002,0.002,2.46,2026-06-22T21:22:32,0.002,2.46
route_mutation,20260622T212232_273370,of:0000000000000001:2 -> of:000000000000000c:1,0.002,0.0025,0.002,0.002,1.83,2026-06-22T21:22:32,0.002,1.73
route_mutation,20260622T212232_273370,of:0000000000000006:2 -> of:000000000000000a:2,0.002,0.0025,0.002,0.002,2.63,2026-06-22T21:22:32,0.002,2.63
route_mutation,20260622T212232_273370,of:0000000000000001:3 -> of:000000000000000d:1,0.003,0.00375,0.003,0.003,3.79,2026-06-22T21:22:32,0.003,3.89
route_mutation,20260622T212232_273370,of:0000000000000003:1 -> of:000000000000000b:5,0.002,0.0025,0.002,0.002,1.93,2026-06-22T21:22:32,0.002,1.9
route_mutation,20260622T212232_273370,of:0000000000000006:1 -> of:000000000000000d:4,0.002,0.0025,0.002,0.002,2.86,2026-06-22T21:22:32,0.002,2.93
route_mutation,20260622T212232_273370,of:0000000000000007:2 -> of:000000000000000a:3,0.002,0.0025,0.002,0.002,2.63,2026-06-22T21:22:32,0.002,2.63
route_mutation,20260622T212232_273370,of:0000000000000007:1 -> of:000000000000000d:5,0.003,0.00375,0.003,0.003,3.13,2026-06-22T21:22:32,0.003,3.06
route_mutation,20260622T212232_273370,of:0000000000000002:2 -> of:0000000000000008:2,0.002,0.0025,0.002,0.002,2.63,2026-06-22T21:22:32,0.002,2.63
route_mutation,20260622T212232_273370,of:0000000000000003:2 -> of:0000000000000008:3,0.002,0.0025,0.002,0.002,2.63,2026-06-22T21:22:32,0.002,2.63
route_mutation,20260622T212232_273370,of:0000000000000008:1 -> of:000000000000000b:6,0.002,0.0025,0.002,0.002,1.9,2026-06-22T21:22:32,0.002,1.9
route_mutation,20260622T212232_273370,of:0000000000000004:2 -> of:0000000000000009:2,0.002,0.0025,0.002,0.002,2.63,2026-06-22T21:22:32,0.002,2.63
route_mutation,20260622T212232_273370,of:0000000000000002:1 -> of:000000000000000b:4,0.002,0.0025,0.002,0.002,1.93,2026-06-22T21:22:32,0.002,1.9
route_mutation,20260622T212232_273370,of:0000000000000009:1 -> of:000000000000000c:6,0.002,0.0025,0.002,0.002,1.9,2026-06-22T21:22:32,0.002,1.9
ip_shuffle,20260622T212302_618503,of:0000000000000004:1 -> of:000000000000000c:4,0.002,0.0025,0.002,0.002,1.43,2026-06-22T21:23:02,0.002,1.43
ip_shuffle,20260622T212302_618503,of:0000000000000005:1 -> of:000000000000000c:5,0.002,0.0025,0.002,0.002,1.43,2026-06-22T21:23:02,0.002,1.43
ip_shuffle,20260622T212302_618503,of:000000000000000a:1 -> of:000000000000000d:6,0.002,0.0025,0.002,0.002,1.43,2026-06-22T21:23:02,0.002,1.43
ip_shuffle,20260622T212302_618503,of:000000000000000b:3 -> of:000000000000000d:2,0.002,0.0025,0.002,0.002,1.53,2026-06-22T21:23:02,0.002,1.53
ip_shuffle,20260622T212302_618503,of:000000000000000c:3 -> of:000000000000000d:3,0.002,0.0025,0.002,0.002,1.53,2026-06-22T21:23:02,0.002,1.53
ip_shuffle,20260622T212302_618503,of:0000000000000005:2 -> of:0000000000000009:3,0.002,0.0025,0.002,0.002,1.53,2026-06-22T21:23:02,0.002,1.53
ip_shuffle,20260622T212302_618503,of:0000000000000001:1 -> of:000000000000000b:1,0.002,0.0025,0.002,0.002,2.03,2026-06-22T21:23:02,0.002,2.03
ip_shuffle,20260622T212302_618503,of:000000000000000b:2 -> of:000000000000000c:2,0.002,0.0025,0.002,0.002,1.53,2026-06-22T21:23:02,0.002,1.53
ip_shuffle,20260622T212302_618503,of:0000000000000001:2 -> of:000000000000000c:1,0.002,0.0025,0.002,0.002,1.43,2026-06-22T21:23:02,0.002,1.43
ip_shuffle,20260622T212302_618503,of:0000000000000006:2 -> of:000000000000000a:2,0.002,0.0025,0.002,0.002,1.53,2026-06-22T21:23:02,0.002,1.53
ip_shuffle,20260622T212302_618503,of:0000000000000001:3 -> of:000000000000000d:1,0.002,0.0025,0.002,0.002,1.43,2026-06-22T21:23:02,0.002,1.43
ip_shuffle,20260622T212302_618503,of:0000000000000003:1 -> of:000000000000000b:5,0.001,0.00125,0.001,0.001,1.36,2026-06-22T21:23:02,0.001,1.36
ip_shuffle,20260622T212302_618503,of:0000000000000006:1 -> of:000000000000000d:4,0.002,0.0025,0.002,0.002,1.43,2026-06-22T21:23:02,0.002,1.43
ip_shuffle,20260622T212302_618503,of:0000000000000007:2 -> of:000000000000000a:3,0.002,0.0025,0.002,0.002,1.53,2026-06-22T21:23:02,0.002,1.53
ip_shuffle,20260622T212302_618503,of:0000000000000007:1 -> of:000000000000000d:5,0.002,0.0025,0.002,0.002,1.43,2026-06-22T21:23:02,0.002,1.43
ip_shuffle,20260622T212302_618503,of:0000000000000002:2 -> of:0000000000000008:2,0.001,0.00125,0.001,0.001,1.46,2026-06-22T21:23:02,0.001,1.46
ip_shuffle,20260622T212302_618503,of:0000000000000003:2 -> of:0000000000000008:3,0.001,0.00125,0.001,0.001,1.46,2026-06-22T21:23:02,0.001,1.46
ip_shuffle,20260622T212302_618503,of:0000000000000008:1 -> of:000000000000000b:6,0.002,0.0025,0.002,0.002,1.43,2026-06-22T21:23:02,0.002,1.43
ip_shuffle,20260622T212302_618503,of:0000000000000004:2 -> of:0000000000000009:2,0.002,0.0025,0.002,0.002,1.53,2026-06-22T21:23:02,0.002,1.53
ip_shuffle,20260622T212302_618503,of:0000000000000002:1 -> of:000000000000000b:4,0.002,0.0025,0.002,0.002,1.66,2026-06-22T21:23:02,0.002,1.66
ip_shuffle,20260622T212302_618503,of:0000000000000009:1 -> of:000000000000000c:6,0.002,0.0025,0.002,0.002,1.43,2026-06-22T21:23:02,0.002,1.43
route_mutation,20260622T212406_706647,of:0000000000000004:1 -> of:000000000000000c:4,0.002,0.0025,0.002,0.002,2.0,2026-06-22T21:24:06,0.002,1.96
route_mutation,20260622T212406_706647,of:0000000000000005:1 -> of:000000000000000c:5,0.002,0.0025,0.002,0.002,2.0,2026-06-22T21:24:06,0.002,1.96
route_mutation,20260622T212406_706647,of:000000000000000a:1 -> of:000000000000000d:6,0.002,0.0025,0.002,0.002,1.9,2026-06-22T21:24:06,0.002,1.86
route_mutation,20260622T212406_706647,of:000000000000000b:3 -> of:000000000000000d:2,0.002,0.0025,0.002,0.002,2.56,2026-06-22T21:24:06,0.002,2.56
route_mutation,20260622T212406_706647,of:000000000000000c:3 -> of:000000000000000d:3,0.002,0.0025,0.002,0.002,2.56,2026-06-22T21:24:06,0.002,2.56
route_mutation,20260622T212406_706647,of:0000000000000005:2 -> of:0000000000000009:3,0.002,0.0025,0.002,0.002,2.76,2026-06-22T21:24:06,0.002,2.76
route_mutation,20260622T212406_706647,of:0000000000000001:1 -> of:000000000000000b:1,0.002,0.0025,0.002,0.002,1.9,2026-06-22T21:24:06,0.002,1.8
route_mutation,20260622T212406_706647,of:000000000000000b:2 -> of:000000000000000c:2,0.002,0.0025,0.002,0.002,2.59,2026-06-22T21:24:06,0.002,2.59
route_mutation,20260622T212406_706647,of:0000000000000001:2 -> of:000000000000000c:1,0.002,0.0025,0.002,0.002,1.9,2026-06-22T21:24:06,0.002,1.8
route_mutation,20260622T212406_706647,of:0000000000000006:2 -> of:000000000000000a:2,0.002,0.0025,0.002,0.002,2.69,2026-06-22T21:24:06,0.002,2.69
route_mutation,20260622T212406_706647,of:0000000000000001:3 -> of:000000000000000d:1,0.003,0.00375,0.003,0.003,3.83,2026-06-22T21:24:06,0.003,3.93
route_mutation,20260622T212406_706647,of:0000000000000003:1 -> of:000000000000000b:5,0.002,0.0025,0.002,0.002,2.0,2026-06-22T21:24:06,0.002,1.96
route_mutation,20260622T212406_706647,of:0000000000000006:1 -> of:000000000000000d:4,0.002,0.0025,0.002,0.002,2.96,2026-06-22T21:24:06,0.002,2.99
route_mutation,20260622T212406_706647,of:0000000000000007:2 -> of:000000000000000a:3,0.002,0.0025,0.002,0.002,2.66,2026-06-22T21:24:06,0.002,2.66
route_mutation,20260622T212406_706647,of:0000000000000007:1 -> of:000000000000000d:5,0.003,0.00375,0.003,0.003,3.09,2026-06-22T21:24:06,0.003,3.06
route_mutation,20260622T212406_706647,of:0000000000000002:2 -> of:0000000000000008:2,0.002,0.0025,0.002,0.002,2.76,2026-06-22T21:24:06,0.002,2.76
route_mutation,20260622T212406_706647,of:0000000000000003:2 -> of:0000000000000008:3,0.002,0.0025,0.002,0.002,2.76,2026-06-22T21:24:06,0.002,2.76
route_mutation,20260622T212406_706647,of:0000000000000008:1 -> of:000000000000000b:6,0.002,0.0025,0.002,0.002,1.96,2026-06-22T21:24:06,0.002,1.96
route_mutation,20260622T212406_706647,of:0000000000000004:2 -> of:0000000000000009:2,0.002,0.0025,0.002,0.002,2.76,2026-06-22T21:24:06,0.002,2.76
route_mutation,20260622T212406_706647,of:0000000000000002:1 -> of:000000000000000b:4,0.002,0.0025,0.002,0.002,2.0,2026-06-22T21:24:06,0.002,1.96
route_mutation,20260622T212406_706647,of:0000000000000009:1 -> of:000000000000000c:6,0.002,0.0025,0.002,0.002,1.96,2026-06-22T21:24:06,0.002,1.96
ip_shuffle,20260622T212437_140654,of:0000000000000004:1 -> of:000000000000000c:4,0.002,0.0025,0.002,0.002,1.43,2026-06-22T21:24:37,0.002,1.43
ip_shuffle,20260622T212437_140654,of:0000000000000005:1 -> of:000000000000000c:5,0.002,0.0025,0.002,0.002,1.43,2026-06-22T21:24:37,0.002,1.43
ip_shuffle,20260622T212437_140654,of:000000000000000a:1 -> of:000000000000000d:6,0.002,0.0025,0.002,0.002,1.43,2026-06-22T21:24:37,0.002,1.43
ip_shuffle,20260622T212437_140654,of:000000000000000b:3 -> of:000000000000000d:2,0.002,0.0025,0.002,0.002,1.53,2026-06-22T21:24:37,0.002,1.53
ip_shuffle,20260622T212437_140654,of:000000000000000c:3 -> of:000000000000000d:3,0.002,0.0025,0.002,0.002,1.53,2026-06-22T21:24:37,0.002,1.53
ip_shuffle,20260622T212437_140654,of:0000000000000005:2 -> of:0000000000000009:3,0.002,0.0025,0.002,0.002,1.53,2026-06-22T21:24:37,0.002,1.53
ip_shuffle,20260622T212437_140654,of:0000000000000001:1 -> of:000000000000000b:1,0.002,0.0025,0.002,0.002,1.9,2026-06-22T21:24:37,0.002,1.9
ip_shuffle,20260622T212437_140654,of:000000000000000b:2 -> of:000000000000000c:2,0.002,0.0025,0.002,0.002,1.56,2026-06-22T21:24:37,0.002,1.56
ip_shuffle,20260622T212437_140654,of:0000000000000001:2 -> of:000000000000000c:1,0.002,0.0025,0.002,0.002,1.46,2026-06-22T21:24:37,0.002,1.46
ip_shuffle,20260622T212437_140654,of:0000000000000006:2 -> of:000000000000000a:2,0.002,0.0025,0.002,0.002,1.53,2026-06-22T21:24:37,0.002,1.53
ip_shuffle,20260622T212437_140654,of:0000000000000001:3 -> of:000000000000000d:1,0.002,0.0025,0.002,0.002,1.43,2026-06-22T21:24:37,0.002,1.43
ip_shuffle,20260622T212437_140654,of:0000000000000003:1 -> of:000000000000000b:5,0.001,0.00125,0.001,0.001,1.4,2026-06-22T21:24:37,0.001,1.4
ip_shuffle,20260622T212437_140654,of:0000000000000006:1 -> of:000000000000000d:4,0.002,0.0025,0.002,0.002,1.46,2026-06-22T21:24:37,0.002,1.46
ip_shuffle,20260622T212437_140654,of:0000000000000007:2 -> of:000000000000000a:3,0.002,0.0025,0.002,0.002,1.53,2026-06-22T21:24:37,0.002,1.53
ip_shuffle,20260622T212437_140654,of:0000000000000007:1 -> of:000000000000000d:5,0.002,0.0025,0.002,0.002,1.43,2026-06-22T21:24:37,0.002,1.43
ip_shuffle,20260622T212437_140654,of:0000000000000002:2 -> of:0000000000000008:2,0.001,0.00125,0.001,0.001,1.46,2026-06-22T21:24:37,0.001,1.46
ip_shuffle,20260622T212437_140654,of:0000000000000003:2 -> of:0000000000000008:3,0.001,0.00125,0.001,0.001,1.46,2026-06-22T21:24:37,0.001,1.46
ip_shuffle,20260622T212437_140654,of:0000000000000008:1 -> of:000000000000000b:6,0.002,0.0025,0.002,0.002,1.43,2026-06-22T21:24:37,0.002,1.43
ip_shuffle,20260622T212437_140654,of:0000000000000004:2 -> of:0000000000000009:2,0.002,0.0025,0.002,0.002,1.53,2026-06-22T21:24:37,0.002,1.53
ip_shuffle,20260622T212437_140654,of:0000000000000002:1 -> of:000000000000000b:4,0.002,0.0025,0.002,0.002,1.56,2026-06-22T21:24:37,0.002,1.5
ip_shuffle,20260622T212437_140654,of:0000000000000009:1 -> of:000000000000000c:6,0.002,0.0025,0.002,0.002,1.46,2026-06-22T21:24:37,0.002,1.46
ip_shuffle,20260622T212534_903508,of:0000000000000004:1 -> of:000000000000000c:4,0.002,0.0025,0.002,0.002,1.9,2026-06-22T21:25:34,0.002,1.93
ip_shuffle,20260622T212534_903508,of:0000000000000005:1 -> of:000000000000000c:5,0.002,0.0025,0.002,0.002,1.93,2026-06-22T21:25:34,0.002,1.96
ip_shuffle,20260622T212534_903508,of:000000000000000a:1 -> of:000000000000000d:6,0.002,0.0025,0.002,0.002,1.86,2026-06-22T21:25:34,0.002,1.83
ip_shuffle,20260622T212534_903508,of:000000000000000b:3 -> of:000000000000000d:2,0.002,0.0025,0.002,0.002,2.5,2026-06-22T21:25:34,0.002,2.5
ip_shuffle,20260622T212534_903508,of:000000000000000c:3 -> of:000000000000000d:3,0.002,0.0025,0.002,0.002,2.5,2026-06-22T21:25:34,0.002,2.5
ip_shuffle,20260622T212534_903508,of:0000000000000005:2 -> of:0000000000000009:3,0.002,0.0025,0.002,0.002,2.53,2026-06-22T21:25:34,0.002,2.53
ip_shuffle,20260622T212534_903508,of:0000000000000001:1 -> of:000000000000000b:1,0.002,0.0025,0.002,0.002,1.86,2026-06-22T21:25:34,0.002,1.86
ip_shuffle,20260622T212534_903508,of:000000000000000b:2 -> of:000000000000000c:2,0.002,0.0025,0.002,0.002,2.53,2026-06-22T21:25:34,0.002,2.53
ip_shuffle,20260622T212534_903508,of:0000000000000001:2 -> of:000000000000000c:1,0.002,0.0025,0.002,0.002,1.86,2026-06-22T21:25:34,0.002,1.86
ip_shuffle,20260622T212534_903508,of:0000000000000006:2 -> of:000000000000000a:2,0.002,0.0025,0.002,0.002,2.56,2026-06-22T21:25:34,0.002,2.56
ip_shuffle,20260622T212534_903508,of:0000000000000001:3 -> of:000000000000000d:1,0.003,0.00375,0.003,0.003,3.56,2026-06-22T21:25:34,0.003,3.49
ip_shuffle,20260622T212534_903508,of:0000000000000003:1 -> of:000000000000000b:5,0.002,0.0025,0.002,0.002,2.1,2026-06-22T21:25:34,0.002,2.0
ip_shuffle,20260622T212534_903508,of:0000000000000006:1 -> of:000000000000000d:4,0.002,0.0025,0.002,0.002,2.96,2026-06-22T21:25:34,0.002,2.99
ip_shuffle,20260622T212534_903508,of:0000000000000007:2 -> of:000000000000000a:3,0.002,0.0025,0.002,0.002,2.56,2026-06-22T21:25:34,0.002,2.56
ip_shuffle,20260622T212534_903508,of:0000000000000007:1 -> of:000000000000000d:5,0.002,0.0025,0.002,0.002,2.5,2026-06-22T21:25:34,0.002,2.43
ip_shuffle,20260622T212534_903508,of:0000000000000002:2 -> of:0000000000000008:2,0.002,0.0025,0.002,0.002,2.56,2026-06-22T21:25:34,0.002,2.56
ip_shuffle,20260622T212534_903508,of:0000000000000003:2 -> of:0000000000000008:3,0.002,0.0025,0.002,0.002,2.79,2026-06-22T21:25:34,0.002,2.79
ip_shuffle,20260622T212534_903508,of:0000000000000008:1 -> of:000000000000000b:6,0.002,0.0025,0.002,0.002,1.9,2026-06-22T21:25:34,0.002,1.93
ip_shuffle,20260622T212534_903508,of:0000000000000004:2 -> of:0000000000000009:2,0.002,0.0025,0.002,0.002,2.53,2026-06-22T21:25:34,0.002,2.53
ip_shuffle,20260622T212534_903508,of:0000000000000002:1 -> of:000000000000000b:4,0.002,0.0025,0.002,0.002,1.86,2026-06-22T21:25:34,0.002,1.93
ip_shuffle,20260622T212534_903508,of:0000000000000009:1 -> of:000000000000000c:6,0.002,0.0025,0.002,0.002,1.83,2026-06-22T21:25:34,0.002,1.86
ip_shuffle,20260622T212638_973579,of:0000000000000004:1 -> of:000000000000000c:4,0.002,0.0025,0.002,0.002,1.73,2026-06-22T21:26:38,0.002,1.73
ip_shuffle,20260622T212638_973579,of:0000000000000005:1 -> of:000000000000000c:5,0.001,0.00125,0.001,0.001,1.46,2026-06-22T21:26:38,0.001,1.46
ip_shuffle,20260622T212638_973579,of:000000000000000a:1 -> of:000000000000000d:6,0.002,0.0025,0.002,0.002,1.53,2026-06-22T21:26:38,0.002,1.53
ip_shuffle,20260622T212638_973579,of:000000000000000b:3 -> of:000000000000000d:2,0.002,0.0025,0.002,0.002,1.73,2026-06-22T21:26:38,0.002,1.73
ip_shuffle,20260622T212638_973579,of:000000000000000c:3 -> of:000000000000000d:3,0.002,0.0025,0.002,0.002,1.73,2026-06-22T21:26:38,0.002,1.73
ip_shuffle,20260622T212638_973579,of:0000000000000005:2 -> of:0000000000000009:3,0.002,0.0025,0.002,0.002,1.66,2026-06-22T21:26:38,0.002,1.66
ip_shuffle,20260622T212638_973579,of:0000000000000001:1 -> of:000000000000000b:1,0.003,0.00375,0.003,0.003,3.56,2026-06-22T21:26:38,0.003,3.56
ip_shuffle,20260622T212638_973579,of:000000000000000b:2 -> of:000000000000000c:2,0.002,0.0025,0.002,0.002,1.73,2026-06-22T21:26:38,0.002,1.73
ip_shuffle,20260622T212638_973579,of:0000000000000001:2 -> of:000000000000000c:1,0.002,0.0025,0.002,0.002,2.06,2026-06-22T21:26:38,0.002,2.06
ip_shuffle,20260622T212638_973579,of:0000000000000006:2 -> of:000000000000000a:2,0.002,0.0025,0.002,0.002,1.66,2026-06-22T21:26:38,0.002,1.66
ip_shuffle,20260622T212638_973579,of:0000000000000001:3 -> of:000000000000000d:1,0.002,0.0025,0.002,0.002,1.53,2026-06-22T21:26:38,0.002,1.53
ip_shuffle,20260622T212638_973579,of:0000000000000003:1 -> of:000000000000000b:5,0.002,0.0025,0.002,0.002,2.53,2026-06-22T21:26:38,0.002,2.53
ip_shuffle,20260622T212638_973579,of:0000000000000006:1 -> of:000000000000000d:4,0.001,0.00125,0.001,0.001,1.46,2026-06-22T21:26:38,0.001,1.46
ip_shuffle,20260622T212638_973579,of:0000000000000007:2 -> of:000000000000000a:3,0.002,0.0025,0.002,0.002,1.66,2026-06-22T21:26:38,0.002,1.66
ip_shuffle,20260622T212638_973579,of:0000000000000007:1 -> of:000000000000000d:5,0.001,0.00125,0.001,0.001,1.46,2026-06-22T21:26:38,0.001,1.46
ip_shuffle,20260622T212638_973579,of:0000000000000002:2 -> of:0000000000000008:2,0.002,0.0025,0.002,0.002,1.66,2026-06-22T21:26:38,0.002,1.66
ip_shuffle,20260622T212638_973579,of:0000000000000003:2 -> of:0000000000000008:3,0.002,0.0025,0.002,0.002,1.66,2026-06-22T21:26:38,0.002,1.66
ip_shuffle,20260622T212638_973579,of:0000000000000008:1 -> of:000000000000000b:6,0.001,0.00125,0.001,0.001,1.46,2026-06-22T21:26:38,0.001,1.46
ip_shuffle,20260622T212638_973579,of:0000000000000004:2 -> of:0000000000000009:2,0.002,0.0025,0.002,0.002,1.66,2026-06-22T21:26:38,0.002,1.66
ip_shuffle,20260622T212638_973579,of:0000000000000002:1 -> of:000000000000000b:4,0.002,0.0025,0.002,0.002,2.56,2026-06-22T21:26:38,0.002,2.56
ip_shuffle,20260622T212638_973579,of:0000000000000009:1 -> of:000000000000000c:6,0.002,0.0025,0.002,0.002,1.53,2026-06-22T21:26:38,0.002,1.53
ip_shuffle,20260622T212736_458017,of:0000000000000004:1 -> of:000000000000000c:4,0.002,0.0025,0.002,0.002,1.86,2026-06-22T21:27:36,0.002,1.83
ip_shuffle,20260622T212736_458017,of:0000000000000005:1 -> of:000000000000000c:5,0.002,0.0025,0.002,0.002,1.86,2026-06-22T21:27:36,0.002,1.83
ip_shuffle,20260622T212736_458017,of:000000000000000a:1 -> of:000000000000000d:6,0.002,0.0025,0.002,0.002,1.76,2026-06-22T21:27:36,0.002,1.73
ip_shuffle,20260622T212736_458017,of:000000000000000b:3 -> of:000000000000000d:2,0.002,0.0025,0.002,0.002,2.23,2026-06-22T21:27:36,0.002,2.23
ip_shuffle,20260622T212736_458017,of:000000000000000c:3 -> of:000000000000000d:3,0.002,0.0025,0.002,0.002,2.23,2026-06-22T21:27:36,0.002,2.23
ip_shuffle,20260622T212736_458017,of:0000000000000005:2 -> of:0000000000000009:3,0.002,0.0025,0.002,0.002,2.36,2026-06-22T21:27:36,0.002,2.36
ip_shuffle,20260622T212736_458017,of:0000000000000001:1 -> of:000000000000000b:1,0.002,0.0025,0.002,0.002,1.83,2026-06-22T21:27:36,0.002,1.73
ip_shuffle,20260622T212736_458017,of:000000000000000b:2 -> of:000000000000000c:2,0.002,0.0025,0.002,0.002,2.33,2026-06-22T21:27:36,0.002,2.33
ip_shuffle,20260622T212736_458017,of:0000000000000001:2 -> of:000000000000000c:1,0.002,0.0025,0.002,0.002,1.83,2026-06-22T21:27:36,0.002,1.73
ip_shuffle,20260622T212736_458017,of:0000000000000006:2 -> of:000000000000000a:2,0.002,0.0025,0.002,0.002,2.33,2026-06-22T21:27:36,0.002,2.33
ip_shuffle,20260622T212736_458017,of:0000000000000001:3 -> of:000000000000000d:1,0.003,0.00375,0.003,0.003,3.1,2026-06-22T21:27:36,0.003,3.16
ip_shuffle,20260622T212736_458017,of:0000000000000003:1 -> of:000000000000000b:5,0.002,0.0025,0.002,0.002,1.7,2026-06-22T21:27:36,0.002,1.83
ip_shuffle,20260622T212736_458017,of:0000000000000006:1 -> of:000000000000000d:4,0.002,0.0025,0.002,0.002,2.03,2026-06-22T21:27:36,0.002,2.1
ip_shuffle,20260622T212736_458017,of:0000000000000007:2 -> of:000000000000000a:3,0.002,0.0025,0.002,0.002,2.33,2026-06-22T21:27:36,0.002,2.33
ip_shuffle,20260622T212736_458017,of:0000000000000007:1 -> of:000000000000000d:5,0.002,0.0025,0.002,0.002,2.96,2026-06-22T21:27:36,0.002,2.93
ip_shuffle,20260622T212736_458017,of:0000000000000002:2 -> of:0000000000000008:2,0.002,0.0025,0.002,0.002,2.2,2026-06-22T21:27:36,0.002,2.2
ip_shuffle,20260622T212736_458017,of:0000000000000003:2 -> of:0000000000000008:3,0.002,0.0025,0.002,0.002,2.2,2026-06-22T21:27:36,0.002,2.2
ip_shuffle,20260622T212736_458017,of:0000000000000008:1 -> of:000000000000000b:6,0.002,0.0025,0.002,0.002,1.83,2026-06-22T21:27:36,0.002,1.83
ip_shuffle,20260622T212736_458017,of:0000000000000004:2 -> of:0000000000000009:2,0.002,0.0025,0.002,0.002,2.36,2026-06-22T21:27:36,0.002,2.36
ip_shuffle,20260622T212736_458017,of:0000000000000002:1 -> of:000000000000000b:4,0.002,0.0025,0.002,0.002,1.7,2026-06-22T21:27:36,0.002,1.83
ip_shuffle,20260622T212736_458017,of:0000000000000009:1 -> of:000000000000000c:6,0.002,0.0025,0.002,0.002,1.83,2026-06-22T21:27:36,0.002,1.83
route_mutation,20260622T212840_712143,of:0000000000000004:1 -> of:000000000000000c:4,0.002,0.0025,0.002,0.002,2.36,2026-06-22T21:28:40,0.002,2.36
route_mutation,20260622T212840_712143,of:0000000000000005:1 -> of:000000000000000c:5,0.002,0.0025,0.002,0.002,2.36,2026-06-22T21:28:40,0.002,2.36
route_mutation,20260622T212840_712143,of:000000000000000a:1 -> of:000000000000000d:6,0.002,0.0025,0.002,0.002,1.56,2026-06-22T21:28:40,0.002,1.6
route_mutation,20260622T212840_712143,of:000000000000000b:3 -> of:000000000000000d:2,0.002,0.0025,0.002,0.002,1.9,2026-06-22T21:28:40,0.002,1.9
route_mutation,20260622T212840_712143,of:000000000000000c:3 -> of:000000000000000d:3,0.002,0.0025,0.002,0.002,1.9,2026-06-22T21:28:40,0.002,1.9
route_mutation,20260622T212840_712143,of:0000000000000005:2 -> of:0000000000000009:3,0.002,0.0025,0.002,0.002,1.86,2026-06-22T21:28:40,0.002,1.86
route_mutation,20260622T212840_712143,of:0000000000000001:1 -> of:000000000000000b:1,0.002,0.0025,0.002,0.002,2.13,2026-06-22T21:28:40,0.002,2.23
route_mutation,20260622T212840_712143,of:000000000000000b:2 -> of:000000000000000c:2,0.002,0.0025,0.002,0.002,1.8,2026-06-22T21:28:40,0.002,1.8
route_mutation,20260622T212840_712143,of:0000000000000001:2 -> of:000000000000000c:1,0.003,0.00375,0.003,0.003,3.1,2026-06-22T21:28:40,0.003,3.2
route_mutation,20260622T212840_712143,of:0000000000000006:2 -> of:000000000000000a:2,0.002,0.0025,0.002,0.002,1.86,2026-06-22T21:28:40,0.002,1.86
route_mutation,20260622T212840_712143,of:0000000000000001:3 -> of:000000000000000d:1,0.002,0.0025,0.002,0.002,2.43,2026-06-22T21:28:40,0.002,2.36
route_mutation,20260622T212840_712143,of:0000000000000003:1 -> of:000000000000000b:5,0.002,0.0025,0.002,0.002,2.23,2026-06-22T21:28:40,0.002,2.13
route_mutation,20260622T212840_712143,of:0000000000000006:1 -> of:000000000000000d:4,0.002,0.0025,0.002,0.002,2.26,2026-06-22T21:28:40,0.002,2.26
route_mutation,20260622T212840_712143,of:0000000000000007:2 -> of:000000000000000a:3,0.002,0.0025,0.002,0.002,1.86,2026-06-22T21:28:40,0.002,1.86
route_mutation,20260622T212840_712143,of:0000000000000007:1 -> of:000000000000000d:5,0.002,0.0025,0.002,0.002,1.63,2026-06-22T21:28:40,0.002,1.66
route_mutation,20260622T212840_712143,of:0000000000000002:2 -> of:0000000000000008:2,0.002,0.0025,0.002,0.002,1.9,2026-06-22T21:28:40,0.002,1.9
route_mutation,20260622T212840_712143,of:0000000000000003:2 -> of:0000000000000008:3,0.002,0.0025,0.002,0.002,1.9,2026-06-22T21:28:40,0.002,1.9
route_mutation,20260622T212840_712143,of:0000000000000008:1 -> of:000000000000000b:6,0.001,0.00125,0.001,0.001,1.5,2026-06-22T21:28:40,0.001,1.5
route_mutation,20260622T212840_712143,of:0000000000000004:2 -> of:0000000000000009:2,0.002,0.0025,0.002,0.002,1.86,2026-06-22T21:28:40,0.002,1.86
route_mutation,20260622T212840_712143,of:0000000000000002:1 -> of:000000000000000b:4,0.001,0.00125,0.001,0.001,1.6,2026-06-22T21:28:40,0.001,1.5
route_mutation,20260622T212840_712143,of:0000000000000009:1 -> of:000000000000000c:6,0.001,0.00125,0.001,0.001,1.5,2026-06-22T21:28:40,0.001,1.5
route_mutation,20260622T212910_952829,of:0000000000000004:1 -> of:000000000000000c:4,0.002,0.0025,0.002,0.002,2.03,2026-06-22T21:29:10,0.002,2.03
route_mutation,20260622T212910_952829,of:0000000000000005:1 -> of:000000000000000c:5,0.002,0.0025,0.002,0.002,2.03,2026-06-22T21:29:10,0.002,2.03
route_mutation,20260622T212910_952829,of:000000000000000a:1 -> of:000000000000000d:6,0.002,0.0025,0.002,0.002,1.96,2026-06-22T21:29:10,0.002,1.93
route_mutation,20260622T212910_952829,of:000000000000000b:3 -> of:000000000000000d:2,0.002,0.0025,0.002,0.002,2.63,2026-06-22T21:29:10,0.002,2.63
route_mutation,20260622T212910_952829,of:000000000000000c:3 -> of:000000000000000d:3,0.002,0.0025,0.002,0.002,2.66,2026-06-22T21:29:10,0.002,2.66
route_mutation,20260622T212910_952829,of:0000000000000005:2 -> of:0000000000000009:3,0.002,0.0025,0.002,0.002,2.76,2026-06-22T21:29:10,0.002,2.76
route_mutation,20260622T212910_952829,of:0000000000000001:1 -> of:000000000000000b:1,0.002,0.0025,0.002,0.002,2.06,2026-06-22T21:29:10,0.002,1.96
route_mutation,20260622T212910_952829,of:000000000000000b:2 -> of:000000000000000c:2,0.002,0.0025,0.002,0.002,2.76,2026-06-22T21:29:10,0.002,2.76
route_mutation,20260622T212910_952829,of:0000000000000001:2 -> of:000000000000000c:1,0.002,0.0025,0.002,0.002,2.03,2026-06-22T21:29:10,0.002,1.93
route_mutation,20260622T212910_952829,of:0000000000000006:2 -> of:000000000000000a:2,0.002,0.0025,0.002,0.002,2.76,2026-06-22T21:29:10,0.002,2.76
route_mutation,20260622T212910_952829,of:0000000000000001:3 -> of:000000000000000d:1,0.003,0.00375,0.003,0.003,3.6,2026-06-22T21:29:10,0.003,3.66
route_mutation,20260622T212910_952829,of:0000000000000003:1 -> of:000000000000000b:5,0.002,0.0025,0.002,0.002,1.93,2026-06-22T21:29:10,0.002,2.03
route_mutation,20260622T212910_952829,of:0000000000000006:1 -> of:000000000000000d:4,0.002,0.0025,0.002,0.002,2.53,2026-06-22T21:29:10,0.002,2.53
route_mutation,20260622T212910_952829,of:0000000000000007:2 -> of:000000000000000a:3,0.002,0.0025,0.002,0.002,2.73,2026-06-22T21:29:10,0.002,2.73
route_mutation,20260622T212910_952829,of:0000000000000007:1 -> of:000000000000000d:5,0.003,0.00375,0.003,0.003,3.26,2026-06-22T21:29:10,0.003,3.23
route_mutation,20260622T212910_952829,of:0000000000000002:2 -> of:0000000000000008:2,0.002,0.0025,0.002,0.002,2.66,2026-06-22T21:29:10,0.002,2.66
route_mutation,20260622T212910_952829,of:0000000000000003:2 -> of:0000000000000008:3,0.002,0.0025,0.002,0.002,2.63,2026-06-22T21:29:10,0.002,2.63
route_mutation,20260622T212910_952829,of:0000000000000008:1 -> of:000000000000000b:6,0.002,0.0025,0.002,0.002,2.03,2026-06-22T21:29:10,0.002,2.03
route_mutation,20260622T212910_952829,of:0000000000000004:2 -> of:0000000000000009:2,0.002,0.0025,0.002,0.002,2.73,2026-06-22T21:29:10,0.002,2.73
route_mutation,20260622T212910_952829,of:0000000000000002:1 -> of:000000000000000b:4,0.002,0.0025,0.002,0.002,1.93,2026-06-22T21:29:10,0.002,2.03
route_mutation,20260622T212910_952829,of:0000000000000009:1 -> of:000000000000000c:6,0.002,0.0025,0.002,0.002,2.03,2026-06-22T21:29:10,0.002,2.03
route_mutation,20260622T212941_344782,of:0000000000000004:1 -> of:000000000000000c:4,0.001,0.00125,0.001,0.001,1.36,2026-06-22T21:29:41,0.001,1.36
route_mutation,20260622T212941_344782,of:0000000000000005:1 -> of:000000000000000c:5,0.001,0.00125,0.001,0.001,1.36,2026-06-22T21:29:41,0.001,1.36
route_mutation,20260622T212941_344782,of:000000000000000a:1 -> of:000000000000000d:6,0.002,0.0025,0.002,0.002,1.43,2026-06-22T21:29:41,0.002,1.43
route_mutation,20260622T212941_344782,of:000000000000000b:3 -> of:000000000000000d:2,0.002,0.0025,0.002,0.002,1.53,2026-06-22T21:29:41,0.002,1.53
route_mutation,20260622T212941_344782,of:000000000000000c:3 -> of:000000000000000d:3,0.002,0.0025,0.002,0.002,1.53,2026-06-22T21:29:41,0.002,1.53
route_mutation,20260622T212941_344782,of:0000000000000005:2 -> of:0000000000000009:3,0.001,0.00125,0.001,0.001,1.46,2026-06-22T21:29:41,0.001,1.46
route_mutation,20260622T212941_344782,of:0000000000000001:1 -> of:000000000000000b:1,0.002,0.0025,0.002,0.002,2.16,2026-06-22T21:29:41,0.002,2.16
route_mutation,20260622T212941_344782,of:000000000000000b:2 -> of:000000000000000c:2,0.002,0.0025,0.002,0.002,1.53,2026-06-22T21:29:41,0.002,1.53
route_mutation,20260622T212941_344782,of:0000000000000001:2 -> of:000000000000000c:1,0.002,0.0025,0.002,0.002,1.43,2026-06-22T21:29:41,0.002,1.43
route_mutation,20260622T212941_344782,of:0000000000000006:2 -> of:000000000000000a:2,0.001,0.00125,0.001,0.001,1.46,2026-06-22T21:29:41,0.001,1.46
route_mutation,20260622T212941_344782,of:0000000000000001:3 -> of:000000000000000d:1,0.002,0.0025,0.002,0.002,1.43,2026-06-22T21:29:41,0.002,1.43
route_mutation,20260622T212941_344782,of:0000000000000003:1 -> of:000000000000000b:5,0.002,0.0025,0.002,0.002,1.43,2026-06-22T21:29:41,0.002,1.43
route_mutation,20260622T212941_344782,of:0000000000000006:1 -> of:000000000000000d:4,0.001,0.00125,0.001,0.001,1.36,2026-06-22T21:29:41,0.001,1.36
route_mutation,20260622T212941_344782,of:0000000000000007:2 -> of:000000000000000a:3,0.001,0.00125,0.001,0.001,1.46,2026-06-22T21:29:41,0.001,1.46
route_mutation,20260622T212941_344782,of:0000000000000007:1 -> of:000000000000000d:5,0.001,0.00125,0.001,0.001,1.36,2026-06-22T21:29:41,0.001,1.36
route_mutation,20260622T212941_344782,of:0000000000000002:2 -> of:0000000000000008:2,0.002,0.0025,0.002,0.002,1.53,2026-06-22T21:29:41,0.002,1.53
route_mutation,20260622T212941_344782,of:0000000000000003:2 -> of:0000000000000008:3,0.002,0.0025,0.002,0.002,1.53,2026-06-22T21:29:41,0.002,1.53
route_mutation,20260622T212941_344782,of:0000000000000008:1 -> of:000000000000000b:6,0.002,0.0025,0.002,0.002,1.43,2026-06-22T21:29:41,0.002,1.43
route_mutation,20260622T212941_344782,of:0000000000000004:2 -> of:0000000000000009:2,0.001,0.00125,0.001,0.001,1.46,2026-06-22T21:29:41,0.001,1.46
route_mutation,20260622T212941_344782,of:0000000000000002:1 -> of:000000000000000b:4,0.002,0.0025,0.002,0.002,2.16,2026-06-22T21:29:41,0.002,2.16
route_mutation,20260622T212941_344782,of:0000000000000009:1 -> of:000000000000000c:6,0.002,0.0025,0.002,0.002,1.43,2026-06-22T21:29:41,0.002,1.43
ip_shuffle,20260622T213011_709742,of:0000000000000004:1 -> of:000000000000000c:4,0.002,0.0025,0.002,0.002,2.2,2026-06-22T21:30:11,0.002,2.23
ip_shuffle,20260622T213011_709742,of:0000000000000005:1 -> of:000000000000000c:5,0.002,0.0025,0.002,0.002,2.2,2026-06-22T21:30:11,0.002,2.23
ip_shuffle,20260622T213011_709742,of:000000000000000a:1 -> of:000000000000000d:6,0.001,0.00125,0.001,0.001,1.43,2026-06-22T21:30:11,0.001,1.46
ip_shuffle,20260622T213011_709742,of:000000000000000b:3 -> of:000000000000000d:2,0.002,0.0025,0.002,0.002,1.63,2026-06-22T21:30:11,0.002,1.63
ip_shuffle,20260622T213011_709742,of:000000000000000c:3 -> of:000000000000000d:3,0.002,0.0025,0.002,0.002,1.63,2026-06-22T21:30:11,0.002,1.63
ip_shuffle,20260622T213011_709742,of:0000000000000005:2 -> of:0000000000000009:3,0.002,0.0025,0.002,0.002,1.56,2026-06-22T21:30:11,0.002,1.56
ip_shuffle,20260622T213011_709742,of:0000000000000001:1 -> of:000000000000000b:1,0.002,0.0025,0.002,0.002,2.7,2026-06-22T21:30:11,0.002,2.8
ip_shuffle,20260622T213011_709742,of:000000000000000b:2 -> of:000000000000000c:2,0.001,0.00125,0.001,0.001,1.53,2026-06-22T21:30:11,0.001,1.53
ip_shuffle,20260622T213011_709742,of:0000000000000001:2 -> of:000000000000000c:1,0.003,0.00375,0.003,0.003,2.96,2026-06-22T21:30:11,0.003,3.06
ip_shuffle,20260622T213011_709742,of:0000000000000006:2 -> of:000000000000000a:2,0.002,0.0025,0.002,0.002,1.56,2026-06-22T21:30:11,0.002,1.56
ip_shuffle,20260622T213011_709742,of:0000000000000001:3 -> of:000000000000000d:1,0.002,0.0025,0.002,0.002,1.86,2026-06-22T21:30:11,0.002,1.76
ip_shuffle,20260622T213011_709742,of:0000000000000003:1 -> of:000000000000000b:5,0.002,0.0025,0.002,0.002,2.53,2026-06-22T21:30:11,0.002,2.4
ip_shuffle,20260622T213011_709742,of:0000000000000006:1 -> of:000000000000000d:4,0.002,0.0025,0.002,0.002,1.73,2026-06-22T21:30:11,0.002,1.66
ip_shuffle,20260622T213011_709742,of:0000000000000007:2 -> of:000000000000000a:3,0.002,0.0025,0.002,0.002,1.6,2026-06-22T21:30:11,0.002,1.6
ip_shuffle,20260622T213011_709742,of:0000000000000007:1 -> of:000000000000000d:5,0.002,0.0025,0.002,0.002,1.5,2026-06-22T21:30:11,0.002,1.53
ip_shuffle,20260622T213011_709742,of:0000000000000002:2 -> of:0000000000000008:2,0.001,0.00125,0.001,0.001,1.66,2026-06-22T21:30:11,0.001,1.66
ip_shuffle,20260622T213011_709742,of:0000000000000003:2 -> of:0000000000000008:3,0.001,0.00125,0.001,0.001,1.66,2026-06-22T21:30:11,0.001,1.66
ip_shuffle,20260622T213011_709742,of:0000000000000008:1 -> of:000000000000000b:6,0.001,0.00125,0.001,0.001,1.36,2026-06-22T21:30:11,0.001,1.36
ip_shuffle,20260622T213011_709742,of:0000000000000004:2 -> of:0000000000000009:2,0.002,0.0025,0.002,0.002,1.56,2026-06-22T21:30:11,0.002,1.56
ip_shuffle,20260622T213011_709742,of:0000000000000002:1 -> of:000000000000000b:4,0.002,0.0025,0.002,0.002,1.8,2026-06-22T21:30:11,0.002,1.66
ip_shuffle,20260622T213011_709742,of:0000000000000009:1 -> of:000000000000000c:6,0.001,0.00125,0.001,0.001,1.36,2026-06-22T21:30:11,0.001,1.36
ip_shuffle,20260622T213115_887716,of:0000000000000004:1 -> of:000000000000000c:4,0.002,0.0025,0.002,0.002,1.43,2026-06-22T21:31:15,0.001,1.37
ip_shuffle,20260622T213115_887716,of:0000000000000005:1 -> of:000000000000000c:5,0.002,0.0025,0.002,0.002,1.43,2026-06-22T21:31:15,0.001,1.37
ip_shuffle,20260622T213115_887716,of:000000000000000a:1 -> of:000000000000000d:6,0.002,0.0025,0.002,0.002,1.37,2026-06-22T21:31:15,0.002,1.4
ip_shuffle,20260622T213115_887716,of:000000000000000b:3 -> of:000000000000000d:2,0.002,0.0025,0.002,0.002,1.43,2026-06-22T21:31:15,0.002,1.43
ip_shuffle,20260622T213115_887716,of:000000000000000c:3 -> of:000000000000000d:3,0.002,0.0025,0.002,0.002,1.43,2026-06-22T21:31:15,0.002,1.43
ip_shuffle,20260622T213115_887716,of:0000000000000005:2 -> of:0000000000000009:3,0.002,0.0025,0.002,0.002,1.46,2026-06-22T21:31:15,0.002,1.46
ip_shuffle,20260622T213115_887716,of:0000000000000001:1 -> of:000000000000000b:1,0.002,0.0025,0.002,0.002,1.6,2026-06-22T21:31:15,0.002,1.46
ip_shuffle,20260622T213115_887716,of:000000000000000b:2 -> of:000000000000000c:2,0.002,0.0025,0.002,0.002,1.43,2026-06-22T21:31:15,0.002,1.4
ip_shuffle,20260622T213115_887716,of:0000000000000001:2 -> of:000000000000000c:1,0.002,0.0025,0.002,0.002,1.4,2026-06-22T21:31:15,0.002,1.43
ip_shuffle,20260622T213115_887716,of:0000000000000006:2 -> of:000000000000000a:2,0.001,0.00125,0.001,0.001,1.3,2026-06-22T21:31:15,0.001,1.3
ip_shuffle,20260622T213115_887716,of:0000000000000001:3 -> of:000000000000000d:1,0.002,0.0025,0.002,0.002,1.5,2026-06-22T21:31:15,0.002,1.53
ip_shuffle,20260622T213115_887716,of:0000000000000003:1 -> of:000000000000000b:5,0.002,0.0025,0.002,0.002,1.43,2026-06-22T21:31:15,0.001,1.37
ip_shuffle,20260622T213115_887716,of:0000000000000006:1 -> of:000000000000000d:4,0.001,0.00125,0.001,0.001,1.27,2026-06-22T21:31:15,0.001,1.33
ip_shuffle,20260622T213115_887716,of:0000000000000007:2 -> of:000000000000000a:3,0.002,0.0025,0.002,0.002,1.4,2026-06-22T21:31:15,0.002,1.4
ip_shuffle,20260622T213115_887716,of:0000000000000007:1 -> of:000000000000000d:5,0.002,0.0025,0.002,0.002,1.63,2026-06-22T21:31:15,0.002,1.66
ip_shuffle,20260622T213115_887716,of:0000000000000002:2 -> of:0000000000000008:2,0.002,0.0025,0.002,0.002,1.46,2026-06-22T21:31:15,0.002,1.46
ip_shuffle,20260622T213115_887716,of:0000000000000003:2 -> of:0000000000000008:3,0.002,0.0025,0.002,0.002,1.46,2026-06-22T21:31:15,0.002,1.46
ip_shuffle,20260622T213115_887716,of:0000000000000008:1 -> of:000000000000000b:6,0.001,0.00125,0.001,0.001,1.37,2026-06-22T21:31:15,0.001,1.37
ip_shuffle,20260622T213115_887716,of:0000000000000004:2 -> of:0000000000000009:2,0.002,0.0025,0.002,0.002,1.46,2026-06-22T21:31:15,0.002,1.46
ip_shuffle,20260622T213115_887716,of:0000000000000002:1 -> of:000000000000000b:4,0.002,0.0025,0.002,0.002,1.53,2026-06-22T21:31:15,0.002,1.66
ip_shuffle,20260622T213115_887716,of:0000000000000009:1 -> of:000000000000000c:6,0.001,0.00125,0.001,0.001,1.37,2026-06-22T21:31:15,0.001,1.37
ip_shuffle,20260622T213213_398561,of:0000000000000004:1 -> of:000000000000000c:4,0.002,0.0025,0.002,0.002,2.13,2026-06-22T21:32:13,0.002,2.1
ip_shuffle,20260622T213213_398561,of:0000000000000005:1 -> of:000000000000000c:5,0.002,0.0025,0.002,0.002,2.23,2026-06-22T21:32:13,0.002,2.2
ip_shuffle,20260622T213213_398561,of:000000000000000a:1 -> of:000000000000000d:6,0.002,0.0025,0.002,0.002,2.1,2026-06-22T21:32:13,0.002,2.1
ip_shuffle,20260622T213213_398561,of:000000000000000b:3 -> of:000000000000000d:2,0.002,0.0025,0.002,0.002,2.93,2026-06-22T21:32:13,0.002,2.93
ip_shuffle,20260622T213213_398561,of:000000000000000c:3 -> of:000000000000000d:3,0.002,0.0025,0.002,0.002,2.93,2026-06-22T21:32:13,0.002,2.93
ip_shuffle,20260622T213213_398561,of:0000000000000005:2 -> of:0000000000000009:3,0.002,0.0025,0.002,0.002,2.96,2026-06-22T21:32:13,0.002,2.96
ip_shuffle,20260622T213213_398561,of:0000000000000001:1 -> of:000000000000000b:1,0.002,0.0025,0.002,0.002,2.16,2026-06-22T21:32:13,0.002,2.2
ip_shuffle,20260622T213213_398561,of:000000000000000b:2 -> of:000000000000000c:2,0.002,0.0025,0.002,0.002,3.0,2026-06-22T21:32:13,0.002,3.0
ip_shuffle,20260622T213213_398561,of:0000000000000001:2 -> of:000000000000000c:1,0.002,0.0025,0.002,0.002,2.26,2026-06-22T21:32:13,0.002,2.3
ip_shuffle,20260622T213213_398561,of:0000000000000006:2 -> of:000000000000000a:2,0.002,0.0025,0.002,0.002,2.96,2026-06-22T21:32:13,0.002,2.96
ip_shuffle,20260622T213213_398561,of:0000000000000001:3 -> of:000000000000000d:1,0.003,0.00375,0.003,0.003,4.29,2026-06-22T21:32:13,0.003,4.13
ip_shuffle,20260622T213213_398561,of:0000000000000003:1 -> of:000000000000000b:5,0.002,0.0025,0.002,0.002,2.13,2026-06-22T21:32:13,0.002,2.1
ip_shuffle,20260622T213213_398561,of:0000000000000006:1 -> of:000000000000000d:4,0.003,0.00375,0.003,0.003,3.23,2026-06-22T21:32:13,0.003,3.26
ip_shuffle,20260622T213213_398561,of:0000000000000007:2 -> of:000000000000000a:3,0.002,0.0025,0.002,0.002,2.96,2026-06-22T21:32:13,0.002,2.96
ip_shuffle,20260622T213213_398561,of:0000000000000007:1 -> of:000000000000000d:5,0.002,0.0025,0.002,0.002,2.93,2026-06-22T21:32:13,0.002,2.9
ip_shuffle,20260622T213213_398561,of:0000000000000002:2 -> of:0000000000000008:2,0.002,0.0025,0.002,0.002,2.93,2026-06-22T21:32:13,0.002,2.93
ip_shuffle,20260622T213213_398561,of:0000000000000003:2 -> of:0000000000000008:3,0.002,0.0025,0.002,0.002,2.93,2026-06-22T21:32:13,0.002,2.93
ip_shuffle,20260622T213213_398561,of:0000000000000008:1 -> of:000000000000000b:6,0.002,0.0025,0.002,0.002,2.13,2026-06-22T21:32:13,0.002,2.16
ip_shuffle,20260622T213213_398561,of:0000000000000004:2 -> of:0000000000000009:2,0.002,0.0025,0.002,0.002,2.96,2026-06-22T21:32:13,0.002,2.96
ip_shuffle,20260622T213213_398561,of:0000000000000002:1 -> of:000000000000000b:4,0.002,0.0025,0.002,0.002,2.13,2026-06-22T21:32:13,0.002,2.1
ip_shuffle,20260622T213213_398561,of:0000000000000009:1 -> of:000000000000000c:6,0.002,0.0025,0.002,0.002,2.16,2026-06-22T21:32:13,0.002,2.16
route_mutation,20260622T213317_708214,of:0000000000000004:1 -> of:000000000000000c:4,0.002,0.0025,0.002,0.002,1.63,2026-06-22T21:33:17,0.002,1.63
route_mutation,20260622T213317_708214,of:0000000000000005:1 -> of:000000000000000c:5,0.001,0.00125,0.001,0.001,1.46,2026-06-22T21:33:17,0.001,1.46
route_mutation,20260622T213317_708214,of:000000000000000a:1 -> of:000000000000000d:6,0.001,0.00125,0.001,0.001,1.46,2026-06-22T21:33:17,0.001,1.46
route_mutation,20260622T213317_708214,of:000000000000000b:3 -> of:000000000000000d:2,0.002,0.0025,0.002,0.002,1.66,2026-06-22T21:33:17,0.002,1.66
route_mutation,20260622T213317_708214,of:000000000000000c:3 -> of:000000000000000d:3,0.002,0.0025,0.002,0.002,1.66,2026-06-22T21:33:17,0.002,1.66
route_mutation,20260622T213317_708214,of:0000000000000005:2 -> of:0000000000000009:3,0.002,0.0025,0.002,0.002,1.7,2026-06-22T21:33:17,0.002,1.7
route_mutation,20260622T213317_708214,of:0000000000000001:1 -> of:000000000000000b:1,0.003,0.00375,0.003,0.003,3.43,2026-06-22T21:33:17,0.003,3.43
route_mutation,20260622T213317_708214,of:000000000000000b:2 -> of:000000000000000c:2,0.001,0.00125,0.001,0.001,1.6,2026-06-22T21:33:17,0.001,1.6
route_mutation,20260622T213317_708214,of:0000000000000001:2 -> of:000000000000000c:1,0.002,0.0025,0.002,0.002,1.53,2026-06-22T21:33:17,0.002,1.53
route_mutation,20260622T213317_708214,of:0000000000000006:2 -> of:000000000000000a:2,0.002,0.0025,0.002,0.002,1.66,2026-06-22T21:33:17,0.002,1.66
route_mutation,20260622T213317_708214,of:0000000000000001:3 -> of:000000000000000d:1,0.002,0.0025,0.002,0.002,1.6,2026-06-22T21:33:17,0.002,1.63
route_mutation,20260622T213317_708214,of:0000000000000003:1 -> of:000000000000000b:5,0.002,0.0025,0.002,0.002,2.46,2026-06-22T21:33:17,0.002,2.46
route_mutation,20260622T213317_708214,of:0000000000000006:1 -> of:000000000000000d:4,0.002,0.0025,0.002,0.002,1.53,2026-06-22T21:33:17,0.002,1.53
route_mutation,20260622T213317_708214,of:0000000000000007:2 -> of:000000000000000a:3,0.001,0.00125,0.001,0.001,1.63,2026-06-22T21:33:17,0.001,1.63
route_mutation,20260622T213317_708214,of:0000000000000007:1 -> of:000000000000000d:5,0.002,0.0025,0.002,0.002,1.8,2026-06-22T21:33:17,0.002,1.8
route_mutation,20260622T213317_708214,of:0000000000000002:2 -> of:0000000000000008:2,0.002,0.0025,0.002,0.002,1.66,2026-06-22T21:33:17,0.002,1.66
route_mutation,20260622T213317_708214,of:0000000000000003:2 -> of:0000000000000008:3,0.002,0.0025,0.002,0.002,1.66,2026-06-22T21:33:17,0.002,1.66
route_mutation,20260622T213317_708214,of:0000000000000008:1 -> of:000000000000000b:6,0.001,0.00125,0.001,0.001,1.4,2026-06-22T21:33:17,0.001,1.4
route_mutation,20260622T213317_708214,of:0000000000000004:2 -> of:0000000000000009:2,0.002,0.0025,0.002,0.002,1.66,2026-06-22T21:33:17,0.002,1.66
route_mutation,20260622T213317_708214,of:0000000000000002:1 -> of:000000000000000b:4,0.002,0.0025,0.002,0.002,2.5,2026-06-22T21:33:17,0.002,2.5
route_mutation,20260622T213317_708214,of:0000000000000009:1 -> of:000000000000000c:6,0.001,0.00125,0.001,0.001,1.43,2026-06-22T21:33:17,0.001,1.43
ip_shuffle,20260622T213348_123082,of:0000000000000004:1 -> of:000000000000000c:4,0.002,0.0025,0.002,0.002,2.43,2026-06-22T21:33:48,0.002,2.33
ip_shuffle,20260622T213348_123082,of:0000000000000005:1 -> of:000000000000000c:5,0.002,0.0025,0.002,0.002,2.6,2026-06-22T21:33:48,0.002,2.5
ip_shuffle,20260622T213348_123082,of:000000000000000a:1 -> of:000000000000000d:6,0.002,0.0025,0.002,0.002,1.7,2026-06-22T21:33:48,0.002,1.7
ip_shuffle,20260622T213348_123082,of:000000000000000b:3 -> of:000000000000000d:2,0.002,0.0025,0.002,0.002,2.13,2026-06-22T21:33:48,0.002,2.13
ip_shuffle,20260622T213348_123082,of:000000000000000c:3 -> of:000000000000000d:3,0.002,0.0025,0.002,0.002,2.13,2026-06-22T21:33:48,0.002,2.13
ip_shuffle,20260622T213348_123082,of:0000000000000005:2 -> of:0000000000000009:3,0.002,0.0025,0.002,0.002,2.2,2026-06-22T21:33:48,0.002,2.2
ip_shuffle,20260622T213348_123082,of:0000000000000001:1 -> of:000000000000000b:1,0.002,0.0025,0.002,0.002,1.76,2026-06-22T21:33:48,0.002,1.86
ip_shuffle,20260622T213348_123082,of:000000000000000b:2 -> of:000000000000000c:2,0.002,0.0025,0.002,0.002,2.2,2026-06-22T21:33:48,0.002,2.2
ip_shuffle,20260622T213348_123082,of:0000000000000001:2 -> of:000000000000000c:1,0.003,0.00375,0.003,0.003,3.26,2026-06-22T21:33:48,0.003,3.36
ip_shuffle,20260622T213348_123082,of:0000000000000006:2 -> of:000000000000000a:2,0.002,0.0025,0.002,0.002,2.4,2026-06-22T21:33:48,0.002,2.4
ip_shuffle,20260622T213348_123082,of:0000000000000001:3 -> of:000000000000000d:1,0.003,0.00375,0.003,0.003,3.09,2026-06-22T21:33:48,0.003,2.96
ip_shuffle,20260622T213348_123082,of:0000000000000003:1 -> of:000000000000000b:5,0.002,0.0025,0.002,0.002,1.8,2026-06-22T21:33:48,0.002,1.7
ip_shuffle,20260622T213348_123082,of:0000000000000006:1 -> of:000000000000000d:4,0.003,0.00375,0.003,0.003,3.06,2026-06-22T21:33:48,0.003,2.93
ip_shuffle,20260622T213348_123082,of:0000000000000007:2 -> of:000000000000000a:3,0.002,0.0025,0.002,0.002,2.16,2026-06-22T21:33:48,0.002,2.16
ip_shuffle,20260622T213348_123082,of:0000000000000007:1 -> of:000000000000000d:5,0.002,0.0025,0.002,0.002,1.7,2026-06-22T21:33:48,0.002,1.7
ip_shuffle,20260622T213348_123082,of:0000000000000002:2 -> of:0000000000000008:2,0.002,0.0025,0.002,0.002,2.2,2026-06-22T21:33:48,0.002,2.2
ip_shuffle,20260622T213348_123082,of:0000000000000003:2 -> of:0000000000000008:3,0.002,0.0025,0.002,0.002,2.2,2026-06-22T21:33:48,0.002,2.2
ip_shuffle,20260622T213348_123082,of:0000000000000008:1 -> of:000000000000000b:6,0.002,0.0025,0.002,0.002,1.73,2026-06-22T21:33:48,0.002,1.76
ip_shuffle,20260622T213348_123082,of:0000000000000004:2 -> of:0000000000000009:2,0.002,0.0025,0.002,0.002,2.2,2026-06-22T21:33:48,0.002,2.2
ip_shuffle,20260622T213348_123082,of:0000000000000002:1 -> of:000000000000000b:4,0.002,0.0025,0.002,0.002,1.8,2026-06-22T21:33:48,0.002,1.7
ip_shuffle,20260622T213348_123082,of:0000000000000009:1 -> of:000000000000000c:6,0.002,0.0025,0.002,0.002,1.73,2026-06-22T21:33:48,0.002,1.76
route_mutation,20260622T213445_909958,of:0000000000000004:1 -> of:000000000000000c:4,0.002,0.0025,0.002,0.002,1.45,2026-06-22T21:34:45,0.002,1.42
route_mutation,20260622T213445_909958,of:0000000000000005:1 -> of:000000000000000c:5,0.002,0.0025,0.002,0.002,1.45,2026-06-22T21:34:45,0.002,1.42
route_mutation,20260622T213445_909958,of:000000000000000a:1 -> of:000000000000000d:6,0.001,0.00125,0.001,0.001,1.36,2026-06-22T21:34:45,0.001,1.36
route_mutation,20260622T213445_909958,of:000000000000000b:3 -> of:000000000000000d:2,0.001,0.00125,0.001,0.001,1.45,2026-06-22T21:34:45,0.001,1.45
route_mutation,20260622T213445_909958,of:000000000000000c:3 -> of:000000000000000d:3,0.002,0.0025,0.002,0.002,1.52,2026-06-22T21:34:45,0.002,1.52
route_mutation,20260622T213445_909958,of:0000000000000005:2 -> of:0000000000000009:3,0.001,0.00125,0.001,0.001,1.49,2026-06-22T21:34:45,0.001,1.49
route_mutation,20260622T213445_909958,of:0000000000000001:1 -> of:000000000000000b:1,0.003,0.00375,0.003,0.003,2.88,2026-06-22T21:34:45,0.003,2.84
route_mutation,20260622T213445_909958,of:000000000000000b:2 -> of:000000000000000c:2,0.001,0.00125,0.001,0.001,1.45,2026-06-22T21:34:45,0.001,1.45
route_mutation,20260622T213445_909958,of:0000000000000001:2 -> of:000000000000000c:1,0.001,0.00125,0.001,0.001,1.36,2026-06-22T21:34:45,0.001,1.36
route_mutation,20260622T213445_909958,of:0000000000000006:2 -> of:000000000000000a:2,0.001,0.00125,0.001,0.001,1.49,2026-06-22T21:34:45,0.001,1.49
route_mutation,20260622T213445_909958,of:0000000000000001:3 -> of:000000000000000d:1,0.001,0.00125,0.001,0.001,1.42,2026-06-22T21:34:45,0.001,1.42
route_mutation,20260622T213445_909958,of:0000000000000003:1 -> of:000000000000000b:5,0.002,0.0025,0.002,0.002,1.95,2026-06-22T21:34:45,0.002,1.98
route_mutation,20260622T213445_909958,of:0000000000000006:1 -> of:000000000000000d:4,0.002,0.0025,0.002,0.002,1.52,2026-06-22T21:34:45,0.002,1.49
route_mutation,20260622T213445_909958,of:0000000000000007:2 -> of:000000000000000a:3,0.001,0.00125,0.001,0.001,1.49,2026-06-22T21:34:45,0.001,1.49
route_mutation,20260622T213445_909958,of:0000000000000007:1 -> of:000000000000000d:5,0.002,0.0025,0.002,0.002,1.45,2026-06-22T21:34:45,0.002,1.42
route_mutation,20260622T213445_909958,of:0000000000000002:2 -> of:0000000000000008:2,0.001,0.00125,0.001,0.001,1.49,2026-06-22T21:34:45,0.001,1.49
route_mutation,20260622T213445_909958,of:0000000000000003:2 -> of:0000000000000008:3,0.001,0.00125,0.001,0.001,1.49,2026-06-22T21:34:45,0.001,1.49
route_mutation,20260622T213445_909958,of:0000000000000008:1 -> of:000000000000000b:6,0.001,0.00125,0.001,0.001,1.29,2026-06-22T21:34:45,0.001,1.29
route_mutation,20260622T213445_909958,of:0000000000000004:2 -> of:0000000000000009:2,0.001,0.00125,0.001,0.001,1.49,2026-06-22T21:34:45,0.001,1.49
route_mutation,20260622T213445_909958,of:0000000000000002:1 -> of:000000000000000b:4,0.002,0.0025,0.002,0.002,2.41,2026-06-22T21:34:45,0.002,2.38
route_mutation,20260622T213445_909958,of:0000000000000009:1 -> of:000000000000000c:6,0.001,0.00125,0.001,0.001,1.36,2026-06-22T21:34:45,0.001,1.36
ip_shuffle,20260622T213516_341237,of:0000000000000004:1 -> of:000000000000000c:4,0.002,0.0025,0.002,0.002,2.46,2026-06-22T21:35:16,0.002,2.36
ip_shuffle,20260622T213516_341237,of:0000000000000005:1 -> of:000000000000000c:5,0.002,0.0025,0.002,0.002,2.46,2026-06-22T21:35:16,0.002,2.36
ip_shuffle,20260622T213516_341237,of:000000000000000a:1 -> of:000000000000000d:6,0.002,0.0025,0.002,0.002,1.63,2026-06-22T21:35:16,0.002,1.66
ip_shuffle,20260622T213516_341237,of:000000000000000b:3 -> of:000000000000000d:2,0.002,0.0025,0.002,0.002,2.03,2026-06-22T21:35:16,0.002,2.03
ip_shuffle,20260622T213516_341237,of:000000000000000c:3 -> of:000000000000000d:3,0.002,0.0025,0.002,0.002,1.96,2026-06-22T21:35:16,0.002,1.96
ip_shuffle,20260622T213516_341237,of:0000000000000005:2 -> of:0000000000000009:3,0.002,0.0025,0.002,0.002,2.1,2026-06-22T21:35:16,0.002,2.1
ip_shuffle,20260622T213516_341237,of:0000000000000001:1 -> of:000000000000000b:1,0.002,0.0025,0.002,0.002,2.16,2026-06-22T21:35:16,0.002,2.3
ip_shuffle,20260622T213516_341237,of:000000000000000b:2 -> of:000000000000000c:2,0.002,0.0025,0.002,0.002,2.0,2026-06-22T21:35:16,0.002,2.0
ip_shuffle,20260622T213516_341237,of:0000000000000001:2 -> of:000000000000000c:1,0.003,0.00375,0.003,0.003,3.23,2026-06-22T21:35:16,0.003,3.33
ip_shuffle,20260622T213516_341237,of:0000000000000006:2 -> of:000000000000000a:2,0.002,0.0025,0.002,0.002,2.1,2026-06-22T21:35:16,0.002,2.1
ip_shuffle,20260622T213516_341237,of:0000000000000001:3 -> of:000000000000000d:1,0.002,0.0025,0.002,0.002,2.63,2026-06-22T21:35:16,0.002,2.53
ip_shuffle,20260622T213516_341237,of:0000000000000003:1 -> of:000000000000000b:5,0.002,0.0025,0.002,0.002,2.16,2026-06-22T21:35:16,0.002,2.03
ip_shuffle,20260622T213516_341237,of:0000000000000006:1 -> of:000000000000000d:4,0.002,0.0025,0.002,0.002,2.43,2026-06-22T21:35:16,0.002,2.6
ip_shuffle,20260622T213516_341237,of:0000000000000007:2 -> of:000000000000000a:3,0.002,0.0025,0.002,0.002,2.16,2026-06-22T21:35:16,0.002,2.16
ip_shuffle,20260622T213516_341237,of:0000000000000007:1 -> of:000000000000000d:5,0.002,0.0025,0.002,0.002,1.73,2026-06-22T21:35:16,0.002,1.66
ip_shuffle,20260622T213516_341237,of:0000000000000002:2 -> of:0000000000000008:2,0.002,0.0025,0.002,0.002,2.06,2026-06-22T21:35:16,0.002,2.06
ip_shuffle,20260622T213516_341237,of:0000000000000003:2 -> of:0000000000000008:3,0.002,0.0025,0.002,0.002,2.06,2026-06-22T21:35:16,0.002,2.06
ip_shuffle,20260622T213516_341237,of:0000000000000008:1 -> of:000000000000000b:6,0.002,0.0025,0.002,0.002,1.7,2026-06-22T21:35:16,0.002,1.7
ip_shuffle,20260622T213516_341237,of:0000000000000004:2 -> of:0000000000000009:2,0.002,0.0025,0.002,0.002,2.1,2026-06-22T21:35:16,0.002,2.1
ip_shuffle,20260622T213516_341237,of:0000000000000002:1 -> of:000000000000000b:4,0.002,0.0025,0.002,0.002,1.7,2026-06-22T21:35:16,0.002,1.63
ip_shuffle,20260622T213516_341237,of:0000000000000009:1 -> of:000000000000000c:6,0.002,0.0025,0.002,0.002,1.63,2026-06-22T21:35:16,0.002,1.63
route_mutation,20260622T213614_129022,of:0000000000000004:1 -> of:000000000000000c:4,0.002,0.0025,0.002,0.002,1.43,2026-06-22T21:36:14,0.002,1.43
route_mutation,20260622T213614_129022,of:0000000000000005:1 -> of:000000000000000c:5,0.002,0.0025,0.002,0.002,1.43,2026-06-22T21:36:14,0.002,1.43
route_mutation,20260622T213614_129022,of:000000000000000a:1 -> of:000000000000000d:6,0.001,0.00125,0.001,0.001,1.36,2026-06-22T21:36:14,0.001,1.36
route_mutation,20260622T213614_129022,of:000000000000000b:3 -> of:000000000000000d:2,0.001,0.00125,0.001,0.001,1.46,2026-06-22T21:36:14,0.001,1.46
route_mutation,20260622T213614_129022,of:000000000000000c:3 -> of:000000000000000d:3,0.002,0.0025,0.002,0.002,1.53,2026-06-22T21:36:14,0.002,1.53
route_mutation,20260622T213614_129022,of:0000000000000005:2 -> of:0000000000000009:3,0.001,0.00125,0.001,0.001,1.46,2026-06-22T21:36:14,0.001,1.46
route_mutation,20260622T213614_129022,of:0000000000000001:1 -> of:000000000000000b:1,0.002,0.0025,0.002,0.002,2.39,2026-06-22T21:36:14,0.002,2.39
route_mutation,20260622T213614_129022,of:000000000000000b:2 -> of:000000000000000c:2,0.001,0.00125,0.001,0.001,1.46,2026-06-22T21:36:14,0.001,1.46
route_mutation,20260622T213614_129022,of:0000000000000001:2 -> of:000000000000000c:1,0.002,0.0025,0.002,0.002,1.43,2026-06-22T21:36:14,0.002,1.43
route_mutation,20260622T213614_129022,of:0000000000000006:2 -> of:000000000000000a:2,0.001,0.00125,0.001,0.001,1.46,2026-06-22T21:36:14,0.001,1.46
route_mutation,20260622T213614_129022,of:0000000000000001:3 -> of:000000000000000d:1,0.002,0.0025,0.002,0.002,1.43,2026-06-22T21:36:14,0.002,1.43
route_mutation,20260622T213614_129022,of:0000000000000003:1 -> of:000000000000000b:5,0.002,0.0025,0.002,0.002,1.46,2026-06-22T21:36:14,0.002,1.46
route_mutation,20260622T213614_129022,of:0000000000000006:1 -> of:000000000000000d:4,0.002,0.0025,0.002,0.002,1.43,2026-06-22T21:36:14,0.002,1.43
route_mutation,20260622T213614_129022,of:0000000000000007:2 -> of:000000000000000a:3,0.001,0.00125,0.001,0.001,1.46,2026-06-22T21:36:14,0.001,1.46
route_mutation,20260622T213614_129022,of:0000000000000007:1 -> of:000000000000000d:5,0.002,0.0025,0.002,0.002,1.43,2026-06-22T21:36:14,0.002,1.43
route_mutation,20260622T213614_129022,of:0000000000000002:2 -> of:0000000000000008:2,0.002,0.0025,0.002,0.002,1.6,2026-06-22T21:36:14,0.002,1.6
route_mutation,20260622T213614_129022,of:0000000000000003:2 -> of:0000000000000008:3,0.002,0.0025,0.002,0.002,1.6,2026-06-22T21:36:14,0.002,1.6
route_mutation,20260622T213614_129022,of:0000000000000008:1 -> of:000000000000000b:6,0.002,0.0025,0.002,0.002,1.43,2026-06-22T21:36:14,0.002,1.43
route_mutation,20260622T213614_129022,of:0000000000000004:2 -> of:0000000000000009:2,0.001,0.00125,0.001,0.001,1.46,2026-06-22T21:36:14,0.001,1.46
route_mutation,20260622T213614_129022,of:0000000000000002:1 -> of:000000000000000b:4,0.002,0.0025,0.002,0.002,2.29,2026-06-22T21:36:14,0.002,2.29
route_mutation,20260622T213614_129022,of:0000000000000009:1 -> of:000000000000000c:6,0.001,0.00125,0.001,0.001,1.36,2026-06-22T21:36:14,0.001,1.36
ip_shuffle,20260622T213644_536452,of:0000000000000004:1 -> of:000000000000000c:4,0.002,0.0025,0.002,0.002,2.33,2026-06-22T21:36:44,0.002,2.23
ip_shuffle,20260622T213644_536452,of:0000000000000005:1 -> of:000000000000000c:5,0.002,0.0025,0.002,0.002,2.33,2026-06-22T21:36:44,0.002,2.23
ip_shuffle,20260622T213644_536452,of:000000000000000a:1 -> of:000000000000000d:6,0.002,0.0025,0.002,0.001,1.5,2026-06-22T21:36:44,0.002,1.53
ip_shuffle,20260622T213644_536452,of:000000000000000b:3 -> of:000000000000000d:2,0.002,0.0025,0.002,0.002,1.76,2026-06-22T21:36:44,0.002,1.76
ip_shuffle,20260622T213644_536452,of:000000000000000c:3 -> of:000000000000000d:3,0.002,0.0025,0.002,0.002,1.7,2026-06-22T21:36:44,0.002,1.7
ip_shuffle,20260622T213644_536452,of:0000000000000005:2 -> of:0000000000000009:3,0.002,0.0025,0.002,0.002,1.83,2026-06-22T21:36:44,0.002,1.83
ip_shuffle,20260622T213644_536452,of:0000000000000001:1 -> of:000000000000000b:1,0.002,0.0025,0.002,0.002,2.53,2026-06-22T21:36:44,0.002,2.59
ip_shuffle,20260622T213644_536452,of:000000000000000b:2 -> of:000000000000000c:2,0.002,0.0025,0.002,0.002,1.73,2026-06-22T21:36:44,0.002,1.73
ip_shuffle,20260622T213644_536452,of:0000000000000001:2 -> of:000000000000000c:1,0.003,0.00375,0.003,0.003,3.03,2026-06-22T21:36:44,0.003,3.09
ip_shuffle,20260622T213644_536452,of:0000000000000006:2 -> of:000000000000000a:2,0.002,0.0025,0.002,0.002,1.9,2026-06-22T21:36:44,0.002,1.9
ip_shuffle,20260622T213644_536452,of:0000000000000001:3 -> of:000000000000000d:1,0.002,0.0025,0.002,0.002,2.03,2026-06-22T21:36:44,0.002,1.93
ip_shuffle,20260622T213644_536452,of:0000000000000003:1 -> of:000000000000000b:5,0.002,0.0025,0.002,0.002,2.49,2026-06-22T21:36:44,0.002,2.43
ip_shuffle,20260622T213644_536452,of:0000000000000006:1 -> of:000000000000000d:4,0.002,0.0025,0.002,0.002,2.06,2026-06-22T21:36:44,0.002,2.16
ip_shuffle,20260622T213644_536452,of:0000000000000007:2 -> of:000000000000000a:3,0.002,0.0025,0.002,0.002,1.9,2026-06-22T21:36:44,0.002,1.9
ip_shuffle,20260622T213644_536452,of:0000000000000007:1 -> of:000000000000000d:5,0.002,0.0025,0.002,0.002,1.6,2026-06-22T21:36:44,0.001,1.53
ip_shuffle,20260622T213644_536452,of:0000000000000002:2 -> of:0000000000000008:2,0.002,0.0025,0.002,0.002,1.93,2026-06-22T21:36:44,0.002,1.93
ip_shuffle,20260622T213644_536452,of:0000000000000003:2 -> of:0000000000000008:3,0.002,0.0025,0.002,0.002,1.93,2026-06-22T21:36:44,0.002,1.93
ip_shuffle,20260622T213644_536452,of:0000000000000008:1 -> of:000000000000000b:6,0.002,0.0025,0.002,0.002,1.7,2026-06-22T21:36:44,0.002,1.56
ip_shuffle,20260622T213644_536452,of:0000000000000004:2 -> of:0000000000000009:2,0.002,0.0025,0.002,0.002,1.83,2026-06-22T21:36:44,0.002,1.83
ip_shuffle,20260622T213644_536452,of:0000000000000002:1 -> of:000000000000000b:4,0.002,0.0025,0.002,0.002,1.66,2026-06-22T21:36:44,0.002,1.6
ip_shuffle,20260622T213644_536452,of:0000000000000009:1 -> of:000000000000000c:6,0.001,0.00125,0.001,0.001,1.5,2026-06-22T21:36:44,0.001,1.5
ip_shuffle,20260622T213742_493405,of:0000000000000004:1 -> of:000000000000000c:4,0.002,0.0025,0.002,0.002,1.43,2026-06-22T21:37:42,0.002,1.43
ip_shuffle,20260622T213742_493405,of:0000000000000005:1 -> of:000000000000000c:5,0.002,0.0025,0.002,0.002,1.46,2026-06-22T21:37:42,0.002,1.46
ip_shuffle,20260622T213742_493405,of:000000000000000a:1 -> of:000000000000000d:6,0.001,0.00125,0.001,0.001,1.36,2026-06-22T21:37:42,0.001,1.36
ip_shuffle,20260622T213742_493405,of:000000000000000b:3 -> of:000000000000000d:2,0.002,0.0025,0.002,0.002,1.56,2026-06-22T21:37:42,0.002,1.56
ip_shuffle,20260622T213742_493405,of:000000000000000c:3 -> of:000000000000000d:3,0.002,0.0025,0.002,0.002,1.53,2026-06-22T21:37:42,0.002,1.53
ip_shuffle,20260622T213742_493405,of:0000000000000005:2 -> of:0000000000000009:3,0.002,0.0025,0.002,0.002,1.53,2026-06-22T21:37:42,0.002,1.53
ip_shuffle,20260622T213742_493405,of:0000000000000001:1 -> of:000000000000000b:1,0.002,0.0025,0.002,0.002,1.76,2026-06-22T21:37:42,0.002,1.7
ip_shuffle,20260622T213742_493405,of:000000000000000b:2 -> of:000000000000000c:2,0.002,0.0025,0.002,0.002,1.53,2026-06-22T21:37:42,0.002,1.53
ip_shuffle,20260622T213742_493405,of:0000000000000001:2 -> of:000000000000000c:1,0.002,0.0025,0.002,0.002,1.43,2026-06-22T21:37:42,0.002,1.43
ip_shuffle,20260622T213742_493405,of:0000000000000006:2 -> of:000000000000000a:2,0.001,0.00125,0.001,0.001,1.46,2026-06-22T21:37:42,0.001,1.46
ip_shuffle,20260622T213742_493405,of:0000000000000001:3 -> of:000000000000000d:1,0.002,0.0025,0.002,0.002,1.43,2026-06-22T21:37:42,0.002,1.43
ip_shuffle,20260622T213742_493405,of:0000000000000003:1 -> of:000000000000000b:5,0.002,0.0025,0.002,0.002,1.43,2026-06-22T21:37:42,0.002,1.43
ip_shuffle,20260622T213742_493405,of:0000000000000006:1 -> of:000000000000000d:4,0.002,0.0025,0.002,0.002,1.43,2026-06-22T21:37:42,0.002,1.43
ip_shuffle,20260622T213742_493405,of:0000000000000007:2 -> of:000000000000000a:3,0.001,0.00125,0.001,0.001,1.46,2026-06-22T21:37:42,0.001,1.46
ip_shuffle,20260622T213742_493405,of:0000000000000007:1 -> of:000000000000000d:5,0.002,0.0025,0.002,0.002,1.43,2026-06-22T21:37:42,0.002,1.43
ip_shuffle,20260622T213742_493405,of:0000000000000002:2 -> of:0000000000000008:2,0.002,0.0025,0.002,0.002,1.53,2026-06-22T21:37:42,0.002,1.53
ip_shuffle,20260622T213742_493405,of:0000000000000003:2 -> of:0000000000000008:3,0.002,0.0025,0.002,0.002,1.53,2026-06-22T21:37:42,0.002,1.53
ip_shuffle,20260622T213742_493405,of:0000000000000008:1 -> of:000000000000000b:6,0.002,0.0025,0.002,0.002,1.43,2026-06-22T21:37:42,0.002,1.43
ip_shuffle,20260622T213742_493405,of:0000000000000004:2 -> of:0000000000000009:2,0.002,0.0025,0.002,0.002,1.53,2026-06-22T21:37:42,0.002,1.53
ip_shuffle,20260622T213742_493405,of:0000000000000002:1 -> of:000000000000000b:4,0.002,0.0025,0.002,0.002,1.73,2026-06-22T21:37:42,0.002,1.8
ip_shuffle,20260622T213742_493405,of:0000000000000009:1 -> of:000000000000000c:6,0.002,0.0025,0.002,0.002,1.43,2026-06-22T21:37:42,0.002,1.43
ip_shuffle,20260622T213840_277468,of:0000000000000004:1 -> of:000000000000000c:4,0.002,0.0025,0.002,0.002,2.13,2026-06-22T21:38:40,0.002,2.03
ip_shuffle,20260622T213840_277468,of:0000000000000005:1 -> of:000000000000000c:5,0.002,0.0025,0.002,0.002,2.7,2026-06-22T21:38:40,0.002,2.6
ip_shuffle,20260622T213840_277468,of:000000000000000a:1 -> of:000000000000000d:6,0.002,0.0025,0.002,0.002,2.0,2026-06-22T21:38:40,0.002,1.86
ip_shuffle,20260622T213840_277468,of:000000000000000b:3 -> of:000000000000000d:2,0.002,0.0025,0.002,0.002,2.53,2026-06-22T21:38:40,0.002,2.53
ip_shuffle,20260622T213840_277468,of:000000000000000c:3 -> of:000000000000000d:3,0.002,0.0025,0.002,0.002,2.53,2026-06-22T21:38:40,0.002,2.53
ip_shuffle,20260622T213840_277468,of:0000000000000005:2 -> of:0000000000000009:3,0.002,0.0025,0.002,0.002,2.7,2026-06-22T21:38:40,0.002,2.7
ip_shuffle,20260622T213840_277468,of:0000000000000001:1 -> of:000000000000000b:1,0.002,0.0025,0.002,0.002,1.93,2026-06-22T21:38:40,0.002,2.03
ip_shuffle,20260622T213840_277468,of:000000000000000b:2 -> of:000000000000000c:2,0.002,0.0025,0.002,0.002,2.53,2026-06-22T21:38:40,0.002,2.53
ip_shuffle,20260622T213840_277468,of:0000000000000001:2 -> of:000000000000000c:1,0.002,0.0025,0.002,0.002,2.73,2026-06-22T21:38:40,0.002,2.83
ip_shuffle,20260622T213840_277468,of:0000000000000006:2 -> of:000000000000000a:2,0.002,0.0025,0.002,0.002,2.63,2026-06-22T21:38:40,0.002,2.63
ip_shuffle,20260622T213840_277468,of:0000000000000001:3 -> of:000000000000000d:1,0.003,0.00375,0.003,0.003,3.86,2026-06-22T21:38:40,0.003,3.73
ip_shuffle,20260622T213840_277468,of:0000000000000003:1 -> of:000000000000000b:5,0.002,0.0025,0.002,0.002,2.03,2026-06-22T21:38:40,0.002,1.93
ip_shuffle,20260622T213840_277468,of:0000000000000006:1 -> of:000000000000000d:4,0.003,0.00375,0.003,0.003,3.36,2026-06-22T21:38:40,0.003,3.26
ip_shuffle,20260622T213840_277468,of:0000000000000007:2 -> of:000000000000000a:3,0.002,0.0025,0.002,0.002,2.66,2026-06-22T21:38:40,0.002,2.66
ip_shuffle,20260622T213840_277468,of:0000000000000007:1 -> of:000000000000000d:5,0.002,0.0025,0.002,0.002,2.6,2026-06-22T21:38:40,0.002,2.79
ip_shuffle,20260622T213840_277468,of:0000000000000002:2 -> of:0000000000000008:2,0.002,0.0025,0.002,0.002,2.7,2026-06-22T21:38:40,0.002,2.7
ip_shuffle,20260622T213840_277468,of:0000000000000003:2 -> of:0000000000000008:3,0.002,0.0025,0.002,0.002,2.7,2026-06-22T21:38:40,0.002,2.7
ip_shuffle,20260622T213840_277468,of:0000000000000008:1 -> of:000000000000000b:6,0.002,0.0025,0.002,0.002,2.0,2026-06-22T21:38:40,0.002,1.86
ip_shuffle,20260622T213840_277468,of:0000000000000004:2 -> of:0000000000000009:2,0.002,0.0025,0.002,0.002,2.7,2026-06-22T21:38:40,0.002,2.7
ip_shuffle,20260622T213840_277468,of:0000000000000002:1 -> of:000000000000000b:4,0.002,0.0025,0.002,0.002,2.03,2026-06-22T21:38:40,0.002,1.93
ip_shuffle,20260622T213840_277468,of:0000000000000009:1 -> of:000000000000000c:6,0.002,0.0025,0.002,0.002,2.0,2026-06-22T21:38:40,0.002,1.86
route_mutation,20260622T213938_084517,of:0000000000000004:1 -> of:000000000000000c:4,0.002,0.0025,0.002,0.002,1.86,2026-06-22T21:39:38,0.002,1.86
route_mutation,20260622T213938_084517,of:0000000000000005:1 -> of:000000000000000c:5,0.001,0.00125,0.001,0.001,1.4,2026-06-22T21:39:38,0.001,1.4
route_mutation,20260622T213938_084517,of:000000000000000a:1 -> of:000000000000000d:6,0.001,0.00125,0.001,0.001,1.46,2026-06-22T21:39:38,0.001,1.46
route_mutation,20260622T213938_084517,of:000000000000000b:3 -> of:000000000000000d:2,0.002,0.0025,0.002,0.002,1.66,2026-06-22T21:39:38,0.002,1.66
route_mutation,20260622T213938_084517,of:000000000000000c:3 -> of:000000000000000d:3,0.001,0.00125,0.001,0.001,1.6,2026-06-22T21:39:38,0.001,1.6
route_mutation,20260622T213938_084517,of:0000000000000005:2 -> of:0000000000000009:3,0.002,0.0025,0.002,0.002,1.66,2026-06-22T21:39:38,0.002,1.66
route_mutation,20260622T213938_084517,of:0000000000000001:1 -> of:000000000000000b:1,0.003,0.00375,0.003,0.003,3.53,2026-06-22T21:39:38,0.003,3.53
route_mutation,20260622T213938_084517,of:000000000000000b:2 -> of:000000000000000c:2,0.002,0.0025,0.002,0.002,1.66,2026-06-22T21:39:38,0.002,1.66
route_mutation,20260622T213938_084517,of:0000000000000001:2 -> of:000000000000000c:1,0.002,0.0025,0.002,0.002,1.8,2026-06-22T21:39:38,0.002,1.8
route_mutation,20260622T213938_084517,of:0000000000000006:2 -> of:000000000000000a:2,0.002,0.0025,0.002,0.002,1.73,2026-06-22T21:39:38,0.002,1.73
route_mutation,20260622T213938_084517,of:0000000000000001:3 -> of:000000000000000d:1,0.001,0.00125,0.001,0.001,1.4,2026-06-22T21:39:38,0.001,1.4
route_mutation,20260622T213938_084517,of:0000000000000003:1 -> of:000000000000000b:5,0.002,0.0025,0.002,0.002,2.5,2026-06-22T21:39:38,0.002,2.5
route_mutation,20260622T213938_084517,of:0000000000000006:1 -> of:000000000000000d:4,0.001,0.00125,0.001,0.001,1.46,2026-06-22T21:39:38,0.001,1.46
route_mutation,20260622T213938_084517,of:0000000000000007:2 -> of:000000000000000a:3,0.002,0.0025,0.002,0.002,1.73,2026-06-22T21:39:38,0.002,1.73
route_mutation,20260622T213938_084517,of:0000000000000007:1 -> of:000000000000000d:5,0.001,0.00125,0.001,0.001,1.46,2026-06-22T21:39:38,0.001,1.46
route_mutation,20260622T213938_084517,of:0000000000000002:2 -> of:0000000000000008:2,0.002,0.0025,0.002,0.002,1.66,2026-06-22T21:39:38,0.002,1.66
route_mutation,20260622T213938_084517,of:0000000000000003:2 -> of:0000000000000008:3,0.002,0.0025,0.002,0.002,1.66,2026-06-22T21:39:38,0.002,1.66
route_mutation,20260622T213938_084517,of:0000000000000008:1 -> of:000000000000000b:6,0.002,0.0025,0.002,0.002,1.53,2026-06-22T21:39:38,0.002,1.53
route_mutation,20260622T213938_084517,of:0000000000000004:2 -> of:0000000000000009:2,0.002,0.0025,0.002,0.002,1.66,2026-06-22T21:39:38,0.002,1.66
route_mutation,20260622T213938_084517,of:0000000000000002:1 -> of:000000000000000b:4,0.002,0.0025,0.002,0.002,2.5,2026-06-22T21:39:38,0.002,2.5
route_mutation,20260622T213938_084517,of:0000000000000009:1 -> of:000000000000000c:6,0.001,0.00125,0.001,0.001,1.46,2026-06-22T21:39:38,0.001,1.46
route_mutation,20260622T214008_429449,of:0000000000000004:1 -> of:000000000000000c:4,0.002,0.0025,0.002,0.002,2.26,2026-06-22T21:40:08,0.002,2.16
route_mutation,20260622T214008_429449,of:0000000000000005:1 -> of:000000000000000c:5,0.002,0.0025,0.002,0.002,2.73,2026-06-22T21:40:08,0.002,2.63
route_mutation,20260622T214008_429449,of:000000000000000a:1 -> of:000000000000000d:6,0.002,0.0025,0.002,0.002,1.9,2026-06-22T21:40:08,0.002,1.76
route_mutation,20260622T214008_429449,of:000000000000000b:3 -> of:000000000000000d:2,0.002,0.0025,0.002,0.002,2.46,2026-06-22T21:40:08,0.002,2.46
route_mutation,20260622T214008_429449,of:000000000000000c:3 -> of:000000000000000d:3,0.002,0.0025,0.002,0.002,2.33,2026-06-22T21:40:08,0.002,2.33
route_mutation,20260622T214008_429449,of:0000000000000005:2 -> of:0000000000000009:3,0.002,0.0025,0.002,0.002,2.5,2026-06-22T21:40:08,0.002,2.5
route_mutation,20260622T214008_429449,of:0000000000000001:1 -> of:000000000000000b:1,0.002,0.0025,0.002,0.002,1.96,2026-06-22T21:40:08,0.002,1.93
route_mutation,20260622T214008_429449,of:000000000000000b:2 -> of:000000000000000c:2,0.002,0.0025,0.002,0.002,2.46,2026-06-22T21:40:08,0.002,2.46
route_mutation,20260622T214008_429449,of:0000000000000001:2 -> of:000000000000000c:1,0.003,0.00375,0.003,0.003,3.03,2026-06-22T21:40:08,0.003,3.13
route_mutation,20260622T214008_429449,of:0000000000000006:2 -> of:000000000000000a:2,0.002,0.0025,0.002,0.002,2.43,2026-06-22T21:40:08,0.002,2.43
route_mutation,20260622T214008_429449,of:0000000000000001:3 -> of:000000000000000d:1,0.003,0.00375,0.003,0.003,3.53,2026-06-22T21:40:08,0.003,3.39
route_mutation,20260622T214008_429449,of:0000000000000003:1 -> of:000000000000000b:5,0.002,0.0025,0.002,0.002,1.93,2026-06-22T21:40:08,0.002,1.96
route_mutation,20260622T214008_429449,of:0000000000000006:1 -> of:000000000000000d:4,0.003,0.00375,0.003,0.003,3.23,2026-06-22T21:40:08,0.003,3.13
route_mutation,20260622T214008_429449,of:0000000000000007:2 -> of:000000000000000a:3,0.002,0.0025,0.002,0.002,2.46,2026-06-22T21:40:08,0.002,2.46
route_mutation,20260622T214008_429449,of:0000000000000007:1 -> of:000000000000000d:5,0.002,0.0025,0.002,0.002,2.23,2026-06-22T21:40:08,0.002,2.43
route_mutation,20260622T214008_429449,of:0000000000000002:2 -> of:0000000000000008:2,0.002,0.0025,0.002,0.002,2.5,2026-06-22T21:40:08,0.002,2.5
route_mutation,20260622T214008_429449,of:0000000000000003:2 -> of:0000000000000008:3,0.002,0.0025,0.002,0.002,2.5,2026-06-22T21:40:08,0.002,2.5
route_mutation,20260622T214008_429449,of:0000000000000008:1 -> of:000000000000000b:6,0.002,0.0025,0.002,0.002,1.9,2026-06-22T21:40:08,0.002,1.9
route_mutation,20260622T214008_429449,of:0000000000000004:2 -> of:0000000000000009:2,0.002,0.0025,0.002,0.002,2.5,2026-06-22T21:40:08,0.002,2.5
route_mutation,20260622T214008_429449,of:0000000000000002:1 -> of:000000000000000b:4,0.002,0.0025,0.002,0.002,1.93,2026-06-22T21:40:08,0.002,1.96
route_mutation,20260622T214008_429449,of:0000000000000009:1 -> of:000000000000000c:6,0.002,0.0025,0.002,0.002,1.9,2026-06-22T21:40:08,0.002,1.76
ip_shuffle,20260622T214038_827174,of:0000000000000004:1 -> of:000000000000000c:4,0.002,0.0025,0.002,0.002,1.6,2026-06-22T21:40:38,0.002,1.7
ip_shuffle,20260622T214038_827174,of:0000000000000005:1 -> of:000000000000000c:5,0.002,0.0025,0.002,0.002,1.6,2026-06-22T21:40:38,0.002,1.7
ip_shuffle,20260622T214038_827174,of:000000000000000a:1 -> of:000000000000000d:6,0.002,0.0025,0.002,0.002,1.5,2026-06-22T21:40:38,0.002,1.63
ip_shuffle,20260622T214038_827174,of:000000000000000b:3 -> of:000000000000000d:2,0.002,0.0025,0.002,0.002,1.73,2026-06-22T21:40:38,0.002,1.73
ip_shuffle,20260622T214038_827174,of:000000000000000c:3 -> of:000000000000000d:3,0.002,0.0025,0.002,0.002,2.0,2026-06-22T21:40:38,0.002,2.0
ip_shuffle,20260622T214038_827174,of:0000000000000005:2 -> of:0000000000000009:3,0.002,0.0025,0.002,0.002,1.7,2026-06-22T21:40:38,0.002,1.7
ip_shuffle,20260622T214038_827174,of:0000000000000001:1 -> of:000000000000000b:1,0.001,0.00125,0.001,0.001,1.43,2026-06-22T21:40:38,0.001,1.46
ip_shuffle,20260622T214038_827174,of:000000000000000b:2 -> of:000000000000000c:2,0.002,0.0025,0.002,0.002,1.8,2026-06-22T21:40:38,0.002,1.8
ip_shuffle,20260622T214038_827174,of:0000000000000001:2 -> of:000000000000000c:1,0.002,0.0025,0.002,0.002,1.7,2026-06-22T21:40:38,0.002,1.6
ip_shuffle,20260622T214038_827174,of:0000000000000006:2 -> of:000000000000000a:2,0.002,0.0025,0.002,0.002,1.7,2026-06-22T21:40:38,0.002,1.7
ip_shuffle,20260622T214038_827174,of:0000000000000001:3 -> of:000000000000000d:1,0.002,0.0025,0.002,0.002,2.43,2026-06-22T21:40:38,0.002,2.56
ip_shuffle,20260622T214038_827174,of:0000000000000003:1 -> of:000000000000000b:5,0.001,0.00125,0.001,0.001,1.46,2026-06-22T21:40:38,0.001,1.43
ip_shuffle,20260622T214038_827174,of:0000000000000006:1 -> of:000000000000000d:4,0.002,0.0025,0.002,0.002,1.56,2026-06-22T21:40:38,0.002,1.66
ip_shuffle,20260622T214038_827174,of:0000000000000007:2 -> of:000000000000000a:3,0.002,0.0025,0.002,0.002,1.66,2026-06-22T21:40:38,0.002,1.66
ip_shuffle,20260622T214038_827174,of:0000000000000007:1 -> of:000000000000000d:5,0.002,0.0025,0.002,0.002,2.53,2026-06-22T21:40:38,0.002,2.33
ip_shuffle,20260622T214038_827174,of:0000000000000002:2 -> of:0000000000000008:2,0.002,0.0025,0.002,0.002,1.7,2026-06-22T21:40:38,0.002,1.7
ip_shuffle,20260622T214038_827174,of:0000000000000003:2 -> of:0000000000000008:3,0.002,0.0025,0.002,0.002,1.7,2026-06-22T21:40:38,0.002,1.7
ip_shuffle,20260622T214038_827174,of:0000000000000008:1 -> of:000000000000000b:6,0.001,0.00125,0.001,0.001,1.43,2026-06-22T21:40:38,0.001,1.43
ip_shuffle,20260622T214038_827174,of:0000000000000004:2 -> of:0000000000000009:2,0.002,0.0025,0.002,0.002,1.7,2026-06-22T21:40:38,0.002,1.7
ip_shuffle,20260622T214038_827174,of:0000000000000002:1 -> of:000000000000000b:4,0.001,0.00125,0.001,0.001,1.46,2026-06-22T21:40:38,0.001,1.43
ip_shuffle,20260622T214038_827174,of:0000000000000009:1 -> of:000000000000000c:6,0.002,0.0025,0.002,0.002,1.56,2026-06-22T21:40:38,0.002,1.7
ip_shuffle,20260622T214143_310040,of:0000000000000004:1 -> of:000000000000000c:4,0.002,0.0025,0.002,0.002,2.16,2026-06-22T21:41:43,0.002,2.2
ip_shuffle,20260622T214143_310040,of:0000000000000005:1 -> of:000000000000000c:5,0.002,0.0025,0.002,0.002,2.56,2026-06-22T21:41:43,0.002,2.59
ip_shuffle,20260622T214143_310040,of:000000000000000a:1 -> of:000000000000000d:6,0.002,0.0025,0.002,0.002,1.83,2026-06-22T21:41:43,0.002,1.73
ip_shuffle,20260622T214143_310040,of:000000000000000b:3 -> of:000000000000000d:2,0.002,0.0025,0.002,0.002,2.26,2026-06-22T21:41:43,0.002,2.26
ip_shuffle,20260622T214143_310040,of:000000000000000c:3 -> of:000000000000000d:3,0.002,0.0025,0.002,0.002,2.26,2026-06-22T21:41:43,0.002,2.26
ip_shuffle,20260622T214143_310040,of:0000000000000005:2 -> of:0000000000000009:3,0.002,0.0025,0.002,0.002,2.2,2026-06-22T21:41:43,0.002,2.2
ip_shuffle,20260622T214143_310040,of:0000000000000001:1 -> of:000000000000000b:1,0.002,0.0025,0.002,0.002,1.9,2026-06-22T21:41:43,0.002,1.83
ip_shuffle,20260622T214143_310040,of:000000000000000b:2 -> of:000000000000000c:2,0.002,0.0025,0.002,0.002,2.39,2026-06-22T21:41:43,0.002,2.39
ip_shuffle,20260622T214143_310040,of:0000000000000001:2 -> of:000000000000000c:1,0.003,0.00375,0.003,0.003,3.13,2026-06-22T21:41:43,0.003,3.06
ip_shuffle,20260622T214143_310040,of:0000000000000006:2 -> of:000000000000000a:2,0.002,0.0025,0.002,0.002,2.26,2026-06-22T21:41:43,0.002,2.26
ip_shuffle,20260622T214143_310040,of:0000000000000001:3 -> of:000000000000000d:1,0.003,0.00375,0.003,0.003,3.09,2026-06-22T21:41:43,0.003,3.03
ip_shuffle,20260622T214143_310040,of:0000000000000003:1 -> of:000000000000000b:5,0.002,0.0025,0.002,0.002,1.83,2026-06-22T21:41:43,0.002,1.9
ip_shuffle,20260622T214143_310040,of:0000000000000006:1 -> of:000000000000000d:4,0.003,0.00375,0.003,0.003,3.03,2026-06-22T21:41:43,0.003,2.93
ip_shuffle,20260622T214143_310040,of:0000000000000007:2 -> of:000000000000000a:3,0.002,0.0025,0.002,0.002,2.26,2026-06-22T21:41:43,0.002,2.26
ip_shuffle,20260622T214143_310040,of:0000000000000007:1 -> of:000000000000000d:5,0.002,0.0025,0.002,0.002,1.83,2026-06-22T21:41:43,0.002,1.93
ip_shuffle,20260622T214143_310040,of:0000000000000002:2 -> of:0000000000000008:2,0.002,0.0025,0.002,0.002,2.23,2026-06-22T21:41:43,0.002,2.23
ip_shuffle,20260622T214143_310040,of:0000000000000003:2 -> of:0000000000000008:3,0.002,0.0025,0.002,0.002,2.23,2026-06-22T21:41:43,0.002,2.23
ip_shuffle,20260622T214143_310040,of:0000000000000008:1 -> of:000000000000000b:6,0.002,0.0025,0.002,0.002,1.76,2026-06-22T21:41:43,0.002,1.8
ip_shuffle,20260622T214143_310040,of:0000000000000004:2 -> of:0000000000000009:2,0.002,0.0025,0.002,0.002,2.2,2026-06-22T21:41:43,0.002,2.2
ip_shuffle,20260622T214143_310040,of:0000000000000002:1 -> of:000000000000000b:4,0.002,0.0025,0.002,0.002,1.8,2026-06-22T21:41:43,0.002,1.86
ip_shuffle,20260622T214143_310040,of:0000000000000009:1 -> of:000000000000000c:6,0.002,0.0025,0.002,0.002,1.76,2026-06-22T21:41:43,0.002,1.8
ip_shuffle,20260622T214247_788494,of:0000000000000004:1 -> of:000000000000000c:4,0.002,0.0025,0.002,0.002,1.5,2026-06-22T21:42:47,0.002,1.53
ip_shuffle,20260622T214247_788494,of:0000000000000005:1 -> of:000000000000000c:5,0.002,0.0025,0.002,0.002,1.5,2026-06-22T21:42:47,0.002,1.53
ip_shuffle,20260622T214247_788494,of:000000000000000a:1 -> of:000000000000000d:6,0.002,0.0025,0.002,0.002,1.53,2026-06-22T21:42:47,0.002,1.43
ip_shuffle,20260622T214247_788494,of:000000000000000b:3 -> of:000000000000000d:2,0.002,0.0025,0.002,0.002,1.63,2026-06-22T21:42:47,0.002,1.63
ip_shuffle,20260622T214247_788494,of:000000000000000c:3 -> of:000000000000000d:3,0.002,0.0025,0.002,0.002,1.63,2026-06-22T21:42:47,0.002,1.63
ip_shuffle,20260622T214247_788494,of:0000000000000005:2 -> of:0000000000000009:3,0.002,0.0025,0.002,0.002,1.7,2026-06-22T21:42:47,0.002,1.7
ip_shuffle,20260622T214247_788494,of:0000000000000001:1 -> of:000000000000000b:1,0.003,0.00375,0.003,0.003,3.3,2026-06-22T21:42:47,0.003,3.36
ip_shuffle,20260622T214247_788494,of:000000000000000b:2 -> of:000000000000000c:2,0.002,0.0025,0.002,0.002,1.73,2026-06-22T21:42:47,0.002,1.73
ip_shuffle,20260622T214247_788494,of:0000000000000001:2 -> of:000000000000000c:1,0.001,0.00125,0.001,0.001,1.46,2026-06-22T21:42:47,0.001,1.4
ip_shuffle,20260622T214247_788494,of:0000000000000006:2 -> of:000000000000000a:2,0.002,0.0025,0.002,0.002,1.7,2026-06-22T21:42:47,0.002,1.7
ip_shuffle,20260622T214247_788494,of:0000000000000001:3 -> of:000000000000000d:1,0.002,0.0025,0.002,0.002,1.53,2026-06-22T21:42:47,0.002,1.56
ip_shuffle,20260622T214247_788494,of:0000000000000003:1 -> of:000000000000000b:5,0.002,0.0025,0.002,0.002,2.36,2026-06-22T21:42:47,0.002,2.33
ip_shuffle,20260622T214247_788494,of:0000000000000006:1 -> of:000000000000000d:4,0.002,0.0025,0.002,0.002,1.63,2026-06-22T21:42:47,0.002,1.56
ip_shuffle,20260622T214247_788494,of:0000000000000007:2 -> of:000000000000000a:3,0.002,0.0025,0.002,0.002,1.73,2026-06-22T21:42:47,0.002,1.73
ip_shuffle,20260622T214247_788494,of:0000000000000007:1 -> of:000000000000000d:5,0.002,0.0025,0.002,0.002,1.53,2026-06-22T21:42:47,0.002,1.43
ip_shuffle,20260622T214247_788494,of:0000000000000002:2 -> of:0000000000000008:2,0.002,0.0025,0.002,0.002,1.63,2026-06-22T21:42:47,0.002,1.63
ip_shuffle,20260622T214247_788494,of:0000000000000003:2 -> of:0000000000000008:3,0.002,0.0025,0.002,0.002,1.63,2026-06-22T21:42:47,0.002,1.63
ip_shuffle,20260622T214247_788494,of:0000000000000008:1 -> of:000000000000000b:6,0.002,0.0025,0.002,0.002,1.53,2026-06-22T21:42:47,0.002,1.53
ip_shuffle,20260622T214247_788494,of:0000000000000004:2 -> of:0000000000000009:2,0.002,0.0025,0.002,0.002,1.7,2026-06-22T21:42:47,0.002,1.7
ip_shuffle,20260622T214247_788494,of:0000000000000002:1 -> of:000000000000000b:4,0.002,0.0025,0.002,0.002,2.46,2026-06-22T21:42:47,0.002,2.5
ip_shuffle,20260622T214247_788494,of:0000000000000009:1 -> of:000000000000000c:6,0.002,0.0025,0.002,0.002,1.53,2026-06-22T21:42:47,0.002,1.53
route_mutation,20260622T214352_144676,of:0000000000000004:1 -> of:000000000000000c:4,0.002,0.0025,0.002,0.002,1.76,2026-06-22T21:43:52,0.002,1.7
route_mutation,20260622T214352_144676,of:0000000000000005:1 -> of:000000000000000c:5,0.002,0.0025,0.002,0.002,1.76,2026-06-22T21:43:52,0.002,1.7
route_mutation,20260622T214352_144676,of:000000000000000a:1 -> of:000000000000000d:6,0.002,0.0025,0.002,0.002,1.73,2026-06-22T21:43:52,0.002,1.93
route_mutation,20260622T214352_144676,of:000000000000000b:3 -> of:000000000000000d:2,0.002,0.0025,0.002,0.002,2.4,2026-06-22T21:43:52,0.002,2.43
route_mutation,20260622T214352_144676,of:000000000000000c:3 -> of:000000000000000d:3,0.002,0.0025,0.002,0.002,2.36,2026-06-22T21:43:52,0.002,2.36
route_mutation,20260622T214352_144676,of:0000000000000005:2 -> of:0000000000000009:3,0.002,0.0025,0.002,0.002,2.23,2026-06-22T21:43:52,0.002,2.23
route_mutation,20260622T214352_144676,of:0000000000000001:1 -> of:000000000000000b:1,0.002,0.0025,0.002,0.002,1.73,2026-06-22T21:43:52,0.002,1.76
route_mutation,20260622T214352_144676,of:000000000000000b:2 -> of:000000000000000c:2,0.002,0.0025,0.002,0.002,2.1,2026-06-22T21:43:52,0.002,2.1
route_mutation,20260622T214352_144676,of:0000000000000001:2 -> of:000000000000000c:1,0.002,0.0025,0.002,0.002,1.7,2026-06-22T21:43:52,0.002,1.76
route_mutation,20260622T214352_144676,of:0000000000000006:2 -> of:000000000000000a:2,0.002,0.0025,0.002,0.002,2.2,2026-06-22T21:43:52,0.002,2.2
route_mutation,20260622T214352_144676,of:0000000000000001:3 -> of:000000000000000d:1,0.003,0.00375,0.003,0.003,3.86,2026-06-22T21:43:52,0.003,3.96
route_mutation,20260622T214352_144676,of:0000000000000003:1 -> of:000000000000000b:5,0.002,0.0025,0.002,0.002,1.76,2026-06-22T21:43:52,0.002,1.73
route_mutation,20260622T214352_144676,of:0000000000000006:1 -> of:000000000000000d:4,0.002,0.0025,0.002,0.002,2.36,2026-06-22T21:43:52,0.002,2.3
route_mutation,20260622T214352_144676,of:0000000000000007:2 -> of:000000000000000a:3,0.002,0.0025,0.002,0.002,2.2,2026-06-22T21:43:52,0.002,2.2
route_mutation,20260622T214352_144676,of:0000000000000007:1 -> of:000000000000000d:5,0.003,0.00375,0.003,0.003,3.63,2026-06-22T21:43:52,0.003,3.76
route_mutation,20260622T214352_144676,of:0000000000000002:2 -> of:0000000000000008:2,0.002,0.0025,0.002,0.002,2.3,2026-06-22T21:43:52,0.002,2.3
route_mutation,20260622T214352_144676,of:0000000000000003:2 -> of:0000000000000008:3,0.002,0.0025,0.002,0.002,2.3,2026-06-22T21:43:52,0.002,2.3
route_mutation,20260622T214352_144676,of:0000000000000008:1 -> of:000000000000000b:6,0.002,0.0025,0.002,0.002,1.73,2026-06-22T21:43:52,0.002,1.73
route_mutation,20260622T214352_144676,of:0000000000000004:2 -> of:0000000000000009:2,0.002,0.0025,0.002,0.002,2.23,2026-06-22T21:43:52,0.002,2.23
route_mutation,20260622T214352_144676,of:0000000000000002:1 -> of:000000000000000b:4,0.002,0.0025,0.002,0.002,1.76,2026-06-22T21:43:52,0.002,1.73
route_mutation,20260622T214352_144676,of:0000000000000009:1 -> of:000000000000000c:6,0.001,0.00125,0.001,0.001,1.66,2026-06-22T21:43:52,0.001,1.63
ip_shuffle,20260622T214422_640857,of:0000000000000004:1 -> of:000000000000000c:4,0.002,0.0025,0.002,0.002,1.43,2026-06-22T21:44:22,0.002,1.43
ip_shuffle,20260622T214422_640857,of:0000000000000005:1 -> of:000000000000000c:5,0.002,0.0025,0.002,0.002,1.43,2026-06-22T21:44:22,0.002,1.43
ip_shuffle,20260622T214422_640857,of:000000000000000a:1 -> of:000000000000000d:6,0.002,0.0025,0.002,0.002,1.43,2026-06-22T21:44:22,0.002,1.43
ip_shuffle,20260622T214422_640857,of:000000000000000b:3 -> of:000000000000000d:2,0.002,0.0025,0.002,0.002,1.53,2026-06-22T21:44:22,0.002,1.53
ip_shuffle,20260622T214422_640857,of:000000000000000c:3 -> of:000000000000000d:3,0.002,0.0025,0.002,0.002,1.53,2026-06-22T21:44:22,0.002,1.53
ip_shuffle,20260622T214422_640857,of:0000000000000005:2 -> of:0000000000000009:3,0.002,0.0025,0.002,0.002,1.53,2026-06-22T21:44:22,0.002,1.53
ip_shuffle,20260622T214422_640857,of:0000000000000001:1 -> of:000000000000000b:1,0.003,0.00375,0.003,0.003,2.73,2026-06-22T21:44:22,0.003,2.73
ip_shuffle,20260622T214422_640857,of:000000000000000b:2 -> of:000000000000000c:2,0.002,0.0025,0.002,0.002,1.53,2026-06-22T21:44:22,0.002,1.53
ip_shuffle,20260622T214422_640857,of:0000000000000001:2 -> of:000000000000000c:1,0.001,0.00125,0.001,0.001,1.36,2026-06-22T21:44:22,0.001,1.36
ip_shuffle,20260622T214422_640857,of:0000000000000006:2 -> of:000000000000000a:2,0.002,0.0025,0.002,0.002,1.53,2026-06-22T21:44:22,0.002,1.53
ip_shuffle,20260622T214422_640857,of:0000000000000001:3 -> of:000000000000000d:1,0.001,0.00125,0.001,0.001,1.36,2026-06-22T21:44:22,0.001,1.36
ip_shuffle,20260622T214422_640857,of:0000000000000003:1 -> of:000000000000000b:5,0.002,0.0025,0.002,0.002,1.7,2026-06-22T21:44:22,0.002,1.7
ip_shuffle,20260622T214422_640857,of:0000000000000006:1 -> of:000000000000000d:4,0.002,0.0025,0.002,0.002,1.43,2026-06-22T21:44:22,0.002,1.43
ip_shuffle,20260622T214422_640857,of:0000000000000007:2 -> of:000000000000000a:3,0.002,0.0025,0.002,0.002,1.53,2026-06-22T21:44:22,0.002,1.53
ip_shuffle,20260622T214422_640857,of:0000000000000007:1 -> of:000000000000000d:5,0.002,0.0025,0.002,0.002,1.43,2026-06-22T21:44:22,0.002,1.43
ip_shuffle,20260622T214422_640857,of:0000000000000002:2 -> of:0000000000000008:2,0.001,0.00125,0.001,0.001,1.46,2026-06-22T21:44:22,0.001,1.46
ip_shuffle,20260622T214422_640857,of:0000000000000003:2 -> of:0000000000000008:3,0.001,0.00125,0.001,0.001,1.46,2026-06-22T21:44:22,0.001,1.46
ip_shuffle,20260622T214422_640857,of:0000000000000008:1 -> of:000000000000000b:6,0.002,0.0025,0.002,0.002,1.43,2026-06-22T21:44:22,0.002,1.43
ip_shuffle,20260622T214422_640857,of:0000000000000004:2 -> of:0000000000000009:2,0.002,0.0025,0.002,0.002,1.53,2026-06-22T21:44:22,0.002,1.53
ip_shuffle,20260622T214422_640857,of:0000000000000002:1 -> of:000000000000000b:4,0.002,0.0025,0.002,0.002,2.4,2026-06-22T21:44:22,0.002,2.4
ip_shuffle,20260622T214422_640857,of:0000000000000009:1 -> of:000000000000000c:6,0.002,0.0025,0.002,0.002,1.43,2026-06-22T21:44:22,0.002,1.43
ip_shuffle,20260622T214520_314773,of:0000000000000004:1 -> of:000000000000000c:4,0.002,0.0025,0.002,0.002,1.96,2026-06-22T21:45:20,0.002,1.9
ip_shuffle,20260622T214520_314773,of:0000000000000005:1 -> of:000000000000000c:5,0.002,0.0025,0.002,0.002,1.96,2026-06-22T21:45:20,0.002,1.9
ip_shuffle,20260622T214520_314773,of:000000000000000a:1 -> of:000000000000000d:6,0.002,0.0025,0.002,0.002,1.93,2026-06-22T21:45:20,0.002,1.9
ip_shuffle,20260622T214520_314773,of:000000000000000b:3 -> of:000000000000000d:2,0.002,0.0025,0.002,0.002,2.56,2026-06-22T21:45:20,0.002,2.56
ip_shuffle,20260622T214520_314773,of:000000000000000c:3 -> of:000000000000000d:3,0.002,0.0025,0.002,0.002,2.53,2026-06-22T21:45:20,0.002,2.53
ip_shuffle,20260622T214520_314773,of:0000000000000005:2 -> of:0000000000000009:3,0.002,0.0025,0.002,0.002,2.63,2026-06-22T21:45:20,0.002,2.63
ip_shuffle,20260622T214520_314773,of:0000000000000001:1 -> of:000000000000000b:1,0.002,0.0025,0.002,0.002,1.93,2026-06-22T21:45:20,0.002,1.96
ip_shuffle,20260622T214520_314773,of:000000000000000b:2 -> of:000000000000000c:2,0.002,0.0025,0.002,0.002,2.5,2026-06-22T21:45:20,0.002,2.5
ip_shuffle,20260622T214520_314773,of:0000000000000001:2 -> of:000000000000000c:1,0.002,0.0025,0.002,0.002,1.9,2026-06-22T21:45:20,0.002,1.96
ip_shuffle,20260622T214520_314773,of:0000000000000006:2 -> of:000000000000000a:2,0.002,0.0025,0.002,0.002,2.6,2026-06-22T21:45:20,0.002,2.6
ip_shuffle,20260622T214520_314773,of:0000000000000001:3 -> of:000000000000000d:1,0.003,0.00375,0.003,0.003,3.93,2026-06-22T21:45:20,0.003,3.89
ip_shuffle,20260622T214520_314773,of:0000000000000003:1 -> of:000000000000000b:5,0.002,0.0025,0.002,0.002,1.96,2026-06-22T21:45:20,0.002,1.93
ip_shuffle,20260622T214520_314773,of:0000000000000006:1 -> of:000000000000000d:4,0.002,0.0025,0.002,0.002,2.4,2026-06-22T21:45:20,0.002,2.46
ip_shuffle,20260622T214520_314773,of:0000000000000007:2 -> of:000000000000000a:3,0.002,0.0025,0.002,0.002,2.6,2026-06-22T21:45:20,0.002,2.6
ip_shuffle,20260622T214520_314773,of:0000000000000007:1 -> of:000000000000000d:5,0.003,0.00375,0.003,0.003,3.36,2026-06-22T21:45:20,0.003,3.33
ip_shuffle,20260622T214520_314773,of:0000000000000002:2 -> of:0000000000000008:2,0.002,0.0025,0.002,0.002,2.7,2026-06-22T21:45:20,0.002,2.7
ip_shuffle,20260622T214520_314773,of:0000000000000003:2 -> of:0000000000000008:3,0.002,0.0025,0.002,0.002,2.7,2026-06-22T21:45:20,0.002,2.7
ip_shuffle,20260622T214520_314773,of:0000000000000008:1 -> of:000000000000000b:6,0.002,0.0025,0.002,0.002,1.93,2026-06-22T21:45:20,0.002,1.93
ip_shuffle,20260622T214520_314773,of:0000000000000004:2 -> of:0000000000000009:2,0.002,0.0025,0.002,0.002,2.63,2026-06-22T21:45:20,0.002,2.63
ip_shuffle,20260622T214520_314773,of:0000000000000002:1 -> of:000000000000000b:4,0.002,0.0025,0.002,0.002,1.96,2026-06-22T21:45:20,0.002,1.93
ip_shuffle,20260622T214520_314773,of:0000000000000009:1 -> of:000000000000000c:6,0.002,0.0025,0.002,0.002,1.86,2026-06-22T21:45:20,0.002,1.83
route_mutation,20260622T214618_117189,of:0000000000000004:1 -> of:000000000000000c:4,0.002,0.0025,0.002,0.002,2.26,2026-06-22T21:46:18,0.002,2.26
route_mutation,20260622T214618_117189,of:0000000000000005:1 -> of:000000000000000c:5,0.002,0.0025,0.002,0.002,2.26,2026-06-22T21:46:18,0.002,2.26
route_mutation,20260622T214618_117189,of:000000000000000a:1 -> of:000000000000000d:6,0.002,0.0025,0.002,0.002,1.53,2026-06-22T21:46:18,0.002,1.53
route_mutation,20260622T214618_117189,of:000000000000000b:3 -> of:000000000000000d:2,0.002,0.0025,0.002,0.002,1.73,2026-06-22T21:46:18,0.002,1.73
route_mutation,20260622T214618_117189,of:000000000000000c:3 -> of:000000000000000d:3,0.002,0.0025,0.002,0.002,1.73,2026-06-22T21:46:18,0.002,1.73
route_mutation,20260622T214618_117189,of:0000000000000005:2 -> of:0000000000000009:3,0.002,0.0025,0.002,0.002,1.66,2026-06-22T21:46:18,0.002,1.66
route_mutation,20260622T214618_117189,of:0000000000000001:1 -> of:000000000000000b:1,0.003,0.00375,0.003,0.003,2.96,2026-06-22T21:46:18,0.003,2.96
route_mutation,20260622T214618_117189,of:000000000000000b:2 -> of:000000000000000c:2,0.002,0.0025,0.002,0.002,1.73,2026-06-22T21:46:18,0.002,1.73
route_mutation,20260622T214618_117189,of:0000000000000001:2 -> of:000000000000000c:1,0.003,0.00375,0.003,0.003,3.13,2026-06-22T21:46:18,0.003,3.1
route_mutation,20260622T214618_117189,of:0000000000000006:2 -> of:000000000000000a:2,0.002,0.0025,0.002,0.002,1.66,2026-06-22T21:46:18,0.002,1.66
route_mutation,20260622T214618_117189,of:0000000000000001:3 -> of:000000000000000d:1,0.002,0.0025,0.002,0.002,1.8,2026-06-22T21:46:18,0.002,1.86
route_mutation,20260622T214618_117189,of:0000000000000003:1 -> of:000000000000000b:5,0.002,0.0025,0.002,0.002,2.53,2026-06-22T21:46:18,0.002,2.56
route_mutation,20260622T214618_117189,of:0000000000000006:1 -> of:000000000000000d:4,0.002,0.0025,0.002,0.002,1.73,2026-06-22T21:46:18,0.002,1.7
route_mutation,20260622T214618_117189,of:0000000000000007:2 -> of:000000000000000a:3,0.002,0.0025,0.002,0.002,1.66,2026-06-22T21:46:18,0.002,1.66
route_mutation,20260622T214618_117189,of:0000000000000007:1 -> of:000000000000000d:5,0.001,0.00125,0.001,0.001,1.46,2026-06-22T21:46:18,0.001,1.46
route_mutation,20260622T214618_117189,of:0000000000000002:2 -> of:0000000000000008:2,0.002,0.0025,0.002,0.002,1.7,2026-06-22T21:46:18,0.002,1.7
route_mutation,20260622T214618_117189,of:0000000000000003:2 -> of:0000000000000008:3,0.002,0.0025,0.002,0.002,1.7,2026-06-22T21:46:18,0.002,1.7
route_mutation,20260622T214618_117189,of:0000000000000008:1 -> of:000000000000000b:6,0.002,0.0025,0.002,0.002,1.53,2026-06-22T21:46:18,0.002,1.53
route_mutation,20260622T214618_117189,of:0000000000000004:2 -> of:0000000000000009:2,0.002,0.0025,0.002,0.002,1.66,2026-06-22T21:46:18,0.002,1.66
route_mutation,20260622T214618_117189,of:0000000000000002:1 -> of:000000000000000b:4,0.002,0.0025,0.002,0.002,1.93,2026-06-22T21:46:18,0.002,1.93
route_mutation,20260622T214618_117189,of:0000000000000009:1 -> of:000000000000000c:6,0.002,0.0025,0.002,0.002,1.53,2026-06-22T21:46:18,0.002,1.53
ip_shuffle,20260622T214648_586570,of:0000000000000004:1 -> of:000000000000000c:4,0.002,0.0025,0.002,0.002,1.9,2026-06-22T21:46:48,0.002,1.96
ip_shuffle,20260622T214648_586570,of:0000000000000005:1 -> of:000000000000000c:5,0.002,0.0025,0.002,0.002,1.9,2026-06-22T21:46:48,0.002,1.96
ip_shuffle,20260622T214648_586570,of:000000000000000a:1 -> of:000000000000000d:6,0.002,0.0025,0.002,0.002,1.93,2026-06-22T21:46:48,0.002,1.96
ip_shuffle,20260622T214648_586570,of:000000000000000b:3 -> of:000000000000000d:2,0.002,0.0025,0.002,0.002,2.63,2026-06-22T21:46:48,0.002,2.63
ip_shuffle,20260622T214648_586570,of:000000000000000c:3 -> of:000000000000000d:3,0.002,0.0025,0.002,0.002,2.66,2026-06-22T21:46:48,0.002,2.66
ip_shuffle,20260622T214648_586570,of:0000000000000005:2 -> of:0000000000000009:3,0.002,0.0025,0.002,0.002,2.56,2026-06-22T21:46:48,0.002,2.56
ip_shuffle,20260622T214648_586570,of:0000000000000001:1 -> of:000000000000000b:1,0.002,0.0025,0.002,0.002,1.93,2026-06-22T21:46:48,0.002,1.93
ip_shuffle,20260622T214648_586570,of:000000000000000b:2 -> of:000000000000000c:2,0.002,0.0025,0.002,0.002,2.56,2026-06-22T21:46:48,0.002,2.56
ip_shuffle,20260622T214648_586570,of:0000000000000001:2 -> of:000000000000000c:1,0.002,0.0025,0.002,0.002,1.96,2026-06-22T21:46:48,0.002,1.93
ip_shuffle,20260622T214648_586570,of:0000000000000006:2 -> of:000000000000000a:2,0.002,0.0025,0.002,0.002,2.6,2026-06-22T21:46:48,0.002,2.6
ip_shuffle,20260622T214648_586570,of:0000000000000001:3 -> of:000000000000000d:1,0.003,0.00375,0.003,0.003,3.63,2026-06-22T21:46:48,0.003,3.63
ip_shuffle,20260622T214648_586570,of:0000000000000003:1 -> of:000000000000000b:5,0.002,0.0025,0.002,0.002,1.93,2026-06-22T21:46:48,0.002,1.93
ip_shuffle,20260622T214648_586570,of:0000000000000006:1 -> of:000000000000000d:4,0.002,0.0025,0.002,0.002,2.86,2026-06-22T21:46:48,0.002,2.96
ip_shuffle,20260622T214648_586570,of:0000000000000007:2 -> of:000000000000000a:3,0.002,0.0025,0.002,0.002,2.6,2026-06-22T21:46:48,0.002,2.6
ip_shuffle,20260622T214648_586570,of:0000000000000007:1 -> of:000000000000000d:5,0.002,0.0025,0.002,0.002,2.76,2026-06-22T21:46:48,0.002,2.73
ip_shuffle,20260622T214648_586570,of:0000000000000002:2 -> of:0000000000000008:2,0.002,0.0025,0.002,0.002,2.6,2026-06-22T21:46:48,0.002,2.6
ip_shuffle,20260622T214648_586570,of:0000000000000003:2 -> of:0000000000000008:3,0.002,0.0025,0.002,0.002,2.6,2026-06-22T21:46:48,0.002,2.6
ip_shuffle,20260622T214648_586570,of:0000000000000008:1 -> of:000000000000000b:6,0.002,0.0025,0.002,0.002,1.86,2026-06-22T21:46:48,0.002,1.86
ip_shuffle,20260622T214648_586570,of:0000000000000004:2 -> of:0000000000000009:2,0.002,0.0025,0.002,0.002,2.6,2026-06-22T21:46:48,0.002,2.6
ip_shuffle,20260622T214648_586570,of:0000000000000002:1 -> of:000000000000000b:4,0.002,0.0025,0.002,0.002,1.96,2026-06-22T21:46:48,0.002,1.96
ip_shuffle,20260622T214648_586570,of:0000000000000009:1 -> of:000000000000000c:6,0.002,0.0025,0.002,0.002,1.86,2026-06-22T21:46:48,0.002,1.9
ip_shuffle,20260622T214746_400036,of:0000000000000004:1 -> of:000000000000000c:4,0.002,0.0025,0.002,0.002,1.96,2026-06-22T21:47:46,0.002,1.93
ip_shuffle,20260622T214746_400036,of:0000000000000005:1 -> of:000000000000000c:5,0.001,0.00125,0.001,0.001,1.46,2026-06-22T21:47:46,0.001,1.46
ip_shuffle,20260622T214746_400036,of:000000000000000a:1 -> of:000000000000000d:6,0.002,0.0025,0.002,0.002,1.53,2026-06-22T21:47:46,0.002,1.53
ip_shuffle,20260622T214746_400036,of:000000000000000b:3 -> of:000000000000000d:2,0.002,0.0025,0.002,0.002,1.73,2026-06-22T21:47:46,0.002,1.73
ip_shuffle,20260622T214746_400036,of:000000000000000c:3 -> of:000000000000000d:3,0.002,0.0025,0.002,0.002,1.73,2026-06-22T21:47:46,0.002,1.73
ip_shuffle,20260622T214746_400036,of:0000000000000005:2 -> of:0000000000000009:3,0.002,0.0025,0.002,0.002,1.66,2026-06-22T21:47:46,0.002,1.66
ip_shuffle,20260622T214746_400036,of:0000000000000001:1 -> of:000000000000000b:1,0.003,0.00375,0.003,0.003,3.56,2026-06-22T21:47:46,0.003,3.56
ip_shuffle,20260622T214746_400036,of:000000000000000b:2 -> of:000000000000000c:2,0.002,0.0025,0.002,0.002,1.73,2026-06-22T21:47:46,0.002,1.73
ip_shuffle,20260622T214746_400036,of:0000000000000001:2 -> of:000000000000000c:1,0.002,0.0025,0.002,0.002,2.0,2026-06-22T21:47:46,0.002,1.96
ip_shuffle,20260622T214746_400036,of:0000000000000006:2 -> of:000000000000000a:2,0.002,0.0025,0.002,0.002,1.66,2026-06-22T21:47:46,0.002,1.66
ip_shuffle,20260622T214746_400036,of:0000000000000001:3 -> of:000000000000000d:1,0.002,0.0025,0.002,0.002,1.53,2026-06-22T21:47:46,0.002,1.53
ip_shuffle,20260622T214746_400036,of:0000000000000003:1 -> of:000000000000000b:5,0.002,0.0025,0.002,0.002,2.46,2026-06-22T21:47:46,0.002,2.46
ip_shuffle,20260622T214746_400036,of:0000000000000006:1 -> of:000000000000000d:4,0.001,0.00125,0.001,0.001,1.46,2026-06-22T21:47:46,0.001,1.46
ip_shuffle,20260622T214746_400036,of:0000000000000007:2 -> of:000000000000000a:3,0.002,0.0025,0.002,0.002,1.66,2026-06-22T21:47:46,0.002,1.66
ip_shuffle,20260622T214746_400036,of:0000000000000007:1 -> of:000000000000000d:5,0.001,0.00125,0.001,0.001,1.46,2026-06-22T21:47:46,0.001,1.46
ip_shuffle,20260622T214746_400036,of:0000000000000002:2 -> of:0000000000000008:2,0.002,0.0025,0.002,0.002,1.66,2026-06-22T21:47:46,0.002,1.66
ip_shuffle,20260622T214746_400036,of:0000000000000003:2 -> of:0000000000000008:3,0.002,0.0025,0.002,0.002,1.66,2026-06-22T21:47:46,0.002,1.66
ip_shuffle,20260622T214746_400036,of:0000000000000008:1 -> of:000000000000000b:6,0.002,0.0025,0.002,0.002,1.53,2026-06-22T21:47:46,0.002,1.53
ip_shuffle,20260622T214746_400036,of:0000000000000004:2 -> of:0000000000000009:2,0.002,0.0025,0.002,0.002,1.66,2026-06-22T21:47:46,0.002,1.66
ip_shuffle,20260622T214746_400036,of:0000000000000002:1 -> of:000000000000000b:4,0.002,0.0025,0.002,0.002,2.49,2026-06-22T21:47:46,0.002,2.49
ip_shuffle,20260622T214746_400036,of:0000000000000009:1 -> of:000000000000000c:6,0.002,0.0025,0.002,0.002,1.53,2026-06-22T21:47:46,0.002,1.53
route_mutation,20260622T214844_294914,of:0000000000000004:1 -> of:000000000000000c:4,0.002,0.0025,0.002,0.002,1.66,2026-06-22T21:48:44,0.002,1.63
route_mutation,20260622T214844_294914,of:0000000000000005:1 -> of:000000000000000c:5,0.002,0.0025,0.002,0.002,1.66,2026-06-22T21:48:44,0.002,1.63
route_mutation,20260622T214844_294914,of:000000000000000a:1 -> of:000000000000000d:6,0.002,0.0025,0.002,0.002,1.56,2026-06-22T21:48:44,0.002,1.56
route_mutation,20260622T214844_294914,of:000000000000000b:3 -> of:000000000000000d:2,0.002,0.0025,0.002,0.002,1.86,2026-06-22T21:48:44,0.002,1.86
route_mutation,20260622T214844_294914,of:000000000000000c:3 -> of:000000000000000d:3,0.002,0.0025,0.002,0.002,1.86,2026-06-22T21:48:44,0.002,1.86
route_mutation,20260622T214844_294914,of:0000000000000005:2 -> of:0000000000000009:3,0.002,0.0025,0.002,0.002,1.96,2026-06-22T21:48:44,0.002,1.96
route_mutation,20260622T214844_294914,of:0000000000000001:1 -> of:000000000000000b:1,0.002,0.0025,0.002,0.002,1.56,2026-06-22T21:48:44,0.002,1.63
route_mutation,20260622T214844_294914,of:000000000000000b:2 -> of:000000000000000c:2,0.002,0.0025,0.002,0.002,1.93,2026-06-22T21:48:44,0.002,1.93
route_mutation,20260622T214844_294914,of:0000000000000001:2 -> of:000000000000000c:1,0.002,0.0025,0.002,0.002,1.56,2026-06-22T21:48:44,0.002,1.63
route_mutation,20260622T214844_294914,of:0000000000000006:2 -> of:000000000000000a:2,0.002,0.0025,0.002,0.002,1.96,2026-06-22T21:48:44,0.002,1.96
route_mutation,20260622T214844_294914,of:0000000000000001:3 -> of:000000000000000d:1,0.002,0.0025,0.002,0.002,2.53,2026-06-22T21:48:44,0.002,2.46
route_mutation,20260622T214844_294914,of:0000000000000003:1 -> of:000000000000000b:5,0.002,0.0025,0.002,0.002,1.7,2026-06-22T21:48:44,0.002,1.63
route_mutation,20260622T214844_294914,of:0000000000000006:1 -> of:000000000000000d:4,0.002,0.0025,0.002,0.002,1.6,2026-06-22T21:48:44,0.002,1.56
route_mutation,20260622T214844_294914,of:0000000000000007:2 -> of:000000000000000a:3,0.002,0.0025,0.002,0.002,1.96,2026-06-22T21:48:44,0.002,1.96
route_mutation,20260622T214844_294914,of:0000000000000007:1 -> of:000000000000000d:5,0.002,0.0025,0.002,0.002,2.5,2026-06-22T21:48:44,0.002,2.53
route_mutation,20260622T214844_294914,of:0000000000000002:2 -> of:0000000000000008:2,0.002,0.0025,0.002,0.002,2.03,2026-06-22T21:48:44,0.002,2.03
route_mutation,20260622T214844_294914,of:0000000000000003:2 -> of:0000000000000008:3,0.002,0.0025,0.002,0.002,2.03,2026-06-22T21:48:44,0.002,2.03
route_mutation,20260622T214844_294914,of:0000000000000008:1 -> of:000000000000000b:6,0.002,0.0025,0.002,0.002,1.66,2026-06-22T21:48:44,0.002,1.63
route_mutation,20260622T214844_294914,of:0000000000000004:2 -> of:0000000000000009:2,0.002,0.0025,0.002,0.002,1.96,2026-06-22T21:48:44,0.002,1.96
route_mutation,20260622T214844_294914,of:0000000000000002:1 -> of:000000000000000b:4,0.002,0.0025,0.002,0.002,1.7,2026-06-22T21:48:44,0.002,1.63
route_mutation,20260622T214844_294914,of:0000000000000009:1 -> of:000000000000000c:6,0.002,0.0025,0.002,0.002,1.63,2026-06-22T21:48:44,0.002,1.63
ip_shuffle,20260622T214914_749242,of:0000000000000004:1 -> of:000000000000000c:4,0.001,0.00125,0.001,0.001,1.4,2026-06-22T21:49:14,0.001,1.46
ip_shuffle,20260622T214914_749242,of:0000000000000005:1 -> of:000000000000000c:5,0.001,0.00125,0.001,0.001,1.4,2026-06-22T21:49:14,0.001,1.46
ip_shuffle,20260622T214914_749242,of:000000000000000a:1 -> of:000000000000000d:6,0.002,0.0025,0.002,0.002,1.5,2026-06-22T21:49:14,0.002,1.53
ip_shuffle,20260622T214914_749242,of:000000000000000b:3 -> of:000000000000000d:2,0.002,0.0025,0.002,0.002,1.7,2026-06-22T21:49:14,0.002,1.7
ip_shuffle,20260622T214914_749242,of:000000000000000c:3 -> of:000000000000000d:3,0.002,0.0025,0.002,0.002,1.73,2026-06-22T21:49:14,0.002,1.73
ip_shuffle,20260622T214914_749242,of:0000000000000005:2 -> of:0000000000000009:3,0.002,0.0025,0.002,0.002,1.56,2026-06-22T21:49:14,0.002,1.56
ip_shuffle,20260622T214914_749242,of:0000000000000001:1 -> of:000000000000000b:1,0.003,0.00375,0.003,0.003,3.36,2026-06-22T21:49:14,0.003,3.4
ip_shuffle,20260622T214914_749242,of:000000000000000b:2 -> of:000000000000000c:2,0.002,0.0025,0.002,0.002,1.7,2026-06-22T21:49:14,0.002,1.7
ip_shuffle,20260622T214914_749242,of:0000000000000001:2 -> of:000000000000000c:1,0.002,0.0025,0.002,0.002,1.53,2026-06-22T21:49:14,0.002,1.46
ip_shuffle,20260622T214914_749242,of:0000000000000006:2 -> of:000000000000000a:2,0.002,0.0025,0.002,0.002,1.56,2026-06-22T21:49:14,0.002,1.56
ip_shuffle,20260622T214914_749242,of:0000000000000001:3 -> of:000000000000000d:1,0.002,0.0025,0.002,0.002,1.53,2026-06-22T21:49:14,0.002,1.46
ip_shuffle,20260622T214914_749242,of:0000000000000003:1 -> of:000000000000000b:5,0.002,0.0025,0.002,0.002,2.3,2026-06-22T21:49:14,0.002,2.26
ip_shuffle,20260622T214914_749242,of:0000000000000006:1 -> of:000000000000000d:4,0.001,0.00125,0.001,0.001,1.4,2026-06-22T21:49:14,0.001,1.46
ip_shuffle,20260622T214914_749242,of:0000000000000007:2 -> of:000000000000000a:3,0.002,0.0025,0.002,0.002,1.66,2026-06-22T21:49:14,0.002,1.66
ip_shuffle,20260622T214914_749242,of:0000000000000007:1 -> of:000000000000000d:5,0.002,0.0025,0.002,0.002,1.5,2026-06-22T21:49:14,0.002,1.53
ip_shuffle,20260622T214914_749242,of:0000000000000002:2 -> of:0000000000000008:2,0.002,0.0025,0.002,0.002,1.56,2026-06-22T21:49:14,0.002,1.56
ip_shuffle,20260622T214914_749242,of:0000000000000003:2 -> of:0000000000000008:3,0.002,0.0025,0.002,0.002,1.56,2026-06-22T21:49:14,0.002,1.56
ip_shuffle,20260622T214914_749242,of:0000000000000008:1 -> of:000000000000000b:6,0.002,0.0025,0.002,0.002,1.5,2026-06-22T21:49:14,0.002,1.5
ip_shuffle,20260622T214914_749242,of:0000000000000004:2 -> of:0000000000000009:2,0.002,0.0025,0.002,0.002,1.56,2026-06-22T21:49:14,0.002,1.56
ip_shuffle,20260622T214914_749242,of:0000000000000002:1 -> of:000000000000000b:4,0.002,0.0025,0.002,0.002,2.43,2026-06-22T21:49:14,0.002,2.46
ip_shuffle,20260622T214914_749242,of:0000000000000009:1 -> of:000000000000000c:6,0.002,0.0025,0.002,0.002,1.5,2026-06-22T21:49:14,0.002,1.53
ip_shuffle,20260622T215012_471267,of:0000000000000004:1 -> of:000000000000000c:4,0.002,0.0025,0.002,0.002,1.83,2026-06-22T21:50:12,0.002,1.8
ip_shuffle,20260622T215012_471267,of:0000000000000005:1 -> of:000000000000000c:5,0.002,0.0025,0.002,0.002,1.83,2026-06-22T21:50:12,0.002,1.8
ip_shuffle,20260622T215012_471267,of:000000000000000a:1 -> of:000000000000000d:6,0.002,0.0025,0.002,0.002,1.73,2026-06-22T21:50:12,0.002,1.73
ip_shuffle,20260622T215012_471267,of:000000000000000b:3 -> of:000000000000000d:2,0.002,0.0025,0.002,0.002,2.2,2026-06-22T21:50:12,0.002,2.2
ip_shuffle,20260622T215012_471267,of:000000000000000c:3 -> of:000000000000000d:3,0.002,0.0025,0.002,0.002,2.2,2026-06-22T21:50:12,0.002,2.2
ip_shuffle,20260622T215012_471267,of:0000000000000005:2 -> of:0000000000000009:3,0.002,0.0025,0.002,0.002,2.33,2026-06-22T21:50:12,0.002,2.33
ip_shuffle,20260622T215012_471267,of:0000000000000001:1 -> of:000000000000000b:1,0.002,0.0025,0.002,0.002,1.73,2026-06-22T21:50:12,0.002,1.8
ip_shuffle,20260622T215012_471267,of:000000000000000b:2 -> of:000000000000000c:2,0.002,0.0025,0.002,0.002,2.26,2026-06-22T21:50:12,0.002,2.26
ip_shuffle,20260622T215012_471267,of:0000000000000001:2 -> of:000000000000000c:1,0.002,0.0025,0.002,0.002,1.73,2026-06-22T21:50:12,0.002,1.8
ip_shuffle,20260622T215012_471267,of:0000000000000006:2 -> of:000000000000000a:2,0.002,0.0025,0.002,0.002,2.3,2026-06-22T21:50:12,0.002,2.3
ip_shuffle,20260622T215012_471267,of:0000000000000001:3 -> of:000000000000000d:1,0.003,0.00375,0.003,0.003,3.09,2026-06-22T21:50:12,0.002,2.99
ip_shuffle,20260622T215012_471267,of:0000000000000003:1 -> of:000000000000000b:5,0.002,0.0025,0.002,0.002,1.86,2026-06-22T21:50:12,0.002,1.8
ip_shuffle,20260622T215012_471267,of:0000000000000006:1 -> of:000000000000000d:4,0.002,0.0025,0.002,0.002,1.8,2026-06-22T21:50:12,0.002,1.83
ip_shuffle,20260622T215012_471267,of:0000000000000007:2 -> of:000000000000000a:3,0.002,0.0025,0.002,0.002,2.3,2026-06-22T21:50:12,0.002,2.3
ip_shuffle,20260622T215012_471267,of:0000000000000007:1 -> of:000000000000000d:5,0.003,0.00375,0.003,0.003,3.03,2026-06-22T21:50:12,0.003,3.03
ip_shuffle,20260622T215012_471267,of:0000000000000002:2 -> of:0000000000000008:2,0.002,0.0025,0.002,0.002,2.36,2026-06-22T21:50:12,0.002,2.36
ip_shuffle,20260622T215012_471267,of:0000000000000003:2 -> of:0000000000000008:3,0.002,0.0025,0.002,0.002,2.36,2026-06-22T21:50:12,0.002,2.36
ip_shuffle,20260622T215012_471267,of:0000000000000008:1 -> of:000000000000000b:6,0.002,0.0025,0.002,0.002,1.83,2026-06-22T21:50:12,0.002,1.8
ip_shuffle,20260622T215012_471267,of:0000000000000004:2 -> of:0000000000000009:2,0.002,0.0025,0.002,0.002,2.33,2026-06-22T21:50:12,0.002,2.33
ip_shuffle,20260622T215012_471267,of:0000000000000002:1 -> of:000000000000000b:4,0.002,0.0025,0.002,0.002,1.86,2026-06-22T21:50:12,0.002,1.8
ip_shuffle,20260622T215012_471267,of:0000000000000009:1 -> of:000000000000000c:6,0.002,0.0025,0.002,0.002,1.83,2026-06-22T21:50:12,0.002,1.8
route_mutation,20260622T215110_485292,of:0000000000000004:1 -> of:000000000000000c:4,0.002,0.0025,0.002,0.002,2.36,2026-06-22T21:51:10,0.002,2.39
route_mutation,20260622T215110_485292,of:0000000000000005:1 -> of:000000000000000c:5,0.002,0.0025,0.002,0.002,2.36,2026-06-22T21:51:10,0.002,2.39
route_mutation,20260622T215110_485292,of:000000000000000a:1 -> of:000000000000000d:6,0.002,0.0025,0.002,0.002,1.6,2026-06-22T21:51:10,0.002,1.63
route_mutation,20260622T215110_485292,of:000000000000000b:3 -> of:000000000000000d:2,0.002,0.0025,0.002,0.002,1.96,2026-06-22T21:51:10,0.002,1.96
route_mutation,20260622T215110_485292,of:000000000000000c:3 -> of:000000000000000d:3,0.002,0.0025,0.002,0.002,1.96,2026-06-22T21:51:10,0.002,1.96
route_mutation,20260622T215110_485292,of:0000000000000005:2 -> of:0000000000000009:3,0.002,0.0025,0.002,0.002,1.9,2026-06-22T21:51:10,0.002,1.9
route_mutation,20260622T215110_485292,of:0000000000000001:1 -> of:000000000000000b:1,0.002,0.0025,0.002,0.002,2.39,2026-06-22T21:51:10,0.002,2.36
route_mutation,20260622T215110_485292,of:000000000000000b:2 -> of:000000000000000c:2,0.002,0.0025,0.002,0.002,1.86,2026-06-22T21:51:10,0.002,1.86
route_mutation,20260622T215110_485292,of:0000000000000001:2 -> of:000000000000000c:1,0.003,0.00375,0.003,0.003,3.19,2026-06-22T21:51:10,0.003,3.16
route_mutation,20260622T215110_485292,of:0000000000000006:2 -> of:000000000000000a:2,0.002,0.0025,0.002,0.002,1.9,2026-06-22T21:51:10,0.002,1.9
route_mutation,20260622T215110_485292,of:0000000000000001:3 -> of:000000000000000d:1,0.002,0.0025,0.002,0.002,2.3,2026-06-22T21:51:10,0.002,2.33
route_mutation,20260622T215110_485292,of:0000000000000003:1 -> of:000000000000000b:5,0.002,0.0025,0.002,0.002,2.33,2026-06-22T21:51:10,0.002,2.36
route_mutation,20260622T215110_485292,of:0000000000000006:1 -> of:000000000000000d:4,0.002,0.0025,0.002,0.002,2.39,2026-06-22T21:51:10,0.002,2.36
route_mutation,20260622T215110_485292,of:0000000000000007:2 -> of:000000000000000a:3,0.002,0.0025,0.002,0.002,1.86,2026-06-22T21:51:10,0.002,1.86
route_mutation,20260622T215110_485292,of:0000000000000007:1 -> of:000000000000000d:5,0.002,0.0025,0.002,0.002,1.6,2026-06-22T21:51:10,0.002,1.63
route_mutation,20260622T215110_485292,of:0000000000000002:2 -> of:0000000000000008:2,0.002,0.0025,0.002,0.002,1.9,2026-06-22T21:51:10,0.002,1.9
route_mutation,20260622T215110_485292,of:0000000000000003:2 -> of:0000000000000008:3,0.002,0.0025,0.002,0.002,1.9,2026-06-22T21:51:10,0.002,1.9
route_mutation,20260622T215110_485292,of:0000000000000008:1 -> of:000000000000000b:6,0.001,0.00125,0.001,0.001,1.53,2026-06-22T21:51:10,0.001,1.53
route_mutation,20260622T215110_485292,of:0000000000000004:2 -> of:0000000000000009:2,0.002,0.0025,0.002,0.002,1.9,2026-06-22T21:51:10,0.002,1.9
route_mutation,20260622T215110_485292,of:0000000000000002:1 -> of:000000000000000b:4,0.002,0.0025,0.002,0.002,1.56,2026-06-22T21:51:10,0.002,1.6
route_mutation,20260622T215110_485292,of:0000000000000009:1 -> of:000000000000000c:6,0.001,0.00125,0.001,0.001,1.53,2026-06-22T21:51:10,0.001,1.53
ip_shuffle,20260622T215140_704997,of:0000000000000004:1 -> of:000000000000000c:4,0.002,0.0025,0.002,0.002,2.03,2026-06-22T21:51:40,0.002,2.0
ip_shuffle,20260622T215140_704997,of:0000000000000005:1 -> of:000000000000000c:5,0.002,0.0025,0.002,0.002,2.03,2026-06-22T21:51:40,0.002,2.0
ip_shuffle,20260622T215140_704997,of:000000000000000a:1 -> of:000000000000000d:6,0.002,0.0025,0.002,0.002,1.93,2026-06-22T21:51:40,0.002,1.9
ip_shuffle,20260622T215140_704997,of:000000000000000b:3 -> of:000000000000000d:2,0.002,0.0025,0.002,0.002,2.56,2026-06-22T21:51:40,0.002,2.56
ip_shuffle,20260622T215140_704997,of:000000000000000c:3 -> of:000000000000000d:3,0.002,0.0025,0.002,0.002,2.56,2026-06-22T21:51:40,0.002,2.56
ip_shuffle,20260622T215140_704997,of:0000000000000005:2 -> of:0000000000000009:3,0.002,0.0025,0.002,0.002,2.69,2026-06-22T21:51:40,0.002,2.69
ip_shuffle,20260622T215140_704997,of:0000000000000001:1 -> of:000000000000000b:1,0.002,0.0025,0.002,0.002,2.0,2026-06-22T21:51:40,0.002,2.03
ip_shuffle,20260622T215140_704997,of:000000000000000b:2 -> of:000000000000000c:2,0.002,0.0025,0.002,0.002,2.66,2026-06-22T21:51:40,0.002,2.66
ip_shuffle,20260622T215140_704997,of:0000000000000001:2 -> of:000000000000000c:1,0.002,0.0025,0.002,0.002,2.0,2026-06-22T21:51:40,0.002,2.03
ip_shuffle,20260622T215140_704997,of:0000000000000006:2 -> of:000000000000000a:2,0.002,0.0025,0.002,0.002,2.69,2026-06-22T21:51:40,0.002,2.69
ip_shuffle,20260622T215140_704997,of:0000000000000001:3 -> of:000000000000000d:1,0.003,0.00375,0.003,0.003,3.79,2026-06-22T21:51:40,0.003,3.76
ip_shuffle,20260622T215140_704997,of:0000000000000003:1 -> of:000000000000000b:5,0.002,0.0025,0.002,0.002,2.03,2026-06-22T21:51:40,0.002,2.0
ip_shuffle,20260622T215140_704997,of:0000000000000006:1 -> of:000000000000000d:4,0.002,0.0025,0.002,0.002,2.39,2026-06-22T21:51:40,0.002,2.43
ip_shuffle,20260622T215140_704997,of:0000000000000007:2 -> of:000000000000000a:3,0.002,0.0025,0.002,0.002,2.66,2026-06-22T21:51:40,0.002,2.66
ip_shuffle,20260622T215140_704997,of:0000000000000007:1 -> of:000000000000000d:5,0.003,0.00375,0.003,0.003,3.23,2026-06-22T21:51:40,0.003,3.19
ip_shuffle,20260622T215140_704997,of:0000000000000002:2 -> of:0000000000000008:2,0.002,0.0025,0.002,0.002,2.69,2026-06-22T21:51:40,0.002,2.69
ip_shuffle,20260622T215140_704997,of:0000000000000003:2 -> of:0000000000000008:3,0.002,0.0025,0.002,0.002,2.69,2026-06-22T21:51:40,0.002,2.69
ip_shuffle,20260622T215140_704997,of:0000000000000008:1 -> of:000000000000000b:6,0.002,0.0025,0.002,0.002,2.0,2026-06-22T21:51:40,0.002,2.0
ip_shuffle,20260622T215140_704997,of:0000000000000004:2 -> of:0000000000000009:2,0.002,0.0025,0.002,0.002,2.69,2026-06-22T21:51:40,0.002,2.69
ip_shuffle,20260622T215140_704997,of:0000000000000002:1 -> of:000000000000000b:4,0.002,0.0025,0.002,0.002,2.03,2026-06-22T21:51:40,0.002,2.0
ip_shuffle,20260622T215140_704997,of:0000000000000009:1 -> of:000000000000000c:6,0.002,0.0025,0.002,0.002,2.0,2026-06-22T21:51:40,0.002,2.0
ip_shuffle,20260622T215238_544029,of:0000000000000004:1 -> of:000000000000000c:4,0.002,0.0025,0.002,0.002,2.3,2026-06-22T21:52:38,0.002,2.33
ip_shuffle,20260622T215238_544029,of:0000000000000005:1 -> of:000000000000000c:5,0.002,0.0025,0.002,0.002,2.3,2026-06-22T21:52:38,0.002,2.33
ip_shuffle,20260622T215238_544029,of:000000000000000a:1 -> of:000000000000000d:6,0.001,0.00125,0.001,0.001,1.46,2026-06-22T21:52:38,0.001,1.5
ip_shuffle,20260622T215238_544029,of:000000000000000b:3 -> of:000000000000000d:2,0.002,0.0025,0.002,0.002,1.7,2026-06-22T21:52:38,0.002,1.7
ip_shuffle,20260622T215238_544029,of:000000000000000c:3 -> of:000000000000000d:3,0.002,0.0025,0.002,0.002,1.76,2026-06-22T21:52:38,0.002,1.76
ip_shuffle,20260622T215238_544029,of:0000000000000005:2 -> of:0000000000000009:3,0.002,0.0025,0.002,0.002,1.63,2026-06-22T21:52:38,0.002,1.63
ip_shuffle,20260622T215238_544029,of:0000000000000001:1 -> of:000000000000000b:1,0.003,0.00375,0.003,0.003,3.0,2026-06-22T21:52:38,0.003,2.96
ip_shuffle,20260622T215238_544029,of:000000000000000b:2 -> of:000000000000000c:2,0.002,0.0025,0.002,0.002,1.66,2026-06-22T21:52:38,0.002,1.66
ip_shuffle,20260622T215238_544029,of:0000000000000001:2 -> of:000000000000000c:1,0.003,0.00375,0.003,0.003,3.13,2026-06-22T21:52:38,0.003,3.1
ip_shuffle,20260622T215238_544029,of:0000000000000006:2 -> of:000000000000000a:2,0.001,0.00125,0.001,0.001,1.56,2026-06-22T21:52:38,0.001,1.56
ip_shuffle,20260622T215238_544029,of:0000000000000001:3 -> of:000000000000000d:1,0.002,0.0025,0.002,0.002,1.76,2026-06-22T21:52:38,0.002,1.86
ip_shuffle,20260622T215238_544029,of:0000000000000003:1 -> of:000000000000000b:5,0.002,0.0025,0.002,0.002,2.46,2026-06-22T21:52:38,0.002,2.5
ip_shuffle,20260622T215238_544029,of:0000000000000006:1 -> of:000000000000000d:4,0.002,0.0025,0.002,0.002,1.8,2026-06-22T21:52:38,0.002,1.7
ip_shuffle,20260622T215238_544029,of:0000000000000007:2 -> of:000000000000000a:3,0.001,0.00125,0.001,0.001,1.6,2026-06-22T21:52:38,0.001,1.6
ip_shuffle,20260622T215238_544029,of:0000000000000007:1 -> of:000000000000000d:5,0.001,0.00125,0.001,0.001,1.46,2026-06-22T21:52:38,0.001,1.5
ip_shuffle,20260622T215238_544029,of:0000000000000002:2 -> of:0000000000000008:2,0.002,0.0025,0.002,0.002,1.63,2026-06-22T21:52:38,0.002,1.63
ip_shuffle,20260622T215238_544029,of:0000000000000003:2 -> of:0000000000000008:3,0.002,0.0025,0.002,0.002,1.63,2026-06-22T21:52:38,0.002,1.63
ip_shuffle,20260622T215238_544029,of:0000000000000008:1 -> of:000000000000000b:6,0.001,0.00125,0.001,0.001,1.4,2026-06-22T21:52:38,0.001,1.4
ip_shuffle,20260622T215238_544029,of:0000000000000004:2 -> of:0000000000000009:2,0.002,0.0025,0.002,0.002,1.63,2026-06-22T21:52:38,0.002,1.63
ip_shuffle,20260622T215238_544029,of:0000000000000002:1 -> of:000000000000000b:4,0.002,0.0025,0.002,0.002,1.86,2026-06-22T21:52:38,0.002,1.9
ip_shuffle,20260622T215238_544029,of:0000000000000009:1 -> of:000000000000000c:6,0.001,0.00125,0.001,0.001,1.46,2026-06-22T21:52:38,0.001,1.46
ip_shuffle,20260622T215342_910800,of:0000000000000004:1 -> of:000000000000000c:4,0.001,0.00125,0.001,0.001,1.43,2026-06-22T21:53:42,0.001,1.4
ip_shuffle,20260622T215342_910800,of:0000000000000005:1 -> of:000000000000000c:5,0.001,0.00125,0.001,0.001,1.43,2026-06-22T21:53:42,0.001,1.4
ip_shuffle,20260622T215342_910800,of:000000000000000a:1 -> of:000000000000000d:6,0.002,0.0025,0.002,0.002,1.46,2026-06-22T21:53:42,0.002,1.43
ip_shuffle,20260622T215342_910800,of:000000000000000b:3 -> of:000000000000000d:2,0.002,0.0025,0.002,0.002,1.56,2026-06-22T21:53:42,0.002,1.56
ip_shuffle,20260622T215342_910800,of:000000000000000c:3 -> of:000000000000000d:3,0.002,0.0025,0.002,0.002,1.56,2026-06-22T21:53:42,0.002,1.56
ip_shuffle,20260622T215342_910800,of:0000000000000005:2 -> of:0000000000000009:3,0.002,0.0025,0.002,0.002,1.56,2026-06-22T21:53:42,0.002,1.56
ip_shuffle,20260622T215342_910800,of:0000000000000001:1 -> of:000000000000000b:1,0.001,0.00125,0.001,0.001,1.4,2026-06-22T21:53:42,0.001,1.46
ip_shuffle,20260622T215342_910800,of:000000000000000b:2 -> of:000000000000000c:2,0.002,0.0025,0.002,0.002,1.59,2026-06-22T21:53:42,0.002,1.59
ip_shuffle,20260622T215342_910800,of:0000000000000001:2 -> of:000000000000000c:1,0.001,0.00125,0.001,0.001,1.4,2026-06-22T21:53:42,0.001,1.46
ip_shuffle,20260622T215342_910800,of:0000000000000006:2 -> of:000000000000000a:2,0.002,0.0025,0.002,0.002,1.63,2026-06-22T21:53:42,0.002,1.63
ip_shuffle,20260622T215342_910800,of:0000000000000001:3 -> of:000000000000000d:1,0.002,0.0025,0.002,0.002,2.13,2026-06-22T21:53:42,0.002,1.99
ip_shuffle,20260622T215342_910800,of:0000000000000003:1 -> of:000000000000000b:5,0.001,0.00125,0.001,0.001,1.46,2026-06-22T21:53:42,0.001,1.4
ip_shuffle,20260622T215342_910800,of:0000000000000006:1 -> of:000000000000000d:4,0.002,0.0025,0.002,0.002,1.49,2026-06-22T21:53:42,0.002,1.43
ip_shuffle,20260622T215342_910800,of:0000000000000007:2 -> of:000000000000000a:3,0.002,0.0025,0.002,0.002,1.63,2026-06-22T21:53:42,0.002,1.63
ip_shuffle,20260622T215342_910800,of:0000000000000007:1 -> of:000000000000000d:5,0.002,0.0025,0.002,0.002,2.03,2026-06-22T21:53:42,0.002,2.09
ip_shuffle,20260622T215342_910800,of:0000000000000002:2 -> of:0000000000000008:2,0.002,0.0025,0.002,0.002,1.59,2026-06-22T21:53:42,0.002,1.59
ip_shuffle,20260622T215342_910800,of:0000000000000003:2 -> of:0000000000000008:3,0.002,0.0025,0.002,0.002,1.59,2026-06-22T21:53:42,0.002,1.59
ip_shuffle,20260622T215342_910800,of:0000000000000008:1 -> of:000000000000000b:6,0.002,0.0025,0.002,0.002,1.46,2026-06-22T21:53:42,0.002,1.46
ip_shuffle,20260622T215342_910800,of:0000000000000004:2 -> of:0000000000000009:2,0.002,0.0025,0.002,0.002,1.56,2026-06-22T21:53:42,0.002,1.56
ip_shuffle,20260622T215342_910800,of:0000000000000002:1 -> of:000000000000000b:4,0.001,0.00125,0.001,0.001,1.46,2026-06-22T21:53:42,0.001,1.4
ip_shuffle,20260622T215342_910800,of:0000000000000009:1 -> of:000000000000000c:6,0.002,0.0025,0.002,0.002,1.46,2026-06-22T21:53:42,0.002,1.46
ip_shuffle,20260622T215440_804331,of:0000000000000004:1 -> of:000000000000000c:4,0.002,0.0025,0.002,0.002,2.2,2026-06-22T21:54:40,0.002,2.26
ip_shuffle,20260622T215440_804331,of:0000000000000005:1 -> of:000000000000000c:5,0.002,0.0025,0.002,0.002,2.6,2026-06-22T21:54:40,0.002,2.66
ip_shuffle,20260622T215440_804331,of:000000000000000a:1 -> of:000000000000000d:6,0.002,0.0025,0.002,0.002,1.83,2026-06-22T21:54:40,0.002,1.86
ip_shuffle,20260622T215440_804331,of:000000000000000b:3 -> of:000000000000000d:2,0.002,0.0025,0.002,0.002,2.43,2026-06-22T21:54:40,0.002,2.43
ip_shuffle,20260622T215440_804331,of:000000000000000c:3 -> of:000000000000000d:3,0.002,0.0025,0.002,0.002,2.4,2026-06-22T21:54:40,0.002,2.4
ip_shuffle,20260622T215440_804331,of:0000000000000005:2 -> of:0000000000000009:3,0.002,0.0025,0.002,0.002,2.43,2026-06-22T21:54:40,0.002,2.43
ip_shuffle,20260622T215440_804331,of:0000000000000001:1 -> of:000000000000000b:1,0.002,0.0025,0.002,0.002,1.93,2026-06-22T21:54:40,0.002,1.9
ip_shuffle,20260622T215440_804331,of:000000000000000b:2 -> of:000000000000000c:2,0.002,0.0025,0.002,0.002,2.43,2026-06-22T21:54:40,0.002,2.43
ip_shuffle,20260622T215440_804331,of:0000000000000001:2 -> of:000000000000000c:1,0.003,0.00375,0.003,0.003,3.13,2026-06-22T21:54:40,0.003,3.03
ip_shuffle,20260622T215440_804331,of:0000000000000006:2 -> of:000000000000000a:2,0.002,0.0025,0.002,0.002,2.46,2026-06-22T21:54:40,0.002,2.46
ip_shuffle,20260622T215440_804331,of:0000000000000001:3 -> of:000000000000000d:1,0.003,0.00375,0.003,0.003,3.23,2026-06-22T21:54:40,0.003,3.26
ip_shuffle,20260622T215440_804331,of:0000000000000003:1 -> of:000000000000000b:5,0.002,0.0025,0.002,0.002,1.9,2026-06-22T21:54:40,0.002,1.93
ip_shuffle,20260622T215440_804331,of:0000000000000006:1 -> of:000000000000000d:4,0.003,0.00375,0.003,0.003,3.03,2026-06-22T21:54:40,0.003,3.06
ip_shuffle,20260622T215440_804331,of:0000000000000007:2 -> of:000000000000000a:3,0.002,0.0025,0.002,0.002,2.46,2026-06-22T21:54:40,0.002,2.46
ip_shuffle,20260622T215440_804331,of:0000000000000007:1 -> of:000000000000000d:5,0.002,0.0025,0.002,0.002,2.13,2026-06-22T21:54:40,0.002,2.1
ip_shuffle,20260622T215440_804331,of:0000000000000002:2 -> of:0000000000000008:2,0.002,0.0025,0.002,0.002,2.43,2026-06-22T21:54:40,0.002,2.43
ip_shuffle,20260622T215440_804331,of:0000000000000003:2 -> of:0000000000000008:3,0.002,0.0025,0.002,0.002,2.43,2026-06-22T21:54:40,0.002,2.43
ip_shuffle,20260622T215440_804331,of:0000000000000008:1 -> of:000000000000000b:6,0.002,0.0025,0.002,0.002,1.9,2026-06-22T21:54:40,0.002,1.9
ip_shuffle,20260622T215440_804331,of:0000000000000004:2 -> of:0000000000000009:2,0.002,0.0025,0.002,0.002,2.43,2026-06-22T21:54:40,0.002,2.43
ip_shuffle,20260622T215440_804331,of:0000000000000002:1 -> of:000000000000000b:4,0.002,0.0025,0.002,0.002,1.86,2026-06-22T21:54:40,0.002,1.9
ip_shuffle,20260622T215440_804331,of:0000000000000009:1 -> of:000000000000000c:6,0.002,0.0025,0.002,0.002,1.83,2026-06-22T21:54:40,0.002,1.86
route_mutation,20260622T215538_604681,of:0000000000000004:1 -> of:000000000000000c:4,0.002,0.0025,0.002,0.002,1.46,2026-06-22T21:55:38,0.002,1.5
route_mutation,20260622T215538_604681,of:0000000000000005:1 -> of:000000000000000c:5,0.002,0.0025,0.002,0.002,1.46,2026-06-22T21:55:38,0.002,1.5
route_mutation,20260622T215538_604681,of:000000000000000a:1 -> of:000000000000000d:6,0.001,0.00125,0.001,0.001,1.43,2026-06-22T21:55:38,0.001,1.43
route_mutation,20260622T215538_604681,of:000000000000000b:3 -> of:000000000000000d:2,0.002,0.0025,0.002,0.002,1.66,2026-06-22T21:55:38,0.002,1.66
route_mutation,20260622T215538_604681,of:000000000000000c:3 -> of:000000000000000d:3,0.002,0.0025,0.002,0.002,1.66,2026-06-22T21:55:38,0.002,1.66
route_mutation,20260622T215538_604681,of:0000000000000005:2 -> of:0000000000000009:3,0.002,0.0025,0.002,0.002,1.56,2026-06-22T21:55:38,0.002,1.56
route_mutation,20260622T215538_604681,of:0000000000000001:1 -> of:000000000000000b:1,0.003,0.00375,0.003,0.003,3.3,2026-06-22T21:55:38,0.003,3.33
route_mutation,20260622T215538_604681,of:000000000000000b:2 -> of:000000000000000c:2,0.002,0.0025,0.002,0.002,1.66,2026-06-22T21:55:38,0.002,1.66
route_mutation,20260622T215538_604681,of:0000000000000001:2 -> of:000000000000000c:1,0.002,0.0025,0.002,0.002,1.5,2026-06-22T21:55:38,0.002,1.43
route_mutation,20260622T215538_604681,of:0000000000000006:2 -> of:000000000000000a:2,0.001,0.00125,0.001,0.001,1.5,2026-06-22T21:55:38,0.001,1.5
route_mutation,20260622T215538_604681,of:0000000000000001:3 -> of:000000000000000d:1,0.002,0.0025,0.002,0.002,1.5,2026-06-22T21:55:38,0.002,1.43
route_mutation,20260622T215538_604681,of:0000000000000003:1 -> of:000000000000000b:5,0.002,0.0025,0.002,0.002,2.33,2026-06-22T21:55:38,0.002,2.26
route_mutation,20260622T215538_604681,of:0000000000000006:1 -> of:000000000000000d:4,0.001,0.00125,0.001,0.001,1.4,2026-06-22T21:55:38,0.001,1.43
route_mutation,20260622T215538_604681,of:0000000000000007:2 -> of:000000000000000a:3,0.001,0.00125,0.001,0.001,1.5,2026-06-22T21:55:38,0.001,1.5
route_mutation,20260622T215538_604681,of:0000000000000007:1 -> of:000000000000000d:5,0.001,0.00125,0.001,0.001,1.4,2026-06-22T21:55:38,0.001,1.43
route_mutation,20260622T215538_604681,of:0000000000000002:2 -> of:0000000000000008:2,0.001,0.00125,0.001,0.001,1.5,2026-06-22T21:55:38,0.001,1.5
route_mutation,20260622T215538_604681,of:0000000000000003:2 -> of:0000000000000008:3,0.001,0.00125,0.001,0.001,1.53,2026-06-22T21:55:38,0.001,1.5
route_mutation,20260622T215538_604681,of:0000000000000008:1 -> of:000000000000000b:6,0.001,0.00125,0.001,0.001,1.4,2026-06-22T21:55:38,0.001,1.43
route_mutation,20260622T215538_604681,of:0000000000000004:2 -> of:0000000000000009:2,0.002,0.0025,0.002,0.002,1.56,2026-06-22T21:55:38,0.002,1.56
route_mutation,20260622T215538_604681,of:0000000000000002:1 -> of:000000000000000b:4,0.002,0.0025,0.002,0.002,2.46,2026-06-22T21:55:38,0.002,2.53
route_mutation,20260622T215538_604681,of:0000000000000009:1 -> of:000000000000000c:6,0.001,0.00125,0.001,0.001,1.43,2026-06-22T21:55:38,0.001,1.43
ip_shuffle,20260622T215609_012173,of:0000000000000004:1 -> of:000000000000000c:4,0.002,0.0025,0.002,0.002,2.49,2026-06-22T21:56:09,0.002,2.49
ip_shuffle,20260622T215609_012173,of:0000000000000005:1 -> of:000000000000000c:5,0.002,0.0025,0.002,0.002,2.49,2026-06-22T21:56:09,0.002,2.49
ip_shuffle,20260622T215609_012173,of:000000000000000a:1 -> of:000000000000000d:6,0.002,0.0025,0.002,0.002,1.69,2026-06-22T21:56:09,0.002,1.73
ip_shuffle,20260622T215609_012173,of:000000000000000b:3 -> of:000000000000000d:2,0.002,0.0025,0.002,0.002,2.09,2026-06-22T21:56:09,0.002,2.09
ip_shuffle,20260622T215609_012173,of:000000000000000c:3 -> of:000000000000000d:3,0.002,0.0025,0.002,0.002,2.09,2026-06-22T21:56:09,0.002,2.09
ip_shuffle,20260622T215609_012173,of:0000000000000005:2 -> of:0000000000000009:3,0.002,0.0025,0.002,0.002,2.19,2026-06-22T21:56:09,0.002,2.19
ip_shuffle,20260622T215609_012173,of:0000000000000001:1 -> of:000000000000000b:1,0.002,0.0025,0.002,0.002,1.96,2026-06-22T21:56:09,0.002,1.86
ip_shuffle,20260622T215609_012173,of:000000000000000b:2 -> of:000000000000000c:2,0.002,0.0025,0.002,0.002,2.06,2026-06-22T21:56:09,0.002,2.06
ip_shuffle,20260622T215609_012173,of:0000000000000001:2 -> of:000000000000000c:1,0.003,0.00375,0.003,0.003,3.29,2026-06-22T21:56:09,0.003,3.29
ip_shuffle,20260622T215609_012173,of:0000000000000006:2 -> of:000000000000000a:2,0.002,0.0025,0.002,0.002,2.19,2026-06-22T21:56:09,0.002,2.19
ip_shuffle,20260622T215609_012173,of:0000000000000001:3 -> of:000000000000000d:1,0.002,0.0025,0.002,0.002,2.66,2026-06-22T21:56:09,0.002,2.86
ip_shuffle,20260622T215609_012173,of:0000000000000003:1 -> of:000000000000000b:5,0.002,0.0025,0.002,0.002,1.86,2026-06-22T21:56:09,0.002,1.96
ip_shuffle,20260622T215609_012173,of:0000000000000006:1 -> of:000000000000000d:4,0.002,0.0025,0.002,0.002,2.82,2026-06-22T21:56:09,0.002,2.72
ip_shuffle,20260622T215609_012173,of:0000000000000007:2 -> of:000000000000000a:3,0.002,0.0025,0.002,0.002,2.23,2026-06-22T21:56:09,0.002,2.23
ip_shuffle,20260622T215609_012173,of:0000000000000007:1 -> of:000000000000000d:5,0.002,0.0025,0.002,0.002,1.76,2026-06-22T21:56:09,0.002,1.73
ip_shuffle,20260622T215609_012173,of:0000000000000002:2 -> of:0000000000000008:2,0.002,0.0025,0.002,0.002,2.26,2026-06-22T21:56:09,0.002,2.26
ip_shuffle,20260622T215609_012173,of:0000000000000003:2 -> of:0000000000000008:3,0.002,0.0025,0.002,0.002,2.23,2026-06-22T21:56:09,0.002,2.26
ip_shuffle,20260622T215609_012173,of:0000000000000008:1 -> of:000000000000000b:6,0.002,0.0025,0.002,0.002,1.73,2026-06-22T21:56:09,0.002,1.69
ip_shuffle,20260622T215609_012173,of:0000000000000004:2 -> of:0000000000000009:2,0.002,0.0025,0.002,0.002,2.19,2026-06-22T21:56:09,0.002,2.19
ip_shuffle,20260622T215609_012173,of:0000000000000002:1 -> of:000000000000000b:4,0.002,0.0025,0.002,0.002,1.73,2026-06-22T21:56:09,0.002,1.69
ip_shuffle,20260622T215609_012173,of:0000000000000009:1 -> of:000000000000000c:6,0.002,0.0025,0.002,0.002,1.69,2026-06-22T21:56:09,0.002,1.69
route_mutation,20260622T215706_839636,of:0000000000000004:1 -> of:000000000000000c:4,0.001,0.00125,0.001,0.001,1.36,2026-06-22T21:57:06,0.001,1.36
route_mutation,20260622T215706_839636,of:0000000000000005:1 -> of:000000000000000c:5,0.001,0.00125,0.001,0.001,1.36,2026-06-22T21:57:06,0.001,1.36
route_mutation,20260622T215706_839636,of:000000000000000a:1 -> of:000000000000000d:6,0.002,0.0025,0.002,0.002,1.43,2026-06-22T21:57:06,0.002,1.43
route_mutation,20260622T215706_839636,of:000000000000000b:3 -> of:000000000000000d:2,0.002,0.0025,0.002,0.002,1.53,2026-06-22T21:57:06,0.002,1.53
route_mutation,20260622T215706_839636,of:000000000000000c:3 -> of:000000000000000d:3,0.002,0.0025,0.002,0.002,1.53,2026-06-22T21:57:06,0.002,1.53
route_mutation,20260622T215706_839636,of:0000000000000005:2 -> of:0000000000000009:3,0.001,0.00125,0.001,0.001,1.4,2026-06-22T21:57:06,0.001,1.4
route_mutation,20260622T215706_839636,of:0000000000000001:1 -> of:000000000000000b:1,0.002,0.0025,0.002,0.002,2.66,2026-06-22T21:57:06,0.002,2.66
route_mutation,20260622T215706_839636,of:000000000000000b:2 -> of:000000000000000c:2,0.002,0.0025,0.002,0.002,1.53,2026-06-22T21:57:06,0.002,1.53
route_mutation,20260622T215706_839636,of:0000000000000001:2 -> of:000000000000000c:1,0.002,0.0025,0.002,0.002,1.43,2026-06-22T21:57:06,0.002,1.43
route_mutation,20260622T215706_839636,of:0000000000000006:2 -> of:000000000000000a:2,0.001,0.00125,0.001,0.001,1.46,2026-06-22T21:57:06,0.001,1.46
route_mutation,20260622T215706_839636,of:0000000000000001:3 -> of:000000000000000d:1,0.002,0.0025,0.002,0.002,1.43,2026-06-22T21:57:06,0.002,1.43
route_mutation,20260622T215706_839636,of:0000000000000003:1 -> of:000000000000000b:5,0.002,0.0025,0.002,0.002,1.66,2026-06-22T21:57:06,0.002,1.63
route_mutation,20260622T215706_839636,of:0000000000000006:1 -> of:000000000000000d:4,0.001,0.00125,0.001,0.001,1.36,2026-06-22T21:57:06,0.001,1.36
route_mutation,20260622T215706_839636,of:0000000000000007:2 -> of:000000000000000a:3,0.001,0.00125,0.001,0.001,1.46,2026-06-22T21:57:06,0.001,1.46
route_mutation,20260622T215706_839636,of:0000000000000007:1 -> of:000000000000000d:5,0.001,0.00125,0.001,0.001,1.36,2026-06-22T21:57:06,0.001,1.36
route_mutation,20260622T215706_839636,of:0000000000000002:2 -> of:0000000000000008:2,0.001,0.00125,0.001,0.001,1.46,2026-06-22T21:57:06,0.001,1.46
route_mutation,20260622T215706_839636,of:0000000000000003:2 -> of:0000000000000008:3,0.001,0.00125,0.001,0.001,1.46,2026-06-22T21:57:06,0.001,1.46
route_mutation,20260622T215706_839636,of:0000000000000008:1 -> of:000000000000000b:6,0.001,0.00125,0.001,0.001,1.36,2026-06-22T21:57:06,0.001,1.36
route_mutation,20260622T215706_839636,of:0000000000000004:2 -> of:0000000000000009:2,0.001,0.00125,0.001,0.001,1.4,2026-06-22T21:57:06,0.001,1.4
route_mutation,20260622T215706_839636,of:0000000000000002:1 -> of:000000000000000b:4,0.002,0.0025,0.002,0.002,2.46,2026-06-22T21:57:06,0.002,2.46
route_mutation,20260622T215706_839636,of:0000000000000009:1 -> of:000000000000000c:6,0.001,0.00125,0.001,0.001,1.36,2026-06-22T21:57:06,0.001,1.36
ip_shuffle,20260622T215737_207813,of:0000000000000004:1 -> of:000000000000000c:4,0.002,0.0025,0.002,0.002,2.26,2026-06-22T21:57:37,0.002,2.26
ip_shuffle,20260622T215737_207813,of:0000000000000005:1 -> of:000000000000000c:5,0.002,0.0025,0.002,0.002,2.26,2026-06-22T21:57:37,0.002,2.26
ip_shuffle,20260622T215737_207813,of:000000000000000a:1 -> of:000000000000000d:6,0.001,0.00125,0.001,0.001,1.4,2026-06-22T21:57:37,0.001,1.4
ip_shuffle,20260622T215737_207813,of:000000000000000b:3 -> of:000000000000000d:2,0.001,0.00125,0.001,0.001,1.6,2026-06-22T21:57:37,0.001,1.6
ip_shuffle,20260622T215737_207813,of:000000000000000c:3 -> of:000000000000000d:3,0.001,0.00125,0.001,0.001,1.6,2026-06-22T21:57:37,0.001,1.6
ip_shuffle,20260622T215737_207813,of:0000000000000005:2 -> of:0000000000000009:3,0.002,0.0025,0.002,0.002,1.73,2026-06-22T21:57:37,0.002,1.73
ip_shuffle,20260622T215737_207813,of:0000000000000001:1 -> of:000000000000000b:1,0.002,0.0025,0.002,0.002,2.29,2026-06-22T21:57:37,0.002,2.29
ip_shuffle,20260622T215737_207813,of:000000000000000b:2 -> of:000000000000000c:2,0.001,0.00125,0.001,0.001,1.6,2026-06-22T21:57:37,0.001,1.6
ip_shuffle,20260622T215737_207813,of:0000000000000001:2 -> of:000000000000000c:1,0.003,0.00375,0.003,0.003,3.06,2026-06-22T21:57:37,0.003,3.06
ip_shuffle,20260622T215737_207813,of:0000000000000006:2 -> of:000000000000000a:2,0.002,0.0025,0.002,0.002,1.66,2026-06-22T21:57:37,0.002,1.66
ip_shuffle,20260622T215737_207813,of:0000000000000001:3 -> of:000000000000000d:1,0.002,0.0025,0.002,0.002,1.76,2026-06-22T21:57:37,0.002,1.76
ip_shuffle,20260622T215737_207813,of:0000000000000003:1 -> of:000000000000000b:5,0.002,0.0025,0.002,0.002,2.26,2026-06-22T21:57:37,0.002,2.29
ip_shuffle,20260622T215737_207813,of:0000000000000006:1 -> of:000000000000000d:4,0.002,0.0025,0.002,0.002,1.8,2026-06-22T21:57:37,0.002,1.8
ip_shuffle,20260622T215737_207813,of:0000000000000007:2 -> of:000000000000000a:3,0.002,0.0025,0.002,0.002,1.66,2026-06-22T21:57:37,0.002,1.66
ip_shuffle,20260622T215737_207813,of:0000000000000007:1 -> of:000000000000000d:5,0.001,0.00125,0.001,0.001,1.46,2026-06-22T21:57:37,0.001,1.46
ip_shuffle,20260622T215737_207813,of:0000000000000002:2 -> of:0000000000000008:2,0.002,0.0025,0.002,0.002,1.73,2026-06-22T21:57:37,0.002,1.73
ip_shuffle,20260622T215737_207813,of:0000000000000003:2 -> of:0000000000000008:3,0.002,0.0025,0.002,0.002,1.73,2026-06-22T21:57:37,0.002,1.73
ip_shuffle,20260622T215737_207813,of:0000000000000008:1 -> of:000000000000000b:6,0.001,0.00125,0.001,0.001,1.46,2026-06-22T21:57:37,0.001,1.46
ip_shuffle,20260622T215737_207813,of:0000000000000004:2 -> of:0000000000000009:2,0.002,0.0025,0.002,0.002,1.73,2026-06-22T21:57:37,0.002,1.73
ip_shuffle,20260622T215737_207813,of:0000000000000002:1 -> of:000000000000000b:4,0.001,0.00125,0.001,0.001,1.46,2026-06-22T21:57:37,0.001,1.46
ip_shuffle,20260622T215737_207813,of:0000000000000009:1 -> of:000000000000000c:6,0.001,0.00125,0.001,0.001,1.46,2026-06-22T21:57:37,0.001,1.46
ip_shuffle,20260622T215835_063405,of:0000000000000004:1 -> of:000000000000000c:4,0.001,0.00125,0.001,0.001,1.46,2026-06-22T21:58:35,0.001,1.43
ip_shuffle,20260622T215835_063405,of:0000000000000005:1 -> of:000000000000000c:5,0.001,0.00125,0.001,0.001,1.46,2026-06-22T21:58:35,0.001,1.43
ip_shuffle,20260622T215835_063405,of:000000000000000a:1 -> of:000000000000000d:6,0.002,0.0025,0.002,0.002,1.5,2026-06-22T21:58:35,0.002,1.5
ip_shuffle,20260622T215835_063405,of:000000000000000b:3 -> of:000000000000000d:2,0.002,0.0025,0.002,0.002,1.66,2026-06-22T21:58:35,0.002,1.66
ip_shuffle,20260622T215835_063405,of:000000000000000c:3 -> of:000000000000000d:3,0.002,0.0025,0.002,0.002,1.66,2026-06-22T21:58:35,0.002,1.66
ip_shuffle,20260622T215835_063405,of:0000000000000005:2 -> of:0000000000000009:3,0.002,0.0025,0.002,0.002,1.63,2026-06-22T21:58:35,0.002,1.63
ip_shuffle,20260622T215835_063405,of:0000000000000001:1 -> of:000000000000000b:1,0.002,0.0025,0.002,0.002,1.5,2026-06-22T21:58:35,0.002,1.56
ip_shuffle,20260622T215835_063405,of:000000000000000b:2 -> of:000000000000000c:2,0.002,0.0025,0.002,0.002,1.66,2026-06-22T21:58:35,0.002,1.66
ip_shuffle,20260622T215835_063405,of:0000000000000001:2 -> of:000000000000000c:1,0.002,0.0025,0.002,0.002,1.5,2026-06-22T21:58:35,0.002,1.56
ip_shuffle,20260622T215835_063405,of:0000000000000006:2 -> of:000000000000000a:2,0.002,0.0025,0.002,0.002,1.63,2026-06-22T21:58:35,0.002,1.63
ip_shuffle,20260622T215835_063405,of:0000000000000001:3 -> of:000000000000000d:1,0.002,0.0025,0.002,0.002,2.26,2026-06-22T21:58:35,0.002,2.2
ip_shuffle,20260622T215835_063405,of:0000000000000003:1 -> of:000000000000000b:5,0.002,0.0025,0.002,0.002,1.56,2026-06-22T21:58:35,0.002,1.5
ip_shuffle,20260622T215835_063405,of:0000000000000006:1 -> of:000000000000000d:4,0.001,0.00125,0.001,0.001,1.46,2026-06-22T21:58:35,0.001,1.43
ip_shuffle,20260622T215835_063405,of:0000000000000007:2 -> of:000000000000000a:3,0.002,0.0025,0.002,0.002,1.63,2026-06-22T21:58:35,0.002,1.63
ip_shuffle,20260622T215835_063405,of:0000000000000007:1 -> of:000000000000000d:5,0.002,0.0025,0.002,0.002,2.13,2026-06-22T21:58:35,0.002,2.16
ip_shuffle,20260622T215835_063405,of:0000000000000002:2 -> of:0000000000000008:2,0.002,0.0025,0.002,0.002,1.7,2026-06-22T21:58:35,0.002,1.7
ip_shuffle,20260622T215835_063405,of:0000000000000003:2 -> of:0000000000000008:3,0.002,0.0025,0.002,0.002,1.7,2026-06-22T21:58:35,0.002,1.7
ip_shuffle,20260622T215835_063405,of:0000000000000008:1 -> of:000000000000000b:6,0.001,0.00125,0.001,0.001,1.46,2026-06-22T21:58:35,0.001,1.43
ip_shuffle,20260622T215835_063405,of:0000000000000004:2 -> of:0000000000000009:2,0.002,0.0025,0.002,0.002,1.63,2026-06-22T21:58:35,0.002,1.63
ip_shuffle,20260622T215835_063405,of:0000000000000002:1 -> of:000000000000000b:4,0.002,0.0025,0.002,0.002,1.56,2026-06-22T21:58:35,0.002,1.5
ip_shuffle,20260622T215835_063405,of:0000000000000009:1 -> of:000000000000000c:6,0.002,0.0025,0.002,0.002,1.5,2026-06-22T21:58:35,0.002,1.5
route_mutation,20260622T215939_451025,of:0000000000000004:1 -> of:000000000000000c:4,0.002,0.0025,0.002,0.002,2.36,2026-06-22T21:59:39,0.002,2.43
route_mutation,20260622T215939_451025,of:0000000000000005:1 -> of:000000000000000c:5,0.002,0.0025,0.002,0.002,2.6,2026-06-22T21:59:39,0.002,2.66
route_mutation,20260622T215939_451025,of:000000000000000a:1 -> of:000000000000000d:6,0.002,0.0025,0.002,0.002,1.83,2026-06-22T21:59:39,0.002,1.86
route_mutation,20260622T215939_451025,of:000000000000000b:3 -> of:000000000000000d:2,0.002,0.0025,0.002,0.002,2.36,2026-06-22T21:59:39,0.002,2.36
route_mutation,20260622T215939_451025,of:000000000000000c:3 -> of:000000000000000d:3,0.002,0.0025,0.002,0.002,2.4,2026-06-22T21:59:39,0.002,2.4
route_mutation,20260622T215939_451025,of:0000000000000005:2 -> of:0000000000000009:3,0.002,0.0025,0.002,0.002,2.3,2026-06-22T21:59:39,0.002,2.3
route_mutation,20260622T215939_451025,of:0000000000000001:1 -> of:000000000000000b:1,0.002,0.0025,0.002,0.002,1.83,2026-06-22T21:59:39,0.002,1.8
route_mutation,20260622T215939_451025,of:000000000000000b:2 -> of:000000000000000c:2,0.002,0.0025,0.002,0.002,2.36,2026-06-22T21:59:39,0.002,2.36
route_mutation,20260622T215939_451025,of:0000000000000001:2 -> of:000000000000000c:1,0.003,0.00375,0.003,0.003,3.16,2026-06-22T21:59:39,0.003,3.09
route_mutation,20260622T215939_451025,of:0000000000000006:2 -> of:000000000000000a:2,0.002,0.0025,0.002,0.002,2.33,2026-06-22T21:59:39,0.002,2.33
route_mutation,20260622T215939_451025,of:0000000000000001:3 -> of:000000000000000d:1,0.003,0.00375,0.003,0.003,3.19,2026-06-22T21:59:39,0.003,3.29
route_mutation,20260622T215939_451025,of:0000000000000003:1 -> of:000000000000000b:5,0.002,0.0025,0.002,0.002,1.76,2026-06-22T21:59:39,0.002,1.83
route_mutation,20260622T215939_451025,of:0000000000000006:1 -> of:000000000000000d:4,0.003,0.00375,0.003,0.003,3.16,2026-06-22T21:59:39,0.003,3.19
route_mutation,20260622T215939_451025,of:0000000000000007:2 -> of:000000000000000a:3,0.002,0.0025,0.002,0.002,2.33,2026-06-22T21:59:39,0.002,2.33
route_mutation,20260622T215939_451025,of:0000000000000007:1 -> of:000000000000000d:5,0.002,0.0025,0.002,0.002,2.2,2026-06-22T21:59:39,0.002,2.13
route_mutation,20260622T215939_451025,of:0000000000000002:2 -> of:0000000000000008:2,0.002,0.0025,0.002,0.002,2.23,2026-06-22T21:59:39,0.002,2.23
route_mutation,20260622T215939_451025,of:0000000000000003:2 -> of:0000000000000008:3,0.002,0.0025,0.002,0.002,2.23,2026-06-22T21:59:39,0.002,2.23
route_mutation,20260622T215939_451025,of:0000000000000008:1 -> of:000000000000000b:6,0.002,0.0025,0.002,0.002,1.83,2026-06-22T21:59:39,0.002,1.83
route_mutation,20260622T215939_451025,of:0000000000000004:2 -> of:0000000000000009:2,0.002,0.0025,0.002,0.002,2.3,2026-06-22T21:59:39,0.002,2.3
route_mutation,20260622T215939_451025,of:0000000000000002:1 -> of:000000000000000b:4,0.002,0.0025,0.002,0.002,1.73,2026-06-22T21:59:39,0.002,1.76
route_mutation,20260622T215939_451025,of:0000000000000009:1 -> of:000000000000000c:6,0.002,0.0025,0.002,0.002,1.83,2026-06-22T21:59:39,0.002,1.86
route_mutation,20260622T220009_757866,of:0000000000000004:1 -> of:000000000000000c:4,0.002,0.0025,0.002,0.002,1.6,2026-06-22T22:00:09,0.002,1.53
route_mutation,20260622T220009_757866,of:0000000000000005:1 -> of:000000000000000c:5,0.002,0.0025,0.002,0.002,1.6,2026-06-22T22:00:09,0.002,1.53
route_mutation,20260622T220009_757866,of:000000000000000a:1 -> of:000000000000000d:6,0.002,0.0025,0.002,0.002,1.63,2026-06-22T22:00:09,0.002,1.6
route_mutation,20260622T220009_757866,of:000000000000000b:3 -> of:000000000000000d:2,0.002,0.0025,0.002,0.002,1.9,2026-06-22T22:00:09,0.002,1.9
route_mutation,20260622T220009_757866,of:000000000000000c:3 -> of:000000000000000d:3,0.002,0.0025,0.002,0.002,1.86,2026-06-22T22:00:09,0.002,1.86
route_mutation,20260622T220009_757866,of:0000000000000005:2 -> of:0000000000000009:3,0.002,0.0025,0.002,0.002,1.9,2026-06-22T22:00:09,0.002,1.9
route_mutation,20260622T220009_757866,of:0000000000000001:1 -> of:000000000000000b:1,0.002,0.0025,0.002,0.002,1.63,2026-06-22T22:00:09,0.002,1.66
route_mutation,20260622T220009_757866,of:000000000000000b:2 -> of:000000000000000c:2,0.002,0.0025,0.002,0.002,1.9,2026-06-22T22:00:09,0.002,1.9
route_mutation,20260622T220009_757866,of:0000000000000001:2 -> of:000000000000000c:1,0.002,0.0025,0.002,0.002,1.6,2026-06-22T22:00:09,0.002,1.66
route_mutation,20260622T220009_757866,of:0000000000000006:2 -> of:000000000000000a:2,0.002,0.0025,0.002,0.002,1.86,2026-06-22T22:00:09,0.002,1.86
route_mutation,20260622T220009_757866,of:0000000000000001:3 -> of:000000000000000d:1,0.002,0.0025,0.002,0.002,2.7,2026-06-22T22:00:09,0.002,2.6
route_mutation,20260622T220009_757866,of:0000000000000003:1 -> of:000000000000000b:5,0.002,0.0025,0.002,0.002,1.66,2026-06-22T22:00:09,0.002,1.63
route_mutation,20260622T220009_757866,of:0000000000000006:1 -> of:000000000000000d:4,0.002,0.0025,0.002,0.002,1.63,2026-06-22T22:00:09,0.002,1.6
route_mutation,20260622T220009_757866,of:0000000000000007:2 -> of:000000000000000a:3,0.002,0.0025,0.002,0.002,1.86,2026-06-22T22:00:09,0.002,1.86
route_mutation,20260622T220009_757866,of:0000000000000007:1 -> of:000000000000000d:5,0.002,0.0025,0.002,0.002,2.56,2026-06-22T22:00:09,0.002,2.63
route_mutation,20260622T220009_757866,of:0000000000000002:2 -> of:0000000000000008:2,0.002,0.0025,0.002,0.002,1.9,2026-06-22T22:00:09,0.002,1.9
route_mutation,20260622T220009_757866,of:0000000000000003:2 -> of:0000000000000008:3,0.002,0.0025,0.002,0.002,1.9,2026-06-22T22:00:09,0.002,1.9
route_mutation,20260622T220009_757866,of:0000000000000008:1 -> of:000000000000000b:6,0.002,0.0025,0.002,0.002,1.56,2026-06-22T22:00:09,0.002,1.56
route_mutation,20260622T220009_757866,of:0000000000000004:2 -> of:0000000000000009:2,0.002,0.0025,0.002,0.002,1.9,2026-06-22T22:00:09,0.002,1.9
route_mutation,20260622T220009_757866,of:0000000000000002:1 -> of:000000000000000b:4,0.002,0.0025,0.002,0.002,1.66,2026-06-22T22:00:09,0.002,1.63
route_mutation,20260622T220009_757866,of:0000000000000009:1 -> of:000000000000000c:6,0.002,0.0025,0.002,0.002,1.63,2026-06-22T22:00:09,0.002,1.6
ip_shuffle,20260622T220040_218310,of:0000000000000004:1 -> of:000000000000000c:4,0.001,0.00125,0.001,0.001,1.43,2026-06-22T22:00:40,0.001,1.46
ip_shuffle,20260622T220040_218310,of:0000000000000005:1 -> of:000000000000000c:5,0.001,0.00125,0.001,0.001,1.43,2026-06-22T22:00:40,0.001,1.46
ip_shuffle,20260622T220040_218310,of:000000000000000a:1 -> of:000000000000000d:6,0.001,0.00125,0.001,0.001,1.46,2026-06-22T22:00:40,0.001,1.46
ip_shuffle,20260622T220040_218310,of:000000000000000b:3 -> of:000000000000000d:2,0.002,0.0025,0.002,0.002,1.66,2026-06-22T22:00:40,0.002,1.66
ip_shuffle,20260622T220040_218310,of:000000000000000c:3 -> of:000000000000000d:3,0.002,0.0025,0.002,0.002,1.66,2026-06-22T22:00:40,0.002,1.66
ip_shuffle,20260622T220040_218310,of:0000000000000005:2 -> of:0000000000000009:3,0.002,0.0025,0.002,0.002,1.6,2026-06-22T22:00:40,0.002,1.6
ip_shuffle,20260622T220040_218310,of:0000000000000001:1 -> of:000000000000000b:1,0.003,0.00375,0.003,0.003,3.29,2026-06-22T22:00:40,0.003,3.36
ip_shuffle,20260622T220040_218310,of:000000000000000b:2 -> of:000000000000000c:2,0.001,0.00125,0.001,0.001,1.6,2026-06-22T22:00:40,0.001,1.6
ip_shuffle,20260622T220040_218310,of:0000000000000001:2 -> of:000000000000000c:1,0.001,0.00125,0.001,0.001,1.46,2026-06-22T22:00:40,0.001,1.4
ip_shuffle,20260622T220040_218310,of:0000000000000006:2 -> of:000000000000000a:2,0.002,0.0025,0.002,0.002,1.63,2026-06-22T22:00:40,0.002,1.63
ip_shuffle,20260622T220040_218310,of:0000000000000001:3 -> of:000000000000000d:1,0.002,0.0025,0.002,0.002,1.53,2026-06-22T22:00:40,0.002,1.46
ip_shuffle,20260622T220040_218310,of:0000000000000003:1 -> of:000000000000000b:5,0.002,0.0025,0.002,0.002,2.33,2026-06-22T22:00:40,0.002,2.26
ip_shuffle,20260622T220040_218310,of:0000000000000006:1 -> of:000000000000000d:4,0.002,0.0025,0.002,0.002,1.5,2026-06-22T22:00:40,0.002,1.53
ip_shuffle,20260622T220040_218310,of:0000000000000007:2 -> of:000000000000000a:3,0.002,0.0025,0.002,0.002,1.63,2026-06-22T22:00:40,0.002,1.63
ip_shuffle,20260622T220040_218310,of:0000000000000007:1 -> of:000000000000000d:5,0.002,0.0025,0.002,0.002,1.5,2026-06-22T22:00:40,0.002,1.53
ip_shuffle,20260622T220040_218310,of:0000000000000002:2 -> of:0000000000000008:2,0.002,0.0025,0.002,0.002,1.63,2026-06-22T22:00:40,0.002,1.63
ip_shuffle,20260622T220040_218310,of:0000000000000003:2 -> of:0000000000000008:3,0.002,0.0025,0.002,0.002,1.63,2026-06-22T22:00:40,0.002,1.63
ip_shuffle,20260622T220040_218310,of:0000000000000008:1 -> of:000000000000000b:6,0.001,0.00125,0.001,0.001,1.43,2026-06-22T22:00:40,0.001,1.46
ip_shuffle,20260622T220040_218310,of:0000000000000004:2 -> of:0000000000000009:2,0.002,0.0025,0.002,0.002,1.6,2026-06-22T22:00:40,0.002,1.6
ip_shuffle,20260622T220040_218310,of:0000000000000002:1 -> of:000000000000000b:4,0.002,0.0025,0.002,0.002,2.43,2026-06-22T22:00:40,0.002,2.5
ip_shuffle,20260622T220040_218310,of:0000000000000009:1 -> of:000000000000000c:6,0.001,0.00125,0.001,0.001,1.36,2026-06-22T22:00:40,0.001,1.4
ip_shuffle,20260622T220144_534228,of:0000000000000004:1 -> of:000000000000000c:4,0.002,0.0025,0.002,0.002,1.8,2026-06-22T22:01:44,0.002,1.8
ip_shuffle,20260622T220144_534228,of:0000000000000005:1 -> of:000000000000000c:5,0.002,0.0025,0.002,0.002,1.8,2026-06-22T22:01:44,0.002,1.8
ip_shuffle,20260622T220144_534228,of:000000000000000a:1 -> of:000000000000000d:6,0.002,0.0025,0.002,0.002,1.86,2026-06-22T22:01:44,0.002,1.86
ip_shuffle,20260622T220144_534228,of:000000000000000b:3 -> of:000000000000000d:2,0.002,0.0025,0.002,0.002,2.4,2026-06-22T22:01:44,0.002,2.4
ip_shuffle,20260622T220144_534228,of:000000000000000c:3 -> of:000000000000000d:3,0.002,0.0025,0.002,0.002,2.4,2026-06-22T22:01:44,0.002,2.4
ip_shuffle,20260622T220144_534228,of:0000000000000005:2 -> of:0000000000000009:3,0.002,0.0025,0.002,0.002,2.33,2026-06-22T22:01:44,0.002,2.33
ip_shuffle,20260622T220144_534228,of:0000000000000001:1 -> of:000000000000000b:1,0.002,0.0025,0.002,0.002,1.86,2026-06-22T22:01:44,0.002,1.86
ip_shuffle,20260622T220144_534228,of:000000000000000b:2 -> of:000000000000000c:2,0.002,0.0025,0.002,0.002,2.4,2026-06-22T22:01:44,0.002,2.4
ip_shuffle,20260622T220144_534228,of:0000000000000001:2 -> of:000000000000000c:1,0.002,0.0025,0.002,0.002,1.86,2026-06-22T22:01:44,0.002,1.86
ip_shuffle,20260622T220144_534228,of:0000000000000006:2 -> of:000000000000000a:2,0.002,0.0025,0.002,0.002,2.33,2026-06-22T22:01:44,0.002,2.33
ip_shuffle,20260622T220144_534228,of:0000000000000001:3 -> of:000000000000000d:1,0.003,0.00375,0.003,0.003,3.36,2026-06-22T22:01:44,0.003,3.36
ip_shuffle,20260622T220144_534228,of:0000000000000003:1 -> of:000000000000000b:5,0.002,0.0025,0.002,0.002,1.86,2026-06-22T22:01:44,0.002,1.86
ip_shuffle,20260622T220144_534228,of:0000000000000006:1 -> of:000000000000000d:4,0.002,0.0025,0.002,0.002,2.23,2026-06-22T22:01:44,0.002,2.23
ip_shuffle,20260622T220144_534228,of:0000000000000007:2 -> of:000000000000000a:3,0.002,0.0025,0.002,0.002,2.33,2026-06-22T22:01:44,0.002,2.33
ip_shuffle,20260622T220144_534228,of:0000000000000007:1 -> of:000000000000000d:5,0.003,0.00375,0.003,0.003,3.06,2026-06-22T22:01:44,0.003,3.06
ip_shuffle,20260622T220144_534228,of:0000000000000002:2 -> of:0000000000000008:2,0.002,0.0025,0.002,0.002,2.33,2026-06-22T22:01:44,0.002,2.33
ip_shuffle,20260622T220144_534228,of:0000000000000003:2 -> of:0000000000000008:3,0.002,0.0025,0.002,0.002,2.33,2026-06-22T22:01:44,0.002,2.33
ip_shuffle,20260622T220144_534228,of:0000000000000008:1 -> of:000000000000000b:6,0.002,0.0025,0.002,0.002,1.8,2026-06-22T22:01:44,0.002,1.8
ip_shuffle,20260622T220144_534228,of:0000000000000004:2 -> of:0000000000000009:2,0.002,0.0025,0.002,0.002,2.33,2026-06-22T22:01:44,0.002,2.33
ip_shuffle,20260622T220144_534228,of:0000000000000002:1 -> of:000000000000000b:4,0.002,0.0025,0.002,0.002,1.86,2026-06-22T22:01:44,0.002,1.86
ip_shuffle,20260622T220144_534228,of:0000000000000009:1 -> of:000000000000000c:6,0.002,0.0025,0.002,0.002,1.86,2026-06-22T22:01:44,0.002,1.86
ip_shuffle,20260622T220248_828770,of:0000000000000004:1 -> of:000000000000000c:4,0.002,0.0025,0.002,0.002,2.33,2026-06-22T22:02:48,0.002,2.36
ip_shuffle,20260622T220248_828770,of:0000000000000005:1 -> of:000000000000000c:5,0.002,0.0025,0.002,0.002,2.33,2026-06-22T22:02:48,0.002,2.36
ip_shuffle,20260622T220248_828770,of:000000000000000a:1 -> of:000000000000000d:6,0.001,0.00125,0.001,0.001,1.46,2026-06-22T22:02:48,0.001,1.5
ip_shuffle,20260622T220248_828770,of:000000000000000b:3 -> of:000000000000000d:2,0.002,0.0025,0.002,0.002,1.7,2026-06-22T22:02:48,0.002,1.7
ip_shuffle,20260622T220248_828770,of:000000000000000c:3 -> of:000000000000000d:3,0.002,0.0025,0.002,0.002,1.73,2026-06-22T22:02:48,0.002,1.73
ip_shuffle,20260622T220248_828770,of:0000000000000005:2 -> of:0000000000000009:3,0.002,0.0025,0.002,0.002,1.7,2026-06-22T22:02:48,0.002,1.7
ip_shuffle,20260622T220248_828770,of:0000000000000001:1 -> of:000000000000000b:1,0.003,0.00375,0.003,0.003,2.86,2026-06-22T22:02:48,0.003,2.86
ip_shuffle,20260622T220248_828770,of:000000000000000b:2 -> of:000000000000000c:2,0.002,0.0025,0.002,0.002,1.76,2026-06-22T22:02:48,0.002,1.76
ip_shuffle,20260622T220248_828770,of:0000000000000001:2 -> of:000000000000000c:1,0.003,0.00375,0.003,0.003,3.1,2026-06-22T22:02:48,0.003,3.03
ip_shuffle,20260622T220248_828770,of:0000000000000006:2 -> of:000000000000000a:2,0.002,0.0025,0.002,0.002,1.73,2026-06-22T22:02:48,0.002,1.73
ip_shuffle,20260622T220248_828770,of:0000000000000001:3 -> of:000000000000000d:1,0.002,0.0025,0.002,0.002,1.73,2026-06-22T22:02:48,0.002,1.83
ip_shuffle,20260622T220248_828770,of:0000000000000003:1 -> of:000000000000000b:5,0.002,0.0025,0.002,0.002,2.46,2026-06-22T22:02:48,0.002,2.5
ip_shuffle,20260622T220248_828770,of:0000000000000006:1 -> of:000000000000000d:4,0.002,0.0025,0.002,0.002,1.8,2026-06-22T22:02:48,0.002,1.73
ip_shuffle,20260622T220248_828770,of:0000000000000007:2 -> of:000000000000000a:3,0.002,0.0025,0.002,0.002,1.73,2026-06-22T22:02:48,0.002,1.73
ip_shuffle,20260622T220248_828770,of:0000000000000007:1 -> of:000000000000000d:5,0.001,0.00125,0.001,0.001,1.46,2026-06-22T22:02:48,0.001,1.5
ip_shuffle,20260622T220248_828770,of:0000000000000002:2 -> of:0000000000000008:2,0.002,0.0025,0.002,0.002,1.63,2026-06-22T22:02:48,0.002,1.63
ip_shuffle,20260622T220248_828770,of:0000000000000003:2 -> of:0000000000000008:3,0.002,0.0025,0.002,0.002,1.63,2026-06-22T22:02:48,0.002,1.63
ip_shuffle,20260622T220248_828770,of:0000000000000008:1 -> of:000000000000000b:6,0.002,0.0025,0.002,0.002,1.53,2026-06-22T22:02:48,0.002,1.53
ip_shuffle,20260622T220248_828770,of:0000000000000004:2 -> of:0000000000000009:2,0.002,0.0025,0.002,0.002,1.7,2026-06-22T22:02:48,0.002,1.7
ip_shuffle,20260622T220248_828770,of:0000000000000002:1 -> of:000000000000000b:4,0.002,0.0025,0.002,0.002,1.83,2026-06-22T22:02:48,0.002,1.83
ip_shuffle,20260622T220248_828770,of:0000000000000009:1 -> of:000000000000000c:6,0.002,0.0025,0.002,0.002,1.53,2026-06-22T22:02:48,0.002,1.56
route_mutation,20260622T220346_601559,of:0000000000000004:1 -> of:000000000000000c:4,0.001,0.00125,0.001,0.001,1.36,2026-06-22T22:03:46,0.001,1.36
route_mutation,20260622T220346_601559,of:0000000000000005:1 -> of:000000000000000c:5,0.001,0.00125,0.001,0.001,1.36,2026-06-22T22:03:46,0.001,1.4
route_mutation,20260622T220346_601559,of:000000000000000a:1 -> of:000000000000000d:6,0.001,0.00125,0.001,0.001,1.36,2026-06-22T22:03:46,0.001,1.36
route_mutation,20260622T220346_601559,of:000000000000000b:3 -> of:000000000000000d:2,0.002,0.0025,0.002,0.002,1.5,2026-06-22T22:03:46,0.002,1.5
route_mutation,20260622T220346_601559,of:000000000000000c:3 -> of:000000000000000d:3,0.001,0.00125,0.001,0.001,1.46,2026-06-22T22:03:46,0.001,1.46
route_mutation,20260622T220346_601559,of:0000000000000005:2 -> of:0000000000000009:3,0.001,0.00125,0.001,0.001,1.46,2026-06-22T22:03:46,0.001,1.46
route_mutation,20260622T220346_601559,of:0000000000000001:1 -> of:000000000000000b:1,0.002,0.0025,0.002,0.002,1.53,2026-06-22T22:03:46,0.002,1.6
route_mutation,20260622T220346_601559,of:000000000000000b:2 -> of:000000000000000c:2,0.001,0.00125,0.001,0.001,1.4,2026-06-22T22:03:46,0.001,1.4
route_mutation,20260622T220346_601559,of:0000000000000001:2 -> of:000000000000000c:1,0.001,0.00125,0.001,0.001,1.36,2026-06-22T22:03:46,0.001,1.36
route_mutation,20260622T220346_601559,of:0000000000000006:2 -> of:000000000000000a:2,0.001,0.00125,0.001,0.001,1.46,2026-06-22T22:03:46,0.001,1.46
route_mutation,20260622T220346_601559,of:0000000000000001:3 -> of:000000000000000d:1,0.002,0.0025,0.002,0.002,1.43,2026-06-22T22:03:46,0.002,1.43
route_mutation,20260622T220346_601559,of:0000000000000003:1 -> of:000000000000000b:5,0.001,0.00125,0.001,0.001,1.36,2026-06-22T22:03:46,0.001,1.36
route_mutation,20260622T220346_601559,of:0000000000000006:1 -> of:000000000000000d:4,0.002,0.0025,0.002,0.002,1.43,2026-06-22T22:03:46,0.002,1.43
route_mutation,20260622T220346_601559,of:0000000000000007:2 -> of:000000000000000a:3,0.001,0.00125,0.001,0.001,1.46,2026-06-22T22:03:46,0.001,1.46
route_mutation,20260622T220346_601559,of:0000000000000007:1 -> of:000000000000000d:5,0.002,0.0025,0.002,0.002,1.43,2026-06-22T22:03:46,0.002,1.43
route_mutation,20260622T220346_601559,of:0000000000000002:2 -> of:0000000000000008:2,0.001,0.00125,0.001,0.001,1.46,2026-06-22T22:03:46,0.001,1.46
route_mutation,20260622T220346_601559,of:0000000000000003:2 -> of:0000000000000008:3,0.001,0.00125,0.001,0.001,1.46,2026-06-22T22:03:46,0.001,1.46
route_mutation,20260622T220346_601559,of:0000000000000008:1 -> of:000000000000000b:6,0.001,0.00125,0.001,0.001,1.3,2026-06-22T22:03:46,0.001,1.3
route_mutation,20260622T220346_601559,of:0000000000000004:2 -> of:0000000000000009:2,0.001,0.00125,0.001,0.001,1.46,2026-06-22T22:03:46,0.001,1.46
route_mutation,20260622T220346_601559,of:0000000000000002:1 -> of:000000000000000b:4,0.002,0.0025,0.002,0.002,1.6,2026-06-22T22:03:46,0.002,1.53
route_mutation,20260622T220346_601559,of:0000000000000009:1 -> of:000000000000000c:6,0.001,0.00125,0.001,0.001,1.3,2026-06-22T22:03:46,0.001,1.3
route_mutation,20260622T220417_023367,of:0000000000000004:1 -> of:000000000000000c:4,0.002,0.0025,0.002,0.002,2.23,2026-06-22T22:04:17,0.002,2.23
route_mutation,20260622T220417_023367,of:0000000000000005:1 -> of:000000000000000c:5,0.002,0.0025,0.002,0.002,2.23,2026-06-22T22:04:17,0.002,2.19
route_mutation,20260622T220417_023367,of:000000000000000a:1 -> of:000000000000000d:6,0.001,0.00125,0.001,0.001,1.36,2026-06-22T22:04:17,0.001,1.4
route_mutation,20260622T220417_023367,of:000000000000000b:3 -> of:000000000000000d:2,0.001,0.00125,0.001,0.001,1.5,2026-06-22T22:04:17,0.001,1.5
route_mutation,20260622T220417_023367,of:000000000000000c:3 -> of:000000000000000d:3,0.001,0.00125,0.001,0.001,1.5,2026-06-22T22:04:17,0.001,1.5
route_mutation,20260622T220417_023367,of:0000000000000005:2 -> of:0000000000000009:3,0.002,0.0025,0.002,0.002,1.53,2026-06-22T22:04:17,0.002,1.53
route_mutation,20260622T220417_023367,of:0000000000000001:1 -> of:000000000000000b:1,0.003,0.00375,0.003,0.003,3.26,2026-06-22T22:04:17,0.003,3.19
route_mutation,20260622T220417_023367,of:000000000000000b:2 -> of:000000000000000c:2,0.002,0.0025,0.002,0.002,1.53,2026-06-22T22:04:17,0.002,1.53
route_mutation,20260622T220417_023367,of:0000000000000001:2 -> of:000000000000000c:1,0.003,0.00375,0.003,0.003,2.89,2026-06-22T22:04:17,0.003,2.93
route_mutation,20260622T220417_023367,of:0000000000000006:2 -> of:000000000000000a:2,0.002,0.0025,0.002,0.002,1.53,2026-06-22T22:04:17,0.002,1.53
route_mutation,20260622T220417_023367,of:0000000000000001:3 -> of:000000000000000d:1,0.001,0.00125,0.001,0.001,1.4,2026-06-22T22:04:17,0.001,1.4
route_mutation,20260622T220417_023367,of:0000000000000003:1 -> of:000000000000000b:5,0.002,0.0025,0.002,0.002,2.46,2026-06-22T22:04:17,0.002,2.46
route_mutation,20260622T220417_023367,of:0000000000000006:1 -> of:000000000000000d:4,0.002,0.0025,0.002,0.002,1.46,2026-06-22T22:04:17,0.002,1.46
route_mutation,20260622T220417_023367,of:0000000000000007:2 -> of:000000000000000a:3,0.002,0.0025,0.002,0.002,1.53,2026-06-22T22:04:17,0.002,1.53
route_mutation,20260622T220417_023367,of:0000000000000007:1 -> of:000000000000000d:5,0.001,0.00125,0.001,0.001,1.36,2026-06-22T22:04:17,0.001,1.4
route_mutation,20260622T220417_023367,of:0000000000000002:2 -> of:0000000000000008:2,0.002,0.0025,0.002,0.002,1.53,2026-06-22T22:04:17,0.002,1.53
route_mutation,20260622T220417_023367,of:0000000000000003:2 -> of:0000000000000008:3,0.002,0.0025,0.002,0.002,1.53,2026-06-22T22:04:17,0.002,1.53
route_mutation,20260622T220417_023367,of:0000000000000008:1 -> of:000000000000000b:6,0.002,0.0025,0.002,0.002,1.43,2026-06-22T22:04:17,0.002,1.43
route_mutation,20260622T220417_023367,of:0000000000000004:2 -> of:0000000000000009:2,0.002,0.0025,0.002,0.002,1.53,2026-06-22T22:04:17,0.002,1.53
route_mutation,20260622T220417_023367,of:0000000000000002:1 -> of:000000000000000b:4,0.002,0.0025,0.002,0.002,2.23,2026-06-22T22:04:17,0.002,2.29
route_mutation,20260622T220417_023367,of:0000000000000009:1 -> of:000000000000000c:6,0.002,0.0025,0.002,0.002,1.43,2026-06-22T22:04:17,0.002,1.43
ip_shuffle,20260622T220447_477711,of:0000000000000004:1 -> of:000000000000000c:4,0.002,0.0025,0.002,0.002,2.13,2026-06-22T22:04:47,0.002,2.16
ip_shuffle,20260622T220447_477711,of:0000000000000005:1 -> of:000000000000000c:5,0.002,0.0025,0.002,0.002,2.16,2026-06-22T22:04:47,0.002,2.19
ip_shuffle,20260622T220447_477711,of:000000000000000a:1 -> of:000000000000000d:6,0.002,0.0025,0.002,0.002,2.23,2026-06-22T22:04:47,0.002,2.19
ip_shuffle,20260622T220447_477711,of:000000000000000b:3 -> of:000000000000000d:2,0.002,0.0025,0.002,0.002,3.09,2026-06-22T22:04:47,0.002,3.09
ip_shuffle,20260622T220447_477711,of:000000000000000c:3 -> of:000000000000000d:3,0.002,0.0025,0.002,0.002,3.09,2026-06-22T22:04:47,0.002,3.09
ip_shuffle,20260622T220447_477711,of:0000000000000005:2 -> of:0000000000000009:3,0.002,0.0025,0.002,0.002,3.03,2026-06-22T22:04:47,0.002,3.03
ip_shuffle,20260622T220447_477711,of:0000000000000001:1 -> of:000000000000000b:1,0.002,0.0025,0.002,0.002,2.36,2026-06-22T22:04:47,0.002,2.36
ip_shuffle,20260622T220447_477711,of:000000000000000b:2 -> of:000000000000000c:2,0.002,0.0025,0.002,0.002,3.13,2026-06-22T22:04:47,0.002,3.13
ip_shuffle,20260622T220447_477711,of:0000000000000001:2 -> of:000000000000000c:1,0.002,0.0025,0.002,0.002,2.43,2026-06-22T22:04:47,0.002,2.39
ip_shuffle,20260622T220447_477711,of:0000000000000006:2 -> of:000000000000000a:2,0.002,0.0025,0.002,0.002,3.03,2026-06-22T22:04:47,0.002,3.03
ip_shuffle,20260622T220447_477711,of:0000000000000001:3 -> of:000000000000000d:1,0.004,0.005,0.004,0.004,4.69,2026-06-22T22:04:47,0.004,4.69
ip_shuffle,20260622T220447_477711,of:0000000000000003:1 -> of:000000000000000b:5,0.002,0.0025,0.002,0.002,2.13,2026-06-22T22:04:47,0.002,2.16
ip_shuffle,20260622T220447_477711,of:0000000000000006:1 -> of:000000000000000d:4,0.003,0.00375,0.003,0.003,3.49,2026-06-22T22:04:47,0.003,3.52
ip_shuffle,20260622T220447_477711,of:0000000000000007:2 -> of:000000000000000a:3,0.002,0.0025,0.002,0.002,3.06,2026-06-22T22:04:47,0.002,3.06
ip_shuffle,20260622T220447_477711,of:0000000000000007:1 -> of:000000000000000d:5,0.003,0.00375,0.003,0.003,3.36,2026-06-22T22:04:47,0.003,3.26
ip_shuffle,20260622T220447_477711,of:0000000000000002:2 -> of:0000000000000008:2,0.002,0.0025,0.002,0.002,3.03,2026-06-22T22:04:47,0.002,3.03
ip_shuffle,20260622T220447_477711,of:0000000000000003:2 -> of:0000000000000008:3,0.002,0.0025,0.002,0.002,3.03,2026-06-22T22:04:47,0.002,3.03
ip_shuffle,20260622T220447_477711,of:0000000000000008:1 -> of:000000000000000b:6,0.002,0.0025,0.002,0.002,2.23,2026-06-22T22:04:47,0.002,2.23
ip_shuffle,20260622T220447_477711,of:0000000000000004:2 -> of:0000000000000009:2,0.002,0.0025,0.002,0.002,3.03,2026-06-22T22:04:47,0.002,3.03
ip_shuffle,20260622T220447_477711,of:0000000000000002:1 -> of:000000000000000b:4,0.002,0.0025,0.002,0.002,2.13,2026-06-22T22:04:47,0.002,2.16
ip_shuffle,20260622T220447_477711,of:0000000000000009:1 -> of:000000000000000c:6,0.002,0.0025,0.002,0.002,2.23,2026-06-22T22:04:47,0.002,2.23
route_mutation,20260622T220545_447360,of:0000000000000004:1 -> of:000000000000000c:4,0.002,0.0025,0.002,0.002,2.33,2026-06-22T22:05:45,0.002,2.33
route_mutation,20260622T220545_447360,of:0000000000000005:1 -> of:000000000000000c:5,0.002,0.0025,0.002,0.002,1.66,2026-06-22T22:05:45,0.002,1.66
route_mutation,20260622T220545_447360,of:000000000000000a:1 -> of:000000000000000d:6,0.001,0.00125,0.001,0.001,1.46,2026-06-22T22:05:45,0.001,1.46
route_mutation,20260622T220545_447360,of:000000000000000b:3 -> of:000000000000000d:2,0.002,0.0025,0.002,0.002,1.66,2026-06-22T22:05:45,0.002,1.66
route_mutation,20260622T220545_447360,of:000000000000000c:3 -> of:000000000000000d:3,0.002,0.0025,0.002,0.002,1.66,2026-06-22T22:05:45,0.002,1.66
route_mutation,20260622T220545_447360,of:0000000000000005:2 -> of:0000000000000009:3,0.002,0.0025,0.002,0.002,1.73,2026-06-22T22:05:45,0.002,1.73
route_mutation,20260622T220545_447360,of:0000000000000001:1 -> of:000000000000000b:1,0.003,0.00375,0.003,0.003,3.49,2026-06-22T22:05:45,0.003,3.53
route_mutation,20260622T220545_447360,of:000000000000000b:2 -> of:000000000000000c:2,0.002,0.0025,0.002,0.002,1.73,2026-06-22T22:05:45,0.002,1.73
route_mutation,20260622T220545_447360,of:0000000000000001:2 -> of:000000000000000c:1,0.002,0.0025,0.002,0.002,2.73,2026-06-22T22:05:45,0.002,2.66
route_mutation,20260622T220545_447360,of:0000000000000006:2 -> of:000000000000000a:2,0.002,0.0025,0.002,0.002,1.73,2026-06-22T22:05:45,0.002,1.73
route_mutation,20260622T220545_447360,of:0000000000000001:3 -> of:000000000000000d:1,0.001,0.00125,0.001,0.001,1.46,2026-06-22T22:05:45,0.001,1.4
route_mutation,20260622T220545_447360,of:0000000000000003:1 -> of:000000000000000b:5,0.002,0.0025,0.002,0.002,2.56,2026-06-22T22:05:45,0.002,2.56
route_mutation,20260622T220545_447360,of:0000000000000006:1 -> of:000000000000000d:4,0.001,0.00125,0.001,0.001,1.46,2026-06-22T22:05:45,0.001,1.46
route_mutation,20260622T220545_447360,of:0000000000000007:2 -> of:000000000000000a:3,0.002,0.0025,0.002,0.002,1.73,2026-06-22T22:05:45,0.002,1.73
route_mutation,20260622T220545_447360,of:0000000000000007:1 -> of:000000000000000d:5,0.001,0.00125,0.001,0.001,1.46,2026-06-22T22:05:45,0.001,1.46
route_mutation,20260622T220545_447360,of:0000000000000002:2 -> of:0000000000000008:2,0.002,0.0025,0.002,0.002,1.73,2026-06-22T22:05:45,0.002,1.73
route_mutation,20260622T220545_447360,of:0000000000000003:2 -> of:0000000000000008:3,0.002,0.0025,0.002,0.002,1.73,2026-06-22T22:05:45,0.002,1.73
route_mutation,20260622T220545_447360,of:0000000000000008:1 -> of:000000000000000b:6,0.002,0.0025,0.002,0.002,1.53,2026-06-22T22:05:45,0.002,1.53
route_mutation,20260622T220545_447360,of:0000000000000004:2 -> of:0000000000000009:2,0.002,0.0025,0.002,0.002,1.73,2026-06-22T22:05:45,0.002,1.73
route_mutation,20260622T220545_447360,of:0000000000000002:1 -> of:000000000000000b:4,0.002,0.0025,0.002,0.002,2.56,2026-06-22T22:05:45,0.002,2.56
route_mutation,20260622T220545_447360,of:0000000000000009:1 -> of:000000000000000c:6,0.002,0.0025,0.002,0.002,1.53,2026-06-22T22:05:45,0.002,1.53
ip_shuffle,20260622T220615_895950,of:0000000000000004:1 -> of:000000000000000c:4,0.002,0.0025,0.002,0.002,1.96,2026-06-22T22:06:15,0.002,2.0
ip_shuffle,20260622T220615_895950,of:0000000000000005:1 -> of:000000000000000c:5,0.002,0.0025,0.002,0.002,2.63,2026-06-22T22:06:15,0.002,2.66
ip_shuffle,20260622T220615_895950,of:000000000000000a:1 -> of:000000000000000d:6,0.002,0.0025,0.002,0.002,2.06,2026-06-22T22:06:15,0.002,2.1
ip_shuffle,20260622T220615_895950,of:000000000000000b:3 -> of:000000000000000d:2,0.002,0.0025,0.002,0.002,2.83,2026-06-22T22:06:15,0.002,2.83
ip_shuffle,20260622T220615_895950,of:000000000000000c:3 -> of:000000000000000d:3,0.002,0.0025,0.002,0.002,2.83,2026-06-22T22:06:15,0.002,2.83
ip_shuffle,20260622T220615_895950,of:0000000000000005:2 -> of:0000000000000009:3,0.002,0.0025,0.002,0.002,2.7,2026-06-22T22:06:15,0.002,2.7
ip_shuffle,20260622T220615_895950,of:0000000000000001:1 -> of:000000000000000b:1,0.002,0.0025,0.002,0.002,2.06,2026-06-22T22:06:15,0.002,2.16
ip_shuffle,20260622T220615_895950,of:000000000000000b:2 -> of:000000000000000c:2,0.002,0.0025,0.002,0.002,2.79,2026-06-22T22:06:15,0.002,2.79
ip_shuffle,20260622T220615_895950,of:0000000000000001:2 -> of:000000000000000c:1,0.002,0.0025,0.002,0.002,2.46,2026-06-22T22:06:15,0.002,2.56
ip_shuffle,20260622T220615_895950,of:0000000000000006:2 -> of:000000000000000a:2,0.002,0.0025,0.002,0.002,2.7,2026-06-22T22:06:15,0.002,2.7
ip_shuffle,20260622T220615_895950,of:0000000000000001:3 -> of:000000000000000d:1,0.003,0.00375,0.003,0.003,4.19,2026-06-22T22:06:15,0.003,4.09
ip_shuffle,20260622T220615_895950,of:0000000000000003:1 -> of:000000000000000b:5,0.002,0.0025,0.002,0.002,1.96,2026-06-22T22:06:15,0.002,2.0
ip_shuffle,20260622T220615_895950,of:0000000000000006:1 -> of:000000000000000d:4,0.003,0.00375,0.003,0.003,3.16,2026-06-22T22:06:15,0.003,3.23
ip_shuffle,20260622T220615_895950,of:0000000000000007:2 -> of:000000000000000a:3,0.002,0.0025,0.002,0.002,2.76,2026-06-22T22:06:15,0.002,2.76
ip_shuffle,20260622T220615_895950,of:0000000000000007:1 -> of:000000000000000d:5,0.002,0.0025,0.002,0.002,2.76,2026-06-22T22:06:15,0.002,2.73
ip_shuffle,20260622T220615_895950,of:0000000000000002:2 -> of:0000000000000008:2,0.002,0.0025,0.002,0.002,2.7,2026-06-22T22:06:15,0.002,2.7
ip_shuffle,20260622T220615_895950,of:0000000000000003:2 -> of:0000000000000008:3,0.002,0.0025,0.002,0.002,2.7,2026-06-22T22:06:15,0.002,2.7
ip_shuffle,20260622T220615_895950,of:0000000000000008:1 -> of:000000000000000b:6,0.002,0.0025,0.002,0.002,2.06,2026-06-22T22:06:15,0.002,2.06
ip_shuffle,20260622T220615_895950,of:0000000000000004:2 -> of:0000000000000009:2,0.002,0.0025,0.002,0.002,2.7,2026-06-22T22:06:15,0.002,2.7
ip_shuffle,20260622T220615_895950,of:0000000000000002:1 -> of:000000000000000b:4,0.002,0.0025,0.002,0.002,1.96,2026-06-22T22:06:15,0.002,2.0
ip_shuffle,20260622T220615_895950,of:0000000000000009:1 -> of:000000000000000c:6,0.002,0.0025,0.002,0.002,2.06,2026-06-22T22:06:15,0.002,2.06
ip_shuffle,20260622T220713_870846,of:0000000000000004:1 -> of:000000000000000c:4,0.002,0.0025,0.002,0.002,1.8,2026-06-22T22:07:13,0.002,1.8
ip_shuffle,20260622T220713_870846,of:0000000000000005:1 -> of:000000000000000c:5,0.002,0.0025,0.002,0.002,1.53,2026-06-22T22:07:13,0.002,1.53
ip_shuffle,20260622T220713_870846,of:000000000000000a:1 -> of:000000000000000d:6,0.001,0.00125,0.001,0.001,1.46,2026-06-22T22:07:13,0.001,1.46
ip_shuffle,20260622T220713_870846,of:000000000000000b:3 -> of:000000000000000d:2,0.002,0.0025,0.002,0.002,1.66,2026-06-22T22:07:13,0.002,1.66
ip_shuffle,20260622T220713_870846,of:000000000000000c:3 -> of:000000000000000d:3,0.002,0.0025,0.002,0.002,1.66,2026-06-22T22:07:13,0.002,1.66
ip_shuffle,20260622T220713_870846,of:0000000000000005:2 -> of:0000000000000009:3,0.002,0.0025,0.002,0.002,1.73,2026-06-22T22:07:13,0.002,1.73
ip_shuffle,20260622T220713_870846,of:0000000000000001:1 -> of:000000000000000b:1,0.003,0.00375,0.003,0.003,3.56,2026-06-22T22:07:13,0.003,3.56
ip_shuffle,20260622T220713_870846,of:000000000000000b:2 -> of:000000000000000c:2,0.002,0.0025,0.002,0.002,1.73,2026-06-22T22:07:13,0.002,1.73
ip_shuffle,20260622T220713_870846,of:0000000000000001:2 -> of:000000000000000c:1,0.002,0.0025,0.002,0.002,2.0,2026-06-22T22:07:13,0.002,2.03
ip_shuffle,20260622T220713_870846,of:0000000000000006:2 -> of:000000000000000a:2,0.002,0.0025,0.002,0.002,1.73,2026-06-22T22:07:13,0.002,1.73
ip_shuffle,20260622T220713_870846,of:0000000000000001:3 -> of:000000000000000d:1,0.001,0.00125,0.001,0.001,1.46,2026-06-22T22:07:13,0.001,1.46
ip_shuffle,20260622T220713_870846,of:0000000000000003:1 -> of:000000000000000b:5,0.002,0.0025,0.002,0.002,2.5,2026-06-22T22:07:13,0.002,2.5
ip_shuffle,20260622T220713_870846,of:0000000000000006:1 -> of:000000000000000d:4,0.001,0.00125,0.001,0.001,1.46,2026-06-22T22:07:13,0.001,1.46
ip_shuffle,20260622T220713_870846,of:0000000000000007:2 -> of:000000000000000a:3,0.002,0.0025,0.002,0.002,1.73,2026-06-22T22:07:13,0.002,1.73
ip_shuffle,20260622T220713_870846,of:0000000000000007:1 -> of:000000000000000d:5,0.001,0.00125,0.001,0.001,1.46,2026-06-22T22:07:13,0.001,1.46
ip_shuffle,20260622T220713_870846,of:0000000000000002:2 -> of:0000000000000008:2,0.002,0.0025,0.002,0.002,1.73,2026-06-22T22:07:13,0.002,1.73
ip_shuffle,20260622T220713_870846,of:0000000000000003:2 -> of:0000000000000008:3,0.002,0.0025,0.002,0.002,1.73,2026-06-22T22:07:13,0.002,1.73
ip_shuffle,20260622T220713_870846,of:0000000000000008:1 -> of:000000000000000b:6,0.002,0.0025,0.002,0.002,1.53,2026-06-22T22:07:13,0.002,1.53
ip_shuffle,20260622T220713_870846,of:0000000000000004:2 -> of:0000000000000009:2,0.002,0.0025,0.002,0.002,1.73,2026-06-22T22:07:13,0.002,1.73
ip_shuffle,20260622T220713_870846,of:0000000000000002:1 -> of:000000000000000b:4,0.002,0.0025,0.002,0.002,2.56,2026-06-22T22:07:13,0.002,2.56
ip_shuffle,20260622T220713_870846,of:0000000000000009:1 -> of:000000000000000c:6,0.002,0.0025,0.002,0.002,1.53,2026-06-22T22:07:13,0.002,1.53
ip_shuffle,20260622T220811_561145,of:0000000000000004:1 -> of:000000000000000c:4,0.002,0.0025,0.002,0.002,1.66,2026-06-22T22:08:11,0.002,1.63
ip_shuffle,20260622T220811_561145,of:0000000000000005:1 -> of:000000000000000c:5,0.002,0.0025,0.002,0.002,1.66,2026-06-22T22:08:11,0.002,1.63
ip_shuffle,20260622T220811_561145,of:000000000000000a:1 -> of:000000000000000d:6,0.002,0.0025,0.002,0.002,1.63,2026-06-22T22:08:11,0.002,1.63
ip_shuffle,20260622T220811_561145,of:000000000000000b:3 -> of:000000000000000d:2,0.002,0.0025,0.002,0.002,2.0,2026-06-22T22:08:11,0.002,2.0
ip_shuffle,20260622T220811_561145,of:000000000000000c:3 -> of:000000000000000d:3,0.002,0.0025,0.002,0.002,2.03,2026-06-22T22:08:11,0.002,2.03
ip_shuffle,20260622T220811_561145,of:0000000000000005:2 -> of:0000000000000009:3,0.002,0.0025,0.002,0.002,2.03,2026-06-22T22:08:11,0.002,2.03
ip_shuffle,20260622T220811_561145,of:0000000000000001:1 -> of:000000000000000b:1,0.001,0.00125,0.001,0.001,1.56,2026-06-22T22:08:11,0.001,1.46
ip_shuffle,20260622T220811_561145,of:000000000000000b:2 -> of:000000000000000c:2,0.002,0.0025,0.002,0.002,1.93,2026-06-22T22:08:11,0.002,1.93
ip_shuffle,20260622T220811_561145,of:0000000000000001:2 -> of:000000000000000c:1,0.001,0.00125,0.001,0.001,1.56,2026-06-22T22:08:11,0.001,1.46
ip_shuffle,20260622T220811_561145,of:0000000000000006:2 -> of:000000000000000a:2,0.002,0.0025,0.002,0.002,2.03,2026-06-22T22:08:11,0.002,2.03
ip_shuffle,20260622T220811_561145,of:0000000000000001:3 -> of:000000000000000d:1,0.002,0.0025,0.002,0.002,2.5,2026-06-22T22:08:11,0.002,2.63
ip_shuffle,20260622T220811_561145,of:0000000000000003:1 -> of:000000000000000b:5,0.002,0.0025,0.002,0.002,1.83,2026-06-22T22:08:11,0.002,1.76
ip_shuffle,20260622T220811_561145,of:0000000000000006:1 -> of:000000000000000d:4,0.002,0.0025,0.002,0.002,1.76,2026-06-22T22:08:11,0.002,1.73
ip_shuffle,20260622T220811_561145,of:0000000000000007:2 -> of:000000000000000a:3,0.002,0.0025,0.002,0.002,1.96,2026-06-22T22:08:11,0.002,1.96
ip_shuffle,20260622T220811_561145,of:0000000000000007:1 -> of:000000000000000d:5,0.002,0.0025,0.002,0.002,2.76,2026-06-22T22:08:11,0.002,2.83
ip_shuffle,20260622T220811_561145,of:0000000000000002:2 -> of:0000000000000008:2,0.002,0.0025,0.002,0.002,2.23,2026-06-22T22:08:11,0.002,2.23
ip_shuffle,20260622T220811_561145,of:0000000000000003:2 -> of:0000000000000008:3,0.002,0.0025,0.002,0.002,2.23,2026-06-22T22:08:11,0.002,2.23
ip_shuffle,20260622T220811_561145,of:0000000000000008:1 -> of:000000000000000b:6,0.001,0.00125,0.001,0.001,1.6,2026-06-22T22:08:11,0.001,1.56
ip_shuffle,20260622T220811_561145,of:0000000000000004:2 -> of:0000000000000009:2,0.002,0.0025,0.002,0.002,2.03,2026-06-22T22:08:11,0.002,2.03
ip_shuffle,20260622T220811_561145,of:0000000000000002:1 -> of:000000000000000b:4,0.002,0.0025,0.002,0.002,1.86,2026-06-22T22:08:11,0.002,1.8
ip_shuffle,20260622T220811_561145,of:0000000000000009:1 -> of:000000000000000c:6,0.001,0.00125,0.001,0.001,1.56,2026-06-22T22:08:11,0.001,1.56
route_mutation,20260622T220909_376447,of:0000000000000004:1 -> of:000000000000000c:4,0.002,0.0025,0.002,0.002,2.5,2026-06-22T22:09:09,0.002,2.53
route_mutation,20260622T220909_376447,of:0000000000000005:1 -> of:000000000000000c:5,0.002,0.0025,0.002,0.002,2.5,2026-06-22T22:09:09,0.002,2.53
route_mutation,20260622T220909_376447,of:000000000000000a:1 -> of:000000000000000d:6,0.002,0.0025,0.002,0.002,1.8,2026-06-22T22:09:09,0.002,1.76
route_mutation,20260622T220909_376447,of:000000000000000b:3 -> of:000000000000000d:2,0.002,0.0025,0.002,0.002,2.23,2026-06-22T22:09:09,0.002,2.23
route_mutation,20260622T220909_376447,of:000000000000000c:3 -> of:000000000000000d:3,0.002,0.0025,0.002,0.002,2.23,2026-06-22T22:09:09,0.002,2.23
route_mutation,20260622T220909_376447,of:0000000000000005:2 -> of:0000000000000009:3,0.002,0.0025,0.002,0.002,2.13,2026-06-22T22:09:09,0.002,2.13
route_mutation,20260622T220909_376447,of:0000000000000001:1 -> of:000000000000000b:1,0.002,0.0025,0.002,0.002,1.93,2026-06-22T22:09:09,0.002,2.1
route_mutation,20260622T220909_376447,of:000000000000000b:2 -> of:000000000000000c:2,0.002,0.0025,0.002,0.002,2.26,2026-06-22T22:09:09,0.002,2.26
route_mutation,20260622T220909_376447,of:0000000000000001:2 -> of:000000000000000c:1,0.003,0.00375,0.003,0.003,3.39,2026-06-22T22:09:09,0.003,3.39
route_mutation,20260622T220909_376447,of:0000000000000006:2 -> of:000000000000000a:2,0.002,0.0025,0.002,0.002,2.23,2026-06-22T22:09:09,0.002,2.23
route_mutation,20260622T220909_376447,of:0000000000000001:3 -> of:000000000000000d:1,0.003,0.00375,0.003,0.003,2.99,2026-06-22T22:09:09,0.002,2.8
route_mutation,20260622T220909_376447,of:0000000000000003:1 -> of:000000000000000b:5,0.002,0.0025,0.002,0.002,2.1,2026-06-22T22:09:09,0.002,1.86
route_mutation,20260622T220909_376447,of:0000000000000006:1 -> of:000000000000000d:4,0.002,0.0025,0.002,0.002,2.73,2026-06-22T22:09:09,0.002,2.66
route_mutation,20260622T220909_376447,of:0000000000000007:2 -> of:000000000000000a:3,0.002,0.0025,0.002,0.002,2.23,2026-06-22T22:09:09,0.002,2.23
route_mutation,20260622T220909_376447,of:0000000000000007:1 -> of:000000000000000d:5,0.002,0.0025,0.002,0.002,1.76,2026-06-22T22:09:09,0.002,1.76
route_mutation,20260622T220909_376447,of:0000000000000002:2 -> of:0000000000000008:2,0.002,0.0025,0.002,0.002,2.23,2026-06-22T22:09:09,0.002,2.23
route_mutation,20260622T220909_376447,of:0000000000000003:2 -> of:0000000000000008:3,0.002,0.0025,0.002,0.002,2.23,2026-06-22T22:09:09,0.002,2.23
route_mutation,20260622T220909_376447,of:0000000000000008:1 -> of:000000000000000b:6,0.002,0.0025,0.002,0.002,1.76,2026-06-22T22:09:09,0.002,1.8
route_mutation,20260622T220909_376447,of:0000000000000004:2 -> of:0000000000000009:2,0.002,0.0025,0.002,0.002,2.13,2026-06-22T22:09:09,0.002,2.13
route_mutation,20260622T220909_376447,of:0000000000000002:1 -> of:000000000000000b:4,0.002,0.0025,0.002,0.002,1.8,2026-06-22T22:09:09,0.002,1.8
route_mutation,20260622T220909_376447,of:0000000000000009:1 -> of:000000000000000c:6,0.002,0.0025,0.002,0.002,1.76,2026-06-22T22:09:09,0.002,1.8
ip_shuffle,20260622T220939_660427,of:0000000000000004:1 -> of:000000000000000c:4,0.002,0.0025,0.002,0.002,1.9,2026-06-22T22:09:39,0.002,1.86
ip_shuffle,20260622T220939_660427,of:0000000000000005:1 -> of:000000000000000c:5,0.002,0.0025,0.002,0.002,1.9,2026-06-22T22:09:39,0.002,1.86
ip_shuffle,20260622T220939_660427,of:000000000000000a:1 -> of:000000000000000d:6,0.002,0.0025,0.002,0.002,1.8,2026-06-22T22:09:39,0.002,1.8
ip_shuffle,20260622T220939_660427,of:000000000000000b:3 -> of:000000000000000d:2,0.002,0.0025,0.002,0.002,2.33,2026-06-22T22:09:39,0.002,2.33
ip_shuffle,20260622T220939_660427,of:000000000000000c:3 -> of:000000000000000d:3,0.002,0.0025,0.002,0.002,2.4,2026-06-22T22:09:39,0.002,2.4
ip_shuffle,20260622T220939_660427,of:0000000000000005:2 -> of:0000000000000009:3,0.002,0.0025,0.002,0.002,2.4,2026-06-22T22:09:39,0.002,2.4
ip_shuffle,20260622T220939_660427,of:0000000000000001:1 -> of:000000000000000b:1,0.002,0.0025,0.002,0.002,1.73,2026-06-22T22:09:39,0.001,1.63
ip_shuffle,20260622T220939_660427,of:000000000000000b:2 -> of:000000000000000c:2,0.002,0.0025,0.002,0.002,2.33,2026-06-22T22:09:39,0.002,2.33
ip_shuffle,20260622T220939_660427,of:0000000000000001:2 -> of:000000000000000c:1,0.002,0.0025,0.002,0.002,1.8,2026-06-22T22:09:39,0.002,1.7
ip_shuffle,20260622T220939_660427,of:0000000000000006:2 -> of:000000000000000a:2,0.002,0.0025,0.002,0.002,2.3,2026-06-22T22:09:39,0.002,2.3
ip_shuffle,20260622T220939_660427,of:0000000000000001:3 -> of:000000000000000d:1,0.003,0.00375,0.003,0.003,3.06,2026-06-22T22:09:39,0.003,3.19
ip_shuffle,20260622T220939_660427,of:0000000000000003:1 -> of:000000000000000b:5,0.002,0.0025,0.002,0.002,1.7,2026-06-22T22:09:39,0.002,1.8
ip_shuffle,20260622T220939_660427,of:0000000000000006:1 -> of:000000000000000d:4,0.002,0.0025,0.002,0.002,2.06,2026-06-22T22:09:39,0.002,2.1
ip_shuffle,20260622T220939_660427,of:0000000000000007:2 -> of:000000000000000a:3,0.002,0.0025,0.002,0.002,2.3,2026-06-22T22:09:39,0.002,2.3
ip_shuffle,20260622T220939_660427,of:0000000000000007:1 -> of:000000000000000d:5,0.003,0.00375,0.003,0.003,3.13,2026-06-22T22:09:39,0.003,3.09
ip_shuffle,20260622T220939_660427,of:0000000000000002:2 -> of:0000000000000008:2,0.002,0.0025,0.002,0.002,2.26,2026-06-22T22:09:39,0.002,2.26
ip_shuffle,20260622T220939_660427,of:0000000000000003:2 -> of:0000000000000008:3,0.002,0.0025,0.002,0.002,2.26,2026-06-22T22:09:39,0.002,2.26
ip_shuffle,20260622T220939_660427,of:0000000000000008:1 -> of:000000000000000b:6,0.002,0.0025,0.002,0.002,1.76,2026-06-22T22:09:39,0.002,1.73
ip_shuffle,20260622T220939_660427,of:0000000000000004:2 -> of:0000000000000009:2,0.002,0.0025,0.002,0.002,2.4,2026-06-22T22:09:39,0.002,2.4
ip_shuffle,20260622T220939_660427,of:0000000000000002:1 -> of:000000000000000b:4,0.002,0.0025,0.002,0.002,1.7,2026-06-22T22:09:39,0.002,1.8
ip_shuffle,20260622T220939_660427,of:0000000000000009:1 -> of:000000000000000c:6,0.002,0.0025,0.002,0.002,1.83,2026-06-22T22:09:39,0.002,1.8
route_mutation,20260622T221044_069246,of:0000000000000004:1 -> of:000000000000000c:4,0.002,0.0025,0.002,0.002,2.36,2026-06-22T22:10:44,0.002,2.36
route_mutation,20260622T221044_069246,of:0000000000000005:1 -> of:000000000000000c:5,0.002,0.0025,0.002,0.002,2.36,2026-06-22T22:10:44,0.002,2.36
route_mutation,20260622T221044_069246,of:000000000000000a:1 -> of:000000000000000d:6,0.002,0.0025,0.002,0.002,1.63,2026-06-22T22:10:44,0.002,1.63
route_mutation,20260622T221044_069246,of:000000000000000b:3 -> of:000000000000000d:2,0.002,0.0025,0.002,0.002,1.93,2026-06-22T22:10:44,0.002,1.93
route_mutation,20260622T221044_069246,of:000000000000000c:3 -> of:000000000000000d:3,0.002,0.0025,0.002,0.002,1.93,2026-06-22T22:10:44,0.002,1.93
route_mutation,20260622T221044_069246,of:0000000000000005:2 -> of:0000000000000009:3,0.002,0.0025,0.002,0.002,1.86,2026-06-22T22:10:44,0.002,1.86
route_mutation,20260622T221044_069246,of:0000000000000001:1 -> of:000000000000000b:1,0.002,0.0025,0.002,0.002,2.33,2026-06-22T22:10:44,0.002,2.36
route_mutation,20260622T221044_069246,of:000000000000000b:2 -> of:000000000000000c:2,0.002,0.0025,0.002,0.002,1.93,2026-06-22T22:10:44,0.002,1.93
route_mutation,20260622T221044_069246,of:0000000000000001:2 -> of:000000000000000c:1,0.003,0.00375,0.003,0.003,3.23,2026-06-22T22:10:44,0.003,3.29
route_mutation,20260622T221044_069246,of:0000000000000006:2 -> of:000000000000000a:2,0.002,0.0025,0.002,0.002,1.93,2026-06-22T22:10:44,0.002,1.93
route_mutation,20260622T221044_069246,of:0000000000000001:3 -> of:000000000000000d:1,0.002,0.0025,0.002,0.002,2.36,2026-06-22T22:10:44,0.002,2.33
route_mutation,20260622T221044_069246,of:0000000000000003:1 -> of:000000000000000b:5,0.002,0.0025,0.002,0.002,2.36,2026-06-22T22:10:44,0.002,2.26
route_mutation,20260622T221044_069246,of:0000000000000006:1 -> of:000000000000000d:4,0.002,0.0025,0.002,0.002,2.16,2026-06-22T22:10:44,0.002,2.1
route_mutation,20260622T221044_069246,of:0000000000000007:2 -> of:000000000000000a:3,0.002,0.0025,0.002,0.002,1.93,2026-06-22T22:10:44,0.002,1.93
route_mutation,20260622T221044_069246,of:0000000000000007:1 -> of:000000000000000d:5,0.002,0.0025,0.002,0.002,1.63,2026-06-22T22:10:44,0.002,1.63
route_mutation,20260622T221044_069246,of:0000000000000002:2 -> of:0000000000000008:2,0.002,0.0025,0.002,0.002,2.03,2026-06-22T22:10:44,0.002,2.03
route_mutation,20260622T221044_069246,of:0000000000000003:2 -> of:0000000000000008:3,0.002,0.0025,0.002,0.002,2.03,2026-06-22T22:10:44,0.002,2.03
route_mutation,20260622T221044_069246,of:0000000000000008:1 -> of:000000000000000b:6,0.002,0.0025,0.002,0.002,1.63,2026-06-22T22:10:44,0.002,1.63
route_mutation,20260622T221044_069246,of:0000000000000004:2 -> of:0000000000000009:2,0.002,0.0025,0.002,0.002,1.86,2026-06-22T22:10:44,0.002,1.86
route_mutation,20260622T221044_069246,of:0000000000000002:1 -> of:000000000000000b:4,0.002,0.0025,0.002,0.002,1.73,2026-06-22T22:10:44,0.002,1.63
route_mutation,20260622T221044_069246,of:0000000000000009:1 -> of:000000000000000c:6,0.002,0.0025,0.002,0.002,1.63,2026-06-22T22:10:44,0.002,1.63
route_mutation,20260622T221114_309387,of:0000000000000004:1 -> of:000000000000000c:4,0.002,0.0025,0.002,0.002,2.03,2026-06-22T22:11:14,0.002,2.03
route_mutation,20260622T221114_309387,of:0000000000000005:1 -> of:000000000000000c:5,0.002,0.0025,0.002,0.002,2.03,2026-06-22T22:11:14,0.002,2.03
route_mutation,20260622T221114_309387,of:000000000000000a:1 -> of:000000000000000d:6,0.002,0.0025,0.002,0.002,1.96,2026-06-22T22:11:14,0.002,1.96
route_mutation,20260622T221114_309387,of:000000000000000b:3 -> of:000000000000000d:2,0.002,0.0025,0.002,0.002,2.66,2026-06-22T22:11:14,0.002,2.66
route_mutation,20260622T221114_309387,of:000000000000000c:3 -> of:000000000000000d:3,0.002,0.0025,0.002,0.002,2.73,2026-06-22T22:11:14,0.002,2.73
route_mutation,20260622T221114_309387,of:0000000000000005:2 -> of:0000000000000009:3,0.002,0.0025,0.002,0.002,2.66,2026-06-22T22:11:14,0.002,2.66
route_mutation,20260622T221114_309387,of:0000000000000001:1 -> of:000000000000000b:1,0.002,0.0025,0.002,0.002,1.96,2026-06-22T22:11:14,0.002,1.9
route_mutation,20260622T221114_309387,of:000000000000000b:2 -> of:000000000000000c:2,0.002,0.0025,0.002,0.002,2.66,2026-06-22T22:11:14,0.002,2.66
route_mutation,20260622T221114_309387,of:0000000000000001:2 -> of:000000000000000c:1,0.002,0.0025,0.002,0.002,2.03,2026-06-22T22:11:14,0.002,1.96
route_mutation,20260622T221114_309387,of:0000000000000006:2 -> of:000000000000000a:2,0.002,0.0025,0.002,0.002,2.6,2026-06-22T22:11:14,0.002,2.6
route_mutation,20260622T221114_309387,of:0000000000000001:3 -> of:000000000000000d:1,0.003,0.00375,0.003,0.003,3.79,2026-06-22T22:11:14,0.003,3.83
route_mutation,20260622T221114_309387,of:0000000000000003:1 -> of:000000000000000b:5,0.002,0.0025,0.002,0.002,1.86,2026-06-22T22:11:14,0.002,1.96
route_mutation,20260622T221114_309387,of:0000000000000006:1 -> of:000000000000000d:4,0.002,0.0025,0.002,0.002,2.63,2026-06-22T22:11:14,0.002,2.7
route_mutation,20260622T221114_309387,of:0000000000000007:2 -> of:000000000000000a:3,0.002,0.0025,0.002,0.002,2.6,2026-06-22T22:11:14,0.002,2.6
route_mutation,20260622T221114_309387,of:0000000000000007:1 -> of:000000000000000d:5,0.003,0.00375,0.003,0.003,3.26,2026-06-22T22:11:14,0.003,3.26
route_mutation,20260622T221114_309387,of:0000000000000002:2 -> of:0000000000000008:2,0.002,0.0025,0.002,0.002,2.56,2026-06-22T22:11:14,0.002,2.56
route_mutation,20260622T221114_309387,of:0000000000000003:2 -> of:0000000000000008:3,0.002,0.0025,0.002,0.002,2.56,2026-06-22T22:11:14,0.002,2.56
route_mutation,20260622T221114_309387,of:0000000000000008:1 -> of:000000000000000b:6,0.002,0.0025,0.002,0.002,1.9,2026-06-22T22:11:14,0.002,1.9
route_mutation,20260622T221114_309387,of:0000000000000004:2 -> of:0000000000000009:2,0.002,0.0025,0.002,0.002,2.66,2026-06-22T22:11:14,0.002,2.66
route_mutation,20260622T221114_309387,of:0000000000000002:1 -> of:000000000000000b:4,0.002,0.0025,0.002,0.002,1.86,2026-06-22T22:11:14,0.002,1.96
route_mutation,20260622T221114_309387,of:0000000000000009:1 -> of:000000000000000c:6,0.002,0.0025,0.002,0.002,1.96,2026-06-22T22:11:14,0.002,1.96
ip_shuffle,20260622T221144_763969,of:0000000000000004:1 -> of:000000000000000c:4,0.001,0.00125,0.001,0.001,1.36,2026-06-22T22:11:44,0.001,1.36
ip_shuffle,20260622T221144_763969,of:0000000000000005:1 -> of:000000000000000c:5,0.001,0.00125,0.001,0.001,1.36,2026-06-22T22:11:44,0.001,1.36
ip_shuffle,20260622T221144_763969,of:000000000000000a:1 -> of:000000000000000d:6,0.001,0.00125,0.001,0.001,1.36,2026-06-22T22:11:44,0.001,1.36
ip_shuffle,20260622T221144_763969,of:000000000000000b:3 -> of:000000000000000d:2,0.001,0.00125,0.001,0.001,1.46,2026-06-22T22:11:44,0.001,1.46
ip_shuffle,20260622T221144_763969,of:000000000000000c:3 -> of:000000000000000d:3,0.001,0.00125,0.001,0.001,1.4,2026-06-22T22:11:44,0.001,1.4
ip_shuffle,20260622T221144_763969,of:0000000000000005:2 -> of:0000000000000009:3,0.002,0.0025,0.002,0.002,1.53,2026-06-22T22:11:44,0.002,1.53
ip_shuffle,20260622T221144_763969,of:0000000000000001:1 -> of:000000000000000b:1,0.002,0.0025,0.002,0.002,1.53,2026-06-22T22:11:44,0.002,1.53
ip_shuffle,20260622T221144_763969,of:000000000000000b:2 -> of:000000000000000c:2,0.001,0.00125,0.001,0.001,1.46,2026-06-22T22:11:44,0.001,1.46
ip_shuffle,20260622T221144_763969,of:0000000000000001:2 -> of:000000000000000c:1,0.001,0.00125,0.001,0.001,1.3,2026-06-22T22:11:44,0.001,1.3
ip_shuffle,20260622T221144_763969,of:0000000000000006:2 -> of:000000000000000a:2,0.002,0.0025,0.002,0.002,1.53,2026-06-22T22:11:44,0.002,1.53
ip_shuffle,20260622T221144_763969,of:0000000000000001:3 -> of:000000000000000d:1,0.001,0.00125,0.001,0.001,1.3,2026-06-22T22:11:44,0.001,1.3
ip_shuffle,20260622T221144_763969,of:0000000000000003:1 -> of:000000000000000b:5,0.001,0.00125,0.001,0.001,1.36,2026-06-22T22:11:44,0.001,1.36
ip_shuffle,20260622T221144_763969,of:0000000000000006:1 -> of:000000000000000d:4,0.001,0.00125,0.001,0.001,1.36,2026-06-22T22:11:44,0.001,1.36
ip_shuffle,20260622T221144_763969,of:0000000000000007:2 -> of:000000000000000a:3,0.002,0.0025,0.002,0.002,1.53,2026-06-22T22:11:44,0.002,1.53
ip_shuffle,20260622T221144_763969,of:0000000000000007:1 -> of:000000000000000d:5,0.001,0.00125,0.001,0.001,1.36,2026-06-22T22:11:44,0.001,1.36
ip_shuffle,20260622T221144_763969,of:0000000000000002:2 -> of:0000000000000008:2,0.001,0.00125,0.001,0.001,1.46,2026-06-22T22:11:44,0.001,1.46
ip_shuffle,20260622T221144_763969,of:0000000000000003:2 -> of:0000000000000008:3,0.001,0.00125,0.001,0.001,1.46,2026-06-22T22:11:44,0.001,1.46
ip_shuffle,20260622T221144_763969,of:0000000000000008:1 -> of:000000000000000b:6,0.002,0.0025,0.002,0.002,1.43,2026-06-22T22:11:44,0.002,1.43
ip_shuffle,20260622T221144_763969,of:0000000000000004:2 -> of:0000000000000009:2,0.002,0.0025,0.002,0.002,1.53,2026-06-22T22:11:44,0.002,1.53
ip_shuffle,20260622T221144_763969,of:0000000000000002:1 -> of:000000000000000b:4,0.002,0.0025,0.002,0.002,1.53,2026-06-22T22:11:44,0.002,1.53
ip_shuffle,20260622T221144_763969,of:0000000000000009:1 -> of:000000000000000c:6,0.001,0.00125,0.001,0.001,1.36,2026-06-22T22:11:44,0.001,1.36
ip_shuffle,20260622T221249_089347,of:0000000000000004:1 -> of:000000000000000c:4,0.002,0.0025,0.002,0.002,1.99,2026-06-22T22:12:49,0.002,1.89
ip_shuffle,20260622T221249_089347,of:0000000000000005:1 -> of:000000000000000c:5,0.002,0.0025,0.002,0.002,2.65,2026-06-22T22:12:49,0.002,2.55
ip_shuffle,20260622T221249_089347,of:000000000000000a:1 -> of:000000000000000d:6,0.002,0.0025,0.002,0.002,1.69,2026-06-22T22:12:49,0.002,1.73
ip_shuffle,20260622T221249_089347,of:000000000000000b:3 -> of:000000000000000d:2,0.002,0.0025,0.002,0.002,2.26,2026-06-22T22:12:49,0.002,2.26
ip_shuffle,20260622T221249_089347,of:000000000000000c:3 -> of:000000000000000d:3,0.002,0.0025,0.002,0.002,2.26,2026-06-22T22:12:49,0.002,2.26
ip_shuffle,20260622T221249_089347,of:0000000000000005:2 -> of:0000000000000009:3,0.002,0.0025,0.002,0.002,2.32,2026-06-22T22:12:49,0.002,2.32
ip_shuffle,20260622T221249_089347,of:0000000000000001:1 -> of:000000000000000b:1,0.002,0.0025,0.002,0.002,1.79,2026-06-22T22:12:49,0.002,1.89
ip_shuffle,20260622T221249_089347,of:000000000000000b:2 -> of:000000000000000c:2,0.002,0.0025,0.002,0.002,2.26,2026-06-22T22:12:49,0.002,2.26
ip_shuffle,20260622T221249_089347,of:0000000000000001:2 -> of:000000000000000c:1,0.002,0.0025,0.002,0.002,2.26,2026-06-22T22:12:49,0.002,2.36
ip_shuffle,20260622T221249_089347,of:0000000000000006:2 -> of:000000000000000a:2,0.002,0.0025,0.002,0.002,2.06,2026-06-22T22:12:49,0.002,2.06
ip_shuffle,20260622T221249_089347,of:0000000000000001:3 -> of:000000000000000d:1,0.003,0.00375,0.003,0.003,3.22,2026-06-22T22:12:49,0.003,3.09
ip_shuffle,20260622T221249_089347,of:0000000000000003:1 -> of:000000000000000b:5,0.002,0.0025,0.002,0.002,1.92,2026-06-22T22:12:49,0.002,1.82
ip_shuffle,20260622T221249_089347,of:0000000000000006:1 -> of:000000000000000d:4,0.002,0.0025,0.002,0.002,2.79,2026-06-22T22:12:49,0.002,2.82
ip_shuffle,20260622T221249_089347,of:0000000000000007:2 -> of:000000000000000a:3,0.002,0.0025,0.002,0.002,2.09,2026-06-22T22:12:49,0.002,2.09
ip_shuffle,20260622T221249_089347,of:0000000000000007:1 -> of:000000000000000d:5,0.002,0.0025,0.002,0.002,1.82,2026-06-22T22:12:49,0.002,1.79
ip_shuffle,20260622T221249_089347,of:0000000000000002:2 -> of:0000000000000008:2,0.002,0.0025,0.002,0.002,2.26,2026-06-22T22:12:49,0.002,2.26
ip_shuffle,20260622T221249_089347,of:0000000000000003:2 -> of:0000000000000008:3,0.002,0.0025,0.002,0.002,2.29,2026-06-22T22:12:49,0.002,2.29
ip_shuffle,20260622T221249_089347,of:0000000000000008:1 -> of:000000000000000b:6,0.002,0.0025,0.002,0.002,1.69,2026-06-22T22:12:49,0.002,1.73
ip_shuffle,20260622T221249_089347,of:0000000000000004:2 -> of:0000000000000009:2,0.002,0.0025,0.002,0.002,2.32,2026-06-22T22:12:49,0.002,2.32
ip_shuffle,20260622T221249_089347,of:0000000000000002:1 -> of:000000000000000b:4,0.002,0.0025,0.002,0.002,1.89,2026-06-22T22:12:49,0.002,1.79
ip_shuffle,20260622T221249_089347,of:0000000000000009:1 -> of:000000000000000c:6,0.002,0.0025,0.002,0.002,1.69,2026-06-22T22:12:49,0.002,1.73
route_mutation,20260622T221346_930218,of:0000000000000004:1 -> of:000000000000000c:4,0.002,0.0025,0.002,0.002,1.53,2026-06-22T22:13:46,0.002,1.5
route_mutation,20260622T221346_930218,of:0000000000000005:1 -> of:000000000000000c:5,0.002,0.0025,0.002,0.002,1.53,2026-06-22T22:13:46,0.002,1.5
route_mutation,20260622T221346_930218,of:000000000000000a:1 -> of:000000000000000d:6,0.002,0.0025,0.002,0.002,1.46,2026-06-22T22:13:46,0.002,1.5
route_mutation,20260622T221346_930218,of:000000000000000b:3 -> of:000000000000000d:2,0.002,0.0025,0.002,0.002,1.56,2026-06-22T22:13:46,0.002,1.56
route_mutation,20260622T221346_930218,of:000000000000000c:3 -> of:000000000000000d:3,0.002,0.0025,0.002,0.002,1.56,2026-06-22T22:13:46,0.002,1.56
route_mutation,20260622T221346_930218,of:0000000000000005:2 -> of:0000000000000009:3,0.002,0.0025,0.002,0.002,1.63,2026-06-22T22:13:46,0.002,1.63
route_mutation,20260622T221346_930218,of:0000000000000001:1 -> of:000000000000000b:1,0.003,0.00375,0.003,0.003,3.13,2026-06-22T22:13:46,0.003,3.16
route_mutation,20260622T221346_930218,of:000000000000000b:2 -> of:000000000000000c:2,0.002,0.0025,0.002,0.002,1.56,2026-06-22T22:13:46,0.002,1.56
route_mutation,20260622T221346_930218,of:0000000000000001:2 -> of:000000000000000c:1,0.002,0.0025,0.002,0.002,1.5,2026-06-22T22:13:46,0.002,1.5
route_mutation,20260622T221346_930218,of:0000000000000006:2 -> of:000000000000000a:2,0.002,0.0025,0.002,0.002,1.7,2026-06-22T22:13:46,0.002,1.7
route_mutation,20260622T221346_930218,of:0000000000000001:3 -> of:000000000000000d:1,0.002,0.0025,0.002,0.002,1.5,2026-06-22T22:13:46,0.002,1.5
route_mutation,20260622T221346_930218,of:0000000000000003:1 -> of:000000000000000b:5,0.002,0.0025,0.002,0.002,2.16,2026-06-22T22:13:46,0.002,2.16
route_mutation,20260622T221346_930218,of:0000000000000006:1 -> of:000000000000000d:4,0.002,0.0025,0.002,0.002,1.6,2026-06-22T22:13:46,0.002,1.56
route_mutation,20260622T221346_930218,of:0000000000000007:2 -> of:000000000000000a:3,0.002,0.0025,0.002,0.002,1.56,2026-06-22T22:13:46,0.002,1.6
route_mutation,20260622T221346_930218,of:0000000000000007:1 -> of:000000000000000d:5,0.002,0.0025,0.002,0.002,1.46,2026-06-22T22:13:46,0.002,1.46
route_mutation,20260622T221346_930218,of:0000000000000002:2 -> of:0000000000000008:2,0.002,0.0025,0.002,0.002,1.63,2026-06-22T22:13:46,0.002,1.63
route_mutation,20260622T221346_930218,of:0000000000000003:2 -> of:0000000000000008:3,0.002,0.0025,0.002,0.002,1.63,2026-06-22T22:13:46,0.002,1.63
route_mutation,20260622T221346_930218,of:0000000000000008:1 -> of:000000000000000b:6,0.002,0.0025,0.002,0.002,1.46,2026-06-22T22:13:46,0.002,1.5
route_mutation,20260622T221346_930218,of:0000000000000004:2 -> of:0000000000000009:2,0.002,0.0025,0.002,0.002,1.6,2026-06-22T22:13:46,0.002,1.63
route_mutation,20260622T221346_930218,of:0000000000000002:1 -> of:000000000000000b:4,0.002,0.0025,0.002,0.002,2.56,2026-06-22T22:13:46,0.002,2.53
route_mutation,20260622T221346_930218,of:0000000000000009:1 -> of:000000000000000c:6,0.002,0.0025,0.002,0.002,1.46,2026-06-22T22:13:46,0.002,1.46
ip_shuffle,20260622T221417_378603,of:0000000000000004:1 -> of:000000000000000c:4,0.002,0.0025,0.002,0.002,2.56,2026-06-22T22:14:17,0.002,2.49
ip_shuffle,20260622T221417_378603,of:0000000000000005:1 -> of:000000000000000c:5,0.002,0.0025,0.002,0.002,2.56,2026-06-22T22:14:17,0.002,2.49
ip_shuffle,20260622T221417_378603,of:000000000000000a:1 -> of:000000000000000d:6,0.002,0.0025,0.002,0.002,1.73,2026-06-22T22:14:17,0.002,1.7
ip_shuffle,20260622T221417_378603,of:000000000000000b:3 -> of:000000000000000d:2,0.002,0.0025,0.002,0.002,2.1,2026-06-22T22:14:17,0.002,2.1
ip_shuffle,20260622T221417_378603,of:000000000000000c:3 -> of:000000000000000d:3,0.002,0.0025,0.002,0.002,2.1,2026-06-22T22:14:17,0.002,2.1
ip_shuffle,20260622T221417_378603,of:0000000000000005:2 -> of:0000000000000009:3,0.002,0.0025,0.002,0.002,2.03,2026-06-22T22:14:17,0.002,2.03
ip_shuffle,20260622T221417_378603,of:0000000000000001:1 -> of:000000000000000b:1,0.002,0.0025,0.002,0.002,2.13,2026-06-22T22:14:17,0.002,2.2
ip_shuffle,20260622T221417_378603,of:000000000000000b:2 -> of:000000000000000c:2,0.002,0.0025,0.002,0.002,2.1,2026-06-22T22:14:17,0.002,2.1
ip_shuffle,20260622T221417_378603,of:0000000000000001:2 -> of:000000000000000c:1,0.003,0.00375,0.003,0.003,3.29,2026-06-22T22:14:17,0.003,3.39
ip_shuffle,20260622T221417_378603,of:0000000000000006:2 -> of:000000000000000a:2,0.002,0.0025,0.002,0.002,2.16,2026-06-22T22:14:17,0.002,2.16
ip_shuffle,20260622T221417_378603,of:0000000000000001:3 -> of:000000000000000d:1,0.002,0.0025,0.002,0.002,2.69,2026-06-22T22:14:17,0.002,2.59
ip_shuffle,20260622T221417_378603,of:0000000000000003:1 -> of:000000000000000b:5,0.002,0.0025,0.002,0.002,2.16,2026-06-22T22:14:17,0.002,2.06
ip_shuffle,20260622T221417_378603,of:0000000000000006:1 -> of:000000000000000d:4,0.002,0.0025,0.002,0.002,2.56,2026-06-22T22:14:17,0.002,2.73
ip_shuffle,20260622T221417_378603,of:0000000000000007:2 -> of:000000000000000a:3,0.002,0.0025,0.002,0.002,2.0,2026-06-22T22:14:17,0.002,1.96
ip_shuffle,20260622T221417_378603,of:0000000000000007:1 -> of:000000000000000d:5,0.002,0.0025,0.002,0.002,1.63,2026-06-22T22:14:17,0.002,1.66
ip_shuffle,20260622T221417_378603,of:0000000000000002:2 -> of:0000000000000008:2,0.002,0.0025,0.002,0.002,2.03,2026-06-22T22:14:17,0.002,2.03
ip_shuffle,20260622T221417_378603,of:0000000000000003:2 -> of:0000000000000008:3,0.002,0.0025,0.002,0.002,2.03,2026-06-22T22:14:17,0.002,2.03
ip_shuffle,20260622T221417_378603,of:0000000000000008:1 -> of:000000000000000b:6,0.002,0.0025,0.002,0.002,1.63,2026-06-22T22:14:17,0.002,1.63
ip_shuffle,20260622T221417_378603,of:0000000000000004:2 -> of:0000000000000009:2,0.002,0.0025,0.002,0.002,2.06,2026-06-22T22:14:17,0.002,2.03
ip_shuffle,20260622T221417_378603,of:0000000000000002:1 -> of:000000000000000b:4,0.002,0.0025,0.002,0.002,1.76,2026-06-22T22:14:17,0.002,1.7
ip_shuffle,20260622T221417_378603,of:0000000000000009:1 -> of:000000000000000c:6,0.002,0.0025,0.002,0.002,1.63,2026-06-22T22:14:17,0.002,1.66
ip_shuffle,20260622T221515_213407,of:0000000000000004:1 -> of:000000000000000c:4,0.002,0.0025,0.002,0.002,1.43,2026-06-22T22:15:15,0.002,1.43
ip_shuffle,20260622T221515_213407,of:0000000000000005:1 -> of:000000000000000c:5,0.002,0.0025,0.002,0.002,1.43,2026-06-22T22:15:15,0.002,1.43
ip_shuffle,20260622T221515_213407,of:000000000000000a:1 -> of:000000000000000d:6,0.002,0.0025,0.002,0.002,1.43,2026-06-22T22:15:15,0.002,1.43
ip_shuffle,20260622T221515_213407,of:000000000000000b:3 -> of:000000000000000d:2,0.002,0.0025,0.002,0.002,1.53,2026-06-22T22:15:15,0.002,1.53
ip_shuffle,20260622T221515_213407,of:000000000000000c:3 -> of:000000000000000d:3,0.002,0.0025,0.002,0.002,1.53,2026-06-22T22:15:15,0.002,1.53
ip_shuffle,20260622T221515_213407,of:0000000000000005:2 -> of:0000000000000009:3,0.002,0.0025,0.002,0.002,1.53,2026-06-22T22:15:15,0.002,1.53
ip_shuffle,20260622T221515_213407,of:0000000000000001:1 -> of:000000000000000b:1,0.002,0.0025,0.002,0.002,2.4,2026-06-22T22:15:15,0.002,2.43
ip_shuffle,20260622T221515_213407,of:000000000000000b:2 -> of:000000000000000c:2,0.002,0.0025,0.002,0.002,1.53,2026-06-22T22:15:15,0.002,1.53
ip_shuffle,20260622T221515_213407,of:0000000000000001:2 -> of:000000000000000c:1,0.002,0.0025,0.002,0.002,1.43,2026-06-22T22:15:15,0.002,1.43
ip_shuffle,20260622T221515_213407,of:0000000000000006:2 -> of:000000000000000a:2,0.001,0.00125,0.001,0.001,1.46,2026-06-22T22:15:15,0.001,1.46
ip_shuffle,20260622T221515_213407,of:0000000000000001:3 -> of:000000000000000d:1,0.002,0.0025,0.002,0.002,1.43,2026-06-22T22:15:15,0.002,1.43
ip_shuffle,20260622T221515_213407,of:0000000000000003:1 -> of:000000000000000b:5,0.002,0.0025,0.002,0.002,1.53,2026-06-22T22:15:15,0.002,1.53
ip_shuffle,20260622T221515_213407,of:0000000000000006:1 -> of:000000000000000d:4,0.001,0.00125,0.001,0.001,1.36,2026-06-22T22:15:15,0.001,1.36
ip_shuffle,20260622T221515_213407,of:0000000000000007:2 -> of:000000000000000a:3,0.002,0.0025,0.002,0.002,1.53,2026-06-22T22:15:15,0.002,1.53
ip_shuffle,20260622T221515_213407,of:0000000000000007:1 -> of:000000000000000d:5,0.002,0.0025,0.002,0.002,1.43,2026-06-22T22:15:15,0.002,1.43
ip_shuffle,20260622T221515_213407,of:0000000000000002:2 -> of:0000000000000008:2,0.002,0.0025,0.002,0.002,1.53,2026-06-22T22:15:15,0.002,1.53
ip_shuffle,20260622T221515_213407,of:0000000000000003:2 -> of:0000000000000008:3,0.002,0.0025,0.002,0.002,1.53,2026-06-22T22:15:15,0.002,1.53
ip_shuffle,20260622T221515_213407,of:0000000000000008:1 -> of:000000000000000b:6,0.002,0.0025,0.002,0.002,1.43,2026-06-22T22:15:15,0.002,1.43
ip_shuffle,20260622T221515_213407,of:0000000000000004:2 -> of:0000000000000009:2,0.002,0.0025,0.002,0.002,1.53,2026-06-22T22:15:15,0.002,1.53
ip_shuffle,20260622T221515_213407,of:0000000000000002:1 -> of:000000000000000b:4,0.002,0.0025,0.002,0.002,2.36,2026-06-22T22:15:15,0.002,2.36
ip_shuffle,20260622T221515_213407,of:0000000000000009:1 -> of:000000000000000c:6,0.002,0.0025,0.002,0.002,1.43,2026-06-22T22:15:15,0.002,1.43
ip_shuffle,20260622T221613_026148,of:0000000000000004:1 -> of:000000000000000c:4,0.002,0.0025,0.002,0.002,1.96,2026-06-22T22:16:13,0.002,1.93
ip_shuffle,20260622T221613_026148,of:0000000000000005:1 -> of:000000000000000c:5,0.002,0.0025,0.002,0.002,1.96,2026-06-22T22:16:13,0.002,1.93
ip_shuffle,20260622T221613_026148,of:000000000000000a:1 -> of:000000000000000d:6,0.002,0.0025,0.002,0.002,1.83,2026-06-22T22:16:13,0.002,1.86
ip_shuffle,20260622T221613_026148,of:000000000000000b:3 -> of:000000000000000d:2,0.002,0.0025,0.002,0.002,2.53,2026-06-22T22:16:13,0.002,2.53
ip_shuffle,20260622T221613_026148,of:000000000000000c:3 -> of:000000000000000d:3,0.002,0.0025,0.002,0.002,2.53,2026-06-22T22:16:13,0.002,2.53
ip_shuffle,20260622T221613_026148,of:0000000000000005:2 -> of:0000000000000009:3,0.002,0.0025,0.002,0.002,2.6,2026-06-22T22:16:13,0.002,2.6
ip_shuffle,20260622T221613_026148,of:0000000000000001:1 -> of:000000000000000b:1,0.002,0.0025,0.002,0.002,1.86,2026-06-22T22:16:13,0.002,1.86
ip_shuffle,20260622T221613_026148,of:000000000000000b:2 -> of:000000000000000c:2,0.002,0.0025,0.002,0.002,2.53,2026-06-22T22:16:13,0.002,2.53
ip_shuffle,20260622T221613_026148,of:0000000000000001:2 -> of:000000000000000c:1,0.002,0.0025,0.002,0.002,1.86,2026-06-22T22:16:13,0.002,1.86
ip_shuffle,20260622T221613_026148,of:0000000000000006:2 -> of:000000000000000a:2,0.002,0.0025,0.002,0.002,2.56,2026-06-22T22:16:13,0.002,2.56
ip_shuffle,20260622T221613_026148,of:0000000000000001:3 -> of:000000000000000d:1,0.003,0.00375,0.003,0.003,3.39,2026-06-22T22:16:13,0.003,3.43
ip_shuffle,20260622T221613_026148,of:0000000000000003:1 -> of:000000000000000b:5,0.002,0.0025,0.002,0.002,1.9,2026-06-22T22:16:13,0.002,1.86
ip_shuffle,20260622T221613_026148,of:0000000000000006:1 -> of:000000000000000d:4,0.002,0.0025,0.002,0.002,2.7,2026-06-22T22:16:13,0.002,2.46
ip_shuffle,20260622T221613_026148,of:0000000000000007:2 -> of:000000000000000a:3,0.002,0.0025,0.002,0.002,2.56,2026-06-22T22:16:13,0.002,2.56
ip_shuffle,20260622T221613_026148,of:0000000000000007:1 -> of:000000000000000d:5,0.002,0.0025,0.002,0.002,2.73,2026-06-22T22:16:13,0.002,3.03
ip_shuffle,20260622T221613_026148,of:0000000000000002:2 -> of:0000000000000008:2,0.002,0.0025,0.002,0.002,2.63,2026-06-22T22:16:13,0.002,2.63
ip_shuffle,20260622T221613_026148,of:0000000000000003:2 -> of:0000000000000008:3,0.002,0.0025,0.002,0.002,2.63,2026-06-22T22:16:13,0.002,2.63
ip_shuffle,20260622T221613_026148,of:0000000000000008:1 -> of:000000000000000b:6,0.002,0.0025,0.002,0.002,1.93,2026-06-22T22:16:13,0.002,1.93
ip_shuffle,20260622T221613_026148,of:0000000000000004:2 -> of:0000000000000009:2,0.002,0.0025,0.002,0.002,2.6,2026-06-22T22:16:13,0.002,2.6
ip_shuffle,20260622T221613_026148,of:0000000000000002:1 -> of:000000000000000b:4,0.002,0.0025,0.002,0.002,1.9,2026-06-22T22:16:13,0.002,1.86
ip_shuffle,20260622T221613_026148,of:0000000000000009:1 -> of:000000000000000c:6,0.002,0.0025,0.002,0.002,1.83,2026-06-22T22:16:13,0.002,1.86
ip_shuffle,20260622T221710_906243,of:0000000000000004:1 -> of:000000000000000c:4,0.002,0.0025,0.002,0.002,2.16,2026-06-22T22:17:10,0.002,2.16
ip_shuffle,20260622T221710_906243,of:0000000000000005:1 -> of:000000000000000c:5,0.002,0.0025,0.002,0.002,1.6,2026-06-22T22:17:10,0.002,1.6
ip_shuffle,20260622T221710_906243,of:000000000000000a:1 -> of:000000000000000d:6,0.002,0.0025,0.002,0.002,1.53,2026-06-22T22:17:10,0.002,1.53
ip_shuffle,20260622T221710_906243,of:000000000000000b:3 -> of:000000000000000d:2,0.002,0.0025,0.002,0.002,1.73,2026-06-22T22:17:10,0.002,1.73
ip_shuffle,20260622T221710_906243,of:000000000000000c:3 -> of:000000000000000d:3,0.002,0.0025,0.002,0.002,1.73,2026-06-22T22:17:10,0.002,1.73
ip_shuffle,20260622T221710_906243,of:0000000000000005:2 -> of:0000000000000009:3,0.002,0.0025,0.002,0.002,1.73,2026-06-22T22:17:10,0.002,1.73
ip_shuffle,20260622T221710_906243,of:0000000000000001:1 -> of:000000000000000b:1,0.003,0.00375,0.003,0.003,3.63,2026-06-22T22:17:10,0.003,3.63
ip_shuffle,20260622T221710_906243,of:000000000000000b:2 -> of:000000000000000c:2,0.002,0.0025,0.002,0.002,1.73,2026-06-22T22:17:10,0.002,1.73
ip_shuffle,20260622T221710_906243,of:0000000000000001:2 -> of:000000000000000c:1,0.002,0.0025,0.002,0.002,2.2,2026-06-22T22:17:10,0.002,2.2
ip_shuffle,20260622T221710_906243,of:0000000000000006:2 -> of:000000000000000a:2,0.002,0.0025,0.002,0.002,1.73,2026-06-22T22:17:10,0.002,1.73
ip_shuffle,20260622T221710_906243,of:0000000000000001:3 -> of:000000000000000d:1,0.002,0.0025,0.002,0.002,1.6,2026-06-22T22:17:10,0.002,1.6
ip_shuffle,20260622T221710_906243,of:0000000000000003:1 -> of:000000000000000b:5,0.002,0.0025,0.002,0.002,2.56,2026-06-22T22:17:10,0.002,2.56
ip_shuffle,20260622T221710_906243,of:0000000000000006:1 -> of:000000000000000d:4,0.002,0.0025,0.002,0.002,1.56,2026-06-22T22:17:10,0.002,1.56
ip_shuffle,20260622T221710_906243,of:0000000000000007:2 -> of:000000000000000a:3,0.002,0.0025,0.002,0.002,1.73,2026-06-22T22:17:10,0.002,1.73
ip_shuffle,20260622T221710_906243,of:0000000000000007:1 -> of:000000000000000d:5,0.002,0.0025,0.002,0.002,1.53,2026-06-22T22:17:10,0.002,1.53
ip_shuffle,20260622T221710_906243,of:0000000000000002:2 -> of:0000000000000008:2,0.002,0.0025,0.002,0.002,1.66,2026-06-22T22:17:10,0.002,1.66
ip_shuffle,20260622T221710_906243,of:0000000000000003:2 -> of:0000000000000008:3,0.002,0.0025,0.002,0.002,1.7,2026-06-22T22:17:10,0.002,1.7
ip_shuffle,20260622T221710_906243,of:0000000000000008:1 -> of:000000000000000b:6,0.001,0.00125,0.001,0.001,1.46,2026-06-22T22:17:10,0.001,1.46
ip_shuffle,20260622T221710_906243,of:0000000000000004:2 -> of:0000000000000009:2,0.002,0.0025,0.002,0.002,1.73,2026-06-22T22:17:10,0.002,1.73
ip_shuffle,20260622T221710_906243,of:0000000000000002:1 -> of:000000000000000b:4,0.002,0.0025,0.002,0.002,2.56,2026-06-22T22:17:10,0.002,2.56
ip_shuffle,20260622T221710_906243,of:0000000000000009:1 -> of:000000000000000c:6,0.002,0.0025,0.002,0.002,1.53,2026-06-22T22:17:10,0.002,1.53
route_mutation,20260622T221815_435859,of:0000000000000004:1 -> of:000000000000000c:4,0.002,0.0025,0.002,0.001,1.4,2026-06-22T22:18:15,0.002,1.53
route_mutation,20260622T221815_435859,of:0000000000000005:1 -> of:000000000000000c:5,0.002,0.0025,0.002,0.001,1.4,2026-06-22T22:18:15,0.002,1.53
route_mutation,20260622T221815_435859,of:000000000000000a:1 -> of:000000000000000d:6,0.002,0.0025,0.002,0.002,1.53,2026-06-22T22:18:15,0.001,1.5
route_mutation,20260622T221815_435859,of:000000000000000b:3 -> of:000000000000000d:2,0.002,0.0025,0.002,0.002,1.76,2026-06-22T22:18:15,0.002,1.76
route_mutation,20260622T221815_435859,of:000000000000000c:3 -> of:000000000000000d:3,0.002,0.0025,0.002,0.002,1.76,2026-06-22T22:18:15,0.002,1.76
route_mutation,20260622T221815_435859,of:0000000000000005:2 -> of:0000000000000009:3,0.002,0.0025,0.002,0.002,1.66,2026-06-22T22:18:15,0.002,1.66
route_mutation,20260622T221815_435859,of:0000000000000001:1 -> of:000000000000000b:1,0.002,0.0025,0.002,0.002,1.6,2026-06-22T22:18:15,0.002,1.5
route_mutation,20260622T221815_435859,of:000000000000000b:2 -> of:000000000000000c:2,0.002,0.0025,0.002,0.002,1.86,2026-06-22T22:18:15,0.002,1.86
route_mutation,20260622T221815_435859,of:0000000000000001:2 -> of:000000000000000c:1,0.002,0.0025,0.002,0.002,1.6,2026-06-22T22:18:15,0.002,1.5
route_mutation,20260622T221815_435859,of:0000000000000006:2 -> of:000000000000000a:2,0.002,0.0025,0.002,0.002,1.66,2026-06-22T22:18:15,0.002,1.66
route_mutation,20260622T221815_435859,of:0000000000000001:3 -> of:000000000000000d:1,0.002,0.0025,0.002,0.002,2.13,2026-06-22T22:18:15,0.002,2.23
route_mutation,20260622T221815_435859,of:0000000000000003:1 -> of:000000000000000b:5,0.002,0.0025,0.002,0.002,1.5,2026-06-22T22:18:15,0.002,1.6
route_mutation,20260622T221815_435859,of:0000000000000006:1 -> of:000000000000000d:4,0.001,0.00125,0.001,0.001,1.33,2026-06-22T22:18:15,0.001,1.43
route_mutation,20260622T221815_435859,of:0000000000000007:2 -> of:000000000000000a:3,0.002,0.0025,0.002,0.002,1.66,2026-06-22T22:18:15,0.002,1.66
route_mutation,20260622T221815_435859,of:0000000000000007:1 -> of:000000000000000d:5,0.002,0.0025,0.002,0.002,2.13,2026-06-22T22:18:15,0.002,2.0
route_mutation,20260622T221815_435859,of:0000000000000002:2 -> of:0000000000000008:2,0.002,0.0025,0.002,0.002,1.83,2026-06-22T22:18:15,0.002,1.83
route_mutation,20260622T221815_435859,of:0000000000000003:2 -> of:0000000000000008:3,0.002,0.0025,0.002,0.002,1.83,2026-06-22T22:18:15,0.002,1.83
route_mutation,20260622T221815_435859,of:0000000000000008:1 -> of:000000000000000b:6,0.002,0.0025,0.002,0.002,1.66,2026-06-22T22:18:15,0.002,1.66
route_mutation,20260622T221815_435859,of:0000000000000004:2 -> of:0000000000000009:2,0.002,0.0025,0.002,0.002,1.66,2026-06-22T22:18:15,0.002,1.66
route_mutation,20260622T221815_435859,of:0000000000000002:1 -> of:000000000000000b:4,0.002,0.0025,0.002,0.002,1.5,2026-06-22T22:18:15,0.002,1.6
route_mutation,20260622T221815_435859,of:0000000000000009:1 -> of:000000000000000c:6,0.002,0.0025,0.002,0.002,1.6,2026-06-22T22:18:15,0.002,1.6
ip_shuffle,20260622T221845_935535,of:0000000000000004:1 -> of:000000000000000c:4,0.002,0.0025,0.002,0.002,1.8,2026-06-22T22:18:45,0.002,1.8
ip_shuffle,20260622T221845_935535,of:0000000000000005:1 -> of:000000000000000c:5,0.002,0.0025,0.002,0.002,1.53,2026-06-22T22:18:45,0.002,1.53
ip_shuffle,20260622T221845_935535,of:000000000000000a:1 -> of:000000000000000d:6,0.002,0.0025,0.002,0.002,1.53,2026-06-22T22:18:45,0.002,1.53
ip_shuffle,20260622T221845_935535,of:000000000000000b:3 -> of:000000000000000d:2,0.002,0.0025,0.002,0.002,1.73,2026-06-22T22:18:45,0.002,1.73
ip_shuffle,20260622T221845_935535,of:000000000000000c:3 -> of:000000000000000d:3,0.002,0.0025,0.002,0.002,1.73,2026-06-22T22:18:45,0.002,1.73
ip_shuffle,20260622T221845_935535,of:0000000000000005:2 -> of:0000000000000009:3,0.002,0.0025,0.002,0.002,1.73,2026-06-22T22:18:45,0.002,1.73
ip_shuffle,20260622T221845_935535,of:0000000000000001:1 -> of:000000000000000b:1,0.003,0.00375,0.003,0.003,3.56,2026-06-22T22:18:45,0.003,3.56
ip_shuffle,20260622T221845_935535,of:000000000000000b:2 -> of:000000000000000c:2,0.002,0.0025,0.002,0.002,1.73,2026-06-22T22:18:45,0.002,1.73
ip_shuffle,20260622T221845_935535,of:0000000000000001:2 -> of:000000000000000c:1,0.002,0.0025,0.002,0.002,1.76,2026-06-22T22:18:45,0.002,1.8
ip_shuffle,20260622T221845_935535,of:0000000000000006:2 -> of:000000000000000a:2,0.002,0.0025,0.002,0.002,1.73,2026-06-22T22:18:45,0.002,1.73
ip_shuffle,20260622T221845_935535,of:0000000000000001:3 -> of:000000000000000d:1,0.002,0.0025,0.002,0.002,1.53,2026-06-22T22:18:45,0.002,1.53
ip_shuffle,20260622T221845_935535,of:0000000000000003:1 -> of:000000000000000b:5,0.002,0.0025,0.002,0.002,2.53,2026-06-22T22:18:45,0.002,2.53
ip_shuffle,20260622T221845_935535,of:0000000000000006:1 -> of:000000000000000d:4,0.002,0.0025,0.002,0.002,1.53,2026-06-22T22:18:45,0.002,1.53
ip_shuffle,20260622T221845_935535,of:0000000000000007:2 -> of:000000000000000a:3,0.002,0.0025,0.002,0.002,1.73,2026-06-22T22:18:45,0.002,1.73
ip_shuffle,20260622T221845_935535,of:0000000000000007:1 -> of:000000000000000d:5,0.002,0.0025,0.002,0.002,1.53,2026-06-22T22:18:45,0.002,1.53
ip_shuffle,20260622T221845_935535,of:0000000000000002:2 -> of:0000000000000008:2,0.002,0.0025,0.002,0.002,1.73,2026-06-22T22:18:45,0.002,1.73
ip_shuffle,20260622T221845_935535,of:0000000000000003:2 -> of:0000000000000008:3,0.002,0.0025,0.002,0.002,1.73,2026-06-22T22:18:45,0.002,1.73
ip_shuffle,20260622T221845_935535,of:0000000000000008:1 -> of:000000000000000b:6,0.002,0.0025,0.002,0.002,1.53,2026-06-22T22:18:45,0.002,1.53
ip_shuffle,20260622T221845_935535,of:0000000000000004:2 -> of:0000000000000009:2,0.002,0.0025,0.002,0.002,1.73,2026-06-22T22:18:45,0.002,1.73
ip_shuffle,20260622T221845_935535,of:0000000000000002:1 -> of:000000000000000b:4,0.002,0.0025,0.002,0.002,2.56,2026-06-22T22:18:45,0.002,2.56
ip_shuffle,20260622T221845_935535,of:0000000000000009:1 -> of:000000000000000c:6,0.002,0.0025,0.002,0.002,1.53,2026-06-22T22:18:45,0.002,1.53
ip_shuffle,20260622T221943_934357,of:0000000000000004:1 -> of:000000000000000c:4,0.002,0.0025,0.002,0.001,1.5,2026-06-22T22:19:43,0.002,1.63
ip_shuffle,20260622T221943_934357,of:0000000000000005:1 -> of:000000000000000c:5,0.002,0.0025,0.002,0.001,1.5,2026-06-22T22:19:43,0.002,1.63
ip_shuffle,20260622T221943_934357,of:000000000000000a:1 -> of:000000000000000d:6,0.002,0.0025,0.002,0.002,1.63,2026-06-22T22:19:43,0.002,1.6
ip_shuffle,20260622T221943_934357,of:000000000000000b:3 -> of:000000000000000d:2,0.002,0.0025,0.002,0.002,1.96,2026-06-22T22:19:43,0.002,1.96
ip_shuffle,20260622T221943_934357,of:000000000000000c:3 -> of:000000000000000d:3,0.002,0.0025,0.002,0.002,1.96,2026-06-22T22:19:43,0.002,1.96
ip_shuffle,20260622T221943_934357,of:0000000000000005:2 -> of:0000000000000009:3,0.002,0.0025,0.002,0.002,2.0,2026-06-22T22:19:43,0.002,2.0
ip_shuffle,20260622T221943_934357,of:0000000000000001:1 -> of:000000000000000b:1,0.002,0.0025,0.002,0.002,1.7,2026-06-22T22:19:43,0.002,1.6
ip_shuffle,20260622T221943_934357,of:000000000000000b:2 -> of:000000000000000c:2,0.002,0.0025,0.002,0.002,2.06,2026-06-22T22:19:43,0.002,2.06
ip_shuffle,20260622T221943_934357,of:0000000000000001:2 -> of:000000000000000c:1,0.002,0.0025,0.002,0.002,1.7,2026-06-22T22:19:43,0.002,1.6
ip_shuffle,20260622T221943_934357,of:0000000000000006:2 -> of:000000000000000a:2,0.002,0.0025,0.002,0.002,1.86,2026-06-22T22:19:43,0.002,1.86
ip_shuffle,20260622T221943_934357,of:0000000000000001:3 -> of:000000000000000d:1,0.002,0.0025,0.002,0.002,2.53,2026-06-22T22:19:43,0.002,2.63
ip_shuffle,20260622T221943_934357,of:0000000000000003:1 -> of:000000000000000b:5,0.002,0.0025,0.002,0.002,1.6,2026-06-22T22:19:43,0.002,1.7
ip_shuffle,20260622T221943_934357,of:0000000000000006:1 -> of:000000000000000d:4,0.001,0.00125,0.001,0.001,1.5,2026-06-22T22:19:43,0.001,1.6
ip_shuffle,20260622T221943_934357,of:0000000000000007:2 -> of:000000000000000a:3,0.002,0.0025,0.002,0.002,1.86,2026-06-22T22:19:43,0.002,1.86
ip_shuffle,20260622T221943_934357,of:0000000000000007:1 -> of:000000000000000d:5,0.002,0.0025,0.002,0.002,2.53,2026-06-22T22:19:43,0.002,2.4
ip_shuffle,20260622T221943_934357,of:0000000000000002:2 -> of:0000000000000008:2,0.002,0.0025,0.002,0.002,1.76,2026-06-22T22:19:43,0.002,1.76
ip_shuffle,20260622T221943_934357,of:0000000000000003:2 -> of:0000000000000008:3,0.002,0.0025,0.002,0.002,1.76,2026-06-22T22:19:43,0.002,1.76
ip_shuffle,20260622T221943_934357,of:0000000000000008:1 -> of:000000000000000b:6,0.002,0.0025,0.002,0.001,1.5,2026-06-22T22:19:43,0.002,1.63
ip_shuffle,20260622T221943_934357,of:0000000000000004:2 -> of:0000000000000009:2,0.002,0.0025,0.002,0.002,2.0,2026-06-22T22:19:43,0.002,2.0
ip_shuffle,20260622T221943_934357,of:0000000000000002:1 -> of:000000000000000b:4,0.002,0.0025,0.002,0.002,1.6,2026-06-22T22:19:43,0.002,1.7
ip_shuffle,20260622T221943_934357,of:0000000000000009:1 -> of:000000000000000c:6,0.002,0.0025,0.002,0.002,1.83,2026-06-22T22:19:43,0.002,1.83
route_mutation,20260622T222041_731116,of:0000000000000004:1 -> of:000000000000000c:4,0.002,0.0025,0.002,0.002,2.3,2026-06-22T22:20:41,0.002,2.3
route_mutation,20260622T222041_731116,of:0000000000000005:1 -> of:000000000000000c:5,0.002,0.0025,0.002,0.002,2.3,2026-06-22T22:20:41,0.002,2.3
route_mutation,20260622T222041_731116,of:000000000000000a:1 -> of:000000000000000d:6,0.001,0.00125,0.001,0.001,1.5,2026-06-22T22:20:41,0.001,1.5
route_mutation,20260622T222041_731116,of:000000000000000b:3 -> of:000000000000000d:2,0.002,0.0025,0.002,0.002,1.73,2026-06-22T22:20:41,0.002,1.73
route_mutation,20260622T222041_731116,of:000000000000000c:3 -> of:000000000000000d:3,0.002,0.0025,0.002,0.002,1.73,2026-06-22T22:20:41,0.002,1.73
route_mutation,20260622T222041_731116,of:0000000000000005:2 -> of:0000000000000009:3,0.002,0.0025,0.002,0.002,1.83,2026-06-22T22:20:41,0.002,1.83
route_mutation,20260622T222041_731116,of:0000000000000001:1 -> of:000000000000000b:1,0.002,0.0025,0.002,0.001,1.5,2026-06-22T22:20:41,0.002,1.66
route_mutation,20260622T222041_731116,of:000000000000000b:2 -> of:000000000000000c:2,0.001,0.00125,0.001,0.001,1.66,2026-06-22T22:20:41,0.001,1.66
route_mutation,20260622T222041_731116,of:0000000000000001:2 -> of:000000000000000c:1,0.003,0.00375,0.003,0.003,3.03,2026-06-22T22:20:41,0.003,2.99
route_mutation,20260622T222041_731116,of:0000000000000006:2 -> of:000000000000000a:2,0.002,0.0025,0.002,0.002,1.73,2026-06-22T22:20:41,0.002,1.73
route_mutation,20260622T222041_731116,of:0000000000000001:3 -> of:000000000000000d:1,0.002,0.0025,0.002,0.002,2.06,2026-06-22T22:20:41,0.002,1.9
route_mutation,20260622T222041_731116,of:0000000000000003:1 -> of:000000000000000b:5,0.002,0.0025,0.002,0.002,1.66,2026-06-22T22:20:41,0.001,1.5
route_mutation,20260622T222041_731116,of:0000000000000006:1 -> of:000000000000000d:4,0.002,0.0025,0.002,0.002,2.03,2026-06-22T22:20:41,0.002,2.2
route_mutation,20260622T222041_731116,of:0000000000000007:2 -> of:000000000000000a:3,0.002,0.0025,0.002,0.002,1.73,2026-06-22T22:20:41,0.002,1.73
route_mutation,20260622T222041_731116,of:0000000000000007:1 -> of:000000000000000d:5,0.002,0.0025,0.002,0.002,1.56,2026-06-22T22:20:41,0.002,1.56
route_mutation,20260622T222041_731116,of:0000000000000002:2 -> of:0000000000000008:2,0.002,0.0025,0.002,0.002,1.73,2026-06-22T22:20:41,0.002,1.73
route_mutation,20260622T222041_731116,of:0000000000000003:2 -> of:0000000000000008:3,0.002,0.0025,0.002,0.002,1.73,2026-06-22T22:20:41,0.002,1.73
route_mutation,20260622T222041_731116,of:0000000000000008:1 -> of:000000000000000b:6,0.002,0.0025,0.002,0.002,1.53,2026-06-22T22:20:41,0.001,1.5
route_mutation,20260622T222041_731116,of:0000000000000004:2 -> of:0000000000000009:2,0.002,0.0025,0.002,0.002,1.83,2026-06-22T22:20:41,0.002,1.83
route_mutation,20260622T222041_731116,of:0000000000000002:1 -> of:000000000000000b:4,0.001,0.00125,0.001,0.001,1.4,2026-06-22T22:20:41,0.001,1.43
route_mutation,20260622T222041_731116,of:0000000000000009:1 -> of:000000000000000c:6,0.002,0.0025,0.002,0.002,1.53,2026-06-22T22:20:41,0.001,1.5
ip_shuffle,20260622T222112_043895,of:0000000000000004:1 -> of:000000000000000c:4,0.002,0.0025,0.002,0.002,1.86,2026-06-22T22:21:12,0.002,1.93
ip_shuffle,20260622T222112_043895,of:0000000000000005:1 -> of:000000000000000c:5,0.002,0.0025,0.002,0.002,1.83,2026-06-22T22:21:12,0.002,1.9
ip_shuffle,20260622T222112_043895,of:000000000000000a:1 -> of:000000000000000d:6,0.002,0.0025,0.002,0.002,2.1,2026-06-22T22:21:12,0.002,2.06
ip_shuffle,20260622T222112_043895,of:000000000000000b:3 -> of:000000000000000d:2,0.002,0.0025,0.002,0.002,2.56,2026-06-22T22:21:12,0.002,2.56
ip_shuffle,20260622T222112_043895,of:000000000000000c:3 -> of:000000000000000d:3,0.002,0.0025,0.002,0.002,2.53,2026-06-22T22:21:12,0.002,2.53
ip_shuffle,20260622T222112_043895,of:0000000000000005:2 -> of:0000000000000009:3,0.002,0.0025,0.002,0.002,2.36,2026-06-22T22:21:12,0.002,2.36
ip_shuffle,20260622T222112_043895,of:0000000000000001:1 -> of:000000000000000b:1,0.002,0.0025,0.002,0.002,2.0,2026-06-22T22:21:12,0.002,1.93
ip_shuffle,20260622T222112_043895,of:000000000000000b:2 -> of:000000000000000c:2,0.002,0.0025,0.002,0.002,2.63,2026-06-22T22:21:12,0.002,2.63
ip_shuffle,20260622T222112_043895,of:0000000000000001:2 -> of:000000000000000c:1,0.002,0.0025,0.002,0.002,1.96,2026-06-22T22:21:12,0.002,1.93
ip_shuffle,20260622T222112_043895,of:0000000000000006:2 -> of:000000000000000a:2,0.002,0.0025,0.002,0.002,2.63,2026-06-22T22:21:12,0.002,2.63
ip_shuffle,20260622T222112_043895,of:0000000000000001:3 -> of:000000000000000d:1,0.003,0.00375,0.003,0.003,3.83,2026-06-22T22:21:12,0.003,3.93
ip_shuffle,20260622T222112_043895,of:0000000000000003:1 -> of:000000000000000b:5,0.002,0.0025,0.002,0.002,1.93,2026-06-22T22:21:12,0.002,2.0
ip_shuffle,20260622T222112_043895,of:0000000000000006:1 -> of:000000000000000d:4,0.002,0.0025,0.002,0.002,2.7,2026-06-22T22:21:12,0.002,2.6
ip_shuffle,20260622T222112_043895,of:0000000000000007:2 -> of:000000000000000a:3,0.002,0.0025,0.002,0.002,2.63,2026-06-22T22:21:12,0.002,2.63
ip_shuffle,20260622T222112_043895,of:0000000000000007:1 -> of:000000000000000d:5,0.003,0.00375,0.003,0.003,3.16,2026-06-22T22:21:12,0.003,3.23
ip_shuffle,20260622T222112_043895,of:0000000000000002:2 -> of:0000000000000008:2,0.002,0.0025,0.002,0.002,2.5,2026-06-22T22:21:12,0.002,2.5
ip_shuffle,20260622T222112_043895,of:0000000000000003:2 -> of:0000000000000008:3,0.002,0.0025,0.002,0.002,2.46,2026-06-22T22:21:12,0.002,2.46
ip_shuffle,20260622T222112_043895,of:0000000000000008:1 -> of:000000000000000b:6,0.002,0.0025,0.002,0.002,1.9,2026-06-22T22:21:12,0.002,2.03
ip_shuffle,20260622T222112_043895,of:0000000000000004:2 -> of:0000000000000009:2,0.002,0.0025,0.002,0.002,2.36,2026-06-22T22:21:12,0.002,2.36
ip_shuffle,20260622T222112_043895,of:0000000000000002:1 -> of:000000000000000b:4,0.002,0.0025,0.002,0.002,1.93,2026-06-22T22:21:12,0.002,2.0
ip_shuffle,20260622T222112_043895,of:0000000000000009:1 -> of:000000000000000c:6,0.002,0.0025,0.002,0.002,1.86,2026-06-22T22:21:12,0.002,1.96
ip_shuffle,20260622T222216_377940,of:0000000000000004:1 -> of:000000000000000c:4,0.002,0.0025,0.002,0.002,2.16,2026-06-22T22:22:16,0.002,2.16
ip_shuffle,20260622T222216_377940,of:0000000000000005:1 -> of:000000000000000c:5,0.002,0.0025,0.002,0.002,1.7,2026-06-22T22:22:16,0.002,1.7
ip_shuffle,20260622T222216_377940,of:000000000000000a:1 -> of:000000000000000d:6,0.002,0.0025,0.002,0.002,1.43,2026-06-22T22:22:16,0.002,1.43
ip_shuffle,20260622T222216_377940,of:000000000000000b:3 -> of:000000000000000d:2,0.001,0.00125,0.001,0.001,1.46,2026-06-22T22:22:16,0.001,1.46
ip_shuffle,20260622T222216_377940,of:000000000000000c:3 -> of:000000000000000d:3,0.001,0.00125,0.001,0.001,1.46,2026-06-22T22:22:16,0.001,1.46
ip_shuffle,20260622T222216_377940,of:0000000000000005:2 -> of:0000000000000009:3,0.002,0.0025,0.002,0.002,1.53,2026-06-22T22:22:16,0.002,1.53
ip_shuffle,20260622T222216_377940,of:0000000000000001:1 -> of:000000000000000b:1,0.003,0.00375,0.003,0.003,3.16,2026-06-22T22:22:16,0.003,3.16
ip_shuffle,20260622T222216_377940,of:000000000000000b:2 -> of:000000000000000c:2,0.001,0.00125,0.001,0.001,1.4,2026-06-22T22:22:16,0.001,1.4
ip_shuffle,20260622T222216_377940,of:0000000000000001:2 -> of:000000000000000c:1,0.002,0.0025,0.002,0.002,2.36,2026-06-22T22:22:16,0.002,2.36
ip_shuffle,20260622T222216_377940,of:0000000000000006:2 -> of:000000000000000a:2,0.002,0.0025,0.002,0.002,1.53,2026-06-22T22:22:16,0.002,1.53
ip_shuffle,20260622T222216_377940,of:0000000000000001:3 -> of:000000000000000d:1,0.001,0.00125,0.001,0.001,1.37,2026-06-22T22:22:16,0.001,1.37
ip_shuffle,20260622T222216_377940,of:0000000000000003:1 -> of:000000000000000b:5,0.002,0.0025,0.002,0.002,2.4,2026-06-22T22:22:16,0.002,2.4
ip_shuffle,20260622T222216_377940,of:0000000000000006:1 -> of:000000000000000d:4,0.002,0.0025,0.002,0.002,1.43,2026-06-22T22:22:16,0.002,1.43
ip_shuffle,20260622T222216_377940,of:0000000000000007:2 -> of:000000000000000a:3,0.002,0.0025,0.002,0.002,1.53,2026-06-22T22:22:16,0.002,1.53
ip_shuffle,20260622T222216_377940,of:0000000000000007:1 -> of:000000000000000d:5,0.002,0.0025,0.002,0.002,1.43,2026-06-22T22:22:16,0.002,1.43
ip_shuffle,20260622T222216_377940,of:0000000000000002:2 -> of:0000000000000008:2,0.002,0.0025,0.002,0.002,1.53,2026-06-22T22:22:16,0.002,1.53
ip_shuffle,20260622T222216_377940,of:0000000000000003:2 -> of:0000000000000008:3,0.002,0.0025,0.002,0.002,1.53,2026-06-22T22:22:16,0.002,1.53
ip_shuffle,20260622T222216_377940,of:0000000000000008:1 -> of:000000000000000b:6,0.001,0.00125,0.001,0.001,1.37,2026-06-22T22:22:16,0.001,1.37
ip_shuffle,20260622T222216_377940,of:0000000000000004:2 -> of:0000000000000009:2,0.002,0.0025,0.002,0.002,1.53,2026-06-22T22:22:16,0.002,1.53
ip_shuffle,20260622T222216_377940,of:0000000000000002:1 -> of:000000000000000b:4,0.002,0.0025,0.002,0.002,2.2,2026-06-22T22:22:16,0.002,2.2
ip_shuffle,20260622T222216_377940,of:0000000000000009:1 -> of:000000000000000c:6,0.001,0.00125,0.001,0.001,1.37,2026-06-22T22:22:16,0.001,1.37
route_mutation,20260622T222314_236832,of:0000000000000004:1 -> of:000000000000000c:4,0.002,0.0025,0.002,0.001,1.33,2026-06-22T22:23:14,0.002,1.46
route_mutation,20260622T222314_236832,of:0000000000000005:1 -> of:000000000000000c:5,0.002,0.0025,0.002,0.001,1.33,2026-06-22T22:23:14,0.002,1.46
route_mutation,20260622T222314_236832,of:000000000000000a:1 -> of:000000000000000d:6,0.001,0.00125,0.001,0.001,1.26,2026-06-22T22:23:14,0.001,1.36
route_mutation,20260622T222314_236832,of:000000000000000b:3 -> of:000000000000000d:2,0.001,0.00125,0.001,0.001,1.36,2026-06-22T22:23:14,0.001,1.36
route_mutation,20260622T222314_236832,of:000000000000000c:3 -> of:000000000000000d:3,0.002,0.0025,0.002,0.002,1.56,2026-06-22T22:23:14,0.002,1.56
route_mutation,20260622T222314_236832,of:0000000000000005:2 -> of:0000000000000009:3,0.001,0.00125,0.001,0.001,1.26,2026-06-22T22:23:14,0.001,1.26
route_mutation,20260622T222314_236832,of:0000000000000001:1 -> of:000000000000000b:1,0.001,0.00125,0.001,0.001,1.26,2026-06-22T22:23:14,0.001,1.3
route_mutation,20260622T222314_236832,of:000000000000000b:2 -> of:000000000000000c:2,0.001,0.00125,0.001,0.001,1.4,2026-06-22T22:23:14,0.001,1.4
route_mutation,20260622T222314_236832,of:0000000000000001:2 -> of:000000000000000c:1,0.002,0.0025,0.002,0.002,1.46,2026-06-22T22:23:14,0.001,1.36
route_mutation,20260622T222314_236832,of:0000000000000006:2 -> of:000000000000000a:2,0.001,0.00125,0.001,0.001,1.26,2026-06-22T22:23:14,0.001,1.26
route_mutation,20260622T222314_236832,of:0000000000000001:3 -> of:000000000000000d:1,0.002,0.0025,0.002,0.002,1.8,2026-06-22T22:23:14,0.002,1.9
route_mutation,20260622T222314_236832,of:0000000000000003:1 -> of:000000000000000b:5,0.001,0.00125,0.001,0.001,1.3,2026-06-22T22:23:14,0.001,1.26
route_mutation,20260622T222314_236832,of:0000000000000006:1 -> of:000000000000000d:4,0.002,0.0025,0.002,0.001,1.33,2026-06-22T22:23:14,0.002,1.43
route_mutation,20260622T222314_236832,of:0000000000000007:2 -> of:000000000000000a:3,0.001,0.00125,0.001,0.001,1.26,2026-06-22T22:23:14,0.001,1.26
route_mutation,20260622T222314_236832,of:0000000000000007:1 -> of:000000000000000d:5,0.002,0.0025,0.002,0.002,1.9,2026-06-22T22:23:14,0.002,1.76
route_mutation,20260622T222314_236832,of:0000000000000002:2 -> of:0000000000000008:2,0.001,0.00125,0.001,0.001,1.3,2026-06-22T22:23:14,0.001,1.3
route_mutation,20260622T222314_236832,of:0000000000000003:2 -> of:0000000000000008:3,0.001,0.00125,0.001,0.001,1.3,2026-06-22T22:23:14,0.001,1.3
route_mutation,20260622T222314_236832,of:0000000000000008:1 -> of:000000000000000b:6,0.001,0.00125,0.001,0.001,1.2,2026-06-22T22:23:14,0.001,1.2
route_mutation,20260622T222314_236832,of:0000000000000004:2 -> of:0000000000000009:2,0.001,0.00125,0.001,0.001,1.26,2026-06-22T22:23:14,0.001,1.26
route_mutation,20260622T222314_236832,of:0000000000000002:1 -> of:000000000000000b:4,0.001,0.00125,0.001,0.001,1.3,2026-06-22T22:23:14,0.001,1.26
route_mutation,20260622T222314_236832,of:0000000000000009:1 -> of:000000000000000c:6,0.001,0.00125,0.001,0.001,1.26,2026-06-22T22:23:14,0.001,1.4
ip_shuffle,20260622T222344_665036,of:0000000000000004:1 -> of:000000000000000c:4,0.002,0.0025,0.002,0.002,2.1,2026-06-22T22:23:44,0.002,2.1
ip_shuffle,20260622T222344_665036,of:0000000000000005:1 -> of:000000000000000c:5,0.002,0.0025,0.002,0.002,1.5,2026-06-22T22:23:44,0.002,1.5
ip_shuffle,20260622T222344_665036,of:000000000000000a:1 -> of:000000000000000d:6,0.002,0.0025,0.002,0.002,1.53,2026-06-22T22:23:44,0.002,1.53
ip_shuffle,20260622T222344_665036,of:000000000000000b:3 -> of:000000000000000d:2,0.002,0.0025,0.002,0.002,1.73,2026-06-22T22:23:44,0.002,1.73
ip_shuffle,20260622T222344_665036,of:000000000000000c:3 -> of:000000000000000d:3,0.002,0.0025,0.002,0.002,1.66,2026-06-22T22:23:44,0.002,1.66
ip_shuffle,20260622T222344_665036,of:0000000000000005:2 -> of:0000000000000009:3,0.002,0.0025,0.002,0.002,1.73,2026-06-22T22:23:44,0.002,1.73
ip_shuffle,20260622T222344_665036,of:0000000000000001:1 -> of:000000000000000b:1,0.003,0.00375,0.003,0.003,3.53,2026-06-22T22:23:44,0.003,3.53
ip_shuffle,20260622T222344_665036,of:000000000000000b:2 -> of:000000000000000c:2,0.002,0.0025,0.002,0.002,1.66,2026-06-22T22:23:44,0.002,1.66
ip_shuffle,20260622T222344_665036,of:0000000000000001:2 -> of:000000000000000c:1,0.002,0.0025,0.002,0.002,2.06,2026-06-22T22:23:44,0.002,2.06
ip_shuffle,20260622T222344_665036,of:0000000000000006:2 -> of:000000000000000a:2,0.002,0.0025,0.002,0.002,1.73,2026-06-22T22:23:44,0.002,1.73
ip_shuffle,20260622T222344_665036,of:0000000000000001:3 -> of:000000000000000d:1,0.001,0.00125,0.001,0.001,1.46,2026-06-22T22:23:44,0.001,1.46
ip_shuffle,20260622T222344_665036,of:0000000000000003:1 -> of:000000000000000b:5,0.002,0.0025,0.002,0.002,2.56,2026-06-22T22:23:44,0.002,2.56
ip_shuffle,20260622T222344_665036,of:0000000000000006:1 -> of:000000000000000d:4,0.002,0.0025,0.002,0.002,1.53,2026-06-22T22:23:44,0.002,1.53
ip_shuffle,20260622T222344_665036,of:0000000000000007:2 -> of:000000000000000a:3,0.002,0.0025,0.002,0.002,1.73,2026-06-22T22:23:44,0.002,1.73
ip_shuffle,20260622T222344_665036,of:0000000000000007:1 -> of:000000000000000d:5,0.002,0.0025,0.002,0.002,1.53,2026-06-22T22:23:44,0.002,1.53
ip_shuffle,20260622T222344_665036,of:0000000000000002:2 -> of:0000000000000008:2,0.002,0.0025,0.002,0.002,1.73,2026-06-22T22:23:44,0.002,1.73
ip_shuffle,20260622T222344_665036,of:0000000000000003:2 -> of:0000000000000008:3,0.002,0.0025,0.002,0.002,1.73,2026-06-22T22:23:44,0.002,1.73
ip_shuffle,20260622T222344_665036,of:0000000000000008:1 -> of:000000000000000b:6,0.002,0.0025,0.002,0.002,1.53,2026-06-22T22:23:44,0.002,1.53
ip_shuffle,20260622T222344_665036,of:0000000000000004:2 -> of:0000000000000009:2,0.002,0.0025,0.002,0.002,1.73,2026-06-22T22:23:44,0.002,1.73
ip_shuffle,20260622T222344_665036,of:0000000000000002:1 -> of:000000000000000b:4,0.002,0.0025,0.002,0.002,2.56,2026-06-22T22:23:44,0.002,2.56
ip_shuffle,20260622T222344_665036,of:0000000000000009:1 -> of:000000000000000c:6,0.001,0.00125,0.001,0.001,1.46,2026-06-22T22:23:44,0.001,1.46
ip_shuffle,20260622T222442_474354,of:0000000000000004:1 -> of:000000000000000c:4,0.002,0.0025,0.002,0.002,1.59,2026-06-22T22:24:42,0.002,1.69
ip_shuffle,20260622T222442_474354,of:0000000000000005:1 -> of:000000000000000c:5,0.002,0.0025,0.002,0.002,1.59,2026-06-22T22:24:42,0.002,1.69
ip_shuffle,20260622T222442_474354,of:000000000000000a:1 -> of:000000000000000d:6,0.002,0.0025,0.002,0.001,1.42,2026-06-22T22:24:42,0.002,1.56
ip_shuffle,20260622T222442_474354,of:000000000000000b:3 -> of:000000000000000d:2,0.002,0.0025,0.002,0.002,1.72,2026-06-22T22:24:42,0.002,1.72
ip_shuffle,20260622T222442_474354,of:000000000000000c:3 -> of:000000000000000d:3,0.002,0.0025,0.002,0.002,1.99,2026-06-22T22:24:42,0.002,1.99
ip_shuffle,20260622T222442_474354,of:0000000000000005:2 -> of:0000000000000009:3,0.002,0.0025,0.002,0.002,1.62,2026-06-22T22:24:42,0.002,1.62
ip_shuffle,20260622T222442_474354,of:0000000000000001:1 -> of:000000000000000b:1,0.001,0.00125,0.001,0.001,1.42,2026-06-22T22:24:42,0.001,1.49
ip_shuffle,20260622T222442_474354,of:000000000000000b:2 -> of:000000000000000c:2,0.002,0.0025,0.002,0.002,1.79,2026-06-22T22:24:42,0.002,1.79
ip_shuffle,20260622T222442_474354,of:0000000000000001:2 -> of:000000000000000c:1,0.002,0.0025,0.002,0.002,1.69,2026-06-22T22:24:42,0.002,1.62
ip_shuffle,20260622T222442_474354,of:0000000000000006:2 -> of:000000000000000a:2,0.002,0.0025,0.002,0.002,1.62,2026-06-22T22:24:42,0.002,1.62
ip_shuffle,20260622T222442_474354,of:0000000000000001:3 -> of:000000000000000d:1,0.002,0.0025,0.002,0.002,2.45,2026-06-22T22:24:42,0.002,2.55
ip_shuffle,20260622T222442_474354,of:0000000000000003:1 -> of:000000000000000b:5,0.001,0.00125,0.001,0.001,1.46,2026-06-22T22:24:42,0.001,1.42
ip_shuffle,20260622T222442_474354,of:0000000000000006:1 -> of:000000000000000d:4,0.002,0.0025,0.002,0.002,1.52,2026-06-22T22:24:42,0.002,1.69
ip_shuffle,20260622T222442_474354,of:0000000000000007:2 -> of:000000000000000a:3,0.002,0.0025,0.002,0.002,1.62,2026-06-22T22:24:42,0.002,1.62
ip_shuffle,20260622T222442_474354,of:0000000000000007:1 -> of:000000000000000d:5,0.002,0.0025,0.002,0.002,2.55,2026-06-22T22:24:42,0.002,2.32
ip_shuffle,20260622T222442_474354,of:0000000000000002:2 -> of:0000000000000008:2,0.002,0.0025,0.002,0.002,1.62,2026-06-22T22:24:42,0.002,1.62
ip_shuffle,20260622T222442_474354,of:0000000000000003:2 -> of:0000000000000008:3,0.002,0.0025,0.002,0.002,1.62,2026-06-22T22:24:42,0.002,1.62
ip_shuffle,20260622T222442_474354,of:0000000000000008:1 -> of:000000000000000b:6,0.001,0.00125,0.001,0.001,1.36,2026-06-22T22:24:42,0.001,1.36
ip_shuffle,20260622T222442_474354,of:0000000000000004:2 -> of:0000000000000009:2,0.002,0.0025,0.002,0.002,1.62,2026-06-22T22:24:42,0.002,1.62
ip_shuffle,20260622T222442_474354,of:0000000000000002:1 -> of:000000000000000b:4,0.001,0.00125,0.001,0.001,1.46,2026-06-22T22:24:42,0.001,1.42
ip_shuffle,20260622T222442_474354,of:0000000000000009:1 -> of:000000000000000c:6,0.002,0.0025,0.002,0.002,1.49,2026-06-22T22:24:42,0.002,1.62
route_mutation,20260622T222540_317330,of:0000000000000004:1 -> of:000000000000000c:4,0.002,0.0025,0.002,0.002,2.2,2026-06-22T22:25:40,0.002,2.26
route_mutation,20260622T222540_317330,of:0000000000000005:1 -> of:000000000000000c:5,0.002,0.0025,0.002,0.002,2.6,2026-06-22T22:25:40,0.002,2.63
route_mutation,20260622T222540_317330,of:000000000000000a:1 -> of:000000000000000d:6,0.002,0.0025,0.002,0.002,1.83,2026-06-22T22:25:40,0.002,1.7
route_mutation,20260622T222540_317330,of:000000000000000b:3 -> of:000000000000000d:2,0.002,0.0025,0.002,0.002,2.26,2026-06-22T22:25:40,0.002,2.26
route_mutation,20260622T222540_317330,of:000000000000000c:3 -> of:000000000000000d:3,0.002,0.0025,0.002,0.002,2.26,2026-06-22T22:25:40,0.002,2.26
route_mutation,20260622T222540_317330,of:0000000000000005:2 -> of:0000000000000009:3,0.002,0.0025,0.002,0.002,2.36,2026-06-22T22:25:40,0.002,2.36
route_mutation,20260622T222540_317330,of:0000000000000001:1 -> of:000000000000000b:1,0.002,0.0025,0.002,0.002,1.93,2026-06-22T22:25:40,0.002,1.86
route_mutation,20260622T222540_317330,of:000000000000000b:2 -> of:000000000000000c:2,0.002,0.0025,0.002,0.002,2.5,2026-06-22T22:25:40,0.002,2.5
route_mutation,20260622T222540_317330,of:0000000000000001:2 -> of:000000000000000c:1,0.003,0.00375,0.003,0.003,3.16,2026-06-22T22:25:40,0.003,3.09
route_mutation,20260622T222540_317330,of:0000000000000006:2 -> of:000000000000000a:2,0.002,0.0025,0.002,0.002,2.36,2026-06-22T22:25:40,0.002,2.36
route_mutation,20260622T222540_317330,of:0000000000000001:3 -> of:000000000000000d:1,0.003,0.00375,0.003,0.003,2.96,2026-06-22T22:25:40,0.002,2.89
route_mutation,20260622T222540_317330,of:0000000000000003:1 -> of:000000000000000b:5,0.002,0.0025,0.002,0.002,1.86,2026-06-22T22:25:40,0.002,1.9
route_mutation,20260622T222540_317330,of:0000000000000006:1 -> of:000000000000000d:4,0.002,0.0025,0.002,0.002,2.93,2026-06-22T22:25:40,0.002,2.83
route_mutation,20260622T222540_317330,of:0000000000000007:2 -> of:000000000000000a:3,0.002,0.0025,0.002,0.002,2.46,2026-06-22T22:25:40,0.002,2.46
route_mutation,20260622T222540_317330,of:0000000000000007:1 -> of:000000000000000d:5,0.002,0.0025,0.002,0.002,1.83,2026-06-22T22:25:40,0.002,2.0
route_mutation,20260622T222540_317330,of:0000000000000002:2 -> of:0000000000000008:2,0.002,0.0025,0.002,0.002,2.36,2026-06-22T22:25:40,0.002,2.36
route_mutation,20260622T222540_317330,of:0000000000000003:2 -> of:0000000000000008:3,0.002,0.0025,0.002,0.002,2.36,2026-06-22T22:25:40,0.002,2.36
route_mutation,20260622T222540_317330,of:0000000000000008:1 -> of:000000000000000b:6,0.002,0.0025,0.002,0.002,1.93,2026-06-22T22:25:40,0.002,1.93
route_mutation,20260622T222540_317330,of:0000000000000004:2 -> of:0000000000000009:2,0.002,0.0025,0.002,0.002,2.36,2026-06-22T22:25:40,0.002,2.36
route_mutation,20260622T222540_317330,of:0000000000000002:1 -> of:000000000000000b:4,0.002,0.0025,0.002,0.002,1.8,2026-06-22T22:25:40,0.002,1.83
route_mutation,20260622T222540_317330,of:0000000000000009:1 -> of:000000000000000c:6,0.002,0.0025,0.002,0.002,1.9,2026-06-22T22:25:40,0.002,1.9
route_mutation,20260622T222610_593446,of:0000000000000004:1 -> of:000000000000000c:4,0.002,0.0025,0.002,0.002,1.63,2026-06-22T22:26:10,0.002,1.6
route_mutation,20260622T222610_593446,of:0000000000000005:1 -> of:000000000000000c:5,0.002,0.0025,0.002,0.002,1.63,2026-06-22T22:26:10,0.002,1.6
route_mutation,20260622T222610_593446,of:000000000000000a:1 -> of:000000000000000d:6,0.002,0.0025,0.002,0.002,1.6,2026-06-22T22:26:10,0.002,1.73
route_mutation,20260622T222610_593446,of:000000000000000b:3 -> of:000000000000000d:2,0.002,0.0025,0.002,0.002,2.06,2026-06-22T22:26:10,0.002,2.06
route_mutation,20260622T222610_593446,of:000000000000000c:3 -> of:000000000000000d:3,0.002,0.0025,0.002,0.002,2.06,2026-06-22T22:26:10,0.002,2.06
route_mutation,20260622T222610_593446,of:0000000000000005:2 -> of:0000000000000009:3,0.002,0.0025,0.002,0.002,1.96,2026-06-22T22:26:10,0.002,1.96
route_mutation,20260622T222610_593446,of:0000000000000001:1 -> of:000000000000000b:1,0.002,0.0025,0.002,0.002,1.6,2026-06-22T22:26:10,0.002,1.66
route_mutation,20260622T222610_593446,of:000000000000000b:2 -> of:000000000000000c:2,0.002,0.0025,0.002,0.002,1.86,2026-06-22T22:26:10,0.002,1.86
route_mutation,20260622T222610_593446,of:0000000000000001:2 -> of:000000000000000c:1,0.002,0.0025,0.002,0.002,1.6,2026-06-22T22:26:10,0.002,1.66
route_mutation,20260622T222610_593446,of:0000000000000006:2 -> of:000000000000000a:2,0.002,0.0025,0.002,0.002,1.96,2026-06-22T22:26:10,0.002,1.96
route_mutation,20260622T222610_593446,of:0000000000000001:3 -> of:000000000000000d:1,0.003,0.00375,0.003,0.003,3.03,2026-06-22T22:26:10,0.003,3.09
route_mutation,20260622T222610_593446,of:0000000000000003:1 -> of:000000000000000b:5,0.002,0.0025,0.002,0.002,1.63,2026-06-22T22:26:10,0.002,1.6
route_mutation,20260622T222610_593446,of:0000000000000006:1 -> of:000000000000000d:4,0.002,0.0025,0.002,0.002,1.73,2026-06-22T22:26:10,0.002,1.83
route_mutation,20260622T222610_593446,of:0000000000000007:2 -> of:000000000000000a:3,0.002,0.0025,0.002,0.002,1.86,2026-06-22T22:26:10,0.002,1.86
route_mutation,20260622T222610_593446,of:0000000000000007:1 -> of:000000000000000d:5,0.002,0.0025,0.002,0.002,2.9,2026-06-22T22:26:10,0.002,2.73
route_mutation,20260622T222610_593446,of:0000000000000002:2 -> of:0000000000000008:2,0.002,0.0025,0.002,0.002,1.96,2026-06-22T22:26:10,0.002,1.96
route_mutation,20260622T222610_593446,of:0000000000000003:2 -> of:0000000000000008:3,0.002,0.0025,0.002,0.002,1.96,2026-06-22T22:26:10,0.002,1.96
route_mutation,20260622T222610_593446,of:0000000000000008:1 -> of:000000000000000b:6,0.001,0.00125,0.001,0.001,1.53,2026-06-22T22:26:10,0.001,1.53
route_mutation,20260622T222610_593446,of:0000000000000004:2 -> of:0000000000000009:2,0.002,0.0025,0.002,0.002,1.96,2026-06-22T22:26:10,0.002,1.96
route_mutation,20260622T222610_593446,of:0000000000000002:1 -> of:000000000000000b:4,0.002,0.0025,0.002,0.002,1.63,2026-06-22T22:26:10,0.002,1.6
route_mutation,20260622T222610_593446,of:0000000000000009:1 -> of:000000000000000c:6,0.001,0.00125,0.001,0.001,1.53,2026-06-22T22:26:10,0.001,1.53
ip_shuffle,20260622T222641_024241,of:0000000000000004:1 -> of:000000000000000c:4,0.002,0.0025,0.002,0.002,1.46,2026-06-22T22:26:41,0.002,1.5
ip_shuffle,20260622T222641_024241,of:0000000000000005:1 -> of:000000000000000c:5,0.002,0.0025,0.002,0.002,1.46,2026-06-22T22:26:41,0.002,1.5
ip_shuffle,20260622T222641_024241,of:000000000000000a:1 -> of:000000000000000d:6,0.002,0.0025,0.002,0.002,1.5,2026-06-22T22:26:41,0.002,1.43
ip_shuffle,20260622T222641_024241,of:000000000000000b:3 -> of:000000000000000d:2,0.002,0.0025,0.002,0.002,1.6,2026-06-22T22:26:41,0.002,1.6
ip_shuffle,20260622T222641_024241,of:000000000000000c:3 -> of:000000000000000d:3,0.002,0.0025,0.002,0.002,1.6,2026-06-22T22:26:41,0.002,1.6
ip_shuffle,20260622T222641_024241,of:0000000000000005:2 -> of:0000000000000009:3,0.002,0.0025,0.002,0.002,1.6,2026-06-22T22:26:41,0.002,1.6
ip_shuffle,20260622T222641_024241,of:0000000000000001:1 -> of:000000000000000b:1,0.003,0.00375,0.003,0.003,3.23,2026-06-22T22:26:41,0.003,3.26
ip_shuffle,20260622T222641_024241,of:000000000000000b:2 -> of:000000000000000c:2,0.002,0.0025,0.002,0.002,1.66,2026-06-22T22:26:41,0.002,1.66
ip_shuffle,20260622T222641_024241,of:0000000000000001:2 -> of:000000000000000c:1,0.001,0.00125,0.001,0.001,1.43,2026-06-22T22:26:41,0.001,1.36
ip_shuffle,20260622T222641_024241,of:0000000000000006:2 -> of:000000000000000a:2,0.002,0.0025,0.002,0.002,1.63,2026-06-22T22:26:41,0.002,1.63
ip_shuffle,20260622T222641_024241,of:0000000000000001:3 -> of:000000000000000d:1,0.001,0.00125,0.001,0.001,1.36,2026-06-22T22:26:41,0.001,1.36
ip_shuffle,20260622T222641_024241,of:0000000000000003:1 -> of:000000000000000b:5,0.002,0.0025,0.002,0.002,2.3,2026-06-22T22:26:41,0.002,2.26
ip_shuffle,20260622T222641_024241,of:0000000000000006:1 -> of:000000000000000d:4,0.002,0.0025,0.002,0.002,1.46,2026-06-22T22:26:41,0.002,1.43
ip_shuffle,20260622T222641_024241,of:0000000000000007:2 -> of:000000000000000a:3,0.002,0.0025,0.002,0.002,1.63,2026-06-22T22:26:41,0.002,1.63
ip_shuffle,20260622T222641_024241,of:0000000000000007:1 -> of:000000000000000d:5,0.002,0.0025,0.002,0.002,1.46,2026-06-22T22:26:41,0.002,1.43
ip_shuffle,20260622T222641_024241,of:0000000000000002:2 -> of:0000000000000008:2,0.002,0.0025,0.002,0.002,1.56,2026-06-22T22:26:41,0.002,1.56
ip_shuffle,20260622T222641_024241,of:0000000000000003:2 -> of:0000000000000008:3,0.002,0.0025,0.002,0.002,1.56,2026-06-22T22:26:41,0.002,1.56
ip_shuffle,20260622T222641_024241,of:0000000000000008:1 -> of:000000000000000b:6,0.002,0.0025,0.002,0.002,1.46,2026-06-22T22:26:41,0.002,1.5
ip_shuffle,20260622T222641_024241,of:0000000000000004:2 -> of:0000000000000009:2,0.002,0.0025,0.002,0.002,1.6,2026-06-22T22:26:41,0.002,1.6
ip_shuffle,20260622T222641_024241,of:0000000000000002:1 -> of:000000000000000b:4,0.002,0.0025,0.002,0.002,2.46,2026-06-22T22:26:41,0.002,2.53
ip_shuffle,20260622T222641_024241,of:0000000000000009:1 -> of:000000000000000c:6,0.002,0.0025,0.002,0.002,1.5,2026-06-22T22:26:41,0.002,1.5
ip_shuffle,20260622T222738_713498,of:0000000000000004:1 -> of:000000000000000c:4,0.002,0.0025,0.002,0.002,1.8,2026-06-22T22:27:38,0.002,1.76
ip_shuffle,20260622T222738_713498,of:0000000000000005:1 -> of:000000000000000c:5,0.002,0.0025,0.002,0.002,1.8,2026-06-22T22:27:38,0.002,1.76
ip_shuffle,20260622T222738_713498,of:000000000000000a:1 -> of:000000000000000d:6,0.002,0.0025,0.002,0.002,1.76,2026-06-22T22:27:38,0.002,1.76
ip_shuffle,20260622T222738_713498,of:000000000000000b:3 -> of:000000000000000d:2,0.002,0.0025,0.002,0.002,2.26,2026-06-22T22:27:38,0.002,2.26
ip_shuffle,20260622T222738_713498,of:000000000000000c:3 -> of:000000000000000d:3,0.002,0.0025,0.002,0.002,2.26,2026-06-22T22:27:38,0.002,2.26
ip_shuffle,20260622T222738_713498,of:0000000000000005:2 -> of:0000000000000009:3,0.002,0.0025,0.002,0.002,2.3,2026-06-22T22:27:38,0.002,2.3
ip_shuffle,20260622T222738_713498,of:0000000000000001:1 -> of:000000000000000b:1,0.002,0.0025,0.002,0.002,1.76,2026-06-22T22:27:38,0.002,1.83
ip_shuffle,20260622T222738_713498,of:000000000000000b:2 -> of:000000000000000c:2,0.002,0.0025,0.002,0.002,2.2,2026-06-22T22:27:38,0.002,2.2
ip_shuffle,20260622T222738_713498,of:0000000000000001:2 -> of:000000000000000c:1,0.002,0.0025,0.002,0.002,1.76,2026-06-22T22:27:38,0.002,1.83
ip_shuffle,20260622T222738_713498,of:0000000000000006:2 -> of:000000000000000a:2,0.002,0.0025,0.002,0.002,2.3,2026-06-22T22:27:38,0.002,2.3
ip_shuffle,20260622T222738_713498,of:0000000000000001:3 -> of:000000000000000d:1,0.003,0.00375,0.003,0.003,3.4,2026-06-22T22:27:38,0.003,3.26
ip_shuffle,20260622T222738_713498,of:0000000000000003:1 -> of:000000000000000b:5,0.002,0.0025,0.002,0.002,1.83,2026-06-22T22:27:38,0.002,1.76
ip_shuffle,20260622T222738_713498,of:0000000000000006:1 -> of:000000000000000d:4,0.002,0.0025,0.002,0.002,1.93,2026-06-22T22:27:38,0.002,2.03
ip_shuffle,20260622T222738_713498,of:0000000000000007:2 -> of:000000000000000a:3,0.002,0.0025,0.002,0.002,2.23,2026-06-22T22:27:38,0.002,2.23
ip_shuffle,20260622T222738_713498,of:0000000000000007:1 -> of:000000000000000d:5,0.003,0.00375,0.003,0.003,3.1,2026-06-22T22:27:38,0.003,3.06
ip_shuffle,20260622T222738_713498,of:0000000000000002:2 -> of:0000000000000008:2,0.002,0.0025,0.002,0.002,2.36,2026-06-22T22:27:38,0.002,2.36
ip_shuffle,20260622T222738_713498,of:0000000000000003:2 -> of:0000000000000008:3,0.002,0.0025,0.002,0.002,2.36,2026-06-22T22:27:38,0.002,2.36
ip_shuffle,20260622T222738_713498,of:0000000000000008:1 -> of:000000000000000b:6,0.002,0.0025,0.002,0.002,1.73,2026-06-22T22:27:38,0.002,1.7
ip_shuffle,20260622T222738_713498,of:0000000000000004:2 -> of:0000000000000009:2,0.002,0.0025,0.002,0.002,2.3,2026-06-22T22:27:38,0.002,2.3
ip_shuffle,20260622T222738_713498,of:0000000000000002:1 -> of:000000000000000b:4,0.002,0.0025,0.002,0.002,1.83,2026-06-22T22:27:38,0.002,1.76
ip_shuffle,20260622T222738_713498,of:0000000000000009:1 -> of:000000000000000c:6,0.002,0.0025,0.002,0.002,1.7,2026-06-22T22:27:38,0.002,1.7
ip_shuffle,20260622T222836_612961,of:0000000000000004:1 -> of:000000000000000c:4,0.002,0.0025,0.002,0.002,2.36,2026-06-22T22:28:36,0.002,2.4
ip_shuffle,20260622T222836_612961,of:0000000000000005:1 -> of:000000000000000c:5,0.002,0.0025,0.002,0.002,2.36,2026-06-22T22:28:36,0.002,2.4
ip_shuffle,20260622T222836_612961,of:000000000000000a:1 -> of:000000000000000d:6,0.002,0.0025,0.002,0.002,1.66,2026-06-22T22:28:36,0.002,1.66
ip_shuffle,20260622T222836_612961,of:000000000000000b:3 -> of:000000000000000d:2,0.002,0.0025,0.002,0.002,2.0,2026-06-22T22:28:36,0.002,2.0
ip_shuffle,20260622T222836_612961,of:000000000000000c:3 -> of:000000000000000d:3,0.002,0.0025,0.002,0.002,2.0,2026-06-22T22:28:36,0.002,2.0
ip_shuffle,20260622T222836_612961,of:0000000000000005:2 -> of:0000000000000009:3,0.002,0.0025,0.002,0.002,1.86,2026-06-22T22:28:36,0.002,1.86
ip_shuffle,20260622T222836_612961,of:0000000000000001:1 -> of:000000000000000b:1,0.002,0.0025,0.002,0.002,2.5,2026-06-22T22:28:36,0.002,2.46
ip_shuffle,20260622T222836_612961,of:000000000000000b:2 -> of:000000000000000c:2,0.002,0.0025,0.002,0.002,2.0,2026-06-22T22:28:36,0.002,2.0
ip_shuffle,20260622T222836_612961,of:0000000000000001:2 -> of:000000000000000c:1,0.003,0.00375,0.003,0.003,3.19,2026-06-22T22:28:36,0.003,3.16
ip_shuffle,20260622T222836_612961,of:0000000000000006:2 -> of:000000000000000a:2,0.002,0.0025,0.002,0.002,1.96,2026-06-22T22:28:36,0.002,1.96
ip_shuffle,20260622T222836_612961,of:0000000000000001:3 -> of:000000000000000d:1,0.002,0.0025,0.002,0.002,2.1,2026-06-22T22:28:36,0.002,2.16
ip_shuffle,20260622T222836_612961,of:0000000000000003:1 -> of:000000000000000b:5,0.002,0.0025,0.002,0.002,2.46,2026-06-22T22:28:36,0.002,2.5
ip_shuffle,20260622T222836_612961,of:0000000000000006:1 -> of:000000000000000d:4,0.002,0.0025,0.002,0.002,2.3,2026-06-22T22:28:36,0.002,2.3
ip_shuffle,20260622T222836_612961,of:0000000000000007:2 -> of:000000000000000a:3,0.002,0.0025,0.002,0.002,1.96,2026-06-22T22:28:36,0.002,1.96
ip_shuffle,20260622T222836_612961,of:0000000000000007:1 -> of:000000000000000d:5,0.002,0.0025,0.002,0.002,1.63,2026-06-22T22:28:36,0.002,1.66
ip_shuffle,20260622T222836_612961,of:0000000000000002:2 -> of:0000000000000008:2,0.002,0.0025,0.002,0.002,1.86,2026-06-22T22:28:36,0.002,1.86
ip_shuffle,20260622T222836_612961,of:0000000000000003:2 -> of:0000000000000008:3,0.002,0.0025,0.002,0.002,1.86,2026-06-22T22:28:36,0.002,1.86
ip_shuffle,20260622T222836_612961,of:0000000000000008:1 -> of:000000000000000b:6,0.002,0.0025,0.002,0.002,1.63,2026-06-22T22:28:36,0.002,1.66
ip_shuffle,20260622T222836_612961,of:0000000000000004:2 -> of:0000000000000009:2,0.002,0.0025,0.002,0.002,1.86,2026-06-22T22:28:36,0.002,1.86
ip_shuffle,20260622T222836_612961,of:0000000000000002:1 -> of:000000000000000b:4,0.002,0.0025,0.002,0.002,1.56,2026-06-22T22:28:36,0.002,1.6
ip_shuffle,20260622T222836_612961,of:0000000000000009:1 -> of:000000000000000c:6,0.002,0.0025,0.002,0.002,1.63,2026-06-22T22:28:36,0.002,1.66
ip_shuffle,20260622T222940_990402,of:0000000000000004:1 -> of:000000000000000c:4,0.001,0.00125,0.001,0.001,1.26,2026-06-22T22:29:40,0.001,1.26
ip_shuffle,20260622T222940_990402,of:0000000000000005:1 -> of:000000000000000c:5,0.001,0.00125,0.001,0.001,1.26,2026-06-22T22:29:40,0.001,1.26
ip_shuffle,20260622T222940_990402,of:000000000000000a:1 -> of:000000000000000d:6,0.001,0.00125,0.001,0.001,1.26,2026-06-22T22:29:40,0.001,1.26
ip_shuffle,20260622T222940_990402,of:000000000000000b:3 -> of:000000000000000d:2,0.001,0.00125,0.001,0.001,1.26,2026-06-22T22:29:40,0.001,1.26
ip_shuffle,20260622T222940_990402,of:000000000000000c:3 -> of:000000000000000d:3,0.001,0.00125,0.001,0.001,1.2,2026-06-22T22:29:40,0.001,1.2
ip_shuffle,20260622T222940_990402,of:0000000000000005:2 -> of:0000000000000009:3,0.001,0.00125,0.001,0.001,1.33,2026-06-22T22:29:40,0.001,1.33
ip_shuffle,20260622T222940_990402,of:0000000000000001:1 -> of:000000000000000b:1,0.001,0.00125,0.001,0.001,1.33,2026-06-22T22:29:40,0.001,1.36
ip_shuffle,20260622T222940_990402,of:000000000000000b:2 -> of:000000000000000c:2,0.001,0.00125,0.001,0.001,1.26,2026-06-22T22:29:40,0.001,1.26
ip_shuffle,20260622T222940_990402,of:0000000000000001:2 -> of:000000000000000c:1,0.001,0.00125,0.001,0.001,1.26,2026-06-22T22:29:40,0.001,1.3
ip_shuffle,20260622T222940_990402,of:0000000000000006:2 -> of:000000000000000a:2,0.001,0.00125,0.001,0.001,1.33,2026-06-22T22:29:40,0.001,1.33
ip_shuffle,20260622T222940_990402,of:0000000000000001:3 -> of:000000000000000d:1,0.002,0.0025,0.002,0.002,1.56,2026-06-22T22:29:40,0.002,1.46
ip_shuffle,20260622T222940_990402,of:0000000000000003:1 -> of:000000000000000b:5,0.001,0.00125,0.001,0.001,1.36,2026-06-22T22:29:40,0.001,1.33
ip_shuffle,20260622T222940_990402,of:0000000000000006:1 -> of:000000000000000d:4,0.001,0.00125,0.001,0.001,1.26,2026-06-22T22:29:40,0.001,1.26
ip_shuffle,20260622T222940_990402,of:0000000000000007:2 -> of:000000000000000a:3,0.001,0.00125,0.001,0.001,1.33,2026-06-22T22:29:40,0.001,1.33
ip_shuffle,20260622T222940_990402,of:0000000000000007:1 -> of:000000000000000d:5,0.002,0.0025,0.002,0.002,1.46,2026-06-22T22:29:40,0.002,1.53
ip_shuffle,20260622T222940_990402,of:0000000000000002:2 -> of:0000000000000008:2,0.001,0.00125,0.001,0.001,1.36,2026-06-22T22:29:40,0.001,1.36
ip_shuffle,20260622T222940_990402,of:0000000000000003:2 -> of:0000000000000008:3,0.001,0.00125,0.001,0.001,1.36,2026-06-22T22:29:40,0.001,1.36
ip_shuffle,20260622T222940_990402,of:0000000000000008:1 -> of:000000000000000b:6,0.001,0.00125,0.001,0.001,1.33,2026-06-22T22:29:40,0.001,1.33
ip_shuffle,20260622T222940_990402,of:0000000000000004:2 -> of:0000000000000009:2,0.001,0.00125,0.001,0.001,1.33,2026-06-22T22:29:40,0.001,1.33
ip_shuffle,20260622T222940_990402,of:0000000000000002:1 -> of:000000000000000b:4,0.001,0.00125,0.001,0.001,1.36,2026-06-22T22:29:40,0.001,1.33
ip_shuffle,20260622T222940_990402,of:0000000000000009:1 -> of:000000000000000c:6,0.001,0.00125,0.001,0.001,1.26,2026-06-22T22:29:40,0.001,1.26
route_mutation,20260622T223038_808296,of:0000000000000004:1 -> of:000000000000000c:4,0.002,0.0025,0.002,0.002,2.02,2026-06-22T22:30:38,0.002,2.09
route_mutation,20260622T223038_808296,of:0000000000000005:1 -> of:000000000000000c:5,0.002,0.0025,0.002,0.002,2.56,2026-06-22T22:30:38,0.002,2.62
route_mutation,20260622T223038_808296,of:000000000000000a:1 -> of:000000000000000d:6,0.002,0.0025,0.002,0.002,1.99,2026-06-22T22:30:38,0.002,2.02
route_mutation,20260622T223038_808296,of:000000000000000b:3 -> of:000000000000000d:2,0.002,0.0025,0.002,0.002,2.75,2026-06-22T22:30:38,0.002,2.75
route_mutation,20260622T223038_808296,of:000000000000000c:3 -> of:000000000000000d:3,0.002,0.0025,0.002,0.002,2.85,2026-06-22T22:30:38,0.002,2.85
route_mutation,20260622T223038_808296,of:0000000000000005:2 -> of:0000000000000009:3,0.002,0.0025,0.002,0.002,2.69,2026-06-22T22:30:38,0.002,2.69
route_mutation,20260622T223038_808296,of:0000000000000001:1 -> of:000000000000000b:1,0.002,0.0025,0.002,0.002,1.99,2026-06-22T22:30:38,0.002,1.96
route_mutation,20260622T223038_808296,of:000000000000000b:2 -> of:000000000000000c:2,0.002,0.0025,0.002,0.002,2.75,2026-06-22T22:30:38,0.002,2.75
route_mutation,20260622T223038_808296,of:0000000000000001:2 -> of:000000000000000c:1,0.002,0.0025,0.002,0.002,2.69,2026-06-22T22:30:38,0.002,2.62
route_mutation,20260622T223038_808296,of:0000000000000006:2 -> of:000000000000000a:2,0.002,0.0025,0.002,0.002,2.65,2026-06-22T22:30:38,0.002,2.65
route_mutation,20260622T223038_808296,of:0000000000000001:3 -> of:000000000000000d:1,0.003,0.00375,0.003,0.003,3.82,2026-06-22T22:30:38,0.003,3.92
route_mutation,20260622T223038_808296,of:0000000000000003:1 -> of:000000000000000b:5,0.002,0.0025,0.002,0.002,1.96,2026-06-22T22:30:38,0.002,1.99
route_mutation,20260622T223038_808296,of:0000000000000006:1 -> of:000000000000000d:4,0.003,0.00375,0.003,0.003,3.19,2026-06-22T22:30:38,0.003,3.22
route_mutation,20260622T223038_808296,of:0000000000000007:2 -> of:000000000000000a:3,0.002,0.0025,0.002,0.002,2.65,2026-06-22T22:30:38,0.002,2.65
route_mutation,20260622T223038_808296,of:0000000000000007:1 -> of:000000000000000d:5,0.002,0.0025,0.002,0.002,2.72,2026-06-22T22:30:38,0.002,2.69
route_mutation,20260622T223038_808296,of:0000000000000002:2 -> of:0000000000000008:2,0.002,0.0025,0.002,0.002,2.69,2026-06-22T22:30:38,0.002,2.69
route_mutation,20260622T223038_808296,of:0000000000000003:2 -> of:0000000000000008:3,0.002,0.0025,0.002,0.002,2.69,2026-06-22T22:30:38,0.002,2.69
route_mutation,20260622T223038_808296,of:0000000000000008:1 -> of:000000000000000b:6,0.002,0.0025,0.002,0.002,1.92,2026-06-22T22:30:38,0.002,1.92
route_mutation,20260622T223038_808296,of:0000000000000004:2 -> of:0000000000000009:2,0.002,0.0025,0.002,0.002,2.69,2026-06-22T22:30:38,0.002,2.69
route_mutation,20260622T223038_808296,of:0000000000000002:1 -> of:000000000000000b:4,0.002,0.0025,0.002,0.002,1.96,2026-06-22T22:30:38,0.002,1.99
route_mutation,20260622T223038_808296,of:0000000000000009:1 -> of:000000000000000c:6,0.002,0.0025,0.002,0.002,1.99,2026-06-22T22:30:38,0.002,2.02
ip_shuffle,20260622T223109_039385,of:0000000000000004:1 -> of:000000000000000c:4,0.001,0.00125,0.001,0.001,1.46,2026-06-22T22:31:09,0.001,1.4
ip_shuffle,20260622T223109_039385,of:0000000000000005:1 -> of:000000000000000c:5,0.001,0.00125,0.001,0.001,1.46,2026-06-22T22:31:09,0.001,1.4
ip_shuffle,20260622T223109_039385,of:000000000000000a:1 -> of:000000000000000d:6,0.001,0.00125,0.001,0.001,1.43,2026-06-22T22:31:09,0.001,1.4
ip_shuffle,20260622T223109_039385,of:000000000000000b:3 -> of:000000000000000d:2,0.002,0.0025,0.002,0.002,1.56,2026-06-22T22:31:09,0.002,1.56
ip_shuffle,20260622T223109_039385,of:000000000000000c:3 -> of:000000000000000d:3,0.001,0.00125,0.001,0.001,1.46,2026-06-22T22:31:09,0.001,1.46
ip_shuffle,20260622T223109_039385,of:0000000000000005:2 -> of:0000000000000009:3,0.002,0.0025,0.002,0.002,1.7,2026-06-22T22:31:09,0.002,1.7
ip_shuffle,20260622T223109_039385,of:0000000000000001:1 -> of:000000000000000b:1,0.002,0.0025,0.002,0.002,1.5,2026-06-22T22:31:09,0.002,1.53
ip_shuffle,20260622T223109_039385,of:000000000000000b:2 -> of:000000000000000c:2,0.002,0.0025,0.002,0.002,1.56,2026-06-22T22:31:09,0.002,1.56
ip_shuffle,20260622T223109_039385,of:0000000000000001:2 -> of:000000000000000c:1,0.001,0.00125,0.001,0.001,1.4,2026-06-22T22:31:09,0.001,1.46
ip_shuffle,20260622T223109_039385,of:0000000000000006:2 -> of:000000000000000a:2,0.002,0.0025,0.002,0.002,1.66,2026-06-22T22:31:09,0.002,1.66
ip_shuffle,20260622T223109_039385,of:0000000000000001:3 -> of:000000000000000d:1,0.002,0.0025,0.002,0.002,2.16,2026-06-22T22:31:09,0.002,2.06
ip_shuffle,20260622T223109_039385,of:0000000000000003:1 -> of:000000000000000b:5,0.002,0.0025,0.002,0.002,1.53,2026-06-22T22:31:09,0.002,1.5
ip_shuffle,20260622T223109_039385,of:0000000000000006:1 -> of:000000000000000d:4,0.001,0.00125,0.001,0.001,1.43,2026-06-22T22:31:09,0.001,1.4
ip_shuffle,20260622T223109_039385,of:0000000000000007:2 -> of:000000000000000a:3,0.002,0.0025,0.002,0.002,1.66,2026-06-22T22:31:09,0.002,1.66
ip_shuffle,20260622T223109_039385,of:0000000000000007:1 -> of:000000000000000d:5,0.002,0.0025,0.002,0.002,2.0,2026-06-22T22:31:09,0.002,2.03
ip_shuffle,20260622T223109_039385,of:0000000000000002:2 -> of:0000000000000008:2,0.002,0.0025,0.002,0.002,1.7,2026-06-22T22:31:09,0.002,1.7
ip_shuffle,20260622T223109_039385,of:0000000000000003:2 -> of:0000000000000008:3,0.002,0.0025,0.002,0.002,1.7,2026-06-22T22:31:09,0.002,1.7
ip_shuffle,20260622T223109_039385,of:0000000000000008:1 -> of:000000000000000b:6,0.002,0.0025,0.002,0.002,1.5,2026-06-22T22:31:09,0.002,1.5
ip_shuffle,20260622T223109_039385,of:0000000000000004:2 -> of:0000000000000009:2,0.002,0.0025,0.002,0.002,1.7,2026-06-22T22:31:09,0.002,1.7
ip_shuffle,20260622T223109_039385,of:0000000000000002:1 -> of:000000000000000b:4,0.002,0.0025,0.002,0.002,1.53,2026-06-22T22:31:09,0.002,1.5
ip_shuffle,20260622T223109_039385,of:0000000000000009:1 -> of:000000000000000c:6,0.001,0.00125,0.001,0.001,1.43,2026-06-22T22:31:09,0.001,1.4
ip_shuffle,20260622T223213_609937,of:0000000000000004:1 -> of:000000000000000c:4,0.002,0.0025,0.002,0.002,2.2,2026-06-22T22:32:13,0.002,2.23
ip_shuffle,20260622T223213_609937,of:0000000000000005:1 -> of:000000000000000c:5,0.002,0.0025,0.002,0.002,2.6,2026-06-22T22:32:13,0.002,2.63
ip_shuffle,20260622T223213_609937,of:000000000000000a:1 -> of:000000000000000d:6,0.002,0.0025,0.002,0.002,1.83,2026-06-22T22:32:13,0.002,1.86
ip_shuffle,20260622T223213_609937,of:000000000000000b:3 -> of:000000000000000d:2,0.002,0.0025,0.002,0.002,2.5,2026-06-22T22:32:13,0.002,2.5
ip_shuffle,20260622T223213_609937,of:000000000000000c:3 -> of:000000000000000d:3,0.002,0.0025,0.002,0.002,2.5,2026-06-22T22:32:13,0.002,2.5
ip_shuffle,20260622T223213_609937,of:0000000000000005:2 -> of:0000000000000009:3,0.002,0.0025,0.002,0.002,2.3,2026-06-22T22:32:13,0.002,2.3
ip_shuffle,20260622T223213_609937,of:0000000000000001:1 -> of:000000000000000b:1,0.002,0.0025,0.002,0.002,1.93,2026-06-22T22:32:13,0.002,1.86
ip_shuffle,20260622T223213_609937,of:000000000000000b:2 -> of:000000000000000c:2,0.002,0.0025,0.002,0.002,2.46,2026-06-22T22:32:13,0.002,2.46
ip_shuffle,20260622T223213_609937,of:0000000000000001:2 -> of:000000000000000c:1,0.003,0.00375,0.003,0.003,3.16,2026-06-22T22:32:13,0.003,3.09
ip_shuffle,20260622T223213_609937,of:0000000000000006:2 -> of:000000000000000a:2,0.002,0.0025,0.002,0.002,2.3,2026-06-22T22:32:13,0.002,2.3
ip_shuffle,20260622T223213_609937,of:0000000000000001:3 -> of:000000000000000d:1,0.003,0.00375,0.003,0.003,3.19,2026-06-22T22:32:13,0.003,3.33
ip_shuffle,20260622T223213_609937,of:0000000000000003:1 -> of:000000000000000b:5,0.002,0.0025,0.002,0.002,1.9,2026-06-22T22:32:13,0.002,1.93
ip_shuffle,20260622T223213_609937,of:0000000000000006:1 -> of:000000000000000d:4,0.003,0.00375,0.003,0.002,3.0,2026-06-22T22:32:13,0.003,3.06
ip_shuffle,20260622T223213_609937,of:0000000000000007:2 -> of:000000000000000a:3,0.002,0.0025,0.002,0.002,2.33,2026-06-22T22:32:13,0.002,2.33
ip_shuffle,20260622T223213_609937,of:0000000000000007:1 -> of:000000000000000d:5,0.002,0.0025,0.002,0.002,2.13,2026-06-22T22:32:13,0.002,2.1
ip_shuffle,20260622T223213_609937,of:0000000000000002:2 -> of:0000000000000008:2,0.002,0.0025,0.002,0.002,2.36,2026-06-22T22:32:13,0.002,2.36
ip_shuffle,20260622T223213_609937,of:0000000000000003:2 -> of:0000000000000008:3,0.002,0.0025,0.002,0.002,2.36,2026-06-22T22:32:13,0.002,2.36
ip_shuffle,20260622T223213_609937,of:0000000000000008:1 -> of:000000000000000b:6,0.002,0.0025,0.002,0.002,1.83,2026-06-22T22:32:13,0.002,1.83
ip_shuffle,20260622T223213_609937,of:0000000000000004:2 -> of:0000000000000009:2,0.002,0.0025,0.002,0.002,2.3,2026-06-22T22:32:13,0.002,2.3
ip_shuffle,20260622T223213_609937,of:0000000000000002:1 -> of:000000000000000b:4,0.002,0.0025,0.002,0.002,1.86,2026-06-22T22:32:13,0.002,1.9
ip_shuffle,20260622T223213_609937,of:0000000000000009:1 -> of:000000000000000c:6,0.002,0.0025,0.002,0.002,1.83,2026-06-22T22:32:13,0.002,1.83
route_mutation,20260622T223311_488158,of:0000000000000004:1 -> of:000000000000000c:4,0.002,0.0025,0.002,0.002,1.46,2026-06-22T22:33:11,0.002,1.5
route_mutation,20260622T223311_488158,of:0000000000000005:1 -> of:000000000000000c:5,0.002,0.0025,0.002,0.002,1.46,2026-06-22T22:33:11,0.002,1.5
route_mutation,20260622T223311_488158,of:000000000000000a:1 -> of:000000000000000d:6,0.002,0.0025,0.002,0.002,1.5,2026-06-22T22:33:11,0.002,1.5
route_mutation,20260622T223311_488158,of:000000000000000b:3 -> of:000000000000000d:2,0.002,0.0025,0.002,0.002,1.7,2026-06-22T22:33:11,0.002,1.66
route_mutation,20260622T223311_488158,of:000000000000000c:3 -> of:000000000000000d:3,0.002,0.0025,0.002,0.002,1.66,2026-06-22T22:33:11,0.002,1.66
route_mutation,20260622T223311_488158,of:0000000000000005:2 -> of:0000000000000009:3,0.002,0.0025,0.002,0.002,1.63,2026-06-22T22:33:11,0.002,1.63
route_mutation,20260622T223311_488158,of:0000000000000001:1 -> of:000000000000000b:1,0.003,0.00375,0.003,0.003,3.23,2026-06-22T22:33:11,0.003,3.26
route_mutation,20260622T223311_488158,of:000000000000000b:2 -> of:000000000000000c:2,0.002,0.0025,0.002,0.002,1.66,2026-06-22T22:33:11,0.002,1.66
route_mutation,20260622T223311_488158,of:0000000000000001:2 -> of:000000000000000c:1,0.001,0.00125,0.001,0.001,1.43,2026-06-22T22:33:11,0.001,1.36
route_mutation,20260622T223311_488158,of:0000000000000006:2 -> of:000000000000000a:2,0.002,0.0025,0.002,0.002,1.63,2026-06-22T22:33:11,0.002,1.63
route_mutation,20260622T223311_488158,of:0000000000000001:3 -> of:000000000000000d:1,0.001,0.00125,0.001,0.001,1.43,2026-06-22T22:33:11,0.001,1.36
route_mutation,20260622T223311_488158,of:0000000000000003:1 -> of:000000000000000b:5,0.002,0.0025,0.002,0.002,2.26,2026-06-22T22:33:11,0.002,2.2
route_mutation,20260622T223311_488158,of:0000000000000006:1 -> of:000000000000000d:4,0.002,0.0025,0.002,0.002,1.46,2026-06-22T22:33:11,0.002,1.5
route_mutation,20260622T223311_488158,of:0000000000000007:2 -> of:000000000000000a:3,0.002,0.0025,0.002,0.002,1.63,2026-06-22T22:33:11,0.002,1.63
route_mutation,20260622T223311_488158,of:0000000000000007:1 -> of:000000000000000d:5,0.002,0.0025,0.002,0.002,1.46,2026-06-22T22:33:11,0.002,1.5
route_mutation,20260622T223311_488158,of:0000000000000002:2 -> of:0000000000000008:2,0.001,0.00125,0.001,0.001,1.53,2026-06-22T22:33:11,0.001,1.53
route_mutation,20260622T223311_488158,of:0000000000000003:2 -> of:0000000000000008:3,0.001,0.00125,0.001,0.001,1.53,2026-06-22T22:33:11,0.001,1.53
route_mutation,20260622T223311_488158,of:0000000000000008:1 -> of:000000000000000b:6,0.002,0.0025,0.002,0.002,1.5,2026-06-22T22:33:11,0.002,1.5
route_mutation,20260622T223311_488158,of:0000000000000004:2 -> of:0000000000000009:2,0.002,0.0025,0.002,0.002,1.63,2026-06-22T22:33:11,0.002,1.63
route_mutation,20260622T223311_488158,of:0000000000000002:1 -> of:000000000000000b:4,0.002,0.0025,0.002,0.002,2.4,2026-06-22T22:33:11,0.002,2.46
route_mutation,20260622T223311_488158,of:0000000000000009:1 -> of:000000000000000c:6,0.002,0.0025,0.002,0.002,1.5,2026-06-22T22:33:11,0.002,1.5
ip_shuffle,20260622T223341_878996,of:0000000000000004:1 -> of:000000000000000c:4,0.002,0.0025,0.002,0.002,2.53,2026-06-22T22:33:41,0.002,2.53
ip_shuffle,20260622T223341_878996,of:0000000000000005:1 -> of:000000000000000c:5,0.002,0.0025,0.002,0.002,2.53,2026-06-22T22:33:41,0.002,2.53
ip_shuffle,20260622T223341_878996,of:000000000000000a:1 -> of:000000000000000d:6,0.002,0.0025,0.002,0.002,1.76,2026-06-22T22:33:41,0.002,1.8
ip_shuffle,20260622T223341_878996,of:000000000000000b:3 -> of:000000000000000d:2,0.002,0.0025,0.002,0.002,2.23,2026-06-22T22:33:41,0.002,2.23
ip_shuffle,20260622T223341_878996,of:000000000000000c:3 -> of:000000000000000d:3,0.002,0.0025,0.002,0.002,2.26,2026-06-22T22:33:41,0.002,2.26
ip_shuffle,20260622T223341_878996,of:0000000000000005:2 -> of:0000000000000009:3,0.002,0.0025,0.002,0.002,2.1,2026-06-22T22:33:41,0.002,2.1
ip_shuffle,20260622T223341_878996,of:0000000000000001:1 -> of:000000000000000b:1,0.002,0.0025,0.002,0.002,2.06,2026-06-22T22:33:41,0.002,1.96
ip_shuffle,20260622T223341_878996,of:000000000000000b:2 -> of:000000000000000c:2,0.002,0.0025,0.002,0.002,2.23,2026-06-22T22:33:41,0.002,2.23
ip_shuffle,20260622T223341_878996,of:0000000000000001:2 -> of:000000000000000c:1,0.003,0.00375,0.003,0.003,3.39,2026-06-22T22:33:41,0.003,3.39
ip_shuffle,20260622T223341_878996,of:0000000000000006:2 -> of:000000000000000a:2,0.002,0.0025,0.002,0.002,2.16,2026-06-22T22:33:41,0.002,2.16
ip_shuffle,20260622T223341_878996,of:0000000000000001:3 -> of:000000000000000d:1,0.003,0.00375,0.003,0.002,2.8,2026-06-22T22:33:41,0.003,2.96
ip_shuffle,20260622T223341_878996,of:0000000000000003:1 -> of:000000000000000b:5,0.002,0.0025,0.002,0.002,1.93,2026-06-22T22:33:41,0.002,2.03
ip_shuffle,20260622T223341_878996,of:0000000000000006:1 -> of:000000000000000d:4,0.002,0.0025,0.002,0.002,2.83,2026-06-22T22:33:41,0.002,2.76
ip_shuffle,20260622T223341_878996,of:0000000000000007:2 -> of:000000000000000a:3,0.002,0.0025,0.002,0.002,2.16,2026-06-22T22:33:41,0.002,2.16
ip_shuffle,20260622T223341_878996,of:0000000000000007:1 -> of:000000000000000d:5,0.002,0.0025,0.002,0.002,1.76,2026-06-22T22:33:41,0.002,1.73
ip_shuffle,20260622T223341_878996,of:0000000000000002:2 -> of:0000000000000008:2,0.002,0.0025,0.002,0.002,2.16,2026-06-22T22:33:41,0.002,2.16
ip_shuffle,20260622T223341_878996,of:0000000000000003:2 -> of:0000000000000008:3,0.002,0.0025,0.002,0.002,2.16,2026-06-22T22:33:41,0.002,2.16
ip_shuffle,20260622T223341_878996,of:0000000000000008:1 -> of:000000000000000b:6,0.002,0.0025,0.002,0.002,1.7,2026-06-22T22:33:41,0.002,1.7
ip_shuffle,20260622T223341_878996,of:0000000000000004:2 -> of:0000000000000009:2,0.002,0.0025,0.002,0.002,2.1,2026-06-22T22:33:41,0.002,2.1
ip_shuffle,20260622T223341_878996,of:0000000000000002:1 -> of:000000000000000b:4,0.002,0.0025,0.002,0.002,1.8,2026-06-22T22:33:41,0.002,1.76
ip_shuffle,20260622T223341_878996,of:0000000000000009:1 -> of:000000000000000c:6,0.002,0.0025,0.002,0.002,1.7,2026-06-22T22:33:41,0.002,1.73
ip_shuffle,20260622T223439_718944,of:0000000000000004:1 -> of:000000000000000c:4,0.002,0.0025,0.002,0.002,1.43,2026-06-22T22:34:39,0.002,1.43
ip_shuffle,20260622T223439_718944,of:0000000000000005:1 -> of:000000000000000c:5,0.002,0.0025,0.002,0.002,1.43,2026-06-22T22:34:39,0.002,1.43
ip_shuffle,20260622T223439_718944,of:000000000000000a:1 -> of:000000000000000d:6,0.002,0.0025,0.002,0.002,1.43,2026-06-22T22:34:39,0.002,1.43
ip_shuffle,20260622T223439_718944,of:000000000000000b:3 -> of:000000000000000d:2,0.002,0.0025,0.002,0.002,1.53,2026-06-22T22:34:39,0.002,1.53
ip_shuffle,20260622T223439_718944,of:000000000000000c:3 -> of:000000000000000d:3,0.002,0.0025,0.002,0.002,1.53,2026-06-22T22:34:39,0.002,1.53
ip_shuffle,20260622T223439_718944,of:0000000000000005:2 -> of:0000000000000009:3,0.002,0.0025,0.002,0.002,1.56,2026-06-22T22:34:39,0.002,1.56
ip_shuffle,20260622T223439_718944,of:0000000000000001:1 -> of:000000000000000b:1,0.002,0.0025,0.002,0.002,2.6,2026-06-22T22:34:39,0.002,2.6
ip_shuffle,20260622T223439_718944,of:000000000000000b:2 -> of:000000000000000c:2,0.002,0.0025,0.002,0.002,1.53,2026-06-22T22:34:39,0.002,1.53
ip_shuffle,20260622T223439_718944,of:0000000000000001:2 -> of:000000000000000c:1,0.001,0.00125,0.001,0.001,1.36,2026-06-22T22:34:39,0.001,1.36
ip_shuffle,20260622T223439_718944,of:0000000000000006:2 -> of:000000000000000a:2,0.002,0.0025,0.002,0.002,1.53,2026-06-22T22:34:39,0.002,1.56
ip_shuffle,20260622T223439_718944,of:0000000000000001:3 -> of:000000000000000d:1,0.001,0.00125,0.001,0.001,1.36,2026-06-22T22:34:39,0.001,1.36
ip_shuffle,20260622T223439_718944,of:0000000000000003:1 -> of:000000000000000b:5,0.002,0.0025,0.002,0.002,1.63,2026-06-22T22:34:39,0.002,1.63
ip_shuffle,20260622T223439_718944,of:0000000000000006:1 -> of:000000000000000d:4,0.002,0.0025,0.002,0.002,1.43,2026-06-22T22:34:39,0.002,1.43
ip_shuffle,20260622T223439_718944,of:0000000000000007:2 -> of:000000000000000a:3,0.002,0.0025,0.002,0.002,1.53,2026-06-22T22:34:39,0.002,1.53
ip_shuffle,20260622T223439_718944,of:0000000000000007:1 -> of:000000000000000d:5,0.002,0.0025,0.002,0.002,1.43,2026-06-22T22:34:39,0.002,1.43
ip_shuffle,20260622T223439_718944,of:0000000000000002:2 -> of:0000000000000008:2,0.001,0.00125,0.001,0.001,1.46,2026-06-22T22:34:39,0.001,1.46
ip_shuffle,20260622T223439_718944,of:0000000000000003:2 -> of:0000000000000008:3,0.001,0.00125,0.001,0.001,1.46,2026-06-22T22:34:39,0.001,1.46
ip_shuffle,20260622T223439_718944,of:0000000000000008:1 -> of:000000000000000b:6,0.002,0.0025,0.002,0.002,1.43,2026-06-22T22:34:39,0.002,1.43
ip_shuffle,20260622T223439_718944,of:0000000000000004:2 -> of:0000000000000009:2,0.002,0.0025,0.002,0.002,1.53,2026-06-22T22:34:39,0.002,1.53
ip_shuffle,20260622T223439_718944,of:0000000000000002:1 -> of:000000000000000b:4,0.002,0.0025,0.002,0.002,2.4,2026-06-22T22:34:39,0.002,2.4
ip_shuffle,20260622T223439_718944,of:0000000000000009:1 -> of:000000000000000c:6,0.002,0.0025,0.002,0.002,1.43,2026-06-22T22:34:39,0.002,1.43
ip_shuffle,20260622T223543_981930,of:0000000000000004:1 -> of:000000000000000c:4,0.002,0.0025,0.002,0.002,1.96,2026-06-22T22:35:43,0.002,1.93
ip_shuffle,20260622T223543_981930,of:0000000000000005:1 -> of:000000000000000c:5,0.002,0.0025,0.002,0.002,1.96,2026-06-22T22:35:43,0.002,1.93
ip_shuffle,20260622T223543_981930,of:000000000000000a:1 -> of:000000000000000d:6,0.002,0.0025,0.002,0.002,1.86,2026-06-22T22:35:43,0.002,1.83
ip_shuffle,20260622T223543_981930,of:000000000000000b:3 -> of:000000000000000d:2,0.002,0.0025,0.002,0.002,2.5,2026-06-22T22:35:43,0.002,2.5
ip_shuffle,20260622T223543_981930,of:000000000000000c:3 -> of:000000000000000d:3,0.002,0.0025,0.002,0.002,2.5,2026-06-22T22:35:43,0.002,2.5
ip_shuffle,20260622T223543_981930,of:0000000000000005:2 -> of:0000000000000009:3,0.002,0.0025,0.002,0.002,2.7,2026-06-22T22:35:43,0.002,2.7
ip_shuffle,20260622T223543_981930,of:0000000000000001:1 -> of:000000000000000b:1,0.002,0.0025,0.002,0.002,1.93,2026-06-22T22:35:43,0.002,1.96
ip_shuffle,20260622T223543_981930,of:000000000000000b:2 -> of:000000000000000c:2,0.002,0.0025,0.002,0.002,2.53,2026-06-22T22:35:43,0.002,2.53
ip_shuffle,20260622T223543_981930,of:0000000000000001:2 -> of:000000000000000c:1,0.002,0.0025,0.002,0.002,1.93,2026-06-22T22:35:43,0.002,1.96
ip_shuffle,20260622T223543_981930,of:0000000000000006:2 -> of:000000000000000a:2,0.002,0.0025,0.002,0.002,2.63,2026-06-22T22:35:43,0.002,2.63
ip_shuffle,20260622T223543_981930,of:0000000000000001:3 -> of:000000000000000d:1,0.003,0.00375,0.003,0.003,3.83,2026-06-22T22:35:43,0.003,3.73
ip_shuffle,20260622T223543_981930,of:0000000000000003:1 -> of:000000000000000b:5,0.002,0.0025,0.002,0.002,1.96,2026-06-22T22:35:43,0.002,1.93
ip_shuffle,20260622T223543_981930,of:0000000000000006:1 -> of:000000000000000d:4,0.002,0.0025,0.002,0.002,2.36,2026-06-22T22:35:43,0.002,2.4
ip_shuffle,20260622T223543_981930,of:0000000000000007:2 -> of:000000000000000a:3,0.002,0.0025,0.002,0.002,2.63,2026-06-22T22:35:43,0.002,2.63
ip_shuffle,20260622T223543_981930,of:0000000000000007:1 -> of:000000000000000d:5,0.003,0.00375,0.003,0.003,3.26,2026-06-22T22:35:43,0.003,3.19
ip_shuffle,20260622T223543_981930,of:0000000000000002:2 -> of:0000000000000008:2,0.002,0.0025,0.002,0.002,2.7,2026-06-22T22:35:43,0.002,2.7
ip_shuffle,20260622T223543_981930,of:0000000000000003:2 -> of:0000000000000008:3,0.002,0.0025,0.002,0.002,2.7,2026-06-22T22:35:43,0.002,2.7
ip_shuffle,20260622T223543_981930,of:0000000000000008:1 -> of:000000000000000b:6,0.002,0.0025,0.002,0.002,1.93,2026-06-22T22:35:43,0.002,1.93
ip_shuffle,20260622T223543_981930,of:0000000000000004:2 -> of:0000000000000009:2,0.002,0.0025,0.002,0.002,2.7,2026-06-22T22:35:43,0.002,2.7
ip_shuffle,20260622T223543_981930,of:0000000000000002:1 -> of:000000000000000b:4,0.002,0.0025,0.002,0.002,1.96,2026-06-22T22:35:43,0.002,1.93
ip_shuffle,20260622T223543_981930,of:0000000000000009:1 -> of:000000000000000c:6,0.002,0.0025,0.002,0.002,1.93,2026-06-22T22:35:43,0.002,1.93
route_mutation,20260622T223641_796954,of:0000000000000004:1 -> of:000000000000000c:4,0.002,0.0025,0.002,0.002,2.23,2026-06-22T22:36:41,0.002,2.26
route_mutation,20260622T223641_796954,of:0000000000000005:1 -> of:000000000000000c:5,0.002,0.0025,0.002,0.002,2.23,2026-06-22T22:36:41,0.002,2.26
route_mutation,20260622T223641_796954,of:000000000000000a:1 -> of:000000000000000d:6,0.002,0.0025,0.002,0.002,1.53,2026-06-22T22:36:41,0.002,1.56
route_mutation,20260622T223641_796954,of:000000000000000b:3 -> of:000000000000000d:2,0.002,0.0025,0.002,0.002,1.76,2026-06-22T22:36:41,0.002,1.76
route_mutation,20260622T223641_796954,of:000000000000000c:3 -> of:000000000000000d:3,0.002,0.0025,0.002,0.002,1.76,2026-06-22T22:36:41,0.002,1.76
route_mutation,20260622T223641_796954,of:0000000000000005:2 -> of:0000000000000009:3,0.002,0.0025,0.002,0.002,1.63,2026-06-22T22:36:41,0.002,1.63
route_mutation,20260622T223641_796954,of:0000000000000001:1 -> of:000000000000000b:1,0.003,0.00375,0.003,0.003,3.06,2026-06-22T22:36:41,0.003,3.0
route_mutation,20260622T223641_796954,of:000000000000000b:2 -> of:000000000000000c:2,0.002,0.0025,0.002,0.002,1.73,2026-06-22T22:36:41,0.002,1.73
route_mutation,20260622T223641_796954,of:0000000000000001:2 -> of:000000000000000c:1,0.003,0.00375,0.003,0.003,3.13,2026-06-22T22:36:41,0.003,3.06
route_mutation,20260622T223641_796954,of:0000000000000006:2 -> of:000000000000000a:2,0.002,0.0025,0.002,0.002,1.63,2026-06-22T22:36:41,0.002,1.63
route_mutation,20260622T223641_796954,of:0000000000000001:3 -> of:000000000000000d:1,0.002,0.0025,0.002,0.002,1.7,2026-06-22T22:36:41,0.002,1.83
route_mutation,20260622T223641_796954,of:0000000000000003:1 -> of:000000000000000b:5,0.002,0.0025,0.002,0.002,2.53,2026-06-22T22:36:41,0.002,2.56
route_mutation,20260622T223641_796954,of:0000000000000006:1 -> of:000000000000000d:4,0.002,0.0025,0.002,0.002,1.8,2026-06-22T22:36:41,0.002,1.7
route_mutation,20260622T223641_796954,of:0000000000000007:2 -> of:000000000000000a:3,0.002,0.0025,0.002,0.002,1.63,2026-06-22T22:36:41,0.002,1.63
route_mutation,20260622T223641_796954,of:0000000000000007:1 -> of:000000000000000d:5,0.001,0.00125,0.001,0.001,1.43,2026-06-22T22:36:41,0.001,1.5
route_mutation,20260622T223641_796954,of:0000000000000002:2 -> of:0000000000000008:2,0.002,0.0025,0.002,0.002,1.63,2026-06-22T22:36:41,0.002,1.63
route_mutation,20260622T223641_796954,of:0000000000000003:2 -> of:0000000000000008:3,0.002,0.0025,0.002,0.002,1.63,2026-06-22T22:36:41,0.002,1.63
route_mutation,20260622T223641_796954,of:0000000000000008:1 -> of:000000000000000b:6,0.001,0.00125,0.001,0.001,1.46,2026-06-22T22:36:41,0.001,1.46
route_mutation,20260622T223641_796954,of:0000000000000004:2 -> of:0000000000000009:2,0.002,0.0025,0.002,0.002,1.63,2026-06-22T22:36:41,0.002,1.63
route_mutation,20260622T223641_796954,of:0000000000000002:1 -> of:000000000000000b:4,0.002,0.0025,0.002,0.002,1.93,2026-06-22T22:36:41,0.002,1.96
route_mutation,20260622T223641_796954,of:0000000000000009:1 -> of:000000000000000c:6,0.002,0.0025,0.002,0.002,1.53,2026-06-22T22:36:41,0.002,1.53
ip_shuffle,20260622T223712_357305,of:0000000000000004:1 -> of:000000000000000c:4,0.002,0.0025,0.002,0.002,2.1,2026-06-22T22:37:12,0.002,2.06
ip_shuffle,20260622T223712_357305,of:0000000000000005:1 -> of:000000000000000c:5,0.002,0.0025,0.002,0.002,2.1,2026-06-22T22:37:12,0.002,2.06
ip_shuffle,20260622T223712_357305,of:000000000000000a:1 -> of:000000000000000d:6,0.002,0.0025,0.002,0.002,2.06,2026-06-22T22:37:12,0.002,2.03
ip_shuffle,20260622T223712_357305,of:000000000000000b:3 -> of:000000000000000d:2,0.002,0.0025,0.002,0.002,2.83,2026-06-22T22:37:12,0.002,2.83
ip_shuffle,20260622T223712_357305,of:000000000000000c:3 -> of:000000000000000d:3,0.002,0.0025,0.002,0.002,2.83,2026-06-22T22:37:12,0.002,2.83
ip_shuffle,20260622T223712_357305,of:0000000000000005:2 -> of:0000000000000009:3,0.002,0.0025,0.002,0.002,2.89,2026-06-22T22:37:12,0.002,2.89
ip_shuffle,20260622T223712_357305,of:0000000000000001:1 -> of:000000000000000b:1,0.002,0.0025,0.002,0.002,2.06,2026-06-22T22:37:12,0.002,2.13
ip_shuffle,20260622T223712_357305,of:000000000000000b:2 -> of:000000000000000c:2,0.002,0.0025,0.002,0.002,2.8,2026-06-22T22:37:12,0.002,2.8
ip_shuffle,20260622T223712_357305,of:0000000000000001:2 -> of:000000000000000c:1,0.002,0.0025,0.002,0.002,2.06,2026-06-22T22:37:12,0.002,2.13
ip_shuffle,20260622T223712_357305,of:0000000000000006:2 -> of:000000000000000a:2,0.002,0.0025,0.002,0.002,2.89,2026-06-22T22:37:12,0.002,2.89
ip_shuffle,20260622T223712_357305,of:0000000000000001:3 -> of:000000000000000d:1,0.003,0.00375,0.003,0.003,4.39,2026-06-22T22:37:12,0.003,4.26
ip_shuffle,20260622T223712_357305,of:0000000000000003:1 -> of:000000000000000b:5,0.002,0.0025,0.002,0.002,2.1,2026-06-22T22:37:12,0.002,2.06
ip_shuffle,20260622T223712_357305,of:0000000000000006:1 -> of:000000000000000d:4,0.002,0.0025,0.002,0.002,2.99,2026-06-22T22:37:12,0.002,3.09
ip_shuffle,20260622T223712_357305,of:0000000000000007:2 -> of:000000000000000a:3,0.002,0.0025,0.002,0.002,2.89,2026-06-22T22:37:12,0.002,2.89
ip_shuffle,20260622T223712_357305,of:0000000000000007:1 -> of:000000000000000d:5,0.003,0.00375,0.003,0.003,3.43,2026-06-22T22:37:12,0.003,3.36
ip_shuffle,20260622T223712_357305,of:0000000000000002:2 -> of:0000000000000008:2,0.002,0.0025,0.002,0.002,2.96,2026-06-22T22:37:12,0.002,2.96
ip_shuffle,20260622T223712_357305,of:0000000000000003:2 -> of:0000000000000008:3,0.002,0.0025,0.002,0.002,2.96,2026-06-22T22:37:12,0.002,2.96
ip_shuffle,20260622T223712_357305,of:0000000000000008:1 -> of:000000000000000b:6,0.002,0.0025,0.002,0.002,2.06,2026-06-22T22:37:12,0.002,2.06
ip_shuffle,20260622T223712_357305,of:0000000000000004:2 -> of:0000000000000009:2,0.002,0.0025,0.002,0.002,2.89,2026-06-22T22:37:12,0.002,2.89
ip_shuffle,20260622T223712_357305,of:0000000000000002:1 -> of:000000000000000b:4,0.002,0.0025,0.002,0.002,2.1,2026-06-22T22:37:12,0.002,2.06
ip_shuffle,20260622T223712_357305,of:0000000000000009:1 -> of:000000000000000c:6,0.002,0.0025,0.002,0.002,2.0,2026-06-22T22:37:12,0.002,2.0
route_mutation,20260622T223816_919213,of:0000000000000004:1 -> of:000000000000000c:4,0.002,0.0025,0.002,0.002,2.23,2026-06-22T22:38:16,0.002,2.2
route_mutation,20260622T223816_919213,of:0000000000000005:1 -> of:000000000000000c:5,0.002,0.0025,0.002,0.002,1.83,2026-06-22T22:38:16,0.002,1.8
route_mutation,20260622T223816_919213,of:000000000000000a:1 -> of:000000000000000d:6,0.002,0.0025,0.002,0.002,1.46,2026-06-22T22:38:16,0.002,1.43
route_mutation,20260622T223816_919213,of:000000000000000b:3 -> of:000000000000000d:2,0.002,0.0025,0.002,0.002,1.56,2026-06-22T22:38:16,0.002,1.56
route_mutation,20260622T223816_919213,of:000000000000000c:3 -> of:000000000000000d:3,0.002,0.0025,0.002,0.002,1.56,2026-06-22T22:38:16,0.002,1.56
route_mutation,20260622T223816_919213,of:0000000000000005:2 -> of:0000000000000009:3,0.002,0.0025,0.002,0.002,1.56,2026-06-22T22:38:16,0.002,1.56
route_mutation,20260622T223816_919213,of:0000000000000001:1 -> of:000000000000000b:1,0.003,0.00375,0.003,0.003,3.53,2026-06-22T22:38:16,0.003,3.49
route_mutation,20260622T223816_919213,of:000000000000000b:2 -> of:000000000000000c:2,0.002,0.0025,0.002,0.002,1.6,2026-06-22T22:38:16,0.002,1.6
route_mutation,20260622T223816_919213,of:0000000000000001:2 -> of:000000000000000c:1,0.002,0.0025,0.002,0.002,2.63,2026-06-22T22:38:16,0.002,2.73
route_mutation,20260622T223816_919213,of:0000000000000006:2 -> of:000000000000000a:2,0.002,0.0025,0.002,0.002,1.56,2026-06-22T22:38:16,0.002,1.56
route_mutation,20260622T223816_919213,of:0000000000000001:3 -> of:000000000000000d:1,0.002,0.0025,0.002,0.002,1.43,2026-06-22T22:38:16,0.002,1.53
route_mutation,20260622T223816_919213,of:0000000000000003:1 -> of:000000000000000b:5,0.002,0.0025,0.002,0.002,2.46,2026-06-22T22:38:16,0.002,2.43
route_mutation,20260622T223816_919213,of:0000000000000006:1 -> of:000000000000000d:4,0.001,0.00125,0.001,0.001,1.43,2026-06-22T22:38:16,0.001,1.36
route_mutation,20260622T223816_919213,of:0000000000000007:2 -> of:000000000000000a:3,0.002,0.0025,0.002,0.002,1.56,2026-06-22T22:38:16,0.002,1.56
route_mutation,20260622T223816_919213,of:0000000000000007:1 -> of:000000000000000d:5,0.001,0.00125,0.001,0.001,1.43,2026-06-22T22:38:16,0.001,1.36
route_mutation,20260622T223816_919213,of:0000000000000002:2 -> of:0000000000000008:2,0.002,0.0025,0.002,0.002,1.56,2026-06-22T22:38:16,0.002,1.56
route_mutation,20260622T223816_919213,of:0000000000000003:2 -> of:0000000000000008:3,0.002,0.0025,0.002,0.002,1.56,2026-06-22T22:38:16,0.002,1.56
route_mutation,20260622T223816_919213,of:0000000000000008:1 -> of:000000000000000b:6,0.002,0.0025,0.002,0.002,1.46,2026-06-22T22:38:16,0.002,1.46
route_mutation,20260622T223816_919213,of:0000000000000004:2 -> of:0000000000000009:2,0.002,0.0025,0.002,0.002,1.56,2026-06-22T22:38:16,0.002,1.56
route_mutation,20260622T223816_919213,of:0000000000000002:1 -> of:000000000000000b:4,0.002,0.0025,0.002,0.002,2.36,2026-06-22T22:38:16,0.002,2.4
route_mutation,20260622T223816_919213,of:0000000000000009:1 -> of:000000000000000c:6,0.002,0.0025,0.002,0.002,1.46,2026-06-22T22:38:16,0.002,1.46
ip_shuffle,20260622T223847_366181,of:0000000000000004:1 -> of:000000000000000c:4,0.002,0.0025,0.002,0.002,2.03,2026-06-22T22:38:47,0.002,2.06
ip_shuffle,20260622T223847_366181,of:0000000000000005:1 -> of:000000000000000c:5,0.002,0.0025,0.002,0.002,2.43,2026-06-22T22:38:47,0.002,2.46
ip_shuffle,20260622T223847_366181,of:000000000000000a:1 -> of:000000000000000d:6,0.002,0.0025,0.002,0.002,2.06,2026-06-22T22:38:47,0.002,2.06
ip_shuffle,20260622T223847_366181,of:000000000000000b:3 -> of:000000000000000d:2,0.002,0.0025,0.002,0.002,2.86,2026-06-22T22:38:47,0.002,2.86
ip_shuffle,20260622T223847_366181,of:000000000000000c:3 -> of:000000000000000d:3,0.002,0.0025,0.002,0.002,2.86,2026-06-22T22:38:47,0.002,2.86
ip_shuffle,20260622T223847_366181,of:0000000000000005:2 -> of:0000000000000009:3,0.002,0.0025,0.002,0.002,2.8,2026-06-22T22:38:47,0.002,2.8
ip_shuffle,20260622T223847_366181,of:0000000000000001:1 -> of:000000000000000b:1,0.002,0.0025,0.002,0.002,2.06,2026-06-22T22:38:47,0.002,2.0
ip_shuffle,20260622T223847_366181,of:000000000000000b:2 -> of:000000000000000c:2,0.002,0.0025,0.002,0.002,2.8,2026-06-22T22:38:47,0.002,2.8
ip_shuffle,20260622T223847_366181,of:0000000000000001:2 -> of:000000000000000c:1,0.002,0.0025,0.002,0.002,2.53,2026-06-22T22:38:47,0.002,2.43
ip_shuffle,20260622T223847_366181,of:0000000000000006:2 -> of:000000000000000a:2,0.002,0.0025,0.002,0.002,2.83,2026-06-22T22:38:47,0.002,2.83
ip_shuffle,20260622T223847_366181,of:0000000000000001:3 -> of:000000000000000d:1,0.003,0.00375,0.003,0.003,3.96,2026-06-22T22:38:47,0.003,4.03
ip_shuffle,20260622T223847_366181,of:0000000000000003:1 -> of:000000000000000b:5,0.002,0.0025,0.002,0.002,2.0,2026-06-22T22:38:47,0.002,2.06
ip_shuffle,20260622T223847_366181,of:0000000000000006:1 -> of:000000000000000d:4,0.003,0.00375,0.003,0.003,3.29,2026-06-22T22:38:47,0.003,3.33
ip_shuffle,20260622T223847_366181,of:0000000000000007:2 -> of:000000000000000a:3,0.002,0.0025,0.002,0.002,2.83,2026-06-22T22:38:47,0.002,2.83
ip_shuffle,20260622T223847_366181,of:0000000000000007:1 -> of:000000000000000d:5,0.002,0.0025,0.002,0.002,2.86,2026-06-22T22:38:47,0.002,2.83
ip_shuffle,20260622T223847_366181,of:0000000000000002:2 -> of:0000000000000008:2,0.002,0.0025,0.002,0.002,2.76,2026-06-22T22:38:47,0.002,2.76
ip_shuffle,20260622T223847_366181,of:0000000000000003:2 -> of:0000000000000008:3,0.002,0.0025,0.002,0.002,2.76,2026-06-22T22:38:47,0.002,2.76
ip_shuffle,20260622T223847_366181,of:0000000000000008:1 -> of:000000000000000b:6,0.002,0.0025,0.002,0.002,1.96,2026-06-22T22:38:47,0.002,2.0
ip_shuffle,20260622T223847_366181,of:0000000000000004:2 -> of:0000000000000009:2,0.002,0.0025,0.002,0.002,2.8,2026-06-22T22:38:47,0.002,2.8
ip_shuffle,20260622T223847_366181,of:0000000000000002:1 -> of:000000000000000b:4,0.002,0.0025,0.002,0.002,2.0,2026-06-22T22:38:47,0.002,2.06
ip_shuffle,20260622T223847_366181,of:0000000000000009:1 -> of:000000000000000c:6,0.002,0.0025,0.002,0.002,2.0,2026-06-22T22:38:47,0.002,2.03
ip_shuffle,20260622T223945_205662,of:0000000000000004:1 -> of:000000000000000c:4,0.002,0.0025,0.002,0.002,1.73,2026-06-22T22:39:45,0.002,1.73
ip_shuffle,20260622T223945_205662,of:0000000000000005:1 -> of:000000000000000c:5,0.001,0.00125,0.001,0.001,1.46,2026-06-22T22:39:45,0.001,1.46
ip_shuffle,20260622T223945_205662,of:000000000000000a:1 -> of:000000000000000d:6,0.002,0.0025,0.002,0.002,1.53,2026-06-22T22:39:45,0.002,1.53
ip_shuffle,20260622T223945_205662,of:000000000000000b:3 -> of:000000000000000d:2,0.002,0.0025,0.002,0.002,1.73,2026-06-22T22:39:45,0.002,1.73
ip_shuffle,20260622T223945_205662,of:000000000000000c:3 -> of:000000000000000d:3,0.002,0.0025,0.002,0.002,1.73,2026-06-22T22:39:45,0.002,1.73
ip_shuffle,20260622T223945_205662,of:0000000000000005:2 -> of:0000000000000009:3,0.002,0.0025,0.002,0.002,1.66,2026-06-22T22:39:45,0.002,1.66
ip_shuffle,20260622T223945_205662,of:0000000000000001:1 -> of:000000000000000b:1,0.003,0.00375,0.003,0.003,3.53,2026-06-22T22:39:45,0.003,3.53
ip_shuffle,20260622T223945_205662,of:000000000000000b:2 -> of:000000000000000c:2,0.002,0.0025,0.002,0.002,1.73,2026-06-22T22:39:45,0.002,1.73
ip_shuffle,20260622T223945_205662,of:0000000000000001:2 -> of:000000000000000c:1,0.002,0.0025,0.002,0.002,1.73,2026-06-22T22:39:45,0.002,1.73
ip_shuffle,20260622T223945_205662,of:0000000000000006:2 -> of:000000000000000a:2,0.002,0.0025,0.002,0.002,1.66,2026-06-22T22:39:45,0.002,1.66
ip_shuffle,20260622T223945_205662,of:0000000000000001:3 -> of:000000000000000d:1,0.002,0.0025,0.002,0.002,1.53,2026-06-22T22:39:45,0.002,1.53
ip_shuffle,20260622T223945_205662,of:0000000000000003:1 -> of:000000000000000b:5,0.002,0.0025,0.002,0.002,2.43,2026-06-22T22:39:45,0.002,2.43
ip_shuffle,20260622T223945_205662,of:0000000000000006:1 -> of:000000000000000d:4,0.001,0.00125,0.001,0.001,1.46,2026-06-22T22:39:45,0.001,1.46
ip_shuffle,20260622T223945_205662,of:0000000000000007:2 -> of:000000000000000a:3,0.002,0.0025,0.002,0.002,1.66,2026-06-22T22:39:45,0.002,1.66
ip_shuffle,20260622T223945_205662,of:0000000000000007:1 -> of:000000000000000d:5,0.001,0.00125,0.001,0.001,1.46,2026-06-22T22:39:45,0.001,1.46
ip_shuffle,20260622T223945_205662,of:0000000000000002:2 -> of:0000000000000008:2,0.002,0.0025,0.002,0.002,1.66,2026-06-22T22:39:45,0.002,1.66
ip_shuffle,20260622T223945_205662,of:0000000000000003:2 -> of:0000000000000008:3,0.002,0.0025,0.002,0.002,1.66,2026-06-22T22:39:45,0.002,1.66
ip_shuffle,20260622T223945_205662,of:0000000000000008:1 -> of:000000000000000b:6,0.002,0.0025,0.002,0.002,1.53,2026-06-22T22:39:45,0.002,1.53
ip_shuffle,20260622T223945_205662,of:0000000000000004:2 -> of:0000000000000009:2,0.002,0.0025,0.002,0.002,1.66,2026-06-22T22:39:45,0.002,1.66
ip_shuffle,20260622T223945_205662,of:0000000000000002:1 -> of:000000000000000b:4,0.002,0.0025,0.002,0.002,2.5,2026-06-22T22:39:45,0.002,2.5
ip_shuffle,20260622T223945_205662,of:0000000000000009:1 -> of:000000000000000c:6,0.002,0.0025,0.002,0.002,1.53,2026-06-22T22:39:45,0.002,1.53
route_mutation,20260622T224042_814655,of:0000000000000004:1 -> of:000000000000000c:4,0.002,0.0025,0.002,0.002,1.83,2026-06-22T22:40:42,0.002,1.76
route_mutation,20260622T224042_814655,of:0000000000000005:1 -> of:000000000000000c:5,0.002,0.0025,0.002,0.002,1.83,2026-06-22T22:40:42,0.002,1.76
route_mutation,20260622T224042_814655,of:000000000000000a:1 -> of:000000000000000d:6,0.002,0.0025,0.002,0.002,1.73,2026-06-22T22:40:42,0.002,1.7
route_mutation,20260622T224042_814655,of:000000000000000b:3 -> of:000000000000000d:2,0.002,0.0025,0.002,0.002,2.16,2026-06-22T22:40:42,0.002,2.16
route_mutation,20260622T224042_814655,of:000000000000000c:3 -> of:000000000000000d:3,0.002,0.0025,0.002,0.002,2.13,2026-06-22T22:40:42,0.002,2.13
route_mutation,20260622T224042_814655,of:0000000000000005:2 -> of:0000000000000009:3,0.002,0.0025,0.002,0.002,2.3,2026-06-22T22:40:42,0.002,2.3
route_mutation,20260622T224042_814655,of:0000000000000001:1 -> of:000000000000000b:1,0.002,0.0025,0.002,0.002,1.73,2026-06-22T22:40:42,0.002,1.76
route_mutation,20260622T224042_814655,of:000000000000000b:2 -> of:000000000000000c:2,0.002,0.0025,0.002,0.002,2.23,2026-06-22T22:40:42,0.002,2.23
route_mutation,20260622T224042_814655,of:0000000000000001:2 -> of:000000000000000c:1,0.002,0.0025,0.002,0.002,1.7,2026-06-22T22:40:42,0.002,1.76
route_mutation,20260622T224042_814655,of:0000000000000006:2 -> of:000000000000000a:2,0.002,0.0025,0.002,0.002,2.26,2026-06-22T22:40:42,0.002,2.26
route_mutation,20260622T224042_814655,of:0000000000000001:3 -> of:000000000000000d:1,0.002,0.0025,0.002,0.002,2.89,2026-06-22T22:40:42,0.002,2.79
route_mutation,20260622T224042_814655,of:0000000000000003:1 -> of:000000000000000b:5,0.002,0.0025,0.002,0.002,1.83,2026-06-22T22:40:42,0.002,1.8
route_mutation,20260622T224042_814655,of:0000000000000006:1 -> of:000000000000000d:4,0.002,0.0025,0.002,0.002,1.73,2026-06-22T22:40:42,0.002,1.7
route_mutation,20260622T224042_814655,of:0000000000000007:2 -> of:000000000000000a:3,0.002,0.0025,0.002,0.002,2.26,2026-06-22T22:40:42,0.002,2.26
route_mutation,20260622T224042_814655,of:0000000000000007:1 -> of:000000000000000d:5,0.002,0.0025,0.002,0.002,2.79,2026-06-22T22:40:42,0.002,2.83
route_mutation,20260622T224042_814655,of:0000000000000002:2 -> of:0000000000000008:2,0.002,0.0025,0.002,0.002,2.3,2026-06-22T22:40:42,0.002,2.3
route_mutation,20260622T224042_814655,of:0000000000000003:2 -> of:0000000000000008:3,0.002,0.0025,0.002,0.002,2.3,2026-06-22T22:40:42,0.002,2.3
route_mutation,20260622T224042_814655,of:0000000000000008:1 -> of:000000000000000b:6,0.002,0.0025,0.002,0.002,1.8,2026-06-22T22:40:42,0.002,1.8
route_mutation,20260622T224042_814655,of:0000000000000004:2 -> of:0000000000000009:2,0.002,0.0025,0.002,0.002,2.3,2026-06-22T22:40:42,0.002,2.3
route_mutation,20260622T224042_814655,of:0000000000000002:1 -> of:000000000000000b:4,0.002,0.0025,0.002,0.002,1.83,2026-06-22T22:40:42,0.002,1.8
route_mutation,20260622T224042_814655,of:0000000000000009:1 -> of:000000000000000c:6,0.002,0.0025,0.002,0.002,1.8,2026-06-22T22:40:42,0.002,1.76
ip_shuffle,20260622T224113_261750,of:0000000000000004:1 -> of:000000000000000c:4,0.001,0.00125,0.001,0.001,1.36,2026-06-22T22:41:13,0.001,1.36
ip_shuffle,20260622T224113_261750,of:0000000000000005:1 -> of:000000000000000c:5,0.001,0.00125,0.001,0.001,1.36,2026-06-22T22:41:13,0.001,1.36
ip_shuffle,20260622T224113_261750,of:000000000000000a:1 -> of:000000000000000d:6,0.002,0.0025,0.002,0.002,1.43,2026-06-22T22:41:13,0.002,1.43
ip_shuffle,20260622T224113_261750,of:000000000000000b:3 -> of:000000000000000d:2,0.002,0.0025,0.002,0.002,1.53,2026-06-22T22:41:13,0.002,1.53
ip_shuffle,20260622T224113_261750,of:000000000000000c:3 -> of:000000000000000d:3,0.002,0.0025,0.002,0.002,1.53,2026-06-22T22:41:13,0.002,1.53
ip_shuffle,20260622T224113_261750,of:0000000000000005:2 -> of:0000000000000009:3,0.001,0.00125,0.001,0.001,1.46,2026-06-22T22:41:13,0.001,1.46
ip_shuffle,20260622T224113_261750,of:0000000000000001:1 -> of:000000000000000b:1,0.002,0.0025,0.002,0.002,1.96,2026-06-22T22:41:13,0.002,1.96
ip_shuffle,20260622T224113_261750,of:000000000000000b:2 -> of:000000000000000c:2,0.002,0.0025,0.002,0.002,1.53,2026-06-22T22:41:13,0.002,1.53
ip_shuffle,20260622T224113_261750,of:0000000000000001:2 -> of:000000000000000c:1,0.002,0.0025,0.002,0.002,1.43,2026-06-22T22:41:13,0.002,1.43
ip_shuffle,20260622T224113_261750,of:0000000000000006:2 -> of:000000000000000a:2,0.001,0.00125,0.001,0.001,1.46,2026-06-22T22:41:13,0.001,1.46
ip_shuffle,20260622T224113_261750,of:0000000000000001:3 -> of:000000000000000d:1,0.002,0.0025,0.002,0.002,1.43,2026-06-22T22:41:13,0.002,1.43
ip_shuffle,20260622T224113_261750,of:0000000000000003:1 -> of:000000000000000b:5,0.001,0.00125,0.001,0.001,1.36,2026-06-22T22:41:13,0.001,1.36
ip_shuffle,20260622T224113_261750,of:0000000000000006:1 -> of:000000000000000d:4,0.001,0.00125,0.001,0.001,1.36,2026-06-22T22:41:13,0.001,1.36
ip_shuffle,20260622T224113_261750,of:0000000000000007:2 -> of:000000000000000a:3,0.002,0.0025,0.002,0.002,1.53,2026-06-22T22:41:13,0.002,1.53
ip_shuffle,20260622T224113_261750,of:0000000000000007:1 -> of:000000000000000d:5,0.002,0.0025,0.002,0.002,1.43,2026-06-22T22:41:13,0.002,1.43
ip_shuffle,20260622T224113_261750,of:0000000000000002:2 -> of:0000000000000008:2,0.001,0.00125,0.001,0.001,1.46,2026-06-22T22:41:13,0.001,1.46
ip_shuffle,20260622T224113_261750,of:0000000000000003:2 -> of:0000000000000008:3,0.001,0.00125,0.001,0.001,1.46,2026-06-22T22:41:13,0.001,1.46
ip_shuffle,20260622T224113_261750,of:0000000000000008:1 -> of:000000000000000b:6,0.002,0.0025,0.002,0.002,1.43,2026-06-22T22:41:13,0.002,1.43
ip_shuffle,20260622T224113_261750,of:0000000000000004:2 -> of:0000000000000009:2,0.001,0.00125,0.001,0.001,1.46,2026-06-22T22:41:13,0.001,1.46
ip_shuffle,20260622T224113_261750,of:0000000000000002:1 -> of:000000000000000b:4,0.002,0.0025,0.002,0.002,1.96,2026-06-22T22:41:13,0.002,1.96
ip_shuffle,20260622T224113_261750,of:0000000000000009:1 -> of:000000000000000c:6,0.002,0.0025,0.002,0.002,1.43,2026-06-22T22:41:13,0.002,1.43
ip_shuffle,20260622T224224_242880,of:0000000000000004:1 -> of:000000000000000c:4,0.002,0.0025,0.002,0.002,2.16,2026-06-22T22:42:24,0.002,2.13
ip_shuffle,20260622T224224_242880,of:0000000000000005:1 -> of:000000000000000c:5,0.002,0.0025,0.002,0.002,2.16,2026-06-22T22:42:24,0.002,2.13
ip_shuffle,20260622T224224_242880,of:000000000000000a:1 -> of:000000000000000d:6,0.002,0.0025,0.002,0.002,2.06,2026-06-22T22:42:24,0.002,2.06
ip_shuffle,20260622T224224_242880,of:000000000000000b:3 -> of:000000000000000d:2,0.002,0.0025,0.002,0.002,2.86,2026-06-22T22:42:24,0.002,2.86
ip_shuffle,20260622T224224_242880,of:000000000000000c:3 -> of:000000000000000d:3,0.002,0.0025,0.002,0.002,2.86,2026-06-22T22:42:24,0.002,2.86
ip_shuffle,20260622T224224_242880,of:0000000000000005:2 -> of:0000000000000009:3,0.002,0.0025,0.002,0.002,2.96,2026-06-22T22:42:24,0.002,2.96
ip_shuffle,20260622T224224_242880,of:0000000000000001:1 -> of:000000000000000b:1,0.002,0.0025,0.002,0.002,2.06,2026-06-22T22:42:24,0.002,2.13
ip_shuffle,20260622T224224_242880,of:000000000000000b:2 -> of:000000000000000c:2,0.002,0.0025,0.002,0.002,2.93,2026-06-22T22:42:24,0.002,2.93
ip_shuffle,20260622T224224_242880,of:0000000000000001:2 -> of:000000000000000c:1,0.002,0.0025,0.002,0.002,2.06,2026-06-22T22:42:24,0.002,2.13
ip_shuffle,20260622T224224_242880,of:0000000000000006:2 -> of:000000000000000a:2,0.002,0.0025,0.002,0.002,2.96,2026-06-22T22:42:24,0.002,2.96
ip_shuffle,20260622T224224_242880,of:0000000000000001:3 -> of:000000000000000d:1,0.003,0.00375,0.003,0.003,4.19,2026-06-22T22:42:24,0.003,4.16
ip_shuffle,20260622T224224_242880,of:0000000000000003:1 -> of:000000000000000b:5,0.002,0.0025,0.002,0.002,2.2,2026-06-22T22:42:24,0.002,2.13
ip_shuffle,20260622T224224_242880,of:0000000000000006:1 -> of:000000000000000d:4,0.002,0.0025,0.002,0.002,3.06,2026-06-22T22:42:24,0.002,3.09
ip_shuffle,20260622T224224_242880,of:0000000000000007:2 -> of:000000000000000a:3,0.002,0.0025,0.002,0.002,2.96,2026-06-22T22:42:24,0.002,2.96
ip_shuffle,20260622T224224_242880,of:0000000000000007:1 -> of:000000000000000d:5,0.003,0.00375,0.003,0.003,3.39,2026-06-22T22:42:24,0.003,3.39
ip_shuffle,20260622T224224_242880,of:0000000000000002:2 -> of:0000000000000008:2,0.002,0.0025,0.002,0.002,3.03,2026-06-22T22:42:24,0.002,3.03
ip_shuffle,20260622T224224_242880,of:0000000000000003:2 -> of:0000000000000008:3,0.002,0.0025,0.002,0.002,3.03,2026-06-22T22:42:24,0.002,3.03
ip_shuffle,20260622T224224_242880,of:0000000000000008:1 -> of:000000000000000b:6,0.002,0.0025,0.002,0.002,2.16,2026-06-22T22:42:24,0.002,2.13
ip_shuffle,20260622T224224_242880,of:0000000000000004:2 -> of:0000000000000009:2,0.002,0.0025,0.002,0.002,2.96,2026-06-22T22:42:24,0.002,2.96
ip_shuffle,20260622T224224_242880,of:0000000000000002:1 -> of:000000000000000b:4,0.002,0.0025,0.002,0.002,2.2,2026-06-22T22:42:24,0.002,2.13
ip_shuffle,20260622T224224_242880,of:0000000000000009:1 -> of:000000000000000c:6,0.002,0.0025,0.002,0.002,2.13,2026-06-22T22:42:24,0.002,2.13
route_mutation,20260622T224322_095407,of:0000000000000004:1 -> of:000000000000000c:4,0.002,0.0025,0.002,0.002,2.23,2026-06-22T22:43:22,0.002,2.2
route_mutation,20260622T224322_095407,of:0000000000000005:1 -> of:000000000000000c:5,0.002,0.0025,0.002,0.002,2.0,2026-06-22T22:43:22,0.002,1.96
route_mutation,20260622T224322_095407,of:000000000000000a:1 -> of:000000000000000d:6,0.001,0.00125,0.001,0.001,1.4,2026-06-22T22:43:22,0.001,1.4
route_mutation,20260622T224322_095407,of:000000000000000b:3 -> of:000000000000000d:2,0.002,0.0025,0.002,0.002,1.56,2026-06-22T22:43:22,0.002,1.56
route_mutation,20260622T224322_095407,of:000000000000000c:3 -> of:000000000000000d:3,0.002,0.0025,0.002,0.002,1.53,2026-06-22T22:43:22,0.002,1.53
route_mutation,20260622T224322_095407,of:0000000000000005:2 -> of:0000000000000009:3,0.002,0.0025,0.002,0.002,1.6,2026-06-22T22:43:22,0.002,1.6
route_mutation,20260622T224322_095407,of:0000000000000001:1 -> of:000000000000000b:1,0.003,0.00375,0.003,0.003,3.46,2026-06-22T22:43:22,0.003,3.43
route_mutation,20260622T224322_095407,of:000000000000000b:2 -> of:000000000000000c:2,0.001,0.00125,0.001,0.001,1.46,2026-06-22T22:43:22,0.001,1.46
route_mutation,20260622T224322_095407,of:0000000000000001:2 -> of:000000000000000c:1,0.002,0.0025,0.002,0.002,2.66,2026-06-22T22:43:22,0.002,2.73
route_mutation,20260622T224322_095407,of:0000000000000006:2 -> of:000000000000000a:2,0.002,0.0025,0.002,0.002,1.6,2026-06-22T22:43:22,0.002,1.6
route_mutation,20260622T224322_095407,of:0000000000000001:3 -> of:000000000000000d:1,0.002,0.0025,0.002,0.002,1.46,2026-06-22T22:43:22,0.002,1.53
route_mutation,20260622T224322_095407,of:0000000000000003:1 -> of:000000000000000b:5,0.002,0.0025,0.002,0.002,2.5,2026-06-22T22:43:22,0.002,2.43
route_mutation,20260622T224322_095407,of:0000000000000006:1 -> of:000000000000000d:4,0.002,0.0025,0.002,0.002,1.5,2026-06-22T22:43:22,0.002,1.46
route_mutation,20260622T224322_095407,of:0000000000000007:2 -> of:000000000000000a:3,0.001,0.00125,0.001,0.001,1.53,2026-06-22T22:43:22,0.001,1.53
route_mutation,20260622T224322_095407,of:0000000000000007:1 -> of:000000000000000d:5,0.001,0.00125,0.001,0.001,1.43,2026-06-22T22:43:22,0.001,1.4
route_mutation,20260622T224322_095407,of:0000000000000002:2 -> of:0000000000000008:2,0.002,0.0025,0.002,0.002,1.63,2026-06-22T22:43:22,0.002,1.63
route_mutation,20260622T224322_095407,of:0000000000000003:2 -> of:0000000000000008:3,0.002,0.0025,0.002,0.002,1.63,2026-06-22T22:43:22,0.002,1.63
route_mutation,20260622T224322_095407,of:0000000000000008:1 -> of:000000000000000b:6,0.001,0.00125,0.001,0.001,1.36,2026-06-22T22:43:22,0.001,1.33
route_mutation,20260622T224322_095407,of:0000000000000004:2 -> of:0000000000000009:2,0.002,0.0025,0.002,0.002,1.6,2026-06-22T22:43:22,0.002,1.6
route_mutation,20260622T224322_095407,of:0000000000000002:1 -> of:000000000000000b:4,0.002,0.0025,0.002,0.002,2.4,2026-06-22T22:43:22,0.002,2.43
route_mutation,20260622T224322_095407,of:0000000000000009:1 -> of:000000000000000c:6,0.001,0.00125,0.001,0.001,1.36,2026-06-22T22:43:22,0.001,1.33
ip_shuffle,20260622T224352_626974,of:0000000000000004:1 -> of:000000000000000c:4,0.002,0.0025,0.002,0.002,2.13,2026-06-22T22:43:52,0.002,2.16
ip_shuffle,20260622T224352_626974,of:0000000000000005:1 -> of:000000000000000c:5,0.002,0.0025,0.002,0.002,2.4,2026-06-22T22:43:52,0.002,2.43
ip_shuffle,20260622T224352_626974,of:000000000000000a:1 -> of:000000000000000d:6,0.002,0.0025,0.002,0.002,2.1,2026-06-22T22:43:52,0.002,2.1
ip_shuffle,20260622T224352_626974,of:000000000000000b:3 -> of:000000000000000d:2,0.002,0.0025,0.002,0.002,2.93,2026-06-22T22:43:52,0.002,2.93
ip_shuffle,20260622T224352_626974,of:000000000000000c:3 -> of:000000000000000d:3,0.002,0.0025,0.002,0.002,2.93,2026-06-22T22:43:52,0.002,2.93
ip_shuffle,20260622T224352_626974,of:0000000000000005:2 -> of:0000000000000009:3,0.002,0.0025,0.002,0.002,2.93,2026-06-22T22:43:52,0.002,2.93
ip_shuffle,20260622T224352_626974,of:0000000000000001:1 -> of:000000000000000b:1,0.002,0.0025,0.002,0.002,2.16,2026-06-22T22:43:52,0.002,2.1
ip_shuffle,20260622T224352_626974,of:000000000000000b:2 -> of:000000000000000c:2,0.002,0.0025,0.002,0.002,3.0,2026-06-22T22:43:52,0.002,3.0
ip_shuffle,20260622T224352_626974,of:0000000000000001:2 -> of:000000000000000c:1,0.002,0.0025,0.002,0.002,2.5,2026-06-22T22:43:52,0.002,2.43
ip_shuffle,20260622T224352_626974,of:0000000000000006:2 -> of:000000000000000a:2,0.002,0.0025,0.002,0.002,2.93,2026-06-22T22:43:52,0.002,2.93
ip_shuffle,20260622T224352_626974,of:0000000000000001:3 -> of:000000000000000d:1,0.003,0.00375,0.003,0.003,4.16,2026-06-22T22:43:52,0.003,4.23
ip_shuffle,20260622T224352_626974,of:0000000000000003:1 -> of:000000000000000b:5,0.002,0.0025,0.002,0.002,2.1,2026-06-22T22:43:52,0.002,2.16
ip_shuffle,20260622T224352_626974,of:0000000000000006:1 -> of:000000000000000d:4,0.003,0.00375,0.003,0.003,3.43,2026-06-22T22:43:52,0.003,3.46
ip_shuffle,20260622T224352_626974,of:0000000000000007:2 -> of:000000000000000a:3,0.002,0.0025,0.002,0.002,2.96,2026-06-22T22:43:52,0.002,2.93
ip_shuffle,20260622T224352_626974,of:0000000000000007:1 -> of:000000000000000d:5,0.002,0.0025,0.002,0.002,3.1,2026-06-22T22:43:52,0.002,3.06
ip_shuffle,20260622T224352_626974,of:0000000000000002:2 -> of:0000000000000008:2,0.002,0.0025,0.002,0.002,2.9,2026-06-22T22:43:52,0.002,2.9
ip_shuffle,20260622T224352_626974,of:0000000000000003:2 -> of:0000000000000008:3,0.002,0.0025,0.002,0.002,2.9,2026-06-22T22:43:52,0.002,2.9
ip_shuffle,20260622T224352_626974,of:0000000000000008:1 -> of:000000000000000b:6,0.002,0.0025,0.002,0.002,2.13,2026-06-22T22:43:52,0.002,2.16
ip_shuffle,20260622T224352_626974,of:0000000000000004:2 -> of:0000000000000009:2,0.002,0.0025,0.002,0.002,2.93,2026-06-22T22:43:52,0.002,2.93
ip_shuffle,20260622T224352_626974,of:0000000000000002:1 -> of:000000000000000b:4,0.002,0.0025,0.002,0.002,2.1,2026-06-22T22:43:52,0.002,2.16
ip_shuffle,20260622T224352_626974,of:0000000000000009:1 -> of:000000000000000c:6,0.002,0.0025,0.002,0.002,2.13,2026-06-22T22:43:52,0.002,2.16
ip_shuffle,20260622T224450_553205,of:0000000000000004:1 -> of:000000000000000c:4,0.002,0.0025,0.002,0.002,2.16,2026-06-22T22:44:50,0.002,2.13
ip_shuffle,20260622T224450_553205,of:0000000000000005:1 -> of:000000000000000c:5,0.002,0.0025,0.002,0.002,1.53,2026-06-22T22:44:50,0.002,1.53
ip_shuffle,20260622T224450_553205,of:000000000000000a:1 -> of:000000000000000d:6,0.001,0.00125,0.001,0.001,1.46,2026-06-22T22:44:50,0.001,1.46
ip_shuffle,20260622T224450_553205,of:000000000000000b:3 -> of:000000000000000d:2,0.002,0.0025,0.002,0.002,1.66,2026-06-22T22:44:50,0.002,1.66
ip_shuffle,20260622T224450_553205,of:000000000000000c:3 -> of:000000000000000d:3,0.002,0.0025,0.002,0.002,1.73,2026-06-22T22:44:50,0.002,1.73
ip_shuffle,20260622T224450_553205,of:0000000000000005:2 -> of:0000000000000009:3,0.002,0.0025,0.002,0.002,1.66,2026-06-22T22:44:50,0.002,1.66
ip_shuffle,20260622T224450_553205,of:0000000000000001:1 -> of:000000000000000b:1,0.003,0.00375,0.003,0.003,3.53,2026-06-22T22:44:50,0.003,3.53
ip_shuffle,20260622T224450_553205,of:000000000000000b:2 -> of:000000000000000c:2,0.002,0.0025,0.002,0.002,1.66,2026-06-22T22:44:50,0.002,1.66
ip_shuffle,20260622T224450_553205,of:0000000000000001:2 -> of:000000000000000c:1,0.002,0.0025,0.002,0.002,2.13,2026-06-22T22:44:50,0.002,2.13
ip_shuffle,20260622T224450_553205,of:0000000000000006:2 -> of:000000000000000a:2,0.001,0.00125,0.001,0.001,1.6,2026-06-22T22:44:50,0.001,1.6
ip_shuffle,20260622T224450_553205,of:0000000000000001:3 -> of:000000000000000d:1,0.002,0.0025,0.002,0.002,1.53,2026-06-22T22:44:50,0.002,1.53
ip_shuffle,20260622T224450_553205,of:0000000000000003:1 -> of:000000000000000b:5,0.002,0.0025,0.002,0.002,2.5,2026-06-22T22:44:50,0.002,2.5
ip_shuffle,20260622T224450_553205,of:0000000000000006:1 -> of:000000000000000d:4,0.001,0.00125,0.001,0.001,1.46,2026-06-22T22:44:50,0.001,1.46
ip_shuffle,20260622T224450_553205,of:0000000000000007:2 -> of:000000000000000a:3,0.001,0.00125,0.001,0.001,1.6,2026-06-22T22:44:50,0.001,1.6
ip_shuffle,20260622T224450_553205,of:0000000000000007:1 -> of:000000000000000d:5,0.001,0.00125,0.001,0.001,1.46,2026-06-22T22:44:50,0.001,1.46
ip_shuffle,20260622T224450_553205,of:0000000000000002:2 -> of:0000000000000008:2,0.002,0.0025,0.002,0.002,1.66,2026-06-22T22:44:50,0.002,1.66
ip_shuffle,20260622T224450_553205,of:0000000000000003:2 -> of:0000000000000008:3,0.002,0.0025,0.002,0.002,1.66,2026-06-22T22:44:50,0.002,1.66
ip_shuffle,20260622T224450_553205,of:0000000000000008:1 -> of:000000000000000b:6,0.001,0.00125,0.001,0.001,1.4,2026-06-22T22:44:50,0.001,1.4
ip_shuffle,20260622T224450_553205,of:0000000000000004:2 -> of:0000000000000009:2,0.002,0.0025,0.002,0.002,1.66,2026-06-22T22:44:50,0.002,1.66
ip_shuffle,20260622T224450_553205,of:0000000000000002:1 -> of:000000000000000b:4,0.002,0.0025,0.002,0.002,2.5,2026-06-22T22:44:50,0.002,2.5
ip_shuffle,20260622T224450_553205,of:0000000000000009:1 -> of:000000000000000c:6,0.001,0.00125,0.001,0.001,1.46,2026-06-22T22:44:50,0.001,1.46
ip_shuffle,20260622T224548_396410,of:0000000000000004:1 -> of:000000000000000c:4,0.002,0.0025,0.002,0.002,1.6,2026-06-22T22:45:48,0.002,1.56
ip_shuffle,20260622T224548_396410,of:0000000000000005:1 -> of:000000000000000c:5,0.002,0.0025,0.002,0.002,1.6,2026-06-22T22:45:48,0.002,1.56
ip_shuffle,20260622T224548_396410,of:000000000000000a:1 -> of:000000000000000d:6,0.002,0.0025,0.002,0.002,1.63,2026-06-22T22:45:48,0.002,1.63
ip_shuffle,20260622T224548_396410,of:000000000000000b:3 -> of:000000000000000d:2,0.002,0.0025,0.002,0.002,1.93,2026-06-22T22:45:48,0.002,1.93
ip_shuffle,20260622T224548_396410,of:000000000000000c:3 -> of:000000000000000d:3,0.002,0.0025,0.002,0.002,1.93,2026-06-22T22:45:48,0.002,1.93
ip_shuffle,20260622T224548_396410,of:0000000000000005:2 -> of:0000000000000009:3,0.002,0.0025,0.002,0.002,1.9,2026-06-22T22:45:48,0.002,1.9
ip_shuffle,20260622T224548_396410,of:0000000000000001:1 -> of:000000000000000b:1,0.002,0.0025,0.002,0.002,1.56,2026-06-22T22:45:48,0.002,1.63
ip_shuffle,20260622T224548_396410,of:000000000000000b:2 -> of:000000000000000c:2,0.002,0.0025,0.002,0.002,1.93,2026-06-22T22:45:48,0.002,1.93
ip_shuffle,20260622T224548_396410,of:0000000000000001:2 -> of:000000000000000c:1,0.002,0.0025,0.002,0.002,1.56,2026-06-22T22:45:48,0.002,1.63
ip_shuffle,20260622T224548_396410,of:0000000000000006:2 -> of:000000000000000a:2,0.002,0.0025,0.002,0.002,1.96,2026-06-22T22:45:48,0.002,1.96
ip_shuffle,20260622T224548_396410,of:0000000000000001:3 -> of:000000000000000d:1,0.002,0.0025,0.002,0.002,2.5,2026-06-22T22:45:48,0.002,2.4
ip_shuffle,20260622T224548_396410,of:0000000000000003:1 -> of:000000000000000b:5,0.002,0.0025,0.002,0.002,1.63,2026-06-22T22:45:48,0.002,1.56
ip_shuffle,20260622T224548_396410,of:0000000000000006:1 -> of:000000000000000d:4,0.002,0.0025,0.002,0.002,1.66,2026-06-22T22:45:48,0.002,1.63
ip_shuffle,20260622T224548_396410,of:0000000000000007:2 -> of:000000000000000a:3,0.002,0.0025,0.002,0.002,1.96,2026-06-22T22:45:48,0.002,1.96
ip_shuffle,20260622T224548_396410,of:0000000000000007:1 -> of:000000000000000d:5,0.002,0.0025,0.002,0.002,2.4,2026-06-22T22:45:48,0.002,2.46
ip_shuffle,20260622T224548_396410,of:0000000000000002:2 -> of:0000000000000008:2,0.002,0.0025,0.002,0.002,1.93,2026-06-22T22:45:48,0.002,1.93
ip_shuffle,20260622T224548_396410,of:0000000000000003:2 -> of:0000000000000008:3,0.002,0.0025,0.002,0.002,1.93,2026-06-22T22:45:48,0.002,1.93
ip_shuffle,20260622T224548_396410,of:0000000000000008:1 -> of:000000000000000b:6,0.002,0.0025,0.002,0.002,1.63,2026-06-22T22:45:48,0.002,1.63
ip_shuffle,20260622T224548_396410,of:0000000000000004:2 -> of:0000000000000009:2,0.002,0.0025,0.002,0.002,1.9,2026-06-22T22:45:48,0.002,1.9
ip_shuffle,20260622T224548_396410,of:0000000000000002:1 -> of:000000000000000b:4,0.002,0.0025,0.002,0.002,1.63,2026-06-22T22:45:48,0.002,1.56
ip_shuffle,20260622T224548_396410,of:0000000000000009:1 -> of:000000000000000c:6,0.002,0.0025,0.002,0.002,1.63,2026-06-22T22:45:48,0.002,1.63
ip_shuffle,20260622T224646_293680,of:0000000000000004:1 -> of:000000000000000c:4,0.002,0.0025,0.002,0.002,2.43,2026-06-22T22:46:46,0.002,2.46
ip_shuffle,20260622T224646_293680,of:0000000000000005:1 -> of:000000000000000c:5,0.002,0.0025,0.002,0.002,2.46,2026-06-22T22:46:46,0.002,2.5
ip_shuffle,20260622T224646_293680,of:000000000000000a:1 -> of:000000000000000d:6,0.002,0.0025,0.002,0.002,1.7,2026-06-22T22:46:46,0.002,1.7
ip_shuffle,20260622T224646_293680,of:000000000000000b:3 -> of:000000000000000d:2,0.002,0.0025,0.002,0.002,2.13,2026-06-22T22:46:46,0.002,2.13
ip_shuffle,20260622T224646_293680,of:000000000000000c:3 -> of:000000000000000d:3,0.002,0.0025,0.002,0.002,2.06,2026-06-22T22:46:46,0.002,2.06
ip_shuffle,20260622T224646_293680,of:0000000000000005:2 -> of:0000000000000009:3,0.002,0.0025,0.002,0.002,2.13,2026-06-22T22:46:46,0.002,2.13
ip_shuffle,20260622T224646_293680,of:0000000000000001:1 -> of:000000000000000b:1,0.002,0.0025,0.002,0.002,1.93,2026-06-22T22:46:46,0.002,1.8
ip_shuffle,20260622T224646_293680,of:000000000000000b:2 -> of:000000000000000c:2,0.002,0.0025,0.002,0.002,2.13,2026-06-22T22:46:46,0.002,2.13
ip_shuffle,20260622T224646_293680,of:0000000000000001:2 -> of:000000000000000c:1,0.003,0.00375,0.003,0.003,3.26,2026-06-22T22:46:46,0.003,3.26
ip_shuffle,20260622T224646_293680,of:0000000000000006:2 -> of:000000000000000a:2,0.002,0.0025,0.002,0.002,2.16,2026-06-22T22:46:46,0.002,2.16
ip_shuffle,20260622T224646_293680,of:0000000000000001:3 -> of:000000000000000d:1,0.003,0.00375,0.003,0.002,2.8,2026-06-22T22:46:46,0.003,2.93
ip_shuffle,20260622T224646_293680,of:0000000000000003:1 -> of:000000000000000b:5,0.002,0.0025,0.002,0.002,1.8,2026-06-22T22:46:46,0.002,1.93
ip_shuffle,20260622T224646_293680,of:0000000000000006:1 -> of:000000000000000d:4,0.003,0.00375,0.003,0.003,2.9,2026-06-22T22:46:46,0.003,2.93
ip_shuffle,20260622T224646_293680,of:0000000000000007:2 -> of:000000000000000a:3,0.002,0.0025,0.002,0.002,2.16,2026-06-22T22:46:46,0.002,2.16
ip_shuffle,20260622T224646_293680,of:0000000000000007:1 -> of:000000000000000d:5,0.002,0.0025,0.002,0.002,1.83,2026-06-22T22:46:46,0.002,1.8
ip_shuffle,20260622T224646_293680,of:0000000000000002:2 -> of:0000000000000008:2,0.002,0.0025,0.002,0.002,2.16,2026-06-22T22:46:46,0.002,2.16
ip_shuffle,20260622T224646_293680,of:0000000000000003:2 -> of:0000000000000008:3,0.002,0.0025,0.002,0.002,2.16,2026-06-22T22:46:46,0.002,2.16
ip_shuffle,20260622T224646_293680,of:0000000000000008:1 -> of:000000000000000b:6,0.002,0.0025,0.002,0.002,1.73,2026-06-22T22:46:46,0.002,1.76
ip_shuffle,20260622T224646_293680,of:0000000000000004:2 -> of:0000000000000009:2,0.002,0.0025,0.002,0.002,2.13,2026-06-22T22:46:46,0.002,2.13
ip_shuffle,20260622T224646_293680,of:0000000000000002:1 -> of:000000000000000b:4,0.002,0.0025,0.002,0.002,1.76,2026-06-22T22:46:46,0.002,1.76
ip_shuffle,20260622T224646_293680,of:0000000000000009:1 -> of:000000000000000c:6,0.002,0.0025,0.002,0.002,1.66,2026-06-22T22:46:46,0.002,1.7
route_mutation,20260622T224744_136531,of:0000000000000004:1 -> of:000000000000000c:4,0.002,0.0025,0.002,0.002,1.43,2026-06-22T22:47:44,0.002,1.43
route_mutation,20260622T224744_136531,of:0000000000000005:1 -> of:000000000000000c:5,0.002,0.0025,0.002,0.002,1.43,2026-06-22T22:47:44,0.002,1.43
route_mutation,20260622T224744_136531,of:000000000000000a:1 -> of:000000000000000d:6,0.001,0.00125,0.001,0.001,1.36,2026-06-22T22:47:44,0.001,1.36
route_mutation,20260622T224744_136531,of:000000000000000b:3 -> of:000000000000000d:2,0.002,0.0025,0.002,0.002,1.53,2026-06-22T22:47:44,0.002,1.53
route_mutation,20260622T224744_136531,of:000000000000000c:3 -> of:000000000000000d:3,0.002,0.0025,0.002,0.002,1.53,2026-06-22T22:47:44,0.002,1.53
route_mutation,20260622T224744_136531,of:0000000000000005:2 -> of:0000000000000009:3,0.001,0.00125,0.001,0.001,1.46,2026-06-22T22:47:44,0.001,1.46
route_mutation,20260622T224744_136531,of:0000000000000001:1 -> of:000000000000000b:1,0.003,0.00375,0.003,0.003,2.83,2026-06-22T22:47:44,0.003,2.83
route_mutation,20260622T224744_136531,of:000000000000000b:2 -> of:000000000000000c:2,0.002,0.0025,0.002,0.002,1.53,2026-06-22T22:47:44,0.002,1.53
route_mutation,20260622T224744_136531,of:0000000000000001:2 -> of:000000000000000c:1,0.002,0.0025,0.002,0.002,1.43,2026-06-22T22:47:44,0.002,1.43
route_mutation,20260622T224744_136531,of:0000000000000006:2 -> of:000000000000000a:2,0.001,0.00125,0.001,0.001,1.4,2026-06-22T22:47:44,0.001,1.4
route_mutation,20260622T224744_136531,of:0000000000000001:3 -> of:000000000000000d:1,0.002,0.0025,0.002,0.002,1.43,2026-06-22T22:47:44,0.002,1.43
route_mutation,20260622T224744_136531,of:0000000000000003:1 -> of:000000000000000b:5,0.002,0.0025,0.002,0.002,1.83,2026-06-22T22:47:44,0.002,1.83
route_mutation,20260622T224744_136531,of:0000000000000006:1 -> of:000000000000000d:4,0.001,0.00125,0.001,0.001,1.36,2026-06-22T22:47:44,0.001,1.36
route_mutation,20260622T224744_136531,of:0000000000000007:2 -> of:000000000000000a:3,0.001,0.00125,0.001,0.001,1.4,2026-06-22T22:47:44,0.001,1.4
route_mutation,20260622T224744_136531,of:0000000000000007:1 -> of:000000000000000d:5,0.001,0.00125,0.001,0.001,1.4,2026-06-22T22:47:44,0.001,1.4
route_mutation,20260622T224744_136531,of:0000000000000002:2 -> of:0000000000000008:2,0.001,0.00125,0.001,0.001,1.46,2026-06-22T22:47:44,0.001,1.46
route_mutation,20260622T224744_136531,of:0000000000000003:2 -> of:0000000000000008:3,0.001,0.00125,0.001,0.001,1.46,2026-06-22T22:47:44,0.001,1.46
route_mutation,20260622T224744_136531,of:0000000000000008:1 -> of:000000000000000b:6,0.001,0.00125,0.001,0.001,1.36,2026-06-22T22:47:44,0.001,1.36
route_mutation,20260622T224744_136531,of:0000000000000004:2 -> of:0000000000000009:2,0.002,0.0025,0.002,0.002,1.53,2026-06-22T22:47:44,0.002,1.53
route_mutation,20260622T224744_136531,of:0000000000000002:1 -> of:000000000000000b:4,0.002,0.0025,0.002,0.002,2.5,2026-06-22T22:47:44,0.002,2.5
route_mutation,20260622T224744_136531,of:0000000000000009:1 -> of:000000000000000c:6,0.001,0.00125,0.001,0.001,1.36,2026-06-22T22:47:44,0.001,1.36
ip_shuffle,20260622T224814_564650,of:0000000000000004:1 -> of:000000000000000c:4,0.002,0.0025,0.002,0.002,2.39,2026-06-22T22:48:14,0.002,2.43
ip_shuffle,20260622T224814_564650,of:0000000000000005:1 -> of:000000000000000c:5,0.002,0.0025,0.002,0.002,2.39,2026-06-22T22:48:14,0.002,2.43
ip_shuffle,20260622T224814_564650,of:000000000000000a:1 -> of:000000000000000d:6,0.002,0.0025,0.002,0.002,1.63,2026-06-22T22:48:14,0.002,1.66
ip_shuffle,20260622T224814_564650,of:000000000000000b:3 -> of:000000000000000d:2,0.002,0.0025,0.002,0.002,1.96,2026-06-22T22:48:14,0.002,1.96
ip_shuffle,20260622T224814_564650,of:000000000000000c:3 -> of:000000000000000d:3,0.002,0.0025,0.002,0.002,1.96,2026-06-22T22:48:14,0.002,1.96
ip_shuffle,20260622T224814_564650,of:0000000000000005:2 -> of:0000000000000009:3,0.002,0.0025,0.002,0.002,2.03,2026-06-22T22:48:14,0.002,2.03
ip_shuffle,20260622T224814_564650,of:0000000000000001:1 -> of:000000000000000b:1,0.002,0.0025,0.002,0.002,2.29,2026-06-22T22:48:14,0.002,2.23
ip_shuffle,20260622T224814_564650,of:000000000000000b:2 -> of:000000000000000c:2,0.002,0.0025,0.002,0.002,1.93,2026-06-22T22:48:14,0.002,1.93
ip_shuffle,20260622T224814_564650,of:0000000000000001:2 -> of:000000000000000c:1,0.003,0.00375,0.003,0.003,3.23,2026-06-22T22:48:14,0.003,3.16
ip_shuffle,20260622T224814_564650,of:0000000000000006:2 -> of:000000000000000a:2,0.002,0.0025,0.002,0.002,2.03,2026-06-22T22:48:14,0.002,2.03
ip_shuffle,20260622T224814_564650,of:0000000000000001:3 -> of:000000000000000d:1,0.002,0.0025,0.002,0.002,2.29,2026-06-22T22:48:14,0.002,2.36
ip_shuffle,20260622T224814_564650,of:0000000000000003:1 -> of:000000000000000b:5,0.002,0.0025,0.002,0.002,2.19,2026-06-22T22:48:14,0.002,2.26
ip_shuffle,20260622T224814_564650,of:0000000000000006:1 -> of:000000000000000d:4,0.002,0.0025,0.002,0.002,2.43,2026-06-22T22:48:14,0.002,2.36
ip_shuffle,20260622T224814_564650,of:0000000000000007:2 -> of:000000000000000a:3,0.002,0.0025,0.002,0.002,2.03,2026-06-22T22:48:14,0.002,2.03
ip_shuffle,20260622T224814_564650,of:0000000000000007:1 -> of:000000000000000d:5,0.002,0.0025,0.002,0.002,1.6,2026-06-22T22:48:14,0.002,1.66
ip_shuffle,20260622T224814_564650,of:0000000000000002:2 -> of:0000000000000008:2,0.002,0.0025,0.002,0.002,2.0,2026-06-22T22:48:14,0.002,2.0
ip_shuffle,20260622T224814_564650,of:0000000000000003:2 -> of:0000000000000008:3,0.002,0.0025,0.002,0.002,2.0,2026-06-22T22:48:14,0.002,2.0
ip_shuffle,20260622T224814_564650,of:0000000000000008:1 -> of:000000000000000b:6,0.002,0.0025,0.002,0.002,1.63,2026-06-22T22:48:14,0.002,1.63
ip_shuffle,20260622T224814_564650,of:0000000000000004:2 -> of:0000000000000009:2,0.002,0.0025,0.002,0.002,2.03,2026-06-22T22:48:14,0.002,2.03
ip_shuffle,20260622T224814_564650,of:0000000000000002:1 -> of:000000000000000b:4,0.002,0.0025,0.002,0.002,1.56,2026-06-22T22:48:14,0.002,1.63
ip_shuffle,20260622T224814_564650,of:0000000000000009:1 -> of:000000000000000c:6,0.002,0.0025,0.002,0.002,1.63,2026-06-22T22:48:14,0.002,1.63
route_mutation,20260622T224918_996990,of:0000000000000004:1 -> of:000000000000000c:4,0.001,0.00125,0.001,0.001,1.36,2026-06-22T22:49:18,0.001,1.36
route_mutation,20260622T224918_996990,of:0000000000000005:1 -> of:000000000000000c:5,0.001,0.00125,0.001,0.001,1.36,2026-06-22T22:49:18,0.001,1.36
route_mutation,20260622T224918_996990,of:000000000000000a:1 -> of:000000000000000d:6,0.001,0.00125,0.001,0.001,1.36,2026-06-22T22:49:18,0.001,1.36
route_mutation,20260622T224918_996990,of:000000000000000b:3 -> of:000000000000000d:2,0.002,0.0025,0.002,0.002,1.53,2026-06-22T22:49:18,0.002,1.53
route_mutation,20260622T224918_996990,of:000000000000000c:3 -> of:000000000000000d:3,0.002,0.0025,0.002,0.002,1.53,2026-06-22T22:49:18,0.002,1.53
route_mutation,20260622T224918_996990,of:0000000000000005:2 -> of:0000000000000009:3,0.001,0.00125,0.001,0.001,1.4,2026-06-22T22:49:18,0.001,1.4
route_mutation,20260622T224918_996990,of:0000000000000001:1 -> of:000000000000000b:1,0.002,0.0025,0.002,0.002,2.03,2026-06-22T22:49:18,0.002,2.03
route_mutation,20260622T224918_996990,of:000000000000000b:2 -> of:000000000000000c:2,0.002,0.0025,0.002,0.002,1.53,2026-06-22T22:49:18,0.002,1.53
route_mutation,20260622T224918_996990,of:0000000000000001:2 -> of:000000000000000c:1,0.002,0.0025,0.002,0.002,1.43,2026-06-22T22:49:18,0.002,1.43
route_mutation,20260622T224918_996990,of:0000000000000006:2 -> of:000000000000000a:2,0.001,0.00125,0.001,0.001,1.4,2026-06-22T22:49:18,0.001,1.4
route_mutation,20260622T224918_996990,of:0000000000000001:3 -> of:000000000000000d:1,0.002,0.0025,0.002,0.002,1.43,2026-06-22T22:49:18,0.002,1.43
route_mutation,20260622T224918_996990,of:0000000000000003:1 -> of:000000000000000b:5,0.002,0.0025,0.002,0.002,1.43,2026-06-22T22:49:18,0.002,1.43
route_mutation,20260622T224918_996990,of:0000000000000006:1 -> of:000000000000000d:4,0.001,0.00125,0.001,0.001,1.36,2026-06-22T22:49:18,0.001,1.36
route_mutation,20260622T224918_996990,of:0000000000000007:2 -> of:000000000000000a:3,0.001,0.00125,0.001,0.001,1.4,2026-06-22T22:49:18,0.001,1.4
route_mutation,20260622T224918_996990,of:0000000000000007:1 -> of:000000000000000d:5,0.001,0.00125,0.001,0.001,1.36,2026-06-22T22:49:18,0.001,1.36
route_mutation,20260622T224918_996990,of:0000000000000002:2 -> of:0000000000000008:2,0.001,0.00125,0.001,0.001,1.46,2026-06-22T22:49:18,0.001,1.46
route_mutation,20260622T224918_996990,of:0000000000000003:2 -> of:0000000000000008:3,0.001,0.00125,0.001,0.001,1.46,2026-06-22T22:49:18,0.001,1.46
route_mutation,20260622T224918_996990,of:0000000000000008:1 -> of:000000000000000b:6,0.001,0.00125,0.001,0.001,1.36,2026-06-22T22:49:18,0.001,1.36
route_mutation,20260622T224918_996990,of:0000000000000004:2 -> of:0000000000000009:2,0.001,0.00125,0.001,0.001,1.4,2026-06-22T22:49:18,0.001,1.4
route_mutation,20260622T224918_996990,of:0000000000000002:1 -> of:000000000000000b:4,0.002,0.0025,0.002,0.002,2.06,2026-06-22T22:49:18,0.002,2.06
route_mutation,20260622T224918_996990,of:0000000000000009:1 -> of:000000000000000c:6,0.001,0.00125,0.001,0.001,1.36,2026-06-22T22:49:18,0.001,1.36
route_mutation,20260622T224949_459887,of:0000000000000004:1 -> of:000000000000000c:4,0.002,0.0025,0.002,0.002,2.23,2026-06-22T22:49:49,0.002,2.29
route_mutation,20260622T224949_459887,of:0000000000000005:1 -> of:000000000000000c:5,0.002,0.0025,0.002,0.002,2.23,2026-06-22T22:49:49,0.002,2.29
route_mutation,20260622T224949_459887,of:000000000000000a:1 -> of:000000000000000d:6,0.001,0.00125,0.001,0.001,1.46,2026-06-22T22:49:49,0.001,1.5
route_mutation,20260622T224949_459887,of:000000000000000b:3 -> of:000000000000000d:2,0.001,0.00125,0.001,0.001,1.63,2026-06-22T22:49:49,0.001,1.63
route_mutation,20260622T224949_459887,of:000000000000000c:3 -> of:000000000000000d:3,0.001,0.00125,0.001,0.001,1.66,2026-06-22T22:49:49,0.001,1.66
route_mutation,20260622T224949_459887,of:0000000000000005:2 -> of:0000000000000009:3,0.002,0.0025,0.002,0.002,1.7,2026-06-22T22:49:49,0.002,1.7
route_mutation,20260622T224949_459887,of:0000000000000001:1 -> of:000000000000000b:1,0.003,0.00375,0.003,0.003,2.93,2026-06-22T22:49:49,0.003,2.89
route_mutation,20260622T224949_459887,of:000000000000000b:2 -> of:000000000000000c:2,0.001,0.00125,0.001,0.001,1.63,2026-06-22T22:49:49,0.001,1.63
route_mutation,20260622T224949_459887,of:0000000000000001:2 -> of:000000000000000c:1,0.003,0.00375,0.003,0.003,3.09,2026-06-22T22:49:49,0.003,3.03
route_mutation,20260622T224949_459887,of:0000000000000006:2 -> of:000000000000000a:2,0.002,0.0025,0.002,0.002,1.73,2026-06-22T22:49:49,0.002,1.73
route_mutation,20260622T224949_459887,of:0000000000000001:3 -> of:000000000000000d:1,0.002,0.0025,0.002,0.002,1.7,2026-06-22T22:49:49,0.002,1.8
route_mutation,20260622T224949_459887,of:0000000000000003:1 -> of:000000000000000b:5,0.002,0.0025,0.002,0.002,2.46,2026-06-22T22:49:49,0.002,2.49
route_mutation,20260622T224949_459887,of:0000000000000006:1 -> of:000000000000000d:4,0.002,0.0025,0.002,0.002,1.8,2026-06-22T22:49:49,0.002,1.73
route_mutation,20260622T224949_459887,of:0000000000000007:2 -> of:000000000000000a:3,0.002,0.0025,0.002,0.002,1.73,2026-06-22T22:49:49,0.002,1.73
route_mutation,20260622T224949_459887,of:0000000000000007:1 -> of:000000000000000d:5,0.001,0.00125,0.001,0.001,1.46,2026-06-22T22:49:49,0.001,1.5
route_mutation,20260622T224949_459887,of:0000000000000002:2 -> of:0000000000000008:2,0.002,0.0025,0.002,0.002,1.7,2026-06-22T22:49:49,0.002,1.7
route_mutation,20260622T224949_459887,of:0000000000000003:2 -> of:0000000000000008:3,0.002,0.0025,0.002,0.002,1.7,2026-06-22T22:49:49,0.002,1.7
route_mutation,20260622T224949_459887,of:0000000000000008:1 -> of:000000000000000b:6,0.001,0.00125,0.001,0.001,1.46,2026-06-22T22:49:49,0.001,1.46
route_mutation,20260622T224949_459887,of:0000000000000004:2 -> of:0000000000000009:2,0.002,0.0025,0.002,0.002,1.7,2026-06-22T22:49:49,0.002,1.7
route_mutation,20260622T224949_459887,of:0000000000000002:1 -> of:000000000000000b:4,0.002,0.0025,0.002,0.002,1.83,2026-06-22T22:49:49,0.002,1.86
route_mutation,20260622T224949_459887,of:0000000000000009:1 -> of:000000000000000c:6,0.001,0.00125,0.001,0.001,1.46,2026-06-22T22:49:49,0.001,1.5
ip_shuffle,20260622T225019_905761,of:0000000000000004:1 -> of:000000000000000c:4,0.002,0.0025,0.002,0.002,2.23,2026-06-22T22:50:19,0.002,2.19
ip_shuffle,20260622T225019_905761,of:0000000000000005:1 -> of:000000000000000c:5,0.002,0.0025,0.002,0.002,2.23,2026-06-22T22:50:19,0.002,2.19
ip_shuffle,20260622T225019_905761,of:000000000000000a:1 -> of:000000000000000d:6,0.002,0.0025,0.002,0.002,2.23,2026-06-22T22:50:19,0.002,2.19
ip_shuffle,20260622T225019_905761,of:000000000000000b:3 -> of:000000000000000d:2,0.002,0.0025,0.002,0.002,3.09,2026-06-22T22:50:19,0.002,3.09
ip_shuffle,20260622T225019_905761,of:000000000000000c:3 -> of:000000000000000d:3,0.002,0.0025,0.002,0.002,3.06,2026-06-22T22:50:19,0.002,3.06
ip_shuffle,20260622T225019_905761,of:0000000000000005:2 -> of:0000000000000009:3,0.002,0.0025,0.002,0.002,3.13,2026-06-22T22:50:19,0.002,3.13
ip_shuffle,20260622T225019_905761,of:0000000000000001:1 -> of:000000000000000b:1,0.002,0.0025,0.002,0.002,2.29,2026-06-22T22:50:19,0.002,2.33
ip_shuffle,20260622T225019_905761,of:000000000000000b:2 -> of:000000000000000c:2,0.002,0.0025,0.002,0.002,3.09,2026-06-22T22:50:19,0.002,3.09
ip_shuffle,20260622T225019_905761,of:0000000000000001:2 -> of:000000000000000c:1,0.002,0.0025,0.002,0.002,2.26,2026-06-22T22:50:19,0.002,2.33
ip_shuffle,20260622T225019_905761,of:0000000000000006:2 -> of:000000000000000a:2,0.002,0.0025,0.002,0.002,3.13,2026-06-22T22:50:19,0.002,3.13
ip_shuffle,20260622T225019_905761,of:0000000000000001:3 -> of:000000000000000d:1,0.004,0.005,0.004,0.004,4.62,2026-06-22T22:50:19,0.004,4.52
ip_shuffle,20260622T225019_905761,of:0000000000000003:1 -> of:000000000000000b:5,0.002,0.0025,0.002,0.002,2.16,2026-06-22T22:50:19,0.002,2.16
ip_shuffle,20260622T225019_905761,of:0000000000000006:1 -> of:000000000000000d:4,0.003,0.00375,0.003,0.003,3.36,2026-06-22T22:50:19,0.003,3.42
ip_shuffle,20260622T225019_905761,of:0000000000000007:2 -> of:000000000000000a:3,0.002,0.0025,0.002,0.002,3.13,2026-06-22T22:50:19,0.002,3.13
ip_shuffle,20260622T225019_905761,of:0000000000000007:1 -> of:000000000000000d:5,0.003,0.00375,0.003,0.003,3.62,2026-06-22T22:50:19,0.003,3.52
ip_shuffle,20260622T225019_905761,of:0000000000000002:2 -> of:0000000000000008:2,0.002,0.0025,0.002,0.002,3.06,2026-06-22T22:50:19,0.002,3.06
ip_shuffle,20260622T225019_905761,of:0000000000000003:2 -> of:0000000000000008:3,0.002,0.0025,0.002,0.002,3.06,2026-06-22T22:50:19,0.002,3.06
ip_shuffle,20260622T225019_905761,of:0000000000000008:1 -> of:000000000000000b:6,0.002,0.0025,0.002,0.002,2.23,2026-06-22T22:50:19,0.002,2.23
ip_shuffle,20260622T225019_905761,of:0000000000000004:2 -> of:0000000000000009:2,0.002,0.0025,0.002,0.002,3.13,2026-06-22T22:50:19,0.002,3.13
ip_shuffle,20260622T225019_905761,of:0000000000000002:1 -> of:000000000000000b:4,0.002,0.0025,0.002,0.002,2.16,2026-06-22T22:50:19,0.002,2.16
ip_shuffle,20260622T225019_905761,of:0000000000000009:1 -> of:000000000000000c:6,0.002,0.0025,0.002,0.002,2.23,2026-06-22T22:50:19,0.002,2.19
ip_shuffle,20260622T225117_786563,of:0000000000000004:1 -> of:000000000000000c:4,0.002,0.0025,0.002,0.002,1.63,2026-06-22T22:51:17,0.002,1.6
ip_shuffle,20260622T225117_786563,of:0000000000000005:1 -> of:000000000000000c:5,0.001,0.00125,0.001,0.001,1.46,2026-06-22T22:51:17,0.001,1.43
ip_shuffle,20260622T225117_786563,of:000000000000000a:1 -> of:000000000000000d:6,0.001,0.00125,0.001,0.001,1.4,2026-06-22T22:51:17,0.001,1.36
ip_shuffle,20260622T225117_786563,of:000000000000000b:3 -> of:000000000000000d:2,0.001,0.00125,0.001,0.001,1.56,2026-06-22T22:51:17,0.001,1.56
ip_shuffle,20260622T225117_786563,of:000000000000000c:3 -> of:000000000000000d:3,0.001,0.00125,0.001,0.001,1.53,2026-06-22T22:51:17,0.001,1.53
ip_shuffle,20260622T225117_786563,of:0000000000000005:2 -> of:0000000000000009:3,0.002,0.0025,0.002,0.002,1.73,2026-06-22T22:51:17,0.002,1.73
ip_shuffle,20260622T225117_786563,of:0000000000000001:1 -> of:000000000000000b:1,0.003,0.00375,0.003,0.003,3.29,2026-06-22T22:51:17,0.003,3.36
ip_shuffle,20260622T225117_786563,of:000000000000000b:2 -> of:000000000000000c:2,0.001,0.00125,0.001,0.001,1.56,2026-06-22T22:51:17,0.001,1.56
ip_shuffle,20260622T225117_786563,of:0000000000000001:2 -> of:000000000000000c:1,0.002,0.0025,0.002,0.002,1.8,2026-06-22T22:51:17,0.002,1.73
ip_shuffle,20260622T225117_786563,of:0000000000000006:2 -> of:000000000000000a:2,0.002,0.0025,0.002,0.002,1.66,2026-06-22T22:51:17,0.002,1.66
ip_shuffle,20260622T225117_786563,of:0000000000000001:3 -> of:000000000000000d:1,0.001,0.00125,0.001,0.001,1.36,2026-06-22T22:51:17,0.001,1.3
ip_shuffle,20260622T225117_786563,of:0000000000000003:1 -> of:000000000000000b:5,0.002,0.0025,0.002,0.002,2.46,2026-06-22T22:51:17,0.002,2.46
ip_shuffle,20260622T225117_786563,of:0000000000000006:1 -> of:000000000000000d:4,0.001,0.00125,0.001,0.001,1.46,2026-06-22T22:51:17,0.001,1.43
ip_shuffle,20260622T225117_786563,of:0000000000000007:2 -> of:000000000000000a:3,0.002,0.0025,0.002,0.002,1.66,2026-06-22T22:51:17,0.002,1.66
ip_shuffle,20260622T225117_786563,of:0000000000000007:1 -> of:000000000000000d:5,0.001,0.00125,0.001,0.001,1.46,2026-06-22T22:51:17,0.001,1.43
ip_shuffle,20260622T225117_786563,of:0000000000000002:2 -> of:0000000000000008:2,0.002,0.0025,0.002,0.002,1.73,2026-06-22T22:51:17,0.002,1.73
ip_shuffle,20260622T225117_786563,of:0000000000000003:2 -> of:0000000000000008:3,0.002,0.0025,0.002,0.002,1.73,2026-06-22T22:51:17,0.002,1.73
ip_shuffle,20260622T225117_786563,of:0000000000000008:1 -> of:000000000000000b:6,0.001,0.00125,0.001,0.001,1.46,2026-06-22T22:51:17,0.001,1.46
ip_shuffle,20260622T225117_786563,of:0000000000000004:2 -> of:0000000000000009:2,0.002,0.0025,0.002,0.002,1.73,2026-06-22T22:51:17,0.002,1.73
ip_shuffle,20260622T225117_786563,of:0000000000000002:1 -> of:000000000000000b:4,0.002,0.0025,0.002,0.002,2.5,2026-06-22T22:51:17,0.002,2.5
ip_shuffle,20260622T225117_786563,of:0000000000000009:1 -> of:000000000000000c:6,0.001,0.00125,0.001,0.001,1.46,2026-06-22T22:51:17,0.001,1.43
route_mutation,20260622T225215_410508,of:0000000000000004:1 -> of:000000000000000c:4,0.002,0.0025,0.002,0.002,1.76,2026-06-22T22:52:15,0.002,1.73
route_mutation,20260622T225215_410508,of:0000000000000005:1 -> of:000000000000000c:5,0.002,0.0025,0.002,0.002,1.76,2026-06-22T22:52:15,0.002,1.73
route_mutation,20260622T225215_410508,of:000000000000000a:1 -> of:000000000000000d:6,0.002,0.0025,0.002,0.002,1.83,2026-06-22T22:52:15,0.002,1.8
route_mutation,20260622T225215_410508,of:000000000000000b:3 -> of:000000000000000d:2,0.002,0.0025,0.002,0.002,2.26,2026-06-22T22:52:15,0.002,2.3
route_mutation,20260622T225215_410508,of:000000000000000c:3 -> of:000000000000000d:3,0.002,0.0025,0.002,0.002,2.26,2026-06-22T22:52:15,0.002,2.26
route_mutation,20260622T225215_410508,of:0000000000000005:2 -> of:0000000000000009:3,0.002,0.0025,0.002,0.002,2.26,2026-06-22T22:52:15,0.002,2.26
route_mutation,20260622T225215_410508,of:0000000000000001:1 -> of:000000000000000b:1,0.002,0.0025,0.002,0.002,1.8,2026-06-22T22:52:15,0.002,1.73
route_mutation,20260622T225215_410508,of:000000000000000b:2 -> of:000000000000000c:2,0.002,0.0025,0.002,0.002,2.3,2026-06-22T22:52:15,0.002,2.3
route_mutation,20260622T225215_410508,of:0000000000000001:2 -> of:000000000000000c:1,0.002,0.0025,0.002,0.002,1.8,2026-06-22T22:52:15,0.002,1.73
route_mutation,20260622T225215_410508,of:0000000000000006:2 -> of:000000000000000a:2,0.002,0.0025,0.002,0.002,2.26,2026-06-22T22:52:15,0.002,2.26
route_mutation,20260622T225215_410508,of:0000000000000001:3 -> of:000000000000000d:1,0.002,0.0025,0.002,0.002,2.76,2026-06-22T22:52:15,0.002,2.86
route_mutation,20260622T225215_410508,of:0000000000000003:1 -> of:000000000000000b:5,0.002,0.0025,0.002,0.002,1.86,2026-06-22T22:52:15,0.002,1.83
route_mutation,20260622T225215_410508,of:0000000000000006:1 -> of:000000000000000d:4,0.002,0.0025,0.002,0.002,1.8,2026-06-22T22:52:15,0.002,1.76
route_mutation,20260622T225215_410508,of:0000000000000007:2 -> of:000000000000000a:3,0.002,0.0025,0.002,0.002,2.26,2026-06-22T22:52:15,0.002,2.26
route_mutation,20260622T225215_410508,of:0000000000000007:1 -> of:000000000000000d:5,0.002,0.0025,0.002,0.002,2.89,2026-06-22T22:52:15,0.002,2.96
route_mutation,20260622T225215_410508,of:0000000000000002:2 -> of:0000000000000008:2,0.002,0.0025,0.002,0.002,2.3,2026-06-22T22:52:15,0.002,2.3
route_mutation,20260622T225215_410508,of:0000000000000003:2 -> of:0000000000000008:3,0.002,0.0025,0.002,0.002,2.3,2026-06-22T22:52:15,0.002,2.3
route_mutation,20260622T225215_410508,of:0000000000000008:1 -> of:000000000000000b:6,0.002,0.0025,0.002,0.002,1.76,2026-06-22T22:52:15,0.002,1.76
route_mutation,20260622T225215_410508,of:0000000000000004:2 -> of:0000000000000009:2,0.002,0.0025,0.002,0.002,2.26,2026-06-22T22:52:15,0.002,2.26
route_mutation,20260622T225215_410508,of:0000000000000002:1 -> of:000000000000000b:4,0.002,0.0025,0.002,0.002,1.86,2026-06-22T22:52:15,0.002,1.83
route_mutation,20260622T225215_410508,of:0000000000000009:1 -> of:000000000000000c:6,0.002,0.0025,0.002,0.002,1.83,2026-06-22T22:52:15,0.002,1.8
ip_shuffle,20260622T225245_836906,of:0000000000000004:1 -> of:000000000000000c:4,0.001,0.00125,0.001,0.001,1.36,2026-06-22T22:52:45,0.001,1.36
ip_shuffle,20260622T225245_836906,of:0000000000000005:1 -> of:000000000000000c:5,0.001,0.00125,0.001,0.001,1.36,2026-06-22T22:52:45,0.001,1.36
ip_shuffle,20260622T225245_836906,of:000000000000000a:1 -> of:000000000000000d:6,0.001,0.00125,0.001,0.001,1.3,2026-06-22T22:52:45,0.001,1.3
ip_shuffle,20260622T225245_836906,of:000000000000000b:3 -> of:000000000000000d:2,0.001,0.00125,0.001,0.001,1.4,2026-06-22T22:52:45,0.001,1.4
ip_shuffle,20260622T225245_836906,of:000000000000000c:3 -> of:000000000000000d:3,0.001,0.00125,0.001,0.001,1.4,2026-06-22T22:52:45,0.001,1.4
ip_shuffle,20260622T225245_836906,of:0000000000000005:2 -> of:0000000000000009:3,0.001,0.00125,0.001,0.001,1.46,2026-06-22T22:52:45,0.001,1.46
ip_shuffle,20260622T225245_836906,of:0000000000000001:1 -> of:000000000000000b:1,0.003,0.00375,0.003,0.003,2.99,2026-06-22T22:52:45,0.003,2.99
ip_shuffle,20260622T225245_836906,of:000000000000000b:2 -> of:000000000000000c:2,0.001,0.00125,0.001,0.001,1.4,2026-06-22T22:52:45,0.001,1.4
ip_shuffle,20260622T225245_836906,of:0000000000000001:2 -> of:000000000000000c:1,0.001,0.00125,0.001,0.001,1.3,2026-06-22T22:52:45,0.001,1.33
ip_shuffle,20260622T225245_836906,of:0000000000000006:2 -> of:000000000000000a:2,0.001,0.00125,0.001,0.001,1.46,2026-06-22T22:52:45,0.001,1.46
ip_shuffle,20260622T225245_836906,of:0000000000000001:3 -> of:000000000000000d:1,0.001,0.00125,0.001,0.001,1.3,2026-06-22T22:52:45,0.001,1.33
ip_shuffle,20260622T225245_836906,of:0000000000000003:1 -> of:000000000000000b:5,0.002,0.0025,0.002,0.002,1.76,2026-06-22T22:52:45,0.002,1.76
ip_shuffle,20260622T225245_836906,of:0000000000000006:1 -> of:000000000000000d:4,0.001,0.00125,0.001,0.001,1.36,2026-06-22T22:52:45,0.001,1.36
ip_shuffle,20260622T225245_836906,of:0000000000000007:2 -> of:000000000000000a:3,0.001,0.00125,0.001,0.001,1.46,2026-06-22T22:52:45,0.001,1.46
ip_shuffle,20260622T225245_836906,of:0000000000000007:1 -> of:000000000000000d:5,0.001,0.00125,0.001,0.001,1.36,2026-06-22T22:52:45,0.001,1.36
ip_shuffle,20260622T225245_836906,of:0000000000000002:2 -> of:0000000000000008:2,0.002,0.0025,0.002,0.002,1.53,2026-06-22T22:52:45,0.002,1.53
ip_shuffle,20260622T225245_836906,of:0000000000000003:2 -> of:0000000000000008:3,0.002,0.0025,0.002,0.002,1.53,2026-06-22T22:52:45,0.002,1.53
ip_shuffle,20260622T225245_836906,of:0000000000000008:1 -> of:000000000000000b:6,0.001,0.00125,0.001,0.001,1.36,2026-06-22T22:52:45,0.001,1.36
ip_shuffle,20260622T225245_836906,of:0000000000000004:2 -> of:0000000000000009:2,0.001,0.00125,0.001,0.001,1.46,2026-06-22T22:52:45,0.001,1.46
ip_shuffle,20260622T225245_836906,of:0000000000000002:1 -> of:000000000000000b:4,0.002,0.0025,0.002,0.002,2.4,2026-06-22T22:52:45,0.002,2.4
ip_shuffle,20260622T225245_836906,of:0000000000000009:1 -> of:000000000000000c:6,0.001,0.00125,0.001,0.001,1.3,2026-06-22T22:52:45,0.001,1.3
ip_shuffle,20260622T225343_775362,of:0000000000000004:1 -> of:000000000000000c:4,0.002,0.0025,0.002,0.002,2.06,2026-06-22T22:53:43,0.002,2.06
ip_shuffle,20260622T225343_775362,of:0000000000000005:1 -> of:000000000000000c:5,0.002,0.0025,0.002,0.002,2.06,2026-06-22T22:53:43,0.002,2.06
ip_shuffle,20260622T225343_775362,of:000000000000000a:1 -> of:000000000000000d:6,0.002,0.0025,0.002,0.002,2.13,2026-06-22T22:53:43,0.002,2.13
ip_shuffle,20260622T225343_775362,of:000000000000000b:3 -> of:000000000000000d:2,0.002,0.0025,0.002,0.002,2.93,2026-06-22T22:53:43,0.002,2.93
ip_shuffle,20260622T225343_775362,of:000000000000000c:3 -> of:000000000000000d:3,0.002,0.0025,0.002,0.002,2.93,2026-06-22T22:53:43,0.002,2.93
ip_shuffle,20260622T225343_775362,of:0000000000000005:2 -> of:0000000000000009:3,0.002,0.0025,0.002,0.002,2.86,2026-06-22T22:53:43,0.002,2.86
ip_shuffle,20260622T225343_775362,of:0000000000000001:1 -> of:000000000000000b:1,0.002,0.0025,0.002,0.002,2.13,2026-06-22T22:53:43,0.002,2.06
ip_shuffle,20260622T225343_775362,of:000000000000000b:2 -> of:000000000000000c:2,0.002,0.0025,0.002,0.002,2.93,2026-06-22T22:53:43,0.002,2.93
ip_shuffle,20260622T225343_775362,of:0000000000000001:2 -> of:000000000000000c:1,0.002,0.0025,0.002,0.002,2.13,2026-06-22T22:53:43,0.002,2.06
ip_shuffle,20260622T225343_775362,of:0000000000000006:2 -> of:000000000000000a:2,0.002,0.0025,0.002,0.002,2.86,2026-06-22T22:53:43,0.002,2.86
ip_shuffle,20260622T225343_775362,of:0000000000000001:3 -> of:000000000000000d:1,0.003,0.00375,0.003,0.003,4.23,2026-06-22T22:53:43,0.003,4.26
ip_shuffle,20260622T225343_775362,of:0000000000000003:1 -> of:000000000000000b:5,0.002,0.0025,0.002,0.002,2.06,2026-06-22T22:53:43,0.002,2.13
ip_shuffle,20260622T225343_775362,of:0000000000000006:1 -> of:000000000000000d:4,0.002,0.0025,0.002,0.002,2.9,2026-06-22T22:53:43,0.002,2.9
ip_shuffle,20260622T225343_775362,of:0000000000000007:2 -> of:000000000000000a:3,0.002,0.0025,0.002,0.002,2.86,2026-06-22T22:53:43,0.002,2.86
ip_shuffle,20260622T225343_775362,of:0000000000000007:1 -> of:000000000000000d:5,0.003,0.00375,0.003,0.003,3.39,2026-06-22T22:53:43,0.003,3.33
ip_shuffle,20260622T225343_775362,of:0000000000000002:2 -> of:0000000000000008:2,0.002,0.0025,0.002,0.002,2.8,2026-06-22T22:53:43,0.002,2.8
ip_shuffle,20260622T225343_775362,of:0000000000000003:2 -> of:0000000000000008:3,0.002,0.0025,0.002,0.002,2.8,2026-06-22T22:53:43,0.002,2.8
ip_shuffle,20260622T225343_775362,of:0000000000000008:1 -> of:000000000000000b:6,0.002,0.0025,0.002,0.002,2.06,2026-06-22T22:53:43,0.002,2.06
ip_shuffle,20260622T225343_775362,of:0000000000000004:2 -> of:0000000000000009:2,0.002,0.0025,0.002,0.002,2.86,2026-06-22T22:53:43,0.002,2.86
ip_shuffle,20260622T225343_775362,of:0000000000000002:1 -> of:000000000000000b:4,0.002,0.0025,0.002,0.002,2.06,2026-06-22T22:53:43,0.002,2.13
ip_shuffle,20260622T225343_775362,of:0000000000000009:1 -> of:000000000000000c:6,0.002,0.0025,0.002,0.002,2.13,2026-06-22T22:53:43,0.002,2.13
route_mutation,20260622T225454_628811,of:0000000000000004:1 -> of:000000000000000c:4,0.002,0.0025,0.002,0.002,2.33,2026-06-22T22:54:54,0.002,2.3
route_mutation,20260622T225454_628811,of:0000000000000005:1 -> of:000000000000000c:5,0.002,0.0025,0.002,0.002,1.8,2026-06-22T22:54:54,0.002,1.76
route_mutation,20260622T225454_628811,of:000000000000000a:1 -> of:000000000000000d:6,0.001,0.00125,0.001,0.001,1.43,2026-06-22T22:54:54,0.001,1.43
route_mutation,20260622T225454_628811,of:000000000000000b:3 -> of:000000000000000d:2,0.002,0.0025,0.002,0.002,1.6,2026-06-22T22:54:54,0.002,1.6
route_mutation,20260622T225454_628811,of:000000000000000c:3 -> of:000000000000000d:3,0.002,0.0025,0.002,0.002,1.6,2026-06-22T22:54:54,0.002,1.6
route_mutation,20260622T225454_628811,of:0000000000000005:2 -> of:0000000000000009:3,0.002,0.0025,0.002,0.002,1.73,2026-06-22T22:54:54,0.002,1.73
route_mutation,20260622T225454_628811,of:0000000000000001:1 -> of:000000000000000b:1,0.003,0.00375,0.003,0.003,3.33,2026-06-22T22:54:54,0.003,3.46
route_mutation,20260622T225454_628811,of:000000000000000b:2 -> of:000000000000000c:2,0.002,0.0025,0.002,0.002,1.66,2026-06-22T22:54:54,0.002,1.66
route_mutation,20260622T225454_628811,of:0000000000000001:2 -> of:000000000000000c:1,0.003,0.00375,0.003,0.003,2.83,2026-06-22T22:54:54,0.003,2.76
route_mutation,20260622T225454_628811,of:0000000000000006:2 -> of:000000000000000a:2,0.002,0.0025,0.002,0.002,1.7,2026-06-22T22:54:54,0.002,1.7
route_mutation,20260622T225454_628811,of:0000000000000001:3 -> of:000000000000000d:1,0.001,0.00125,0.001,0.001,1.43,2026-06-22T22:54:54,0.001,1.36
route_mutation,20260622T225454_628811,of:0000000000000003:1 -> of:000000000000000b:5,0.002,0.0025,0.002,0.002,2.46,2026-06-22T22:54:54,0.002,2.53
route_mutation,20260622T225454_628811,of:0000000000000006:1 -> of:000000000000000d:4,0.001,0.00125,0.001,0.001,1.46,2026-06-22T22:54:54,0.001,1.43
route_mutation,20260622T225454_628811,of:0000000000000007:2 -> of:000000000000000a:3,0.002,0.0025,0.002,0.002,1.7,2026-06-22T22:54:54,0.002,1.7
route_mutation,20260622T225454_628811,of:0000000000000007:1 -> of:000000000000000d:5,0.002,0.0025,0.002,0.002,1.53,2026-06-22T22:54:54,0.002,1.5
route_mutation,20260622T225454_628811,of:0000000000000002:2 -> of:0000000000000008:2,0.002,0.0025,0.002,0.002,1.63,2026-06-22T22:54:54,0.002,1.63
route_mutation,20260622T225454_628811,of:0000000000000003:2 -> of:0000000000000008:3,0.002,0.0025,0.002,0.002,1.63,2026-06-22T22:54:54,0.002,1.63
route_mutation,20260622T225454_628811,of:0000000000000008:1 -> of:000000000000000b:6,0.002,0.0025,0.002,0.002,1.53,2026-06-22T22:54:54,0.002,1.5
route_mutation,20260622T225454_628811,of:0000000000000004:2 -> of:0000000000000009:2,0.002,0.0025,0.002,0.002,1.73,2026-06-22T22:54:54,0.002,1.73
route_mutation,20260622T225454_628811,of:0000000000000002:1 -> of:000000000000000b:4,0.002,0.0025,0.002,0.002,2.43,2026-06-22T22:54:54,0.002,2.3
route_mutation,20260622T225454_628811,of:0000000000000009:1 -> of:000000000000000c:6,0.002,0.0025,0.002,0.002,1.53,2026-06-22T22:54:54,0.002,1.5
ip_shuffle,20260622T225525_079983,of:0000000000000004:1 -> of:000000000000000c:4,0.002,0.0025,0.002,0.002,2.0,2026-06-22T22:55:25,0.002,2.03
ip_shuffle,20260622T225525_079983,of:0000000000000005:1 -> of:000000000000000c:5,0.002,0.0025,0.002,0.002,2.53,2026-06-22T22:55:25,0.002,2.56
ip_shuffle,20260622T225525_079983,of:000000000000000a:1 -> of:000000000000000d:6,0.002,0.0025,0.002,0.002,2.1,2026-06-22T22:55:25,0.002,2.13
ip_shuffle,20260622T225525_079983,of:000000000000000b:3 -> of:000000000000000d:2,0.002,0.0025,0.002,0.002,2.89,2026-06-22T22:55:25,0.002,2.89
ip_shuffle,20260622T225525_079983,of:000000000000000c:3 -> of:000000000000000d:3,0.002,0.0025,0.002,0.002,2.89,2026-06-22T22:55:25,0.002,2.89
ip_shuffle,20260622T225525_079983,of:0000000000000005:2 -> of:0000000000000009:3,0.002,0.0025,0.002,0.002,2.76,2026-06-22T22:55:25,0.002,2.76
ip_shuffle,20260622T225525_079983,of:0000000000000001:1 -> of:000000000000000b:1,0.002,0.0025,0.002,0.002,2.1,2026-06-22T22:55:25,0.002,2.2
ip_shuffle,20260622T225525_079983,of:000000000000000b:2 -> of:000000000000000c:2,0.002,0.0025,0.002,0.002,2.86,2026-06-22T22:55:25,0.002,2.86
ip_shuffle,20260622T225525_079983,of:0000000000000001:2 -> of:000000000000000c:1,0.002,0.0025,0.002,0.002,2.36,2026-06-22T22:55:25,0.002,2.46
ip_shuffle,20260622T225525_079983,of:0000000000000006:2 -> of:000000000000000a:2,0.002,0.0025,0.002,0.002,2.76,2026-06-22T22:55:25,0.002,2.76
ip_shuffle,20260622T225525_079983,of:0000000000000001:3 -> of:000000000000000d:1,0.003,0.00375,0.003,0.003,4.39,2026-06-22T22:55:25,0.003,4.29
ip_shuffle,20260622T225525_079983,of:0000000000000003:1 -> of:000000000000000b:5,0.002,0.0025,0.002,0.002,2.2,2026-06-22T22:55:25,0.002,2.1
ip_shuffle,20260622T225525_079983,of:0000000000000006:1 -> of:000000000000000d:4,0.003,0.00375,0.003,0.003,3.19,2026-06-22T22:55:25,0.003,3.26
ip_shuffle,20260622T225525_079983,of:0000000000000007:2 -> of:000000000000000a:3,0.002,0.0025,0.002,0.002,2.76,2026-06-22T22:55:25,0.002,2.76
ip_shuffle,20260622T225525_079983,of:0000000000000007:1 -> of:000000000000000d:5,0.002,0.0025,0.002,0.002,2.89,2026-06-22T22:55:25,0.002,2.8
ip_shuffle,20260622T225525_079983,of:0000000000000002:2 -> of:0000000000000008:2,0.002,0.0025,0.002,0.002,2.96,2026-06-22T22:55:25,0.002,2.96
ip_shuffle,20260622T225525_079983,of:0000000000000003:2 -> of:0000000000000008:3,0.002,0.0025,0.002,0.002,2.96,2026-06-22T22:55:25,0.002,2.96
ip_shuffle,20260622T225525_079983,of:0000000000000008:1 -> of:000000000000000b:6,0.002,0.0025,0.002,0.002,2.1,2026-06-22T22:55:25,0.002,2.1
ip_shuffle,20260622T225525_079983,of:0000000000000004:2 -> of:0000000000000009:2,0.002,0.0025,0.002,0.002,2.76,2026-06-22T22:55:25,0.002,2.76
ip_shuffle,20260622T225525_079983,of:0000000000000002:1 -> of:000000000000000b:4,0.002,0.0025,0.002,0.002,2.2,2026-06-22T22:55:25,0.002,2.1
ip_shuffle,20260622T225525_079983,of:0000000000000009:1 -> of:000000000000000c:6,0.002,0.0025,0.002,0.002,2.1,2026-06-22T22:55:25,0.002,2.1
ip_shuffle,20260622T225622_869674,of:0000000000000004:1 -> of:000000000000000c:4,0.002,0.0025,0.002,0.002,2.0,2026-06-22T22:56:22,0.002,2.0
ip_shuffle,20260622T225622_869674,of:0000000000000005:1 -> of:000000000000000c:5,0.002,0.0025,0.002,0.002,1.53,2026-06-22T22:56:22,0.002,1.53
ip_shuffle,20260622T225622_869674,of:000000000000000a:1 -> of:000000000000000d:6,0.001,0.00125,0.001,0.001,1.46,2026-06-22T22:56:22,0.001,1.46
ip_shuffle,20260622T225622_869674,of:000000000000000b:3 -> of:000000000000000d:2,0.002,0.0025,0.002,0.002,1.66,2026-06-22T22:56:22,0.002,1.66
ip_shuffle,20260622T225622_869674,of:000000000000000c:3 -> of:000000000000000d:3,0.002,0.0025,0.002,0.002,1.66,2026-06-22T22:56:22,0.002,1.66
ip_shuffle,20260622T225622_869674,of:0000000000000005:2 -> of:0000000000000009:3,0.002,0.0025,0.002,0.002,1.73,2026-06-22T22:56:22,0.002,1.73
ip_shuffle,20260622T225622_869674,of:0000000000000001:1 -> of:000000000000000b:1,0.003,0.00375,0.003,0.003,3.59,2026-06-22T22:56:22,0.003,3.59
ip_shuffle,20260622T225622_869674,of:000000000000000b:2 -> of:000000000000000c:2,0.002,0.0025,0.002,0.002,1.73,2026-06-22T22:56:22,0.002,1.73
ip_shuffle,20260622T225622_869674,of:0000000000000001:2 -> of:000000000000000c:1,0.002,0.0025,0.002,0.002,2.26,2026-06-22T22:56:22,0.002,2.26
ip_shuffle,20260622T225622_869674,of:0000000000000006:2 -> of:000000000000000a:2,0.002,0.0025,0.002,0.002,1.73,2026-06-22T22:56:22,0.002,1.73
ip_shuffle,20260622T225622_869674,of:0000000000000001:3 -> of:000000000000000d:1,0.001,0.00125,0.001,0.001,1.46,2026-06-22T22:56:22,0.001,1.46
ip_shuffle,20260622T225622_869674,of:0000000000000003:1 -> of:000000000000000b:5,0.002,0.0025,0.002,0.002,2.56,2026-06-22T22:56:22,0.002,2.56
ip_shuffle,20260622T225622_869674,of:0000000000000006:1 -> of:000000000000000d:4,0.001,0.00125,0.001,0.001,1.46,2026-06-22T22:56:22,0.001,1.46
ip_shuffle,20260622T225622_869674,of:0000000000000007:2 -> of:000000000000000a:3,0.002,0.0025,0.002,0.002,1.73,2026-06-22T22:56:22,0.002,1.73
ip_shuffle,20260622T225622_869674,of:0000000000000007:1 -> of:000000000000000d:5,0.001,0.00125,0.001,0.001,1.46,2026-06-22T22:56:22,0.001,1.46
ip_shuffle,20260622T225622_869674,of:0000000000000002:2 -> of:0000000000000008:2,0.002,0.0025,0.002,0.002,1.73,2026-06-22T22:56:22,0.002,1.73
ip_shuffle,20260622T225622_869674,of:0000000000000003:2 -> of:0000000000000008:3,0.002,0.0025,0.002,0.002,1.73,2026-06-22T22:56:22,0.002,1.73
ip_shuffle,20260622T225622_869674,of:0000000000000008:1 -> of:000000000000000b:6,0.002,0.0025,0.002,0.002,1.53,2026-06-22T22:56:22,0.002,1.53
ip_shuffle,20260622T225622_869674,of:0000000000000004:2 -> of:0000000000000009:2,0.002,0.0025,0.002,0.002,1.73,2026-06-22T22:56:22,0.002,1.73
ip_shuffle,20260622T225622_869674,of:0000000000000002:1 -> of:000000000000000b:4,0.002,0.0025,0.002,0.002,2.56,2026-06-22T22:56:22,0.002,2.56
ip_shuffle,20260622T225622_869674,of:0000000000000009:1 -> of:000000000000000c:6,0.002,0.0025,0.002,0.002,1.53,2026-06-22T22:56:22,0.002,1.53
route_mutation,20260622T225727_205981,of:0000000000000004:1 -> of:000000000000000c:4,0.002,0.0025,0.002,0.002,1.7,2026-06-22T22:57:27,0.002,1.8
route_mutation,20260622T225727_205981,of:0000000000000005:1 -> of:000000000000000c:5,0.002,0.0025,0.002,0.002,1.7,2026-06-22T22:57:27,0.002,1.8
route_mutation,20260622T225727_205981,of:000000000000000a:1 -> of:000000000000000d:6,0.002,0.0025,0.002,0.002,1.8,2026-06-22T22:57:27,0.002,1.8
route_mutation,20260622T225727_205981,of:000000000000000b:3 -> of:000000000000000d:2,0.002,0.0025,0.002,0.002,2.33,2026-06-22T22:57:27,0.002,2.33
route_mutation,20260622T225727_205981,of:000000000000000c:3 -> of:000000000000000d:3,0.002,0.0025,0.002,0.002,2.33,2026-06-22T22:57:27,0.002,2.33
route_mutation,20260622T225727_205981,of:0000000000000005:2 -> of:0000000000000009:3,0.002,0.0025,0.002,0.002,2.26,2026-06-22T22:57:27,0.002,2.26
route_mutation,20260622T225727_205981,of:0000000000000001:1 -> of:000000000000000b:1,0.002,0.0025,0.002,0.002,1.73,2026-06-22T22:57:27,0.001,1.63
route_mutation,20260622T225727_205981,of:000000000000000b:2 -> of:000000000000000c:2,0.002,0.0025,0.002,0.002,2.26,2026-06-22T22:57:27,0.002,2.26
route_mutation,20260622T225727_205981,of:0000000000000001:2 -> of:000000000000000c:1,0.002,0.0025,0.002,0.002,1.73,2026-06-22T22:57:27,0.001,1.63
route_mutation,20260622T225727_205981,of:0000000000000006:2 -> of:000000000000000a:2,0.002,0.0025,0.002,0.002,2.36,2026-06-22T22:57:27,0.002,2.36
route_mutation,20260622T225727_205981,of:0000000000000001:3 -> of:000000000000000d:1,0.003,0.00375,0.003,0.003,3.19,2026-06-22T22:57:27,0.003,3.33
route_mutation,20260622T225727_205981,of:0000000000000003:1 -> of:000000000000000b:5,0.002,0.0025,0.002,0.001,1.63,2026-06-22T22:57:27,0.002,1.73
route_mutation,20260622T225727_205981,of:0000000000000006:1 -> of:000000000000000d:4,0.002,0.0025,0.002,0.002,2.03,2026-06-22T22:57:27,0.002,2.06
route_mutation,20260622T225727_205981,of:0000000000000007:2 -> of:000000000000000a:3,0.002,0.0025,0.002,0.002,2.36,2026-06-22T22:57:27,0.002,2.36
route_mutation,20260622T225727_205981,of:0000000000000007:1 -> of:000000000000000d:5,0.003,0.00375,0.003,0.003,3.56,2026-06-22T22:57:27,0.003,3.53
route_mutation,20260622T225727_205981,of:0000000000000002:2 -> of:0000000000000008:2,0.002,0.0025,0.002,0.002,2.2,2026-06-22T22:57:27,0.002,2.2
route_mutation,20260622T225727_205981,of:0000000000000003:2 -> of:0000000000000008:3,0.002,0.0025,0.002,0.002,2.2,2026-06-22T22:57:27,0.002,2.2
route_mutation,20260622T225727_205981,of:0000000000000008:1 -> of:000000000000000b:6,0.002,0.0025,0.002,0.002,1.76,2026-06-22T22:57:27,0.002,1.73
route_mutation,20260622T225727_205981,of:0000000000000004:2 -> of:0000000000000009:2,0.002,0.0025,0.002,0.002,2.26,2026-06-22T22:57:27,0.002,2.26
route_mutation,20260622T225727_205981,of:0000000000000002:1 -> of:000000000000000b:4,0.002,0.0025,0.002,0.001,1.63,2026-06-22T22:57:27,0.002,1.73
route_mutation,20260622T225727_205981,of:0000000000000009:1 -> of:000000000000000c:6,0.002,0.0025,0.002,0.002,1.76,2026-06-22T22:57:27,0.002,1.73
ip_shuffle,20260622T225757_620818,of:0000000000000004:1 -> of:000000000000000c:4,0.001,0.00125,0.001,0.001,1.36,2026-06-22T22:57:57,0.001,1.36
ip_shuffle,20260622T225757_620818,of:0000000000000005:1 -> of:000000000000000c:5,0.001,0.00125,0.001,0.001,1.36,2026-06-22T22:57:57,0.001,1.36
ip_shuffle,20260622T225757_620818,of:000000000000000a:1 -> of:000000000000000d:6,0.001,0.00125,0.001,0.001,1.36,2026-06-22T22:57:57,0.001,1.36
ip_shuffle,20260622T225757_620818,of:000000000000000b:3 -> of:000000000000000d:2,0.001,0.00125,0.001,0.001,1.46,2026-06-22T22:57:57,0.001,1.46
ip_shuffle,20260622T225757_620818,of:000000000000000c:3 -> of:000000000000000d:3,0.001,0.00125,0.001,0.001,1.46,2026-06-22T22:57:57,0.001,1.46
ip_shuffle,20260622T225757_620818,of:0000000000000005:2 -> of:0000000000000009:3,0.001,0.00125,0.001,0.001,1.46,2026-06-22T22:57:57,0.001,1.46
ip_shuffle,20260622T225757_620818,of:0000000000000001:1 -> of:000000000000000b:1,0.003,0.00375,0.003,0.003,2.73,2026-06-22T22:57:57,0.003,2.73
ip_shuffle,20260622T225757_620818,of:000000000000000b:2 -> of:000000000000000c:2,0.002,0.0025,0.002,0.002,1.53,2026-06-22T22:57:57,0.002,1.53
ip_shuffle,20260622T225757_620818,of:0000000000000001:2 -> of:000000000000000c:1,0.002,0.0025,0.002,0.002,1.43,2026-06-22T22:57:57,0.002,1.43
ip_shuffle,20260622T225757_620818,of:0000000000000006:2 -> of:000000000000000a:2,0.002,0.0025,0.002,0.002,1.53,2026-06-22T22:57:57,0.002,1.53
ip_shuffle,20260622T225757_620818,of:0000000000000001:3 -> of:000000000000000d:1,0.001,0.00125,0.001,0.001,1.36,2026-06-22T22:57:57,0.001,1.36
ip_shuffle,20260622T225757_620818,of:0000000000000003:1 -> of:000000000000000b:5,0.002,0.0025,0.002,0.002,1.73,2026-06-22T22:57:57,0.002,1.73
ip_shuffle,20260622T225757_620818,of:0000000000000006:1 -> of:000000000000000d:4,0.001,0.00125,0.001,0.001,1.36,2026-06-22T22:57:57,0.001,1.36
ip_shuffle,20260622T225757_620818,of:0000000000000007:2 -> of:000000000000000a:3,0.002,0.0025,0.002,0.002,1.53,2026-06-22T22:57:57,0.002,1.53
ip_shuffle,20260622T225757_620818,of:0000000000000007:1 -> of:000000000000000d:5,0.001,0.00125,0.001,0.001,1.36,2026-06-22T22:57:57,0.001,1.36
ip_shuffle,20260622T225757_620818,of:0000000000000002:2 -> of:0000000000000008:2,0.002,0.0025,0.002,0.002,1.53,2026-06-22T22:57:57,0.002,1.53
ip_shuffle,20260622T225757_620818,of:0000000000000003:2 -> of:0000000000000008:3,0.002,0.0025,0.002,0.002,1.53,2026-06-22T22:57:57,0.002,1.53
ip_shuffle,20260622T225757_620818,of:0000000000000008:1 -> of:000000000000000b:6,0.002,0.0025,0.002,0.002,1.43,2026-06-22T22:57:57,0.002,1.43
ip_shuffle,20260622T225757_620818,of:0000000000000004:2 -> of:0000000000000009:2,0.001,0.00125,0.001,0.001,1.46,2026-06-22T22:57:57,0.001,1.46
ip_shuffle,20260622T225757_620818,of:0000000000000002:1 -> of:000000000000000b:4,0.002,0.0025,0.002,0.002,2.46,2026-06-22T22:57:57,0.002,2.46
ip_shuffle,20260622T225757_620818,of:0000000000000009:1 -> of:000000000000000c:6,0.002,0.0025,0.002,0.002,1.43,2026-06-22T22:57:57,0.002,1.43
ip_shuffle,20260622T225908_370407,of:0000000000000004:1 -> of:000000000000000c:4,0.001,0.00125,0.001,0.001,1.36,2026-06-22T22:59:08,0.001,1.36
ip_shuffle,20260622T225908_370407,of:0000000000000005:1 -> of:000000000000000c:5,0.001,0.00125,0.001,0.001,1.36,2026-06-22T22:59:08,0.001,1.36
ip_shuffle,20260622T225908_370407,of:000000000000000a:1 -> of:000000000000000d:6,0.001,0.00125,0.001,0.001,1.36,2026-06-22T22:59:08,0.001,1.36
ip_shuffle,20260622T225908_370407,of:000000000000000b:3 -> of:000000000000000d:2,0.001,0.00125,0.001,0.001,1.46,2026-06-22T22:59:08,0.001,1.46
ip_shuffle,20260622T225908_370407,of:000000000000000c:3 -> of:000000000000000d:3,0.001,0.00125,0.001,0.001,1.46,2026-06-22T22:59:08,0.001,1.46
ip_shuffle,20260622T225908_370407,of:0000000000000005:2 -> of:0000000000000009:3,0.001,0.00125,0.001,0.001,1.46,2026-06-22T22:59:08,0.001,1.46
ip_shuffle,20260622T225908_370407,of:0000000000000001:1 -> of:000000000000000b:1,0.002,0.0025,0.002,0.002,1.43,2026-06-22T22:59:08,0.002,1.43
ip_shuffle,20260622T225908_370407,of:000000000000000b:2 -> of:000000000000000c:2,0.002,0.0025,0.002,0.002,1.53,2026-06-22T22:59:08,0.002,1.53
ip_shuffle,20260622T225908_370407,of:0000000000000001:2 -> of:000000000000000c:1,0.002,0.0025,0.002,0.002,1.43,2026-06-22T22:59:08,0.002,1.43
ip_shuffle,20260622T225908_370407,of:0000000000000006:2 -> of:000000000000000a:2,0.001,0.00125,0.001,0.001,1.46,2026-06-22T22:59:08,0.001,1.46
ip_shuffle,20260622T225908_370407,of:0000000000000001:3 -> of:000000000000000d:1,0.002,0.0025,0.002,0.002,1.63,2026-06-22T22:59:08,0.002,1.63
ip_shuffle,20260622T225908_370407,of:0000000000000003:1 -> of:000000000000000b:5,0.001,0.00125,0.001,0.001,1.36,2026-06-22T22:59:08,0.001,1.36
ip_shuffle,20260622T225908_370407,of:0000000000000006:1 -> of:000000000000000d:4,0.001,0.00125,0.001,0.001,1.3,2026-06-22T22:59:08,0.001,1.3
ip_shuffle,20260622T225908_370407,of:0000000000000007:2 -> of:000000000000000a:3,0.002,0.0025,0.002,0.002,1.53,2026-06-22T22:59:08,0.002,1.53
ip_shuffle,20260622T225908_370407,of:0000000000000007:1 -> of:000000000000000d:5,0.002,0.0025,0.002,0.002,1.7,2026-06-22T22:59:08,0.002,1.7
ip_shuffle,20260622T225908_370407,of:0000000000000002:2 -> of:0000000000000008:2,0.001,0.00125,0.001,0.001,1.46,2026-06-22T22:59:08,0.001,1.46
ip_shuffle,20260622T225908_370407,of:0000000000000003:2 -> of:0000000000000008:3,0.001,0.00125,0.001,0.001,1.46,2026-06-22T22:59:08,0.001,1.46
ip_shuffle,20260622T225908_370407,of:0000000000000008:1 -> of:000000000000000b:6,0.002,0.0025,0.002,0.002,1.43,2026-06-22T22:59:08,0.002,1.43
ip_shuffle,20260622T225908_370407,of:0000000000000004:2 -> of:0000000000000009:2,0.001,0.00125,0.001,0.001,1.46,2026-06-22T22:59:08,0.001,1.46
ip_shuffle,20260622T225908_370407,of:0000000000000002:1 -> of:000000000000000b:4,0.001,0.00125,0.001,0.001,1.36,2026-06-22T22:59:08,0.001,1.36
ip_shuffle,20260622T225908_370407,of:0000000000000009:1 -> of:000000000000000c:6,0.002,0.0025,0.002,0.002,1.43,2026-06-22T22:59:08,0.002,1.43
route_mutation,20260622T230006_286634,of:0000000000000004:1 -> of:000000000000000c:4,0.002,0.0025,0.002,0.002,1.83,2026-06-22T23:00:06,0.002,1.83
route_mutation,20260622T230006_286634,of:0000000000000005:1 -> of:000000000000000c:5,0.002,0.0025,0.002,0.002,1.6,2026-06-22T23:00:06,0.002,1.6
route_mutation,20260622T230006_286634,of:000000000000000a:1 -> of:000000000000000d:6,0.002,0.0025,0.002,0.002,1.6,2026-06-22T23:00:06,0.002,1.6
route_mutation,20260622T230006_286634,of:000000000000000b:3 -> of:000000000000000d:2,0.002,0.0025,0.002,0.002,1.86,2026-06-22T23:00:06,0.002,1.86
route_mutation,20260622T230006_286634,of:000000000000000c:3 -> of:000000000000000d:3,0.002,0.0025,0.002,0.002,1.86,2026-06-22T23:00:06,0.002,1.86
route_mutation,20260622T230006_286634,of:0000000000000005:2 -> of:0000000000000009:3,0.002,0.0025,0.002,0.002,1.86,2026-06-22T23:00:06,0.002,1.86
route_mutation,20260622T230006_286634,of:0000000000000001:1 -> of:000000000000000b:1,0.003,0.00375,0.003,0.003,3.6,2026-06-22T23:00:06,0.003,3.53
route_mutation,20260622T230006_286634,of:000000000000000b:2 -> of:000000000000000c:2,0.002,0.0025,0.002,0.002,1.86,2026-06-22T23:00:06,0.002,1.86
route_mutation,20260622T230006_286634,of:0000000000000001:2 -> of:000000000000000c:1,0.002,0.0025,0.002,0.002,1.76,2026-06-22T23:00:06,0.002,1.76
route_mutation,20260622T230006_286634,of:0000000000000006:2 -> of:000000000000000a:2,0.002,0.0025,0.002,0.002,1.86,2026-06-22T23:00:06,0.002,1.86
route_mutation,20260622T230006_286634,of:0000000000000001:3 -> of:000000000000000d:1,0.002,0.0025,0.002,0.002,2.23,2026-06-22T23:00:06,0.002,2.23
route_mutation,20260622T230006_286634,of:0000000000000003:1 -> of:000000000000000b:5,0.002,0.0025,0.002,0.002,2.53,2026-06-22T23:00:06,0.002,2.6
route_mutation,20260622T230006_286634,of:0000000000000006:1 -> of:000000000000000d:4,0.002,0.0025,0.002,0.002,2.26,2026-06-22T23:00:06,0.002,2.26
route_mutation,20260622T230006_286634,of:0000000000000007:2 -> of:000000000000000a:3,0.002,0.0025,0.002,0.002,1.86,2026-06-22T23:00:06,0.002,1.86
route_mutation,20260622T230006_286634,of:0000000000000007:1 -> of:000000000000000d:5,0.002,0.0025,0.002,0.002,1.7,2026-06-22T23:00:06,0.002,1.7
route_mutation,20260622T230006_286634,of:0000000000000002:2 -> of:0000000000000008:2,0.002,0.0025,0.002,0.002,1.86,2026-06-22T23:00:06,0.002,1.86
route_mutation,20260622T230006_286634,of:0000000000000003:2 -> of:0000000000000008:3,0.002,0.0025,0.002,0.002,1.86,2026-06-22T23:00:06,0.002,1.86
route_mutation,20260622T230006_286634,of:0000000000000008:1 -> of:000000000000000b:6,0.002,0.0025,0.002,0.002,1.6,2026-06-22T23:00:06,0.002,1.6
route_mutation,20260622T230006_286634,of:0000000000000004:2 -> of:0000000000000009:2,0.002,0.0025,0.002,0.002,1.86,2026-06-22T23:00:06,0.002,1.86
route_mutation,20260622T230006_286634,of:0000000000000002:1 -> of:000000000000000b:4,0.002,0.0025,0.002,0.002,2.63,2026-06-22T23:00:06,0.002,2.63
route_mutation,20260622T230006_286634,of:0000000000000009:1 -> of:000000000000000c:6,0.002,0.0025,0.002,0.002,1.6,2026-06-22T23:00:06,0.002,1.6
ip_shuffle,20260622T230036_723222,of:0000000000000004:1 -> of:000000000000000c:4,0.002,0.0025,0.002,0.002,2.4,2026-06-22T23:00:36,0.002,2.3
ip_shuffle,20260622T230036_723222,of:0000000000000005:1 -> of:000000000000000c:5,0.002,0.0025,0.002,0.002,2.63,2026-06-22T23:00:36,0.002,2.53
ip_shuffle,20260622T230036_723222,of:000000000000000a:1 -> of:000000000000000d:6,0.002,0.0025,0.002,0.002,1.7,2026-06-22T23:00:36,0.002,1.73
ip_shuffle,20260622T230036_723222,of:000000000000000b:3 -> of:000000000000000d:2,0.002,0.0025,0.002,0.002,2.2,2026-06-22T23:00:36,0.002,2.2
ip_shuffle,20260622T230036_723222,of:000000000000000c:3 -> of:000000000000000d:3,0.002,0.0025,0.002,0.002,2.2,2026-06-22T23:00:36,0.002,2.2
ip_shuffle,20260622T230036_723222,of:0000000000000005:2 -> of:0000000000000009:3,0.002,0.0025,0.002,0.002,2.26,2026-06-22T23:00:36,0.002,2.26
ip_shuffle,20260622T230036_723222,of:0000000000000001:1 -> of:000000000000000b:1,0.002,0.0025,0.002,0.002,1.73,2026-06-22T23:00:36,0.002,1.9
ip_shuffle,20260622T230036_723222,of:000000000000000b:2 -> of:000000000000000c:2,0.002,0.0025,0.002,0.002,2.13,2026-06-22T23:00:36,0.002,2.13
ip_shuffle,20260622T230036_723222,of:0000000000000001:2 -> of:000000000000000c:1,0.003,0.00375,0.003,0.003,3.1,2026-06-22T23:00:36,0.003,3.2
ip_shuffle,20260622T230036_723222,of:0000000000000006:2 -> of:000000000000000a:2,0.002,0.0025,0.002,0.002,2.3,2026-06-22T23:00:36,0.002,2.3
ip_shuffle,20260622T230036_723222,of:0000000000000001:3 -> of:000000000000000d:1,0.003,0.00375,0.003,0.003,3.2,2026-06-22T23:00:36,0.003,3.06
ip_shuffle,20260622T230036_723222,of:0000000000000003:1 -> of:000000000000000b:5,0.002,0.0025,0.002,0.002,1.93,2026-06-22T23:00:36,0.002,1.76
ip_shuffle,20260622T230036_723222,of:0000000000000006:1 -> of:000000000000000d:4,0.003,0.00375,0.003,0.003,3.1,2026-06-22T23:00:36,0.003,2.96
ip_shuffle,20260622T230036_723222,of:0000000000000007:2 -> of:000000000000000a:3,0.002,0.0025,0.002,0.002,2.06,2026-06-22T23:00:36,0.002,2.06
ip_shuffle,20260622T230036_723222,of:0000000000000007:1 -> of:000000000000000d:5,0.002,0.0025,0.002,0.002,1.8,2026-06-22T23:00:36,0.002,1.76
ip_shuffle,20260622T230036_723222,of:0000000000000002:2 -> of:0000000000000008:2,0.002,0.0025,0.002,0.002,2.26,2026-06-22T23:00:36,0.002,2.26
ip_shuffle,20260622T230036_723222,of:0000000000000003:2 -> of:0000000000000008:3,0.002,0.0025,0.002,0.002,2.26,2026-06-22T23:00:36,0.002,2.26
ip_shuffle,20260622T230036_723222,of:0000000000000008:1 -> of:000000000000000b:6,0.001,0.00125,0.001,0.001,1.63,2026-06-22T23:00:36,0.001,1.66
ip_shuffle,20260622T230036_723222,of:0000000000000004:2 -> of:0000000000000009:2,0.002,0.0025,0.002,0.002,2.26,2026-06-22T23:00:36,0.002,2.26
ip_shuffle,20260622T230036_723222,of:0000000000000002:1 -> of:000000000000000b:4,0.002,0.0025,0.002,0.002,1.83,2026-06-22T23:00:36,0.002,1.73
ip_shuffle,20260622T230036_723222,of:0000000000000009:1 -> of:000000000000000c:6,0.001,0.00125,0.001,0.001,1.63,2026-06-22T23:00:36,0.001,1.66
ip_shuffle,20260622T230141_262036,of:0000000000000004:1 -> of:000000000000000c:4,0.002,0.0025,0.002,0.002,2.6,2026-06-22T23:01:41,0.002,2.5
ip_shuffle,20260622T230141_262036,of:0000000000000005:1 -> of:000000000000000c:5,0.002,0.0025,0.002,0.002,2.6,2026-06-22T23:01:41,0.002,2.5
ip_shuffle,20260622T230141_262036,of:000000000000000a:1 -> of:000000000000000d:6,0.002,0.0025,0.002,0.002,1.63,2026-06-22T23:01:41,0.002,1.66
ip_shuffle,20260622T230141_262036,of:000000000000000b:3 -> of:000000000000000d:2,0.002,0.0025,0.002,0.002,2.03,2026-06-22T23:01:41,0.002,2.03
ip_shuffle,20260622T230141_262036,of:000000000000000c:3 -> of:000000000000000d:3,0.002,0.0025,0.002,0.002,2.1,2026-06-22T23:01:41,0.002,2.1
ip_shuffle,20260622T230141_262036,of:0000000000000005:2 -> of:0000000000000009:3,0.002,0.0025,0.002,0.002,2.1,2026-06-22T23:01:41,0.002,2.1
ip_shuffle,20260622T230141_262036,of:0000000000000001:1 -> of:000000000000000b:1,0.002,0.0025,0.002,0.002,1.93,2026-06-22T23:01:41,0.002,2.03
ip_shuffle,20260622T230141_262036,of:000000000000000b:2 -> of:000000000000000c:2,0.002,0.0025,0.002,0.002,2.0,2026-06-22T23:01:41,0.002,2.0
ip_shuffle,20260622T230141_262036,of:0000000000000001:2 -> of:000000000000000c:1,0.003,0.00375,0.003,0.003,3.23,2026-06-22T23:01:41,0.003,3.3
ip_shuffle,20260622T230141_262036,of:0000000000000006:2 -> of:000000000000000a:2,0.002,0.0025,0.002,0.002,2.06,2026-06-22T23:01:41,0.002,2.06
ip_shuffle,20260622T230141_262036,of:0000000000000001:3 -> of:000000000000000d:1,0.002,0.0025,0.002,0.002,2.66,2026-06-22T23:01:41,0.002,2.53
ip_shuffle,20260622T230141_262036,of:0000000000000003:1 -> of:000000000000000b:5,0.002,0.0025,0.002,0.002,2.1,2026-06-22T23:01:41,0.002,2.0
ip_shuffle,20260622T230141_262036,of:0000000000000006:1 -> of:000000000000000d:4,0.002,0.0025,0.002,0.002,2.56,2026-06-22T23:01:41,0.002,2.76
ip_shuffle,20260622T230141_262036,of:0000000000000007:2 -> of:000000000000000a:3,0.002,0.0025,0.002,0.002,2.06,2026-06-22T23:01:41,0.002,2.06
ip_shuffle,20260622T230141_262036,of:0000000000000007:1 -> of:000000000000000d:5,0.002,0.0025,0.002,0.002,1.76,2026-06-22T23:01:41,0.002,1.73
ip_shuffle,20260622T230141_262036,of:0000000000000002:2 -> of:0000000000000008:2,0.002,0.0025,0.002,0.002,2.06,2026-06-22T23:01:41,0.002,2.06
ip_shuffle,20260622T230141_262036,of:0000000000000003:2 -> of:0000000000000008:3,0.002,0.0025,0.002,0.002,2.06,2026-06-22T23:01:41,0.002,2.06
ip_shuffle,20260622T230141_262036,of:0000000000000008:1 -> of:000000000000000b:6,0.001,0.00125,0.001,0.001,1.56,2026-06-22T23:01:41,0.001,1.56
ip_shuffle,20260622T230141_262036,of:0000000000000004:2 -> of:0000000000000009:2,0.002,0.0025,0.002,0.002,2.1,2026-06-22T23:01:41,0.002,2.1
ip_shuffle,20260622T230141_262036,of:0000000000000002:1 -> of:000000000000000b:4,0.002,0.0025,0.002,0.002,1.7,2026-06-22T23:01:41,0.002,1.63
ip_shuffle,20260622T230141_262036,of:0000000000000009:1 -> of:000000000000000c:6,0.002,0.0025,0.002,0.002,1.63,2026-06-22T23:01:41,0.002,1.63
ip_shuffle,20260622T230252_288358,of:0000000000000004:1 -> of:000000000000000c:4,0.002,0.0025,0.002,0.002,1.43,2026-06-22T23:02:52,0.002,1.43
ip_shuffle,20260622T230252_288358,of:0000000000000005:1 -> of:000000000000000c:5,0.002,0.0025,0.002,0.002,1.43,2026-06-22T23:02:52,0.002,1.43
ip_shuffle,20260622T230252_288358,of:000000000000000a:1 -> of:000000000000000d:6,0.002,0.0025,0.002,0.002,1.43,2026-06-22T23:02:52,0.002,1.43
ip_shuffle,20260622T230252_288358,of:000000000000000b:3 -> of:000000000000000d:2,0.002,0.0025,0.002,0.002,1.53,2026-06-22T23:02:52,0.002,1.53
ip_shuffle,20260622T230252_288358,of:000000000000000c:3 -> of:000000000000000d:3,0.002,0.0025,0.002,0.002,1.53,2026-06-22T23:02:52,0.002,1.53
ip_shuffle,20260622T230252_288358,of:0000000000000005:2 -> of:0000000000000009:3,0.002,0.0025,0.002,0.002,1.53,2026-06-22T23:02:52,0.002,1.53
ip_shuffle,20260622T230252_288358,of:0000000000000001:1 -> of:000000000000000b:1,0.003,0.00375,0.003,0.002,2.66,2026-06-22T23:02:52,0.003,2.7
ip_shuffle,20260622T230252_288358,of:000000000000000b:2 -> of:000000000000000c:2,0.002,0.0025,0.002,0.002,1.53,2026-06-22T23:02:52,0.002,1.53
ip_shuffle,20260622T230252_288358,of:0000000000000001:2 -> of:000000000000000c:1,0.002,0.0025,0.002,0.002,1.43,2026-06-22T23:02:52,0.002,1.43
ip_shuffle,20260622T230252_288358,of:0000000000000006:2 -> of:000000000000000a:2,0.002,0.0025,0.002,0.002,1.53,2026-06-22T23:02:52,0.002,1.53
ip_shuffle,20260622T230252_288358,of:0000000000000001:3 -> of:000000000000000d:1,0.002,0.0025,0.002,0.002,1.43,2026-06-22T23:02:52,0.002,1.43
ip_shuffle,20260622T230252_288358,of:0000000000000003:1 -> of:000000000000000b:5,0.002,0.0025,0.002,0.002,1.7,2026-06-22T23:02:52,0.002,1.7
ip_shuffle,20260622T230252_288358,of:0000000000000006:1 -> of:000000000000000d:4,0.002,0.0025,0.002,0.002,1.43,2026-06-22T23:02:52,0.002,1.43
ip_shuffle,20260622T230252_288358,of:0000000000000007:2 -> of:000000000000000a:3,0.001,0.00125,0.001,0.001,1.46,2026-06-22T23:02:52,0.001,1.46
ip_shuffle,20260622T230252_288358,of:0000000000000007:1 -> of:000000000000000d:5,0.001,0.00125,0.001,0.001,1.36,2026-06-22T23:02:52,0.001,1.36
ip_shuffle,20260622T230252_288358,of:0000000000000002:2 -> of:0000000000000008:2,0.002,0.0025,0.002,0.002,1.53,2026-06-22T23:02:52,0.002,1.53
ip_shuffle,20260622T230252_288358,of:0000000000000003:2 -> of:0000000000000008:3,0.002,0.0025,0.002,0.002,1.53,2026-06-22T23:02:52,0.002,1.53
ip_shuffle,20260622T230252_288358,of:0000000000000008:1 -> of:000000000000000b:6,0.002,0.0025,0.002,0.002,1.43,2026-06-22T23:02:52,0.002,1.43
ip_shuffle,20260622T230252_288358,of:0000000000000004:2 -> of:0000000000000009:2,0.002,0.0025,0.002,0.002,1.53,2026-06-22T23:02:52,0.002,1.53
ip_shuffle,20260622T230252_288358,of:0000000000000002:1 -> of:000000000000000b:4,0.002,0.0025,0.002,0.002,2.46,2026-06-22T23:02:52,0.002,2.46
ip_shuffle,20260622T230252_288358,of:0000000000000009:1 -> of:000000000000000c:6,0.002,0.0025,0.002,0.002,1.43,2026-06-22T23:02:52,0.002,1.43
route_mutation,20260622T230350_040543,of:0000000000000004:1 -> of:000000000000000c:4,0.002,0.0025,0.002,0.002,1.8,2026-06-22T23:03:50,0.002,1.9
route_mutation,20260622T230350_040543,of:0000000000000005:1 -> of:000000000000000c:5,0.002,0.0025,0.002,0.002,1.8,2026-06-22T23:03:50,0.002,1.9
route_mutation,20260622T230350_040543,of:000000000000000a:1 -> of:000000000000000d:6,0.002,0.0025,0.002,0.002,1.96,2026-06-22T23:03:50,0.002,1.96
route_mutation,20260622T230350_040543,of:000000000000000b:3 -> of:000000000000000d:2,0.002,0.0025,0.002,0.002,2.66,2026-06-22T23:03:50,0.002,2.66
route_mutation,20260622T230350_040543,of:000000000000000c:3 -> of:000000000000000d:3,0.002,0.0025,0.002,0.002,2.6,2026-06-22T23:03:50,0.002,2.6
route_mutation,20260622T230350_040543,of:0000000000000005:2 -> of:0000000000000009:3,0.002,0.0025,0.002,0.002,2.56,2026-06-22T23:03:50,0.002,2.56
route_mutation,20260622T230350_040543,of:0000000000000001:1 -> of:000000000000000b:1,0.002,0.0025,0.002,0.002,2.03,2026-06-22T23:03:50,0.002,1.96
route_mutation,20260622T230350_040543,of:000000000000000b:2 -> of:000000000000000c:2,0.002,0.0025,0.002,0.002,2.66,2026-06-22T23:03:50,0.002,2.66
route_mutation,20260622T230350_040543,of:0000000000000001:2 -> of:000000000000000c:1,0.002,0.0025,0.002,0.002,1.96,2026-06-22T23:03:50,0.002,1.9
route_mutation,20260622T230350_040543,of:0000000000000006:2 -> of:000000000000000a:2,0.002,0.0025,0.002,0.002,2.63,2026-06-22T23:03:50,0.002,2.63
route_mutation,20260622T230350_040543,of:0000000000000001:3 -> of:000000000000000d:1,0.003,0.00375,0.003,0.003,3.83,2026-06-22T23:03:50,0.003,3.86
route_mutation,20260622T230350_040543,of:0000000000000003:1 -> of:000000000000000b:5,0.002,0.0025,0.002,0.002,1.9,2026-06-22T23:03:50,0.002,1.96
route_mutation,20260622T230350_040543,of:0000000000000006:1 -> of:000000000000000d:4,0.002,0.0025,0.002,0.002,2.46,2026-06-22T23:03:50,0.002,2.4
route_mutation,20260622T230350_040543,of:0000000000000007:2 -> of:000000000000000a:3,0.002,0.0025,0.002,0.002,2.63,2026-06-22T23:03:50,0.002,2.63
route_mutation,20260622T230350_040543,of:0000000000000007:1 -> of:000000000000000d:5,0.003,0.00375,0.003,0.003,3.23,2026-06-22T23:03:50,0.003,3.33
route_mutation,20260622T230350_040543,of:0000000000000002:2 -> of:0000000000000008:2,0.002,0.0025,0.002,0.002,2.5,2026-06-22T23:03:50,0.002,2.5
route_mutation,20260622T230350_040543,of:0000000000000003:2 -> of:0000000000000008:3,0.002,0.0025,0.002,0.002,2.5,2026-06-22T23:03:50,0.002,2.5
route_mutation,20260622T230350_040543,of:0000000000000008:1 -> of:000000000000000b:6,0.002,0.0025,0.002,0.002,1.93,2026-06-22T23:03:50,0.002,2.03
route_mutation,20260622T230350_040543,of:0000000000000004:2 -> of:0000000000000009:2,0.002,0.0025,0.002,0.002,2.56,2026-06-22T23:03:50,0.002,2.56
route_mutation,20260622T230350_040543,of:0000000000000002:1 -> of:000000000000000b:4,0.002,0.0025,0.002,0.002,1.9,2026-06-22T23:03:50,0.002,1.96
route_mutation,20260622T230350_040543,of:0000000000000009:1 -> of:000000000000000c:6,0.002,0.0025,0.002,0.002,1.96,2026-06-22T23:03:50,0.002,1.96
route_mutation,20260622T230420_420026,of:0000000000000004:1 -> of:000000000000000c:4,0.002,0.0025,0.002,0.002,1.43,2026-06-22T23:04:20,0.002,1.43
route_mutation,20260622T230420_420026,of:0000000000000005:1 -> of:000000000000000c:5,0.002,0.0025,0.002,0.002,1.43,2026-06-22T23:04:20,0.002,1.43
route_mutation,20260622T230420_420026,of:000000000000000a:1 -> of:000000000000000d:6,0.002,0.0025,0.002,0.002,1.43,2026-06-22T23:04:20,0.002,1.43
route_mutation,20260622T230420_420026,of:000000000000000b:3 -> of:000000000000000d:2,0.002,0.0025,0.002,0.002,1.53,2026-06-22T23:04:20,0.002,1.53
route_mutation,20260622T230420_420026,of:000000000000000c:3 -> of:000000000000000d:3,0.002,0.0025,0.002,0.002,1.53,2026-06-22T23:04:20,0.002,1.53
route_mutation,20260622T230420_420026,of:0000000000000005:2 -> of:0000000000000009:3,0.002,0.0025,0.002,0.002,1.53,2026-06-22T23:04:20,0.002,1.53
route_mutation,20260622T230420_420026,of:0000000000000001:1 -> of:000000000000000b:1,0.002,0.0025,0.002,0.002,2.03,2026-06-22T23:04:20,0.002,2.03
route_mutation,20260622T230420_420026,of:000000000000000b:2 -> of:000000000000000c:2,0.002,0.0025,0.002,0.002,1.53,2026-06-22T23:04:20,0.002,1.53
route_mutation,20260622T230420_420026,of:0000000000000001:2 -> of:000000000000000c:1,0.002,0.0025,0.002,0.002,1.43,2026-06-22T23:04:20,0.002,1.43
route_mutation,20260622T230420_420026,of:0000000000000006:2 -> of:000000000000000a:2,0.001,0.00125,0.001,0.001,1.46,2026-06-22T23:04:20,0.001,1.46
route_mutation,20260622T230420_420026,of:0000000000000001:3 -> of:000000000000000d:1,0.002,0.0025,0.002,0.002,1.43,2026-06-22T23:04:20,0.002,1.43
route_mutation,20260622T230420_420026,of:0000000000000003:1 -> of:000000000000000b:5,0.002,0.0025,0.002,0.002,1.43,2026-06-22T23:04:20,0.002,1.43
route_mutation,20260622T230420_420026,of:0000000000000006:1 -> of:000000000000000d:4,0.001,0.00125,0.001,0.001,1.36,2026-06-22T23:04:20,0.001,1.36
route_mutation,20260622T230420_420026,of:0000000000000007:2 -> of:000000000000000a:3,0.001,0.00125,0.001,0.001,1.46,2026-06-22T23:04:20,0.001,1.46
route_mutation,20260622T230420_420026,of:0000000000000007:1 -> of:000000000000000d:5,0.001,0.00125,0.001,0.001,1.36,2026-06-22T23:04:20,0.001,1.36
route_mutation,20260622T230420_420026,of:0000000000000002:2 -> of:0000000000000008:2,0.001,0.00125,0.001,0.001,1.46,2026-06-22T23:04:20,0.001,1.46
route_mutation,20260622T230420_420026,of:0000000000000003:2 -> of:0000000000000008:3,0.001,0.00125,0.001,0.001,1.46,2026-06-22T23:04:20,0.001,1.46
route_mutation,20260622T230420_420026,of:0000000000000008:1 -> of:000000000000000b:6,0.001,0.00125,0.001,0.001,1.36,2026-06-22T23:04:20,0.001,1.36
route_mutation,20260622T230420_420026,of:0000000000000004:2 -> of:0000000000000009:2,0.002,0.0025,0.002,0.002,1.53,2026-06-22T23:04:20,0.002,1.53
route_mutation,20260622T230420_420026,of:0000000000000002:1 -> of:000000000000000b:4,0.002,0.0025,0.002,0.002,2.03,2026-06-22T23:04:20,0.002,2.03
route_mutation,20260622T230420_420026,of:0000000000000009:1 -> of:000000000000000c:6,0.002,0.0025,0.002,0.002,1.43,2026-06-22T23:04:20,0.002,1.43
ip_shuffle,20260622T230450_840191,of:0000000000000004:1 -> of:000000000000000c:4,0.002,0.0025,0.002,0.002,2.36,2026-06-22T23:04:50,0.002,2.23
ip_shuffle,20260622T230450_840191,of:0000000000000005:1 -> of:000000000000000c:5,0.002,0.0025,0.002,0.002,2.36,2026-06-22T23:04:50,0.002,2.23
ip_shuffle,20260622T230450_840191,of:000000000000000a:1 -> of:000000000000000d:6,0.001,0.00125,0.001,0.001,1.36,2026-06-22T23:04:50,0.001,1.4
ip_shuffle,20260622T230450_840191,of:000000000000000b:3 -> of:000000000000000d:2,0.002,0.0025,0.002,0.002,1.56,2026-06-22T23:04:50,0.002,1.56
ip_shuffle,20260622T230450_840191,of:000000000000000c:3 -> of:000000000000000d:3,0.002,0.0025,0.002,0.002,1.56,2026-06-22T23:04:50,0.002,1.56
ip_shuffle,20260622T230450_840191,of:0000000000000005:2 -> of:0000000000000009:3,0.002,0.0025,0.002,0.002,1.9,2026-06-22T23:04:50,0.002,1.9
ip_shuffle,20260622T230450_840191,of:0000000000000001:1 -> of:000000000000000b:1,0.003,0.00375,0.003,0.003,2.89,2026-06-22T23:04:50,0.003,2.99
ip_shuffle,20260622T230450_840191,of:000000000000000b:2 -> of:000000000000000c:2,0.002,0.0025,0.002,0.002,1.53,2026-06-22T23:04:50,0.002,1.53
ip_shuffle,20260622T230450_840191,of:0000000000000001:2 -> of:000000000000000c:1,0.003,0.00375,0.003,0.003,3.03,2026-06-22T23:04:50,0.003,3.13
ip_shuffle,20260622T230450_840191,of:0000000000000006:2 -> of:000000000000000a:2,0.002,0.0025,0.002,0.002,1.6,2026-06-22T23:04:50,0.002,1.6
ip_shuffle,20260622T230450_840191,of:0000000000000001:3 -> of:000000000000000d:1,0.002,0.0025,0.002,0.002,1.73,2026-06-22T23:04:50,0.002,1.66
ip_shuffle,20260622T230450_840191,of:0000000000000003:1 -> of:000000000000000b:5,0.002,0.0025,0.002,0.002,2.59,2026-06-22T23:04:50,0.002,2.46
ip_shuffle,20260622T230450_840191,of:0000000000000006:1 -> of:000000000000000d:4,0.002,0.0025,0.002,0.002,1.7,2026-06-22T23:04:50,0.002,1.83
ip_shuffle,20260622T230450_840191,of:0000000000000007:2 -> of:000000000000000a:3,0.002,0.0025,0.002,0.002,1.6,2026-06-22T23:04:50,0.002,1.6
ip_shuffle,20260622T230450_840191,of:0000000000000007:1 -> of:000000000000000d:5,0.002,0.0025,0.002,0.002,1.56,2026-06-22T23:04:50,0.002,1.46
ip_shuffle,20260622T230450_840191,of:0000000000000002:2 -> of:0000000000000008:2,0.002,0.0025,0.002,0.002,1.83,2026-06-22T23:04:50,0.002,1.83
ip_shuffle,20260622T230450_840191,of:0000000000000003:2 -> of:0000000000000008:3,0.002,0.0025,0.002,0.002,1.83,2026-06-22T23:04:50,0.002,1.83
ip_shuffle,20260622T230450_840191,of:0000000000000008:1 -> of:000000000000000b:6,0.002,0.0025,0.002,0.002,1.6,2026-06-22T23:04:50,0.002,1.43
ip_shuffle,20260622T230450_840191,of:0000000000000004:2 -> of:0000000000000009:2,0.002,0.0025,0.002,0.002,1.9,2026-06-22T23:04:50,0.002,1.9
ip_shuffle,20260622T230450_840191,of:0000000000000002:1 -> of:000000000000000b:4,0.002,0.0025,0.002,0.002,2.0,2026-06-22T23:04:50,0.002,1.86
ip_shuffle,20260622T230450_840191,of:0000000000000009:1 -> of:000000000000000c:6,0.002,0.0025,0.002,0.002,1.66,2026-06-22T23:04:50,0.002,1.5
route_mutation,20260622T230548_844188,of:0000000000000004:1 -> of:000000000000000c:4,0.002,0.0025,0.002,0.002,1.43,2026-06-22T23:05:48,0.001,1.33
route_mutation,20260622T230548_844188,of:0000000000000005:1 -> of:000000000000000c:5,0.002,0.0025,0.002,0.002,1.43,2026-06-22T23:05:48,0.001,1.33
route_mutation,20260622T230548_844188,of:000000000000000a:1 -> of:000000000000000d:6,0.002,0.0025,0.002,0.002,1.53,2026-06-22T23:05:48,0.002,1.4
route_mutation,20260622T230548_844188,of:000000000000000b:3 -> of:000000000000000d:2,0.002,0.0025,0.002,0.002,1.36,2026-06-22T23:05:48,0.002,1.36
route_mutation,20260622T230548_844188,of:000000000000000c:3 -> of:000000000000000d:3,0.001,0.00125,0.001,0.001,1.33,2026-06-22T23:05:48,0.001,1.33
route_mutation,20260622T230548_844188,of:0000000000000005:2 -> of:0000000000000009:3,0.001,0.00125,0.001,0.001,1.46,2026-06-22T23:05:48,0.001,1.46
route_mutation,20260622T230548_844188,of:0000000000000001:1 -> of:000000000000000b:1,0.002,0.0025,0.002,0.002,1.46,2026-06-22T23:05:48,0.002,1.4
route_mutation,20260622T230548_844188,of:000000000000000b:2 -> of:000000000000000c:2,0.002,0.0025,0.002,0.002,1.36,2026-06-22T23:05:48,0.002,1.36
route_mutation,20260622T230548_844188,of:0000000000000001:2 -> of:000000000000000c:1,0.002,0.0025,0.002,0.001,1.33,2026-06-22T23:05:48,0.002,1.4
route_mutation,20260622T230548_844188,of:0000000000000006:2 -> of:000000000000000a:2,0.002,0.0025,0.002,0.002,1.56,2026-06-22T23:05:48,0.002,1.56
route_mutation,20260622T230548_844188,of:0000000000000001:3 -> of:000000000000000d:1,0.002,0.0025,0.002,0.002,1.43,2026-06-22T23:05:48,0.002,1.56
route_mutation,20260622T230548_844188,of:0000000000000003:1 -> of:000000000000000b:5,0.002,0.0025,0.002,0.002,1.43,2026-06-22T23:05:48,0.001,1.36
route_mutation,20260622T230548_844188,of:0000000000000006:1 -> of:000000000000000d:4,0.001,0.00125,0.001,0.001,1.36,2026-06-22T23:05:48,0.001,1.26
route_mutation,20260622T230548_844188,of:0000000000000007:2 -> of:000000000000000a:3,0.002,0.0025,0.002,0.002,1.56,2026-06-22T23:05:48,0.002,1.56
route_mutation,20260622T230548_844188,of:0000000000000007:1 -> of:000000000000000d:5,0.002,0.0025,0.002,0.002,1.53,2026-06-22T23:05:48,0.001,1.36
route_mutation,20260622T230548_844188,of:0000000000000002:2 -> of:0000000000000008:2,0.001,0.00125,0.001,0.001,1.46,2026-06-22T23:05:48,0.001,1.46
route_mutation,20260622T230548_844188,of:0000000000000003:2 -> of:0000000000000008:3,0.001,0.00125,0.001,0.001,1.46,2026-06-22T23:05:48,0.001,1.46
route_mutation,20260622T230548_844188,of:0000000000000008:1 -> of:000000000000000b:6,0.001,0.00125,0.001,0.001,1.36,2026-06-22T23:05:48,0.001,1.3
route_mutation,20260622T230548_844188,of:0000000000000004:2 -> of:0000000000000009:2,0.001,0.00125,0.001,0.001,1.46,2026-06-22T23:05:48,0.001,1.46
route_mutation,20260622T230548_844188,of:0000000000000002:1 -> of:000000000000000b:4,0.002,0.0025,0.002,0.002,1.4,2026-06-22T23:05:48,0.002,1.5
route_mutation,20260622T230548_844188,of:0000000000000009:1 -> of:000000000000000c:6,0.001,0.00125,0.001,0.001,1.36,2026-06-22T23:05:48,0.001,1.26
route_mutation,20260622T230619_308911,of:0000000000000004:1 -> of:000000000000000c:4,0.002,0.0025,0.002,0.002,2.23,2026-06-22T23:06:19,0.002,2.33
route_mutation,20260622T230619_308911,of:0000000000000005:1 -> of:000000000000000c:5,0.002,0.0025,0.002,0.002,1.96,2026-06-22T23:06:19,0.002,2.06
route_mutation,20260622T230619_308911,of:000000000000000a:1 -> of:000000000000000d:6,0.002,0.0025,0.002,0.002,1.43,2026-06-22T23:06:19,0.002,1.53
route_mutation,20260622T230619_308911,of:000000000000000b:3 -> of:000000000000000d:2,0.002,0.0025,0.002,0.002,1.73,2026-06-22T23:06:19,0.002,1.73
route_mutation,20260622T230619_308911,of:000000000000000c:3 -> of:000000000000000d:3,0.002,0.0025,0.002,0.002,1.73,2026-06-22T23:06:19,0.002,1.73
route_mutation,20260622T230619_308911,of:0000000000000005:2 -> of:0000000000000009:3,0.002,0.0025,0.002,0.002,1.53,2026-06-22T23:06:19,0.002,1.53
route_mutation,20260622T230619_308911,of:0000000000000001:1 -> of:000000000000000b:1,0.003,0.00375,0.003,0.003,3.49,2026-06-22T23:06:19,0.003,3.53
route_mutation,20260622T230619_308911,of:000000000000000b:2 -> of:000000000000000c:2,0.002,0.0025,0.002,0.002,1.73,2026-06-22T23:06:19,0.002,1.73
route_mutation,20260622T230619_308911,of:0000000000000001:2 -> of:000000000000000c:1,0.003,0.00375,0.003,0.003,2.8,2026-06-22T23:06:19,0.003,2.73
route_mutation,20260622T230619_308911,of:0000000000000006:2 -> of:000000000000000a:2,0.002,0.0025,0.002,0.002,1.53,2026-06-22T23:06:19,0.002,1.53
route_mutation,20260622T230619_308911,of:0000000000000001:3 -> of:000000000000000d:1,0.002,0.0025,0.002,0.002,1.53,2026-06-22T23:06:19,0.002,1.46
route_mutation,20260622T230619_308911,of:0000000000000003:1 -> of:000000000000000b:5,0.002,0.0025,0.002,0.002,2.46,2026-06-22T23:06:19,0.002,2.56
route_mutation,20260622T230619_308911,of:0000000000000006:1 -> of:000000000000000d:4,0.002,0.0025,0.002,0.002,1.43,2026-06-22T23:06:19,0.002,1.53
route_mutation,20260622T230619_308911,of:0000000000000007:2 -> of:000000000000000a:3,0.002,0.0025,0.002,0.002,1.53,2026-06-22T23:06:19,0.002,1.53
route_mutation,20260622T230619_308911,of:0000000000000007:1 -> of:000000000000000d:5,0.002,0.0025,0.002,0.002,1.43,2026-06-22T23:06:19,0.002,1.53
route_mutation,20260622T230619_308911,of:0000000000000002:2 -> of:0000000000000008:2,0.002,0.0025,0.002,0.002,1.53,2026-06-22T23:06:19,0.002,1.53
route_mutation,20260622T230619_308911,of:0000000000000003:2 -> of:0000000000000008:3,0.002,0.0025,0.002,0.002,1.53,2026-06-22T23:06:19,0.002,1.53
route_mutation,20260622T230619_308911,of:0000000000000008:1 -> of:000000000000000b:6,0.002,0.0025,0.002,0.002,1.43,2026-06-22T23:06:19,0.002,1.53
route_mutation,20260622T230619_308911,of:0000000000000004:2 -> of:0000000000000009:2,0.002,0.0025,0.002,0.002,1.53,2026-06-22T23:06:19,0.002,1.53
route_mutation,20260622T230619_308911,of:0000000000000002:1 -> of:000000000000000b:4,0.002,0.0025,0.002,0.002,2.5,2026-06-22T23:06:19,0.002,2.43
route_mutation,20260622T230619_308911,of:0000000000000009:1 -> of:000000000000000c:6,0.002,0.0025,0.002,0.002,1.43,2026-06-22T23:06:19,0.002,1.53
ip_shuffle,20260622T230649_744797,of:0000000000000004:1 -> of:000000000000000c:4,0.002,0.0025,0.002,0.002,2.06,2026-06-22T23:06:49,0.002,1.93
ip_shuffle,20260622T230649_744797,of:0000000000000005:1 -> of:000000000000000c:5,0.002,0.0025,0.002,0.002,2.33,2026-06-22T23:06:49,0.002,2.2
ip_shuffle,20260622T230649_744797,of:000000000000000a:1 -> of:000000000000000d:6,0.002,0.0025,0.002,0.002,2.16,2026-06-22T23:06:49,0.002,2.03
ip_shuffle,20260622T230649_744797,of:000000000000000b:3 -> of:000000000000000d:2,0.002,0.0025,0.002,0.002,2.7,2026-06-22T23:06:49,0.002,2.7
ip_shuffle,20260622T230649_744797,of:000000000000000c:3 -> of:000000000000000d:3,0.002,0.0025,0.002,0.002,2.7,2026-06-22T23:06:49,0.002,2.7
ip_shuffle,20260622T230649_744797,of:0000000000000005:2 -> of:0000000000000009:3,0.002,0.0025,0.002,0.002,3.03,2026-06-22T23:06:49,0.002,3.03
ip_shuffle,20260622T230649_744797,of:0000000000000001:1 -> of:000000000000000b:1,0.002,0.0025,0.002,0.002,1.93,2026-06-22T23:06:49,0.002,2.03
ip_shuffle,20260622T230649_744797,of:000000000000000b:2 -> of:000000000000000c:2,0.002,0.0025,0.002,0.002,2.66,2026-06-22T23:06:49,0.002,2.66
ip_shuffle,20260622T230649_744797,of:0000000000000001:2 -> of:000000000000000c:1,0.002,0.0025,0.002,0.002,2.26,2026-06-22T23:06:49,0.002,2.36
ip_shuffle,20260622T230649_744797,of:0000000000000006:2 -> of:000000000000000a:2,0.002,0.0025,0.002,0.002,3.1,2026-06-22T23:06:49,0.002,3.1
ip_shuffle,20260622T230649_744797,of:0000000000000001:3 -> of:000000000000000d:1,0.003,0.00375,0.003,0.003,4.23,2026-06-22T23:06:49,0.003,4.16
ip_shuffle,20260622T230649_744797,of:0000000000000003:1 -> of:000000000000000b:5,0.002,0.0025,0.002,0.002,2.03,2026-06-22T23:06:49,0.002,1.93
ip_shuffle,20260622T230649_744797,of:0000000000000006:1 -> of:000000000000000d:4,0.003,0.00375,0.003,0.003,3.33,2026-06-22T23:06:49,0.003,3.23
ip_shuffle,20260622T230649_744797,of:0000000000000007:2 -> of:000000000000000a:3,0.002,0.0025,0.002,0.002,3.1,2026-06-22T23:06:49,0.002,3.1
ip_shuffle,20260622T230649_744797,of:0000000000000007:1 -> of:000000000000000d:5,0.003,0.00375,0.003,0.002,3.06,2026-06-22T23:06:49,0.003,3.2
ip_shuffle,20260622T230649_744797,of:0000000000000002:2 -> of:0000000000000008:2,0.002,0.0025,0.002,0.002,2.96,2026-06-22T23:06:49,0.002,2.96
ip_shuffle,20260622T230649_744797,of:0000000000000003:2 -> of:0000000000000008:3,0.002,0.0025,0.002,0.002,2.96,2026-06-22T23:06:49,0.002,2.96
ip_shuffle,20260622T230649_744797,of:0000000000000008:1 -> of:000000000000000b:6,0.002,0.0025,0.002,0.002,2.16,2026-06-22T23:06:49,0.002,2.0
ip_shuffle,20260622T230649_744797,of:0000000000000004:2 -> of:0000000000000009:2,0.002,0.0025,0.002,0.002,3.03,2026-06-22T23:06:49,0.002,3.03
ip_shuffle,20260622T230649_744797,of:0000000000000002:1 -> of:000000000000000b:4,0.002,0.0025,0.002,0.002,2.03,2026-06-22T23:06:49,0.002,1.93
ip_shuffle,20260622T230649_744797,of:0000000000000009:1 -> of:000000000000000c:6,0.002,0.0025,0.002,0.002,2.16,2026-06-22T23:06:49,0.002,2.0
ip_shuffle,20260622T230747_578366,of:0000000000000004:1 -> of:000000000000000c:4,0.002,0.0025,0.002,0.002,2.1,2026-06-22T23:07:47,0.002,2.1
ip_shuffle,20260622T230747_578366,of:0000000000000005:1 -> of:000000000000000c:5,0.002,0.0025,0.002,0.002,1.56,2026-06-22T23:07:47,0.002,1.56
ip_shuffle,20260622T230747_578366,of:000000000000000a:1 -> of:000000000000000d:6,0.002,0.0025,0.002,0.002,1.53,2026-06-22T23:07:47,0.002,1.53
ip_shuffle,20260622T230747_578366,of:000000000000000b:3 -> of:000000000000000d:2,0.002,0.0025,0.002,0.002,1.66,2026-06-22T23:07:47,0.002,1.66
ip_shuffle,20260622T230747_578366,of:000000000000000c:3 -> of:000000000000000d:3,0.002,0.0025,0.002,0.002,1.73,2026-06-22T23:07:47,0.002,1.73
ip_shuffle,20260622T230747_578366,of:0000000000000005:2 -> of:0000000000000009:3,0.002,0.0025,0.002,0.002,1.73,2026-06-22T23:07:47,0.002,1.73
ip_shuffle,20260622T230747_578366,of:0000000000000001:1 -> of:000000000000000b:1,0.003,0.00375,0.003,0.003,3.53,2026-06-22T23:07:47,0.003,3.53
ip_shuffle,20260622T230747_578366,of:000000000000000b:2 -> of:000000000000000c:2,0.002,0.0025,0.002,0.002,1.66,2026-06-22T23:07:47,0.002,1.66
ip_shuffle,20260622T230747_578366,of:0000000000000001:2 -> of:000000000000000c:1,0.002,0.0025,0.002,0.002,2.06,2026-06-22T23:07:47,0.002,2.06
ip_shuffle,20260622T230747_578366,of:0000000000000006:2 -> of:000000000000000a:2,0.002,0.0025,0.002,0.002,1.73,2026-06-22T23:07:47,0.002,1.73
ip_shuffle,20260622T230747_578366,of:0000000000000001:3 -> of:000000000000000d:1,0.002,0.0025,0.002,0.002,1.53,2026-06-22T23:07:47,0.002,1.53
ip_shuffle,20260622T230747_578366,of:0000000000000003:1 -> of:000000000000000b:5,0.002,0.0025,0.002,0.002,2.5,2026-06-22T23:07:47,0.002,2.5
ip_shuffle,20260622T230747_578366,of:0000000000000006:1 -> of:000000000000000d:4,0.002,0.0025,0.002,0.002,1.53,2026-06-22T23:07:47,0.002,1.53
ip_shuffle,20260622T230747_578366,of:0000000000000007:2 -> of:000000000000000a:3,0.002,0.0025,0.002,0.002,1.73,2026-06-22T23:07:47,0.002,1.73
ip_shuffle,20260622T230747_578366,of:0000000000000007:1 -> of:000000000000000d:5,0.002,0.0025,0.002,0.002,1.53,2026-06-22T23:07:47,0.002,1.53
ip_shuffle,20260622T230747_578366,of:0000000000000002:2 -> of:0000000000000008:2,0.002,0.0025,0.002,0.002,1.73,2026-06-22T23:07:47,0.002,1.73
ip_shuffle,20260622T230747_578366,of:0000000000000003:2 -> of:0000000000000008:3,0.002,0.0025,0.002,0.002,1.73,2026-06-22T23:07:47,0.002,1.73
ip_shuffle,20260622T230747_578366,of:0000000000000008:1 -> of:000000000000000b:6,0.001,0.00125,0.001,0.001,1.46,2026-06-22T23:07:47,0.001,1.46
ip_shuffle,20260622T230747_578366,of:0000000000000004:2 -> of:0000000000000009:2,0.002,0.0025,0.002,0.002,1.73,2026-06-22T23:07:47,0.002,1.73
ip_shuffle,20260622T230747_578366,of:0000000000000002:1 -> of:000000000000000b:4,0.002,0.0025,0.002,0.002,2.5,2026-06-22T23:07:47,0.002,2.5
ip_shuffle,20260622T230747_578366,of:0000000000000009:1 -> of:000000000000000c:6,0.002,0.0025,0.002,0.002,1.53,2026-06-22T23:07:47,0.002,1.53
ip_shuffle,20260622T230858_742117,of:0000000000000004:1 -> of:000000000000000c:4,0.002,0.0025,0.002,0.002,1.6,2026-06-22T23:08:58,0.002,1.7
ip_shuffle,20260622T230858_742117,of:0000000000000005:1 -> of:000000000000000c:5,0.002,0.0025,0.002,0.002,1.6,2026-06-22T23:08:58,0.002,1.7
ip_shuffle,20260622T230858_742117,of:000000000000000a:1 -> of:000000000000000d:6,0.002,0.0025,0.002,0.002,1.63,2026-06-22T23:08:58,0.002,1.76
ip_shuffle,20260622T230858_742117,of:000000000000000b:3 -> of:000000000000000d:2,0.002,0.0025,0.002,0.002,2.06,2026-06-22T23:08:58,0.002,2.06
ip_shuffle,20260622T230858_742117,of:000000000000000c:3 -> of:000000000000000d:3,0.002,0.0025,0.002,0.002,2.2,2026-06-22T23:08:58,0.002,2.2
ip_shuffle,20260622T230858_742117,of:0000000000000005:2 -> of:0000000000000009:3,0.002,0.0025,0.002,0.002,1.83,2026-06-22T23:08:58,0.002,1.83
ip_shuffle,20260622T230858_742117,of:0000000000000001:1 -> of:000000000000000b:1,0.002,0.0025,0.002,0.002,1.63,2026-06-22T23:08:58,0.002,1.7
ip_shuffle,20260622T230858_742117,of:000000000000000b:2 -> of:000000000000000c:2,0.002,0.0025,0.002,0.002,2.06,2026-06-22T23:08:58,0.002,2.06
ip_shuffle,20260622T230858_742117,of:0000000000000001:2 -> of:000000000000000c:1,0.002,0.0025,0.002,0.002,1.76,2026-06-22T23:08:58,0.002,1.7
ip_shuffle,20260622T230858_742117,of:0000000000000006:2 -> of:000000000000000a:2,0.002,0.0025,0.002,0.002,1.9,2026-06-22T23:08:58,0.002,1.9
ip_shuffle,20260622T230858_742117,of:0000000000000001:3 -> of:000000000000000d:1,0.003,0.00375,0.003,0.003,2.9,2026-06-22T23:08:58,0.003,3.0
ip_shuffle,20260622T230858_742117,of:0000000000000003:1 -> of:000000000000000b:5,0.002,0.0025,0.002,0.002,1.66,2026-06-22T23:08:58,0.002,1.63
ip_shuffle,20260622T230858_742117,of:0000000000000006:1 -> of:000000000000000d:4,0.002,0.0025,0.002,0.002,1.6,2026-06-22T23:08:58,0.002,1.7
ip_shuffle,20260622T230858_742117,of:0000000000000007:2 -> of:000000000000000a:3,0.002,0.0025,0.002,0.002,1.86,2026-06-22T23:08:58,0.002,1.86
ip_shuffle,20260622T230858_742117,of:0000000000000007:1 -> of:000000000000000d:5,0.002,0.0025,0.002,0.002,2.8,2026-06-22T23:08:58,0.002,2.63
ip_shuffle,20260622T230858_742117,of:0000000000000002:2 -> of:0000000000000008:2,0.002,0.0025,0.002,0.002,1.9,2026-06-22T23:08:58,0.002,1.9
ip_shuffle,20260622T230858_742117,of:0000000000000003:2 -> of:0000000000000008:3,0.002,0.0025,0.002,0.002,1.9,2026-06-22T23:08:58,0.002,1.9
ip_shuffle,20260622T230858_742117,of:0000000000000008:1 -> of:000000000000000b:6,0.002,0.0025,0.002,0.002,1.56,2026-06-22T23:08:58,0.002,1.56
ip_shuffle,20260622T230858_742117,of:0000000000000004:2 -> of:0000000000000009:2,0.002,0.0025,0.002,0.002,1.83,2026-06-22T23:08:58,0.002,1.83
ip_shuffle,20260622T230858_742117,of:0000000000000002:1 -> of:000000000000000b:4,0.002,0.0025,0.002,0.002,1.66,2026-06-22T23:08:58,0.002,1.63
ip_shuffle,20260622T230858_742117,of:0000000000000009:1 -> of:000000000000000c:6,0.002,0.0025,0.002,0.002,1.56,2026-06-22T23:08:58,0.002,1.7
ip_shuffle,20260622T230956_577892,of:0000000000000004:1 -> of:000000000000000c:4,0.002,0.0025,0.002,0.002,2.53,2026-06-22T23:09:56,0.002,2.56
ip_shuffle,20260622T230956_577892,of:0000000000000005:1 -> of:000000000000000c:5,0.002,0.0025,0.002,0.002,2.56,2026-06-22T23:09:56,0.002,2.59
ip_shuffle,20260622T230956_577892,of:000000000000000a:1 -> of:000000000000000d:6,0.002,0.0025,0.002,0.002,1.73,2026-06-22T23:09:56,0.002,1.7
ip_shuffle,20260622T230956_577892,of:000000000000000b:3 -> of:000000000000000d:2,0.002,0.0025,0.002,0.002,2.16,2026-06-22T23:09:56,0.002,2.16
ip_shuffle,20260622T230956_577892,of:000000000000000c:3 -> of:000000000000000d:3,0.002,0.0025,0.002,0.002,2.2,2026-06-22T23:09:56,0.002,2.16
ip_shuffle,20260622T230956_577892,of:0000000000000005:2 -> of:0000000000000009:3,0.002,0.0025,0.002,0.002,2.23,2026-06-22T23:09:56,0.002,2.23
ip_shuffle,20260622T230956_577892,of:0000000000000001:1 -> of:000000000000000b:1,0.002,0.0025,0.002,0.002,1.9,2026-06-22T23:09:56,0.002,1.76
ip_shuffle,20260622T230956_577892,of:000000000000000b:2 -> of:000000000000000c:2,0.002,0.0025,0.002,0.002,2.26,2026-06-22T23:09:56,0.002,2.26
ip_shuffle,20260622T230956_577892,of:0000000000000001:2 -> of:000000000000000c:1,0.003,0.00375,0.003,0.003,3.33,2026-06-22T23:09:56,0.003,3.29
ip_shuffle,20260622T230956_577892,of:0000000000000006:2 -> of:000000000000000a:2,0.002,0.0025,0.002,0.002,2.23,2026-06-22T23:09:56,0.002,2.23
ip_shuffle,20260622T230956_577892,of:0000000000000001:3 -> of:000000000000000d:1,0.002,0.0025,0.002,0.002,2.89,2026-06-22T23:09:56,0.002,2.69
ip_shuffle,20260622T230956_577892,of:0000000000000003:1 -> of:000000000000000b:5,0.002,0.0025,0.002,0.002,1.76,2026-06-22T23:09:56,0.002,1.9
ip_shuffle,20260622T230956_577892,of:0000000000000006:1 -> of:000000000000000d:4,0.002,0.0025,0.002,0.002,2.63,2026-06-22T23:09:56,0.002,2.83
ip_shuffle,20260622T230956_577892,of:0000000000000007:2 -> of:000000000000000a:3,0.002,0.0025,0.002,0.002,2.26,2026-06-22T23:09:56,0.002,2.26
ip_shuffle,20260622T230956_577892,of:0000000000000007:1 -> of:000000000000000d:5,0.002,0.0025,0.002,0.002,1.83,2026-06-22T23:09:56,0.002,1.9
ip_shuffle,20260622T230956_577892,of:0000000000000002:2 -> of:0000000000000008:2,0.002,0.0025,0.002,0.002,2.2,2026-06-22T23:09:56,0.002,2.2
ip_shuffle,20260622T230956_577892,of:0000000000000003:2 -> of:0000000000000008:3,0.002,0.0025,0.002,0.002,2.2,2026-06-22T23:09:56,0.002,2.2
ip_shuffle,20260622T230956_577892,of:0000000000000008:1 -> of:000000000000000b:6,0.002,0.0025,0.002,0.002,1.8,2026-06-22T23:09:56,0.002,1.8
ip_shuffle,20260622T230956_577892,of:0000000000000004:2 -> of:0000000000000009:2,0.002,0.0025,0.002,0.002,2.23,2026-06-22T23:09:56,0.002,2.23
ip_shuffle,20260622T230956_577892,of:0000000000000002:1 -> of:000000000000000b:4,0.002,0.0025,0.002,0.002,1.73,2026-06-22T23:09:56,0.002,1.73
ip_shuffle,20260622T230956_577892,of:0000000000000009:1 -> of:000000000000000c:6,0.002,0.0025,0.002,0.002,1.8,2026-06-22T23:09:56,0.002,1.8
route_mutation,20260622T231054_532565,of:0000000000000004:1 -> of:000000000000000c:4,0.001,0.00125,0.001,0.001,1.36,2026-06-22T23:10:54,0.001,1.36
route_mutation,20260622T231054_532565,of:0000000000000005:1 -> of:000000000000000c:5,0.001,0.00125,0.001,0.001,1.36,2026-06-22T23:10:54,0.001,1.36
route_mutation,20260622T231054_532565,of:000000000000000a:1 -> of:000000000000000d:6,0.001,0.00125,0.001,0.001,1.36,2026-06-22T23:10:54,0.001,1.36
route_mutation,20260622T231054_532565,of:000000000000000b:3 -> of:000000000000000d:2,0.001,0.00125,0.001,0.001,1.46,2026-06-22T23:10:54,0.001,1.46
route_mutation,20260622T231054_532565,of:000000000000000c:3 -> of:000000000000000d:3,0.001,0.00125,0.001,0.001,1.46,2026-06-22T23:10:54,0.001,1.46
route_mutation,20260622T231054_532565,of:0000000000000005:2 -> of:0000000000000009:3,0.001,0.00125,0.001,0.001,1.46,2026-06-22T23:10:54,0.001,1.46
route_mutation,20260622T231054_532565,of:0000000000000001:1 -> of:000000000000000b:1,0.002,0.0025,0.002,0.002,2.6,2026-06-22T23:10:54,0.002,2.63
route_mutation,20260622T231054_532565,of:000000000000000b:2 -> of:000000000000000c:2,0.001,0.00125,0.001,0.001,1.4,2026-06-22T23:10:54,0.001,1.4
route_mutation,20260622T231054_532565,of:0000000000000001:2 -> of:000000000000000c:1,0.001,0.00125,0.001,0.001,1.36,2026-06-22T23:10:54,0.001,1.36
route_mutation,20260622T231054_532565,of:0000000000000006:2 -> of:000000000000000a:2,0.001,0.00125,0.001,0.001,1.46,2026-06-22T23:10:54,0.001,1.46
route_mutation,20260622T231054_532565,of:0000000000000001:3 -> of:000000000000000d:1,0.002,0.0025,0.002,0.002,1.43,2026-06-22T23:10:54,0.002,1.43
route_mutation,20260622T231054_532565,of:0000000000000003:1 -> of:000000000000000b:5,0.002,0.0025,0.002,0.002,1.63,2026-06-22T23:10:54,0.002,1.63
route_mutation,20260622T231054_532565,of:0000000000000006:1 -> of:000000000000000d:4,0.002,0.0025,0.002,0.002,1.43,2026-06-22T23:10:54,0.002,1.43
route_mutation,20260622T231054_532565,of:0000000000000007:2 -> of:000000000000000a:3,0.001,0.00125,0.001,0.001,1.46,2026-06-22T23:10:54,0.001,1.46
route_mutation,20260622T231054_532565,of:0000000000000007:1 -> of:000000000000000d:5,0.002,0.0025,0.002,0.002,1.43,2026-06-22T23:10:54,0.002,1.43
route_mutation,20260622T231054_532565,of:0000000000000002:2 -> of:0000000000000008:2,0.002,0.0025,0.002,0.002,1.53,2026-06-22T23:10:54,0.002,1.53
route_mutation,20260622T231054_532565,of:0000000000000003:2 -> of:0000000000000008:3,0.002,0.0025,0.002,0.002,1.53,2026-06-22T23:10:54,0.002,1.53
route_mutation,20260622T231054_532565,of:0000000000000008:1 -> of:000000000000000b:6,0.001,0.00125,0.001,0.001,1.36,2026-06-22T23:10:54,0.001,1.36
route_mutation,20260622T231054_532565,of:0000000000000004:2 -> of:0000000000000009:2,0.001,0.00125,0.001,0.001,1.46,2026-06-22T23:10:54,0.001,1.46
route_mutation,20260622T231054_532565,of:0000000000000002:1 -> of:000000000000000b:4,0.002,0.0025,0.002,0.002,2.4,2026-06-22T23:10:54,0.002,2.4
route_mutation,20260622T231054_532565,of:0000000000000009:1 -> of:000000000000000c:6,0.001,0.00125,0.001,0.001,1.3,2026-06-22T23:10:54,0.001,1.3
route_mutation,20260622T231124_975265,of:0000000000000004:1 -> of:000000000000000c:4,0.002,0.0025,0.002,0.002,2.43,2026-06-22T23:11:24,0.002,2.46
route_mutation,20260622T231124_975265,of:0000000000000005:1 -> of:000000000000000c:5,0.002,0.0025,0.002,0.002,2.43,2026-06-22T23:11:24,0.002,2.46
route_mutation,20260622T231124_975265,of:000000000000000a:1 -> of:000000000000000d:6,0.002,0.0025,0.002,0.002,1.66,2026-06-22T23:11:24,0.002,1.56
route_mutation,20260622T231124_975265,of:000000000000000b:3 -> of:000000000000000d:2,0.002,0.0025,0.002,0.002,1.9,2026-06-22T23:11:24,0.002,1.9
route_mutation,20260622T231124_975265,of:000000000000000c:3 -> of:000000000000000d:3,0.002,0.0025,0.002,0.002,1.9,2026-06-22T23:11:24,0.002,1.9
route_mutation,20260622T231124_975265,of:0000000000000005:2 -> of:0000000000000009:3,0.002,0.0025,0.002,0.002,1.96,2026-06-22T23:11:24,0.002,1.96
route_mutation,20260622T231124_975265,of:0000000000000001:1 -> of:000000000000000b:1,0.002,0.0025,0.002,0.002,2.43,2026-06-22T23:11:24,0.002,2.36
route_mutation,20260622T231124_975265,of:000000000000000b:2 -> of:000000000000000c:2,0.002,0.0025,0.002,0.002,2.0,2026-06-22T23:11:24,0.002,2.0
route_mutation,20260622T231124_975265,of:0000000000000001:2 -> of:000000000000000c:1,0.003,0.00375,0.003,0.003,3.19,2026-06-22T23:11:24,0.003,3.16
route_mutation,20260622T231124_975265,of:0000000000000006:2 -> of:000000000000000a:2,0.002,0.0025,0.002,0.002,1.96,2026-06-22T23:11:24,0.002,1.96
route_mutation,20260622T231124_975265,of:0000000000000001:3 -> of:000000000000000d:1,0.002,0.0025,0.002,0.002,1.93,2026-06-22T23:11:24,0.002,1.86
route_mutation,20260622T231124_975265,of:0000000000000003:1 -> of:000000000000000b:5,0.002,0.0025,0.002,0.002,2.33,2026-06-22T23:11:24,0.002,2.36
route_mutation,20260622T231124_975265,of:0000000000000006:1 -> of:000000000000000d:4,0.002,0.0025,0.002,0.002,2.0,2026-06-22T23:11:24,0.002,2.13
route_mutation,20260622T231124_975265,of:0000000000000007:2 -> of:000000000000000a:3,0.002,0.0025,0.002,0.002,1.96,2026-06-22T23:11:24,0.002,1.96
route_mutation,20260622T231124_975265,of:0000000000000007:1 -> of:000000000000000d:5,0.002,0.0025,0.002,0.002,1.63,2026-06-22T23:11:24,0.002,1.56
route_mutation,20260622T231124_975265,of:0000000000000002:2 -> of:0000000000000008:2,0.002,0.0025,0.002,0.002,1.86,2026-06-22T23:11:24,0.002,1.86
route_mutation,20260622T231124_975265,of:0000000000000003:2 -> of:0000000000000008:3,0.002,0.0025,0.002,0.002,1.86,2026-06-22T23:11:24,0.002,1.86
route_mutation,20260622T231124_975265,of:0000000000000008:1 -> of:000000000000000b:6,0.002,0.0025,0.002,0.002,1.63,2026-06-22T23:11:24,0.002,1.66
route_mutation,20260622T231124_975265,of:0000000000000004:2 -> of:0000000000000009:2,0.002,0.0025,0.002,0.002,1.96,2026-06-22T23:11:24,0.002,1.96
route_mutation,20260622T231124_975265,of:0000000000000002:1 -> of:000000000000000b:4,0.002,0.0025,0.002,0.002,1.56,2026-06-22T23:11:24,0.002,1.6
route_mutation,20260622T231124_975265,of:0000000000000009:1 -> of:000000000000000c:6,0.002,0.0025,0.002,0.002,1.66,2026-06-22T23:11:24,0.002,1.66
ip_shuffle,20260622T231155_409299,of:0000000000000004:1 -> of:000000000000000c:4,0.002,0.0025,0.002,0.002,1.96,2026-06-22T23:11:55,0.002,1.96
ip_shuffle,20260622T231155_409299,of:0000000000000005:1 -> of:000000000000000c:5,0.002,0.0025,0.002,0.002,1.96,2026-06-22T23:11:55,0.002,1.96
ip_shuffle,20260622T231155_409299,of:000000000000000a:1 -> of:000000000000000d:6,0.002,0.0025,0.002,0.002,1.93,2026-06-22T23:11:55,0.002,1.93
ip_shuffle,20260622T231155_409299,of:000000000000000b:3 -> of:000000000000000d:2,0.002,0.0025,0.002,0.002,2.6,2026-06-22T23:11:55,0.002,2.6
ip_shuffle,20260622T231155_409299,of:000000000000000c:3 -> of:000000000000000d:3,0.002,0.0025,0.002,0.002,2.63,2026-06-22T23:11:55,0.002,2.63
ip_shuffle,20260622T231155_409299,of:0000000000000005:2 -> of:0000000000000009:3,0.002,0.0025,0.002,0.002,2.63,2026-06-22T23:11:55,0.002,2.63
ip_shuffle,20260622T231155_409299,of:0000000000000001:1 -> of:000000000000000b:1,0.002,0.0025,0.002,0.002,2.0,2026-06-22T23:11:55,0.002,2.0
ip_shuffle,20260622T231155_409299,of:000000000000000b:2 -> of:000000000000000c:2,0.002,0.0025,0.002,0.002,2.7,2026-06-22T23:11:55,0.002,2.7
ip_shuffle,20260622T231155_409299,of:0000000000000001:2 -> of:000000000000000c:1,0.002,0.0025,0.002,0.002,2.03,2026-06-22T23:11:55,0.002,2.0
ip_shuffle,20260622T231155_409299,of:0000000000000006:2 -> of:000000000000000a:2,0.002,0.0025,0.002,0.002,2.63,2026-06-22T23:11:55,0.002,2.63
ip_shuffle,20260622T231155_409299,of:0000000000000001:3 -> of:000000000000000d:1,0.003,0.00375,0.003,0.003,3.69,2026-06-22T23:11:55,0.003,3.73
ip_shuffle,20260622T231155_409299,of:0000000000000003:1 -> of:000000000000000b:5,0.002,0.0025,0.002,0.002,2.0,2026-06-22T23:11:55,0.002,2.0
ip_shuffle,20260622T231155_409299,of:0000000000000006:1 -> of:000000000000000d:4,0.002,0.0025,0.002,0.002,2.73,2026-06-22T23:11:55,0.002,2.5
ip_shuffle,20260622T231155_409299,of:0000000000000007:2 -> of:000000000000000a:3,0.002,0.0025,0.002,0.002,2.63,2026-06-22T23:11:55,0.002,2.63
ip_shuffle,20260622T231155_409299,of:0000000000000007:1 -> of:000000000000000d:5,0.002,0.0025,0.002,0.002,2.76,2026-06-22T23:11:55,0.002,2.9
ip_shuffle,20260622T231155_409299,of:0000000000000002:2 -> of:0000000000000008:2,0.002,0.0025,0.002,0.002,2.63,2026-06-22T23:11:55,0.002,2.63
ip_shuffle,20260622T231155_409299,of:0000000000000003:2 -> of:0000000000000008:3,0.002,0.0025,0.002,0.002,2.63,2026-06-22T23:11:55,0.002,2.63
ip_shuffle,20260622T231155_409299,of:0000000000000008:1 -> of:000000000000000b:6,0.002,0.0025,0.002,0.002,1.96,2026-06-22T23:11:55,0.002,1.93
ip_shuffle,20260622T231155_409299,of:0000000000000004:2 -> of:0000000000000009:2,0.002,0.0025,0.002,0.002,2.63,2026-06-22T23:11:55,0.002,2.63
ip_shuffle,20260622T231155_409299,of:0000000000000002:1 -> of:000000000000000b:4,0.002,0.0025,0.002,0.002,2.0,2026-06-22T23:11:55,0.002,2.0
ip_shuffle,20260622T231155_409299,of:0000000000000009:1 -> of:000000000000000c:6,0.002,0.0025,0.002,0.002,2.0,2026-06-22T23:11:55,0.002,2.03
ip_shuffle,20260622T231253_351856,of:0000000000000004:1 -> of:000000000000000c:4,0.002,0.0025,0.002,0.002,2.3,2026-06-22T23:12:53,0.002,2.3
ip_shuffle,20260622T231253_351856,of:0000000000000005:1 -> of:000000000000000c:5,0.002,0.0025,0.002,0.002,1.56,2026-06-22T23:12:53,0.002,1.56
ip_shuffle,20260622T231253_351856,of:000000000000000a:1 -> of:000000000000000d:6,0.002,0.0025,0.002,0.002,1.53,2026-06-22T23:12:53,0.002,1.53
ip_shuffle,20260622T231253_351856,of:000000000000000b:3 -> of:000000000000000d:2,0.002,0.0025,0.002,0.002,1.73,2026-06-22T23:12:53,0.002,1.73
ip_shuffle,20260622T231253_351856,of:000000000000000c:3 -> of:000000000000000d:3,0.002,0.0025,0.002,0.002,1.73,2026-06-22T23:12:53,0.002,1.73
ip_shuffle,20260622T231253_351856,of:0000000000000005:2 -> of:0000000000000009:3,0.002,0.0025,0.002,0.002,1.73,2026-06-22T23:12:53,0.002,1.73
ip_shuffle,20260622T231253_351856,of:0000000000000001:1 -> of:000000000000000b:1,0.003,0.00375,0.003,0.003,3.53,2026-06-22T23:12:53,0.003,3.53
ip_shuffle,20260622T231253_351856,of:000000000000000b:2 -> of:000000000000000c:2,0.002,0.0025,0.002,0.002,1.73,2026-06-22T23:12:53,0.002,1.73
ip_shuffle,20260622T231253_351856,of:0000000000000001:2 -> of:000000000000000c:1,0.002,0.0025,0.002,0.002,2.2,2026-06-22T23:12:53,0.002,2.2
ip_shuffle,20260622T231253_351856,of:0000000000000006:2 -> of:000000000000000a:2,0.002,0.0025,0.002,0.002,1.73,2026-06-22T23:12:53,0.002,1.73
ip_shuffle,20260622T231253_351856,of:0000000000000001:3 -> of:000000000000000d:1,0.001,0.00125,0.001,0.001,1.46,2026-06-22T23:12:53,0.001,1.46
ip_shuffle,20260622T231253_351856,of:0000000000000003:1 -> of:000000000000000b:5,0.002,0.0025,0.002,0.002,2.5,2026-06-22T23:12:53,0.002,2.5
ip_shuffle,20260622T231253_351856,of:0000000000000006:1 -> of:000000000000000d:4,0.002,0.0025,0.002,0.002,1.53,2026-06-22T23:12:53,0.002,1.53
ip_shuffle,20260622T231253_351856,of:0000000000000007:2 -> of:000000000000000a:3,0.002,0.0025,0.002,0.002,1.73,2026-06-22T23:12:53,0.002,1.73
ip_shuffle,20260622T231253_351856,of:0000000000000007:1 -> of:000000000000000d:5,0.002,0.0025,0.002,0.002,1.53,2026-06-22T23:12:53,0.002,1.53
ip_shuffle,20260622T231253_351856,of:0000000000000002:2 -> of:0000000000000008:2,0.002,0.0025,0.002,0.002,1.66,2026-06-22T23:12:53,0.002,1.66
ip_shuffle,20260622T231253_351856,of:0000000000000003:2 -> of:0000000000000008:3,0.002,0.0025,0.002,0.002,1.66,2026-06-22T23:12:53,0.002,1.66
ip_shuffle,20260622T231253_351856,of:0000000000000008:1 -> of:000000000000000b:6,0.002,0.0025,0.002,0.002,1.53,2026-06-22T23:12:53,0.002,1.53
ip_shuffle,20260622T231253_351856,of:0000000000000004:2 -> of:0000000000000009:2,0.002,0.0025,0.002,0.002,1.73,2026-06-22T23:12:53,0.002,1.73
ip_shuffle,20260622T231253_351856,of:0000000000000002:1 -> of:000000000000000b:4,0.002,0.0025,0.002,0.002,2.5,2026-06-22T23:12:53,0.002,2.5
ip_shuffle,20260622T231253_351856,of:0000000000000009:1 -> of:000000000000000c:6,0.002,0.0025,0.002,0.002,1.53,2026-06-22T23:12:53,0.002,1.53
ip_shuffle,20260622T231357_677344,of:0000000000000004:1 -> of:000000000000000c:4,0.002,0.0025,0.002,0.002,1.7,2026-06-22T23:13:57,0.002,1.66
ip_shuffle,20260622T231357_677344,of:0000000000000005:1 -> of:000000000000000c:5,0.002,0.0025,0.002,0.002,1.7,2026-06-22T23:13:57,0.002,1.66
ip_shuffle,20260622T231357_677344,of:000000000000000a:1 -> of:000000000000000d:6,0.002,0.0025,0.002,0.002,1.8,2026-06-22T23:13:57,0.002,1.93
ip_shuffle,20260622T231357_677344,of:000000000000000b:3 -> of:000000000000000d:2,0.002,0.0025,0.002,0.002,2.26,2026-06-22T23:13:57,0.002,2.26
ip_shuffle,20260622T231357_677344,of:000000000000000c:3 -> of:000000000000000d:3,0.002,0.0025,0.002,0.002,2.26,2026-06-22T23:13:57,0.002,2.26
ip_shuffle,20260622T231357_677344,of:0000000000000005:2 -> of:0000000000000009:3,0.002,0.0025,0.002,0.002,2.03,2026-06-22T23:13:57,0.002,2.03
ip_shuffle,20260622T231357_677344,of:0000000000000001:1 -> of:000000000000000b:1,0.002,0.0025,0.002,0.002,1.66,2026-06-22T23:13:57,0.002,1.73
ip_shuffle,20260622T231357_677344,of:000000000000000b:2 -> of:000000000000000c:2,0.002,0.0025,0.002,0.002,1.93,2026-06-22T23:13:57,0.002,1.93
ip_shuffle,20260622T231357_677344,of:0000000000000001:2 -> of:000000000000000c:1,0.002,0.0025,0.002,0.002,1.66,2026-06-22T23:13:57,0.002,1.73
ip_shuffle,20260622T231357_677344,of:0000000000000006:2 -> of:000000000000000a:2,0.002,0.0025,0.002,0.002,2.03,2026-06-22T23:13:57,0.002,2.03
ip_shuffle,20260622T231357_677344,of:0000000000000001:3 -> of:000000000000000d:1,0.003,0.00375,0.003,0.003,3.13,2026-06-22T23:13:57,0.003,3.23
ip_shuffle,20260622T231357_677344,of:0000000000000003:1 -> of:000000000000000b:5,0.002,0.0025,0.002,0.002,1.73,2026-06-22T23:13:57,0.002,1.7
ip_shuffle,20260622T231357_677344,of:0000000000000006:1 -> of:000000000000000d:4,0.002,0.0025,0.002,0.002,2.03,2026-06-22T23:13:57,0.002,2.13
ip_shuffle,20260622T231357_677344,of:0000000000000007:2 -> of:000000000000000a:3,0.002,0.0025,0.002,0.002,2.03,2026-06-22T23:13:57,0.002,2.03
ip_shuffle,20260622T231357_677344,of:0000000000000007:1 -> of:000000000000000d:5,0.003,0.00375,0.003,0.003,3.0,2026-06-22T23:13:57,0.003,2.83
ip_shuffle,20260622T231357_677344,of:0000000000000002:2 -> of:0000000000000008:2,0.002,0.0025,0.002,0.002,2.1,2026-06-22T23:13:57,0.002,2.1
ip_shuffle,20260622T231357_677344,of:0000000000000003:2 -> of:0000000000000008:3,0.002,0.0025,0.002,0.002,2.1,2026-06-22T23:13:57,0.002,2.1
ip_shuffle,20260622T231357_677344,of:0000000000000008:1 -> of:000000000000000b:6,0.002,0.0025,0.002,0.002,1.66,2026-06-22T23:13:57,0.002,1.66
ip_shuffle,20260622T231357_677344,of:0000000000000004:2 -> of:0000000000000009:2,0.002,0.0025,0.002,0.002,2.03,2026-06-22T23:13:57,0.002,2.03
ip_shuffle,20260622T231357_677344,of:0000000000000002:1 -> of:000000000000000b:4,0.002,0.0025,0.002,0.002,1.7,2026-06-22T23:13:57,0.002,1.66
ip_shuffle,20260622T231357_677344,of:0000000000000009:1 -> of:000000000000000c:6,0.002,0.0025,0.002,0.002,1.6,2026-06-22T23:13:57,0.002,1.6
ip_shuffle,20260622T231455_560094,of:0000000000000004:1 -> of:000000000000000c:4,0.002,0.0025,0.002,0.002,2.26,2026-06-22T23:14:55,0.002,2.26
ip_shuffle,20260622T231455_560094,of:0000000000000005:1 -> of:000000000000000c:5,0.002,0.0025,0.002,0.002,2.26,2026-06-22T23:14:55,0.002,2.26
ip_shuffle,20260622T231455_560094,of:000000000000000a:1 -> of:000000000000000d:6,0.002,0.0025,0.002,0.002,1.53,2026-06-22T23:14:55,0.002,1.53
ip_shuffle,20260622T231455_560094,of:000000000000000b:3 -> of:000000000000000d:2,0.002,0.0025,0.002,0.002,1.73,2026-06-22T23:14:55,0.002,1.73
ip_shuffle,20260622T231455_560094,of:000000000000000c:3 -> of:000000000000000d:3,0.002,0.0025,0.002,0.002,1.73,2026-06-22T23:14:55,0.002,1.73
ip_shuffle,20260622T231455_560094,of:0000000000000005:2 -> of:0000000000000009:3,0.002,0.0025,0.002,0.002,1.7,2026-06-22T23:14:55,0.002,1.7
ip_shuffle,20260622T231455_560094,of:0000000000000001:1 -> of:000000000000000b:1,0.002,0.0025,0.002,0.002,1.73,2026-06-22T23:14:55,0.002,1.6
ip_shuffle,20260622T231455_560094,of:000000000000000b:2 -> of:000000000000000c:2,0.002,0.0025,0.002,0.002,1.73,2026-06-22T23:14:55,0.002,1.73
ip_shuffle,20260622T231455_560094,of:0000000000000001:2 -> of:000000000000000c:1,0.003,0.00375,0.003,0.003,3.13,2026-06-22T23:14:55,0.003,3.13
ip_shuffle,20260622T231455_560094,of:0000000000000006:2 -> of:000000000000000a:2,0.002,0.0025,0.002,0.002,1.66,2026-06-22T23:14:55,0.002,1.66
ip_shuffle,20260622T231455_560094,of:0000000000000001:3 -> of:000000000000000d:1,0.002,0.0025,0.002,0.002,1.9,2026-06-22T23:14:55,0.002,2.13
ip_shuffle,20260622T231455_560094,of:0000000000000003:1 -> of:000000000000000b:5,0.002,0.0025,0.002,0.002,1.63,2026-06-22T23:14:55,0.002,1.73
ip_shuffle,20260622T231455_560094,of:0000000000000006:1 -> of:000000000000000d:4,0.002,0.0025,0.002,0.002,2.03,2026-06-22T23:14:55,0.002,1.9
ip_shuffle,20260622T231455_560094,of:0000000000000007:2 -> of:000000000000000a:3,0.002,0.0025,0.002,0.002,1.7,2026-06-22T23:14:55,0.002,1.7
ip_shuffle,20260622T231455_560094,of:0000000000000007:1 -> of:000000000000000d:5,0.001,0.00125,0.001,0.001,1.5,2026-06-22T23:14:55,0.001,1.46
ip_shuffle,20260622T231455_560094,of:0000000000000002:2 -> of:0000000000000008:2,0.002,0.0025,0.002,0.002,1.8,2026-06-22T23:14:55,0.002,1.8
ip_shuffle,20260622T231455_560094,of:0000000000000003:2 -> of:0000000000000008:3,0.002,0.0025,0.002,0.002,1.8,2026-06-22T23:14:55,0.002,1.8
ip_shuffle,20260622T231455_560094,of:0000000000000008:1 -> of:000000000000000b:6,0.002,0.0025,0.002,0.002,1.56,2026-06-22T23:14:55,0.002,1.53
ip_shuffle,20260622T231455_560094,of:0000000000000004:2 -> of:0000000000000009:2,0.002,0.0025,0.002,0.002,1.7,2026-06-22T23:14:55,0.002,1.7
ip_shuffle,20260622T231455_560094,of:0000000000000002:1 -> of:000000000000000b:4,0.002,0.0025,0.002,0.002,1.56,2026-06-22T23:14:55,0.002,1.53
ip_shuffle,20260622T231455_560094,of:0000000000000009:1 -> of:000000000000000c:6,0.002,0.0025,0.002,0.002,1.56,2026-06-22T23:14:55,0.002,1.53
route_mutation,20260622T231553_366963,of:0000000000000004:1 -> of:000000000000000c:4,0.002,0.0025,0.002,0.002,1.43,2026-06-22T23:15:53,0.002,1.43
route_mutation,20260622T231553_366963,of:0000000000000005:1 -> of:000000000000000c:5,0.002,0.0025,0.002,0.002,1.43,2026-06-22T23:15:53,0.002,1.43
route_mutation,20260622T231553_366963,of:000000000000000a:1 -> of:000000000000000d:6,0.001,0.00125,0.001,0.001,1.36,2026-06-22T23:15:53,0.001,1.36
route_mutation,20260622T231553_366963,of:000000000000000b:3 -> of:000000000000000d:2,0.001,0.00125,0.001,0.001,1.46,2026-06-22T23:15:53,0.001,1.46
route_mutation,20260622T231553_366963,of:000000000000000c:3 -> of:000000000000000d:3,0.001,0.00125,0.001,0.001,1.46,2026-06-22T23:15:53,0.001,1.46
route_mutation,20260622T231553_366963,of:0000000000000005:2 -> of:0000000000000009:3,0.002,0.0025,0.002,0.002,1.53,2026-06-22T23:15:53,0.002,1.53
route_mutation,20260622T231553_366963,of:0000000000000001:1 -> of:000000000000000b:1,0.002,0.0025,0.002,0.002,1.56,2026-06-22T23:15:53,0.002,1.63
route_mutation,20260622T231553_366963,of:000000000000000b:2 -> of:000000000000000c:2,0.002,0.0025,0.002,0.002,1.53,2026-06-22T23:15:53,0.002,1.53
route_mutation,20260622T231553_366963,of:0000000000000001:2 -> of:000000000000000c:1,0.001,0.00125,0.001,0.001,1.36,2026-06-22T23:15:53,0.001,1.36
route_mutation,20260622T231553_366963,of:0000000000000006:2 -> of:000000000000000a:2,0.002,0.0025,0.002,0.002,1.53,2026-06-22T23:15:53,0.002,1.53
route_mutation,20260622T231553_366963,of:0000000000000001:3 -> of:000000000000000d:1,0.001,0.00125,0.001,0.001,1.3,2026-06-22T23:15:53,0.001,1.3
route_mutation,20260622T231553_366963,of:0000000000000003:1 -> of:000000000000000b:5,0.002,0.0025,0.002,0.002,1.43,2026-06-22T23:15:53,0.002,1.43
route_mutation,20260622T231553_366963,of:0000000000000006:1 -> of:000000000000000d:4,0.001,0.00125,0.001,0.001,1.36,2026-06-22T23:15:53,0.001,1.36
route_mutation,20260622T231553_366963,of:0000000000000007:2 -> of:000000000000000a:3,0.002,0.0025,0.002,0.002,1.53,2026-06-22T23:15:53,0.002,1.53
route_mutation,20260622T231553_366963,of:0000000000000007:1 -> of:000000000000000d:5,0.001,0.00125,0.001,0.001,1.36,2026-06-22T23:15:53,0.001,1.36
route_mutation,20260622T231553_366963,of:0000000000000002:2 -> of:0000000000000008:2,0.002,0.0025,0.002,0.002,1.53,2026-06-22T23:15:53,0.002,1.53
route_mutation,20260622T231553_366963,of:0000000000000003:2 -> of:0000000000000008:3,0.002,0.0025,0.002,0.002,1.53,2026-06-22T23:15:53,0.002,1.53
route_mutation,20260622T231553_366963,of:0000000000000008:1 -> of:000000000000000b:6,0.002,0.0025,0.002,0.002,1.43,2026-06-22T23:15:53,0.002,1.43
route_mutation,20260622T231553_366963,of:0000000000000004:2 -> of:0000000000000009:2,0.002,0.0025,0.002,0.002,1.53,2026-06-22T23:15:53,0.002,1.53
route_mutation,20260622T231553_366963,of:0000000000000002:1 -> of:000000000000000b:4,0.002,0.0025,0.002,0.002,1.73,2026-06-22T23:15:53,0.002,1.73
route_mutation,20260622T231553_366963,of:0000000000000009:1 -> of:000000000000000c:6,0.002,0.0025,0.002,0.002,1.43,2026-06-22T23:15:53,0.002,1.43
ip_shuffle,20260622T231623_774944,of:0000000000000004:1 -> of:000000000000000c:4,0.002,0.0025,0.002,0.002,2.16,2026-06-22T23:16:23,0.002,2.2
ip_shuffle,20260622T231623_774944,of:0000000000000005:1 -> of:000000000000000c:5,0.002,0.0025,0.002,0.002,2.16,2026-06-22T23:16:23,0.002,2.2
ip_shuffle,20260622T231623_774944,of:000000000000000a:1 -> of:000000000000000d:6,0.002,0.0025,0.002,0.002,1.46,2026-06-22T23:16:23,0.002,1.5
ip_shuffle,20260622T231623_774944,of:000000000000000b:3 -> of:000000000000000d:2,0.002,0.0025,0.002,0.002,1.63,2026-06-22T23:16:23,0.002,1.63
ip_shuffle,20260622T231623_774944,of:000000000000000c:3 -> of:000000000000000d:3,0.002,0.0025,0.002,0.002,1.63,2026-06-22T23:16:23,0.002,1.63
ip_shuffle,20260622T231623_774944,of:0000000000000005:2 -> of:0000000000000009:3,0.001,0.00125,0.001,0.001,1.5,2026-06-22T23:16:23,0.001,1.5
ip_shuffle,20260622T231623_774944,of:0000000000000001:1 -> of:000000000000000b:1,0.003,0.00375,0.003,0.003,3.33,2026-06-22T23:16:23,0.003,3.23
ip_shuffle,20260622T231623_774944,of:000000000000000b:2 -> of:000000000000000c:2,0.002,0.0025,0.002,0.002,1.6,2026-06-22T23:16:23,0.002,1.6
ip_shuffle,20260622T231623_774944,of:0000000000000001:2 -> of:000000000000000c:1,0.003,0.00375,0.003,0.003,3.06,2026-06-22T23:16:23,0.003,3.03
ip_shuffle,20260622T231623_774944,of:0000000000000006:2 -> of:000000000000000a:2,0.001,0.00125,0.001,0.001,1.5,2026-06-22T23:16:23,0.001,1.5
ip_shuffle,20260622T231623_774944,of:0000000000000001:3 -> of:000000000000000d:1,0.002,0.0025,0.002,0.002,1.56,2026-06-22T23:16:23,0.002,1.63
ip_shuffle,20260622T231623_774944,of:0000000000000003:1 -> of:000000000000000b:5,0.002,0.0025,0.002,0.002,2.4,2026-06-22T23:16:23,0.002,2.43
ip_shuffle,20260622T231623_774944,of:0000000000000006:1 -> of:000000000000000d:4,0.002,0.0025,0.002,0.002,1.6,2026-06-22T23:16:23,0.002,1.53
ip_shuffle,20260622T231623_774944,of:0000000000000007:2 -> of:000000000000000a:3,0.002,0.0025,0.002,0.002,1.53,2026-06-22T23:16:23,0.002,1.53
ip_shuffle,20260622T231623_774944,of:0000000000000007:1 -> of:000000000000000d:5,0.001,0.00125,0.001,0.001,1.4,2026-06-22T23:16:23,0.001,1.43
ip_shuffle,20260622T231623_774944,of:0000000000000002:2 -> of:0000000000000008:2,0.001,0.00125,0.001,0.001,1.5,2026-06-22T23:16:23,0.001,1.5
ip_shuffle,20260622T231623_774944,of:0000000000000003:2 -> of:0000000000000008:3,0.001,0.00125,0.001,0.001,1.5,2026-06-22T23:16:23,0.001,1.5
ip_shuffle,20260622T231623_774944,of:0000000000000008:1 -> of:000000000000000b:6,0.002,0.0025,0.002,0.002,1.46,2026-06-22T23:16:23,0.002,1.46
ip_shuffle,20260622T231623_774944,of:0000000000000004:2 -> of:0000000000000009:2,0.001,0.00125,0.001,0.001,1.5,2026-06-22T23:16:23,0.001,1.5
ip_shuffle,20260622T231623_774944,of:0000000000000002:1 -> of:000000000000000b:4,0.002,0.0025,0.002,0.002,2.1,2026-06-22T23:16:23,0.002,2.13
ip_shuffle,20260622T231623_774944,of:0000000000000009:1 -> of:000000000000000c:6,0.002,0.0025,0.002,0.002,1.46,2026-06-22T23:16:23,0.002,1.46
route_mutation,20260622T231728_190227,of:0000000000000004:1 -> of:000000000000000c:4,0.002,0.0025,0.002,0.002,1.56,2026-06-22T23:17:28,0.002,1.53
route_mutation,20260622T231728_190227,of:0000000000000005:1 -> of:000000000000000c:5,0.002,0.0025,0.002,0.002,1.56,2026-06-22T23:17:28,0.002,1.53
route_mutation,20260622T231728_190227,of:000000000000000a:1 -> of:000000000000000d:6,0.001,0.00125,0.001,0.001,1.46,2026-06-22T23:17:28,0.001,1.46
route_mutation,20260622T231728_190227,of:000000000000000b:3 -> of:000000000000000d:2,0.002,0.0025,0.002,0.002,1.66,2026-06-22T23:17:28,0.002,1.66
route_mutation,20260622T231728_190227,of:000000000000000c:3 -> of:000000000000000d:3,0.002,0.0025,0.002,0.002,1.66,2026-06-22T23:17:28,0.002,1.66
route_mutation,20260622T231728_190227,of:0000000000000005:2 -> of:0000000000000009:3,0.002,0.0025,0.002,0.002,1.76,2026-06-22T23:17:28,0.002,1.76
route_mutation,20260622T231728_190227,of:0000000000000001:1 -> of:000000000000000b:1,0.001,0.00125,0.001,0.001,1.46,2026-06-22T23:17:28,0.001,1.53
route_mutation,20260622T231728_190227,of:000000000000000b:2 -> of:000000000000000c:2,0.002,0.0025,0.002,0.002,1.73,2026-06-22T23:17:28,0.002,1.73
route_mutation,20260622T231728_190227,of:0000000000000001:2 -> of:000000000000000c:1,0.001,0.00125,0.001,0.001,1.46,2026-06-22T23:17:28,0.001,1.53
route_mutation,20260622T231728_190227,of:0000000000000006:2 -> of:000000000000000a:2,0.002,0.0025,0.002,0.002,1.76,2026-06-22T23:17:28,0.002,1.76
route_mutation,20260622T231728_190227,of:0000000000000001:3 -> of:000000000000000d:1,0.002,0.0025,0.002,0.002,2.36,2026-06-22T23:17:28,0.002,2.22
route_mutation,20260622T231728_190227,of:0000000000000003:1 -> of:000000000000000b:5,0.002,0.0025,0.002,0.002,1.59,2026-06-22T23:17:28,0.002,1.53
route_mutation,20260622T231728_190227,of:0000000000000006:1 -> of:000000000000000d:4,0.001,0.00125,0.001,0.001,1.49,2026-06-22T23:17:28,0.001,1.46
route_mutation,20260622T231728_190227,of:0000000000000007:2 -> of:000000000000000a:3,0.002,0.0025,0.002,0.002,1.76,2026-06-22T23:17:28,0.002,1.76
route_mutation,20260622T231728_190227,of:0000000000000007:1 -> of:000000000000000d:5,0.002,0.0025,0.002,0.002,2.19,2026-06-22T23:17:28,0.002,2.29
route_mutation,20260622T231728_190227,of:0000000000000002:2 -> of:0000000000000008:2,0.002,0.0025,0.002,0.002,1.79,2026-06-22T23:17:28,0.002,1.79
route_mutation,20260622T231728_190227,of:0000000000000003:2 -> of:0000000000000008:3,0.002,0.0025,0.002,0.002,1.79,2026-06-22T23:17:28,0.002,1.79
route_mutation,20260622T231728_190227,of:0000000000000008:1 -> of:000000000000000b:6,0.002,0.0025,0.002,0.002,1.53,2026-06-22T23:17:28,0.002,1.53
route_mutation,20260622T231728_190227,of:0000000000000004:2 -> of:0000000000000009:2,0.002,0.0025,0.002,0.002,1.76,2026-06-22T23:17:28,0.002,1.76
route_mutation,20260622T231728_190227,of:0000000000000002:1 -> of:000000000000000b:4,0.002,0.0025,0.002,0.002,1.59,2026-06-22T23:17:28,0.002,1.53
route_mutation,20260622T231728_190227,of:0000000000000009:1 -> of:000000000000000c:6,0.002,0.0025,0.002,0.002,1.53,2026-06-22T23:17:28,0.002,1.53
route_mutation,20260622T231758_572876,of:0000000000000004:1 -> of:000000000000000c:4,0.002,0.0025,0.002,0.002,1.6,2026-06-22T23:17:58,0.002,1.6
route_mutation,20260622T231758_572876,of:0000000000000005:1 -> of:000000000000000c:5,0.001,0.00125,0.001,0.001,1.46,2026-06-22T23:17:58,0.001,1.46
route_mutation,20260622T231758_572876,of:000000000000000a:1 -> of:000000000000000d:6,0.002,0.0025,0.002,0.002,1.53,2026-06-22T23:17:58,0.002,1.53
route_mutation,20260622T231758_572876,of:000000000000000b:3 -> of:000000000000000d:2,0.002,0.0025,0.002,0.002,1.73,2026-06-22T23:17:58,0.002,1.73
route_mutation,20260622T231758_572876,of:000000000000000c:3 -> of:000000000000000d:3,0.002,0.0025,0.002,0.002,1.73,2026-06-22T23:17:58,0.002,1.73
route_mutation,20260622T231758_572876,of:0000000000000005:2 -> of:0000000000000009:3,0.002,0.0025,0.002,0.002,1.66,2026-06-22T23:17:58,0.002,1.66
route_mutation,20260622T231758_572876,of:0000000000000001:1 -> of:000000000000000b:1,0.003,0.00375,0.003,0.003,3.46,2026-06-22T23:17:58,0.003,3.53
route_mutation,20260622T231758_572876,of:000000000000000b:2 -> of:000000000000000c:2,0.002,0.0025,0.002,0.002,1.73,2026-06-22T23:17:58,0.002,1.73
route_mutation,20260622T231758_572876,of:0000000000000001:2 -> of:000000000000000c:1,0.002,0.0025,0.002,0.002,1.63,2026-06-22T23:17:58,0.002,1.63
route_mutation,20260622T231758_572876,of:0000000000000006:2 -> of:000000000000000a:2,0.002,0.0025,0.002,0.002,1.66,2026-06-22T23:17:58,0.002,1.66
route_mutation,20260622T231758_572876,of:0000000000000001:3 -> of:000000000000000d:1,0.002,0.0025,0.002,0.002,1.53,2026-06-22T23:17:58,0.002,1.53
route_mutation,20260622T231758_572876,of:0000000000000003:1 -> of:000000000000000b:5,0.002,0.0025,0.002,0.002,2.43,2026-06-22T23:17:58,0.002,2.43
route_mutation,20260622T231758_572876,of:0000000000000006:1 -> of:000000000000000d:4,0.001,0.00125,0.001,0.001,1.46,2026-06-22T23:17:58,0.001,1.46
route_mutation,20260622T231758_572876,of:0000000000000007:2 -> of:000000000000000a:3,0.002,0.0025,0.002,0.002,1.73,2026-06-22T23:17:58,0.002,1.73
route_mutation,20260622T231758_572876,of:0000000000000007:1 -> of:000000000000000d:5,0.002,0.0025,0.002,0.002,1.53,2026-06-22T23:17:58,0.002,1.53
route_mutation,20260622T231758_572876,of:0000000000000002:2 -> of:0000000000000008:2,0.002,0.0025,0.002,0.002,1.66,2026-06-22T23:17:58,0.002,1.66
route_mutation,20260622T231758_572876,of:0000000000000003:2 -> of:0000000000000008:3,0.002,0.0025,0.002,0.002,1.66,2026-06-22T23:17:58,0.002,1.66
route_mutation,20260622T231758_572876,of:0000000000000008:1 -> of:000000000000000b:6,0.002,0.0025,0.002,0.002,1.53,2026-06-22T23:17:58,0.002,1.53
route_mutation,20260622T231758_572876,of:0000000000000004:2 -> of:0000000000000009:2,0.002,0.0025,0.002,0.002,1.66,2026-06-22T23:17:58,0.002,1.66
route_mutation,20260622T231758_572876,of:0000000000000002:1 -> of:000000000000000b:4,0.002,0.0025,0.002,0.002,2.5,2026-06-22T23:17:58,0.002,2.5
route_mutation,20260622T231758_572876,of:0000000000000009:1 -> of:000000000000000c:6,0.002,0.0025,0.002,0.002,1.53,2026-06-22T23:17:58,0.002,1.53
ip_shuffle,20260622T231829_081157,of:0000000000000004:1 -> of:000000000000000c:4,0.002,0.0025,0.002,0.002,2.4,2026-06-22T23:18:29,0.002,2.43
ip_shuffle,20260622T231829_081157,of:0000000000000005:1 -> of:000000000000000c:5,0.002,0.0025,0.002,0.002,2.53,2026-06-22T23:18:29,0.002,2.56
ip_shuffle,20260622T231829_081157,of:000000000000000a:1 -> of:000000000000000d:6,0.002,0.0025,0.002,0.002,1.76,2026-06-22T23:18:29,0.002,1.8
ip_shuffle,20260622T231829_081157,of:000000000000000b:3 -> of:000000000000000d:2,0.002,0.0025,0.002,0.002,2.3,2026-06-22T23:18:29,0.002,2.3
ip_shuffle,20260622T231829_081157,of:000000000000000c:3 -> of:000000000000000d:3,0.002,0.0025,0.002,0.002,2.3,2026-06-22T23:18:29,0.002,2.3
ip_shuffle,20260622T231829_081157,of:0000000000000005:2 -> of:0000000000000009:3,0.002,0.0025,0.002,0.002,2.23,2026-06-22T23:18:29,0.002,2.23
ip_shuffle,20260622T231829_081157,of:0000000000000001:1 -> of:000000000000000b:1,0.002,0.0025,0.002,0.002,1.93,2026-06-22T23:18:29,0.002,1.8
ip_shuffle,20260622T231829_081157,of:000000000000000b:2 -> of:000000000000000c:2,0.002,0.0025,0.002,0.002,2.2,2026-06-22T23:18:29,0.002,2.2
ip_shuffle,20260622T231829_081157,of:0000000000000001:2 -> of:000000000000000c:1,0.003,0.00375,0.003,0.003,3.26,2026-06-22T23:18:29,0.003,3.19
ip_shuffle,20260622T231829_081157,of:0000000000000006:2 -> of:000000000000000a:2,0.002,0.0025,0.002,0.002,2.23,2026-06-22T23:18:29,0.002,2.23
ip_shuffle,20260622T231829_081157,of:0000000000000001:3 -> of:000000000000000d:1,0.003,0.00375,0.003,0.003,3.06,2026-06-22T23:18:29,0.003,3.19
ip_shuffle,20260622T231829_081157,of:0000000000000003:1 -> of:000000000000000b:5,0.002,0.0025,0.002,0.002,1.8,2026-06-22T23:18:29,0.002,1.83
ip_shuffle,20260622T231829_081157,of:0000000000000006:1 -> of:000000000000000d:4,0.003,0.00375,0.003,0.003,2.96,2026-06-22T23:18:29,0.003,3.03
ip_shuffle,20260622T231829_081157,of:0000000000000007:2 -> of:000000000000000a:3,0.002,0.0025,0.002,0.002,2.2,2026-06-22T23:18:29,0.002,2.2
ip_shuffle,20260622T231829_081157,of:0000000000000007:1 -> of:000000000000000d:5,0.002,0.0025,0.002,0.002,1.96,2026-06-22T23:18:29,0.002,1.9
ip_shuffle,20260622T231829_081157,of:0000000000000002:2 -> of:0000000000000008:2,0.002,0.0025,0.002,0.002,2.23,2026-06-22T23:18:29,0.002,2.23
ip_shuffle,20260622T231829_081157,of:0000000000000003:2 -> of:0000000000000008:3,0.002,0.0025,0.002,0.002,2.26,2026-06-22T23:18:29,0.002,2.26
ip_shuffle,20260622T231829_081157,of:0000000000000008:1 -> of:000000000000000b:6,0.002,0.0025,0.002,0.002,1.7,2026-06-22T23:18:29,0.002,1.7
ip_shuffle,20260622T231829_081157,of:0000000000000004:2 -> of:0000000000000009:2,0.002,0.0025,0.002,0.002,2.23,2026-06-22T23:18:29,0.002,2.23
ip_shuffle,20260622T231829_081157,of:0000000000000002:1 -> of:000000000000000b:4,0.002,0.0025,0.002,0.002,1.73,2026-06-22T23:18:29,0.002,1.76
ip_shuffle,20260622T231829_081157,of:0000000000000009:1 -> of:000000000000000c:6,0.002,0.0025,0.002,0.002,1.7,2026-06-22T23:18:29,0.002,1.7
route_mutation,20260622T231926_881479,of:0000000000000004:1 -> of:000000000000000c:4,0.001,0.00125,0.001,0.001,1.36,2026-06-22T23:19:26,0.001,1.36
route_mutation,20260622T231926_881479,of:0000000000000005:1 -> of:000000000000000c:5,0.001,0.00125,0.001,0.001,1.36,2026-06-22T23:19:26,0.001,1.36
route_mutation,20260622T231926_881479,of:000000000000000a:1 -> of:000000000000000d:6,0.002,0.0025,0.002,0.002,1.43,2026-06-22T23:19:26,0.002,1.43
route_mutation,20260622T231926_881479,of:000000000000000b:3 -> of:000000000000000d:2,0.002,0.0025,0.002,0.002,1.53,2026-06-22T23:19:26,0.002,1.53
route_mutation,20260622T231926_881479,of:000000000000000c:3 -> of:000000000000000d:3,0.002,0.0025,0.002,0.002,1.53,2026-06-22T23:19:26,0.002,1.53
route_mutation,20260622T231926_881479,of:0000000000000005:2 -> of:0000000000000009:3,0.001,0.00125,0.001,0.001,1.46,2026-06-22T23:19:26,0.001,1.46
route_mutation,20260622T231926_881479,of:0000000000000001:1 -> of:000000000000000b:1,0.003,0.00375,0.003,0.003,3.03,2026-06-22T23:19:26,0.003,3.0
route_mutation,20260622T231926_881479,of:000000000000000b:2 -> of:000000000000000c:2,0.002,0.0025,0.002,0.002,1.53,2026-06-22T23:19:26,0.002,1.53
route_mutation,20260622T231926_881479,of:0000000000000001:2 -> of:000000000000000c:1,0.002,0.0025,0.002,0.002,1.43,2026-06-22T23:19:26,0.002,1.43
route_mutation,20260622T231926_881479,of:0000000000000006:2 -> of:000000000000000a:2,0.001,0.00125,0.001,0.001,1.46,2026-06-22T23:19:26,0.001,1.46
route_mutation,20260622T231926_881479,of:0000000000000001:3 -> of:000000000000000d:1,0.002,0.0025,0.002,0.002,1.43,2026-06-22T23:19:26,0.002,1.43
route_mutation,20260622T231926_881479,of:0000000000000003:1 -> of:000000000000000b:5,0.002,0.0025,0.002,0.002,1.9,2026-06-22T23:19:26,0.002,1.93
route_mutation,20260622T231926_881479,of:0000000000000006:1 -> of:000000000000000d:4,0.001,0.00125,0.001,0.001,1.36,2026-06-22T23:19:26,0.001,1.36
route_mutation,20260622T231926_881479,of:0000000000000007:2 -> of:000000000000000a:3,0.002,0.0025,0.002,0.002,1.53,2026-06-22T23:19:26,0.002,1.53
route_mutation,20260622T231926_881479,of:0000000000000007:1 -> of:000000000000000d:5,0.002,0.0025,0.002,0.002,1.43,2026-06-22T23:19:26,0.002,1.43
route_mutation,20260622T231926_881479,of:0000000000000002:2 -> of:0000000000000008:2,0.001,0.00125,0.001,0.001,1.46,2026-06-22T23:19:26,0.001,1.46
route_mutation,20260622T231926_881479,of:0000000000000003:2 -> of:0000000000000008:3,0.001,0.00125,0.001,0.001,1.46,2026-06-22T23:19:26,0.001,1.46
route_mutation,20260622T231926_881479,of:0000000000000008:1 -> of:000000000000000b:6,0.002,0.0025,0.002,0.002,1.43,2026-06-22T23:19:26,0.002,1.43
route_mutation,20260622T231926_881479,of:0000000000000004:2 -> of:0000000000000009:2,0.001,0.00125,0.001,0.001,1.46,2026-06-22T23:19:26,0.001,1.46
route_mutation,20260622T231926_881479,of:0000000000000002:1 -> of:000000000000000b:4,0.002,0.0025,0.002,0.002,2.4,2026-06-22T23:19:26,0.002,2.4
route_mutation,20260622T231926_881479,of:0000000000000009:1 -> of:000000000000000c:6,0.002,0.0025,0.002,0.002,1.43,2026-06-22T23:19:26,0.002,1.43
ip_shuffle,20260622T231957_264449,of:0000000000000004:1 -> of:000000000000000c:4,0.002,0.0025,0.002,0.002,2.46,2026-06-22T23:19:57,0.002,2.5
ip_shuffle,20260622T231957_264449,of:0000000000000005:1 -> of:000000000000000c:5,0.002,0.0025,0.002,0.002,2.46,2026-06-22T23:19:57,0.002,2.5
ip_shuffle,20260622T231957_264449,of:000000000000000a:1 -> of:000000000000000d:6,0.002,0.0025,0.002,0.002,1.7,2026-06-22T23:19:57,0.002,1.7
ip_shuffle,20260622T231957_264449,of:000000000000000b:3 -> of:000000000000000d:2,0.002,0.0025,0.002,0.002,2.13,2026-06-22T23:19:57,0.002,2.13
ip_shuffle,20260622T231957_264449,of:000000000000000c:3 -> of:000000000000000d:3,0.002,0.0025,0.002,0.002,2.13,2026-06-22T23:19:57,0.002,2.13
ip_shuffle,20260622T231957_264449,of:0000000000000005:2 -> of:0000000000000009:3,0.002,0.0025,0.002,0.002,2.06,2026-06-22T23:19:57,0.002,2.06
ip_shuffle,20260622T231957_264449,of:0000000000000001:1 -> of:000000000000000b:1,0.002,0.0025,0.002,0.002,2.16,2026-06-22T23:19:57,0.002,2.13
ip_shuffle,20260622T231957_264449,of:000000000000000b:2 -> of:000000000000000c:2,0.002,0.0025,0.002,0.002,2.06,2026-06-22T23:19:57,0.002,2.06
ip_shuffle,20260622T231957_264449,of:0000000000000001:2 -> of:000000000000000c:1,0.003,0.00375,0.003,0.003,3.29,2026-06-22T23:19:57,0.003,3.23
ip_shuffle,20260622T231957_264449,of:0000000000000006:2 -> of:000000000000000a:2,0.002,0.0025,0.002,0.002,2.1,2026-06-22T23:19:57,0.002,2.1
ip_shuffle,20260622T231957_264449,of:0000000000000001:3 -> of:000000000000000d:1,0.002,0.0025,0.002,0.002,2.53,2026-06-22T23:19:57,0.002,2.63
ip_shuffle,20260622T231957_264449,of:0000000000000003:1 -> of:000000000000000b:5,0.002,0.0025,0.002,0.002,2.13,2026-06-22T23:19:57,0.002,2.16
ip_shuffle,20260622T231957_264449,of:0000000000000006:1 -> of:000000000000000d:4,0.002,0.0025,0.002,0.002,2.66,2026-06-22T23:19:57,0.002,2.6
ip_shuffle,20260622T231957_264449,of:0000000000000007:2 -> of:000000000000000a:3,0.002,0.0025,0.002,0.002,2.03,2026-06-22T23:19:57,0.002,2.03
ip_shuffle,20260622T231957_264449,of:0000000000000007:1 -> of:000000000000000d:5,0.002,0.0025,0.002,0.002,1.66,2026-06-22T23:19:57,0.002,1.7
ip_shuffle,20260622T231957_264449,of:0000000000000002:2 -> of:0000000000000008:2,0.002,0.0025,0.002,0.002,2.03,2026-06-22T23:19:57,0.002,2.03
ip_shuffle,20260622T231957_264449,of:0000000000000003:2 -> of:0000000000000008:3,0.002,0.0025,0.002,0.002,2.03,2026-06-22T23:19:57,0.002,2.03
ip_shuffle,20260622T231957_264449,of:0000000000000008:1 -> of:000000000000000b:6,0.001,0.00125,0.001,0.001,1.6,2026-06-22T23:19:57,0.001,1.63
ip_shuffle,20260622T231957_264449,of:0000000000000004:2 -> of:0000000000000009:2,0.002,0.0025,0.002,0.002,2.06,2026-06-22T23:19:57,0.002,2.06
ip_shuffle,20260622T231957_264449,of:0000000000000002:1 -> of:000000000000000b:4,0.002,0.0025,0.002,0.002,1.63,2026-06-22T23:19:57,0.002,1.7
ip_shuffle,20260622T231957_264449,of:0000000000000009:1 -> of:000000000000000c:6,0.001,0.00125,0.001,0.001,1.63,2026-06-22T23:19:57,0.001,1.63
ip_shuffle,20260622T232055_124364,of:0000000000000004:1 -> of:000000000000000c:4,0.001,0.00125,0.001,0.001,1.36,2026-06-22T23:20:55,0.001,1.36
ip_shuffle,20260622T232055_124364,of:0000000000000005:1 -> of:000000000000000c:5,0.001,0.00125,0.001,0.001,1.36,2026-06-22T23:20:55,0.001,1.36
ip_shuffle,20260622T232055_124364,of:000000000000000a:1 -> of:000000000000000d:6,0.002,0.0025,0.002,0.002,1.43,2026-06-22T23:20:55,0.002,1.43
ip_shuffle,20260622T232055_124364,of:000000000000000b:3 -> of:000000000000000d:2,0.002,0.0025,0.002,0.002,1.53,2026-06-22T23:20:55,0.002,1.53
ip_shuffle,20260622T232055_124364,of:000000000000000c:3 -> of:000000000000000d:3,0.002,0.0025,0.002,0.002,1.53,2026-06-22T23:20:55,0.002,1.53
ip_shuffle,20260622T232055_124364,of:0000000000000005:2 -> of:0000000000000009:3,0.001,0.00125,0.001,0.001,1.46,2026-06-22T23:20:55,0.001,1.46
ip_shuffle,20260622T232055_124364,of:0000000000000001:1 -> of:000000000000000b:1,0.002,0.0025,0.002,0.002,1.63,2026-06-22T23:20:55,0.002,1.63
ip_shuffle,20260622T232055_124364,of:000000000000000b:2 -> of:000000000000000c:2,0.002,0.0025,0.002,0.002,1.53,2026-06-22T23:20:55,0.002,1.53
ip_shuffle,20260622T232055_124364,of:0000000000000001:2 -> of:000000000000000c:1,0.002,0.0025,0.002,0.002,1.43,2026-06-22T23:20:55,0.002,1.43
ip_shuffle,20260622T232055_124364,of:0000000000000006:2 -> of:000000000000000a:2,0.002,0.0025,0.002,0.002,1.53,2026-06-22T23:20:55,0.002,1.53
ip_shuffle,20260622T232055_124364,of:0000000000000001:3 -> of:000000000000000d:1,0.002,0.0025,0.002,0.002,1.43,2026-06-22T23:20:55,0.002,1.43
ip_shuffle,20260622T232055_124364,of:0000000000000003:1 -> of:000000000000000b:5,0.001,0.00125,0.001,0.001,1.36,2026-06-22T23:20:55,0.001,1.36
ip_shuffle,20260622T232055_124364,of:0000000000000006:1 -> of:000000000000000d:4,0.002,0.0025,0.002,0.002,1.43,2026-06-22T23:20:55,0.002,1.43
ip_shuffle,20260622T232055_124364,of:0000000000000007:2 -> of:000000000000000a:3,0.002,0.0025,0.002,0.002,1.53,2026-06-22T23:20:55,0.002,1.53
ip_shuffle,20260622T232055_124364,of:0000000000000007:1 -> of:000000000000000d:5,0.002,0.0025,0.002,0.002,1.43,2026-06-22T23:20:55,0.002,1.43
ip_shuffle,20260622T232055_124364,of:0000000000000002:2 -> of:0000000000000008:2,0.001,0.00125,0.001,0.001,1.46,2026-06-22T23:20:55,0.001,1.46
ip_shuffle,20260622T232055_124364,of:0000000000000003:2 -> of:0000000000000008:3,0.001,0.00125,0.001,0.001,1.46,2026-06-22T23:20:55,0.001,1.46
ip_shuffle,20260622T232055_124364,of:0000000000000008:1 -> of:000000000000000b:6,0.002,0.0025,0.002,0.002,1.43,2026-06-22T23:20:55,0.002,1.43
ip_shuffle,20260622T232055_124364,of:0000000000000004:2 -> of:0000000000000009:2,0.001,0.00125,0.001,0.001,1.46,2026-06-22T23:20:55,0.001,1.46
ip_shuffle,20260622T232055_124364,of:0000000000000002:1 -> of:000000000000000b:4,0.002,0.0025,0.002,0.002,1.56,2026-06-22T23:20:55,0.002,1.56
ip_shuffle,20260622T232055_124364,of:0000000000000009:1 -> of:000000000000000c:6,0.002,0.0025,0.002,0.002,1.43,2026-06-22T23:20:55,0.002,1.43
ip_shuffle,20260622T232152_955739,of:0000000000000004:1 -> of:000000000000000c:4,0.002,0.0025,0.002,0.002,2.03,2026-06-22T23:21:52,0.002,2.06
ip_shuffle,20260622T232152_955739,of:0000000000000005:1 -> of:000000000000000c:5,0.002,0.0025,0.002,0.002,2.26,2026-06-22T23:21:52,0.002,2.3
ip_shuffle,20260622T232152_955739,of:000000000000000a:1 -> of:000000000000000d:6,0.002,0.0025,0.002,0.002,2.06,2026-06-22T23:21:52,0.002,2.1
ip_shuffle,20260622T232152_955739,of:000000000000000b:3 -> of:000000000000000d:2,0.002,0.0025,0.002,0.002,2.9,2026-06-22T23:21:52,0.002,2.9
ip_shuffle,20260622T232152_955739,of:000000000000000c:3 -> of:000000000000000d:3,0.002,0.0025,0.002,0.002,2.83,2026-06-22T23:21:52,0.002,2.83
ip_shuffle,20260622T232152_955739,of:0000000000000005:2 -> of:0000000000000009:3,0.002,0.0025,0.002,0.002,2.9,2026-06-22T23:21:52,0.002,2.9
ip_shuffle,20260622T232152_955739,of:0000000000000001:1 -> of:000000000000000b:1,0.002,0.0025,0.002,0.002,2.13,2026-06-22T23:21:52,0.002,2.06
ip_shuffle,20260622T232152_955739,of:000000000000000b:2 -> of:000000000000000c:2,0.002,0.0025,0.002,0.002,2.86,2026-06-22T23:21:52,0.002,2.86
ip_shuffle,20260622T232152_955739,of:0000000000000001:2 -> of:000000000000000c:1,0.002,0.0025,0.002,0.002,2.3,2026-06-22T23:21:52,0.002,2.23
ip_shuffle,20260622T232152_955739,of:0000000000000006:2 -> of:000000000000000a:2,0.002,0.0025,0.002,0.002,2.9,2026-06-22T23:21:52,0.002,2.9
ip_shuffle,20260622T232152_955739,of:0000000000000001:3 -> of:000000000000000d:1,0.003,0.00375,0.003,0.003,4.09,2026-06-22T23:21:52,0.003,4.23
ip_shuffle,20260622T232152_955739,of:0000000000000003:1 -> of:000000000000000b:5,0.002,0.0025,0.002,0.002,2.1,2026-06-22T23:21:52,0.002,2.13
ip_shuffle,20260622T232152_955739,of:0000000000000006:1 -> of:000000000000000d:4,0.003,0.00375,0.003,0.003,3.23,2026-06-22T23:21:52,0.003,3.29
ip_shuffle,20260622T232152_955739,of:0000000000000007:2 -> of:000000000000000a:3,0.002,0.0025,0.002,0.002,2.9,2026-06-22T23:21:52,0.002,2.9
ip_shuffle,20260622T232152_955739,of:0000000000000007:1 -> of:000000000000000d:5,0.002,0.0025,0.002,0.002,3.1,2026-06-22T23:21:52,0.002,3.0
ip_shuffle,20260622T232152_955739,of:0000000000000002:2 -> of:0000000000000008:2,0.002,0.0025,0.002,0.002,2.9,2026-06-22T23:21:52,0.002,2.9
ip_shuffle,20260622T232152_955739,of:0000000000000003:2 -> of:0000000000000008:3,0.002,0.0025,0.002,0.002,2.9,2026-06-22T23:21:52,0.002,2.9
ip_shuffle,20260622T232152_955739,of:0000000000000008:1 -> of:000000000000000b:6,0.002,0.0025,0.002,0.002,2.13,2026-06-22T23:21:52,0.002,2.13
ip_shuffle,20260622T232152_955739,of:0000000000000004:2 -> of:0000000000000009:2,0.002,0.0025,0.002,0.002,2.9,2026-06-22T23:21:52,0.002,2.9
ip_shuffle,20260622T232152_955739,of:0000000000000002:1 -> of:000000000000000b:4,0.002,0.0025,0.002,0.002,2.1,2026-06-22T23:21:52,0.002,2.13
ip_shuffle,20260622T232152_955739,of:0000000000000009:1 -> of:000000000000000c:6,0.002,0.0025,0.002,0.002,2.06,2026-06-22T23:21:52,0.002,2.06
ip_shuffle,20260622T232257_361857,of:0000000000000004:1 -> of:000000000000000c:4,0.002,0.0025,0.002,0.002,2.26,2026-06-22T23:22:57,0.002,2.23
ip_shuffle,20260622T232257_361857,of:0000000000000005:1 -> of:000000000000000c:5,0.002,0.0025,0.002,0.002,1.56,2026-06-22T23:22:57,0.002,1.56
ip_shuffle,20260622T232257_361857,of:000000000000000a:1 -> of:000000000000000d:6,0.001,0.00125,0.001,0.001,1.46,2026-06-22T23:22:57,0.001,1.46
ip_shuffle,20260622T232257_361857,of:000000000000000b:3 -> of:000000000000000d:2,0.002,0.0025,0.002,0.002,1.66,2026-06-22T23:22:57,0.002,1.66
ip_shuffle,20260622T232257_361857,of:000000000000000c:3 -> of:000000000000000d:3,0.002,0.0025,0.002,0.002,1.73,2026-06-22T23:22:57,0.002,1.73
ip_shuffle,20260622T232257_361857,of:0000000000000005:2 -> of:0000000000000009:3,0.002,0.0025,0.002,0.002,1.66,2026-06-22T23:22:57,0.002,1.66
ip_shuffle,20260622T232257_361857,of:0000000000000001:1 -> of:000000000000000b:1,0.003,0.00375,0.003,0.003,3.53,2026-06-22T23:22:57,0.003,3.53
ip_shuffle,20260622T232257_361857,of:000000000000000b:2 -> of:000000000000000c:2,0.002,0.0025,0.002,0.002,1.66,2026-06-22T23:22:57,0.002,1.66
ip_shuffle,20260622T232257_361857,of:0000000000000001:2 -> of:000000000000000c:1,0.002,0.0025,0.002,0.002,2.26,2026-06-22T23:22:57,0.002,2.26
ip_shuffle,20260622T232257_361857,of:0000000000000006:2 -> of:000000000000000a:2,0.001,0.00125,0.001,0.001,1.6,2026-06-22T23:22:57,0.001,1.6
ip_shuffle,20260622T232257_361857,of:0000000000000001:3 -> of:000000000000000d:1,0.002,0.0025,0.002,0.002,1.53,2026-06-22T23:22:57,0.002,1.53
ip_shuffle,20260622T232257_361857,of:0000000000000003:1 -> of:000000000000000b:5,0.002,0.0025,0.002,0.002,2.5,2026-06-22T23:22:57,0.002,2.5
ip_shuffle,20260622T232257_361857,of:0000000000000006:1 -> of:000000000000000d:4,0.001,0.00125,0.001,0.001,1.46,2026-06-22T23:22:57,0.001,1.46
ip_shuffle,20260622T232257_361857,of:0000000000000007:2 -> of:000000000000000a:3,0.001,0.00125,0.001,0.001,1.6,2026-06-22T23:22:57,0.001,1.6
ip_shuffle,20260622T232257_361857,of:0000000000000007:1 -> of:000000000000000d:5,0.001,0.00125,0.001,0.001,1.46,2026-06-22T23:22:57,0.001,1.46
ip_shuffle,20260622T232257_361857,of:0000000000000002:2 -> of:0000000000000008:2,0.002,0.0025,0.002,0.002,1.66,2026-06-22T23:22:57,0.002,1.66
ip_shuffle,20260622T232257_361857,of:0000000000000003:2 -> of:0000000000000008:3,0.002,0.0025,0.002,0.002,1.66,2026-06-22T23:22:57,0.002,1.66
ip_shuffle,20260622T232257_361857,of:0000000000000008:1 -> of:000000000000000b:6,0.001,0.00125,0.001,0.001,1.4,2026-06-22T23:22:57,0.001,1.4
ip_shuffle,20260622T232257_361857,of:0000000000000004:2 -> of:0000000000000009:2,0.002,0.0025,0.002,0.002,1.66,2026-06-22T23:22:57,0.002,1.66
ip_shuffle,20260622T232257_361857,of:0000000000000002:1 -> of:000000000000000b:4,0.002,0.0025,0.002,0.002,2.5,2026-06-22T23:22:57,0.002,2.5
ip_shuffle,20260622T232257_361857,of:0000000000000009:1 -> of:000000000000000c:6,0.001,0.00125,0.001,0.001,1.46,2026-06-22T23:22:57,0.001,1.46
route_mutation,20260622T232355_238397,of:0000000000000004:1 -> of:000000000000000c:4,0.002,0.0025,0.002,0.002,1.56,2026-06-22T23:23:55,0.002,1.53
route_mutation,20260622T232355_238397,of:0000000000000005:1 -> of:000000000000000c:5,0.002,0.0025,0.002,0.002,1.56,2026-06-22T23:23:55,0.002,1.53
route_mutation,20260622T232355_238397,of:000000000000000a:1 -> of:000000000000000d:6,0.002,0.0025,0.002,0.002,1.6,2026-06-22T23:23:55,0.002,1.6
route_mutation,20260622T232355_238397,of:000000000000000b:3 -> of:000000000000000d:2,0.002,0.0025,0.002,0.002,1.86,2026-06-22T23:23:55,0.002,1.86
route_mutation,20260622T232355_238397,of:000000000000000c:3 -> of:000000000000000d:3,0.002,0.0025,0.002,0.002,1.86,2026-06-22T23:23:55,0.002,1.86
route_mutation,20260622T232355_238397,of:0000000000000005:2 -> of:0000000000000009:3,0.002,0.0025,0.002,0.002,1.83,2026-06-22T23:23:55,0.002,1.83
route_mutation,20260622T232355_238397,of:0000000000000001:1 -> of:000000000000000b:1,0.002,0.0025,0.002,0.002,1.53,2026-06-22T23:23:55,0.002,1.6
route_mutation,20260622T232355_238397,of:000000000000000b:2 -> of:000000000000000c:2,0.002,0.0025,0.002,0.002,1.86,2026-06-22T23:23:55,0.002,1.86
route_mutation,20260622T232355_238397,of:0000000000000001:2 -> of:000000000000000c:1,0.002,0.0025,0.002,0.002,1.53,2026-06-22T23:23:55,0.002,1.6
route_mutation,20260622T232355_238397,of:0000000000000006:2 -> of:000000000000000a:2,0.002,0.0025,0.002,0.002,1.9,2026-06-22T23:23:55,0.002,1.9
route_mutation,20260622T232355_238397,of:0000000000000001:3 -> of:000000000000000d:1,0.002,0.0025,0.002,0.002,2.4,2026-06-22T23:23:55,0.002,2.33
route_mutation,20260622T232355_238397,of:0000000000000003:1 -> of:000000000000000b:5,0.002,0.0025,0.002,0.002,1.6,2026-06-22T23:23:55,0.002,1.53
route_mutation,20260622T232355_238397,of:0000000000000006:1 -> of:000000000000000d:4,0.002,0.0025,0.002,0.002,1.63,2026-06-22T23:23:55,0.002,1.6
route_mutation,20260622T232355_238397,of:0000000000000007:2 -> of:000000000000000a:3,0.002,0.0025,0.002,0.002,1.9,2026-06-22T23:23:55,0.002,1.9
route_mutation,20260622T232355_238397,of:0000000000000007:1 -> of:000000000000000d:5,0.002,0.0025,0.002,0.002,2.4,2026-06-22T23:23:55,0.002,2.43
route_mutation,20260622T232355_238397,of:0000000000000002:2 -> of:0000000000000008:2,0.002,0.0025,0.002,0.002,1.9,2026-06-22T23:23:55,0.002,1.9
route_mutation,20260622T232355_238397,of:0000000000000003:2 -> of:0000000000000008:3,0.002,0.0025,0.002,0.002,1.9,2026-06-22T23:23:55,0.002,1.9
route_mutation,20260622T232355_238397,of:0000000000000008:1 -> of:000000000000000b:6,0.002,0.0025,0.002,0.002,1.63,2026-06-22T23:23:55,0.002,1.6
route_mutation,20260622T232355_238397,of:0000000000000004:2 -> of:0000000000000009:2,0.002,0.0025,0.002,0.002,1.83,2026-06-22T23:23:55,0.002,1.83
route_mutation,20260622T232355_238397,of:0000000000000002:1 -> of:000000000000000b:4,0.002,0.0025,0.002,0.002,1.6,2026-06-22T23:23:55,0.002,1.53
route_mutation,20260622T232355_238397,of:0000000000000009:1 -> of:000000000000000c:6,0.002,0.0025,0.002,0.002,1.6,2026-06-22T23:23:55,0.002,1.6
ip_shuffle,20260622T232425_640410,of:0000000000000004:1 -> of:000000000000000c:4,0.002,0.0025,0.002,0.002,1.56,2026-06-22T23:24:25,0.002,1.56
ip_shuffle,20260622T232425_640410,of:0000000000000005:1 -> of:000000000000000c:5,0.002,0.0025,0.002,0.002,1.53,2026-06-22T23:24:25,0.002,1.53
ip_shuffle,20260622T232425_640410,of:000000000000000a:1 -> of:000000000000000d:6,0.001,0.00125,0.001,0.001,1.46,2026-06-22T23:24:25,0.001,1.46
ip_shuffle,20260622T232425_640410,of:000000000000000b:3 -> of:000000000000000d:2,0.002,0.0025,0.002,0.002,1.66,2026-06-22T23:24:25,0.002,1.66
ip_shuffle,20260622T232425_640410,of:000000000000000c:3 -> of:000000000000000d:3,0.002,0.0025,0.002,0.002,1.73,2026-06-22T23:24:25,0.002,1.73
ip_shuffle,20260622T232425_640410,of:0000000000000005:2 -> of:0000000000000009:3,0.002,0.0025,0.002,0.002,1.66,2026-06-22T23:24:25,0.002,1.66
ip_shuffle,20260622T232425_640410,of:0000000000000001:1 -> of:000000000000000b:1,0.003,0.00375,0.003,0.003,3.36,2026-06-22T23:24:25,0.003,3.46
ip_shuffle,20260622T232425_640410,of:000000000000000b:2 -> of:000000000000000c:2,0.002,0.0025,0.002,0.002,1.66,2026-06-22T23:24:25,0.002,1.66
ip_shuffle,20260622T232425_640410,of:0000000000000001:2 -> of:000000000000000c:1,0.002,0.0025,0.002,0.002,1.56,2026-06-22T23:24:25,0.002,1.53
ip_shuffle,20260622T232425_640410,of:0000000000000006:2 -> of:000000000000000a:2,0.001,0.00125,0.001,0.001,1.6,2026-06-22T23:24:25,0.001,1.6
ip_shuffle,20260622T232425_640410,of:0000000000000001:3 -> of:000000000000000d:1,0.002,0.0025,0.002,0.002,1.53,2026-06-22T23:24:25,0.002,1.5
ip_shuffle,20260622T232425_640410,of:0000000000000003:1 -> of:000000000000000b:5,0.002,0.0025,0.002,0.002,2.43,2026-06-22T23:24:25,0.002,2.33
ip_shuffle,20260622T232425_640410,of:0000000000000006:1 -> of:000000000000000d:4,0.001,0.00125,0.001,0.001,1.46,2026-06-22T23:24:25,0.001,1.46
ip_shuffle,20260622T232425_640410,of:0000000000000007:2 -> of:000000000000000a:3,0.001,0.00125,0.001,0.001,1.6,2026-06-22T23:24:25,0.001,1.6
ip_shuffle,20260622T232425_640410,of:0000000000000007:1 -> of:000000000000000d:5,0.001,0.00125,0.001,0.001,1.46,2026-06-22T23:24:25,0.001,1.46
ip_shuffle,20260622T232425_640410,of:0000000000000002:2 -> of:0000000000000008:2,0.002,0.0025,0.002,0.002,1.63,2026-06-22T23:24:25,0.002,1.63
ip_shuffle,20260622T232425_640410,of:0000000000000003:2 -> of:0000000000000008:3,0.002,0.0025,0.002,0.002,1.63,2026-06-22T23:24:25,0.002,1.63
ip_shuffle,20260622T232425_640410,of:0000000000000008:1 -> of:000000000000000b:6,0.001,0.00125,0.001,0.001,1.4,2026-06-22T23:24:25,0.001,1.4
ip_shuffle,20260622T232425_640410,of:0000000000000004:2 -> of:0000000000000009:2,0.002,0.0025,0.002,0.002,1.66,2026-06-22T23:24:25,0.002,1.66
ip_shuffle,20260622T232425_640410,of:0000000000000002:1 -> of:000000000000000b:4,0.002,0.0025,0.002,0.002,2.46,2026-06-22T23:24:25,0.002,2.5
ip_shuffle,20260622T232425_640410,of:0000000000000009:1 -> of:000000000000000c:6,0.001,0.00125,0.001,0.001,1.46,2026-06-22T23:24:25,0.001,1.46
route_mutation,20260622T232536_733245,of:0000000000000004:1 -> of:000000000000000c:4,0.002,0.0025,0.002,0.002,1.93,2026-06-22T23:25:36,0.002,1.93
route_mutation,20260622T232536_733245,of:0000000000000005:1 -> of:000000000000000c:5,0.002,0.0025,0.002,0.002,1.93,2026-06-22T23:25:36,0.002,1.93
route_mutation,20260622T232536_733245,of:000000000000000a:1 -> of:000000000000000d:6,0.002,0.0025,0.002,0.002,2.0,2026-06-22T23:25:36,0.002,2.0
route_mutation,20260622T232536_733245,of:000000000000000b:3 -> of:000000000000000d:2,0.002,0.0025,0.002,0.002,2.66,2026-06-22T23:25:36,0.002,2.66
route_mutation,20260622T232536_733245,of:000000000000000c:3 -> of:000000000000000d:3,0.002,0.0025,0.002,0.002,2.66,2026-06-22T23:25:36,0.002,2.66
route_mutation,20260622T232536_733245,of:0000000000000005:2 -> of:0000000000000009:3,0.002,0.0025,0.002,0.002,2.6,2026-06-22T23:25:36,0.002,2.6
route_mutation,20260622T232536_733245,of:0000000000000001:1 -> of:000000000000000b:1,0.002,0.0025,0.002,0.002,1.93,2026-06-22T23:25:36,0.002,1.93
route_mutation,20260622T232536_733245,of:000000000000000b:2 -> of:000000000000000c:2,0.002,0.0025,0.002,0.002,2.66,2026-06-22T23:25:36,0.002,2.66
route_mutation,20260622T232536_733245,of:0000000000000001:2 -> of:000000000000000c:1,0.002,0.0025,0.002,0.002,1.93,2026-06-22T23:25:36,0.002,1.93
route_mutation,20260622T232536_733245,of:0000000000000006:2 -> of:000000000000000a:2,0.002,0.0025,0.002,0.002,2.66,2026-06-22T23:25:36,0.002,2.66
route_mutation,20260622T232536_733245,of:0000000000000001:3 -> of:000000000000000d:1,0.003,0.00375,0.003,0.003,4.19,2026-06-22T23:25:36,0.003,4.16
route_mutation,20260622T232536_733245,of:0000000000000003:1 -> of:000000000000000b:5,0.002,0.0025,0.002,0.002,1.93,2026-06-22T23:25:36,0.002,1.93
route_mutation,20260622T232536_733245,of:0000000000000006:1 -> of:000000000000000d:4,0.002,0.0025,0.002,0.002,2.53,2026-06-22T23:25:36,0.002,2.56
route_mutation,20260622T232536_733245,of:0000000000000007:2 -> of:000000000000000a:3,0.002,0.0025,0.002,0.002,2.66,2026-06-22T23:25:36,0.002,2.66
route_mutation,20260622T232536_733245,of:0000000000000007:1 -> of:000000000000000d:5,0.003,0.00375,0.003,0.003,3.93,2026-06-22T23:25:36,0.003,3.93
route_mutation,20260622T232536_733245,of:0000000000000002:2 -> of:0000000000000008:2,0.002,0.0025,0.002,0.002,2.6,2026-06-22T23:25:36,0.002,2.6
route_mutation,20260622T232536_733245,of:0000000000000003:2 -> of:0000000000000008:3,0.002,0.0025,0.002,0.002,2.6,2026-06-22T23:25:36,0.002,2.6
route_mutation,20260622T232536_733245,of:0000000000000008:1 -> of:000000000000000b:6,0.002,0.0025,0.002,0.002,2.0,2026-06-22T23:25:36,0.002,2.0
route_mutation,20260622T232536_733245,of:0000000000000004:2 -> of:0000000000000009:2,0.002,0.0025,0.002,0.002,2.6,2026-06-22T23:25:36,0.002,2.6
route_mutation,20260622T232536_733245,of:0000000000000002:1 -> of:000000000000000b:4,0.002,0.0025,0.002,0.002,1.93,2026-06-22T23:25:36,0.002,1.93
route_mutation,20260622T232536_733245,of:0000000000000009:1 -> of:000000000000000c:6,0.002,0.0025,0.002,0.002,2.0,2026-06-22T23:25:36,0.002,2.0
route_mutation,20260622T232607_206224,of:0000000000000004:1 -> of:000000000000000c:4,0.002,0.0025,0.002,0.002,1.43,2026-06-22T23:26:07,0.002,1.43
route_mutation,20260622T232607_206224,of:0000000000000005:1 -> of:000000000000000c:5,0.002,0.0025,0.002,0.002,1.43,2026-06-22T23:26:07,0.002,1.43
route_mutation,20260622T232607_206224,of:000000000000000a:1 -> of:000000000000000d:6,0.001,0.00125,0.001,0.001,1.36,2026-06-22T23:26:07,0.001,1.36
route_mutation,20260622T232607_206224,of:000000000000000b:3 -> of:000000000000000d:2,0.002,0.0025,0.002,0.002,1.53,2026-06-22T23:26:07,0.002,1.53
route_mutation,20260622T232607_206224,of:000000000000000c:3 -> of:000000000000000d:3,0.002,0.0025,0.002,0.002,1.53,2026-06-22T23:26:07,0.002,1.53
route_mutation,20260622T232607_206224,of:0000000000000005:2 -> of:0000000000000009:3,0.001,0.00125,0.001,0.001,1.46,2026-06-22T23:26:07,0.001,1.46
route_mutation,20260622T232607_206224,of:0000000000000001:1 -> of:000000000000000b:1,0.002,0.0025,0.002,0.002,1.93,2026-06-22T23:26:07,0.002,1.93
route_mutation,20260622T232607_206224,of:000000000000000b:2 -> of:000000000000000c:2,0.002,0.0025,0.002,0.002,1.53,2026-06-22T23:26:07,0.002,1.53
route_mutation,20260622T232607_206224,of:0000000000000001:2 -> of:000000000000000c:1,0.002,0.0025,0.002,0.002,1.43,2026-06-22T23:26:07,0.002,1.43
route_mutation,20260622T232607_206224,of:0000000000000006:2 -> of:000000000000000a:2,0.001,0.00125,0.001,0.001,1.4,2026-06-22T23:26:07,0.001,1.4
route_mutation,20260622T232607_206224,of:0000000000000001:3 -> of:000000000000000d:1,0.002,0.0025,0.002,0.002,1.43,2026-06-22T23:26:07,0.002,1.43
route_mutation,20260622T232607_206224,of:0000000000000003:1 -> of:000000000000000b:5,0.002,0.0025,0.002,0.002,1.43,2026-06-22T23:26:07,0.002,1.43
route_mutation,20260622T232607_206224,of:0000000000000006:1 -> of:000000000000000d:4,0.001,0.00125,0.001,0.001,1.36,2026-06-22T23:26:07,0.001,1.36
route_mutation,20260622T232607_206224,of:0000000000000007:2 -> of:000000000000000a:3,0.001,0.00125,0.001,0.001,1.4,2026-06-22T23:26:07,0.001,1.4
route_mutation,20260622T232607_206224,of:0000000000000007:1 -> of:000000000000000d:5,0.001,0.00125,0.001,0.001,1.36,2026-06-22T23:26:07,0.001,1.36
route_mutation,20260622T232607_206224,of:0000000000000002:2 -> of:0000000000000008:2,0.001,0.00125,0.001,0.001,1.46,2026-06-22T23:26:07,0.001,1.46
route_mutation,20260622T232607_206224,of:0000000000000003:2 -> of:0000000000000008:3,0.001,0.00125,0.001,0.001,1.46,2026-06-22T23:26:07,0.001,1.46
route_mutation,20260622T232607_206224,of:0000000000000008:1 -> of:000000000000000b:6,0.001,0.00125,0.001,0.001,1.36,2026-06-22T23:26:07,0.001,1.36
route_mutation,20260622T232607_206224,of:0000000000000004:2 -> of:0000000000000009:2,0.001,0.00125,0.001,0.001,1.46,2026-06-22T23:26:07,0.001,1.46
route_mutation,20260622T232607_206224,of:0000000000000002:1 -> of:000000000000000b:4,0.002,0.0025,0.002,0.002,1.93,2026-06-22T23:26:07,0.002,1.93
route_mutation,20260622T232607_206224,of:0000000000000009:1 -> of:000000000000000c:6,0.001,0.00125,0.001,0.001,1.36,2026-06-22T23:26:07,0.001,1.36
ip_shuffle,20260622T232637_628281,of:0000000000000004:1 -> of:000000000000000c:4,0.002,0.0025,0.002,0.002,2.2,2026-06-22T23:26:37,0.002,2.26
ip_shuffle,20260622T232637_628281,of:0000000000000005:1 -> of:000000000000000c:5,0.002,0.0025,0.002,0.002,2.2,2026-06-22T23:26:37,0.002,2.26
ip_shuffle,20260622T232637_628281,of:000000000000000a:1 -> of:000000000000000d:6,0.001,0.00125,0.001,0.001,1.43,2026-06-22T23:26:37,0.001,1.46
ip_shuffle,20260622T232637_628281,of:000000000000000b:3 -> of:000000000000000d:2,0.001,0.00125,0.001,0.001,1.56,2026-06-22T23:26:37,0.001,1.56
ip_shuffle,20260622T232637_628281,of:000000000000000c:3 -> of:000000000000000d:3,0.001,0.00125,0.001,0.001,1.6,2026-06-22T23:26:37,0.001,1.6
ip_shuffle,20260622T232637_628281,of:0000000000000005:2 -> of:0000000000000009:3,0.002,0.0025,0.002,0.002,1.63,2026-06-22T23:26:37,0.002,1.63
ip_shuffle,20260622T232637_628281,of:0000000000000001:1 -> of:000000000000000b:1,0.003,0.00375,0.003,0.003,3.0,2026-06-22T23:26:37,0.003,2.96
ip_shuffle,20260622T232637_628281,of:000000000000000b:2 -> of:000000000000000c:2,0.001,0.00125,0.001,0.001,1.56,2026-06-22T23:26:37,0.001,1.56
ip_shuffle,20260622T232637_628281,of:0000000000000001:2 -> of:000000000000000c:1,0.003,0.00375,0.003,0.003,3.06,2026-06-22T23:26:37,0.003,3.0
ip_shuffle,20260622T232637_628281,of:0000000000000006:2 -> of:000000000000000a:2,0.002,0.0025,0.002,0.002,1.66,2026-06-22T23:26:37,0.002,1.66
ip_shuffle,20260622T232637_628281,of:0000000000000001:3 -> of:000000000000000d:1,0.002,0.0025,0.002,0.002,1.6,2026-06-22T23:26:37,0.002,1.66
ip_shuffle,20260622T232637_628281,of:0000000000000003:1 -> of:000000000000000b:5,0.002,0.0025,0.002,0.002,2.43,2026-06-22T23:26:37,0.002,2.46
ip_shuffle,20260622T232637_628281,of:0000000000000006:1 -> of:000000000000000d:4,0.002,0.0025,0.002,0.002,1.7,2026-06-22T23:26:37,0.002,1.66
ip_shuffle,20260622T232637_628281,of:0000000000000007:2 -> of:000000000000000a:3,0.002,0.0025,0.002,0.002,1.66,2026-06-22T23:26:37,0.002,1.66
ip_shuffle,20260622T232637_628281,of:0000000000000007:1 -> of:000000000000000d:5,0.001,0.00125,0.001,0.001,1.43,2026-06-22T23:26:37,0.001,1.46
ip_shuffle,20260622T232637_628281,of:0000000000000002:2 -> of:0000000000000008:2,0.002,0.0025,0.002,0.002,1.63,2026-06-22T23:26:37,0.002,1.63
ip_shuffle,20260622T232637_628281,of:0000000000000003:2 -> of:0000000000000008:3,0.002,0.0025,0.002,0.002,1.63,2026-06-22T23:26:37,0.002,1.63
ip_shuffle,20260622T232637_628281,of:0000000000000008:1 -> of:000000000000000b:6,0.001,0.00125,0.001,0.001,1.43,2026-06-22T23:26:37,0.001,1.43
ip_shuffle,20260622T232637_628281,of:0000000000000004:2 -> of:0000000000000009:2,0.002,0.0025,0.002,0.002,1.63,2026-06-22T23:26:37,0.002,1.63
ip_shuffle,20260622T232637_628281,of:0000000000000002:1 -> of:000000000000000b:4,0.002,0.0025,0.002,0.002,1.93,2026-06-22T23:26:37,0.002,1.96
ip_shuffle,20260622T232637_628281,of:0000000000000009:1 -> of:000000000000000c:6,0.001,0.00125,0.001,0.001,1.43,2026-06-22T23:26:37,0.001,1.46
ip_shuffle,20260622T232735_370267,of:0000000000000004:1 -> of:000000000000000c:4,0.001,0.00125,0.001,0.001,1.3,2026-06-22T23:27:35,0.001,1.33
ip_shuffle,20260622T232735_370267,of:0000000000000005:1 -> of:000000000000000c:5,0.001,0.00125,0.001,0.001,1.3,2026-06-22T23:27:35,0.001,1.33
ip_shuffle,20260622T232735_370267,of:000000000000000a:1 -> of:000000000000000d:6,0.002,0.0025,0.002,0.002,1.36,2026-06-22T23:27:35,0.002,1.4
ip_shuffle,20260622T232735_370267,of:000000000000000b:3 -> of:000000000000000d:2,0.002,0.0025,0.002,0.002,1.43,2026-06-22T23:27:35,0.002,1.43
ip_shuffle,20260622T232735_370267,of:000000000000000c:3 -> of:000000000000000d:3,0.002,0.0025,0.002,0.002,1.46,2026-06-22T23:27:35,0.002,1.46
ip_shuffle,20260622T232735_370267,of:0000000000000005:2 -> of:0000000000000009:3,0.001,0.00125,0.001,0.001,1.26,2026-06-22T23:27:35,0.001,1.26
ip_shuffle,20260622T232735_370267,of:0000000000000001:1 -> of:000000000000000b:1,0.002,0.0025,0.002,0.002,1.36,2026-06-22T23:27:35,0.002,1.4
ip_shuffle,20260622T232735_370267,of:000000000000000b:2 -> of:000000000000000c:2,0.002,0.0025,0.002,0.002,1.43,2026-06-22T23:27:35,0.002,1.43
ip_shuffle,20260622T232735_370267,of:0000000000000001:2 -> of:000000000000000c:1,0.002,0.0025,0.002,0.002,1.4,2026-06-22T23:27:35,0.001,1.36
ip_shuffle,20260622T232735_370267,of:0000000000000006:2 -> of:000000000000000a:2,0.001,0.00125,0.001,0.001,1.36,2026-06-22T23:27:35,0.001,1.36
ip_shuffle,20260622T232735_370267,of:0000000000000001:3 -> of:000000000000000d:1,0.002,0.0025,0.002,0.002,2.16,2026-06-22T23:27:35,0.002,2.03
ip_shuffle,20260622T232735_370267,of:0000000000000003:1 -> of:000000000000000b:5,0.001,0.00125,0.001,0.001,1.36,2026-06-22T23:27:35,0.001,1.36
ip_shuffle,20260622T232735_370267,of:0000000000000006:1 -> of:000000000000000d:4,0.002,0.0025,0.002,0.002,1.9,2026-06-22T23:27:35,0.002,1.93
ip_shuffle,20260622T232735_370267,of:0000000000000007:2 -> of:000000000000000a:3,0.001,0.00125,0.001,0.001,1.36,2026-06-22T23:27:35,0.001,1.36
ip_shuffle,20260622T232735_370267,of:0000000000000007:1 -> of:000000000000000d:5,0.001,0.00125,0.001,0.001,1.4,2026-06-22T23:27:35,0.001,1.4
ip_shuffle,20260622T232735_370267,of:0000000000000002:2 -> of:0000000000000008:2,0.001,0.00125,0.001,0.001,1.36,2026-06-22T23:27:35,0.001,1.36
ip_shuffle,20260622T232735_370267,of:0000000000000003:2 -> of:0000000000000008:3,0.001,0.00125,0.001,0.001,1.36,2026-06-22T23:27:35,0.001,1.36
ip_shuffle,20260622T232735_370267,of:0000000000000008:1 -> of:000000000000000b:6,0.001,0.00125,0.001,0.001,1.33,2026-06-22T23:27:35,0.001,1.3
ip_shuffle,20260622T232735_370267,of:0000000000000004:2 -> of:0000000000000009:2,0.001,0.00125,0.001,0.001,1.26,2026-06-22T23:27:35,0.001,1.26
ip_shuffle,20260622T232735_370267,of:0000000000000002:1 -> of:000000000000000b:4,0.002,0.0025,0.002,0.002,1.4,2026-06-22T23:27:35,0.002,1.36
ip_shuffle,20260622T232735_370267,of:0000000000000009:1 -> of:000000000000000c:6,0.001,0.00125,0.001,0.001,1.3,2026-06-22T23:27:35,0.001,1.33
ip_shuffle,20260622T232833_051745,of:0000000000000004:1 -> of:000000000000000c:4,0.002,0.0025,0.002,0.002,2.03,2026-06-22T23:28:33,0.002,2.1
ip_shuffle,20260622T232833_051745,of:0000000000000005:1 -> of:000000000000000c:5,0.002,0.0025,0.002,0.002,2.43,2026-06-22T23:28:33,0.002,2.49
ip_shuffle,20260622T232833_051745,of:000000000000000a:1 -> of:000000000000000d:6,0.002,0.0025,0.002,0.002,2.06,2026-06-22T23:28:33,0.002,2.1
ip_shuffle,20260622T232833_051745,of:000000000000000b:3 -> of:000000000000000d:2,0.002,0.0025,0.002,0.002,2.86,2026-06-22T23:28:33,0.002,2.86
ip_shuffle,20260622T232833_051745,of:000000000000000c:3 -> of:000000000000000d:3,0.002,0.0025,0.002,0.002,2.86,2026-06-22T23:28:33,0.002,2.86
ip_shuffle,20260622T232833_051745,of:0000000000000005:2 -> of:0000000000000009:3,0.002,0.0025,0.002,0.002,2.76,2026-06-22T23:28:33,0.002,2.76
ip_shuffle,20260622T232833_051745,of:0000000000000001:1 -> of:000000000000000b:1,0.002,0.0025,0.002,0.002,2.03,2026-06-22T23:28:33,0.002,1.96
ip_shuffle,20260622T232833_051745,of:000000000000000b:2 -> of:000000000000000c:2,0.002,0.0025,0.002,0.002,2.86,2026-06-22T23:28:33,0.002,2.86
ip_shuffle,20260622T232833_051745,of:0000000000000001:2 -> of:000000000000000c:1,0.002,0.0025,0.002,0.002,2.49,2026-06-22T23:28:33,0.002,2.43
ip_shuffle,20260622T232833_051745,of:0000000000000006:2 -> of:000000000000000a:2,0.002,0.0025,0.002,0.002,2.79,2026-06-22T23:28:33,0.002,2.79
ip_shuffle,20260622T232833_051745,of:0000000000000001:3 -> of:000000000000000d:1,0.004,0.005,0.004,0.003,4.39,2026-06-22T23:28:33,0.004,4.49
ip_shuffle,20260622T232833_051745,of:0000000000000003:1 -> of:000000000000000b:5,0.002,0.0025,0.002,0.002,1.96,2026-06-22T23:28:33,0.002,2.03
ip_shuffle,20260622T232833_051745,of:0000000000000006:1 -> of:000000000000000d:4,0.003,0.00375,0.003,0.003,3.46,2026-06-22T23:28:33,0.003,3.49
ip_shuffle,20260622T232833_051745,of:0000000000000007:2 -> of:000000000000000a:3,0.002,0.0025,0.002,0.002,2.79,2026-06-22T23:28:33,0.002,2.79
ip_shuffle,20260622T232833_051745,of:0000000000000007:1 -> of:000000000000000d:5,0.003,0.00375,0.003,0.003,3.46,2026-06-22T23:28:33,0.003,3.43
ip_shuffle,20260622T232833_051745,of:0000000000000002:2 -> of:0000000000000008:2,0.002,0.0025,0.002,0.002,2.69,2026-06-22T23:28:33,0.002,2.69
ip_shuffle,20260622T232833_051745,of:0000000000000003:2 -> of:0000000000000008:3,0.002,0.0025,0.002,0.002,2.69,2026-06-22T23:28:33,0.002,2.69
ip_shuffle,20260622T232833_051745,of:0000000000000008:1 -> of:000000000000000b:6,0.002,0.0025,0.002,0.002,2.06,2026-06-22T23:28:33,0.002,2.1
ip_shuffle,20260622T232833_051745,of:0000000000000004:2 -> of:0000000000000009:2,0.002,0.0025,0.002,0.002,2.76,2026-06-22T23:28:33,0.002,2.76
ip_shuffle,20260622T232833_051745,of:0000000000000002:1 -> of:000000000000000b:4,0.002,0.0025,0.002,0.002,1.96,2026-06-22T23:28:33,0.002,2.03
ip_shuffle,20260622T232833_051745,of:0000000000000009:1 -> of:000000000000000c:6,0.002,0.0025,0.002,0.002,2.06,2026-06-22T23:28:33,0.002,2.1
ip_shuffle,20260622T232930_926359,of:0000000000000004:1 -> of:000000000000000c:4,0.002,0.0025,0.002,0.002,2.0,2026-06-22T23:29:30,0.002,2.0
ip_shuffle,20260622T232930_926359,of:0000000000000005:1 -> of:000000000000000c:5,0.001,0.00125,0.001,0.001,1.46,2026-06-22T23:29:30,0.001,1.46
ip_shuffle,20260622T232930_926359,of:000000000000000a:1 -> of:000000000000000d:6,0.001,0.00125,0.001,0.001,1.4,2026-06-22T23:29:30,0.001,1.4
ip_shuffle,20260622T232930_926359,of:000000000000000b:3 -> of:000000000000000d:2,0.001,0.00125,0.001,0.001,1.6,2026-06-22T23:29:30,0.001,1.6
ip_shuffle,20260622T232930_926359,of:000000000000000c:3 -> of:000000000000000d:3,0.001,0.00125,0.001,0.001,1.6,2026-06-22T23:29:30,0.001,1.6
ip_shuffle,20260622T232930_926359,of:0000000000000005:2 -> of:0000000000000009:3,0.002,0.0025,0.002,0.002,1.66,2026-06-22T23:29:30,0.002,1.66
ip_shuffle,20260622T232930_926359,of:0000000000000001:1 -> of:000000000000000b:1,0.003,0.00375,0.003,0.003,3.49,2026-06-22T23:29:30,0.003,3.49
ip_shuffle,20260622T232930_926359,of:000000000000000b:2 -> of:000000000000000c:2,0.001,0.00125,0.001,0.001,1.6,2026-06-22T23:29:30,0.001,1.6
ip_shuffle,20260622T232930_926359,of:0000000000000001:2 -> of:000000000000000c:1,0.002,0.0025,0.002,0.002,1.93,2026-06-22T23:29:30,0.002,1.93
ip_shuffle,20260622T232930_926359,of:0000000000000006:2 -> of:000000000000000a:2,0.002,0.0025,0.002,0.002,1.66,2026-06-22T23:29:30,0.002,1.66
ip_shuffle,20260622T232930_926359,of:0000000000000001:3 -> of:000000000000000d:1,0.002,0.0025,0.002,0.002,1.73,2026-06-22T23:29:30,0.002,1.73
ip_shuffle,20260622T232930_926359,of:0000000000000003:1 -> of:000000000000000b:5,0.002,0.0025,0.002,0.002,2.5,2026-06-22T23:29:30,0.002,2.5
ip_shuffle,20260622T232930_926359,of:0000000000000006:1 -> of:000000000000000d:4,0.002,0.0025,0.002,0.002,1.66,2026-06-22T23:29:30,0.002,1.66
ip_shuffle,20260622T232930_926359,of:0000000000000007:2 -> of:000000000000000a:3,0.002,0.0025,0.002,0.002,1.66,2026-06-22T23:29:30,0.002,1.66
ip_shuffle,20260622T232930_926359,of:0000000000000007:1 -> of:000000000000000d:5,0.001,0.00125,0.001,0.001,1.46,2026-06-22T23:29:30,0.001,1.46
ip_shuffle,20260622T232930_926359,of:0000000000000002:2 -> of:0000000000000008:2,0.002,0.0025,0.002,0.002,1.73,2026-06-22T23:29:30,0.002,1.73
ip_shuffle,20260622T232930_926359,of:0000000000000003:2 -> of:0000000000000008:3,0.002,0.0025,0.002,0.002,1.73,2026-06-22T23:29:30,0.002,1.73
ip_shuffle,20260622T232930_926359,of:0000000000000008:1 -> of:000000000000000b:6,0.001,0.00125,0.001,0.001,1.46,2026-06-22T23:29:30,0.001,1.46
ip_shuffle,20260622T232930_926359,of:0000000000000004:2 -> of:0000000000000009:2,0.002,0.0025,0.002,0.002,1.66,2026-06-22T23:29:30,0.002,1.66
ip_shuffle,20260622T232930_926359,of:0000000000000002:1 -> of:000000000000000b:4,0.002,0.0025,0.002,0.002,2.5,2026-06-22T23:29:30,0.002,2.5
ip_shuffle,20260622T232930_926359,of:0000000000000009:1 -> of:000000000000000c:6,0.001,0.00125,0.001,0.001,1.4,2026-06-22T23:29:30,0.001,1.4
ip_shuffle,20260622T233028_610523,of:0000000000000004:1 -> of:000000000000000c:4,0.002,0.0025,0.002,0.002,1.86,2026-06-22T23:30:28,0.002,1.86
ip_shuffle,20260622T233028_610523,of:0000000000000005:1 -> of:000000000000000c:5,0.002,0.0025,0.002,0.002,1.86,2026-06-22T23:30:28,0.002,1.86
ip_shuffle,20260622T233028_610523,of:000000000000000a:1 -> of:000000000000000d:6,0.002,0.0025,0.002,0.002,1.93,2026-06-22T23:30:28,0.002,1.93
ip_shuffle,20260622T233028_610523,of:000000000000000b:3 -> of:000000000000000d:2,0.002,0.0025,0.002,0.002,2.53,2026-06-22T23:30:28,0.002,2.53
ip_shuffle,20260622T233028_610523,of:000000000000000c:3 -> of:000000000000000d:3,0.002,0.0025,0.002,0.002,2.53,2026-06-22T23:30:28,0.002,2.53
ip_shuffle,20260622T233028_610523,of:0000000000000005:2 -> of:0000000000000009:3,0.002,0.0025,0.002,0.002,2.46,2026-06-22T23:30:28,0.002,2.46
ip_shuffle,20260622T233028_610523,of:0000000000000001:1 -> of:000000000000000b:1,0.002,0.0025,0.002,0.002,1.93,2026-06-22T23:30:28,0.002,1.93
ip_shuffle,20260622T233028_610523,of:000000000000000b:2 -> of:000000000000000c:2,0.002,0.0025,0.002,0.002,2.53,2026-06-22T23:30:28,0.002,2.53
ip_shuffle,20260622T233028_610523,of:0000000000000001:2 -> of:000000000000000c:1,0.002,0.0025,0.002,0.002,1.93,2026-06-22T23:30:28,0.002,1.93
ip_shuffle,20260622T233028_610523,of:0000000000000006:2 -> of:000000000000000a:2,0.002,0.0025,0.002,0.002,2.46,2026-06-22T23:30:28,0.002,2.46
ip_shuffle,20260622T233028_610523,of:0000000000000001:3 -> of:000000000000000d:1,0.003,0.00375,0.003,0.003,3.39,2026-06-22T23:30:28,0.003,3.39
ip_shuffle,20260622T233028_610523,of:0000000000000003:1 -> of:000000000000000b:5,0.002,0.0025,0.002,0.002,1.93,2026-06-22T23:30:28,0.002,1.93
ip_shuffle,20260622T233028_610523,of:0000000000000006:1 -> of:000000000000000d:4,0.002,0.0025,0.002,0.002,2.13,2026-06-22T23:30:28,0.002,2.13
ip_shuffle,20260622T233028_610523,of:0000000000000007:2 -> of:000000000000000a:3,0.002,0.0025,0.002,0.002,2.46,2026-06-22T23:30:28,0.002,2.46
ip_shuffle,20260622T233028_610523,of:0000000000000007:1 -> of:000000000000000d:5,0.003,0.00375,0.003,0.003,3.32,2026-06-22T23:30:28,0.003,3.32
ip_shuffle,20260622T233028_610523,of:0000000000000002:2 -> of:0000000000000008:2,0.002,0.0025,0.002,0.002,2.46,2026-06-22T23:30:28,0.002,2.46
ip_shuffle,20260622T233028_610523,of:0000000000000003:2 -> of:0000000000000008:3,0.002,0.0025,0.002,0.002,2.46,2026-06-22T23:30:28,0.002,2.46
ip_shuffle,20260622T233028_610523,of:0000000000000008:1 -> of:000000000000000b:6,0.002,0.0025,0.002,0.002,1.86,2026-06-22T23:30:28,0.002,1.86
ip_shuffle,20260622T233028_610523,of:0000000000000004:2 -> of:0000000000000009:2,0.002,0.0025,0.002,0.002,2.46,2026-06-22T23:30:28,0.002,2.46
ip_shuffle,20260622T233028_610523,of:0000000000000002:1 -> of:000000000000000b:4,0.002,0.0025,0.002,0.002,1.93,2026-06-22T23:30:28,0.002,1.93
ip_shuffle,20260622T233028_610523,of:0000000000000009:1 -> of:000000000000000c:6,0.002,0.0025,0.002,0.002,1.93,2026-06-22T23:30:28,0.002,1.93
ip_shuffle,20260622T233126_502404,of:0000000000000004:1 -> of:000000000000000c:4,0.002,0.0025,0.002,0.002,2.36,2026-06-22T23:31:26,0.002,2.39
ip_shuffle,20260622T233126_502404,of:0000000000000005:1 -> of:000000000000000c:5,0.002,0.0025,0.002,0.002,2.36,2026-06-22T23:31:26,0.002,2.39
ip_shuffle,20260622T233126_502404,of:000000000000000a:1 -> of:000000000000000d:6,0.002,0.0025,0.002,0.002,1.53,2026-06-22T23:31:26,0.002,1.56
ip_shuffle,20260622T233126_502404,of:000000000000000b:3 -> of:000000000000000d:2,0.002,0.0025,0.002,0.002,1.83,2026-06-22T23:31:26,0.002,1.83
ip_shuffle,20260622T233126_502404,of:000000000000000c:3 -> of:000000000000000d:3,0.002,0.0025,0.002,0.002,1.83,2026-06-22T23:31:26,0.002,1.83
ip_shuffle,20260622T233126_502404,of:0000000000000005:2 -> of:0000000000000009:3,0.002,0.0025,0.002,0.002,1.83,2026-06-22T23:31:26,0.002,1.83
ip_shuffle,20260622T233126_502404,of:0000000000000001:1 -> of:000000000000000b:1,0.002,0.0025,0.002,0.002,2.76,2026-06-22T23:31:26,0.002,2.69
ip_shuffle,20260622T233126_502404,of:000000000000000b:2 -> of:000000000000000c:2,0.002,0.0025,0.002,0.002,1.86,2026-06-22T23:31:26,0.002,1.86
ip_shuffle,20260622T233126_502404,of:0000000000000001:2 -> of:000000000000000c:1,0.003,0.00375,0.003,0.003,3.16,2026-06-22T23:31:26,0.003,3.09
ip_shuffle,20260622T233126_502404,of:0000000000000006:2 -> of:000000000000000a:2,0.002,0.0025,0.002,0.002,1.83,2026-06-22T23:31:26,0.002,1.83
ip_shuffle,20260622T233126_502404,of:0000000000000001:3 -> of:000000000000000d:1,0.002,0.0025,0.002,0.002,1.7,2026-06-22T23:31:26,0.002,1.83
ip_shuffle,20260622T233126_502404,of:0000000000000003:1 -> of:000000000000000b:5,0.002,0.0025,0.002,0.002,2.49,2026-06-22T23:31:26,0.002,2.56
ip_shuffle,20260622T233126_502404,of:0000000000000006:1 -> of:000000000000000d:4,0.002,0.0025,0.002,0.002,1.96,2026-06-22T23:31:26,0.002,1.9
ip_shuffle,20260622T233126_502404,of:0000000000000007:2 -> of:000000000000000a:3,0.002,0.0025,0.002,0.002,1.83,2026-06-22T23:31:26,0.002,1.83
ip_shuffle,20260622T233126_502404,of:0000000000000007:1 -> of:000000000000000d:5,0.002,0.0025,0.002,0.001,1.5,2026-06-22T23:31:26,0.002,1.56
ip_shuffle,20260622T233126_502404,of:0000000000000002:2 -> of:0000000000000008:2,0.002,0.0025,0.002,0.002,1.76,2026-06-22T23:31:26,0.002,1.76
ip_shuffle,20260622T233126_502404,of:0000000000000003:2 -> of:0000000000000008:3,0.002,0.0025,0.002,0.002,1.73,2026-06-22T23:31:26,0.002,1.73
ip_shuffle,20260622T233126_502404,of:0000000000000008:1 -> of:000000000000000b:6,0.002,0.0025,0.002,0.002,1.6,2026-06-22T23:31:26,0.002,1.6
ip_shuffle,20260622T233126_502404,of:0000000000000004:2 -> of:0000000000000009:2,0.002,0.0025,0.002,0.002,1.83,2026-06-22T23:31:26,0.002,1.83
ip_shuffle,20260622T233126_502404,of:0000000000000002:1 -> of:000000000000000b:4,0.002,0.0025,0.002,0.002,1.6,2026-06-22T23:31:26,0.002,1.66
ip_shuffle,20260622T233126_502404,of:0000000000000009:1 -> of:000000000000000c:6,0.002,0.0025,0.002,0.002,1.6,2026-06-22T23:31:26,0.002,1.6
route_mutation,20260622T233224_260077,of:0000000000000004:1 -> of:000000000000000c:4,0.001,0.00125,0.001,0.001,1.36,2026-06-22T23:32:24,0.001,1.36
route_mutation,20260622T233224_260077,of:0000000000000005:1 -> of:000000000000000c:5,0.001,0.00125,0.001,0.001,1.36,2026-06-22T23:32:24,0.001,1.36
route_mutation,20260622T233224_260077,of:000000000000000a:1 -> of:000000000000000d:6,0.001,0.00125,0.001,0.001,1.36,2026-06-22T23:32:24,0.001,1.36
route_mutation,20260622T233224_260077,of:000000000000000b:3 -> of:000000000000000d:2,0.001,0.00125,0.001,0.001,1.46,2026-06-22T23:32:24,0.001,1.46
route_mutation,20260622T233224_260077,of:000000000000000c:3 -> of:000000000000000d:3,0.001,0.00125,0.001,0.001,1.46,2026-06-22T23:32:24,0.001,1.46
route_mutation,20260622T233224_260077,of:0000000000000005:2 -> of:0000000000000009:3,0.001,0.00125,0.001,0.001,1.46,2026-06-22T23:32:24,0.001,1.46
route_mutation,20260622T233224_260077,of:0000000000000001:1 -> of:000000000000000b:1,0.001,0.00125,0.001,0.001,1.36,2026-06-22T23:32:24,0.001,1.36
route_mutation,20260622T233224_260077,of:000000000000000b:2 -> of:000000000000000c:2,0.001,0.00125,0.001,0.001,1.4,2026-06-22T23:32:24,0.001,1.4
route_mutation,20260622T233224_260077,of:0000000000000001:2 -> of:000000000000000c:1,0.001,0.00125,0.001,0.001,1.36,2026-06-22T23:32:24,0.001,1.36
route_mutation,20260622T233224_260077,of:0000000000000006:2 -> of:000000000000000a:2,0.001,0.00125,0.001,0.001,1.46,2026-06-22T23:32:24,0.001,1.46
route_mutation,20260622T233224_260077,of:0000000000000001:3 -> of:000000000000000d:1,0.002,0.0025,0.002,0.002,1.7,2026-06-22T23:32:24,0.002,1.7
route_mutation,20260622T233224_260077,of:0000000000000003:1 -> of:000000000000000b:5,0.001,0.00125,0.001,0.001,1.36,2026-06-22T23:32:24,0.001,1.36
route_mutation,20260622T233224_260077,of:0000000000000006:1 -> of:000000000000000d:4,0.002,0.0025,0.002,0.002,1.43,2026-06-22T23:32:24,0.002,1.43
route_mutation,20260622T233224_260077,of:0000000000000007:2 -> of:000000000000000a:3,0.001,0.00125,0.001,0.001,1.46,2026-06-22T23:32:24,0.001,1.46
route_mutation,20260622T233224_260077,of:0000000000000007:1 -> of:000000000000000d:5,0.002,0.0025,0.002,0.002,1.66,2026-06-22T23:32:24,0.002,1.66
route_mutation,20260622T233224_260077,of:0000000000000002:2 -> of:0000000000000008:2,0.001,0.00125,0.001,0.001,1.46,2026-06-22T23:32:24,0.001,1.46
route_mutation,20260622T233224_260077,of:0000000000000003:2 -> of:0000000000000008:3,0.001,0.00125,0.001,0.001,1.46,2026-06-22T23:32:24,0.001,1.46
route_mutation,20260622T233224_260077,of:0000000000000008:1 -> of:000000000000000b:6,0.001,0.00125,0.001,0.001,1.3,2026-06-22T23:32:24,0.001,1.3
route_mutation,20260622T233224_260077,of:0000000000000004:2 -> of:0000000000000009:2,0.001,0.00125,0.001,0.001,1.46,2026-06-22T23:32:24,0.001,1.46
route_mutation,20260622T233224_260077,of:0000000000000002:1 -> of:000000000000000b:4,0.001,0.00125,0.001,0.001,1.36,2026-06-22T23:32:24,0.001,1.36
route_mutation,20260622T233224_260077,of:0000000000000009:1 -> of:000000000000000c:6,0.001,0.00125,0.001,0.001,1.3,2026-06-22T23:32:24,0.001,1.3
route_mutation,20260622T233254_610724,of:0000000000000004:1 -> of:000000000000000c:4,0.002,0.0025,0.002,0.002,1.93,2026-06-22T23:32:54,0.002,1.93
route_mutation,20260622T233254_610724,of:0000000000000005:1 -> of:000000000000000c:5,0.002,0.0025,0.002,0.002,1.53,2026-06-22T23:32:54,0.002,1.53
route_mutation,20260622T233254_610724,of:000000000000000a:1 -> of:000000000000000d:6,0.001,0.00125,0.001,0.001,1.46,2026-06-22T23:32:54,0.001,1.46
route_mutation,20260622T233254_610724,of:000000000000000b:3 -> of:000000000000000d:2,0.002,0.0025,0.002,0.002,1.66,2026-06-22T23:32:54,0.002,1.66
route_mutation,20260622T233254_610724,of:000000000000000c:3 -> of:000000000000000d:3,0.002,0.0025,0.002,0.002,1.66,2026-06-22T23:32:54,0.002,1.66
route_mutation,20260622T233254_610724,of:0000000000000005:2 -> of:0000000000000009:3,0.002,0.0025,0.002,0.002,1.73,2026-06-22T23:32:54,0.002,1.73
route_mutation,20260622T233254_610724,of:0000000000000001:1 -> of:000000000000000b:1,0.003,0.00375,0.003,0.003,3.49,2026-06-22T23:32:54,0.003,3.49
route_mutation,20260622T233254_610724,of:000000000000000b:2 -> of:000000000000000c:2,0.002,0.0025,0.002,0.002,1.73,2026-06-22T23:32:54,0.002,1.73
route_mutation,20260622T233254_610724,of:0000000000000001:2 -> of:000000000000000c:1,0.002,0.0025,0.002,0.002,1.8,2026-06-22T23:32:54,0.002,1.8
route_mutation,20260622T233254_610724,of:0000000000000006:2 -> of:000000000000000a:2,0.002,0.0025,0.002,0.002,1.73,2026-06-22T23:32:54,0.002,1.73
route_mutation,20260622T233254_610724,of:0000000000000001:3 -> of:000000000000000d:1,0.001,0.00125,0.001,0.001,1.4,2026-06-22T23:32:54,0.001,1.4
route_mutation,20260622T233254_610724,of:0000000000000003:1 -> of:000000000000000b:5,0.002,0.0025,0.002,0.002,2.53,2026-06-22T23:32:54,0.002,2.53
route_mutation,20260622T233254_610724,of:0000000000000006:1 -> of:000000000000000d:4,0.001,0.00125,0.001,0.001,1.46,2026-06-22T23:32:54,0.001,1.46
route_mutation,20260622T233254_610724,of:0000000000000007:2 -> of:000000000000000a:3,0.002,0.0025,0.002,0.002,1.73,2026-06-22T23:32:54,0.002,1.73
route_mutation,20260622T233254_610724,of:0000000000000007:1 -> of:000000000000000d:5,0.001,0.00125,0.001,0.001,1.46,2026-06-22T23:32:54,0.001,1.46
route_mutation,20260622T233254_610724,of:0000000000000002:2 -> of:0000000000000008:2,0.002,0.0025,0.002,0.002,1.73,2026-06-22T23:32:54,0.002,1.73
route_mutation,20260622T233254_610724,of:0000000000000003:2 -> of:0000000000000008:3,0.002,0.0025,0.002,0.002,1.73,2026-06-22T23:32:54,0.002,1.73
route_mutation,20260622T233254_610724,of:0000000000000008:1 -> of:000000000000000b:6,0.002,0.0025,0.002,0.002,1.53,2026-06-22T23:32:54,0.002,1.53
route_mutation,20260622T233254_610724,of:0000000000000004:2 -> of:0000000000000009:2,0.002,0.0025,0.002,0.002,1.73,2026-06-22T23:32:54,0.002,1.73
route_mutation,20260622T233254_610724,of:0000000000000002:1 -> of:000000000000000b:4,0.002,0.0025,0.002,0.002,2.56,2026-06-22T23:32:54,0.002,2.56
route_mutation,20260622T233254_610724,of:0000000000000009:1 -> of:000000000000000c:6,0.002,0.0025,0.002,0.002,1.53,2026-06-22T23:32:54,0.002,1.53
ip_shuffle,20260622T233325_015100,of:0000000000000004:1 -> of:000000000000000c:4,0.002,0.0025,0.002,0.002,2.2,2026-06-22T23:33:25,0.002,2.26
ip_shuffle,20260622T233325_015100,of:0000000000000005:1 -> of:000000000000000c:5,0.002,0.0025,0.002,0.002,2.59,2026-06-22T23:33:25,0.002,2.66
ip_shuffle,20260622T233325_015100,of:000000000000000a:1 -> of:000000000000000d:6,0.002,0.0025,0.002,0.002,1.9,2026-06-22T23:33:25,0.002,1.93
ip_shuffle,20260622T233325_015100,of:000000000000000b:3 -> of:000000000000000d:2,0.002,0.0025,0.002,0.002,2.53,2026-06-22T23:33:25,0.002,2.49
ip_shuffle,20260622T233325_015100,of:000000000000000c:3 -> of:000000000000000d:3,0.002,0.0025,0.002,0.002,2.53,2026-06-22T23:33:25,0.002,2.53
ip_shuffle,20260622T233325_015100,of:0000000000000005:2 -> of:0000000000000009:3,0.002,0.0025,0.002,0.002,2.36,2026-06-22T23:33:25,0.002,2.36
ip_shuffle,20260622T233325_015100,of:0000000000000001:1 -> of:000000000000000b:1,0.002,0.0025,0.002,0.002,1.96,2026-06-22T23:33:25,0.002,1.9
ip_shuffle,20260622T233325_015100,of:000000000000000b:2 -> of:000000000000000c:2,0.002,0.0025,0.002,0.002,2.49,2026-06-22T23:33:25,0.002,2.49
ip_shuffle,20260622T233325_015100,of:0000000000000001:2 -> of:000000000000000c:1,0.003,0.00375,0.003,0.003,3.19,2026-06-22T23:33:25,0.003,3.13
ip_shuffle,20260622T233325_015100,of:0000000000000006:2 -> of:000000000000000a:2,0.002,0.0025,0.002,0.002,2.39,2026-06-22T23:33:25,0.002,2.39
ip_shuffle,20260622T233325_015100,of:0000000000000001:3 -> of:000000000000000d:1,0.003,0.00375,0.003,0.003,3.29,2026-06-22T23:33:25,0.003,3.36
ip_shuffle,20260622T233325_015100,of:0000000000000003:1 -> of:000000000000000b:5,0.002,0.0025,0.002,0.002,1.83,2026-06-22T23:33:25,0.002,1.86
ip_shuffle,20260622T233325_015100,of:0000000000000006:1 -> of:000000000000000d:4,0.003,0.00375,0.003,0.003,3.03,2026-06-22T23:33:25,0.003,3.06
ip_shuffle,20260622T233325_015100,of:0000000000000007:2 -> of:000000000000000a:3,0.002,0.0025,0.002,0.002,2.39,2026-06-22T23:33:25,0.002,2.39
ip_shuffle,20260622T233325_015100,of:0000000000000007:1 -> of:000000000000000d:5,0.002,0.0025,0.002,0.002,2.13,2026-06-22T23:33:25,0.002,2.1
ip_shuffle,20260622T233325_015100,of:0000000000000002:2 -> of:0000000000000008:2,0.002,0.0025,0.002,0.002,2.36,2026-06-22T23:33:25,0.002,2.36
ip_shuffle,20260622T233325_015100,of:0000000000000003:2 -> of:0000000000000008:3,0.002,0.0025,0.002,0.002,2.36,2026-06-22T23:33:25,0.002,2.36
ip_shuffle,20260622T233325_015100,of:0000000000000008:1 -> of:000000000000000b:6,0.002,0.0025,0.002,0.002,1.9,2026-06-22T23:33:25,0.002,1.9
ip_shuffle,20260622T233325_015100,of:0000000000000004:2 -> of:0000000000000009:2,0.002,0.0025,0.002,0.002,2.36,2026-06-22T23:33:25,0.002,2.36
ip_shuffle,20260622T233325_015100,of:0000000000000002:1 -> of:000000000000000b:4,0.002,0.0025,0.002,0.002,1.8,2026-06-22T23:33:25,0.002,1.83
ip_shuffle,20260622T233325_015100,of:0000000000000009:1 -> of:000000000000000c:6,0.002,0.0025,0.002,0.002,1.9,2026-06-22T23:33:25,0.002,1.93
route_mutation,20260622T233429_233904,of:0000000000000004:1 -> of:000000000000000c:4,0.002,0.0025,0.002,0.002,1.43,2026-06-22T23:34:29,0.002,1.43
route_mutation,20260622T233429_233904,of:0000000000000005:1 -> of:000000000000000c:5,0.002,0.0025,0.002,0.002,1.43,2026-06-22T23:34:29,0.002,1.43
route_mutation,20260622T233429_233904,of:000000000000000a:1 -> of:000000000000000d:6,0.001,0.00125,0.001,0.001,1.36,2026-06-22T23:34:29,0.001,1.36
route_mutation,20260622T233429_233904,of:000000000000000b:3 -> of:000000000000000d:2,0.001,0.00125,0.001,0.001,1.46,2026-06-22T23:34:29,0.001,1.46
route_mutation,20260622T233429_233904,of:000000000000000c:3 -> of:000000000000000d:3,0.001,0.00125,0.001,0.001,1.46,2026-06-22T23:34:29,0.001,1.46
route_mutation,20260622T233429_233904,of:0000000000000005:2 -> of:0000000000000009:3,0.002,0.0025,0.002,0.002,1.53,2026-06-22T23:34:29,0.002,1.53
route_mutation,20260622T233429_233904,of:0000000000000001:1 -> of:000000000000000b:1,0.003,0.00375,0.003,0.003,2.99,2026-06-22T23:34:29,0.003,3.03
route_mutation,20260622T233429_233904,of:000000000000000b:2 -> of:000000000000000c:2,0.002,0.0025,0.002,0.002,1.53,2026-06-22T23:34:29,0.002,1.53
route_mutation,20260622T233429_233904,of:0000000000000001:2 -> of:000000000000000c:1,0.001,0.00125,0.001,0.001,1.36,2026-06-22T23:34:29,0.001,1.36
route_mutation,20260622T233429_233904,of:0000000000000006:2 -> of:000000000000000a:2,0.002,0.0025,0.002,0.002,1.53,2026-06-22T23:34:29,0.002,1.53
route_mutation,20260622T233429_233904,of:0000000000000001:3 -> of:000000000000000d:1,0.001,0.00125,0.001,0.001,1.4,2026-06-22T23:34:29,0.001,1.4
route_mutation,20260622T233429_233904,of:0000000000000003:1 -> of:000000000000000b:5,0.002,0.0025,0.002,0.002,2.1,2026-06-22T23:34:29,0.002,2.1
route_mutation,20260622T233429_233904,of:0000000000000006:1 -> of:000000000000000d:4,0.001,0.00125,0.001,0.001,1.36,2026-06-22T23:34:29,0.001,1.36
route_mutation,20260622T233429_233904,of:0000000000000007:2 -> of:000000000000000a:3,0.002,0.0025,0.002,0.002,1.53,2026-06-22T23:34:29,0.002,1.53
route_mutation,20260622T233429_233904,of:0000000000000007:1 -> of:000000000000000d:5,0.001,0.00125,0.001,0.001,1.43,2026-06-22T23:34:29,0.001,1.43
route_mutation,20260622T233429_233904,of:0000000000000002:2 -> of:0000000000000008:2,0.002,0.0025,0.002,0.002,1.53,2026-06-22T23:34:29,0.002,1.53
route_mutation,20260622T233429_233904,of:0000000000000003:2 -> of:0000000000000008:3,0.002,0.0025,0.002,0.002,1.53,2026-06-22T23:34:29,0.002,1.53
route_mutation,20260622T233429_233904,of:0000000000000008:1 -> of:000000000000000b:6,0.002,0.0025,0.002,0.002,1.43,2026-06-22T23:34:29,0.002,1.43
route_mutation,20260622T233429_233904,of:0000000000000004:2 -> of:0000000000000009:2,0.002,0.0025,0.002,0.002,1.53,2026-06-22T23:34:29,0.002,1.53
route_mutation,20260622T233429_233904,of:0000000000000002:1 -> of:000000000000000b:4,0.002,0.0025,0.002,0.002,2.46,2026-06-22T23:34:29,0.002,2.46
route_mutation,20260622T233429_233904,of:0000000000000009:1 -> of:000000000000000c:6,0.002,0.0025,0.002,0.002,1.43,2026-06-22T23:34:29,0.002,1.43
route_mutation,20260622T233459_691870,of:0000000000000004:1 -> of:000000000000000c:4,0.002,0.0025,0.002,0.002,2.46,2026-06-22T23:34:59,0.002,2.49
route_mutation,20260622T233459_691870,of:0000000000000005:1 -> of:000000000000000c:5,0.002,0.0025,0.002,0.002,2.46,2026-06-22T23:34:59,0.002,2.49
route_mutation,20260622T233459_691870,of:000000000000000a:1 -> of:000000000000000d:6,0.002,0.0025,0.002,0.002,1.76,2026-06-22T23:34:59,0.002,1.79
route_mutation,20260622T233459_691870,of:000000000000000b:3 -> of:000000000000000d:2,0.002,0.0025,0.002,0.002,2.23,2026-06-22T23:34:59,0.002,2.23
route_mutation,20260622T233459_691870,of:000000000000000c:3 -> of:000000000000000d:3,0.002,0.0025,0.002,0.002,2.23,2026-06-22T23:34:59,0.002,2.23
route_mutation,20260622T233459_691870,of:0000000000000005:2 -> of:0000000000000009:3,0.002,0.0025,0.002,0.002,2.09,2026-06-22T23:34:59,0.002,2.09
route_mutation,20260622T233459_691870,of:0000000000000001:1 -> of:000000000000000b:1,0.002,0.0025,0.002,0.002,2.19,2026-06-22T23:34:59,0.002,2.09
route_mutation,20260622T233459_691870,of:000000000000000b:2 -> of:000000000000000c:2,0.002,0.0025,0.002,0.002,2.19,2026-06-22T23:34:59,0.002,2.19
route_mutation,20260622T233459_691870,of:0000000000000001:2 -> of:000000000000000c:1,0.003,0.00375,0.003,0.003,3.36,2026-06-22T23:34:59,0.003,3.29
route_mutation,20260622T233459_691870,of:0000000000000006:2 -> of:000000000000000a:2,0.002,0.0025,0.002,0.002,2.09,2026-06-22T23:34:59,0.002,2.09
route_mutation,20260622T233459_691870,of:0000000000000001:3 -> of:000000000000000d:1,0.002,0.0025,0.002,0.002,2.59,2026-06-22T23:34:59,0.002,2.72
route_mutation,20260622T233459_691870,of:0000000000000003:1 -> of:000000000000000b:5,0.002,0.0025,0.002,0.002,2.03,2026-06-22T23:34:59,0.002,2.06
route_mutation,20260622T233459_691870,of:0000000000000006:1 -> of:000000000000000d:4,0.002,0.0025,0.002,0.002,2.66,2026-06-22T23:34:59,0.002,2.56
route_mutation,20260622T233459_691870,of:0000000000000007:2 -> of:000000000000000a:3,0.002,0.0025,0.002,0.002,2.16,2026-06-22T23:34:59,0.002,2.16
route_mutation,20260622T233459_691870,of:0000000000000007:1 -> of:000000000000000d:5,0.002,0.0025,0.002,0.002,1.73,2026-06-22T23:34:59,0.002,1.79
route_mutation,20260622T233459_691870,of:0000000000000002:2 -> of:0000000000000008:2,0.002,0.0025,0.002,0.002,2.09,2026-06-22T23:34:59,0.002,2.09
route_mutation,20260622T233459_691870,of:0000000000000003:2 -> of:0000000000000008:3,0.002,0.0025,0.002,0.002,2.09,2026-06-22T23:34:59,0.002,2.09
route_mutation,20260622T233459_691870,of:0000000000000008:1 -> of:000000000000000b:6,0.002,0.0025,0.002,0.002,1.76,2026-06-22T23:34:59,0.002,1.76
route_mutation,20260622T233459_691870,of:0000000000000004:2 -> of:0000000000000009:2,0.002,0.0025,0.002,0.002,2.09,2026-06-22T23:34:59,0.002,2.09
route_mutation,20260622T233459_691870,of:0000000000000002:1 -> of:000000000000000b:4,0.002,0.0025,0.002,0.002,1.66,2026-06-22T23:34:59,0.002,1.69
route_mutation,20260622T233459_691870,of:0000000000000009:1 -> of:000000000000000c:6,0.002,0.0025,0.002,0.002,1.76,2026-06-22T23:34:59,0.002,1.76
ip_shuffle,20260622T233530_038734,of:0000000000000004:1 -> of:000000000000000c:4,0.002,0.0025,0.002,0.002,1.96,2026-06-22T23:35:30,0.002,1.93
ip_shuffle,20260622T233530_038734,of:0000000000000005:1 -> of:000000000000000c:5,0.002,0.0025,0.002,0.002,1.96,2026-06-22T23:35:30,0.002,1.93
ip_shuffle,20260622T233530_038734,of:000000000000000a:1 -> of:000000000000000d:6,0.002,0.0025,0.002,0.002,1.93,2026-06-22T23:35:30,0.002,1.9
ip_shuffle,20260622T233530_038734,of:000000000000000b:3 -> of:000000000000000d:2,0.002,0.0025,0.002,0.002,2.56,2026-06-22T23:35:30,0.002,2.56
ip_shuffle,20260622T233530_038734,of:000000000000000c:3 -> of:000000000000000d:3,0.002,0.0025,0.002,0.002,2.56,2026-06-22T23:35:30,0.002,2.56
ip_shuffle,20260622T233530_038734,of:0000000000000005:2 -> of:0000000000000009:3,0.002,0.0025,0.002,0.002,2.63,2026-06-22T23:35:30,0.002,2.63
ip_shuffle,20260622T233530_038734,of:0000000000000001:1 -> of:000000000000000b:1,0.002,0.0025,0.002,0.002,1.93,2026-06-22T23:35:30,0.002,2.0
ip_shuffle,20260622T233530_038734,of:000000000000000b:2 -> of:000000000000000c:2,0.002,0.0025,0.002,0.002,2.53,2026-06-22T23:35:30,0.002,2.53
ip_shuffle,20260622T233530_038734,of:0000000000000001:2 -> of:000000000000000c:1,0.002,0.0025,0.002,0.002,1.93,2026-06-22T23:35:30,0.002,2.0
ip_shuffle,20260622T233530_038734,of:0000000000000006:2 -> of:000000000000000a:2,0.002,0.0025,0.002,0.002,2.63,2026-06-22T23:35:30,0.002,2.63
ip_shuffle,20260622T233530_038734,of:0000000000000001:3 -> of:000000000000000d:1,0.003,0.00375,0.003,0.003,3.76,2026-06-22T23:35:30,0.003,3.63
ip_shuffle,20260622T233530_038734,of:0000000000000003:1 -> of:000000000000000b:5,0.002,0.0025,0.002,0.002,1.96,2026-06-22T23:35:30,0.002,1.93
ip_shuffle,20260622T233530_038734,of:0000000000000006:1 -> of:000000000000000d:4,0.002,0.0025,0.002,0.002,2.23,2026-06-22T23:35:30,0.002,2.33
ip_shuffle,20260622T233530_038734,of:0000000000000007:2 -> of:000000000000000a:3,0.002,0.0025,0.002,0.002,2.56,2026-06-22T23:35:30,0.002,2.56
ip_shuffle,20260622T233530_038734,of:0000000000000007:1 -> of:000000000000000d:5,0.003,0.00375,0.003,0.003,3.36,2026-06-22T23:35:30,0.003,3.3
ip_shuffle,20260622T233530_038734,of:0000000000000002:2 -> of:0000000000000008:2,0.002,0.0025,0.002,0.002,2.63,2026-06-22T23:35:30,0.002,2.63
ip_shuffle,20260622T233530_038734,of:0000000000000003:2 -> of:0000000000000008:3,0.002,0.0025,0.002,0.002,2.63,2026-06-22T23:35:30,0.002,2.63
ip_shuffle,20260622T233530_038734,of:0000000000000008:1 -> of:000000000000000b:6,0.002,0.0025,0.002,0.002,1.86,2026-06-22T23:35:30,0.002,1.86
ip_shuffle,20260622T233530_038734,of:0000000000000004:2 -> of:0000000000000009:2,0.002,0.0025,0.002,0.002,2.63,2026-06-22T23:35:30,0.002,2.63
ip_shuffle,20260622T233530_038734,of:0000000000000002:1 -> of:000000000000000b:4,0.002,0.0025,0.002,0.002,1.96,2026-06-22T23:35:30,0.002,1.93
ip_shuffle,20260622T233530_038734,of:0000000000000009:1 -> of:000000000000000c:6,0.002,0.0025,0.002,0.002,1.86,2026-06-22T23:35:30,0.002,1.86
ip_shuffle,20260622T233640_997403,of:0000000000000004:1 -> of:000000000000000c:4,0.002,0.0025,0.002,0.002,2.33,2026-06-22T23:36:40,0.002,2.36
ip_shuffle,20260622T233640_997403,of:0000000000000005:1 -> of:000000000000000c:5,0.002,0.0025,0.002,0.002,2.33,2026-06-22T23:36:40,0.002,2.36
ip_shuffle,20260622T233640_997403,of:000000000000000a:1 -> of:000000000000000d:6,0.002,0.0025,0.002,0.002,1.63,2026-06-22T23:36:40,0.002,1.66
ip_shuffle,20260622T233640_997403,of:000000000000000b:3 -> of:000000000000000d:2,0.002,0.0025,0.002,0.002,1.96,2026-06-22T23:36:40,0.002,1.96
ip_shuffle,20260622T233640_997403,of:000000000000000c:3 -> of:000000000000000d:3,0.002,0.0025,0.002,0.002,1.96,2026-06-22T23:36:40,0.002,1.96
ip_shuffle,20260622T233640_997403,of:0000000000000005:2 -> of:0000000000000009:3,0.002,0.0025,0.002,0.002,1.83,2026-06-22T23:36:40,0.002,1.83
ip_shuffle,20260622T233640_997403,of:0000000000000001:1 -> of:000000000000000b:1,0.002,0.0025,0.002,0.002,2.66,2026-06-22T23:36:40,0.002,2.73
ip_shuffle,20260622T233640_997403,of:000000000000000b:2 -> of:000000000000000c:2,0.002,0.0025,0.002,0.002,1.93,2026-06-22T23:36:40,0.002,1.93
ip_shuffle,20260622T233640_997403,of:0000000000000001:2 -> of:000000000000000c:1,0.003,0.00375,0.003,0.003,3.23,2026-06-22T23:36:40,0.003,3.3
ip_shuffle,20260622T233640_997403,of:0000000000000006:2 -> of:000000000000000a:2,0.002,0.0025,0.002,0.002,1.83,2026-06-22T23:36:40,0.002,1.83
ip_shuffle,20260622T233640_997403,of:0000000000000001:3 -> of:000000000000000d:1,0.003,0.00375,0.003,0.003,3.36,2026-06-22T23:36:40,0.003,3.26
ip_shuffle,20260622T233640_997403,of:0000000000000003:1 -> of:000000000000000b:5,0.002,0.0025,0.002,0.002,2.63,2026-06-22T23:36:40,0.002,2.6
ip_shuffle,20260622T233640_997403,of:0000000000000006:1 -> of:000000000000000d:4,0.002,0.0025,0.002,0.002,2.43,2026-06-22T23:36:40,0.002,2.33
ip_shuffle,20260622T233640_997403,of:0000000000000007:2 -> of:000000000000000a:3,0.002,0.0025,0.002,0.002,1.9,2026-06-22T23:36:40,0.002,1.9
ip_shuffle,20260622T233640_997403,of:0000000000000007:1 -> of:000000000000000d:5,0.002,0.0025,0.002,0.002,2.4,2026-06-22T23:36:40,0.002,2.46
ip_shuffle,20260622T233640_997403,of:0000000000000002:2 -> of:0000000000000008:2,0.002,0.0025,0.002,0.002,1.9,2026-06-22T23:36:40,0.002,1.9
ip_shuffle,20260622T233640_997403,of:0000000000000003:2 -> of:0000000000000008:3,0.002,0.0025,0.002,0.002,1.9,2026-06-22T23:36:40,0.002,1.9
ip_shuffle,20260622T233640_997403,of:0000000000000008:1 -> of:000000000000000b:6,0.002,0.0025,0.002,0.002,1.63,2026-06-22T23:36:40,0.002,1.63
ip_shuffle,20260622T233640_997403,of:0000000000000004:2 -> of:0000000000000009:2,0.002,0.0025,0.002,0.002,1.83,2026-06-22T23:36:40,0.002,1.83
ip_shuffle,20260622T233640_997403,of:0000000000000002:1 -> of:000000000000000b:4,0.002,0.0025,0.002,0.002,1.86,2026-06-22T23:36:40,0.002,1.83
ip_shuffle,20260622T233640_997403,of:0000000000000009:1 -> of:000000000000000c:6,0.002,0.0025,0.002,0.002,1.63,2026-06-22T23:36:40,0.002,1.63
route_mutation,20260622T233738_890233,of:0000000000000004:1 -> of:000000000000000c:4,0.002,0.0025,0.002,0.002,1.43,2026-06-22T23:37:38,0.002,1.46
route_mutation,20260622T233738_890233,of:0000000000000005:1 -> of:000000000000000c:5,0.002,0.0025,0.002,0.002,1.43,2026-06-22T23:37:38,0.002,1.46
route_mutation,20260622T233738_890233,of:000000000000000a:1 -> of:000000000000000d:6,0.001,0.00125,0.001,0.001,1.4,2026-06-22T23:37:38,0.001,1.4
route_mutation,20260622T233738_890233,of:000000000000000b:3 -> of:000000000000000d:2,0.002,0.0025,0.002,0.002,1.53,2026-06-22T23:37:38,0.002,1.53
route_mutation,20260622T233738_890233,of:000000000000000c:3 -> of:000000000000000d:3,0.002,0.0025,0.002,0.002,1.53,2026-06-22T23:37:38,0.002,1.53
route_mutation,20260622T233738_890233,of:0000000000000005:2 -> of:0000000000000009:3,0.002,0.0025,0.002,0.002,1.56,2026-06-22T23:37:38,0.002,1.56
route_mutation,20260622T233738_890233,of:0000000000000001:1 -> of:000000000000000b:1,0.002,0.0025,0.002,0.002,1.8,2026-06-22T23:37:38,0.002,1.7
route_mutation,20260622T233738_890233,of:000000000000000b:2 -> of:000000000000000c:2,0.002,0.0025,0.002,0.002,1.6,2026-06-22T23:37:38,0.002,1.6
route_mutation,20260622T233738_890233,of:0000000000000001:2 -> of:000000000000000c:1,0.002,0.0025,0.002,0.002,1.46,2026-06-22T23:37:38,0.002,1.43
route_mutation,20260622T233738_890233,of:0000000000000006:2 -> of:000000000000000a:2,0.002,0.0025,0.002,0.002,1.56,2026-06-22T23:37:38,0.002,1.56
route_mutation,20260622T233738_890233,of:0000000000000001:3 -> of:000000000000000d:1,0.002,0.0025,0.002,0.002,2.03,2026-06-22T23:37:38,0.002,2.0
route_mutation,20260622T233738_890233,of:0000000000000003:1 -> of:000000000000000b:5,0.002,0.0025,0.002,0.002,1.43,2026-06-22T23:37:38,0.002,1.46
route_mutation,20260622T233738_890233,of:0000000000000006:1 -> of:000000000000000d:4,0.001,0.00125,0.001,0.001,1.36,2026-06-22T23:37:38,0.001,1.4
route_mutation,20260622T233738_890233,of:0000000000000007:2 -> of:000000000000000a:3,0.002,0.0025,0.002,0.002,1.56,2026-06-22T23:37:38,0.002,1.56
route_mutation,20260622T233738_890233,of:0000000000000007:1 -> of:000000000000000d:5,0.002,0.0025,0.002,0.002,2.03,2026-06-22T23:37:38,0.002,2.06
route_mutation,20260622T233738_890233,of:0000000000000002:2 -> of:0000000000000008:2,0.002,0.0025,0.002,0.002,1.56,2026-06-22T23:37:38,0.002,1.56
route_mutation,20260622T233738_890233,of:0000000000000003:2 -> of:0000000000000008:3,0.002,0.0025,0.002,0.002,1.56,2026-06-22T23:37:38,0.002,1.56
route_mutation,20260622T233738_890233,of:0000000000000008:1 -> of:000000000000000b:6,0.002,0.0025,0.002,0.002,1.46,2026-06-22T23:37:38,0.002,1.46
route_mutation,20260622T233738_890233,of:0000000000000004:2 -> of:0000000000000009:2,0.002,0.0025,0.002,0.002,1.56,2026-06-22T23:37:38,0.002,1.56
route_mutation,20260622T233738_890233,of:0000000000000002:1 -> of:000000000000000b:4,0.002,0.0025,0.002,0.002,1.56,2026-06-22T23:37:38,0.002,1.53
route_mutation,20260622T233738_890233,of:0000000000000009:1 -> of:000000000000000c:6,0.002,0.0025,0.002,0.002,1.46,2026-06-22T23:37:38,0.002,1.46
route_mutation,20260622T233809_364585,of:0000000000000004:1 -> of:000000000000000c:4,0.002,0.0025,0.002,0.002,2.2,2026-06-22T23:38:09,0.002,2.16
route_mutation,20260622T233809_364585,of:0000000000000005:1 -> of:000000000000000c:5,0.002,0.0025,0.002,0.002,2.06,2026-06-22T23:38:09,0.002,2.0
route_mutation,20260622T233809_364585,of:000000000000000a:1 -> of:000000000000000d:6,0.002,0.0025,0.002,0.002,1.43,2026-06-22T23:38:09,0.002,1.43
route_mutation,20260622T233809_364585,of:000000000000000b:3 -> of:000000000000000d:2,0.002,0.0025,0.002,0.002,1.53,2026-06-22T23:38:09,0.002,1.53
route_mutation,20260622T233809_364585,of:000000000000000c:3 -> of:000000000000000d:3,0.002,0.0025,0.002,0.002,1.53,2026-06-22T23:38:09,0.002,1.53
route_mutation,20260622T233809_364585,of:0000000000000005:2 -> of:0000000000000009:3,0.001,0.00125,0.001,0.001,1.5,2026-06-22T23:38:09,0.001,1.5
route_mutation,20260622T233809_364585,of:0000000000000001:1 -> of:000000000000000b:1,0.003,0.00375,0.003,0.003,3.16,2026-06-22T23:38:09,0.003,3.26
route_mutation,20260622T233809_364585,of:000000000000000b:2 -> of:000000000000000c:2,0.002,0.0025,0.002,0.002,1.53,2026-06-22T23:38:09,0.002,1.53
route_mutation,20260622T233809_364585,of:0000000000000001:2 -> of:000000000000000c:1,0.003,0.00375,0.003,0.003,3.0,2026-06-22T23:38:09,0.003,3.03
route_mutation,20260622T233809_364585,of:0000000000000006:2 -> of:000000000000000a:2,0.002,0.0025,0.002,0.002,1.56,2026-06-22T23:38:09,0.002,1.56
route_mutation,20260622T233809_364585,of:0000000000000001:3 -> of:000000000000000d:1,0.002,0.0025,0.002,0.002,1.53,2026-06-22T23:38:09,0.002,1.53
route_mutation,20260622T233809_364585,of:0000000000000003:1 -> of:000000000000000b:5,0.002,0.0025,0.002,0.002,2.43,2026-06-22T23:38:09,0.002,2.4
route_mutation,20260622T233809_364585,of:0000000000000006:1 -> of:000000000000000d:4,0.002,0.0025,0.002,0.002,1.46,2026-06-22T23:38:09,0.002,1.43
route_mutation,20260622T233809_364585,of:0000000000000007:2 -> of:000000000000000a:3,0.002,0.0025,0.002,0.002,1.56,2026-06-22T23:38:09,0.002,1.56
route_mutation,20260622T233809_364585,of:0000000000000007:1 -> of:000000000000000d:5,0.002,0.0025,0.002,0.002,1.46,2026-06-22T23:38:09,0.002,1.43
route_mutation,20260622T233809_364585,of:0000000000000002:2 -> of:0000000000000008:2,0.001,0.00125,0.001,0.001,1.5,2026-06-22T23:38:09,0.001,1.5
route_mutation,20260622T233809_364585,of:0000000000000003:2 -> of:0000000000000008:3,0.001,0.00125,0.001,0.001,1.5,2026-06-22T23:38:09,0.001,1.5
route_mutation,20260622T233809_364585,of:0000000000000008:1 -> of:000000000000000b:6,0.002,0.0025,0.002,0.002,1.43,2026-06-22T23:38:09,0.002,1.43
route_mutation,20260622T233809_364585,of:0000000000000004:2 -> of:0000000000000009:2,0.001,0.00125,0.001,0.001,1.5,2026-06-22T23:38:09,0.001,1.5
route_mutation,20260622T233809_364585,of:0000000000000002:1 -> of:000000000000000b:4,0.002,0.0025,0.002,0.002,2.3,2026-06-22T23:38:09,0.002,2.33
route_mutation,20260622T233809_364585,of:0000000000000009:1 -> of:000000000000000c:6,0.002,0.0025,0.002,0.002,1.43,2026-06-22T23:38:09,0.002,1.43
route_mutation,20260622T233839_622121,of:0000000000000004:1 -> of:000000000000000c:4,0.002,0.0025,0.002,0.002,1.9,2026-06-22T23:38:39,0.002,1.93
route_mutation,20260622T233839_622121,of:0000000000000005:1 -> of:000000000000000c:5,0.002,0.0025,0.002,0.002,2.03,2026-06-22T23:38:39,0.002,2.1
route_mutation,20260622T233839_622121,of:000000000000000a:1 -> of:000000000000000d:6,0.002,0.0025,0.002,0.002,1.86,2026-06-22T23:38:39,0.002,1.9
route_mutation,20260622T233839_622121,of:000000000000000b:3 -> of:000000000000000d:2,0.002,0.0025,0.002,0.002,2.46,2026-06-22T23:38:39,0.002,2.49
route_mutation,20260622T233839_622121,of:000000000000000c:3 -> of:000000000000000d:3,0.002,0.0025,0.002,0.002,2.53,2026-06-22T23:38:39,0.002,2.56
route_mutation,20260622T233839_622121,of:0000000000000005:2 -> of:0000000000000009:3,0.002,0.0025,0.002,0.002,2.43,2026-06-22T23:38:39,0.002,2.43
route_mutation,20260622T233839_622121,of:0000000000000001:1 -> of:000000000000000b:1,0.002,0.0025,0.002,0.002,1.8,2026-06-22T23:38:39,0.002,1.86
route_mutation,20260622T233839_622121,of:000000000000000b:2 -> of:000000000000000c:2,0.002,0.0025,0.002,0.002,2.46,2026-06-22T23:38:39,0.002,2.46
route_mutation,20260622T233839_622121,of:0000000000000001:2 -> of:000000000000000c:1,0.002,0.0025,0.002,0.002,1.9,2026-06-22T23:38:39,0.002,1.96
route_mutation,20260622T233839_622121,of:0000000000000006:2 -> of:000000000000000a:2,0.002,0.0025,0.002,0.002,2.36,2026-06-22T23:38:39,0.002,2.36
route_mutation,20260622T233839_622121,of:0000000000000001:3 -> of:000000000000000d:1,0.003,0.00375,0.003,0.003,3.49,2026-06-22T23:38:39,0.003,3.43
route_mutation,20260622T233839_622121,of:0000000000000003:1 -> of:000000000000000b:5,0.002,0.0025,0.002,0.002,1.8,2026-06-22T23:38:39,0.002,1.86
route_mutation,20260622T233839_622121,of:0000000000000006:1 -> of:000000000000000d:4,0.002,0.0025,0.002,0.002,2.99,2026-06-22T23:38:39,0.002,3.06
route_mutation,20260622T233839_622121,of:0000000000000007:2 -> of:000000000000000a:3,0.002,0.0025,0.002,0.002,2.36,2026-06-22T23:38:39,0.002,2.36
route_mutation,20260622T233839_622121,of:0000000000000007:1 -> of:000000000000000d:5,0.002,0.0025,0.002,0.002,2.26,2026-06-22T23:38:39,0.002,2.16
route_mutation,20260622T233839_622121,of:0000000000000002:2 -> of:0000000000000008:2,0.002,0.0025,0.002,0.002,2.39,2026-06-22T23:38:39,0.002,2.39
route_mutation,20260622T233839_622121,of:0000000000000003:2 -> of:0000000000000008:3,0.002,0.0025,0.002,0.002,2.39,2026-06-22T23:38:39,0.002,2.39
route_mutation,20260622T233839_622121,of:0000000000000008:1 -> of:000000000000000b:6,0.002,0.0025,0.002,0.002,1.8,2026-06-22T23:38:39,0.002,1.8
route_mutation,20260622T233839_622121,of:0000000000000004:2 -> of:0000000000000009:2,0.002,0.0025,0.002,0.002,2.43,2026-06-22T23:38:39,0.002,2.43
route_mutation,20260622T233839_622121,of:0000000000000002:1 -> of:000000000000000b:4,0.002,0.0025,0.002,0.002,1.8,2026-06-22T23:38:39,0.002,1.86
route_mutation,20260622T233839_622121,of:0000000000000009:1 -> of:000000000000000c:6,0.002,0.0025,0.002,0.002,1.86,2026-06-22T23:38:39,0.002,1.86
ip_shuffle,20260622T233910_014977,of:0000000000000004:1 -> of:000000000000000c:4,0.002,0.0025,0.002,0.002,1.63,2026-06-22T23:39:10,0.002,1.6
ip_shuffle,20260622T233910_014977,of:0000000000000005:1 -> of:000000000000000c:5,0.002,0.0025,0.002,0.002,1.63,2026-06-22T23:39:10,0.002,1.6
ip_shuffle,20260622T233910_014977,of:000000000000000a:1 -> of:000000000000000d:6,0.002,0.0025,0.002,0.002,1.6,2026-06-22T23:39:10,0.002,1.56
ip_shuffle,20260622T233910_014977,of:000000000000000b:3 -> of:000000000000000d:2,0.002,0.0025,0.002,0.002,1.93,2026-06-22T23:39:10,0.002,1.9
ip_shuffle,20260622T233910_014977,of:000000000000000c:3 -> of:000000000000000d:3,0.002,0.0025,0.002,0.002,1.86,2026-06-22T23:39:10,0.002,1.83
ip_shuffle,20260622T233910_014977,of:0000000000000005:2 -> of:0000000000000009:3,0.002,0.0025,0.002,0.002,2.03,2026-06-22T23:39:10,0.002,2.03
ip_shuffle,20260622T233910_014977,of:0000000000000001:1 -> of:000000000000000b:1,0.002,0.0025,0.002,0.002,1.66,2026-06-22T23:39:10,0.002,1.56
ip_shuffle,20260622T233910_014977,of:000000000000000b:2 -> of:000000000000000c:2,0.002,0.0025,0.002,0.002,1.93,2026-06-22T23:39:10,0.002,1.93
ip_shuffle,20260622T233910_014977,of:0000000000000001:2 -> of:000000000000000c:1,0.002,0.0025,0.002,0.002,1.6,2026-06-22T23:39:10,0.001,1.5
ip_shuffle,20260622T233910_014977,of:0000000000000006:2 -> of:000000000000000a:2,0.002,0.0025,0.002,0.002,2.03,2026-06-22T23:39:10,0.002,2.03
ip_shuffle,20260622T233910_014977,of:0000000000000001:3 -> of:000000000000000d:1,0.002,0.0025,0.002,0.002,2.43,2026-06-22T23:39:10,0.002,2.49
ip_shuffle,20260622T233910_014977,of:0000000000000003:1 -> of:000000000000000b:5,0.002,0.0025,0.002,0.002,1.8,2026-06-22T23:39:10,0.002,1.73
ip_shuffle,20260622T233910_014977,of:0000000000000006:1 -> of:000000000000000d:4,0.002,0.0025,0.002,0.002,1.63,2026-06-22T23:39:10,0.002,1.56
ip_shuffle,20260622T233910_014977,of:0000000000000007:2 -> of:000000000000000a:3,0.002,0.0025,0.002,0.002,2.03,2026-06-22T23:39:10,0.002,2.03
ip_shuffle,20260622T233910_014977,of:0000000000000007:1 -> of:000000000000000d:5,0.002,0.0025,0.002,0.002,2.59,2026-06-22T23:39:10,0.002,2.69
ip_shuffle,20260622T233910_014977,of:0000000000000002:2 -> of:0000000000000008:2,0.002,0.0025,0.002,0.002,2.13,2026-06-22T23:39:10,0.002,2.13
ip_shuffle,20260622T233910_014977,of:0000000000000003:2 -> of:0000000000000008:3,0.002,0.0025,0.002,0.002,2.13,2026-06-22T23:39:10,0.002,2.13
ip_shuffle,20260622T233910_014977,of:0000000000000008:1 -> of:000000000000000b:6,0.002,0.0025,0.002,0.002,1.66,2026-06-22T23:39:10,0.002,1.66
ip_shuffle,20260622T233910_014977,of:0000000000000004:2 -> of:0000000000000009:2,0.002,0.0025,0.002,0.002,2.03,2026-06-22T23:39:10,0.002,2.03
ip_shuffle,20260622T233910_014977,of:0000000000000002:1 -> of:000000000000000b:4,0.002,0.0025,0.002,0.002,1.8,2026-06-22T23:39:10,0.002,1.73
ip_shuffle,20260622T233910_014977,of:0000000000000009:1 -> of:000000000000000c:6,0.002,0.0025,0.002,0.002,1.6,2026-06-22T23:39:10,0.002,1.6
route_mutation,20260622T234020_684529,of:0000000000000004:1 -> of:000000000000000c:4,0.002,0.0025,0.002,0.002,1.76,2026-06-22T23:40:20,0.002,1.73
route_mutation,20260622T234020_684529,of:0000000000000005:1 -> of:000000000000000c:5,0.002,0.0025,0.002,0.002,1.76,2026-06-22T23:40:20,0.002,1.73
route_mutation,20260622T234020_684529,of:000000000000000a:1 -> of:000000000000000d:6,0.002,0.0025,0.002,0.002,1.73,2026-06-22T23:40:20,0.002,1.7
route_mutation,20260622T234020_684529,of:000000000000000b:3 -> of:000000000000000d:2,0.002,0.0025,0.002,0.002,2.16,2026-06-22T23:40:20,0.002,2.16
route_mutation,20260622T234020_684529,of:000000000000000c:3 -> of:000000000000000d:3,0.002,0.0025,0.002,0.002,2.1,2026-06-22T23:40:20,0.002,2.1
route_mutation,20260622T234020_684529,of:0000000000000005:2 -> of:0000000000000009:3,0.002,0.0025,0.002,0.002,2.3,2026-06-22T23:40:20,0.002,2.3
route_mutation,20260622T234020_684529,of:0000000000000001:1 -> of:000000000000000b:1,0.002,0.0025,0.002,0.002,1.73,2026-06-22T23:40:20,0.002,1.63
route_mutation,20260622T234020_684529,of:000000000000000b:2 -> of:000000000000000c:2,0.002,0.0025,0.002,0.002,2.2,2026-06-22T23:40:20,0.002,2.2
route_mutation,20260622T234020_684529,of:0000000000000001:2 -> of:000000000000000c:1,0.001,0.00125,0.001,0.001,1.66,2026-06-22T23:40:20,0.001,1.56
route_mutation,20260622T234020_684529,of:0000000000000006:2 -> of:000000000000000a:2,0.002,0.0025,0.002,0.002,2.3,2026-06-22T23:40:20,0.002,2.3
route_mutation,20260622T234020_684529,of:0000000000000001:3 -> of:000000000000000d:1,0.002,0.0025,0.002,0.002,2.7,2026-06-22T23:40:20,0.002,2.8
route_mutation,20260622T234020_684529,of:0000000000000003:1 -> of:000000000000000b:5,0.002,0.0025,0.002,0.002,1.63,2026-06-22T23:40:20,0.002,1.73
route_mutation,20260622T234020_684529,of:0000000000000006:1 -> of:000000000000000d:4,0.002,0.0025,0.002,0.002,1.83,2026-06-22T23:40:20,0.002,1.83
route_mutation,20260622T234020_684529,of:0000000000000007:2 -> of:000000000000000a:3,0.002,0.0025,0.002,0.002,2.26,2026-06-22T23:40:20,0.002,2.26
route_mutation,20260622T234020_684529,of:0000000000000007:1 -> of:000000000000000d:5,0.003,0.00375,0.003,0.002,2.9,2026-06-22T23:40:20,0.003,2.93
route_mutation,20260622T234020_684529,of:0000000000000002:2 -> of:0000000000000008:2,0.002,0.0025,0.002,0.002,2.1,2026-06-22T23:40:20,0.002,2.1
route_mutation,20260622T234020_684529,of:0000000000000003:2 -> of:0000000000000008:3,0.002,0.0025,0.002,0.002,2.1,2026-06-22T23:40:20,0.002,2.1
route_mutation,20260622T234020_684529,of:0000000000000008:1 -> of:000000000000000b:6,0.002,0.0025,0.002,0.002,1.8,2026-06-22T23:40:20,0.002,1.8
route_mutation,20260622T234020_684529,of:0000000000000004:2 -> of:0000000000000009:2,0.002,0.0025,0.002,0.002,2.3,2026-06-22T23:40:20,0.002,2.3
route_mutation,20260622T234020_684529,of:0000000000000002:1 -> of:000000000000000b:4,0.002,0.0025,0.002,0.002,1.63,2026-06-22T23:40:20,0.002,1.73
route_mutation,20260622T234020_684529,of:0000000000000009:1 -> of:000000000000000c:6,0.002,0.0025,0.002,0.002,1.73,2026-06-22T23:40:20,0.002,1.73
ip_shuffle,20260622T234051_142887,of:0000000000000004:1 -> of:000000000000000c:4,0.001,0.00125,0.001,0.001,1.36,2026-06-22T23:40:51,0.001,1.36
ip_shuffle,20260622T234051_142887,of:0000000000000005:1 -> of:000000000000000c:5,0.001,0.00125,0.001,0.001,1.36,2026-06-22T23:40:51,0.001,1.36
ip_shuffle,20260622T234051_142887,of:000000000000000a:1 -> of:000000000000000d:6,0.002,0.0025,0.002,0.002,1.43,2026-06-22T23:40:51,0.002,1.43
ip_shuffle,20260622T234051_142887,of:000000000000000b:3 -> of:000000000000000d:2,0.002,0.0025,0.002,0.002,1.53,2026-06-22T23:40:51,0.002,1.53
ip_shuffle,20260622T234051_142887,of:000000000000000c:3 -> of:000000000000000d:3,0.002,0.0025,0.002,0.002,1.53,2026-06-22T23:40:51,0.002,1.53
ip_shuffle,20260622T234051_142887,of:0000000000000005:2 -> of:0000000000000009:3,0.001,0.00125,0.001,0.001,1.46,2026-06-22T23:40:51,0.001,1.46
ip_shuffle,20260622T234051_142887,of:0000000000000001:1 -> of:000000000000000b:1,0.003,0.00375,0.003,0.003,3.06,2026-06-22T23:40:51,0.003,3.06
ip_shuffle,20260622T234051_142887,of:000000000000000b:2 -> of:000000000000000c:2,0.002,0.0025,0.002,0.002,1.53,2026-06-22T23:40:51,0.002,1.53
ip_shuffle,20260622T234051_142887,of:0000000000000001:2 -> of:000000000000000c:1,0.002,0.0025,0.002,0.002,1.43,2026-06-22T23:40:51,0.002,1.43
ip_shuffle,20260622T234051_142887,of:0000000000000006:2 -> of:000000000000000a:2,0.002,0.0025,0.002,0.002,1.53,2026-06-22T23:40:51,0.002,1.53
ip_shuffle,20260622T234051_142887,of:0000000000000001:3 -> of:000000000000000d:1,0.002,0.0025,0.002,0.002,1.43,2026-06-22T23:40:51,0.002,1.43
ip_shuffle,20260622T234051_142887,of:0000000000000003:1 -> of:000000000000000b:5,0.002,0.0025,0.002,0.002,2.1,2026-06-22T23:40:51,0.002,2.1
ip_shuffle,20260622T234051_142887,of:0000000000000006:1 -> of:000000000000000d:4,0.002,0.0025,0.002,0.002,1.43,2026-06-22T23:40:51,0.002,1.43
ip_shuffle,20260622T234051_142887,of:0000000000000007:2 -> of:000000000000000a:3,0.002,0.0025,0.002,0.002,1.53,2026-06-22T23:40:51,0.002,1.53
ip_shuffle,20260622T234051_142887,of:0000000000000007:1 -> of:000000000000000d:5,0.002,0.0025,0.002,0.002,1.43,2026-06-22T23:40:51,0.002,1.43
ip_shuffle,20260622T234051_142887,of:0000000000000002:2 -> of:0000000000000008:2,0.002,0.0025,0.002,0.002,1.56,2026-06-22T23:40:51,0.002,1.56
ip_shuffle,20260622T234051_142887,of:0000000000000003:2 -> of:0000000000000008:3,0.002,0.0025,0.002,0.002,1.56,2026-06-22T23:40:51,0.002,1.56
ip_shuffle,20260622T234051_142887,of:0000000000000008:1 -> of:000000000000000b:6,0.002,0.0025,0.002,0.002,1.43,2026-06-22T23:40:51,0.002,1.43
ip_shuffle,20260622T234051_142887,of:0000000000000004:2 -> of:0000000000000009:2,0.001,0.00125,0.001,0.001,1.46,2026-06-22T23:40:51,0.001,1.46
ip_shuffle,20260622T234051_142887,of:0000000000000002:1 -> of:000000000000000b:4,0.002,0.0025,0.002,0.002,2.49,2026-06-22T23:40:51,0.002,2.46
ip_shuffle,20260622T234051_142887,of:0000000000000009:1 -> of:000000000000000c:6,0.002,0.0025,0.002,0.002,1.43,2026-06-22T23:40:51,0.002,1.43
route_mutation,20260622T234148_907779,of:0000000000000004:1 -> of:000000000000000c:4,0.002,0.0025,0.002,0.002,1.86,2026-06-22T23:41:48,0.002,1.8
route_mutation,20260622T234148_907779,of:0000000000000005:1 -> of:000000000000000c:5,0.002,0.0025,0.002,0.002,1.86,2026-06-22T23:41:48,0.002,1.8
route_mutation,20260622T234148_907779,of:000000000000000a:1 -> of:000000000000000d:6,0.002,0.0025,0.002,0.002,1.83,2026-06-22T23:41:48,0.002,1.8
route_mutation,20260622T234148_907779,of:000000000000000b:3 -> of:000000000000000d:2,0.002,0.0025,0.002,0.002,2.3,2026-06-22T23:41:48,0.002,2.3
route_mutation,20260622T234148_907779,of:000000000000000c:3 -> of:000000000000000d:3,0.002,0.0025,0.002,0.002,2.26,2026-06-22T23:41:48,0.002,2.26
route_mutation,20260622T234148_907779,of:0000000000000005:2 -> of:0000000000000009:3,0.002,0.0025,0.002,0.002,2.5,2026-06-22T23:41:48,0.002,2.5
route_mutation,20260622T234148_907779,of:0000000000000001:1 -> of:000000000000000b:1,0.002,0.0025,0.002,0.002,1.76,2026-06-22T23:41:48,0.001,1.66
route_mutation,20260622T234148_907779,of:000000000000000b:2 -> of:000000000000000c:2,0.002,0.0025,0.002,0.002,2.3,2026-06-22T23:41:48,0.002,2.3
route_mutation,20260622T234148_907779,of:0000000000000001:2 -> of:000000000000000c:1,0.002,0.0025,0.002,0.002,1.73,2026-06-22T23:41:48,0.001,1.66
route_mutation,20260622T234148_907779,of:0000000000000006:2 -> of:000000000000000a:2,0.002,0.0025,0.002,0.002,2.46,2026-06-22T23:41:48,0.002,2.46
route_mutation,20260622T234148_907779,of:0000000000000001:3 -> of:000000000000000d:1,0.003,0.00375,0.003,0.003,3.23,2026-06-22T23:41:48,0.003,3.33
route_mutation,20260622T234148_907779,of:0000000000000003:1 -> of:000000000000000b:5,0.002,0.0025,0.002,0.001,1.63,2026-06-22T23:41:48,0.002,1.76
route_mutation,20260622T234148_907779,of:0000000000000006:1 -> of:000000000000000d:4,0.002,0.0025,0.002,0.002,2.33,2026-06-22T23:41:48,0.002,2.36
route_mutation,20260622T234148_907779,of:0000000000000007:2 -> of:000000000000000a:3,0.002,0.0025,0.002,0.002,2.46,2026-06-22T23:41:48,0.002,2.46
route_mutation,20260622T234148_907779,of:0000000000000007:1 -> of:000000000000000d:5,0.003,0.00375,0.003,0.003,3.13,2026-06-22T23:41:48,0.003,3.1
route_mutation,20260622T234148_907779,of:0000000000000002:2 -> of:0000000000000008:2,0.002,0.0025,0.002,0.002,2.26,2026-06-22T23:41:48,0.002,2.26
route_mutation,20260622T234148_907779,of:0000000000000003:2 -> of:0000000000000008:3,0.002,0.0025,0.002,0.002,2.26,2026-06-22T23:41:48,0.002,2.26
route_mutation,20260622T234148_907779,of:0000000000000008:1 -> of:000000000000000b:6,0.002,0.0025,0.002,0.002,1.83,2026-06-22T23:41:48,0.002,1.83
route_mutation,20260622T234148_907779,of:0000000000000004:2 -> of:0000000000000009:2,0.002,0.0025,0.002,0.002,2.5,2026-06-22T23:41:48,0.002,2.5
route_mutation,20260622T234148_907779,of:0000000000000002:1 -> of:000000000000000b:4,0.002,0.0025,0.002,0.001,1.63,2026-06-22T23:41:48,0.002,1.76
route_mutation,20260622T234148_907779,of:0000000000000009:1 -> of:000000000000000c:6,0.002,0.0025,0.002,0.002,1.83,2026-06-22T23:41:48,0.002,1.8
ip_shuffle,20260622T234219_395598,of:0000000000000004:1 -> of:000000000000000c:4,0.002,0.0025,0.002,0.002,1.43,2026-06-22T23:42:19,0.002,1.43
ip_shuffle,20260622T234219_395598,of:0000000000000005:1 -> of:000000000000000c:5,0.002,0.0025,0.002,0.002,1.43,2026-06-22T23:42:19,0.002,1.43
ip_shuffle,20260622T234219_395598,of:000000000000000a:1 -> of:000000000000000d:6,0.002,0.0025,0.002,0.002,1.43,2026-06-22T23:42:19,0.002,1.43
ip_shuffle,20260622T234219_395598,of:000000000000000b:3 -> of:000000000000000d:2,0.002,0.0025,0.002,0.002,1.53,2026-06-22T23:42:19,0.002,1.53
ip_shuffle,20260622T234219_395598,of:000000000000000c:3 -> of:000000000000000d:3,0.002,0.0025,0.002,0.002,1.53,2026-06-22T23:42:19,0.002,1.53
ip_shuffle,20260622T234219_395598,of:0000000000000005:2 -> of:0000000000000009:3,0.002,0.0025,0.002,0.002,1.53,2026-06-22T23:42:19,0.002,1.53
ip_shuffle,20260622T234219_395598,of:0000000000000001:1 -> of:000000000000000b:1,0.002,0.0025,0.002,0.002,2.6,2026-06-22T23:42:19,0.002,2.6
ip_shuffle,20260622T234219_395598,of:000000000000000b:2 -> of:000000000000000c:2,0.002,0.0025,0.002,0.002,1.53,2026-06-22T23:42:19,0.002,1.53
ip_shuffle,20260622T234219_395598,of:0000000000000001:2 -> of:000000000000000c:1,0.002,0.0025,0.002,0.002,1.43,2026-06-22T23:42:19,0.002,1.43
ip_shuffle,20260622T234219_395598,of:0000000000000006:2 -> of:000000000000000a:2,0.002,0.0025,0.002,0.002,1.53,2026-06-22T23:42:19,0.002,1.53
ip_shuffle,20260622T234219_395598,of:0000000000000001:3 -> of:000000000000000d:1,0.002,0.0025,0.002,0.002,1.43,2026-06-22T23:42:19,0.002,1.43
ip_shuffle,20260622T234219_395598,of:0000000000000003:1 -> of:000000000000000b:5,0.002,0.0025,0.002,0.002,1.6,2026-06-22T23:42:19,0.002,1.6
ip_shuffle,20260622T234219_395598,of:0000000000000006:1 -> of:000000000000000d:4,0.002,0.0025,0.002,0.002,1.43,2026-06-22T23:42:19,0.002,1.43
ip_shuffle,20260622T234219_395598,of:0000000000000007:2 -> of:000000000000000a:3,0.002,0.0025,0.002,0.002,1.53,2026-06-22T23:42:19,0.002,1.53
ip_shuffle,20260622T234219_395598,of:0000000000000007:1 -> of:000000000000000d:5,0.002,0.0025,0.002,0.002,1.43,2026-06-22T23:42:19,0.002,1.43
ip_shuffle,20260622T234219_395598,of:0000000000000002:2 -> of:0000000000000008:2,0.002,0.0025,0.002,0.002,1.53,2026-06-22T23:42:19,0.002,1.53
ip_shuffle,20260622T234219_395598,of:0000000000000003:2 -> of:0000000000000008:3,0.002,0.0025,0.002,0.002,1.53,2026-06-22T23:42:19,0.002,1.53
ip_shuffle,20260622T234219_395598,of:0000000000000008:1 -> of:000000000000000b:6,0.002,0.0025,0.002,0.002,1.43,2026-06-22T23:42:19,0.002,1.43
ip_shuffle,20260622T234219_395598,of:0000000000000004:2 -> of:0000000000000009:2,0.002,0.0025,0.002,0.002,1.53,2026-06-22T23:42:19,0.002,1.53
ip_shuffle,20260622T234219_395598,of:0000000000000002:1 -> of:000000000000000b:4,0.002,0.0025,0.002,0.002,2.43,2026-06-22T23:42:19,0.002,2.43
ip_shuffle,20260622T234219_395598,of:0000000000000009:1 -> of:000000000000000c:6,0.002,0.0025,0.002,0.002,1.43,2026-06-22T23:42:19,0.002,1.43
ip_shuffle,20260622T234317_272974,of:0000000000000004:1 -> of:000000000000000c:4,0.002,0.0025,0.002,0.002,2.0,2026-06-22T23:43:17,0.002,1.96
ip_shuffle,20260622T234317_272974,of:0000000000000005:1 -> of:000000000000000c:5,0.002,0.0025,0.002,0.002,2.0,2026-06-22T23:43:17,0.002,1.96
ip_shuffle,20260622T234317_272974,of:000000000000000a:1 -> of:000000000000000d:6,0.002,0.0025,0.002,0.002,1.83,2026-06-22T23:43:17,0.002,1.8
ip_shuffle,20260622T234317_272974,of:000000000000000b:3 -> of:000000000000000d:2,0.002,0.0025,0.002,0.002,2.43,2026-06-22T23:43:17,0.002,2.43
ip_shuffle,20260622T234317_272974,of:000000000000000c:3 -> of:000000000000000d:3,0.002,0.0025,0.002,0.002,2.43,2026-06-22T23:43:17,0.002,2.43
ip_shuffle,20260622T234317_272974,of:0000000000000005:2 -> of:0000000000000009:3,0.002,0.0025,0.002,0.002,2.69,2026-06-22T23:43:17,0.002,2.69
ip_shuffle,20260622T234317_272974,of:0000000000000001:1 -> of:000000000000000b:1,0.002,0.0025,0.002,0.002,1.83,2026-06-22T23:43:17,0.002,1.76
ip_shuffle,20260622T234317_272974,of:000000000000000b:2 -> of:000000000000000c:2,0.002,0.0025,0.002,0.002,2.46,2026-06-22T23:43:17,0.002,2.46
ip_shuffle,20260622T234317_272974,of:0000000000000001:2 -> of:000000000000000c:1,0.002,0.0025,0.002,0.002,1.83,2026-06-22T23:43:17,0.002,1.76
ip_shuffle,20260622T234317_272974,of:0000000000000006:2 -> of:000000000000000a:2,0.002,0.0025,0.002,0.002,2.56,2026-06-22T23:43:17,0.002,2.56
ip_shuffle,20260622T234317_272974,of:0000000000000001:3 -> of:000000000000000d:1,0.003,0.00375,0.003,0.003,3.73,2026-06-22T23:43:17,0.003,3.79
ip_shuffle,20260622T234317_272974,of:0000000000000003:1 -> of:000000000000000b:5,0.002,0.0025,0.002,0.002,1.76,2026-06-22T23:43:17,0.002,1.83
ip_shuffle,20260622T234317_272974,of:0000000000000006:1 -> of:000000000000000d:4,0.002,0.0025,0.002,0.002,2.83,2026-06-22T23:43:17,0.002,2.89
ip_shuffle,20260622T234317_272974,of:0000000000000007:2 -> of:000000000000000a:3,0.002,0.0025,0.002,0.002,2.53,2026-06-22T23:43:17,0.002,2.53
ip_shuffle,20260622T234317_272974,of:0000000000000007:1 -> of:000000000000000d:5,0.003,0.00375,0.003,0.003,3.36,2026-06-22T23:43:17,0.003,3.33
ip_shuffle,20260622T234317_272974,of:0000000000000002:2 -> of:0000000000000008:2,0.002,0.0025,0.002,0.002,2.46,2026-06-22T23:43:17,0.002,2.46
ip_shuffle,20260622T234317_272974,of:0000000000000003:2 -> of:0000000000000008:3,0.002,0.0025,0.002,0.002,2.46,2026-06-22T23:43:17,0.002,2.46
ip_shuffle,20260622T234317_272974,of:0000000000000008:1 -> of:000000000000000b:6,0.002,0.0025,0.002,0.002,1.9,2026-06-22T23:43:17,0.002,1.9
ip_shuffle,20260622T234317_272974,of:0000000000000004:2 -> of:0000000000000009:2,0.002,0.0025,0.002,0.002,2.69,2026-06-22T23:43:17,0.002,2.69
ip_shuffle,20260622T234317_272974,of:0000000000000002:1 -> of:000000000000000b:4,0.002,0.0025,0.002,0.002,1.76,2026-06-22T23:43:17,0.002,1.83
ip_shuffle,20260622T234317_272974,of:0000000000000009:1 -> of:000000000000000c:6,0.002,0.0025,0.002,0.002,1.9,2026-06-22T23:43:17,0.002,1.9
ip_shuffle,20260622T234415_216333,of:0000000000000004:1 -> of:000000000000000c:4,0.002,0.0025,0.002,0.002,2.4,2026-06-22T23:44:15,0.002,2.26
ip_shuffle,20260622T234415_216333,of:0000000000000005:1 -> of:000000000000000c:5,0.002,0.0025,0.002,0.002,2.4,2026-06-22T23:44:15,0.002,2.26
ip_shuffle,20260622T234415_216333,of:000000000000000a:1 -> of:000000000000000d:6,0.002,0.0025,0.002,0.002,1.46,2026-06-22T23:44:15,0.002,1.5
ip_shuffle,20260622T234415_216333,of:000000000000000b:3 -> of:000000000000000d:2,0.002,0.0025,0.002,0.002,1.66,2026-06-22T23:44:15,0.002,1.66
ip_shuffle,20260622T234415_216333,of:000000000000000c:3 -> of:000000000000000d:3,0.002,0.0025,0.002,0.002,1.63,2026-06-22T23:44:15,0.002,1.63
ip_shuffle,20260622T234415_216333,of:0000000000000005:2 -> of:0000000000000009:3,0.002,0.0025,0.002,0.002,1.66,2026-06-22T23:44:15,0.002,1.66
ip_shuffle,20260622T234415_216333,of:0000000000000001:1 -> of:000000000000000b:1,0.003,0.00375,0.003,0.003,2.8,2026-06-22T23:44:15,0.003,2.9
ip_shuffle,20260622T234415_216333,of:000000000000000b:2 -> of:000000000000000c:2,0.002,0.0025,0.002,0.002,1.6,2026-06-22T23:44:15,0.002,1.6
ip_shuffle,20260622T234415_216333,of:0000000000000001:2 -> of:000000000000000c:1,0.003,0.00375,0.003,0.003,3.1,2026-06-22T23:44:15,0.003,3.19
ip_shuffle,20260622T234415_216333,of:0000000000000006:2 -> of:000000000000000a:2,0.001,0.00125,0.001,0.001,1.5,2026-06-22T23:44:15,0.001,1.5
ip_shuffle,20260622T234415_216333,of:0000000000000001:3 -> of:000000000000000d:1,0.002,0.0025,0.002,0.002,1.86,2026-06-22T23:44:15,0.002,1.76
ip_shuffle,20260622T234415_216333,of:0000000000000003:1 -> of:000000000000000b:5,0.002,0.0025,0.002,0.002,2.6,2026-06-22T23:44:15,0.002,2.5
ip_shuffle,20260622T234415_216333,of:0000000000000006:1 -> of:000000000000000d:4,0.002,0.0025,0.002,0.002,1.56,2026-06-22T23:44:15,0.002,1.53
ip_shuffle,20260622T234415_216333,of:0000000000000007:2 -> of:000000000000000a:3,0.001,0.00125,0.001,0.001,1.5,2026-06-22T23:44:15,0.001,1.5
ip_shuffle,20260622T234415_216333,of:0000000000000007:1 -> of:000000000000000d:5,0.001,0.00125,0.001,0.001,1.36,2026-06-22T23:44:15,0.001,1.43
ip_shuffle,20260622T234415_216333,of:0000000000000002:2 -> of:0000000000000008:2,0.002,0.0025,0.002,0.002,1.63,2026-06-22T23:44:15,0.002,1.63
ip_shuffle,20260622T234415_216333,of:0000000000000003:2 -> of:0000000000000008:3,0.002,0.0025,0.002,0.002,1.63,2026-06-22T23:44:15,0.002,1.63
ip_shuffle,20260622T234415_216333,of:0000000000000008:1 -> of:000000000000000b:6,0.001,0.00125,0.001,0.001,1.4,2026-06-22T23:44:15,0.001,1.4
ip_shuffle,20260622T234415_216333,of:0000000000000004:2 -> of:0000000000000009:2,0.002,0.0025,0.002,0.002,1.66,2026-06-22T23:44:15,0.002,1.66
ip_shuffle,20260622T234415_216333,of:0000000000000002:1 -> of:000000000000000b:4,0.002,0.0025,0.002,0.002,1.86,2026-06-22T23:44:15,0.002,1.76
ip_shuffle,20260622T234415_216333,of:0000000000000009:1 -> of:000000000000000c:6,0.001,0.00125,0.001,0.001,1.4,2026-06-22T23:44:15,0.001,1.4
ip_shuffle,20260622T234513_098385,of:0000000000000004:1 -> of:000000000000000c:4,0.002,0.0025,0.002,0.002,1.43,2026-06-22T23:45:13,0.002,1.4
ip_shuffle,20260622T234513_098385,of:0000000000000005:1 -> of:000000000000000c:5,0.002,0.0025,0.002,0.002,1.43,2026-06-22T23:45:13,0.002,1.4
ip_shuffle,20260622T234513_098385,of:000000000000000a:1 -> of:000000000000000d:6,0.002,0.0025,0.002,0.002,1.4,2026-06-22T23:45:13,0.002,1.4
ip_shuffle,20260622T234513_098385,of:000000000000000b:3 -> of:000000000000000d:2,0.002,0.0025,0.002,0.002,1.46,2026-06-22T23:45:13,0.002,1.46
ip_shuffle,20260622T234513_098385,of:000000000000000c:3 -> of:000000000000000d:3,0.002,0.0025,0.002,0.002,1.46,2026-06-22T23:45:13,0.002,1.46
ip_shuffle,20260622T234513_098385,of:0000000000000005:2 -> of:0000000000000009:3,0.002,0.0025,0.002,0.002,1.5,2026-06-22T23:45:13,0.002,1.5
ip_shuffle,20260622T234513_098385,of:0000000000000001:1 -> of:000000000000000b:1,0.002,0.0025,0.002,0.002,1.7,2026-06-22T23:45:13,0.002,1.6
ip_shuffle,20260622T234513_098385,of:000000000000000b:2 -> of:000000000000000c:2,0.002,0.0025,0.002,0.002,1.46,2026-06-22T23:45:13,0.002,1.46
ip_shuffle,20260622T234513_098385,of:0000000000000001:2 -> of:000000000000000c:1,0.002,0.0025,0.002,0.002,1.4,2026-06-22T23:45:13,0.002,1.43
ip_shuffle,20260622T234513_098385,of:0000000000000006:2 -> of:000000000000000a:2,0.002,0.0025,0.002,0.002,1.56,2026-06-22T23:45:13,0.002,1.56
ip_shuffle,20260622T234513_098385,of:0000000000000001:3 -> of:000000000000000d:1,0.002,0.0025,0.002,0.002,1.43,2026-06-22T23:45:13,0.002,1.46
ip_shuffle,20260622T234513_098385,of:0000000000000003:1 -> of:000000000000000b:5,0.002,0.0025,0.002,0.002,1.43,2026-06-22T23:45:13,0.002,1.4
ip_shuffle,20260622T234513_098385,of:0000000000000006:1 -> of:000000000000000d:4,0.002,0.0025,0.002,0.002,1.5,2026-06-22T23:45:13,0.002,1.46
ip_shuffle,20260622T234513_098385,of:0000000000000007:2 -> of:000000000000000a:3,0.002,0.0025,0.002,0.002,1.43,2026-06-22T23:45:13,0.002,1.43
ip_shuffle,20260622T234513_098385,of:0000000000000007:1 -> of:000000000000000d:5,0.002,0.0025,0.002,0.002,1.43,2026-06-22T23:45:13,0.002,1.46
ip_shuffle,20260622T234513_098385,of:0000000000000002:2 -> of:0000000000000008:2,0.002,0.0025,0.002,0.002,1.46,2026-06-22T23:45:13,0.002,1.46
ip_shuffle,20260622T234513_098385,of:0000000000000003:2 -> of:0000000000000008:3,0.002,0.0025,0.002,0.002,1.46,2026-06-22T23:45:13,0.002,1.46
ip_shuffle,20260622T234513_098385,of:0000000000000008:1 -> of:000000000000000b:6,0.002,0.0025,0.002,0.001,1.36,2026-06-22T23:45:13,0.002,1.4
ip_shuffle,20260622T234513_098385,of:0000000000000004:2 -> of:0000000000000009:2,0.002,0.0025,0.002,0.002,1.5,2026-06-22T23:45:13,0.002,1.5
ip_shuffle,20260622T234513_098385,of:0000000000000002:1 -> of:000000000000000b:4,0.002,0.0025,0.002,0.002,1.6,2026-06-22T23:45:13,0.002,1.7
ip_shuffle,20260622T234513_098385,of:0000000000000009:1 -> of:000000000000000c:6,0.002,0.0025,0.002,0.002,1.4,2026-06-22T23:45:13,0.002,1.4
route_mutation,20260622T234610_855968,of:0000000000000004:1 -> of:000000000000000c:4,0.002,0.0025,0.002,0.002,2.36,2026-06-22T23:46:10,0.002,2.33
route_mutation,20260622T234610_855968,of:0000000000000005:1 -> of:000000000000000c:5,0.002,0.0025,0.002,0.002,2.26,2026-06-22T23:46:10,0.002,2.23
route_mutation,20260622T234610_855968,of:000000000000000a:1 -> of:000000000000000d:6,0.001,0.00125,0.001,0.001,1.46,2026-06-22T23:46:10,0.001,1.46
route_mutation,20260622T234610_855968,of:000000000000000b:3 -> of:000000000000000d:2,0.002,0.0025,0.002,0.002,1.73,2026-06-22T23:46:10,0.002,1.73
route_mutation,20260622T234610_855968,of:000000000000000c:3 -> of:000000000000000d:3,0.002,0.0025,0.002,0.002,1.73,2026-06-22T23:46:10,0.002,1.73
route_mutation,20260622T234610_855968,of:0000000000000005:2 -> of:0000000000000009:3,0.002,0.0025,0.002,0.002,1.7,2026-06-22T23:46:10,0.002,1.7
route_mutation,20260622T234610_855968,of:0000000000000001:1 -> of:000000000000000b:1,0.003,0.00375,0.003,0.003,3.29,2026-06-22T23:46:10,0.003,3.43
route_mutation,20260622T234610_855968,of:000000000000000b:2 -> of:000000000000000c:2,0.002,0.0025,0.002,0.002,1.73,2026-06-22T23:46:10,0.002,1.73
route_mutation,20260622T234610_855968,of:0000000000000001:2 -> of:000000000000000c:1,0.003,0.00375,0.003,0.003,3.03,2026-06-22T23:46:10,0.003,3.03
route_mutation,20260622T234610_855968,of:0000000000000006:2 -> of:000000000000000a:2,0.002,0.0025,0.002,0.002,1.7,2026-06-22T23:46:10,0.002,1.7
route_mutation,20260622T234610_855968,of:0000000000000001:3 -> of:000000000000000d:1,0.002,0.0025,0.002,0.002,2.26,2026-06-22T23:46:10,0.002,2.23
route_mutation,20260622T234610_855968,of:0000000000000003:1 -> of:000000000000000b:5,0.002,0.0025,0.002,0.002,2.56,2026-06-22T23:46:10,0.002,2.56
route_mutation,20260622T234610_855968,of:0000000000000006:1 -> of:000000000000000d:4,0.002,0.0025,0.002,0.002,1.73,2026-06-22T23:46:10,0.002,1.8
route_mutation,20260622T234610_855968,of:0000000000000007:2 -> of:000000000000000a:3,0.001,0.00125,0.001,0.001,1.63,2026-06-22T23:46:10,0.001,1.63
route_mutation,20260622T234610_855968,of:0000000000000007:1 -> of:000000000000000d:5,0.002,0.0025,0.002,0.002,2.16,2026-06-22T23:46:10,0.002,2.13
route_mutation,20260622T234610_855968,of:0000000000000002:2 -> of:0000000000000008:2,0.002,0.0025,0.002,0.002,1.7,2026-06-22T23:46:10,0.002,1.7
route_mutation,20260622T234610_855968,of:0000000000000003:2 -> of:0000000000000008:3,0.002,0.0025,0.002,0.002,1.7,2026-06-22T23:46:10,0.002,1.7
route_mutation,20260622T234610_855968,of:0000000000000008:1 -> of:000000000000000b:6,0.001,0.00125,0.001,0.001,1.5,2026-06-22T23:46:10,0.001,1.46
route_mutation,20260622T234610_855968,of:0000000000000004:2 -> of:0000000000000009:2,0.002,0.0025,0.002,0.002,1.7,2026-06-22T23:46:10,0.002,1.7
route_mutation,20260622T234610_855968,of:0000000000000002:1 -> of:000000000000000b:4,0.002,0.0025,0.002,0.002,2.4,2026-06-22T23:46:10,0.002,2.26
route_mutation,20260622T234610_855968,of:0000000000000009:1 -> of:000000000000000c:6,0.001,0.00125,0.001,0.001,1.46,2026-06-22T23:46:10,0.001,1.46
ip_shuffle,20260622T234641_165748,of:0000000000000004:1 -> of:000000000000000c:4,0.002,0.0025,0.002,0.002,2.03,2026-06-22T23:46:41,0.002,2.0
ip_shuffle,20260622T234641_165748,of:0000000000000005:1 -> of:000000000000000c:5,0.002,0.0025,0.002,0.002,2.13,2026-06-22T23:46:41,0.002,2.1
ip_shuffle,20260622T234641_165748,of:000000000000000a:1 -> of:000000000000000d:6,0.002,0.0025,0.002,0.002,2.06,2026-06-22T23:46:41,0.002,2.1
ip_shuffle,20260622T234641_165748,of:000000000000000b:3 -> of:000000000000000d:2,0.002,0.0025,0.002,0.002,2.79,2026-06-22T23:46:41,0.002,2.83
ip_shuffle,20260622T234641_165748,of:000000000000000c:3 -> of:000000000000000d:3,0.002,0.0025,0.002,0.002,2.79,2026-06-22T23:46:41,0.002,2.83
ip_shuffle,20260622T234641_165748,of:0000000000000005:2 -> of:0000000000000009:3,0.002,0.0025,0.002,0.002,2.89,2026-06-22T23:46:41,0.002,2.89
ip_shuffle,20260622T234641_165748,of:0000000000000001:1 -> of:000000000000000b:1,0.002,0.0025,0.002,0.002,2.0,2026-06-22T23:46:41,0.002,2.06
ip_shuffle,20260622T234641_165748,of:000000000000000b:2 -> of:000000000000000c:2,0.002,0.0025,0.002,0.002,2.79,2026-06-22T23:46:41,0.002,2.79
ip_shuffle,20260622T234641_165748,of:0000000000000001:2 -> of:000000000000000c:1,0.002,0.0025,0.002,0.002,2.1,2026-06-22T23:46:41,0.002,2.16
ip_shuffle,20260622T234641_165748,of:0000000000000006:2 -> of:000000000000000a:2,0.002,0.0025,0.002,0.002,2.96,2026-06-22T23:46:41,0.002,2.96
ip_shuffle,20260622T234641_165748,of:0000000000000001:3 -> of:000000000000000d:1,0.003,0.00375,0.003,0.003,4.39,2026-06-22T23:46:41,0.003,4.32
ip_shuffle,20260622T234641_165748,of:0000000000000003:1 -> of:000000000000000b:5,0.002,0.0025,0.002,0.002,2.06,2026-06-22T23:46:41,0.002,2.0
ip_shuffle,20260622T234641_165748,of:0000000000000006:1 -> of:000000000000000d:4,0.003,0.00375,0.003,0.003,3.43,2026-06-22T23:46:41,0.003,3.33
ip_shuffle,20260622T234641_165748,of:0000000000000007:2 -> of:000000000000000a:3,0.002,0.0025,0.002,0.002,2.89,2026-06-22T23:46:41,0.002,2.89
ip_shuffle,20260622T234641_165748,of:0000000000000007:1 -> of:000000000000000d:5,0.003,0.00375,0.003,0.003,3.23,2026-06-22T23:46:41,0.002,3.13
ip_shuffle,20260622T234641_165748,of:0000000000000002:2 -> of:0000000000000008:2,0.002,0.0025,0.002,0.002,2.93,2026-06-22T23:46:41,0.002,2.93
ip_shuffle,20260622T234641_165748,of:0000000000000003:2 -> of:0000000000000008:3,0.002,0.0025,0.002,0.002,2.93,2026-06-22T23:46:41,0.002,2.93
ip_shuffle,20260622T234641_165748,of:0000000000000008:1 -> of:000000000000000b:6,0.002,0.0025,0.002,0.002,2.06,2026-06-22T23:46:41,0.002,2.06
ip_shuffle,20260622T234641_165748,of:0000000000000004:2 -> of:0000000000000009:2,0.002,0.0025,0.002,0.002,2.89,2026-06-22T23:46:41,0.002,2.89
ip_shuffle,20260622T234641_165748,of:0000000000000002:1 -> of:000000000000000b:4,0.002,0.0025,0.002,0.002,2.06,2026-06-22T23:46:41,0.002,2.0
ip_shuffle,20260622T234641_165748,of:0000000000000009:1 -> of:000000000000000c:6,0.002,0.0025,0.002,0.002,2.06,2026-06-22T23:46:41,0.002,2.06
ip_shuffle,20260622T234739_039498,of:0000000000000004:1 -> of:000000000000000c:4,0.002,0.0025,0.002,0.002,2.3,2026-06-22T23:47:39,0.002,2.36
ip_shuffle,20260622T234739_039498,of:0000000000000005:1 -> of:000000000000000c:5,0.002,0.0025,0.002,0.002,1.73,2026-06-22T23:47:39,0.002,1.83
ip_shuffle,20260622T234739_039498,of:000000000000000a:1 -> of:000000000000000d:6,0.002,0.0025,0.002,0.002,1.56,2026-06-22T23:47:39,0.002,1.56
ip_shuffle,20260622T234739_039498,of:000000000000000b:3 -> of:000000000000000d:2,0.002,0.0025,0.002,0.002,1.8,2026-06-22T23:47:39,0.002,1.8
ip_shuffle,20260622T234739_039498,of:000000000000000c:3 -> of:000000000000000d:3,0.002,0.0025,0.002,0.002,1.8,2026-06-22T23:47:39,0.002,1.8
ip_shuffle,20260622T234739_039498,of:0000000000000005:2 -> of:0000000000000009:3,0.002,0.0025,0.002,0.002,1.66,2026-06-22T23:47:39,0.002,1.66
ip_shuffle,20260622T234739_039498,of:0000000000000001:1 -> of:000000000000000b:1,0.003,0.00375,0.003,0.003,3.63,2026-06-22T23:47:39,0.003,3.63
ip_shuffle,20260622T234739_039498,of:000000000000000b:2 -> of:000000000000000c:2,0.002,0.0025,0.002,0.002,1.8,2026-06-22T23:47:39,0.002,1.8
ip_shuffle,20260622T234739_039498,of:0000000000000001:2 -> of:000000000000000c:1,0.002,0.0025,0.002,0.002,2.56,2026-06-22T23:47:39,0.002,2.53
ip_shuffle,20260622T234739_039498,of:0000000000000006:2 -> of:000000000000000a:2,0.002,0.0025,0.002,0.002,1.73,2026-06-22T23:47:39,0.002,1.73
ip_shuffle,20260622T234739_039498,of:0000000000000001:3 -> of:000000000000000d:1,0.002,0.0025,0.002,0.002,2.2,2026-06-22T23:47:39,0.002,2.2
ip_shuffle,20260622T234739_039498,of:0000000000000003:1 -> of:000000000000000b:5,0.002,0.0025,0.002,0.002,2.56,2026-06-22T23:47:39,0.002,2.6
ip_shuffle,20260622T234739_039498,of:0000000000000006:1 -> of:000000000000000d:4,0.002,0.0025,0.002,0.002,2.1,2026-06-22T23:47:39,0.002,2.13
ip_shuffle,20260622T234739_039498,of:0000000000000007:2 -> of:000000000000000a:3,0.002,0.0025,0.002,0.002,1.73,2026-06-22T23:47:39,0.002,1.73
ip_shuffle,20260622T234739_039498,of:0000000000000007:1 -> of:000000000000000d:5,0.001,0.00125,0.001,0.001,1.5,2026-06-22T23:47:39,0.001,1.5
ip_shuffle,20260622T234739_039498,of:0000000000000002:2 -> of:0000000000000008:2,0.002,0.0025,0.002,0.002,1.7,2026-06-22T23:47:39,0.002,1.7
ip_shuffle,20260622T234739_039498,of:0000000000000003:2 -> of:0000000000000008:3,0.002,0.0025,0.002,0.002,1.7,2026-06-22T23:47:39,0.002,1.7
ip_shuffle,20260622T234739_039498,of:0000000000000008:1 -> of:000000000000000b:6,0.001,0.00125,0.001,0.001,1.5,2026-06-22T23:47:39,0.001,1.5
ip_shuffle,20260622T234739_039498,of:0000000000000004:2 -> of:0000000000000009:2,0.002,0.0025,0.002,0.002,1.66,2026-06-22T23:47:39,0.002,1.66
ip_shuffle,20260622T234739_039498,of:0000000000000002:1 -> of:000000000000000b:4,0.002,0.0025,0.002,0.002,2.56,2026-06-22T23:47:39,0.002,2.6
ip_shuffle,20260622T234739_039498,of:0000000000000009:1 -> of:000000000000000c:6,0.001,0.00125,0.001,0.001,1.5,2026-06-22T23:47:39,0.001,1.5
route_mutation,20260622T234843_593081,of:0000000000000004:1 -> of:000000000000000c:4,0.002,0.0025,0.002,0.002,1.43,2026-06-22T23:48:43,0.002,1.43
route_mutation,20260622T234843_593081,of:0000000000000005:1 -> of:000000000000000c:5,0.002,0.0025,0.002,0.002,1.43,2026-06-22T23:48:43,0.002,1.43
route_mutation,20260622T234843_593081,of:000000000000000a:1 -> of:000000000000000d:6,0.002,0.0025,0.002,0.002,1.43,2026-06-22T23:48:43,0.002,1.43
route_mutation,20260622T234843_593081,of:000000000000000b:3 -> of:000000000000000d:2,0.002,0.0025,0.002,0.002,1.53,2026-06-22T23:48:43,0.002,1.53
route_mutation,20260622T234843_593081,of:000000000000000c:3 -> of:000000000000000d:3,0.002,0.0025,0.002,0.002,1.53,2026-06-22T23:48:43,0.002,1.53
route_mutation,20260622T234843_593081,of:0000000000000005:2 -> of:0000000000000009:3,0.002,0.0025,0.002,0.002,1.53,2026-06-22T23:48:43,0.002,1.53
route_mutation,20260622T234843_593081,of:0000000000000001:1 -> of:000000000000000b:1,0.002,0.0025,0.002,0.002,2.6,2026-06-22T23:48:43,0.002,2.6
route_mutation,20260622T234843_593081,of:000000000000000b:2 -> of:000000000000000c:2,0.002,0.0025,0.002,0.002,1.53,2026-06-22T23:48:43,0.002,1.53
route_mutation,20260622T234843_593081,of:0000000000000001:2 -> of:000000000000000c:1,0.002,0.0025,0.002,0.002,1.43,2026-06-22T23:48:43,0.002,1.43
route_mutation,20260622T234843_593081,of:0000000000000006:2 -> of:000000000000000a:2,0.002,0.0025,0.002,0.002,1.53,2026-06-22T23:48:43,0.002,1.53
route_mutation,20260622T234843_593081,of:0000000000000001:3 -> of:000000000000000d:1,0.002,0.0025,0.002,0.002,1.43,2026-06-22T23:48:43,0.002,1.43
route_mutation,20260622T234843_593081,of:0000000000000003:1 -> of:000000000000000b:5,0.002,0.0025,0.002,0.002,1.6,2026-06-22T23:48:43,0.002,1.6
route_mutation,20260622T234843_593081,of:0000000000000006:1 -> of:000000000000000d:4,0.002,0.0025,0.002,0.002,1.43,2026-06-22T23:48:43,0.002,1.43
route_mutation,20260622T234843_593081,of:0000000000000007:2 -> of:000000000000000a:3,0.002,0.0025,0.002,0.002,1.53,2026-06-22T23:48:43,0.002,1.53
route_mutation,20260622T234843_593081,of:0000000000000007:1 -> of:000000000000000d:5,0.002,0.0025,0.002,0.002,1.43,2026-06-22T23:48:43,0.002,1.43
route_mutation,20260622T234843_593081,of:0000000000000002:2 -> of:0000000000000008:2,0.001,0.00125,0.001,0.001,1.46,2026-06-22T23:48:43,0.001,1.46
route_mutation,20260622T234843_593081,of:0000000000000003:2 -> of:0000000000000008:3,0.001,0.00125,0.001,0.001,1.46,2026-06-22T23:48:43,0.001,1.46
route_mutation,20260622T234843_593081,of:0000000000000008:1 -> of:000000000000000b:6,0.001,0.00125,0.001,0.001,1.36,2026-06-22T23:48:43,0.001,1.36
route_mutation,20260622T234843_593081,of:0000000000000004:2 -> of:0000000000000009:2,0.002,0.0025,0.002,0.002,1.6,2026-06-22T23:48:43,0.002,1.6
route_mutation,20260622T234843_593081,of:0000000000000002:1 -> of:000000000000000b:4,0.002,0.0025,0.002,0.002,2.46,2026-06-22T23:48:43,0.002,2.46
route_mutation,20260622T234843_593081,of:0000000000000009:1 -> of:000000000000000c:6,0.002,0.0025,0.002,0.002,1.43,2026-06-22T23:48:43,0.002,1.43
ip_shuffle,20260622T234914_028252,of:0000000000000004:1 -> of:000000000000000c:4,0.002,0.0025,0.002,0.002,2.43,2026-06-22T23:49:14,0.002,2.33
ip_shuffle,20260622T234914_028252,of:0000000000000005:1 -> of:000000000000000c:5,0.002,0.0025,0.002,0.002,2.43,2026-06-22T23:49:14,0.002,2.33
ip_shuffle,20260622T234914_028252,of:000000000000000a:1 -> of:000000000000000d:6,0.001,0.00125,0.001,0.001,1.46,2026-06-22T23:49:14,0.001,1.5
ip_shuffle,20260622T234914_028252,of:000000000000000b:3 -> of:000000000000000d:2,0.002,0.0025,0.002,0.002,1.76,2026-06-22T23:49:14,0.002,1.76
ip_shuffle,20260622T234914_028252,of:000000000000000c:3 -> of:000000000000000d:3,0.002,0.0025,0.002,0.002,1.76,2026-06-22T23:49:14,0.002,1.76
ip_shuffle,20260622T234914_028252,of:0000000000000005:2 -> of:0000000000000009:3,0.002,0.0025,0.002,0.002,1.9,2026-06-22T23:49:14,0.002,1.9
ip_shuffle,20260622T234914_028252,of:0000000000000001:1 -> of:000000000000000b:1,0.002,0.0025,0.002,0.002,2.36,2026-06-22T23:49:14,0.002,2.43
ip_shuffle,20260622T234914_028252,of:000000000000000b:2 -> of:000000000000000c:2,0.002,0.0025,0.002,0.002,1.73,2026-06-22T23:49:14,0.002,1.73
ip_shuffle,20260622T234914_028252,of:0000000000000001:2 -> of:000000000000000c:1,0.003,0.00375,0.003,0.003,3.06,2026-06-22T23:49:14,0.003,3.13
ip_shuffle,20260622T234914_028252,of:0000000000000006:2 -> of:000000000000000a:2,0.002,0.0025,0.002,0.002,1.9,2026-06-22T23:49:14,0.002,1.9
ip_shuffle,20260622T234914_028252,of:0000000000000001:3 -> of:000000000000000d:1,0.002,0.0025,0.002,0.002,2.1,2026-06-22T23:49:14,0.002,2.03
ip_shuffle,20260622T234914_028252,of:0000000000000003:1 -> of:000000000000000b:5,0.002,0.0025,0.002,0.002,2.4,2026-06-22T23:49:14,0.002,2.33
ip_shuffle,20260622T234914_028252,of:0000000000000006:1 -> of:000000000000000d:4,0.002,0.0025,0.002,0.002,2.13,2026-06-22T23:49:14,0.002,2.23
ip_shuffle,20260622T234914_028252,of:0000000000000007:2 -> of:000000000000000a:3,0.002,0.0025,0.002,0.002,1.9,2026-06-22T23:49:14,0.002,1.9
ip_shuffle,20260622T234914_028252,of:0000000000000007:1 -> of:000000000000000d:5,0.002,0.0025,0.002,0.002,1.63,2026-06-22T23:49:14,0.002,1.56
ip_shuffle,20260622T234914_028252,of:0000000000000002:2 -> of:0000000000000008:2,0.002,0.0025,0.002,0.002,1.86,2026-06-22T23:49:14,0.002,1.86
ip_shuffle,20260622T234914_028252,of:0000000000000003:2 -> of:0000000000000008:3,0.002,0.0025,0.002,0.002,1.86,2026-06-22T23:49:14,0.002,1.86
ip_shuffle,20260622T234914_028252,of:0000000000000008:1 -> of:000000000000000b:6,0.002,0.0025,0.002,0.002,1.53,2026-06-22T23:49:14,0.002,1.53
ip_shuffle,20260622T234914_028252,of:0000000000000004:2 -> of:0000000000000009:2,0.002,0.0025,0.002,0.002,1.9,2026-06-22T23:49:14,0.002,1.9
ip_shuffle,20260622T234914_028252,of:0000000000000002:1 -> of:000000000000000b:4,0.001,0.00125,0.001,0.001,1.56,2026-06-22T23:49:14,0.001,1.5
ip_shuffle,20260622T234914_028252,of:0000000000000009:1 -> of:000000000000000c:6,0.001,0.00125,0.001,0.001,1.46,2026-06-22T23:49:14,0.001,1.46
ip_shuffle,20260622T235011_844161,of:0000000000000004:1 -> of:000000000000000c:4,0.002,0.0025,0.002,0.002,2.06,2026-06-22T23:50:11,0.002,2.16
ip_shuffle,20260622T235011_844161,of:0000000000000005:1 -> of:000000000000000c:5,0.002,0.0025,0.002,0.002,2.06,2026-06-22T23:50:11,0.002,2.16
ip_shuffle,20260622T235011_844161,of:000000000000000a:1 -> of:000000000000000d:6,0.002,0.0025,0.002,0.002,2.23,2026-06-22T23:50:11,0.002,2.2
ip_shuffle,20260622T235011_844161,of:000000000000000b:3 -> of:000000000000000d:2,0.002,0.0025,0.002,0.002,3.09,2026-06-22T23:50:11,0.002,3.09
ip_shuffle,20260622T235011_844161,of:000000000000000c:3 -> of:000000000000000d:3,0.002,0.0025,0.002,0.002,3.09,2026-06-22T23:50:11,0.002,3.09
ip_shuffle,20260622T235011_844161,of:0000000000000005:2 -> of:0000000000000009:3,0.002,0.0025,0.002,0.002,2.96,2026-06-22T23:50:11,0.002,2.96
ip_shuffle,20260622T235011_844161,of:0000000000000001:1 -> of:000000000000000b:1,0.002,0.0025,0.002,0.002,2.23,2026-06-22T23:50:11,0.002,2.16
ip_shuffle,20260622T235011_844161,of:000000000000000b:2 -> of:000000000000000c:2,0.002,0.0025,0.002,0.002,3.13,2026-06-22T23:50:11,0.002,3.13
ip_shuffle,20260622T235011_844161,of:0000000000000001:2 -> of:000000000000000c:1,0.002,0.0025,0.002,0.002,2.23,2026-06-22T23:50:11,0.002,2.16
ip_shuffle,20260622T235011_844161,of:0000000000000006:2 -> of:000000000000000a:2,0.002,0.0025,0.002,0.002,2.96,2026-06-22T23:50:11,0.002,2.96
ip_shuffle,20260622T235011_844161,of:0000000000000001:3 -> of:000000000000000d:1,0.004,0.005,0.004,0.004,4.79,2026-06-22T23:50:11,0.004,4.86
ip_shuffle,20260622T235011_844161,of:0000000000000003:1 -> of:000000000000000b:5,0.002,0.0025,0.002,0.002,2.16,2026-06-22T23:50:11,0.002,2.23
ip_shuffle,20260622T235011_844161,of:0000000000000006:1 -> of:000000000000000d:4,0.003,0.00375,0.003,0.003,3.43,2026-06-22T23:50:11,0.003,3.33
ip_shuffle,20260622T235011_844161,of:0000000000000007:2 -> of:000000000000000a:3,0.002,0.0025,0.002,0.002,2.96,2026-06-22T23:50:11,0.002,2.96
ip_shuffle,20260622T235011_844161,of:0000000000000007:1 -> of:000000000000000d:5,0.003,0.00375,0.003,0.003,3.53,2026-06-22T23:50:11,0.003,3.59
ip_shuffle,20260622T235011_844161,of:0000000000000002:2 -> of:0000000000000008:2,0.002,0.0025,0.002,0.002,3.06,2026-06-22T23:50:11,0.002,3.06
ip_shuffle,20260622T235011_844161,of:0000000000000003:2 -> of:0000000000000008:3,0.002,0.0025,0.002,0.002,3.06,2026-06-22T23:50:11,0.002,3.06
ip_shuffle,20260622T235011_844161,of:0000000000000008:1 -> of:000000000000000b:6,0.002,0.0025,0.002,0.002,2.23,2026-06-22T23:50:11,0.002,2.23
ip_shuffle,20260622T235011_844161,of:0000000000000004:2 -> of:0000000000000009:2,0.002,0.0025,0.002,0.002,2.96,2026-06-22T23:50:11,0.002,2.96
ip_shuffle,20260622T235011_844161,of:0000000000000002:1 -> of:000000000000000b:4,0.002,0.0025,0.002,0.002,2.16,2026-06-22T23:50:11,0.002,2.23
ip_shuffle,20260622T235011_844161,of:0000000000000009:1 -> of:000000000000000c:6,0.002,0.0025,0.002,0.002,2.23,2026-06-22T23:50:11,0.002,2.23
route_mutation,20260622T235109_929024,of:0000000000000004:1 -> of:000000000000000c:4,0.002,0.0025,0.002,0.002,2.23,2026-06-22T23:51:09,0.002,2.23
route_mutation,20260622T235109_929024,of:0000000000000005:1 -> of:000000000000000c:5,0.002,0.0025,0.002,0.002,2.13,2026-06-22T23:51:09,0.002,2.13
route_mutation,20260622T235109_929024,of:000000000000000a:1 -> of:000000000000000d:6,0.001,0.00125,0.001,0.001,1.43,2026-06-22T23:51:09,0.001,1.4
route_mutation,20260622T235109_929024,of:000000000000000b:3 -> of:000000000000000d:2,0.002,0.0025,0.002,0.002,1.56,2026-06-22T23:51:09,0.002,1.56
route_mutation,20260622T235109_929024,of:000000000000000c:3 -> of:000000000000000d:3,0.002,0.0025,0.002,0.002,1.56,2026-06-22T23:51:09,0.002,1.56
route_mutation,20260622T235109_929024,of:0000000000000005:2 -> of:0000000000000009:3,0.002,0.0025,0.002,0.002,1.6,2026-06-22T23:51:09,0.002,1.6
route_mutation,20260622T235109_929024,of:0000000000000001:1 -> of:000000000000000b:1,0.003,0.00375,0.003,0.003,3.13,2026-06-22T23:51:09,0.003,3.23
route_mutation,20260622T235109_929024,of:000000000000000b:2 -> of:000000000000000c:2,0.001,0.00125,0.001,0.001,1.53,2026-06-22T23:51:09,0.001,1.53
route_mutation,20260622T235109_929024,of:0000000000000001:2 -> of:000000000000000c:1,0.003,0.00375,0.003,0.003,2.86,2026-06-22T23:51:09,0.003,2.83
route_mutation,20260622T235109_929024,of:0000000000000006:2 -> of:000000000000000a:2,0.002,0.0025,0.002,0.002,1.56,2026-06-22T23:51:09,0.002,1.56
route_mutation,20260622T235109_929024,of:0000000000000001:3 -> of:000000000000000d:1,0.002,0.0025,0.002,0.002,2.06,2026-06-22T23:51:09,0.002,2.06
route_mutation,20260622T235109_929024,of:0000000000000003:1 -> of:000000000000000b:5,0.002,0.0025,0.002,0.002,2.4,2026-06-22T23:51:09,0.002,2.4
route_mutation,20260622T235109_929024,of:0000000000000006:1 -> of:000000000000000d:4,0.002,0.0025,0.002,0.002,2.13,2026-06-22T23:51:09,0.002,2.13
route_mutation,20260622T235109_929024,of:0000000000000007:2 -> of:000000000000000a:3,0.002,0.0025,0.002,0.002,1.56,2026-06-22T23:51:09,0.002,1.56
route_mutation,20260622T235109_929024,of:0000000000000007:1 -> of:000000000000000d:5,0.002,0.0025,0.002,0.002,1.5,2026-06-22T23:51:09,0.002,1.46
route_mutation,20260622T235109_929024,of:0000000000000002:2 -> of:0000000000000008:2,0.002,0.0025,0.002,0.002,1.6,2026-06-22T23:51:09,0.002,1.6
route_mutation,20260622T235109_929024,of:0000000000000003:2 -> of:0000000000000008:3,0.002,0.0025,0.002,0.002,1.6,2026-06-22T23:51:09,0.002,1.6
route_mutation,20260622T235109_929024,of:0000000000000008:1 -> of:000000000000000b:6,0.001,0.00125,0.001,0.001,1.43,2026-06-22T23:51:09,0.001,1.43
route_mutation,20260622T235109_929024,of:0000000000000004:2 -> of:0000000000000009:2,0.002,0.0025,0.002,0.002,1.6,2026-06-22T23:51:09,0.002,1.6
route_mutation,20260622T235109_929024,of:0000000000000002:1 -> of:000000000000000b:4,0.002,0.0025,0.002,0.002,2.23,2026-06-22T23:51:09,0.002,2.1
route_mutation,20260622T235109_929024,of:0000000000000009:1 -> of:000000000000000c:6,0.001,0.00125,0.001,0.001,1.36,2026-06-22T23:51:09,0.001,1.36
ip_shuffle,20260622T235140_175408,of:0000000000000004:1 -> of:000000000000000c:4,0.002,0.0025,0.002,0.002,2.16,2026-06-22T23:51:40,0.002,2.1
ip_shuffle,20260622T235140_175408,of:0000000000000005:1 -> of:000000000000000c:5,0.002,0.0025,0.002,0.002,2.26,2026-06-22T23:51:40,0.002,2.2
ip_shuffle,20260622T235140_175408,of:000000000000000a:1 -> of:000000000000000d:6,0.002,0.0025,0.002,0.002,2.06,2026-06-22T23:51:40,0.002,2.1
ip_shuffle,20260622T235140_175408,of:000000000000000b:3 -> of:000000000000000d:2,0.002,0.0025,0.002,0.002,2.9,2026-06-22T23:51:40,0.002,2.9
ip_shuffle,20260622T235140_175408,of:000000000000000c:3 -> of:000000000000000d:3,0.002,0.0025,0.002,0.002,2.93,2026-06-22T23:51:40,0.002,2.93
ip_shuffle,20260622T235140_175408,of:0000000000000005:2 -> of:0000000000000009:3,0.002,0.0025,0.002,0.002,3.26,2026-06-22T23:51:40,0.002,3.26
ip_shuffle,20260622T235140_175408,of:0000000000000001:1 -> of:000000000000000b:1,0.002,0.0025,0.002,0.002,2.13,2026-06-22T23:51:40,0.002,2.23
ip_shuffle,20260622T235140_175408,of:000000000000000b:2 -> of:000000000000000c:2,0.002,0.0025,0.002,0.002,2.96,2026-06-22T23:51:40,0.002,2.96
ip_shuffle,20260622T235140_175408,of:0000000000000001:2 -> of:000000000000000c:1,0.002,0.0025,0.002,0.002,2.26,2026-06-22T23:51:40,0.002,2.33
ip_shuffle,20260622T235140_175408,of:0000000000000006:2 -> of:000000000000000a:2,0.002,0.0025,0.002,0.002,2.96,2026-06-22T23:51:40,0.002,2.96
ip_shuffle,20260622T235140_175408,of:0000000000000001:3 -> of:000000000000000d:1,0.003,0.00375,0.003,0.003,4.19,2026-06-22T23:51:40,0.003,4.13
ip_shuffle,20260622T235140_175408,of:0000000000000003:1 -> of:000000000000000b:5,0.002,0.0025,0.002,0.002,2.23,2026-06-22T23:51:40,0.002,2.13
ip_shuffle,20260622T235140_175408,of:0000000000000006:1 -> of:000000000000000d:4,0.002,0.0025,0.002,0.002,3.16,2026-06-22T23:51:40,0.002,3.06
ip_shuffle,20260622T235140_175408,of:0000000000000007:2 -> of:000000000000000a:3,0.002,0.0025,0.002,0.002,3.0,2026-06-22T23:51:40,0.002,3.0
ip_shuffle,20260622T235140_175408,of:0000000000000007:1 -> of:000000000000000d:5,0.003,0.00375,0.003,0.002,3.0,2026-06-22T23:51:40,0.003,3.23
ip_shuffle,20260622T235140_175408,of:0000000000000002:2 -> of:0000000000000008:2,0.002,0.0025,0.002,0.002,3.06,2026-06-22T23:51:40,0.002,3.06
ip_shuffle,20260622T235140_175408,of:0000000000000003:2 -> of:0000000000000008:3,0.002,0.0025,0.002,0.002,3.06,2026-06-22T23:51:40,0.002,3.06
ip_shuffle,20260622T235140_175408,of:0000000000000008:1 -> of:000000000000000b:6,0.002,0.0025,0.002,0.002,2.16,2026-06-22T23:51:40,0.002,2.06
ip_shuffle,20260622T235140_175408,of:0000000000000004:2 -> of:0000000000000009:2,0.002,0.0025,0.002,0.002,3.26,2026-06-22T23:51:40,0.002,3.26
ip_shuffle,20260622T235140_175408,of:0000000000000002:1 -> of:000000000000000b:4,0.002,0.0025,0.002,0.002,2.23,2026-06-22T23:51:40,0.002,2.13
ip_shuffle,20260622T235140_175408,of:0000000000000009:1 -> of:000000000000000c:6,0.002,0.0025,0.002,0.002,2.43,2026-06-22T23:51:40,0.002,2.3
ip_shuffle,20260622T235244_577205,of:0000000000000004:1 -> of:000000000000000c:4,0.002,0.0025,0.002,0.002,2.13,2026-06-22T23:52:44,0.002,2.03
ip_shuffle,20260622T235244_577205,of:0000000000000005:1 -> of:000000000000000c:5,0.002,0.0025,0.002,0.002,2.73,2026-06-22T23:52:44,0.002,2.63
ip_shuffle,20260622T235244_577205,of:000000000000000a:1 -> of:000000000000000d:6,0.002,0.0025,0.002,0.002,2.13,2026-06-22T23:52:44,0.002,1.99
ip_shuffle,20260622T235244_577205,of:000000000000000b:3 -> of:000000000000000d:2,0.002,0.0025,0.002,0.002,2.43,2026-06-22T23:52:44,0.002,2.43
ip_shuffle,20260622T235244_577205,of:000000000000000c:3 -> of:000000000000000d:3,0.002,0.0025,0.002,0.002,2.46,2026-06-22T23:52:44,0.002,2.46
ip_shuffle,20260622T235244_577205,of:0000000000000005:2 -> of:0000000000000009:3,0.002,0.0025,0.002,0.002,2.69,2026-06-22T23:52:44,0.002,2.69
ip_shuffle,20260622T235244_577205,of:0000000000000001:1 -> of:000000000000000b:1,0.002,0.0025,0.002,0.002,1.89,2026-06-22T23:52:44,0.002,1.99
ip_shuffle,20260622T235244_577205,of:000000000000000b:2 -> of:000000000000000c:2,0.002,0.0025,0.002,0.002,2.49,2026-06-22T23:52:44,0.002,2.49
ip_shuffle,20260622T235244_577205,of:0000000000000001:2 -> of:000000000000000c:1,0.002,0.0025,0.002,0.002,2.86,2026-06-22T23:52:44,0.002,2.93
ip_shuffle,20260622T235244_577205,of:0000000000000006:2 -> of:000000000000000a:2,0.002,0.0025,0.002,0.002,2.83,2026-06-22T23:52:44,0.002,2.83
ip_shuffle,20260622T235244_577205,of:0000000000000001:3 -> of:000000000000000d:1,0.003,0.00375,0.003,0.003,3.52,2026-06-22T23:52:44,0.003,3.42
ip_shuffle,20260622T235244_577205,of:0000000000000003:1 -> of:000000000000000b:5,0.002,0.0025,0.002,0.002,2.03,2026-06-22T23:52:44,0.002,1.89
ip_shuffle,20260622T235244_577205,of:0000000000000006:1 -> of:000000000000000d:4,0.002,0.0025,0.002,0.002,3.09,2026-06-22T23:52:44,0.002,2.99
ip_shuffle,20260622T235244_577205,of:0000000000000007:2 -> of:000000000000000a:3,0.002,0.0025,0.002,0.002,2.83,2026-06-22T23:52:44,0.002,2.83
ip_shuffle,20260622T235244_577205,of:0000000000000007:1 -> of:000000000000000d:5,0.002,0.0025,0.002,0.002,2.19,2026-06-22T23:52:44,0.002,2.36
ip_shuffle,20260622T235244_577205,of:0000000000000002:2 -> of:0000000000000008:2,0.002,0.0025,0.002,0.002,2.69,2026-06-22T23:52:44,0.002,2.76
ip_shuffle,20260622T235244_577205,of:0000000000000003:2 -> of:0000000000000008:3,0.002,0.0025,0.002,0.002,2.76,2026-06-22T23:52:44,0.002,2.76
ip_shuffle,20260622T235244_577205,of:0000000000000008:1 -> of:000000000000000b:6,0.002,0.0025,0.002,0.002,2.06,2026-06-22T23:52:44,0.002,1.89
ip_shuffle,20260622T235244_577205,of:0000000000000004:2 -> of:0000000000000009:2,0.002,0.0025,0.002,0.002,2.69,2026-06-22T23:52:44,0.002,2.69
ip_shuffle,20260622T235244_577205,of:0000000000000002:1 -> of:000000000000000b:4,0.002,0.0025,0.002,0.002,2.03,2026-06-22T23:52:44,0.002,1.89
ip_shuffle,20260622T235244_577205,of:0000000000000009:1 -> of:000000000000000c:6,0.002,0.0025,0.002,0.002,2.06,2026-06-22T23:52:44,0.002,1.93
ip_shuffle,20260622T235342_390234,of:0000000000000004:1 -> of:000000000000000c:4,0.002,0.0025,0.002,0.002,1.66,2026-06-22T23:53:42,0.002,1.76
ip_shuffle,20260622T235342_390234,of:0000000000000005:1 -> of:000000000000000c:5,0.002,0.0025,0.002,0.002,1.66,2026-06-22T23:53:42,0.002,1.76
ip_shuffle,20260622T235342_390234,of:000000000000000a:1 -> of:000000000000000d:6,0.002,0.0025,0.002,0.002,1.56,2026-06-22T23:53:42,0.002,1.7
ip_shuffle,20260622T235342_390234,of:000000000000000b:3 -> of:000000000000000d:2,0.002,0.0025,0.002,0.002,2.23,2026-06-22T23:53:42,0.002,2.23
ip_shuffle,20260622T235342_390234,of:000000000000000c:3 -> of:000000000000000d:3,0.002,0.0025,0.002,0.002,2.2,2026-06-22T23:53:42,0.002,2.2
ip_shuffle,20260622T235342_390234,of:0000000000000005:2 -> of:0000000000000009:3,0.002,0.0025,0.002,0.002,1.9,2026-06-22T23:53:42,0.002,1.9
ip_shuffle,20260622T235342_390234,of:0000000000000001:1 -> of:000000000000000b:1,0.002,0.0025,0.002,0.002,1.8,2026-06-22T23:53:42,0.002,1.7
ip_shuffle,20260622T235342_390234,of:000000000000000b:2 -> of:000000000000000c:2,0.002,0.0025,0.002,0.002,2.23,2026-06-22T23:53:42,0.002,2.23
ip_shuffle,20260622T235342_390234,of:0000000000000001:2 -> of:000000000000000c:1,0.002,0.0025,0.002,0.002,1.76,2026-06-22T23:53:42,0.002,1.7
ip_shuffle,20260622T235342_390234,of:0000000000000006:2 -> of:000000000000000a:2,0.002,0.0025,0.002,0.002,1.9,2026-06-22T23:53:42,0.002,1.9
ip_shuffle,20260622T235342_390234,of:0000000000000001:3 -> of:000000000000000d:1,0.003,0.00375,0.003,0.003,3.33,2026-06-22T23:53:42,0.003,3.43
ip_shuffle,20260622T235342_390234,of:0000000000000003:1 -> of:000000000000000b:5,0.002,0.0025,0.002,0.002,1.66,2026-06-22T23:53:42,0.002,1.8
ip_shuffle,20260622T235342_390234,of:0000000000000006:1 -> of:000000000000000d:4,0.002,0.0025,0.002,0.002,2.3,2026-06-22T23:53:42,0.002,2.4
ip_shuffle,20260622T235342_390234,of:0000000000000007:2 -> of:000000000000000a:3,0.002,0.0025,0.002,0.002,1.9,2026-06-22T23:53:42,0.002,1.9
ip_shuffle,20260622T235342_390234,of:0000000000000007:1 -> of:000000000000000d:5,0.002,0.0025,0.002,0.002,2.76,2026-06-22T23:53:42,0.002,2.6
ip_shuffle,20260622T235342_390234,of:0000000000000002:2 -> of:0000000000000008:2,0.002,0.0025,0.002,0.002,1.96,2026-06-22T23:53:42,0.002,1.9
ip_shuffle,20260622T235342_390234,of:0000000000000003:2 -> of:0000000000000008:3,0.002,0.0025,0.002,0.002,1.9,2026-06-22T23:53:42,0.002,1.9
ip_shuffle,20260622T235342_390234,of:0000000000000008:1 -> of:000000000000000b:6,0.002,0.0025,0.002,0.002,1.56,2026-06-22T23:53:42,0.002,1.73
ip_shuffle,20260622T235342_390234,of:0000000000000004:2 -> of:0000000000000009:2,0.002,0.0025,0.002,0.002,1.9,2026-06-22T23:53:42,0.002,1.9
ip_shuffle,20260622T235342_390234,of:0000000000000002:1 -> of:000000000000000b:4,0.002,0.0025,0.002,0.002,1.66,2026-06-22T23:53:42,0.002,1.8
ip_shuffle,20260622T235342_390234,of:0000000000000009:1 -> of:000000000000000c:6,0.002,0.0025,0.002,0.002,1.56,2026-06-22T23:53:42,0.002,1.7
route_mutation,20260622T235440_340402,of:0000000000000004:1 -> of:000000000000000c:4,0.002,0.0025,0.002,0.002,2.53,2026-06-22T23:54:40,0.002,2.56
route_mutation,20260622T235440_340402,of:0000000000000005:1 -> of:000000000000000c:5,0.002,0.0025,0.002,0.002,2.56,2026-06-22T23:54:40,0.002,2.56
route_mutation,20260622T235440_340402,of:000000000000000a:1 -> of:000000000000000d:6,0.002,0.0025,0.002,0.002,1.73,2026-06-22T23:54:40,0.002,1.76
route_mutation,20260622T235440_340402,of:000000000000000b:3 -> of:000000000000000d:2,0.002,0.0025,0.002,0.002,2.23,2026-06-22T23:54:40,0.002,2.23
route_mutation,20260622T235440_340402,of:000000000000000c:3 -> of:000000000000000d:3,0.002,0.0025,0.002,0.002,2.26,2026-06-22T23:54:40,0.002,2.26
route_mutation,20260622T235440_340402,of:0000000000000005:2 -> of:0000000000000009:3,0.002,0.0025,0.002,0.002,2.23,2026-06-22T23:54:40,0.002,2.23
route_mutation,20260622T235440_340402,of:0000000000000001:1 -> of:000000000000000b:1,0.002,0.0025,0.002,0.002,1.93,2026-06-22T23:54:40,0.002,1.9
route_mutation,20260622T235440_340402,of:000000000000000b:2 -> of:000000000000000c:2,0.002,0.0025,0.002,0.002,2.3,2026-06-22T23:54:40,0.002,2.3
route_mutation,20260622T235440_340402,of:0000000000000001:2 -> of:000000000000000c:1,0.003,0.00375,0.003,0.003,3.43,2026-06-22T23:54:40,0.003,3.43
route_mutation,20260622T235440_340402,of:0000000000000006:2 -> of:000000000000000a:2,0.002,0.0025,0.002,0.002,2.26,2026-06-22T23:54:40,0.002,2.26
route_mutation,20260622T235440_340402,of:0000000000000001:3 -> of:000000000000000d:1,0.003,0.00375,0.003,0.003,3.56,2026-06-22T23:54:40,0.003,3.33
route_mutation,20260622T235440_340402,of:0000000000000003:1 -> of:000000000000000b:5,0.002,0.0025,0.002,0.002,1.9,2026-06-22T23:54:40,0.002,1.93
route_mutation,20260622T235440_340402,of:0000000000000006:1 -> of:000000000000000d:4,0.002,0.0025,0.002,0.002,2.66,2026-06-22T23:54:40,0.002,2.83
route_mutation,20260622T235440_340402,of:0000000000000007:2 -> of:000000000000000a:3,0.002,0.0025,0.002,0.002,2.26,2026-06-22T23:54:40,0.002,2.26
route_mutation,20260622T235440_340402,of:0000000000000007:1 -> of:000000000000000d:5,0.002,0.0025,0.002,0.002,2.36,2026-06-22T23:54:40,0.002,2.43
route_mutation,20260622T235440_340402,of:0000000000000002:2 -> of:0000000000000008:2,0.002,0.0025,0.002,0.002,2.3,2026-06-22T23:54:40,0.002,2.3
route_mutation,20260622T235440_340402,of:0000000000000003:2 -> of:0000000000000008:3,0.002,0.0025,0.002,0.002,2.3,2026-06-22T23:54:40,0.002,2.3
route_mutation,20260622T235440_340402,of:0000000000000008:1 -> of:000000000000000b:6,0.002,0.0025,0.002,0.002,1.8,2026-06-22T23:54:40,0.002,1.73
route_mutation,20260622T235440_340402,of:0000000000000004:2 -> of:0000000000000009:2,0.002,0.0025,0.002,0.002,2.23,2026-06-22T23:54:40,0.002,2.23
route_mutation,20260622T235440_340402,of:0000000000000002:1 -> of:000000000000000b:4,0.002,0.0025,0.002,0.002,1.83,2026-06-22T23:54:40,0.002,1.8
route_mutation,20260622T235440_340402,of:0000000000000009:1 -> of:000000000000000c:6,0.002,0.0025,0.002,0.002,1.8,2026-06-22T23:54:40,0.002,1.83
ip_shuffle,20260622T235510_755352,of:0000000000000004:1 -> of:000000000000000c:4,0.002,0.0025,0.002,0.002,1.89,2026-06-22T23:55:10,0.002,1.99
ip_shuffle,20260622T235510_755352,of:0000000000000005:1 -> of:000000000000000c:5,0.002,0.0025,0.002,0.002,1.89,2026-06-22T23:55:10,0.002,1.99
ip_shuffle,20260622T235510_755352,of:000000000000000a:1 -> of:000000000000000d:6,0.002,0.0025,0.002,0.002,1.8,2026-06-22T23:55:10,0.002,1.93
ip_shuffle,20260622T235510_755352,of:000000000000000b:3 -> of:000000000000000d:2,0.002,0.0025,0.002,0.002,2.46,2026-06-22T23:55:10,0.002,2.46
ip_shuffle,20260622T235510_755352,of:000000000000000c:3 -> of:000000000000000d:3,0.002,0.0025,0.002,0.002,2.66,2026-06-22T23:55:10,0.002,2.66
ip_shuffle,20260622T235510_755352,of:0000000000000005:2 -> of:0000000000000009:3,0.002,0.0025,0.002,0.002,2.36,2026-06-22T23:55:10,0.002,2.36
ip_shuffle,20260622T235510_755352,of:0000000000000001:1 -> of:000000000000000b:1,0.002,0.0025,0.002,0.002,1.8,2026-06-22T23:55:10,0.002,1.83
ip_shuffle,20260622T235510_755352,of:000000000000000b:2 -> of:000000000000000c:2,0.002,0.0025,0.002,0.002,2.46,2026-06-22T23:55:10,0.002,2.46
ip_shuffle,20260622T235510_755352,of:0000000000000001:2 -> of:000000000000000c:1,0.002,0.0025,0.002,0.002,1.99,2026-06-22T23:55:10,0.002,1.89
ip_shuffle,20260622T235510_755352,of:0000000000000006:2 -> of:000000000000000a:2,0.002,0.0025,0.002,0.002,2.33,2026-06-22T23:55:10,0.002,2.33
ip_shuffle,20260622T235510_755352,of:0000000000000001:3 -> of:000000000000000d:1,0.003,0.00375,0.003,0.003,3.42,2026-06-22T23:55:10,0.003,3.56
ip_shuffle,20260622T235510_755352,of:0000000000000003:1 -> of:000000000000000b:5,0.002,0.0025,0.002,0.002,1.83,2026-06-22T23:55:10,0.002,1.8
ip_shuffle,20260622T235510_755352,of:0000000000000006:1 -> of:000000000000000d:4,0.002,0.0025,0.002,0.002,2.13,2026-06-22T23:55:10,0.002,2.06
ip_shuffle,20260622T235510_755352,of:0000000000000007:2 -> of:000000000000000a:3,0.002,0.0025,0.002,0.002,2.33,2026-06-22T23:55:10,0.002,2.33
ip_shuffle,20260622T235510_755352,of:0000000000000007:1 -> of:000000000000000d:5,0.003,0.00375,0.003,0.003,3.26,2026-06-22T23:55:10,0.003,3.29
ip_shuffle,20260622T235510_755352,of:0000000000000002:2 -> of:0000000000000008:2,0.002,0.0025,0.002,0.002,2.43,2026-06-22T23:55:10,0.002,2.43
ip_shuffle,20260622T235510_755352,of:0000000000000003:2 -> of:0000000000000008:3,0.002,0.0025,0.002,0.002,2.43,2026-06-22T23:55:10,0.002,2.43
ip_shuffle,20260622T235510_755352,of:0000000000000008:1 -> of:000000000000000b:6,0.002,0.0025,0.002,0.002,1.8,2026-06-22T23:55:10,0.002,1.8
ip_shuffle,20260622T235510_755352,of:0000000000000004:2 -> of:0000000000000009:2,0.002,0.0025,0.002,0.002,2.36,2026-06-22T23:55:10,0.002,2.36
ip_shuffle,20260622T235510_755352,of:0000000000000002:1 -> of:000000000000000b:4,0.002,0.0025,0.002,0.002,1.83,2026-06-22T23:55:10,0.002,1.8
ip_shuffle,20260622T235510_755352,of:0000000000000009:1 -> of:000000000000000c:6,0.002,0.0025,0.002,0.002,1.8,2026-06-22T23:55:10,0.002,1.93
ip_shuffle,20260622T235608_580008,of:0000000000000004:1 -> of:000000000000000c:4,0.002,0.0025,0.002,0.002,2.5,2026-06-22T23:56:08,0.002,2.6
ip_shuffle,20260622T235608_580008,of:0000000000000005:1 -> of:000000000000000c:5,0.002,0.0025,0.002,0.002,2.5,2026-06-22T23:56:08,0.002,2.6
ip_shuffle,20260622T235608_580008,of:000000000000000a:1 -> of:000000000000000d:6,0.002,0.0025,0.002,0.002,1.6,2026-06-22T23:56:08,0.002,1.56
ip_shuffle,20260622T235608_580008,of:000000000000000b:3 -> of:000000000000000d:2,0.002,0.0025,0.002,0.002,1.9,2026-06-22T23:56:08,0.002,1.9
ip_shuffle,20260622T235608_580008,of:000000000000000c:3 -> of:000000000000000d:3,0.002,0.0025,0.002,0.002,2.1,2026-06-22T23:56:08,0.002,2.1
ip_shuffle,20260622T235608_580008,of:0000000000000005:2 -> of:0000000000000009:3,0.002,0.0025,0.002,0.002,1.9,2026-06-22T23:56:08,0.002,1.9
ip_shuffle,20260622T235608_580008,of:0000000000000001:1 -> of:000000000000000b:1,0.002,0.0025,0.002,0.002,2.5,2026-06-22T23:56:08,0.002,2.46
ip_shuffle,20260622T235608_580008,of:000000000000000b:2 -> of:000000000000000c:2,0.002,0.0025,0.002,0.002,2.2,2026-06-22T23:56:08,0.002,2.2
ip_shuffle,20260622T235608_580008,of:0000000000000001:2 -> of:000000000000000c:1,0.003,0.00375,0.003,0.003,3.46,2026-06-22T23:56:08,0.003,3.36
ip_shuffle,20260622T235608_580008,of:0000000000000006:2 -> of:000000000000000a:2,0.002,0.0025,0.002,0.002,1.9,2026-06-22T23:56:08,0.002,1.9
ip_shuffle,20260622T235608_580008,of:0000000000000001:3 -> of:000000000000000d:1,0.002,0.0025,0.002,0.002,2.56,2026-06-22T23:56:08,0.002,2.5
ip_shuffle,20260622T235608_580008,of:0000000000000003:1 -> of:000000000000000b:5,0.002,0.0025,0.002,0.002,2.4,2026-06-22T23:56:08,0.002,2.43
ip_shuffle,20260622T235608_580008,of:0000000000000006:1 -> of:000000000000000d:4,0.002,0.0025,0.002,0.002,2.46,2026-06-22T23:56:08,0.002,2.56
ip_shuffle,20260622T235608_580008,of:0000000000000007:2 -> of:000000000000000a:3,0.002,0.0025,0.002,0.002,1.9,2026-06-22T23:56:08,0.002,1.9
ip_shuffle,20260622T235608_580008,of:0000000000000007:1 -> of:000000000000000d:5,0.001,0.00125,0.001,0.001,1.5,2026-06-22T23:56:08,0.001,1.5
ip_shuffle,20260622T235608_580008,of:0000000000000002:2 -> of:0000000000000008:2,0.002,0.0025,0.002,0.002,1.96,2026-06-22T23:56:08,0.002,1.96
ip_shuffle,20260622T235608_580008,of:0000000000000003:2 -> of:0000000000000008:3,0.002,0.0025,0.002,0.002,1.96,2026-06-22T23:56:08,0.002,1.96
ip_shuffle,20260622T235608_580008,of:0000000000000008:1 -> of:000000000000000b:6,0.002,0.0025,0.002,0.002,1.66,2026-06-22T23:56:08,0.002,1.66
ip_shuffle,20260622T235608_580008,of:0000000000000004:2 -> of:0000000000000009:2,0.002,0.0025,0.002,0.002,1.9,2026-06-22T23:56:08,0.002,1.9
ip_shuffle,20260622T235608_580008,of:0000000000000002:1 -> of:000000000000000b:4,0.002,0.0025,0.002,0.002,1.63,2026-06-22T23:56:08,0.002,1.66
ip_shuffle,20260622T235608_580008,of:0000000000000009:1 -> of:000000000000000c:6,0.002,0.0025,0.002,0.002,1.8,2026-06-22T23:56:08,0.002,1.86
route_mutation,20260622T235712_958303,of:0000000000000004:1 -> of:000000000000000c:4,0.002,0.0025,0.002,0.002,1.5,2026-06-22T23:57:12,0.002,1.5
route_mutation,20260622T235712_958303,of:0000000000000005:1 -> of:000000000000000c:5,0.002,0.0025,0.002,0.002,1.5,2026-06-22T23:57:12,0.002,1.5
route_mutation,20260622T235712_958303,of:000000000000000a:1 -> of:000000000000000d:6,0.002,0.0025,0.002,0.002,1.5,2026-06-22T23:57:12,0.002,1.5
route_mutation,20260622T235712_958303,of:000000000000000b:3 -> of:000000000000000d:2,0.002,0.0025,0.002,0.002,1.66,2026-06-22T23:57:12,0.002,1.66
route_mutation,20260622T235712_958303,of:000000000000000c:3 -> of:000000000000000d:3,0.002,0.0025,0.002,0.002,1.66,2026-06-22T23:57:12,0.002,1.66
route_mutation,20260622T235712_958303,of:0000000000000005:2 -> of:0000000000000009:3,0.002,0.0025,0.002,0.002,1.66,2026-06-22T23:57:12,0.002,1.66
route_mutation,20260622T235712_958303,of:0000000000000001:1 -> of:000000000000000b:1,0.002,0.0025,0.002,0.002,1.63,2026-06-22T23:57:12,0.002,1.7
route_mutation,20260622T235712_958303,of:000000000000000b:2 -> of:000000000000000c:2,0.002,0.0025,0.002,0.002,1.66,2026-06-22T23:57:12,0.002,1.66
route_mutation,20260622T235712_958303,of:0000000000000001:2 -> of:000000000000000c:1,0.001,0.00125,0.001,0.001,1.43,2026-06-22T23:57:12,0.001,1.43
route_mutation,20260622T235712_958303,of:0000000000000006:2 -> of:000000000000000a:2,0.002,0.0025,0.002,0.002,1.66,2026-06-22T23:57:12,0.002,1.66
route_mutation,20260622T235712_958303,of:0000000000000001:3 -> of:000000000000000d:1,0.002,0.0025,0.002,0.002,2.6,2026-06-22T23:57:12,0.002,2.7
route_mutation,20260622T235712_958303,of:0000000000000003:1 -> of:000000000000000b:5,0.002,0.0025,0.002,0.002,1.5,2026-06-22T23:57:12,0.002,1.5
route_mutation,20260622T235712_958303,of:0000000000000006:1 -> of:000000000000000d:4,0.002,0.0025,0.002,0.002,1.5,2026-06-22T23:57:12,0.002,1.5
route_mutation,20260622T235712_958303,of:0000000000000007:2 -> of:000000000000000a:3,0.002,0.0025,0.002,0.002,1.66,2026-06-22T23:57:12,0.002,1.66
route_mutation,20260622T235712_958303,of:0000000000000007:1 -> of:000000000000000d:5,0.002,0.0025,0.002,0.002,2.66,2026-06-22T23:57:12,0.002,2.56
route_mutation,20260622T235712_958303,of:0000000000000002:2 -> of:0000000000000008:2,0.002,0.0025,0.002,0.002,1.66,2026-06-22T23:57:12,0.002,1.66
route_mutation,20260622T235712_958303,of:0000000000000003:2 -> of:0000000000000008:3,0.002,0.0025,0.002,0.002,1.66,2026-06-22T23:57:12,0.002,1.66
route_mutation,20260622T235712_958303,of:0000000000000008:1 -> of:000000000000000b:6,0.002,0.0025,0.002,0.002,1.5,2026-06-22T23:57:12,0.002,1.5
route_mutation,20260622T235712_958303,of:0000000000000004:2 -> of:0000000000000009:2,0.002,0.0025,0.002,0.002,1.66,2026-06-22T23:57:12,0.002,1.66
route_mutation,20260622T235712_958303,of:0000000000000002:1 -> of:000000000000000b:4,0.002,0.0025,0.002,0.002,1.8,2026-06-22T23:57:12,0.002,1.8
route_mutation,20260622T235712_958303,of:0000000000000009:1 -> of:000000000000000c:6,0.002,0.0025,0.002,0.002,1.5,2026-06-22T23:57:12,0.002,1.5
ip_shuffle,20260622T235743_358898,of:0000000000000004:1 -> of:000000000000000c:4,0.002,0.0025,0.002,0.002,2.16,2026-06-22T23:57:43,0.002,2.2
ip_shuffle,20260622T235743_358898,of:0000000000000005:1 -> of:000000000000000c:5,0.002,0.0025,0.002,0.002,2.2,2026-06-22T23:57:43,0.002,2.23
ip_shuffle,20260622T235743_358898,of:000000000000000a:1 -> of:000000000000000d:6,0.001,0.00125,0.001,0.001,1.4,2026-06-22T23:57:43,0.001,1.43
ip_shuffle,20260622T235743_358898,of:000000000000000b:3 -> of:000000000000000d:2,0.002,0.0025,0.002,0.002,1.56,2026-06-22T23:57:43,0.002,1.56
ip_shuffle,20260622T235743_358898,of:000000000000000c:3 -> of:000000000000000d:3,0.002,0.0025,0.002,0.002,1.56,2026-06-22T23:57:43,0.002,1.56
ip_shuffle,20260622T235743_358898,of:0000000000000005:2 -> of:0000000000000009:3,0.001,0.00125,0.001,0.001,1.5,2026-06-22T23:57:43,0.001,1.5
ip_shuffle,20260622T235743_358898,of:0000000000000001:1 -> of:000000000000000b:1,0.003,0.00375,0.003,0.003,3.33,2026-06-22T23:57:43,0.003,3.23
ip_shuffle,20260622T235743_358898,of:000000000000000b:2 -> of:000000000000000c:2,0.002,0.0025,0.002,0.002,1.6,2026-06-22T23:57:43,0.002,1.6
ip_shuffle,20260622T235743_358898,of:0000000000000001:2 -> of:000000000000000c:1,0.003,0.00375,0.003,0.003,3.03,2026-06-22T23:57:43,0.003,2.99
ip_shuffle,20260622T235743_358898,of:0000000000000006:2 -> of:000000000000000a:2,0.002,0.0025,0.002,0.002,1.53,2026-06-22T23:57:43,0.002,1.53
ip_shuffle,20260622T235743_358898,of:0000000000000001:3 -> of:000000000000000d:1,0.001,0.00125,0.001,0.001,1.43,2026-06-22T23:57:43,0.001,1.36
ip_shuffle,20260622T235743_358898,of:0000000000000003:1 -> of:000000000000000b:5,0.002,0.0025,0.002,0.002,2.4,2026-06-22T23:57:43,0.002,2.43
ip_shuffle,20260622T235743_358898,of:0000000000000006:1 -> of:000000000000000d:4,0.001,0.00125,0.001,0.001,1.33,2026-06-22T23:57:43,0.001,1.4
ip_shuffle,20260622T235743_358898,of:0000000000000007:2 -> of:000000000000000a:3,0.001,0.00125,0.001,0.001,1.5,2026-06-22T23:57:43,0.001,1.5
ip_shuffle,20260622T235743_358898,of:0000000000000007:1 -> of:000000000000000d:5,0.001,0.00125,0.001,0.001,1.33,2026-06-22T23:57:43,0.001,1.4
ip_shuffle,20260622T235743_358898,of:0000000000000002:2 -> of:0000000000000008:2,0.001,0.00125,0.001,0.001,1.5,2026-06-22T23:57:43,0.001,1.5
ip_shuffle,20260622T235743_358898,of:0000000000000003:2 -> of:0000000000000008:3,0.001,0.00125,0.001,0.001,1.5,2026-06-22T23:57:43,0.001,1.5
ip_shuffle,20260622T235743_358898,of:0000000000000008:1 -> of:000000000000000b:6,0.002,0.0025,0.002,0.002,1.46,2026-06-22T23:57:43,0.002,1.46
ip_shuffle,20260622T235743_358898,of:0000000000000004:2 -> of:0000000000000009:2,0.001,0.00125,0.001,0.001,1.5,2026-06-22T23:57:43,0.001,1.5
ip_shuffle,20260622T235743_358898,of:0000000000000002:1 -> of:000000000000000b:4,0.002,0.0025,0.002,0.002,2.1,2026-06-22T23:57:43,0.002,2.13
ip_shuffle,20260622T235743_358898,of:0000000000000009:1 -> of:000000000000000c:6,0.002,0.0025,0.002,0.002,1.46,2026-06-22T23:57:43,0.002,1.46
ip_shuffle,20260622T235841_308579,of:0000000000000004:1 -> of:000000000000000c:4,0.002,0.0025,0.002,0.002,1.46,2026-06-22T23:58:41,0.002,1.43
ip_shuffle,20260622T235841_308579,of:0000000000000005:1 -> of:000000000000000c:5,0.002,0.0025,0.002,0.002,1.46,2026-06-22T23:58:41,0.002,1.43
ip_shuffle,20260622T235841_308579,of:000000000000000a:1 -> of:000000000000000d:6,0.002,0.0025,0.002,0.002,1.43,2026-06-22T23:58:41,0.002,1.56
ip_shuffle,20260622T235841_308579,of:000000000000000b:3 -> of:000000000000000d:2,0.002,0.0025,0.002,0.002,1.66,2026-06-22T23:58:41,0.002,1.66
ip_shuffle,20260622T235841_308579,of:000000000000000c:3 -> of:000000000000000d:3,0.002,0.0025,0.002,0.002,1.66,2026-06-22T23:58:41,0.002,1.66
ip_shuffle,20260622T235841_308579,of:0000000000000005:2 -> of:0000000000000009:3,0.002,0.0025,0.002,0.002,1.56,2026-06-22T23:58:41,0.002,1.56
ip_shuffle,20260622T235841_308579,of:0000000000000001:1 -> of:000000000000000b:1,0.001,0.00125,0.001,0.001,1.36,2026-06-22T23:58:41,0.001,1.43
ip_shuffle,20260622T235841_308579,of:000000000000000b:2 -> of:000000000000000c:2,0.002,0.0025,0.002,0.002,1.53,2026-06-22T23:58:41,0.002,1.53
ip_shuffle,20260622T235841_308579,of:0000000000000001:2 -> of:000000000000000c:1,0.001,0.00125,0.001,0.001,1.36,2026-06-22T23:58:41,0.001,1.43
ip_shuffle,20260622T235841_308579,of:0000000000000006:2 -> of:000000000000000a:2,0.002,0.0025,0.002,0.002,1.56,2026-06-22T23:58:41,0.002,1.56
ip_shuffle,20260622T235841_308579,of:0000000000000001:3 -> of:000000000000000d:1,0.002,0.0025,0.002,0.002,2.59,2026-06-22T23:58:41,0.002,2.69
ip_shuffle,20260622T235841_308579,of:0000000000000003:1 -> of:000000000000000b:5,0.002,0.0025,0.002,0.002,1.46,2026-06-22T23:58:41,0.002,1.43
ip_shuffle,20260622T235841_308579,of:0000000000000006:1 -> of:000000000000000d:4,0.002,0.0025,0.002,0.002,1.46,2026-06-22T23:58:41,0.002,1.56
ip_shuffle,20260622T235841_308579,of:0000000000000007:2 -> of:000000000000000a:3,0.002,0.0025,0.002,0.002,1.56,2026-06-22T23:58:41,0.002,1.56
ip_shuffle,20260622T235841_308579,of:0000000000000007:1 -> of:000000000000000d:5,0.002,0.0025,0.002,0.002,2.76,2026-06-22T23:58:41,0.002,2.56
ip_shuffle,20260622T235841_308579,of:0000000000000002:2 -> of:0000000000000008:2,0.002,0.0025,0.002,0.002,1.56,2026-06-22T23:58:41,0.002,1.56
ip_shuffle,20260622T235841_308579,of:0000000000000003:2 -> of:0000000000000008:3,0.002,0.0025,0.002,0.002,1.56,2026-06-22T23:58:41,0.002,1.56
ip_shuffle,20260622T235841_308579,of:0000000000000008:1 -> of:000000000000000b:6,0.002,0.0025,0.002,0.002,1.43,2026-06-22T23:58:41,0.002,1.43
ip_shuffle,20260622T235841_308579,of:0000000000000004:2 -> of:0000000000000009:2,0.002,0.0025,0.002,0.002,1.56,2026-06-22T23:58:41,0.002,1.56
ip_shuffle,20260622T235841_308579,of:0000000000000002:1 -> of:000000000000000b:4,0.002,0.0025,0.002,0.002,1.46,2026-06-22T23:58:41,0.002,1.43
ip_shuffle,20260622T235841_308579,of:0000000000000009:1 -> of:000000000000000c:6,0.002,0.0025,0.002,0.002,1.43,2026-06-22T23:58:41,0.002,1.43
route_mutation,20260622T235945_493847,of:0000000000000004:1 -> of:000000000000000c:4,0.002,0.0025,0.002,0.002,1.66,2026-06-22T23:59:45,0.002,1.63
route_mutation,20260622T235945_493847,of:0000000000000005:1 -> of:000000000000000c:5,0.002,0.0025,0.002,0.002,1.66,2026-06-22T23:59:45,0.002,1.63
route_mutation,20260622T235945_493847,of:000000000000000a:1 -> of:000000000000000d:6,0.002,0.0025,0.002,0.002,1.56,2026-06-22T23:59:45,0.002,1.53
route_mutation,20260622T235945_493847,of:000000000000000b:3 -> of:000000000000000d:2,0.002,0.0025,0.002,0.002,1.83,2026-06-22T23:59:45,0.002,1.83
route_mutation,20260622T235945_493847,of:000000000000000c:3 -> of:000000000000000d:3,0.002,0.0025,0.002,0.002,1.83,2026-06-22T23:59:45,0.002,1.83
route_mutation,20260622T235945_493847,of:0000000000000005:2 -> of:0000000000000009:3,0.002,0.0025,0.002,0.002,1.96,2026-06-22T23:59:45,0.002,1.96
route_mutation,20260622T235945_493847,of:0000000000000001:1 -> of:000000000000000b:1,0.002,0.0025,0.002,0.002,1.56,2026-06-22T23:59:45,0.002,1.63
route_mutation,20260622T235945_493847,of:000000000000000b:2 -> of:000000000000000c:2,0.002,0.0025,0.002,0.002,1.93,2026-06-22T23:59:45,0.002,1.93
route_mutation,20260622T235945_493847,of:0000000000000001:2 -> of:000000000000000c:1,0.002,0.0025,0.002,0.002,1.56,2026-06-22T23:59:45,0.002,1.63
route_mutation,20260622T235945_493847,of:0000000000000006:2 -> of:000000000000000a:2,0.002,0.0025,0.002,0.002,1.96,2026-06-22T23:59:45,0.002,1.96
route_mutation,20260622T235945_493847,of:0000000000000001:3 -> of:000000000000000d:1,0.002,0.0025,0.002,0.002,2.46,2026-06-22T23:59:45,0.002,2.3
route_mutation,20260622T235945_493847,of:0000000000000003:1 -> of:000000000000000b:5,0.002,0.0025,0.002,0.002,1.66,2026-06-22T23:59:45,0.002,1.63
route_mutation,20260622T235945_493847,of:0000000000000006:1 -> of:000000000000000d:4,0.002,0.0025,0.002,0.002,1.6,2026-06-22T23:59:45,0.002,1.53
route_mutation,20260622T235945_493847,of:0000000000000007:2 -> of:000000000000000a:3,0.002,0.0025,0.002,0.002,1.96,2026-06-22T23:59:45,0.002,1.93
route_mutation,20260622T235945_493847,of:0000000000000007:1 -> of:000000000000000d:5,0.002,0.0025,0.002,0.002,2.33,2026-06-22T23:59:45,0.002,2.43
route_mutation,20260622T235945_493847,of:0000000000000002:2 -> of:0000000000000008:2,0.002,0.0025,0.002,0.002,1.96,2026-06-22T23:59:45,0.002,1.96
route_mutation,20260622T235945_493847,of:0000000000000003:2 -> of:0000000000000008:3,0.002,0.0025,0.002,0.002,1.96,2026-06-22T23:59:45,0.002,1.96
route_mutation,20260622T235945_493847,of:0000000000000008:1 -> of:000000000000000b:6,0.002,0.0025,0.002,0.002,1.63,2026-06-22T23:59:45,0.002,1.63
route_mutation,20260622T235945_493847,of:0000000000000004:2 -> of:0000000000000009:2,0.002,0.0025,0.002,0.002,1.96,2026-06-22T23:59:45,0.002,1.96
route_mutation,20260622T235945_493847,of:0000000000000002:1 -> of:000000000000000b:4,0.002,0.0025,0.002,0.002,1.66,2026-06-22T23:59:45,0.002,1.63
route_mutation,20260622T235945_493847,of:0000000000000009:1 -> of:000000000000000c:6,0.002,0.0025,0.002,0.002,1.63,2026-06-22T23:59:45,0.002,1.63
ip_shuffle,20260623T000015_943406,of:0000000000000004:1 -> of:000000000000000c:4,0.002,0.0025,0.002,0.002,1.5,2026-06-23T00:00:15,0.002,1.5
ip_shuffle,20260623T000015_943406,of:0000000000000005:1 -> of:000000000000000c:5,0.001,0.00125,0.001,0.001,1.46,2026-06-23T00:00:15,0.001,1.46
ip_shuffle,20260623T000015_943406,of:000000000000000a:1 -> of:000000000000000d:6,0.002,0.0025,0.002,0.002,1.53,2026-06-23T00:00:15,0.002,1.53
ip_shuffle,20260623T000015_943406,of:000000000000000b:3 -> of:000000000000000d:2,0.002,0.0025,0.002,0.002,1.73,2026-06-23T00:00:15,0.002,1.73
ip_shuffle,20260623T000015_943406,of:000000000000000c:3 -> of:000000000000000d:3,0.002,0.0025,0.002,0.002,1.73,2026-06-23T00:00:15,0.002,1.73
ip_shuffle,20260623T000015_943406,of:0000000000000005:2 -> of:0000000000000009:3,0.002,0.0025,0.002,0.002,1.66,2026-06-23T00:00:15,0.002,1.66
ip_shuffle,20260623T000015_943406,of:0000000000000001:1 -> of:000000000000000b:1,0.003,0.00375,0.003,0.003,3.43,2026-06-23T00:00:15,0.003,3.53
ip_shuffle,20260623T000015_943406,of:000000000000000b:2 -> of:000000000000000c:2,0.002,0.0025,0.002,0.002,1.73,2026-06-23T00:00:15,0.002,1.73
ip_shuffle,20260623T000015_943406,of:0000000000000001:2 -> of:000000000000000c:1,0.002,0.0025,0.002,0.002,1.56,2026-06-23T00:00:15,0.002,1.53
ip_shuffle,20260623T000015_943406,of:0000000000000006:2 -> of:000000000000000a:2,0.002,0.0025,0.002,0.002,1.66,2026-06-23T00:00:15,0.002,1.66
ip_shuffle,20260623T000015_943406,of:0000000000000001:3 -> of:000000000000000d:1,0.002,0.0025,0.002,0.002,1.53,2026-06-23T00:00:15,0.002,1.5
ip_shuffle,20260623T000015_943406,of:0000000000000003:1 -> of:000000000000000b:5,0.002,0.0025,0.002,0.002,2.43,2026-06-23T00:00:15,0.002,2.33
ip_shuffle,20260623T000015_943406,of:0000000000000006:1 -> of:000000000000000d:4,0.001,0.00125,0.001,0.001,1.46,2026-06-23T00:00:15,0.001,1.46
ip_shuffle,20260623T000015_943406,of:0000000000000007:2 -> of:000000000000000a:3,0.002,0.0025,0.002,0.002,1.73,2026-06-23T00:00:15,0.002,1.73
ip_shuffle,20260623T000015_943406,of:0000000000000007:1 -> of:000000000000000d:5,0.002,0.0025,0.002,0.002,1.53,2026-06-23T00:00:15,0.002,1.53
ip_shuffle,20260623T000015_943406,of:0000000000000002:2 -> of:0000000000000008:2,0.002,0.0025,0.002,0.002,1.63,2026-06-23T00:00:15,0.002,1.63
ip_shuffle,20260623T000015_943406,of:0000000000000003:2 -> of:0000000000000008:3,0.002,0.0025,0.002,0.002,1.63,2026-06-23T00:00:15,0.002,1.63
ip_shuffle,20260623T000015_943406,of:0000000000000008:1 -> of:000000000000000b:6,0.002,0.0025,0.002,0.002,1.53,2026-06-23T00:00:15,0.002,1.53
ip_shuffle,20260623T000015_943406,of:0000000000000004:2 -> of:0000000000000009:2,0.002,0.0025,0.002,0.002,1.66,2026-06-23T00:00:15,0.002,1.66
ip_shuffle,20260623T000015_943406,of:0000000000000002:1 -> of:000000000000000b:4,0.002,0.0025,0.002,0.002,2.46,2026-06-23T00:00:15,0.002,2.5
ip_shuffle,20260623T000015_943406,of:0000000000000009:1 -> of:000000000000000c:6,0.002,0.0025,0.002,0.002,1.53,2026-06-23T00:00:15,0.002,1.53
ip_shuffle,20260623T000113_849851,of:0000000000000004:1 -> of:000000000000000c:4,0.002,0.0025,0.002,0.002,2.49,2026-06-23T00:01:13,0.002,2.56
ip_shuffle,20260623T000113_849851,of:0000000000000005:1 -> of:000000000000000c:5,0.002,0.0025,0.002,0.002,2.53,2026-06-23T00:01:13,0.002,2.59
ip_shuffle,20260623T000113_849851,of:000000000000000a:1 -> of:000000000000000d:6,0.002,0.0025,0.002,0.002,1.76,2026-06-23T00:01:13,0.002,1.8
ip_shuffle,20260623T000113_849851,of:000000000000000b:3 -> of:000000000000000d:2,0.002,0.0025,0.002,0.002,2.33,2026-06-23T00:01:13,0.002,2.33
ip_shuffle,20260623T000113_849851,of:000000000000000c:3 -> of:000000000000000d:3,0.002,0.0025,0.002,0.002,2.33,2026-06-23T00:01:13,0.002,2.33
ip_shuffle,20260623T000113_849851,of:0000000000000005:2 -> of:0000000000000009:3,0.002,0.0025,0.002,0.002,2.23,2026-06-23T00:01:13,0.002,2.23
ip_shuffle,20260623T000113_849851,of:0000000000000001:1 -> of:000000000000000b:1,0.002,0.0025,0.002,0.002,1.96,2026-06-23T00:01:13,0.002,1.8
ip_shuffle,20260623T000113_849851,of:000000000000000b:2 -> of:000000000000000c:2,0.002,0.0025,0.002,0.002,2.26,2026-06-23T00:01:13,0.002,2.26
ip_shuffle,20260623T000113_849851,of:0000000000000001:2 -> of:000000000000000c:1,0.003,0.00375,0.003,0.003,3.36,2026-06-23T00:01:13,0.003,3.33
ip_shuffle,20260623T000113_849851,of:0000000000000006:2 -> of:000000000000000a:2,0.002,0.0025,0.002,0.002,2.26,2026-06-23T00:01:13,0.002,2.26
ip_shuffle,20260623T000113_849851,of:0000000000000001:3 -> of:000000000000000d:1,0.003,0.00375,0.003,0.003,3.53,2026-06-23T00:01:13,0.003,3.66
ip_shuffle,20260623T000113_849851,of:0000000000000003:1 -> of:000000000000000b:5,0.002,0.0025,0.002,0.002,1.8,2026-06-23T00:01:13,0.002,1.96
ip_shuffle,20260623T000113_849851,of:0000000000000006:1 -> of:000000000000000d:4,0.003,0.00375,0.003,0.003,2.96,2026-06-23T00:01:13,0.003,2.99
ip_shuffle,20260623T000113_849851,of:0000000000000007:2 -> of:000000000000000a:3,0.002,0.0025,0.002,0.002,2.2,2026-06-23T00:01:13,0.002,2.2
ip_shuffle,20260623T000113_849851,of:0000000000000007:1 -> of:000000000000000d:5,0.002,0.0025,0.002,0.002,2.49,2026-06-23T00:01:13,0.002,2.46
ip_shuffle,20260623T000113_849851,of:0000000000000002:2 -> of:0000000000000008:2,0.002,0.0025,0.002,0.002,2.26,2026-06-23T00:01:13,0.002,2.26
ip_shuffle,20260623T000113_849851,of:0000000000000003:2 -> of:0000000000000008:3,0.002,0.0025,0.002,0.002,2.26,2026-06-23T00:01:13,0.002,2.26
ip_shuffle,20260623T000113_849851,of:0000000000000008:1 -> of:000000000000000b:6,0.002,0.0025,0.002,0.002,1.7,2026-06-23T00:01:13,0.002,1.73
ip_shuffle,20260623T000113_849851,of:0000000000000004:2 -> of:0000000000000009:2,0.002,0.0025,0.002,0.002,2.23,2026-06-23T00:01:13,0.002,2.23
ip_shuffle,20260623T000113_849851,of:0000000000000002:1 -> of:000000000000000b:4,0.002,0.0025,0.002,0.002,1.76,2026-06-23T00:01:13,0.002,1.8
ip_shuffle,20260623T000113_849851,of:0000000000000009:1 -> of:000000000000000c:6,0.002,0.0025,0.002,0.002,1.7,2026-06-23T00:01:13,0.002,1.73
ip_shuffle,20260623T000211_802797,of:0000000000000004:1 -> of:000000000000000c:4,0.001,0.00125,0.001,0.001,1.4,2026-06-23T00:02:11,0.001,1.4
ip_shuffle,20260623T000211_802797,of:0000000000000005:1 -> of:000000000000000c:5,0.001,0.00125,0.001,0.001,1.4,2026-06-23T00:02:11,0.001,1.4
ip_shuffle,20260623T000211_802797,of:000000000000000a:1 -> of:000000000000000d:6,0.002,0.0025,0.002,0.002,1.46,2026-06-23T00:02:11,0.002,1.46
ip_shuffle,20260623T000211_802797,of:000000000000000b:3 -> of:000000000000000d:2,0.002,0.0025,0.002,0.002,1.6,2026-06-23T00:02:11,0.002,1.6
ip_shuffle,20260623T000211_802797,of:000000000000000c:3 -> of:000000000000000d:3,0.002,0.0025,0.002,0.002,1.6,2026-06-23T00:02:11,0.002,1.6
ip_shuffle,20260623T000211_802797,of:0000000000000005:2 -> of:0000000000000009:3,0.001,0.00125,0.001,0.001,1.53,2026-06-23T00:02:11,0.001,1.53
ip_shuffle,20260623T000211_802797,of:0000000000000001:1 -> of:000000000000000b:1,0.002,0.0025,0.002,0.002,2.56,2026-06-23T00:02:11,0.002,2.56
ip_shuffle,20260623T000211_802797,of:000000000000000b:2 -> of:000000000000000c:2,0.002,0.0025,0.002,0.002,1.6,2026-06-23T00:02:11,0.002,1.6
ip_shuffle,20260623T000211_802797,of:0000000000000001:2 -> of:000000000000000c:1,0.001,0.00125,0.001,0.001,1.4,2026-06-23T00:02:11,0.001,1.4
ip_shuffle,20260623T000211_802797,of:0000000000000006:2 -> of:000000000000000a:2,0.002,0.0025,0.002,0.002,1.6,2026-06-23T00:02:11,0.002,1.6
ip_shuffle,20260623T000211_802797,of:0000000000000001:3 -> of:000000000000000d:1,0.002,0.0025,0.002,0.002,2.03,2026-06-23T00:02:11,0.002,2.03
ip_shuffle,20260623T000211_802797,of:0000000000000003:1 -> of:000000000000000b:5,0.002,0.0025,0.002,0.002,1.53,2026-06-23T00:02:11,0.002,1.53
ip_shuffle,20260623T000211_802797,of:0000000000000006:1 -> of:000000000000000d:4,0.002,0.0025,0.002,0.002,1.46,2026-06-23T00:02:11,0.002,1.46
ip_shuffle,20260623T000211_802797,of:0000000000000007:2 -> of:000000000000000a:3,0.002,0.0025,0.002,0.002,1.6,2026-06-23T00:02:11,0.002,1.6
ip_shuffle,20260623T000211_802797,of:0000000000000007:1 -> of:000000000000000d:5,0.002,0.0025,0.002,0.002,2.1,2026-06-23T00:02:11,0.002,2.1
ip_shuffle,20260623T000211_802797,of:0000000000000002:2 -> of:0000000000000008:2,0.001,0.00125,0.001,0.001,1.53,2026-06-23T00:02:11,0.001,1.53
ip_shuffle,20260623T000211_802797,of:0000000000000003:2 -> of:0000000000000008:3,0.001,0.00125,0.001,0.001,1.53,2026-06-23T00:02:11,0.001,1.53
ip_shuffle,20260623T000211_802797,of:0000000000000008:1 -> of:000000000000000b:6,0.002,0.0025,0.002,0.002,1.46,2026-06-23T00:02:11,0.002,1.46
ip_shuffle,20260623T000211_802797,of:0000000000000004:2 -> of:0000000000000009:2,0.001,0.00125,0.001,0.001,1.53,2026-06-23T00:02:11,0.001,1.53
ip_shuffle,20260623T000211_802797,of:0000000000000002:1 -> of:000000000000000b:4,0.002,0.0025,0.002,0.002,2.43,2026-06-23T00:02:11,0.002,2.43
ip_shuffle,20260623T000211_802797,of:0000000000000009:1 -> of:000000000000000c:6,0.002,0.0025,0.002,0.002,1.46,2026-06-23T00:02:11,0.002,1.46
route_mutation,20260623T000309_529517,of:0000000000000004:1 -> of:000000000000000c:4,0.002,0.0025,0.002,0.002,1.96,2026-06-23T00:03:09,0.002,1.93
route_mutation,20260623T000309_529517,of:0000000000000005:1 -> of:000000000000000c:5,0.002,0.0025,0.002,0.002,1.96,2026-06-23T00:03:09,0.002,1.93
route_mutation,20260623T000309_529517,of:000000000000000a:1 -> of:000000000000000d:6,0.002,0.0025,0.002,0.002,1.93,2026-06-23T00:03:09,0.002,1.96
route_mutation,20260623T000309_529517,of:000000000000000b:3 -> of:000000000000000d:2,0.002,0.0025,0.002,0.002,2.63,2026-06-23T00:03:09,0.002,2.63
route_mutation,20260623T000309_529517,of:000000000000000c:3 -> of:000000000000000d:3,0.002,0.0025,0.002,0.002,2.56,2026-06-23T00:03:09,0.002,2.56
route_mutation,20260623T000309_529517,of:0000000000000005:2 -> of:0000000000000009:3,0.002,0.0025,0.002,0.002,2.7,2026-06-23T00:03:09,0.002,2.7
route_mutation,20260623T000309_529517,of:0000000000000001:1 -> of:000000000000000b:1,0.002,0.0025,0.002,0.002,2.0,2026-06-23T00:03:09,0.002,2.0
route_mutation,20260623T000309_529517,of:000000000000000b:2 -> of:000000000000000c:2,0.002,0.0025,0.002,0.002,2.6,2026-06-23T00:03:09,0.002,2.6
route_mutation,20260623T000309_529517,of:0000000000000001:2 -> of:000000000000000c:1,0.002,0.0025,0.002,0.002,1.93,2026-06-23T00:03:09,0.002,1.93
route_mutation,20260623T000309_529517,of:0000000000000006:2 -> of:000000000000000a:2,0.002,0.0025,0.002,0.002,2.66,2026-06-23T00:03:09,0.002,2.63
route_mutation,20260623T000309_529517,of:0000000000000001:3 -> of:000000000000000d:1,0.003,0.00375,0.003,0.003,4.26,2026-06-23T00:03:09,0.003,4.33
route_mutation,20260623T000309_529517,of:0000000000000003:1 -> of:000000000000000b:5,0.002,0.0025,0.002,0.002,2.03,2026-06-23T00:03:09,0.002,2.0
route_mutation,20260623T000309_529517,of:0000000000000006:1 -> of:000000000000000d:4,0.003,0.00375,0.003,0.003,3.1,2026-06-23T00:03:09,0.003,3.16
route_mutation,20260623T000309_529517,of:0000000000000007:2 -> of:000000000000000a:3,0.002,0.0025,0.002,0.002,2.66,2026-06-23T00:03:09,0.002,2.66
route_mutation,20260623T000309_529517,of:0000000000000007:1 -> of:000000000000000d:5,0.003,0.00375,0.003,0.003,3.69,2026-06-23T00:03:09,0.003,3.69
route_mutation,20260623T000309_529517,of:0000000000000002:2 -> of:0000000000000008:2,0.002,0.0025,0.002,0.002,2.7,2026-06-23T00:03:09,0.002,2.7
route_mutation,20260623T000309_529517,of:0000000000000003:2 -> of:0000000000000008:3,0.002,0.0025,0.002,0.002,2.7,2026-06-23T00:03:09,0.002,2.7
route_mutation,20260623T000309_529517,of:0000000000000008:1 -> of:000000000000000b:6,0.002,0.0025,0.002,0.002,2.0,2026-06-23T00:03:09,0.002,2.0
route_mutation,20260623T000309_529517,of:0000000000000004:2 -> of:0000000000000009:2,0.002,0.0025,0.002,0.002,2.7,2026-06-23T00:03:09,0.002,2.7
route_mutation,20260623T000309_529517,of:0000000000000002:1 -> of:000000000000000b:4,0.002,0.0025,0.002,0.002,2.03,2026-06-23T00:03:09,0.002,2.0
route_mutation,20260623T000309_529517,of:0000000000000009:1 -> of:000000000000000c:6,0.002,0.0025,0.002,0.002,1.93,2026-06-23T00:03:09,0.002,1.93
ip_shuffle,20260623T000339_894945,of:0000000000000004:1 -> of:000000000000000c:4,0.001,0.00125,0.001,0.001,1.33,2026-06-23T00:03:39,0.001,1.3
ip_shuffle,20260623T000339_894945,of:0000000000000005:1 -> of:000000000000000c:5,0.001,0.00125,0.001,0.001,1.33,2026-06-23T00:03:39,0.001,1.3
ip_shuffle,20260623T000339_894945,of:000000000000000a:1 -> of:000000000000000d:6,0.002,0.0025,0.002,0.002,1.36,2026-06-23T00:03:39,0.001,1.33
ip_shuffle,20260623T000339_894945,of:000000000000000b:3 -> of:000000000000000d:2,0.002,0.0025,0.002,0.002,1.36,2026-06-23T00:03:39,0.002,1.36
ip_shuffle,20260623T000339_894945,of:000000000000000c:3 -> of:000000000000000d:3,0.002,0.0025,0.002,0.002,1.36,2026-06-23T00:03:39,0.002,1.36
ip_shuffle,20260623T000339_894945,of:0000000000000005:2 -> of:0000000000000009:3,0.001,0.00125,0.001,0.001,1.36,2026-06-23T00:03:39,0.001,1.36
ip_shuffle,20260623T000339_894945,of:0000000000000001:1 -> of:000000000000000b:1,0.001,0.00125,0.001,0.001,1.3,2026-06-23T00:03:39,0.001,1.36
ip_shuffle,20260623T000339_894945,of:000000000000000b:2 -> of:000000000000000c:2,0.002,0.0025,0.002,0.002,1.4,2026-06-23T00:03:39,0.002,1.4
ip_shuffle,20260623T000339_894945,of:0000000000000001:2 -> of:000000000000000c:1,0.001,0.00125,0.001,0.001,1.3,2026-06-23T00:03:39,0.001,1.36
ip_shuffle,20260623T000339_894945,of:0000000000000006:2 -> of:000000000000000a:2,0.002,0.0025,0.002,0.002,1.43,2026-06-23T00:03:39,0.002,1.43
ip_shuffle,20260623T000339_894945,of:0000000000000001:3 -> of:000000000000000d:1,0.002,0.0025,0.002,0.002,1.66,2026-06-23T00:03:39,0.002,1.53
ip_shuffle,20260623T000339_894945,of:0000000000000003:1 -> of:000000000000000b:5,0.001,0.00125,0.001,0.001,1.33,2026-06-23T00:03:39,0.001,1.3
ip_shuffle,20260623T000339_894945,of:0000000000000006:1 -> of:000000000000000d:4,0.002,0.0025,0.002,0.002,1.4,2026-06-23T00:03:39,0.001,1.33
ip_shuffle,20260623T000339_894945,of:0000000000000007:2 -> of:000000000000000a:3,0.002,0.0025,0.002,0.002,1.4,2026-06-23T00:03:39,0.002,1.4
ip_shuffle,20260623T000339_894945,of:0000000000000007:1 -> of:000000000000000d:5,0.002,0.0025,0.002,0.002,1.53,2026-06-23T00:03:39,0.002,1.56
ip_shuffle,20260623T000339_894945,of:0000000000000002:2 -> of:0000000000000008:2,0.001,0.00125,0.001,0.001,1.36,2026-06-23T00:03:39,0.001,1.36
ip_shuffle,20260623T000339_894945,of:0000000000000003:2 -> of:0000000000000008:3,0.001,0.00125,0.001,0.001,1.36,2026-06-23T00:03:39,0.001,1.36
ip_shuffle,20260623T000339_894945,of:0000000000000008:1 -> of:000000000000000b:6,0.001,0.00125,0.001,0.001,1.36,2026-06-23T00:03:39,0.001,1.36
ip_shuffle,20260623T000339_894945,of:0000000000000004:2 -> of:0000000000000009:2,0.001,0.00125,0.001,0.001,1.36,2026-06-23T00:03:39,0.001,1.36
ip_shuffle,20260623T000339_894945,of:0000000000000002:1 -> of:000000000000000b:4,0.001,0.00125,0.001,0.001,1.33,2026-06-23T00:03:39,0.001,1.3
ip_shuffle,20260623T000339_894945,of:0000000000000009:1 -> of:000000000000000c:6,0.001,0.00125,0.001,0.001,1.36,2026-06-23T00:03:39,0.001,1.36
ip_shuffle,20260623T000444_329399,of:0000000000000004:1 -> of:000000000000000c:4,0.002,0.0025,0.002,0.002,1.73,2026-06-23T00:04:44,0.002,1.73
ip_shuffle,20260623T000444_329399,of:0000000000000005:1 -> of:000000000000000c:5,0.002,0.0025,0.002,0.002,2.33,2026-06-23T00:04:44,0.002,2.33
ip_shuffle,20260623T000444_329399,of:000000000000000a:1 -> of:000000000000000d:6,0.002,0.0025,0.002,0.002,1.73,2026-06-23T00:04:44,0.002,1.73
ip_shuffle,20260623T000444_329399,of:000000000000000b:3 -> of:000000000000000d:2,0.002,0.0025,0.002,0.002,2.2,2026-06-23T00:04:44,0.002,2.2
ip_shuffle,20260623T000444_329399,of:000000000000000c:3 -> of:000000000000000d:3,0.002,0.0025,0.002,0.002,2.13,2026-06-23T00:04:44,0.002,2.13
ip_shuffle,20260623T000444_329399,of:0000000000000005:2 -> of:0000000000000009:3,0.002,0.0025,0.002,0.002,2.26,2026-06-23T00:04:44,0.002,2.26
ip_shuffle,20260623T000444_329399,of:0000000000000001:1 -> of:000000000000000b:1,0.002,0.0025,0.002,0.002,1.8,2026-06-23T00:04:44,0.002,1.8
ip_shuffle,20260623T000444_329399,of:000000000000000b:2 -> of:000000000000000c:2,0.002,0.0025,0.002,0.002,2.2,2026-06-23T00:04:44,0.002,2.2
ip_shuffle,20260623T000444_329399,of:0000000000000001:2 -> of:000000000000000c:1,0.002,0.0025,0.002,0.002,2.33,2026-06-23T00:04:44,0.002,2.33
ip_shuffle,20260623T000444_329399,of:0000000000000006:2 -> of:000000000000000a:2,0.002,0.0025,0.002,0.002,2.26,2026-06-23T00:04:44,0.002,2.26
ip_shuffle,20260623T000444_329399,of:0000000000000001:3 -> of:000000000000000d:1,0.003,0.00375,0.003,0.003,3.89,2026-06-23T00:04:44,0.003,3.89
ip_shuffle,20260623T000444_329399,of:0000000000000003:1 -> of:000000000000000b:5,0.002,0.0025,0.002,0.002,1.8,2026-06-23T00:04:44,0.002,1.8
ip_shuffle,20260623T000444_329399,of:0000000000000006:1 -> of:000000000000000d:4,0.003,0.00375,0.003,0.003,3.33,2026-06-23T00:04:44,0.003,3.33
ip_shuffle,20260623T000444_329399,of:0000000000000007:2 -> of:000000000000000a:3,0.002,0.0025,0.002,0.002,2.26,2026-06-23T00:04:44,0.002,2.26
ip_shuffle,20260623T000444_329399,of:0000000000000007:1 -> of:000000000000000d:5,0.002,0.0025,0.002,0.002,2.86,2026-06-23T00:04:44,0.002,2.86
ip_shuffle,20260623T000444_329399,of:0000000000000002:2 -> of:0000000000000008:2,0.002,0.0025,0.002,0.002,2.26,2026-06-23T00:04:44,0.002,2.26
ip_shuffle,20260623T000444_329399,of:0000000000000003:2 -> of:0000000000000008:3,0.002,0.0025,0.002,0.002,2.26,2026-06-23T00:04:44,0.002,2.26
ip_shuffle,20260623T000444_329399,of:0000000000000008:1 -> of:000000000000000b:6,0.002,0.0025,0.002,0.002,1.8,2026-06-23T00:04:44,0.002,1.8
ip_shuffle,20260623T000444_329399,of:0000000000000004:2 -> of:0000000000000009:2,0.002,0.0025,0.002,0.002,2.26,2026-06-23T00:04:44,0.002,2.26
ip_shuffle,20260623T000444_329399,of:0000000000000002:1 -> of:000000000000000b:4,0.002,0.0025,0.002,0.002,1.8,2026-06-23T00:04:44,0.002,1.8
ip_shuffle,20260623T000444_329399,of:0000000000000009:1 -> of:000000000000000c:6,0.002,0.0025,0.002,0.002,1.73,2026-06-23T00:04:44,0.002,1.73
route_mutation,20260623T000555_505257,of:0000000000000004:1 -> of:000000000000000c:4,0.002,0.0025,0.002,0.002,2.3,2026-06-23T00:05:55,0.002,2.33
route_mutation,20260623T000555_505257,of:0000000000000005:1 -> of:000000000000000c:5,0.002,0.0025,0.002,0.002,2.3,2026-06-23T00:05:55,0.002,2.33
route_mutation,20260623T000555_505257,of:000000000000000a:1 -> of:000000000000000d:6,0.002,0.0025,0.002,0.002,1.53,2026-06-23T00:05:55,0.002,1.53
route_mutation,20260623T000555_505257,of:000000000000000b:3 -> of:000000000000000d:2,0.002,0.0025,0.002,0.002,1.8,2026-06-23T00:05:55,0.002,1.8
route_mutation,20260623T000555_505257,of:000000000000000c:3 -> of:000000000000000d:3,0.002,0.0025,0.002,0.002,1.73,2026-06-23T00:05:55,0.002,1.73
route_mutation,20260623T000555_505257,of:0000000000000005:2 -> of:0000000000000009:3,0.002,0.0025,0.002,0.002,1.83,2026-06-23T00:05:55,0.002,1.83
route_mutation,20260623T000555_505257,of:0000000000000001:1 -> of:000000000000000b:1,0.003,0.00375,0.003,0.003,2.83,2026-06-23T00:05:55,0.003,2.76
route_mutation,20260623T000555_505257,of:000000000000000b:2 -> of:000000000000000c:2,0.002,0.0025,0.002,0.002,1.8,2026-06-23T00:05:55,0.002,1.8
route_mutation,20260623T000555_505257,of:0000000000000001:2 -> of:000000000000000c:1,0.003,0.00375,0.003,0.003,3.13,2026-06-23T00:05:55,0.003,3.06
route_mutation,20260623T000555_505257,of:0000000000000006:2 -> of:000000000000000a:2,0.002,0.0025,0.002,0.002,1.83,2026-06-23T00:05:55,0.002,1.83
route_mutation,20260623T000555_505257,of:0000000000000001:3 -> of:000000000000000d:1,0.002,0.0025,0.002,0.002,1.76,2026-06-23T00:05:55,0.002,1.86
route_mutation,20260623T000555_505257,of:0000000000000003:1 -> of:000000000000000b:5,0.002,0.0025,0.002,0.002,2.56,2026-06-23T00:05:55,0.002,2.63
route_mutation,20260623T000555_505257,of:0000000000000006:1 -> of:000000000000000d:4,0.002,0.0025,0.002,0.002,1.9,2026-06-23T00:05:55,0.002,1.86
route_mutation,20260623T000555_505257,of:0000000000000007:2 -> of:000000000000000a:3,0.002,0.0025,0.002,0.002,1.83,2026-06-23T00:05:55,0.002,1.83
route_mutation,20260623T000555_505257,of:0000000000000007:1 -> of:000000000000000d:5,0.002,0.0025,0.002,0.001,1.5,2026-06-23T00:05:55,0.002,1.53
route_mutation,20260623T000555_505257,of:0000000000000002:2 -> of:0000000000000008:2,0.002,0.0025,0.002,0.002,1.76,2026-06-23T00:05:55,0.002,1.76
route_mutation,20260623T000555_505257,of:0000000000000003:2 -> of:0000000000000008:3,0.002,0.0025,0.002,0.002,1.76,2026-06-23T00:05:55,0.002,1.76
route_mutation,20260623T000555_505257,of:0000000000000008:1 -> of:000000000000000b:6,0.002,0.0025,0.002,0.002,1.56,2026-06-23T00:05:55,0.002,1.6
route_mutation,20260623T000555_505257,of:0000000000000004:2 -> of:0000000000000009:2,0.002,0.0025,0.002,0.002,1.83,2026-06-23T00:05:55,0.002,1.83
route_mutation,20260623T000555_505257,of:0000000000000002:1 -> of:000000000000000b:4,0.002,0.0025,0.002,0.002,1.66,2026-06-23T00:05:55,0.002,1.73
route_mutation,20260623T000555_505257,of:0000000000000009:1 -> of:000000000000000c:6,0.002,0.0025,0.002,0.002,1.53,2026-06-23T00:05:55,0.002,1.53
route_mutation,20260623T000626_054514,of:0000000000000004:1 -> of:000000000000000c:4,0.002,0.0025,0.002,0.002,2.03,2026-06-23T00:06:26,0.002,2.0
route_mutation,20260623T000626_054514,of:0000000000000005:1 -> of:000000000000000c:5,0.002,0.0025,0.002,0.002,2.03,2026-06-23T00:06:26,0.002,2.0
route_mutation,20260623T000626_054514,of:000000000000000a:1 -> of:000000000000000d:6,0.002,0.0025,0.002,0.002,2.03,2026-06-23T00:06:26,0.002,2.03
route_mutation,20260623T000626_054514,of:000000000000000b:3 -> of:000000000000000d:2,0.002,0.0025,0.002,0.002,2.66,2026-06-23T00:06:26,0.002,2.66
route_mutation,20260623T000626_054514,of:000000000000000c:3 -> of:000000000000000d:3,0.002,0.0025,0.002,0.002,2.66,2026-06-23T00:06:26,0.002,2.66
route_mutation,20260623T000626_054514,of:0000000000000005:2 -> of:0000000000000009:3,0.002,0.0025,0.002,0.002,2.7,2026-06-23T00:06:26,0.002,2.7
route_mutation,20260623T000626_054514,of:0000000000000001:1 -> of:000000000000000b:1,0.002,0.0025,0.002,0.002,1.93,2026-06-23T00:06:26,0.002,2.0
route_mutation,20260623T000626_054514,of:000000000000000b:2 -> of:000000000000000c:2,0.002,0.0025,0.002,0.002,2.66,2026-06-23T00:06:26,0.002,2.66
route_mutation,20260623T000626_054514,of:0000000000000001:2 -> of:000000000000000c:1,0.002,0.0025,0.002,0.002,1.93,2026-06-23T00:06:26,0.002,2.0
route_mutation,20260623T000626_054514,of:0000000000000006:2 -> of:000000000000000a:2,0.002,0.0025,0.002,0.002,2.7,2026-06-23T00:06:26,0.002,2.7
route_mutation,20260623T000626_054514,of:0000000000000001:3 -> of:000000000000000d:1,0.003,0.00375,0.003,0.003,4.29,2026-06-23T00:06:26,0.003,4.19
route_mutation,20260623T000626_054514,of:0000000000000003:1 -> of:000000000000000b:5,0.002,0.0025,0.002,0.002,2.0,2026-06-23T00:06:26,0.002,1.93
route_mutation,20260623T000626_054514,of:0000000000000006:1 -> of:000000000000000d:4,0.003,0.00375,0.003,0.003,3.19,2026-06-23T00:06:26,0.003,3.23
route_mutation,20260623T000626_054514,of:0000000000000007:2 -> of:000000000000000a:3,0.002,0.0025,0.002,0.002,2.7,2026-06-23T00:06:26,0.002,2.7
route_mutation,20260623T000626_054514,of:0000000000000007:1 -> of:000000000000000d:5,0.003,0.00375,0.003,0.003,3.53,2026-06-23T00:06:26,0.003,3.49
route_mutation,20260623T000626_054514,of:0000000000000002:2 -> of:0000000000000008:2,0.002,0.0025,0.002,0.002,2.7,2026-06-23T00:06:26,0.002,2.7
route_mutation,20260623T000626_054514,of:0000000000000003:2 -> of:0000000000000008:3,0.002,0.0025,0.002,0.002,2.7,2026-06-23T00:06:26,0.002,2.7
route_mutation,20260623T000626_054514,of:0000000000000008:1 -> of:000000000000000b:6,0.002,0.0025,0.002,0.002,2.03,2026-06-23T00:06:26,0.002,2.0
route_mutation,20260623T000626_054514,of:0000000000000004:2 -> of:0000000000000009:2,0.002,0.0025,0.002,0.002,2.7,2026-06-23T00:06:26,0.002,2.7
route_mutation,20260623T000626_054514,of:0000000000000002:1 -> of:000000000000000b:4,0.002,0.0025,0.002,0.002,2.0,2026-06-23T00:06:26,0.002,1.93
route_mutation,20260623T000626_054514,of:0000000000000009:1 -> of:000000000000000c:6,0.002,0.0025,0.002,0.002,2.0,2026-06-23T00:06:26,0.002,2.0
route_mutation,20260623T000656_505452,of:0000000000000004:1 -> of:000000000000000c:4,0.001,0.00125,0.001,0.001,1.36,2026-06-23T00:06:56,0.001,1.36
route_mutation,20260623T000656_505452,of:0000000000000005:1 -> of:000000000000000c:5,0.001,0.00125,0.001,0.001,1.36,2026-06-23T00:06:56,0.001,1.36
route_mutation,20260623T000656_505452,of:000000000000000a:1 -> of:000000000000000d:6,0.001,0.00125,0.001,0.001,1.36,2026-06-23T00:06:56,0.001,1.36
route_mutation,20260623T000656_505452,of:000000000000000b:3 -> of:000000000000000d:2,0.002,0.0025,0.002,0.002,1.53,2026-06-23T00:06:56,0.002,1.53
route_mutation,20260623T000656_505452,of:000000000000000c:3 -> of:000000000000000d:3,0.002,0.0025,0.002,0.002,1.53,2026-06-23T00:06:56,0.002,1.53
route_mutation,20260623T000656_505452,of:0000000000000005:2 -> of:0000000000000009:3,0.001,0.00125,0.001,0.001,1.4,2026-06-23T00:06:56,0.001,1.4
route_mutation,20260623T000656_505452,of:0000000000000001:1 -> of:000000000000000b:1,0.002,0.0025,0.002,0.002,1.8,2026-06-23T00:06:56,0.002,1.8
route_mutation,20260623T000656_505452,of:000000000000000b:2 -> of:000000000000000c:2,0.002,0.0025,0.002,0.002,1.53,2026-06-23T00:06:56,0.002,1.53
route_mutation,20260623T000656_505452,of:0000000000000001:2 -> of:000000000000000c:1,0.002,0.0025,0.002,0.002,1.43,2026-06-23T00:06:56,0.002,1.43
route_mutation,20260623T000656_505452,of:0000000000000006:2 -> of:000000000000000a:2,0.001,0.00125,0.001,0.001,1.4,2026-06-23T00:06:56,0.001,1.4
route_mutation,20260623T000656_505452,of:0000000000000001:3 -> of:000000000000000d:1,0.002,0.0025,0.002,0.002,1.43,2026-06-23T00:06:56,0.002,1.43
route_mutation,20260623T000656_505452,of:0000000000000003:1 -> of:000000000000000b:5,0.002,0.0025,0.002,0.002,1.43,2026-06-23T00:06:56,0.002,1.43
route_mutation,20260623T000656_505452,of:0000000000000006:1 -> of:000000000000000d:4,0.001,0.00125,0.001,0.001,1.36,2026-06-23T00:06:56,0.001,1.36
route_mutation,20260623T000656_505452,of:0000000000000007:2 -> of:000000000000000a:3,0.001,0.00125,0.001,0.001,1.4,2026-06-23T00:06:56,0.001,1.4
route_mutation,20260623T000656_505452,of:0000000000000007:1 -> of:000000000000000d:5,0.001,0.00125,0.001,0.001,1.36,2026-06-23T00:06:56,0.001,1.36
route_mutation,20260623T000656_505452,of:0000000000000002:2 -> of:0000000000000008:2,0.001,0.00125,0.001,0.001,1.46,2026-06-23T00:06:56,0.001,1.46
route_mutation,20260623T000656_505452,of:0000000000000003:2 -> of:0000000000000008:3,0.001,0.00125,0.001,0.001,1.46,2026-06-23T00:06:56,0.001,1.46
route_mutation,20260623T000656_505452,of:0000000000000008:1 -> of:000000000000000b:6,0.001,0.00125,0.001,0.001,1.36,2026-06-23T00:06:56,0.001,1.36
route_mutation,20260623T000656_505452,of:0000000000000004:2 -> of:0000000000000009:2,0.001,0.00125,0.001,0.001,1.4,2026-06-23T00:06:56,0.001,1.4
route_mutation,20260623T000656_505452,of:0000000000000002:1 -> of:000000000000000b:4,0.002,0.0025,0.002,0.002,1.8,2026-06-23T00:06:56,0.002,1.8
route_mutation,20260623T000656_505452,of:0000000000000009:1 -> of:000000000000000c:6,0.001,0.00125,0.001,0.001,1.36,2026-06-23T00:06:56,0.001,1.36
ip_shuffle,20260623T000726_986469,of:0000000000000004:1 -> of:000000000000000c:4,0.002,0.0025,0.002,0.002,2.16,2026-06-23T00:07:26,0.002,2.23
ip_shuffle,20260623T000726_986469,of:0000000000000005:1 -> of:000000000000000c:5,0.002,0.0025,0.002,0.002,2.16,2026-06-23T00:07:26,0.002,2.23
ip_shuffle,20260623T000726_986469,of:000000000000000a:1 -> of:000000000000000d:6,0.001,0.00125,0.001,0.001,1.4,2026-06-23T00:07:26,0.001,1.43
ip_shuffle,20260623T000726_986469,of:000000000000000b:3 -> of:000000000000000d:2,0.001,0.00125,0.001,0.001,1.5,2026-06-23T00:07:26,0.001,1.5
ip_shuffle,20260623T000726_986469,of:000000000000000c:3 -> of:000000000000000d:3,0.001,0.00125,0.001,0.001,1.53,2026-06-23T00:07:26,0.001,1.53
ip_shuffle,20260623T000726_986469,of:0000000000000005:2 -> of:0000000000000009:3,0.002,0.0025,0.002,0.002,1.56,2026-06-23T00:07:26,0.002,1.56
ip_shuffle,20260623T000726_986469,of:0000000000000001:1 -> of:000000000000000b:1,0.003,0.00375,0.003,0.003,3.1,2026-06-23T00:07:26,0.003,3.06
ip_shuffle,20260623T000726_986469,of:000000000000000b:2 -> of:000000000000000c:2,0.001,0.00125,0.001,0.001,1.5,2026-06-23T00:07:26,0.001,1.5
ip_shuffle,20260623T000726_986469,of:0000000000000001:2 -> of:000000000000000c:1,0.003,0.00375,0.003,0.003,3.03,2026-06-23T00:07:26,0.003,2.96
ip_shuffle,20260623T000726_986469,of:0000000000000006:2 -> of:000000000000000a:2,0.002,0.0025,0.002,0.002,1.6,2026-06-23T00:07:26,0.002,1.6
ip_shuffle,20260623T000726_986469,of:0000000000000001:3 -> of:000000000000000d:1,0.002,0.0025,0.002,0.002,1.53,2026-06-23T00:07:26,0.002,1.56
ip_shuffle,20260623T000726_986469,of:0000000000000003:1 -> of:000000000000000b:5,0.002,0.0025,0.002,0.002,2.4,2026-06-23T00:07:26,0.002,2.43
ip_shuffle,20260623T000726_986469,of:0000000000000006:1 -> of:000000000000000d:4,0.002,0.0025,0.002,0.002,1.63,2026-06-23T00:07:26,0.002,1.6
ip_shuffle,20260623T000726_986469,of:0000000000000007:2 -> of:000000000000000a:3,0.002,0.0025,0.002,0.002,1.6,2026-06-23T00:07:26,0.002,1.6
ip_shuffle,20260623T000726_986469,of:0000000000000007:1 -> of:000000000000000d:5,0.001,0.00125,0.001,0.001,1.4,2026-06-23T00:07:26,0.001,1.43
ip_shuffle,20260623T000726_986469,of:0000000000000002:2 -> of:0000000000000008:2,0.002,0.0025,0.002,0.002,1.56,2026-06-23T00:07:26,0.002,1.56
ip_shuffle,20260623T000726_986469,of:0000000000000003:2 -> of:0000000000000008:3,0.002,0.0025,0.002,0.002,1.56,2026-06-23T00:07:26,0.002,1.56
ip_shuffle,20260623T000726_986469,of:0000000000000008:1 -> of:000000000000000b:6,0.001,0.00125,0.001,0.001,1.4,2026-06-23T00:07:26,0.001,1.4
ip_shuffle,20260623T000726_986469,of:0000000000000004:2 -> of:0000000000000009:2,0.002,0.0025,0.002,0.002,1.56,2026-06-23T00:07:26,0.002,1.56
ip_shuffle,20260623T000726_986469,of:0000000000000002:1 -> of:000000000000000b:4,0.002,0.0025,0.002,0.002,2.03,2026-06-23T00:07:26,0.002,2.06
ip_shuffle,20260623T000726_986469,of:0000000000000009:1 -> of:000000000000000c:6,0.001,0.00125,0.001,0.001,1.4,2026-06-23T00:07:26,0.001,1.43
route_mutation,20260623T000831_254714,of:0000000000000004:1 -> of:000000000000000c:4,0.001,0.00125,0.001,0.001,1.26,2026-06-23T00:08:31,0.001,1.33
route_mutation,20260623T000831_254714,of:0000000000000005:1 -> of:000000000000000c:5,0.001,0.00125,0.001,0.001,1.26,2026-06-23T00:08:31,0.001,1.33
route_mutation,20260623T000831_254714,of:000000000000000a:1 -> of:000000000000000d:6,0.002,0.0025,0.002,0.002,1.36,2026-06-23T00:08:31,0.002,1.4
route_mutation,20260623T000831_254714,of:000000000000000b:3 -> of:000000000000000d:2,0.002,0.0025,0.002,0.002,1.43,2026-06-23T00:08:31,0.002,1.43
route_mutation,20260623T000831_254714,of:000000000000000c:3 -> of:000000000000000d:3,0.002,0.0025,0.002,0.002,1.46,2026-06-23T00:08:31,0.002,1.46
route_mutation,20260623T000831_254714,of:0000000000000005:2 -> of:0000000000000009:3,0.001,0.00125,0.001,0.001,1.23,2026-06-23T00:08:31,0.001,1.23
route_mutation,20260623T000831_254714,of:0000000000000001:1 -> of:000000000000000b:1,0.002,0.0025,0.002,0.002,1.4,2026-06-23T00:08:31,0.001,1.36
route_mutation,20260623T000831_254714,of:000000000000000b:2 -> of:000000000000000c:2,0.002,0.0025,0.002,0.002,1.43,2026-06-23T00:08:31,0.002,1.43
route_mutation,20260623T000831_254714,of:0000000000000001:2 -> of:000000000000000c:1,0.002,0.0025,0.002,0.002,1.4,2026-06-23T00:08:31,0.001,1.33
route_mutation,20260623T000831_254714,of:0000000000000006:2 -> of:000000000000000a:2,0.001,0.00125,0.001,0.001,1.33,2026-06-23T00:08:31,0.001,1.33
route_mutation,20260623T000831_254714,of:0000000000000001:3 -> of:000000000000000d:1,0.002,0.0025,0.002,0.002,1.56,2026-06-23T00:08:31,0.002,1.43
route_mutation,20260623T000831_254714,of:0000000000000003:1 -> of:000000000000000b:5,0.001,0.00125,0.001,0.001,1.33,2026-06-23T00:08:31,0.001,1.36
route_mutation,20260623T000831_254714,of:0000000000000006:1 -> of:000000000000000d:4,0.001,0.00125,0.001,0.001,1.3,2026-06-23T00:08:31,0.001,1.33
route_mutation,20260623T000831_254714,of:0000000000000007:2 -> of:000000000000000a:3,0.001,0.00125,0.001,0.001,1.33,2026-06-23T00:08:31,0.001,1.33
route_mutation,20260623T000831_254714,of:0000000000000007:1 -> of:000000000000000d:5,0.001,0.00125,0.001,0.001,1.36,2026-06-23T00:08:31,0.001,1.4
route_mutation,20260623T000831_254714,of:0000000000000002:2 -> of:0000000000000008:2,0.001,0.00125,0.001,0.001,1.3,2026-06-23T00:08:31,0.001,1.3
route_mutation,20260623T000831_254714,of:0000000000000003:2 -> of:0000000000000008:3,0.001,0.00125,0.001,0.001,1.3,2026-06-23T00:08:31,0.001,1.3
route_mutation,20260623T000831_254714,of:0000000000000008:1 -> of:000000000000000b:6,0.001,0.00125,0.001,0.001,1.3,2026-06-23T00:08:31,0.001,1.3
route_mutation,20260623T000831_254714,of:0000000000000004:2 -> of:0000000000000009:2,0.001,0.00125,0.001,0.001,1.23,2026-06-23T00:08:31,0.001,1.23
route_mutation,20260623T000831_254714,of:0000000000000002:1 -> of:000000000000000b:4,0.002,0.0025,0.002,0.001,1.36,2026-06-23T00:08:31,0.002,1.4
route_mutation,20260623T000831_254714,of:0000000000000009:1 -> of:000000000000000c:6,0.001,0.00125,0.001,0.001,1.3,2026-06-23T00:08:31,0.001,1.33
ip_shuffle,20260623T000901_648891,of:0000000000000004:1 -> of:000000000000000c:4,0.002,0.0025,0.002,0.002,2.26,2026-06-23T00:09:01,0.002,2.2
ip_shuffle,20260623T000901_648891,of:0000000000000005:1 -> of:000000000000000c:5,0.002,0.0025,0.002,0.002,2.0,2026-06-23T00:09:01,0.002,1.93
ip_shuffle,20260623T000901_648891,of:000000000000000a:1 -> of:000000000000000d:6,0.001,0.00125,0.001,0.001,1.36,2026-06-23T00:09:01,0.001,1.33
ip_shuffle,20260623T000901_648891,of:000000000000000b:3 -> of:000000000000000d:2,0.001,0.00125,0.001,0.001,1.5,2026-06-23T00:09:01,0.001,1.5
ip_shuffle,20260623T000901_648891,of:000000000000000c:3 -> of:000000000000000d:3,0.001,0.00125,0.001,0.001,1.46,2026-06-23T00:09:01,0.001,1.46
ip_shuffle,20260623T000901_648891,of:0000000000000005:2 -> of:0000000000000009:3,0.002,0.0025,0.002,0.002,1.7,2026-06-23T00:09:01,0.002,1.7
ip_shuffle,20260623T000901_648891,of:0000000000000001:1 -> of:000000000000000b:1,0.003,0.00375,0.003,0.003,3.46,2026-06-23T00:09:01,0.003,3.5
ip_shuffle,20260623T000901_648891,of:000000000000000b:2 -> of:000000000000000c:2,0.001,0.00125,0.001,0.001,1.5,2026-06-23T00:09:01,0.001,1.5
ip_shuffle,20260623T000901_648891,of:0000000000000001:2 -> of:000000000000000c:1,0.002,0.0025,0.002,0.002,2.66,2026-06-23T00:09:01,0.002,2.73
ip_shuffle,20260623T000901_648891,of:0000000000000006:2 -> of:000000000000000a:2,0.002,0.0025,0.002,0.002,1.6,2026-06-23T00:09:01,0.002,1.6
ip_shuffle,20260623T000901_648891,of:0000000000000001:3 -> of:000000000000000d:1,0.001,0.00125,0.001,0.001,1.4,2026-06-23T00:09:01,0.001,1.46
ip_shuffle,20260623T000901_648891,of:0000000000000003:1 -> of:000000000000000b:5,0.002,0.0025,0.002,0.002,2.5,2026-06-23T00:09:01,0.002,2.46
ip_shuffle,20260623T000901_648891,of:0000000000000006:1 -> of:000000000000000d:4,0.001,0.00125,0.001,0.001,1.43,2026-06-23T00:09:01,0.001,1.4
ip_shuffle,20260623T000901_648891,of:0000000000000007:2 -> of:000000000000000a:3,0.002,0.0025,0.002,0.002,1.6,2026-06-23T00:09:01,0.002,1.6
ip_shuffle,20260623T000901_648891,of:0000000000000007:1 -> of:000000000000000d:5,0.001,0.00125,0.001,0.001,1.43,2026-06-23T00:09:01,0.001,1.4
ip_shuffle,20260623T000901_648891,of:0000000000000002:2 -> of:0000000000000008:2,0.002,0.0025,0.002,0.002,1.7,2026-06-23T00:09:01,0.002,1.7
ip_shuffle,20260623T000901_648891,of:0000000000000003:2 -> of:0000000000000008:3,0.002,0.0025,0.002,0.002,1.7,2026-06-23T00:09:01,0.002,1.7
ip_shuffle,20260623T000901_648891,of:0000000000000008:1 -> of:000000000000000b:6,0.001,0.00125,0.001,0.001,1.43,2026-06-23T00:09:01,0.001,1.43
ip_shuffle,20260623T000901_648891,of:0000000000000004:2 -> of:0000000000000009:2,0.002,0.0025,0.002,0.002,1.7,2026-06-23T00:09:01,0.002,1.7
ip_shuffle,20260623T000901_648891,of:0000000000000002:1 -> of:000000000000000b:4,0.002,0.0025,0.002,0.002,2.46,2026-06-23T00:09:01,0.002,2.43
ip_shuffle,20260623T000901_648891,of:0000000000000009:1 -> of:000000000000000c:6,0.001,0.00125,0.001,0.001,1.43,2026-06-23T00:09:01,0.001,1.4
route_mutation,20260623T001006_008947,of:0000000000000004:1 -> of:000000000000000c:4,0.001,0.00125,0.001,0.001,1.46,2026-06-23T00:10:06,0.001,1.43
route_mutation,20260623T001006_008947,of:0000000000000005:1 -> of:000000000000000c:5,0.001,0.00125,0.001,0.001,1.46,2026-06-23T00:10:06,0.001,1.43
route_mutation,20260623T001006_008947,of:000000000000000a:1 -> of:000000000000000d:6,0.002,0.0025,0.002,0.002,1.53,2026-06-23T00:10:06,0.002,1.5
route_mutation,20260623T001006_008947,of:000000000000000b:3 -> of:000000000000000d:2,0.002,0.0025,0.002,0.002,1.7,2026-06-23T00:10:06,0.002,1.7
route_mutation,20260623T001006_008947,of:000000000000000c:3 -> of:000000000000000d:3,0.002,0.0025,0.002,0.002,1.66,2026-06-23T00:10:06,0.002,1.66
route_mutation,20260623T001006_008947,of:0000000000000005:2 -> of:0000000000000009:3,0.002,0.0025,0.002,0.002,1.7,2026-06-23T00:10:06,0.002,1.7
route_mutation,20260623T001006_008947,of:0000000000000001:1 -> of:000000000000000b:1,0.002,0.0025,0.002,0.002,1.53,2026-06-23T00:10:06,0.002,1.56
route_mutation,20260623T001006_008947,of:000000000000000b:2 -> of:000000000000000c:2,0.002,0.0025,0.002,0.002,1.7,2026-06-23T00:10:06,0.002,1.7
route_mutation,20260623T001006_008947,of:0000000000000001:2 -> of:000000000000000c:1,0.002,0.0025,0.002,0.002,1.5,2026-06-23T00:10:06,0.002,1.56
route_mutation,20260623T001006_008947,of:0000000000000006:2 -> of:000000000000000a:2,0.002,0.0025,0.002,0.002,1.66,2026-06-23T00:10:06,0.002,1.66
route_mutation,20260623T001006_008947,of:0000000000000001:3 -> of:000000000000000d:1,0.002,0.0025,0.002,0.002,2.43,2026-06-23T00:10:06,0.002,2.33
route_mutation,20260623T001006_008947,of:0000000000000003:1 -> of:000000000000000b:5,0.002,0.0025,0.002,0.002,1.56,2026-06-23T00:10:06,0.002,1.53
route_mutation,20260623T001006_008947,of:0000000000000006:1 -> of:000000000000000d:4,0.002,0.0025,0.002,0.002,1.56,2026-06-23T00:10:06,0.002,1.6
route_mutation,20260623T001006_008947,of:0000000000000007:2 -> of:000000000000000a:3,0.002,0.0025,0.002,0.002,1.66,2026-06-23T00:10:06,0.002,1.66
route_mutation,20260623T001006_008947,of:0000000000000007:1 -> of:000000000000000d:5,0.002,0.0025,0.002,0.002,2.3,2026-06-23T00:10:06,0.002,2.3
route_mutation,20260623T001006_008947,of:0000000000000002:2 -> of:0000000000000008:2,0.002,0.0025,0.002,0.002,1.7,2026-06-23T00:10:06,0.002,1.7
route_mutation,20260623T001006_008947,of:0000000000000003:2 -> of:0000000000000008:3,0.002,0.0025,0.002,0.002,1.7,2026-06-23T00:10:06,0.002,1.7
route_mutation,20260623T001006_008947,of:0000000000000008:1 -> of:000000000000000b:6,0.001,0.00125,0.001,0.001,1.46,2026-06-23T00:10:06,0.001,1.46
route_mutation,20260623T001006_008947,of:0000000000000004:2 -> of:0000000000000009:2,0.002,0.0025,0.002,0.002,1.7,2026-06-23T00:10:06,0.002,1.7
route_mutation,20260623T001006_008947,of:0000000000000002:1 -> of:000000000000000b:4,0.002,0.0025,0.002,0.002,1.56,2026-06-23T00:10:06,0.002,1.53
route_mutation,20260623T001006_008947,of:0000000000000009:1 -> of:000000000000000c:6,0.002,0.0025,0.002,0.002,1.53,2026-06-23T00:10:06,0.002,1.5
route_mutation,20260623T001036_428576,of:0000000000000004:1 -> of:000000000000000c:4,0.002,0.0025,0.002,0.002,1.9,2026-06-23T00:10:36,0.002,1.9
route_mutation,20260623T001036_428576,of:0000000000000005:1 -> of:000000000000000c:5,0.001,0.00125,0.001,0.001,1.46,2026-06-23T00:10:36,0.001,1.46
route_mutation,20260623T001036_428576,of:000000000000000a:1 -> of:000000000000000d:6,0.001,0.00125,0.001,0.001,1.4,2026-06-23T00:10:36,0.001,1.4
route_mutation,20260623T001036_428576,of:000000000000000b:3 -> of:000000000000000d:2,0.001,0.00125,0.001,0.001,1.63,2026-06-23T00:10:36,0.001,1.63
route_mutation,20260623T001036_428576,of:000000000000000c:3 -> of:000000000000000d:3,0.001,0.00125,0.001,0.001,1.6,2026-06-23T00:10:36,0.001,1.6
route_mutation,20260623T001036_428576,of:0000000000000005:2 -> of:0000000000000009:3,0.002,0.0025,0.002,0.002,1.66,2026-06-23T00:10:36,0.002,1.66
route_mutation,20260623T001036_428576,of:0000000000000001:1 -> of:000000000000000b:1,0.003,0.00375,0.003,0.003,3.49,2026-06-23T00:10:36,0.003,3.49
route_mutation,20260623T001036_428576,of:000000000000000b:2 -> of:000000000000000c:2,0.001,0.00125,0.001,0.001,1.6,2026-06-23T00:10:36,0.001,1.6
route_mutation,20260623T001036_428576,of:0000000000000001:2 -> of:000000000000000c:1,0.002,0.0025,0.002,0.002,1.8,2026-06-23T00:10:36,0.002,1.8
route_mutation,20260623T001036_428576,of:0000000000000006:2 -> of:000000000000000a:2,0.002,0.0025,0.002,0.002,1.66,2026-06-23T00:10:36,0.002,1.66
route_mutation,20260623T001036_428576,of:0000000000000001:3 -> of:000000000000000d:1,0.001,0.00125,0.001,0.001,1.46,2026-06-23T00:10:36,0.001,1.46
route_mutation,20260623T001036_428576,of:0000000000000003:1 -> of:000000000000000b:5,0.002,0.0025,0.002,0.002,2.46,2026-06-23T00:10:36,0.002,2.46
route_mutation,20260623T001036_428576,of:0000000000000006:1 -> of:000000000000000d:4,0.001,0.00125,0.001,0.001,1.46,2026-06-23T00:10:36,0.001,1.46
route_mutation,20260623T001036_428576,of:0000000000000007:2 -> of:000000000000000a:3,0.002,0.0025,0.002,0.002,1.66,2026-06-23T00:10:36,0.002,1.66
route_mutation,20260623T001036_428576,of:0000000000000007:1 -> of:000000000000000d:5,0.001,0.00125,0.001,0.001,1.46,2026-06-23T00:10:36,0.001,1.46
route_mutation,20260623T001036_428576,of:0000000000000002:2 -> of:0000000000000008:2,0.002,0.0025,0.002,0.002,1.73,2026-06-23T00:10:36,0.002,1.73
route_mutation,20260623T001036_428576,of:0000000000000003:2 -> of:0000000000000008:3,0.002,0.0025,0.002,0.002,1.73,2026-06-23T00:10:36,0.002,1.73
route_mutation,20260623T001036_428576,of:0000000000000008:1 -> of:000000000000000b:6,0.001,0.00125,0.001,0.001,1.46,2026-06-23T00:10:36,0.001,1.46
route_mutation,20260623T001036_428576,of:0000000000000004:2 -> of:0000000000000009:2,0.002,0.0025,0.002,0.002,1.66,2026-06-23T00:10:36,0.002,1.66
route_mutation,20260623T001036_428576,of:0000000000000002:1 -> of:000000000000000b:4,0.002,0.0025,0.002,0.002,2.53,2026-06-23T00:10:36,0.002,2.53
route_mutation,20260623T001036_428576,of:0000000000000009:1 -> of:000000000000000c:6,0.001,0.00125,0.001,0.001,1.4,2026-06-23T00:10:36,0.001,1.4
route_mutation,20260623T001106_956002,of:0000000000000004:1 -> of:000000000000000c:4,0.002,0.0025,0.002,0.002,2.3,2026-06-23T00:11:06,0.002,2.33
route_mutation,20260623T001106_956002,of:0000000000000005:1 -> of:000000000000000c:5,0.002,0.0025,0.002,0.002,2.7,2026-06-23T00:11:06,0.002,2.73
route_mutation,20260623T001106_956002,of:000000000000000a:1 -> of:000000000000000d:6,0.002,0.0025,0.002,0.002,1.93,2026-06-23T00:11:06,0.002,1.93
route_mutation,20260623T001106_956002,of:000000000000000b:3 -> of:000000000000000d:2,0.002,0.0025,0.002,0.002,2.53,2026-06-23T00:11:06,0.002,2.53
route_mutation,20260623T001106_956002,of:000000000000000c:3 -> of:000000000000000d:3,0.002,0.0025,0.002,0.002,2.53,2026-06-23T00:11:06,0.002,2.53
route_mutation,20260623T001106_956002,of:0000000000000005:2 -> of:0000000000000009:3,0.002,0.0025,0.002,0.002,2.5,2026-06-23T00:11:06,0.002,2.5
route_mutation,20260623T001106_956002,of:0000000000000001:1 -> of:000000000000000b:1,0.002,0.0025,0.002,0.002,1.9,2026-06-23T00:11:06,0.002,1.83
route_mutation,20260623T001106_956002,of:000000000000000b:2 -> of:000000000000000c:2,0.002,0.0025,0.002,0.002,2.53,2026-06-23T00:11:06,0.002,2.53
route_mutation,20260623T001106_956002,of:0000000000000001:2 -> of:000000000000000c:1,0.003,0.00375,0.003,0.003,3.13,2026-06-23T00:11:06,0.003,3.06
route_mutation,20260623T001106_956002,of:0000000000000006:2 -> of:000000000000000a:2,0.002,0.0025,0.002,0.002,2.5,2026-06-23T00:11:06,0.002,2.5
route_mutation,20260623T001106_956002,of:0000000000000001:3 -> of:000000000000000d:1,0.003,0.00375,0.003,0.003,3.23,2026-06-23T00:11:06,0.003,3.36
route_mutation,20260623T001106_956002,of:0000000000000003:1 -> of:000000000000000b:5,0.002,0.0025,0.002,0.002,1.83,2026-06-23T00:11:06,0.002,1.9
route_mutation,20260623T001106_956002,of:0000000000000006:1 -> of:000000000000000d:4,0.003,0.00375,0.003,0.003,3.1,2026-06-23T00:11:06,0.003,3.13
route_mutation,20260623T001106_956002,of:0000000000000007:2 -> of:000000000000000a:3,0.002,0.0025,0.002,0.002,2.5,2026-06-23T00:11:06,0.002,2.5
route_mutation,20260623T001106_956002,of:0000000000000007:1 -> of:000000000000000d:5,0.002,0.0025,0.002,0.002,2.26,2026-06-23T00:11:06,0.002,2.16
route_mutation,20260623T001106_956002,of:0000000000000002:2 -> of:0000000000000008:2,0.002,0.0025,0.002,0.002,2.36,2026-06-23T00:11:06,0.002,2.36
route_mutation,20260623T001106_956002,of:0000000000000003:2 -> of:0000000000000008:3,0.002,0.0025,0.002,0.002,2.36,2026-06-23T00:11:06,0.002,2.36
route_mutation,20260623T001106_956002,of:0000000000000008:1 -> of:000000000000000b:6,0.002,0.0025,0.002,0.002,1.9,2026-06-23T00:11:06,0.002,1.93
route_mutation,20260623T001106_956002,of:0000000000000004:2 -> of:0000000000000009:2,0.002,0.0025,0.002,0.002,2.5,2026-06-23T00:11:06,0.002,2.5
route_mutation,20260623T001106_956002,of:0000000000000002:1 -> of:000000000000000b:4,0.002,0.0025,0.002,0.002,1.8,2026-06-23T00:11:06,0.002,1.86
route_mutation,20260623T001106_956002,of:0000000000000009:1 -> of:000000000000000c:6,0.002,0.0025,0.002,0.002,1.93,2026-06-23T00:11:06,0.002,1.93
ip_shuffle,20260623T001137_368994,of:0000000000000004:1 -> of:000000000000000c:4,0.002,0.0025,0.002,0.002,1.7,2026-06-23T00:11:37,0.002,1.66
ip_shuffle,20260623T001137_368994,of:0000000000000005:1 -> of:000000000000000c:5,0.002,0.0025,0.002,0.002,1.7,2026-06-23T00:11:37,0.002,1.66
ip_shuffle,20260623T001137_368994,of:000000000000000a:1 -> of:000000000000000d:6,0.002,0.0025,0.002,0.002,1.73,2026-06-23T00:11:37,0.002,1.73
ip_shuffle,20260623T001137_368994,of:000000000000000b:3 -> of:000000000000000d:2,0.002,0.0025,0.002,0.002,2.13,2026-06-23T00:11:37,0.002,2.13
ip_shuffle,20260623T001137_368994,of:000000000000000c:3 -> of:000000000000000d:3,0.002,0.0025,0.002,0.002,2.13,2026-06-23T00:11:37,0.002,2.13
ip_shuffle,20260623T001137_368994,of:0000000000000005:2 -> of:0000000000000009:3,0.002,0.0025,0.002,0.002,2.1,2026-06-23T00:11:37,0.002,2.1
ip_shuffle,20260623T001137_368994,of:0000000000000001:1 -> of:000000000000000b:1,0.002,0.0025,0.002,0.002,1.73,2026-06-23T00:11:37,0.002,1.8
ip_shuffle,20260623T001137_368994,of:000000000000000b:2 -> of:000000000000000c:2,0.002,0.0025,0.002,0.002,2.13,2026-06-23T00:11:37,0.002,2.13
ip_shuffle,20260623T001137_368994,of:0000000000000001:2 -> of:000000000000000c:1,0.002,0.0025,0.002,0.002,1.73,2026-06-23T00:11:37,0.002,1.8
ip_shuffle,20260623T001137_368994,of:0000000000000006:2 -> of:000000000000000a:2,0.002,0.0025,0.002,0.002,2.1,2026-06-23T00:11:37,0.002,2.1
ip_shuffle,20260623T001137_368994,of:0000000000000001:3 -> of:000000000000000d:1,0.002,0.0025,0.002,0.002,2.93,2026-06-23T00:11:37,0.002,2.8
ip_shuffle,20260623T001137_368994,of:0000000000000003:1 -> of:000000000000000b:5,0.002,0.0025,0.002,0.002,1.8,2026-06-23T00:11:37,0.002,1.73
ip_shuffle,20260623T001137_368994,of:0000000000000006:1 -> of:000000000000000d:4,0.002,0.0025,0.002,0.002,1.7,2026-06-23T00:11:37,0.002,1.66
ip_shuffle,20260623T001137_368994,of:0000000000000007:2 -> of:000000000000000a:3,0.002,0.0025,0.002,0.002,2.1,2026-06-23T00:11:37,0.002,2.1
ip_shuffle,20260623T001137_368994,of:0000000000000007:1 -> of:000000000000000d:5,0.002,0.0025,0.002,0.002,2.7,2026-06-23T00:11:37,0.002,2.8
ip_shuffle,20260623T001137_368994,of:0000000000000002:2 -> of:0000000000000008:2,0.002,0.0025,0.002,0.002,2.16,2026-06-23T00:11:37,0.002,2.16
ip_shuffle,20260623T001137_368994,of:0000000000000003:2 -> of:0000000000000008:3,0.002,0.0025,0.002,0.002,2.16,2026-06-23T00:11:37,0.002,2.16
ip_shuffle,20260623T001137_368994,of:0000000000000008:1 -> of:000000000000000b:6,0.002,0.0025,0.002,0.002,1.7,2026-06-23T00:11:37,0.002,1.66
ip_shuffle,20260623T001137_368994,of:0000000000000004:2 -> of:0000000000000009:2,0.002,0.0025,0.002,0.002,2.1,2026-06-23T00:11:37,0.002,2.1
ip_shuffle,20260623T001137_368994,of:0000000000000002:1 -> of:000000000000000b:4,0.002,0.0025,0.002,0.002,1.8,2026-06-23T00:11:37,0.002,1.73
ip_shuffle,20260623T001137_368994,of:0000000000000009:1 -> of:000000000000000c:6,0.002,0.0025,0.002,0.002,1.73,2026-06-23T00:11:37,0.002,1.73
ip_shuffle,20260623T001241_660363,of:0000000000000004:1 -> of:000000000000000c:4,0.002,0.0025,0.002,0.002,2.39,2026-06-23T00:12:41,0.002,2.43
ip_shuffle,20260623T001241_660363,of:0000000000000005:1 -> of:000000000000000c:5,0.002,0.0025,0.002,0.002,2.39,2026-06-23T00:12:41,0.002,2.43
ip_shuffle,20260623T001241_660363,of:000000000000000a:1 -> of:000000000000000d:6,0.002,0.0025,0.002,0.002,1.63,2026-06-23T00:12:41,0.002,1.63
ip_shuffle,20260623T001241_660363,of:000000000000000b:3 -> of:000000000000000d:2,0.002,0.0025,0.002,0.002,1.93,2026-06-23T00:12:41,0.002,1.93
ip_shuffle,20260623T001241_660363,of:000000000000000c:3 -> of:000000000000000d:3,0.002,0.0025,0.002,0.002,1.93,2026-06-23T00:12:41,0.002,1.93
ip_shuffle,20260623T001241_660363,of:0000000000000005:2 -> of:0000000000000009:3,0.002,0.0025,0.002,0.002,1.9,2026-06-23T00:12:41,0.002,1.9
ip_shuffle,20260623T001241_660363,of:0000000000000001:1 -> of:000000000000000b:1,0.003,0.00375,0.003,0.003,2.93,2026-06-23T00:12:41,0.003,2.86
ip_shuffle,20260623T001241_660363,of:000000000000000b:2 -> of:000000000000000c:2,0.002,0.0025,0.002,0.002,1.93,2026-06-23T00:12:41,0.002,1.93
ip_shuffle,20260623T001241_660363,of:0000000000000001:2 -> of:000000000000000c:1,0.003,0.00375,0.003,0.003,3.16,2026-06-23T00:12:41,0.003,3.09
ip_shuffle,20260623T001241_660363,of:0000000000000006:2 -> of:000000000000000a:2,0.002,0.0025,0.002,0.002,1.9,2026-06-23T00:12:41,0.002,1.9
ip_shuffle,20260623T001241_660363,of:0000000000000001:3 -> of:000000000000000d:1,0.002,0.0025,0.002,0.002,2.56,2026-06-23T00:12:41,0.002,2.66
ip_shuffle,20260623T001241_660363,of:0000000000000003:1 -> of:000000000000000b:5,0.002,0.0025,0.002,0.002,2.53,2026-06-23T00:12:41,0.002,2.59
ip_shuffle,20260623T001241_660363,of:0000000000000006:1 -> of:000000000000000d:4,0.002,0.0025,0.002,0.002,2.76,2026-06-23T00:12:41,0.002,2.66
ip_shuffle,20260623T001241_660363,of:0000000000000007:2 -> of:000000000000000a:3,0.002,0.0025,0.002,0.002,1.9,2026-06-23T00:12:41,0.002,1.9
ip_shuffle,20260623T001241_660363,of:0000000000000007:1 -> of:000000000000000d:5,0.002,0.0025,0.002,0.002,1.7,2026-06-23T00:12:41,0.002,1.73
ip_shuffle,20260623T001241_660363,of:0000000000000002:2 -> of:0000000000000008:2,0.002,0.0025,0.002,0.002,1.76,2026-06-23T00:12:41,0.002,1.76
ip_shuffle,20260623T001241_660363,of:0000000000000003:2 -> of:0000000000000008:3,0.002,0.0025,0.002,0.002,1.76,2026-06-23T00:12:41,0.002,1.76
ip_shuffle,20260623T001241_660363,of:0000000000000008:1 -> of:000000000000000b:6,0.002,0.0025,0.002,0.002,1.6,2026-06-23T00:12:41,0.002,1.63
ip_shuffle,20260623T001241_660363,of:0000000000000004:2 -> of:0000000000000009:2,0.002,0.0025,0.002,0.002,1.9,2026-06-23T00:12:41,0.002,1.9
ip_shuffle,20260623T001241_660363,of:0000000000000002:1 -> of:000000000000000b:4,0.002,0.0025,0.002,0.002,1.76,2026-06-23T00:12:41,0.002,1.83
ip_shuffle,20260623T001241_660363,of:0000000000000009:1 -> of:000000000000000c:6,0.002,0.0025,0.002,0.002,1.63,2026-06-23T00:12:41,0.002,1.63
ip_shuffle,20260623T001339_543730,of:0000000000000004:1 -> of:000000000000000c:4,0.001,0.00125,0.001,0.001,1.5,2026-06-23T00:13:39,0.001,1.46
ip_shuffle,20260623T001339_543730,of:0000000000000005:1 -> of:000000000000000c:5,0.001,0.00125,0.001,0.001,1.5,2026-06-23T00:13:39,0.001,1.46
ip_shuffle,20260623T001339_543730,of:000000000000000a:1 -> of:000000000000000d:6,0.001,0.00125,0.001,0.001,1.46,2026-06-23T00:13:39,0.001,1.46
ip_shuffle,20260623T001339_543730,of:000000000000000b:3 -> of:000000000000000d:2,0.002,0.0025,0.002,0.002,1.66,2026-06-23T00:13:39,0.002,1.66
ip_shuffle,20260623T001339_543730,of:000000000000000c:3 -> of:000000000000000d:3,0.002,0.0025,0.002,0.002,1.66,2026-06-23T00:13:39,0.002,1.66
ip_shuffle,20260623T001339_543730,of:0000000000000005:2 -> of:0000000000000009:3,0.002,0.0025,0.002,0.002,1.76,2026-06-23T00:13:39,0.002,1.76
ip_shuffle,20260623T001339_543730,of:0000000000000001:1 -> of:000000000000000b:1,0.002,0.0025,0.002,0.001,1.46,2026-06-23T00:13:39,0.002,1.6
ip_shuffle,20260623T001339_543730,of:000000000000000b:2 -> of:000000000000000c:2,0.001,0.00125,0.001,0.001,1.6,2026-06-23T00:13:39,0.001,1.6
ip_shuffle,20260623T001339_543730,of:0000000000000001:2 -> of:000000000000000c:1,0.002,0.0025,0.002,0.001,1.46,2026-06-23T00:13:39,0.002,1.6
ip_shuffle,20260623T001339_543730,of:0000000000000006:2 -> of:000000000000000a:2,0.002,0.0025,0.002,0.002,1.7,2026-06-23T00:13:39,0.002,1.7
ip_shuffle,20260623T001339_543730,of:0000000000000001:3 -> of:000000000000000d:1,0.002,0.0025,0.002,0.002,2.89,2026-06-23T00:13:39,0.002,2.76
ip_shuffle,20260623T001339_543730,of:0000000000000003:1 -> of:000000000000000b:5,0.002,0.0025,0.002,0.002,1.6,2026-06-23T00:13:39,0.001,1.46
ip_shuffle,20260623T001339_543730,of:0000000000000006:1 -> of:000000000000000d:4,0.002,0.0025,0.002,0.002,1.56,2026-06-23T00:13:39,0.002,1.53
ip_shuffle,20260623T001339_543730,of:0000000000000007:2 -> of:000000000000000a:3,0.002,0.0025,0.002,0.002,1.7,2026-06-23T00:13:39,0.002,1.7
ip_shuffle,20260623T001339_543730,of:0000000000000007:1 -> of:000000000000000d:5,0.002,0.0025,0.002,0.002,2.66,2026-06-23T00:13:39,0.002,2.73
ip_shuffle,20260623T001339_543730,of:0000000000000002:2 -> of:0000000000000008:2,0.002,0.0025,0.002,0.002,1.9,2026-06-23T00:13:39,0.002,1.9
ip_shuffle,20260623T001339_543730,of:0000000000000003:2 -> of:0000000000000008:3,0.002,0.0025,0.002,0.002,1.9,2026-06-23T00:13:39,0.002,1.9
ip_shuffle,20260623T001339_543730,of:0000000000000008:1 -> of:000000000000000b:6,0.001,0.00125,0.001,0.001,1.5,2026-06-23T00:13:39,0.001,1.46
ip_shuffle,20260623T001339_543730,of:0000000000000004:2 -> of:0000000000000009:2,0.002,0.0025,0.002,0.002,1.76,2026-06-23T00:13:39,0.002,1.76
ip_shuffle,20260623T001339_543730,of:0000000000000002:1 -> of:000000000000000b:4,0.002,0.0025,0.002,0.002,1.6,2026-06-23T00:13:39,0.001,1.46
ip_shuffle,20260623T001339_543730,of:0000000000000009:1 -> of:000000000000000c:6,0.001,0.00125,0.001,0.001,1.43,2026-06-23T00:13:39,0.001,1.4
ip_shuffle,20260623T001437_348277,of:0000000000000004:1 -> of:000000000000000c:4,0.002,0.0025,0.002,0.002,2.43,2026-06-23T00:14:37,0.002,2.46
ip_shuffle,20260623T001437_348277,of:0000000000000005:1 -> of:000000000000000c:5,0.002,0.0025,0.002,0.002,2.43,2026-06-23T00:14:37,0.002,2.46
ip_shuffle,20260623T001437_348277,of:000000000000000a:1 -> of:000000000000000d:6,0.002,0.0025,0.002,0.002,1.73,2026-06-23T00:14:37,0.002,1.73
ip_shuffle,20260623T001437_348277,of:000000000000000b:3 -> of:000000000000000d:2,0.002,0.0025,0.002,0.002,2.13,2026-06-23T00:14:37,0.002,2.13
ip_shuffle,20260623T001437_348277,of:000000000000000c:3 -> of:000000000000000d:3,0.002,0.0025,0.002,0.002,2.13,2026-06-23T00:14:37,0.002,2.13
ip_shuffle,20260623T001437_348277,of:0000000000000005:2 -> of:0000000000000009:3,0.002,0.0025,0.002,0.002,2.03,2026-06-23T00:14:37,0.002,2.03
ip_shuffle,20260623T001437_348277,of:0000000000000001:1 -> of:000000000000000b:1,0.002,0.0025,0.002,0.002,2.3,2026-06-23T00:14:37,0.002,2.23
ip_shuffle,20260623T001437_348277,of:000000000000000b:2 -> of:000000000000000c:2,0.002,0.0025,0.002,0.002,2.13,2026-06-23T00:14:37,0.002,2.13
ip_shuffle,20260623T001437_348277,of:0000000000000001:2 -> of:000000000000000c:1,0.003,0.00375,0.003,0.003,3.33,2026-06-23T00:14:37,0.003,3.26
ip_shuffle,20260623T001437_348277,of:0000000000000006:2 -> of:000000000000000a:2,0.002,0.0025,0.002,0.002,2.03,2026-06-23T00:14:37,0.002,2.03
ip_shuffle,20260623T001437_348277,of:0000000000000001:3 -> of:000000000000000d:1,0.003,0.00375,0.003,0.002,2.8,2026-06-23T00:14:37,0.003,2.93
ip_shuffle,20260623T001437_348277,of:0000000000000003:1 -> of:000000000000000b:5,0.002,0.0025,0.002,0.002,2.2,2026-06-23T00:14:37,0.002,2.26
ip_shuffle,20260623T001437_348277,of:0000000000000006:1 -> of:000000000000000d:4,0.002,0.0025,0.002,0.002,2.53,2026-06-23T00:14:37,0.002,2.43
ip_shuffle,20260623T001437_348277,of:0000000000000007:2 -> of:000000000000000a:3,0.002,0.0025,0.002,0.002,2.03,2026-06-23T00:14:37,0.002,2.03
ip_shuffle,20260623T001437_348277,of:0000000000000007:1 -> of:000000000000000d:5,0.002,0.0025,0.002,0.002,1.96,2026-06-23T00:14:37,0.002,2.0
ip_shuffle,20260623T001437_348277,of:0000000000000002:2 -> of:0000000000000008:2,0.002,0.0025,0.002,0.002,2.03,2026-06-23T00:14:37,0.002,2.03
ip_shuffle,20260623T001437_348277,of:0000000000000003:2 -> of:0000000000000008:3,0.002,0.0025,0.002,0.002,2.03,2026-06-23T00:14:37,0.002,2.03
ip_shuffle,20260623T001437_348277,of:0000000000000008:1 -> of:000000000000000b:6,0.002,0.0025,0.002,0.002,1.7,2026-06-23T00:14:37,0.002,1.73
ip_shuffle,20260623T001437_348277,of:0000000000000004:2 -> of:0000000000000009:2,0.002,0.0025,0.002,0.002,2.03,2026-06-23T00:14:37,0.002,2.03
ip_shuffle,20260623T001437_348277,of:0000000000000002:1 -> of:000000000000000b:4,0.002,0.0025,0.002,0.002,1.66,2026-06-23T00:14:37,0.002,1.73
ip_shuffle,20260623T001437_348277,of:0000000000000009:1 -> of:000000000000000c:6,0.002,0.0025,0.002,0.002,1.73,2026-06-23T00:14:37,0.002,1.73
ip_shuffle,20260623T001535_244089,of:0000000000000004:1 -> of:000000000000000c:4,0.002,0.0025,0.002,0.002,1.43,2026-06-23T00:15:35,0.002,1.43
ip_shuffle,20260623T001535_244089,of:0000000000000005:1 -> of:000000000000000c:5,0.002,0.0025,0.002,0.002,1.43,2026-06-23T00:15:35,0.002,1.43
ip_shuffle,20260623T001535_244089,of:000000000000000a:1 -> of:000000000000000d:6,0.001,0.00125,0.001,0.001,1.36,2026-06-23T00:15:35,0.001,1.36
ip_shuffle,20260623T001535_244089,of:000000000000000b:3 -> of:000000000000000d:2,0.001,0.00125,0.001,0.001,1.46,2026-06-23T00:15:35,0.001,1.46
ip_shuffle,20260623T001535_244089,of:000000000000000c:3 -> of:000000000000000d:3,0.001,0.00125,0.001,0.001,1.46,2026-06-23T00:15:35,0.001,1.46
ip_shuffle,20260623T001535_244089,of:0000000000000005:2 -> of:0000000000000009:3,0.002,0.0025,0.002,0.002,1.53,2026-06-23T00:15:35,0.002,1.53
ip_shuffle,20260623T001535_244089,of:0000000000000001:1 -> of:000000000000000b:1,0.002,0.0025,0.002,0.002,1.9,2026-06-23T00:15:35,0.002,1.9
ip_shuffle,20260623T001535_244089,of:000000000000000b:2 -> of:000000000000000c:2,0.002,0.0025,0.002,0.002,1.53,2026-06-23T00:15:35,0.002,1.53
ip_shuffle,20260623T001535_244089,of:0000000000000001:2 -> of:000000000000000c:1,0.001,0.00125,0.001,0.001,1.36,2026-06-23T00:15:35,0.001,1.36
ip_shuffle,20260623T001535_244089,of:0000000000000006:2 -> of:000000000000000a:2,0.002,0.0025,0.002,0.002,1.53,2026-06-23T00:15:35,0.002,1.53
ip_shuffle,20260623T001535_244089,of:0000000000000001:3 -> of:000000000000000d:1,0.001,0.00125,0.001,0.001,1.5,2026-06-23T00:15:35,0.001,1.5
ip_shuffle,20260623T001535_244089,of:0000000000000003:1 -> of:000000000000000b:5,0.002,0.0025,0.002,0.002,1.43,2026-06-23T00:15:35,0.002,1.43
ip_shuffle,20260623T001535_244089,of:0000000000000006:1 -> of:000000000000000d:4,0.002,0.0025,0.002,0.002,1.53,2026-06-23T00:15:35,0.002,1.53
ip_shuffle,20260623T001535_244089,of:0000000000000007:2 -> of:000000000000000a:3,0.002,0.0025,0.002,0.002,1.53,2026-06-23T00:15:35,0.002,1.53
ip_shuffle,20260623T001535_244089,of:0000000000000007:1 -> of:000000000000000d:5,0.001,0.00125,0.001,0.001,1.36,2026-06-23T00:15:35,0.001,1.36
ip_shuffle,20260623T001535_244089,of:0000000000000002:2 -> of:0000000000000008:2,0.002,0.0025,0.002,0.002,1.53,2026-06-23T00:15:35,0.002,1.53
ip_shuffle,20260623T001535_244089,of:0000000000000003:2 -> of:0000000000000008:3,0.002,0.0025,0.002,0.002,1.53,2026-06-23T00:15:35,0.002,1.53
ip_shuffle,20260623T001535_244089,of:0000000000000008:1 -> of:000000000000000b:6,0.002,0.0025,0.002,0.002,1.43,2026-06-23T00:15:35,0.002,1.43
ip_shuffle,20260623T001535_244089,of:0000000000000004:2 -> of:0000000000000009:2,0.002,0.0025,0.002,0.002,1.53,2026-06-23T00:15:35,0.002,1.53
ip_shuffle,20260623T001535_244089,of:0000000000000002:1 -> of:000000000000000b:4,0.002,0.0025,0.002,0.002,2.0,2026-06-23T00:15:35,0.002,2.0
ip_shuffle,20260623T001535_244089,of:0000000000000009:1 -> of:000000000000000c:6,0.002,0.0025,0.002,0.002,1.43,2026-06-23T00:15:35,0.002,1.43
ip_shuffle,20260623T001632_855612,of:0000000000000004:1 -> of:000000000000000c:4,0.002,0.0025,0.002,0.002,2.16,2026-06-23T00:16:32,0.002,2.16
ip_shuffle,20260623T001632_855612,of:0000000000000005:1 -> of:000000000000000c:5,0.002,0.0025,0.002,0.002,2.16,2026-06-23T00:16:32,0.002,2.16
ip_shuffle,20260623T001632_855612,of:000000000000000a:1 -> of:000000000000000d:6,0.002,0.0025,0.002,0.002,2.16,2026-06-23T00:16:32,0.002,2.13
ip_shuffle,20260623T001632_855612,of:000000000000000b:3 -> of:000000000000000d:2,0.002,0.0025,0.002,0.002,3.03,2026-06-23T00:16:32,0.002,3.03
ip_shuffle,20260623T001632_855612,of:000000000000000c:3 -> of:000000000000000d:3,0.002,0.0025,0.002,0.002,3.03,2026-06-23T00:16:32,0.002,3.03
ip_shuffle,20260623T001632_855612,of:0000000000000005:2 -> of:0000000000000009:3,0.002,0.0025,0.002,0.002,3.06,2026-06-23T00:16:32,0.002,3.06
ip_shuffle,20260623T001632_855612,of:0000000000000001:1 -> of:000000000000000b:1,0.002,0.0025,0.002,0.002,2.16,2026-06-23T00:16:32,0.002,2.16
ip_shuffle,20260623T001632_855612,of:000000000000000b:2 -> of:000000000000000c:2,0.002,0.0025,0.002,0.002,3.0,2026-06-23T00:16:32,0.002,3.0
ip_shuffle,20260623T001632_855612,of:0000000000000001:2 -> of:000000000000000c:1,0.002,0.0025,0.002,0.002,2.16,2026-06-23T00:16:32,0.002,2.16
ip_shuffle,20260623T001632_855612,of:0000000000000006:2 -> of:000000000000000a:2,0.002,0.0025,0.002,0.002,3.06,2026-06-23T00:16:32,0.002,3.06
ip_shuffle,20260623T001632_855612,of:0000000000000001:3 -> of:000000000000000d:1,0.003,0.00375,0.003,0.003,4.36,2026-06-23T00:16:32,0.003,4.36
ip_shuffle,20260623T001632_855612,of:0000000000000003:1 -> of:000000000000000b:5,0.002,0.0025,0.002,0.002,2.16,2026-06-23T00:16:32,0.002,2.16
ip_shuffle,20260623T001632_855612,of:0000000000000006:1 -> of:000000000000000d:4,0.002,0.0025,0.002,0.002,3.06,2026-06-23T00:16:32,0.002,3.19
ip_shuffle,20260623T001632_855612,of:0000000000000007:2 -> of:000000000000000a:3,0.002,0.0025,0.002,0.002,3.06,2026-06-23T00:16:32,0.002,3.09
ip_shuffle,20260623T001632_855612,of:0000000000000007:1 -> of:000000000000000d:5,0.003,0.00375,0.003,0.003,3.49,2026-06-23T00:16:32,0.003,3.36
ip_shuffle,20260623T001632_855612,of:0000000000000002:2 -> of:0000000000000008:2,0.002,0.0025,0.002,0.002,3.09,2026-06-23T00:16:32,0.002,3.09
ip_shuffle,20260623T001632_855612,of:0000000000000003:2 -> of:0000000000000008:3,0.002,0.0025,0.002,0.002,3.09,2026-06-23T00:16:32,0.002,3.09
ip_shuffle,20260623T001632_855612,of:0000000000000008:1 -> of:000000000000000b:6,0.002,0.0025,0.002,0.002,2.1,2026-06-23T00:16:32,0.002,2.1
ip_shuffle,20260623T001632_855612,of:0000000000000004:2 -> of:0000000000000009:2,0.002,0.0025,0.002,0.002,3.06,2026-06-23T00:16:32,0.002,3.06
ip_shuffle,20260623T001632_855612,of:0000000000000002:1 -> of:000000000000000b:4,0.002,0.0025,0.002,0.002,2.16,2026-06-23T00:16:32,0.002,2.16
ip_shuffle,20260623T001632_855612,of:0000000000000009:1 -> of:000000000000000c:6,0.002,0.0025,0.002,0.002,2.1,2026-06-23T00:16:32,0.002,2.1
route_mutation,20260623T001737_224264,of:0000000000000004:1 -> of:000000000000000c:4,0.002,0.0025,0.002,0.002,2.26,2026-06-23T00:17:37,0.002,2.26
route_mutation,20260623T001737_224264,of:0000000000000005:1 -> of:000000000000000c:5,0.002,0.0025,0.002,0.002,1.73,2026-06-23T00:17:37,0.002,1.73
route_mutation,20260623T001737_224264,of:000000000000000a:1 -> of:000000000000000d:6,0.002,0.0025,0.002,0.002,1.53,2026-06-23T00:17:37,0.002,1.5
route_mutation,20260623T001737_224264,of:000000000000000b:3 -> of:000000000000000d:2,0.002,0.0025,0.002,0.002,1.7,2026-06-23T00:17:37,0.002,1.7
route_mutation,20260623T001737_224264,of:000000000000000c:3 -> of:000000000000000d:3,0.002,0.0025,0.002,0.002,1.7,2026-06-23T00:17:37,0.002,1.7
route_mutation,20260623T001737_224264,of:0000000000000005:2 -> of:0000000000000009:3,0.002,0.0025,0.002,0.002,1.66,2026-06-23T00:17:37,0.002,1.66
route_mutation,20260623T001737_224264,of:0000000000000001:1 -> of:000000000000000b:1,0.003,0.00375,0.003,0.003,3.59,2026-06-23T00:17:37,0.003,3.59
route_mutation,20260623T001737_224264,of:000000000000000b:2 -> of:000000000000000c:2,0.002,0.0025,0.002,0.002,1.73,2026-06-23T00:17:37,0.002,1.73
route_mutation,20260623T001737_224264,of:0000000000000001:2 -> of:000000000000000c:1,0.002,0.0025,0.002,0.002,2.53,2026-06-23T00:17:37,0.002,2.53
route_mutation,20260623T001737_224264,of:0000000000000006:2 -> of:000000000000000a:2,0.002,0.0025,0.002,0.002,1.66,2026-06-23T00:17:37,0.002,1.66
route_mutation,20260623T001737_224264,of:0000000000000001:3 -> of:000000000000000d:1,0.002,0.0025,0.002,0.002,1.86,2026-06-23T00:17:37,0.002,1.86
route_mutation,20260623T001737_224264,of:0000000000000003:1 -> of:000000000000000b:5,0.002,0.0025,0.002,0.002,2.49,2026-06-23T00:17:37,0.002,2.49
route_mutation,20260623T001737_224264,of:0000000000000006:1 -> of:000000000000000d:4,0.001,0.00125,0.001,0.001,1.46,2026-06-23T00:17:37,0.001,1.43
route_mutation,20260623T001737_224264,of:0000000000000007:2 -> of:000000000000000a:3,0.002,0.0025,0.002,0.002,1.73,2026-06-23T00:17:37,0.002,1.73
route_mutation,20260623T001737_224264,of:0000000000000007:1 -> of:000000000000000d:5,0.002,0.0025,0.002,0.002,1.83,2026-06-23T00:17:37,0.002,1.83
route_mutation,20260623T001737_224264,of:0000000000000002:2 -> of:0000000000000008:2,0.002,0.0025,0.002,0.002,1.66,2026-06-23T00:17:37,0.002,1.66
route_mutation,20260623T001737_224264,of:0000000000000003:2 -> of:0000000000000008:3,0.002,0.0025,0.002,0.002,1.66,2026-06-23T00:17:37,0.002,1.66
route_mutation,20260623T001737_224264,of:0000000000000008:1 -> of:000000000000000b:6,0.002,0.0025,0.002,0.002,1.53,2026-06-23T00:17:37,0.002,1.53
route_mutation,20260623T001737_224264,of:0000000000000004:2 -> of:0000000000000009:2,0.002,0.0025,0.002,0.002,1.66,2026-06-23T00:17:37,0.002,1.66
route_mutation,20260623T001737_224264,of:0000000000000002:1 -> of:000000000000000b:4,0.002,0.0025,0.002,0.002,2.49,2026-06-23T00:17:37,0.002,2.49
route_mutation,20260623T001737_224264,of:0000000000000009:1 -> of:000000000000000c:6,0.002,0.0025,0.002,0.002,1.53,2026-06-23T00:17:37,0.002,1.53
route_mutation,20260623T001807_476296,of:0000000000000004:1 -> of:000000000000000c:4,0.002,0.0025,0.002,0.002,2.0,2026-06-23T00:18:07,0.002,2.03
route_mutation,20260623T001807_476296,of:0000000000000005:1 -> of:000000000000000c:5,0.002,0.0025,0.002,0.002,2.53,2026-06-23T00:18:07,0.002,2.56
route_mutation,20260623T001807_476296,of:000000000000000a:1 -> of:000000000000000d:6,0.002,0.0025,0.002,0.002,2.03,2026-06-23T00:18:07,0.002,2.06
route_mutation,20260623T001807_476296,of:000000000000000b:3 -> of:000000000000000d:2,0.002,0.0025,0.002,0.002,2.8,2026-06-23T00:18:07,0.002,2.83
route_mutation,20260623T001807_476296,of:000000000000000c:3 -> of:000000000000000d:3,0.002,0.0025,0.002,0.002,2.8,2026-06-23T00:18:07,0.002,2.83
route_mutation,20260623T001807_476296,of:0000000000000005:2 -> of:0000000000000009:3,0.002,0.0025,0.002,0.002,2.76,2026-06-23T00:18:07,0.002,2.76
route_mutation,20260623T001807_476296,of:0000000000000001:1 -> of:000000000000000b:1,0.002,0.0025,0.002,0.002,2.03,2026-06-23T00:18:07,0.002,1.96
route_mutation,20260623T001807_476296,of:000000000000000b:2 -> of:000000000000000c:2,0.002,0.0025,0.002,0.002,2.73,2026-06-23T00:18:07,0.002,2.73
route_mutation,20260623T001807_476296,of:0000000000000001:2 -> of:000000000000000c:1,0.002,0.0025,0.002,0.002,2.63,2026-06-23T00:18:07,0.002,2.56
route_mutation,20260623T001807_476296,of:0000000000000006:2 -> of:000000000000000a:2,0.002,0.0025,0.002,0.002,2.76,2026-06-23T00:18:07,0.002,2.76
route_mutation,20260623T001807_476296,of:0000000000000001:3 -> of:000000000000000d:1,0.003,0.00375,0.003,0.003,3.83,2026-06-23T00:18:07,0.003,3.96
route_mutation,20260623T001807_476296,of:0000000000000003:1 -> of:000000000000000b:5,0.002,0.0025,0.002,0.002,1.96,2026-06-23T00:18:07,0.002,2.03
route_mutation,20260623T001807_476296,of:0000000000000006:1 -> of:000000000000000d:4,0.003,0.00375,0.003,0.003,3.26,2026-06-23T00:18:07,0.003,3.33
route_mutation,20260623T001807_476296,of:0000000000000007:2 -> of:000000000000000a:3,0.002,0.0025,0.002,0.002,2.7,2026-06-23T00:18:07,0.002,2.7
route_mutation,20260623T001807_476296,of:0000000000000007:1 -> of:000000000000000d:5,0.002,0.0025,0.002,0.002,2.76,2026-06-23T00:18:07,0.002,2.7
route_mutation,20260623T001807_476296,of:0000000000000002:2 -> of:0000000000000008:2,0.002,0.0025,0.002,0.002,2.7,2026-06-23T00:18:07,0.002,2.7
route_mutation,20260623T001807_476296,of:0000000000000003:2 -> of:0000000000000008:3,0.002,0.0025,0.002,0.002,2.7,2026-06-23T00:18:07,0.002,2.7
route_mutation,20260623T001807_476296,of:0000000000000008:1 -> of:000000000000000b:6,0.002,0.0025,0.002,0.002,1.93,2026-06-23T00:18:07,0.002,1.96
route_mutation,20260623T001807_476296,of:0000000000000004:2 -> of:0000000000000009:2,0.002,0.0025,0.002,0.002,2.76,2026-06-23T00:18:07,0.002,2.76
route_mutation,20260623T001807_476296,of:0000000000000002:1 -> of:000000000000000b:4,0.002,0.0025,0.002,0.002,1.96,2026-06-23T00:18:07,0.002,2.03
route_mutation,20260623T001807_476296,of:0000000000000009:1 -> of:000000000000000c:6,0.002,0.0025,0.002,0.002,1.96,2026-06-23T00:18:07,0.002,1.96
ip_shuffle,20260623T001837_899385,of:0000000000000004:1 -> of:000000000000000c:4,0.002,0.0025,0.002,0.002,1.6,2026-06-23T00:18:37,0.002,1.56
ip_shuffle,20260623T001837_899385,of:0000000000000005:1 -> of:000000000000000c:5,0.002,0.0025,0.002,0.002,1.6,2026-06-23T00:18:37,0.002,1.56
ip_shuffle,20260623T001837_899385,of:000000000000000a:1 -> of:000000000000000d:6,0.001,0.00125,0.001,0.001,1.5,2026-06-23T00:18:37,0.001,1.46
ip_shuffle,20260623T001837_899385,of:000000000000000b:3 -> of:000000000000000d:2,0.002,0.0025,0.002,0.002,1.73,2026-06-23T00:18:37,0.002,1.7
ip_shuffle,20260623T001837_899385,of:000000000000000c:3 -> of:000000000000000d:3,0.002,0.0025,0.002,0.002,1.73,2026-06-23T00:18:37,0.002,1.7
ip_shuffle,20260623T001837_899385,of:0000000000000005:2 -> of:0000000000000009:3,0.002,0.0025,0.002,0.002,1.83,2026-06-23T00:18:37,0.002,1.83
ip_shuffle,20260623T001837_899385,of:0000000000000001:1 -> of:000000000000000b:1,0.002,0.0025,0.002,0.001,1.5,2026-06-23T00:18:37,0.002,1.56
ip_shuffle,20260623T001837_899385,of:000000000000000b:2 -> of:000000000000000c:2,0.002,0.0025,0.002,0.002,1.8,2026-06-23T00:18:37,0.002,1.8
ip_shuffle,20260623T001837_899385,of:0000000000000001:2 -> of:000000000000000c:1,0.002,0.0025,0.002,0.001,1.5,2026-06-23T00:18:37,0.002,1.56
ip_shuffle,20260623T001837_899385,of:0000000000000006:2 -> of:000000000000000a:2,0.002,0.0025,0.002,0.002,1.83,2026-06-23T00:18:37,0.002,1.83
ip_shuffle,20260623T001837_899385,of:0000000000000001:3 -> of:000000000000000d:1,0.002,0.0025,0.002,0.002,2.3,2026-06-23T00:18:37,0.002,2.16
ip_shuffle,20260623T001837_899385,of:0000000000000003:1 -> of:000000000000000b:5,0.002,0.0025,0.002,0.002,1.63,2026-06-23T00:18:37,0.002,1.56
ip_shuffle,20260623T001837_899385,of:0000000000000006:1 -> of:000000000000000d:4,0.002,0.0025,0.002,0.002,1.53,2026-06-23T00:18:37,0.001,1.46
ip_shuffle,20260623T001837_899385,of:0000000000000007:2 -> of:000000000000000a:3,0.002,0.0025,0.002,0.002,1.83,2026-06-23T00:18:37,0.002,1.83
ip_shuffle,20260623T001837_899385,of:0000000000000007:1 -> of:000000000000000d:5,0.002,0.0025,0.002,0.002,2.16,2026-06-23T00:18:37,0.002,2.23
ip_shuffle,20260623T001837_899385,of:0000000000000002:2 -> of:0000000000000008:2,0.002,0.0025,0.002,0.002,1.9,2026-06-23T00:18:37,0.002,1.9
ip_shuffle,20260623T001837_899385,of:0000000000000003:2 -> of:0000000000000008:3,0.002,0.0025,0.002,0.002,1.9,2026-06-23T00:18:37,0.002,1.9
ip_shuffle,20260623T001837_899385,of:0000000000000008:1 -> of:000000000000000b:6,0.002,0.0025,0.002,0.002,1.6,2026-06-23T00:18:37,0.002,1.56
ip_shuffle,20260623T001837_899385,of:0000000000000004:2 -> of:0000000000000009:2,0.002,0.0025,0.002,0.002,1.83,2026-06-23T00:18:37,0.002,1.83
ip_shuffle,20260623T001837_899385,of:0000000000000002:1 -> of:000000000000000b:4,0.002,0.0025,0.002,0.002,1.63,2026-06-23T00:18:37,0.002,1.56
ip_shuffle,20260623T001837_899385,of:0000000000000009:1 -> of:000000000000000c:6,0.002,0.0025,0.002,0.002,1.56,2026-06-23T00:18:37,0.002,1.56
ip_shuffle,20260623T001935_801977,of:0000000000000004:1 -> of:000000000000000c:4,0.002,0.0025,0.002,0.002,2.43,2026-06-23T00:19:35,0.002,2.46
ip_shuffle,20260623T001935_801977,of:0000000000000005:1 -> of:000000000000000c:5,0.002,0.0025,0.002,0.002,2.56,2026-06-23T00:19:35,0.002,2.6
ip_shuffle,20260623T001935_801977,of:000000000000000a:1 -> of:000000000000000d:6,0.002,0.0025,0.002,0.002,1.8,2026-06-23T00:19:35,0.002,1.8
ip_shuffle,20260623T001935_801977,of:000000000000000b:3 -> of:000000000000000d:2,0.002,0.0025,0.002,0.002,2.33,2026-06-23T00:19:35,0.002,2.33
ip_shuffle,20260623T001935_801977,of:000000000000000c:3 -> of:000000000000000d:3,0.002,0.0025,0.002,0.002,2.33,2026-06-23T00:19:35,0.002,2.33
ip_shuffle,20260623T001935_801977,of:0000000000000005:2 -> of:0000000000000009:3,0.002,0.0025,0.002,0.002,2.26,2026-06-23T00:19:35,0.002,2.26
ip_shuffle,20260623T001935_801977,of:0000000000000001:1 -> of:000000000000000b:1,0.002,0.0025,0.002,0.002,1.86,2026-06-23T00:19:35,0.002,1.8
ip_shuffle,20260623T001935_801977,of:000000000000000b:2 -> of:000000000000000c:2,0.002,0.0025,0.002,0.002,2.26,2026-06-23T00:19:35,0.002,2.26
ip_shuffle,20260623T001935_801977,of:0000000000000001:2 -> of:000000000000000c:1,0.003,0.00375,0.003,0.003,3.29,2026-06-23T00:19:35,0.003,3.19
ip_shuffle,20260623T001935_801977,of:0000000000000006:2 -> of:000000000000000a:2,0.002,0.0025,0.002,0.002,2.3,2026-06-23T00:19:35,0.002,2.3
ip_shuffle,20260623T001935_801977,of:0000000000000001:3 -> of:000000000000000d:1,0.003,0.00375,0.003,0.003,3.23,2026-06-23T00:19:35,0.003,3.36
ip_shuffle,20260623T001935_801977,of:0000000000000003:1 -> of:000000000000000b:5,0.002,0.0025,0.002,0.002,1.83,2026-06-23T00:19:35,0.002,1.9
ip_shuffle,20260623T001935_801977,of:0000000000000006:1 -> of:000000000000000d:4,0.003,0.00375,0.003,0.003,3.09,2026-06-23T00:19:35,0.003,3.13
ip_shuffle,20260623T001935_801977,of:0000000000000007:2 -> of:000000000000000a:3,0.002,0.0025,0.002,0.002,2.26,2026-06-23T00:19:35,0.002,2.26
ip_shuffle,20260623T001935_801977,of:0000000000000007:1 -> of:000000000000000d:5,0.002,0.0025,0.002,0.002,1.96,2026-06-23T00:19:35,0.002,1.9
ip_shuffle,20260623T001935_801977,of:0000000000000002:2 -> of:0000000000000008:2,0.002,0.0025,0.002,0.002,2.26,2026-06-23T00:19:35,0.002,2.26
ip_shuffle,20260623T001935_801977,of:0000000000000003:2 -> of:0000000000000008:3,0.002,0.0025,0.002,0.002,2.23,2026-06-23T00:19:35,0.002,2.23
ip_shuffle,20260623T001935_801977,of:0000000000000008:1 -> of:000000000000000b:6,0.002,0.0025,0.002,0.002,1.7,2026-06-23T00:19:35,0.002,1.73
ip_shuffle,20260623T001935_801977,of:0000000000000004:2 -> of:0000000000000009:2,0.002,0.0025,0.002,0.002,2.26,2026-06-23T00:19:35,0.002,2.26
ip_shuffle,20260623T001935_801977,of:0000000000000002:1 -> of:000000000000000b:4,0.002,0.0025,0.002,0.002,1.73,2026-06-23T00:19:35,0.002,1.8
ip_shuffle,20260623T001935_801977,of:0000000000000009:1 -> of:000000000000000c:6,0.002,0.0025,0.002,0.002,1.7,2026-06-23T00:19:35,0.002,1.73
ip_shuffle,20260623T002040_297760,of:0000000000000004:1 -> of:000000000000000c:4,0.001,0.00125,0.001,0.001,1.4,2026-06-23T00:20:40,0.001,1.36
ip_shuffle,20260623T002040_297760,of:0000000000000005:1 -> of:000000000000000c:5,0.001,0.00125,0.001,0.001,1.4,2026-06-23T00:20:40,0.001,1.36
ip_shuffle,20260623T002040_297760,of:000000000000000a:1 -> of:000000000000000d:6,0.002,0.0025,0.002,0.002,1.43,2026-06-23T00:20:40,0.002,1.43
ip_shuffle,20260623T002040_297760,of:000000000000000b:3 -> of:000000000000000d:2,0.002,0.0025,0.002,0.002,1.53,2026-06-23T00:20:40,0.002,1.53
ip_shuffle,20260623T002040_297760,of:000000000000000c:3 -> of:000000000000000d:3,0.002,0.0025,0.002,0.002,1.53,2026-06-23T00:20:40,0.002,1.53
ip_shuffle,20260623T002040_297760,of:0000000000000005:2 -> of:0000000000000009:3,0.001,0.00125,0.001,0.001,1.5,2026-06-23T00:20:40,0.001,1.5
ip_shuffle,20260623T002040_297760,of:0000000000000001:1 -> of:000000000000000b:1,0.003,0.00375,0.003,0.003,2.83,2026-06-23T00:20:40,0.003,2.83
ip_shuffle,20260623T002040_297760,of:000000000000000b:2 -> of:000000000000000c:2,0.002,0.0025,0.002,0.002,1.53,2026-06-23T00:20:40,0.002,1.53
ip_shuffle,20260623T002040_297760,of:0000000000000001:2 -> of:000000000000000c:1,0.001,0.00125,0.001,0.001,1.36,2026-06-23T00:20:40,0.001,1.4
ip_shuffle,20260623T002040_297760,of:0000000000000006:2 -> of:000000000000000a:2,0.002,0.0025,0.002,0.002,1.56,2026-06-23T00:20:40,0.002,1.56
ip_shuffle,20260623T002040_297760,of:0000000000000001:3 -> of:000000000000000d:1,0.002,0.0025,0.002,0.002,2.03,2026-06-23T00:20:40,0.002,2.0
ip_shuffle,20260623T002040_297760,of:0000000000000003:1 -> of:000000000000000b:5,0.002,0.0025,0.002,0.002,1.8,2026-06-23T00:20:40,0.002,1.76
ip_shuffle,20260623T002040_297760,of:0000000000000006:1 -> of:000000000000000d:4,0.002,0.0025,0.002,0.002,2.03,2026-06-23T00:20:40,0.002,2.03
ip_shuffle,20260623T002040_297760,of:0000000000000007:2 -> of:000000000000000a:3,0.002,0.0025,0.002,0.002,1.56,2026-06-23T00:20:40,0.002,1.56
ip_shuffle,20260623T002040_297760,of:0000000000000007:1 -> of:000000000000000d:5,0.002,0.0025,0.002,0.002,1.46,2026-06-23T00:20:40,0.002,1.43
ip_shuffle,20260623T002040_297760,of:0000000000000002:2 -> of:0000000000000008:2,0.001,0.00125,0.001,0.001,1.5,2026-06-23T00:20:40,0.001,1.5
ip_shuffle,20260623T002040_297760,of:0000000000000003:2 -> of:0000000000000008:3,0.001,0.00125,0.001,0.001,1.5,2026-06-23T00:20:40,0.001,1.5
ip_shuffle,20260623T002040_297760,of:0000000000000008:1 -> of:000000000000000b:6,0.002,0.0025,0.002,0.002,1.43,2026-06-23T00:20:40,0.002,1.43
ip_shuffle,20260623T002040_297760,of:0000000000000004:2 -> of:0000000000000009:2,0.001,0.00125,0.001,0.001,1.5,2026-06-23T00:20:40,0.001,1.5
ip_shuffle,20260623T002040_297760,of:0000000000000002:1 -> of:000000000000000b:4,0.002,0.0025,0.002,0.002,2.43,2026-06-23T00:20:40,0.002,2.4
ip_shuffle,20260623T002040_297760,of:0000000000000009:1 -> of:000000000000000c:6,0.002,0.0025,0.002,0.002,1.43,2026-06-23T00:20:40,0.002,1.43
route_mutation,20260623T002138_085244,of:0000000000000004:1 -> of:000000000000000c:4,0.002,0.0025,0.002,0.002,1.93,2026-06-23T00:21:38,0.002,1.9
route_mutation,20260623T002138_085244,of:0000000000000005:1 -> of:000000000000000c:5,0.002,0.0025,0.002,0.002,1.93,2026-06-23T00:21:38,0.002,1.9
route_mutation,20260623T002138_085244,of:000000000000000a:1 -> of:000000000000000d:6,0.002,0.0025,0.002,0.002,1.9,2026-06-23T00:21:38,0.002,1.9
route_mutation,20260623T002138_085244,of:000000000000000b:3 -> of:000000000000000d:2,0.002,0.0025,0.002,0.002,2.53,2026-06-23T00:21:38,0.002,2.53
route_mutation,20260623T002138_085244,of:000000000000000c:3 -> of:000000000000000d:3,0.002,0.0025,0.002,0.002,2.46,2026-06-23T00:21:38,0.002,2.46
route_mutation,20260623T002138_085244,of:0000000000000005:2 -> of:0000000000000009:3,0.002,0.0025,0.002,0.002,2.63,2026-06-23T00:21:38,0.002,2.63
route_mutation,20260623T002138_085244,of:0000000000000001:1 -> of:000000000000000b:1,0.002,0.0025,0.002,0.002,1.96,2026-06-23T00:21:38,0.002,2.03
route_mutation,20260623T002138_085244,of:000000000000000b:2 -> of:000000000000000c:2,0.002,0.0025,0.002,0.002,2.53,2026-06-23T00:21:38,0.002,2.53
route_mutation,20260623T002138_085244,of:0000000000000001:2 -> of:000000000000000c:1,0.002,0.0025,0.002,0.002,1.9,2026-06-23T00:21:38,0.002,1.96
route_mutation,20260623T002138_085244,of:0000000000000006:2 -> of:000000000000000a:2,0.002,0.0025,0.002,0.002,2.63,2026-06-23T00:21:38,0.002,2.63
route_mutation,20260623T002138_085244,of:0000000000000001:3 -> of:000000000000000d:1,0.003,0.00375,0.003,0.003,4.09,2026-06-23T00:21:38,0.003,3.99
route_mutation,20260623T002138_085244,of:0000000000000003:1 -> of:000000000000000b:5,0.002,0.0025,0.002,0.002,2.03,2026-06-23T00:21:38,0.002,1.96
route_mutation,20260623T002138_085244,of:0000000000000006:1 -> of:000000000000000d:4,0.002,0.0025,0.002,0.002,2.36,2026-06-23T00:21:38,0.002,2.46
route_mutation,20260623T002138_085244,of:0000000000000007:2 -> of:000000000000000a:3,0.002,0.0025,0.002,0.002,2.63,2026-06-23T00:21:38,0.002,2.63
route_mutation,20260623T002138_085244,of:0000000000000007:1 -> of:000000000000000d:5,0.003,0.00375,0.003,0.003,3.66,2026-06-23T00:21:38,0.003,3.63
route_mutation,20260623T002138_085244,of:0000000000000002:2 -> of:0000000000000008:2,0.002,0.0025,0.002,0.002,2.66,2026-06-23T00:21:38,0.002,2.66
route_mutation,20260623T002138_085244,of:0000000000000003:2 -> of:0000000000000008:3,0.002,0.0025,0.002,0.002,2.66,2026-06-23T00:21:38,0.002,2.66
route_mutation,20260623T002138_085244,of:0000000000000008:1 -> of:000000000000000b:6,0.002,0.0025,0.002,0.002,1.96,2026-06-23T00:21:38,0.002,1.96
route_mutation,20260623T002138_085244,of:0000000000000004:2 -> of:0000000000000009:2,0.002,0.0025,0.002,0.002,2.63,2026-06-23T00:21:38,0.002,2.63
route_mutation,20260623T002138_085244,of:0000000000000002:1 -> of:000000000000000b:4,0.002,0.0025,0.002,0.002,2.03,2026-06-23T00:21:38,0.002,1.96
route_mutation,20260623T002138_085244,of:0000000000000009:1 -> of:000000000000000c:6,0.002,0.0025,0.002,0.002,1.9,2026-06-23T00:21:38,0.002,1.9
ip_shuffle,20260623T002208_434449,of:0000000000000004:1 -> of:000000000000000c:4,0.001,0.00125,0.001,0.001,1.36,2026-06-23T00:22:08,0.001,1.36
ip_shuffle,20260623T002208_434449,of:0000000000000005:1 -> of:000000000000000c:5,0.001,0.00125,0.001,0.001,1.36,2026-06-23T00:22:08,0.001,1.36
ip_shuffle,20260623T002208_434449,of:000000000000000a:1 -> of:000000000000000d:6,0.002,0.0025,0.002,0.002,1.43,2026-06-23T00:22:08,0.002,1.43
ip_shuffle,20260623T002208_434449,of:000000000000000b:3 -> of:000000000000000d:2,0.002,0.0025,0.002,0.002,1.53,2026-06-23T00:22:08,0.002,1.53
ip_shuffle,20260623T002208_434449,of:000000000000000c:3 -> of:000000000000000d:3,0.002,0.0025,0.002,0.002,1.53,2026-06-23T00:22:08,0.002,1.53
ip_shuffle,20260623T002208_434449,of:0000000000000005:2 -> of:0000000000000009:3,0.001,0.00125,0.001,0.001,1.46,2026-06-23T00:22:08,0.001,1.46
ip_shuffle,20260623T002208_434449,of:0000000000000001:1 -> of:000000000000000b:1,0.002,0.0025,0.002,0.002,2.2,2026-06-23T00:22:08,0.002,2.2
ip_shuffle,20260623T002208_434449,of:000000000000000b:2 -> of:000000000000000c:2,0.002,0.0025,0.002,0.002,1.53,2026-06-23T00:22:08,0.002,1.53
ip_shuffle,20260623T002208_434449,of:0000000000000001:2 -> of:000000000000000c:1,0.001,0.00125,0.001,0.001,1.36,2026-06-23T00:22:08,0.001,1.36
ip_shuffle,20260623T002208_434449,of:0000000000000006:2 -> of:000000000000000a:2,0.002,0.0025,0.002,0.002,1.53,2026-06-23T00:22:08,0.002,1.53
ip_shuffle,20260623T002208_434449,of:0000000000000001:3 -> of:000000000000000d:1,0.001,0.00125,0.001,0.001,1.36,2026-06-23T00:22:08,0.001,1.36
ip_shuffle,20260623T002208_434449,of:0000000000000003:1 -> of:000000000000000b:5,0.001,0.00125,0.001,0.001,1.36,2026-06-23T00:22:08,0.001,1.36
ip_shuffle,20260623T002208_434449,of:0000000000000006:1 -> of:000000000000000d:4,0.002,0.0025,0.002,0.002,1.43,2026-06-23T00:22:08,0.002,1.43
ip_shuffle,20260623T002208_434449,of:0000000000000007:2 -> of:000000000000000a:3,0.002,0.0025,0.002,0.002,1.53,2026-06-23T00:22:08,0.002,1.53
ip_shuffle,20260623T002208_434449,of:0000000000000007:1 -> of:000000000000000d:5,0.002,0.0025,0.002,0.002,1.43,2026-06-23T00:22:08,0.002,1.43
ip_shuffle,20260623T002208_434449,of:0000000000000002:2 -> of:0000000000000008:2,0.001,0.00125,0.001,0.001,1.46,2026-06-23T00:22:08,0.001,1.46
ip_shuffle,20260623T002208_434449,of:0000000000000003:2 -> of:0000000000000008:3,0.001,0.00125,0.001,0.001,1.46,2026-06-23T00:22:08,0.001,1.46
ip_shuffle,20260623T002208_434449,of:0000000000000008:1 -> of:000000000000000b:6,0.002,0.0025,0.002,0.002,1.43,2026-06-23T00:22:08,0.002,1.43
ip_shuffle,20260623T002208_434449,of:0000000000000004:2 -> of:0000000000000009:2,0.001,0.00125,0.001,0.001,1.46,2026-06-23T00:22:08,0.001,1.46
ip_shuffle,20260623T002208_434449,of:0000000000000002:1 -> of:000000000000000b:4,0.002,0.0025,0.002,0.002,2.2,2026-06-23T00:22:08,0.002,2.2
ip_shuffle,20260623T002208_434449,of:0000000000000009:1 -> of:000000000000000c:6,0.002,0.0025,0.002,0.002,1.43,2026-06-23T00:22:08,0.002,1.43
ip_shuffle,20260623T002306_105064,of:0000000000000004:1 -> of:000000000000000c:4,0.002,0.0025,0.002,0.002,1.93,2026-06-23T00:23:06,0.002,1.9
ip_shuffle,20260623T002306_105064,of:0000000000000005:1 -> of:000000000000000c:5,0.002,0.0025,0.002,0.002,1.93,2026-06-23T00:23:06,0.002,1.9
ip_shuffle,20260623T002306_105064,of:000000000000000a:1 -> of:000000000000000d:6,0.002,0.0025,0.002,0.002,1.9,2026-06-23T00:23:06,0.002,1.9
ip_shuffle,20260623T002306_105064,of:000000000000000b:3 -> of:000000000000000d:2,0.002,0.0025,0.002,0.002,2.53,2026-06-23T00:23:06,0.002,2.53
ip_shuffle,20260623T002306_105064,of:000000000000000c:3 -> of:000000000000000d:3,0.002,0.0025,0.002,0.002,2.46,2026-06-23T00:23:06,0.002,2.46
ip_shuffle,20260623T002306_105064,of:0000000000000005:2 -> of:0000000000000009:3,0.002,0.0025,0.002,0.002,2.66,2026-06-23T00:23:06,0.002,2.66
ip_shuffle,20260623T002306_105064,of:0000000000000001:1 -> of:000000000000000b:1,0.002,0.0025,0.002,0.002,1.96,2026-06-23T00:23:06,0.002,2.03
ip_shuffle,20260623T002306_105064,of:000000000000000b:2 -> of:000000000000000c:2,0.002,0.0025,0.002,0.002,2.53,2026-06-23T00:23:06,0.002,2.53
ip_shuffle,20260623T002306_105064,of:0000000000000001:2 -> of:000000000000000c:1,0.002,0.0025,0.002,0.002,1.9,2026-06-23T00:23:06,0.002,1.96
ip_shuffle,20260623T002306_105064,of:0000000000000006:2 -> of:000000000000000a:2,0.002,0.0025,0.002,0.002,2.63,2026-06-23T00:23:06,0.002,2.63
ip_shuffle,20260623T002306_105064,of:0000000000000001:3 -> of:000000000000000d:1,0.003,0.00375,0.003,0.003,4.39,2026-06-23T00:23:06,0.003,4.29
ip_shuffle,20260623T002306_105064,of:0000000000000003:1 -> of:000000000000000b:5,0.002,0.0025,0.002,0.002,2.03,2026-06-23T00:23:06,0.002,1.96
ip_shuffle,20260623T002306_105064,of:0000000000000006:1 -> of:000000000000000d:4,0.002,0.0025,0.002,0.002,2.93,2026-06-23T00:23:06,0.002,2.96
ip_shuffle,20260623T002306_105064,of:0000000000000007:2 -> of:000000000000000a:3,0.002,0.0025,0.002,0.002,2.63,2026-06-23T00:23:06,0.002,2.63
ip_shuffle,20260623T002306_105064,of:0000000000000007:1 -> of:000000000000000d:5,0.003,0.00375,0.003,0.003,3.46,2026-06-23T00:23:06,0.003,3.43
ip_shuffle,20260623T002306_105064,of:0000000000000002:2 -> of:0000000000000008:2,0.002,0.0025,0.002,0.002,2.7,2026-06-23T00:23:06,0.002,2.7
ip_shuffle,20260623T002306_105064,of:0000000000000003:2 -> of:0000000000000008:3,0.002,0.0025,0.002,0.002,2.7,2026-06-23T00:23:06,0.002,2.7
ip_shuffle,20260623T002306_105064,of:0000000000000008:1 -> of:000000000000000b:6,0.002,0.0025,0.002,0.002,2.0,2026-06-23T00:23:06,0.002,1.96
ip_shuffle,20260623T002306_105064,of:0000000000000004:2 -> of:0000000000000009:2,0.002,0.0025,0.002,0.002,2.66,2026-06-23T00:23:06,0.002,2.66
ip_shuffle,20260623T002306_105064,of:0000000000000002:1 -> of:000000000000000b:4,0.002,0.0025,0.002,0.002,2.03,2026-06-23T00:23:06,0.002,1.96
ip_shuffle,20260623T002306_105064,of:0000000000000009:1 -> of:000000000000000c:6,0.002,0.0025,0.002,0.002,1.93,2026-06-23T00:23:06,0.002,1.9
route_mutation,20260623T002404_120171,of:0000000000000004:1 -> of:000000000000000c:4,0.002,0.0025,0.002,0.002,2.3,2026-06-23T00:24:04,0.002,2.33
route_mutation,20260623T002404_120171,of:0000000000000005:1 -> of:000000000000000c:5,0.002,0.0025,0.002,0.002,2.26,2026-06-23T00:24:04,0.002,2.3
route_mutation,20260623T002404_120171,of:000000000000000a:1 -> of:000000000000000d:6,0.001,0.00125,0.001,0.001,1.46,2026-06-23T00:24:04,0.001,1.46
route_mutation,20260623T002404_120171,of:000000000000000b:3 -> of:000000000000000d:2,0.002,0.0025,0.002,0.002,1.66,2026-06-23T00:24:04,0.002,1.66
route_mutation,20260623T002404_120171,of:000000000000000c:3 -> of:000000000000000d:3,0.002,0.0025,0.002,0.002,1.66,2026-06-23T00:24:04,0.002,1.66
route_mutation,20260623T002404_120171,of:0000000000000005:2 -> of:0000000000000009:3,0.001,0.00125,0.001,0.001,1.53,2026-06-23T00:24:04,0.001,1.53
route_mutation,20260623T002404_120171,of:0000000000000001:1 -> of:000000000000000b:1,0.003,0.00375,0.003,0.003,3.23,2026-06-23T00:24:04,0.003,3.16
route_mutation,20260623T002404_120171,of:000000000000000b:2 -> of:000000000000000c:2,0.002,0.0025,0.002,0.002,1.66,2026-06-23T00:24:04,0.002,1.66
route_mutation,20260623T002404_120171,of:0000000000000001:2 -> of:000000000000000c:1,0.003,0.00375,0.003,0.003,3.1,2026-06-23T00:24:04,0.003,3.03
route_mutation,20260623T002404_120171,of:0000000000000006:2 -> of:000000000000000a:2,0.001,0.00125,0.001,0.001,1.5,2026-06-23T00:24:04,0.001,1.5
route_mutation,20260623T002404_120171,of:0000000000000001:3 -> of:000000000000000d:1,0.002,0.0025,0.002,0.002,1.73,2026-06-23T00:24:04,0.002,1.76
route_mutation,20260623T002404_120171,of:0000000000000003:1 -> of:000000000000000b:5,0.002,0.0025,0.002,0.002,2.46,2026-06-23T00:24:04,0.002,2.53
route_mutation,20260623T002404_120171,of:0000000000000006:1 -> of:000000000000000d:4,0.002,0.0025,0.002,0.002,1.63,2026-06-23T00:24:04,0.002,1.6
route_mutation,20260623T002404_120171,of:0000000000000007:2 -> of:000000000000000a:3,0.001,0.00125,0.001,0.001,1.5,2026-06-23T00:24:04,0.001,1.5
route_mutation,20260623T002404_120171,of:0000000000000007:1 -> of:000000000000000d:5,0.001,0.00125,0.001,0.001,1.43,2026-06-23T00:24:04,0.001,1.46
route_mutation,20260623T002404_120171,of:0000000000000002:2 -> of:0000000000000008:2,0.001,0.00125,0.001,0.001,1.5,2026-06-23T00:24:04,0.001,1.5
route_mutation,20260623T002404_120171,of:0000000000000003:2 -> of:0000000000000008:3,0.002,0.0025,0.002,0.002,1.56,2026-06-23T00:24:04,0.002,1.56
route_mutation,20260623T002404_120171,of:0000000000000008:1 -> of:000000000000000b:6,0.001,0.00125,0.001,0.001,1.4,2026-06-23T00:24:04,0.001,1.43
route_mutation,20260623T002404_120171,of:0000000000000004:2 -> of:0000000000000009:2,0.001,0.00125,0.001,0.001,1.53,2026-06-23T00:24:04,0.001,1.53
route_mutation,20260623T002404_120171,of:0000000000000002:1 -> of:000000000000000b:4,0.002,0.0025,0.002,0.002,2.1,2026-06-23T00:24:04,0.002,2.16
route_mutation,20260623T002404_120171,of:0000000000000009:1 -> of:000000000000000c:6,0.001,0.00125,0.001,0.001,1.4,2026-06-23T00:24:04,0.001,1.43
route_mutation,20260623T002434_470063,of:0000000000000004:1 -> of:000000000000000c:4,0.002,0.0025,0.002,0.002,2.03,2026-06-23T00:24:34,0.002,1.99
route_mutation,20260623T002434_470063,of:0000000000000005:1 -> of:000000000000000c:5,0.002,0.0025,0.002,0.002,2.03,2026-06-23T00:24:34,0.002,1.99
route_mutation,20260623T002434_470063,of:000000000000000a:1 -> of:000000000000000d:6,0.002,0.0025,0.002,0.002,1.99,2026-06-23T00:24:34,0.002,1.99
route_mutation,20260623T002434_470063,of:000000000000000b:3 -> of:000000000000000d:2,0.002,0.0025,0.002,0.002,2.66,2026-06-23T00:24:34,0.002,2.66
route_mutation,20260623T002434_470063,of:000000000000000c:3 -> of:000000000000000d:3,0.002,0.0025,0.002,0.002,2.66,2026-06-23T00:24:34,0.002,2.66
route_mutation,20260623T002434_470063,of:0000000000000005:2 -> of:0000000000000009:3,0.002,0.0025,0.002,0.002,2.86,2026-06-23T00:24:34,0.002,2.86
route_mutation,20260623T002434_470063,of:0000000000000001:1 -> of:000000000000000b:1,0.002,0.0025,0.002,0.002,2.06,2026-06-23T00:24:34,0.002,2.13
route_mutation,20260623T002434_470063,of:000000000000000b:2 -> of:000000000000000c:2,0.002,0.0025,0.002,0.002,2.66,2026-06-23T00:24:34,0.002,2.66
route_mutation,20260623T002434_470063,of:0000000000000001:2 -> of:000000000000000c:1,0.002,0.0025,0.002,0.002,2.06,2026-06-23T00:24:34,0.002,2.13
route_mutation,20260623T002434_470063,of:0000000000000006:2 -> of:000000000000000a:2,0.002,0.0025,0.002,0.002,2.82,2026-06-23T00:24:34,0.002,2.82
route_mutation,20260623T002434_470063,of:0000000000000001:3 -> of:000000000000000d:1,0.004,0.005,0.004,0.004,4.48,2026-06-23T00:24:34,0.003,4.45
route_mutation,20260623T002434_470063,of:0000000000000003:1 -> of:000000000000000b:5,0.002,0.0025,0.002,0.002,2.06,2026-06-23T00:24:34,0.002,1.99
route_mutation,20260623T002434_470063,of:0000000000000006:1 -> of:000000000000000d:4,0.003,0.00375,0.003,0.003,3.19,2026-06-23T00:24:34,0.003,3.22
route_mutation,20260623T002434_470063,of:0000000000000007:2 -> of:000000000000000a:3,0.002,0.0025,0.002,0.002,2.82,2026-06-23T00:24:34,0.002,2.82
route_mutation,20260623T002434_470063,of:0000000000000007:1 -> of:000000000000000d:5,0.003,0.00375,0.003,0.003,3.39,2026-06-23T00:24:34,0.003,3.35
route_mutation,20260623T002434_470063,of:0000000000000002:2 -> of:0000000000000008:2,0.002,0.0025,0.002,0.002,2.89,2026-06-23T00:24:34,0.002,2.89
route_mutation,20260623T002434_470063,of:0000000000000003:2 -> of:0000000000000008:3,0.002,0.0025,0.002,0.002,2.89,2026-06-23T00:24:34,0.002,2.89
route_mutation,20260623T002434_470063,of:0000000000000008:1 -> of:000000000000000b:6,0.002,0.0025,0.002,0.002,2.03,2026-06-23T00:24:34,0.002,1.99
route_mutation,20260623T002434_470063,of:0000000000000004:2 -> of:0000000000000009:2,0.002,0.0025,0.002,0.002,2.86,2026-06-23T00:24:34,0.002,2.86
route_mutation,20260623T002434_470063,of:0000000000000002:1 -> of:000000000000000b:4,0.002,0.0025,0.002,0.002,2.06,2026-06-23T00:24:34,0.002,1.99
route_mutation,20260623T002434_470063,of:0000000000000009:1 -> of:000000000000000c:6,0.002,0.0025,0.002,0.002,2.03,2026-06-23T00:24:34,0.002,1.99
ip_shuffle,20260623T002504_897792,of:0000000000000004:1 -> of:000000000000000c:4,0.002,0.0025,0.002,0.002,1.4,2026-06-23T00:25:04,0.002,1.43
ip_shuffle,20260623T002504_897792,of:0000000000000005:1 -> of:000000000000000c:5,0.002,0.0025,0.002,0.002,1.4,2026-06-23T00:25:04,0.002,1.43
ip_shuffle,20260623T002504_897792,of:000000000000000a:1 -> of:000000000000000d:6,0.002,0.0025,0.002,0.002,1.4,2026-06-23T00:25:04,0.002,1.43
ip_shuffle,20260623T002504_897792,of:000000000000000b:3 -> of:000000000000000d:2,0.002,0.0025,0.002,0.002,1.53,2026-06-23T00:25:04,0.002,1.53
ip_shuffle,20260623T002504_897792,of:000000000000000c:3 -> of:000000000000000d:3,0.002,0.0025,0.002,0.002,1.53,2026-06-23T00:25:04,0.002,1.53
ip_shuffle,20260623T002504_897792,of:0000000000000005:2 -> of:0000000000000009:3,0.002,0.0025,0.002,0.002,1.46,2026-06-23T00:25:04,0.002,1.46
ip_shuffle,20260623T002504_897792,of:0000000000000001:1 -> of:000000000000000b:1,0.002,0.0025,0.002,0.002,1.7,2026-06-23T00:25:04,0.002,1.66
ip_shuffle,20260623T002504_897792,of:000000000000000b:2 -> of:000000000000000c:2,0.002,0.0025,0.002,0.002,1.53,2026-06-23T00:25:04,0.002,1.53
ip_shuffle,20260623T002504_897792,of:0000000000000001:2 -> of:000000000000000c:1,0.002,0.0025,0.002,0.002,1.43,2026-06-23T00:25:04,0.002,1.43
ip_shuffle,20260623T002504_897792,of:0000000000000006:2 -> of:000000000000000a:2,0.002,0.0025,0.002,0.002,1.46,2026-06-23T00:25:04,0.002,1.46
ip_shuffle,20260623T002504_897792,of:0000000000000001:3 -> of:000000000000000d:1,0.002,0.0025,0.002,0.002,1.46,2026-06-23T00:25:04,0.002,1.46
ip_shuffle,20260623T002504_897792,of:0000000000000003:1 -> of:000000000000000b:5,0.001,0.00125,0.001,0.001,1.3,2026-06-23T00:25:04,0.001,1.36
ip_shuffle,20260623T002504_897792,of:0000000000000006:1 -> of:000000000000000d:4,0.002,0.0025,0.002,0.002,1.4,2026-06-23T00:25:04,0.002,1.43
ip_shuffle,20260623T002504_897792,of:0000000000000007:2 -> of:000000000000000a:3,0.002,0.0025,0.002,0.002,1.46,2026-06-23T00:25:04,0.002,1.46
ip_shuffle,20260623T002504_897792,of:0000000000000007:1 -> of:000000000000000d:5,0.002,0.0025,0.002,0.002,1.46,2026-06-23T00:25:04,0.002,1.5
ip_shuffle,20260623T002504_897792,of:0000000000000002:2 -> of:0000000000000008:2,0.001,0.00125,0.001,0.001,1.36,2026-06-23T00:25:04,0.001,1.36
ip_shuffle,20260623T002504_897792,of:0000000000000003:2 -> of:0000000000000008:3,0.001,0.00125,0.001,0.001,1.36,2026-06-23T00:25:04,0.001,1.36
ip_shuffle,20260623T002504_897792,of:0000000000000008:1 -> of:000000000000000b:6,0.002,0.0025,0.002,0.002,1.4,2026-06-23T00:25:04,0.002,1.43
ip_shuffle,20260623T002504_897792,of:0000000000000004:2 -> of:0000000000000009:2,0.002,0.0025,0.002,0.002,1.46,2026-06-23T00:25:04,0.002,1.46
ip_shuffle,20260623T002504_897792,of:0000000000000002:1 -> of:000000000000000b:4,0.002,0.0025,0.002,0.002,1.43,2026-06-23T00:25:04,0.001,1.36
ip_shuffle,20260623T002504_897792,of:0000000000000009:1 -> of:000000000000000c:6,0.002,0.0025,0.002,0.002,1.4,2026-06-23T00:25:04,0.002,1.43
ip_shuffle,20260623T002609_061229,of:0000000000000004:1 -> of:000000000000000c:4,0.002,0.0025,0.002,0.002,2.0,2026-06-23T00:26:09,0.002,2.06
ip_shuffle,20260623T002609_061229,of:0000000000000005:1 -> of:000000000000000c:5,0.002,0.0025,0.002,0.002,2.16,2026-06-23T00:26:09,0.002,2.26
ip_shuffle,20260623T002609_061229,of:000000000000000a:1 -> of:000000000000000d:6,0.002,0.0025,0.002,0.002,1.96,2026-06-23T00:26:09,0.002,2.0
ip_shuffle,20260623T002609_061229,of:000000000000000b:3 -> of:000000000000000d:2,0.002,0.0025,0.002,0.002,2.76,2026-06-23T00:26:09,0.002,2.76
ip_shuffle,20260623T002609_061229,of:000000000000000c:3 -> of:000000000000000d:3,0.002,0.0025,0.002,0.002,2.8,2026-06-23T00:26:09,0.002,2.8
ip_shuffle,20260623T002609_061229,of:0000000000000005:2 -> of:0000000000000009:3,0.002,0.0025,0.002,0.002,2.83,2026-06-23T00:26:09,0.002,2.83
ip_shuffle,20260623T002609_061229,of:0000000000000001:1 -> of:000000000000000b:1,0.002,0.0025,0.002,0.002,1.96,2026-06-23T00:26:09,0.002,1.96
ip_shuffle,20260623T002609_061229,of:000000000000000b:2 -> of:000000000000000c:2,0.002,0.0025,0.002,0.002,2.76,2026-06-23T00:26:09,0.002,2.76
ip_shuffle,20260623T002609_061229,of:0000000000000001:2 -> of:000000000000000c:1,0.002,0.0025,0.002,0.002,2.03,2026-06-23T00:26:09,0.002,2.0
ip_shuffle,20260623T002609_061229,of:0000000000000006:2 -> of:000000000000000a:2,0.002,0.0025,0.002,0.002,2.76,2026-06-23T00:26:09,0.002,2.76
ip_shuffle,20260623T002609_061229,of:0000000000000001:3 -> of:000000000000000d:1,0.004,0.005,0.004,0.004,4.53,2026-06-23T00:26:09,0.003,4.46
ip_shuffle,20260623T002609_061229,of:0000000000000003:1 -> of:000000000000000b:5,0.002,0.0025,0.002,0.002,2.06,2026-06-23T00:26:09,0.002,2.03
ip_shuffle,20260623T002609_061229,of:0000000000000006:1 -> of:000000000000000d:4,0.003,0.00375,0.003,0.003,3.73,2026-06-23T00:26:09,0.003,3.79
ip_shuffle,20260623T002609_061229,of:0000000000000007:2 -> of:000000000000000a:3,0.002,0.0025,0.002,0.002,2.8,2026-06-23T00:26:09,0.002,2.8
ip_shuffle,20260623T002609_061229,of:0000000000000007:1 -> of:000000000000000d:5,0.003,0.00375,0.003,0.003,3.29,2026-06-23T00:26:09,0.003,3.26
ip_shuffle,20260623T002609_061229,of:0000000000000002:2 -> of:0000000000000008:2,0.002,0.0025,0.002,0.002,2.9,2026-06-23T00:26:09,0.002,2.9
ip_shuffle,20260623T002609_061229,of:0000000000000003:2 -> of:0000000000000008:3,0.002,0.0025,0.002,0.002,2.9,2026-06-23T00:26:09,0.002,2.9
ip_shuffle,20260623T002609_061229,of:0000000000000008:1 -> of:000000000000000b:6,0.002,0.0025,0.002,0.002,2.03,2026-06-23T00:26:09,0.002,2.03
ip_shuffle,20260623T002609_061229,of:0000000000000004:2 -> of:0000000000000009:2,0.002,0.0025,0.002,0.002,2.83,2026-06-23T00:26:09,0.002,2.83
ip_shuffle,20260623T002609_061229,of:0000000000000002:1 -> of:000000000000000b:4,0.002,0.0025,0.002,0.002,2.06,2026-06-23T00:26:09,0.002,2.03
ip_shuffle,20260623T002609_061229,of:0000000000000009:1 -> of:000000000000000c:6,0.002,0.0025,0.002,0.002,2.03,2026-06-23T00:26:09,0.002,2.06
route_mutation,20260623T002706_930368,of:0000000000000004:1 -> of:000000000000000c:4,0.002,0.0025,0.002,0.002,2.26,2026-06-23T00:27:06,0.002,2.26
route_mutation,20260623T002706_930368,of:0000000000000005:1 -> of:000000000000000c:5,0.002,0.0025,0.002,0.002,1.73,2026-06-23T00:27:06,0.002,1.7
route_mutation,20260623T002706_930368,of:000000000000000a:1 -> of:000000000000000d:6,0.002,0.0025,0.002,0.002,1.53,2026-06-23T00:27:06,0.002,1.53
route_mutation,20260623T002706_930368,of:000000000000000b:3 -> of:000000000000000d:2,0.002,0.0025,0.002,0.002,1.73,2026-06-23T00:27:06,0.002,1.73
route_mutation,20260623T002706_930368,of:000000000000000c:3 -> of:000000000000000d:3,0.002,0.0025,0.002,0.002,1.73,2026-06-23T00:27:06,0.002,1.73
route_mutation,20260623T002706_930368,of:0000000000000005:2 -> of:0000000000000009:3,0.001,0.00125,0.001,0.001,1.6,2026-06-23T00:27:06,0.001,1.6
route_mutation,20260623T002706_930368,of:0000000000000001:1 -> of:000000000000000b:1,0.003,0.00375,0.003,0.003,3.49,2026-06-23T00:27:06,0.003,3.53
route_mutation,20260623T002706_930368,of:000000000000000b:2 -> of:000000000000000c:2,0.002,0.0025,0.002,0.002,1.73,2026-06-23T00:27:06,0.002,1.73
route_mutation,20260623T002706_930368,of:0000000000000001:2 -> of:000000000000000c:1,0.003,0.00375,0.003,0.003,2.79,2026-06-23T00:27:06,0.003,2.73
route_mutation,20260623T002706_930368,of:0000000000000006:2 -> of:000000000000000a:2,0.002,0.0025,0.002,0.002,1.66,2026-06-23T00:27:06,0.002,1.66
route_mutation,20260623T002706_930368,of:0000000000000001:3 -> of:000000000000000d:1,0.002,0.0025,0.002,0.002,1.63,2026-06-23T00:27:06,0.002,1.56
route_mutation,20260623T002706_930368,of:0000000000000003:1 -> of:000000000000000b:5,0.003,0.00375,0.003,0.003,2.7,2026-06-23T00:27:06,0.003,2.7
route_mutation,20260623T002706_930368,of:0000000000000006:1 -> of:000000000000000d:4,0.002,0.0025,0.002,0.002,1.76,2026-06-23T00:27:06,0.002,1.76
route_mutation,20260623T002706_930368,of:0000000000000007:2 -> of:000000000000000a:3,0.002,0.0025,0.002,0.002,1.66,2026-06-23T00:27:06,0.002,1.66
route_mutation,20260623T002706_930368,of:0000000000000007:1 -> of:000000000000000d:5,0.001,0.00125,0.001,0.001,1.46,2026-06-23T00:27:06,0.001,1.46
route_mutation,20260623T002706_930368,of:0000000000000002:2 -> of:0000000000000008:2,0.002,0.0025,0.002,0.002,1.8,2026-06-23T00:27:06,0.002,1.8
route_mutation,20260623T002706_930368,of:0000000000000003:2 -> of:0000000000000008:3,0.002,0.0025,0.002,0.002,1.8,2026-06-23T00:27:06,0.002,1.8
route_mutation,20260623T002706_930368,of:0000000000000008:1 -> of:000000000000000b:6,0.001,0.00125,0.001,0.001,1.46,2026-06-23T00:27:06,0.001,1.46
route_mutation,20260623T002706_930368,of:0000000000000004:2 -> of:0000000000000009:2,0.001,0.00125,0.001,0.001,1.6,2026-06-23T00:27:06,0.001,1.6
route_mutation,20260623T002706_930368,of:0000000000000002:1 -> of:000000000000000b:4,0.003,0.00375,0.003,0.003,2.7,2026-06-23T00:27:06,0.003,2.7
route_mutation,20260623T002706_930368,of:0000000000000009:1 -> of:000000000000000c:6,0.001,0.00125,0.001,0.001,1.46,2026-06-23T00:27:06,0.001,1.46
ip_shuffle,20260623T002737_308163,of:0000000000000004:1 -> of:000000000000000c:4,0.002,0.0025,0.002,0.002,1.96,2026-06-23T00:27:37,0.002,2.0
ip_shuffle,20260623T002737_308163,of:0000000000000005:1 -> of:000000000000000c:5,0.002,0.0025,0.002,0.002,2.5,2026-06-23T00:27:37,0.002,2.56
ip_shuffle,20260623T002737_308163,of:000000000000000a:1 -> of:000000000000000d:6,0.002,0.0025,0.002,0.002,1.9,2026-06-23T00:27:37,0.002,1.93
ip_shuffle,20260623T002737_308163,of:000000000000000b:3 -> of:000000000000000d:2,0.002,0.0025,0.002,0.002,2.63,2026-06-23T00:27:37,0.002,2.63
ip_shuffle,20260623T002737_308163,of:000000000000000c:3 -> of:000000000000000d:3,0.002,0.0025,0.002,0.002,2.66,2026-06-23T00:27:37,0.002,2.66
ip_shuffle,20260623T002737_308163,of:0000000000000005:2 -> of:0000000000000009:3,0.002,0.0025,0.002,0.002,2.73,2026-06-23T00:27:37,0.002,2.73
ip_shuffle,20260623T002737_308163,of:0000000000000001:1 -> of:000000000000000b:1,0.002,0.0025,0.002,0.002,1.9,2026-06-23T00:27:37,0.002,2.0
ip_shuffle,20260623T002737_308163,of:000000000000000b:2 -> of:000000000000000c:2,0.002,0.0025,0.002,0.002,2.63,2026-06-23T00:27:37,0.002,2.63
ip_shuffle,20260623T002737_308163,of:0000000000000001:2 -> of:000000000000000c:1,0.002,0.0025,0.002,0.002,2.26,2026-06-23T00:27:37,0.002,2.33
ip_shuffle,20260623T002737_308163,of:0000000000000006:2 -> of:000000000000000a:2,0.002,0.0025,0.002,0.002,2.66,2026-06-23T00:27:37,0.002,2.66
ip_shuffle,20260623T002737_308163,of:0000000000000001:3 -> of:000000000000000d:1,0.003,0.00375,0.003,0.003,4.09,2026-06-23T00:27:37,0.003,4.03
ip_shuffle,20260623T002737_308163,of:0000000000000003:1 -> of:000000000000000b:5,0.002,0.0025,0.002,0.002,2.03,2026-06-23T00:27:37,0.002,1.9
ip_shuffle,20260623T002737_308163,of:0000000000000006:1 -> of:000000000000000d:4,0.003,0.00375,0.003,0.003,3.43,2026-06-23T00:27:37,0.003,3.46
ip_shuffle,20260623T002737_308163,of:0000000000000007:2 -> of:000000000000000a:3,0.002,0.0025,0.002,0.002,2.66,2026-06-23T00:27:37,0.002,2.66
ip_shuffle,20260623T002737_308163,of:0000000000000007:1 -> of:000000000000000d:5,0.002,0.0025,0.002,0.002,2.83,2026-06-23T00:27:37,0.002,2.83
ip_shuffle,20260623T002737_308163,of:0000000000000002:2 -> of:0000000000000008:2,0.002,0.0025,0.002,0.002,2.79,2026-06-23T00:27:37,0.002,2.79
ip_shuffle,20260623T002737_308163,of:0000000000000003:2 -> of:0000000000000008:3,0.002,0.0025,0.002,0.002,2.79,2026-06-23T00:27:37,0.002,2.79
ip_shuffle,20260623T002737_308163,of:0000000000000008:1 -> of:000000000000000b:6,0.002,0.0025,0.002,0.002,1.96,2026-06-23T00:27:37,0.002,1.96
ip_shuffle,20260623T002737_308163,of:0000000000000004:2 -> of:0000000000000009:2,0.002,0.0025,0.002,0.002,2.73,2026-06-23T00:27:37,0.002,2.73
ip_shuffle,20260623T002737_308163,of:0000000000000002:1 -> of:000000000000000b:4,0.002,0.0025,0.002,0.002,2.03,2026-06-23T00:27:37,0.002,1.9
ip_shuffle,20260623T002737_308163,of:0000000000000009:1 -> of:000000000000000c:6,0.002,0.0025,0.002,0.002,1.96,2026-06-23T00:27:37,0.002,2.0
route_mutation,20260623T002848_272819,of:0000000000000004:1 -> of:000000000000000c:4,0.002,0.0025,0.002,0.002,2.46,2026-06-23T00:28:48,0.002,2.5
route_mutation,20260623T002848_272819,of:0000000000000005:1 -> of:000000000000000c:5,0.002,0.0025,0.002,0.002,2.46,2026-06-23T00:28:48,0.002,2.5
route_mutation,20260623T002848_272819,of:000000000000000a:1 -> of:000000000000000d:6,0.001,0.00125,0.001,0.001,1.6,2026-06-23T00:28:48,0.001,1.63
route_mutation,20260623T002848_272819,of:000000000000000b:3 -> of:000000000000000d:2,0.002,0.0025,0.002,0.002,2.06,2026-06-23T00:28:48,0.002,2.06
route_mutation,20260623T002848_272819,of:000000000000000c:3 -> of:000000000000000d:3,0.002,0.0025,0.002,0.002,2.06,2026-06-23T00:28:48,0.002,2.06
route_mutation,20260623T002848_272819,of:0000000000000005:2 -> of:0000000000000009:3,0.002,0.0025,0.002,0.002,2.06,2026-06-23T00:28:48,0.002,2.06
route_mutation,20260623T002848_272819,of:0000000000000001:1 -> of:000000000000000b:1,0.002,0.0025,0.002,0.002,1.83,2026-06-23T00:28:48,0.002,1.96
route_mutation,20260623T002848_272819,of:000000000000000b:2 -> of:000000000000000c:2,0.002,0.0025,0.002,0.002,2.06,2026-06-23T00:28:48,0.002,2.06
route_mutation,20260623T002848_272819,of:0000000000000001:2 -> of:000000000000000c:1,0.003,0.00375,0.003,0.003,3.23,2026-06-23T00:28:48,0.003,3.26
route_mutation,20260623T002848_272819,of:0000000000000006:2 -> of:000000000000000a:2,0.002,0.0025,0.002,0.002,2.1,2026-06-23T00:28:48,0.002,2.06
route_mutation,20260623T002848_272819,of:0000000000000001:3 -> of:000000000000000d:1,0.002,0.0025,0.002,0.002,2.76,2026-06-23T00:28:48,0.002,2.56
route_mutation,20260623T002848_272819,of:0000000000000003:1 -> of:000000000000000b:5,0.002,0.0025,0.002,0.002,1.96,2026-06-23T00:28:48,0.002,1.8
route_mutation,20260623T002848_272819,of:0000000000000006:1 -> of:000000000000000d:4,0.002,0.0025,0.002,0.002,2.6,2026-06-23T00:28:48,0.002,2.53
route_mutation,20260623T002848_272819,of:0000000000000007:2 -> of:000000000000000a:3,0.002,0.0025,0.002,0.002,2.06,2026-06-23T00:28:48,0.002,2.06
route_mutation,20260623T002848_272819,of:0000000000000007:1 -> of:000000000000000d:5,0.002,0.0025,0.002,0.002,1.66,2026-06-23T00:28:48,0.002,1.7
route_mutation,20260623T002848_272819,of:0000000000000002:2 -> of:0000000000000008:2,0.002,0.0025,0.002,0.002,2.1,2026-06-23T00:28:48,0.002,2.1
route_mutation,20260623T002848_272819,of:0000000000000003:2 -> of:0000000000000008:3,0.002,0.0025,0.002,0.002,2.1,2026-06-23T00:28:48,0.002,2.1
route_mutation,20260623T002848_272819,of:0000000000000008:1 -> of:000000000000000b:6,0.002,0.0025,0.002,0.002,1.66,2026-06-23T00:28:48,0.002,1.7
route_mutation,20260623T002848_272819,of:0000000000000004:2 -> of:0000000000000009:2,0.002,0.0025,0.002,0.002,2.06,2026-06-23T00:28:48,0.002,2.06
route_mutation,20260623T002848_272819,of:0000000000000002:1 -> of:000000000000000b:4,0.001,0.00125,0.001,0.001,1.63,2026-06-23T00:28:48,0.001,1.63
route_mutation,20260623T002848_272819,of:0000000000000009:1 -> of:000000000000000c:6,0.001,0.00125,0.001,0.001,1.6,2026-06-23T00:28:48,0.001,1.63
route_mutation,20260623T002918_704038,of:0000000000000004:1 -> of:000000000000000c:4,0.002,0.0025,0.002,0.002,1.93,2026-06-23T00:29:18,0.002,1.9
route_mutation,20260623T002918_704038,of:0000000000000005:1 -> of:000000000000000c:5,0.002,0.0025,0.002,0.002,1.93,2026-06-23T00:29:18,0.002,1.9
route_mutation,20260623T002918_704038,of:000000000000000a:1 -> of:000000000000000d:6,0.002,0.0025,0.002,0.002,1.93,2026-06-23T00:29:18,0.002,1.9
route_mutation,20260623T002918_704038,of:000000000000000b:3 -> of:000000000000000d:2,0.002,0.0025,0.002,0.002,2.46,2026-06-23T00:29:18,0.002,2.46
route_mutation,20260623T002918_704038,of:000000000000000c:3 -> of:000000000000000d:3,0.002,0.0025,0.002,0.002,2.46,2026-06-23T00:29:18,0.002,2.46
route_mutation,20260623T002918_704038,of:0000000000000005:2 -> of:0000000000000009:3,0.002,0.0025,0.002,0.002,2.53,2026-06-23T00:29:18,0.002,2.53
route_mutation,20260623T002918_704038,of:0000000000000001:1 -> of:000000000000000b:1,0.002,0.0025,0.002,0.002,1.9,2026-06-23T00:29:18,0.002,1.8
route_mutation,20260623T002918_704038,of:000000000000000b:2 -> of:000000000000000c:2,0.002,0.0025,0.002,0.002,2.46,2026-06-23T00:29:18,0.002,2.46
route_mutation,20260623T002918_704038,of:0000000000000001:2 -> of:000000000000000c:1,0.002,0.0025,0.002,0.002,1.9,2026-06-23T00:29:18,0.002,1.8
route_mutation,20260623T002918_704038,of:0000000000000006:2 -> of:000000000000000a:2,0.002,0.0025,0.002,0.002,2.5,2026-06-23T00:29:18,0.002,2.53
route_mutation,20260623T002918_704038,of:0000000000000001:3 -> of:000000000000000d:1,0.003,0.00375,0.003,0.003,3.26,2026-06-23T00:29:18,0.003,3.39
route_mutation,20260623T002918_704038,of:0000000000000003:1 -> of:000000000000000b:5,0.002,0.0025,0.002,0.002,1.8,2026-06-23T00:29:18,0.002,1.9
route_mutation,20260623T002918_704038,of:0000000000000006:1 -> of:000000000000000d:4,0.002,0.0025,0.002,0.002,2.2,2026-06-23T00:29:18,0.002,2.26
route_mutation,20260623T002918_704038,of:0000000000000007:2 -> of:000000000000000a:3,0.002,0.0025,0.002,0.002,2.53,2026-06-23T00:29:18,0.002,2.53
route_mutation,20260623T002918_704038,of:0000000000000007:1 -> of:000000000000000d:5,0.003,0.00375,0.003,0.003,3.19,2026-06-23T00:29:18,0.003,3.16
route_mutation,20260623T002918_704038,of:0000000000000002:2 -> of:0000000000000008:2,0.002,0.0025,0.002,0.002,2.4,2026-06-23T00:29:18,0.002,2.4
route_mutation,20260623T002918_704038,of:0000000000000003:2 -> of:0000000000000008:3,0.002,0.0025,0.002,0.002,2.4,2026-06-23T00:29:18,0.002,2.4
route_mutation,20260623T002918_704038,of:0000000000000008:1 -> of:000000000000000b:6,0.002,0.0025,0.002,0.002,1.93,2026-06-23T00:29:18,0.002,1.9
route_mutation,20260623T002918_704038,of:0000000000000004:2 -> of:0000000000000009:2,0.002,0.0025,0.002,0.002,2.53,2026-06-23T00:29:18,0.002,2.53
route_mutation,20260623T002918_704038,of:0000000000000002:1 -> of:000000000000000b:4,0.002,0.0025,0.002,0.002,1.8,2026-06-23T00:29:18,0.002,1.9
route_mutation,20260623T002918_704038,of:0000000000000009:1 -> of:000000000000000c:6,0.002,0.0025,0.002,0.002,1.93,2026-06-23T00:29:18,0.002,1.9
ip_shuffle,20260623T002949_094582,of:0000000000000004:1 -> of:000000000000000c:4,0.001,0.00125,0.001,0.001,1.3,2026-06-23T00:29:49,0.001,1.36
ip_shuffle,20260623T002949_094582,of:0000000000000005:1 -> of:000000000000000c:5,0.001,0.00125,0.001,0.001,1.3,2026-06-23T00:29:49,0.001,1.36
ip_shuffle,20260623T002949_094582,of:000000000000000a:1 -> of:000000000000000d:6,0.002,0.0025,0.002,0.002,1.4,2026-06-23T00:29:49,0.002,1.43
ip_shuffle,20260623T002949_094582,of:000000000000000b:3 -> of:000000000000000d:2,0.002,0.0025,0.002,0.002,1.5,2026-06-23T00:29:49,0.002,1.5
ip_shuffle,20260623T002949_094582,of:000000000000000c:3 -> of:000000000000000d:3,0.002,0.0025,0.002,0.002,1.53,2026-06-23T00:29:49,0.002,1.53
ip_shuffle,20260623T002949_094582,of:0000000000000005:2 -> of:0000000000000009:3,0.001,0.00125,0.001,0.001,1.36,2026-06-23T00:29:49,0.001,1.36
ip_shuffle,20260623T002949_094582,of:0000000000000001:1 -> of:000000000000000b:1,0.002,0.0025,0.002,0.002,1.7,2026-06-23T00:29:49,0.002,1.6
ip_shuffle,20260623T002949_094582,of:000000000000000b:2 -> of:000000000000000c:2,0.002,0.0025,0.002,0.002,1.5,2026-06-23T00:29:49,0.002,1.5
ip_shuffle,20260623T002949_094582,of:0000000000000001:2 -> of:000000000000000c:1,0.002,0.0025,0.002,0.002,1.43,2026-06-23T00:29:49,0.002,1.43
ip_shuffle,20260623T002949_094582,of:0000000000000006:2 -> of:000000000000000a:2,0.001,0.00125,0.001,0.001,1.4,2026-06-23T00:29:49,0.001,1.4
ip_shuffle,20260623T002949_094582,of:0000000000000001:3 -> of:000000000000000d:1,0.002,0.0025,0.002,0.002,1.46,2026-06-23T00:29:49,0.002,1.46
ip_shuffle,20260623T002949_094582,of:0000000000000003:1 -> of:000000000000000b:5,0.002,0.0025,0.002,0.002,1.43,2026-06-23T00:29:49,0.002,1.4
ip_shuffle,20260623T002949_094582,of:0000000000000006:1 -> of:000000000000000d:4,0.001,0.00125,0.001,0.001,1.33,2026-06-23T00:29:49,0.001,1.36
ip_shuffle,20260623T002949_094582,of:0000000000000007:2 -> of:000000000000000a:3,0.001,0.00125,0.001,0.001,1.4,2026-06-23T00:29:49,0.001,1.4
ip_shuffle,20260623T002949_094582,of:0000000000000007:1 -> of:000000000000000d:5,0.001,0.00125,0.001,0.001,1.4,2026-06-23T00:29:49,0.001,1.43
ip_shuffle,20260623T002949_094582,of:0000000000000002:2 -> of:0000000000000008:2,0.001,0.00125,0.001,0.001,1.43,2026-06-23T00:29:49,0.001,1.43
ip_shuffle,20260623T002949_094582,of:0000000000000003:2 -> of:0000000000000008:3,0.001,0.00125,0.001,0.001,1.43,2026-06-23T00:29:49,0.001,1.43
ip_shuffle,20260623T002949_094582,of:0000000000000008:1 -> of:000000000000000b:6,0.001,0.00125,0.001,0.001,1.33,2026-06-23T00:29:49,0.001,1.33
ip_shuffle,20260623T002949_094582,of:0000000000000004:2 -> of:0000000000000009:2,0.001,0.00125,0.001,0.001,1.36,2026-06-23T00:29:49,0.001,1.36
ip_shuffle,20260623T002949_094582,of:0000000000000002:1 -> of:000000000000000b:4,0.002,0.0025,0.002,0.002,1.66,2026-06-23T00:29:49,0.002,1.73
ip_shuffle,20260623T002949_094582,of:0000000000000009:1 -> of:000000000000000c:6,0.002,0.0025,0.002,0.002,1.4,2026-06-23T00:29:49,0.002,1.43
ip_shuffle,20260623T003100_028124,of:0000000000000004:1 -> of:000000000000000c:4,0.002,0.0025,0.002,0.002,2.36,2026-06-23T00:31:00,0.002,2.22
ip_shuffle,20260623T003100_028124,of:0000000000000005:1 -> of:000000000000000c:5,0.002,0.0025,0.002,0.002,2.59,2026-06-23T00:31:00,0.002,2.46
ip_shuffle,20260623T003100_028124,of:000000000000000a:1 -> of:000000000000000d:6,0.002,0.0025,0.002,0.002,2.16,2026-06-23T00:31:00,0.002,2.19
ip_shuffle,20260623T003100_028124,of:000000000000000b:3 -> of:000000000000000d:2,0.002,0.0025,0.002,0.002,3.02,2026-06-23T00:31:00,0.002,3.02
ip_shuffle,20260623T003100_028124,of:000000000000000c:3 -> of:000000000000000d:3,0.002,0.0025,0.002,0.002,3.02,2026-06-23T00:31:00,0.002,3.02
ip_shuffle,20260623T003100_028124,of:0000000000000005:2 -> of:0000000000000009:3,0.002,0.0025,0.002,0.002,3.19,2026-06-23T00:31:00,0.002,3.19
ip_shuffle,20260623T003100_028124,of:0000000000000001:1 -> of:000000000000000b:1,0.002,0.0025,0.002,0.002,2.16,2026-06-23T00:31:00,0.002,2.22
ip_shuffle,20260623T003100_028124,of:000000000000000b:2 -> of:000000000000000c:2,0.002,0.0025,0.002,0.002,2.99,2026-06-23T00:31:00,0.002,2.99
ip_shuffle,20260623T003100_028124,of:0000000000000001:2 -> of:000000000000000c:1,0.002,0.0025,0.002,0.002,2.19,2026-06-23T00:31:00,0.002,2.29
ip_shuffle,20260623T003100_028124,of:0000000000000006:2 -> of:000000000000000a:2,0.002,0.0025,0.002,0.002,2.96,2026-06-23T00:31:00,0.002,2.96
ip_shuffle,20260623T003100_028124,of:0000000000000001:3 -> of:000000000000000d:1,0.003,0.00375,0.003,0.003,4.32,2026-06-23T00:31:00,0.003,4.22
ip_shuffle,20260623T003100_028124,of:0000000000000003:1 -> of:000000000000000b:5,0.002,0.0025,0.002,0.002,2.22,2026-06-23T00:31:00,0.002,2.16
ip_shuffle,20260623T003100_028124,of:0000000000000006:1 -> of:000000000000000d:4,0.003,0.00375,0.003,0.003,3.25,2026-06-23T00:31:00,0.003,3.32
ip_shuffle,20260623T003100_028124,of:0000000000000007:2 -> of:000000000000000a:3,0.002,0.0025,0.002,0.002,2.99,2026-06-23T00:31:00,0.002,2.99
ip_shuffle,20260623T003100_028124,of:0000000000000007:1 -> of:000000000000000d:5,0.003,0.00375,0.003,0.003,3.12,2026-06-23T00:31:00,0.002,3.09
ip_shuffle,20260623T003100_028124,of:0000000000000002:2 -> of:0000000000000008:2,0.002,0.0025,0.002,0.002,3.06,2026-06-23T00:31:00,0.002,3.06
ip_shuffle,20260623T003100_028124,of:0000000000000003:2 -> of:0000000000000008:3,0.002,0.0025,0.002,0.002,3.06,2026-06-23T00:31:00,0.002,3.06
ip_shuffle,20260623T003100_028124,of:0000000000000008:1 -> of:000000000000000b:6,0.002,0.0025,0.002,0.002,2.16,2026-06-23T00:31:00,0.002,2.16
ip_shuffle,20260623T003100_028124,of:0000000000000004:2 -> of:0000000000000009:2,0.002,0.0025,0.002,0.002,3.19,2026-06-23T00:31:00,0.002,3.19
ip_shuffle,20260623T003100_028124,of:0000000000000002:1 -> of:000000000000000b:4,0.002,0.0025,0.002,0.002,2.22,2026-06-23T00:31:00,0.002,2.16
ip_shuffle,20260623T003100_028124,of:0000000000000009:1 -> of:000000000000000c:6,0.002,0.0025,0.002,0.002,2.16,2026-06-23T00:31:00,0.002,2.16
ip_shuffle,20260623T003157_862572,of:0000000000000004:1 -> of:000000000000000c:4,0.002,0.0025,0.002,0.002,2.16,2026-06-23T00:31:57,0.002,2.16
ip_shuffle,20260623T003157_862572,of:0000000000000005:1 -> of:000000000000000c:5,0.002,0.0025,0.002,0.002,1.56,2026-06-23T00:31:57,0.002,1.56
ip_shuffle,20260623T003157_862572,of:000000000000000a:1 -> of:000000000000000d:6,0.001,0.00125,0.001,0.001,1.39,2026-06-23T00:31:57,0.001,1.39
ip_shuffle,20260623T003157_862572,of:000000000000000b:3 -> of:000000000000000d:2,0.001,0.00125,0.001,0.001,1.59,2026-06-23T00:31:57,0.001,1.59
ip_shuffle,20260623T003157_862572,of:000000000000000c:3 -> of:000000000000000d:3,0.001,0.00125,0.001,0.001,1.59,2026-06-23T00:31:57,0.001,1.59
ip_shuffle,20260623T003157_862572,of:0000000000000005:2 -> of:0000000000000009:3,0.002,0.0025,0.002,0.002,1.66,2026-06-23T00:31:57,0.002,1.66
ip_shuffle,20260623T003157_862572,of:0000000000000001:1 -> of:000000000000000b:1,0.003,0.00375,0.003,0.003,3.45,2026-06-23T00:31:57,0.003,3.45
ip_shuffle,20260623T003157_862572,of:000000000000000b:2 -> of:000000000000000c:2,0.001,0.00125,0.001,0.001,1.59,2026-06-23T00:31:57,0.001,1.59
ip_shuffle,20260623T003157_862572,of:0000000000000001:2 -> of:000000000000000c:1,0.002,0.0025,0.002,0.002,2.13,2026-06-23T00:31:57,0.002,2.13
ip_shuffle,20260623T003157_862572,of:0000000000000006:2 -> of:000000000000000a:2,0.002,0.0025,0.002,0.002,1.66,2026-06-23T00:31:57,0.002,1.66
ip_shuffle,20260623T003157_862572,of:0000000000000001:3 -> of:000000000000000d:1,0.001,0.00125,0.001,0.001,1.39,2026-06-23T00:31:57,0.001,1.39
ip_shuffle,20260623T003157_862572,of:0000000000000003:1 -> of:000000000000000b:5,0.002,0.0025,0.002,0.002,2.42,2026-06-23T00:31:57,0.002,2.42
ip_shuffle,20260623T003157_862572,of:0000000000000006:1 -> of:000000000000000d:4,0.001,0.00125,0.001,0.001,1.46,2026-06-23T00:31:57,0.001,1.46
ip_shuffle,20260623T003157_862572,of:0000000000000007:2 -> of:000000000000000a:3,0.002,0.0025,0.002,0.002,1.66,2026-06-23T00:31:57,0.002,1.66
ip_shuffle,20260623T003157_862572,of:0000000000000007:1 -> of:000000000000000d:5,0.001,0.00125,0.001,0.001,1.46,2026-06-23T00:31:57,0.001,1.46
ip_shuffle,20260623T003157_862572,of:0000000000000002:2 -> of:0000000000000008:2,0.002,0.0025,0.002,0.002,1.66,2026-06-23T00:31:57,0.002,1.66
ip_shuffle,20260623T003157_862572,of:0000000000000003:2 -> of:0000000000000008:3,0.002,0.0025,0.002,0.002,1.66,2026-06-23T00:31:57,0.002,1.66
ip_shuffle,20260623T003157_862572,of:0000000000000008:1 -> of:000000000000000b:6,0.001,0.00125,0.001,0.001,1.46,2026-06-23T00:31:57,0.001,1.46
ip_shuffle,20260623T003157_862572,of:0000000000000004:2 -> of:0000000000000009:2,0.002,0.0025,0.002,0.002,1.66,2026-06-23T00:31:57,0.002,1.66
ip_shuffle,20260623T003157_862572,of:0000000000000002:1 -> of:000000000000000b:4,0.002,0.0025,0.002,0.002,2.42,2026-06-23T00:31:57,0.002,2.42
ip_shuffle,20260623T003157_862572,of:0000000000000009:1 -> of:000000000000000c:6,0.001,0.00125,0.001,0.001,1.39,2026-06-23T00:31:57,0.001,1.39
route_mutation,20260623T003255_509313,of:0000000000000004:1 -> of:000000000000000c:4,0.002,0.0025,0.002,0.002,1.86,2026-06-23T00:32:55,0.002,1.96
route_mutation,20260623T003255_509313,of:0000000000000005:1 -> of:000000000000000c:5,0.002,0.0025,0.002,0.002,1.86,2026-06-23T00:32:55,0.002,1.96
route_mutation,20260623T003255_509313,of:000000000000000a:1 -> of:000000000000000d:6,0.002,0.0025,0.002,0.002,2.0,2026-06-23T00:32:55,0.002,1.96
route_mutation,20260623T003255_509313,of:000000000000000b:3 -> of:000000000000000d:2,0.002,0.0025,0.002,0.002,2.63,2026-06-23T00:32:55,0.002,2.63
route_mutation,20260623T003255_509313,of:000000000000000c:3 -> of:000000000000000d:3,0.002,0.0025,0.002,0.002,2.6,2026-06-23T00:32:55,0.002,2.6
route_mutation,20260623T003255_509313,of:0000000000000005:2 -> of:0000000000000009:3,0.002,0.0025,0.002,0.002,2.53,2026-06-23T00:32:55,0.002,2.53
route_mutation,20260623T003255_509313,of:0000000000000001:1 -> of:000000000000000b:1,0.002,0.0025,0.002,0.002,2.0,2026-06-23T00:32:55,0.002,1.9
route_mutation,20260623T003255_509313,of:000000000000000b:2 -> of:000000000000000c:2,0.002,0.0025,0.002,0.002,2.63,2026-06-23T00:32:55,0.002,2.63
route_mutation,20260623T003255_509313,of:0000000000000001:2 -> of:000000000000000c:1,0.002,0.0025,0.002,0.002,1.96,2026-06-23T00:32:55,0.002,1.9
route_mutation,20260623T003255_509313,of:0000000000000006:2 -> of:000000000000000a:2,0.002,0.0025,0.002,0.002,2.53,2026-06-23T00:32:55,0.002,2.53
route_mutation,20260623T003255_509313,of:0000000000000001:3 -> of:000000000000000d:1,0.003,0.00375,0.003,0.003,3.39,2026-06-23T00:32:55,0.003,3.49
route_mutation,20260623T003255_509313,of:0000000000000003:1 -> of:000000000000000b:5,0.002,0.0025,0.002,0.002,1.86,2026-06-23T00:32:55,0.002,2.0
route_mutation,20260623T003255_509313,of:0000000000000006:1 -> of:000000000000000d:4,0.002,0.0025,0.002,0.002,2.06,2026-06-23T00:32:55,0.002,2.03
route_mutation,20260623T003255_509313,of:0000000000000007:2 -> of:000000000000000a:3,0.002,0.0025,0.002,0.002,2.6,2026-06-23T00:32:55,0.002,2.6
route_mutation,20260623T003255_509313,of:0000000000000007:1 -> of:000000000000000d:5,0.003,0.00375,0.003,0.003,3.33,2026-06-23T00:32:55,0.003,3.29
route_mutation,20260623T003255_509313,of:0000000000000002:2 -> of:0000000000000008:2,0.002,0.0025,0.002,0.002,2.53,2026-06-23T00:32:55,0.002,2.53
route_mutation,20260623T003255_509313,of:0000000000000003:2 -> of:0000000000000008:3,0.002,0.0025,0.002,0.002,2.53,2026-06-23T00:32:55,0.002,2.53
route_mutation,20260623T003255_509313,of:0000000000000008:1 -> of:000000000000000b:6,0.002,0.0025,0.002,0.002,2.0,2026-06-23T00:32:55,0.002,2.0
route_mutation,20260623T003255_509313,of:0000000000000004:2 -> of:0000000000000009:2,0.002,0.0025,0.002,0.002,2.53,2026-06-23T00:32:55,0.002,2.53
route_mutation,20260623T003255_509313,of:0000000000000002:1 -> of:000000000000000b:4,0.002,0.0025,0.002,0.002,1.86,2026-06-23T00:32:55,0.002,2.0
route_mutation,20260623T003255_509313,of:0000000000000009:1 -> of:000000000000000c:6,0.002,0.0025,0.002,0.002,2.0,2026-06-23T00:32:55,0.002,1.96
route_mutation,20260623T003325_906331,of:0000000000000004:1 -> of:000000000000000c:4,0.001,0.00125,0.001,0.001,1.36,2026-06-23T00:33:25,0.001,1.36
route_mutation,20260623T003325_906331,of:0000000000000005:1 -> of:000000000000000c:5,0.001,0.00125,0.001,0.001,1.36,2026-06-23T00:33:25,0.001,1.36
route_mutation,20260623T003325_906331,of:000000000000000a:1 -> of:000000000000000d:6,0.001,0.00125,0.001,0.001,1.3,2026-06-23T00:33:25,0.001,1.3
route_mutation,20260623T003325_906331,of:000000000000000b:3 -> of:000000000000000d:2,0.001,0.00125,0.001,0.001,1.4,2026-06-23T00:33:25,0.001,1.4
route_mutation,20260623T003325_906331,of:000000000000000c:3 -> of:000000000000000d:3,0.001,0.00125,0.001,0.001,1.4,2026-06-23T00:33:25,0.001,1.4
route_mutation,20260623T003325_906331,of:0000000000000005:2 -> of:0000000000000009:3,0.001,0.00125,0.001,0.001,1.46,2026-06-23T00:33:25,0.001,1.46
route_mutation,20260623T003325_906331,of:0000000000000001:1 -> of:000000000000000b:1,0.002,0.0025,0.002,0.002,2.33,2026-06-23T00:33:25,0.002,2.33
route_mutation,20260623T003325_906331,of:000000000000000b:2 -> of:000000000000000c:2,0.001,0.00125,0.001,0.001,1.4,2026-06-23T00:33:25,0.001,1.4
route_mutation,20260623T003325_906331,of:0000000000000001:2 -> of:000000000000000c:1,0.001,0.00125,0.001,0.001,1.3,2026-06-23T00:33:25,0.001,1.3
route_mutation,20260623T003325_906331,of:0000000000000006:2 -> of:000000000000000a:2,0.001,0.00125,0.001,0.001,1.46,2026-06-23T00:33:25,0.001,1.46
route_mutation,20260623T003325_906331,of:0000000000000001:3 -> of:000000000000000d:1,0.001,0.00125,0.001,0.001,1.3,2026-06-23T00:33:25,0.001,1.3
route_mutation,20260623T003325_906331,of:0000000000000003:1 -> of:000000000000000b:5,0.001,0.00125,0.001,0.001,1.43,2026-06-23T00:33:25,0.001,1.43
route_mutation,20260623T003325_906331,of:0000000000000006:1 -> of:000000000000000d:4,0.001,0.00125,0.001,0.001,1.36,2026-06-23T00:33:25,0.001,1.36
route_mutation,20260623T003325_906331,of:0000000000000007:2 -> of:000000000000000a:3,0.001,0.00125,0.001,0.001,1.46,2026-06-23T00:33:25,0.001,1.46
route_mutation,20260623T003325_906331,of:0000000000000007:1 -> of:000000000000000d:5,0.001,0.00125,0.001,0.001,1.36,2026-06-23T00:33:25,0.001,1.36
route_mutation,20260623T003325_906331,of:0000000000000002:2 -> of:0000000000000008:2,0.001,0.00125,0.001,0.001,1.4,2026-06-23T00:33:25,0.001,1.4
route_mutation,20260623T003325_906331,of:0000000000000003:2 -> of:0000000000000008:3,0.001,0.00125,0.001,0.001,1.4,2026-06-23T00:33:25,0.001,1.4
route_mutation,20260623T003325_906331,of:0000000000000008:1 -> of:000000000000000b:6,0.001,0.00125,0.001,0.001,1.3,2026-06-23T00:33:25,0.001,1.3
route_mutation,20260623T003325_906331,of:0000000000000004:2 -> of:0000000000000009:2,0.001,0.00125,0.001,0.001,1.46,2026-06-23T00:33:25,0.001,1.46
route_mutation,20260623T003325_906331,of:0000000000000002:1 -> of:000000000000000b:4,0.002,0.0025,0.002,0.002,2.23,2026-06-23T00:33:25,0.002,2.23
route_mutation,20260623T003325_906331,of:0000000000000009:1 -> of:000000000000000c:6,0.001,0.00125,0.001,0.001,1.3,2026-06-23T00:33:25,0.001,1.3
ip_shuffle,20260623T003356_320006,of:0000000000000004:1 -> of:000000000000000c:4,0.002,0.0025,0.002,0.002,2.4,2026-06-23T00:33:56,0.002,2.33
ip_shuffle,20260623T003356_320006,of:0000000000000005:1 -> of:000000000000000c:5,0.002,0.0025,0.002,0.002,2.4,2026-06-23T00:33:56,0.002,2.33
ip_shuffle,20260623T003356_320006,of:000000000000000a:1 -> of:000000000000000d:6,0.002,0.0025,0.002,0.002,1.6,2026-06-23T00:33:56,0.002,1.6
ip_shuffle,20260623T003356_320006,of:000000000000000b:3 -> of:000000000000000d:2,0.002,0.0025,0.002,0.002,1.86,2026-06-23T00:33:56,0.002,1.86
ip_shuffle,20260623T003356_320006,of:000000000000000c:3 -> of:000000000000000d:3,0.002,0.0025,0.002,0.002,1.86,2026-06-23T00:33:56,0.002,1.86
ip_shuffle,20260623T003356_320006,of:0000000000000005:2 -> of:0000000000000009:3,0.002,0.0025,0.002,0.002,1.83,2026-06-23T00:33:56,0.002,1.83
ip_shuffle,20260623T003356_320006,of:0000000000000001:1 -> of:000000000000000b:1,0.002,0.0025,0.002,0.002,2.63,2026-06-23T00:33:56,0.002,2.7
ip_shuffle,20260623T003356_320006,of:000000000000000b:2 -> of:000000000000000c:2,0.002,0.0025,0.002,0.002,1.86,2026-06-23T00:33:56,0.002,1.86
ip_shuffle,20260623T003356_320006,of:0000000000000001:2 -> of:000000000000000c:1,0.003,0.00375,0.003,0.003,3.19,2026-06-23T00:33:56,0.003,3.26
ip_shuffle,20260623T003356_320006,of:0000000000000006:2 -> of:000000000000000a:2,0.002,0.0025,0.002,0.002,1.9,2026-06-23T00:33:56,0.002,1.9
ip_shuffle,20260623T003356_320006,of:0000000000000001:3 -> of:000000000000000d:1,0.002,0.0025,0.002,0.002,2.23,2026-06-23T00:33:56,0.002,2.13
ip_shuffle,20260623T003356_320006,of:0000000000000003:1 -> of:000000000000000b:5,0.002,0.0025,0.002,0.002,2.56,2026-06-23T00:33:56,0.002,2.5
ip_shuffle,20260623T003356_320006,of:0000000000000006:1 -> of:000000000000000d:4,0.002,0.0025,0.002,0.002,2.1,2026-06-23T00:33:56,0.002,2.23
ip_shuffle,20260623T003356_320006,of:0000000000000007:2 -> of:000000000000000a:3,0.002,0.0025,0.002,0.002,1.83,2026-06-23T00:33:56,0.002,1.83
ip_shuffle,20260623T003356_320006,of:0000000000000007:1 -> of:000000000000000d:5,0.002,0.0025,0.002,0.002,1.56,2026-06-23T00:33:56,0.002,1.6
ip_shuffle,20260623T003356_320006,of:0000000000000002:2 -> of:0000000000000008:2,0.002,0.0025,0.002,0.002,1.9,2026-06-23T00:33:56,0.002,1.9
ip_shuffle,20260623T003356_320006,of:0000000000000003:2 -> of:0000000000000008:3,0.002,0.0025,0.002,0.002,1.9,2026-06-23T00:33:56,0.002,1.9
ip_shuffle,20260623T003356_320006,of:0000000000000008:1 -> of:000000000000000b:6,0.002,0.0025,0.002,0.002,1.56,2026-06-23T00:33:56,0.002,1.6
ip_shuffle,20260623T003356_320006,of:0000000000000004:2 -> of:0000000000000009:2,0.002,0.0025,0.002,0.002,1.83,2026-06-23T00:33:56,0.002,1.83
ip_shuffle,20260623T003356_320006,of:0000000000000002:1 -> of:000000000000000b:4,0.002,0.0025,0.002,0.002,1.76,2026-06-23T00:33:56,0.002,1.7
ip_shuffle,20260623T003356_320006,of:0000000000000009:1 -> of:000000000000000c:6,0.002,0.0025,0.002,0.002,1.56,2026-06-23T00:33:56,0.002,1.6
ip_shuffle,20260623T003454_133864,of:0000000000000004:1 -> of:000000000000000c:4,0.001,0.00125,0.001,0.001,1.36,2026-06-23T00:34:54,0.001,1.33
ip_shuffle,20260623T003454_133864,of:0000000000000005:1 -> of:000000000000000c:5,0.001,0.00125,0.001,0.001,1.36,2026-06-23T00:34:54,0.001,1.33
ip_shuffle,20260623T003454_133864,of:000000000000000a:1 -> of:000000000000000d:6,0.001,0.00125,0.001,0.001,1.33,2026-06-23T00:34:54,0.001,1.33
ip_shuffle,20260623T003454_133864,of:000000000000000b:3 -> of:000000000000000d:2,0.001,0.00125,0.001,0.001,1.4,2026-06-23T00:34:54,0.001,1.4
ip_shuffle,20260623T003454_133864,of:000000000000000c:3 -> of:000000000000000d:3,0.001,0.00125,0.001,0.001,1.4,2026-06-23T00:34:54,0.001,1.4
ip_shuffle,20260623T003454_133864,of:0000000000000005:2 -> of:0000000000000009:3,0.001,0.00125,0.001,0.001,1.43,2026-06-23T00:34:54,0.001,1.43
ip_shuffle,20260623T003454_133864,of:0000000000000001:1 -> of:000000000000000b:1,0.002,0.0025,0.002,0.002,1.56,2026-06-23T00:34:54,0.002,1.46
ip_shuffle,20260623T003454_133864,of:000000000000000b:2 -> of:000000000000000c:2,0.001,0.00125,0.001,0.001,1.33,2026-06-23T00:34:54,0.001,1.33
ip_shuffle,20260623T003454_133864,of:0000000000000001:2 -> of:000000000000000c:1,0.001,0.00125,0.001,0.001,1.26,2026-06-23T00:34:54,0.001,1.3
ip_shuffle,20260623T003454_133864,of:0000000000000006:2 -> of:000000000000000a:2,0.001,0.00125,0.001,0.001,1.43,2026-06-23T00:34:54,0.001,1.43
ip_shuffle,20260623T003454_133864,of:0000000000000001:3 -> of:000000000000000d:1,0.001,0.00125,0.001,0.001,1.36,2026-06-23T00:34:54,0.001,1.4
ip_shuffle,20260623T003454_133864,of:0000000000000003:1 -> of:000000000000000b:5,0.001,0.00125,0.001,0.001,1.3,2026-06-23T00:34:54,0.001,1.26
ip_shuffle,20260623T003454_133864,of:0000000000000006:1 -> of:000000000000000d:4,0.002,0.0025,0.002,0.002,1.43,2026-06-23T00:34:54,0.002,1.4
ip_shuffle,20260623T003454_133864,of:0000000000000007:2 -> of:000000000000000a:3,0.001,0.00125,0.001,0.001,1.43,2026-06-23T00:34:54,0.001,1.43
ip_shuffle,20260623T003454_133864,of:0000000000000007:1 -> of:000000000000000d:5,0.002,0.0025,0.002,0.002,1.46,2026-06-23T00:34:54,0.002,1.43
ip_shuffle,20260623T003454_133864,of:0000000000000002:2 -> of:0000000000000008:2,0.001,0.00125,0.001,0.001,1.33,2026-06-23T00:34:54,0.001,1.33
ip_shuffle,20260623T003454_133864,of:0000000000000003:2 -> of:0000000000000008:3,0.001,0.00125,0.001,0.001,1.33,2026-06-23T00:34:54,0.001,1.33
ip_shuffle,20260623T003454_133864,of:0000000000000008:1 -> of:000000000000000b:6,0.001,0.00125,0.001,0.001,1.23,2026-06-23T00:34:54,0.001,1.26
ip_shuffle,20260623T003454_133864,of:0000000000000004:2 -> of:0000000000000009:2,0.001,0.00125,0.001,0.001,1.43,2026-06-23T00:34:54,0.001,1.43
ip_shuffle,20260623T003454_133864,of:0000000000000002:1 -> of:000000000000000b:4,0.002,0.0025,0.002,0.002,1.46,2026-06-23T00:34:54,0.002,1.56
ip_shuffle,20260623T003454_133864,of:0000000000000009:1 -> of:000000000000000c:6,0.001,0.00125,0.001,0.001,1.26,2026-06-23T00:34:54,0.001,1.26
route_mutation,20260623T003551_974923,of:0000000000000004:1 -> of:000000000000000c:4,0.002,0.0025,0.002,0.002,2.23,2026-06-23T00:35:51,0.002,2.16
route_mutation,20260623T003551_974923,of:0000000000000005:1 -> of:000000000000000c:5,0.002,0.0025,0.002,0.002,2.33,2026-06-23T00:35:51,0.002,2.26
route_mutation,20260623T003551_974923,of:000000000000000a:1 -> of:000000000000000d:6,0.002,0.0025,0.002,0.002,2.13,2026-06-23T00:35:51,0.002,2.16
route_mutation,20260623T003551_974923,of:000000000000000b:3 -> of:000000000000000d:2,0.002,0.0025,0.002,0.002,2.96,2026-06-23T00:35:51,0.002,2.96
route_mutation,20260623T003551_974923,of:000000000000000c:3 -> of:000000000000000d:3,0.002,0.0025,0.002,0.002,3.0,2026-06-23T00:35:51,0.002,3.0
route_mutation,20260623T003551_974923,of:0000000000000005:2 -> of:0000000000000009:3,0.002,0.0025,0.002,0.002,3.03,2026-06-23T00:35:51,0.002,3.03
route_mutation,20260623T003551_974923,of:0000000000000001:1 -> of:000000000000000b:1,0.002,0.0025,0.002,0.002,2.13,2026-06-23T00:35:51,0.002,2.23
route_mutation,20260623T003551_974923,of:000000000000000b:2 -> of:000000000000000c:2,0.002,0.0025,0.002,0.002,2.96,2026-06-23T00:35:51,0.002,2.96
route_mutation,20260623T003551_974923,of:0000000000000001:2 -> of:000000000000000c:1,0.002,0.0025,0.002,0.002,2.26,2026-06-23T00:35:51,0.002,2.33
route_mutation,20260623T003551_974923,of:0000000000000006:2 -> of:000000000000000a:2,0.002,0.0025,0.002,0.002,3.03,2026-06-23T00:35:51,0.002,3.03
route_mutation,20260623T003551_974923,of:0000000000000001:3 -> of:000000000000000d:1,0.003,0.00375,0.003,0.003,4.36,2026-06-23T00:35:51,0.003,4.29
route_mutation,20260623T003551_974923,of:0000000000000003:1 -> of:000000000000000b:5,0.002,0.0025,0.002,0.002,2.23,2026-06-23T00:35:51,0.002,2.13
route_mutation,20260623T003551_974923,of:0000000000000006:1 -> of:000000000000000d:4,0.003,0.00375,0.003,0.003,3.36,2026-06-23T00:35:51,0.003,3.26
route_mutation,20260623T003551_974923,of:0000000000000007:2 -> of:000000000000000a:3,0.002,0.0025,0.002,0.002,3.06,2026-06-23T00:35:51,0.002,3.06
route_mutation,20260623T003551_974923,of:0000000000000007:1 -> of:000000000000000d:5,0.003,0.00375,0.003,0.003,3.16,2026-06-23T00:35:51,0.003,3.36
route_mutation,20260623T003551_974923,of:0000000000000002:2 -> of:0000000000000008:2,0.002,0.0025,0.002,0.002,3.03,2026-06-23T00:35:51,0.002,3.03
route_mutation,20260623T003551_974923,of:0000000000000003:2 -> of:0000000000000008:3,0.002,0.0025,0.002,0.002,3.03,2026-06-23T00:35:51,0.002,3.03
route_mutation,20260623T003551_974923,of:0000000000000008:1 -> of:000000000000000b:6,0.002,0.0025,0.002,0.002,2.13,2026-06-23T00:35:51,0.002,2.13
route_mutation,20260623T003551_974923,of:0000000000000004:2 -> of:0000000000000009:2,0.002,0.0025,0.002,0.002,3.03,2026-06-23T00:35:51,0.002,3.03
route_mutation,20260623T003551_974923,of:0000000000000002:1 -> of:000000000000000b:4,0.002,0.0025,0.002,0.002,2.23,2026-06-23T00:35:51,0.002,2.13
route_mutation,20260623T003551_974923,of:0000000000000009:1 -> of:000000000000000c:6,0.002,0.0025,0.002,0.002,2.13,2026-06-23T00:35:51,0.002,2.16
ip_shuffle,20260623T003622_397658,of:0000000000000004:1 -> of:000000000000000c:4,0.001,0.00125,0.001,0.001,1.33,2026-06-23T00:36:22,0.001,1.43
ip_shuffle,20260623T003622_397658,of:0000000000000005:1 -> of:000000000000000c:5,0.001,0.00125,0.001,0.001,1.33,2026-06-23T00:36:22,0.001,1.43
ip_shuffle,20260623T003622_397658,of:000000000000000a:1 -> of:000000000000000d:6,0.001,0.00125,0.001,0.001,1.46,2026-06-23T00:36:22,0.001,1.43
ip_shuffle,20260623T003622_397658,of:000000000000000b:3 -> of:000000000000000d:2,0.002,0.0025,0.002,0.002,1.63,2026-06-23T00:36:22,0.002,1.63
ip_shuffle,20260623T003622_397658,of:000000000000000c:3 -> of:000000000000000d:3,0.002,0.0025,0.002,0.002,1.6,2026-06-23T00:36:22,0.002,1.6
ip_shuffle,20260623T003622_397658,of:0000000000000005:2 -> of:0000000000000009:3,0.001,0.00125,0.001,0.001,1.53,2026-06-23T00:36:22,0.001,1.53
ip_shuffle,20260623T003622_397658,of:0000000000000001:1 -> of:000000000000000b:1,0.001,0.00125,0.001,0.001,1.4,2026-06-23T00:36:22,0.001,1.3
ip_shuffle,20260623T003622_397658,of:000000000000000b:2 -> of:000000000000000c:2,0.001,0.00125,0.001,0.001,1.56,2026-06-23T00:36:22,0.001,1.56
ip_shuffle,20260623T003622_397658,of:0000000000000001:2 -> of:000000000000000c:1,0.001,0.00125,0.001,0.001,1.36,2026-06-23T00:36:22,0.001,1.3
ip_shuffle,20260623T003622_397658,of:0000000000000006:2 -> of:000000000000000a:2,0.002,0.0025,0.002,0.002,1.53,2026-06-23T00:36:22,0.002,1.53
ip_shuffle,20260623T003622_397658,of:0000000000000001:3 -> of:000000000000000d:1,0.002,0.0025,0.002,0.002,1.8,2026-06-23T00:36:22,0.002,1.86
ip_shuffle,20260623T003622_397658,of:0000000000000003:1 -> of:000000000000000b:5,0.001,0.00125,0.001,0.001,1.26,2026-06-23T00:36:22,0.001,1.4
ip_shuffle,20260623T003622_397658,of:0000000000000006:1 -> of:000000000000000d:4,0.002,0.0025,0.002,0.002,1.4,2026-06-23T00:36:22,0.002,1.5
ip_shuffle,20260623T003622_397658,of:0000000000000007:2 -> of:000000000000000a:3,0.001,0.00125,0.001,0.001,1.5,2026-06-23T00:36:22,0.001,1.5
ip_shuffle,20260623T003622_397658,of:0000000000000007:1 -> of:000000000000000d:5,0.002,0.0025,0.002,0.002,1.86,2026-06-23T00:36:22,0.002,1.7
ip_shuffle,20260623T003622_397658,of:0000000000000002:2 -> of:0000000000000008:2,0.002,0.0025,0.002,0.002,1.6,2026-06-23T00:36:22,0.002,1.6
ip_shuffle,20260623T003622_397658,of:0000000000000003:2 -> of:0000000000000008:3,0.002,0.0025,0.002,0.002,1.6,2026-06-23T00:36:22,0.002,1.6
ip_shuffle,20260623T003622_397658,of:0000000000000008:1 -> of:000000000000000b:6,0.002,0.0025,0.002,0.002,1.53,2026-06-23T00:36:22,0.002,1.53
ip_shuffle,20260623T003622_397658,of:0000000000000004:2 -> of:0000000000000009:2,0.001,0.00125,0.001,0.001,1.53,2026-06-23T00:36:22,0.001,1.53
ip_shuffle,20260623T003622_397658,of:0000000000000002:1 -> of:000000000000000b:4,0.001,0.00125,0.001,0.001,1.26,2026-06-23T00:36:22,0.001,1.4
ip_shuffle,20260623T003622_397658,of:0000000000000009:1 -> of:000000000000000c:6,0.001,0.00125,0.001,0.001,1.4,2026-06-23T00:36:22,0.001,1.36
ip_shuffle,20260623T003726_736364,of:0000000000000004:1 -> of:000000000000000c:4,0.002,0.0025,0.002,0.002,2.19,2026-06-23T00:37:26,0.002,2.1
ip_shuffle,20260623T003726_736364,of:0000000000000005:1 -> of:000000000000000c:5,0.002,0.0025,0.002,0.002,2.79,2026-06-23T00:37:26,0.002,2.69
ip_shuffle,20260623T003726_736364,of:000000000000000a:1 -> of:000000000000000d:6,0.002,0.0025,0.002,0.002,1.9,2026-06-23T00:37:26,0.002,1.93
ip_shuffle,20260623T003726_736364,of:000000000000000b:3 -> of:000000000000000d:2,0.002,0.0025,0.002,0.002,2.49,2026-06-23T00:37:26,0.002,2.49
ip_shuffle,20260623T003726_736364,of:000000000000000c:3 -> of:000000000000000d:3,0.002,0.0025,0.002,0.002,2.53,2026-06-23T00:37:26,0.002,2.53
ip_shuffle,20260623T003726_736364,of:0000000000000005:2 -> of:0000000000000009:3,0.002,0.0025,0.002,0.002,2.59,2026-06-23T00:37:26,0.002,2.59
ip_shuffle,20260623T003726_736364,of:0000000000000001:1 -> of:000000000000000b:1,0.002,0.0025,0.002,0.002,1.9,2026-06-23T00:37:26,0.002,2.0
ip_shuffle,20260623T003726_736364,of:000000000000000b:2 -> of:000000000000000c:2,0.002,0.0025,0.002,0.002,2.49,2026-06-23T00:37:26,0.002,2.49
ip_shuffle,20260623T003726_736364,of:0000000000000001:2 -> of:000000000000000c:1,0.002,0.0025,0.002,0.002,2.86,2026-06-23T00:37:26,0.002,2.93
ip_shuffle,20260623T003726_736364,of:0000000000000006:2 -> of:000000000000000a:2,0.002,0.0025,0.002,0.002,2.59,2026-06-23T00:37:26,0.002,2.59
ip_shuffle,20260623T003726_736364,of:0000000000000001:3 -> of:000000000000000d:1,0.003,0.00375,0.003,0.003,3.53,2026-06-23T00:37:26,0.003,3.43
ip_shuffle,20260623T003726_736364,of:0000000000000003:1 -> of:000000000000000b:5,0.002,0.0025,0.002,0.002,2.03,2026-06-23T00:37:26,0.002,1.9
ip_shuffle,20260623T003726_736364,of:0000000000000006:1 -> of:000000000000000d:4,0.003,0.00375,0.003,0.003,3.16,2026-06-23T00:37:26,0.003,3.06
ip_shuffle,20260623T003726_736364,of:0000000000000007:2 -> of:000000000000000a:3,0.002,0.0025,0.002,0.002,2.63,2026-06-23T00:37:26,0.002,2.63
ip_shuffle,20260623T003726_736364,of:0000000000000007:1 -> of:000000000000000d:5,0.002,0.0025,0.002,0.002,2.36,2026-06-23T00:37:26,0.002,2.56
ip_shuffle,20260623T003726_736364,of:0000000000000002:2 -> of:0000000000000008:2,0.002,0.0025,0.002,0.002,2.69,2026-06-23T00:37:26,0.002,2.69
ip_shuffle,20260623T003726_736364,of:0000000000000003:2 -> of:0000000000000008:3,0.002,0.0025,0.002,0.002,2.69,2026-06-23T00:37:26,0.002,2.69
ip_shuffle,20260623T003726_736364,of:0000000000000008:1 -> of:000000000000000b:6,0.002,0.0025,0.002,0.002,2.0,2026-06-23T00:37:26,0.002,1.83
ip_shuffle,20260623T003726_736364,of:0000000000000004:2 -> of:0000000000000009:2,0.002,0.0025,0.002,0.002,2.59,2026-06-23T00:37:26,0.002,2.59
ip_shuffle,20260623T003726_736364,of:0000000000000002:1 -> of:000000000000000b:4,0.002,0.0025,0.002,0.002,2.03,2026-06-23T00:37:26,0.002,1.9
ip_shuffle,20260623T003726_736364,of:0000000000000009:1 -> of:000000000000000c:6,0.002,0.0025,0.002,0.002,1.9,2026-06-23T00:37:26,0.002,1.93
ip_shuffle,20260623T003837_813869,of:0000000000000004:1 -> of:000000000000000c:4,0.001,0.00125,0.001,0.001,1.46,2026-06-23T00:38:37,0.001,1.36
ip_shuffle,20260623T003837_813869,of:0000000000000005:1 -> of:000000000000000c:5,0.001,0.00125,0.001,0.001,1.46,2026-06-23T00:38:37,0.001,1.36
ip_shuffle,20260623T003837_813869,of:000000000000000a:1 -> of:000000000000000d:6,0.001,0.00125,0.001,0.001,1.36,2026-06-23T00:38:37,0.001,1.36
ip_shuffle,20260623T003837_813869,of:000000000000000b:3 -> of:000000000000000d:2,0.001,0.00125,0.001,0.001,1.46,2026-06-23T00:38:37,0.001,1.46
ip_shuffle,20260623T003837_813869,of:000000000000000c:3 -> of:000000000000000d:3,0.001,0.00125,0.001,0.001,1.46,2026-06-23T00:38:37,0.001,1.46
ip_shuffle,20260623T003837_813869,of:0000000000000005:2 -> of:0000000000000009:3,0.002,0.0025,0.002,0.002,1.66,2026-06-23T00:38:37,0.002,1.66
ip_shuffle,20260623T003837_813869,of:0000000000000001:1 -> of:000000000000000b:1,0.003,0.00375,0.003,0.003,3.36,2026-06-23T00:38:37,0.003,3.3
ip_shuffle,20260623T003837_813869,of:000000000000000b:2 -> of:000000000000000c:2,0.002,0.0025,0.002,0.002,1.53,2026-06-23T00:38:37,0.002,1.53
ip_shuffle,20260623T003837_813869,of:0000000000000001:2 -> of:000000000000000c:1,0.002,0.0025,0.002,0.002,1.43,2026-06-23T00:38:37,0.002,1.53
ip_shuffle,20260623T003837_813869,of:0000000000000006:2 -> of:000000000000000a:2,0.002,0.0025,0.002,0.002,1.56,2026-06-23T00:38:37,0.002,1.56
ip_shuffle,20260623T003837_813869,of:0000000000000001:3 -> of:000000000000000d:1,0.002,0.0025,0.002,0.002,1.56,2026-06-23T00:38:37,0.002,1.66
ip_shuffle,20260623T003837_813869,of:0000000000000003:1 -> of:000000000000000b:5,0.002,0.0025,0.002,0.002,2.2,2026-06-23T00:38:37,0.002,2.26
ip_shuffle,20260623T003837_813869,of:0000000000000006:1 -> of:000000000000000d:4,0.001,0.00125,0.001,0.001,1.4,2026-06-23T00:38:37,0.001,1.3
ip_shuffle,20260623T003837_813869,of:0000000000000007:2 -> of:000000000000000a:3,0.002,0.0025,0.002,0.002,1.56,2026-06-23T00:38:37,0.002,1.56
ip_shuffle,20260623T003837_813869,of:0000000000000007:1 -> of:000000000000000d:5,0.001,0.00125,0.001,0.001,1.53,2026-06-23T00:38:37,0.001,1.43
ip_shuffle,20260623T003837_813869,of:0000000000000002:2 -> of:0000000000000008:2,0.002,0.0025,0.002,0.002,1.66,2026-06-23T00:38:37,0.002,1.66
ip_shuffle,20260623T003837_813869,of:0000000000000003:2 -> of:0000000000000008:3,0.002,0.0025,0.002,0.002,1.66,2026-06-23T00:38:37,0.002,1.66
ip_shuffle,20260623T003837_813869,of:0000000000000008:1 -> of:000000000000000b:6,0.002,0.0025,0.002,0.002,1.53,2026-06-23T00:38:37,0.002,1.43
ip_shuffle,20260623T003837_813869,of:0000000000000004:2 -> of:0000000000000009:2,0.002,0.0025,0.002,0.002,1.66,2026-06-23T00:38:37,0.002,1.66
ip_shuffle,20260623T003837_813869,of:0000000000000002:1 -> of:000000000000000b:4,0.002,0.0025,0.002,0.002,2.5,2026-06-23T00:38:37,0.002,2.4
ip_shuffle,20260623T003837_813869,of:0000000000000009:1 -> of:000000000000000c:6,0.002,0.0025,0.002,0.002,1.53,2026-06-23T00:38:37,0.002,1.43
route_mutation,20260623T003935_567140,of:0000000000000004:1 -> of:000000000000000c:4,0.002,0.0025,0.002,0.002,1.96,2026-06-23T00:39:35,0.002,2.03
route_mutation,20260623T003935_567140,of:0000000000000005:1 -> of:000000000000000c:5,0.002,0.0025,0.002,0.002,1.96,2026-06-23T00:39:35,0.002,2.03
route_mutation,20260623T003935_567140,of:000000000000000a:1 -> of:000000000000000d:6,0.002,0.0025,0.002,0.002,2.0,2026-06-23T00:39:35,0.002,2.1
route_mutation,20260623T003935_567140,of:000000000000000b:3 -> of:000000000000000d:2,0.002,0.0025,0.002,0.002,2.8,2026-06-23T00:39:35,0.002,2.8
route_mutation,20260623T003935_567140,of:000000000000000c:3 -> of:000000000000000d:3,0.002,0.0025,0.002,0.002,2.8,2026-06-23T00:39:35,0.002,2.8
route_mutation,20260623T003935_567140,of:0000000000000005:2 -> of:0000000000000009:3,0.002,0.0025,0.002,0.002,2.7,2026-06-23T00:39:35,0.002,2.7
route_mutation,20260623T003935_567140,of:0000000000000001:1 -> of:000000000000000b:1,0.002,0.0025,0.002,0.002,1.96,2026-06-23T00:39:35,0.002,1.9
route_mutation,20260623T003935_567140,of:000000000000000b:2 -> of:000000000000000c:2,0.002,0.0025,0.002,0.002,2.73,2026-06-23T00:39:35,0.002,2.73
route_mutation,20260623T003935_567140,of:0000000000000001:2 -> of:000000000000000c:1,0.002,0.0025,0.002,0.002,1.96,2026-06-23T00:39:35,0.002,1.9
route_mutation,20260623T003935_567140,of:0000000000000006:2 -> of:000000000000000a:2,0.002,0.0025,0.002,0.002,2.66,2026-06-23T00:39:35,0.002,2.66
route_mutation,20260623T003935_567140,of:0000000000000001:3 -> of:000000000000000d:1,0.003,0.00375,0.003,0.003,3.93,2026-06-23T00:39:35,0.003,4.09
route_mutation,20260623T003935_567140,of:0000000000000003:1 -> of:000000000000000b:5,0.002,0.0025,0.002,0.002,1.96,2026-06-23T00:39:35,0.002,2.03
route_mutation,20260623T003935_567140,of:0000000000000006:1 -> of:000000000000000d:4,0.002,0.0025,0.002,0.002,2.9,2026-06-23T00:39:35,0.002,2.73
route_mutation,20260623T003935_567140,of:0000000000000007:2 -> of:000000000000000a:3,0.002,0.0025,0.002,0.002,2.66,2026-06-23T00:39:35,0.002,2.66
route_mutation,20260623T003935_567140,of:0000000000000007:1 -> of:000000000000000d:5,0.003,0.00375,0.003,0.003,3.36,2026-06-23T00:39:35,0.003,3.46
route_mutation,20260623T003935_567140,of:0000000000000002:2 -> of:0000000000000008:2,0.002,0.0025,0.002,0.002,2.7,2026-06-23T00:39:35,0.002,2.7
route_mutation,20260623T003935_567140,of:0000000000000003:2 -> of:0000000000000008:3,0.002,0.0025,0.002,0.002,2.7,2026-06-23T00:39:35,0.002,2.7
route_mutation,20260623T003935_567140,of:0000000000000008:1 -> of:000000000000000b:6,0.002,0.0025,0.002,0.002,1.93,2026-06-23T00:39:35,0.002,2.03
route_mutation,20260623T003935_567140,of:0000000000000004:2 -> of:0000000000000009:2,0.002,0.0025,0.002,0.002,2.7,2026-06-23T00:39:35,0.002,2.7
route_mutation,20260623T003935_567140,of:0000000000000002:1 -> of:000000000000000b:4,0.002,0.0025,0.002,0.002,1.96,2026-06-23T00:39:35,0.002,2.03
route_mutation,20260623T003935_567140,of:0000000000000009:1 -> of:000000000000000c:6,0.002,0.0025,0.002,0.002,1.93,2026-06-23T00:39:35,0.002,2.03
route_mutation,20260623T004005_935545,of:0000000000000004:1 -> of:000000000000000c:4,0.001,0.00125,0.001,0.001,1.36,2026-06-23T00:40:05,0.001,1.36
route_mutation,20260623T004005_935545,of:0000000000000005:1 -> of:000000000000000c:5,0.001,0.00125,0.001,0.001,1.36,2026-06-23T00:40:05,0.001,1.36
route_mutation,20260623T004005_935545,of:000000000000000a:1 -> of:000000000000000d:6,0.001,0.00125,0.001,0.001,1.36,2026-06-23T00:40:05,0.001,1.36
route_mutation,20260623T004005_935545,of:000000000000000b:3 -> of:000000000000000d:2,0.001,0.00125,0.001,0.001,1.46,2026-06-23T00:40:05,0.001,1.46
route_mutation,20260623T004005_935545,of:000000000000000c:3 -> of:000000000000000d:3,0.001,0.00125,0.001,0.001,1.46,2026-06-23T00:40:05,0.001,1.46
route_mutation,20260623T004005_935545,of:0000000000000005:2 -> of:0000000000000009:3,0.001,0.00125,0.001,0.001,1.46,2026-06-23T00:40:05,0.001,1.46
route_mutation,20260623T004005_935545,of:0000000000000001:1 -> of:000000000000000b:1,0.002,0.0025,0.002,0.002,1.76,2026-06-23T00:40:05,0.002,1.7
route_mutation,20260623T004005_935545,of:000000000000000b:2 -> of:000000000000000c:2,0.002,0.0025,0.002,0.002,1.53,2026-06-23T00:40:05,0.002,1.53
route_mutation,20260623T004005_935545,of:0000000000000001:2 -> of:000000000000000c:1,0.002,0.0025,0.002,0.002,1.43,2026-06-23T00:40:05,0.002,1.43
route_mutation,20260623T004005_935545,of:0000000000000006:2 -> of:000000000000000a:2,0.001,0.00125,0.001,0.001,1.46,2026-06-23T00:40:05,0.001,1.46
route_mutation,20260623T004005_935545,of:0000000000000001:3 -> of:000000000000000d:1,0.001,0.00125,0.001,0.001,1.36,2026-06-23T00:40:05,0.001,1.36
route_mutation,20260623T004005_935545,of:0000000000000003:1 -> of:000000000000000b:5,0.001,0.00125,0.001,0.001,1.36,2026-06-23T00:40:05,0.001,1.36
route_mutation,20260623T004005_935545,of:0000000000000006:1 -> of:000000000000000d:4,0.001,0.00125,0.001,0.001,1.3,2026-06-23T00:40:05,0.001,1.3
route_mutation,20260623T004005_935545,of:0000000000000007:2 -> of:000000000000000a:3,0.001,0.00125,0.001,0.001,1.46,2026-06-23T00:40:05,0.001,1.46
route_mutation,20260623T004005_935545,of:0000000000000007:1 -> of:000000000000000d:5,0.001,0.00125,0.001,0.001,1.3,2026-06-23T00:40:05,0.001,1.3
route_mutation,20260623T004005_935545,of:0000000000000002:2 -> of:0000000000000008:2,0.001,0.00125,0.001,0.001,1.46,2026-06-23T00:40:05,0.001,1.46
route_mutation,20260623T004005_935545,of:0000000000000003:2 -> of:0000000000000008:3,0.001,0.00125,0.001,0.001,1.46,2026-06-23T00:40:05,0.001,1.46
route_mutation,20260623T004005_935545,of:0000000000000008:1 -> of:000000000000000b:6,0.002,0.0025,0.002,0.002,1.43,2026-06-23T00:40:05,0.002,1.43
route_mutation,20260623T004005_935545,of:0000000000000004:2 -> of:0000000000000009:2,0.001,0.00125,0.001,0.001,1.46,2026-06-23T00:40:05,0.001,1.46
route_mutation,20260623T004005_935545,of:0000000000000002:1 -> of:000000000000000b:4,0.002,0.0025,0.002,0.002,1.63,2026-06-23T00:40:05,0.002,1.7
route_mutation,20260623T004005_935545,of:0000000000000009:1 -> of:000000000000000c:6,0.002,0.0025,0.002,0.002,1.43,2026-06-23T00:40:05,0.002,1.43
ip_shuffle,20260623T004036_331110,of:0000000000000004:1 -> of:000000000000000c:4,0.002,0.0025,0.002,0.002,2.3,2026-06-23T00:40:36,0.002,2.23
ip_shuffle,20260623T004036_331110,of:0000000000000005:1 -> of:000000000000000c:5,0.002,0.0025,0.002,0.002,2.26,2026-06-23T00:40:36,0.002,2.2
ip_shuffle,20260623T004036_331110,of:000000000000000a:1 -> of:000000000000000d:6,0.001,0.00125,0.001,0.001,1.46,2026-06-23T00:40:36,0.001,1.36
ip_shuffle,20260623T004036_331110,of:000000000000000b:3 -> of:000000000000000d:2,0.002,0.0025,0.002,0.002,1.7,2026-06-23T00:40:36,0.002,1.7
ip_shuffle,20260623T004036_331110,of:000000000000000c:3 -> of:000000000000000d:3,0.002,0.0025,0.002,0.002,1.53,2026-06-23T00:40:36,0.002,1.53
ip_shuffle,20260623T004036_331110,of:0000000000000005:2 -> of:0000000000000009:3,0.002,0.0025,0.002,0.002,1.63,2026-06-23T00:40:36,0.002,1.63
ip_shuffle,20260623T004036_331110,of:0000000000000001:1 -> of:000000000000000b:1,0.003,0.00375,0.003,0.003,3.33,2026-06-23T00:40:36,0.003,3.36
ip_shuffle,20260623T004036_331110,of:000000000000000b:2 -> of:000000000000000c:2,0.002,0.0025,0.002,0.002,1.7,2026-06-23T00:40:36,0.002,1.7
ip_shuffle,20260623T004036_331110,of:0000000000000001:2 -> of:000000000000000c:1,0.003,0.00375,0.003,0.003,2.99,2026-06-23T00:40:36,0.003,3.06
ip_shuffle,20260623T004036_331110,of:0000000000000006:2 -> of:000000000000000a:2,0.002,0.0025,0.002,0.002,1.66,2026-06-23T00:40:36,0.002,1.66
ip_shuffle,20260623T004036_331110,of:0000000000000001:3 -> of:000000000000000d:1,0.002,0.0025,0.002,0.002,1.6,2026-06-23T00:40:36,0.002,1.56
ip_shuffle,20260623T004036_331110,of:0000000000000003:1 -> of:000000000000000b:5,0.002,0.0025,0.002,0.002,2.6,2026-06-23T00:40:36,0.002,2.63
ip_shuffle,20260623T004036_331110,of:0000000000000006:1 -> of:000000000000000d:4,0.002,0.0025,0.002,0.002,1.56,2026-06-23T00:40:36,0.002,1.63
ip_shuffle,20260623T004036_331110,of:0000000000000007:2 -> of:000000000000000a:3,0.002,0.0025,0.002,0.002,1.66,2026-06-23T00:40:36,0.002,1.66
ip_shuffle,20260623T004036_331110,of:0000000000000007:1 -> of:000000000000000d:5,0.002,0.0025,0.002,0.002,1.53,2026-06-23T00:40:36,0.002,1.43
ip_shuffle,20260623T004036_331110,of:0000000000000002:2 -> of:0000000000000008:2,0.002,0.0025,0.002,0.002,1.63,2026-06-23T00:40:36,0.002,1.63
ip_shuffle,20260623T004036_331110,of:0000000000000003:2 -> of:0000000000000008:3,0.002,0.0025,0.002,0.002,1.63,2026-06-23T00:40:36,0.002,1.63
ip_shuffle,20260623T004036_331110,of:0000000000000008:1 -> of:000000000000000b:6,0.002,0.0025,0.002,0.002,1.53,2026-06-23T00:40:36,0.002,1.53
ip_shuffle,20260623T004036_331110,of:0000000000000004:2 -> of:0000000000000009:2,0.002,0.0025,0.002,0.002,1.63,2026-06-23T00:40:36,0.002,1.63
ip_shuffle,20260623T004036_331110,of:0000000000000002:1 -> of:000000000000000b:4,0.002,0.0025,0.002,0.002,2.33,2026-06-23T00:40:36,0.002,2.3
ip_shuffle,20260623T004036_331110,of:0000000000000009:1 -> of:000000000000000c:6,0.001,0.00125,0.001,0.001,1.46,2026-06-23T00:40:36,0.001,1.36
route_mutation,20260623T004134_150879,of:0000000000000004:1 -> of:000000000000000c:4,0.001,0.00125,0.001,0.001,1.3,2026-06-23T00:41:34,0.001,1.33
route_mutation,20260623T004134_150879,of:0000000000000005:1 -> of:000000000000000c:5,0.001,0.00125,0.001,0.001,1.3,2026-06-23T00:41:34,0.001,1.33
route_mutation,20260623T004134_150879,of:000000000000000a:1 -> of:000000000000000d:6,0.001,0.00125,0.001,0.001,1.33,2026-06-23T00:41:34,0.001,1.33
route_mutation,20260623T004134_150879,of:000000000000000b:3 -> of:000000000000000d:2,0.001,0.00125,0.001,0.001,1.4,2026-06-23T00:41:34,0.001,1.4
route_mutation,20260623T004134_150879,of:000000000000000c:3 -> of:000000000000000d:3,0.001,0.00125,0.001,0.001,1.4,2026-06-23T00:41:34,0.001,1.4
route_mutation,20260623T004134_150879,of:0000000000000005:2 -> of:0000000000000009:3,0.001,0.00125,0.001,0.001,1.36,2026-06-23T00:41:34,0.001,1.36
route_mutation,20260623T004134_150879,of:0000000000000001:1 -> of:000000000000000b:1,0.002,0.0025,0.002,0.002,1.43,2026-06-23T00:41:34,0.002,1.46
route_mutation,20260623T004134_150879,of:000000000000000b:2 -> of:000000000000000c:2,0.002,0.0025,0.002,0.002,1.46,2026-06-23T00:41:34,0.002,1.46
route_mutation,20260623T004134_150879,of:0000000000000001:2 -> of:000000000000000c:1,0.002,0.0025,0.002,0.002,1.4,2026-06-23T00:41:34,0.001,1.36
route_mutation,20260623T004134_150879,of:0000000000000006:2 -> of:000000000000000a:2,0.001,0.00125,0.001,0.001,1.36,2026-06-23T00:41:34,0.001,1.36
route_mutation,20260623T004134_150879,of:0000000000000001:3 -> of:000000000000000d:1,0.002,0.0025,0.002,0.001,1.4,2026-06-23T00:41:34,0.002,1.56
route_mutation,20260623T004134_150879,of:0000000000000003:1 -> of:000000000000000b:5,0.001,0.00125,0.001,0.001,1.3,2026-06-23T00:41:34,0.001,1.33
route_mutation,20260623T004134_150879,of:0000000000000006:1 -> of:000000000000000d:4,0.001,0.00125,0.001,0.001,1.23,2026-06-23T00:41:34,0.001,1.26
route_mutation,20260623T004134_150879,of:0000000000000007:2 -> of:000000000000000a:3,0.002,0.0025,0.002,0.002,1.46,2026-06-23T00:41:34,0.002,1.46
route_mutation,20260623T004134_150879,of:0000000000000007:1 -> of:000000000000000d:5,0.002,0.0025,0.002,0.002,1.6,2026-06-23T00:41:34,0.001,1.4
route_mutation,20260623T004134_150879,of:0000000000000002:2 -> of:0000000000000008:2,0.001,0.00125,0.001,0.001,1.36,2026-06-23T00:41:34,0.001,1.36
route_mutation,20260623T004134_150879,of:0000000000000003:2 -> of:0000000000000008:3,0.001,0.00125,0.001,0.001,1.36,2026-06-23T00:41:34,0.001,1.36
route_mutation,20260623T004134_150879,of:0000000000000008:1 -> of:000000000000000b:6,0.002,0.0025,0.002,0.002,1.4,2026-06-23T00:41:34,0.002,1.4
route_mutation,20260623T004134_150879,of:0000000000000004:2 -> of:0000000000000009:2,0.001,0.00125,0.001,0.001,1.36,2026-06-23T00:41:34,0.001,1.36
route_mutation,20260623T004134_150879,of:0000000000000002:1 -> of:000000000000000b:4,0.001,0.00125,0.001,0.001,1.4,2026-06-23T00:41:34,0.001,1.36
route_mutation,20260623T004134_150879,of:0000000000000009:1 -> of:000000000000000c:6,0.002,0.0025,0.002,0.002,1.4,2026-06-23T00:41:34,0.002,1.4
route_mutation,20260623T004204_589163,of:0000000000000004:1 -> of:000000000000000c:4,0.002,0.0025,0.002,0.002,2.35,2026-06-23T00:42:04,0.002,2.39
route_mutation,20260623T004204_589163,of:0000000000000005:1 -> of:000000000000000c:5,0.002,0.0025,0.002,0.002,2.09,2026-06-23T00:42:04,0.002,2.12
route_mutation,20260623T004204_589163,of:000000000000000a:1 -> of:000000000000000d:6,0.001,0.00125,0.001,0.001,1.39,2026-06-23T00:42:04,0.001,1.46
route_mutation,20260623T004204_589163,of:000000000000000b:3 -> of:000000000000000d:2,0.002,0.0025,0.002,0.002,1.59,2026-06-23T00:42:04,0.002,1.59
route_mutation,20260623T004204_589163,of:000000000000000c:3 -> of:000000000000000d:3,0.002,0.0025,0.002,0.002,1.79,2026-06-23T00:42:04,0.002,1.79
route_mutation,20260623T004204_589163,of:0000000000000005:2 -> of:0000000000000009:3,0.002,0.0025,0.002,0.002,1.56,2026-06-23T00:42:04,0.002,1.56
route_mutation,20260623T004204_589163,of:0000000000000001:1 -> of:000000000000000b:1,0.003,0.00375,0.003,0.003,3.41,2026-06-23T00:42:04,0.003,3.38
route_mutation,20260623T004204_589163,of:000000000000000b:2 -> of:000000000000000c:2,0.002,0.0025,0.002,0.002,1.66,2026-06-23T00:42:04,0.002,1.66
route_mutation,20260623T004204_589163,of:0000000000000001:2 -> of:000000000000000c:1,0.003,0.00375,0.003,0.003,2.85,2026-06-23T00:42:04,0.003,2.82
route_mutation,20260623T004204_589163,of:0000000000000006:2 -> of:000000000000000a:2,0.002,0.0025,0.002,0.002,1.56,2026-06-23T00:42:04,0.002,1.56
route_mutation,20260623T004204_589163,of:0000000000000001:3 -> of:000000000000000d:1,0.002,0.0025,0.002,0.002,1.52,2026-06-23T00:42:04,0.002,1.49
route_mutation,20260623T004204_589163,of:0000000000000003:1 -> of:000000000000000b:5,0.002,0.0025,0.002,0.002,2.45,2026-06-23T00:42:04,0.002,2.42
route_mutation,20260623T004204_589163,of:0000000000000006:1 -> of:000000000000000d:4,0.002,0.0025,0.002,0.002,1.49,2026-06-23T00:42:04,0.002,1.52
route_mutation,20260623T004204_589163,of:0000000000000007:2 -> of:000000000000000a:3,0.001,0.00125,0.001,0.001,1.46,2026-06-23T00:42:04,0.001,1.46
route_mutation,20260623T004204_589163,of:0000000000000007:1 -> of:000000000000000d:5,0.001,0.00125,0.001,0.001,1.39,2026-06-23T00:42:04,0.001,1.46
route_mutation,20260623T004204_589163,of:0000000000000002:2 -> of:0000000000000008:2,0.002,0.0025,0.002,0.002,1.56,2026-06-23T00:42:04,0.002,1.56
route_mutation,20260623T004204_589163,of:0000000000000003:2 -> of:0000000000000008:3,0.002,0.0025,0.002,0.002,1.56,2026-06-23T00:42:04,0.002,1.56
route_mutation,20260623T004204_589163,of:0000000000000008:1 -> of:000000000000000b:6,0.001,0.00125,0.001,0.001,1.33,2026-06-23T00:42:04,0.001,1.33
route_mutation,20260623T004204_589163,of:0000000000000004:2 -> of:0000000000000009:2,0.002,0.0025,0.002,0.002,1.56,2026-06-23T00:42:04,0.002,1.56
route_mutation,20260623T004204_589163,of:0000000000000002:1 -> of:000000000000000b:4,0.002,0.0025,0.002,0.002,2.35,2026-06-23T00:42:04,0.002,2.39
route_mutation,20260623T004204_589163,of:0000000000000009:1 -> of:000000000000000c:6,0.002,0.0025,0.002,0.002,1.46,2026-06-23T00:42:04,0.002,1.52
ip_shuffle,20260623T004235_029437,of:0000000000000004:1 -> of:000000000000000c:4,0.002,0.0025,0.002,0.002,1.83,2026-06-23T00:42:35,0.002,1.86
ip_shuffle,20260623T004235_029437,of:0000000000000005:1 -> of:000000000000000c:5,0.002,0.0025,0.002,0.002,2.1,2026-06-23T00:42:35,0.002,2.13
ip_shuffle,20260623T004235_029437,of:000000000000000a:1 -> of:000000000000000d:6,0.002,0.0025,0.002,0.002,1.86,2026-06-23T00:42:35,0.002,1.73
ip_shuffle,20260623T004235_029437,of:000000000000000b:3 -> of:000000000000000d:2,0.002,0.0025,0.002,0.002,2.26,2026-06-23T00:42:35,0.002,2.26
ip_shuffle,20260623T004235_029437,of:000000000000000c:3 -> of:000000000000000d:3,0.002,0.0025,0.002,0.002,2.26,2026-06-23T00:42:35,0.002,2.26
ip_shuffle,20260623T004235_029437,of:0000000000000005:2 -> of:0000000000000009:3,0.002,0.0025,0.002,0.002,2.36,2026-06-23T00:42:35,0.002,2.36
ip_shuffle,20260623T004235_029437,of:0000000000000001:1 -> of:000000000000000b:1,0.002,0.0025,0.002,0.002,1.8,2026-06-23T00:42:35,0.002,1.73
ip_shuffle,20260623T004235_029437,of:000000000000000b:2 -> of:000000000000000c:2,0.002,0.0025,0.002,0.002,2.4,2026-06-23T00:42:35,0.002,2.4
ip_shuffle,20260623T004235_029437,of:0000000000000001:2 -> of:000000000000000c:1,0.002,0.0025,0.002,0.002,2.13,2026-06-23T00:42:35,0.002,2.06
ip_shuffle,20260623T004235_029437,of:0000000000000006:2 -> of:000000000000000a:2,0.002,0.0025,0.002,0.002,2.36,2026-06-23T00:42:35,0.002,2.36
ip_shuffle,20260623T004235_029437,of:0000000000000001:3 -> of:000000000000000d:1,0.003,0.00375,0.003,0.003,2.99,2026-06-23T00:42:35,0.003,2.93
ip_shuffle,20260623T004235_029437,of:0000000000000003:1 -> of:000000000000000b:5,0.002,0.0025,0.002,0.002,1.83,2026-06-23T00:42:35,0.002,1.86
ip_shuffle,20260623T004235_029437,of:0000000000000006:1 -> of:000000000000000d:4,0.003,0.00375,0.003,0.003,3.06,2026-06-23T00:42:35,0.003,2.96
ip_shuffle,20260623T004235_029437,of:0000000000000007:2 -> of:000000000000000a:3,0.002,0.0025,0.002,0.002,2.36,2026-06-23T00:42:35,0.002,2.36
ip_shuffle,20260623T004235_029437,of:0000000000000007:1 -> of:000000000000000d:5,0.002,0.0025,0.002,0.002,1.93,2026-06-23T00:42:35,0.002,2.06
ip_shuffle,20260623T004235_029437,of:0000000000000002:2 -> of:0000000000000008:2,0.002,0.0025,0.002,0.002,2.36,2026-06-23T00:42:35,0.002,2.36
ip_shuffle,20260623T004235_029437,of:0000000000000003:2 -> of:0000000000000008:3,0.002,0.0025,0.002,0.002,2.36,2026-06-23T00:42:35,0.002,2.36
ip_shuffle,20260623T004235_029437,of:0000000000000008:1 -> of:000000000000000b:6,0.002,0.0025,0.002,0.002,1.86,2026-06-23T00:42:35,0.002,1.86
ip_shuffle,20260623T004235_029437,of:0000000000000004:2 -> of:0000000000000009:2,0.002,0.0025,0.002,0.002,2.36,2026-06-23T00:42:35,0.002,2.36
ip_shuffle,20260623T004235_029437,of:0000000000000002:1 -> of:000000000000000b:4,0.002,0.0025,0.002,0.002,1.83,2026-06-23T00:42:35,0.002,1.86
ip_shuffle,20260623T004235_029437,of:0000000000000009:1 -> of:000000000000000c:6,0.002,0.0025,0.002,0.002,1.86,2026-06-23T00:42:35,0.002,1.86
ip_shuffle,20260623T004332_912289,of:0000000000000004:1 -> of:000000000000000c:4,0.001,0.00125,0.001,0.001,1.36,2026-06-23T00:43:32,0.001,1.43
ip_shuffle,20260623T004332_912289,of:0000000000000005:1 -> of:000000000000000c:5,0.001,0.00125,0.001,0.001,1.36,2026-06-23T00:43:32,0.001,1.43
ip_shuffle,20260623T004332_912289,of:000000000000000a:1 -> of:000000000000000d:6,0.001,0.00125,0.001,0.001,1.4,2026-06-23T00:43:32,0.001,1.36
ip_shuffle,20260623T004332_912289,of:000000000000000b:3 -> of:000000000000000d:2,0.002,0.0025,0.002,0.002,1.53,2026-06-23T00:43:32,0.002,1.53
ip_shuffle,20260623T004332_912289,of:000000000000000c:3 -> of:000000000000000d:3,0.002,0.0025,0.002,0.002,1.53,2026-06-23T00:43:32,0.002,1.53
ip_shuffle,20260623T004332_912289,of:0000000000000005:2 -> of:0000000000000009:3,0.001,0.00125,0.001,0.001,1.5,2026-06-23T00:43:32,0.001,1.5
ip_shuffle,20260623T004332_912289,of:0000000000000001:1 -> of:000000000000000b:1,0.003,0.00375,0.003,0.003,3.23,2026-06-23T00:43:32,0.003,3.26
ip_shuffle,20260623T004332_912289,of:000000000000000b:2 -> of:000000000000000c:2,0.001,0.00125,0.001,0.001,1.53,2026-06-23T00:43:32,0.001,1.53
ip_shuffle,20260623T004332_912289,of:0000000000000001:2 -> of:000000000000000c:1,0.001,0.00125,0.001,0.001,1.43,2026-06-23T00:43:32,0.001,1.36
ip_shuffle,20260623T004332_912289,of:0000000000000006:2 -> of:000000000000000a:2,0.002,0.0025,0.002,0.002,1.53,2026-06-23T00:43:32,0.002,1.53
ip_shuffle,20260623T004332_912289,of:0000000000000001:3 -> of:000000000000000d:1,0.002,0.0025,0.002,0.002,1.43,2026-06-23T00:43:32,0.002,1.43
ip_shuffle,20260623T004332_912289,of:0000000000000003:1 -> of:000000000000000b:5,0.002,0.0025,0.002,0.002,2.23,2026-06-23T00:43:32,0.002,2.2
ip_shuffle,20260623T004332_912289,of:0000000000000006:1 -> of:000000000000000d:4,0.002,0.0025,0.002,0.002,1.46,2026-06-23T00:43:32,0.002,1.43
ip_shuffle,20260623T004332_912289,of:0000000000000007:2 -> of:000000000000000a:3,0.001,0.00125,0.001,0.001,1.46,2026-06-23T00:43:32,0.001,1.46
ip_shuffle,20260623T004332_912289,of:0000000000000007:1 -> of:000000000000000d:5,0.001,0.00125,0.001,0.001,1.4,2026-06-23T00:43:32,0.001,1.36
ip_shuffle,20260623T004332_912289,of:0000000000000002:2 -> of:0000000000000008:2,0.001,0.00125,0.001,0.001,1.5,2026-06-23T00:43:32,0.001,1.5
ip_shuffle,20260623T004332_912289,of:0000000000000003:2 -> of:0000000000000008:3,0.001,0.00125,0.001,0.001,1.5,2026-06-23T00:43:32,0.001,1.5
ip_shuffle,20260623T004332_912289,of:0000000000000008:1 -> of:000000000000000b:6,0.001,0.00125,0.001,0.001,1.33,2026-06-23T00:43:32,0.001,1.36
ip_shuffle,20260623T004332_912289,of:0000000000000004:2 -> of:0000000000000009:2,0.001,0.00125,0.001,0.001,1.5,2026-06-23T00:43:32,0.001,1.5
ip_shuffle,20260623T004332_912289,of:0000000000000002:1 -> of:000000000000000b:4,0.002,0.0025,0.002,0.002,2.4,2026-06-23T00:43:32,0.002,2.46
ip_shuffle,20260623T004332_912289,of:0000000000000009:1 -> of:000000000000000c:6,0.001,0.00125,0.001,0.001,1.33,2026-06-23T00:43:32,0.001,1.36
ip_shuffle,20260623T004443_857004,of:0000000000000004:1 -> of:000000000000000c:4,0.002,0.0025,0.002,0.002,1.8,2026-06-23T00:44:43,0.002,1.76
ip_shuffle,20260623T004443_857004,of:0000000000000005:1 -> of:000000000000000c:5,0.002,0.0025,0.002,0.002,1.8,2026-06-23T00:44:43,0.002,1.76
ip_shuffle,20260623T004443_857004,of:000000000000000a:1 -> of:000000000000000d:6,0.002,0.0025,0.002,0.002,1.76,2026-06-23T00:44:43,0.002,1.96
ip_shuffle,20260623T004443_857004,of:000000000000000b:3 -> of:000000000000000d:2,0.002,0.0025,0.002,0.002,2.46,2026-06-23T00:44:43,0.002,2.46
ip_shuffle,20260623T004443_857004,of:000000000000000c:3 -> of:000000000000000d:3,0.002,0.0025,0.002,0.002,2.46,2026-06-23T00:44:43,0.002,2.46
ip_shuffle,20260623T004443_857004,of:0000000000000005:2 -> of:0000000000000009:3,0.002,0.0025,0.002,0.002,2.3,2026-06-23T00:44:43,0.002,2.3
ip_shuffle,20260623T004443_857004,of:0000000000000001:1 -> of:000000000000000b:1,0.002,0.0025,0.002,0.002,1.76,2026-06-23T00:44:43,0.002,1.9
ip_shuffle,20260623T004443_857004,of:000000000000000b:2 -> of:000000000000000c:2,0.002,0.0025,0.002,0.002,2.33,2026-06-23T00:44:43,0.002,2.33
ip_shuffle,20260623T004443_857004,of:0000000000000001:2 -> of:000000000000000c:1,0.002,0.0025,0.002,0.002,1.76,2026-06-23T00:44:43,0.002,1.9
ip_shuffle,20260623T004443_857004,of:0000000000000006:2 -> of:000000000000000a:2,0.002,0.0025,0.002,0.002,2.3,2026-06-23T00:44:43,0.002,2.3
ip_shuffle,20260623T004443_857004,of:0000000000000001:3 -> of:000000000000000d:1,0.003,0.00375,0.003,0.003,4.06,2026-06-23T00:44:43,0.003,4.19
ip_shuffle,20260623T004443_857004,of:0000000000000003:1 -> of:000000000000000b:5,0.002,0.0025,0.002,0.002,1.8,2026-06-23T00:44:43,0.002,1.76
ip_shuffle,20260623T004443_857004,of:0000000000000006:1 -> of:000000000000000d:4,0.002,0.0025,0.002,0.002,2.13,2026-06-23T00:44:43,0.002,2.06
ip_shuffle,20260623T004443_857004,of:0000000000000007:2 -> of:000000000000000a:3,0.002,0.0025,0.002,0.002,2.36,2026-06-23T00:44:43,0.002,2.36
ip_shuffle,20260623T004443_857004,of:0000000000000007:1 -> of:000000000000000d:5,0.003,0.00375,0.003,0.003,3.76,2026-06-23T00:44:43,0.003,3.76
ip_shuffle,20260623T004443_857004,of:0000000000000002:2 -> of:0000000000000008:2,0.002,0.0025,0.002,0.002,2.3,2026-06-23T00:44:43,0.002,2.3
ip_shuffle,20260623T004443_857004,of:0000000000000003:2 -> of:0000000000000008:3,0.002,0.0025,0.002,0.002,2.3,2026-06-23T00:44:43,0.002,2.3
ip_shuffle,20260623T004443_857004,of:0000000000000008:1 -> of:000000000000000b:6,0.002,0.0025,0.002,0.002,1.83,2026-06-23T00:44:43,0.002,1.83
ip_shuffle,20260623T004443_857004,of:0000000000000004:2 -> of:0000000000000009:2,0.002,0.0025,0.002,0.002,2.3,2026-06-23T00:44:43,0.002,2.3
ip_shuffle,20260623T004443_857004,of:0000000000000002:1 -> of:000000000000000b:4,0.002,0.0025,0.002,0.002,1.8,2026-06-23T00:44:43,0.002,1.76
ip_shuffle,20260623T004443_857004,of:0000000000000009:1 -> of:000000000000000c:6,0.002,0.0025,0.002,0.002,1.83,2026-06-23T00:44:43,0.002,1.83
route_mutation,20260623T004548_199335,of:0000000000000004:1 -> of:000000000000000c:4,0.002,0.0025,0.002,0.002,2.43,2026-06-23T00:45:48,0.002,2.43
route_mutation,20260623T004548_199335,of:0000000000000005:1 -> of:000000000000000c:5,0.002,0.0025,0.002,0.002,2.43,2026-06-23T00:45:48,0.002,2.43
route_mutation,20260623T004548_199335,of:000000000000000a:1 -> of:000000000000000d:6,0.002,0.0025,0.002,0.002,1.76,2026-06-23T00:45:48,0.002,1.86
route_mutation,20260623T004548_199335,of:000000000000000b:3 -> of:000000000000000d:2,0.002,0.0025,0.002,0.002,2.23,2026-06-23T00:45:48,0.002,2.23
route_mutation,20260623T004548_199335,of:000000000000000c:3 -> of:000000000000000d:3,0.002,0.0025,0.002,0.002,2.16,2026-06-23T00:45:48,0.002,2.16
route_mutation,20260623T004548_199335,of:0000000000000005:2 -> of:0000000000000009:3,0.002,0.0025,0.002,0.002,2.1,2026-06-23T00:45:48,0.002,2.1
route_mutation,20260623T004548_199335,of:0000000000000001:1 -> of:000000000000000b:1,0.002,0.0025,0.002,0.002,2.6,2026-06-23T00:45:48,0.002,2.6
route_mutation,20260623T004548_199335,of:000000000000000b:2 -> of:000000000000000c:2,0.002,0.0025,0.002,0.002,2.0,2026-06-23T00:45:48,0.002,2.0
route_mutation,20260623T004548_199335,of:0000000000000001:2 -> of:000000000000000c:1,0.003,0.00375,0.003,0.003,3.23,2026-06-23T00:45:48,0.003,3.23
route_mutation,20260623T004548_199335,of:0000000000000006:2 -> of:000000000000000a:2,0.002,0.0025,0.002,0.002,2.06,2026-06-23T00:45:48,0.002,2.06
route_mutation,20260623T004548_199335,of:0000000000000001:3 -> of:000000000000000d:1,0.003,0.00375,0.003,0.003,3.46,2026-06-23T00:45:48,0.003,3.56
route_mutation,20260623T004548_199335,of:0000000000000003:1 -> of:000000000000000b:5,0.002,0.0025,0.002,0.002,2.6,2026-06-23T00:45:48,0.002,2.6
route_mutation,20260623T004548_199335,of:0000000000000006:1 -> of:000000000000000d:4,0.002,0.0025,0.002,0.002,2.5,2026-06-23T00:45:48,0.002,2.5
route_mutation,20260623T004548_199335,of:0000000000000007:2 -> of:000000000000000a:3,0.002,0.0025,0.002,0.002,2.06,2026-06-23T00:45:48,0.002,2.06
route_mutation,20260623T004548_199335,of:0000000000000007:1 -> of:000000000000000d:5,0.002,0.0025,0.002,0.002,2.9,2026-06-23T00:45:48,0.002,2.93
route_mutation,20260623T004548_199335,of:0000000000000002:2 -> of:0000000000000008:2,0.002,0.0025,0.002,0.002,2.06,2026-06-23T00:45:48,0.002,2.06
route_mutation,20260623T004548_199335,of:0000000000000003:2 -> of:0000000000000008:3,0.002,0.0025,0.002,0.002,2.06,2026-06-23T00:45:48,0.002,2.06
route_mutation,20260623T004548_199335,of:0000000000000008:1 -> of:000000000000000b:6,0.002,0.0025,0.002,0.002,1.7,2026-06-23T00:45:48,0.002,1.7
route_mutation,20260623T004548_199335,of:0000000000000004:2 -> of:0000000000000009:2,0.002,0.0025,0.002,0.002,2.1,2026-06-23T00:45:48,0.002,2.1
route_mutation,20260623T004548_199335,of:0000000000000002:1 -> of:000000000000000b:4,0.002,0.0025,0.002,0.002,1.7,2026-06-23T00:45:48,0.002,1.7
route_mutation,20260623T004548_199335,of:0000000000000009:1 -> of:000000000000000c:6,0.002,0.0025,0.002,0.002,1.63,2026-06-23T00:45:48,0.002,1.63
ip_shuffle,20260623T004618_606979,of:0000000000000004:1 -> of:000000000000000c:4,0.002,0.0025,0.002,0.002,2.0,2026-06-23T00:46:18,0.002,2.0
ip_shuffle,20260623T004618_606979,of:0000000000000005:1 -> of:000000000000000c:5,0.002,0.0025,0.002,0.002,2.0,2026-06-23T00:46:18,0.002,2.0
ip_shuffle,20260623T004618_606979,of:000000000000000a:1 -> of:000000000000000d:6,0.002,0.0025,0.002,0.002,2.06,2026-06-23T00:46:18,0.002,2.03
ip_shuffle,20260623T004618_606979,of:000000000000000b:3 -> of:000000000000000d:2,0.002,0.0025,0.002,0.002,2.76,2026-06-23T00:46:18,0.002,2.76
ip_shuffle,20260623T004618_606979,of:000000000000000c:3 -> of:000000000000000d:3,0.002,0.0025,0.002,0.002,2.76,2026-06-23T00:46:18,0.002,2.76
ip_shuffle,20260623T004618_606979,of:0000000000000005:2 -> of:0000000000000009:3,0.002,0.0025,0.002,0.002,2.73,2026-06-23T00:46:18,0.002,2.73
ip_shuffle,20260623T004618_606979,of:0000000000000001:1 -> of:000000000000000b:1,0.002,0.0025,0.002,0.002,2.0,2026-06-23T00:46:18,0.002,2.0
ip_shuffle,20260623T004618_606979,of:000000000000000b:2 -> of:000000000000000c:2,0.002,0.0025,0.002,0.002,2.79,2026-06-23T00:46:18,0.002,2.79
ip_shuffle,20260623T004618_606979,of:0000000000000001:2 -> of:000000000000000c:1,0.002,0.0025,0.002,0.002,2.0,2026-06-23T00:46:18,0.002,2.0
ip_shuffle,20260623T004618_606979,of:0000000000000006:2 -> of:000000000000000a:2,0.002,0.0025,0.002,0.002,2.79,2026-06-23T00:46:18,0.002,2.79
ip_shuffle,20260623T004618_606979,of:0000000000000001:3 -> of:000000000000000d:1,0.003,0.00375,0.003,0.003,4.06,2026-06-23T00:46:18,0.003,3.99
ip_shuffle,20260623T004618_606979,of:0000000000000003:1 -> of:000000000000000b:5,0.002,0.0025,0.002,0.002,2.0,2026-06-23T00:46:18,0.002,2.0
ip_shuffle,20260623T004618_606979,of:0000000000000006:1 -> of:000000000000000d:4,0.002,0.0025,0.002,0.002,2.6,2026-06-23T00:46:18,0.002,2.63
ip_shuffle,20260623T004618_606979,of:0000000000000007:2 -> of:000000000000000a:3,0.002,0.0025,0.002,0.002,2.79,2026-06-23T00:46:18,0.002,2.79
ip_shuffle,20260623T004618_606979,of:0000000000000007:1 -> of:000000000000000d:5,0.003,0.00375,0.003,0.003,3.46,2026-06-23T00:46:18,0.003,3.43
ip_shuffle,20260623T004618_606979,of:0000000000000002:2 -> of:0000000000000008:2,0.002,0.0025,0.002,0.002,2.73,2026-06-23T00:46:18,0.002,2.73
ip_shuffle,20260623T004618_606979,of:0000000000000003:2 -> of:0000000000000008:3,0.002,0.0025,0.002,0.002,2.73,2026-06-23T00:46:18,0.002,2.73
ip_shuffle,20260623T004618_606979,of:0000000000000008:1 -> of:000000000000000b:6,0.002,0.0025,0.002,0.002,2.06,2026-06-23T00:46:18,0.002,2.06
ip_shuffle,20260623T004618_606979,of:0000000000000004:2 -> of:0000000000000009:2,0.002,0.0025,0.002,0.002,2.73,2026-06-23T00:46:18,0.002,2.73
ip_shuffle,20260623T004618_606979,of:0000000000000002:1 -> of:000000000000000b:4,0.002,0.0025,0.002,0.002,2.0,2026-06-23T00:46:18,0.002,2.0
ip_shuffle,20260623T004618_606979,of:0000000000000009:1 -> of:000000000000000c:6,0.002,0.0025,0.002,0.002,2.06,2026-06-23T00:46:18,0.002,2.06
route_mutation,20260623T004716_436850,of:0000000000000004:1 -> of:000000000000000c:4,0.002,0.0025,0.002,0.002,2.26,2026-06-23T00:47:16,0.002,2.33
route_mutation,20260623T004716_436850,of:0000000000000005:1 -> of:000000000000000c:5,0.002,0.0025,0.002,0.002,2.26,2026-06-23T00:47:16,0.002,2.33
route_mutation,20260623T004716_436850,of:000000000000000a:1 -> of:000000000000000d:6,0.002,0.0025,0.002,0.001,1.5,2026-06-23T00:47:16,0.002,1.53
route_mutation,20260623T004716_436850,of:000000000000000b:3 -> of:000000000000000d:2,0.002,0.0025,0.002,0.002,1.76,2026-06-23T00:47:16,0.002,1.76
route_mutation,20260623T004716_436850,of:000000000000000c:3 -> of:000000000000000d:3,0.002,0.0025,0.002,0.002,1.73,2026-06-23T00:47:16,0.002,1.73
route_mutation,20260623T004716_436850,of:0000000000000005:2 -> of:0000000000000009:3,0.002,0.0025,0.002,0.002,1.76,2026-06-23T00:47:16,0.002,1.76
route_mutation,20260623T004716_436850,of:0000000000000001:1 -> of:000000000000000b:1,0.003,0.00375,0.003,0.003,3.16,2026-06-23T00:47:16,0.003,3.13
route_mutation,20260623T004716_436850,of:000000000000000b:2 -> of:000000000000000c:2,0.002,0.0025,0.002,0.002,1.76,2026-06-23T00:47:16,0.002,1.76
route_mutation,20260623T004716_436850,of:0000000000000001:2 -> of:000000000000000c:1,0.003,0.00375,0.003,0.003,3.13,2026-06-23T00:47:16,0.003,3.06
route_mutation,20260623T004716_436850,of:0000000000000006:2 -> of:000000000000000a:2,0.002,0.0025,0.002,0.002,1.8,2026-06-23T00:47:16,0.002,1.8
route_mutation,20260623T004716_436850,of:0000000000000001:3 -> of:000000000000000d:1,0.002,0.0025,0.002,0.002,2.3,2026-06-23T00:47:16,0.002,2.36
route_mutation,20260623T004716_436850,of:0000000000000003:1 -> of:000000000000000b:5,0.002,0.0025,0.002,0.002,2.56,2026-06-23T00:47:16,0.002,2.59
route_mutation,20260623T004716_436850,of:0000000000000006:1 -> of:000000000000000d:4,0.002,0.0025,0.002,0.002,2.43,2026-06-23T00:47:16,0.002,2.4
route_mutation,20260623T004716_436850,of:0000000000000007:2 -> of:000000000000000a:3,0.002,0.0025,0.002,0.002,1.8,2026-06-23T00:47:16,0.002,1.8
route_mutation,20260623T004716_436850,of:0000000000000007:1 -> of:000000000000000d:5,0.002,0.0025,0.002,0.002,1.6,2026-06-23T00:47:16,0.002,1.63
route_mutation,20260623T004716_436850,of:0000000000000002:2 -> of:0000000000000008:2,0.002,0.0025,0.002,0.002,1.76,2026-06-23T00:47:16,0.002,1.76
route_mutation,20260623T004716_436850,of:0000000000000003:2 -> of:0000000000000008:3,0.002,0.0025,0.002,0.002,1.76,2026-06-23T00:47:16,0.002,1.76
route_mutation,20260623T004716_436850,of:0000000000000008:1 -> of:000000000000000b:6,0.002,0.0025,0.002,0.002,1.56,2026-06-23T00:47:16,0.002,1.56
route_mutation,20260623T004716_436850,of:0000000000000004:2 -> of:0000000000000009:2,0.002,0.0025,0.002,0.002,1.76,2026-06-23T00:47:16,0.002,1.76
route_mutation,20260623T004716_436850,of:0000000000000002:1 -> of:000000000000000b:4,0.002,0.0025,0.002,0.002,2.1,2026-06-23T00:47:16,0.002,2.13
route_mutation,20260623T004716_436850,of:0000000000000009:1 -> of:000000000000000c:6,0.002,0.0025,0.002,0.001,1.5,2026-06-23T00:47:16,0.002,1.53
ip_shuffle,20260623T004746_672143,of:0000000000000004:1 -> of:000000000000000c:4,0.002,0.0025,0.002,0.002,2.13,2026-06-23T00:47:46,0.002,2.06
ip_shuffle,20260623T004746_672143,of:0000000000000005:1 -> of:000000000000000c:5,0.002,0.0025,0.002,0.002,2.13,2026-06-23T00:47:46,0.002,2.06
ip_shuffle,20260623T004746_672143,of:000000000000000a:1 -> of:000000000000000d:6,0.002,0.0025,0.002,0.002,2.16,2026-06-23T00:47:46,0.002,2.13
ip_shuffle,20260623T004746_672143,of:000000000000000b:3 -> of:000000000000000d:2,0.002,0.0025,0.002,0.002,2.96,2026-06-23T00:47:46,0.002,2.96
ip_shuffle,20260623T004746_672143,of:000000000000000c:3 -> of:000000000000000d:3,0.002,0.0025,0.002,0.002,2.93,2026-06-23T00:47:46,0.002,2.93
ip_shuffle,20260623T004746_672143,of:0000000000000005:2 -> of:0000000000000009:3,0.002,0.0025,0.002,0.002,2.96,2026-06-23T00:47:46,0.002,2.96
ip_shuffle,20260623T004746_672143,of:0000000000000001:1 -> of:000000000000000b:1,0.002,0.0025,0.002,0.002,2.1,2026-06-23T00:47:46,0.002,2.13
ip_shuffle,20260623T004746_672143,of:000000000000000b:2 -> of:000000000000000c:2,0.002,0.0025,0.002,0.002,2.96,2026-06-23T00:47:46,0.002,2.96
ip_shuffle,20260623T004746_672143,of:0000000000000001:2 -> of:000000000000000c:1,0.002,0.0025,0.002,0.002,2.06,2026-06-23T00:47:46,0.002,2.13
ip_shuffle,20260623T004746_672143,of:0000000000000006:2 -> of:000000000000000a:2,0.002,0.0025,0.002,0.002,2.99,2026-06-23T00:47:46,0.002,2.99
ip_shuffle,20260623T004746_672143,of:0000000000000001:3 -> of:000000000000000d:1,0.003,0.00375,0.003,0.003,4.29,2026-06-23T00:47:46,0.003,4.29
ip_shuffle,20260623T004746_672143,of:0000000000000003:1 -> of:000000000000000b:5,0.002,0.0025,0.002,0.002,2.13,2026-06-23T00:47:46,0.002,2.1
ip_shuffle,20260623T004746_672143,of:0000000000000006:1 -> of:000000000000000d:4,0.002,0.0025,0.002,0.002,3.03,2026-06-23T00:47:46,0.002,3.06
ip_shuffle,20260623T004746_672143,of:0000000000000007:2 -> of:000000000000000a:3,0.002,0.0025,0.002,0.002,2.99,2026-06-23T00:47:46,0.002,2.99
ip_shuffle,20260623T004746_672143,of:0000000000000007:1 -> of:000000000000000d:5,0.003,0.00375,0.003,0.003,3.49,2026-06-23T00:47:46,0.003,3.46
ip_shuffle,20260623T004746_672143,of:0000000000000002:2 -> of:0000000000000008:2,0.002,0.0025,0.002,0.002,2.96,2026-06-23T00:47:46,0.002,2.96
ip_shuffle,20260623T004746_672143,of:0000000000000003:2 -> of:0000000000000008:3,0.002,0.0025,0.002,0.002,2.96,2026-06-23T00:47:46,0.002,2.96
ip_shuffle,20260623T004746_672143,of:0000000000000008:1 -> of:000000000000000b:6,0.002,0.0025,0.002,0.002,2.16,2026-06-23T00:47:46,0.002,2.16
ip_shuffle,20260623T004746_672143,of:0000000000000004:2 -> of:0000000000000009:2,0.002,0.0025,0.002,0.002,2.96,2026-06-23T00:47:46,0.002,2.96
ip_shuffle,20260623T004746_672143,of:0000000000000002:1 -> of:000000000000000b:4,0.002,0.0025,0.002,0.002,2.13,2026-06-23T00:47:46,0.002,2.1
ip_shuffle,20260623T004746_672143,of:0000000000000009:1 -> of:000000000000000c:6,0.002,0.0025,0.002,0.002,2.16,2026-06-23T00:47:46,0.002,2.13
route_mutation,20260623T004844_636153,of:0000000000000004:1 -> of:000000000000000c:4,0.002,0.0025,0.002,0.002,2.3,2026-06-23T00:48:44,0.002,2.2
route_mutation,20260623T004844_636153,of:0000000000000005:1 -> of:000000000000000c:5,0.002,0.0025,0.002,0.002,1.9,2026-06-23T00:48:44,0.002,1.8
route_mutation,20260623T004844_636153,of:000000000000000a:1 -> of:000000000000000d:6,0.001,0.00125,0.001,0.001,1.43,2026-06-23T00:48:44,0.001,1.4
route_mutation,20260623T004844_636153,of:000000000000000b:3 -> of:000000000000000d:2,0.001,0.00125,0.001,0.001,1.5,2026-06-23T00:48:44,0.001,1.5
route_mutation,20260623T004844_636153,of:000000000000000c:3 -> of:000000000000000d:3,0.001,0.00125,0.001,0.001,1.46,2026-06-23T00:48:44,0.001,1.46
route_mutation,20260623T004844_636153,of:0000000000000005:2 -> of:0000000000000009:3,0.002,0.0025,0.002,0.002,1.73,2026-06-23T00:48:44,0.002,1.73
route_mutation,20260623T004844_636153,of:0000000000000001:1 -> of:000000000000000b:1,0.003,0.00375,0.003,0.003,3.49,2026-06-23T00:48:44,0.003,3.56
route_mutation,20260623T004844_636153,of:000000000000000b:2 -> of:000000000000000c:2,0.001,0.00125,0.001,0.001,1.5,2026-06-23T00:48:44,0.001,1.5
route_mutation,20260623T004844_636153,of:0000000000000001:2 -> of:000000000000000c:1,0.002,0.0025,0.002,0.002,2.53,2026-06-23T00:48:44,0.002,2.66
route_mutation,20260623T004844_636153,of:0000000000000006:2 -> of:000000000000000a:2,0.002,0.0025,0.002,0.002,1.7,2026-06-23T00:48:44,0.002,1.7
route_mutation,20260623T004844_636153,of:0000000000000001:3 -> of:000000000000000d:1,0.002,0.0025,0.002,0.002,2.0,2026-06-23T00:48:44,0.002,2.03
route_mutation,20260623T004844_636153,of:0000000000000003:1 -> of:000000000000000b:5,0.002,0.0025,0.002,0.002,2.56,2026-06-23T00:48:44,0.002,2.46
route_mutation,20260623T004844_636153,of:0000000000000006:1 -> of:000000000000000d:4,0.001,0.00125,0.001,0.001,1.46,2026-06-23T00:48:44,0.001,1.4
route_mutation,20260623T004844_636153,of:0000000000000007:2 -> of:000000000000000a:3,0.002,0.0025,0.002,0.002,1.66,2026-06-23T00:48:44,0.002,1.66
route_mutation,20260623T004844_636153,of:0000000000000007:1 -> of:000000000000000d:5,0.002,0.0025,0.002,0.002,1.93,2026-06-23T00:48:44,0.002,1.9
route_mutation,20260623T004844_636153,of:0000000000000002:2 -> of:0000000000000008:2,0.002,0.0025,0.002,0.002,1.76,2026-06-23T00:48:44,0.002,1.76
route_mutation,20260623T004844_636153,of:0000000000000003:2 -> of:0000000000000008:3,0.002,0.0025,0.002,0.002,1.76,2026-06-23T00:48:44,0.002,1.76
route_mutation,20260623T004844_636153,of:0000000000000008:1 -> of:000000000000000b:6,0.001,0.00125,0.001,0.001,1.43,2026-06-23T00:48:44,0.001,1.43
route_mutation,20260623T004844_636153,of:0000000000000004:2 -> of:0000000000000009:2,0.002,0.0025,0.002,0.002,1.73,2026-06-23T00:48:44,0.002,1.73
route_mutation,20260623T004844_636153,of:0000000000000002:1 -> of:000000000000000b:4,0.002,0.0025,0.002,0.002,2.53,2026-06-23T00:48:44,0.002,2.46
route_mutation,20260623T004844_636153,of:0000000000000009:1 -> of:000000000000000c:6,0.001,0.00125,0.001,0.001,1.43,2026-06-23T00:48:44,0.001,1.4
ip_shuffle,20260623T004914_946904,of:0000000000000004:1 -> of:000000000000000c:4,0.002,0.0025,0.002,0.002,2.03,2026-06-23T00:49:14,0.002,2.1
ip_shuffle,20260623T004914_946904,of:0000000000000005:1 -> of:000000000000000c:5,0.002,0.0025,0.002,0.002,2.43,2026-06-23T00:49:14,0.002,2.5
ip_shuffle,20260623T004914_946904,of:000000000000000a:1 -> of:000000000000000d:6,0.002,0.0025,0.002,0.002,2.06,2026-06-23T00:49:14,0.002,2.1
ip_shuffle,20260623T004914_946904,of:000000000000000b:3 -> of:000000000000000d:2,0.002,0.0025,0.002,0.002,2.83,2026-06-23T00:49:14,0.002,2.83
ip_shuffle,20260623T004914_946904,of:000000000000000c:3 -> of:000000000000000d:3,0.002,0.0025,0.002,0.002,2.86,2026-06-23T00:49:14,0.002,2.86
ip_shuffle,20260623T004914_946904,of:0000000000000005:2 -> of:0000000000000009:3,0.002,0.0025,0.002,0.002,2.76,2026-06-23T00:49:14,0.002,2.76
ip_shuffle,20260623T004914_946904,of:0000000000000001:1 -> of:000000000000000b:1,0.002,0.0025,0.002,0.002,2.0,2026-06-23T00:49:14,0.002,1.96
ip_shuffle,20260623T004914_946904,of:000000000000000b:2 -> of:000000000000000c:2,0.002,0.0025,0.002,0.002,2.83,2026-06-23T00:49:14,0.002,2.83
ip_shuffle,20260623T004914_946904,of:0000000000000001:2 -> of:000000000000000c:1,0.002,0.0025,0.002,0.002,2.5,2026-06-23T00:49:14,0.002,2.43
ip_shuffle,20260623T004914_946904,of:0000000000000006:2 -> of:000000000000000a:2,0.002,0.0025,0.002,0.002,2.8,2026-06-23T00:49:14,0.002,2.8
ip_shuffle,20260623T004914_946904,of:0000000000000001:3 -> of:000000000000000d:1,0.003,0.00375,0.003,0.003,3.96,2026-06-23T00:49:14,0.003,4.03
ip_shuffle,20260623T004914_946904,of:0000000000000003:1 -> of:000000000000000b:5,0.002,0.0025,0.002,0.002,1.96,2026-06-23T00:49:14,0.002,2.0
ip_shuffle,20260623T004914_946904,of:0000000000000006:1 -> of:000000000000000d:4,0.003,0.00375,0.003,0.003,3.26,2026-06-23T00:49:14,0.003,3.29
ip_shuffle,20260623T004914_946904,of:0000000000000007:2 -> of:000000000000000a:3,0.002,0.0025,0.002,0.002,2.8,2026-06-23T00:49:14,0.002,2.8
ip_shuffle,20260623T004914_946904,of:0000000000000007:1 -> of:000000000000000d:5,0.002,0.0025,0.002,0.002,2.96,2026-06-23T00:49:14,0.002,2.93
ip_shuffle,20260623T004914_946904,of:0000000000000002:2 -> of:0000000000000008:2,0.002,0.0025,0.002,0.002,2.7,2026-06-23T00:49:14,0.002,2.7
ip_shuffle,20260623T004914_946904,of:0000000000000003:2 -> of:0000000000000008:3,0.002,0.0025,0.002,0.002,2.7,2026-06-23T00:49:14,0.002,2.7
ip_shuffle,20260623T004914_946904,of:0000000000000008:1 -> of:000000000000000b:6,0.002,0.0025,0.002,0.002,2.06,2026-06-23T00:49:14,0.002,2.06
ip_shuffle,20260623T004914_946904,of:0000000000000004:2 -> of:0000000000000009:2,0.002,0.0025,0.002,0.002,2.76,2026-06-23T00:49:14,0.002,2.76
ip_shuffle,20260623T004914_946904,of:0000000000000002:1 -> of:000000000000000b:4,0.002,0.0025,0.002,0.002,1.96,2026-06-23T00:49:14,0.002,2.0
ip_shuffle,20260623T004914_946904,of:0000000000000009:1 -> of:000000000000000c:6,0.002,0.0025,0.002,0.002,2.06,2026-06-23T00:49:14,0.002,2.1
ip_shuffle,20260623T005012_961252,of:0000000000000004:1 -> of:000000000000000c:4,0.002,0.0025,0.002,0.002,2.0,2026-06-23T00:50:12,0.002,2.0
ip_shuffle,20260623T005012_961252,of:0000000000000005:1 -> of:000000000000000c:5,0.001,0.00125,0.001,0.001,1.46,2026-06-23T00:50:12,0.001,1.46
ip_shuffle,20260623T005012_961252,of:000000000000000a:1 -> of:000000000000000d:6,0.001,0.00125,0.001,0.001,1.4,2026-06-23T00:50:12,0.001,1.4
ip_shuffle,20260623T005012_961252,of:000000000000000b:3 -> of:000000000000000d:2,0.001,0.00125,0.001,0.001,1.63,2026-06-23T00:50:12,0.001,1.63
ip_shuffle,20260623T005012_961252,of:000000000000000c:3 -> of:000000000000000d:3,0.001,0.00125,0.001,0.001,1.6,2026-06-23T00:50:12,0.001,1.6
ip_shuffle,20260623T005012_961252,of:0000000000000005:2 -> of:0000000000000009:3,0.002,0.0025,0.002,0.002,1.73,2026-06-23T00:50:12,0.002,1.73
ip_shuffle,20260623T005012_961252,of:0000000000000001:1 -> of:000000000000000b:1,0.003,0.00375,0.003,0.003,3.49,2026-06-23T00:50:12,0.003,3.49
ip_shuffle,20260623T005012_961252,of:000000000000000b:2 -> of:000000000000000c:2,0.001,0.00125,0.001,0.001,1.6,2026-06-23T00:50:12,0.001,1.6
ip_shuffle,20260623T005012_961252,of:0000000000000001:2 -> of:000000000000000c:1,0.002,0.0025,0.002,0.002,1.96,2026-06-23T00:50:12,0.002,1.96
ip_shuffle,20260623T005012_961252,of:0000000000000006:2 -> of:000000000000000a:2,0.002,0.0025,0.002,0.002,1.66,2026-06-23T00:50:12,0.002,1.66
ip_shuffle,20260623T005012_961252,of:0000000000000001:3 -> of:000000000000000d:1,0.002,0.0025,0.002,0.002,1.83,2026-06-23T00:50:12,0.002,1.83
ip_shuffle,20260623T005012_961252,of:0000000000000003:1 -> of:000000000000000b:5,0.002,0.0025,0.002,0.002,2.46,2026-06-23T00:50:12,0.002,2.46
ip_shuffle,20260623T005012_961252,of:0000000000000006:1 -> of:000000000000000d:4,0.002,0.0025,0.002,0.002,1.83,2026-06-23T00:50:12,0.002,1.83
ip_shuffle,20260623T005012_961252,of:0000000000000007:2 -> of:000000000000000a:3,0.002,0.0025,0.002,0.002,1.66,2026-06-23T00:50:12,0.002,1.66
ip_shuffle,20260623T005012_961252,of:0000000000000007:1 -> of:000000000000000d:5,0.001,0.00125,0.001,0.001,1.46,2026-06-23T00:50:12,0.001,1.46
ip_shuffle,20260623T005012_961252,of:0000000000000002:2 -> of:0000000000000008:2,0.002,0.0025,0.002,0.002,1.73,2026-06-23T00:50:12,0.002,1.73
ip_shuffle,20260623T005012_961252,of:0000000000000003:2 -> of:0000000000000008:3,0.002,0.0025,0.002,0.002,1.73,2026-06-23T00:50:12,0.002,1.73
ip_shuffle,20260623T005012_961252,of:0000000000000008:1 -> of:000000000000000b:6,0.001,0.00125,0.001,0.001,1.46,2026-06-23T00:50:12,0.001,1.46
ip_shuffle,20260623T005012_961252,of:0000000000000004:2 -> of:0000000000000009:2,0.002,0.0025,0.002,0.002,1.73,2026-06-23T00:50:12,0.002,1.73
ip_shuffle,20260623T005012_961252,of:0000000000000002:1 -> of:000000000000000b:4,0.002,0.0025,0.002,0.002,2.53,2026-06-23T00:50:12,0.002,2.53
ip_shuffle,20260623T005012_961252,of:0000000000000009:1 -> of:000000000000000c:6,0.001,0.00125,0.001,0.001,1.46,2026-06-23T00:50:12,0.001,1.46
ip_shuffle,20260623T005117_166213,of:0000000000000004:1 -> of:000000000000000c:4,0.002,0.0025,0.002,0.002,1.7,2026-06-23T00:51:17,0.002,1.66
ip_shuffle,20260623T005117_166213,of:0000000000000005:1 -> of:000000000000000c:5,0.002,0.0025,0.002,0.002,1.7,2026-06-23T00:51:17,0.002,1.66
ip_shuffle,20260623T005117_166213,of:000000000000000a:1 -> of:000000000000000d:6,0.002,0.0025,0.002,0.002,1.73,2026-06-23T00:51:17,0.002,1.7
ip_shuffle,20260623T005117_166213,of:000000000000000b:3 -> of:000000000000000d:2,0.002,0.0025,0.002,0.002,2.1,2026-06-23T00:51:17,0.002,2.1
ip_shuffle,20260623T005117_166213,of:000000000000000c:3 -> of:000000000000000d:3,0.002,0.0025,0.002,0.002,2.1,2026-06-23T00:51:17,0.002,2.1
ip_shuffle,20260623T005117_166213,of:0000000000000005:2 -> of:0000000000000009:3,0.002,0.0025,0.002,0.002,2.1,2026-06-23T00:51:17,0.002,2.1
ip_shuffle,20260623T005117_166213,of:0000000000000001:1 -> of:000000000000000b:1,0.002,0.0025,0.002,0.002,1.73,2026-06-23T00:51:17,0.002,1.8
ip_shuffle,20260623T005117_166213,of:000000000000000b:2 -> of:000000000000000c:2,0.002,0.0025,0.002,0.002,2.13,2026-06-23T00:51:17,0.002,2.13
ip_shuffle,20260623T005117_166213,of:0000000000000001:2 -> of:000000000000000c:1,0.002,0.0025,0.002,0.002,1.73,2026-06-23T00:51:17,0.002,1.8
ip_shuffle,20260623T005117_166213,of:0000000000000006:2 -> of:000000000000000a:2,0.002,0.0025,0.002,0.002,2.1,2026-06-23T00:51:17,0.002,2.1
ip_shuffle,20260623T005117_166213,of:0000000000000001:3 -> of:000000000000000d:1,0.003,0.00375,0.003,0.003,3.7,2026-06-23T00:51:17,0.003,3.53
ip_shuffle,20260623T005117_166213,of:0000000000000003:1 -> of:000000000000000b:5,0.002,0.0025,0.002,0.002,1.76,2026-06-23T00:51:17,0.002,1.73
ip_shuffle,20260623T005117_166213,of:0000000000000006:1 -> of:000000000000000d:4,0.002,0.0025,0.002,0.002,1.9,2026-06-23T00:51:17,0.002,1.83
ip_shuffle,20260623T005117_166213,of:0000000000000007:2 -> of:000000000000000a:3,0.002,0.0025,0.002,0.002,2.06,2026-06-23T00:51:17,0.002,2.06
ip_shuffle,20260623T005117_166213,of:0000000000000007:1 -> of:000000000000000d:5,0.003,0.00375,0.003,0.003,3.23,2026-06-23T00:51:17,0.003,3.3
ip_shuffle,20260623T005117_166213,of:0000000000000002:2 -> of:0000000000000008:2,0.002,0.0025,0.002,0.002,2.1,2026-06-23T00:51:17,0.002,2.1
ip_shuffle,20260623T005117_166213,of:0000000000000003:2 -> of:0000000000000008:3,0.002,0.0025,0.002,0.002,2.1,2026-06-23T00:51:17,0.002,2.1
ip_shuffle,20260623T005117_166213,of:0000000000000008:1 -> of:000000000000000b:6,0.002,0.0025,0.002,0.002,1.66,2026-06-23T00:51:17,0.002,1.66
ip_shuffle,20260623T005117_166213,of:0000000000000004:2 -> of:0000000000000009:2,0.002,0.0025,0.002,0.002,2.1,2026-06-23T00:51:17,0.002,2.1
ip_shuffle,20260623T005117_166213,of:0000000000000002:1 -> of:000000000000000b:4,0.002,0.0025,0.002,0.002,1.76,2026-06-23T00:51:17,0.002,1.73
ip_shuffle,20260623T005117_166213,of:0000000000000009:1 -> of:000000000000000c:6,0.002,0.0025,0.002,0.002,1.73,2026-06-23T00:51:17,0.002,1.73
route_mutation,20260623T005221_599985,of:0000000000000004:1 -> of:000000000000000c:4,0.002,0.0025,0.002,0.002,1.86,2026-06-23T00:52:21,0.002,1.83
route_mutation,20260623T005221_599985,of:0000000000000005:1 -> of:000000000000000c:5,0.002,0.0025,0.002,0.002,1.86,2026-06-23T00:52:21,0.002,1.83
route_mutation,20260623T005221_599985,of:000000000000000a:1 -> of:000000000000000d:6,0.002,0.0025,0.002,0.002,1.93,2026-06-23T00:52:21,0.002,1.9
route_mutation,20260623T005221_599985,of:000000000000000b:3 -> of:000000000000000d:2,0.002,0.0025,0.002,0.002,2.46,2026-06-23T00:52:21,0.002,2.46
route_mutation,20260623T005221_599985,of:000000000000000c:3 -> of:000000000000000d:3,0.002,0.0025,0.002,0.002,2.46,2026-06-23T00:52:21,0.002,2.46
route_mutation,20260623T005221_599985,of:0000000000000005:2 -> of:0000000000000009:3,0.002,0.0025,0.002,0.002,2.46,2026-06-23T00:52:21,0.002,2.46
route_mutation,20260623T005221_599985,of:0000000000000001:1 -> of:000000000000000b:1,0.002,0.0025,0.002,0.002,1.9,2026-06-23T00:52:21,0.002,1.96
route_mutation,20260623T005221_599985,of:000000000000000b:2 -> of:000000000000000c:2,0.002,0.0025,0.002,0.002,2.46,2026-06-23T00:52:21,0.002,2.46
route_mutation,20260623T005221_599985,of:0000000000000001:2 -> of:000000000000000c:1,0.002,0.0025,0.002,0.002,1.9,2026-06-23T00:52:21,0.002,1.96
route_mutation,20260623T005221_599985,of:0000000000000006:2 -> of:000000000000000a:2,0.002,0.0025,0.002,0.002,2.46,2026-06-23T00:52:21,0.002,2.46
route_mutation,20260623T005221_599985,of:0000000000000001:3 -> of:000000000000000d:1,0.003,0.00375,0.003,0.003,3.53,2026-06-23T00:52:21,0.003,3.43
route_mutation,20260623T005221_599985,of:0000000000000003:1 -> of:000000000000000b:5,0.002,0.0025,0.002,0.002,1.96,2026-06-23T00:52:21,0.002,1.9
route_mutation,20260623T005221_599985,of:0000000000000006:1 -> of:000000000000000d:4,0.002,0.0025,0.002,0.002,1.96,2026-06-23T00:52:21,0.002,2.0
route_mutation,20260623T005221_599985,of:0000000000000007:2 -> of:000000000000000a:3,0.002,0.0025,0.002,0.002,2.46,2026-06-23T00:52:21,0.002,2.46
route_mutation,20260623T005221_599985,of:0000000000000007:1 -> of:000000000000000d:5,0.003,0.00375,0.003,0.003,3.26,2026-06-23T00:52:21,0.003,3.26
route_mutation,20260623T005221_599985,of:0000000000000002:2 -> of:0000000000000008:2,0.002,0.0025,0.002,0.002,2.5,2026-06-23T00:52:21,0.002,2.5
route_mutation,20260623T005221_599985,of:0000000000000003:2 -> of:0000000000000008:3,0.002,0.0025,0.002,0.002,2.5,2026-06-23T00:52:21,0.002,2.5
route_mutation,20260623T005221_599985,of:0000000000000008:1 -> of:000000000000000b:6,0.002,0.0025,0.002,0.002,1.86,2026-06-23T00:52:21,0.002,1.83
route_mutation,20260623T005221_599985,of:0000000000000004:2 -> of:0000000000000009:2,0.002,0.0025,0.002,0.002,2.46,2026-06-23T00:52:21,0.002,2.46
route_mutation,20260623T005221_599985,of:0000000000000002:1 -> of:000000000000000b:4,0.002,0.0025,0.002,0.002,1.96,2026-06-23T00:52:21,0.002,1.9
route_mutation,20260623T005221_599985,of:0000000000000009:1 -> of:000000000000000c:6,0.002,0.0025,0.002,0.002,1.93,2026-06-23T00:52:21,0.002,1.9
route_mutation,20260623T005252_055314,of:0000000000000004:1 -> of:000000000000000c:4,0.001,0.00125,0.001,0.001,1.36,2026-06-23T00:52:52,0.001,1.36
route_mutation,20260623T005252_055314,of:0000000000000005:1 -> of:000000000000000c:5,0.001,0.00125,0.001,0.001,1.36,2026-06-23T00:52:52,0.001,1.36
route_mutation,20260623T005252_055314,of:000000000000000a:1 -> of:000000000000000d:6,0.001,0.00125,0.001,0.001,1.3,2026-06-23T00:52:52,0.001,1.3
route_mutation,20260623T005252_055314,of:000000000000000b:3 -> of:000000000000000d:2,0.001,0.00125,0.001,0.001,1.4,2026-06-23T00:52:52,0.001,1.4
route_mutation,20260623T005252_055314,of:000000000000000c:3 -> of:000000000000000d:3,0.001,0.00125,0.001,0.001,1.4,2026-06-23T00:52:52,0.001,1.4
route_mutation,20260623T005252_055314,of:0000000000000005:2 -> of:0000000000000009:3,0.001,0.00125,0.001,0.001,1.46,2026-06-23T00:52:52,0.001,1.46
route_mutation,20260623T005252_055314,of:0000000000000001:1 -> of:000000000000000b:1,0.002,0.0025,0.002,0.002,2.4,2026-06-23T00:52:52,0.002,2.4
route_mutation,20260623T005252_055314,of:000000000000000b:2 -> of:000000000000000c:2,0.001,0.00125,0.001,0.001,1.4,2026-06-23T00:52:52,0.001,1.4
route_mutation,20260623T005252_055314,of:0000000000000001:2 -> of:000000000000000c:1,0.001,0.00125,0.001,0.001,1.36,2026-06-23T00:52:52,0.001,1.36
route_mutation,20260623T005252_055314,of:0000000000000006:2 -> of:000000000000000a:2,0.001,0.00125,0.001,0.001,1.46,2026-06-23T00:52:52,0.001,1.46
route_mutation,20260623T005252_055314,of:0000000000000001:3 -> of:000000000000000d:1,0.001,0.00125,0.001,0.001,1.36,2026-06-23T00:52:52,0.001,1.36
route_mutation,20260623T005252_055314,of:0000000000000003:1 -> of:000000000000000b:5,0.001,0.00125,0.001,0.001,1.4,2026-06-23T00:52:52,0.001,1.4
route_mutation,20260623T005252_055314,of:0000000000000006:1 -> of:000000000000000d:4,0.001,0.00125,0.001,0.001,1.36,2026-06-23T00:52:52,0.001,1.36
route_mutation,20260623T005252_055314,of:0000000000000007:2 -> of:000000000000000a:3,0.001,0.00125,0.001,0.001,1.46,2026-06-23T00:52:52,0.001,1.46
route_mutation,20260623T005252_055314,of:0000000000000007:1 -> of:000000000000000d:5,0.001,0.00125,0.001,0.001,1.36,2026-06-23T00:52:52,0.001,1.36
route_mutation,20260623T005252_055314,of:0000000000000002:2 -> of:0000000000000008:2,0.002,0.0025,0.002,0.002,1.53,2026-06-23T00:52:52,0.002,1.53
route_mutation,20260623T005252_055314,of:0000000000000003:2 -> of:0000000000000008:3,0.002,0.0025,0.002,0.002,1.53,2026-06-23T00:52:52,0.002,1.53
route_mutation,20260623T005252_055314,of:0000000000000008:1 -> of:000000000000000b:6,0.001,0.00125,0.001,0.001,1.36,2026-06-23T00:52:52,0.001,1.36
route_mutation,20260623T005252_055314,of:0000000000000004:2 -> of:0000000000000009:2,0.001,0.00125,0.001,0.001,1.46,2026-06-23T00:52:52,0.001,1.46
route_mutation,20260623T005252_055314,of:0000000000000002:1 -> of:000000000000000b:4,0.002,0.0025,0.002,0.002,2.36,2026-06-23T00:52:52,0.002,2.36
route_mutation,20260623T005252_055314,of:0000000000000009:1 -> of:000000000000000c:6,0.001,0.00125,0.001,0.001,1.3,2026-06-23T00:52:52,0.001,1.3
ip_shuffle,20260623T005322_506520,of:0000000000000004:1 -> of:000000000000000c:4,0.002,0.0025,0.002,0.002,2.4,2026-06-23T00:53:22,0.002,2.43
ip_shuffle,20260623T005322_506520,of:0000000000000005:1 -> of:000000000000000c:5,0.002,0.0025,0.002,0.002,2.4,2026-06-23T00:53:22,0.002,2.43
ip_shuffle,20260623T005322_506520,of:000000000000000a:1 -> of:000000000000000d:6,0.002,0.0025,0.002,0.002,1.63,2026-06-23T00:53:22,0.002,1.63
ip_shuffle,20260623T005322_506520,of:000000000000000b:3 -> of:000000000000000d:2,0.002,0.0025,0.002,0.002,1.93,2026-06-23T00:53:22,0.002,1.93
ip_shuffle,20260623T005322_506520,of:000000000000000c:3 -> of:000000000000000d:3,0.002,0.0025,0.002,0.002,1.93,2026-06-23T00:53:22,0.002,1.93
ip_shuffle,20260623T005322_506520,of:0000000000000005:2 -> of:0000000000000009:3,0.002,0.0025,0.002,0.002,1.9,2026-06-23T00:53:22,0.002,1.9
ip_shuffle,20260623T005322_506520,of:0000000000000001:1 -> of:000000000000000b:1,0.002,0.0025,0.002,0.002,2.6,2026-06-23T00:53:22,0.002,2.56
ip_shuffle,20260623T005322_506520,of:000000000000000b:2 -> of:000000000000000c:2,0.002,0.0025,0.002,0.002,1.93,2026-06-23T00:53:22,0.002,1.93
ip_shuffle,20260623T005322_506520,of:0000000000000001:2 -> of:000000000000000c:1,0.003,0.00375,0.003,0.003,3.16,2026-06-23T00:53:22,0.003,3.13
ip_shuffle,20260623T005322_506520,of:0000000000000006:2 -> of:000000000000000a:2,0.002,0.0025,0.002,0.002,1.93,2026-06-23T00:53:22,0.002,1.93
ip_shuffle,20260623T005322_506520,of:0000000000000001:3 -> of:000000000000000d:1,0.002,0.0025,0.002,0.002,2.0,2026-06-23T00:53:22,0.002,2.1
ip_shuffle,20260623T005322_506520,of:0000000000000003:1 -> of:000000000000000b:5,0.002,0.0025,0.002,0.002,2.53,2026-06-23T00:53:22,0.002,2.56
ip_shuffle,20260623T005322_506520,of:0000000000000006:1 -> of:000000000000000d:4,0.002,0.0025,0.002,0.002,2.16,2026-06-23T00:53:22,0.002,2.1
ip_shuffle,20260623T005322_506520,of:0000000000000007:2 -> of:000000000000000a:3,0.002,0.0025,0.002,0.002,1.93,2026-06-23T00:53:22,0.002,1.93
ip_shuffle,20260623T005322_506520,of:0000000000000007:1 -> of:000000000000000d:5,0.002,0.0025,0.002,0.002,1.63,2026-06-23T00:53:22,0.002,1.63
ip_shuffle,20260623T005322_506520,of:0000000000000002:2 -> of:0000000000000008:2,0.002,0.0025,0.002,0.002,1.83,2026-06-23T00:53:22,0.002,1.83
ip_shuffle,20260623T005322_506520,of:0000000000000003:2 -> of:0000000000000008:3,0.002,0.0025,0.002,0.002,1.83,2026-06-23T00:53:22,0.002,1.83
ip_shuffle,20260623T005322_506520,of:0000000000000008:1 -> of:000000000000000b:6,0.002,0.0025,0.002,0.002,1.63,2026-06-23T00:53:22,0.002,1.63
ip_shuffle,20260623T005322_506520,of:0000000000000004:2 -> of:0000000000000009:2,0.002,0.0025,0.002,0.002,1.9,2026-06-23T00:53:22,0.002,1.9
ip_shuffle,20260623T005322_506520,of:0000000000000002:1 -> of:000000000000000b:4,0.002,0.0025,0.002,0.002,1.56,2026-06-23T00:53:22,0.002,1.6
ip_shuffle,20260623T005322_506520,of:0000000000000009:1 -> of:000000000000000c:6,0.002,0.0025,0.002,0.002,1.63,2026-06-23T00:53:22,0.002,1.63
route_mutation,20260623T005420_171014,of:0000000000000004:1 -> of:000000000000000c:4,0.001,0.00125,0.001,0.001,1.43,2026-06-23T00:54:20,0.001,1.4
route_mutation,20260623T005420_171014,of:0000000000000005:1 -> of:000000000000000c:5,0.001,0.00125,0.001,0.001,1.46,2026-06-23T00:54:20,0.001,1.43
route_mutation,20260623T005420_171014,of:000000000000000a:1 -> of:000000000000000d:6,0.001,0.00125,0.001,0.001,1.4,2026-06-23T00:54:20,0.001,1.36
route_mutation,20260623T005420_171014,of:000000000000000b:3 -> of:000000000000000d:2,0.002,0.0025,0.002,0.002,1.53,2026-06-23T00:54:20,0.001,1.5
route_mutation,20260623T005420_171014,of:000000000000000c:3 -> of:000000000000000d:3,0.002,0.0025,0.002,0.002,1.53,2026-06-23T00:54:20,0.001,1.5
route_mutation,20260623T005420_171014,of:0000000000000005:2 -> of:0000000000000009:3,0.002,0.0025,0.002,0.002,1.56,2026-06-23T00:54:20,0.002,1.56
route_mutation,20260623T005420_171014,of:0000000000000001:1 -> of:000000000000000b:1,0.001,0.00125,0.001,0.001,1.4,2026-06-23T00:54:20,0.001,1.46
route_mutation,20260623T005420_171014,of:000000000000000b:2 -> of:000000000000000c:2,0.001,0.00125,0.001,0.001,1.46,2026-06-23T00:54:20,0.001,1.46
route_mutation,20260623T005420_171014,of:0000000000000001:2 -> of:000000000000000c:1,0.001,0.00125,0.001,0.001,1.4,2026-06-23T00:54:20,0.001,1.46
route_mutation,20260623T005420_171014,of:0000000000000006:2 -> of:000000000000000a:2,0.002,0.0025,0.002,0.002,1.56,2026-06-23T00:54:20,0.002,1.56
route_mutation,20260623T005420_171014,of:0000000000000001:3 -> of:000000000000000d:1,0.002,0.0025,0.002,0.002,2.1,2026-06-23T00:54:20,0.002,1.96
route_mutation,20260623T005420_171014,of:0000000000000003:1 -> of:000000000000000b:5,0.001,0.00125,0.001,0.001,1.46,2026-06-23T00:54:20,0.001,1.4
route_mutation,20260623T005420_171014,of:0000000000000006:1 -> of:000000000000000d:4,0.002,0.0025,0.002,0.002,1.5,2026-06-23T00:54:20,0.002,1.43
route_mutation,20260623T005420_171014,of:0000000000000007:2 -> of:000000000000000a:3,0.002,0.0025,0.002,0.002,1.56,2026-06-23T00:54:20,0.002,1.56
route_mutation,20260623T005420_171014,of:0000000000000007:1 -> of:000000000000000d:5,0.002,0.0025,0.002,0.002,1.86,2026-06-23T00:54:20,0.002,1.93
route_mutation,20260623T005420_171014,of:0000000000000002:2 -> of:0000000000000008:2,0.002,0.0025,0.002,0.002,1.7,2026-06-23T00:54:20,0.002,1.7
route_mutation,20260623T005420_171014,of:0000000000000003:2 -> of:0000000000000008:3,0.002,0.0025,0.002,0.002,1.7,2026-06-23T00:54:20,0.002,1.7
route_mutation,20260623T005420_171014,of:0000000000000008:1 -> of:000000000000000b:6,0.001,0.00125,0.001,0.001,1.43,2026-06-23T00:54:20,0.001,1.4
route_mutation,20260623T005420_171014,of:0000000000000004:2 -> of:0000000000000009:2,0.002,0.0025,0.002,0.002,1.6,2026-06-23T00:54:20,0.002,1.6
route_mutation,20260623T005420_171014,of:0000000000000002:1 -> of:000000000000000b:4,0.001,0.00125,0.001,0.001,1.46,2026-06-23T00:54:20,0.001,1.4
route_mutation,20260623T005420_171014,of:0000000000000009:1 -> of:000000000000000c:6,0.001,0.00125,0.001,0.001,1.33,2026-06-23T00:54:20,0.001,1.33
ip_shuffle,20260623T005450_632267,of:0000000000000004:1 -> of:000000000000000c:4,0.002,0.0025,0.002,0.002,2.06,2026-06-23T00:54:50,0.002,2.06
ip_shuffle,20260623T005450_632267,of:0000000000000005:1 -> of:000000000000000c:5,0.002,0.0025,0.002,0.002,1.53,2026-06-23T00:54:50,0.002,1.53
ip_shuffle,20260623T005450_632267,of:000000000000000a:1 -> of:000000000000000d:6,0.001,0.00125,0.001,0.001,1.46,2026-06-23T00:54:50,0.001,1.46
ip_shuffle,20260623T005450_632267,of:000000000000000b:3 -> of:000000000000000d:2,0.002,0.0025,0.002,0.002,1.66,2026-06-23T00:54:50,0.002,1.66
ip_shuffle,20260623T005450_632267,of:000000000000000c:3 -> of:000000000000000d:3,0.002,0.0025,0.002,0.002,1.66,2026-06-23T00:54:50,0.002,1.66
ip_shuffle,20260623T005450_632267,of:0000000000000005:2 -> of:0000000000000009:3,0.002,0.0025,0.002,0.002,1.73,2026-06-23T00:54:50,0.002,1.73
ip_shuffle,20260623T005450_632267,of:0000000000000001:1 -> of:000000000000000b:1,0.003,0.00375,0.003,0.003,3.5,2026-06-23T00:54:50,0.003,3.5
ip_shuffle,20260623T005450_632267,of:000000000000000b:2 -> of:000000000000000c:2,0.002,0.0025,0.002,0.002,1.73,2026-06-23T00:54:50,0.002,1.73
ip_shuffle,20260623T005450_632267,of:0000000000000001:2 -> of:000000000000000c:1,0.002,0.0025,0.002,0.002,1.93,2026-06-23T00:54:50,0.002,1.93
ip_shuffle,20260623T005450_632267,of:0000000000000006:2 -> of:000000000000000a:2,0.002,0.0025,0.002,0.002,1.73,2026-06-23T00:54:50,0.002,1.73
ip_shuffle,20260623T005450_632267,of:0000000000000001:3 -> of:000000000000000d:1,0.001,0.00125,0.001,0.001,1.4,2026-06-23T00:54:50,0.001,1.4
ip_shuffle,20260623T005450_632267,of:0000000000000003:1 -> of:000000000000000b:5,0.002,0.0025,0.002,0.002,2.5,2026-06-23T00:54:50,0.002,2.5
ip_shuffle,20260623T005450_632267,of:0000000000000006:1 -> of:000000000000000d:4,0.001,0.00125,0.001,0.001,1.46,2026-06-23T00:54:50,0.001,1.46
ip_shuffle,20260623T005450_632267,of:0000000000000007:2 -> of:000000000000000a:3,0.002,0.0025,0.002,0.002,1.73,2026-06-23T00:54:50,0.002,1.73
ip_shuffle,20260623T005450_632267,of:0000000000000007:1 -> of:000000000000000d:5,0.001,0.00125,0.001,0.001,1.46,2026-06-23T00:54:50,0.001,1.46
ip_shuffle,20260623T005450_632267,of:0000000000000002:2 -> of:0000000000000008:2,0.002,0.0025,0.002,0.002,1.66,2026-06-23T00:54:50,0.002,1.66
ip_shuffle,20260623T005450_632267,of:0000000000000003:2 -> of:0000000000000008:3,0.002,0.0025,0.002,0.002,1.66,2026-06-23T00:54:50,0.002,1.66
ip_shuffle,20260623T005450_632267,of:0000000000000008:1 -> of:000000000000000b:6,0.002,0.0025,0.002,0.002,1.53,2026-06-23T00:54:50,0.002,1.53
ip_shuffle,20260623T005450_632267,of:0000000000000004:2 -> of:0000000000000009:2,0.002,0.0025,0.002,0.002,1.73,2026-06-23T00:54:50,0.002,1.73
ip_shuffle,20260623T005450_632267,of:0000000000000002:1 -> of:000000000000000b:4,0.002,0.0025,0.002,0.002,2.5,2026-06-23T00:54:50,0.002,2.5
ip_shuffle,20260623T005450_632267,of:0000000000000009:1 -> of:000000000000000c:6,0.002,0.0025,0.002,0.002,1.53,2026-06-23T00:54:50,0.002,1.53
ip_shuffle,20260623T005548_298396,of:0000000000000004:1 -> of:000000000000000c:4,0.002,0.0025,0.002,0.002,2.13,2026-06-23T00:55:48,0.002,2.16
ip_shuffle,20260623T005548_298396,of:0000000000000005:1 -> of:000000000000000c:5,0.002,0.0025,0.002,0.002,2.66,2026-06-23T00:55:48,0.002,2.7
ip_shuffle,20260623T005548_298396,of:000000000000000a:1 -> of:000000000000000d:6,0.002,0.0025,0.002,0.002,1.96,2026-06-23T00:55:48,0.002,1.96
ip_shuffle,20260623T005548_298396,of:000000000000000b:3 -> of:000000000000000d:2,0.002,0.0025,0.002,0.002,2.6,2026-06-23T00:55:48,0.002,2.6
ip_shuffle,20260623T005548_298396,of:000000000000000c:3 -> of:000000000000000d:3,0.002,0.0025,0.002,0.002,2.6,2026-06-23T00:55:48,0.002,2.6
ip_shuffle,20260623T005548_298396,of:0000000000000005:2 -> of:0000000000000009:3,0.002,0.0025,0.002,0.002,2.5,2026-06-23T00:55:48,0.002,2.5
ip_shuffle,20260623T005548_298396,of:0000000000000001:1 -> of:000000000000000b:1,0.002,0.0025,0.002,0.002,2.0,2026-06-23T00:55:48,0.002,1.93
ip_shuffle,20260623T005548_298396,of:000000000000000b:2 -> of:000000000000000c:2,0.002,0.0025,0.002,0.002,2.6,2026-06-23T00:55:48,0.002,2.6
ip_shuffle,20260623T005548_298396,of:0000000000000001:2 -> of:000000000000000c:1,0.003,0.00375,0.003,0.003,3.09,2026-06-23T00:55:48,0.003,3.03
ip_shuffle,20260623T005548_298396,of:0000000000000006:2 -> of:000000000000000a:2,0.002,0.0025,0.002,0.002,2.5,2026-06-23T00:55:48,0.002,2.5
ip_shuffle,20260623T005548_298396,of:0000000000000001:3 -> of:000000000000000d:1,0.003,0.00375,0.003,0.003,3.93,2026-06-23T00:55:48,0.003,4.06
ip_shuffle,20260623T005548_298396,of:0000000000000003:1 -> of:000000000000000b:5,0.002,0.0025,0.002,0.002,1.9,2026-06-23T00:55:48,0.002,1.96
ip_shuffle,20260623T005548_298396,of:0000000000000006:1 -> of:000000000000000d:4,0.003,0.00375,0.003,0.003,3.63,2026-06-23T00:55:48,0.003,3.66
ip_shuffle,20260623T005548_298396,of:0000000000000007:2 -> of:000000000000000a:3,0.002,0.0025,0.002,0.002,2.5,2026-06-23T00:55:48,0.002,2.5
ip_shuffle,20260623T005548_298396,of:0000000000000007:1 -> of:000000000000000d:5,0.002,0.0025,0.002,0.002,2.26,2026-06-23T00:55:48,0.002,2.16
ip_shuffle,20260623T005548_298396,of:0000000000000002:2 -> of:0000000000000008:2,0.002,0.0025,0.002,0.002,2.53,2026-06-23T00:55:48,0.002,2.53
ip_shuffle,20260623T005548_298396,of:0000000000000003:2 -> of:0000000000000008:3,0.002,0.0025,0.002,0.002,2.53,2026-06-23T00:55:48,0.002,2.53
ip_shuffle,20260623T005548_298396,of:0000000000000008:1 -> of:000000000000000b:6,0.002,0.0025,0.002,0.002,1.96,2026-06-23T00:55:48,0.002,1.96
ip_shuffle,20260623T005548_298396,of:0000000000000004:2 -> of:0000000000000009:2,0.002,0.0025,0.002,0.002,2.5,2026-06-23T00:55:48,0.002,2.5
ip_shuffle,20260623T005548_298396,of:0000000000000002:1 -> of:000000000000000b:4,0.002,0.0025,0.002,0.002,1.9,2026-06-23T00:55:48,0.002,1.96
ip_shuffle,20260623T005548_298396,of:0000000000000009:1 -> of:000000000000000c:6,0.002,0.0025,0.002,0.002,1.96,2026-06-23T00:55:48,0.002,1.96
ip_shuffle,20260623T005646_087354,of:0000000000000004:1 -> of:000000000000000c:4,0.002,0.0025,0.002,0.002,1.5,2026-06-23T00:56:46,0.002,1.5
ip_shuffle,20260623T005646_087354,of:0000000000000005:1 -> of:000000000000000c:5,0.002,0.0025,0.002,0.002,1.5,2026-06-23T00:56:46,0.002,1.5
ip_shuffle,20260623T005646_087354,of:000000000000000a:1 -> of:000000000000000d:6,0.001,0.00125,0.001,0.001,1.43,2026-06-23T00:56:46,0.001,1.4
ip_shuffle,20260623T005646_087354,of:000000000000000b:3 -> of:000000000000000d:2,0.002,0.0025,0.002,0.002,1.56,2026-06-23T00:56:46,0.002,1.56
ip_shuffle,20260623T005646_087354,of:000000000000000c:3 -> of:000000000000000d:3,0.002,0.0025,0.002,0.002,1.56,2026-06-23T00:56:46,0.002,1.56
ip_shuffle,20260623T005646_087354,of:0000000000000005:2 -> of:0000000000000009:3,0.002,0.0025,0.002,0.002,1.66,2026-06-23T00:56:46,0.002,1.66
ip_shuffle,20260623T005646_087354,of:0000000000000001:1 -> of:000000000000000b:1,0.003,0.00375,0.003,0.003,3.13,2026-06-23T00:56:46,0.003,3.13
ip_shuffle,20260623T005646_087354,of:000000000000000b:2 -> of:000000000000000c:2,0.002,0.0025,0.002,0.002,1.66,2026-06-23T00:56:46,0.002,1.66
ip_shuffle,20260623T005646_087354,of:0000000000000001:2 -> of:000000000000000c:1,0.001,0.00125,0.001,0.001,1.43,2026-06-23T00:56:46,0.001,1.43
ip_shuffle,20260623T005646_087354,of:0000000000000006:2 -> of:000000000000000a:2,0.002,0.0025,0.002,0.002,1.66,2026-06-23T00:56:46,0.002,1.66
ip_shuffle,20260623T005646_087354,of:0000000000000001:3 -> of:000000000000000d:1,0.002,0.0025,0.002,0.002,2.0,2026-06-23T00:56:46,0.002,1.93
ip_shuffle,20260623T005646_087354,of:0000000000000003:1 -> of:000000000000000b:5,0.002,0.0025,0.002,0.002,2.16,2026-06-23T00:56:46,0.002,2.16
ip_shuffle,20260623T005646_087354,of:0000000000000006:1 -> of:000000000000000d:4,0.002,0.0025,0.002,0.002,2.03,2026-06-23T00:56:46,0.002,2.06
ip_shuffle,20260623T005646_087354,of:0000000000000007:2 -> of:000000000000000a:3,0.002,0.0025,0.002,0.002,1.66,2026-06-23T00:56:46,0.002,1.66
ip_shuffle,20260623T005646_087354,of:0000000000000007:1 -> of:000000000000000d:5,0.001,0.00125,0.001,0.001,1.46,2026-06-23T00:56:46,0.001,1.46
ip_shuffle,20260623T005646_087354,of:0000000000000002:2 -> of:0000000000000008:2,0.002,0.0025,0.002,0.002,1.66,2026-06-23T00:56:46,0.002,1.66
ip_shuffle,20260623T005646_087354,of:0000000000000003:2 -> of:0000000000000008:3,0.002,0.0025,0.002,0.002,1.66,2026-06-23T00:56:46,0.002,1.66
ip_shuffle,20260623T005646_087354,of:0000000000000008:1 -> of:000000000000000b:6,0.002,0.0025,0.002,0.002,1.5,2026-06-23T00:56:46,0.002,1.5
ip_shuffle,20260623T005646_087354,of:0000000000000004:2 -> of:0000000000000009:2,0.002,0.0025,0.002,0.002,1.66,2026-06-23T00:56:46,0.002,1.66
ip_shuffle,20260623T005646_087354,of:0000000000000002:1 -> of:000000000000000b:4,0.002,0.0025,0.002,0.002,2.53,2026-06-23T00:56:46,0.002,2.53
ip_shuffle,20260623T005646_087354,of:0000000000000009:1 -> of:000000000000000c:6,0.002,0.0025,0.002,0.002,1.5,2026-06-23T00:56:46,0.002,1.5
ip_shuffle,20260623T005751_197609,of:0000000000000004:1 -> of:000000000000000c:4,0.002,0.0025,0.002,0.001,1.36,2026-06-23T00:57:51,0.002,1.4
ip_shuffle,20260623T005751_197609,of:0000000000000005:1 -> of:000000000000000c:5,0.002,0.0025,0.002,0.001,1.36,2026-06-23T00:57:51,0.002,1.4
ip_shuffle,20260623T005751_197609,of:000000000000000a:1 -> of:000000000000000d:6,0.001,0.00125,0.001,0.001,1.33,2026-06-23T00:57:51,0.001,1.33
ip_shuffle,20260623T005751_197609,of:000000000000000b:3 -> of:000000000000000d:2,0.001,0.00125,0.001,0.001,1.4,2026-06-23T00:57:51,0.001,1.4
ip_shuffle,20260623T005751_197609,of:000000000000000c:3 -> of:000000000000000d:3,0.001,0.00125,0.001,0.001,1.4,2026-06-23T00:57:51,0.001,1.4
ip_shuffle,20260623T005751_197609,of:0000000000000005:2 -> of:0000000000000009:3,0.002,0.0025,0.002,0.002,1.4,2026-06-23T00:57:51,0.002,1.4
ip_shuffle,20260623T005751_197609,of:0000000000000001:1 -> of:000000000000000b:1,0.001,0.00125,0.001,0.001,1.33,2026-06-23T00:57:51,0.001,1.36
ip_shuffle,20260623T005751_197609,of:000000000000000b:2 -> of:000000000000000c:2,0.002,0.0025,0.002,0.002,1.46,2026-06-23T00:57:51,0.002,1.46
ip_shuffle,20260623T005751_197609,of:0000000000000001:2 -> of:000000000000000c:1,0.001,0.00125,0.001,0.001,1.33,2026-06-23T00:57:51,0.001,1.26
ip_shuffle,20260623T005751_197609,of:0000000000000006:2 -> of:000000000000000a:2,0.002,0.0025,0.002,0.002,1.43,2026-06-23T00:57:51,0.002,1.43
ip_shuffle,20260623T005751_197609,of:0000000000000001:3 -> of:000000000000000d:1,0.001,0.00125,0.001,0.001,1.43,2026-06-23T00:57:51,0.001,1.3
ip_shuffle,20260623T005751_197609,of:0000000000000003:1 -> of:000000000000000b:5,0.002,0.0025,0.002,0.001,1.33,2026-06-23T00:57:51,0.002,1.4
ip_shuffle,20260623T005751_197609,of:0000000000000006:1 -> of:000000000000000d:4,0.001,0.00125,0.001,0.001,1.3,2026-06-23T00:57:51,0.001,1.33
ip_shuffle,20260623T005751_197609,of:0000000000000007:2 -> of:000000000000000a:3,0.002,0.0025,0.002,0.002,1.43,2026-06-23T00:57:51,0.002,1.43
ip_shuffle,20260623T005751_197609,of:0000000000000007:1 -> of:000000000000000d:5,0.001,0.00125,0.001,0.001,1.36,2026-06-23T00:57:51,0.001,1.4
ip_shuffle,20260623T005751_197609,of:0000000000000002:2 -> of:0000000000000008:2,0.001,0.00125,0.001,0.001,1.36,2026-06-23T00:57:51,0.001,1.36
ip_shuffle,20260623T005751_197609,of:0000000000000003:2 -> of:0000000000000008:3,0.001,0.00125,0.001,0.001,1.36,2026-06-23T00:57:51,0.001,1.36
ip_shuffle,20260623T005751_197609,of:0000000000000008:1 -> of:000000000000000b:6,0.002,0.0025,0.002,0.001,1.36,2026-06-23T00:57:51,0.002,1.4
ip_shuffle,20260623T005751_197609,of:0000000000000004:2 -> of:0000000000000009:2,0.002,0.0025,0.002,0.002,1.4,2026-06-23T00:57:51,0.002,1.4
ip_shuffle,20260623T005751_197609,of:0000000000000002:1 -> of:000000000000000b:4,0.002,0.0025,0.002,0.002,1.43,2026-06-23T00:57:51,0.002,1.4
ip_shuffle,20260623T005751_197609,of:0000000000000009:1 -> of:000000000000000c:6,0.002,0.0025,0.002,0.001,1.36,2026-06-23T00:57:51,0.002,1.4
route_mutation,20260623T005902_310688,of:0000000000000004:1 -> of:000000000000000c:4,0.002,0.0025,0.002,0.002,2.03,2026-06-23T00:59:02,0.002,2.1
route_mutation,20260623T005902_310688,of:0000000000000005:1 -> of:000000000000000c:5,0.002,0.0025,0.002,0.002,2.3,2026-06-23T00:59:02,0.002,2.36
route_mutation,20260623T005902_310688,of:000000000000000a:1 -> of:000000000000000d:6,0.002,0.0025,0.002,0.002,2.06,2026-06-23T00:59:02,0.002,2.1
route_mutation,20260623T005902_310688,of:000000000000000b:3 -> of:000000000000000d:2,0.002,0.0025,0.002,0.002,2.93,2026-06-23T00:59:02,0.002,2.93
route_mutation,20260623T005902_310688,of:000000000000000c:3 -> of:000000000000000d:3,0.002,0.0025,0.002,0.002,2.93,2026-06-23T00:59:02,0.002,2.93
route_mutation,20260623T005902_310688,of:0000000000000005:2 -> of:0000000000000009:3,0.002,0.0025,0.002,0.002,2.83,2026-06-23T00:59:02,0.002,2.83
route_mutation,20260623T005902_310688,of:0000000000000001:1 -> of:000000000000000b:1,0.002,0.0025,0.002,0.002,2.1,2026-06-23T00:59:02,0.002,2.03
route_mutation,20260623T005902_310688,of:000000000000000b:2 -> of:000000000000000c:2,0.002,0.0025,0.002,0.002,2.86,2026-06-23T00:59:02,0.002,2.86
route_mutation,20260623T005902_310688,of:0000000000000001:2 -> of:000000000000000c:1,0.002,0.0025,0.002,0.002,2.43,2026-06-23T00:59:02,0.002,2.36
route_mutation,20260623T005902_310688,of:0000000000000006:2 -> of:000000000000000a:2,0.002,0.0025,0.002,0.002,2.86,2026-06-23T00:59:02,0.002,2.86
route_mutation,20260623T005902_310688,of:0000000000000001:3 -> of:000000000000000d:1,0.003,0.00375,0.003,0.003,4.23,2026-06-23T00:59:02,0.003,4.29
route_mutation,20260623T005902_310688,of:0000000000000003:1 -> of:000000000000000b:5,0.002,0.0025,0.002,0.002,2.03,2026-06-23T00:59:02,0.002,2.1
route_mutation,20260623T005902_310688,of:0000000000000006:1 -> of:000000000000000d:4,0.003,0.00375,0.003,0.003,3.33,2026-06-23T00:59:02,0.003,3.36
route_mutation,20260623T005902_310688,of:0000000000000007:2 -> of:000000000000000a:3,0.002,0.0025,0.002,0.002,2.79,2026-06-23T00:59:02,0.002,2.79
route_mutation,20260623T005902_310688,of:0000000000000007:1 -> of:000000000000000d:5,0.002,0.0025,0.002,0.002,3.06,2026-06-23T00:59:02,0.002,3.03
route_mutation,20260623T005902_310688,of:0000000000000002:2 -> of:0000000000000008:2,0.002,0.0025,0.002,0.002,2.83,2026-06-23T00:59:02,0.002,2.83
route_mutation,20260623T005902_310688,of:0000000000000003:2 -> of:0000000000000008:3,0.002,0.0025,0.002,0.002,2.83,2026-06-23T00:59:02,0.002,2.83
route_mutation,20260623T005902_310688,of:0000000000000008:1 -> of:000000000000000b:6,0.002,0.0025,0.002,0.002,2.0,2026-06-23T00:59:02,0.002,2.03
route_mutation,20260623T005902_310688,of:0000000000000004:2 -> of:0000000000000009:2,0.002,0.0025,0.002,0.002,2.83,2026-06-23T00:59:02,0.002,2.83
route_mutation,20260623T005902_310688,of:0000000000000002:1 -> of:000000000000000b:4,0.002,0.0025,0.002,0.002,2.03,2026-06-23T00:59:02,0.002,2.1
route_mutation,20260623T005902_310688,of:0000000000000009:1 -> of:000000000000000c:6,0.002,0.0025,0.002,0.002,2.0,2026-06-23T00:59:02,0.002,2.03
route_mutation,20260623T005932_740730,of:0000000000000004:1 -> of:000000000000000c:4,0.002,0.0025,0.002,0.002,1.5,2026-06-23T00:59:32,0.002,1.43
route_mutation,20260623T005932_740730,of:0000000000000005:1 -> of:000000000000000c:5,0.002,0.0025,0.002,0.002,1.5,2026-06-23T00:59:32,0.002,1.43
route_mutation,20260623T005932_740730,of:000000000000000a:1 -> of:000000000000000d:6,0.001,0.00125,0.001,0.001,1.4,2026-06-23T00:59:32,0.001,1.36
route_mutation,20260623T005932_740730,of:000000000000000b:3 -> of:000000000000000d:2,0.001,0.00125,0.001,0.001,1.46,2026-06-23T00:59:32,0.001,1.46
route_mutation,20260623T005932_740730,of:000000000000000c:3 -> of:000000000000000d:3,0.001,0.00125,0.001,0.001,1.46,2026-06-23T00:59:32,0.001,1.46
route_mutation,20260623T005932_740730,of:0000000000000005:2 -> of:0000000000000009:3,0.002,0.0025,0.002,0.002,1.63,2026-06-23T00:59:32,0.002,1.63
route_mutation,20260623T005932_740730,of:0000000000000001:1 -> of:000000000000000b:1,0.001,0.00125,0.001,0.001,1.36,2026-06-23T00:59:32,0.001,1.43
route_mutation,20260623T005932_740730,of:000000000000000b:2 -> of:000000000000000c:2,0.002,0.0025,0.002,0.002,1.53,2026-06-23T00:59:32,0.002,1.53
route_mutation,20260623T005932_740730,of:0000000000000001:2 -> of:000000000000000c:1,0.001,0.00125,0.001,0.001,1.36,2026-06-23T00:59:32,0.001,1.43
route_mutation,20260623T005932_740730,of:0000000000000006:2 -> of:000000000000000a:2,0.002,0.0025,0.002,0.002,1.6,2026-06-23T00:59:32,0.002,1.6
route_mutation,20260623T005932_740730,of:0000000000000001:3 -> of:000000000000000d:1,0.002,0.0025,0.002,0.002,1.76,2026-06-23T00:59:32,0.002,1.7
route_mutation,20260623T005932_740730,of:0000000000000003:1 -> of:000000000000000b:5,0.002,0.0025,0.002,0.002,1.5,2026-06-23T00:59:32,0.002,1.43
route_mutation,20260623T005932_740730,of:0000000000000006:1 -> of:000000000000000d:4,0.001,0.00125,0.001,0.001,1.4,2026-06-23T00:59:32,0.001,1.36
route_mutation,20260623T005932_740730,of:0000000000000007:2 -> of:000000000000000a:3,0.002,0.0025,0.002,0.002,1.6,2026-06-23T00:59:32,0.002,1.6
route_mutation,20260623T005932_740730,of:0000000000000007:1 -> of:000000000000000d:5,0.002,0.0025,0.002,0.002,1.73,2026-06-23T00:59:32,0.002,1.76
route_mutation,20260623T005932_740730,of:0000000000000002:2 -> of:0000000000000008:2,0.002,0.0025,0.002,0.002,1.63,2026-06-23T00:59:32,0.002,1.63
route_mutation,20260623T005932_740730,of:0000000000000003:2 -> of:0000000000000008:3,0.002,0.0025,0.002,0.002,1.63,2026-06-23T00:59:32,0.002,1.63
route_mutation,20260623T005932_740730,of:0000000000000008:1 -> of:000000000000000b:6,0.002,0.0025,0.002,0.002,1.46,2026-06-23T00:59:32,0.002,1.43
route_mutation,20260623T005932_740730,of:0000000000000004:2 -> of:0000000000000009:2,0.002,0.0025,0.002,0.002,1.63,2026-06-23T00:59:32,0.002,1.63
route_mutation,20260623T005932_740730,of:0000000000000002:1 -> of:000000000000000b:4,0.002,0.0025,0.002,0.002,1.5,2026-06-23T00:59:32,0.002,1.43
route_mutation,20260623T005932_740730,of:0000000000000009:1 -> of:000000000000000c:6,0.002,0.0025,0.002,0.002,1.46,2026-06-23T00:59:32,0.002,1.43
ip_shuffle,20260623T010003_204810,of:0000000000000004:1 -> of:000000000000000c:4,0.002,0.0025,0.002,0.002,2.13,2026-06-23T01:00:03,0.002,2.13
ip_shuffle,20260623T010003_204810,of:0000000000000005:1 -> of:000000000000000c:5,0.001,0.00125,0.001,0.001,1.46,2026-06-23T01:00:03,0.001,1.46
ip_shuffle,20260623T010003_204810,of:000000000000000a:1 -> of:000000000000000d:6,0.002,0.0025,0.002,0.002,1.53,2026-06-23T01:00:03,0.002,1.53
ip_shuffle,20260623T010003_204810,of:000000000000000b:3 -> of:000000000000000d:2,0.002,0.0025,0.002,0.002,1.73,2026-06-23T01:00:03,0.002,1.73
ip_shuffle,20260623T010003_204810,of:000000000000000c:3 -> of:000000000000000d:3,0.002,0.0025,0.002,0.002,1.73,2026-06-23T01:00:03,0.002,1.73
ip_shuffle,20260623T010003_204810,of:0000000000000005:2 -> of:0000000000000009:3,0.002,0.0025,0.002,0.002,1.66,2026-06-23T01:00:03,0.002,1.66
ip_shuffle,20260623T010003_204810,of:0000000000000001:1 -> of:000000000000000b:1,0.003,0.00375,0.003,0.003,3.6,2026-06-23T01:00:03,0.003,3.6
ip_shuffle,20260623T010003_204810,of:000000000000000b:2 -> of:000000000000000c:2,0.002,0.0025,0.002,0.002,1.73,2026-06-23T01:00:03,0.002,1.73
ip_shuffle,20260623T010003_204810,of:0000000000000001:2 -> of:000000000000000c:1,0.002,0.0025,0.002,0.002,2.13,2026-06-23T01:00:03,0.002,2.13
ip_shuffle,20260623T010003_204810,of:0000000000000006:2 -> of:000000000000000a:2,0.002,0.0025,0.002,0.002,1.66,2026-06-23T01:00:03,0.002,1.66
ip_shuffle,20260623T010003_204810,of:0000000000000001:3 -> of:000000000000000d:1,0.002,0.0025,0.002,0.002,1.53,2026-06-23T01:00:03,0.002,1.53
ip_shuffle,20260623T010003_204810,of:0000000000000003:1 -> of:000000000000000b:5,0.002,0.0025,0.002,0.002,2.5,2026-06-23T01:00:03,0.002,2.5
ip_shuffle,20260623T010003_204810,of:0000000000000006:1 -> of:000000000000000d:4,0.001,0.00125,0.001,0.001,1.46,2026-06-23T01:00:03,0.001,1.46
ip_shuffle,20260623T010003_204810,of:0000000000000007:2 -> of:000000000000000a:3,0.002,0.0025,0.002,0.002,1.73,2026-06-23T01:00:03,0.002,1.73
ip_shuffle,20260623T010003_204810,of:0000000000000007:1 -> of:000000000000000d:5,0.002,0.0025,0.002,0.002,1.53,2026-06-23T01:00:03,0.002,1.53
ip_shuffle,20260623T010003_204810,of:0000000000000002:2 -> of:0000000000000008:2,0.002,0.0025,0.002,0.002,1.66,2026-06-23T01:00:03,0.002,1.66
ip_shuffle,20260623T010003_204810,of:0000000000000003:2 -> of:0000000000000008:3,0.002,0.0025,0.002,0.002,1.66,2026-06-23T01:00:03,0.002,1.66
ip_shuffle,20260623T010003_204810,of:0000000000000008:1 -> of:000000000000000b:6,0.002,0.0025,0.002,0.002,1.53,2026-06-23T01:00:03,0.002,1.53
ip_shuffle,20260623T010003_204810,of:0000000000000004:2 -> of:0000000000000009:2,0.002,0.0025,0.002,0.002,1.66,2026-06-23T01:00:03,0.002,1.66
ip_shuffle,20260623T010003_204810,of:0000000000000002:1 -> of:000000000000000b:4,0.002,0.0025,0.002,0.002,2.5,2026-06-23T01:00:03,0.002,2.5
ip_shuffle,20260623T010003_204810,of:0000000000000009:1 -> of:000000000000000c:6,0.002,0.0025,0.002,0.002,1.53,2026-06-23T01:00:03,0.002,1.53
ip_shuffle,20260623T010101_064213,of:0000000000000004:1 -> of:000000000000000c:4,0.002,0.0025,0.002,0.002,1.66,2026-06-23T01:01:01,0.002,1.6
ip_shuffle,20260623T010101_064213,of:0000000000000005:1 -> of:000000000000000c:5,0.002,0.0025,0.002,0.002,1.66,2026-06-23T01:01:01,0.002,1.6
ip_shuffle,20260623T010101_064213,of:000000000000000a:1 -> of:000000000000000d:6,0.002,0.0025,0.002,0.002,1.56,2026-06-23T01:01:01,0.002,1.53
ip_shuffle,20260623T010101_064213,of:000000000000000b:3 -> of:000000000000000d:2,0.002,0.0025,0.002,0.002,1.83,2026-06-23T01:01:01,0.002,1.83
ip_shuffle,20260623T010101_064213,of:000000000000000c:3 -> of:000000000000000d:3,0.002,0.0025,0.002,0.002,1.8,2026-06-23T01:01:01,0.002,1.8
ip_shuffle,20260623T010101_064213,of:0000000000000005:2 -> of:0000000000000009:3,0.002,0.0025,0.002,0.002,1.96,2026-06-23T01:01:01,0.002,1.96
ip_shuffle,20260623T010101_064213,of:0000000000000001:1 -> of:000000000000000b:1,0.002,0.0025,0.002,0.002,1.63,2026-06-23T01:01:01,0.002,1.66
ip_shuffle,20260623T010101_064213,of:000000000000000b:2 -> of:000000000000000c:2,0.002,0.0025,0.002,0.002,1.89,2026-06-23T01:01:01,0.002,1.89
ip_shuffle,20260623T010101_064213,of:0000000000000001:2 -> of:000000000000000c:1,0.002,0.0025,0.002,0.002,1.6,2026-06-23T01:01:01,0.002,1.66
ip_shuffle,20260623T010101_064213,of:0000000000000006:2 -> of:000000000000000a:2,0.002,0.0025,0.002,0.002,1.93,2026-06-23T01:01:01,0.002,1.93
ip_shuffle,20260623T010101_064213,of:0000000000000001:3 -> of:000000000000000d:1,0.002,0.0025,0.002,0.002,2.39,2026-06-23T01:01:01,0.002,2.29
ip_shuffle,20260623T010101_064213,of:0000000000000003:1 -> of:000000000000000b:5,0.002,0.0025,0.002,0.002,1.66,2026-06-23T01:01:01,0.002,1.63
ip_shuffle,20260623T010101_064213,of:0000000000000006:1 -> of:000000000000000d:4,0.002,0.0025,0.002,0.002,1.56,2026-06-23T01:01:01,0.001,1.53
ip_shuffle,20260623T010101_064213,of:0000000000000007:2 -> of:000000000000000a:3,0.002,0.0025,0.002,0.002,1.93,2026-06-23T01:01:01,0.002,1.93
ip_shuffle,20260623T010101_064213,of:0000000000000007:1 -> of:000000000000000d:5,0.002,0.0025,0.002,0.002,2.26,2026-06-23T01:01:01,0.002,2.33
ip_shuffle,20260623T010101_064213,of:0000000000000002:2 -> of:0000000000000008:2,0.002,0.0025,0.002,0.002,1.96,2026-06-23T01:01:01,0.002,1.96
ip_shuffle,20260623T010101_064213,of:0000000000000003:2 -> of:0000000000000008:3,0.002,0.0025,0.002,0.002,1.96,2026-06-23T01:01:01,0.002,1.96
ip_shuffle,20260623T010101_064213,of:0000000000000008:1 -> of:000000000000000b:6,0.002,0.0025,0.002,0.002,1.63,2026-06-23T01:01:01,0.002,1.63
ip_shuffle,20260623T010101_064213,of:0000000000000004:2 -> of:0000000000000009:2,0.002,0.0025,0.002,0.002,1.96,2026-06-23T01:01:01,0.002,1.96
ip_shuffle,20260623T010101_064213,of:0000000000000002:1 -> of:000000000000000b:4,0.002,0.0025,0.002,0.002,1.66,2026-06-23T01:01:01,0.002,1.63
ip_shuffle,20260623T010101_064213,of:0000000000000009:1 -> of:000000000000000c:6,0.002,0.0025,0.002,0.002,1.63,2026-06-23T01:01:01,0.002,1.6
route_mutation,20260623T010159_058811,of:0000000000000004:1 -> of:000000000000000c:4,0.002,0.0025,0.002,0.002,2.49,2026-06-23T01:01:59,0.002,2.53
route_mutation,20260623T010159_058811,of:0000000000000005:1 -> of:000000000000000c:5,0.002,0.0025,0.002,0.002,2.53,2026-06-23T01:01:59,0.002,2.56
route_mutation,20260623T010159_058811,of:000000000000000a:1 -> of:000000000000000d:6,0.002,0.0025,0.002,0.002,1.7,2026-06-23T01:01:59,0.002,1.73
route_mutation,20260623T010159_058811,of:000000000000000b:3 -> of:000000000000000d:2,0.002,0.0025,0.002,0.002,2.16,2026-06-23T01:01:59,0.002,2.16
route_mutation,20260623T010159_058811,of:000000000000000c:3 -> of:000000000000000d:3,0.002,0.0025,0.002,0.002,2.23,2026-06-23T01:01:59,0.002,2.23
route_mutation,20260623T010159_058811,of:0000000000000005:2 -> of:0000000000000009:3,0.002,0.0025,0.002,0.002,2.09,2026-06-23T01:01:59,0.002,2.09
route_mutation,20260623T010159_058811,of:0000000000000001:1 -> of:000000000000000b:1,0.002,0.0025,0.002,0.002,1.86,2026-06-23T01:01:59,0.002,1.73
route_mutation,20260623T010159_058811,of:000000000000000b:2 -> of:000000000000000c:2,0.002,0.0025,0.002,0.002,2.13,2026-06-23T01:01:59,0.002,2.13
route_mutation,20260623T010159_058811,of:0000000000000001:2 -> of:000000000000000c:1,0.003,0.00375,0.003,0.003,3.33,2026-06-23T01:01:59,0.003,3.33
route_mutation,20260623T010159_058811,of:0000000000000006:2 -> of:000000000000000a:2,0.002,0.0025,0.002,0.002,2.03,2026-06-23T01:01:59,0.002,2.03
route_mutation,20260623T010159_058811,of:0000000000000001:3 -> of:000000000000000d:1,0.003,0.00375,0.003,0.003,2.86,2026-06-23T01:01:59,0.003,3.03
route_mutation,20260623T010159_058811,of:0000000000000003:1 -> of:000000000000000b:5,0.002,0.0025,0.002,0.002,1.73,2026-06-23T01:01:59,0.002,1.86
route_mutation,20260623T010159_058811,of:0000000000000006:1 -> of:000000000000000d:4,0.002,0.0025,0.002,0.002,2.73,2026-06-23T01:01:59,0.002,2.79
route_mutation,20260623T010159_058811,of:0000000000000007:2 -> of:000000000000000a:3,0.002,0.0025,0.002,0.002,2.03,2026-06-23T01:01:59,0.002,2.03
route_mutation,20260623T010159_058811,of:0000000000000007:1 -> of:000000000000000d:5,0.002,0.0025,0.002,0.002,1.96,2026-06-23T01:01:59,0.002,1.9
route_mutation,20260623T010159_058811,of:0000000000000002:2 -> of:0000000000000008:2,0.002,0.0025,0.002,0.002,2.13,2026-06-23T01:01:59,0.002,2.13
route_mutation,20260623T010159_058811,of:0000000000000003:2 -> of:0000000000000008:3,0.002,0.0025,0.002,0.002,2.13,2026-06-23T01:01:59,0.002,2.13
route_mutation,20260623T010159_058811,of:0000000000000008:1 -> of:000000000000000b:6,0.001,0.00125,0.001,0.001,1.63,2026-06-23T01:01:59,0.001,1.63
route_mutation,20260623T010159_058811,of:0000000000000004:2 -> of:0000000000000009:2,0.002,0.0025,0.002,0.002,2.09,2026-06-23T01:01:59,0.002,2.09
route_mutation,20260623T010159_058811,of:0000000000000002:1 -> of:000000000000000b:4,0.002,0.0025,0.002,0.002,1.7,2026-06-23T01:01:59,0.002,1.7
route_mutation,20260623T010159_058811,of:0000000000000009:1 -> of:000000000000000c:6,0.002,0.0025,0.002,0.002,1.7,2026-06-23T01:01:59,0.002,1.7
ip_shuffle,20260623T010229_327945,of:0000000000000004:1 -> of:000000000000000c:4,0.002,0.0025,0.002,0.002,1.76,2026-06-23T01:02:29,0.002,1.73
ip_shuffle,20260623T010229_327945,of:0000000000000005:1 -> of:000000000000000c:5,0.002,0.0025,0.002,0.002,1.76,2026-06-23T01:02:29,0.002,1.73
ip_shuffle,20260623T010229_327945,of:000000000000000a:1 -> of:000000000000000d:6,0.002,0.0025,0.002,0.002,1.73,2026-06-23T01:02:29,0.002,1.7
ip_shuffle,20260623T010229_327945,of:000000000000000b:3 -> of:000000000000000d:2,0.002,0.0025,0.002,0.002,2.16,2026-06-23T01:02:29,0.002,2.16
ip_shuffle,20260623T010229_327945,of:000000000000000c:3 -> of:000000000000000d:3,0.002,0.0025,0.002,0.002,2.1,2026-06-23T01:02:29,0.002,2.1
ip_shuffle,20260623T010229_327945,of:0000000000000005:2 -> of:0000000000000009:3,0.002,0.0025,0.002,0.002,2.3,2026-06-23T01:02:29,0.002,2.3
ip_shuffle,20260623T010229_327945,of:0000000000000001:1 -> of:000000000000000b:1,0.002,0.0025,0.002,0.002,1.8,2026-06-23T01:02:29,0.002,1.83
ip_shuffle,20260623T010229_327945,of:000000000000000b:2 -> of:000000000000000c:2,0.002,0.0025,0.002,0.002,2.2,2026-06-23T01:02:29,0.002,2.2
ip_shuffle,20260623T010229_327945,of:0000000000000001:2 -> of:000000000000000c:1,0.002,0.0025,0.002,0.002,1.73,2026-06-23T01:02:29,0.002,1.76
ip_shuffle,20260623T010229_327945,of:0000000000000006:2 -> of:000000000000000a:2,0.002,0.0025,0.002,0.002,2.3,2026-06-23T01:02:29,0.002,2.3
ip_shuffle,20260623T010229_327945,of:0000000000000001:3 -> of:000000000000000d:1,0.003,0.00375,0.003,0.003,3.16,2026-06-23T01:02:29,0.002,3.03
ip_shuffle,20260623T010229_327945,of:0000000000000003:1 -> of:000000000000000b:5,0.002,0.0025,0.002,0.002,1.83,2026-06-23T01:02:29,0.002,1.8
ip_shuffle,20260623T010229_327945,of:0000000000000006:1 -> of:000000000000000d:4,0.002,0.0025,0.002,0.002,1.83,2026-06-23T01:02:29,0.002,1.76
ip_shuffle,20260623T010229_327945,of:0000000000000007:2 -> of:000000000000000a:3,0.002,0.0025,0.002,0.002,2.3,2026-06-23T01:02:29,0.002,2.3
ip_shuffle,20260623T010229_327945,of:0000000000000007:1 -> of:000000000000000d:5,0.002,0.0025,0.002,0.002,2.86,2026-06-23T01:02:29,0.002,2.93
ip_shuffle,20260623T010229_327945,of:0000000000000002:2 -> of:0000000000000008:2,0.002,0.0025,0.002,0.002,2.3,2026-06-23T01:02:29,0.002,2.3
ip_shuffle,20260623T010229_327945,of:0000000000000003:2 -> of:0000000000000008:3,0.002,0.0025,0.002,0.002,2.3,2026-06-23T01:02:29,0.002,2.3
ip_shuffle,20260623T010229_327945,of:0000000000000008:1 -> of:000000000000000b:6,0.002,0.0025,0.002,0.002,1.8,2026-06-23T01:02:29,0.002,1.8
ip_shuffle,20260623T010229_327945,of:0000000000000004:2 -> of:0000000000000009:2,0.002,0.0025,0.002,0.002,2.3,2026-06-23T01:02:29,0.002,2.3
ip_shuffle,20260623T010229_327945,of:0000000000000002:1 -> of:000000000000000b:4,0.002,0.0025,0.002,0.002,1.83,2026-06-23T01:02:29,0.002,1.8
ip_shuffle,20260623T010229_327945,of:0000000000000009:1 -> of:000000000000000c:6,0.002,0.0025,0.002,0.002,1.73,2026-06-23T01:02:29,0.002,1.73
ip_shuffle,20260623T010327_101156,of:0000000000000004:1 -> of:000000000000000c:4,0.002,0.0025,0.002,0.002,2.49,2026-06-23T01:03:27,0.002,2.53
ip_shuffle,20260623T010327_101156,of:0000000000000005:1 -> of:000000000000000c:5,0.002,0.0025,0.002,0.002,2.49,2026-06-23T01:03:27,0.002,2.53
ip_shuffle,20260623T010327_101156,of:000000000000000a:1 -> of:000000000000000d:6,0.002,0.0025,0.002,0.002,1.66,2026-06-23T01:03:27,0.002,1.7
ip_shuffle,20260623T010327_101156,of:000000000000000b:3 -> of:000000000000000d:2,0.002,0.0025,0.002,0.002,2.1,2026-06-23T01:03:27,0.002,2.1
ip_shuffle,20260623T010327_101156,of:000000000000000c:3 -> of:000000000000000d:3,0.002,0.0025,0.002,0.002,2.16,2026-06-23T01:03:27,0.002,2.16
ip_shuffle,20260623T010327_101156,of:0000000000000005:2 -> of:0000000000000009:3,0.002,0.0025,0.002,0.002,2.03,2026-06-23T01:03:27,0.002,2.03
ip_shuffle,20260623T010327_101156,of:0000000000000001:1 -> of:000000000000000b:1,0.002,0.0025,0.002,0.002,2.23,2026-06-23T01:03:27,0.002,2.16
ip_shuffle,20260623T010327_101156,of:000000000000000b:2 -> of:000000000000000c:2,0.002,0.0025,0.002,0.002,2.06,2026-06-23T01:03:27,0.002,2.06
ip_shuffle,20260623T010327_101156,of:0000000000000001:2 -> of:000000000000000c:1,0.003,0.00375,0.003,0.003,3.33,2026-06-23T01:03:27,0.003,3.26
ip_shuffle,20260623T010327_101156,of:0000000000000006:2 -> of:000000000000000a:2,0.002,0.0025,0.002,0.002,1.96,2026-06-23T01:03:27,0.002,1.96
ip_shuffle,20260623T010327_101156,of:0000000000000001:3 -> of:000000000000000d:1,0.002,0.0025,0.002,0.002,2.46,2026-06-23T01:03:27,0.002,2.59
ip_shuffle,20260623T010327_101156,of:0000000000000003:1 -> of:000000000000000b:5,0.002,0.0025,0.002,0.002,2.2,2026-06-23T01:03:27,0.002,2.23
ip_shuffle,20260623T010327_101156,of:0000000000000006:1 -> of:000000000000000d:4,0.002,0.0025,0.002,0.002,2.56,2026-06-23T01:03:27,0.002,2.46
ip_shuffle,20260623T010327_101156,of:0000000000000007:2 -> of:000000000000000a:3,0.002,0.0025,0.002,0.002,2.0,2026-06-23T01:03:27,0.002,2.0
ip_shuffle,20260623T010327_101156,of:0000000000000007:1 -> of:000000000000000d:5,0.002,0.0025,0.002,0.002,1.66,2026-06-23T01:03:27,0.002,1.7
ip_shuffle,20260623T010327_101156,of:0000000000000002:2 -> of:0000000000000008:2,0.002,0.0025,0.002,0.002,2.03,2026-06-23T01:03:27,0.002,2.03
ip_shuffle,20260623T010327_101156,of:0000000000000003:2 -> of:0000000000000008:3,0.002,0.0025,0.002,0.002,2.03,2026-06-23T01:03:27,0.002,2.03
ip_shuffle,20260623T010327_101156,of:0000000000000008:1 -> of:000000000000000b:6,0.001,0.00125,0.001,0.001,1.6,2026-06-23T01:03:27,0.001,1.6
ip_shuffle,20260623T010327_101156,of:0000000000000004:2 -> of:0000000000000009:2,0.002,0.0025,0.002,0.002,2.03,2026-06-23T01:03:27,0.002,2.03
ip_shuffle,20260623T010327_101156,of:0000000000000002:1 -> of:000000000000000b:4,0.002,0.0025,0.002,0.002,1.63,2026-06-23T01:03:27,0.002,1.66
ip_shuffle,20260623T010327_101156,of:0000000000000009:1 -> of:000000000000000c:6,0.002,0.0025,0.002,0.002,1.66,2026-06-23T01:03:27,0.002,1.66
ip_shuffle,20260623T010424_946377,of:0000000000000004:1 -> of:000000000000000c:4,0.001,0.00125,0.001,0.001,1.36,2026-06-23T01:04:24,0.001,1.36
ip_shuffle,20260623T010424_946377,of:0000000000000005:1 -> of:000000000000000c:5,0.001,0.00125,0.001,0.001,1.36,2026-06-23T01:04:24,0.001,1.36
ip_shuffle,20260623T010424_946377,of:000000000000000a:1 -> of:000000000000000d:6,0.002,0.0025,0.002,0.002,1.43,2026-06-23T01:04:24,0.002,1.43
ip_shuffle,20260623T010424_946377,of:000000000000000b:3 -> of:000000000000000d:2,0.002,0.0025,0.002,0.002,1.53,2026-06-23T01:04:24,0.002,1.53
ip_shuffle,20260623T010424_946377,of:000000000000000c:3 -> of:000000000000000d:3,0.002,0.0025,0.002,0.002,1.53,2026-06-23T01:04:24,0.002,1.53
ip_shuffle,20260623T010424_946377,of:0000000000000005:2 -> of:0000000000000009:3,0.001,0.00125,0.001,0.001,1.46,2026-06-23T01:04:24,0.001,1.46
ip_shuffle,20260623T010424_946377,of:0000000000000001:1 -> of:000000000000000b:1,0.002,0.0025,0.002,0.002,2.46,2026-06-23T01:04:24,0.002,2.46
ip_shuffle,20260623T010424_946377,of:000000000000000b:2 -> of:000000000000000c:2,0.002,0.0025,0.002,0.002,1.53,2026-06-23T01:04:24,0.002,1.53
ip_shuffle,20260623T010424_946377,of:0000000000000001:2 -> of:000000000000000c:1,0.001,0.00125,0.001,0.001,1.36,2026-06-23T01:04:24,0.001,1.36
ip_shuffle,20260623T010424_946377,of:0000000000000006:2 -> of:000000000000000a:2,0.002,0.0025,0.002,0.002,1.53,2026-06-23T01:04:24,0.002,1.53
ip_shuffle,20260623T010424_946377,of:0000000000000001:3 -> of:000000000000000d:1,0.001,0.00125,0.001,0.001,1.36,2026-06-23T01:04:24,0.001,1.36
ip_shuffle,20260623T010424_946377,of:0000000000000003:1 -> of:000000000000000b:5,0.002,0.0025,0.002,0.002,1.46,2026-06-23T01:04:24,0.002,1.46
ip_shuffle,20260623T010424_946377,of:0000000000000006:1 -> of:000000000000000d:4,0.002,0.0025,0.002,0.002,1.43,2026-06-23T01:04:24,0.002,1.43
ip_shuffle,20260623T010424_946377,of:0000000000000007:2 -> of:000000000000000a:3,0.002,0.0025,0.002,0.002,1.53,2026-06-23T01:04:24,0.002,1.53
ip_shuffle,20260623T010424_946377,of:0000000000000007:1 -> of:000000000000000d:5,0.002,0.0025,0.002,0.002,1.43,2026-06-23T01:04:24,0.002,1.43
ip_shuffle,20260623T010424_946377,of:0000000000000002:2 -> of:0000000000000008:2,0.001,0.00125,0.001,0.001,1.46,2026-06-23T01:04:24,0.001,1.46
ip_shuffle,20260623T010424_946377,of:0000000000000003:2 -> of:0000000000000008:3,0.001,0.00125,0.001,0.001,1.46,2026-06-23T01:04:24,0.001,1.46
ip_shuffle,20260623T010424_946377,of:0000000000000008:1 -> of:000000000000000b:6,0.002,0.0025,0.002,0.002,1.43,2026-06-23T01:04:24,0.002,1.43
ip_shuffle,20260623T010424_946377,of:0000000000000004:2 -> of:0000000000000009:2,0.001,0.00125,0.001,0.001,1.46,2026-06-23T01:04:24,0.001,1.46
ip_shuffle,20260623T010424_946377,of:0000000000000002:1 -> of:000000000000000b:4,0.002,0.0025,0.002,0.002,2.4,2026-06-23T01:04:24,0.002,2.4
ip_shuffle,20260623T010424_946377,of:0000000000000009:1 -> of:000000000000000c:6,0.002,0.0025,0.002,0.002,1.43,2026-06-23T01:04:24,0.002,1.43
ip_shuffle,20260623T010522_856730,of:0000000000000004:1 -> of:000000000000000c:4,0.002,0.0025,0.002,0.002,2.06,2026-06-23T01:05:22,0.002,2.1
ip_shuffle,20260623T010522_856730,of:0000000000000005:1 -> of:000000000000000c:5,0.002,0.0025,0.002,0.002,2.16,2026-06-23T01:05:22,0.002,2.2
ip_shuffle,20260623T010522_856730,of:000000000000000a:1 -> of:000000000000000d:6,0.002,0.0025,0.002,0.002,2.1,2026-06-23T01:05:22,0.002,2.1
ip_shuffle,20260623T010522_856730,of:000000000000000b:3 -> of:000000000000000d:2,0.002,0.0025,0.002,0.002,2.86,2026-06-23T01:05:22,0.002,2.86
ip_shuffle,20260623T010522_856730,of:000000000000000c:3 -> of:000000000000000d:3,0.002,0.0025,0.002,0.002,2.86,2026-06-23T01:05:22,0.002,2.86
ip_shuffle,20260623T010522_856730,of:0000000000000005:2 -> of:0000000000000009:3,0.002,0.0025,0.002,0.002,2.96,2026-06-23T01:05:22,0.002,2.96
ip_shuffle,20260623T010522_856730,of:0000000000000001:1 -> of:000000000000000b:1,0.002,0.0025,0.002,0.002,2.1,2026-06-23T01:05:22,0.002,2.03
ip_shuffle,20260623T010522_856730,of:000000000000000b:2 -> of:000000000000000c:2,0.002,0.0025,0.002,0.002,2.86,2026-06-23T01:05:22,0.002,2.86
ip_shuffle,20260623T010522_856730,of:0000000000000001:2 -> of:000000000000000c:1,0.002,0.0025,0.002,0.002,2.2,2026-06-23T01:05:22,0.002,2.13
ip_shuffle,20260623T010522_856730,of:0000000000000006:2 -> of:000000000000000a:2,0.002,0.0025,0.002,0.002,2.96,2026-06-23T01:05:22,0.002,2.96
ip_shuffle,20260623T010522_856730,of:0000000000000001:3 -> of:000000000000000d:1,0.004,0.005,0.004,0.003,4.29,2026-06-23T01:05:22,0.004,4.43
ip_shuffle,20260623T010522_856730,of:0000000000000003:1 -> of:000000000000000b:5,0.002,0.0025,0.002,0.002,2.06,2026-06-23T01:05:22,0.002,2.1
ip_shuffle,20260623T010522_856730,of:0000000000000006:1 -> of:000000000000000d:4,0.003,0.00375,0.003,0.003,3.43,2026-06-23T01:05:22,0.003,3.46
ip_shuffle,20260623T010522_856730,of:0000000000000007:2 -> of:000000000000000a:3,0.002,0.0025,0.002,0.002,3.0,2026-06-23T01:05:22,0.002,3.0
ip_shuffle,20260623T010522_856730,of:0000000000000007:1 -> of:000000000000000d:5,0.003,0.00375,0.003,0.003,3.4,2026-06-23T01:05:22,0.003,3.33
ip_shuffle,20260623T010522_856730,of:0000000000000002:2 -> of:0000000000000008:2,0.002,0.0025,0.002,0.002,2.96,2026-06-23T01:05:22,0.002,2.96
ip_shuffle,20260623T010522_856730,of:0000000000000003:2 -> of:0000000000000008:3,0.002,0.0025,0.002,0.002,2.96,2026-06-23T01:05:22,0.002,2.96
ip_shuffle,20260623T010522_856730,of:0000000000000008:1 -> of:000000000000000b:6,0.002,0.0025,0.002,0.002,2.1,2026-06-23T01:05:22,0.002,2.1
ip_shuffle,20260623T010522_856730,of:0000000000000004:2 -> of:0000000000000009:2,0.002,0.0025,0.002,0.002,2.96,2026-06-23T01:05:22,0.002,2.96
ip_shuffle,20260623T010522_856730,of:0000000000000002:1 -> of:000000000000000b:4,0.002,0.0025,0.002,0.002,2.06,2026-06-23T01:05:22,0.002,2.1
ip_shuffle,20260623T010522_856730,of:0000000000000009:1 -> of:000000000000000c:6,0.002,0.0025,0.002,0.002,2.1,2026-06-23T01:05:22,0.002,2.1
ip_shuffle,20260623T010620_728664,of:0000000000000004:1 -> of:000000000000000c:4,0.002,0.0025,0.002,0.002,1.43,2026-06-23T01:06:20,0.002,1.4
ip_shuffle,20260623T010620_728664,of:0000000000000005:1 -> of:000000000000000c:5,0.002,0.0025,0.002,0.002,1.43,2026-06-23T01:06:20,0.002,1.4
ip_shuffle,20260623T010620_728664,of:000000000000000a:1 -> of:000000000000000d:6,0.002,0.0025,0.002,0.002,1.4,2026-06-23T01:06:20,0.002,1.43
ip_shuffle,20260623T010620_728664,of:000000000000000b:3 -> of:000000000000000d:2,0.002,0.0025,0.002,0.002,1.5,2026-06-23T01:06:20,0.002,1.5
ip_shuffle,20260623T010620_728664,of:000000000000000c:3 -> of:000000000000000d:3,0.002,0.0025,0.002,0.002,1.5,2026-06-23T01:06:20,0.002,1.5
ip_shuffle,20260623T010620_728664,of:0000000000000005:2 -> of:0000000000000009:3,0.002,0.0025,0.002,0.002,1.5,2026-06-23T01:06:20,0.002,1.5
ip_shuffle,20260623T010620_728664,of:0000000000000001:1 -> of:000000000000000b:1,0.001,0.00125,0.001,0.001,1.33,2026-06-23T01:06:20,0.001,1.4
ip_shuffle,20260623T010620_728664,of:000000000000000b:2 -> of:000000000000000c:2,0.002,0.0025,0.002,0.002,1.46,2026-06-23T01:06:20,0.002,1.46
ip_shuffle,20260623T010620_728664,of:0000000000000001:2 -> of:000000000000000c:1,0.001,0.00125,0.001,0.001,1.33,2026-06-23T01:06:20,0.001,1.4
ip_shuffle,20260623T010620_728664,of:0000000000000006:2 -> of:000000000000000a:2,0.002,0.0025,0.002,0.002,1.5,2026-06-23T01:06:20,0.002,1.5
ip_shuffle,20260623T010620_728664,of:0000000000000001:3 -> of:000000000000000d:1,0.002,0.0025,0.002,0.002,2.3,2026-06-23T01:06:20,0.002,2.13
ip_shuffle,20260623T010620_728664,of:0000000000000003:1 -> of:000000000000000b:5,0.001,0.00125,0.001,0.001,1.36,2026-06-23T01:06:20,0.001,1.33
ip_shuffle,20260623T010620_728664,of:0000000000000006:1 -> of:000000000000000d:4,0.002,0.0025,0.002,0.002,1.53,2026-06-23T01:06:20,0.002,1.53
ip_shuffle,20260623T010620_728664,of:0000000000000007:2 -> of:000000000000000a:3,0.002,0.0025,0.002,0.002,1.46,2026-06-23T01:06:20,0.002,1.46
ip_shuffle,20260623T010620_728664,of:0000000000000007:1 -> of:000000000000000d:5,0.002,0.0025,0.002,0.002,2.16,2026-06-23T01:06:20,0.002,2.26
ip_shuffle,20260623T010620_728664,of:0000000000000002:2 -> of:0000000000000008:2,0.001,0.00125,0.001,0.001,1.43,2026-06-23T01:06:20,0.001,1.43
ip_shuffle,20260623T010620_728664,of:0000000000000003:2 -> of:0000000000000008:3,0.001,0.00125,0.001,0.001,1.43,2026-06-23T01:06:20,0.001,1.43
ip_shuffle,20260623T010620_728664,of:0000000000000008:1 -> of:000000000000000b:6,0.002,0.0025,0.002,0.002,1.4,2026-06-23T01:06:20,0.002,1.4
ip_shuffle,20260623T010620_728664,of:0000000000000004:2 -> of:0000000000000009:2,0.002,0.0025,0.002,0.002,1.5,2026-06-23T01:06:20,0.002,1.5
ip_shuffle,20260623T010620_728664,of:0000000000000002:1 -> of:000000000000000b:4,0.001,0.00125,0.001,0.001,1.36,2026-06-23T01:06:20,0.001,1.33
ip_shuffle,20260623T010620_728664,of:0000000000000009:1 -> of:000000000000000c:6,0.002,0.0025,0.002,0.002,1.4,2026-06-23T01:06:20,0.002,1.4
route_mutation,20260623T010724_845978,of:0000000000000004:1 -> of:000000000000000c:4,0.002,0.0025,0.002,0.002,1.53,2026-06-23T01:07:24,0.002,1.49
route_mutation,20260623T010724_845978,of:0000000000000005:1 -> of:000000000000000c:5,0.002,0.0025,0.002,0.002,1.53,2026-06-23T01:07:24,0.002,1.49
route_mutation,20260623T010724_845978,of:000000000000000a:1 -> of:000000000000000d:6,0.002,0.0025,0.002,0.002,1.49,2026-06-23T01:07:24,0.002,1.46
route_mutation,20260623T010724_845978,of:000000000000000b:3 -> of:000000000000000d:2,0.002,0.0025,0.002,0.002,1.63,2026-06-23T01:07:24,0.002,1.63
route_mutation,20260623T010724_845978,of:000000000000000c:3 -> of:000000000000000d:3,0.002,0.0025,0.002,0.002,1.63,2026-06-23T01:07:24,0.002,1.63
route_mutation,20260623T010724_845978,of:0000000000000005:2 -> of:0000000000000009:3,0.002,0.0025,0.002,0.002,1.69,2026-06-23T01:07:24,0.002,1.69
route_mutation,20260623T010724_845978,of:0000000000000001:1 -> of:000000000000000b:1,0.001,0.00125,0.001,0.001,1.43,2026-06-23T01:07:24,0.001,1.49
route_mutation,20260623T010724_845978,of:000000000000000b:2 -> of:000000000000000c:2,0.002,0.0025,0.002,0.002,1.66,2026-06-23T01:07:24,0.002,1.66
route_mutation,20260623T010724_845978,of:0000000000000001:2 -> of:000000000000000c:1,0.001,0.00125,0.001,0.001,1.43,2026-06-23T01:07:24,0.001,1.49
route_mutation,20260623T010724_845978,of:0000000000000006:2 -> of:000000000000000a:2,0.002,0.0025,0.002,0.002,1.69,2026-06-23T01:07:24,0.002,1.69
route_mutation,20260623T010724_845978,of:0000000000000001:3 -> of:000000000000000d:1,0.002,0.0025,0.002,0.002,2.13,2026-06-23T01:07:24,0.002,1.96
route_mutation,20260623T010724_845978,of:0000000000000003:1 -> of:000000000000000b:5,0.001,0.00125,0.001,0.001,1.46,2026-06-23T01:07:24,0.001,1.43
route_mutation,20260623T010724_845978,of:0000000000000006:1 -> of:000000000000000d:4,0.002,0.0025,0.002,0.002,1.56,2026-06-23T01:07:24,0.002,1.49
route_mutation,20260623T010724_845978,of:0000000000000007:2 -> of:000000000000000a:3,0.002,0.0025,0.002,0.002,1.69,2026-06-23T01:07:24,0.002,1.69
route_mutation,20260623T010724_845978,of:0000000000000007:1 -> of:000000000000000d:5,0.002,0.0025,0.002,0.002,1.96,2026-06-23T01:07:24,0.002,1.99
route_mutation,20260623T010724_845978,of:0000000000000002:2 -> of:0000000000000008:2,0.002,0.0025,0.002,0.002,1.63,2026-06-23T01:07:24,0.002,1.63
route_mutation,20260623T010724_845978,of:0000000000000003:2 -> of:0000000000000008:3,0.002,0.0025,0.002,0.002,1.63,2026-06-23T01:07:24,0.002,1.63
route_mutation,20260623T010724_845978,of:0000000000000008:1 -> of:000000000000000b:6,0.002,0.0025,0.002,0.002,1.49,2026-06-23T01:07:24,0.002,1.49
route_mutation,20260623T010724_845978,of:0000000000000004:2 -> of:0000000000000009:2,0.002,0.0025,0.002,0.002,1.69,2026-06-23T01:07:24,0.002,1.69
route_mutation,20260623T010724_845978,of:0000000000000002:1 -> of:000000000000000b:4,0.001,0.00125,0.001,0.001,1.46,2026-06-23T01:07:24,0.001,1.43
route_mutation,20260623T010724_845978,of:0000000000000009:1 -> of:000000000000000c:6,0.002,0.0025,0.002,0.002,1.49,2026-06-23T01:07:24,0.002,1.49
ip_shuffle,20260623T010755_336724,of:0000000000000004:1 -> of:000000000000000c:4,0.002,0.0025,0.002,0.002,1.86,2026-06-23T01:07:55,0.002,1.86
ip_shuffle,20260623T010755_336724,of:0000000000000005:1 -> of:000000000000000c:5,0.001,0.00125,0.001,0.001,1.46,2026-06-23T01:07:55,0.001,1.46
ip_shuffle,20260623T010755_336724,of:000000000000000a:1 -> of:000000000000000d:6,0.002,0.0025,0.002,0.002,1.53,2026-06-23T01:07:55,0.002,1.53
ip_shuffle,20260623T010755_336724,of:000000000000000b:3 -> of:000000000000000d:2,0.002,0.0025,0.002,0.002,1.73,2026-06-23T01:07:55,0.002,1.73
ip_shuffle,20260623T010755_336724,of:000000000000000c:3 -> of:000000000000000d:3,0.002,0.0025,0.002,0.002,1.73,2026-06-23T01:07:55,0.002,1.73
ip_shuffle,20260623T010755_336724,of:0000000000000005:2 -> of:0000000000000009:3,0.002,0.0025,0.002,0.002,1.66,2026-06-23T01:07:55,0.002,1.66
ip_shuffle,20260623T010755_336724,of:0000000000000001:1 -> of:000000000000000b:1,0.003,0.00375,0.003,0.003,3.56,2026-06-23T01:07:55,0.003,3.56
ip_shuffle,20260623T010755_336724,of:000000000000000b:2 -> of:000000000000000c:2,0.002,0.0025,0.002,0.002,1.73,2026-06-23T01:07:55,0.002,1.73
ip_shuffle,20260623T010755_336724,of:0000000000000001:2 -> of:000000000000000c:1,0.002,0.0025,0.002,0.002,1.86,2026-06-23T01:07:55,0.002,1.86
ip_shuffle,20260623T010755_336724,of:0000000000000006:2 -> of:000000000000000a:2,0.002,0.0025,0.002,0.002,1.66,2026-06-23T01:07:55,0.002,1.66
ip_shuffle,20260623T010755_336724,of:0000000000000001:3 -> of:000000000000000d:1,0.002,0.0025,0.002,0.002,1.53,2026-06-23T01:07:55,0.002,1.53
ip_shuffle,20260623T010755_336724,of:0000000000000003:1 -> of:000000000000000b:5,0.002,0.0025,0.002,0.002,2.53,2026-06-23T01:07:55,0.002,2.53
ip_shuffle,20260623T010755_336724,of:0000000000000006:1 -> of:000000000000000d:4,0.001,0.00125,0.001,0.001,1.46,2026-06-23T01:07:55,0.001,1.46
ip_shuffle,20260623T010755_336724,of:0000000000000007:2 -> of:000000000000000a:3,0.002,0.0025,0.002,0.002,1.66,2026-06-23T01:07:55,0.002,1.66
ip_shuffle,20260623T010755_336724,of:0000000000000007:1 -> of:000000000000000d:5,0.001,0.00125,0.001,0.001,1.46,2026-06-23T01:07:55,0.001,1.46
ip_shuffle,20260623T010755_336724,of:0000000000000002:2 -> of:0000000000000008:2,0.002,0.0025,0.002,0.002,1.66,2026-06-23T01:07:55,0.002,1.66
ip_shuffle,20260623T010755_336724,of:0000000000000003:2 -> of:0000000000000008:3,0.002,0.0025,0.002,0.002,1.66,2026-06-23T01:07:55,0.002,1.66
ip_shuffle,20260623T010755_336724,of:0000000000000008:1 -> of:000000000000000b:6,0.001,0.00125,0.001,0.001,1.46,2026-06-23T01:07:55,0.001,1.46
ip_shuffle,20260623T010755_336724,of:0000000000000004:2 -> of:0000000000000009:2,0.002,0.0025,0.002,0.002,1.66,2026-06-23T01:07:55,0.002,1.66
ip_shuffle,20260623T010755_336724,of:0000000000000002:1 -> of:000000000000000b:4,0.002,0.0025,0.002,0.002,2.56,2026-06-23T01:07:55,0.002,2.56
ip_shuffle,20260623T010755_336724,of:0000000000000009:1 -> of:000000000000000c:6,0.002,0.0025,0.002,0.002,1.53,2026-06-23T01:07:55,0.002,1.53
route_mutation,20260623T010853_379323,of:0000000000000004:1 -> of:000000000000000c:4,0.002,0.0025,0.002,0.002,1.93,2026-06-23T01:08:53,0.002,1.9
route_mutation,20260623T010853_379323,of:0000000000000005:1 -> of:000000000000000c:5,0.002,0.0025,0.002,0.002,1.93,2026-06-23T01:08:53,0.002,1.9
route_mutation,20260623T010853_379323,of:000000000000000a:1 -> of:000000000000000d:6,0.002,0.0025,0.002,0.002,1.9,2026-06-23T01:08:53,0.002,1.9
route_mutation,20260623T010853_379323,of:000000000000000b:3 -> of:000000000000000d:2,0.002,0.0025,0.002,0.002,2.46,2026-06-23T01:08:53,0.002,2.46
route_mutation,20260623T010853_379323,of:000000000000000c:3 -> of:000000000000000d:3,0.002,0.0025,0.002,0.002,2.46,2026-06-23T01:08:53,0.002,2.46
route_mutation,20260623T010853_379323,of:0000000000000005:2 -> of:0000000000000009:3,0.002,0.0025,0.002,0.002,2.5,2026-06-23T01:08:53,0.002,2.5
route_mutation,20260623T010853_379323,of:0000000000000001:1 -> of:000000000000000b:1,0.002,0.0025,0.002,0.002,1.96,2026-06-23T01:08:53,0.002,2.0
route_mutation,20260623T010853_379323,of:000000000000000b:2 -> of:000000000000000c:2,0.002,0.0025,0.002,0.002,2.46,2026-06-23T01:08:53,0.002,2.46
route_mutation,20260623T010853_379323,of:0000000000000001:2 -> of:000000000000000c:1,0.002,0.0025,0.002,0.002,1.96,2026-06-23T01:08:53,0.002,2.0
route_mutation,20260623T010853_379323,of:0000000000000006:2 -> of:000000000000000a:2,0.002,0.0025,0.002,0.002,2.5,2026-06-23T01:08:53,0.002,2.5
route_mutation,20260623T010853_379323,of:0000000000000001:3 -> of:000000000000000d:1,0.003,0.00375,0.003,0.003,3.56,2026-06-23T01:08:53,0.003,3.59
route_mutation,20260623T010853_379323,of:0000000000000003:1 -> of:000000000000000b:5,0.002,0.0025,0.002,0.002,1.86,2026-06-23T01:08:53,0.002,1.83
route_mutation,20260623T010853_379323,of:0000000000000006:1 -> of:000000000000000d:4,0.002,0.0025,0.002,0.002,2.26,2026-06-23T01:08:53,0.002,2.3
route_mutation,20260623T010853_379323,of:0000000000000007:2 -> of:000000000000000a:3,0.002,0.0025,0.002,0.002,2.5,2026-06-23T01:08:53,0.002,2.5
route_mutation,20260623T010853_379323,of:0000000000000007:1 -> of:000000000000000d:5,0.003,0.00375,0.003,0.003,3.39,2026-06-23T01:08:53,0.003,3.36
route_mutation,20260623T010853_379323,of:0000000000000002:2 -> of:0000000000000008:2,0.002,0.0025,0.002,0.002,2.46,2026-06-23T01:08:53,0.002,2.46
route_mutation,20260623T010853_379323,of:0000000000000003:2 -> of:0000000000000008:3,0.002,0.0025,0.002,0.002,2.46,2026-06-23T01:08:53,0.002,2.46
route_mutation,20260623T010853_379323,of:0000000000000008:1 -> of:000000000000000b:6,0.002,0.0025,0.002,0.002,1.93,2026-06-23T01:08:53,0.002,1.9
route_mutation,20260623T010853_379323,of:0000000000000004:2 -> of:0000000000000009:2,0.002,0.0025,0.002,0.002,2.5,2026-06-23T01:08:53,0.002,2.5
route_mutation,20260623T010853_379323,of:0000000000000002:1 -> of:000000000000000b:4,0.002,0.0025,0.002,0.002,1.86,2026-06-23T01:08:53,0.002,1.83
route_mutation,20260623T010853_379323,of:0000000000000009:1 -> of:000000000000000c:6,0.002,0.0025,0.002,0.002,1.9,2026-06-23T01:08:53,0.002,1.9
ip_shuffle,20260623T010923_822809,of:0000000000000004:1 -> of:000000000000000c:4,0.001,0.00125,0.001,0.001,1.36,2026-06-23T01:09:23,0.001,1.36
ip_shuffle,20260623T010923_822809,of:0000000000000005:1 -> of:000000000000000c:5,0.001,0.00125,0.001,0.001,1.36,2026-06-23T01:09:23,0.001,1.36
ip_shuffle,20260623T010923_822809,of:000000000000000a:1 -> of:000000000000000d:6,0.002,0.0025,0.002,0.002,1.43,2026-06-23T01:09:23,0.002,1.43
ip_shuffle,20260623T010923_822809,of:000000000000000b:3 -> of:000000000000000d:2,0.002,0.0025,0.002,0.002,1.53,2026-06-23T01:09:23,0.002,1.53
ip_shuffle,20260623T010923_822809,of:000000000000000c:3 -> of:000000000000000d:3,0.002,0.0025,0.002,0.002,1.53,2026-06-23T01:09:23,0.002,1.53
ip_shuffle,20260623T010923_822809,of:0000000000000005:2 -> of:0000000000000009:3,0.001,0.00125,0.001,0.001,1.46,2026-06-23T01:09:23,0.001,1.46
ip_shuffle,20260623T010923_822809,of:0000000000000001:1 -> of:000000000000000b:1,0.003,0.00375,0.003,0.003,2.7,2026-06-23T01:09:23,0.003,2.7
ip_shuffle,20260623T010923_822809,of:000000000000000b:2 -> of:000000000000000c:2,0.002,0.0025,0.002,0.002,1.53,2026-06-23T01:09:23,0.002,1.53
ip_shuffle,20260623T010923_822809,of:0000000000000001:2 -> of:000000000000000c:1,0.002,0.0025,0.002,0.002,1.43,2026-06-23T01:09:23,0.002,1.43
ip_shuffle,20260623T010923_822809,of:0000000000000006:2 -> of:000000000000000a:2,0.001,0.00125,0.001,0.001,1.46,2026-06-23T01:09:23,0.001,1.46
ip_shuffle,20260623T010923_822809,of:0000000000000001:3 -> of:000000000000000d:1,0.002,0.0025,0.002,0.002,1.43,2026-06-23T01:09:23,0.002,1.43
ip_shuffle,20260623T010923_822809,of:0000000000000003:1 -> of:000000000000000b:5,0.002,0.0025,0.002,0.002,1.46,2026-06-23T01:09:23,0.002,1.46
ip_shuffle,20260623T010923_822809,of:0000000000000006:1 -> of:000000000000000d:4,0.001,0.00125,0.001,0.001,1.36,2026-06-23T01:09:23,0.001,1.36
ip_shuffle,20260623T010923_822809,of:0000000000000007:2 -> of:000000000000000a:3,0.001,0.00125,0.001,0.001,1.46,2026-06-23T01:09:23,0.001,1.46
ip_shuffle,20260623T010923_822809,of:0000000000000007:1 -> of:000000000000000d:5,0.001,0.00125,0.001,0.001,1.36,2026-06-23T01:09:23,0.001,1.36
ip_shuffle,20260623T010923_822809,of:0000000000000002:2 -> of:0000000000000008:2,0.001,0.00125,0.001,0.001,1.46,2026-06-23T01:09:23,0.001,1.46
ip_shuffle,20260623T010923_822809,of:0000000000000003:2 -> of:0000000000000008:3,0.001,0.00125,0.001,0.001,1.46,2026-06-23T01:09:23,0.001,1.46
ip_shuffle,20260623T010923_822809,of:0000000000000008:1 -> of:000000000000000b:6,0.001,0.00125,0.001,0.001,1.36,2026-06-23T01:09:23,0.001,1.36
ip_shuffle,20260623T010923_822809,of:0000000000000004:2 -> of:0000000000000009:2,0.001,0.00125,0.001,0.001,1.46,2026-06-23T01:09:23,0.001,1.46
ip_shuffle,20260623T010923_822809,of:0000000000000002:1 -> of:000000000000000b:4,0.002,0.0025,0.002,0.002,2.36,2026-06-23T01:09:23,0.002,2.36
ip_shuffle,20260623T010923_822809,of:0000000000000009:1 -> of:000000000000000c:6,0.002,0.0025,0.002,0.002,1.43,2026-06-23T01:09:23,0.002,1.43
ip_shuffle,20260623T011021_524381,of:0000000000000004:1 -> of:000000000000000c:4,0.002,0.0025,0.002,0.002,2.4,2026-06-23T01:10:21,0.002,2.43
ip_shuffle,20260623T011021_524381,of:0000000000000005:1 -> of:000000000000000c:5,0.002,0.0025,0.002,0.002,2.4,2026-06-23T01:10:21,0.002,2.43
ip_shuffle,20260623T011021_524381,of:000000000000000a:1 -> of:000000000000000d:6,0.002,0.0025,0.002,0.002,1.63,2026-06-23T01:10:21,0.002,1.63
ip_shuffle,20260623T011021_524381,of:000000000000000b:3 -> of:000000000000000d:2,0.002,0.0025,0.002,0.002,2.0,2026-06-23T01:10:21,0.002,2.0
ip_shuffle,20260623T011021_524381,of:000000000000000c:3 -> of:000000000000000d:3,0.002,0.0025,0.002,0.002,2.0,2026-06-23T01:10:21,0.002,2.0
ip_shuffle,20260623T011021_524381,of:0000000000000005:2 -> of:0000000000000009:3,0.002,0.0025,0.002,0.002,1.96,2026-06-23T01:10:21,0.002,1.96
ip_shuffle,20260623T011021_524381,of:0000000000000001:1 -> of:000000000000000b:1,0.002,0.0025,0.002,0.002,2.36,2026-06-23T01:10:21,0.002,2.43
ip_shuffle,20260623T011021_524381,of:000000000000000b:2 -> of:000000000000000c:2,0.002,0.0025,0.002,0.002,1.93,2026-06-23T01:10:21,0.002,1.93
ip_shuffle,20260623T011021_524381,of:0000000000000001:2 -> of:000000000000000c:1,0.003,0.00375,0.003,0.003,3.16,2026-06-23T01:10:21,0.003,3.23
ip_shuffle,20260623T011021_524381,of:0000000000000006:2 -> of:000000000000000a:2,0.002,0.0025,0.002,0.002,1.96,2026-06-23T01:10:21,0.002,1.96
ip_shuffle,20260623T011021_524381,of:0000000000000001:3 -> of:000000000000000d:1,0.003,0.00375,0.003,0.003,3.0,2026-06-23T01:10:21,0.003,2.96
ip_shuffle,20260623T011021_524381,of:0000000000000003:1 -> of:000000000000000b:5,0.002,0.0025,0.002,0.002,2.6,2026-06-23T01:10:21,0.002,2.63
ip_shuffle,20260623T011021_524381,of:0000000000000006:1 -> of:000000000000000d:4,0.002,0.0025,0.002,0.002,2.23,2026-06-23T01:10:21,0.002,2.13
ip_shuffle,20260623T011021_524381,of:0000000000000007:2 -> of:000000000000000a:3,0.002,0.0025,0.002,0.002,1.96,2026-06-23T01:10:21,0.002,1.96
ip_shuffle,20260623T011021_524381,of:0000000000000007:1 -> of:000000000000000d:5,0.002,0.0025,0.002,0.002,2.3,2026-06-23T01:10:21,0.002,2.33
ip_shuffle,20260623T011021_524381,of:0000000000000002:2 -> of:0000000000000008:2,0.002,0.0025,0.002,0.002,2.0,2026-06-23T01:10:21,0.002,2.0
ip_shuffle,20260623T011021_524381,of:0000000000000003:2 -> of:0000000000000008:3,0.002,0.0025,0.002,0.002,2.0,2026-06-23T01:10:21,0.002,2.0
ip_shuffle,20260623T011021_524381,of:0000000000000008:1 -> of:000000000000000b:6,0.002,0.0025,0.002,0.002,1.63,2026-06-23T01:10:21,0.002,1.63
ip_shuffle,20260623T011021_524381,of:0000000000000004:2 -> of:0000000000000009:2,0.002,0.0025,0.002,0.002,1.96,2026-06-23T01:10:21,0.002,1.96
ip_shuffle,20260623T011021_524381,of:0000000000000002:1 -> of:000000000000000b:4,0.002,0.0025,0.002,0.002,1.7,2026-06-23T01:10:21,0.002,1.73
ip_shuffle,20260623T011021_524381,of:0000000000000009:1 -> of:000000000000000c:6,0.001,0.00125,0.001,0.001,1.56,2026-06-23T01:10:21,0.001,1.56
route_mutation,20260623T011125_817362,of:0000000000000004:1 -> of:000000000000000c:4,0.002,0.0025,0.002,0.002,2.03,2026-06-23T01:11:25,0.002,2.03
route_mutation,20260623T011125_817362,of:0000000000000005:1 -> of:000000000000000c:5,0.001,0.00125,0.001,0.001,1.36,2026-06-23T01:11:25,0.001,1.36
route_mutation,20260623T011125_817362,of:000000000000000a:1 -> of:000000000000000d:6,0.001,0.00125,0.001,0.001,1.36,2026-06-23T01:11:25,0.001,1.36
route_mutation,20260623T011125_817362,of:000000000000000b:3 -> of:000000000000000d:2,0.001,0.00125,0.001,0.001,1.46,2026-06-23T01:11:25,0.001,1.46
route_mutation,20260623T011125_817362,of:000000000000000c:3 -> of:000000000000000d:3,0.001,0.00125,0.001,0.001,1.46,2026-06-23T01:11:25,0.001,1.46
route_mutation,20260623T011125_817362,of:0000000000000005:2 -> of:0000000000000009:3,0.001,0.00125,0.001,0.001,1.46,2026-06-23T01:11:25,0.001,1.46
route_mutation,20260623T011125_817362,of:0000000000000001:1 -> of:000000000000000b:1,0.002,0.0025,0.002,0.002,2.76,2026-06-23T01:11:25,0.002,2.76
route_mutation,20260623T011125_817362,of:000000000000000b:2 -> of:000000000000000c:2,0.001,0.00125,0.001,0.001,1.4,2026-06-23T01:11:25,0.001,1.4
route_mutation,20260623T011125_817362,of:0000000000000001:2 -> of:000000000000000c:1,0.002,0.0025,0.002,0.002,2.23,2026-06-23T01:11:25,0.002,2.23
route_mutation,20260623T011125_817362,of:0000000000000006:2 -> of:000000000000000a:2,0.001,0.00125,0.001,0.001,1.46,2026-06-23T01:11:25,0.001,1.46
route_mutation,20260623T011125_817362,of:0000000000000001:3 -> of:000000000000000d:1,0.001,0.00125,0.001,0.001,1.36,2026-06-23T01:11:25,0.001,1.36
route_mutation,20260623T011125_817362,of:0000000000000003:1 -> of:000000000000000b:5,0.002,0.0025,0.002,0.002,2.43,2026-06-23T01:11:25,0.002,2.43
route_mutation,20260623T011125_817362,of:0000000000000006:1 -> of:000000000000000d:4,0.002,0.0025,0.002,0.002,1.43,2026-06-23T01:11:25,0.002,1.43
route_mutation,20260623T011125_817362,of:0000000000000007:2 -> of:000000000000000a:3,0.001,0.00125,0.001,0.001,1.46,2026-06-23T01:11:25,0.001,1.46
route_mutation,20260623T011125_817362,of:0000000000000007:1 -> of:000000000000000d:5,0.002,0.0025,0.002,0.002,1.43,2026-06-23T01:11:25,0.002,1.43
route_mutation,20260623T011125_817362,of:0000000000000002:2 -> of:0000000000000008:2,0.002,0.0025,0.002,0.002,1.53,2026-06-23T01:11:25,0.002,1.53
route_mutation,20260623T011125_817362,of:0000000000000003:2 -> of:0000000000000008:3,0.002,0.0025,0.002,0.002,1.53,2026-06-23T01:11:25,0.002,1.53
route_mutation,20260623T011125_817362,of:0000000000000008:1 -> of:000000000000000b:6,0.001,0.00125,0.001,0.001,1.3,2026-06-23T01:11:25,0.001,1.3
route_mutation,20260623T011125_817362,of:0000000000000004:2 -> of:0000000000000009:2,0.001,0.00125,0.001,0.001,1.46,2026-06-23T01:11:25,0.001,1.46
route_mutation,20260623T011125_817362,of:0000000000000002:1 -> of:000000000000000b:4,0.002,0.0025,0.002,0.002,2.16,2026-06-23T01:11:25,0.002,2.16
route_mutation,20260623T011125_817362,of:0000000000000009:1 -> of:000000000000000c:6,0.001,0.00125,0.001,0.001,1.3,2026-06-23T01:11:25,0.001,1.3
route_mutation,20260623T011156_249044,of:0000000000000004:1 -> of:000000000000000c:4,0.002,0.0025,0.002,0.002,1.83,2026-06-23T01:11:56,0.002,1.86
route_mutation,20260623T011156_249044,of:0000000000000005:1 -> of:000000000000000c:5,0.002,0.0025,0.002,0.002,2.5,2026-06-23T01:11:56,0.002,2.53
route_mutation,20260623T011156_249044,of:000000000000000a:1 -> of:000000000000000d:6,0.002,0.0025,0.002,0.002,1.7,2026-06-23T01:11:56,0.002,1.73
route_mutation,20260623T011156_249044,of:000000000000000b:3 -> of:000000000000000d:2,0.002,0.0025,0.002,0.002,2.1,2026-06-23T01:11:56,0.002,2.1
route_mutation,20260623T011156_249044,of:000000000000000c:3 -> of:000000000000000d:3,0.002,0.0025,0.002,0.002,2.13,2026-06-23T01:11:56,0.002,2.13
route_mutation,20260623T011156_249044,of:0000000000000005:2 -> of:0000000000000009:3,0.002,0.0025,0.002,0.002,2.1,2026-06-23T01:11:56,0.002,2.1
route_mutation,20260623T011156_249044,of:0000000000000001:1 -> of:000000000000000b:1,0.002,0.0025,0.002,0.002,1.73,2026-06-23T01:11:56,0.002,1.83
route_mutation,20260623T011156_249044,of:000000000000000b:2 -> of:000000000000000c:2,0.002,0.0025,0.002,0.002,2.13,2026-06-23T01:11:56,0.002,2.13
route_mutation,20260623T011156_249044,of:0000000000000001:2 -> of:000000000000000c:1,0.002,0.0025,0.002,0.002,2.4,2026-06-23T01:11:56,0.002,2.5
route_mutation,20260623T011156_249044,of:0000000000000006:2 -> of:000000000000000a:2,0.002,0.0025,0.002,0.002,2.1,2026-06-23T01:11:56,0.002,2.1
route_mutation,20260623T011156_249044,of:0000000000000001:3 -> of:000000000000000d:1,0.002,0.0025,0.002,0.002,2.93,2026-06-23T01:11:56,0.002,2.86
route_mutation,20260623T011156_249044,of:0000000000000003:1 -> of:000000000000000b:5,0.002,0.0025,0.002,0.002,1.83,2026-06-23T01:11:56,0.002,1.73
route_mutation,20260623T011156_249044,of:0000000000000006:1 -> of:000000000000000d:4,0.002,0.0025,0.002,0.002,2.76,2026-06-23T01:11:56,0.002,2.7
route_mutation,20260623T011156_249044,of:0000000000000007:2 -> of:000000000000000a:3,0.002,0.0025,0.002,0.002,2.1,2026-06-23T01:11:56,0.002,2.1
route_mutation,20260623T011156_249044,of:0000000000000007:1 -> of:000000000000000d:5,0.002,0.0025,0.002,0.002,1.66,2026-06-23T01:11:56,0.002,1.7
route_mutation,20260623T011156_249044,of:0000000000000002:2 -> of:0000000000000008:2,0.002,0.0025,0.002,0.002,2.23,2026-06-23T01:11:56,0.002,2.23
route_mutation,20260623T011156_249044,of:0000000000000003:2 -> of:0000000000000008:3,0.002,0.0025,0.002,0.002,2.23,2026-06-23T01:11:56,0.002,2.23
route_mutation,20260623T011156_249044,of:0000000000000008:1 -> of:000000000000000b:6,0.002,0.0025,0.002,0.002,1.73,2026-06-23T01:11:56,0.002,1.73
route_mutation,20260623T011156_249044,of:0000000000000004:2 -> of:0000000000000009:2,0.002,0.0025,0.002,0.002,2.1,2026-06-23T01:11:56,0.002,2.1
route_mutation,20260623T011156_249044,of:0000000000000002:1 -> of:000000000000000b:4,0.002,0.0025,0.002,0.002,1.83,2026-06-23T01:11:56,0.002,1.73
route_mutation,20260623T011156_249044,of:0000000000000009:1 -> of:000000000000000c:6,0.002,0.0025,0.002,0.002,1.73,2026-06-23T01:11:56,0.002,1.73
ip_shuffle,20260623T011226_741564,of:0000000000000004:1 -> of:000000000000000c:4,0.002,0.0025,0.002,0.002,1.9,2026-06-23T01:12:26,0.002,1.86
ip_shuffle,20260623T011226_741564,of:0000000000000005:1 -> of:000000000000000c:5,0.002,0.0025,0.002,0.002,1.9,2026-06-23T01:12:26,0.002,1.86
ip_shuffle,20260623T011226_741564,of:000000000000000a:1 -> of:000000000000000d:6,0.002,0.0025,0.002,0.002,1.93,2026-06-23T01:12:26,0.002,1.9
ip_shuffle,20260623T011226_741564,of:000000000000000b:3 -> of:000000000000000d:2,0.002,0.0025,0.002,0.002,2.5,2026-06-23T01:12:26,0.002,2.5
ip_shuffle,20260623T011226_741564,of:000000000000000c:3 -> of:000000000000000d:3,0.002,0.0025,0.002,0.002,2.5,2026-06-23T01:12:26,0.002,2.5
ip_shuffle,20260623T011226_741564,of:0000000000000005:2 -> of:0000000000000009:3,0.002,0.0025,0.002,0.002,2.5,2026-06-23T01:12:26,0.002,2.5
ip_shuffle,20260623T011226_741564,of:0000000000000001:1 -> of:000000000000000b:1,0.002,0.0025,0.002,0.002,1.93,2026-06-23T01:12:26,0.002,1.83
ip_shuffle,20260623T011226_741564,of:000000000000000b:2 -> of:000000000000000c:2,0.002,0.0025,0.002,0.002,2.53,2026-06-23T01:12:26,0.002,2.53
ip_shuffle,20260623T011226_741564,of:0000000000000001:2 -> of:000000000000000c:1,0.002,0.0025,0.002,0.002,1.93,2026-06-23T01:12:26,0.002,1.83
ip_shuffle,20260623T011226_741564,of:0000000000000006:2 -> of:000000000000000a:2,0.002,0.0025,0.002,0.002,2.5,2026-06-23T01:12:26,0.002,2.5
ip_shuffle,20260623T011226_741564,of:0000000000000001:3 -> of:000000000000000d:1,0.003,0.00375,0.003,0.003,3.26,2026-06-23T01:12:26,0.003,3.33
ip_shuffle,20260623T011226_741564,of:0000000000000003:1 -> of:000000000000000b:5,0.002,0.0025,0.002,0.002,1.83,2026-06-23T01:12:26,0.002,1.93
ip_shuffle,20260623T011226_741564,of:0000000000000006:1 -> of:000000000000000d:4,0.002,0.0025,0.002,0.002,2.2,2026-06-23T01:12:26,0.002,2.26
ip_shuffle,20260623T011226_741564,of:0000000000000007:2 -> of:000000000000000a:3,0.002,0.0025,0.002,0.002,2.5,2026-06-23T01:12:26,0.002,2.5
ip_shuffle,20260623T011226_741564,of:0000000000000007:1 -> of:000000000000000d:5,0.003,0.00375,0.003,0.003,3.36,2026-06-23T01:12:26,0.003,3.33
ip_shuffle,20260623T011226_741564,of:0000000000000002:2 -> of:0000000000000008:2,0.002,0.0025,0.002,0.002,2.43,2026-06-23T01:12:26,0.002,2.43
ip_shuffle,20260623T011226_741564,of:0000000000000003:2 -> of:0000000000000008:3,0.002,0.0025,0.002,0.002,2.43,2026-06-23T01:12:26,0.002,2.43
ip_shuffle,20260623T011226_741564,of:0000000000000008:1 -> of:000000000000000b:6,0.002,0.0025,0.002,0.002,1.93,2026-06-23T01:12:26,0.002,1.93
ip_shuffle,20260623T011226_741564,of:0000000000000004:2 -> of:0000000000000009:2,0.002,0.0025,0.002,0.002,2.5,2026-06-23T01:12:26,0.002,2.5
ip_shuffle,20260623T011226_741564,of:0000000000000002:1 -> of:000000000000000b:4,0.002,0.0025,0.002,0.002,1.83,2026-06-23T01:12:26,0.002,1.93
ip_shuffle,20260623T011226_741564,of:0000000000000009:1 -> of:000000000000000c:6,0.002,0.0025,0.002,0.002,1.93,2026-06-23T01:12:26,0.002,1.93
route_mutation,20260623T011331_259378,of:0000000000000004:1 -> of:000000000000000c:4,0.002,0.0025,0.002,0.002,2.23,2026-06-23T01:13:31,0.002,2.23
route_mutation,20260623T011331_259378,of:0000000000000005:1 -> of:000000000000000c:5,0.002,0.0025,0.002,0.002,2.1,2026-06-23T01:13:31,0.002,2.1
route_mutation,20260623T011331_259378,of:000000000000000a:1 -> of:000000000000000d:6,0.001,0.00125,0.001,0.001,1.36,2026-06-23T01:13:31,0.001,1.36
route_mutation,20260623T011331_259378,of:000000000000000b:3 -> of:000000000000000d:2,0.001,0.00125,0.001,0.001,1.46,2026-06-23T01:13:31,0.001,1.46
route_mutation,20260623T011331_259378,of:000000000000000c:3 -> of:000000000000000d:3,0.001,0.00125,0.001,0.001,1.46,2026-06-23T01:13:31,0.001,1.46
route_mutation,20260623T011331_259378,of:0000000000000005:2 -> of:0000000000000009:3,0.002,0.0025,0.002,0.002,1.53,2026-06-23T01:13:31,0.002,1.53
route_mutation,20260623T011331_259378,of:0000000000000001:1 -> of:000000000000000b:1,0.002,0.0025,0.002,0.002,2.16,2026-06-23T01:13:31,0.002,2.2
route_mutation,20260623T011331_259378,of:000000000000000b:2 -> of:000000000000000c:2,0.002,0.0025,0.002,0.002,1.53,2026-06-23T01:13:31,0.002,1.53
route_mutation,20260623T011331_259378,of:0000000000000001:2 -> of:000000000000000c:1,0.003,0.00375,0.003,0.003,3.0,2026-06-23T01:13:31,0.003,3.03
route_mutation,20260623T011331_259378,of:0000000000000006:2 -> of:000000000000000a:2,0.002,0.0025,0.002,0.002,1.53,2026-06-23T01:13:31,0.002,1.53
route_mutation,20260623T011331_259378,of:0000000000000001:3 -> of:000000000000000d:1,0.002,0.0025,0.002,0.002,1.46,2026-06-23T01:13:31,0.002,1.46
route_mutation,20260623T011331_259378,of:0000000000000003:1 -> of:000000000000000b:5,0.002,0.0025,0.002,0.002,2.23,2026-06-23T01:13:31,0.002,2.16
route_mutation,20260623T011331_259378,of:0000000000000006:1 -> of:000000000000000d:4,0.001,0.00125,0.001,0.001,1.36,2026-06-23T01:13:31,0.001,1.36
route_mutation,20260623T011331_259378,of:0000000000000007:2 -> of:000000000000000a:3,0.002,0.0025,0.002,0.002,1.53,2026-06-23T01:13:31,0.002,1.53
route_mutation,20260623T011331_259378,of:0000000000000007:1 -> of:000000000000000d:5,0.001,0.00125,0.001,0.001,1.36,2026-06-23T01:13:31,0.001,1.36
route_mutation,20260623T011331_259378,of:0000000000000002:2 -> of:0000000000000008:2,0.002,0.0025,0.002,0.002,1.6,2026-06-23T01:13:31,0.002,1.6
route_mutation,20260623T011331_259378,of:0000000000000003:2 -> of:0000000000000008:3,0.002,0.0025,0.002,0.002,1.6,2026-06-23T01:13:31,0.002,1.6
route_mutation,20260623T011331_259378,of:0000000000000008:1 -> of:000000000000000b:6,0.002,0.0025,0.002,0.002,1.43,2026-06-23T01:13:31,0.002,1.43
route_mutation,20260623T011331_259378,of:0000000000000004:2 -> of:0000000000000009:2,0.002,0.0025,0.002,0.002,1.53,2026-06-23T01:13:31,0.002,1.53
route_mutation,20260623T011331_259378,of:0000000000000002:1 -> of:000000000000000b:4,0.002,0.0025,0.002,0.002,1.5,2026-06-23T01:13:31,0.002,1.43
route_mutation,20260623T011331_259378,of:0000000000000009:1 -> of:000000000000000c:6,0.002,0.0025,0.002,0.002,1.43,2026-06-23T01:13:31,0.002,1.43
ip_shuffle,20260623T011401_741583,of:0000000000000004:1 -> of:000000000000000c:4,0.002,0.0025,0.002,0.002,2.13,2026-06-23T01:14:01,0.002,2.2
ip_shuffle,20260623T011401_741583,of:0000000000000005:1 -> of:000000000000000c:5,0.002,0.0025,0.002,0.002,2.26,2026-06-23T01:14:01,0.002,2.33
ip_shuffle,20260623T011401_741583,of:000000000000000a:1 -> of:000000000000000d:6,0.002,0.0025,0.002,0.002,2.23,2026-06-23T01:14:01,0.002,2.26
ip_shuffle,20260623T011401_741583,of:000000000000000b:3 -> of:000000000000000d:2,0.002,0.0025,0.002,0.002,3.1,2026-06-23T01:14:01,0.002,3.1
ip_shuffle,20260623T011401_741583,of:000000000000000c:3 -> of:000000000000000d:3,0.002,0.0025,0.002,0.002,3.13,2026-06-23T01:14:01,0.002,3.13
ip_shuffle,20260623T011401_741583,of:0000000000000005:2 -> of:0000000000000009:3,0.002,0.0025,0.002,0.002,2.96,2026-06-23T01:14:01,0.002,2.96
ip_shuffle,20260623T011401_741583,of:0000000000000001:1 -> of:000000000000000b:1,0.002,0.0025,0.002,0.002,2.23,2026-06-23T01:14:01,0.002,2.3
ip_shuffle,20260623T011401_741583,of:000000000000000b:2 -> of:000000000000000c:2,0.002,0.0025,0.002,0.002,3.1,2026-06-23T01:14:01,0.002,3.1
ip_shuffle,20260623T011401_741583,of:0000000000000001:2 -> of:000000000000000c:1,0.002,0.0025,0.002,0.002,2.3,2026-06-23T01:14:01,0.002,2.33
ip_shuffle,20260623T011401_741583,of:0000000000000006:2 -> of:000000000000000a:2,0.002,0.0025,0.002,0.002,3.0,2026-06-23T01:14:01,0.002,3.0
ip_shuffle,20260623T011401_741583,of:0000000000000001:3 -> of:000000000000000d:1,0.004,0.005,0.004,0.004,4.49,2026-06-23T01:14:01,0.003,4.39
ip_shuffle,20260623T011401_741583,of:0000000000000003:1 -> of:000000000000000b:5,0.002,0.0025,0.002,0.002,2.3,2026-06-23T01:14:01,0.002,2.23
ip_shuffle,20260623T011401_741583,of:0000000000000006:1 -> of:000000000000000d:4,0.003,0.00375,0.003,0.003,3.36,2026-06-23T01:14:01,0.003,3.4
ip_shuffle,20260623T011401_741583,of:0000000000000007:2 -> of:000000000000000a:3,0.002,0.0025,0.002,0.002,3.06,2026-06-23T01:14:01,0.002,3.06
ip_shuffle,20260623T011401_741583,of:0000000000000007:1 -> of:000000000000000d:5,0.003,0.00375,0.003,0.003,3.2,2026-06-23T01:14:01,0.003,3.16
ip_shuffle,20260623T011401_741583,of:0000000000000002:2 -> of:0000000000000008:2,0.002,0.0025,0.002,0.002,3.13,2026-06-23T01:14:01,0.002,3.13
ip_shuffle,20260623T011401_741583,of:0000000000000003:2 -> of:0000000000000008:3,0.002,0.0025,0.002,0.002,3.13,2026-06-23T01:14:01,0.002,3.13
ip_shuffle,20260623T011401_741583,of:0000000000000008:1 -> of:000000000000000b:6,0.002,0.0025,0.002,0.002,2.23,2026-06-23T01:14:01,0.002,2.23
ip_shuffle,20260623T011401_741583,of:0000000000000004:2 -> of:0000000000000009:2,0.002,0.0025,0.002,0.002,2.96,2026-06-23T01:14:01,0.002,2.96
ip_shuffle,20260623T011401_741583,of:0000000000000002:1 -> of:000000000000000b:4,0.002,0.0025,0.002,0.002,2.3,2026-06-23T01:14:01,0.002,2.23
ip_shuffle,20260623T011401_741583,of:0000000000000009:1 -> of:000000000000000c:6,0.002,0.0025,0.002,0.002,2.23,2026-06-23T01:14:01,0.002,2.26
ip_shuffle,20260623T011459_712725,of:0000000000000004:1 -> of:000000000000000c:4,0.002,0.0025,0.002,0.002,2.06,2026-06-23T01:14:59,0.002,2.06
ip_shuffle,20260623T011459_712725,of:0000000000000005:1 -> of:000000000000000c:5,0.002,0.0025,0.002,0.002,1.53,2026-06-23T01:14:59,0.002,1.53
ip_shuffle,20260623T011459_712725,of:000000000000000a:1 -> of:000000000000000d:6,0.001,0.00125,0.001,0.001,1.46,2026-06-23T01:14:59,0.001,1.46
ip_shuffle,20260623T011459_712725,of:000000000000000b:3 -> of:000000000000000d:2,0.002,0.0025,0.002,0.002,1.66,2026-06-23T01:14:59,0.002,1.66
ip_shuffle,20260623T011459_712725,of:000000000000000c:3 -> of:000000000000000d:3,0.002,0.0025,0.002,0.002,1.66,2026-06-23T01:14:59,0.002,1.66
ip_shuffle,20260623T011459_712725,of:0000000000000005:2 -> of:0000000000000009:3,0.002,0.0025,0.002,0.002,1.73,2026-06-23T01:14:59,0.002,1.73
ip_shuffle,20260623T011459_712725,of:0000000000000001:1 -> of:000000000000000b:1,0.003,0.00375,0.003,0.003,3.59,2026-06-23T01:14:59,0.003,3.59
ip_shuffle,20260623T011459_712725,of:000000000000000b:2 -> of:000000000000000c:2,0.002,0.0025,0.002,0.002,1.73,2026-06-23T01:14:59,0.002,1.73
ip_shuffle,20260623T011459_712725,of:0000000000000001:2 -> of:000000000000000c:1,0.002,0.0025,0.002,0.002,2.26,2026-06-23T01:14:59,0.002,2.3
ip_shuffle,20260623T011459_712725,of:0000000000000006:2 -> of:000000000000000a:2,0.002,0.0025,0.002,0.002,1.73,2026-06-23T01:14:59,0.002,1.73
ip_shuffle,20260623T011459_712725,of:0000000000000001:3 -> of:000000000000000d:1,0.001,0.00125,0.001,0.001,1.46,2026-06-23T01:14:59,0.001,1.46
ip_shuffle,20260623T011459_712725,of:0000000000000003:1 -> of:000000000000000b:5,0.002,0.0025,0.002,0.002,2.5,2026-06-23T01:14:59,0.002,2.5
ip_shuffle,20260623T011459_712725,of:0000000000000006:1 -> of:000000000000000d:4,0.001,0.00125,0.001,0.001,1.46,2026-06-23T01:14:59,0.001,1.46
ip_shuffle,20260623T011459_712725,of:0000000000000007:2 -> of:000000000000000a:3,0.002,0.0025,0.002,0.002,1.73,2026-06-23T01:14:59,0.002,1.73
ip_shuffle,20260623T011459_712725,of:0000000000000007:1 -> of:000000000000000d:5,0.001,0.00125,0.001,0.001,1.46,2026-06-23T01:14:59,0.001,1.46
ip_shuffle,20260623T011459_712725,of:0000000000000002:2 -> of:0000000000000008:2,0.002,0.0025,0.002,0.002,1.66,2026-06-23T01:14:59,0.002,1.66
ip_shuffle,20260623T011459_712725,of:0000000000000003:2 -> of:0000000000000008:3,0.002,0.0025,0.002,0.002,1.66,2026-06-23T01:14:59,0.002,1.66
ip_shuffle,20260623T011459_712725,of:0000000000000008:1 -> of:000000000000000b:6,0.002,0.0025,0.002,0.002,1.53,2026-06-23T01:14:59,0.002,1.53
ip_shuffle,20260623T011459_712725,of:0000000000000004:2 -> of:0000000000000009:2,0.002,0.0025,0.002,0.002,1.73,2026-06-23T01:14:59,0.002,1.73
ip_shuffle,20260623T011459_712725,of:0000000000000002:1 -> of:000000000000000b:4,0.002,0.0025,0.002,0.002,2.5,2026-06-23T01:14:59,0.002,2.5
ip_shuffle,20260623T011459_712725,of:0000000000000009:1 -> of:000000000000000c:6,0.002,0.0025,0.002,0.002,1.53,2026-06-23T01:14:59,0.002,1.53
ip_shuffle,20260623T011610_589205,of:0000000000000004:1 -> of:000000000000000c:4,0.002,0.0025,0.002,0.002,2.09,2026-06-23T01:16:10,0.002,2.06
ip_shuffle,20260623T011610_589205,of:0000000000000005:1 -> of:000000000000000c:5,0.002,0.0025,0.002,0.002,2.06,2026-06-23T01:16:10,0.002,2.02
ip_shuffle,20260623T011610_589205,of:000000000000000a:1 -> of:000000000000000d:6,0.002,0.0025,0.002,0.002,1.89,2026-06-23T01:16:10,0.002,1.89
ip_shuffle,20260623T011610_589205,of:000000000000000b:3 -> of:000000000000000d:2,0.002,0.0025,0.002,0.002,2.55,2026-06-23T01:16:10,0.002,2.55
ip_shuffle,20260623T011610_589205,of:000000000000000c:3 -> of:000000000000000d:3,0.002,0.0025,0.002,0.002,2.52,2026-06-23T01:16:10,0.002,2.52
ip_shuffle,20260623T011610_589205,of:0000000000000005:2 -> of:0000000000000009:3,0.002,0.0025,0.002,0.002,2.69,2026-06-23T01:16:10,0.002,2.69
ip_shuffle,20260623T011610_589205,of:0000000000000001:1 -> of:000000000000000b:1,0.002,0.0025,0.002,0.002,1.82,2026-06-23T01:16:10,0.002,1.72
ip_shuffle,20260623T011610_589205,of:000000000000000b:2 -> of:000000000000000c:2,0.002,0.0025,0.002,0.002,2.45,2026-06-23T01:16:10,0.002,2.45
ip_shuffle,20260623T011610_589205,of:0000000000000001:2 -> of:000000000000000c:1,0.002,0.0025,0.002,0.002,1.82,2026-06-23T01:16:10,0.002,1.72
ip_shuffle,20260623T011610_589205,of:0000000000000006:2 -> of:000000000000000a:2,0.002,0.0025,0.002,0.002,2.55,2026-06-23T01:16:10,0.002,2.55
ip_shuffle,20260623T011610_589205,of:0000000000000001:3 -> of:000000000000000d:1,0.003,0.00375,0.003,0.003,3.25,2026-06-23T01:16:10,0.003,3.38
ip_shuffle,20260623T011610_589205,of:0000000000000003:1 -> of:000000000000000b:5,0.002,0.0025,0.002,0.002,1.82,2026-06-23T01:16:10,0.002,1.92
ip_shuffle,20260623T011610_589205,of:0000000000000006:1 -> of:000000000000000d:4,0.002,0.0025,0.002,0.002,2.12,2026-06-23T01:16:10,0.002,2.16
ip_shuffle,20260623T011610_589205,of:0000000000000007:2 -> of:000000000000000a:3,0.002,0.0025,0.002,0.002,2.49,2026-06-23T01:16:10,0.002,2.49
ip_shuffle,20260623T011610_589205,of:0000000000000007:1 -> of:000000000000000d:5,0.003,0.00375,0.003,0.003,3.45,2026-06-23T01:16:10,0.003,3.42
ip_shuffle,20260623T011610_589205,of:0000000000000002:2 -> of:0000000000000008:2,0.002,0.0025,0.002,0.002,2.45,2026-06-23T01:16:10,0.002,2.45
ip_shuffle,20260623T011610_589205,of:0000000000000003:2 -> of:0000000000000008:3,0.002,0.0025,0.002,0.002,2.45,2026-06-23T01:16:10,0.002,2.45
ip_shuffle,20260623T011610_589205,of:0000000000000008:1 -> of:000000000000000b:6,0.002,0.0025,0.002,0.002,1.86,2026-06-23T01:16:10,0.002,1.82
ip_shuffle,20260623T011610_589205,of:0000000000000004:2 -> of:0000000000000009:2,0.002,0.0025,0.002,0.002,2.69,2026-06-23T01:16:10,0.002,2.69
ip_shuffle,20260623T011610_589205,of:0000000000000002:1 -> of:000000000000000b:4,0.002,0.0025,0.002,0.002,1.79,2026-06-23T01:16:10,0.002,1.89
ip_shuffle,20260623T011610_589205,of:0000000000000009:1 -> of:000000000000000c:6,0.002,0.0025,0.002,0.002,1.82,2026-06-23T01:16:10,0.002,1.82
ip_shuffle,20260623T011714_892937,of:0000000000000004:1 -> of:000000000000000c:4,0.002,0.0025,0.002,0.002,2.5,2026-06-23T01:17:14,0.002,2.4
ip_shuffle,20260623T011714_892937,of:0000000000000005:1 -> of:000000000000000c:5,0.002,0.0025,0.002,0.002,2.5,2026-06-23T01:17:14,0.002,2.4
ip_shuffle,20260623T011714_892937,of:000000000000000a:1 -> of:000000000000000d:6,0.002,0.0025,0.002,0.002,1.6,2026-06-23T01:17:14,0.002,1.63
ip_shuffle,20260623T011714_892937,of:000000000000000b:3 -> of:000000000000000d:2,0.002,0.0025,0.002,0.002,1.9,2026-06-23T01:17:14,0.002,1.9
ip_shuffle,20260623T011714_892937,of:000000000000000c:3 -> of:000000000000000d:3,0.002,0.0025,0.002,0.002,1.9,2026-06-23T01:17:14,0.002,1.9
ip_shuffle,20260623T011714_892937,of:0000000000000005:2 -> of:0000000000000009:3,0.002,0.0025,0.002,0.002,1.96,2026-06-23T01:17:14,0.002,1.96
ip_shuffle,20260623T011714_892937,of:0000000000000001:1 -> of:000000000000000b:1,0.003,0.00375,0.003,0.003,2.86,2026-06-23T01:17:14,0.003,2.9
ip_shuffle,20260623T011714_892937,of:000000000000000b:2 -> of:000000000000000c:2,0.002,0.0025,0.002,0.002,1.86,2026-06-23T01:17:14,0.002,1.86
ip_shuffle,20260623T011714_892937,of:0000000000000001:2 -> of:000000000000000c:1,0.003,0.00375,0.003,0.003,3.19,2026-06-23T01:17:14,0.003,3.26
ip_shuffle,20260623T011714_892937,of:0000000000000006:2 -> of:000000000000000a:2,0.002,0.0025,0.002,0.002,1.83,2026-06-23T01:17:14,0.002,1.83
ip_shuffle,20260623T011714_892937,of:0000000000000001:3 -> of:000000000000000d:1,0.002,0.0025,0.002,0.002,2.23,2026-06-23T01:17:14,0.002,2.16
ip_shuffle,20260623T011714_892937,of:0000000000000003:1 -> of:000000000000000b:5,0.003,0.00375,0.003,0.003,2.83,2026-06-23T01:17:14,0.002,2.76
ip_shuffle,20260623T011714_892937,of:0000000000000006:1 -> of:000000000000000d:4,0.002,0.0025,0.002,0.002,2.0,2026-06-23T01:17:14,0.002,1.86
ip_shuffle,20260623T011714_892937,of:0000000000000007:2 -> of:000000000000000a:3,0.002,0.0025,0.002,0.002,1.86,2026-06-23T01:17:14,0.002,1.86
ip_shuffle,20260623T011714_892937,of:0000000000000007:1 -> of:000000000000000d:5,0.002,0.0025,0.002,0.002,1.6,2026-06-23T01:17:14,0.002,1.66
ip_shuffle,20260623T011714_892937,of:0000000000000002:2 -> of:0000000000000008:2,0.002,0.0025,0.002,0.002,1.93,2026-06-23T01:17:14,0.002,1.93
ip_shuffle,20260623T011714_892937,of:0000000000000003:2 -> of:0000000000000008:3,0.002,0.0025,0.002,0.002,1.93,2026-06-23T01:17:14,0.002,1.93
ip_shuffle,20260623T011714_892937,of:0000000000000008:1 -> of:000000000000000b:6,0.002,0.0025,0.002,0.002,1.6,2026-06-23T01:17:14,0.002,1.6
ip_shuffle,20260623T011714_892937,of:0000000000000004:2 -> of:0000000000000009:2,0.002,0.0025,0.002,0.002,1.96,2026-06-23T01:17:14,0.002,1.96
ip_shuffle,20260623T011714_892937,of:0000000000000002:1 -> of:000000000000000b:4,0.002,0.0025,0.002,0.002,1.7,2026-06-23T01:17:14,0.002,1.63
ip_shuffle,20260623T011714_892937,of:0000000000000009:1 -> of:000000000000000c:6,0.002,0.0025,0.002,0.002,1.6,2026-06-23T01:17:14,0.002,1.6
route_mutation,20260623T011819_355977,of:0000000000000004:1 -> of:000000000000000c:4,0.001,0.00125,0.001,0.001,1.3,2026-06-23T01:18:19,0.001,1.33
route_mutation,20260623T011819_355977,of:0000000000000005:1 -> of:000000000000000c:5,0.001,0.00125,0.001,0.001,1.3,2026-06-23T01:18:19,0.001,1.33
route_mutation,20260623T011819_355977,of:000000000000000a:1 -> of:000000000000000d:6,0.001,0.00125,0.001,0.001,1.4,2026-06-23T01:18:19,0.001,1.43
route_mutation,20260623T011819_355977,of:000000000000000b:3 -> of:000000000000000d:2,0.002,0.0025,0.002,0.002,1.56,2026-06-23T01:18:19,0.002,1.56
route_mutation,20260623T011819_355977,of:000000000000000c:3 -> of:000000000000000d:3,0.001,0.00125,0.001,0.001,1.5,2026-06-23T01:18:19,0.001,1.5
route_mutation,20260623T011819_355977,of:0000000000000005:2 -> of:0000000000000009:3,0.001,0.00125,0.001,0.001,1.5,2026-06-23T01:18:19,0.001,1.5
route_mutation,20260623T011819_355977,of:0000000000000001:1 -> of:000000000000000b:1,0.002,0.0025,0.002,0.002,1.76,2026-06-23T01:18:19,0.002,1.66
route_mutation,20260623T011819_355977,of:000000000000000b:2 -> of:000000000000000c:2,0.002,0.0025,0.002,0.002,1.53,2026-06-23T01:18:19,0.002,1.53
route_mutation,20260623T011819_355977,of:0000000000000001:2 -> of:000000000000000c:1,0.001,0.00125,0.001,0.001,1.4,2026-06-23T01:18:19,0.001,1.43
route_mutation,20260623T011819_355977,of:0000000000000006:2 -> of:000000000000000a:2,0.001,0.00125,0.001,0.001,1.5,2026-06-23T01:18:19,0.001,1.5
route_mutation,20260623T011819_355977,of:0000000000000001:3 -> of:000000000000000d:1,0.002,0.0025,0.002,0.002,2.26,2026-06-23T01:18:19,0.002,2.26
route_mutation,20260623T011819_355977,of:0000000000000003:1 -> of:000000000000000b:5,0.001,0.00125,0.001,0.001,1.43,2026-06-23T01:18:19,0.001,1.4
route_mutation,20260623T011819_355977,of:0000000000000006:1 -> of:000000000000000d:4,0.002,0.0025,0.002,0.001,1.5,2026-06-23T01:18:19,0.002,1.53
route_mutation,20260623T011819_355977,of:0000000000000007:2 -> of:000000000000000a:3,0.002,0.0025,0.002,0.002,1.56,2026-06-23T01:18:19,0.002,1.56
route_mutation,20260623T011819_355977,of:0000000000000007:1 -> of:000000000000000d:5,0.002,0.0025,0.002,0.002,2.1,2026-06-23T01:18:19,0.002,2.16
route_mutation,20260623T011819_355977,of:0000000000000002:2 -> of:0000000000000008:2,0.002,0.0025,0.002,0.002,1.56,2026-06-23T01:18:19,0.002,1.56
route_mutation,20260623T011819_355977,of:0000000000000003:2 -> of:0000000000000008:3,0.002,0.0025,0.002,0.002,1.56,2026-06-23T01:18:19,0.002,1.56
route_mutation,20260623T011819_355977,of:0000000000000008:1 -> of:000000000000000b:6,0.002,0.0025,0.002,0.002,1.46,2026-06-23T01:18:19,0.002,1.46
route_mutation,20260623T011819_355977,of:0000000000000004:2 -> of:0000000000000009:2,0.001,0.00125,0.001,0.001,1.5,2026-06-23T01:18:19,0.001,1.5
route_mutation,20260623T011819_355977,of:0000000000000002:1 -> of:000000000000000b:4,0.002,0.0025,0.002,0.002,1.6,2026-06-23T01:18:19,0.002,1.7
route_mutation,20260623T011819_355977,of:0000000000000009:1 -> of:000000000000000c:6,0.001,0.00125,0.001,0.001,1.4,2026-06-23T01:18:19,0.001,1.4
route_mutation,20260623T011849_734518,of:0000000000000004:1 -> of:000000000000000c:4,0.002,0.0025,0.002,0.002,2.26,2026-06-23T01:18:49,0.002,2.26
route_mutation,20260623T011849_734518,of:0000000000000005:1 -> of:000000000000000c:5,0.002,0.0025,0.002,0.002,2.13,2026-06-23T01:18:49,0.002,2.13
route_mutation,20260623T011849_734518,of:000000000000000a:1 -> of:000000000000000d:6,0.002,0.0025,0.002,0.002,1.46,2026-06-23T01:18:49,0.002,1.43
route_mutation,20260623T011849_734518,of:000000000000000b:3 -> of:000000000000000d:2,0.002,0.0025,0.002,0.002,1.56,2026-06-23T01:18:49,0.002,1.56
route_mutation,20260623T011849_734518,of:000000000000000c:3 -> of:000000000000000d:3,0.002,0.0025,0.002,0.002,1.56,2026-06-23T01:18:49,0.002,1.56
route_mutation,20260623T011849_734518,of:0000000000000005:2 -> of:0000000000000009:3,0.002,0.0025,0.002,0.002,1.6,2026-06-23T01:18:49,0.002,1.6
route_mutation,20260623T011849_734518,of:0000000000000001:1 -> of:000000000000000b:1,0.003,0.00375,0.003,0.003,3.23,2026-06-23T01:18:49,0.003,3.33
route_mutation,20260623T011849_734518,of:000000000000000b:2 -> of:000000000000000c:2,0.002,0.0025,0.002,0.002,1.6,2026-06-23T01:18:49,0.002,1.6
route_mutation,20260623T011849_734518,of:0000000000000001:2 -> of:000000000000000c:1,0.003,0.00375,0.003,0.003,2.96,2026-06-23T01:18:49,0.003,2.9
route_mutation,20260623T011849_734518,of:0000000000000006:2 -> of:000000000000000a:2,0.002,0.0025,0.002,0.002,1.6,2026-06-23T01:18:49,0.002,1.6
route_mutation,20260623T011849_734518,of:0000000000000001:3 -> of:000000000000000d:1,0.002,0.0025,0.002,0.002,1.46,2026-06-23T01:18:49,0.002,1.46
route_mutation,20260623T011849_734518,of:0000000000000003:1 -> of:000000000000000b:5,0.002,0.0025,0.002,0.002,2.46,2026-06-23T01:18:49,0.002,2.5
route_mutation,20260623T011849_734518,of:0000000000000006:1 -> of:000000000000000d:4,0.002,0.0025,0.002,0.002,1.53,2026-06-23T01:18:49,0.002,1.53
route_mutation,20260623T011849_734518,of:0000000000000007:2 -> of:000000000000000a:3,0.002,0.0025,0.002,0.002,1.63,2026-06-23T01:18:49,0.002,1.63
route_mutation,20260623T011849_734518,of:0000000000000007:1 -> of:000000000000000d:5,0.002,0.0025,0.002,0.002,1.5,2026-06-23T01:18:49,0.002,1.43
route_mutation,20260623T011849_734518,of:0000000000000002:2 -> of:0000000000000008:2,0.002,0.0025,0.002,0.002,1.56,2026-06-23T01:18:49,0.002,1.56
route_mutation,20260623T011849_734518,of:0000000000000003:2 -> of:0000000000000008:3,0.002,0.0025,0.002,0.002,1.56,2026-06-23T01:18:49,0.002,1.56
route_mutation,20260623T011849_734518,of:0000000000000008:1 -> of:000000000000000b:6,0.002,0.0025,0.002,0.002,1.46,2026-06-23T01:18:49,0.002,1.46
route_mutation,20260623T011849_734518,of:0000000000000004:2 -> of:0000000000000009:2,0.002,0.0025,0.002,0.002,1.6,2026-06-23T01:18:49,0.002,1.6
route_mutation,20260623T011849_734518,of:0000000000000002:1 -> of:000000000000000b:4,0.002,0.0025,0.002,0.002,2.3,2026-06-23T01:18:49,0.002,2.2
route_mutation,20260623T011849_734518,of:0000000000000009:1 -> of:000000000000000c:6,0.002,0.0025,0.002,0.002,1.46,2026-06-23T01:18:49,0.002,1.46
ip_shuffle,20260623T011919_999159,of:0000000000000004:1 -> of:000000000000000c:4,0.002,0.0025,0.002,0.002,2.23,2026-06-23T01:19:19,0.002,2.13
ip_shuffle,20260623T011919_999159,of:0000000000000005:1 -> of:000000000000000c:5,0.002,0.0025,0.002,0.002,2.36,2026-06-23T01:19:19,0.002,2.26
ip_shuffle,20260623T011919_999159,of:000000000000000a:1 -> of:000000000000000d:6,0.002,0.0025,0.002,0.002,2.06,2026-06-23T01:19:19,0.002,2.1
ip_shuffle,20260623T011919_999159,of:000000000000000b:3 -> of:000000000000000d:2,0.002,0.0025,0.002,0.002,2.9,2026-06-23T01:19:19,0.002,2.9
ip_shuffle,20260623T011919_999159,of:000000000000000c:3 -> of:000000000000000d:3,0.002,0.0025,0.002,0.002,2.96,2026-06-23T01:19:19,0.002,2.96
ip_shuffle,20260623T011919_999159,of:0000000000000005:2 -> of:0000000000000009:3,0.002,0.0025,0.002,0.002,2.96,2026-06-23T01:19:19,0.002,2.96
ip_shuffle,20260623T011919_999159,of:0000000000000001:1 -> of:000000000000000b:1,0.002,0.0025,0.002,0.002,2.0,2026-06-23T01:19:19,0.002,2.1
ip_shuffle,20260623T011919_999159,of:000000000000000b:2 -> of:000000000000000c:2,0.002,0.0025,0.002,0.002,2.86,2026-06-23T01:19:19,0.002,2.86
ip_shuffle,20260623T011919_999159,of:0000000000000001:2 -> of:000000000000000c:1,0.002,0.0025,0.002,0.002,2.16,2026-06-23T01:19:19,0.002,2.3
ip_shuffle,20260623T011919_999159,of:0000000000000006:2 -> of:000000000000000a:2,0.002,0.0025,0.002,0.002,2.96,2026-06-23T01:19:19,0.002,2.96
ip_shuffle,20260623T011919_999159,of:0000000000000001:3 -> of:000000000000000d:1,0.003,0.00375,0.003,0.003,4.26,2026-06-23T01:19:19,0.003,4.19
ip_shuffle,20260623T011919_999159,of:0000000000000003:1 -> of:000000000000000b:5,0.002,0.0025,0.002,0.002,2.16,2026-06-23T01:19:19,0.002,2.06
ip_shuffle,20260623T011919_999159,of:0000000000000006:1 -> of:000000000000000d:4,0.003,0.00375,0.003,0.003,3.36,2026-06-23T01:19:19,0.003,3.26
ip_shuffle,20260623T011919_999159,of:0000000000000007:2 -> of:000000000000000a:3,0.002,0.0025,0.002,0.002,2.8,2026-06-23T01:19:19,0.002,2.8
ip_shuffle,20260623T011919_999159,of:0000000000000007:1 -> of:000000000000000d:5,0.002,0.0025,0.002,0.002,2.93,2026-06-23T01:19:19,0.002,2.86
ip_shuffle,20260623T011919_999159,of:0000000000000002:2 -> of:0000000000000008:2,0.002,0.0025,0.002,0.002,2.96,2026-06-23T01:19:19,0.002,2.96
ip_shuffle,20260623T011919_999159,of:0000000000000003:2 -> of:0000000000000008:3,0.002,0.0025,0.002,0.002,2.96,2026-06-23T01:19:19,0.002,2.96
ip_shuffle,20260623T011919_999159,of:0000000000000008:1 -> of:000000000000000b:6,0.002,0.0025,0.002,0.002,2.0,2026-06-23T01:19:19,0.002,2.0
ip_shuffle,20260623T011919_999159,of:0000000000000004:2 -> of:0000000000000009:2,0.002,0.0025,0.002,0.002,2.96,2026-06-23T01:19:19,0.002,2.96
ip_shuffle,20260623T011919_999159,of:0000000000000002:1 -> of:000000000000000b:4,0.002,0.0025,0.002,0.002,2.16,2026-06-23T01:19:19,0.002,2.06
ip_shuffle,20260623T011919_999159,of:0000000000000009:1 -> of:000000000000000c:6,0.002,0.0025,0.002,0.002,2.06,2026-06-23T01:19:19,0.002,2.06
ip_shuffle,20260623T012017_882173,of:0000000000000004:1 -> of:000000000000000c:4,0.002,0.0025,0.002,0.002,2.16,2026-06-23T01:20:17,0.002,2.2
ip_shuffle,20260623T012017_882173,of:0000000000000005:1 -> of:000000000000000c:5,0.002,0.0025,0.002,0.002,1.56,2026-06-23T01:20:17,0.002,1.6
ip_shuffle,20260623T012017_882173,of:000000000000000a:1 -> of:000000000000000d:6,0.002,0.0025,0.002,0.002,1.56,2026-06-23T01:20:17,0.002,1.56
ip_shuffle,20260623T012017_882173,of:000000000000000b:3 -> of:000000000000000d:2,0.002,0.0025,0.002,0.002,1.8,2026-06-23T01:20:17,0.002,1.8
ip_shuffle,20260623T012017_882173,of:000000000000000c:3 -> of:000000000000000d:3,0.002,0.0025,0.002,0.002,1.8,2026-06-23T01:20:17,0.002,1.8
ip_shuffle,20260623T012017_882173,of:0000000000000005:2 -> of:0000000000000009:3,0.002,0.0025,0.002,0.002,1.76,2026-06-23T01:20:17,0.002,1.76
ip_shuffle,20260623T012017_882173,of:0000000000000001:1 -> of:000000000000000b:1,0.003,0.00375,0.003,0.003,3.63,2026-06-23T01:20:17,0.003,3.59
ip_shuffle,20260623T012017_882173,of:000000000000000b:2 -> of:000000000000000c:2,0.002,0.0025,0.002,0.002,1.8,2026-06-23T01:20:17,0.002,1.8
ip_shuffle,20260623T012017_882173,of:0000000000000001:2 -> of:000000000000000c:1,0.002,0.0025,0.002,0.002,2.16,2026-06-23T01:20:17,0.002,2.13
ip_shuffle,20260623T012017_882173,of:0000000000000006:2 -> of:000000000000000a:2,0.002,0.0025,0.002,0.002,1.7,2026-06-23T01:20:17,0.002,1.7
ip_shuffle,20260623T012017_882173,of:0000000000000001:3 -> of:000000000000000d:1,0.002,0.0025,0.002,0.002,2.13,2026-06-23T01:20:17,0.002,2.1
ip_shuffle,20260623T012017_882173,of:0000000000000003:1 -> of:000000000000000b:5,0.002,0.0025,0.002,0.002,2.56,2026-06-23T01:20:17,0.002,2.59
ip_shuffle,20260623T012017_882173,of:0000000000000006:1 -> of:000000000000000d:4,0.002,0.0025,0.002,0.002,2.0,2026-06-23T01:20:17,0.002,2.03
ip_shuffle,20260623T012017_882173,of:0000000000000007:2 -> of:000000000000000a:3,0.002,0.0025,0.002,0.002,1.86,2026-06-23T01:20:17,0.002,1.86
ip_shuffle,20260623T012017_882173,of:0000000000000007:1 -> of:000000000000000d:5,0.002,0.0025,0.002,0.002,1.63,2026-06-23T01:20:17,0.002,1.63
ip_shuffle,20260623T012017_882173,of:0000000000000002:2 -> of:0000000000000008:2,0.002,0.0025,0.002,0.002,1.76,2026-06-23T01:20:17,0.002,1.76
ip_shuffle,20260623T012017_882173,of:0000000000000003:2 -> of:0000000000000008:3,0.002,0.0025,0.002,0.002,1.76,2026-06-23T01:20:17,0.002,1.76
ip_shuffle,20260623T012017_882173,of:0000000000000008:1 -> of:000000000000000b:6,0.002,0.0025,0.002,0.002,1.56,2026-06-23T01:20:17,0.002,1.56
ip_shuffle,20260623T012017_882173,of:0000000000000004:2 -> of:0000000000000009:2,0.002,0.0025,0.002,0.002,1.76,2026-06-23T01:20:17,0.002,1.76
ip_shuffle,20260623T012017_882173,of:0000000000000002:1 -> of:000000000000000b:4,0.002,0.0025,0.002,0.002,2.56,2026-06-23T01:20:17,0.002,2.59
ip_shuffle,20260623T012017_882173,of:0000000000000009:1 -> of:000000000000000c:6,0.002,0.0025,0.002,0.002,1.56,2026-06-23T01:20:17,0.002,1.56
ip_shuffle,20260623T012115_777744,of:0000000000000004:1 -> of:000000000000000c:4,0.001,0.00125,0.001,0.001,1.5,2026-06-23T01:21:15,0.001,1.63
ip_shuffle,20260623T012115_777744,of:0000000000000005:1 -> of:000000000000000c:5,0.001,0.00125,0.001,0.001,1.5,2026-06-23T01:21:15,0.001,1.63
ip_shuffle,20260623T012115_777744,of:000000000000000a:1 -> of:000000000000000d:6,0.002,0.0025,0.002,0.002,1.76,2026-06-23T01:21:15,0.002,1.66
ip_shuffle,20260623T012115_777744,of:000000000000000b:3 -> of:000000000000000d:2,0.002,0.0025,0.002,0.002,2.1,2026-06-23T01:21:15,0.002,2.1
ip_shuffle,20260623T012115_777744,of:000000000000000c:3 -> of:000000000000000d:3,0.002,0.0025,0.002,0.002,2.03,2026-06-23T01:21:15,0.002,2.03
ip_shuffle,20260623T012115_777744,of:0000000000000005:2 -> of:0000000000000009:3,0.002,0.0025,0.002,0.002,2.06,2026-06-23T01:21:15,0.002,2.06
ip_shuffle,20260623T012115_777744,of:0000000000000001:1 -> of:000000000000000b:1,0.002,0.0025,0.002,0.002,1.7,2026-06-23T01:21:15,0.001,1.53
ip_shuffle,20260623T012115_777744,of:000000000000000b:2 -> of:000000000000000c:2,0.002,0.0025,0.002,0.002,2.13,2026-06-23T01:21:15,0.002,2.13
ip_shuffle,20260623T012115_777744,of:0000000000000001:2 -> of:000000000000000c:1,0.001,0.00125,0.001,0.001,1.63,2026-06-23T01:21:15,0.001,1.53
ip_shuffle,20260623T012115_777744,of:0000000000000006:2 -> of:000000000000000a:2,0.002,0.0025,0.002,0.002,2.13,2026-06-23T01:21:15,0.002,2.13
ip_shuffle,20260623T012115_777744,of:0000000000000001:3 -> of:000000000000000d:1,0.003,0.00375,0.003,0.002,2.83,2026-06-23T01:21:15,0.003,3.06
ip_shuffle,20260623T012115_777744,of:0000000000000003:1 -> of:000000000000000b:5,0.002,0.0025,0.002,0.001,1.53,2026-06-23T01:21:15,0.002,1.7
ip_shuffle,20260623T012115_777744,of:0000000000000006:1 -> of:000000000000000d:4,0.002,0.0025,0.002,0.002,1.56,2026-06-23T01:21:15,0.002,1.66
ip_shuffle,20260623T012115_777744,of:0000000000000007:2 -> of:000000000000000a:3,0.002,0.0025,0.002,0.002,2.13,2026-06-23T01:21:15,0.002,2.13
ip_shuffle,20260623T012115_777744,of:0000000000000007:1 -> of:000000000000000d:5,0.003,0.00375,0.003,0.003,3.06,2026-06-23T01:21:15,0.002,2.83
ip_shuffle,20260623T012115_777744,of:0000000000000002:2 -> of:0000000000000008:2,0.002,0.0025,0.002,0.002,2.1,2026-06-23T01:21:15,0.002,2.1
ip_shuffle,20260623T012115_777744,of:0000000000000003:2 -> of:0000000000000008:3,0.002,0.0025,0.002,0.002,2.1,2026-06-23T01:21:15,0.002,2.1
ip_shuffle,20260623T012115_777744,of:0000000000000008:1 -> of:000000000000000b:6,0.002,0.0025,0.002,0.002,1.76,2026-06-23T01:21:15,0.002,1.76
ip_shuffle,20260623T012115_777744,of:0000000000000004:2 -> of:0000000000000009:2,0.002,0.0025,0.002,0.002,2.06,2026-06-23T01:21:15,0.002,2.06
ip_shuffle,20260623T012115_777744,of:0000000000000002:1 -> of:000000000000000b:4,0.002,0.0025,0.002,0.001,1.53,2026-06-23T01:21:15,0.002,1.7
ip_shuffle,20260623T012115_777744,of:0000000000000009:1 -> of:000000000000000c:6,0.002,0.0025,0.002,0.002,1.76,2026-06-23T01:21:15,0.002,1.7
ip_shuffle,20260623T012213_573929,of:0000000000000004:1 -> of:000000000000000c:4,0.002,0.0025,0.002,0.002,2.53,2026-06-23T01:22:13,0.002,2.56
ip_shuffle,20260623T012213_573929,of:0000000000000005:1 -> of:000000000000000c:5,0.002,0.0025,0.002,0.002,2.53,2026-06-23T01:22:13,0.002,2.56
ip_shuffle,20260623T012213_573929,of:000000000000000a:1 -> of:000000000000000d:6,0.002,0.0025,0.002,0.002,1.76,2026-06-23T01:22:13,0.002,1.76
ip_shuffle,20260623T012213_573929,of:000000000000000b:3 -> of:000000000000000d:2,0.002,0.0025,0.002,0.002,2.2,2026-06-23T01:22:13,0.002,2.2
ip_shuffle,20260623T012213_573929,of:000000000000000c:3 -> of:000000000000000d:3,0.002,0.0025,0.002,0.002,2.2,2026-06-23T01:22:13,0.002,2.2
ip_shuffle,20260623T012213_573929,of:0000000000000005:2 -> of:0000000000000009:3,0.002,0.0025,0.002,0.002,2.1,2026-06-23T01:22:13,0.002,2.1
ip_shuffle,20260623T012213_573929,of:0000000000000001:1 -> of:000000000000000b:1,0.002,0.0025,0.002,0.002,1.93,2026-06-23T01:22:13,0.002,2.03
ip_shuffle,20260623T012213_573929,of:000000000000000b:2 -> of:000000000000000c:2,0.002,0.0025,0.002,0.002,2.2,2026-06-23T01:22:13,0.002,2.2
ip_shuffle,20260623T012213_573929,of:0000000000000001:2 -> of:000000000000000c:1,0.003,0.00375,0.003,0.003,3.36,2026-06-23T01:22:13,0.003,3.36
ip_shuffle,20260623T012213_573929,of:0000000000000006:2 -> of:000000000000000a:2,0.002,0.0025,0.002,0.002,2.2,2026-06-23T01:22:13,0.002,2.2
ip_shuffle,20260623T012213_573929,of:0000000000000001:3 -> of:000000000000000d:1,0.003,0.00375,0.003,0.003,3.19,2026-06-23T01:22:13,0.003,2.96
ip_shuffle,20260623T012213_573929,of:0000000000000003:1 -> of:000000000000000b:5,0.002,0.0025,0.002,0.002,2.03,2026-06-23T01:22:13,0.002,1.9
ip_shuffle,20260623T012213_573929,of:0000000000000006:1 -> of:000000000000000d:4,0.003,0.00375,0.003,0.003,2.86,2026-06-23T01:22:13,0.003,3.13
ip_shuffle,20260623T012213_573929,of:0000000000000007:2 -> of:000000000000000a:3,0.002,0.0025,0.002,0.002,2.2,2026-06-23T01:22:13,0.002,2.2
ip_shuffle,20260623T012213_573929,of:0000000000000007:1 -> of:000000000000000d:5,0.002,0.0025,0.002,0.002,1.83,2026-06-23T01:22:13,0.002,1.9
ip_shuffle,20260623T012213_573929,of:0000000000000002:2 -> of:0000000000000008:2,0.002,0.0025,0.002,0.002,2.16,2026-06-23T01:22:13,0.002,2.16
ip_shuffle,20260623T012213_573929,of:0000000000000003:2 -> of:0000000000000008:3,0.002,0.0025,0.002,0.002,2.16,2026-06-23T01:22:13,0.002,2.16
ip_shuffle,20260623T012213_573929,of:0000000000000008:1 -> of:000000000000000b:6,0.002,0.0025,0.002,0.002,1.76,2026-06-23T01:22:13,0.002,1.76
ip_shuffle,20260623T012213_573929,of:0000000000000004:2 -> of:0000000000000009:2,0.002,0.0025,0.002,0.002,2.1,2026-06-23T01:22:13,0.002,2.1
ip_shuffle,20260623T012213_573929,of:0000000000000002:1 -> of:000000000000000b:4,0.002,0.0025,0.002,0.002,1.73,2026-06-23T01:22:13,0.002,1.76
ip_shuffle,20260623T012213_573929,of:0000000000000009:1 -> of:000000000000000c:6,0.002,0.0025,0.002,0.002,1.7,2026-06-23T01:22:13,0.002,1.7
route_mutation,20260623T012311_442206,of:0000000000000004:1 -> of:000000000000000c:4,0.002,0.0025,0.002,0.002,1.43,2026-06-23T01:23:11,0.002,1.43
route_mutation,20260623T012311_442206,of:0000000000000005:1 -> of:000000000000000c:5,0.002,0.0025,0.002,0.002,1.43,2026-06-23T01:23:11,0.002,1.43
route_mutation,20260623T012311_442206,of:000000000000000a:1 -> of:000000000000000d:6,0.002,0.0025,0.002,0.002,1.43,2026-06-23T01:23:11,0.002,1.43
route_mutation,20260623T012311_442206,of:000000000000000b:3 -> of:000000000000000d:2,0.002,0.0025,0.002,0.002,1.53,2026-06-23T01:23:11,0.002,1.53
route_mutation,20260623T012311_442206,of:000000000000000c:3 -> of:000000000000000d:3,0.002,0.0025,0.002,0.002,1.53,2026-06-23T01:23:11,0.002,1.53
route_mutation,20260623T012311_442206,of:0000000000000005:2 -> of:0000000000000009:3,0.002,0.0025,0.002,0.002,1.6,2026-06-23T01:23:11,0.002,1.6
route_mutation,20260623T012311_442206,of:0000000000000001:1 -> of:000000000000000b:1,0.002,0.0025,0.002,0.002,1.73,2026-06-23T01:23:11,0.002,1.73
route_mutation,20260623T012311_442206,of:000000000000000b:2 -> of:000000000000000c:2,0.002,0.0025,0.002,0.002,1.53,2026-06-23T01:23:11,0.002,1.53
route_mutation,20260623T012311_442206,of:0000000000000001:2 -> of:000000000000000c:1,0.002,0.0025,0.002,0.002,1.43,2026-06-23T01:23:11,0.002,1.43
route_mutation,20260623T012311_442206,of:0000000000000006:2 -> of:000000000000000a:2,0.001,0.00125,0.001,0.001,1.46,2026-06-23T01:23:11,0.001,1.46
route_mutation,20260623T012311_442206,of:0000000000000001:3 -> of:000000000000000d:1,0.002,0.0025,0.002,0.002,1.53,2026-06-23T01:23:11,0.002,1.53
route_mutation,20260623T012311_442206,of:0000000000000003:1 -> of:000000000000000b:5,0.002,0.0025,0.002,0.002,1.43,2026-06-23T01:23:11,0.002,1.43
route_mutation,20260623T012311_442206,of:0000000000000006:1 -> of:000000000000000d:4,0.002,0.0025,0.002,0.002,1.46,2026-06-23T01:23:11,0.002,1.46
route_mutation,20260623T012311_442206,of:0000000000000007:2 -> of:000000000000000a:3,0.001,0.00125,0.001,0.001,1.46,2026-06-23T01:23:11,0.001,1.46
route_mutation,20260623T012311_442206,of:0000000000000007:1 -> of:000000000000000d:5,0.001,0.00125,0.001,0.001,1.36,2026-06-23T01:23:11,0.001,1.36
route_mutation,20260623T012311_442206,of:0000000000000002:2 -> of:0000000000000008:2,0.001,0.00125,0.001,0.001,1.46,2026-06-23T01:23:11,0.001,1.46
route_mutation,20260623T012311_442206,of:0000000000000003:2 -> of:0000000000000008:3,0.001,0.00125,0.001,0.001,1.46,2026-06-23T01:23:11,0.001,1.46
route_mutation,20260623T012311_442206,of:0000000000000008:1 -> of:000000000000000b:6,0.001,0.00125,0.001,0.001,1.36,2026-06-23T01:23:11,0.001,1.36
route_mutation,20260623T012311_442206,of:0000000000000004:2 -> of:0000000000000009:2,0.002,0.0025,0.002,0.002,1.6,2026-06-23T01:23:11,0.002,1.6
route_mutation,20260623T012311_442206,of:0000000000000002:1 -> of:000000000000000b:4,0.002,0.0025,0.002,0.002,1.8,2026-06-23T01:23:11,0.002,1.8
route_mutation,20260623T012311_442206,of:0000000000000009:1 -> of:000000000000000c:6,0.002,0.0025,0.002,0.002,1.5,2026-06-23T01:23:11,0.002,1.5
ip_shuffle,20260623T012341_885220,of:0000000000000004:1 -> of:000000000000000c:4,0.002,0.0025,0.002,0.002,2.3,2026-06-23T01:23:41,0.002,2.23
ip_shuffle,20260623T012341_885220,of:0000000000000005:1 -> of:000000000000000c:5,0.002,0.0025,0.002,0.002,2.26,2026-06-23T01:23:41,0.002,2.2
ip_shuffle,20260623T012341_885220,of:000000000000000a:1 -> of:000000000000000d:6,0.002,0.0025,0.002,0.002,1.43,2026-06-23T01:23:41,0.002,1.43
ip_shuffle,20260623T012341_885220,of:000000000000000b:3 -> of:000000000000000d:2,0.002,0.0025,0.002,0.002,1.53,2026-06-23T01:23:41,0.002,1.53
ip_shuffle,20260623T012341_885220,of:000000000000000c:3 -> of:000000000000000d:3,0.002,0.0025,0.002,0.002,1.53,2026-06-23T01:23:41,0.002,1.53
ip_shuffle,20260623T012341_885220,of:0000000000000005:2 -> of:0000000000000009:3,0.002,0.0025,0.002,0.002,1.7,2026-06-23T01:23:41,0.002,1.7
ip_shuffle,20260623T012341_885220,of:0000000000000001:1 -> of:000000000000000b:1,0.003,0.00375,0.003,0.003,3.16,2026-06-23T01:23:41,0.003,3.2
ip_shuffle,20260623T012341_885220,of:000000000000000b:2 -> of:000000000000000c:2,0.002,0.0025,0.002,0.002,1.53,2026-06-23T01:23:41,0.002,1.53
ip_shuffle,20260623T012341_885220,of:0000000000000001:2 -> of:000000000000000c:1,0.003,0.00375,0.003,0.003,3.0,2026-06-23T01:23:41,0.003,3.03
ip_shuffle,20260623T012341_885220,of:0000000000000006:2 -> of:000000000000000a:2,0.002,0.0025,0.002,0.002,1.6,2026-06-23T01:23:41,0.002,1.6
ip_shuffle,20260623T012341_885220,of:0000000000000001:3 -> of:000000000000000d:1,0.002,0.0025,0.002,0.002,1.53,2026-06-23T01:23:41,0.002,1.53
ip_shuffle,20260623T012341_885220,of:0000000000000003:1 -> of:000000000000000b:5,0.002,0.0025,0.002,0.002,2.53,2026-06-23T01:23:41,0.002,2.46
ip_shuffle,20260623T012341_885220,of:0000000000000006:1 -> of:000000000000000d:4,0.002,0.0025,0.002,0.002,1.56,2026-06-23T01:23:41,0.002,1.6
ip_shuffle,20260623T012341_885220,of:0000000000000007:2 -> of:000000000000000a:3,0.002,0.0025,0.002,0.002,1.6,2026-06-23T01:23:41,0.002,1.6
ip_shuffle,20260623T012341_885220,of:0000000000000007:1 -> of:000000000000000d:5,0.002,0.0025,0.002,0.002,1.53,2026-06-23T01:23:41,0.002,1.43
ip_shuffle,20260623T012341_885220,of:0000000000000002:2 -> of:0000000000000008:2,0.002,0.0025,0.002,0.002,1.7,2026-06-23T01:23:41,0.002,1.7
ip_shuffle,20260623T012341_885220,of:0000000000000003:2 -> of:0000000000000008:3,0.002,0.0025,0.002,0.002,1.7,2026-06-23T01:23:41,0.002,1.7
ip_shuffle,20260623T012341_885220,of:0000000000000008:1 -> of:000000000000000b:6,0.002,0.0025,0.002,0.002,1.53,2026-06-23T01:23:41,0.002,1.43
ip_shuffle,20260623T012341_885220,of:0000000000000004:2 -> of:0000000000000009:2,0.002,0.0025,0.002,0.002,1.7,2026-06-23T01:23:41,0.002,1.7
ip_shuffle,20260623T012341_885220,of:0000000000000002:1 -> of:000000000000000b:4,0.002,0.0025,0.002,0.002,2.13,2026-06-23T01:23:41,0.002,2.06
ip_shuffle,20260623T012341_885220,of:0000000000000009:1 -> of:000000000000000c:6,0.002,0.0025,0.002,0.002,1.53,2026-06-23T01:23:41,0.002,1.43
ip_shuffle,20260623T012446_394602,of:0000000000000004:1 -> of:000000000000000c:4,0.001,0.00125,0.001,0.001,1.3,2026-06-23T01:24:46,0.001,1.4
ip_shuffle,20260623T012446_394602,of:0000000000000005:1 -> of:000000000000000c:5,0.001,0.00125,0.001,0.001,1.3,2026-06-23T01:24:46,0.001,1.4
ip_shuffle,20260623T012446_394602,of:000000000000000a:1 -> of:000000000000000d:6,0.002,0.0025,0.002,0.002,1.4,2026-06-23T01:24:46,0.002,1.43
ip_shuffle,20260623T012446_394602,of:000000000000000b:3 -> of:000000000000000d:2,0.002,0.0025,0.002,0.002,1.6,2026-06-23T01:24:46,0.002,1.6
ip_shuffle,20260623T012446_394602,of:000000000000000c:3 -> of:000000000000000d:3,0.002,0.0025,0.002,0.002,1.56,2026-06-23T01:24:46,0.002,1.56
ip_shuffle,20260623T012446_394602,of:0000000000000005:2 -> of:0000000000000009:3,0.001,0.00125,0.001,0.001,1.3,2026-06-23T01:24:46,0.001,1.3
ip_shuffle,20260623T012446_394602,of:0000000000000001:1 -> of:000000000000000b:1,0.002,0.0025,0.002,0.002,1.5,2026-06-23T01:24:46,0.001,1.33
ip_shuffle,20260623T012446_394602,of:000000000000000b:2 -> of:000000000000000c:2,0.002,0.0025,0.002,0.002,1.63,2026-06-23T01:24:46,0.002,1.63
ip_shuffle,20260623T012446_394602,of:0000000000000001:2 -> of:000000000000000c:1,0.002,0.0025,0.002,0.002,1.46,2026-06-23T01:24:46,0.001,1.33
ip_shuffle,20260623T012446_394602,of:0000000000000006:2 -> of:000000000000000a:2,0.001,0.00125,0.001,0.001,1.36,2026-06-23T01:24:46,0.001,1.36
ip_shuffle,20260623T012446_394602,of:0000000000000001:3 -> of:000000000000000d:1,0.002,0.0025,0.002,0.002,2.0,2026-06-23T01:24:46,0.002,2.1
ip_shuffle,20260623T012446_394602,of:0000000000000003:1 -> of:000000000000000b:5,0.002,0.0025,0.002,0.001,1.36,2026-06-23T01:24:46,0.002,1.5
ip_shuffle,20260623T012446_394602,of:0000000000000006:1 -> of:000000000000000d:4,0.001,0.00125,0.001,0.001,1.3,2026-06-23T01:24:46,0.001,1.36
ip_shuffle,20260623T012446_394602,of:0000000000000007:2 -> of:000000000000000a:3,0.001,0.00125,0.001,0.001,1.36,2026-06-23T01:24:46,0.001,1.36
ip_shuffle,20260623T012446_394602,of:0000000000000007:1 -> of:000000000000000d:5,0.002,0.0025,0.002,0.002,2.0,2026-06-23T01:24:46,0.002,1.8
ip_shuffle,20260623T012446_394602,of:0000000000000002:2 -> of:0000000000000008:2,0.001,0.00125,0.001,0.001,1.36,2026-06-23T01:24:46,0.001,1.36
ip_shuffle,20260623T012446_394602,of:0000000000000003:2 -> of:0000000000000008:3,0.001,0.00125,0.001,0.001,1.36,2026-06-23T01:24:46,0.001,1.36
ip_shuffle,20260623T012446_394602,of:0000000000000008:1 -> of:000000000000000b:6,0.001,0.00125,0.001,0.001,1.33,2026-06-23T01:24:46,0.001,1.43
ip_shuffle,20260623T012446_394602,of:0000000000000004:2 -> of:0000000000000009:2,0.001,0.00125,0.001,0.001,1.3,2026-06-23T01:24:46,0.001,1.3
ip_shuffle,20260623T012446_394602,of:0000000000000002:1 -> of:000000000000000b:4,0.002,0.0025,0.002,0.002,1.36,2026-06-23T01:24:46,0.002,1.53
ip_shuffle,20260623T012446_394602,of:0000000000000009:1 -> of:000000000000000c:6,0.001,0.00125,0.001,0.001,1.33,2026-06-23T01:24:46,0.001,1.4
ip_shuffle,20260623T012544_252280,of:0000000000000004:1 -> of:000000000000000c:4,0.002,0.0025,0.002,0.002,2.06,2026-06-23T01:25:44,0.002,1.96
ip_shuffle,20260623T012544_252280,of:0000000000000005:1 -> of:000000000000000c:5,0.002,0.0025,0.002,0.002,2.59,2026-06-23T01:25:44,0.002,2.53
ip_shuffle,20260623T012544_252280,of:000000000000000a:1 -> of:000000000000000d:6,0.002,0.0025,0.002,0.002,2.13,2026-06-23T01:25:44,0.002,1.99
ip_shuffle,20260623T012544_252280,of:000000000000000b:3 -> of:000000000000000d:2,0.002,0.0025,0.002,0.002,2.86,2026-06-23T01:25:44,0.002,2.86
ip_shuffle,20260623T012544_252280,of:000000000000000c:3 -> of:000000000000000d:3,0.002,0.0025,0.002,0.002,2.59,2026-06-23T01:25:44,0.002,2.59
ip_shuffle,20260623T012544_252280,of:0000000000000005:2 -> of:0000000000000009:3,0.002,0.0025,0.002,0.002,2.89,2026-06-23T01:25:44,0.002,2.89
ip_shuffle,20260623T012544_252280,of:0000000000000001:1 -> of:000000000000000b:1,0.002,0.0025,0.002,0.002,2.13,2026-06-23T01:25:44,0.002,2.09
ip_shuffle,20260623T012544_252280,of:000000000000000b:2 -> of:000000000000000c:2,0.002,0.0025,0.002,0.002,2.79,2026-06-23T01:25:44,0.002,2.79
ip_shuffle,20260623T012544_252280,of:0000000000000001:2 -> of:000000000000000c:1,0.002,0.0025,0.002,0.002,2.53,2026-06-23T01:25:44,0.002,2.63
ip_shuffle,20260623T012544_252280,of:0000000000000006:2 -> of:000000000000000a:2,0.002,0.0025,0.002,0.002,2.93,2026-06-23T01:25:44,0.002,2.93
ip_shuffle,20260623T012544_252280,of:0000000000000001:3 -> of:000000000000000d:1,0.003,0.00375,0.003,0.003,4.39,2026-06-23T01:25:44,0.003,4.26
ip_shuffle,20260623T012544_252280,of:0000000000000003:1 -> of:000000000000000b:5,0.002,0.0025,0.002,0.002,2.09,2026-06-23T01:25:44,0.002,2.13
ip_shuffle,20260623T012544_252280,of:0000000000000006:1 -> of:000000000000000d:4,0.003,0.00375,0.003,0.003,3.32,2026-06-23T01:25:44,0.003,3.19
ip_shuffle,20260623T012544_252280,of:0000000000000007:2 -> of:000000000000000a:3,0.002,0.0025,0.002,0.002,2.93,2026-06-23T01:25:44,0.002,2.93
ip_shuffle,20260623T012544_252280,of:0000000000000007:1 -> of:000000000000000d:5,0.003,0.00375,0.003,0.003,3.09,2026-06-23T01:25:44,0.003,3.26
ip_shuffle,20260623T012544_252280,of:0000000000000002:2 -> of:0000000000000008:2,0.002,0.0025,0.002,0.002,2.83,2026-06-23T01:25:44,0.002,2.83
ip_shuffle,20260623T012544_252280,of:0000000000000003:2 -> of:0000000000000008:3,0.002,0.0025,0.002,0.002,2.83,2026-06-23T01:25:44,0.002,2.83
ip_shuffle,20260623T012544_252280,of:0000000000000008:1 -> of:000000000000000b:6,0.002,0.0025,0.002,0.002,2.19,2026-06-23T01:25:44,0.002,2.19
ip_shuffle,20260623T012544_252280,of:0000000000000004:2 -> of:0000000000000009:2,0.002,0.0025,0.002,0.002,2.89,2026-06-23T01:25:44,0.002,2.89
ip_shuffle,20260623T012544_252280,of:0000000000000002:1 -> of:000000000000000b:4,0.002,0.0025,0.002,0.002,2.09,2026-06-23T01:25:44,0.002,2.13
ip_shuffle,20260623T012544_252280,of:0000000000000009:1 -> of:000000000000000c:6,0.002,0.0025,0.002,0.002,2.06,2026-06-23T01:25:44,0.002,1.93
route_mutation,20260623T012642_091732,of:0000000000000004:1 -> of:000000000000000c:4,0.002,0.0025,0.002,0.002,1.86,2026-06-23T01:26:42,0.002,1.86
route_mutation,20260623T012642_091732,of:0000000000000005:1 -> of:000000000000000c:5,0.002,0.0025,0.002,0.002,1.53,2026-06-23T01:26:42,0.002,1.53
route_mutation,20260623T012642_091732,of:000000000000000a:1 -> of:000000000000000d:6,0.001,0.00125,0.001,0.001,1.46,2026-06-23T01:26:42,0.001,1.46
route_mutation,20260623T012642_091732,of:000000000000000b:3 -> of:000000000000000d:2,0.002,0.0025,0.002,0.002,1.66,2026-06-23T01:26:42,0.002,1.66
route_mutation,20260623T012642_091732,of:000000000000000c:3 -> of:000000000000000d:3,0.002,0.0025,0.002,0.002,1.73,2026-06-23T01:26:42,0.002,1.73
route_mutation,20260623T012642_091732,of:0000000000000005:2 -> of:0000000000000009:3,0.002,0.0025,0.002,0.002,1.66,2026-06-23T01:26:42,0.002,1.66
route_mutation,20260623T012642_091732,of:0000000000000001:1 -> of:000000000000000b:1,0.003,0.00375,0.003,0.003,3.53,2026-06-23T01:26:42,0.003,3.53
route_mutation,20260623T012642_091732,of:000000000000000b:2 -> of:000000000000000c:2,0.002,0.0025,0.002,0.002,1.66,2026-06-23T01:26:42,0.002,1.66
route_mutation,20260623T012642_091732,of:0000000000000001:2 -> of:000000000000000c:1,0.002,0.0025,0.002,0.002,1.8,2026-06-23T01:26:42,0.002,1.8
route_mutation,20260623T012642_091732,of:0000000000000006:2 -> of:000000000000000a:2,0.002,0.0025,0.002,0.002,1.66,2026-06-23T01:26:42,0.002,1.66
route_mutation,20260623T012642_091732,of:0000000000000001:3 -> of:000000000000000d:1,0.002,0.0025,0.002,0.002,1.63,2026-06-23T01:26:42,0.002,1.63
route_mutation,20260623T012642_091732,of:0000000000000003:1 -> of:000000000000000b:5,0.002,0.0025,0.002,0.002,2.5,2026-06-23T01:26:42,0.002,2.5
route_mutation,20260623T012642_091732,of:0000000000000006:1 -> of:000000000000000d:4,0.002,0.0025,0.002,0.002,1.53,2026-06-23T01:26:42,0.002,1.53
route_mutation,20260623T012642_091732,of:0000000000000007:2 -> of:000000000000000a:3,0.002,0.0025,0.002,0.002,1.66,2026-06-23T01:26:42,0.002,1.66
route_mutation,20260623T012642_091732,of:0000000000000007:1 -> of:000000000000000d:5,0.002,0.0025,0.002,0.002,1.63,2026-06-23T01:26:42,0.002,1.63
route_mutation,20260623T012642_091732,of:0000000000000002:2 -> of:0000000000000008:2,0.002,0.0025,0.002,0.002,1.73,2026-06-23T01:26:42,0.002,1.73
route_mutation,20260623T012642_091732,of:0000000000000003:2 -> of:0000000000000008:3,0.002,0.0025,0.002,0.002,1.73,2026-06-23T01:26:42,0.002,1.73
route_mutation,20260623T012642_091732,of:0000000000000008:1 -> of:000000000000000b:6,0.001,0.00125,0.001,0.001,1.46,2026-06-23T01:26:42,0.001,1.46
route_mutation,20260623T012642_091732,of:0000000000000004:2 -> of:0000000000000009:2,0.002,0.0025,0.002,0.002,1.66,2026-06-23T01:26:42,0.002,1.66
route_mutation,20260623T012642_091732,of:0000000000000002:1 -> of:000000000000000b:4,0.002,0.0025,0.002,0.002,2.5,2026-06-23T01:26:42,0.002,2.5
route_mutation,20260623T012642_091732,of:0000000000000009:1 -> of:000000000000000c:6,0.001,0.00125,0.001,0.001,1.46,2026-06-23T01:26:42,0.001,1.46
route_mutation,20260623T012712_502990,of:0000000000000004:1 -> of:000000000000000c:4,0.002,0.0025,0.002,0.002,2.43,2026-06-23T01:27:12,0.002,2.5
route_mutation,20260623T012712_502990,of:0000000000000005:1 -> of:000000000000000c:5,0.002,0.0025,0.002,0.002,2.76,2026-06-23T01:27:12,0.002,2.83
route_mutation,20260623T012712_502990,of:000000000000000a:1 -> of:000000000000000d:6,0.002,0.0025,0.002,0.002,1.93,2026-06-23T01:27:12,0.002,1.8
route_mutation,20260623T012712_502990,of:000000000000000b:3 -> of:000000000000000d:2,0.002,0.0025,0.002,0.002,2.4,2026-06-23T01:27:12,0.002,2.4
route_mutation,20260623T012712_502990,of:000000000000000c:3 -> of:000000000000000d:3,0.002,0.0025,0.002,0.002,2.5,2026-06-23T01:27:12,0.002,2.5
route_mutation,20260623T012712_502990,of:0000000000000005:2 -> of:0000000000000009:3,0.002,0.0025,0.002,0.002,2.5,2026-06-23T01:27:12,0.002,2.5
route_mutation,20260623T012712_502990,of:0000000000000001:1 -> of:000000000000000b:1,0.002,0.0025,0.002,0.002,1.86,2026-06-23T01:27:12,0.002,1.83
route_mutation,20260623T012712_502990,of:000000000000000b:2 -> of:000000000000000c:2,0.002,0.0025,0.002,0.002,2.63,2026-06-23T01:27:12,0.002,2.63
route_mutation,20260623T012712_502990,of:0000000000000001:2 -> of:000000000000000c:1,0.003,0.00375,0.003,0.003,3.29,2026-06-23T01:27:12,0.003,3.23
route_mutation,20260623T012712_502990,of:0000000000000006:2 -> of:000000000000000a:2,0.002,0.0025,0.002,0.002,2.53,2026-06-23T01:27:12,0.002,2.53
route_mutation,20260623T012712_502990,of:0000000000000001:3 -> of:000000000000000d:1,0.003,0.00375,0.003,0.003,3.39,2026-06-23T01:27:12,0.003,3.26
route_mutation,20260623T012712_502990,of:0000000000000003:1 -> of:000000000000000b:5,0.002,0.0025,0.002,0.002,1.83,2026-06-23T01:27:12,0.002,1.86
route_mutation,20260623T012712_502990,of:0000000000000006:1 -> of:000000000000000d:4,0.003,0.00375,0.003,0.003,3.09,2026-06-23T01:27:12,0.003,2.96
route_mutation,20260623T012712_502990,of:0000000000000007:2 -> of:000000000000000a:3,0.002,0.0025,0.002,0.002,2.53,2026-06-23T01:27:12,0.002,2.53
route_mutation,20260623T012712_502990,of:0000000000000007:1 -> of:000000000000000d:5,0.002,0.0025,0.002,0.002,2.2,2026-06-23T01:27:12,0.002,2.36
route_mutation,20260623T012712_502990,of:0000000000000002:2 -> of:0000000000000008:2,0.002,0.0025,0.002,0.002,2.43,2026-06-23T01:27:12,0.002,2.43
route_mutation,20260623T012712_502990,of:0000000000000003:2 -> of:0000000000000008:3,0.002,0.0025,0.002,0.002,2.43,2026-06-23T01:27:12,0.002,2.43
route_mutation,20260623T012712_502990,of:0000000000000008:1 -> of:000000000000000b:6,0.002,0.0025,0.002,0.002,1.93,2026-06-23T01:27:12,0.002,1.93
route_mutation,20260623T012712_502990,of:0000000000000004:2 -> of:0000000000000009:2,0.002,0.0025,0.002,0.002,2.5,2026-06-23T01:27:12,0.002,2.5
route_mutation,20260623T012712_502990,of:0000000000000002:1 -> of:000000000000000b:4,0.002,0.0025,0.002,0.002,1.83,2026-06-23T01:27:12,0.002,1.86
route_mutation,20260623T012712_502990,of:0000000000000009:1 -> of:000000000000000c:6,0.002,0.0025,0.002,0.002,2.0,2026-06-23T01:27:12,0.002,2.03
ip_shuffle,20260623T012742_869479,of:0000000000000004:1 -> of:000000000000000c:4,0.002,0.0025,0.002,0.002,1.6,2026-06-23T01:27:42,0.001,1.53
ip_shuffle,20260623T012742_869479,of:0000000000000005:1 -> of:000000000000000c:5,0.002,0.0025,0.002,0.002,1.6,2026-06-23T01:27:42,0.001,1.53
ip_shuffle,20260623T012742_869479,of:000000000000000a:1 -> of:000000000000000d:6,0.002,0.0025,0.002,0.002,1.56,2026-06-23T01:27:42,0.002,1.7
ip_shuffle,20260623T012742_869479,of:000000000000000b:3 -> of:000000000000000d:2,0.002,0.0025,0.002,0.002,2.0,2026-06-23T01:27:42,0.002,2.0
ip_shuffle,20260623T012742_869479,of:000000000000000c:3 -> of:000000000000000d:3,0.002,0.0025,0.002,0.002,1.96,2026-06-23T01:27:42,0.002,1.96
ip_shuffle,20260623T012742_869479,of:0000000000000005:2 -> of:0000000000000009:3,0.002,0.0025,0.002,0.002,1.9,2026-06-23T01:27:42,0.002,1.9
ip_shuffle,20260623T012742_869479,of:0000000000000001:1 -> of:000000000000000b:1,0.002,0.0025,0.002,0.002,1.63,2026-06-23T01:27:42,0.002,1.66
ip_shuffle,20260623T012742_869479,of:000000000000000b:2 -> of:000000000000000c:2,0.002,0.0025,0.002,0.002,1.9,2026-06-23T01:27:42,0.002,1.9
ip_shuffle,20260623T012742_869479,of:0000000000000001:2 -> of:000000000000000c:1,0.002,0.0025,0.002,0.002,1.6,2026-06-23T01:27:42,0.002,1.66
ip_shuffle,20260623T012742_869479,of:0000000000000006:2 -> of:000000000000000a:2,0.002,0.0025,0.002,0.002,1.86,2026-06-23T01:27:42,0.002,1.86
ip_shuffle,20260623T012742_869479,of:0000000000000001:3 -> of:000000000000000d:1,0.002,0.0025,0.002,0.002,2.63,2026-06-23T01:27:42,0.002,2.76
ip_shuffle,20260623T012742_869479,of:0000000000000003:1 -> of:000000000000000b:5,0.002,0.0025,0.002,0.002,1.66,2026-06-23T01:27:42,0.002,1.63
ip_shuffle,20260623T012742_869479,of:0000000000000006:1 -> of:000000000000000d:4,0.001,0.00125,0.001,0.001,1.53,2026-06-23T01:27:42,0.001,1.66
ip_shuffle,20260623T012742_869479,of:0000000000000007:2 -> of:000000000000000a:3,0.002,0.0025,0.002,0.002,1.86,2026-06-23T01:27:42,0.002,1.86
ip_shuffle,20260623T012742_869479,of:0000000000000007:1 -> of:000000000000000d:5,0.002,0.0025,0.002,0.002,2.63,2026-06-23T01:27:42,0.002,2.46
ip_shuffle,20260623T012742_869479,of:0000000000000002:2 -> of:0000000000000008:2,0.002,0.0025,0.002,0.002,1.9,2026-06-23T01:27:42,0.002,1.9
ip_shuffle,20260623T012742_869479,of:0000000000000003:2 -> of:0000000000000008:3,0.002,0.0025,0.002,0.002,1.9,2026-06-23T01:27:42,0.002,1.9
ip_shuffle,20260623T012742_869479,of:0000000000000008:1 -> of:000000000000000b:6,0.002,0.0025,0.002,0.002,1.56,2026-06-23T01:27:42,0.002,1.56
ip_shuffle,20260623T012742_869479,of:0000000000000004:2 -> of:0000000000000009:2,0.002,0.0025,0.002,0.002,1.9,2026-06-23T01:27:42,0.002,1.9
ip_shuffle,20260623T012742_869479,of:0000000000000002:1 -> of:000000000000000b:4,0.002,0.0025,0.002,0.002,1.66,2026-06-23T01:27:42,0.002,1.63
ip_shuffle,20260623T012742_869479,of:0000000000000009:1 -> of:000000000000000c:6,0.002,0.0025,0.002,0.002,1.63,2026-06-23T01:27:42,0.002,1.6
ip_shuffle,20260623T012840_886885,of:0000000000000004:1 -> of:000000000000000c:4,0.002,0.0025,0.002,0.002,2.3,2026-06-23T01:28:40,0.002,2.33
ip_shuffle,20260623T012840_886885,of:0000000000000005:1 -> of:000000000000000c:5,0.002,0.0025,0.002,0.002,2.33,2026-06-23T01:28:40,0.002,2.36
ip_shuffle,20260623T012840_886885,of:000000000000000a:1 -> of:000000000000000d:6,0.002,0.0025,0.002,0.002,1.53,2026-06-23T01:28:40,0.002,1.56
ip_shuffle,20260623T012840_886885,of:000000000000000b:3 -> of:000000000000000d:2,0.002,0.0025,0.002,0.002,1.8,2026-06-23T01:28:40,0.002,1.8
ip_shuffle,20260623T012840_886885,of:000000000000000c:3 -> of:000000000000000d:3,0.002,0.0025,0.002,0.002,1.8,2026-06-23T01:28:40,0.002,1.8
ip_shuffle,20260623T012840_886885,of:0000000000000005:2 -> of:0000000000000009:3,0.002,0.0025,0.002,0.002,1.73,2026-06-23T01:28:40,0.002,1.73
ip_shuffle,20260623T012840_886885,of:0000000000000001:1 -> of:000000000000000b:1,0.002,0.0025,0.002,0.002,1.66,2026-06-23T01:28:40,0.002,1.53
ip_shuffle,20260623T012840_886885,of:000000000000000b:2 -> of:000000000000000c:2,0.002,0.0025,0.002,0.002,1.8,2026-06-23T01:28:40,0.002,1.8
ip_shuffle,20260623T012840_886885,of:0000000000000001:2 -> of:000000000000000c:1,0.003,0.00375,0.003,0.003,3.06,2026-06-23T01:28:40,0.003,3.06
ip_shuffle,20260623T012840_886885,of:0000000000000006:2 -> of:000000000000000a:2,0.002,0.0025,0.002,0.002,1.73,2026-06-23T01:28:40,0.002,1.73
ip_shuffle,20260623T012840_886885,of:0000000000000001:3 -> of:000000000000000d:1,0.002,0.0025,0.002,0.002,2.03,2026-06-23T01:28:40,0.002,1.9
ip_shuffle,20260623T012840_886885,of:0000000000000003:1 -> of:000000000000000b:5,0.002,0.0025,0.002,0.002,1.53,2026-06-23T01:28:40,0.002,1.66
ip_shuffle,20260623T012840_886885,of:0000000000000006:1 -> of:000000000000000d:4,0.002,0.0025,0.002,0.002,1.96,2026-06-23T01:28:40,0.002,2.2
ip_shuffle,20260623T012840_886885,of:0000000000000007:2 -> of:000000000000000a:3,0.002,0.0025,0.002,0.002,1.73,2026-06-23T01:28:40,0.002,1.73
ip_shuffle,20260623T012840_886885,of:0000000000000007:1 -> of:000000000000000d:5,0.002,0.0025,0.002,0.002,1.53,2026-06-23T01:28:40,0.002,1.56
ip_shuffle,20260623T012840_886885,of:0000000000000002:2 -> of:0000000000000008:2,0.002,0.0025,0.002,0.002,1.7,2026-06-23T01:28:40,0.002,1.7
ip_shuffle,20260623T012840_886885,of:0000000000000003:2 -> of:0000000000000008:3,0.002,0.0025,0.002,0.002,1.7,2026-06-23T01:28:40,0.002,1.7
ip_shuffle,20260623T012840_886885,of:0000000000000008:1 -> of:000000000000000b:6,0.002,0.0025,0.002,0.002,1.53,2026-06-23T01:28:40,0.002,1.56
ip_shuffle,20260623T012840_886885,of:0000000000000004:2 -> of:0000000000000009:2,0.002,0.0025,0.002,0.002,1.73,2026-06-23T01:28:40,0.002,1.73
ip_shuffle,20260623T012840_886885,of:0000000000000002:1 -> of:000000000000000b:4,0.001,0.00125,0.001,0.001,1.5,2026-06-23T01:28:40,0.001,1.5
ip_shuffle,20260623T012840_886885,of:0000000000000009:1 -> of:000000000000000c:6,0.002,0.0025,0.002,0.002,1.53,2026-06-23T01:28:40,0.002,1.56
route_mutation,20260623T012945_437162,of:0000000000000004:1 -> of:000000000000000c:4,0.001,0.00125,0.001,0.001,1.36,2026-06-23T01:29:45,0.001,1.36
route_mutation,20260623T012945_437162,of:0000000000000005:1 -> of:000000000000000c:5,0.001,0.00125,0.001,0.001,1.36,2026-06-23T01:29:45,0.001,1.36
route_mutation,20260623T012945_437162,of:000000000000000a:1 -> of:000000000000000d:6,0.001,0.00125,0.001,0.001,1.36,2026-06-23T01:29:45,0.001,1.36
route_mutation,20260623T012945_437162,of:000000000000000b:3 -> of:000000000000000d:2,0.001,0.00125,0.001,0.001,1.46,2026-06-23T01:29:45,0.001,1.46
route_mutation,20260623T012945_437162,of:000000000000000c:3 -> of:000000000000000d:3,0.001,0.00125,0.001,0.001,1.46,2026-06-23T01:29:45,0.001,1.46
route_mutation,20260623T012945_437162,of:0000000000000005:2 -> of:0000000000000009:3,0.001,0.00125,0.001,0.001,1.46,2026-06-23T01:29:45,0.001,1.46
route_mutation,20260623T012945_437162,of:0000000000000001:1 -> of:000000000000000b:1,0.002,0.0025,0.002,0.002,1.53,2026-06-23T01:29:45,0.002,1.53
route_mutation,20260623T012945_437162,of:000000000000000b:2 -> of:000000000000000c:2,0.001,0.00125,0.001,0.001,1.39,2026-06-23T01:29:45,0.001,1.39
route_mutation,20260623T012945_437162,of:0000000000000001:2 -> of:000000000000000c:1,0.001,0.00125,0.001,0.001,1.36,2026-06-23T01:29:45,0.001,1.36
route_mutation,20260623T012945_437162,of:0000000000000006:2 -> of:000000000000000a:2,0.001,0.00125,0.001,0.001,1.46,2026-06-23T01:29:45,0.001,1.46
route_mutation,20260623T012945_437162,of:0000000000000001:3 -> of:000000000000000d:1,0.002,0.0025,0.002,0.002,1.86,2026-06-23T01:29:45,0.002,1.86
route_mutation,20260623T012945_437162,of:0000000000000003:1 -> of:000000000000000b:5,0.001,0.00125,0.001,0.001,1.36,2026-06-23T01:29:45,0.001,1.36
route_mutation,20260623T012945_437162,of:0000000000000006:1 -> of:000000000000000d:4,0.002,0.0025,0.002,0.002,1.79,2026-06-23T01:29:45,0.002,1.79
route_mutation,20260623T012945_437162,of:0000000000000007:2 -> of:000000000000000a:3,0.001,0.00125,0.001,0.001,1.46,2026-06-23T01:29:45,0.001,1.46
route_mutation,20260623T012945_437162,of:0000000000000007:1 -> of:000000000000000d:5,0.002,0.0025,0.002,0.002,1.46,2026-06-23T01:29:45,0.002,1.46
route_mutation,20260623T012945_437162,of:0000000000000002:2 -> of:0000000000000008:2,0.002,0.0025,0.002,0.002,1.53,2026-06-23T01:29:45,0.002,1.53
route_mutation,20260623T012945_437162,of:0000000000000003:2 -> of:0000000000000008:3,0.002,0.0025,0.002,0.002,1.53,2026-06-23T01:29:45,0.002,1.53
route_mutation,20260623T012945_437162,of:0000000000000008:1 -> of:000000000000000b:6,0.001,0.00125,0.001,0.001,1.36,2026-06-23T01:29:45,0.001,1.36
route_mutation,20260623T012945_437162,of:0000000000000004:2 -> of:0000000000000009:2,0.001,0.00125,0.001,0.001,1.46,2026-06-23T01:29:45,0.001,1.46
route_mutation,20260623T012945_437162,of:0000000000000002:1 -> of:000000000000000b:4,0.002,0.0025,0.002,0.002,1.53,2026-06-23T01:29:45,0.002,1.53
route_mutation,20260623T012945_437162,of:0000000000000009:1 -> of:000000000000000c:6,0.001,0.00125,0.001,0.001,1.29,2026-06-23T01:29:45,0.001,1.29
ip_shuffle,20260623T013015_868827,of:0000000000000004:1 -> of:000000000000000c:4,0.002,0.0025,0.002,0.002,2.23,2026-06-23T01:30:15,0.002,2.23
ip_shuffle,20260623T013015_868827,of:0000000000000005:1 -> of:000000000000000c:5,0.002,0.0025,0.002,0.002,1.6,2026-06-23T01:30:15,0.002,1.6
ip_shuffle,20260623T013015_868827,of:000000000000000a:1 -> of:000000000000000d:6,0.002,0.0025,0.002,0.002,1.43,2026-06-23T01:30:15,0.002,1.43
ip_shuffle,20260623T013015_868827,of:000000000000000b:3 -> of:000000000000000d:2,0.002,0.0025,0.002,0.002,1.53,2026-06-23T01:30:15,0.002,1.53
ip_shuffle,20260623T013015_868827,of:000000000000000c:3 -> of:000000000000000d:3,0.002,0.0025,0.002,0.002,1.53,2026-06-23T01:30:15,0.002,1.53
ip_shuffle,20260623T013015_868827,of:0000000000000005:2 -> of:0000000000000009:3,0.002,0.0025,0.002,0.002,1.53,2026-06-23T01:30:15,0.002,1.53
ip_shuffle,20260623T013015_868827,of:0000000000000001:1 -> of:000000000000000b:1,0.003,0.00375,0.003,0.003,3.23,2026-06-23T01:30:15,0.003,3.23
ip_shuffle,20260623T013015_868827,of:000000000000000b:2 -> of:000000000000000c:2,0.002,0.0025,0.002,0.002,1.53,2026-06-23T01:30:15,0.002,1.53
ip_shuffle,20260623T013015_868827,of:0000000000000001:2 -> of:000000000000000c:1,0.002,0.0025,0.002,0.002,2.36,2026-06-23T01:30:15,0.002,2.33
ip_shuffle,20260623T013015_868827,of:0000000000000006:2 -> of:000000000000000a:2,0.002,0.0025,0.002,0.002,1.53,2026-06-23T01:30:15,0.002,1.53
ip_shuffle,20260623T013015_868827,of:0000000000000001:3 -> of:000000000000000d:1,0.001,0.00125,0.001,0.001,1.36,2026-06-23T01:30:15,0.001,1.36
ip_shuffle,20260623T013015_868827,of:0000000000000003:1 -> of:000000000000000b:5,0.002,0.0025,0.002,0.002,2.4,2026-06-23T01:30:15,0.002,2.4
ip_shuffle,20260623T013015_868827,of:0000000000000006:1 -> of:000000000000000d:4,0.002,0.0025,0.002,0.002,1.43,2026-06-23T01:30:15,0.002,1.43
ip_shuffle,20260623T013015_868827,of:0000000000000007:2 -> of:000000000000000a:3,0.002,0.0025,0.002,0.002,1.53,2026-06-23T01:30:15,0.002,1.53
ip_shuffle,20260623T013015_868827,of:0000000000000007:1 -> of:000000000000000d:5,0.002,0.0025,0.002,0.002,1.43,2026-06-23T01:30:15,0.002,1.43
ip_shuffle,20260623T013015_868827,of:0000000000000002:2 -> of:0000000000000008:2,0.001,0.00125,0.001,0.001,1.46,2026-06-23T01:30:15,0.001,1.46
ip_shuffle,20260623T013015_868827,of:0000000000000003:2 -> of:0000000000000008:3,0.001,0.00125,0.001,0.001,1.46,2026-06-23T01:30:15,0.001,1.46
ip_shuffle,20260623T013015_868827,of:0000000000000008:1 -> of:000000000000000b:6,0.002,0.0025,0.002,0.002,1.43,2026-06-23T01:30:15,0.002,1.43
ip_shuffle,20260623T013015_868827,of:0000000000000004:2 -> of:0000000000000009:2,0.002,0.0025,0.002,0.002,1.53,2026-06-23T01:30:15,0.002,1.53
ip_shuffle,20260623T013015_868827,of:0000000000000002:1 -> of:000000000000000b:4,0.002,0.0025,0.002,0.002,2.2,2026-06-23T01:30:15,0.002,2.2
ip_shuffle,20260623T013015_868827,of:0000000000000009:1 -> of:000000000000000c:6,0.002,0.0025,0.002,0.002,1.43,2026-06-23T01:30:15,0.002,1.43
route_mutation,20260623T013127_056943,of:0000000000000004:1 -> of:000000000000000c:4,0.002,0.0025,0.002,0.002,1.43,2026-06-23T01:31:27,0.002,1.46
route_mutation,20260623T013127_056943,of:0000000000000005:1 -> of:000000000000000c:5,0.002,0.0025,0.002,0.002,1.43,2026-06-23T01:31:27,0.002,1.46
route_mutation,20260623T013127_056943,of:000000000000000a:1 -> of:000000000000000d:6,0.001,0.00125,0.001,0.001,1.4,2026-06-23T01:31:27,0.001,1.4
route_mutation,20260623T013127_056943,of:000000000000000b:3 -> of:000000000000000d:2,0.002,0.0025,0.002,0.002,1.53,2026-06-23T01:31:27,0.002,1.53
route_mutation,20260623T013127_056943,of:000000000000000c:3 -> of:000000000000000d:3,0.002,0.0025,0.002,0.002,1.53,2026-06-23T01:31:27,0.002,1.53
route_mutation,20260623T013127_056943,of:0000000000000005:2 -> of:0000000000000009:3,0.002,0.0025,0.002,0.002,1.53,2026-06-23T01:31:27,0.002,1.53
route_mutation,20260623T013127_056943,of:0000000000000001:1 -> of:000000000000000b:1,0.003,0.00375,0.003,0.003,3.13,2026-06-23T01:31:27,0.003,3.13
route_mutation,20260623T013127_056943,of:000000000000000b:2 -> of:000000000000000c:2,0.002,0.0025,0.002,0.002,1.6,2026-06-23T01:31:27,0.002,1.6
route_mutation,20260623T013127_056943,of:0000000000000001:2 -> of:000000000000000c:1,0.001,0.00125,0.001,0.001,1.4,2026-06-23T01:31:27,0.001,1.36
route_mutation,20260623T013127_056943,of:0000000000000006:2 -> of:000000000000000a:2,0.002,0.0025,0.002,0.002,1.56,2026-06-23T01:31:27,0.002,1.56
route_mutation,20260623T013127_056943,of:0000000000000001:3 -> of:000000000000000d:1,0.001,0.00125,0.001,0.001,1.33,2026-06-23T01:31:27,0.001,1.3
route_mutation,20260623T013127_056943,of:0000000000000003:1 -> of:000000000000000b:5,0.002,0.0025,0.002,0.002,2.16,2026-06-23T01:31:27,0.002,2.16
route_mutation,20260623T013127_056943,of:0000000000000006:1 -> of:000000000000000d:4,0.001,0.00125,0.001,0.001,1.36,2026-06-23T01:31:27,0.001,1.4
route_mutation,20260623T013127_056943,of:0000000000000007:2 -> of:000000000000000a:3,0.002,0.0025,0.002,0.002,1.56,2026-06-23T01:31:27,0.002,1.56
route_mutation,20260623T013127_056943,of:0000000000000007:1 -> of:000000000000000d:5,0.001,0.00125,0.001,0.001,1.36,2026-06-23T01:31:27,0.001,1.4
route_mutation,20260623T013127_056943,of:0000000000000002:2 -> of:0000000000000008:2,0.002,0.0025,0.002,0.002,1.53,2026-06-23T01:31:27,0.002,1.53
route_mutation,20260623T013127_056943,of:0000000000000003:2 -> of:0000000000000008:3,0.002,0.0025,0.002,0.002,1.53,2026-06-23T01:31:27,0.002,1.53
route_mutation,20260623T013127_056943,of:0000000000000008:1 -> of:000000000000000b:6,0.002,0.0025,0.002,0.002,1.43,2026-06-23T01:31:27,0.002,1.46
route_mutation,20260623T013127_056943,of:0000000000000004:2 -> of:0000000000000009:2,0.002,0.0025,0.002,0.002,1.53,2026-06-23T01:31:27,0.002,1.53
route_mutation,20260623T013127_056943,of:0000000000000002:1 -> of:000000000000000b:4,0.002,0.0025,0.002,0.002,2.46,2026-06-23T01:31:27,0.002,2.5
route_mutation,20260623T013127_056943,of:0000000000000009:1 -> of:000000000000000c:6,0.002,0.0025,0.002,0.002,1.43,2026-06-23T01:31:27,0.002,1.46
ip_shuffle,20260623T013157_498034,of:0000000000000004:1 -> of:000000000000000c:4,0.002,0.0025,0.002,0.002,2.5,2026-06-23T01:31:57,0.002,2.5
ip_shuffle,20260623T013157_498034,of:0000000000000005:1 -> of:000000000000000c:5,0.002,0.0025,0.002,0.002,2.5,2026-06-23T01:31:57,0.002,2.5
ip_shuffle,20260623T013157_498034,of:000000000000000a:1 -> of:000000000000000d:6,0.002,0.0025,0.002,0.002,1.76,2026-06-23T01:31:57,0.002,1.76
ip_shuffle,20260623T013157_498034,of:000000000000000b:3 -> of:000000000000000d:2,0.002,0.0025,0.002,0.002,2.2,2026-06-23T01:31:57,0.002,2.2
ip_shuffle,20260623T013157_498034,of:000000000000000c:3 -> of:000000000000000d:3,0.002,0.0025,0.002,0.002,2.2,2026-06-23T01:31:57,0.002,2.2
ip_shuffle,20260623T013157_498034,of:0000000000000005:2 -> of:0000000000000009:3,0.002,0.0025,0.002,0.002,2.13,2026-06-23T01:31:57,0.002,2.13
ip_shuffle,20260623T013157_498034,of:0000000000000001:1 -> of:000000000000000b:1,0.002,0.0025,0.002,0.002,2.1,2026-06-23T01:31:57,0.002,2.03
ip_shuffle,20260623T013157_498034,of:000000000000000b:2 -> of:000000000000000c:2,0.002,0.0025,0.002,0.002,2.2,2026-06-23T01:31:57,0.002,2.2
ip_shuffle,20260623T013157_498034,of:0000000000000001:2 -> of:000000000000000c:1,0.003,0.00375,0.003,0.003,3.36,2026-06-23T01:31:57,0.003,3.33
ip_shuffle,20260623T013157_498034,of:0000000000000006:2 -> of:000000000000000a:2,0.002,0.0025,0.002,0.002,2.13,2026-06-23T01:31:57,0.002,2.13
ip_shuffle,20260623T013157_498034,of:0000000000000001:3 -> of:000000000000000d:1,0.002,0.0025,0.002,0.002,2.6,2026-06-23T01:31:57,0.002,2.73
ip_shuffle,20260623T013157_498034,of:0000000000000003:1 -> of:000000000000000b:5,0.002,0.0025,0.002,0.002,1.96,2026-06-23T01:31:57,0.002,2.03
ip_shuffle,20260623T013157_498034,of:0000000000000006:1 -> of:000000000000000d:4,0.002,0.0025,0.002,0.002,2.69,2026-06-23T01:31:57,0.002,2.63
ip_shuffle,20260623T013157_498034,of:0000000000000007:2 -> of:000000000000000a:3,0.002,0.0025,0.002,0.002,2.13,2026-06-23T01:31:57,0.002,2.13
ip_shuffle,20260623T013157_498034,of:0000000000000007:1 -> of:000000000000000d:5,0.002,0.0025,0.002,0.002,1.7,2026-06-23T01:31:57,0.002,1.7
ip_shuffle,20260623T013157_498034,of:0000000000000002:2 -> of:0000000000000008:2,0.002,0.0025,0.002,0.002,2.1,2026-06-23T01:31:57,0.002,2.1
ip_shuffle,20260623T013157_498034,of:0000000000000003:2 -> of:0000000000000008:3,0.002,0.0025,0.002,0.002,2.1,2026-06-23T01:31:57,0.002,2.1
ip_shuffle,20260623T013157_498034,of:0000000000000008:1 -> of:000000000000000b:6,0.002,0.0025,0.002,0.002,1.76,2026-06-23T01:31:57,0.002,1.76
ip_shuffle,20260623T013157_498034,of:0000000000000004:2 -> of:0000000000000009:2,0.002,0.0025,0.002,0.002,2.13,2026-06-23T01:31:57,0.002,2.13
ip_shuffle,20260623T013157_498034,of:0000000000000002:1 -> of:000000000000000b:4,0.002,0.0025,0.002,0.002,1.66,2026-06-23T01:31:57,0.002,1.7
ip_shuffle,20260623T013157_498034,of:0000000000000009:1 -> of:000000000000000c:6,0.002,0.0025,0.002,0.002,1.76,2026-06-23T01:31:57,0.002,1.76
route_mutation,20260623T013255_330966,of:0000000000000004:1 -> of:000000000000000c:4,0.002,0.0025,0.002,0.002,1.43,2026-06-23T01:32:55,0.002,1.43
route_mutation,20260623T013255_330966,of:0000000000000005:1 -> of:000000000000000c:5,0.002,0.0025,0.002,0.002,1.43,2026-06-23T01:32:55,0.002,1.43
route_mutation,20260623T013255_330966,of:000000000000000a:1 -> of:000000000000000d:6,0.001,0.00125,0.001,0.001,1.36,2026-06-23T01:32:55,0.001,1.36
route_mutation,20260623T013255_330966,of:000000000000000b:3 -> of:000000000000000d:2,0.001,0.00125,0.001,0.001,1.46,2026-06-23T01:32:55,0.001,1.46
route_mutation,20260623T013255_330966,of:000000000000000c:3 -> of:000000000000000d:3,0.001,0.00125,0.001,0.001,1.46,2026-06-23T01:32:55,0.001,1.46
route_mutation,20260623T013255_330966,of:0000000000000005:2 -> of:0000000000000009:3,0.002,0.0025,0.002,0.002,1.53,2026-06-23T01:32:55,0.002,1.53
route_mutation,20260623T013255_330966,of:0000000000000001:1 -> of:000000000000000b:1,0.002,0.0025,0.002,0.002,2.43,2026-06-23T01:32:55,0.002,2.43
route_mutation,20260623T013255_330966,of:000000000000000b:2 -> of:000000000000000c:2,0.002,0.0025,0.002,0.002,1.53,2026-06-23T01:32:55,0.002,1.53
route_mutation,20260623T013255_330966,of:0000000000000001:2 -> of:000000000000000c:1,0.001,0.00125,0.001,0.001,1.36,2026-06-23T01:32:55,0.001,1.36
route_mutation,20260623T013255_330966,of:0000000000000006:2 -> of:000000000000000a:2,0.002,0.0025,0.002,0.002,1.53,2026-06-23T01:32:55,0.002,1.53
route_mutation,20260623T013255_330966,of:0000000000000001:3 -> of:000000000000000d:1,0.001,0.00125,0.001,0.001,1.3,2026-06-23T01:32:55,0.001,1.3
route_mutation,20260623T013255_330966,of:0000000000000003:1 -> of:000000000000000b:5,0.002,0.0025,0.002,0.002,1.5,2026-06-23T01:32:55,0.002,1.5
route_mutation,20260623T013255_330966,of:0000000000000006:1 -> of:000000000000000d:4,0.001,0.00125,0.001,0.001,1.36,2026-06-23T01:32:55,0.001,1.36
route_mutation,20260623T013255_330966,of:0000000000000007:2 -> of:000000000000000a:3,0.002,0.0025,0.002,0.002,1.53,2026-06-23T01:32:55,0.002,1.53
route_mutation,20260623T013255_330966,of:0000000000000007:1 -> of:000000000000000d:5,0.001,0.00125,0.001,0.001,1.36,2026-06-23T01:32:55,0.001,1.36
route_mutation,20260623T013255_330966,of:0000000000000002:2 -> of:0000000000000008:2,0.002,0.0025,0.002,0.002,1.53,2026-06-23T01:32:55,0.002,1.53
route_mutation,20260623T013255_330966,of:0000000000000003:2 -> of:0000000000000008:3,0.002,0.0025,0.002,0.002,1.53,2026-06-23T01:32:55,0.002,1.53
route_mutation,20260623T013255_330966,of:0000000000000008:1 -> of:000000000000000b:6,0.002,0.0025,0.002,0.002,1.43,2026-06-23T01:32:55,0.002,1.43
route_mutation,20260623T013255_330966,of:0000000000000004:2 -> of:0000000000000009:2,0.002,0.0025,0.002,0.002,1.53,2026-06-23T01:32:55,0.002,1.53
route_mutation,20260623T013255_330966,of:0000000000000002:1 -> of:000000000000000b:4,0.002,0.0025,0.002,0.002,2.43,2026-06-23T01:32:55,0.002,2.43
route_mutation,20260623T013255_330966,of:0000000000000009:1 -> of:000000000000000c:6,0.002,0.0025,0.002,0.002,1.43,2026-06-23T01:32:55,0.002,1.43
ip_shuffle,20260623T013325_776989,of:0000000000000004:1 -> of:000000000000000c:4,0.002,0.0025,0.002,0.002,2.36,2026-06-23T01:33:25,0.002,2.36
ip_shuffle,20260623T013325_776989,of:0000000000000005:1 -> of:000000000000000c:5,0.002,0.0025,0.002,0.002,2.36,2026-06-23T01:33:25,0.002,2.36
ip_shuffle,20260623T013325_776989,of:000000000000000a:1 -> of:000000000000000d:6,0.002,0.0025,0.002,0.002,1.63,2026-06-23T01:33:25,0.002,1.63
ip_shuffle,20260623T013325_776989,of:000000000000000b:3 -> of:000000000000000d:2,0.002,0.0025,0.002,0.002,1.93,2026-06-23T01:33:25,0.002,1.93
ip_shuffle,20260623T013325_776989,of:000000000000000c:3 -> of:000000000000000d:3,0.002,0.0025,0.002,0.002,1.93,2026-06-23T01:33:25,0.002,1.93
ip_shuffle,20260623T013325_776989,of:0000000000000005:2 -> of:0000000000000009:3,0.002,0.0025,0.002,0.002,1.86,2026-06-23T01:33:25,0.002,1.86
ip_shuffle,20260623T013325_776989,of:0000000000000001:1 -> of:000000000000000b:1,0.002,0.0025,0.002,0.002,2.63,2026-06-23T01:33:25,0.002,2.6
ip_shuffle,20260623T013325_776989,of:000000000000000b:2 -> of:000000000000000c:2,0.002,0.0025,0.002,0.002,1.96,2026-06-23T01:33:25,0.002,1.96
ip_shuffle,20260623T013325_776989,of:0000000000000001:2 -> of:000000000000000c:1,0.003,0.00375,0.003,0.003,3.26,2026-06-23T01:33:25,0.003,3.23
ip_shuffle,20260623T013325_776989,of:0000000000000006:2 -> of:000000000000000a:2,0.002,0.0025,0.002,0.002,1.86,2026-06-23T01:33:25,0.002,1.86
ip_shuffle,20260623T013325_776989,of:0000000000000001:3 -> of:000000000000000d:1,0.002,0.0025,0.002,0.002,2.1,2026-06-23T01:33:25,0.002,2.16
ip_shuffle,20260623T013325_776989,of:0000000000000003:1 -> of:000000000000000b:5,0.002,0.0025,0.002,0.002,2.5,2026-06-23T01:33:25,0.002,2.53
ip_shuffle,20260623T013325_776989,of:0000000000000006:1 -> of:000000000000000d:4,0.002,0.0025,0.002,0.002,2.13,2026-06-23T01:33:25,0.002,2.1
ip_shuffle,20260623T013325_776989,of:0000000000000007:2 -> of:000000000000000a:3,0.002,0.0025,0.002,0.002,1.93,2026-06-23T01:33:25,0.002,1.93
ip_shuffle,20260623T013325_776989,of:0000000000000007:1 -> of:000000000000000d:5,0.002,0.0025,0.002,0.002,1.63,2026-06-23T01:33:25,0.002,1.63
ip_shuffle,20260623T013325_776989,of:0000000000000002:2 -> of:0000000000000008:2,0.002,0.0025,0.002,0.002,1.83,2026-06-23T01:33:25,0.002,1.83
ip_shuffle,20260623T013325_776989,of:0000000000000003:2 -> of:0000000000000008:3,0.002,0.0025,0.002,0.002,1.83,2026-06-23T01:33:25,0.002,1.83
ip_shuffle,20260623T013325_776989,of:0000000000000008:1 -> of:000000000000000b:6,0.002,0.0025,0.002,0.002,1.63,2026-06-23T01:33:25,0.002,1.63
ip_shuffle,20260623T013325_776989,of:0000000000000004:2 -> of:0000000000000009:2,0.002,0.0025,0.002,0.002,1.86,2026-06-23T01:33:25,0.002,1.86
ip_shuffle,20260623T013325_776989,of:0000000000000002:1 -> of:000000000000000b:4,0.002,0.0025,0.002,0.002,1.56,2026-06-23T01:33:25,0.002,1.6
ip_shuffle,20260623T013325_776989,of:0000000000000009:1 -> of:000000000000000c:6,0.002,0.0025,0.002,0.002,1.66,2026-06-23T01:33:25,0.002,1.66
ip_shuffle,20260623T013423_398909,of:0000000000000004:1 -> of:000000000000000c:4,0.002,0.0025,0.002,0.002,1.93,2026-06-23T01:34:23,0.002,1.96
ip_shuffle,20260623T013423_398909,of:0000000000000005:1 -> of:000000000000000c:5,0.002,0.0025,0.002,0.002,1.93,2026-06-23T01:34:23,0.002,1.96
ip_shuffle,20260623T013423_398909,of:000000000000000a:1 -> of:000000000000000d:6,0.002,0.0025,0.002,0.002,1.93,2026-06-23T01:34:23,0.002,1.96
ip_shuffle,20260623T013423_398909,of:000000000000000b:3 -> of:000000000000000d:2,0.002,0.0025,0.002,0.002,2.66,2026-06-23T01:34:23,0.002,2.66
ip_shuffle,20260623T013423_398909,of:000000000000000c:3 -> of:000000000000000d:3,0.002,0.0025,0.002,0.002,2.66,2026-06-23T01:34:23,0.002,2.66
ip_shuffle,20260623T013423_398909,of:0000000000000005:2 -> of:0000000000000009:3,0.002,0.0025,0.002,0.002,2.6,2026-06-23T01:34:23,0.002,2.6
ip_shuffle,20260623T013423_398909,of:0000000000000001:1 -> of:000000000000000b:1,0.002,0.0025,0.002,0.002,1.96,2026-06-23T01:34:23,0.002,1.93
ip_shuffle,20260623T013423_398909,of:000000000000000b:2 -> of:000000000000000c:2,0.002,0.0025,0.002,0.002,2.6,2026-06-23T01:34:23,0.002,2.6
ip_shuffle,20260623T013423_398909,of:0000000000000001:2 -> of:000000000000000c:1,0.002,0.0025,0.002,0.002,1.96,2026-06-23T01:34:23,0.002,1.93
ip_shuffle,20260623T013423_398909,of:0000000000000006:2 -> of:000000000000000a:2,0.002,0.0025,0.002,0.002,2.6,2026-06-23T01:34:23,0.002,2.6
ip_shuffle,20260623T013423_398909,of:0000000000000001:3 -> of:000000000000000d:1,0.003,0.00375,0.003,0.003,4.16,2026-06-23T01:34:23,0.003,4.16
ip_shuffle,20260623T013423_398909,of:0000000000000003:1 -> of:000000000000000b:5,0.002,0.0025,0.002,0.002,1.93,2026-06-23T01:34:23,0.002,1.96
ip_shuffle,20260623T013423_398909,of:0000000000000006:1 -> of:000000000000000d:4,0.003,0.00375,0.003,0.003,3.33,2026-06-23T01:34:23,0.003,3.43
ip_shuffle,20260623T013423_398909,of:0000000000000007:2 -> of:000000000000000a:3,0.002,0.0025,0.002,0.002,2.53,2026-06-23T01:34:23,0.002,2.53
ip_shuffle,20260623T013423_398909,of:0000000000000007:1 -> of:000000000000000d:5,0.002,0.0025,0.002,0.002,2.96,2026-06-23T01:34:23,0.002,2.9
ip_shuffle,20260623T013423_398909,of:0000000000000002:2 -> of:0000000000000008:2,0.002,0.0025,0.002,0.002,2.6,2026-06-23T01:34:23,0.002,2.6
ip_shuffle,20260623T013423_398909,of:0000000000000003:2 -> of:0000000000000008:3,0.002,0.0025,0.002,0.002,2.6,2026-06-23T01:34:23,0.002,2.6
ip_shuffle,20260623T013423_398909,of:0000000000000008:1 -> of:000000000000000b:6,0.002,0.0025,0.002,0.002,1.86,2026-06-23T01:34:23,0.002,1.9
ip_shuffle,20260623T013423_398909,of:0000000000000004:2 -> of:0000000000000009:2,0.002,0.0025,0.002,0.002,2.6,2026-06-23T01:34:23,0.002,2.56
ip_shuffle,20260623T013423_398909,of:0000000000000002:1 -> of:000000000000000b:4,0.002,0.0025,0.002,0.002,1.93,2026-06-23T01:34:23,0.002,1.96
ip_shuffle,20260623T013423_398909,of:0000000000000009:1 -> of:000000000000000c:6,0.002,0.0025,0.002,0.002,1.86,2026-06-23T01:34:23,0.002,1.9
route_mutation,20260623T013521_260915,of:0000000000000004:1 -> of:000000000000000c:4,0.001,0.00125,0.001,0.001,1.43,2026-06-23T01:35:21,0.001,1.5
route_mutation,20260623T013521_260915,of:0000000000000005:1 -> of:000000000000000c:5,0.001,0.00125,0.001,0.001,1.43,2026-06-23T01:35:21,0.001,1.5
route_mutation,20260623T013521_260915,of:000000000000000a:1 -> of:000000000000000d:6,0.002,0.0025,0.002,0.002,1.53,2026-06-23T01:35:21,0.002,1.53
route_mutation,20260623T013521_260915,of:000000000000000b:3 -> of:000000000000000d:2,0.002,0.0025,0.002,0.002,1.73,2026-06-23T01:35:21,0.002,1.73
route_mutation,20260623T013521_260915,of:000000000000000c:3 -> of:000000000000000d:3,0.002,0.0025,0.002,0.002,1.76,2026-06-23T01:35:21,0.002,1.76
route_mutation,20260623T013521_260915,of:0000000000000005:2 -> of:0000000000000009:3,0.002,0.0025,0.002,0.002,1.63,2026-06-23T01:35:21,0.002,1.63
route_mutation,20260623T013521_260915,of:0000000000000001:1 -> of:000000000000000b:1,0.003,0.00375,0.003,0.003,3.29,2026-06-23T01:35:21,0.003,3.29
route_mutation,20260623T013521_260915,of:000000000000000b:2 -> of:000000000000000c:2,0.002,0.0025,0.002,0.002,1.76,2026-06-23T01:35:21,0.002,1.76
route_mutation,20260623T013521_260915,of:0000000000000001:2 -> of:000000000000000c:1,0.002,0.0025,0.002,0.002,1.56,2026-06-23T01:35:21,0.002,1.5
route_mutation,20260623T013521_260915,of:0000000000000006:2 -> of:000000000000000a:2,0.002,0.0025,0.002,0.002,1.63,2026-06-23T01:35:21,0.002,1.63
route_mutation,20260623T013521_260915,of:0000000000000001:3 -> of:000000000000000d:1,0.002,0.0025,0.002,0.002,2.16,2026-06-23T01:35:21,0.002,2.1
route_mutation,20260623T013521_260915,of:0000000000000003:1 -> of:000000000000000b:5,0.002,0.0025,0.002,0.002,2.23,2026-06-23T01:35:21,0.002,2.23
route_mutation,20260623T013521_260915,of:0000000000000006:1 -> of:000000000000000d:4,0.002,0.0025,0.002,0.002,2.1,2026-06-23T01:35:21,0.002,2.13
route_mutation,20260623T013521_260915,of:0000000000000007:2 -> of:000000000000000a:3,0.002,0.0025,0.002,0.002,1.73,2026-06-23T01:35:21,0.002,1.73
route_mutation,20260623T013521_260915,of:0000000000000007:1 -> of:000000000000000d:5,0.002,0.0025,0.002,0.002,1.6,2026-06-23T01:35:21,0.002,1.63
route_mutation,20260623T013521_260915,of:0000000000000002:2 -> of:0000000000000008:2,0.002,0.0025,0.002,0.002,1.63,2026-06-23T01:35:21,0.002,1.63
route_mutation,20260623T013521_260915,of:0000000000000003:2 -> of:0000000000000008:3,0.002,0.0025,0.002,0.002,1.63,2026-06-23T01:35:21,0.002,1.63
route_mutation,20260623T013521_260915,of:0000000000000008:1 -> of:000000000000000b:6,0.002,0.0025,0.002,0.002,1.53,2026-06-23T01:35:21,0.002,1.53
route_mutation,20260623T013521_260915,of:0000000000000004:2 -> of:0000000000000009:2,0.002,0.0025,0.002,0.002,1.63,2026-06-23T01:35:21,0.002,1.63
route_mutation,20260623T013521_260915,of:0000000000000002:1 -> of:000000000000000b:4,0.002,0.0025,0.002,0.002,2.43,2026-06-23T01:35:21,0.002,2.46
route_mutation,20260623T013521_260915,of:0000000000000009:1 -> of:000000000000000c:6,0.002,0.0025,0.002,0.002,1.53,2026-06-23T01:35:21,0.002,1.56
ip_shuffle,20260623T013551_691043,of:0000000000000004:1 -> of:000000000000000c:4,0.002,0.0025,0.002,0.002,2.3,2026-06-23T01:35:51,0.002,2.26
ip_shuffle,20260623T013551_691043,of:0000000000000005:1 -> of:000000000000000c:5,0.002,0.0025,0.002,0.002,2.3,2026-06-23T01:35:51,0.002,2.26
ip_shuffle,20260623T013551_691043,of:000000000000000a:1 -> of:000000000000000d:6,0.001,0.00125,0.001,0.001,1.5,2026-06-23T01:35:51,0.001,1.46
ip_shuffle,20260623T013551_691043,of:000000000000000b:3 -> of:000000000000000d:2,0.002,0.0025,0.002,0.002,1.7,2026-06-23T01:35:51,0.002,1.7
ip_shuffle,20260623T013551_691043,of:000000000000000c:3 -> of:000000000000000d:3,0.002,0.0025,0.002,0.002,1.66,2026-06-23T01:35:51,0.002,1.66
ip_shuffle,20260623T013551_691043,of:0000000000000005:2 -> of:0000000000000009:3,0.002,0.0025,0.002,0.002,1.73,2026-06-23T01:35:51,0.002,1.73
ip_shuffle,20260623T013551_691043,of:0000000000000001:1 -> of:000000000000000b:1,0.002,0.0025,0.002,0.002,1.76,2026-06-23T01:35:51,0.002,1.7
ip_shuffle,20260623T013551_691043,of:000000000000000b:2 -> of:000000000000000c:2,0.001,0.00125,0.001,0.001,1.63,2026-06-23T01:35:51,0.001,1.63
ip_shuffle,20260623T013551_691043,of:0000000000000001:2 -> of:000000000000000c:1,0.003,0.00375,0.003,0.003,3.06,2026-06-23T01:35:51,0.003,3.06
ip_shuffle,20260623T013551_691043,of:0000000000000006:2 -> of:000000000000000a:2,0.002,0.0025,0.002,0.002,1.73,2026-06-23T01:35:51,0.002,1.73
ip_shuffle,20260623T013551_691043,of:0000000000000001:3 -> of:000000000000000d:1,0.002,0.0025,0.002,0.002,1.86,2026-06-23T01:35:51,0.002,1.96
ip_shuffle,20260623T013551_691043,of:0000000000000003:1 -> of:000000000000000b:5,0.002,0.0025,0.002,0.002,1.7,2026-06-23T01:35:51,0.002,1.76
ip_shuffle,20260623T013551_691043,of:0000000000000006:1 -> of:000000000000000d:4,0.002,0.0025,0.002,0.002,1.96,2026-06-23T01:35:51,0.002,1.9
ip_shuffle,20260623T013551_691043,of:0000000000000007:2 -> of:000000000000000a:3,0.001,0.00125,0.001,0.001,1.63,2026-06-23T01:35:51,0.001,1.63
ip_shuffle,20260623T013551_691043,of:0000000000000007:1 -> of:000000000000000d:5,0.001,0.00125,0.001,0.001,1.46,2026-06-23T01:35:51,0.001,1.46
ip_shuffle,20260623T013551_691043,of:0000000000000002:2 -> of:0000000000000008:2,0.002,0.0025,0.002,0.002,1.66,2026-06-23T01:35:51,0.002,1.66
ip_shuffle,20260623T013551_691043,of:0000000000000003:2 -> of:0000000000000008:3,0.002,0.0025,0.002,0.002,1.66,2026-06-23T01:35:51,0.002,1.66
ip_shuffle,20260623T013551_691043,of:0000000000000008:1 -> of:000000000000000b:6,0.001,0.00125,0.001,0.001,1.4,2026-06-23T01:35:51,0.001,1.43
ip_shuffle,20260623T013551_691043,of:0000000000000004:2 -> of:0000000000000009:2,0.002,0.0025,0.002,0.002,1.73,2026-06-23T01:35:51,0.002,1.73
ip_shuffle,20260623T013551_691043,of:0000000000000002:1 -> of:000000000000000b:4,0.001,0.00125,0.001,0.001,1.46,2026-06-23T01:35:51,0.001,1.5
ip_shuffle,20260623T013551_691043,of:0000000000000009:1 -> of:000000000000000c:6,0.001,0.00125,0.001,0.001,1.43,2026-06-23T01:35:51,0.001,1.4
route_mutation,20260623T013656_118701,of:0000000000000004:1 -> of:000000000000000c:4,0.002,0.0025,0.002,0.002,1.43,2026-06-23T01:36:56,0.002,1.43
route_mutation,20260623T013656_118701,of:0000000000000005:1 -> of:000000000000000c:5,0.002,0.0025,0.002,0.002,1.43,2026-06-23T01:36:56,0.002,1.43
route_mutation,20260623T013656_118701,of:000000000000000a:1 -> of:000000000000000d:6,0.001,0.00125,0.001,0.001,1.37,2026-06-23T01:36:56,0.001,1.37
route_mutation,20260623T013656_118701,of:000000000000000b:3 -> of:000000000000000d:2,0.001,0.00125,0.001,0.001,1.46,2026-06-23T01:36:56,0.001,1.46
route_mutation,20260623T013656_118701,of:000000000000000c:3 -> of:000000000000000d:3,0.002,0.0025,0.002,0.002,1.53,2026-06-23T01:36:56,0.002,1.53
route_mutation,20260623T013656_118701,of:0000000000000005:2 -> of:0000000000000009:3,0.001,0.00125,0.001,0.001,1.46,2026-06-23T01:36:56,0.001,1.46
route_mutation,20260623T013656_118701,of:0000000000000001:1 -> of:000000000000000b:1,0.003,0.00375,0.003,0.003,3.0,2026-06-23T01:36:56,0.003,3.0
route_mutation,20260623T013656_118701,of:000000000000000b:2 -> of:000000000000000c:2,0.001,0.00125,0.001,0.001,1.46,2026-06-23T01:36:56,0.001,1.46
route_mutation,20260623T013656_118701,of:0000000000000001:2 -> of:000000000000000c:1,0.002,0.0025,0.002,0.002,1.43,2026-06-23T01:36:56,0.002,1.43
route_mutation,20260623T013656_118701,of:0000000000000006:2 -> of:000000000000000a:2,0.001,0.00125,0.001,0.001,1.4,2026-06-23T01:36:56,0.001,1.4
route_mutation,20260623T013656_118701,of:0000000000000001:3 -> of:000000000000000d:1,0.002,0.0025,0.002,0.002,1.43,2026-06-23T01:36:56,0.002,1.43
route_mutation,20260623T013656_118701,of:0000000000000003:1 -> of:000000000000000b:5,0.002,0.0025,0.002,0.002,1.96,2026-06-23T01:36:56,0.002,1.96
route_mutation,20260623T013656_118701,of:0000000000000006:1 -> of:000000000000000d:4,0.001,0.00125,0.001,0.001,1.37,2026-06-23T01:36:56,0.001,1.37
route_mutation,20260623T013656_118701,of:0000000000000007:2 -> of:000000000000000a:3,0.001,0.00125,0.001,0.001,1.4,2026-06-23T01:36:56,0.001,1.4
route_mutation,20260623T013656_118701,of:0000000000000007:1 -> of:000000000000000d:5,0.001,0.00125,0.001,0.001,1.37,2026-06-23T01:36:56,0.001,1.37
route_mutation,20260623T013656_118701,of:0000000000000002:2 -> of:0000000000000008:2,0.001,0.00125,0.001,0.001,1.46,2026-06-23T01:36:56,0.001,1.46
route_mutation,20260623T013656_118701,of:0000000000000003:2 -> of:0000000000000008:3,0.001,0.00125,0.001,0.001,1.46,2026-06-23T01:36:56,0.001,1.46
route_mutation,20260623T013656_118701,of:0000000000000008:1 -> of:000000000000000b:6,0.001,0.00125,0.001,0.001,1.3,2026-06-23T01:36:56,0.001,1.3
route_mutation,20260623T013656_118701,of:0000000000000004:2 -> of:0000000000000009:2,0.001,0.00125,0.001,0.001,1.46,2026-06-23T01:36:56,0.001,1.46
route_mutation,20260623T013656_118701,of:0000000000000002:1 -> of:000000000000000b:4,0.002,0.0025,0.002,0.002,2.4,2026-06-23T01:36:56,0.002,2.4
route_mutation,20260623T013656_118701,of:0000000000000009:1 -> of:000000000000000c:6,0.001,0.00125,0.001,0.001,1.37,2026-06-23T01:36:56,0.001,1.37
ip_shuffle,20260623T013726_601306,of:0000000000000004:1 -> of:000000000000000c:4,0.002,0.0025,0.002,0.002,2.43,2026-06-23T01:37:26,0.002,2.46
ip_shuffle,20260623T013726_601306,of:0000000000000005:1 -> of:000000000000000c:5,0.002,0.0025,0.002,0.002,2.43,2026-06-23T01:37:26,0.002,2.46
ip_shuffle,20260623T013726_601306,of:000000000000000a:1 -> of:000000000000000d:6,0.002,0.0025,0.002,0.002,1.66,2026-06-23T01:37:26,0.002,1.7
ip_shuffle,20260623T013726_601306,of:000000000000000b:3 -> of:000000000000000d:2,0.002,0.0025,0.002,0.002,2.1,2026-06-23T01:37:26,0.002,2.1
ip_shuffle,20260623T013726_601306,of:000000000000000c:3 -> of:000000000000000d:3,0.002,0.0025,0.002,0.002,2.03,2026-06-23T01:37:26,0.002,2.03
ip_shuffle,20260623T013726_601306,of:0000000000000005:2 -> of:0000000000000009:3,0.002,0.0025,0.002,0.002,2.1,2026-06-23T01:37:26,0.002,2.1
ip_shuffle,20260623T013726_601306,of:0000000000000001:1 -> of:000000000000000b:1,0.002,0.0025,0.002,0.002,2.16,2026-06-23T01:37:26,0.002,2.13
ip_shuffle,20260623T013726_601306,of:000000000000000b:2 -> of:000000000000000c:2,0.002,0.0025,0.002,0.002,2.06,2026-06-23T01:37:26,0.002,2.06
ip_shuffle,20260623T013726_601306,of:0000000000000001:2 -> of:000000000000000c:1,0.003,0.00375,0.003,0.003,3.26,2026-06-23T01:37:26,0.003,3.23
ip_shuffle,20260623T013726_601306,of:0000000000000006:2 -> of:000000000000000a:2,0.002,0.0025,0.002,0.002,2.1,2026-06-23T01:37:26,0.002,2.13
ip_shuffle,20260623T013726_601306,of:0000000000000001:3 -> of:000000000000000d:1,0.002,0.0025,0.002,0.002,2.46,2026-06-23T01:37:26,0.002,2.56
ip_shuffle,20260623T013726_601306,of:0000000000000003:1 -> of:000000000000000b:5,0.002,0.0025,0.002,0.002,2.13,2026-06-23T01:37:26,0.002,2.16
ip_shuffle,20260623T013726_601306,of:0000000000000006:1 -> of:000000000000000d:4,0.002,0.0025,0.002,0.002,2.56,2026-06-23T01:37:26,0.002,2.53
ip_shuffle,20260623T013726_601306,of:0000000000000007:2 -> of:000000000000000a:3,0.002,0.0025,0.002,0.002,2.13,2026-06-23T01:37:26,0.002,2.13
ip_shuffle,20260623T013726_601306,of:0000000000000007:1 -> of:000000000000000d:5,0.002,0.0025,0.002,0.002,1.66,2026-06-23T01:37:26,0.002,1.7
ip_shuffle,20260623T013726_601306,of:0000000000000002:2 -> of:0000000000000008:2,0.002,0.0025,0.002,0.002,2.1,2026-06-23T01:37:26,0.002,2.1
ip_shuffle,20260623T013726_601306,of:0000000000000003:2 -> of:0000000000000008:3,0.002,0.0025,0.002,0.002,2.1,2026-06-23T01:37:26,0.002,2.1
ip_shuffle,20260623T013726_601306,of:0000000000000008:1 -> of:000000000000000b:6,0.002,0.0025,0.002,0.002,1.73,2026-06-23T01:37:26,0.002,1.73
ip_shuffle,20260623T013726_601306,of:0000000000000004:2 -> of:0000000000000009:2,0.002,0.0025,0.002,0.002,2.1,2026-06-23T01:37:26,0.002,2.1
ip_shuffle,20260623T013726_601306,of:0000000000000002:1 -> of:000000000000000b:4,0.002,0.0025,0.002,0.002,1.7,2026-06-23T01:37:26,0.002,1.73
ip_shuffle,20260623T013726_601306,of:0000000000000009:1 -> of:000000000000000c:6,0.002,0.0025,0.002,0.002,1.66,2026-06-23T01:37:26,0.002,1.66
ip_shuffle,20260623T013830_913452,of:0000000000000004:1 -> of:000000000000000c:4,0.001,0.00125,0.001,0.001,1.36,2026-06-23T01:38:30,0.001,1.33
ip_shuffle,20260623T013830_913452,of:0000000000000005:1 -> of:000000000000000c:5,0.001,0.00125,0.001,0.001,1.36,2026-06-23T01:38:30,0.001,1.33
ip_shuffle,20260623T013830_913452,of:000000000000000a:1 -> of:000000000000000d:6,0.001,0.00125,0.001,0.001,1.26,2026-06-23T01:38:30,0.001,1.3
ip_shuffle,20260623T013830_913452,of:000000000000000b:3 -> of:000000000000000d:2,0.001,0.00125,0.001,0.001,1.3,2026-06-23T01:38:30,0.001,1.3
ip_shuffle,20260623T013830_913452,of:000000000000000c:3 -> of:000000000000000d:3,0.002,0.0025,0.002,0.002,1.36,2026-06-23T01:38:30,0.002,1.36
ip_shuffle,20260623T013830_913452,of:0000000000000005:2 -> of:0000000000000009:3,0.001,0.00125,0.001,0.001,1.3,2026-06-23T01:38:30,0.001,1.3
ip_shuffle,20260623T013830_913452,of:0000000000000001:1 -> of:000000000000000b:1,0.001,0.00125,0.001,0.001,1.26,2026-06-23T01:38:30,0.001,1.33
ip_shuffle,20260623T013830_913452,of:000000000000000b:2 -> of:000000000000000c:2,0.001,0.00125,0.001,0.001,1.26,2026-06-23T01:38:30,0.001,1.26
ip_shuffle,20260623T013830_913452,of:0000000000000001:2 -> of:000000000000000c:1,0.002,0.0025,0.002,0.001,1.33,2026-06-23T01:38:30,0.002,1.4
ip_shuffle,20260623T013830_913452,of:0000000000000006:2 -> of:000000000000000a:2,0.001,0.00125,0.001,0.001,1.23,2026-06-23T01:38:30,0.001,1.23
ip_shuffle,20260623T013830_913452,of:0000000000000001:3 -> of:000000000000000d:1,0.002,0.0025,0.002,0.002,1.63,2026-06-23T01:38:30,0.002,1.46
ip_shuffle,20260623T013830_913452,of:0000000000000003:1 -> of:000000000000000b:5,0.001,0.00125,0.001,0.001,1.3,2026-06-23T01:38:30,0.001,1.26
ip_shuffle,20260623T013830_913452,of:0000000000000006:1 -> of:000000000000000d:4,0.001,0.00125,0.001,0.001,1.3,2026-06-23T01:38:30,0.001,1.3
ip_shuffle,20260623T013830_913452,of:0000000000000007:2 -> of:000000000000000a:3,0.001,0.00125,0.001,0.001,1.2,2026-06-23T01:38:30,0.001,1.2
ip_shuffle,20260623T013830_913452,of:0000000000000007:1 -> of:000000000000000d:5,0.002,0.0025,0.002,0.001,1.36,2026-06-23T01:38:30,0.002,1.46
ip_shuffle,20260623T013830_913452,of:0000000000000002:2 -> of:0000000000000008:2,0.001,0.00125,0.001,0.001,1.3,2026-06-23T01:38:30,0.001,1.3
ip_shuffle,20260623T013830_913452,of:0000000000000003:2 -> of:0000000000000008:3,0.001,0.00125,0.001,0.001,1.3,2026-06-23T01:38:30,0.001,1.3
ip_shuffle,20260623T013830_913452,of:0000000000000008:1 -> of:000000000000000b:6,0.001,0.00125,0.001,0.001,1.2,2026-06-23T01:38:30,0.001,1.2
ip_shuffle,20260623T013830_913452,of:0000000000000004:2 -> of:0000000000000009:2,0.001,0.00125,0.001,0.001,1.3,2026-06-23T01:38:30,0.001,1.3
ip_shuffle,20260623T013830_913452,of:0000000000000002:1 -> of:000000000000000b:4,0.001,0.00125,0.001,0.001,1.3,2026-06-23T01:38:30,0.001,1.26
ip_shuffle,20260623T013830_913452,of:0000000000000009:1 -> of:000000000000000c:6,0.001,0.00125,0.001,0.001,1.26,2026-06-23T01:38:30,0.001,1.26
route_mutation,20260623T013928_599663,of:0000000000000004:1 -> of:000000000000000c:4,0.002,0.0025,0.002,0.002,2.0,2026-06-23T01:39:28,0.002,2.03
route_mutation,20260623T013928_599663,of:0000000000000005:1 -> of:000000000000000c:5,0.002,0.0025,0.002,0.002,2.5,2026-06-23T01:39:28,0.002,2.5
route_mutation,20260623T013928_599663,of:000000000000000a:1 -> of:000000000000000d:6,0.002,0.0025,0.002,0.002,2.1,2026-06-23T01:39:28,0.002,2.13
route_mutation,20260623T013928_599663,of:000000000000000b:3 -> of:000000000000000d:2,0.002,0.0025,0.002,0.002,2.89,2026-06-23T01:39:28,0.002,2.89
route_mutation,20260623T013928_599663,of:000000000000000c:3 -> of:000000000000000d:3,0.002,0.0025,0.002,0.002,2.89,2026-06-23T01:39:28,0.002,2.89
route_mutation,20260623T013928_599663,of:0000000000000005:2 -> of:0000000000000009:3,0.002,0.0025,0.002,0.002,2.76,2026-06-23T01:39:28,0.002,2.76
route_mutation,20260623T013928_599663,of:0000000000000001:1 -> of:000000000000000b:1,0.002,0.0025,0.002,0.002,2.03,2026-06-23T01:39:28,0.002,1.96
route_mutation,20260623T013928_599663,of:000000000000000b:2 -> of:000000000000000c:2,0.002,0.0025,0.002,0.002,2.86,2026-06-23T01:39:28,0.002,2.86
route_mutation,20260623T013928_599663,of:0000000000000001:2 -> of:000000000000000c:1,0.002,0.0025,0.002,0.002,2.5,2026-06-23T01:39:28,0.002,2.46
route_mutation,20260623T013928_599663,of:0000000000000006:2 -> of:000000000000000a:2,0.002,0.0025,0.002,0.002,2.83,2026-06-23T01:39:28,0.002,2.83
route_mutation,20260623T013928_599663,of:0000000000000001:3 -> of:000000000000000d:1,0.003,0.00375,0.003,0.003,3.86,2026-06-23T01:39:28,0.003,3.96
route_mutation,20260623T013928_599663,of:0000000000000003:1 -> of:000000000000000b:5,0.002,0.0025,0.002,0.002,2.0,2026-06-23T01:39:28,0.002,2.03
route_mutation,20260623T013928_599663,of:0000000000000006:1 -> of:000000000000000d:4,0.003,0.00375,0.003,0.003,3.26,2026-06-23T01:39:28,0.003,3.33
route_mutation,20260623T013928_599663,of:0000000000000007:2 -> of:000000000000000a:3,0.002,0.0025,0.002,0.002,2.86,2026-06-23T01:39:28,0.002,2.86
route_mutation,20260623T013928_599663,of:0000000000000007:1 -> of:000000000000000d:5,0.002,0.0025,0.002,0.002,2.86,2026-06-23T01:39:28,0.002,2.83
route_mutation,20260623T013928_599663,of:0000000000000002:2 -> of:0000000000000008:2,0.002,0.0025,0.002,0.002,2.76,2026-06-23T01:39:28,0.002,2.76
route_mutation,20260623T013928_599663,of:0000000000000003:2 -> of:0000000000000008:3,0.002,0.0025,0.002,0.002,2.76,2026-06-23T01:39:28,0.002,2.76
route_mutation,20260623T013928_599663,of:0000000000000008:1 -> of:000000000000000b:6,0.002,0.0025,0.002,0.002,2.1,2026-06-23T01:39:28,0.002,2.1
route_mutation,20260623T013928_599663,of:0000000000000004:2 -> of:0000000000000009:2,0.002,0.0025,0.002,0.002,2.76,2026-06-23T01:39:28,0.002,2.76
route_mutation,20260623T013928_599663,of:0000000000000002:1 -> of:000000000000000b:4,0.002,0.0025,0.002,0.002,2.0,2026-06-23T01:39:28,0.002,2.03
route_mutation,20260623T013928_599663,of:0000000000000009:1 -> of:000000000000000c:6,0.002,0.0025,0.002,0.002,2.1,2026-06-23T01:39:28,0.002,2.1
ip_shuffle,20260623T013958_856612,of:0000000000000004:1 -> of:000000000000000c:4,0.002,0.0025,0.002,0.002,1.6,2026-06-23T01:39:58,0.002,1.56
ip_shuffle,20260623T013958_856612,of:0000000000000005:1 -> of:000000000000000c:5,0.002,0.0025,0.002,0.002,1.6,2026-06-23T01:39:58,0.002,1.56
ip_shuffle,20260623T013958_856612,of:000000000000000a:1 -> of:000000000000000d:6,0.001,0.00125,0.001,0.001,1.5,2026-06-23T01:39:58,0.001,1.46
ip_shuffle,20260623T013958_856612,of:000000000000000b:3 -> of:000000000000000d:2,0.002,0.0025,0.002,0.002,1.76,2026-06-23T01:39:58,0.002,1.76
ip_shuffle,20260623T013958_856612,of:000000000000000c:3 -> of:000000000000000d:3,0.002,0.0025,0.002,0.002,1.76,2026-06-23T01:39:58,0.002,1.76
ip_shuffle,20260623T013958_856612,of:0000000000000005:2 -> of:0000000000000009:3,0.002,0.0025,0.002,0.002,1.76,2026-06-23T01:39:58,0.002,1.76
ip_shuffle,20260623T013958_856612,of:0000000000000001:1 -> of:000000000000000b:1,0.002,0.0025,0.002,0.001,1.5,2026-06-23T01:39:58,0.002,1.63
ip_shuffle,20260623T013958_856612,of:000000000000000b:2 -> of:000000000000000c:2,0.002,0.0025,0.002,0.002,1.8,2026-06-23T01:39:58,0.002,1.8
ip_shuffle,20260623T013958_856612,of:0000000000000001:2 -> of:000000000000000c:1,0.002,0.0025,0.002,0.002,1.56,2026-06-23T01:39:58,0.002,1.63
ip_shuffle,20260623T013958_856612,of:0000000000000006:2 -> of:000000000000000a:2,0.002,0.0025,0.002,0.002,1.7,2026-06-23T01:39:58,0.002,1.7
ip_shuffle,20260623T013958_856612,of:0000000000000001:3 -> of:000000000000000d:1,0.002,0.0025,0.002,0.002,2.33,2026-06-23T01:39:58,0.002,2.23
ip_shuffle,20260623T013958_856612,of:0000000000000003:1 -> of:000000000000000b:5,0.002,0.0025,0.002,0.002,1.53,2026-06-23T01:39:58,0.002,1.56
ip_shuffle,20260623T013958_856612,of:0000000000000006:1 -> of:000000000000000d:4,0.002,0.0025,0.002,0.002,1.53,2026-06-23T01:39:58,0.001,1.46
ip_shuffle,20260623T013958_856612,of:0000000000000007:2 -> of:000000000000000a:3,0.001,0.00125,0.001,0.001,1.66,2026-06-23T01:39:58,0.001,1.66
ip_shuffle,20260623T013958_856612,of:0000000000000007:1 -> of:000000000000000d:5,0.002,0.0025,0.002,0.002,2.13,2026-06-23T01:39:58,0.002,2.16
ip_shuffle,20260623T013958_856612,of:0000000000000002:2 -> of:0000000000000008:2,0.002,0.0025,0.002,0.002,1.76,2026-06-23T01:39:58,0.002,1.76
ip_shuffle,20260623T013958_856612,of:0000000000000003:2 -> of:0000000000000008:3,0.002,0.0025,0.002,0.002,1.76,2026-06-23T01:39:58,0.002,1.76
ip_shuffle,20260623T013958_856612,of:0000000000000008:1 -> of:000000000000000b:6,0.001,0.00125,0.001,0.001,1.5,2026-06-23T01:39:58,0.001,1.5
ip_shuffle,20260623T013958_856612,of:0000000000000004:2 -> of:0000000000000009:2,0.002,0.0025,0.002,0.002,1.76,2026-06-23T01:39:58,0.002,1.76
ip_shuffle,20260623T013958_856612,of:0000000000000002:1 -> of:000000000000000b:4,0.002,0.0025,0.002,0.002,1.53,2026-06-23T01:39:58,0.002,1.56
ip_shuffle,20260623T013958_856612,of:0000000000000009:1 -> of:000000000000000c:6,0.001,0.00125,0.001,0.001,1.5,2026-06-23T01:39:58,0.001,1.5
ip_shuffle,20260623T014056_748189,of:0000000000000004:1 -> of:000000000000000c:4,0.002,0.0025,0.002,0.002,2.39,2026-06-23T01:40:56,0.002,2.36
ip_shuffle,20260623T014056_748189,of:0000000000000005:1 -> of:000000000000000c:5,0.002,0.0025,0.002,0.002,2.66,2026-06-23T01:40:56,0.002,2.63
ip_shuffle,20260623T014056_748189,of:000000000000000a:1 -> of:000000000000000d:6,0.002,0.0025,0.002,0.002,1.86,2026-06-23T01:40:56,0.002,1.9
ip_shuffle,20260623T014056_748189,of:000000000000000b:3 -> of:000000000000000d:2,0.002,0.0025,0.002,0.002,2.46,2026-06-23T01:40:56,0.002,2.46
ip_shuffle,20260623T014056_748189,of:000000000000000c:3 -> of:000000000000000d:3,0.002,0.0025,0.002,0.002,2.46,2026-06-23T01:40:56,0.002,2.46
ip_shuffle,20260623T014056_748189,of:0000000000000005:2 -> of:0000000000000009:3,0.002,0.0025,0.002,0.002,2.36,2026-06-23T01:40:56,0.002,2.29
ip_shuffle,20260623T014056_748189,of:0000000000000001:1 -> of:000000000000000b:1,0.002,0.0025,0.002,0.002,1.9,2026-06-23T01:40:56,0.002,1.83
ip_shuffle,20260623T014056_748189,of:000000000000000b:2 -> of:000000000000000c:2,0.002,0.0025,0.002,0.002,2.46,2026-06-23T01:40:56,0.002,2.46
ip_shuffle,20260623T014056_748189,of:0000000000000001:2 -> of:000000000000000c:1,0.003,0.00375,0.003,0.003,3.23,2026-06-23T01:40:56,0.003,3.16
ip_shuffle,20260623T014056_748189,of:0000000000000006:2 -> of:000000000000000a:2,0.002,0.0025,0.002,0.002,2.39,2026-06-23T01:40:56,0.002,2.39
ip_shuffle,20260623T014056_748189,of:0000000000000001:3 -> of:000000000000000d:1,0.003,0.00375,0.003,0.003,3.09,2026-06-23T01:40:56,0.003,3.19
ip_shuffle,20260623T014056_748189,of:0000000000000003:1 -> of:000000000000000b:5,0.002,0.0025,0.002,0.002,1.83,2026-06-23T01:40:56,0.002,1.9
ip_shuffle,20260623T014056_748189,of:0000000000000006:1 -> of:000000000000000d:4,0.003,0.00375,0.003,0.003,3.06,2026-06-23T01:40:56,0.003,3.09
ip_shuffle,20260623T014056_748189,of:0000000000000007:2 -> of:000000000000000a:3,0.002,0.0025,0.002,0.002,2.39,2026-06-23T01:40:56,0.002,2.39
ip_shuffle,20260623T014056_748189,of:0000000000000007:1 -> of:000000000000000d:5,0.002,0.0025,0.002,0.002,2.13,2026-06-23T01:40:56,0.002,2.09
ip_shuffle,20260623T014056_748189,of:0000000000000002:2 -> of:0000000000000008:2,0.002,0.0025,0.002,0.002,2.29,2026-06-23T01:40:56,0.002,2.29
ip_shuffle,20260623T014056_748189,of:0000000000000003:2 -> of:0000000000000008:3,0.002,0.0025,0.002,0.002,2.29,2026-06-23T01:40:56,0.002,2.29
ip_shuffle,20260623T014056_748189,of:0000000000000008:1 -> of:000000000000000b:6,0.002,0.0025,0.002,0.002,1.86,2026-06-23T01:40:56,0.002,1.9
ip_shuffle,20260623T014056_748189,of:0000000000000004:2 -> of:0000000000000009:2,0.002,0.0025,0.002,0.002,2.36,2026-06-23T01:40:56,0.002,2.29
ip_shuffle,20260623T014056_748189,of:0000000000000002:1 -> of:000000000000000b:4,0.002,0.0025,0.002,0.002,1.76,2026-06-23T01:40:56,0.002,1.83
ip_shuffle,20260623T014056_748189,of:0000000000000009:1 -> of:000000000000000c:6,0.002,0.0025,0.002,0.002,1.86,2026-06-23T01:40:56,0.002,1.9
route_mutation,20260623T014201_109608,of:0000000000000004:1 -> of:000000000000000c:4,0.001,0.00125,0.001,0.001,1.36,2026-06-23T01:42:01,0.001,1.36
route_mutation,20260623T014201_109608,of:0000000000000005:1 -> of:000000000000000c:5,0.001,0.00125,0.001,0.001,1.36,2026-06-23T01:42:01,0.001,1.36
route_mutation,20260623T014201_109608,of:000000000000000a:1 -> of:000000000000000d:6,0.001,0.00125,0.001,0.001,1.3,2026-06-23T01:42:01,0.001,1.3
route_mutation,20260623T014201_109608,of:000000000000000b:3 -> of:000000000000000d:2,0.001,0.00125,0.001,0.001,1.4,2026-06-23T01:42:01,0.001,1.4
route_mutation,20260623T014201_109608,of:000000000000000c:3 -> of:000000000000000d:3,0.001,0.00125,0.001,0.001,1.4,2026-06-23T01:42:01,0.001,1.4
route_mutation,20260623T014201_109608,of:0000000000000005:2 -> of:0000000000000009:3,0.002,0.0025,0.002,0.002,1.53,2026-06-23T01:42:01,0.002,1.53
route_mutation,20260623T014201_109608,of:0000000000000001:1 -> of:000000000000000b:1,0.002,0.0025,0.002,0.002,1.9,2026-06-23T01:42:01,0.002,1.9
route_mutation,20260623T014201_109608,of:000000000000000b:2 -> of:000000000000000c:2,0.001,0.00125,0.001,0.001,1.4,2026-06-23T01:42:01,0.001,1.4
route_mutation,20260623T014201_109608,of:0000000000000001:2 -> of:000000000000000c:1,0.001,0.00125,0.001,0.001,1.36,2026-06-23T01:42:01,0.001,1.36
route_mutation,20260623T014201_109608,of:0000000000000006:2 -> of:000000000000000a:2,0.001,0.00125,0.001,0.001,1.46,2026-06-23T01:42:01,0.001,1.46
route_mutation,20260623T014201_109608,of:0000000000000001:3 -> of:000000000000000d:1,0.001,0.00125,0.001,0.001,1.36,2026-06-23T01:42:01,0.001,1.36
route_mutation,20260623T014201_109608,of:0000000000000003:1 -> of:000000000000000b:5,0.001,0.00125,0.001,0.001,1.36,2026-06-23T01:42:01,0.001,1.36
route_mutation,20260623T014201_109608,of:0000000000000006:1 -> of:000000000000000d:4,0.001,0.00125,0.001,0.001,1.36,2026-06-23T01:42:01,0.001,1.36
route_mutation,20260623T014201_109608,of:0000000000000007:2 -> of:000000000000000a:3,0.001,0.00125,0.001,0.001,1.46,2026-06-23T01:42:01,0.001,1.46
route_mutation,20260623T014201_109608,of:0000000000000007:1 -> of:000000000000000d:5,0.001,0.00125,0.001,0.001,1.36,2026-06-23T01:42:01,0.001,1.36
route_mutation,20260623T014201_109608,of:0000000000000002:2 -> of:0000000000000008:2,0.002,0.0025,0.002,0.002,1.53,2026-06-23T01:42:01,0.002,1.53
route_mutation,20260623T014201_109608,of:0000000000000003:2 -> of:0000000000000008:3,0.002,0.0025,0.002,0.002,1.53,2026-06-23T01:42:01,0.002,1.53
route_mutation,20260623T014201_109608,of:0000000000000008:1 -> of:000000000000000b:6,0.001,0.00125,0.001,0.001,1.36,2026-06-23T01:42:01,0.001,1.36
route_mutation,20260623T014201_109608,of:0000000000000004:2 -> of:0000000000000009:2,0.002,0.0025,0.002,0.002,1.53,2026-06-23T01:42:01,0.002,1.53
route_mutation,20260623T014201_109608,of:0000000000000002:1 -> of:000000000000000b:4,0.002,0.0025,0.002,0.002,1.96,2026-06-23T01:42:01,0.002,1.96
route_mutation,20260623T014201_109608,of:0000000000000009:1 -> of:000000000000000c:6,0.001,0.00125,0.001,0.001,1.36,2026-06-23T01:42:01,0.001,1.36
route_mutation,20260623T014231_552182,of:0000000000000004:1 -> of:000000000000000c:4,0.002,0.0025,0.002,0.002,2.3,2026-06-23T01:42:31,0.002,2.33
route_mutation,20260623T014231_552182,of:0000000000000005:1 -> of:000000000000000c:5,0.002,0.0025,0.002,0.002,2.3,2026-06-23T01:42:31,0.002,2.33
route_mutation,20260623T014231_552182,of:000000000000000a:1 -> of:000000000000000d:6,0.002,0.0025,0.002,0.002,1.53,2026-06-23T01:42:31,0.002,1.53
route_mutation,20260623T014231_552182,of:000000000000000b:3 -> of:000000000000000d:2,0.002,0.0025,0.002,0.002,1.73,2026-06-23T01:42:31,0.002,1.73
route_mutation,20260623T014231_552182,of:000000000000000c:3 -> of:000000000000000d:3,0.002,0.0025,0.002,0.002,1.73,2026-06-23T01:42:31,0.002,1.73
route_mutation,20260623T014231_552182,of:0000000000000005:2 -> of:0000000000000009:3,0.002,0.0025,0.002,0.002,1.73,2026-06-23T01:42:31,0.002,1.73
route_mutation,20260623T014231_552182,of:0000000000000001:1 -> of:000000000000000b:1,0.003,0.00375,0.003,0.003,3.0,2026-06-23T01:42:31,0.003,2.93
route_mutation,20260623T014231_552182,of:000000000000000b:2 -> of:000000000000000c:2,0.002,0.0025,0.002,0.002,1.73,2026-06-23T01:42:31,0.002,1.73
route_mutation,20260623T014231_552182,of:0000000000000001:2 -> of:000000000000000c:1,0.003,0.00375,0.003,0.003,3.06,2026-06-23T01:42:31,0.003,3.0
route_mutation,20260623T014231_552182,of:0000000000000006:2 -> of:000000000000000a:2,0.002,0.0025,0.002,0.002,1.7,2026-06-23T01:42:31,0.002,1.7
route_mutation,20260623T014231_552182,of:0000000000000001:3 -> of:000000000000000d:1,0.002,0.0025,0.002,0.002,1.6,2026-06-23T01:42:31,0.002,1.73
route_mutation,20260623T014231_552182,of:0000000000000003:1 -> of:000000000000000b:5,0.002,0.0025,0.002,0.002,2.43,2026-06-23T01:42:31,0.002,2.5
route_mutation,20260623T014231_552182,of:0000000000000006:1 -> of:000000000000000d:4,0.002,0.0025,0.002,0.002,1.83,2026-06-23T01:42:31,0.002,1.73
route_mutation,20260623T014231_552182,of:0000000000000007:2 -> of:000000000000000a:3,0.002,0.0025,0.002,0.002,1.7,2026-06-23T01:42:31,0.002,1.7
route_mutation,20260623T014231_552182,of:0000000000000007:1 -> of:000000000000000d:5,0.002,0.0025,0.002,0.002,1.5,2026-06-23T01:42:31,0.002,1.53
route_mutation,20260623T014231_552182,of:0000000000000002:2 -> of:0000000000000008:2,0.002,0.0025,0.002,0.002,1.56,2026-06-23T01:42:31,0.002,1.56
route_mutation,20260623T014231_552182,of:0000000000000003:2 -> of:0000000000000008:3,0.002,0.0025,0.002,0.002,1.56,2026-06-23T01:42:31,0.002,1.56
route_mutation,20260623T014231_552182,of:0000000000000008:1 -> of:000000000000000b:6,0.002,0.0025,0.002,0.002,1.5,2026-06-23T01:42:31,0.002,1.53
route_mutation,20260623T014231_552182,of:0000000000000004:2 -> of:0000000000000009:2,0.002,0.0025,0.002,0.002,1.7,2026-06-23T01:42:31,0.002,1.7
route_mutation,20260623T014231_552182,of:0000000000000002:1 -> of:000000000000000b:4,0.002,0.0025,0.002,0.002,1.83,2026-06-23T01:42:31,0.002,1.9
route_mutation,20260623T014231_552182,of:0000000000000009:1 -> of:000000000000000c:6,0.002,0.0025,0.002,0.002,1.56,2026-06-23T01:42:31,0.002,1.56
ip_shuffle,20260623T014302_060255,of:0000000000000004:1 -> of:000000000000000c:4,0.002,0.0025,0.002,0.002,2.16,2026-06-23T01:43:02,0.002,2.16
ip_shuffle,20260623T014302_060255,of:0000000000000005:1 -> of:000000000000000c:5,0.002,0.0025,0.002,0.002,2.16,2026-06-23T01:43:02,0.002,2.16
ip_shuffle,20260623T014302_060255,of:000000000000000a:1 -> of:000000000000000d:6,0.002,0.0025,0.002,0.002,2.23,2026-06-23T01:43:02,0.002,2.23
ip_shuffle,20260623T014302_060255,of:000000000000000b:3 -> of:000000000000000d:2,0.002,0.0025,0.002,0.002,3.13,2026-06-23T01:43:02,0.002,3.13
ip_shuffle,20260623T014302_060255,of:000000000000000c:3 -> of:000000000000000d:3,0.002,0.0025,0.002,0.002,3.13,2026-06-23T01:43:02,0.002,3.13
ip_shuffle,20260623T014302_060255,of:0000000000000005:2 -> of:0000000000000009:3,0.002,0.0025,0.002,0.002,2.99,2026-06-23T01:43:02,0.002,3.06
ip_shuffle,20260623T014302_060255,of:0000000000000001:1 -> of:000000000000000b:1,0.002,0.0025,0.002,0.002,2.23,2026-06-23T01:43:02,0.002,2.23
ip_shuffle,20260623T014302_060255,of:000000000000000b:2 -> of:000000000000000c:2,0.002,0.0025,0.002,0.002,3.13,2026-06-23T01:43:02,0.002,3.13
ip_shuffle,20260623T014302_060255,of:0000000000000001:2 -> of:000000000000000c:1,0.002,0.0025,0.002,0.002,2.23,2026-06-23T01:43:02,0.002,2.23
ip_shuffle,20260623T014302_060255,of:0000000000000006:2 -> of:000000000000000a:2,0.002,0.0025,0.002,0.002,3.06,2026-06-23T01:43:02,0.002,3.06
ip_shuffle,20260623T014302_060255,of:0000000000000001:3 -> of:000000000000000d:1,0.003,0.00375,0.003,0.003,4.43,2026-06-23T01:43:02,0.003,4.43
ip_shuffle,20260623T014302_060255,of:0000000000000003:1 -> of:000000000000000b:5,0.002,0.0025,0.002,0.002,2.23,2026-06-23T01:43:02,0.002,2.23
ip_shuffle,20260623T014302_060255,of:0000000000000006:1 -> of:000000000000000d:4,0.002,0.0025,0.002,0.002,3.03,2026-06-23T01:43:02,0.002,3.16
ip_shuffle,20260623T014302_060255,of:0000000000000007:2 -> of:000000000000000a:3,0.002,0.0025,0.002,0.002,3.06,2026-06-23T01:43:02,0.002,3.06
ip_shuffle,20260623T014302_060255,of:0000000000000007:1 -> of:000000000000000d:5,0.003,0.00375,0.003,0.003,3.49,2026-06-23T01:43:02,0.003,3.36
ip_shuffle,20260623T014302_060255,of:0000000000000002:2 -> of:0000000000000008:2,0.002,0.0025,0.002,0.002,3.09,2026-06-23T01:43:02,0.002,3.09
ip_shuffle,20260623T014302_060255,of:0000000000000003:2 -> of:0000000000000008:3,0.002,0.0025,0.002,0.002,3.09,2026-06-23T01:43:02,0.002,3.09
ip_shuffle,20260623T014302_060255,of:0000000000000008:1 -> of:000000000000000b:6,0.002,0.0025,0.002,0.002,2.2,2026-06-23T01:43:02,0.002,2.16
ip_shuffle,20260623T014302_060255,of:0000000000000004:2 -> of:0000000000000009:2,0.002,0.0025,0.002,0.002,2.99,2026-06-23T01:43:02,0.002,3.06
ip_shuffle,20260623T014302_060255,of:0000000000000002:1 -> of:000000000000000b:4,0.002,0.0025,0.002,0.002,2.23,2026-06-23T01:43:02,0.002,2.23
ip_shuffle,20260623T014302_060255,of:0000000000000009:1 -> of:000000000000000c:6,0.002,0.0025,0.002,0.002,2.23,2026-06-23T01:43:02,0.002,2.23
route_mutation,20260623T014406_394077,of:0000000000000004:1 -> of:000000000000000c:4,0.002,0.0025,0.002,0.002,2.33,2026-06-23T01:44:06,0.002,2.33
route_mutation,20260623T014406_394077,of:0000000000000005:1 -> of:000000000000000c:5,0.002,0.0025,0.002,0.002,1.8,2026-06-23T01:44:06,0.002,1.8
route_mutation,20260623T014406_394077,of:000000000000000a:1 -> of:000000000000000d:6,0.002,0.0025,0.002,0.002,1.53,2026-06-23T01:44:06,0.002,1.53
route_mutation,20260623T014406_394077,of:000000000000000b:3 -> of:000000000000000d:2,0.002,0.0025,0.002,0.002,1.73,2026-06-23T01:44:06,0.002,1.73
route_mutation,20260623T014406_394077,of:000000000000000c:3 -> of:000000000000000d:3,0.002,0.0025,0.002,0.002,1.73,2026-06-23T01:44:06,0.002,1.73
route_mutation,20260623T014406_394077,of:0000000000000005:2 -> of:0000000000000009:3,0.002,0.0025,0.002,0.002,1.73,2026-06-23T01:44:06,0.002,1.73
route_mutation,20260623T014406_394077,of:0000000000000001:1 -> of:000000000000000b:1,0.003,0.00375,0.003,0.003,3.53,2026-06-23T01:44:06,0.003,3.53
route_mutation,20260623T014406_394077,of:000000000000000b:2 -> of:000000000000000c:2,0.002,0.0025,0.002,0.002,1.73,2026-06-23T01:44:06,0.002,1.73
route_mutation,20260623T014406_394077,of:0000000000000001:2 -> of:000000000000000c:1,0.002,0.0025,0.002,0.002,2.5,2026-06-23T01:44:06,0.002,2.5
route_mutation,20260623T014406_394077,of:0000000000000006:2 -> of:000000000000000a:2,0.002,0.0025,0.002,0.002,1.73,2026-06-23T01:44:06,0.002,1.73
route_mutation,20260623T014406_394077,of:0000000000000001:3 -> of:000000000000000d:1,0.001,0.00125,0.001,0.001,1.46,2026-06-23T01:44:06,0.001,1.46
route_mutation,20260623T014406_394077,of:0000000000000003:1 -> of:000000000000000b:5,0.002,0.0025,0.002,0.002,2.5,2026-06-23T01:44:06,0.002,2.5
route_mutation,20260623T014406_394077,of:0000000000000006:1 -> of:000000000000000d:4,0.002,0.0025,0.002,0.002,1.53,2026-06-23T01:44:06,0.002,1.53
route_mutation,20260623T014406_394077,of:0000000000000007:2 -> of:000000000000000a:3,0.002,0.0025,0.002,0.002,1.73,2026-06-23T01:44:06,0.002,1.73
route_mutation,20260623T014406_394077,of:0000000000000007:1 -> of:000000000000000d:5,0.002,0.0025,0.002,0.002,1.53,2026-06-23T01:44:06,0.002,1.53
route_mutation,20260623T014406_394077,of:0000000000000002:2 -> of:0000000000000008:2,0.002,0.0025,0.002,0.002,1.66,2026-06-23T01:44:06,0.002,1.66
route_mutation,20260623T014406_394077,of:0000000000000003:2 -> of:0000000000000008:3,0.002,0.0025,0.002,0.002,1.66,2026-06-23T01:44:06,0.002,1.66
route_mutation,20260623T014406_394077,of:0000000000000008:1 -> of:000000000000000b:6,0.002,0.0025,0.002,0.002,1.53,2026-06-23T01:44:06,0.002,1.53
route_mutation,20260623T014406_394077,of:0000000000000004:2 -> of:0000000000000009:2,0.002,0.0025,0.002,0.002,1.73,2026-06-23T01:44:06,0.002,1.73
route_mutation,20260623T014406_394077,of:0000000000000002:1 -> of:000000000000000b:4,0.002,0.0025,0.002,0.002,2.5,2026-06-23T01:44:06,0.002,2.5
route_mutation,20260623T014406_394077,of:0000000000000009:1 -> of:000000000000000c:6,0.002,0.0025,0.002,0.002,1.53,2026-06-23T01:44:06,0.002,1.53
ip_shuffle,20260623T014436_838441,of:0000000000000004:1 -> of:000000000000000c:4,0.002,0.0025,0.002,0.002,1.7,2026-06-23T01:44:36,0.002,1.76
ip_shuffle,20260623T014436_838441,of:0000000000000005:1 -> of:000000000000000c:5,0.002,0.0025,0.002,0.002,2.23,2026-06-23T01:44:36,0.002,2.3
ip_shuffle,20260623T014436_838441,of:000000000000000a:1 -> of:000000000000000d:6,0.002,0.0025,0.002,0.002,1.8,2026-06-23T01:44:36,0.002,1.83
ip_shuffle,20260623T014436_838441,of:000000000000000b:3 -> of:000000000000000d:2,0.002,0.0025,0.002,0.002,2.3,2026-06-23T01:44:36,0.002,2.3
ip_shuffle,20260623T014436_838441,of:000000000000000c:3 -> of:000000000000000d:3,0.002,0.0025,0.002,0.002,2.33,2026-06-23T01:44:36,0.002,2.33
ip_shuffle,20260623T014436_838441,of:0000000000000005:2 -> of:0000000000000009:3,0.002,0.0025,0.002,0.002,2.16,2026-06-23T01:44:36,0.002,2.16
ip_shuffle,20260623T014436_838441,of:0000000000000001:1 -> of:000000000000000b:1,0.002,0.0025,0.002,0.002,1.8,2026-06-23T01:44:36,0.002,1.76
ip_shuffle,20260623T014436_838441,of:000000000000000b:2 -> of:000000000000000c:2,0.002,0.0025,0.002,0.002,2.3,2026-06-23T01:44:36,0.002,2.3
ip_shuffle,20260623T014436_838441,of:0000000000000001:2 -> of:000000000000000c:1,0.002,0.0025,0.002,0.002,2.4,2026-06-23T01:44:36,0.002,2.33
ip_shuffle,20260623T014436_838441,of:0000000000000006:2 -> of:000000000000000a:2,0.002,0.0025,0.002,0.002,2.2,2026-06-23T01:44:36,0.002,2.2
ip_shuffle,20260623T014436_838441,of:0000000000000001:3 -> of:000000000000000d:1,0.003,0.00375,0.003,0.003,3.13,2026-06-23T01:44:36,0.003,3.2
ip_shuffle,20260623T014436_838441,of:0000000000000003:1 -> of:000000000000000b:5,0.002,0.0025,0.002,0.002,1.76,2026-06-23T01:44:36,0.002,1.8
ip_shuffle,20260623T014436_838441,of:0000000000000006:1 -> of:000000000000000d:4,0.002,0.0025,0.002,0.002,2.86,2026-06-23T01:44:36,0.002,2.9
ip_shuffle,20260623T014436_838441,of:0000000000000007:2 -> of:000000000000000a:3,0.002,0.0025,0.002,0.002,2.2,2026-06-23T01:44:36,0.002,2.2
ip_shuffle,20260623T014436_838441,of:0000000000000007:1 -> of:000000000000000d:5,0.002,0.0025,0.002,0.002,2.03,2026-06-23T01:44:36,0.002,2.0
ip_shuffle,20260623T014436_838441,of:0000000000000002:2 -> of:0000000000000008:2,0.002,0.0025,0.002,0.002,2.16,2026-06-23T01:44:36,0.002,2.16
ip_shuffle,20260623T014436_838441,of:0000000000000003:2 -> of:0000000000000008:3,0.002,0.0025,0.002,0.002,2.16,2026-06-23T01:44:36,0.002,2.16
ip_shuffle,20260623T014436_838441,of:0000000000000008:1 -> of:000000000000000b:6,0.002,0.0025,0.002,0.002,1.73,2026-06-23T01:44:36,0.002,1.73
ip_shuffle,20260623T014436_838441,of:0000000000000004:2 -> of:0000000000000009:2,0.002,0.0025,0.002,0.002,2.16,2026-06-23T01:44:36,0.002,2.16
ip_shuffle,20260623T014436_838441,of:0000000000000002:1 -> of:000000000000000b:4,0.002,0.0025,0.002,0.002,1.76,2026-06-23T01:44:36,0.002,1.8
ip_shuffle,20260623T014436_838441,of:0000000000000009:1 -> of:000000000000000c:6,0.002,0.0025,0.002,0.002,1.8,2026-06-23T01:44:36,0.002,1.83
ip_shuffle,20260623T014541_306867,of:0000000000000004:1 -> of:000000000000000c:4,0.002,0.0025,0.002,0.002,1.43,2026-06-23T01:45:41,0.002,1.43
ip_shuffle,20260623T014541_306867,of:0000000000000005:1 -> of:000000000000000c:5,0.002,0.0025,0.002,0.002,1.43,2026-06-23T01:45:41,0.002,1.43
ip_shuffle,20260623T014541_306867,of:000000000000000a:1 -> of:000000000000000d:6,0.001,0.00125,0.001,0.001,1.36,2026-06-23T01:45:41,0.001,1.4
ip_shuffle,20260623T014541_306867,of:000000000000000b:3 -> of:000000000000000d:2,0.001,0.00125,0.001,0.001,1.5,2026-06-23T01:45:41,0.001,1.5
ip_shuffle,20260623T014541_306867,of:000000000000000c:3 -> of:000000000000000d:3,0.001,0.00125,0.001,0.001,1.5,2026-06-23T01:45:41,0.001,1.5
ip_shuffle,20260623T014541_306867,of:0000000000000005:2 -> of:0000000000000009:3,0.002,0.0025,0.002,0.002,1.53,2026-06-23T01:45:41,0.002,1.53
ip_shuffle,20260623T014541_306867,of:0000000000000001:1 -> of:000000000000000b:1,0.003,0.00375,0.003,0.003,3.0,2026-06-23T01:45:41,0.003,3.0
ip_shuffle,20260623T014541_306867,of:000000000000000b:2 -> of:000000000000000c:2,0.002,0.0025,0.002,0.002,1.53,2026-06-23T01:45:41,0.002,1.53
ip_shuffle,20260623T014541_306867,of:0000000000000001:2 -> of:000000000000000c:1,0.001,0.00125,0.001,0.001,1.36,2026-06-23T01:45:41,0.001,1.36
ip_shuffle,20260623T014541_306867,of:0000000000000006:2 -> of:000000000000000a:2,0.002,0.0025,0.002,0.002,1.53,2026-06-23T01:45:41,0.002,1.53
ip_shuffle,20260623T014541_306867,of:0000000000000001:3 -> of:000000000000000d:1,0.001,0.00125,0.001,0.001,1.33,2026-06-23T01:45:41,0.001,1.3
ip_shuffle,20260623T014541_306867,of:0000000000000003:1 -> of:000000000000000b:5,0.002,0.0025,0.002,0.002,2.03,2026-06-23T01:45:41,0.002,2.03
ip_shuffle,20260623T014541_306867,of:0000000000000006:1 -> of:000000000000000d:4,0.001,0.00125,0.001,0.001,1.36,2026-06-23T01:45:41,0.001,1.4
ip_shuffle,20260623T014541_306867,of:0000000000000007:2 -> of:000000000000000a:3,0.002,0.0025,0.002,0.002,1.53,2026-06-23T01:45:41,0.002,1.53
ip_shuffle,20260623T014541_306867,of:0000000000000007:1 -> of:000000000000000d:5,0.001,0.00125,0.001,0.001,1.36,2026-06-23T01:45:41,0.001,1.4
ip_shuffle,20260623T014541_306867,of:0000000000000002:2 -> of:0000000000000008:2,0.001,0.00125,0.001,0.001,1.46,2026-06-23T01:45:41,0.001,1.46
ip_shuffle,20260623T014541_306867,of:0000000000000003:2 -> of:0000000000000008:3,0.001,0.00125,0.001,0.001,1.46,2026-06-23T01:45:41,0.001,1.46
ip_shuffle,20260623T014541_306867,of:0000000000000008:1 -> of:000000000000000b:6,0.002,0.0025,0.002,0.002,1.43,2026-06-23T01:45:41,0.002,1.43
ip_shuffle,20260623T014541_306867,of:0000000000000004:2 -> of:0000000000000009:2,0.002,0.0025,0.002,0.002,1.53,2026-06-23T01:45:41,0.002,1.53
ip_shuffle,20260623T014541_306867,of:0000000000000002:1 -> of:000000000000000b:4,0.002,0.0025,0.002,0.002,2.4,2026-06-23T01:45:41,0.002,2.4
ip_shuffle,20260623T014541_306867,of:0000000000000009:1 -> of:000000000000000c:6,0.002,0.0025,0.002,0.002,1.43,2026-06-23T01:45:41,0.002,1.43
route_mutation,20260623T014645_771580,of:0000000000000004:1 -> of:000000000000000c:4,0.002,0.0025,0.002,0.002,1.73,2026-06-23T01:46:45,0.002,1.7
route_mutation,20260623T014645_771580,of:0000000000000005:1 -> of:000000000000000c:5,0.002,0.0025,0.002,0.002,1.73,2026-06-23T01:46:45,0.002,1.7
route_mutation,20260623T014645_771580,of:000000000000000a:1 -> of:000000000000000d:6,0.001,0.00125,0.001,0.001,1.66,2026-06-23T01:46:45,0.001,1.63
route_mutation,20260623T014645_771580,of:000000000000000b:3 -> of:000000000000000d:2,0.002,0.0025,0.002,0.002,2.19,2026-06-23T01:46:45,0.002,2.19
route_mutation,20260623T014645_771580,of:000000000000000c:3 -> of:000000000000000d:3,0.002,0.0025,0.002,0.002,2.06,2026-06-23T01:46:45,0.002,2.06
route_mutation,20260623T014645_771580,of:0000000000000005:2 -> of:0000000000000009:3,0.002,0.0025,0.002,0.002,2.23,2026-06-23T01:46:45,0.002,2.23
route_mutation,20260623T014645_771580,of:0000000000000001:1 -> of:000000000000000b:1,0.002,0.0025,0.002,0.002,1.76,2026-06-23T01:46:45,0.002,1.83
route_mutation,20260623T014645_771580,of:000000000000000b:2 -> of:000000000000000c:2,0.002,0.0025,0.002,0.002,2.06,2026-06-23T01:46:45,0.002,2.06
route_mutation,20260623T014645_771580,of:0000000000000001:2 -> of:000000000000000c:1,0.002,0.0025,0.002,0.002,1.7,2026-06-23T01:46:45,0.002,1.76
route_mutation,20260623T014645_771580,of:0000000000000006:2 -> of:000000000000000a:2,0.002,0.0025,0.002,0.002,2.19,2026-06-23T01:46:45,0.002,2.19
route_mutation,20260623T014645_771580,of:0000000000000001:3 -> of:000000000000000d:1,0.003,0.00375,0.003,0.003,3.46,2026-06-23T01:46:45,0.003,3.36
route_mutation,20260623T014645_771580,of:0000000000000003:1 -> of:000000000000000b:5,0.002,0.0025,0.002,0.002,1.76,2026-06-23T01:46:45,0.002,1.7
route_mutation,20260623T014645_771580,of:0000000000000006:1 -> of:000000000000000d:4,0.002,0.0025,0.002,0.002,1.93,2026-06-23T01:46:45,0.002,1.96
route_mutation,20260623T014645_771580,of:0000000000000007:2 -> of:000000000000000a:3,0.002,0.0025,0.002,0.002,2.19,2026-06-23T01:46:45,0.002,2.19
route_mutation,20260623T014645_771580,of:0000000000000007:1 -> of:000000000000000d:5,0.003,0.00375,0.003,0.003,3.19,2026-06-23T01:46:45,0.003,3.16
route_mutation,20260623T014645_771580,of:0000000000000002:2 -> of:0000000000000008:2,0.002,0.0025,0.002,0.002,2.29,2026-06-23T01:46:45,0.002,2.29
route_mutation,20260623T014645_771580,of:0000000000000003:2 -> of:0000000000000008:3,0.002,0.0025,0.002,0.002,2.29,2026-06-23T01:46:45,0.002,2.29
route_mutation,20260623T014645_771580,of:0000000000000008:1 -> of:000000000000000b:6,0.002,0.0025,0.002,0.002,1.73,2026-06-23T01:46:45,0.002,1.7
route_mutation,20260623T014645_771580,of:0000000000000004:2 -> of:0000000000000009:2,0.002,0.0025,0.002,0.002,2.19,2026-06-23T01:46:45,0.002,2.19
route_mutation,20260623T014645_771580,of:0000000000000002:1 -> of:000000000000000b:4,0.002,0.0025,0.002,0.002,1.96,2026-06-23T01:46:45,0.002,1.9
route_mutation,20260623T014645_771580,of:0000000000000009:1 -> of:000000000000000c:6,0.001,0.00125,0.001,0.001,1.66,2026-06-23T01:46:45,0.001,1.63
ip_shuffle,20260623T014716_146604,of:0000000000000004:1 -> of:000000000000000c:4,0.002,0.0025,0.002,0.002,1.43,2026-06-23T01:47:16,0.002,1.43
ip_shuffle,20260623T014716_146604,of:0000000000000005:1 -> of:000000000000000c:5,0.002,0.0025,0.002,0.002,1.43,2026-06-23T01:47:16,0.002,1.43
ip_shuffle,20260623T014716_146604,of:000000000000000a:1 -> of:000000000000000d:6,0.002,0.0025,0.002,0.002,1.43,2026-06-23T01:47:16,0.002,1.43
ip_shuffle,20260623T014716_146604,of:000000000000000b:3 -> of:000000000000000d:2,0.002,0.0025,0.002,0.002,1.53,2026-06-23T01:47:16,0.002,1.53
ip_shuffle,20260623T014716_146604,of:000000000000000c:3 -> of:000000000000000d:3,0.002,0.0025,0.002,0.002,1.53,2026-06-23T01:47:16,0.002,1.53
ip_shuffle,20260623T014716_146604,of:0000000000000005:2 -> of:0000000000000009:3,0.002,0.0025,0.002,0.002,1.53,2026-06-23T01:47:16,0.002,1.53
ip_shuffle,20260623T014716_146604,of:0000000000000001:1 -> of:000000000000000b:1,0.002,0.0025,0.002,0.002,2.63,2026-06-23T01:47:16,0.002,2.66
ip_shuffle,20260623T014716_146604,of:000000000000000b:2 -> of:000000000000000c:2,0.002,0.0025,0.002,0.002,1.53,2026-06-23T01:47:16,0.002,1.53
ip_shuffle,20260623T014716_146604,of:0000000000000001:2 -> of:000000000000000c:1,0.001,0.00125,0.001,0.001,1.36,2026-06-23T01:47:16,0.001,1.36
ip_shuffle,20260623T014716_146604,of:0000000000000006:2 -> of:000000000000000a:2,0.002,0.0025,0.002,0.002,1.53,2026-06-23T01:47:16,0.002,1.53
ip_shuffle,20260623T014716_146604,of:0000000000000001:3 -> of:000000000000000d:1,0.001,0.00125,0.001,0.001,1.36,2026-06-23T01:47:16,0.001,1.36
ip_shuffle,20260623T014716_146604,of:0000000000000003:1 -> of:000000000000000b:5,0.002,0.0025,0.002,0.002,1.63,2026-06-23T01:47:16,0.002,1.63
ip_shuffle,20260623T014716_146604,of:0000000000000006:1 -> of:000000000000000d:4,0.002,0.0025,0.002,0.002,1.43,2026-06-23T01:47:16,0.002,1.43
ip_shuffle,20260623T014716_146604,of:0000000000000007:2 -> of:000000000000000a:3,0.002,0.0025,0.002,0.002,1.53,2026-06-23T01:47:16,0.002,1.53
ip_shuffle,20260623T014716_146604,of:0000000000000007:1 -> of:000000000000000d:5,0.002,0.0025,0.002,0.002,1.43,2026-06-23T01:47:16,0.002,1.43
ip_shuffle,20260623T014716_146604,of:0000000000000002:2 -> of:0000000000000008:2,0.001,0.00125,0.001,0.001,1.46,2026-06-23T01:47:16,0.001,1.46
ip_shuffle,20260623T014716_146604,of:0000000000000003:2 -> of:0000000000000008:3,0.001,0.00125,0.001,0.001,1.46,2026-06-23T01:47:16,0.001,1.46
ip_shuffle,20260623T014716_146604,of:0000000000000008:1 -> of:000000000000000b:6,0.002,0.0025,0.002,0.002,1.43,2026-06-23T01:47:16,0.002,1.43
ip_shuffle,20260623T014716_146604,of:0000000000000004:2 -> of:0000000000000009:2,0.002,0.0025,0.002,0.002,1.53,2026-06-23T01:47:16,0.002,1.53
ip_shuffle,20260623T014716_146604,of:0000000000000002:1 -> of:000000000000000b:4,0.002,0.0025,0.002,0.002,2.39,2026-06-23T01:47:16,0.002,2.39
ip_shuffle,20260623T014716_146604,of:0000000000000009:1 -> of:000000000000000c:6,0.002,0.0025,0.002,0.002,1.43,2026-06-23T01:47:16,0.002,1.43
route_mutation,20260623T014820_706182,of:0000000000000004:1 -> of:000000000000000c:4,0.002,0.0025,0.002,0.002,1.96,2026-06-23T01:48:20,0.002,1.83
route_mutation,20260623T014820_706182,of:0000000000000005:1 -> of:000000000000000c:5,0.002,0.0025,0.002,0.002,1.96,2026-06-23T01:48:20,0.002,1.83
route_mutation,20260623T014820_706182,of:000000000000000a:1 -> of:000000000000000d:6,0.002,0.0025,0.002,0.002,1.9,2026-06-23T01:48:20,0.002,1.83
route_mutation,20260623T014820_706182,of:000000000000000b:3 -> of:000000000000000d:2,0.002,0.0025,0.002,0.002,2.56,2026-06-23T01:48:20,0.002,2.56
route_mutation,20260623T014820_706182,of:000000000000000c:3 -> of:000000000000000d:3,0.002,0.0025,0.002,0.002,2.4,2026-06-23T01:48:20,0.002,2.4
route_mutation,20260623T014820_706182,of:0000000000000005:2 -> of:0000000000000009:3,0.002,0.0025,0.002,0.002,2.63,2026-06-23T01:48:20,0.002,2.63
route_mutation,20260623T014820_706182,of:0000000000000001:1 -> of:000000000000000b:1,0.002,0.0025,0.002,0.002,2.0,2026-06-23T01:48:20,0.002,2.1
route_mutation,20260623T014820_706182,of:000000000000000b:2 -> of:000000000000000c:2,0.002,0.0025,0.002,0.002,2.36,2026-06-23T01:48:20,0.002,2.36
route_mutation,20260623T014820_706182,of:0000000000000001:2 -> of:000000000000000c:1,0.002,0.0025,0.002,0.002,1.83,2026-06-23T01:48:20,0.002,1.96
route_mutation,20260623T014820_706182,of:0000000000000006:2 -> of:000000000000000a:2,0.002,0.0025,0.002,0.002,2.56,2026-06-23T01:48:20,0.002,2.56
route_mutation,20260623T014820_706182,of:0000000000000001:3 -> of:000000000000000d:1,0.003,0.00375,0.003,0.003,4.39,2026-06-23T01:48:20,0.003,4.33
route_mutation,20260623T014820_706182,of:0000000000000003:1 -> of:000000000000000b:5,0.002,0.0025,0.002,0.002,1.96,2026-06-23T01:48:20,0.002,1.86
route_mutation,20260623T014820_706182,of:0000000000000006:1 -> of:000000000000000d:4,0.002,0.0025,0.002,0.002,2.46,2026-06-23T01:48:20,0.002,2.46
route_mutation,20260623T014820_706182,of:0000000000000007:2 -> of:000000000000000a:3,0.002,0.0025,0.002,0.002,2.56,2026-06-23T01:48:20,0.002,2.56
route_mutation,20260623T014820_706182,of:0000000000000007:1 -> of:000000000000000d:5,0.003,0.00375,0.003,0.003,3.96,2026-06-23T01:48:20,0.003,3.93
route_mutation,20260623T014820_706182,of:0000000000000002:2 -> of:0000000000000008:2,0.002,0.0025,0.002,0.002,2.7,2026-06-23T01:48:20,0.002,2.7
route_mutation,20260623T014820_706182,of:0000000000000003:2 -> of:0000000000000008:3,0.002,0.0025,0.002,0.002,2.7,2026-06-23T01:48:20,0.002,2.7
route_mutation,20260623T014820_706182,of:0000000000000008:1 -> of:000000000000000b:6,0.002,0.0025,0.002,0.002,1.93,2026-06-23T01:48:20,0.002,1.86
route_mutation,20260623T014820_706182,of:0000000000000004:2 -> of:0000000000000009:2,0.002,0.0025,0.002,0.002,2.63,2026-06-23T01:48:20,0.002,2.63
route_mutation,20260623T014820_706182,of:0000000000000002:1 -> of:000000000000000b:4,0.002,0.0025,0.002,0.002,2.23,2026-06-23T01:48:20,0.002,2.13
route_mutation,20260623T014820_706182,of:0000000000000009:1 -> of:000000000000000c:6,0.002,0.0025,0.002,0.002,1.86,2026-06-23T01:48:20,0.002,1.76
route_mutation,20260623T014851_163320,of:0000000000000004:1 -> of:000000000000000c:4,0.002,0.0025,0.002,0.002,1.43,2026-06-23T01:48:51,0.002,1.43
route_mutation,20260623T014851_163320,of:0000000000000005:1 -> of:000000000000000c:5,0.002,0.0025,0.002,0.002,1.43,2026-06-23T01:48:51,0.002,1.43
route_mutation,20260623T014851_163320,of:000000000000000a:1 -> of:000000000000000d:6,0.001,0.00125,0.001,0.001,1.36,2026-06-23T01:48:51,0.001,1.36
route_mutation,20260623T014851_163320,of:000000000000000b:3 -> of:000000000000000d:2,0.001,0.00125,0.001,0.001,1.46,2026-06-23T01:48:51,0.001,1.46
route_mutation,20260623T014851_163320,of:000000000000000c:3 -> of:000000000000000d:3,0.001,0.00125,0.001,0.001,1.46,2026-06-23T01:48:51,0.001,1.46
route_mutation,20260623T014851_163320,of:0000000000000005:2 -> of:0000000000000009:3,0.002,0.0025,0.002,0.002,1.53,2026-06-23T01:48:51,0.002,1.53
route_mutation,20260623T014851_163320,of:0000000000000001:1 -> of:000000000000000b:1,0.002,0.0025,0.002,0.002,2.16,2026-06-23T01:48:51,0.002,2.16
route_mutation,20260623T014851_163320,of:000000000000000b:2 -> of:000000000000000c:2,0.002,0.0025,0.002,0.002,1.53,2026-06-23T01:48:51,0.002,1.53
route_mutation,20260623T014851_163320,of:0000000000000001:2 -> of:000000000000000c:1,0.001,0.00125,0.001,0.001,1.36,2026-06-23T01:48:51,0.001,1.36
route_mutation,20260623T014851_163320,of:0000000000000006:2 -> of:000000000000000a:2,0.002,0.0025,0.002,0.002,1.53,2026-06-23T01:48:51,0.002,1.53
route_mutation,20260623T014851_163320,of:0000000000000001:3 -> of:000000000000000d:1,0.001,0.00125,0.001,0.001,1.3,2026-06-23T01:48:51,0.001,1.3
route_mutation,20260623T014851_163320,of:0000000000000003:1 -> of:000000000000000b:5,0.001,0.00125,0.001,0.001,1.36,2026-06-23T01:48:51,0.001,1.36
route_mutation,20260623T014851_163320,of:0000000000000006:1 -> of:000000000000000d:4,0.001,0.00125,0.001,0.001,1.36,2026-06-23T01:48:51,0.001,1.36
route_mutation,20260623T014851_163320,of:0000000000000007:2 -> of:000000000000000a:3,0.002,0.0025,0.002,0.002,1.53,2026-06-23T01:48:51,0.002,1.53
route_mutation,20260623T014851_163320,of:0000000000000007:1 -> of:000000000000000d:5,0.001,0.00125,0.001,0.001,1.36,2026-06-23T01:48:51,0.001,1.36
route_mutation,20260623T014851_163320,of:0000000000000002:2 -> of:0000000000000008:2,0.001,0.00125,0.001,0.001,1.46,2026-06-23T01:48:51,0.001,1.46
route_mutation,20260623T014851_163320,of:0000000000000003:2 -> of:0000000000000008:3,0.001,0.00125,0.001,0.001,1.46,2026-06-23T01:48:51,0.001,1.46
route_mutation,20260623T014851_163320,of:0000000000000008:1 -> of:000000000000000b:6,0.002,0.0025,0.002,0.002,1.43,2026-06-23T01:48:51,0.002,1.43
route_mutation,20260623T014851_163320,of:0000000000000004:2 -> of:0000000000000009:2,0.002,0.0025,0.002,0.002,1.53,2026-06-23T01:48:51,0.002,1.53
route_mutation,20260623T014851_163320,of:0000000000000002:1 -> of:000000000000000b:4,0.002,0.0025,0.002,0.002,2.23,2026-06-23T01:48:51,0.002,2.23
route_mutation,20260623T014851_163320,of:0000000000000009:1 -> of:000000000000000c:6,0.002,0.0025,0.002,0.002,1.43,2026-06-23T01:48:51,0.002,1.43
route_mutation,20260623T014921_612969,of:0000000000000004:1 -> of:000000000000000c:4,0.002,0.0025,0.002,0.002,2.29,2026-06-23T01:49:21,0.002,2.33
route_mutation,20260623T014921_612969,of:0000000000000005:1 -> of:000000000000000c:5,0.002,0.0025,0.002,0.002,2.29,2026-06-23T01:49:21,0.002,2.33
route_mutation,20260623T014921_612969,of:000000000000000a:1 -> of:000000000000000d:6,0.002,0.0025,0.002,0.002,1.6,2026-06-23T01:49:21,0.002,1.6
route_mutation,20260623T014921_612969,of:000000000000000b:3 -> of:000000000000000d:2,0.002,0.0025,0.002,0.002,1.86,2026-06-23T01:49:21,0.002,1.86
route_mutation,20260623T014921_612969,of:000000000000000c:3 -> of:000000000000000d:3,0.002,0.0025,0.002,0.002,1.86,2026-06-23T01:49:21,0.002,1.86
route_mutation,20260623T014921_612969,of:0000000000000005:2 -> of:0000000000000009:3,0.002,0.0025,0.002,0.002,1.76,2026-06-23T01:49:21,0.002,1.76
route_mutation,20260623T014921_612969,of:0000000000000001:1 -> of:000000000000000b:1,0.003,0.00375,0.003,0.003,2.86,2026-06-23T01:49:21,0.003,2.79
route_mutation,20260623T014921_612969,of:000000000000000b:2 -> of:000000000000000c:2,0.002,0.0025,0.002,0.002,1.86,2026-06-23T01:49:21,0.002,1.86
route_mutation,20260623T014921_612969,of:0000000000000001:2 -> of:000000000000000c:1,0.003,0.00375,0.003,0.003,3.19,2026-06-23T01:49:21,0.003,3.13
route_mutation,20260623T014921_612969,of:0000000000000006:2 -> of:000000000000000a:2,0.002,0.0025,0.002,0.002,1.76,2026-06-23T01:49:21,0.002,1.76
route_mutation,20260623T014921_612969,of:0000000000000001:3 -> of:000000000000000d:1,0.002,0.0025,0.002,0.002,1.83,2026-06-23T01:49:21,0.002,1.93
route_mutation,20260623T014921_612969,of:0000000000000003:1 -> of:000000000000000b:5,0.002,0.0025,0.002,0.002,2.56,2026-06-23T01:49:21,0.002,2.63
route_mutation,20260623T014921_612969,of:0000000000000006:1 -> of:000000000000000d:4,0.002,0.0025,0.002,0.002,1.9,2026-06-23T01:49:21,0.002,1.86
route_mutation,20260623T014921_612969,of:0000000000000007:2 -> of:000000000000000a:3,0.002,0.0025,0.002,0.002,1.76,2026-06-23T01:49:21,0.002,1.76
route_mutation,20260623T014921_612969,of:0000000000000007:1 -> of:000000000000000d:5,0.002,0.0025,0.002,0.001,1.5,2026-06-23T01:49:21,0.002,1.53
route_mutation,20260623T014921_612969,of:0000000000000002:2 -> of:0000000000000008:2,0.002,0.0025,0.002,0.002,1.7,2026-06-23T01:49:21,0.002,1.76
route_mutation,20260623T014921_612969,of:0000000000000003:2 -> of:0000000000000008:3,0.002,0.0025,0.002,0.002,1.76,2026-06-23T01:49:21,0.002,1.76
route_mutation,20260623T014921_612969,of:0000000000000008:1 -> of:000000000000000b:6,0.002,0.0025,0.002,0.002,1.56,2026-06-23T01:49:21,0.002,1.6
route_mutation,20260623T014921_612969,of:0000000000000004:2 -> of:0000000000000009:2,0.002,0.0025,0.002,0.002,1.76,2026-06-23T01:49:21,0.002,1.76
route_mutation,20260623T014921_612969,of:0000000000000002:1 -> of:000000000000000b:4,0.002,0.0025,0.002,0.002,1.7,2026-06-23T01:49:21,0.002,1.76
route_mutation,20260623T014921_612969,of:0000000000000009:1 -> of:000000000000000c:6,0.002,0.0025,0.002,0.002,1.6,2026-06-23T01:49:21,0.002,1.6
ip_shuffle,20260623T014952_075284,of:0000000000000004:1 -> of:000000000000000c:4,0.002,0.0025,0.002,0.002,1.93,2026-06-23T01:49:52,0.002,1.9
ip_shuffle,20260623T014952_075284,of:0000000000000005:1 -> of:000000000000000c:5,0.002,0.0025,0.002,0.002,1.93,2026-06-23T01:49:52,0.002,1.9
ip_shuffle,20260623T014952_075284,of:000000000000000a:1 -> of:000000000000000d:6,0.002,0.0025,0.002,0.002,1.83,2026-06-23T01:49:52,0.002,1.83
ip_shuffle,20260623T014952_075284,of:000000000000000b:3 -> of:000000000000000d:2,0.002,0.0025,0.002,0.002,2.59,2026-06-23T01:49:52,0.002,2.59
ip_shuffle,20260623T014952_075284,of:000000000000000c:3 -> of:000000000000000d:3,0.002,0.0025,0.002,0.002,2.46,2026-06-23T01:49:52,0.002,2.46
ip_shuffle,20260623T014952_075284,of:0000000000000005:2 -> of:0000000000000009:3,0.002,0.0025,0.002,0.002,2.56,2026-06-23T01:49:52,0.002,2.56
ip_shuffle,20260623T014952_075284,of:0000000000000001:1 -> of:000000000000000b:1,0.002,0.0025,0.002,0.002,2.03,2026-06-23T01:49:52,0.002,2.09
ip_shuffle,20260623T014952_075284,of:000000000000000b:2 -> of:000000000000000c:2,0.002,0.0025,0.002,0.002,2.46,2026-06-23T01:49:52,0.002,2.46
ip_shuffle,20260623T014952_075284,of:0000000000000001:2 -> of:000000000000000c:1,0.002,0.0025,0.002,0.002,1.9,2026-06-23T01:49:52,0.002,1.96
ip_shuffle,20260623T014952_075284,of:0000000000000006:2 -> of:000000000000000a:2,0.002,0.0025,0.002,0.002,2.56,2026-06-23T01:49:52,0.002,2.56
ip_shuffle,20260623T014952_075284,of:0000000000000001:3 -> of:000000000000000d:1,0.003,0.00375,0.003,0.003,4.19,2026-06-23T01:49:52,0.003,4.09
ip_shuffle,20260623T014952_075284,of:0000000000000003:1 -> of:000000000000000b:5,0.002,0.0025,0.002,0.002,1.96,2026-06-23T01:49:52,0.002,1.9
ip_shuffle,20260623T014952_075284,of:0000000000000006:1 -> of:000000000000000d:4,0.002,0.0025,0.002,0.002,2.73,2026-06-23T01:49:52,0.002,2.76
ip_shuffle,20260623T014952_075284,of:0000000000000007:2 -> of:000000000000000a:3,0.002,0.0025,0.002,0.002,2.56,2026-06-23T01:49:52,0.002,2.56
ip_shuffle,20260623T014952_075284,of:0000000000000007:1 -> of:000000000000000d:5,0.003,0.00375,0.003,0.003,3.39,2026-06-23T01:49:52,0.003,3.36
ip_shuffle,20260623T014952_075284,of:0000000000000002:2 -> of:0000000000000008:2,0.002,0.0025,0.002,0.002,2.69,2026-06-23T01:49:52,0.002,2.63
ip_shuffle,20260623T014952_075284,of:0000000000000003:2 -> of:0000000000000008:3,0.002,0.0025,0.002,0.002,2.63,2026-06-23T01:49:52,0.002,2.63
ip_shuffle,20260623T014952_075284,of:0000000000000008:1 -> of:000000000000000b:6,0.002,0.0025,0.002,0.002,1.86,2026-06-23T01:49:52,0.002,1.83
ip_shuffle,20260623T014952_075284,of:0000000000000004:2 -> of:0000000000000009:2,0.002,0.0025,0.002,0.002,2.56,2026-06-23T01:49:52,0.002,2.56
ip_shuffle,20260623T014952_075284,of:0000000000000002:1 -> of:000000000000000b:4,0.002,0.0025,0.002,0.002,2.23,2026-06-23T01:49:52,0.002,2.16
ip_shuffle,20260623T014952_075284,of:0000000000000009:1 -> of:000000000000000c:6,0.002,0.0025,0.002,0.002,1.83,2026-06-23T01:49:52,0.002,1.83
ip_shuffle,20260623T015049_865424,of:0000000000000004:1 -> of:000000000000000c:4,0.002,0.0025,0.002,0.002,2.23,2026-06-23T01:50:49,0.002,2.16
ip_shuffle,20260623T015049_865424,of:0000000000000005:1 -> of:000000000000000c:5,0.002,0.0025,0.002,0.002,1.56,2026-06-23T01:50:49,0.002,1.5
ip_shuffle,20260623T015049_865424,of:000000000000000a:1 -> of:000000000000000d:6,0.002,0.0025,0.002,0.002,1.43,2026-06-23T01:50:49,0.002,1.43
ip_shuffle,20260623T015049_865424,of:000000000000000b:3 -> of:000000000000000d:2,0.002,0.0025,0.002,0.002,1.53,2026-06-23T01:50:49,0.002,1.53
ip_shuffle,20260623T015049_865424,of:000000000000000c:3 -> of:000000000000000d:3,0.002,0.0025,0.002,0.002,1.53,2026-06-23T01:50:49,0.002,1.53
ip_shuffle,20260623T015049_865424,of:0000000000000005:2 -> of:0000000000000009:3,0.001,0.00125,0.001,0.001,1.53,2026-06-23T01:50:49,0.001,1.53
ip_shuffle,20260623T015049_865424,of:0000000000000001:1 -> of:000000000000000b:1,0.003,0.00375,0.003,0.003,3.09,2026-06-23T01:50:49,0.003,3.16
ip_shuffle,20260623T015049_865424,of:000000000000000b:2 -> of:000000000000000c:2,0.002,0.0025,0.002,0.002,1.53,2026-06-23T01:50:49,0.002,1.53
ip_shuffle,20260623T015049_865424,of:0000000000000001:2 -> of:000000000000000c:1,0.002,0.0025,0.002,0.002,2.29,2026-06-23T01:50:49,0.002,2.36
ip_shuffle,20260623T015049_865424,of:0000000000000006:2 -> of:000000000000000a:2,0.001,0.00125,0.001,0.001,1.53,2026-06-23T01:50:49,0.001,1.53
ip_shuffle,20260623T015049_865424,of:0000000000000001:3 -> of:000000000000000d:1,0.002,0.0025,0.002,0.002,2.03,2026-06-23T01:50:49,0.002,1.99
ip_shuffle,20260623T015049_865424,of:0000000000000003:1 -> of:000000000000000b:5,0.002,0.0025,0.002,0.002,2.49,2026-06-23T01:50:49,0.002,2.43
ip_shuffle,20260623T015049_865424,of:0000000000000006:1 -> of:000000000000000d:4,0.002,0.0025,0.002,0.002,1.96,2026-06-23T01:50:49,0.002,1.96
ip_shuffle,20260623T015049_865424,of:0000000000000007:2 -> of:000000000000000a:3,0.001,0.00125,0.001,0.001,1.5,2026-06-23T01:50:49,0.001,1.5
ip_shuffle,20260623T015049_865424,of:0000000000000007:1 -> of:000000000000000d:5,0.001,0.00125,0.001,0.001,1.4,2026-06-23T01:50:49,0.001,1.36
ip_shuffle,20260623T015049_865424,of:0000000000000002:2 -> of:0000000000000008:2,0.002,0.0025,0.002,0.002,1.6,2026-06-23T01:50:49,0.002,1.6
ip_shuffle,20260623T015049_865424,of:0000000000000003:2 -> of:0000000000000008:3,0.002,0.0025,0.002,0.002,1.6,2026-06-23T01:50:49,0.002,1.6
ip_shuffle,20260623T015049_865424,of:0000000000000008:1 -> of:000000000000000b:6,0.002,0.0025,0.002,0.002,1.43,2026-06-23T01:50:49,0.002,1.43
ip_shuffle,20260623T015049_865424,of:0000000000000004:2 -> of:0000000000000009:2,0.001,0.00125,0.001,0.001,1.53,2026-06-23T01:50:49,0.001,1.53
ip_shuffle,20260623T015049_865424,of:0000000000000002:1 -> of:000000000000000b:4,0.002,0.0025,0.002,0.002,2.16,2026-06-23T01:50:49,0.002,2.09
ip_shuffle,20260623T015049_865424,of:0000000000000009:1 -> of:000000000000000c:6,0.002,0.0025,0.002,0.002,1.43,2026-06-23T01:50:49,0.002,1.43
route_mutation,20260623T015200_691175,of:0000000000000004:1 -> of:000000000000000c:4,0.001,0.00125,0.001,0.001,1.36,2026-06-23T01:52:00,0.001,1.36
route_mutation,20260623T015200_691175,of:0000000000000005:1 -> of:000000000000000c:5,0.001,0.00125,0.001,0.001,1.36,2026-06-23T01:52:00,0.001,1.36
route_mutation,20260623T015200_691175,of:000000000000000a:1 -> of:000000000000000d:6,0.002,0.0025,0.002,0.002,1.43,2026-06-23T01:52:00,0.002,1.43
route_mutation,20260623T015200_691175,of:000000000000000b:3 -> of:000000000000000d:2,0.002,0.0025,0.002,0.002,1.53,2026-06-23T01:52:00,0.002,1.53
route_mutation,20260623T015200_691175,of:000000000000000c:3 -> of:000000000000000d:3,0.002,0.0025,0.002,0.002,1.53,2026-06-23T01:52:00,0.002,1.53
route_mutation,20260623T015200_691175,of:0000000000000005:2 -> of:0000000000000009:3,0.001,0.00125,0.001,0.001,1.46,2026-06-23T01:52:00,0.001,1.46
route_mutation,20260623T015200_691175,of:0000000000000001:1 -> of:000000000000000b:1,0.003,0.00375,0.003,0.003,2.86,2026-06-23T01:52:00,0.003,2.86
route_mutation,20260623T015200_691175,of:000000000000000b:2 -> of:000000000000000c:2,0.002,0.0025,0.002,0.002,1.53,2026-06-23T01:52:00,0.002,1.53
route_mutation,20260623T015200_691175,of:0000000000000001:2 -> of:000000000000000c:1,0.002,0.0025,0.002,0.002,1.43,2026-06-23T01:52:00,0.002,1.43
route_mutation,20260623T015200_691175,of:0000000000000006:2 -> of:000000000000000a:2,0.001,0.00125,0.001,0.001,1.46,2026-06-23T01:52:00,0.001,1.46
route_mutation,20260623T015200_691175,of:0000000000000001:3 -> of:000000000000000d:1,0.002,0.0025,0.002,0.002,1.43,2026-06-23T01:52:00,0.002,1.43
route_mutation,20260623T015200_691175,of:0000000000000003:1 -> of:000000000000000b:5,0.002,0.0025,0.002,0.002,1.76,2026-06-23T01:52:00,0.002,1.76
route_mutation,20260623T015200_691175,of:0000000000000006:1 -> of:000000000000000d:4,0.001,0.00125,0.001,0.001,1.36,2026-06-23T01:52:00,0.001,1.36
route_mutation,20260623T015200_691175,of:0000000000000007:2 -> of:000000000000000a:3,0.001,0.00125,0.001,0.001,1.46,2026-06-23T01:52:00,0.001,1.46
route_mutation,20260623T015200_691175,of:0000000000000007:1 -> of:000000000000000d:5,0.001,0.00125,0.001,0.001,1.36,2026-06-23T01:52:00,0.001,1.36
route_mutation,20260623T015200_691175,of:0000000000000002:2 -> of:0000000000000008:2,0.001,0.00125,0.001,0.001,1.46,2026-06-23T01:52:00,0.001,1.46
route_mutation,20260623T015200_691175,of:0000000000000003:2 -> of:0000000000000008:3,0.001,0.00125,0.001,0.001,1.46,2026-06-23T01:52:00,0.001,1.46
route_mutation,20260623T015200_691175,of:0000000000000008:1 -> of:000000000000000b:6,0.002,0.0025,0.002,0.002,1.43,2026-06-23T01:52:00,0.002,1.43
route_mutation,20260623T015200_691175,of:0000000000000004:2 -> of:0000000000000009:2,0.001,0.00125,0.001,0.001,1.46,2026-06-23T01:52:00,0.001,1.46
route_mutation,20260623T015200_691175,of:0000000000000002:1 -> of:000000000000000b:4,0.002,0.0025,0.002,0.002,2.4,2026-06-23T01:52:00,0.002,2.4
route_mutation,20260623T015200_691175,of:0000000000000009:1 -> of:000000000000000c:6,0.002,0.0025,0.002,0.002,1.43,2026-06-23T01:52:00,0.002,1.43
ip_shuffle,20260623T015231_151822,of:0000000000000004:1 -> of:000000000000000c:4,0.002,0.0025,0.002,0.002,2.43,2026-06-23T01:52:31,0.002,2.46
ip_shuffle,20260623T015231_151822,of:0000000000000005:1 -> of:000000000000000c:5,0.002,0.0025,0.002,0.002,2.43,2026-06-23T01:52:31,0.002,2.46
ip_shuffle,20260623T015231_151822,of:000000000000000a:1 -> of:000000000000000d:6,0.002,0.0025,0.002,0.002,1.66,2026-06-23T01:52:31,0.002,1.66
ip_shuffle,20260623T015231_151822,of:000000000000000b:3 -> of:000000000000000d:2,0.002,0.0025,0.002,0.002,2.06,2026-06-23T01:52:31,0.002,2.06
ip_shuffle,20260623T015231_151822,of:000000000000000c:3 -> of:000000000000000d:3,0.002,0.0025,0.002,0.002,2.06,2026-06-23T01:52:31,0.002,2.06
ip_shuffle,20260623T015231_151822,of:0000000000000005:2 -> of:0000000000000009:3,0.002,0.0025,0.002,0.002,2.0,2026-06-23T01:52:31,0.002,2.0
ip_shuffle,20260623T015231_151822,of:0000000000000001:1 -> of:000000000000000b:1,0.002,0.0025,0.002,0.002,2.3,2026-06-23T01:52:31,0.002,2.23
ip_shuffle,20260623T015231_151822,of:000000000000000b:2 -> of:000000000000000c:2,0.002,0.0025,0.002,0.002,2.0,2026-06-23T01:52:31,0.002,2.0
ip_shuffle,20260623T015231_151822,of:0000000000000001:2 -> of:000000000000000c:1,0.003,0.00375,0.003,0.003,3.26,2026-06-23T01:52:31,0.003,3.19
ip_shuffle,20260623T015231_151822,of:0000000000000006:2 -> of:000000000000000a:2,0.002,0.0025,0.002,0.002,2.03,2026-06-23T01:52:31,0.002,2.03
ip_shuffle,20260623T015231_151822,of:0000000000000001:3 -> of:000000000000000d:1,0.002,0.0025,0.002,0.002,2.43,2026-06-23T01:52:31,0.002,2.5
ip_shuffle,20260623T015231_151822,of:0000000000000003:1 -> of:000000000000000b:5,0.002,0.0025,0.002,0.002,2.23,2026-06-23T01:52:31,0.002,2.3
ip_shuffle,20260623T015231_151822,of:0000000000000006:1 -> of:000000000000000d:4,0.002,0.0025,0.002,0.002,2.53,2026-06-23T01:52:31,0.002,2.5
ip_shuffle,20260623T015231_151822,of:0000000000000007:2 -> of:000000000000000a:3,0.002,0.0025,0.002,0.002,2.03,2026-06-23T01:52:31,0.002,2.03
ip_shuffle,20260623T015231_151822,of:0000000000000007:1 -> of:000000000000000d:5,0.002,0.0025,0.002,0.002,1.7,2026-06-23T01:52:31,0.002,1.73
ip_shuffle,20260623T015231_151822,of:0000000000000002:2 -> of:0000000000000008:2,0.002,0.0025,0.002,0.002,1.96,2026-06-23T01:52:31,0.002,1.96
ip_shuffle,20260623T015231_151822,of:0000000000000003:2 -> of:0000000000000008:3,0.002,0.0025,0.002,0.002,1.96,2026-06-23T01:52:31,0.002,1.96
ip_shuffle,20260623T015231_151822,of:0000000000000008:1 -> of:000000000000000b:6,0.001,0.00125,0.001,0.001,1.56,2026-06-23T01:52:31,0.001,1.6
ip_shuffle,20260623T015231_151822,of:0000000000000004:2 -> of:0000000000000009:2,0.002,0.0025,0.002,0.002,2.0,2026-06-23T01:52:31,0.002,2.0
ip_shuffle,20260623T015231_151822,of:0000000000000002:1 -> of:000000000000000b:4,0.002,0.0025,0.002,0.002,1.6,2026-06-23T01:52:31,0.002,1.66
ip_shuffle,20260623T015231_151822,of:0000000000000009:1 -> of:000000000000000c:6,0.001,0.00125,0.001,0.001,1.56,2026-06-23T01:52:31,0.001,1.6
ip_shuffle,20260623T015329_002957,of:0000000000000004:1 -> of:000000000000000c:4,0.001,0.00125,0.001,0.001,1.36,2026-06-23T01:53:29,0.001,1.36
ip_shuffle,20260623T015329_002957,of:0000000000000005:1 -> of:000000000000000c:5,0.001,0.00125,0.001,0.001,1.36,2026-06-23T01:53:29,0.001,1.36
ip_shuffle,20260623T015329_002957,of:000000000000000a:1 -> of:000000000000000d:6,0.002,0.0025,0.002,0.002,1.43,2026-06-23T01:53:29,0.002,1.43
ip_shuffle,20260623T015329_002957,of:000000000000000b:3 -> of:000000000000000d:2,0.002,0.0025,0.002,0.002,1.53,2026-06-23T01:53:29,0.002,1.53
ip_shuffle,20260623T015329_002957,of:000000000000000c:3 -> of:000000000000000d:3,0.002,0.0025,0.002,0.002,1.53,2026-06-23T01:53:29,0.002,1.53
ip_shuffle,20260623T015329_002957,of:0000000000000005:2 -> of:0000000000000009:3,0.001,0.00125,0.001,0.001,1.46,2026-06-23T01:53:29,0.001,1.46
ip_shuffle,20260623T015329_002957,of:0000000000000001:1 -> of:000000000000000b:1,0.002,0.0025,0.002,0.002,2.46,2026-06-23T01:53:29,0.002,2.46
ip_shuffle,20260623T015329_002957,of:000000000000000b:2 -> of:000000000000000c:2,0.002,0.0025,0.002,0.002,1.53,2026-06-23T01:53:29,0.002,1.53
ip_shuffle,20260623T015329_002957,of:0000000000000001:2 -> of:000000000000000c:1,0.002,0.0025,0.002,0.002,1.43,2026-06-23T01:53:29,0.002,1.43
ip_shuffle,20260623T015329_002957,of:0000000000000006:2 -> of:000000000000000a:2,0.001,0.00125,0.001,0.001,1.46,2026-06-23T01:53:29,0.001,1.46
ip_shuffle,20260623T015329_002957,of:0000000000000001:3 -> of:000000000000000d:1,0.002,0.0025,0.002,0.002,1.43,2026-06-23T01:53:29,0.002,1.43
ip_shuffle,20260623T015329_002957,of:0000000000000003:1 -> of:000000000000000b:5,0.001,0.00125,0.001,0.001,1.36,2026-06-23T01:53:29,0.001,1.36
ip_shuffle,20260623T015329_002957,of:0000000000000006:1 -> of:000000000000000d:4,0.001,0.00125,0.001,0.001,1.36,2026-06-23T01:53:29,0.001,1.36
ip_shuffle,20260623T015329_002957,of:0000000000000007:2 -> of:000000000000000a:3,0.002,0.0025,0.002,0.002,1.53,2026-06-23T01:53:29,0.002,1.53
ip_shuffle,20260623T015329_002957,of:0000000000000007:1 -> of:000000000000000d:5,0.002,0.0025,0.002,0.002,1.43,2026-06-23T01:53:29,0.002,1.43
ip_shuffle,20260623T015329_002957,of:0000000000000002:2 -> of:0000000000000008:2,0.001,0.00125,0.001,0.001,1.46,2026-06-23T01:53:29,0.001,1.46
ip_shuffle,20260623T015329_002957,of:0000000000000003:2 -> of:0000000000000008:3,0.001,0.00125,0.001,0.001,1.46,2026-06-23T01:53:29,0.001,1.46
ip_shuffle,20260623T015329_002957,of:0000000000000008:1 -> of:000000000000000b:6,0.002,0.0025,0.002,0.002,1.43,2026-06-23T01:53:29,0.002,1.43
ip_shuffle,20260623T015329_002957,of:0000000000000004:2 -> of:0000000000000009:2,0.001,0.00125,0.001,0.001,1.46,2026-06-23T01:53:29,0.001,1.46
ip_shuffle,20260623T015329_002957,of:0000000000000002:1 -> of:000000000000000b:4,0.002,0.0025,0.002,0.002,2.13,2026-06-23T01:53:29,0.002,2.13
ip_shuffle,20260623T015329_002957,of:0000000000000009:1 -> of:000000000000000c:6,0.002,0.0025,0.002,0.002,1.43,2026-06-23T01:53:29,0.002,1.43
ip_shuffle,20260623T015433_285314,of:0000000000000004:1 -> of:000000000000000c:4,0.002,0.0025,0.002,0.002,2.1,2026-06-23T01:54:33,0.002,2.06
ip_shuffle,20260623T015433_285314,of:0000000000000005:1 -> of:000000000000000c:5,0.002,0.0025,0.002,0.002,2.1,2026-06-23T01:54:33,0.002,2.06
ip_shuffle,20260623T015433_285314,of:000000000000000a:1 -> of:000000000000000d:6,0.002,0.0025,0.002,0.002,2.03,2026-06-23T01:54:33,0.002,2.0
ip_shuffle,20260623T015433_285314,of:000000000000000b:3 -> of:000000000000000d:2,0.002,0.0025,0.002,0.002,2.86,2026-06-23T01:54:33,0.002,2.86
ip_shuffle,20260623T015433_285314,of:000000000000000c:3 -> of:000000000000000d:3,0.002,0.0025,0.002,0.002,2.73,2026-06-23T01:54:33,0.002,2.73
ip_shuffle,20260623T015433_285314,of:0000000000000005:2 -> of:0000000000000009:3,0.002,0.0025,0.002,0.002,2.86,2026-06-23T01:54:33,0.002,2.86
ip_shuffle,20260623T015433_285314,of:0000000000000001:1 -> of:000000000000000b:1,0.002,0.0025,0.002,0.002,2.2,2026-06-23T01:54:33,0.002,2.16
ip_shuffle,20260623T015433_285314,of:000000000000000b:2 -> of:000000000000000c:2,0.002,0.0025,0.002,0.002,2.8,2026-06-23T01:54:33,0.002,2.8
ip_shuffle,20260623T015433_285314,of:0000000000000001:2 -> of:000000000000000c:1,0.002,0.0025,0.002,0.002,2.06,2026-06-23T01:54:33,0.002,2.03
ip_shuffle,20260623T015433_285314,of:0000000000000006:2 -> of:000000000000000a:2,0.002,0.0025,0.002,0.002,2.86,2026-06-23T01:54:33,0.002,2.86
ip_shuffle,20260623T015433_285314,of:0000000000000001:3 -> of:000000000000000d:1,0.003,0.00375,0.003,0.003,3.86,2026-06-23T01:54:33,0.003,3.96
ip_shuffle,20260623T015433_285314,of:0000000000000003:1 -> of:000000000000000b:5,0.002,0.0025,0.002,0.002,2.13,2026-06-23T01:54:33,0.002,2.06
ip_shuffle,20260623T015433_285314,of:0000000000000006:1 -> of:000000000000000d:4,0.002,0.0025,0.002,0.002,2.83,2026-06-23T01:54:33,0.002,2.86
ip_shuffle,20260623T015433_285314,of:0000000000000007:2 -> of:000000000000000a:3,0.002,0.0025,0.002,0.002,2.86,2026-06-23T01:54:33,0.002,2.86
ip_shuffle,20260623T015433_285314,of:0000000000000007:1 -> of:000000000000000d:5,0.003,0.00375,0.003,0.003,3.4,2026-06-23T01:54:33,0.003,3.36
ip_shuffle,20260623T015433_285314,of:0000000000000002:2 -> of:0000000000000008:2,0.002,0.0025,0.002,0.002,2.9,2026-06-23T01:54:33,0.002,2.9
ip_shuffle,20260623T015433_285314,of:0000000000000003:2 -> of:0000000000000008:3,0.002,0.0025,0.002,0.002,2.9,2026-06-23T01:54:33,0.002,2.9
ip_shuffle,20260623T015433_285314,of:0000000000000008:1 -> of:000000000000000b:6,0.002,0.0025,0.002,0.002,2.1,2026-06-23T01:54:33,0.002,2.06
ip_shuffle,20260623T015433_285314,of:0000000000000004:2 -> of:0000000000000009:2,0.002,0.0025,0.002,0.002,2.86,2026-06-23T01:54:33,0.002,2.86
ip_shuffle,20260623T015433_285314,of:0000000000000002:1 -> of:000000000000000b:4,0.002,0.0025,0.002,0.002,2.4,2026-06-23T01:54:33,0.002,2.33
ip_shuffle,20260623T015433_285314,of:0000000000000009:1 -> of:000000000000000c:6,0.002,0.0025,0.002,0.002,2.1,2026-06-23T01:54:33,0.002,2.06
route_mutation,20260623T015531_220039,of:0000000000000004:1 -> of:000000000000000c:4,0.002,0.0025,0.002,0.002,2.2,2026-06-23T01:55:31,0.002,2.16
route_mutation,20260623T015531_220039,of:0000000000000005:1 -> of:000000000000000c:5,0.002,0.0025,0.002,0.002,2.1,2026-06-23T01:55:31,0.002,2.06
route_mutation,20260623T015531_220039,of:000000000000000a:1 -> of:000000000000000d:6,0.001,0.00125,0.001,0.001,1.36,2026-06-23T01:55:31,0.001,1.36
route_mutation,20260623T015531_220039,of:000000000000000b:3 -> of:000000000000000d:2,0.001,0.00125,0.001,0.001,1.46,2026-06-23T01:55:31,0.001,1.46
route_mutation,20260623T015531_220039,of:000000000000000c:3 -> of:000000000000000d:3,0.001,0.00125,0.001,0.001,1.46,2026-06-23T01:55:31,0.001,1.46
route_mutation,20260623T015531_220039,of:0000000000000005:2 -> of:0000000000000009:3,0.001,0.00125,0.001,0.001,1.5,2026-06-23T01:55:31,0.001,1.5
route_mutation,20260623T015531_220039,of:0000000000000001:1 -> of:000000000000000b:1,0.003,0.00375,0.003,0.003,2.99,2026-06-23T01:55:31,0.003,3.09
route_mutation,20260623T015531_220039,of:000000000000000b:2 -> of:000000000000000c:2,0.001,0.00125,0.001,0.001,1.4,2026-06-23T01:55:31,0.001,1.4
route_mutation,20260623T015531_220039,of:0000000000000001:2 -> of:000000000000000c:1,0.003,0.00375,0.003,0.003,2.89,2026-06-23T01:55:31,0.003,2.96
route_mutation,20260623T015531_220039,of:0000000000000006:2 -> of:000000000000000a:2,0.001,0.00125,0.001,0.001,1.5,2026-06-23T01:55:31,0.001,1.5
route_mutation,20260623T015531_220039,of:0000000000000001:3 -> of:000000000000000d:1,0.002,0.0025,0.002,0.002,1.56,2026-06-23T01:55:31,0.002,1.53
route_mutation,20260623T015531_220039,of:0000000000000003:1 -> of:000000000000000b:5,0.002,0.0025,0.002,0.002,2.43,2026-06-23T01:55:31,0.002,2.39
route_mutation,20260623T015531_220039,of:0000000000000006:1 -> of:000000000000000d:4,0.002,0.0025,0.002,0.002,1.46,2026-06-23T01:55:31,0.002,1.46
route_mutation,20260623T015531_220039,of:0000000000000007:2 -> of:000000000000000a:3,0.001,0.00125,0.001,0.001,1.4,2026-06-23T01:55:31,0.001,1.4
route_mutation,20260623T015531_220039,of:0000000000000007:1 -> of:000000000000000d:5,0.001,0.00125,0.001,0.001,1.4,2026-06-23T01:55:31,0.001,1.4
route_mutation,20260623T015531_220039,of:0000000000000002:2 -> of:0000000000000008:2,0.001,0.00125,0.001,0.001,1.5,2026-06-23T01:55:31,0.001,1.5
route_mutation,20260623T015531_220039,of:0000000000000003:2 -> of:0000000000000008:3,0.001,0.00125,0.001,0.001,1.5,2026-06-23T01:55:31,0.001,1.5
route_mutation,20260623T015531_220039,of:0000000000000008:1 -> of:000000000000000b:6,0.001,0.00125,0.001,0.001,1.3,2026-06-23T01:55:31,0.001,1.3
route_mutation,20260623T015531_220039,of:0000000000000004:2 -> of:0000000000000009:2,0.001,0.00125,0.001,0.001,1.5,2026-06-23T01:55:31,0.001,1.5
route_mutation,20260623T015531_220039,of:0000000000000002:1 -> of:000000000000000b:4,0.002,0.0025,0.002,0.002,2.23,2026-06-23T01:55:31,0.002,2.33
route_mutation,20260623T015531_220039,of:0000000000000009:1 -> of:000000000000000c:6,0.001,0.00125,0.001,0.001,1.3,2026-06-23T01:55:31,0.001,1.3
route_mutation,20260623T015601_646314,of:0000000000000004:1 -> of:000000000000000c:4,0.002,0.0025,0.002,0.002,2.13,2026-06-23T01:56:01,0.002,2.16
route_mutation,20260623T015601_646314,of:0000000000000005:1 -> of:000000000000000c:5,0.002,0.0025,0.002,0.002,2.23,2026-06-23T01:56:01,0.002,2.26
route_mutation,20260623T015601_646314,of:000000000000000a:1 -> of:000000000000000d:6,0.002,0.0025,0.002,0.002,2.09,2026-06-23T01:56:01,0.002,2.13
route_mutation,20260623T015601_646314,of:000000000000000b:3 -> of:000000000000000d:2,0.002,0.0025,0.002,0.002,3.06,2026-06-23T01:56:01,0.002,3.06
route_mutation,20260623T015601_646314,of:000000000000000c:3 -> of:000000000000000d:3,0.002,0.0025,0.002,0.002,2.96,2026-06-23T01:56:01,0.002,2.96
route_mutation,20260623T015601_646314,of:0000000000000005:2 -> of:0000000000000009:3,0.002,0.0025,0.002,0.002,2.96,2026-06-23T01:56:01,0.002,2.96
route_mutation,20260623T015601_646314,of:0000000000000001:1 -> of:000000000000000b:1,0.002,0.0025,0.002,0.002,2.26,2026-06-23T01:56:01,0.002,2.26
route_mutation,20260623T015601_646314,of:000000000000000b:2 -> of:000000000000000c:2,0.002,0.0025,0.002,0.002,2.99,2026-06-23T01:56:01,0.002,2.99
route_mutation,20260623T015601_646314,of:0000000000000001:2 -> of:000000000000000c:1,0.002,0.0025,0.002,0.002,2.16,2026-06-23T01:56:01,0.002,2.16
route_mutation,20260623T015601_646314,of:0000000000000006:2 -> of:000000000000000a:2,0.002,0.0025,0.002,0.002,2.96,2026-06-23T01:56:01,0.002,2.96
route_mutation,20260623T015601_646314,of:0000000000000001:3 -> of:000000000000000d:1,0.003,0.00375,0.003,0.003,4.35,2026-06-23T01:56:01,0.003,4.29
route_mutation,20260623T015601_646314,of:0000000000000003:1 -> of:000000000000000b:5,0.002,0.0025,0.002,0.002,2.29,2026-06-23T01:56:01,0.002,2.23
route_mutation,20260623T015601_646314,of:0000000000000006:1 -> of:000000000000000d:4,0.003,0.00375,0.003,0.003,3.22,2026-06-23T01:56:01,0.003,3.29
route_mutation,20260623T015601_646314,of:0000000000000007:2 -> of:000000000000000a:3,0.002,0.0025,0.002,0.002,2.99,2026-06-23T01:56:01,0.002,2.99
route_mutation,20260623T015601_646314,of:0000000000000007:1 -> of:000000000000000d:5,0.003,0.00375,0.003,0.003,3.26,2026-06-23T01:56:01,0.003,3.22
route_mutation,20260623T015601_646314,of:0000000000000002:2 -> of:0000000000000008:2,0.002,0.0025,0.002,0.002,3.12,2026-06-23T01:56:01,0.002,3.12
route_mutation,20260623T015601_646314,of:0000000000000003:2 -> of:0000000000000008:3,0.002,0.0025,0.002,0.002,3.12,2026-06-23T01:56:01,0.002,3.12
route_mutation,20260623T015601_646314,of:0000000000000008:1 -> of:000000000000000b:6,0.002,0.0025,0.002,0.002,2.16,2026-06-23T01:56:01,0.002,2.16
route_mutation,20260623T015601_646314,of:0000000000000004:2 -> of:0000000000000009:2,0.002,0.0025,0.002,0.002,2.96,2026-06-23T01:56:01,0.002,2.96
route_mutation,20260623T015601_646314,of:0000000000000002:1 -> of:000000000000000b:4,0.002,0.0025,0.002,0.002,2.49,2026-06-23T01:56:01,0.002,2.43
route_mutation,20260623T015601_646314,of:0000000000000009:1 -> of:000000000000000c:6,0.002,0.0025,0.002,0.002,2.16,2026-06-23T01:56:01,0.002,2.16
ip_shuffle,20260623T015632_062297,of:0000000000000004:1 -> of:000000000000000c:4,0.001,0.00125,0.001,0.001,1.36,2026-06-23T01:56:32,0.001,1.33
ip_shuffle,20260623T015632_062297,of:0000000000000005:1 -> of:000000000000000c:5,0.001,0.00125,0.001,0.001,1.36,2026-06-23T01:56:32,0.001,1.33
ip_shuffle,20260623T015632_062297,of:000000000000000a:1 -> of:000000000000000d:6,0.002,0.0025,0.002,0.002,1.4,2026-06-23T01:56:32,0.002,1.36
ip_shuffle,20260623T015632_062297,of:000000000000000b:3 -> of:000000000000000d:2,0.002,0.0025,0.002,0.002,1.46,2026-06-23T01:56:32,0.002,1.46
ip_shuffle,20260623T015632_062297,of:000000000000000c:3 -> of:000000000000000d:3,0.002,0.0025,0.002,0.002,1.43,2026-06-23T01:56:32,0.002,1.43
ip_shuffle,20260623T015632_062297,of:0000000000000005:2 -> of:0000000000000009:3,0.001,0.00125,0.001,0.001,1.43,2026-06-23T01:56:32,0.001,1.43
ip_shuffle,20260623T015632_062297,of:0000000000000001:1 -> of:000000000000000b:1,0.002,0.0025,0.002,0.002,1.46,2026-06-23T01:56:32,0.002,1.4
ip_shuffle,20260623T015632_062297,of:000000000000000b:2 -> of:000000000000000c:2,0.002,0.0025,0.002,0.002,1.46,2026-06-23T01:56:32,0.002,1.46
ip_shuffle,20260623T015632_062297,of:0000000000000001:2 -> of:000000000000000c:1,0.002,0.0025,0.002,0.002,1.4,2026-06-23T01:56:32,0.001,1.36
ip_shuffle,20260623T015632_062297,of:0000000000000006:2 -> of:000000000000000a:2,0.002,0.0025,0.002,0.002,1.5,2026-06-23T01:56:32,0.002,1.5
ip_shuffle,20260623T015632_062297,of:0000000000000001:3 -> of:000000000000000d:1,0.002,0.0025,0.002,0.002,1.46,2026-06-23T01:56:32,0.002,1.6
ip_shuffle,20260623T015632_062297,of:0000000000000003:1 -> of:000000000000000b:5,0.002,0.0025,0.002,0.001,1.36,2026-06-23T01:56:32,0.002,1.4
ip_shuffle,20260623T015632_062297,of:0000000000000006:1 -> of:000000000000000d:4,0.002,0.0025,0.002,0.002,1.43,2026-06-23T01:56:32,0.001,1.36
ip_shuffle,20260623T015632_062297,of:0000000000000007:2 -> of:000000000000000a:3,0.002,0.0025,0.002,0.002,1.46,2026-06-23T01:56:32,0.002,1.46
ip_shuffle,20260623T015632_062297,of:0000000000000007:1 -> of:000000000000000d:5,0.002,0.0025,0.002,0.002,1.7,2026-06-23T01:56:32,0.002,1.73
ip_shuffle,20260623T015632_062297,of:0000000000000002:2 -> of:0000000000000008:2,0.002,0.0025,0.002,0.002,1.43,2026-06-23T01:56:32,0.002,1.43
ip_shuffle,20260623T015632_062297,of:0000000000000003:2 -> of:0000000000000008:3,0.002,0.0025,0.002,0.002,1.43,2026-06-23T01:56:32,0.002,1.43
ip_shuffle,20260623T015632_062297,of:0000000000000008:1 -> of:000000000000000b:6,0.002,0.0025,0.002,0.002,1.4,2026-06-23T01:56:32,0.002,1.4
ip_shuffle,20260623T015632_062297,of:0000000000000004:2 -> of:0000000000000009:2,0.001,0.00125,0.001,0.001,1.43,2026-06-23T01:56:32,0.001,1.43
ip_shuffle,20260623T015632_062297,of:0000000000000002:1 -> of:000000000000000b:4,0.002,0.0025,0.002,0.002,1.43,2026-06-23T01:56:32,0.002,1.5
ip_shuffle,20260623T015632_062297,of:0000000000000009:1 -> of:000000000000000c:6,0.002,0.0025,0.002,0.002,1.4,2026-06-23T01:56:32,0.002,1.4
ip_shuffle,20260623T015742_911146,of:0000000000000004:1 -> of:000000000000000c:4,0.002,0.0025,0.002,0.002,1.96,2026-06-23T01:57:42,0.002,2.0
ip_shuffle,20260623T015742_911146,of:0000000000000005:1 -> of:000000000000000c:5,0.002,0.0025,0.002,0.002,2.63,2026-06-23T01:57:42,0.002,2.66
ip_shuffle,20260623T015742_911146,of:000000000000000a:1 -> of:000000000000000d:6,0.002,0.0025,0.002,0.002,1.96,2026-06-23T01:57:42,0.002,2.0
ip_shuffle,20260623T015742_911146,of:000000000000000b:3 -> of:000000000000000d:2,0.002,0.0025,0.002,0.002,2.7,2026-06-23T01:57:42,0.002,2.73
ip_shuffle,20260623T015742_911146,of:000000000000000c:3 -> of:000000000000000d:3,0.002,0.0025,0.002,0.002,2.66,2026-06-23T01:57:42,0.002,2.66
ip_shuffle,20260623T015742_911146,of:0000000000000005:2 -> of:0000000000000009:3,0.002,0.0025,0.002,0.002,2.73,2026-06-23T01:57:42,0.002,2.73
ip_shuffle,20260623T015742_911146,of:0000000000000001:1 -> of:000000000000000b:1,0.002,0.0025,0.002,0.002,2.16,2026-06-23T01:57:42,0.002,2.03
ip_shuffle,20260623T015742_911146,of:000000000000000b:2 -> of:000000000000000c:2,0.002,0.0025,0.002,0.002,2.7,2026-06-23T01:57:42,0.002,2.7
ip_shuffle,20260623T015742_911146,of:0000000000000001:2 -> of:000000000000000c:1,0.002,0.0025,0.002,0.002,2.43,2026-06-23T01:57:42,0.002,2.46
ip_shuffle,20260623T015742_911146,of:0000000000000006:2 -> of:000000000000000a:2,0.002,0.0025,0.002,0.002,2.73,2026-06-23T01:57:42,0.002,2.73
ip_shuffle,20260623T015742_911146,of:0000000000000001:3 -> of:000000000000000d:1,0.003,0.00375,0.003,0.003,3.86,2026-06-23T01:57:42,0.003,3.93
ip_shuffle,20260623T015742_911146,of:0000000000000003:1 -> of:000000000000000b:5,0.002,0.0025,0.002,0.002,2.1,2026-06-23T01:57:42,0.002,1.96
ip_shuffle,20260623T015742_911146,of:0000000000000006:1 -> of:000000000000000d:4,0.003,0.00375,0.003,0.003,3.1,2026-06-23T01:57:42,0.003,3.13
ip_shuffle,20260623T015742_911146,of:0000000000000007:2 -> of:000000000000000a:3,0.002,0.0025,0.002,0.002,2.73,2026-06-23T01:57:42,0.002,2.73
ip_shuffle,20260623T015742_911146,of:0000000000000007:1 -> of:000000000000000d:5,0.002,0.0025,0.002,0.002,2.6,2026-06-23T01:57:42,0.002,2.56
ip_shuffle,20260623T015742_911146,of:0000000000000002:2 -> of:0000000000000008:2,0.002,0.0025,0.002,0.002,2.8,2026-06-23T01:57:42,0.002,2.8
ip_shuffle,20260623T015742_911146,of:0000000000000003:2 -> of:0000000000000008:3,0.002,0.0025,0.002,0.002,2.8,2026-06-23T01:57:42,0.002,2.8
ip_shuffle,20260623T015742_911146,of:0000000000000008:1 -> of:000000000000000b:6,0.002,0.0025,0.002,0.002,2.03,2026-06-23T01:57:42,0.002,2.03
ip_shuffle,20260623T015742_911146,of:0000000000000004:2 -> of:0000000000000009:2,0.002,0.0025,0.002,0.002,2.73,2026-06-23T01:57:42,0.002,2.73
ip_shuffle,20260623T015742_911146,of:0000000000000002:1 -> of:000000000000000b:4,0.002,0.0025,0.002,0.002,2.06,2026-06-23T01:57:42,0.002,2.16
ip_shuffle,20260623T015742_911146,of:0000000000000009:1 -> of:000000000000000c:6,0.002,0.0025,0.002,0.002,1.96,2026-06-23T01:57:42,0.002,2.0
ip_shuffle,20260623T015840_803822,of:0000000000000004:1 -> of:000000000000000c:4,0.002,0.0025,0.002,0.002,1.56,2026-06-23T01:58:40,0.002,1.56
ip_shuffle,20260623T015840_803822,of:0000000000000005:1 -> of:000000000000000c:5,0.002,0.0025,0.002,0.002,1.53,2026-06-23T01:58:40,0.002,1.53
ip_shuffle,20260623T015840_803822,of:000000000000000a:1 -> of:000000000000000d:6,0.001,0.00125,0.001,0.001,1.46,2026-06-23T01:58:40,0.001,1.46
ip_shuffle,20260623T015840_803822,of:000000000000000b:3 -> of:000000000000000d:2,0.002,0.0025,0.002,0.002,1.66,2026-06-23T01:58:40,0.002,1.66
ip_shuffle,20260623T015840_803822,of:000000000000000c:3 -> of:000000000000000d:3,0.002,0.0025,0.002,0.002,1.73,2026-06-23T01:58:40,0.002,1.73
ip_shuffle,20260623T015840_803822,of:0000000000000005:2 -> of:0000000000000009:3,0.002,0.0025,0.002,0.002,1.66,2026-06-23T01:58:40,0.002,1.66
ip_shuffle,20260623T015840_803822,of:0000000000000001:1 -> of:000000000000000b:1,0.003,0.00375,0.003,0.003,3.43,2026-06-23T01:58:40,0.003,3.43
ip_shuffle,20260623T015840_803822,of:000000000000000b:2 -> of:000000000000000c:2,0.002,0.0025,0.002,0.002,1.66,2026-06-23T01:58:40,0.002,1.66
ip_shuffle,20260623T015840_803822,of:0000000000000001:2 -> of:000000000000000c:1,0.002,0.0025,0.002,0.002,1.7,2026-06-23T01:58:40,0.002,1.7
ip_shuffle,20260623T015840_803822,of:0000000000000006:2 -> of:000000000000000a:2,0.001,0.00125,0.001,0.001,1.6,2026-06-23T01:58:40,0.001,1.6
ip_shuffle,20260623T015840_803822,of:0000000000000001:3 -> of:000000000000000d:1,0.001,0.00125,0.001,0.001,1.46,2026-06-23T01:58:40,0.001,1.46
ip_shuffle,20260623T015840_803822,of:0000000000000003:1 -> of:000000000000000b:5,0.002,0.0025,0.002,0.002,2.46,2026-06-23T01:58:40,0.002,2.46
ip_shuffle,20260623T015840_803822,of:0000000000000006:1 -> of:000000000000000d:4,0.001,0.00125,0.001,0.001,1.46,2026-06-23T01:58:40,0.001,1.46
ip_shuffle,20260623T015840_803822,of:0000000000000007:2 -> of:000000000000000a:3,0.001,0.00125,0.001,0.001,1.6,2026-06-23T01:58:40,0.001,1.6
ip_shuffle,20260623T015840_803822,of:0000000000000007:1 -> of:000000000000000d:5,0.001,0.00125,0.001,0.001,1.46,2026-06-23T01:58:40,0.001,1.46
ip_shuffle,20260623T015840_803822,of:0000000000000002:2 -> of:0000000000000008:2,0.002,0.0025,0.002,0.002,1.66,2026-06-23T01:58:40,0.002,1.66
ip_shuffle,20260623T015840_803822,of:0000000000000003:2 -> of:0000000000000008:3,0.002,0.0025,0.002,0.002,1.66,2026-06-23T01:58:40,0.002,1.66
ip_shuffle,20260623T015840_803822,of:0000000000000008:1 -> of:000000000000000b:6,0.001,0.00125,0.001,0.001,1.4,2026-06-23T01:58:40,0.001,1.4
ip_shuffle,20260623T015840_803822,of:0000000000000004:2 -> of:0000000000000009:2,0.002,0.0025,0.002,0.002,1.66,2026-06-23T01:58:40,0.002,1.66
ip_shuffle,20260623T015840_803822,of:0000000000000002:1 -> of:000000000000000b:4,0.002,0.0025,0.002,0.002,2.49,2026-06-23T01:58:40,0.002,2.49
ip_shuffle,20260623T015840_803822,of:0000000000000009:1 -> of:000000000000000c:6,0.001,0.00125,0.001,0.001,1.46,2026-06-23T01:58:40,0.001,1.46
ip_shuffle,20260623T015938_541094,of:0000000000000004:1 -> of:000000000000000c:4,0.002,0.0025,0.002,0.002,2.2,2026-06-23T01:59:38,0.002,2.16
ip_shuffle,20260623T015938_541094,of:0000000000000005:1 -> of:000000000000000c:5,0.002,0.0025,0.002,0.002,2.2,2026-06-23T01:59:38,0.002,2.16
ip_shuffle,20260623T015938_541094,of:000000000000000a:1 -> of:000000000000000d:6,0.002,0.0025,0.002,0.002,2.1,2026-06-23T01:59:38,0.002,2.1
ip_shuffle,20260623T015938_541094,of:000000000000000b:3 -> of:000000000000000d:2,0.002,0.0025,0.002,0.002,2.86,2026-06-23T01:59:38,0.002,2.86
ip_shuffle,20260623T015938_541094,of:000000000000000c:3 -> of:000000000000000d:3,0.002,0.0025,0.002,0.002,2.86,2026-06-23T01:59:38,0.002,2.86
ip_shuffle,20260623T015938_541094,of:0000000000000005:2 -> of:0000000000000009:3,0.002,0.0025,0.002,0.002,3.0,2026-06-23T01:59:38,0.002,3.0
ip_shuffle,20260623T015938_541094,of:0000000000000001:1 -> of:000000000000000b:1,0.002,0.0025,0.002,0.002,2.1,2026-06-23T01:59:38,0.002,2.0
ip_shuffle,20260623T015938_541094,of:000000000000000b:2 -> of:000000000000000c:2,0.002,0.0025,0.002,0.002,2.86,2026-06-23T01:59:38,0.002,2.86
ip_shuffle,20260623T015938_541094,of:0000000000000001:2 -> of:000000000000000c:1,0.002,0.0025,0.002,0.002,2.1,2026-06-23T01:59:38,0.002,2.0
ip_shuffle,20260623T015938_541094,of:0000000000000006:2 -> of:000000000000000a:2,0.002,0.0025,0.002,0.002,2.9,2026-06-23T01:59:38,0.002,2.9
ip_shuffle,20260623T015938_541094,of:0000000000000001:3 -> of:000000000000000d:1,0.003,0.00375,0.003,0.003,3.73,2026-06-23T01:59:38,0.003,3.86
ip_shuffle,20260623T015938_541094,of:0000000000000003:1 -> of:000000000000000b:5,0.002,0.0025,0.002,0.002,2.0,2026-06-23T01:59:38,0.002,2.1
ip_shuffle,20260623T015938_541094,of:0000000000000006:1 -> of:000000000000000d:4,0.002,0.0025,0.002,0.002,2.6,2026-06-23T01:59:38,0.002,2.6
ip_shuffle,20260623T015938_541094,of:0000000000000007:2 -> of:000000000000000a:3,0.002,0.0025,0.002,0.002,2.9,2026-06-23T01:59:38,0.002,2.9
ip_shuffle,20260623T015938_541094,of:0000000000000007:1 -> of:000000000000000d:5,0.003,0.00375,0.003,0.003,3.53,2026-06-23T01:59:38,0.003,3.49
ip_shuffle,20260623T015938_541094,of:0000000000000002:2 -> of:0000000000000008:2,0.002,0.0025,0.002,0.002,2.8,2026-06-23T01:59:38,0.002,2.8
ip_shuffle,20260623T015938_541094,of:0000000000000003:2 -> of:0000000000000008:3,0.002,0.0025,0.002,0.002,2.8,2026-06-23T01:59:38,0.002,2.8
ip_shuffle,20260623T015938_541094,of:0000000000000008:1 -> of:000000000000000b:6,0.002,0.0025,0.002,0.002,2.13,2026-06-23T01:59:38,0.002,2.1
ip_shuffle,20260623T015938_541094,of:0000000000000004:2 -> of:0000000000000009:2,0.002,0.0025,0.002,0.002,3.0,2026-06-23T01:59:38,0.002,3.0
ip_shuffle,20260623T015938_541094,of:0000000000000002:1 -> of:000000000000000b:4,0.002,0.0025,0.002,0.002,2.0,2026-06-23T01:59:38,0.002,2.1
ip_shuffle,20260623T015938_541094,of:0000000000000009:1 -> of:000000000000000c:6,0.002,0.0025,0.002,0.002,2.13,2026-06-23T01:59:38,0.002,2.1
route_mutation,20260623T020036_368634,of:0000000000000004:1 -> of:000000000000000c:4,0.002,0.0025,0.002,0.002,2.23,2026-06-23T02:00:36,0.002,2.13
route_mutation,20260623T020036_368634,of:0000000000000005:1 -> of:000000000000000c:5,0.002,0.0025,0.002,0.002,2.23,2026-06-23T02:00:36,0.002,2.13
route_mutation,20260623T020036_368634,of:000000000000000a:1 -> of:000000000000000d:6,0.001,0.00125,0.001,0.001,1.4,2026-06-23T02:00:36,0.001,1.4
route_mutation,20260623T020036_368634,of:000000000000000b:3 -> of:000000000000000d:2,0.002,0.0025,0.002,0.002,1.53,2026-06-23T02:00:36,0.002,1.53
route_mutation,20260623T020036_368634,of:000000000000000c:3 -> of:000000000000000d:3,0.001,0.00125,0.001,0.001,1.46,2026-06-23T02:00:36,0.001,1.46
route_mutation,20260623T020036_368634,of:0000000000000005:2 -> of:0000000000000009:3,0.002,0.0025,0.002,0.002,1.6,2026-06-23T02:00:36,0.002,1.6
route_mutation,20260623T020036_368634,of:0000000000000001:1 -> of:000000000000000b:1,0.003,0.00375,0.003,0.003,2.9,2026-06-23T02:00:36,0.003,2.96
route_mutation,20260623T020036_368634,of:000000000000000b:2 -> of:000000000000000c:2,0.002,0.0025,0.002,0.002,1.53,2026-06-23T02:00:36,0.002,1.53
route_mutation,20260623T020036_368634,of:0000000000000001:2 -> of:000000000000000c:1,0.003,0.00375,0.003,0.003,2.93,2026-06-23T02:00:36,0.003,3.03
route_mutation,20260623T020036_368634,of:0000000000000006:2 -> of:000000000000000a:2,0.002,0.0025,0.002,0.002,1.56,2026-06-23T02:00:36,0.002,1.56
route_mutation,20260623T020036_368634,of:0000000000000001:3 -> of:000000000000000d:1,0.002,0.0025,0.002,0.002,1.7,2026-06-23T02:00:36,0.002,1.56
route_mutation,20260623T020036_368634,of:0000000000000003:1 -> of:000000000000000b:5,0.002,0.0025,0.002,0.002,2.53,2026-06-23T02:00:36,0.002,2.43
route_mutation,20260623T020036_368634,of:0000000000000006:1 -> of:000000000000000d:4,0.002,0.0025,0.002,0.002,1.5,2026-06-23T02:00:36,0.002,1.5
route_mutation,20260623T020036_368634,of:0000000000000007:2 -> of:000000000000000a:3,0.002,0.0025,0.002,0.002,1.56,2026-06-23T02:00:36,0.002,1.56
route_mutation,20260623T020036_368634,of:0000000000000007:1 -> of:000000000000000d:5,0.001,0.00125,0.001,0.001,1.36,2026-06-23T02:00:36,0.001,1.4
route_mutation,20260623T020036_368634,of:0000000000000002:2 -> of:0000000000000008:2,0.002,0.0025,0.002,0.002,1.6,2026-06-23T02:00:36,0.002,1.6
route_mutation,20260623T020036_368634,of:0000000000000003:2 -> of:0000000000000008:3,0.002,0.0025,0.002,0.002,1.6,2026-06-23T02:00:36,0.002,1.6
route_mutation,20260623T020036_368634,of:0000000000000008:1 -> of:000000000000000b:6,0.002,0.0025,0.002,0.002,1.43,2026-06-23T02:00:36,0.002,1.46
route_mutation,20260623T020036_368634,of:0000000000000004:2 -> of:0000000000000009:2,0.002,0.0025,0.002,0.002,1.6,2026-06-23T02:00:36,0.002,1.6
route_mutation,20260623T020036_368634,of:0000000000000002:1 -> of:000000000000000b:4,0.002,0.0025,0.002,0.002,1.93,2026-06-23T02:00:36,0.002,1.83
route_mutation,20260623T020036_368634,of:0000000000000009:1 -> of:000000000000000c:6,0.001,0.00125,0.001,0.001,1.36,2026-06-23T02:00:36,0.001,1.4
route_mutation,20260623T020106_888088,of:0000000000000004:1 -> of:000000000000000c:4,0.002,0.0025,0.002,0.002,2.0,2026-06-23T02:01:06,0.002,2.0
route_mutation,20260623T020106_888088,of:0000000000000005:1 -> of:000000000000000c:5,0.002,0.0025,0.002,0.002,2.0,2026-06-23T02:01:06,0.002,2.0
route_mutation,20260623T020106_888088,of:000000000000000a:1 -> of:000000000000000d:6,0.002,0.0025,0.002,0.002,1.96,2026-06-23T02:01:06,0.002,2.0
route_mutation,20260623T020106_888088,of:000000000000000b:3 -> of:000000000000000d:2,0.002,0.0025,0.002,0.002,2.63,2026-06-23T02:01:06,0.002,2.63
route_mutation,20260623T020106_888088,of:000000000000000c:3 -> of:000000000000000d:3,0.002,0.0025,0.002,0.002,2.66,2026-06-23T02:01:06,0.002,2.66
route_mutation,20260623T020106_888088,of:0000000000000005:2 -> of:0000000000000009:3,0.002,0.0025,0.002,0.002,2.66,2026-06-23T02:01:06,0.002,2.66
route_mutation,20260623T020106_888088,of:0000000000000001:1 -> of:000000000000000b:1,0.002,0.0025,0.002,0.002,1.96,2026-06-23T02:01:06,0.002,1.96
route_mutation,20260623T020106_888088,of:000000000000000b:2 -> of:000000000000000c:2,0.002,0.0025,0.002,0.002,2.63,2026-06-23T02:01:06,0.002,2.63
route_mutation,20260623T020106_888088,of:0000000000000001:2 -> of:000000000000000c:1,0.002,0.0025,0.002,0.002,2.0,2026-06-23T02:01:06,0.002,1.96
route_mutation,20260623T020106_888088,of:0000000000000006:2 -> of:000000000000000a:2,0.002,0.0025,0.002,0.002,2.63,2026-06-23T02:01:06,0.002,2.63
route_mutation,20260623T020106_888088,of:0000000000000001:3 -> of:000000000000000d:1,0.003,0.00375,0.003,0.003,3.49,2026-06-23T02:01:06,0.003,3.53
route_mutation,20260623T020106_888088,of:0000000000000003:1 -> of:000000000000000b:5,0.002,0.0025,0.002,0.002,2.0,2026-06-23T02:01:06,0.002,1.96
route_mutation,20260623T020106_888088,of:0000000000000006:1 -> of:000000000000000d:4,0.002,0.0025,0.002,0.002,3.03,2026-06-23T02:01:06,0.002,3.06
route_mutation,20260623T020106_888088,of:0000000000000007:2 -> of:000000000000000a:3,0.002,0.0025,0.002,0.002,2.63,2026-06-23T02:01:06,0.002,2.63
route_mutation,20260623T020106_888088,of:0000000000000007:1 -> of:000000000000000d:5,0.002,0.0025,0.002,0.002,2.53,2026-06-23T02:01:06,0.002,2.46
route_mutation,20260623T020106_888088,of:0000000000000002:2 -> of:0000000000000008:2,0.002,0.0025,0.002,0.002,2.66,2026-06-23T02:01:06,0.002,2.66
route_mutation,20260623T020106_888088,of:0000000000000003:2 -> of:0000000000000008:3,0.002,0.0025,0.002,0.002,2.66,2026-06-23T02:01:06,0.002,2.66
route_mutation,20260623T020106_888088,of:0000000000000008:1 -> of:000000000000000b:6,0.002,0.0025,0.002,0.002,2.0,2026-06-23T02:01:06,0.002,1.96
route_mutation,20260623T020106_888088,of:0000000000000004:2 -> of:0000000000000009:2,0.002,0.0025,0.002,0.002,2.66,2026-06-23T02:01:06,0.002,2.66
route_mutation,20260623T020106_888088,of:0000000000000002:1 -> of:000000000000000b:4,0.002,0.0025,0.002,0.002,2.0,2026-06-23T02:01:06,0.002,1.96
route_mutation,20260623T020106_888088,of:0000000000000009:1 -> of:000000000000000c:6,0.002,0.0025,0.002,0.002,2.0,2026-06-23T02:01:06,0.002,2.0
route_mutation,20260623T020137_130187,of:0000000000000004:1 -> of:000000000000000c:4,0.002,0.0025,0.002,0.002,1.53,2026-06-23T02:01:37,0.002,1.63
route_mutation,20260623T020137_130187,of:0000000000000005:1 -> of:000000000000000c:5,0.002,0.0025,0.002,0.002,1.53,2026-06-23T02:01:37,0.002,1.63
route_mutation,20260623T020137_130187,of:000000000000000a:1 -> of:000000000000000d:6,0.002,0.0025,0.002,0.002,1.59,2026-06-23T02:01:37,0.002,1.56
route_mutation,20260623T020137_130187,of:000000000000000b:3 -> of:000000000000000d:2,0.002,0.0025,0.002,0.002,1.96,2026-06-23T02:01:37,0.002,1.96
route_mutation,20260623T020137_130187,of:000000000000000c:3 -> of:000000000000000d:3,0.002,0.0025,0.002,0.002,1.92,2026-06-23T02:01:37,0.002,1.92
route_mutation,20260623T020137_130187,of:0000000000000005:2 -> of:0000000000000009:3,0.002,0.0025,0.002,0.002,1.79,2026-06-23T02:01:37,0.002,1.79
route_mutation,20260623T020137_130187,of:0000000000000001:1 -> of:000000000000000b:1,0.002,0.0025,0.002,0.002,1.66,2026-06-23T02:01:37,0.002,1.56
route_mutation,20260623T020137_130187,of:000000000000000b:2 -> of:000000000000000c:2,0.002,0.0025,0.002,0.002,1.96,2026-06-23T02:01:37,0.002,1.96
route_mutation,20260623T020137_130187,of:0000000000000001:2 -> of:000000000000000c:1,0.002,0.0025,0.002,0.002,1.63,2026-06-23T02:01:37,0.002,1.56
route_mutation,20260623T020137_130187,of:0000000000000006:2 -> of:000000000000000a:2,0.002,0.0025,0.002,0.002,1.99,2026-06-23T02:01:37,0.002,1.99
route_mutation,20260623T020137_130187,of:0000000000000001:3 -> of:000000000000000d:1,0.002,0.0025,0.002,0.002,2.29,2026-06-23T02:01:37,0.002,2.39
route_mutation,20260623T020137_130187,of:0000000000000003:1 -> of:000000000000000b:5,0.002,0.0025,0.002,0.002,1.53,2026-06-23T02:01:37,0.002,1.66
route_mutation,20260623T020137_130187,of:0000000000000006:1 -> of:000000000000000d:4,0.002,0.0025,0.002,0.002,1.73,2026-06-23T02:01:37,0.002,1.69
route_mutation,20260623T020137_130187,of:0000000000000007:2 -> of:000000000000000a:3,0.002,0.0025,0.002,0.002,1.86,2026-06-23T02:01:37,0.002,1.86
route_mutation,20260623T020137_130187,of:0000000000000007:1 -> of:000000000000000d:5,0.002,0.0025,0.002,0.002,2.42,2026-06-23T02:01:37,0.002,2.46
route_mutation,20260623T020137_130187,of:0000000000000002:2 -> of:0000000000000008:2,0.002,0.0025,0.002,0.002,1.79,2026-06-23T02:01:37,0.002,1.79
route_mutation,20260623T020137_130187,of:0000000000000003:2 -> of:0000000000000008:3,0.002,0.0025,0.002,0.002,1.79,2026-06-23T02:01:37,0.002,1.79
route_mutation,20260623T020137_130187,of:0000000000000008:1 -> of:000000000000000b:6,0.002,0.0025,0.002,0.002,1.59,2026-06-23T02:01:37,0.002,1.59
route_mutation,20260623T020137_130187,of:0000000000000004:2 -> of:0000000000000009:2,0.002,0.0025,0.002,0.002,1.79,2026-06-23T02:01:37,0.002,1.79
route_mutation,20260623T020137_130187,of:0000000000000002:1 -> of:000000000000000b:4,0.002,0.0025,0.002,0.002,1.53,2026-06-23T02:01:37,0.002,1.66
route_mutation,20260623T020137_130187,of:0000000000000009:1 -> of:000000000000000c:6,0.002,0.0025,0.002,0.002,1.59,2026-06-23T02:01:37,0.002,1.56
route_mutation,20260623T020207_581696,of:0000000000000004:1 -> of:000000000000000c:4,0.001,0.00125,0.001,0.001,1.3,2026-06-23T02:02:07,0.001,1.3
route_mutation,20260623T020207_581696,of:0000000000000005:1 -> of:000000000000000c:5,0.001,0.00125,0.001,0.001,1.3,2026-06-23T02:02:07,0.001,1.3
route_mutation,20260623T020207_581696,of:000000000000000a:1 -> of:000000000000000d:6,0.001,0.00125,0.001,0.001,1.36,2026-06-23T02:02:07,0.001,1.36
route_mutation,20260623T020207_581696,of:000000000000000b:3 -> of:000000000000000d:2,0.001,0.00125,0.001,0.001,1.4,2026-06-23T02:02:07,0.001,1.4
route_mutation,20260623T020207_581696,of:000000000000000c:3 -> of:000000000000000d:3,0.001,0.00125,0.001,0.001,1.4,2026-06-23T02:02:07,0.001,1.4
route_mutation,20260623T020207_581696,of:0000000000000005:2 -> of:0000000000000009:3,0.001,0.00125,0.001,0.001,1.46,2026-06-23T02:02:07,0.001,1.46
route_mutation,20260623T020207_581696,of:0000000000000001:1 -> of:000000000000000b:1,0.002,0.0025,0.002,0.002,2.7,2026-06-23T02:02:07,0.002,2.73
route_mutation,20260623T020207_581696,of:000000000000000b:2 -> of:000000000000000c:2,0.001,0.00125,0.001,0.001,1.4,2026-06-23T02:02:07,0.001,1.4
route_mutation,20260623T020207_581696,of:0000000000000001:2 -> of:000000000000000c:1,0.001,0.00125,0.001,0.001,1.3,2026-06-23T02:02:07,0.001,1.3
route_mutation,20260623T020207_581696,of:0000000000000006:2 -> of:000000000000000a:2,0.002,0.0025,0.002,0.002,1.53,2026-06-23T02:02:07,0.002,1.53
route_mutation,20260623T020207_581696,of:0000000000000001:3 -> of:000000000000000d:1,0.001,0.00125,0.001,0.001,1.3,2026-06-23T02:02:07,0.001,1.3
route_mutation,20260623T020207_581696,of:0000000000000003:1 -> of:000000000000000b:5,0.002,0.0025,0.002,0.002,1.7,2026-06-23T02:02:07,0.002,1.7
route_mutation,20260623T020207_581696,of:0000000000000006:1 -> of:000000000000000d:4,0.001,0.00125,0.001,0.001,1.36,2026-06-23T02:02:07,0.001,1.36
route_mutation,20260623T020207_581696,of:0000000000000007:2 -> of:000000000000000a:3,0.002,0.0025,0.002,0.002,1.53,2026-06-23T02:02:07,0.002,1.53
route_mutation,20260623T020207_581696,of:0000000000000007:1 -> of:000000000000000d:5,0.001,0.00125,0.001,0.001,1.36,2026-06-23T02:02:07,0.001,1.36
route_mutation,20260623T020207_581696,of:0000000000000002:2 -> of:0000000000000008:2,0.001,0.00125,0.001,0.001,1.46,2026-06-23T02:02:07,0.001,1.46
route_mutation,20260623T020207_581696,of:0000000000000003:2 -> of:0000000000000008:3,0.001,0.00125,0.001,0.001,1.46,2026-06-23T02:02:07,0.001,1.46
route_mutation,20260623T020207_581696,of:0000000000000008:1 -> of:000000000000000b:6,0.001,0.00125,0.001,0.001,1.36,2026-06-23T02:02:07,0.001,1.36
route_mutation,20260623T020207_581696,of:0000000000000004:2 -> of:0000000000000009:2,0.001,0.00125,0.001,0.001,1.46,2026-06-23T02:02:07,0.001,1.46
route_mutation,20260623T020207_581696,of:0000000000000002:1 -> of:000000000000000b:4,0.002,0.0025,0.002,0.002,2.33,2026-06-23T02:02:07,0.002,2.33
route_mutation,20260623T020207_581696,of:0000000000000009:1 -> of:000000000000000c:6,0.001,0.00125,0.001,0.001,1.36,2026-06-23T02:02:07,0.001,1.36
ip_shuffle,20260623T020237_938598,of:0000000000000004:1 -> of:000000000000000c:4,0.002,0.0025,0.002,0.002,2.56,2026-06-23T02:02:37,0.002,2.43
ip_shuffle,20260623T020237_938598,of:0000000000000005:1 -> of:000000000000000c:5,0.002,0.0025,0.002,0.002,2.56,2026-06-23T02:02:37,0.002,2.43
ip_shuffle,20260623T020237_938598,of:000000000000000a:1 -> of:000000000000000d:6,0.002,0.0025,0.002,0.002,1.63,2026-06-23T02:02:37,0.002,1.66
ip_shuffle,20260623T020237_938598,of:000000000000000b:3 -> of:000000000000000d:2,0.002,0.0025,0.002,0.002,1.96,2026-06-23T02:02:37,0.002,1.96
ip_shuffle,20260623T020237_938598,of:000000000000000c:3 -> of:000000000000000d:3,0.002,0.0025,0.002,0.002,1.96,2026-06-23T02:02:37,0.002,1.96
ip_shuffle,20260623T020237_938598,of:0000000000000005:2 -> of:0000000000000009:3,0.002,0.0025,0.002,0.002,2.06,2026-06-23T02:02:37,0.002,2.06
ip_shuffle,20260623T020237_938598,of:0000000000000001:1 -> of:000000000000000b:1,0.002,0.0025,0.002,0.002,2.3,2026-06-23T02:02:37,0.002,2.36
ip_shuffle,20260623T020237_938598,of:000000000000000b:2 -> of:000000000000000c:2,0.002,0.0025,0.002,0.002,1.93,2026-06-23T02:02:37,0.002,1.93
ip_shuffle,20260623T020237_938598,of:0000000000000001:2 -> of:000000000000000c:1,0.003,0.00375,0.003,0.003,3.23,2026-06-23T02:02:37,0.003,3.33
ip_shuffle,20260623T020237_938598,of:0000000000000006:2 -> of:000000000000000a:2,0.002,0.0025,0.002,0.002,2.0,2026-06-23T02:02:37,0.002,2.0
ip_shuffle,20260623T020237_938598,of:0000000000000001:3 -> of:000000000000000d:1,0.002,0.0025,0.002,0.002,2.5,2026-06-23T02:02:37,0.002,2.43
ip_shuffle,20260623T020237_938598,of:0000000000000003:1 -> of:000000000000000b:5,0.002,0.0025,0.002,0.002,2.36,2026-06-23T02:02:37,0.002,2.26
ip_shuffle,20260623T020237_938598,of:0000000000000006:1 -> of:000000000000000d:4,0.002,0.0025,0.002,0.002,2.4,2026-06-23T02:02:37,0.002,2.53
ip_shuffle,20260623T020237_938598,of:0000000000000007:2 -> of:000000000000000a:3,0.002,0.0025,0.002,0.002,1.93,2026-06-23T02:02:37,0.002,1.93
ip_shuffle,20260623T020237_938598,of:0000000000000007:1 -> of:000000000000000d:5,0.002,0.0025,0.002,0.002,1.63,2026-06-23T02:02:37,0.002,1.66
ip_shuffle,20260623T020237_938598,of:0000000000000002:2 -> of:0000000000000008:2,0.002,0.0025,0.002,0.002,2.03,2026-06-23T02:02:37,0.002,2.03
ip_shuffle,20260623T020237_938598,of:0000000000000003:2 -> of:0000000000000008:3,0.002,0.0025,0.002,0.002,2.03,2026-06-23T02:02:37,0.002,2.03
ip_shuffle,20260623T020237_938598,of:0000000000000008:1 -> of:000000000000000b:6,0.002,0.0025,0.002,0.002,1.63,2026-06-23T02:02:37,0.002,1.63
ip_shuffle,20260623T020237_938598,of:0000000000000004:2 -> of:0000000000000009:2,0.002,0.0025,0.002,0.002,2.06,2026-06-23T02:02:37,0.002,2.06
ip_shuffle,20260623T020237_938598,of:0000000000000002:1 -> of:000000000000000b:4,0.002,0.0025,0.002,0.002,1.73,2026-06-23T02:02:37,0.002,1.63
ip_shuffle,20260623T020237_938598,of:0000000000000009:1 -> of:000000000000000c:6,0.002,0.0025,0.002,0.002,1.63,2026-06-23T02:02:37,0.002,1.63
ip_shuffle,20260623T020348_843269,of:0000000000000004:1 -> of:000000000000000c:4,0.001,0.00125,0.001,0.001,1.3,2026-06-23T02:03:48,0.001,1.3
ip_shuffle,20260623T020348_843269,of:0000000000000005:1 -> of:000000000000000c:5,0.001,0.00125,0.001,0.001,1.3,2026-06-23T02:03:48,0.001,1.3
ip_shuffle,20260623T020348_843269,of:000000000000000a:1 -> of:000000000000000d:6,0.001,0.00125,0.001,0.001,1.36,2026-06-23T02:03:48,0.001,1.36
ip_shuffle,20260623T020348_843269,of:000000000000000b:3 -> of:000000000000000d:2,0.001,0.00125,0.001,0.001,1.4,2026-06-23T02:03:48,0.001,1.4
ip_shuffle,20260623T020348_843269,of:000000000000000c:3 -> of:000000000000000d:3,0.001,0.00125,0.001,0.001,1.4,2026-06-23T02:03:48,0.001,1.4
ip_shuffle,20260623T020348_843269,of:0000000000000005:2 -> of:0000000000000009:3,0.001,0.00125,0.001,0.001,1.46,2026-06-23T02:03:48,0.001,1.46
ip_shuffle,20260623T020348_843269,of:0000000000000001:1 -> of:000000000000000b:1,0.002,0.0025,0.002,0.002,1.76,2026-06-23T02:03:48,0.002,1.76
ip_shuffle,20260623T020348_843269,of:000000000000000b:2 -> of:000000000000000c:2,0.001,0.00125,0.001,0.001,1.4,2026-06-23T02:03:48,0.001,1.4
ip_shuffle,20260623T020348_843269,of:0000000000000001:2 -> of:000000000000000c:1,0.001,0.00125,0.001,0.001,1.3,2026-06-23T02:03:48,0.001,1.3
ip_shuffle,20260623T020348_843269,of:0000000000000006:2 -> of:000000000000000a:2,0.002,0.0025,0.002,0.002,1.53,2026-06-23T02:03:48,0.002,1.53
ip_shuffle,20260623T020348_843269,of:0000000000000001:3 -> of:000000000000000d:1,0.002,0.0025,0.002,0.002,1.6,2026-06-23T02:03:48,0.002,1.6
ip_shuffle,20260623T020348_843269,of:0000000000000003:1 -> of:000000000000000b:5,0.001,0.00125,0.001,0.001,1.3,2026-06-23T02:03:48,0.001,1.3
ip_shuffle,20260623T020348_843269,of:0000000000000006:1 -> of:000000000000000d:4,0.001,0.00125,0.001,0.001,1.36,2026-06-23T02:03:48,0.001,1.36
ip_shuffle,20260623T020348_843269,of:0000000000000007:2 -> of:000000000000000a:3,0.002,0.0025,0.002,0.002,1.66,2026-06-23T02:03:48,0.002,1.66
ip_shuffle,20260623T020348_843269,of:0000000000000007:1 -> of:000000000000000d:5,0.002,0.0025,0.002,0.002,1.93,2026-06-23T02:03:48,0.002,1.93
ip_shuffle,20260623T020348_843269,of:0000000000000002:2 -> of:0000000000000008:2,0.001,0.00125,0.001,0.001,1.46,2026-06-23T02:03:48,0.001,1.46
ip_shuffle,20260623T020348_843269,of:0000000000000003:2 -> of:0000000000000008:3,0.001,0.00125,0.001,0.001,1.46,2026-06-23T02:03:48,0.001,1.46
ip_shuffle,20260623T020348_843269,of:0000000000000008:1 -> of:000000000000000b:6,0.001,0.00125,0.001,0.001,1.36,2026-06-23T02:03:48,0.001,1.36
ip_shuffle,20260623T020348_843269,of:0000000000000004:2 -> of:0000000000000009:2,0.001,0.00125,0.001,0.001,1.46,2026-06-23T02:03:48,0.001,1.46
ip_shuffle,20260623T020348_843269,of:0000000000000002:1 -> of:000000000000000b:4,0.002,0.0025,0.002,0.002,1.76,2026-06-23T02:03:48,0.002,1.76
ip_shuffle,20260623T020348_843269,of:0000000000000009:1 -> of:000000000000000c:6,0.001,0.00125,0.001,0.001,1.36,2026-06-23T02:03:48,0.001,1.36
ip_shuffle,20260623T020446_401740,of:0000000000000004:1 -> of:000000000000000c:4,0.002,0.0025,0.002,0.002,2.1,2026-06-23T02:04:46,0.002,2.2
ip_shuffle,20260623T020446_401740,of:0000000000000005:1 -> of:000000000000000c:5,0.002,0.0025,0.002,0.002,2.1,2026-06-23T02:04:46,0.002,2.2
ip_shuffle,20260623T020446_401740,of:000000000000000a:1 -> of:000000000000000d:6,0.002,0.0025,0.002,0.002,2.2,2026-06-23T02:04:46,0.002,2.2
ip_shuffle,20260623T020446_401740,of:000000000000000b:3 -> of:000000000000000d:2,0.002,0.0025,0.002,0.002,3.06,2026-06-23T02:04:46,0.002,3.06
ip_shuffle,20260623T020446_401740,of:000000000000000c:3 -> of:000000000000000d:3,0.002,0.0025,0.002,0.002,3.06,2026-06-23T02:04:46,0.002,3.06
ip_shuffle,20260623T020446_401740,of:0000000000000005:2 -> of:0000000000000009:3,0.002,0.0025,0.002,0.002,2.9,2026-06-23T02:04:46,0.002,2.9
ip_shuffle,20260623T020446_401740,of:0000000000000001:1 -> of:000000000000000b:1,0.002,0.0025,0.002,0.002,2.2,2026-06-23T02:04:46,0.002,2.13
ip_shuffle,20260623T020446_401740,of:000000000000000b:2 -> of:000000000000000c:2,0.002,0.0025,0.002,0.002,3.06,2026-06-23T02:04:46,0.002,3.06
ip_shuffle,20260623T020446_401740,of:0000000000000001:2 -> of:000000000000000c:1,0.002,0.0025,0.002,0.002,2.2,2026-06-23T02:04:46,0.002,2.13
ip_shuffle,20260623T020446_401740,of:0000000000000006:2 -> of:000000000000000a:2,0.002,0.0025,0.002,0.002,2.96,2026-06-23T02:04:46,0.002,2.96
ip_shuffle,20260623T020446_401740,of:0000000000000001:3 -> of:000000000000000d:1,0.004,0.005,0.004,0.004,4.43,2026-06-23T02:04:46,0.003,4.43
ip_shuffle,20260623T020446_401740,of:0000000000000003:1 -> of:000000000000000b:5,0.002,0.0025,0.002,0.002,2.13,2026-06-23T02:04:46,0.002,2.2
ip_shuffle,20260623T020446_401740,of:0000000000000006:1 -> of:000000000000000d:4,0.003,0.00375,0.003,0.003,3.2,2026-06-23T02:04:46,0.002,3.06
ip_shuffle,20260623T020446_401740,of:0000000000000007:2 -> of:000000000000000a:3,0.002,0.0025,0.002,0.002,2.96,2026-06-23T02:04:46,0.002,2.96
ip_shuffle,20260623T020446_401740,of:0000000000000007:1 -> of:000000000000000d:5,0.003,0.00375,0.003,0.003,3.33,2026-06-23T02:04:46,0.003,3.49
ip_shuffle,20260623T020446_401740,of:0000000000000002:2 -> of:0000000000000008:2,0.002,0.0025,0.002,0.002,2.93,2026-06-23T02:04:46,0.002,2.93
ip_shuffle,20260623T020446_401740,of:0000000000000003:2 -> of:0000000000000008:3,0.002,0.0025,0.002,0.002,2.93,2026-06-23T02:04:46,0.002,2.93
ip_shuffle,20260623T020446_401740,of:0000000000000008:1 -> of:000000000000000b:6,0.002,0.0025,0.002,0.002,2.13,2026-06-23T02:04:46,0.002,2.13
ip_shuffle,20260623T020446_401740,of:0000000000000004:2 -> of:0000000000000009:2,0.002,0.0025,0.002,0.002,2.9,2026-06-23T02:04:46,0.002,2.9
ip_shuffle,20260623T020446_401740,of:0000000000000002:1 -> of:000000000000000b:4,0.002,0.0025,0.002,0.002,2.13,2026-06-23T02:04:46,0.002,2.2
ip_shuffle,20260623T020446_401740,of:0000000000000009:1 -> of:000000000000000c:6,0.002,0.0025,0.002,0.002,2.13,2026-06-23T02:04:46,0.002,2.13
ip_shuffle,20260623T020550_776117,of:0000000000000004:1 -> of:000000000000000c:4,0.002,0.0025,0.002,0.002,2.23,2026-06-23T02:05:50,0.002,2.33
ip_shuffle,20260623T020550_776117,of:0000000000000005:1 -> of:000000000000000c:5,0.002,0.0025,0.002,0.002,1.83,2026-06-23T02:05:50,0.002,1.93
ip_shuffle,20260623T020550_776117,of:000000000000000a:1 -> of:000000000000000d:6,0.002,0.0025,0.002,0.002,1.6,2026-06-23T02:05:50,0.002,1.53
ip_shuffle,20260623T020550_776117,of:000000000000000b:3 -> of:000000000000000d:2,0.002,0.0025,0.002,0.002,1.8,2026-06-23T02:05:50,0.002,1.8
ip_shuffle,20260623T020550_776117,of:000000000000000c:3 -> of:000000000000000d:3,0.002,0.0025,0.002,0.002,1.73,2026-06-23T02:05:50,0.002,1.73
ip_shuffle,20260623T020550_776117,of:0000000000000005:2 -> of:0000000000000009:3,0.002,0.0025,0.002,0.002,1.7,2026-06-23T02:05:50,0.002,1.7
ip_shuffle,20260623T020550_776117,of:0000000000000001:1 -> of:000000000000000b:1,0.003,0.00375,0.003,0.003,3.56,2026-06-23T02:05:50,0.003,3.53
ip_shuffle,20260623T020550_776117,of:000000000000000b:2 -> of:000000000000000c:2,0.002,0.0025,0.002,0.002,1.8,2026-06-23T02:05:50,0.002,1.8
ip_shuffle,20260623T020550_776117,of:0000000000000001:2 -> of:000000000000000c:1,0.002,0.0025,0.002,0.002,2.73,2026-06-23T02:05:50,0.002,2.66
ip_shuffle,20260623T020550_776117,of:0000000000000006:2 -> of:000000000000000a:2,0.002,0.0025,0.002,0.002,1.63,2026-06-23T02:05:50,0.002,1.63
ip_shuffle,20260623T020550_776117,of:0000000000000001:3 -> of:000000000000000d:1,0.002,0.0025,0.002,0.002,1.96,2026-06-23T02:05:50,0.002,1.9
ip_shuffle,20260623T020550_776117,of:0000000000000003:1 -> of:000000000000000b:5,0.002,0.0025,0.002,0.002,2.46,2026-06-23T02:05:50,0.002,2.63
ip_shuffle,20260623T020550_776117,of:0000000000000006:1 -> of:000000000000000d:4,0.001,0.00125,0.001,0.001,1.36,2026-06-23T02:05:50,0.001,1.46
ip_shuffle,20260623T020550_776117,of:0000000000000007:2 -> of:000000000000000a:3,0.002,0.0025,0.002,0.002,1.63,2026-06-23T02:05:50,0.002,1.63
ip_shuffle,20260623T020550_776117,of:0000000000000007:1 -> of:000000000000000d:5,0.002,0.0025,0.002,0.002,1.73,2026-06-23T02:05:50,0.002,1.83
ip_shuffle,20260623T020550_776117,of:0000000000000002:2 -> of:0000000000000008:2,0.002,0.0025,0.002,0.002,1.7,2026-06-23T02:05:50,0.002,1.7
ip_shuffle,20260623T020550_776117,of:0000000000000003:2 -> of:0000000000000008:3,0.002,0.0025,0.002,0.002,1.7,2026-06-23T02:05:50,0.002,1.7
ip_shuffle,20260623T020550_776117,of:0000000000000008:1 -> of:000000000000000b:6,0.002,0.0025,0.002,0.002,1.6,2026-06-23T02:05:50,0.002,1.6
ip_shuffle,20260623T020550_776117,of:0000000000000004:2 -> of:0000000000000009:2,0.002,0.0025,0.002,0.002,1.7,2026-06-23T02:05:50,0.002,1.7
ip_shuffle,20260623T020550_776117,of:0000000000000002:1 -> of:000000000000000b:4,0.002,0.0025,0.002,0.002,2.5,2026-06-23T02:05:50,0.002,2.5
ip_shuffle,20260623T020550_776117,of:0000000000000009:1 -> of:000000000000000c:6,0.002,0.0025,0.002,0.002,1.6,2026-06-23T02:05:50,0.002,1.53
ip_shuffle,20260623T020648_478028,of:0000000000000004:1 -> of:000000000000000c:4,0.001,0.00125,0.001,0.001,1.36,2026-06-23T02:06:48,0.001,1.46
ip_shuffle,20260623T020648_478028,of:0000000000000005:1 -> of:000000000000000c:5,0.001,0.00125,0.001,0.001,1.36,2026-06-23T02:06:48,0.001,1.46
ip_shuffle,20260623T020648_478028,of:000000000000000a:1 -> of:000000000000000d:6,0.001,0.00125,0.001,0.001,1.4,2026-06-23T02:06:48,0.001,1.4
ip_shuffle,20260623T020648_478028,of:000000000000000b:3 -> of:000000000000000d:2,0.001,0.00125,0.001,0.001,1.6,2026-06-23T02:06:48,0.001,1.6
ip_shuffle,20260623T020648_478028,of:000000000000000c:3 -> of:000000000000000d:3,0.001,0.00125,0.001,0.001,1.6,2026-06-23T02:06:48,0.001,1.6
ip_shuffle,20260623T020648_478028,of:0000000000000005:2 -> of:0000000000000009:3,0.002,0.0025,0.002,0.002,1.6,2026-06-23T02:06:48,0.002,1.6
ip_shuffle,20260623T020648_478028,of:0000000000000001:1 -> of:000000000000000b:1,0.001,0.00125,0.001,0.001,1.4,2026-06-23T02:06:48,0.001,1.3
ip_shuffle,20260623T020648_478028,of:000000000000000b:2 -> of:000000000000000c:2,0.001,0.00125,0.001,0.001,1.6,2026-06-23T02:06:48,0.001,1.6
ip_shuffle,20260623T020648_478028,of:0000000000000001:2 -> of:000000000000000c:1,0.001,0.00125,0.001,0.001,1.4,2026-06-23T02:06:48,0.001,1.3
ip_shuffle,20260623T020648_478028,of:0000000000000006:2 -> of:000000000000000a:2,0.002,0.0025,0.002,0.002,1.53,2026-06-23T02:06:48,0.002,1.53
ip_shuffle,20260623T020648_478028,of:0000000000000001:3 -> of:000000000000000d:1,0.002,0.0025,0.002,0.002,2.06,2026-06-23T02:06:48,0.002,2.2
ip_shuffle,20260623T020648_478028,of:0000000000000003:1 -> of:000000000000000b:5,0.001,0.00125,0.001,0.001,1.3,2026-06-23T02:06:48,0.001,1.4
ip_shuffle,20260623T020648_478028,of:0000000000000006:1 -> of:000000000000000d:4,0.001,0.00125,0.001,0.001,1.33,2026-06-23T02:06:48,0.001,1.46
ip_shuffle,20260623T020648_478028,of:0000000000000007:2 -> of:000000000000000a:3,0.002,0.0025,0.002,0.002,1.53,2026-06-23T02:06:48,0.002,1.53
ip_shuffle,20260623T020648_478028,of:0000000000000007:1 -> of:000000000000000d:5,0.002,0.0025,0.002,0.002,2.13,2026-06-23T02:06:48,0.002,1.93
ip_shuffle,20260623T020648_478028,of:0000000000000002:2 -> of:0000000000000008:2,0.001,0.00125,0.001,0.001,1.43,2026-06-23T02:06:48,0.001,1.43
ip_shuffle,20260623T020648_478028,of:0000000000000003:2 -> of:0000000000000008:3,0.001,0.00125,0.001,0.001,1.43,2026-06-23T02:06:48,0.001,1.43
ip_shuffle,20260623T020648_478028,of:0000000000000008:1 -> of:000000000000000b:6,0.001,0.00125,0.001,0.001,1.33,2026-06-23T02:06:48,0.001,1.46
ip_shuffle,20260623T020648_478028,of:0000000000000004:2 -> of:0000000000000009:2,0.002,0.0025,0.002,0.002,1.6,2026-06-23T02:06:48,0.002,1.6
ip_shuffle,20260623T020648_478028,of:0000000000000002:1 -> of:000000000000000b:4,0.001,0.00125,0.001,0.001,1.3,2026-06-23T02:06:48,0.001,1.4
ip_shuffle,20260623T020648_478028,of:0000000000000009:1 -> of:000000000000000c:6,0.001,0.00125,0.001,0.001,1.4,2026-06-23T02:06:48,0.001,1.4
route_mutation,20260623T020746_185978,of:0000000000000004:1 -> of:000000000000000c:4,0.002,0.0025,0.002,0.002,2.2,2026-06-23T02:07:46,0.002,2.1
route_mutation,20260623T020746_185978,of:0000000000000005:1 -> of:000000000000000c:5,0.002,0.0025,0.002,0.002,2.76,2026-06-23T02:07:46,0.002,2.66
route_mutation,20260623T020746_185978,of:000000000000000a:1 -> of:000000000000000d:6,0.002,0.0025,0.002,0.002,1.83,2026-06-23T02:07:46,0.002,1.86
route_mutation,20260623T020746_185978,of:000000000000000b:3 -> of:000000000000000d:2,0.002,0.0025,0.002,0.002,2.36,2026-06-23T02:07:46,0.002,2.36
route_mutation,20260623T020746_185978,of:000000000000000c:3 -> of:000000000000000d:3,0.002,0.0025,0.002,0.002,2.4,2026-06-23T02:07:46,0.002,2.4
route_mutation,20260623T020746_185978,of:0000000000000005:2 -> of:0000000000000009:3,0.002,0.0025,0.002,0.002,2.46,2026-06-23T02:07:46,0.002,2.46
route_mutation,20260623T020746_185978,of:0000000000000001:1 -> of:000000000000000b:1,0.002,0.0025,0.002,0.002,1.86,2026-06-23T02:07:46,0.002,1.96
route_mutation,20260623T020746_185978,of:000000000000000b:2 -> of:000000000000000c:2,0.002,0.0025,0.002,0.002,2.36,2026-06-23T02:07:46,0.002,2.36
route_mutation,20260623T020746_185978,of:0000000000000001:2 -> of:000000000000000c:1,0.003,0.00375,0.003,0.003,2.93,2026-06-23T02:07:46,0.003,3.0
route_mutation,20260623T020746_185978,of:0000000000000006:2 -> of:000000000000000a:2,0.002,0.0025,0.002,0.002,2.46,2026-06-23T02:07:46,0.002,2.46
route_mutation,20260623T020746_185978,of:0000000000000001:3 -> of:000000000000000d:1,0.003,0.00375,0.003,0.003,3.56,2026-06-23T02:07:46,0.003,3.5
route_mutation,20260623T020746_185978,of:0000000000000003:1 -> of:000000000000000b:5,0.002,0.0025,0.002,0.002,2.0,2026-06-23T02:07:46,0.002,1.86
route_mutation,20260623T020746_185978,of:0000000000000006:1 -> of:000000000000000d:4,0.003,0.00375,0.003,0.003,3.2,2026-06-23T02:07:46,0.003,3.1
route_mutation,20260623T020746_185978,of:0000000000000007:2 -> of:000000000000000a:3,0.002,0.0025,0.002,0.002,2.5,2026-06-23T02:07:46,0.002,2.5
route_mutation,20260623T020746_185978,of:0000000000000007:1 -> of:000000000000000d:5,0.002,0.0025,0.002,0.002,2.36,2026-06-23T02:07:46,0.002,2.53
route_mutation,20260623T020746_185978,of:0000000000000002:2 -> of:0000000000000008:2,0.002,0.0025,0.002,0.002,2.63,2026-06-23T02:07:46,0.002,2.63
route_mutation,20260623T020746_185978,of:0000000000000003:2 -> of:0000000000000008:3,0.002,0.0025,0.002,0.002,2.63,2026-06-23T02:07:46,0.002,2.63
route_mutation,20260623T020746_185978,of:0000000000000008:1 -> of:000000000000000b:6,0.002,0.0025,0.002,0.002,2.0,2026-06-23T02:07:46,0.002,1.83
route_mutation,20260623T020746_185978,of:0000000000000004:2 -> of:0000000000000009:2,0.002,0.0025,0.002,0.002,2.46,2026-06-23T02:07:46,0.002,2.46
route_mutation,20260623T020746_185978,of:0000000000000002:1 -> of:000000000000000b:4,0.002,0.0025,0.002,0.002,1.96,2026-06-23T02:07:46,0.002,1.83
route_mutation,20260623T020746_185978,of:0000000000000009:1 -> of:000000000000000c:6,0.002,0.0025,0.002,0.002,1.83,2026-06-23T02:07:46,0.002,1.86
ip_shuffle,20260623T020816_558445,of:0000000000000004:1 -> of:000000000000000c:4,0.002,0.0025,0.002,0.001,1.53,2026-06-23T02:08:16,0.002,1.63
ip_shuffle,20260623T020816_558445,of:0000000000000005:1 -> of:000000000000000c:5,0.002,0.0025,0.002,0.001,1.53,2026-06-23T02:08:16,0.002,1.63
ip_shuffle,20260623T020816_558445,of:000000000000000a:1 -> of:000000000000000d:6,0.002,0.0025,0.002,0.002,1.66,2026-06-23T02:08:16,0.002,1.63
ip_shuffle,20260623T020816_558445,of:000000000000000b:3 -> of:000000000000000d:2,0.002,0.0025,0.002,0.002,2.02,2026-06-23T02:08:16,0.002,2.02
ip_shuffle,20260623T020816_558445,of:000000000000000c:3 -> of:000000000000000d:3,0.002,0.0025,0.002,0.002,1.99,2026-06-23T02:08:16,0.002,1.99
ip_shuffle,20260623T020816_558445,of:0000000000000005:2 -> of:0000000000000009:3,0.002,0.0025,0.002,0.002,2.06,2026-06-23T02:08:16,0.002,2.06
ip_shuffle,20260623T020816_558445,of:0000000000000001:1 -> of:000000000000000b:1,0.001,0.00125,0.001,0.001,1.59,2026-06-23T02:08:16,0.001,1.49
ip_shuffle,20260623T020816_558445,of:000000000000000b:2 -> of:000000000000000c:2,0.002,0.0025,0.002,0.002,1.96,2026-06-23T02:08:16,0.002,1.96
ip_shuffle,20260623T020816_558445,of:0000000000000001:2 -> of:000000000000000c:1,0.001,0.00125,0.001,0.001,1.56,2026-06-23T02:08:16,0.001,1.49
ip_shuffle,20260623T020816_558445,of:0000000000000006:2 -> of:000000000000000a:2,0.002,0.0025,0.002,0.002,1.92,2026-06-23T02:08:16,0.002,1.92
ip_shuffle,20260623T020816_558445,of:0000000000000001:3 -> of:000000000000000d:1,0.002,0.0025,0.002,0.002,2.52,2026-06-23T02:08:16,0.002,2.59
ip_shuffle,20260623T020816_558445,of:0000000000000003:1 -> of:000000000000000b:5,0.001,0.00125,0.001,0.001,1.46,2026-06-23T02:08:16,0.001,1.59
ip_shuffle,20260623T020816_558445,of:0000000000000006:1 -> of:000000000000000d:4,0.002,0.0025,0.002,0.002,1.59,2026-06-23T02:08:16,0.002,1.69
ip_shuffle,20260623T020816_558445,of:0000000000000007:2 -> of:000000000000000a:3,0.002,0.0025,0.002,0.002,1.89,2026-06-23T02:08:16,0.002,1.89
ip_shuffle,20260623T020816_558445,of:0000000000000007:1 -> of:000000000000000d:5,0.002,0.0025,0.002,0.002,2.56,2026-06-23T02:08:16,0.002,2.39
ip_shuffle,20260623T020816_558445,of:0000000000000002:2 -> of:0000000000000008:2,0.002,0.0025,0.002,0.002,1.76,2026-06-23T02:08:16,0.002,1.76
ip_shuffle,20260623T020816_558445,of:0000000000000003:2 -> of:0000000000000008:3,0.002,0.0025,0.002,0.002,1.76,2026-06-23T02:08:16,0.002,1.76
ip_shuffle,20260623T020816_558445,of:0000000000000008:1 -> of:000000000000000b:6,0.002,0.0025,0.002,0.001,1.49,2026-06-23T02:08:16,0.002,1.66
ip_shuffle,20260623T020816_558445,of:0000000000000004:2 -> of:0000000000000009:2,0.002,0.0025,0.002,0.002,2.06,2026-06-23T02:08:16,0.002,2.06
ip_shuffle,20260623T020816_558445,of:0000000000000002:1 -> of:000000000000000b:4,0.001,0.00125,0.001,0.001,1.46,2026-06-23T02:08:16,0.001,1.59
ip_shuffle,20260623T020816_558445,of:0000000000000009:1 -> of:000000000000000c:6,0.002,0.0025,0.002,0.002,1.73,2026-06-23T02:08:16,0.002,1.69
route_mutation,20260623T020914_250764,of:0000000000000004:1 -> of:000000000000000c:4,0.002,0.0025,0.002,0.002,2.46,2026-06-23T02:09:14,0.002,2.4
route_mutation,20260623T020914_250764,of:0000000000000005:1 -> of:000000000000000c:5,0.002,0.0025,0.002,0.002,2.46,2026-06-23T02:09:14,0.002,2.4
route_mutation,20260623T020914_250764,of:000000000000000a:1 -> of:000000000000000d:6,0.002,0.0025,0.002,0.002,1.63,2026-06-23T02:09:14,0.002,1.53
route_mutation,20260623T020914_250764,of:000000000000000b:3 -> of:000000000000000d:2,0.002,0.0025,0.002,0.002,1.83,2026-06-23T02:09:14,0.002,1.83
route_mutation,20260623T020914_250764,of:000000000000000c:3 -> of:000000000000000d:3,0.002,0.0025,0.002,0.002,1.86,2026-06-23T02:09:14,0.002,1.86
route_mutation,20260623T020914_250764,of:0000000000000005:2 -> of:0000000000000009:3,0.002,0.0025,0.002,0.002,2.03,2026-06-23T02:09:14,0.002,2.03
route_mutation,20260623T020914_250764,of:0000000000000001:1 -> of:000000000000000b:1,0.002,0.0025,0.002,0.002,2.5,2026-06-23T02:09:14,0.002,2.53
route_mutation,20260623T020914_250764,of:000000000000000b:2 -> of:000000000000000c:2,0.002,0.0025,0.002,0.002,1.83,2026-06-23T02:09:14,0.002,1.83
route_mutation,20260623T020914_250764,of:0000000000000001:2 -> of:000000000000000c:1,0.003,0.00375,0.003,0.003,3.19,2026-06-23T02:09:14,0.003,3.23
route_mutation,20260623T020914_250764,of:0000000000000006:2 -> of:000000000000000a:2,0.002,0.0025,0.002,0.002,1.96,2026-06-23T02:09:14,0.002,1.96
route_mutation,20260623T020914_250764,of:0000000000000001:3 -> of:000000000000000d:1,0.002,0.0025,0.002,0.002,2.16,2026-06-23T02:09:14,0.002,2.06
route_mutation,20260623T020914_250764,of:0000000000000003:1 -> of:000000000000000b:5,0.002,0.0025,0.002,0.002,2.53,2026-06-23T02:09:14,0.002,2.43
route_mutation,20260623T020914_250764,of:0000000000000006:1 -> of:000000000000000d:4,0.002,0.0025,0.002,0.002,2.13,2026-06-23T02:09:14,0.002,2.23
route_mutation,20260623T020914_250764,of:0000000000000007:2 -> of:000000000000000a:3,0.002,0.0025,0.002,0.002,2.0,2026-06-23T02:09:14,0.002,2.0
route_mutation,20260623T020914_250764,of:0000000000000007:1 -> of:000000000000000d:5,0.002,0.0025,0.002,0.002,1.7,2026-06-23T02:09:14,0.002,1.6
route_mutation,20260623T020914_250764,of:0000000000000002:2 -> of:0000000000000008:2,0.002,0.0025,0.002,0.002,2.03,2026-06-23T02:09:14,0.002,2.03
route_mutation,20260623T020914_250764,of:0000000000000003:2 -> of:0000000000000008:3,0.002,0.0025,0.002,0.002,2.03,2026-06-23T02:09:14,0.002,2.03
route_mutation,20260623T020914_250764,of:0000000000000008:1 -> of:000000000000000b:6,0.002,0.0025,0.002,0.002,1.7,2026-06-23T02:09:14,0.002,1.56
route_mutation,20260623T020914_250764,of:0000000000000004:2 -> of:0000000000000009:2,0.002,0.0025,0.002,0.002,2.03,2026-06-23T02:09:14,0.002,2.03
route_mutation,20260623T020914_250764,of:0000000000000002:1 -> of:000000000000000b:4,0.002,0.0025,0.002,0.002,1.7,2026-06-23T02:09:14,0.002,1.6
route_mutation,20260623T020914_250764,of:0000000000000009:1 -> of:000000000000000c:6,0.002,0.0025,0.002,0.002,1.7,2026-06-23T02:09:14,0.002,1.6
ip_shuffle,20260623T020944_541793,of:0000000000000004:1 -> of:000000000000000c:4,0.002,0.0025,0.002,0.002,1.93,2026-06-23T02:09:44,0.002,1.86
ip_shuffle,20260623T020944_541793,of:0000000000000005:1 -> of:000000000000000c:5,0.002,0.0025,0.002,0.002,1.93,2026-06-23T02:09:44,0.002,1.86
ip_shuffle,20260623T020944_541793,of:000000000000000a:1 -> of:000000000000000d:6,0.002,0.0025,0.002,0.002,1.96,2026-06-23T02:09:44,0.002,1.96
ip_shuffle,20260623T020944_541793,of:000000000000000b:3 -> of:000000000000000d:2,0.002,0.0025,0.002,0.002,2.53,2026-06-23T02:09:44,0.002,2.53
ip_shuffle,20260623T020944_541793,of:000000000000000c:3 -> of:000000000000000d:3,0.002,0.0025,0.002,0.002,2.5,2026-06-23T02:09:44,0.002,2.5
ip_shuffle,20260623T020944_541793,of:0000000000000005:2 -> of:0000000000000009:3,0.002,0.0025,0.002,0.002,2.63,2026-06-23T02:09:44,0.002,2.63
ip_shuffle,20260623T020944_541793,of:0000000000000001:1 -> of:000000000000000b:1,0.002,0.0025,0.002,0.002,1.83,2026-06-23T02:09:44,0.002,1.86
ip_shuffle,20260623T020944_541793,of:000000000000000b:2 -> of:000000000000000c:2,0.002,0.0025,0.002,0.002,2.43,2026-06-23T02:09:44,0.002,2.43
ip_shuffle,20260623T020944_541793,of:0000000000000001:2 -> of:000000000000000c:1,0.002,0.0025,0.002,0.002,1.8,2026-06-23T02:09:44,0.002,1.86
ip_shuffle,20260623T020944_541793,of:0000000000000006:2 -> of:000000000000000a:2,0.002,0.0025,0.002,0.002,2.63,2026-06-23T02:09:44,0.002,2.63
ip_shuffle,20260623T020944_541793,of:0000000000000001:3 -> of:000000000000000d:1,0.003,0.00375,0.003,0.003,3.63,2026-06-23T02:09:44,0.003,3.63
ip_shuffle,20260623T020944_541793,of:0000000000000003:1 -> of:000000000000000b:5,0.002,0.0025,0.002,0.002,1.83,2026-06-23T02:09:44,0.002,1.83
ip_shuffle,20260623T020944_541793,of:0000000000000006:1 -> of:000000000000000d:4,0.002,0.0025,0.002,0.002,2.73,2026-06-23T02:09:44,0.002,2.53
ip_shuffle,20260623T020944_541793,of:0000000000000007:2 -> of:000000000000000a:3,0.002,0.0025,0.002,0.002,2.6,2026-06-23T02:09:44,0.002,2.6
ip_shuffle,20260623T020944_541793,of:0000000000000007:1 -> of:000000000000000d:5,0.003,0.00375,0.003,0.002,2.86,2026-06-23T02:09:44,0.003,3.1
ip_shuffle,20260623T020944_541793,of:0000000000000002:2 -> of:0000000000000008:2,0.002,0.0025,0.002,0.002,2.53,2026-06-23T02:09:44,0.002,2.53
ip_shuffle,20260623T020944_541793,of:0000000000000003:2 -> of:0000000000000008:3,0.002,0.0025,0.002,0.002,2.53,2026-06-23T02:09:44,0.002,2.53
ip_shuffle,20260623T020944_541793,of:0000000000000008:1 -> of:000000000000000b:6,0.002,0.0025,0.002,0.002,1.9,2026-06-23T02:09:44,0.002,1.9
ip_shuffle,20260623T020944_541793,of:0000000000000004:2 -> of:0000000000000009:2,0.002,0.0025,0.002,0.002,2.63,2026-06-23T02:09:44,0.002,2.63
ip_shuffle,20260623T020944_541793,of:0000000000000002:1 -> of:000000000000000b:4,0.002,0.0025,0.002,0.002,1.83,2026-06-23T02:09:44,0.002,1.83
ip_shuffle,20260623T020944_541793,of:0000000000000009:1 -> of:000000000000000c:6,0.002,0.0025,0.002,0.002,1.9,2026-06-23T02:09:44,0.002,1.86
ip_shuffle,20260623T021048_739173,of:0000000000000004:1 -> of:000000000000000c:4,0.002,0.0025,0.002,0.002,2.26,2026-06-23T02:10:48,0.002,2.26
ip_shuffle,20260623T021048_739173,of:0000000000000005:1 -> of:000000000000000c:5,0.002,0.0025,0.002,0.002,1.7,2026-06-23T02:10:48,0.002,1.7
ip_shuffle,20260623T021048_739173,of:000000000000000a:1 -> of:000000000000000d:6,0.001,0.00125,0.001,0.001,1.43,2026-06-23T02:10:48,0.001,1.46
ip_shuffle,20260623T021048_739173,of:000000000000000b:3 -> of:000000000000000d:2,0.002,0.0025,0.002,0.002,1.63,2026-06-23T02:10:48,0.002,1.63
ip_shuffle,20260623T021048_739173,of:000000000000000c:3 -> of:000000000000000d:3,0.002,0.0025,0.002,0.002,1.73,2026-06-23T02:10:48,0.002,1.73
ip_shuffle,20260623T021048_739173,of:0000000000000005:2 -> of:0000000000000009:3,0.002,0.0025,0.002,0.002,1.63,2026-06-23T02:10:48,0.002,1.63
ip_shuffle,20260623T021048_739173,of:0000000000000001:1 -> of:000000000000000b:1,0.003,0.00375,0.003,0.003,3.5,2026-06-23T02:10:48,0.003,3.5
ip_shuffle,20260623T021048_739173,of:000000000000000b:2 -> of:000000000000000c:2,0.002,0.0025,0.002,0.002,1.63,2026-06-23T02:10:48,0.002,1.63
ip_shuffle,20260623T021048_739173,of:0000000000000001:2 -> of:000000000000000c:1,0.002,0.0025,0.002,0.002,2.36,2026-06-23T02:10:48,0.002,2.36
ip_shuffle,20260623T021048_739173,of:0000000000000006:2 -> of:000000000000000a:2,0.002,0.0025,0.002,0.002,1.63,2026-06-23T02:10:48,0.002,1.63
ip_shuffle,20260623T021048_739173,of:0000000000000001:3 -> of:000000000000000d:1,0.002,0.0025,0.002,0.002,1.83,2026-06-23T02:10:48,0.002,1.83
ip_shuffle,20260623T021048_739173,of:0000000000000003:1 -> of:000000000000000b:5,0.002,0.0025,0.002,0.002,2.5,2026-06-23T02:10:48,0.002,2.46
ip_shuffle,20260623T021048_739173,of:0000000000000006:1 -> of:000000000000000d:4,0.002,0.0025,0.002,0.002,1.53,2026-06-23T02:10:48,0.002,1.53
ip_shuffle,20260623T021048_739173,of:0000000000000007:2 -> of:000000000000000a:3,0.002,0.0025,0.002,0.002,1.63,2026-06-23T02:10:48,0.002,1.63
ip_shuffle,20260623T021048_739173,of:0000000000000007:1 -> of:000000000000000d:5,0.002,0.0025,0.002,0.002,1.76,2026-06-23T02:10:48,0.002,1.76
ip_shuffle,20260623T021048_739173,of:0000000000000002:2 -> of:0000000000000008:2,0.002,0.0025,0.002,0.002,1.73,2026-06-23T02:10:48,0.002,1.73
ip_shuffle,20260623T021048_739173,of:0000000000000003:2 -> of:0000000000000008:3,0.002,0.0025,0.002,0.002,1.73,2026-06-23T02:10:48,0.002,1.73
ip_shuffle,20260623T021048_739173,of:0000000000000008:1 -> of:000000000000000b:6,0.001,0.00125,0.001,0.001,1.46,2026-06-23T02:10:48,0.001,1.43
ip_shuffle,20260623T021048_739173,of:0000000000000004:2 -> of:0000000000000009:2,0.002,0.0025,0.002,0.002,1.63,2026-06-23T02:10:48,0.002,1.63
ip_shuffle,20260623T021048_739173,of:0000000000000002:1 -> of:000000000000000b:4,0.002,0.0025,0.002,0.002,2.46,2026-06-23T02:10:48,0.002,2.46
ip_shuffle,20260623T021048_739173,of:0000000000000009:1 -> of:000000000000000c:6,0.001,0.00125,0.001,0.001,1.43,2026-06-23T02:10:48,0.001,1.46
route_mutation,20260623T021146_624238,of:0000000000000004:1 -> of:000000000000000c:4,0.001,0.00125,0.001,0.001,1.46,2026-06-23T02:11:46,0.001,1.53
route_mutation,20260623T021146_624238,of:0000000000000005:1 -> of:000000000000000c:5,0.001,0.00125,0.001,0.001,1.46,2026-06-23T02:11:46,0.001,1.53
route_mutation,20260623T021146_624238,of:000000000000000a:1 -> of:000000000000000d:6,0.002,0.0025,0.002,0.001,1.43,2026-06-23T02:11:46,0.002,1.53
route_mutation,20260623T021146_624238,of:000000000000000b:3 -> of:000000000000000d:2,0.002,0.0025,0.002,0.002,1.7,2026-06-23T02:11:46,0.002,1.7
route_mutation,20260623T021146_624238,of:000000000000000c:3 -> of:000000000000000d:3,0.002,0.0025,0.002,0.002,1.8,2026-06-23T02:11:46,0.002,1.8
route_mutation,20260623T021146_624238,of:0000000000000005:2 -> of:0000000000000009:3,0.002,0.0025,0.002,0.002,1.63,2026-06-23T02:11:46,0.002,1.63
route_mutation,20260623T021146_624238,of:0000000000000001:1 -> of:000000000000000b:1,0.002,0.0025,0.002,0.002,1.5,2026-06-23T02:11:46,0.002,1.53
route_mutation,20260623T021146_624238,of:000000000000000b:2 -> of:000000000000000c:2,0.002,0.0025,0.002,0.002,1.76,2026-06-23T02:11:46,0.002,1.76
route_mutation,20260623T021146_624238,of:0000000000000001:2 -> of:000000000000000c:1,0.002,0.0025,0.002,0.002,1.6,2026-06-23T02:11:46,0.002,1.53
route_mutation,20260623T021146_624238,of:0000000000000006:2 -> of:000000000000000a:2,0.002,0.0025,0.002,0.002,1.63,2026-06-23T02:11:46,0.002,1.63
route_mutation,20260623T021146_624238,of:0000000000000001:3 -> of:000000000000000d:1,0.002,0.0025,0.002,0.002,2.36,2026-06-23T02:11:46,0.002,2.49
route_mutation,20260623T021146_624238,of:0000000000000003:1 -> of:000000000000000b:5,0.002,0.0025,0.002,0.002,1.53,2026-06-23T02:11:46,0.002,1.5
route_mutation,20260623T021146_624238,of:0000000000000006:1 -> of:000000000000000d:4,0.001,0.00125,0.001,0.001,1.46,2026-06-23T02:11:46,0.001,1.56
route_mutation,20260623T021146_624238,of:0000000000000007:2 -> of:000000000000000a:3,0.002,0.0025,0.002,0.002,1.6,2026-06-23T02:11:46,0.002,1.6
route_mutation,20260623T021146_624238,of:0000000000000007:1 -> of:000000000000000d:5,0.002,0.0025,0.002,0.002,2.26,2026-06-23T02:11:46,0.002,2.1
route_mutation,20260623T021146_624238,of:0000000000000002:2 -> of:0000000000000008:2,0.002,0.0025,0.002,0.002,1.63,2026-06-23T02:11:46,0.002,1.63
route_mutation,20260623T021146_624238,of:0000000000000003:2 -> of:0000000000000008:3,0.002,0.0025,0.002,0.002,1.63,2026-06-23T02:11:46,0.002,1.63
route_mutation,20260623T021146_624238,of:0000000000000008:1 -> of:000000000000000b:6,0.001,0.00125,0.001,0.001,1.43,2026-06-23T02:11:46,0.001,1.43
route_mutation,20260623T021146_624238,of:0000000000000004:2 -> of:0000000000000009:2,0.002,0.0025,0.002,0.002,1.63,2026-06-23T02:11:46,0.002,1.63
route_mutation,20260623T021146_624238,of:0000000000000002:1 -> of:000000000000000b:4,0.002,0.0025,0.002,0.002,1.53,2026-06-23T02:11:46,0.002,1.5
route_mutation,20260623T021146_624238,of:0000000000000009:1 -> of:000000000000000c:6,0.002,0.0025,0.002,0.002,1.5,2026-06-23T02:11:46,0.002,1.6
ip_shuffle,20260623T021216_973361,of:0000000000000004:1 -> of:000000000000000c:4,0.002,0.0025,0.002,0.002,2.13,2026-06-23T02:12:16,0.002,2.13
ip_shuffle,20260623T021216_973361,of:0000000000000005:1 -> of:000000000000000c:5,0.002,0.0025,0.002,0.002,1.6,2026-06-23T02:12:16,0.002,1.6
ip_shuffle,20260623T021216_973361,of:000000000000000a:1 -> of:000000000000000d:6,0.001,0.00125,0.001,0.001,1.46,2026-06-23T02:12:16,0.001,1.46
ip_shuffle,20260623T021216_973361,of:000000000000000b:3 -> of:000000000000000d:2,0.002,0.0025,0.002,0.002,1.66,2026-06-23T02:12:16,0.002,1.66
ip_shuffle,20260623T021216_973361,of:000000000000000c:3 -> of:000000000000000d:3,0.002,0.0025,0.002,0.002,1.8,2026-06-23T02:12:16,0.002,1.8
ip_shuffle,20260623T021216_973361,of:0000000000000005:2 -> of:0000000000000009:3,0.002,0.0025,0.002,0.002,1.66,2026-06-23T02:12:16,0.002,1.66
ip_shuffle,20260623T021216_973361,of:0000000000000001:1 -> of:000000000000000b:1,0.003,0.00375,0.003,0.003,3.5,2026-06-23T02:12:16,0.003,3.5
ip_shuffle,20260623T021216_973361,of:000000000000000b:2 -> of:000000000000000c:2,0.002,0.0025,0.002,0.002,1.73,2026-06-23T02:12:16,0.002,1.73
ip_shuffle,20260623T021216_973361,of:0000000000000001:2 -> of:000000000000000c:1,0.002,0.0025,0.002,0.002,2.06,2026-06-23T02:12:16,0.002,2.06
ip_shuffle,20260623T021216_973361,of:0000000000000006:2 -> of:000000000000000a:2,0.002,0.0025,0.002,0.002,1.66,2026-06-23T02:12:16,0.002,1.66
ip_shuffle,20260623T021216_973361,of:0000000000000001:3 -> of:000000000000000d:1,0.002,0.0025,0.002,0.002,1.53,2026-06-23T02:12:16,0.002,1.53
ip_shuffle,20260623T021216_973361,of:0000000000000003:1 -> of:000000000000000b:5,0.002,0.0025,0.002,0.002,2.46,2026-06-23T02:12:16,0.002,2.46
ip_shuffle,20260623T021216_973361,of:0000000000000006:1 -> of:000000000000000d:4,0.002,0.0025,0.002,0.002,1.53,2026-06-23T02:12:16,0.002,1.53
ip_shuffle,20260623T021216_973361,of:0000000000000007:2 -> of:000000000000000a:3,0.002,0.0025,0.002,0.002,1.66,2026-06-23T02:12:16,0.002,1.66
ip_shuffle,20260623T021216_973361,of:0000000000000007:1 -> of:000000000000000d:5,0.002,0.0025,0.002,0.002,1.53,2026-06-23T02:12:16,0.002,1.53
ip_shuffle,20260623T021216_973361,of:0000000000000002:2 -> of:0000000000000008:2,0.002,0.0025,0.002,0.002,1.73,2026-06-23T02:12:16,0.002,1.73
ip_shuffle,20260623T021216_973361,of:0000000000000003:2 -> of:0000000000000008:3,0.002,0.0025,0.002,0.002,1.73,2026-06-23T02:12:16,0.002,1.73
ip_shuffle,20260623T021216_973361,of:0000000000000008:1 -> of:000000000000000b:6,0.001,0.00125,0.001,0.001,1.46,2026-06-23T02:12:16,0.001,1.46
ip_shuffle,20260623T021216_973361,of:0000000000000004:2 -> of:0000000000000009:2,0.002,0.0025,0.002,0.002,1.66,2026-06-23T02:12:16,0.002,1.66
ip_shuffle,20260623T021216_973361,of:0000000000000002:1 -> of:000000000000000b:4,0.002,0.0025,0.002,0.002,2.5,2026-06-23T02:12:16,0.002,2.5
ip_shuffle,20260623T021216_973361,of:0000000000000009:1 -> of:000000000000000c:6,0.002,0.0025,0.002,0.002,1.53,2026-06-23T02:12:16,0.002,1.53
ip_shuffle,20260623T021314_587830,of:0000000000000004:1 -> of:000000000000000c:4,0.002,0.0025,0.002,0.002,1.9,2026-06-23T02:13:14,0.002,1.83
ip_shuffle,20260623T021314_587830,of:0000000000000005:1 -> of:000000000000000c:5,0.002,0.0025,0.002,0.002,1.9,2026-06-23T02:13:14,0.002,1.83
ip_shuffle,20260623T021314_587830,of:000000000000000a:1 -> of:000000000000000d:6,0.002,0.0025,0.002,0.002,1.9,2026-06-23T02:13:14,0.002,1.93
ip_shuffle,20260623T021314_587830,of:000000000000000b:3 -> of:000000000000000d:2,0.002,0.0025,0.002,0.002,2.5,2026-06-23T02:13:14,0.002,2.53
ip_shuffle,20260623T021314_587830,of:000000000000000c:3 -> of:000000000000000d:3,0.002,0.0025,0.002,0.002,2.5,2026-06-23T02:13:14,0.002,2.5
ip_shuffle,20260623T021314_587830,of:0000000000000005:2 -> of:0000000000000009:3,0.002,0.0025,0.002,0.002,2.5,2026-06-23T02:13:14,0.002,2.5
ip_shuffle,20260623T021314_587830,of:0000000000000001:1 -> of:000000000000000b:1,0.002,0.0025,0.002,0.002,1.9,2026-06-23T02:13:14,0.002,1.96
ip_shuffle,20260623T021314_587830,of:000000000000000b:2 -> of:000000000000000c:2,0.002,0.0025,0.002,0.002,2.5,2026-06-23T02:13:14,0.002,2.5
ip_shuffle,20260623T021314_587830,of:0000000000000001:2 -> of:000000000000000c:1,0.002,0.0025,0.002,0.002,1.9,2026-06-23T02:13:14,0.002,1.96
ip_shuffle,20260623T021314_587830,of:0000000000000006:2 -> of:000000000000000a:2,0.002,0.0025,0.002,0.002,2.46,2026-06-23T02:13:14,0.002,2.46
ip_shuffle,20260623T021314_587830,of:0000000000000001:3 -> of:000000000000000d:1,0.003,0.00375,0.003,0.003,3.46,2026-06-23T02:13:14,0.003,3.46
ip_shuffle,20260623T021314_587830,of:0000000000000003:1 -> of:000000000000000b:5,0.002,0.0025,0.002,0.002,1.96,2026-06-23T02:13:14,0.002,1.93
ip_shuffle,20260623T021314_587830,of:0000000000000006:1 -> of:000000000000000d:4,0.002,0.0025,0.002,0.002,2.03,2026-06-23T02:13:14,0.002,2.03
ip_shuffle,20260623T021314_587830,of:0000000000000007:2 -> of:000000000000000a:3,0.002,0.0025,0.002,0.002,2.46,2026-06-23T02:13:14,0.002,2.46
ip_shuffle,20260623T021314_587830,of:0000000000000007:1 -> of:000000000000000d:5,0.003,0.00375,0.003,0.003,3.13,2026-06-23T02:13:14,0.003,3.16
ip_shuffle,20260623T021314_587830,of:0000000000000002:2 -> of:0000000000000008:2,0.002,0.0025,0.002,0.002,2.56,2026-06-23T02:13:14,0.002,2.56
ip_shuffle,20260623T021314_587830,of:0000000000000003:2 -> of:0000000000000008:3,0.002,0.0025,0.002,0.002,2.56,2026-06-23T02:13:14,0.002,2.56
ip_shuffle,20260623T021314_587830,of:0000000000000008:1 -> of:000000000000000b:6,0.002,0.0025,0.002,0.002,1.93,2026-06-23T02:13:14,0.002,1.93
ip_shuffle,20260623T021314_587830,of:0000000000000004:2 -> of:0000000000000009:2,0.002,0.0025,0.002,0.002,2.5,2026-06-23T02:13:14,0.002,2.5
ip_shuffle,20260623T021314_587830,of:0000000000000002:1 -> of:000000000000000b:4,0.002,0.0025,0.002,0.002,1.96,2026-06-23T02:13:14,0.002,1.93
ip_shuffle,20260623T021314_587830,of:0000000000000009:1 -> of:000000000000000c:6,0.002,0.0025,0.002,0.002,1.93,2026-06-23T02:13:14,0.002,1.9
ip_shuffle,20260623T021412_517622,of:0000000000000004:1 -> of:000000000000000c:4,0.002,0.0025,0.002,0.002,2.36,2026-06-23T02:14:12,0.002,2.36
ip_shuffle,20260623T021412_517622,of:0000000000000005:1 -> of:000000000000000c:5,0.002,0.0025,0.002,0.002,2.36,2026-06-23T02:14:12,0.002,2.36
ip_shuffle,20260623T021412_517622,of:000000000000000a:1 -> of:000000000000000d:6,0.002,0.0025,0.002,0.002,1.6,2026-06-23T02:14:12,0.002,1.53
ip_shuffle,20260623T021412_517622,of:000000000000000b:3 -> of:000000000000000d:2,0.002,0.0025,0.002,0.002,1.76,2026-06-23T02:14:12,0.002,1.76
ip_shuffle,20260623T021412_517622,of:000000000000000c:3 -> of:000000000000000d:3,0.002,0.0025,0.002,0.002,1.76,2026-06-23T02:14:12,0.002,1.76
ip_shuffle,20260623T021412_517622,of:0000000000000005:2 -> of:0000000000000009:3,0.002,0.0025,0.002,0.002,1.76,2026-06-23T02:14:12,0.002,1.76
ip_shuffle,20260623T021412_517622,of:0000000000000001:1 -> of:000000000000000b:1,0.002,0.0025,0.002,0.002,2.56,2026-06-23T02:14:12,0.002,2.56
ip_shuffle,20260623T021412_517622,of:000000000000000b:2 -> of:000000000000000c:2,0.002,0.0025,0.002,0.002,1.76,2026-06-23T02:14:12,0.002,1.76
ip_shuffle,20260623T021412_517622,of:0000000000000001:2 -> of:000000000000000c:1,0.003,0.00375,0.003,0.003,3.1,2026-06-23T02:14:12,0.003,3.1
ip_shuffle,20260623T021412_517622,of:0000000000000006:2 -> of:000000000000000a:2,0.002,0.0025,0.002,0.002,1.76,2026-06-23T02:14:12,0.002,1.76
ip_shuffle,20260623T021412_517622,of:0000000000000001:3 -> of:000000000000000d:1,0.002,0.0025,0.002,0.002,1.8,2026-06-23T02:14:12,0.002,1.73
ip_shuffle,20260623T021412_517622,of:0000000000000003:1 -> of:000000000000000b:5,0.002,0.0025,0.002,0.002,2.56,2026-06-23T02:14:12,0.002,2.56
ip_shuffle,20260623T021412_517622,of:0000000000000006:1 -> of:000000000000000d:4,0.002,0.0025,0.002,0.002,1.8,2026-06-23T02:14:12,0.002,1.86
ip_shuffle,20260623T021412_517622,of:0000000000000007:2 -> of:000000000000000a:3,0.002,0.0025,0.002,0.002,1.76,2026-06-23T02:14:12,0.002,1.73
ip_shuffle,20260623T021412_517622,of:0000000000000007:1 -> of:000000000000000d:5,0.002,0.0025,0.002,0.002,1.6,2026-06-23T02:14:12,0.002,1.56
ip_shuffle,20260623T021412_517622,of:0000000000000002:2 -> of:0000000000000008:2,0.002,0.0025,0.002,0.002,1.76,2026-06-23T02:14:12,0.002,1.76
ip_shuffle,20260623T021412_517622,of:0000000000000003:2 -> of:0000000000000008:3,0.002,0.0025,0.002,0.002,1.76,2026-06-23T02:14:12,0.002,1.76
ip_shuffle,20260623T021412_517622,of:0000000000000008:1 -> of:000000000000000b:6,0.002,0.0025,0.002,0.002,1.56,2026-06-23T02:14:12,0.002,1.53
ip_shuffle,20260623T021412_517622,of:0000000000000004:2 -> of:0000000000000009:2,0.002,0.0025,0.002,0.002,1.76,2026-06-23T02:14:12,0.002,1.76
ip_shuffle,20260623T021412_517622,of:0000000000000002:1 -> of:000000000000000b:4,0.002,0.0025,0.002,0.002,1.6,2026-06-23T02:14:12,0.002,1.6
ip_shuffle,20260623T021412_517622,of:0000000000000009:1 -> of:000000000000000c:6,0.002,0.0025,0.002,0.002,1.56,2026-06-23T02:14:12,0.002,1.56
ip_shuffle,20260623T021510_143264,of:0000000000000004:1 -> of:000000000000000c:4,0.002,0.0025,0.002,0.002,1.6,2026-06-23T02:15:10,0.002,1.56
ip_shuffle,20260623T021510_143264,of:0000000000000005:1 -> of:000000000000000c:5,0.002,0.0025,0.002,0.002,1.6,2026-06-23T02:15:10,0.002,1.56
ip_shuffle,20260623T021510_143264,of:000000000000000a:1 -> of:000000000000000d:6,0.002,0.0025,0.002,0.002,1.56,2026-06-23T02:15:10,0.002,1.7
ip_shuffle,20260623T021510_143264,of:000000000000000b:3 -> of:000000000000000d:2,0.002,0.0025,0.002,0.002,2.0,2026-06-23T02:15:10,0.002,2.0
ip_shuffle,20260623T021510_143264,of:000000000000000c:3 -> of:000000000000000d:3,0.002,0.0025,0.002,0.002,2.0,2026-06-23T02:15:10,0.002,2.0
ip_shuffle,20260623T021510_143264,of:0000000000000005:2 -> of:0000000000000009:3,0.002,0.0025,0.002,0.002,1.9,2026-06-23T02:15:10,0.002,1.9
ip_shuffle,20260623T021510_143264,of:0000000000000001:1 -> of:000000000000000b:1,0.002,0.0025,0.002,0.002,1.56,2026-06-23T02:15:10,0.002,1.6
ip_shuffle,20260623T021510_143264,of:000000000000000b:2 -> of:000000000000000c:2,0.002,0.0025,0.002,0.002,1.8,2026-06-23T02:15:10,0.002,1.8
ip_shuffle,20260623T021510_143264,of:0000000000000001:2 -> of:000000000000000c:1,0.002,0.0025,0.002,0.002,1.56,2026-06-23T02:15:10,0.002,1.6
ip_shuffle,20260623T021510_143264,of:0000000000000006:2 -> of:000000000000000a:2,0.002,0.0025,0.002,0.002,1.9,2026-06-23T02:15:10,0.002,1.9
ip_shuffle,20260623T021510_143264,of:0000000000000001:3 -> of:000000000000000d:1,0.003,0.00375,0.003,0.002,2.86,2026-06-23T02:15:10,0.003,3.0
ip_shuffle,20260623T021510_143264,of:0000000000000003:1 -> of:000000000000000b:5,0.002,0.0025,0.002,0.002,1.6,2026-06-23T02:15:10,0.002,1.56
ip_shuffle,20260623T021510_143264,of:0000000000000006:1 -> of:000000000000000d:4,0.002,0.0025,0.002,0.002,1.66,2026-06-23T02:15:10,0.002,1.76
ip_shuffle,20260623T021510_143264,of:0000000000000007:2 -> of:000000000000000a:3,0.002,0.0025,0.002,0.002,1.86,2026-06-23T02:15:10,0.002,1.86
ip_shuffle,20260623T021510_143264,of:0000000000000007:1 -> of:000000000000000d:5,0.003,0.00375,0.003,0.003,3.0,2026-06-23T02:15:10,0.002,2.83
ip_shuffle,20260623T021510_143264,of:0000000000000002:2 -> of:0000000000000008:2,0.002,0.0025,0.002,0.002,1.9,2026-06-23T02:15:10,0.002,1.9
ip_shuffle,20260623T021510_143264,of:0000000000000003:2 -> of:0000000000000008:3,0.002,0.0025,0.002,0.002,1.9,2026-06-23T02:15:10,0.002,1.9
ip_shuffle,20260623T021510_143264,of:0000000000000008:1 -> of:000000000000000b:6,0.001,0.00125,0.001,0.001,1.5,2026-06-23T02:15:10,0.001,1.5
ip_shuffle,20260623T021510_143264,of:0000000000000004:2 -> of:0000000000000009:2,0.002,0.0025,0.002,0.002,1.9,2026-06-23T02:15:10,0.002,1.9
ip_shuffle,20260623T021510_143264,of:0000000000000002:1 -> of:000000000000000b:4,0.002,0.0025,0.002,0.002,1.6,2026-06-23T02:15:10,0.002,1.56
ip_shuffle,20260623T021510_143264,of:0000000000000009:1 -> of:000000000000000c:6,0.001,0.00125,0.001,0.001,1.5,2026-06-23T02:15:10,0.001,1.5
ip_shuffle,20260623T021607_817171,of:0000000000000004:1 -> of:000000000000000c:4,0.002,0.0025,0.002,0.002,2.5,2026-06-23T02:16:07,0.002,2.5
ip_shuffle,20260623T021607_817171,of:0000000000000005:1 -> of:000000000000000c:5,0.002,0.0025,0.002,0.002,2.5,2026-06-23T02:16:07,0.002,2.5
ip_shuffle,20260623T021607_817171,of:000000000000000a:1 -> of:000000000000000d:6,0.002,0.0025,0.002,0.002,1.76,2026-06-23T02:16:07,0.002,1.8
ip_shuffle,20260623T021607_817171,of:000000000000000b:3 -> of:000000000000000d:2,0.002,0.0025,0.002,0.002,2.23,2026-06-23T02:16:07,0.002,2.23
ip_shuffle,20260623T021607_817171,of:000000000000000c:3 -> of:000000000000000d:3,0.002,0.0025,0.002,0.002,2.23,2026-06-23T02:16:07,0.002,2.23
ip_shuffle,20260623T021607_817171,of:0000000000000005:2 -> of:0000000000000009:3,0.002,0.0025,0.002,0.002,2.16,2026-06-23T02:16:07,0.002,2.16
ip_shuffle,20260623T021607_817171,of:0000000000000001:1 -> of:000000000000000b:1,0.002,0.0025,0.002,0.002,2.0,2026-06-23T02:16:07,0.002,1.9
ip_shuffle,20260623T021607_817171,of:000000000000000b:2 -> of:000000000000000c:2,0.002,0.0025,0.002,0.002,2.2,2026-06-23T02:16:07,0.002,2.2
ip_shuffle,20260623T021607_817171,of:0000000000000001:2 -> of:000000000000000c:1,0.003,0.00375,0.003,0.003,3.36,2026-06-23T02:16:07,0.003,3.4
ip_shuffle,20260623T021607_817171,of:0000000000000006:2 -> of:000000000000000a:2,0.002,0.0025,0.002,0.002,2.13,2026-06-23T02:16:07,0.002,2.13
ip_shuffle,20260623T021607_817171,of:0000000000000001:3 -> of:000000000000000d:1,0.003,0.00375,0.003,0.002,2.8,2026-06-23T02:16:07,0.003,2.96
ip_shuffle,20260623T021607_817171,of:0000000000000003:1 -> of:000000000000000b:5,0.002,0.0025,0.002,0.002,1.83,2026-06-23T02:16:07,0.002,1.93
ip_shuffle,20260623T021607_817171,of:0000000000000006:1 -> of:000000000000000d:4,0.002,0.0025,0.002,0.002,2.76,2026-06-23T02:16:07,0.002,2.8
ip_shuffle,20260623T021607_817171,of:0000000000000007:2 -> of:000000000000000a:3,0.002,0.0025,0.002,0.002,2.23,2026-06-23T02:16:07,0.002,2.23
ip_shuffle,20260623T021607_817171,of:0000000000000007:1 -> of:000000000000000d:5,0.002,0.0025,0.002,0.002,1.9,2026-06-23T02:16:07,0.002,1.83
ip_shuffle,20260623T021607_817171,of:0000000000000002:2 -> of:0000000000000008:2,0.002,0.0025,0.002,0.002,2.2,2026-06-23T02:16:07,0.002,2.2
ip_shuffle,20260623T021607_817171,of:0000000000000003:2 -> of:0000000000000008:3,0.002,0.0025,0.002,0.002,2.2,2026-06-23T02:16:07,0.002,2.2
ip_shuffle,20260623T021607_817171,of:0000000000000008:1 -> of:000000000000000b:6,0.002,0.0025,0.002,0.002,1.8,2026-06-23T02:16:07,0.002,1.76
ip_shuffle,20260623T021607_817171,of:0000000000000004:2 -> of:0000000000000009:2,0.002,0.0025,0.002,0.002,2.16,2026-06-23T02:16:07,0.002,2.16
ip_shuffle,20260623T021607_817171,of:0000000000000002:1 -> of:000000000000000b:4,0.002,0.0025,0.002,0.002,1.73,2026-06-23T02:16:07,0.002,1.7
ip_shuffle,20260623T021607_817171,of:0000000000000009:1 -> of:000000000000000c:6,0.002,0.0025,0.002,0.002,1.8,2026-06-23T02:16:07,0.002,1.76
route_mutation,20260623T021712_072053,of:0000000000000004:1 -> of:000000000000000c:4,0.002,0.0025,0.002,0.002,1.43,2026-06-23T02:17:12,0.002,1.43
route_mutation,20260623T021712_072053,of:0000000000000005:1 -> of:000000000000000c:5,0.002,0.0025,0.002,0.002,1.43,2026-06-23T02:17:12,0.002,1.43
route_mutation,20260623T021712_072053,of:000000000000000a:1 -> of:000000000000000d:6,0.001,0.00125,0.001,0.001,1.36,2026-06-23T02:17:12,0.001,1.36
route_mutation,20260623T021712_072053,of:000000000000000b:3 -> of:000000000000000d:2,0.001,0.00125,0.001,0.001,1.46,2026-06-23T02:17:12,0.001,1.46
route_mutation,20260623T021712_072053,of:000000000000000c:3 -> of:000000000000000d:3,0.001,0.00125,0.001,0.001,1.46,2026-06-23T02:17:12,0.001,1.46
route_mutation,20260623T021712_072053,of:0000000000000005:2 -> of:0000000000000009:3,0.002,0.0025,0.002,0.002,1.53,2026-06-23T02:17:12,0.002,1.53
route_mutation,20260623T021712_072053,of:0000000000000001:1 -> of:000000000000000b:1,0.003,0.00375,0.003,0.003,2.73,2026-06-23T02:17:12,0.003,2.73
route_mutation,20260623T021712_072053,of:000000000000000b:2 -> of:000000000000000c:2,0.002,0.0025,0.002,0.002,1.53,2026-06-23T02:17:12,0.002,1.53
route_mutation,20260623T021712_072053,of:0000000000000001:2 -> of:000000000000000c:1,0.001,0.00125,0.001,0.001,1.36,2026-06-23T02:17:12,0.001,1.36
route_mutation,20260623T021712_072053,of:0000000000000006:2 -> of:000000000000000a:2,0.002,0.0025,0.002,0.002,1.53,2026-06-23T02:17:12,0.002,1.53
route_mutation,20260623T021712_072053,of:0000000000000001:3 -> of:000000000000000d:1,0.001,0.00125,0.001,0.001,1.3,2026-06-23T02:17:12,0.001,1.3
route_mutation,20260623T021712_072053,of:0000000000000003:1 -> of:000000000000000b:5,0.002,0.0025,0.002,0.002,1.76,2026-06-23T02:17:12,0.002,1.76
route_mutation,20260623T021712_072053,of:0000000000000006:1 -> of:000000000000000d:4,0.001,0.00125,0.001,0.001,1.36,2026-06-23T02:17:12,0.001,1.36
route_mutation,20260623T021712_072053,of:0000000000000007:2 -> of:000000000000000a:3,0.002,0.0025,0.002,0.002,1.53,2026-06-23T02:17:12,0.002,1.53
route_mutation,20260623T021712_072053,of:0000000000000007:1 -> of:000000000000000d:5,0.001,0.00125,0.001,0.001,1.36,2026-06-23T02:17:12,0.001,1.36
route_mutation,20260623T021712_072053,of:0000000000000002:2 -> of:0000000000000008:2,0.002,0.0025,0.002,0.002,1.53,2026-06-23T02:17:12,0.002,1.53
route_mutation,20260623T021712_072053,of:0000000000000003:2 -> of:0000000000000008:3,0.002,0.0025,0.002,0.002,1.53,2026-06-23T02:17:12,0.002,1.53
route_mutation,20260623T021712_072053,of:0000000000000008:1 -> of:000000000000000b:6,0.002,0.0025,0.002,0.002,1.43,2026-06-23T02:17:12,0.002,1.43
route_mutation,20260623T021712_072053,of:0000000000000004:2 -> of:0000000000000009:2,0.002,0.0025,0.002,0.002,1.53,2026-06-23T02:17:12,0.002,1.53
route_mutation,20260623T021712_072053,of:0000000000000002:1 -> of:000000000000000b:4,0.002,0.0025,0.002,0.002,2.46,2026-06-23T02:17:12,0.002,2.46
route_mutation,20260623T021712_072053,of:0000000000000009:1 -> of:000000000000000c:6,0.002,0.0025,0.002,0.002,1.43,2026-06-23T02:17:12,0.002,1.43
route_mutation,20260623T021742_458213,of:0000000000000004:1 -> of:000000000000000c:4,0.002,0.0025,0.002,0.002,2.36,2026-06-23T02:17:42,0.002,2.42
route_mutation,20260623T021742_458213,of:0000000000000005:1 -> of:000000000000000c:5,0.002,0.0025,0.002,0.002,2.36,2026-06-23T02:17:42,0.002,2.42
route_mutation,20260623T021742_458213,of:000000000000000a:1 -> of:000000000000000d:6,0.002,0.0025,0.002,0.002,1.66,2026-06-23T02:17:42,0.002,1.69
route_mutation,20260623T021742_458213,of:000000000000000b:3 -> of:000000000000000d:2,0.002,0.0025,0.002,0.002,2.02,2026-06-23T02:17:42,0.002,2.02
route_mutation,20260623T021742_458213,of:000000000000000c:3 -> of:000000000000000d:3,0.002,0.0025,0.002,0.002,2.06,2026-06-23T02:17:42,0.002,2.06
route_mutation,20260623T021742_458213,of:0000000000000005:2 -> of:0000000000000009:3,0.002,0.0025,0.002,0.002,1.89,2026-06-23T02:17:42,0.002,1.89
route_mutation,20260623T021742_458213,of:0000000000000001:1 -> of:000000000000000b:1,0.002,0.0025,0.002,0.002,2.36,2026-06-23T02:17:42,0.002,2.32
route_mutation,20260623T021742_458213,of:000000000000000b:2 -> of:000000000000000c:2,0.002,0.0025,0.002,0.002,2.02,2026-06-23T02:17:42,0.002,2.02
route_mutation,20260623T021742_458213,of:0000000000000001:2 -> of:000000000000000c:1,0.003,0.00375,0.003,0.003,3.29,2026-06-23T02:17:42,0.003,3.22
route_mutation,20260623T021742_458213,of:0000000000000006:2 -> of:000000000000000a:2,0.002,0.0025,0.002,0.002,1.93,2026-06-23T02:17:42,0.002,1.93
route_mutation,20260623T021742_458213,of:0000000000000001:3 -> of:000000000000000d:1,0.002,0.0025,0.002,0.002,2.32,2026-06-23T02:17:42,0.002,2.36
route_mutation,20260623T021742_458213,of:0000000000000003:1 -> of:000000000000000b:5,0.002,0.0025,0.002,0.002,2.26,2026-06-23T02:17:42,0.002,2.29
route_mutation,20260623T021742_458213,of:0000000000000006:1 -> of:000000000000000d:4,0.002,0.0025,0.002,0.002,2.36,2026-06-23T02:17:42,0.002,2.32
route_mutation,20260623T021742_458213,of:0000000000000007:2 -> of:000000000000000a:3,0.002,0.0025,0.002,0.002,1.99,2026-06-23T02:17:42,0.002,1.99
route_mutation,20260623T021742_458213,of:0000000000000007:1 -> of:000000000000000d:5,0.002,0.0025,0.002,0.002,1.66,2026-06-23T02:17:42,0.002,1.69
route_mutation,20260623T021742_458213,of:0000000000000002:2 -> of:0000000000000008:2,0.002,0.0025,0.002,0.002,1.89,2026-06-23T02:17:42,0.002,1.89
route_mutation,20260623T021742_458213,of:0000000000000003:2 -> of:0000000000000008:3,0.002,0.0025,0.002,0.002,1.89,2026-06-23T02:17:42,0.002,1.89
route_mutation,20260623T021742_458213,of:0000000000000008:1 -> of:000000000000000b:6,0.002,0.0025,0.002,0.002,1.66,2026-06-23T02:17:42,0.002,1.66
route_mutation,20260623T021742_458213,of:0000000000000004:2 -> of:0000000000000009:2,0.002,0.0025,0.002,0.002,1.89,2026-06-23T02:17:42,0.002,1.89
route_mutation,20260623T021742_458213,of:0000000000000002:1 -> of:000000000000000b:4,0.002,0.0025,0.002,0.002,1.56,2026-06-23T02:17:42,0.002,1.59
route_mutation,20260623T021742_458213,of:0000000000000009:1 -> of:000000000000000c:6,0.002,0.0025,0.002,0.002,1.66,2026-06-23T02:17:42,0.002,1.69
ip_shuffle,20260623T021812_775796,of:0000000000000004:1 -> of:000000000000000c:4,0.002,0.0025,0.002,0.002,1.96,2026-06-23T02:18:12,0.002,1.9
ip_shuffle,20260623T021812_775796,of:0000000000000005:1 -> of:000000000000000c:5,0.002,0.0025,0.002,0.002,1.96,2026-06-23T02:18:12,0.002,1.9
ip_shuffle,20260623T021812_775796,of:000000000000000a:1 -> of:000000000000000d:6,0.002,0.0025,0.002,0.002,1.93,2026-06-23T02:18:12,0.002,1.9
ip_shuffle,20260623T021812_775796,of:000000000000000b:3 -> of:000000000000000d:2,0.002,0.0025,0.002,0.002,2.56,2026-06-23T02:18:12,0.002,2.56
ip_shuffle,20260623T021812_775796,of:000000000000000c:3 -> of:000000000000000d:3,0.002,0.0025,0.002,0.002,2.53,2026-06-23T02:18:12,0.002,2.53
ip_shuffle,20260623T021812_775796,of:0000000000000005:2 -> of:0000000000000009:3,0.002,0.0025,0.002,0.002,2.63,2026-06-23T02:18:12,0.002,2.63
ip_shuffle,20260623T021812_775796,of:0000000000000001:1 -> of:000000000000000b:1,0.002,0.0025,0.002,0.002,1.93,2026-06-23T02:18:12,0.002,1.96
ip_shuffle,20260623T021812_775796,of:000000000000000b:2 -> of:000000000000000c:2,0.002,0.0025,0.002,0.002,2.49,2026-06-23T02:18:12,0.002,2.49
ip_shuffle,20260623T021812_775796,of:0000000000000001:2 -> of:000000000000000c:1,0.002,0.0025,0.002,0.002,1.9,2026-06-23T02:18:12,0.002,1.96
ip_shuffle,20260623T021812_775796,of:0000000000000006:2 -> of:000000000000000a:2,0.002,0.0025,0.002,0.002,2.59,2026-06-23T02:18:12,0.002,2.59
ip_shuffle,20260623T021812_775796,of:0000000000000001:3 -> of:000000000000000d:1,0.003,0.00375,0.003,0.003,3.92,2026-06-23T02:18:12,0.003,3.89
ip_shuffle,20260623T021812_775796,of:0000000000000003:1 -> of:000000000000000b:5,0.002,0.0025,0.002,0.002,1.96,2026-06-23T02:18:12,0.002,1.93
ip_shuffle,20260623T021812_775796,of:0000000000000006:1 -> of:000000000000000d:4,0.002,0.0025,0.002,0.002,2.43,2026-06-23T02:18:12,0.002,2.46
ip_shuffle,20260623T021812_775796,of:0000000000000007:2 -> of:000000000000000a:3,0.002,0.0025,0.002,0.002,2.53,2026-06-23T02:18:12,0.002,2.53
ip_shuffle,20260623T021812_775796,of:0000000000000007:1 -> of:000000000000000d:5,0.003,0.00375,0.003,0.003,3.33,2026-06-23T02:18:12,0.003,3.29
ip_shuffle,20260623T021812_775796,of:0000000000000002:2 -> of:0000000000000008:2,0.002,0.0025,0.002,0.002,2.63,2026-06-23T02:18:12,0.002,2.63
ip_shuffle,20260623T021812_775796,of:0000000000000003:2 -> of:0000000000000008:3,0.002,0.0025,0.002,0.002,2.63,2026-06-23T02:18:12,0.002,2.63
ip_shuffle,20260623T021812_775796,of:0000000000000008:1 -> of:000000000000000b:6,0.002,0.0025,0.002,0.002,1.86,2026-06-23T02:18:12,0.002,1.86
ip_shuffle,20260623T021812_775796,of:0000000000000004:2 -> of:0000000000000009:2,0.002,0.0025,0.002,0.002,2.63,2026-06-23T02:18:12,0.002,2.63
ip_shuffle,20260623T021812_775796,of:0000000000000002:1 -> of:000000000000000b:4,0.002,0.0025,0.002,0.002,1.96,2026-06-23T02:18:12,0.002,1.93
ip_shuffle,20260623T021812_775796,of:0000000000000009:1 -> of:000000000000000c:6,0.002,0.0025,0.002,0.002,1.86,2026-06-23T02:18:12,0.002,1.83
route_mutation,20260623T021910_453138,of:0000000000000004:1 -> of:000000000000000c:4,0.002,0.0025,0.002,0.002,2.23,2026-06-23T02:19:10,0.002,2.26
route_mutation,20260623T021910_453138,of:0000000000000005:1 -> of:000000000000000c:5,0.002,0.0025,0.002,0.002,2.23,2026-06-23T02:19:10,0.002,2.26
route_mutation,20260623T021910_453138,of:000000000000000a:1 -> of:000000000000000d:6,0.002,0.0025,0.002,0.002,1.53,2026-06-23T02:19:10,0.002,1.56
route_mutation,20260623T021910_453138,of:000000000000000b:3 -> of:000000000000000d:2,0.002,0.0025,0.002,0.002,1.76,2026-06-23T02:19:10,0.002,1.76
route_mutation,20260623T021910_453138,of:000000000000000c:3 -> of:000000000000000d:3,0.002,0.0025,0.002,0.002,1.79,2026-06-23T02:19:10,0.002,1.76
route_mutation,20260623T021910_453138,of:0000000000000005:2 -> of:0000000000000009:3,0.002,0.0025,0.002,0.002,1.63,2026-06-23T02:19:10,0.002,1.63
route_mutation,20260623T021910_453138,of:0000000000000001:1 -> of:000000000000000b:1,0.003,0.00375,0.003,0.003,2.92,2026-06-23T02:19:10,0.003,2.89
route_mutation,20260623T021910_453138,of:000000000000000b:2 -> of:000000000000000c:2,0.002,0.0025,0.002,0.002,1.73,2026-06-23T02:19:10,0.002,1.73
route_mutation,20260623T021910_453138,of:0000000000000001:2 -> of:000000000000000c:1,0.003,0.00375,0.003,0.003,3.06,2026-06-23T02:19:10,0.003,3.02
route_mutation,20260623T021910_453138,of:0000000000000006:2 -> of:000000000000000a:2,0.002,0.0025,0.002,0.002,1.73,2026-06-23T02:19:10,0.002,1.73
route_mutation,20260623T021910_453138,of:0000000000000001:3 -> of:000000000000000d:1,0.002,0.0025,0.002,0.002,1.69,2026-06-23T02:19:10,0.002,1.79
route_mutation,20260623T021910_453138,of:0000000000000003:1 -> of:000000000000000b:5,0.002,0.0025,0.002,0.002,2.46,2026-06-23T02:19:10,0.002,2.49
route_mutation,20260623T021910_453138,of:0000000000000006:1 -> of:000000000000000d:4,0.002,0.0025,0.002,0.002,1.86,2026-06-23T02:19:10,0.002,1.79
route_mutation,20260623T021910_453138,of:0000000000000007:2 -> of:000000000000000a:3,0.002,0.0025,0.002,0.002,1.73,2026-06-23T02:19:10,0.002,1.73
route_mutation,20260623T021910_453138,of:0000000000000007:1 -> of:000000000000000d:5,0.002,0.0025,0.002,0.002,1.53,2026-06-23T02:19:10,0.002,1.56
route_mutation,20260623T021910_453138,of:0000000000000002:2 -> of:0000000000000008:2,0.002,0.0025,0.002,0.002,1.63,2026-06-23T02:19:10,0.002,1.63
route_mutation,20260623T021910_453138,of:0000000000000003:2 -> of:0000000000000008:3,0.002,0.0025,0.002,0.002,1.63,2026-06-23T02:19:10,0.002,1.63
route_mutation,20260623T021910_453138,of:0000000000000008:1 -> of:000000000000000b:6,0.002,0.0025,0.002,0.002,1.53,2026-06-23T02:19:10,0.002,1.53
route_mutation,20260623T021910_453138,of:0000000000000004:2 -> of:0000000000000009:2,0.002,0.0025,0.002,0.002,1.63,2026-06-23T02:19:10,0.002,1.63
route_mutation,20260623T021910_453138,of:0000000000000002:1 -> of:000000000000000b:4,0.002,0.0025,0.002,0.002,1.86,2026-06-23T02:19:10,0.002,1.89
route_mutation,20260623T021910_453138,of:0000000000000009:1 -> of:000000000000000c:6,0.002,0.0025,0.002,0.002,1.53,2026-06-23T02:19:10,0.002,1.53
ip_shuffle,20260623T021940_799608,of:0000000000000004:1 -> of:000000000000000c:4,0.002,0.0025,0.002,0.002,2.23,2026-06-23T02:19:40,0.002,2.23
ip_shuffle,20260623T021940_799608,of:0000000000000005:1 -> of:000000000000000c:5,0.002,0.0025,0.002,0.002,2.23,2026-06-23T02:19:40,0.002,2.23
ip_shuffle,20260623T021940_799608,of:000000000000000a:1 -> of:000000000000000d:6,0.002,0.0025,0.002,0.002,2.16,2026-06-23T02:19:40,0.002,2.13
ip_shuffle,20260623T021940_799608,of:000000000000000b:3 -> of:000000000000000d:2,0.002,0.0025,0.002,0.002,3.02,2026-06-23T02:19:40,0.002,3.02
ip_shuffle,20260623T021940_799608,of:000000000000000c:3 -> of:000000000000000d:3,0.002,0.0025,0.002,0.002,3.06,2026-06-23T02:19:40,0.002,3.09
ip_shuffle,20260623T021940_799608,of:0000000000000005:2 -> of:0000000000000009:3,0.002,0.0025,0.002,0.002,3.06,2026-06-23T02:19:40,0.002,3.06
ip_shuffle,20260623T021940_799608,of:0000000000000001:1 -> of:000000000000000b:1,0.002,0.0025,0.002,0.002,2.16,2026-06-23T02:19:40,0.002,2.16
ip_shuffle,20260623T021940_799608,of:000000000000000b:2 -> of:000000000000000c:2,0.002,0.0025,0.002,0.002,3.06,2026-06-23T02:19:40,0.002,3.06
ip_shuffle,20260623T021940_799608,of:0000000000000001:2 -> of:000000000000000c:1,0.002,0.0025,0.002,0.002,2.23,2026-06-23T02:19:40,0.002,2.23
ip_shuffle,20260623T021940_799608,of:0000000000000006:2 -> of:000000000000000a:2,0.002,0.0025,0.002,0.002,2.99,2026-06-23T02:19:40,0.002,2.99
ip_shuffle,20260623T021940_799608,of:0000000000000001:3 -> of:000000000000000d:1,0.003,0.00375,0.003,0.003,4.42,2026-06-23T02:19:40,0.003,4.42
ip_shuffle,20260623T021940_799608,of:0000000000000003:1 -> of:000000000000000b:5,0.002,0.0025,0.002,0.002,2.16,2026-06-23T02:19:40,0.002,2.16
ip_shuffle,20260623T021940_799608,of:0000000000000006:1 -> of:000000000000000d:4,0.002,0.0025,0.002,0.002,3.02,2026-06-23T02:19:40,0.002,3.09
ip_shuffle,20260623T021940_799608,of:0000000000000007:2 -> of:000000000000000a:3,0.002,0.0025,0.002,0.002,2.99,2026-06-23T02:19:40,0.002,2.99
ip_shuffle,20260623T021940_799608,of:0000000000000007:1 -> of:000000000000000d:5,0.003,0.00375,0.003,0.003,3.49,2026-06-23T02:19:40,0.003,3.39
ip_shuffle,20260623T021940_799608,of:0000000000000002:2 -> of:0000000000000008:2,0.002,0.0025,0.002,0.002,3.06,2026-06-23T02:19:40,0.002,3.06
ip_shuffle,20260623T021940_799608,of:0000000000000003:2 -> of:0000000000000008:3,0.002,0.0025,0.002,0.002,3.06,2026-06-23T02:19:40,0.002,3.06
ip_shuffle,20260623T021940_799608,of:0000000000000008:1 -> of:000000000000000b:6,0.002,0.0025,0.002,0.002,2.09,2026-06-23T02:19:40,0.002,2.09
ip_shuffle,20260623T021940_799608,of:0000000000000004:2 -> of:0000000000000009:2,0.002,0.0025,0.002,0.002,3.06,2026-06-23T02:19:40,0.002,3.06
ip_shuffle,20260623T021940_799608,of:0000000000000002:1 -> of:000000000000000b:4,0.002,0.0025,0.002,0.002,2.16,2026-06-23T02:19:40,0.002,2.16
ip_shuffle,20260623T021940_799608,of:0000000000000009:1 -> of:000000000000000c:6,0.002,0.0025,0.002,0.002,2.16,2026-06-23T02:19:40,0.002,2.16
ip_shuffle,20260623T022051_770323,of:0000000000000004:1 -> of:000000000000000c:4,0.002,0.0025,0.002,0.002,2.26,2026-06-23T02:20:51,0.002,2.26
ip_shuffle,20260623T022051_770323,of:0000000000000005:1 -> of:000000000000000c:5,0.002,0.0025,0.002,0.002,1.73,2026-06-23T02:20:51,0.002,1.73
ip_shuffle,20260623T022051_770323,of:000000000000000a:1 -> of:000000000000000d:6,0.002,0.0025,0.002,0.002,1.53,2026-06-23T02:20:51,0.002,1.5
ip_shuffle,20260623T022051_770323,of:000000000000000b:3 -> of:000000000000000d:2,0.002,0.0025,0.002,0.002,1.7,2026-06-23T02:20:51,0.002,1.7
ip_shuffle,20260623T022051_770323,of:000000000000000c:3 -> of:000000000000000d:3,0.002,0.0025,0.002,0.002,1.7,2026-06-23T02:20:51,0.002,1.7
ip_shuffle,20260623T022051_770323,of:0000000000000005:2 -> of:0000000000000009:3,0.002,0.0025,0.002,0.002,1.66,2026-06-23T02:20:51,0.002,1.66
ip_shuffle,20260623T022051_770323,of:0000000000000001:1 -> of:000000000000000b:1,0.003,0.00375,0.003,0.003,3.83,2026-06-23T02:20:51,0.003,3.83
ip_shuffle,20260623T022051_770323,of:000000000000000b:2 -> of:000000000000000c:2,0.002,0.0025,0.002,0.002,1.73,2026-06-23T02:20:51,0.002,1.73
ip_shuffle,20260623T022051_770323,of:0000000000000001:2 -> of:000000000000000c:1,0.002,0.0025,0.002,0.002,2.46,2026-06-23T02:20:51,0.002,2.5
ip_shuffle,20260623T022051_770323,of:0000000000000006:2 -> of:000000000000000a:2,0.002,0.0025,0.002,0.002,1.66,2026-06-23T02:20:51,0.002,1.66
ip_shuffle,20260623T022051_770323,of:0000000000000001:3 -> of:000000000000000d:1,0.001,0.00125,0.001,0.001,1.43,2026-06-23T02:20:51,0.001,1.46
ip_shuffle,20260623T022051_770323,of:0000000000000003:1 -> of:000000000000000b:5,0.002,0.0025,0.002,0.002,2.76,2026-06-23T02:20:51,0.002,2.76
ip_shuffle,20260623T022051_770323,of:0000000000000006:1 -> of:000000000000000d:4,0.001,0.00125,0.001,0.001,1.46,2026-06-23T02:20:51,0.001,1.43
ip_shuffle,20260623T022051_770323,of:0000000000000007:2 -> of:000000000000000a:3,0.002,0.0025,0.002,0.002,1.73,2026-06-23T02:20:51,0.002,1.73
ip_shuffle,20260623T022051_770323,of:0000000000000007:1 -> of:000000000000000d:5,0.002,0.0025,0.002,0.002,1.53,2026-06-23T02:20:51,0.002,1.5
ip_shuffle,20260623T022051_770323,of:0000000000000002:2 -> of:0000000000000008:2,0.002,0.0025,0.002,0.002,1.66,2026-06-23T02:20:51,0.002,1.66
ip_shuffle,20260623T022051_770323,of:0000000000000003:2 -> of:0000000000000008:3,0.002,0.0025,0.002,0.002,1.66,2026-06-23T02:20:51,0.002,1.66
ip_shuffle,20260623T022051_770323,of:0000000000000008:1 -> of:000000000000000b:6,0.002,0.0025,0.002,0.002,1.53,2026-06-23T02:20:51,0.002,1.53
ip_shuffle,20260623T022051_770323,of:0000000000000004:2 -> of:0000000000000009:2,0.002,0.0025,0.002,0.002,1.66,2026-06-23T02:20:51,0.002,1.66
ip_shuffle,20260623T022051_770323,of:0000000000000002:1 -> of:000000000000000b:4,0.002,0.0025,0.002,0.002,2.5,2026-06-23T02:20:51,0.002,2.5
ip_shuffle,20260623T022051_770323,of:0000000000000009:1 -> of:000000000000000c:6,0.002,0.0025,0.002,0.002,1.53,2026-06-23T02:20:51,0.002,1.53
ip_shuffle,20260623T022202_378799,of:0000000000000004:1 -> of:000000000000000c:4,0.001,0.00125,0.001,0.001,1.36,2026-06-23T02:22:02,0.001,1.36
ip_shuffle,20260623T022202_378799,of:0000000000000005:1 -> of:000000000000000c:5,0.001,0.00125,0.001,0.001,1.36,2026-06-23T02:22:02,0.001,1.36
ip_shuffle,20260623T022202_378799,of:000000000000000a:1 -> of:000000000000000d:6,0.002,0.0025,0.002,0.002,1.43,2026-06-23T02:22:02,0.002,1.43
ip_shuffle,20260623T022202_378799,of:000000000000000b:3 -> of:000000000000000d:2,0.002,0.0025,0.002,0.002,1.53,2026-06-23T02:22:02,0.002,1.53
ip_shuffle,20260623T022202_378799,of:000000000000000c:3 -> of:000000000000000d:3,0.002,0.0025,0.002,0.002,1.53,2026-06-23T02:22:02,0.002,1.53
ip_shuffle,20260623T022202_378799,of:0000000000000005:2 -> of:0000000000000009:3,0.001,0.00125,0.001,0.001,1.46,2026-06-23T02:22:02,0.001,1.46
ip_shuffle,20260623T022202_378799,of:0000000000000001:1 -> of:000000000000000b:1,0.002,0.0025,0.002,0.002,1.8,2026-06-23T02:22:02,0.002,1.8
ip_shuffle,20260623T022202_378799,of:000000000000000b:2 -> of:000000000000000c:2,0.002,0.0025,0.002,0.002,1.53,2026-06-23T02:22:02,0.002,1.53
ip_shuffle,20260623T022202_378799,of:0000000000000001:2 -> of:000000000000000c:1,0.001,0.00125,0.001,0.001,1.36,2026-06-23T02:22:02,0.001,1.36
ip_shuffle,20260623T022202_378799,of:0000000000000006:2 -> of:000000000000000a:2,0.002,0.0025,0.002,0.002,1.53,2026-06-23T02:22:02,0.002,1.53
ip_shuffle,20260623T022202_378799,of:0000000000000001:3 -> of:000000000000000d:1,0.001,0.00125,0.001,0.001,1.36,2026-06-23T02:22:02,0.001,1.36
ip_shuffle,20260623T022202_378799,of:0000000000000003:1 -> of:000000000000000b:5,0.001,0.00125,0.001,0.001,1.36,2026-06-23T02:22:02,0.001,1.36
ip_shuffle,20260623T022202_378799,of:0000000000000006:1 -> of:000000000000000d:4,0.002,0.0025,0.002,0.002,1.43,2026-06-23T02:22:02,0.002,1.43
ip_shuffle,20260623T022202_378799,of:0000000000000007:2 -> of:000000000000000a:3,0.002,0.0025,0.002,0.002,1.53,2026-06-23T02:22:02,0.002,1.53
ip_shuffle,20260623T022202_378799,of:0000000000000007:1 -> of:000000000000000d:5,0.002,0.0025,0.002,0.002,1.43,2026-06-23T02:22:02,0.002,1.43
ip_shuffle,20260623T022202_378799,of:0000000000000002:2 -> of:0000000000000008:2,0.001,0.00125,0.001,0.001,1.46,2026-06-23T02:22:02,0.001,1.46
ip_shuffle,20260623T022202_378799,of:0000000000000003:2 -> of:0000000000000008:3,0.001,0.00125,0.001,0.001,1.46,2026-06-23T02:22:02,0.001,1.46
ip_shuffle,20260623T022202_378799,of:0000000000000008:1 -> of:000000000000000b:6,0.002,0.0025,0.002,0.002,1.43,2026-06-23T02:22:02,0.002,1.43
ip_shuffle,20260623T022202_378799,of:0000000000000004:2 -> of:0000000000000009:2,0.001,0.00125,0.001,0.001,1.46,2026-06-23T02:22:02,0.001,1.46
ip_shuffle,20260623T022202_378799,of:0000000000000002:1 -> of:000000000000000b:4,0.002,0.0025,0.002,0.002,1.83,2026-06-23T02:22:02,0.002,1.83
ip_shuffle,20260623T022202_378799,of:0000000000000009:1 -> of:000000000000000c:6,0.002,0.0025,0.002,0.002,1.43,2026-06-23T02:22:02,0.002,1.43
ip_shuffle,20260623T022300_177351,of:0000000000000004:1 -> of:000000000000000c:4,0.002,0.0025,0.002,0.002,2.16,2026-06-23T02:23:00,0.002,2.16
ip_shuffle,20260623T022300_177351,of:0000000000000005:1 -> of:000000000000000c:5,0.002,0.0025,0.002,0.002,2.16,2026-06-23T02:23:00,0.002,2.16
ip_shuffle,20260623T022300_177351,of:000000000000000a:1 -> of:000000000000000d:6,0.002,0.0025,0.002,0.002,2.16,2026-06-23T02:23:00,0.002,2.16
ip_shuffle,20260623T022300_177351,of:000000000000000b:3 -> of:000000000000000d:2,0.002,0.0025,0.002,0.002,3.06,2026-06-23T02:23:00,0.002,3.06
ip_shuffle,20260623T022300_177351,of:000000000000000c:3 -> of:000000000000000d:3,0.002,0.0025,0.002,0.002,2.99,2026-06-23T02:23:00,0.002,2.99
ip_shuffle,20260623T022300_177351,of:0000000000000005:2 -> of:0000000000000009:3,0.002,0.0025,0.002,0.002,3.13,2026-06-23T02:23:00,0.002,3.13
ip_shuffle,20260623T022300_177351,of:0000000000000001:1 -> of:000000000000000b:1,0.002,0.0025,0.002,0.002,2.23,2026-06-23T02:23:00,0.002,2.2
ip_shuffle,20260623T022300_177351,of:000000000000000b:2 -> of:000000000000000c:2,0.002,0.0025,0.002,0.002,3.06,2026-06-23T02:23:00,0.002,3.06
ip_shuffle,20260623T022300_177351,of:0000000000000001:2 -> of:000000000000000c:1,0.002,0.0025,0.002,0.002,2.16,2026-06-23T02:23:00,0.002,2.13
ip_shuffle,20260623T022300_177351,of:0000000000000006:2 -> of:000000000000000a:2,0.002,0.0025,0.002,0.002,3.13,2026-06-23T02:23:00,0.002,3.13
ip_shuffle,20260623T022300_177351,of:0000000000000001:3 -> of:000000000000000d:1,0.003,0.00375,0.003,0.003,4.19,2026-06-23T02:23:00,0.003,4.26
ip_shuffle,20260623T022300_177351,of:0000000000000003:1 -> of:000000000000000b:5,0.002,0.0025,0.002,0.002,2.23,2026-06-23T02:23:00,0.002,2.23
ip_shuffle,20260623T022300_177351,of:0000000000000006:1 -> of:000000000000000d:4,0.002,0.0025,0.002,0.002,3.06,2026-06-23T02:23:00,0.002,3.16
ip_shuffle,20260623T022300_177351,of:0000000000000007:2 -> of:000000000000000a:3,0.002,0.0025,0.002,0.002,3.13,2026-06-23T02:23:00,0.002,3.13
ip_shuffle,20260623T022300_177351,of:0000000000000007:1 -> of:000000000000000d:5,0.003,0.00375,0.003,0.003,3.36,2026-06-23T02:23:00,0.003,3.29
ip_shuffle,20260623T022300_177351,of:0000000000000002:2 -> of:0000000000000008:2,0.002,0.0025,0.002,0.002,3.13,2026-06-23T02:23:00,0.002,3.13
ip_shuffle,20260623T022300_177351,of:0000000000000003:2 -> of:0000000000000008:3,0.002,0.0025,0.002,0.002,3.13,2026-06-23T02:23:00,0.002,3.13
ip_shuffle,20260623T022300_177351,of:0000000000000008:1 -> of:000000000000000b:6,0.002,0.0025,0.002,0.002,2.23,2026-06-23T02:23:00,0.002,2.23
ip_shuffle,20260623T022300_177351,of:0000000000000004:2 -> of:0000000000000009:2,0.002,0.0025,0.002,0.002,3.13,2026-06-23T02:23:00,0.002,3.13
ip_shuffle,20260623T022300_177351,of:0000000000000002:1 -> of:000000000000000b:4,0.002,0.0025,0.002,0.002,2.23,2026-06-23T02:23:00,0.002,2.23
ip_shuffle,20260623T022300_177351,of:0000000000000009:1 -> of:000000000000000c:6,0.002,0.0025,0.002,0.002,2.16,2026-06-23T02:23:00,0.002,2.16
route_mutation,20260623T022358_170639,of:0000000000000004:1 -> of:000000000000000c:4,0.001,0.00125,0.001,0.001,1.43,2026-06-23T02:23:58,0.001,1.4
route_mutation,20260623T022358_170639,of:0000000000000005:1 -> of:000000000000000c:5,0.001,0.00125,0.001,0.001,1.43,2026-06-23T02:23:58,0.001,1.4
route_mutation,20260623T022358_170639,of:000000000000000a:1 -> of:000000000000000d:6,0.002,0.0025,0.002,0.002,1.46,2026-06-23T02:23:58,0.002,1.43
route_mutation,20260623T022358_170639,of:000000000000000b:3 -> of:000000000000000d:2,0.002,0.0025,0.002,0.002,1.56,2026-06-23T02:23:58,0.002,1.56
route_mutation,20260623T022358_170639,of:000000000000000c:3 -> of:000000000000000d:3,0.002,0.0025,0.002,0.002,1.56,2026-06-23T02:23:58,0.002,1.56
route_mutation,20260623T022358_170639,of:0000000000000005:2 -> of:0000000000000009:3,0.002,0.0025,0.002,0.002,1.56,2026-06-23T02:23:58,0.002,1.56
route_mutation,20260623T022358_170639,of:0000000000000001:1 -> of:000000000000000b:1,0.001,0.00125,0.001,0.001,1.4,2026-06-23T02:23:58,0.001,1.46
route_mutation,20260623T022358_170639,of:000000000000000b:2 -> of:000000000000000c:2,0.002,0.0025,0.002,0.002,1.6,2026-06-23T02:23:58,0.002,1.6
route_mutation,20260623T022358_170639,of:0000000000000001:2 -> of:000000000000000c:1,0.001,0.00125,0.001,0.001,1.4,2026-06-23T02:23:58,0.001,1.46
route_mutation,20260623T022358_170639,of:0000000000000006:2 -> of:000000000000000a:2,0.002,0.0025,0.002,0.002,1.63,2026-06-23T02:23:58,0.002,1.63
route_mutation,20260623T022358_170639,of:0000000000000001:3 -> of:000000000000000d:1,0.002,0.0025,0.002,0.002,2.33,2026-06-23T02:23:58,0.002,2.23
route_mutation,20260623T022358_170639,of:0000000000000003:1 -> of:000000000000000b:5,0.001,0.00125,0.001,0.001,1.43,2026-06-23T02:23:58,0.001,1.4
route_mutation,20260623T022358_170639,of:0000000000000006:1 -> of:000000000000000d:4,0.002,0.0025,0.002,0.002,1.5,2026-06-23T02:23:58,0.002,1.43
route_mutation,20260623T022358_170639,of:0000000000000007:2 -> of:000000000000000a:3,0.002,0.0025,0.002,0.002,1.6,2026-06-23T02:23:58,0.002,1.6
route_mutation,20260623T022358_170639,of:0000000000000007:1 -> of:000000000000000d:5,0.002,0.0025,0.002,0.002,2.23,2026-06-23T02:23:58,0.002,2.26
route_mutation,20260623T022358_170639,of:0000000000000002:2 -> of:0000000000000008:2,0.002,0.0025,0.002,0.002,1.56,2026-06-23T02:23:58,0.002,1.56
route_mutation,20260623T022358_170639,of:0000000000000003:2 -> of:0000000000000008:3,0.002,0.0025,0.002,0.002,1.56,2026-06-23T02:23:58,0.002,1.56
route_mutation,20260623T022358_170639,of:0000000000000008:1 -> of:000000000000000b:6,0.002,0.0025,0.002,0.002,1.46,2026-06-23T02:23:58,0.002,1.46
route_mutation,20260623T022358_170639,of:0000000000000004:2 -> of:0000000000000009:2,0.002,0.0025,0.002,0.002,1.56,2026-06-23T02:23:58,0.002,1.56
route_mutation,20260623T022358_170639,of:0000000000000002:1 -> of:000000000000000b:4,0.001,0.00125,0.001,0.001,1.43,2026-06-23T02:23:58,0.001,1.4
route_mutation,20260623T022358_170639,of:0000000000000009:1 -> of:000000000000000c:6,0.002,0.0025,0.002,0.002,1.46,2026-06-23T02:23:58,0.002,1.46
route_mutation,20260623T022428_492571,of:0000000000000004:1 -> of:000000000000000c:4,0.002,0.0025,0.002,0.002,1.53,2026-06-23T02:24:28,0.002,1.57
route_mutation,20260623T022428_492571,of:0000000000000005:1 -> of:000000000000000c:5,0.002,0.0025,0.002,0.002,1.5,2026-06-23T02:24:28,0.002,1.53
route_mutation,20260623T022428_492571,of:000000000000000a:1 -> of:000000000000000d:6,0.001,0.00125,0.001,0.001,1.47,2026-06-23T02:24:28,0.001,1.47
route_mutation,20260623T022428_492571,of:000000000000000b:3 -> of:000000000000000d:2,0.002,0.0025,0.002,0.002,1.73,2026-06-23T02:24:28,0.002,1.73
route_mutation,20260623T022428_492571,of:000000000000000c:3 -> of:000000000000000d:3,0.002,0.0025,0.002,0.002,1.73,2026-06-23T02:24:28,0.002,1.73
route_mutation,20260623T022428_492571,of:0000000000000005:2 -> of:0000000000000009:3,0.002,0.0025,0.002,0.002,1.63,2026-06-23T02:24:28,0.002,1.63
route_mutation,20260623T022428_492571,of:0000000000000001:1 -> of:000000000000000b:1,0.003,0.00375,0.003,0.003,3.43,2026-06-23T02:24:28,0.003,3.53
route_mutation,20260623T022428_492571,of:000000000000000b:2 -> of:000000000000000c:2,0.002,0.0025,0.002,0.002,1.73,2026-06-23T02:24:28,0.002,1.73
route_mutation,20260623T022428_492571,of:0000000000000001:2 -> of:000000000000000c:1,0.002,0.0025,0.002,0.002,1.57,2026-06-23T02:24:28,0.002,1.53
route_mutation,20260623T022428_492571,of:0000000000000006:2 -> of:000000000000000a:2,0.001,0.00125,0.001,0.001,1.6,2026-06-23T02:24:28,0.001,1.6
route_mutation,20260623T022428_492571,of:0000000000000001:3 -> of:000000000000000d:1,0.002,0.0025,0.002,0.002,1.53,2026-06-23T02:24:28,0.002,1.5
route_mutation,20260623T022428_492571,of:0000000000000003:1 -> of:000000000000000b:5,0.002,0.0025,0.002,0.002,2.5,2026-06-23T02:24:28,0.002,2.4
route_mutation,20260623T022428_492571,of:0000000000000006:1 -> of:000000000000000d:4,0.001,0.00125,0.001,0.001,1.47,2026-06-23T02:24:28,0.001,1.47
route_mutation,20260623T022428_492571,of:0000000000000007:2 -> of:000000000000000a:3,0.001,0.00125,0.001,0.001,1.6,2026-06-23T02:24:28,0.001,1.6
route_mutation,20260623T022428_492571,of:0000000000000007:1 -> of:000000000000000d:5,0.001,0.00125,0.001,0.001,1.47,2026-06-23T02:24:28,0.001,1.47
route_mutation,20260623T022428_492571,of:0000000000000002:2 -> of:0000000000000008:2,0.002,0.0025,0.002,0.002,1.63,2026-06-23T02:24:28,0.002,1.63
route_mutation,20260623T022428_492571,of:0000000000000003:2 -> of:0000000000000008:3,0.002,0.0025,0.002,0.002,1.63,2026-06-23T02:24:28,0.002,1.63
route_mutation,20260623T022428_492571,of:0000000000000008:1 -> of:000000000000000b:6,0.001,0.00125,0.001,0.001,1.47,2026-06-23T02:24:28,0.001,1.47
route_mutation,20260623T022428_492571,of:0000000000000004:2 -> of:0000000000000009:2,0.002,0.0025,0.002,0.002,1.63,2026-06-23T02:24:28,0.002,1.63
route_mutation,20260623T022428_492571,of:0000000000000002:1 -> of:000000000000000b:4,0.002,0.0025,0.002,0.002,2.53,2026-06-23T02:24:28,0.002,2.56
route_mutation,20260623T022428_492571,of:0000000000000009:1 -> of:000000000000000c:6,0.001,0.00125,0.001,0.001,1.47,2026-06-23T02:24:28,0.001,1.47
ip_shuffle,20260623T022458_887318,of:0000000000000004:1 -> of:000000000000000c:4,0.002,0.0025,0.002,0.002,2.26,2026-06-23T02:24:58,0.002,2.26
ip_shuffle,20260623T022458_887318,of:0000000000000005:1 -> of:000000000000000c:5,0.002,0.0025,0.002,0.002,2.3,2026-06-23T02:24:58,0.002,2.3
ip_shuffle,20260623T022458_887318,of:000000000000000a:1 -> of:000000000000000d:6,0.001,0.00125,0.001,0.001,1.46,2026-06-23T02:24:58,0.001,1.5
ip_shuffle,20260623T022458_887318,of:000000000000000b:3 -> of:000000000000000d:2,0.001,0.00125,0.001,0.001,1.63,2026-06-23T02:24:58,0.001,1.63
ip_shuffle,20260623T022458_887318,of:000000000000000c:3 -> of:000000000000000d:3,0.001,0.00125,0.001,0.001,1.66,2026-06-23T02:24:58,0.001,1.66
ip_shuffle,20260623T022458_887318,of:0000000000000005:2 -> of:0000000000000009:3,0.002,0.0025,0.002,0.002,1.76,2026-06-23T02:24:58,0.002,1.76
ip_shuffle,20260623T022458_887318,of:0000000000000001:1 -> of:000000000000000b:1,0.002,0.0025,0.002,0.002,1.63,2026-06-23T02:24:58,0.002,1.53
ip_shuffle,20260623T022458_887318,of:000000000000000b:2 -> of:000000000000000c:2,0.001,0.00125,0.001,0.001,1.63,2026-06-23T02:24:58,0.001,1.63
ip_shuffle,20260623T022458_887318,of:0000000000000001:2 -> of:000000000000000c:1,0.003,0.00375,0.003,0.003,3.06,2026-06-23T02:24:58,0.003,3.06
ip_shuffle,20260623T022458_887318,of:0000000000000006:2 -> of:000000000000000a:2,0.002,0.0025,0.002,0.002,1.73,2026-06-23T02:24:58,0.002,1.73
ip_shuffle,20260623T022458_887318,of:0000000000000001:3 -> of:000000000000000d:1,0.002,0.0025,0.002,0.002,2.0,2026-06-23T02:24:58,0.002,2.1
ip_shuffle,20260623T022458_887318,of:0000000000000003:1 -> of:000000000000000b:5,0.002,0.0025,0.002,0.002,1.53,2026-06-23T02:24:58,0.002,1.63
ip_shuffle,20260623T022458_887318,of:0000000000000006:1 -> of:000000000000000d:4,0.002,0.0025,0.002,0.002,2.1,2026-06-23T02:24:58,0.002,2.1
ip_shuffle,20260623T022458_887318,of:0000000000000007:2 -> of:000000000000000a:3,0.002,0.0025,0.002,0.002,1.73,2026-06-23T02:24:58,0.002,1.73
ip_shuffle,20260623T022458_887318,of:0000000000000007:1 -> of:000000000000000d:5,0.001,0.00125,0.001,0.001,1.46,2026-06-23T02:24:58,0.001,1.5
ip_shuffle,20260623T022458_887318,of:0000000000000002:2 -> of:0000000000000008:2,0.002,0.0025,0.002,0.002,1.76,2026-06-23T02:24:58,0.002,1.76
ip_shuffle,20260623T022458_887318,of:0000000000000003:2 -> of:0000000000000008:3,0.002,0.0025,0.002,0.002,1.76,2026-06-23T02:24:58,0.002,1.76
ip_shuffle,20260623T022458_887318,of:0000000000000008:1 -> of:000000000000000b:6,0.001,0.00125,0.001,0.001,1.46,2026-06-23T02:24:58,0.001,1.46
ip_shuffle,20260623T022458_887318,of:0000000000000004:2 -> of:0000000000000009:2,0.002,0.0025,0.002,0.002,1.76,2026-06-23T02:24:58,0.002,1.76
ip_shuffle,20260623T022458_887318,of:0000000000000002:1 -> of:000000000000000b:4,0.001,0.00125,0.001,0.001,1.5,2026-06-23T02:24:58,0.001,1.46
ip_shuffle,20260623T022458_887318,of:0000000000000009:1 -> of:000000000000000c:6,0.001,0.00125,0.001,0.001,1.46,2026-06-23T02:24:58,0.001,1.5
route_mutation,20260623T022603_119028,of:0000000000000004:1 -> of:000000000000000c:4,0.002,0.0025,0.002,0.002,2.3,2026-06-23T02:26:03,0.002,2.3
route_mutation,20260623T022603_119028,of:0000000000000005:1 -> of:000000000000000c:5,0.002,0.0025,0.002,0.002,1.6,2026-06-23T02:26:03,0.002,1.6
route_mutation,20260623T022603_119028,of:000000000000000a:1 -> of:000000000000000d:6,0.002,0.0025,0.002,0.002,1.5,2026-06-23T02:26:03,0.002,1.5
route_mutation,20260623T022603_119028,of:000000000000000b:3 -> of:000000000000000d:2,0.002,0.0025,0.002,0.002,1.66,2026-06-23T02:26:03,0.002,1.66
route_mutation,20260623T022603_119028,of:000000000000000c:3 -> of:000000000000000d:3,0.001,0.00125,0.001,0.001,1.6,2026-06-23T02:26:03,0.001,1.6
route_mutation,20260623T022603_119028,of:0000000000000005:2 -> of:0000000000000009:3,0.002,0.0025,0.002,0.002,1.73,2026-06-23T02:26:03,0.002,1.73
route_mutation,20260623T022603_119028,of:0000000000000001:1 -> of:000000000000000b:1,0.003,0.00375,0.003,0.003,3.63,2026-06-23T02:26:03,0.003,3.63
route_mutation,20260623T022603_119028,of:000000000000000b:2 -> of:000000000000000c:2,0.002,0.0025,0.002,0.002,1.66,2026-06-23T02:26:03,0.002,1.66
route_mutation,20260623T022603_119028,of:0000000000000001:2 -> of:000000000000000c:1,0.002,0.0025,0.002,0.002,2.33,2026-06-23T02:26:03,0.002,2.33
route_mutation,20260623T022603_119028,of:0000000000000006:2 -> of:000000000000000a:2,0.002,0.0025,0.002,0.002,1.73,2026-06-23T02:26:03,0.002,1.73
route_mutation,20260623T022603_119028,of:0000000000000001:3 -> of:000000000000000d:1,0.001,0.00125,0.001,0.001,1.5,2026-06-23T02:26:03,0.001,1.5
route_mutation,20260623T022603_119028,of:0000000000000003:1 -> of:000000000000000b:5,0.002,0.0025,0.002,0.002,2.6,2026-06-23T02:26:03,0.002,2.6
route_mutation,20260623T022603_119028,of:0000000000000006:1 -> of:000000000000000d:4,0.001,0.00125,0.001,0.001,1.47,2026-06-23T02:26:03,0.001,1.47
route_mutation,20260623T022603_119028,of:0000000000000007:2 -> of:000000000000000a:3,0.002,0.0025,0.002,0.002,1.8,2026-06-23T02:26:03,0.002,1.8
route_mutation,20260623T022603_119028,of:0000000000000007:1 -> of:000000000000000d:5,0.001,0.00125,0.001,0.001,1.47,2026-06-23T02:26:03,0.001,1.47
route_mutation,20260623T022603_119028,of:0000000000000002:2 -> of:0000000000000008:2,0.002,0.0025,0.002,0.002,1.76,2026-06-23T02:26:03,0.002,1.76
route_mutation,20260623T022603_119028,of:0000000000000003:2 -> of:0000000000000008:3,0.002,0.0025,0.002,0.002,1.73,2026-06-23T02:26:03,0.002,1.73
route_mutation,20260623T022603_119028,of:0000000000000008:1 -> of:000000000000000b:6,0.002,0.0025,0.002,0.002,1.53,2026-06-23T02:26:03,0.002,1.53
route_mutation,20260623T022603_119028,of:0000000000000004:2 -> of:0000000000000009:2,0.002,0.0025,0.002,0.002,1.73,2026-06-23T02:26:03,0.002,1.73
route_mutation,20260623T022603_119028,of:0000000000000002:1 -> of:000000000000000b:4,0.002,0.0025,0.002,0.002,2.6,2026-06-23T02:26:03,0.002,2.6
route_mutation,20260623T022603_119028,of:0000000000000009:1 -> of:000000000000000c:6,0.001,0.00125,0.001,0.001,1.47,2026-06-23T02:26:03,0.001,1.47
route_mutation,20260623T022633_481737,of:0000000000000004:1 -> of:000000000000000c:4,0.001,0.00125,0.001,0.001,1.46,2026-06-23T02:26:33,0.001,1.5
route_mutation,20260623T022633_481737,of:0000000000000005:1 -> of:000000000000000c:5,0.002,0.0025,0.002,0.002,2.13,2026-06-23T02:26:33,0.002,2.16
route_mutation,20260623T022633_481737,of:000000000000000a:1 -> of:000000000000000d:6,0.002,0.0025,0.002,0.002,1.56,2026-06-23T02:26:33,0.002,1.6
route_mutation,20260623T022633_481737,of:000000000000000b:3 -> of:000000000000000d:2,0.002,0.0025,0.002,0.002,1.83,2026-06-23T02:26:33,0.002,1.83
route_mutation,20260623T022633_481737,of:000000000000000c:3 -> of:000000000000000d:3,0.002,0.0025,0.002,0.002,1.83,2026-06-23T02:26:33,0.002,1.83
route_mutation,20260623T022633_481737,of:0000000000000005:2 -> of:0000000000000009:3,0.002,0.0025,0.002,0.002,1.7,2026-06-23T02:26:33,0.002,1.7
route_mutation,20260623T022633_481737,of:0000000000000001:1 -> of:000000000000000b:1,0.001,0.00125,0.001,0.001,1.5,2026-06-23T02:26:33,0.001,1.46
route_mutation,20260623T022633_481737,of:000000000000000b:2 -> of:000000000000000c:2,0.002,0.0025,0.002,0.002,1.8,2026-06-23T02:26:33,0.002,1.8
route_mutation,20260623T022633_481737,of:0000000000000001:2 -> of:000000000000000c:1,0.002,0.0025,0.002,0.002,2.23,2026-06-23T02:26:33,0.002,2.2
route_mutation,20260623T022633_481737,of:0000000000000006:2 -> of:000000000000000a:2,0.002,0.0025,0.002,0.002,1.76,2026-06-23T02:26:33,0.002,1.76
route_mutation,20260623T022633_481737,of:0000000000000001:3 -> of:000000000000000d:1,0.002,0.0025,0.002,0.002,2.13,2026-06-23T02:26:33,0.002,2.16
route_mutation,20260623T022633_481737,of:0000000000000003:1 -> of:000000000000000b:5,0.001,0.00125,0.001,0.001,1.46,2026-06-23T02:26:33,0.001,1.5
route_mutation,20260623T022633_481737,of:0000000000000006:1 -> of:000000000000000d:4,0.002,0.0025,0.002,0.002,2.26,2026-06-23T02:26:33,0.002,2.23
route_mutation,20260623T022633_481737,of:0000000000000007:2 -> of:000000000000000a:3,0.002,0.0025,0.002,0.002,1.76,2026-06-23T02:26:33,0.002,1.76
route_mutation,20260623T022633_481737,of:0000000000000007:1 -> of:000000000000000d:5,0.002,0.0025,0.002,0.002,1.53,2026-06-23T02:26:33,0.002,1.6
route_mutation,20260623T022633_481737,of:0000000000000002:2 -> of:0000000000000008:2,0.002,0.0025,0.002,0.002,1.7,2026-06-23T02:26:33,0.002,1.7
route_mutation,20260623T022633_481737,of:0000000000000003:2 -> of:0000000000000008:3,0.002,0.0025,0.002,0.002,1.7,2026-06-23T02:26:33,0.002,1.7
route_mutation,20260623T022633_481737,of:0000000000000008:1 -> of:000000000000000b:6,0.002,0.0025,0.002,0.002,1.56,2026-06-23T02:26:33,0.002,1.56
route_mutation,20260623T022633_481737,of:0000000000000004:2 -> of:0000000000000009:2,0.002,0.0025,0.002,0.002,1.7,2026-06-23T02:26:33,0.002,1.7
route_mutation,20260623T022633_481737,of:0000000000000002:1 -> of:000000000000000b:4,0.001,0.00125,0.001,0.001,1.46,2026-06-23T02:26:33,0.001,1.5
route_mutation,20260623T022633_481737,of:0000000000000009:1 -> of:000000000000000c:6,0.002,0.0025,0.002,0.002,1.56,2026-06-23T02:26:33,0.002,1.56
ip_shuffle,20260623T022703_773536,of:0000000000000004:1 -> of:000000000000000c:4,0.002,0.0025,0.002,0.002,2.03,2026-06-23T02:27:03,0.002,2.0
ip_shuffle,20260623T022703_773536,of:0000000000000005:1 -> of:000000000000000c:5,0.002,0.0025,0.002,0.002,2.03,2026-06-23T02:27:03,0.002,2.0
ip_shuffle,20260623T022703_773536,of:000000000000000a:1 -> of:000000000000000d:6,0.002,0.0025,0.002,0.002,1.93,2026-06-23T02:27:03,0.002,1.9
ip_shuffle,20260623T022703_773536,of:000000000000000b:3 -> of:000000000000000d:2,0.002,0.0025,0.002,0.002,2.63,2026-06-23T02:27:03,0.002,2.63
ip_shuffle,20260623T022703_773536,of:000000000000000c:3 -> of:000000000000000d:3,0.002,0.0025,0.002,0.002,2.63,2026-06-23T02:27:03,0.002,2.63
ip_shuffle,20260623T022703_773536,of:0000000000000005:2 -> of:0000000000000009:3,0.002,0.0025,0.002,0.002,2.63,2026-06-23T02:27:03,0.002,2.63
ip_shuffle,20260623T022703_773536,of:0000000000000001:1 -> of:000000000000000b:1,0.002,0.0025,0.002,0.002,2.0,2026-06-23T02:27:03,0.002,2.03
ip_shuffle,20260623T022703_773536,of:000000000000000b:2 -> of:000000000000000c:2,0.002,0.0025,0.002,0.002,2.66,2026-06-23T02:27:03,0.002,2.66
ip_shuffle,20260623T022703_773536,of:0000000000000001:2 -> of:000000000000000c:1,0.002,0.0025,0.002,0.002,2.0,2026-06-23T02:27:03,0.002,2.03
ip_shuffle,20260623T022703_773536,of:0000000000000006:2 -> of:000000000000000a:2,0.002,0.0025,0.002,0.002,2.56,2026-06-23T02:27:03,0.002,2.56
ip_shuffle,20260623T022703_773536,of:0000000000000001:3 -> of:000000000000000d:1,0.003,0.00375,0.003,0.003,3.9,2026-06-23T02:27:03,0.003,3.86
ip_shuffle,20260623T022703_773536,of:0000000000000003:1 -> of:000000000000000b:5,0.002,0.0025,0.002,0.002,2.03,2026-06-23T02:27:03,0.002,2.0
ip_shuffle,20260623T022703_773536,of:0000000000000006:1 -> of:000000000000000d:4,0.002,0.0025,0.002,0.002,2.36,2026-06-23T02:27:03,0.002,2.4
ip_shuffle,20260623T022703_773536,of:0000000000000007:2 -> of:000000000000000a:3,0.002,0.0025,0.002,0.002,2.56,2026-06-23T02:27:03,0.002,2.56
ip_shuffle,20260623T022703_773536,of:0000000000000007:1 -> of:000000000000000d:5,0.003,0.00375,0.003,0.003,3.36,2026-06-23T02:27:03,0.003,3.3
ip_shuffle,20260623T022703_773536,of:0000000000000002:2 -> of:0000000000000008:2,0.002,0.0025,0.002,0.002,2.63,2026-06-23T02:27:03,0.002,2.63
ip_shuffle,20260623T022703_773536,of:0000000000000003:2 -> of:0000000000000008:3,0.002,0.0025,0.002,0.002,2.63,2026-06-23T02:27:03,0.002,2.63
ip_shuffle,20260623T022703_773536,of:0000000000000008:1 -> of:000000000000000b:6,0.002,0.0025,0.002,0.002,1.93,2026-06-23T02:27:03,0.002,1.93
ip_shuffle,20260623T022703_773536,of:0000000000000004:2 -> of:0000000000000009:2,0.002,0.0025,0.002,0.002,2.63,2026-06-23T02:27:03,0.002,2.63
ip_shuffle,20260623T022703_773536,of:0000000000000002:1 -> of:000000000000000b:4,0.002,0.0025,0.002,0.002,2.03,2026-06-23T02:27:03,0.002,2.0
ip_shuffle,20260623T022703_773536,of:0000000000000009:1 -> of:000000000000000c:6,0.002,0.0025,0.002,0.002,1.93,2026-06-23T02:27:03,0.002,1.93
ip_shuffle,20260623T022814_173275,of:0000000000000004:1 -> of:000000000000000c:4,0.002,0.0025,0.002,0.002,2.3,2026-06-23T02:28:14,0.002,2.33
ip_shuffle,20260623T022814_173275,of:0000000000000005:1 -> of:000000000000000c:5,0.002,0.0025,0.002,0.002,2.3,2026-06-23T02:28:14,0.002,2.33
ip_shuffle,20260623T022814_173275,of:000000000000000a:1 -> of:000000000000000d:6,0.002,0.0025,0.002,0.002,1.5,2026-06-23T02:28:14,0.002,1.53
ip_shuffle,20260623T022814_173275,of:000000000000000b:3 -> of:000000000000000d:2,0.002,0.0025,0.002,0.002,1.73,2026-06-23T02:28:14,0.002,1.73
ip_shuffle,20260623T022814_173275,of:000000000000000c:3 -> of:000000000000000d:3,0.002,0.0025,0.002,0.002,1.73,2026-06-23T02:28:14,0.002,1.73
ip_shuffle,20260623T022814_173275,of:0000000000000005:2 -> of:0000000000000009:3,0.002,0.0025,0.002,0.002,1.66,2026-06-23T02:28:14,0.002,1.66
ip_shuffle,20260623T022814_173275,of:0000000000000001:1 -> of:000000000000000b:1,0.003,0.00375,0.003,0.003,2.99,2026-06-23T02:28:14,0.003,2.93
ip_shuffle,20260623T022814_173275,of:000000000000000b:2 -> of:000000000000000c:2,0.002,0.0025,0.002,0.002,1.73,2026-06-23T02:28:14,0.002,1.73
ip_shuffle,20260623T022814_173275,of:0000000000000001:2 -> of:000000000000000c:1,0.003,0.00375,0.003,0.003,3.06,2026-06-23T02:28:14,0.003,2.99
ip_shuffle,20260623T022814_173275,of:0000000000000006:2 -> of:000000000000000a:2,0.002,0.0025,0.002,0.002,1.66,2026-06-23T02:28:14,0.002,1.66
ip_shuffle,20260623T022814_173275,of:0000000000000001:3 -> of:000000000000000d:1,0.002,0.0025,0.002,0.002,1.6,2026-06-23T02:28:14,0.002,1.66
ip_shuffle,20260623T022814_173275,of:0000000000000003:1 -> of:000000000000000b:5,0.002,0.0025,0.002,0.002,2.43,2026-06-23T02:28:14,0.002,2.5
ip_shuffle,20260623T022814_173275,of:0000000000000006:1 -> of:000000000000000d:4,0.002,0.0025,0.002,0.002,1.76,2026-06-23T02:28:14,0.002,1.73
ip_shuffle,20260623T022814_173275,of:0000000000000007:2 -> of:000000000000000a:3,0.002,0.0025,0.002,0.002,1.66,2026-06-23T02:28:14,0.002,1.66
ip_shuffle,20260623T022814_173275,of:0000000000000007:1 -> of:000000000000000d:5,0.002,0.0025,0.002,0.002,1.5,2026-06-23T02:28:14,0.002,1.53
ip_shuffle,20260623T022814_173275,of:0000000000000002:2 -> of:0000000000000008:2,0.002,0.0025,0.002,0.002,1.56,2026-06-23T02:28:14,0.002,1.56
ip_shuffle,20260623T022814_173275,of:0000000000000003:2 -> of:0000000000000008:3,0.002,0.0025,0.002,0.002,1.56,2026-06-23T02:28:14,0.002,1.56
ip_shuffle,20260623T022814_173275,of:0000000000000008:1 -> of:000000000000000b:6,0.002,0.0025,0.002,0.002,1.5,2026-06-23T02:28:14,0.002,1.53
ip_shuffle,20260623T022814_173275,of:0000000000000004:2 -> of:0000000000000009:2,0.002,0.0025,0.002,0.002,1.66,2026-06-23T02:28:14,0.002,1.66
ip_shuffle,20260623T022814_173275,of:0000000000000002:1 -> of:000000000000000b:4,0.002,0.0025,0.002,0.002,1.83,2026-06-23T02:28:14,0.002,1.9
ip_shuffle,20260623T022814_173275,of:0000000000000009:1 -> of:000000000000000c:6,0.002,0.0025,0.002,0.002,1.5,2026-06-23T02:28:14,0.002,1.53
route_mutation,20260623T022918_348894,of:0000000000000004:1 -> of:000000000000000c:4,0.001,0.00125,0.001,0.001,1.27,2026-06-23T02:29:18,0.001,1.33
route_mutation,20260623T022918_348894,of:0000000000000005:1 -> of:000000000000000c:5,0.001,0.00125,0.001,0.001,1.27,2026-06-23T02:29:18,0.001,1.33
route_mutation,20260623T022918_348894,of:000000000000000a:1 -> of:000000000000000d:6,0.001,0.00125,0.001,0.001,1.23,2026-06-23T02:29:18,0.001,1.27
route_mutation,20260623T022918_348894,of:000000000000000b:3 -> of:000000000000000d:2,0.001,0.00125,0.001,0.001,1.3,2026-06-23T02:29:18,0.001,1.33
route_mutation,20260623T022918_348894,of:000000000000000c:3 -> of:000000000000000d:3,0.001,0.00125,0.001,0.001,1.33,2026-06-23T02:29:18,0.001,1.33
route_mutation,20260623T022918_348894,of:0000000000000005:2 -> of:0000000000000009:3,0.001,0.00125,0.001,0.001,1.37,2026-06-23T02:29:18,0.001,1.37
route_mutation,20260623T022918_348894,of:0000000000000001:1 -> of:000000000000000b:1,0.001,0.00125,0.001,0.001,1.33,2026-06-23T02:29:18,0.001,1.37
route_mutation,20260623T022918_348894,of:000000000000000b:2 -> of:000000000000000c:2,0.001,0.00125,0.001,0.001,1.3,2026-06-23T02:29:18,0.001,1.33
route_mutation,20260623T022918_348894,of:0000000000000001:2 -> of:000000000000000c:1,0.001,0.00125,0.001,0.001,1.33,2026-06-23T02:29:18,0.001,1.27
route_mutation,20260623T022918_348894,of:0000000000000006:2 -> of:000000000000000a:2,0.001,0.00125,0.001,0.001,1.33,2026-06-23T02:29:18,0.001,1.33
route_mutation,20260623T022918_348894,of:0000000000000001:3 -> of:000000000000000d:1,0.002,0.0025,0.002,0.002,1.47,2026-06-23T02:29:18,0.001,1.33
route_mutation,20260623T022918_348894,of:0000000000000003:1 -> of:000000000000000b:5,0.001,0.00125,0.001,0.001,1.27,2026-06-23T02:29:18,0.001,1.33
route_mutation,20260623T022918_348894,of:0000000000000006:1 -> of:000000000000000d:4,0.001,0.00125,0.001,0.001,1.3,2026-06-23T02:29:18,0.001,1.33
route_mutation,20260623T022918_348894,of:0000000000000007:2 -> of:000000000000000a:3,0.001,0.00125,0.001,0.001,1.33,2026-06-23T02:29:18,0.001,1.33
route_mutation,20260623T022918_348894,of:0000000000000007:1 -> of:000000000000000d:5,0.001,0.00125,0.001,0.001,1.3,2026-06-23T02:29:18,0.001,1.33
route_mutation,20260623T022918_348894,of:0000000000000002:2 -> of:0000000000000008:2,0.001,0.00125,0.001,0.001,1.37,2026-06-23T02:29:18,0.001,1.37
route_mutation,20260623T022918_348894,of:0000000000000003:2 -> of:0000000000000008:3,0.001,0.00125,0.001,0.001,1.37,2026-06-23T02:29:18,0.001,1.37
route_mutation,20260623T022918_348894,of:0000000000000008:1 -> of:000000000000000b:6,0.001,0.00125,0.001,0.001,1.3,2026-06-23T02:29:18,0.001,1.33
route_mutation,20260623T022918_348894,of:0000000000000004:2 -> of:0000000000000009:2,0.001,0.00125,0.001,0.001,1.37,2026-06-23T02:29:18,0.001,1.37
route_mutation,20260623T022918_348894,of:0000000000000002:1 -> of:000000000000000b:4,0.001,0.00125,0.001,0.001,1.37,2026-06-23T02:29:18,0.001,1.33
route_mutation,20260623T022918_348894,of:0000000000000009:1 -> of:000000000000000c:6,0.001,0.00125,0.001,0.001,1.3,2026-06-23T02:29:18,0.001,1.33
route_mutation,20260623T022948_718091,of:0000000000000004:1 -> of:000000000000000c:4,0.002,0.0025,0.002,0.002,2.33,2026-06-23T02:29:48,0.002,2.26
route_mutation,20260623T022948_718091,of:0000000000000005:1 -> of:000000000000000c:5,0.002,0.0025,0.002,0.002,2.06,2026-06-23T02:29:48,0.002,2.0
route_mutation,20260623T022948_718091,of:000000000000000a:1 -> of:000000000000000d:6,0.002,0.0025,0.002,0.002,1.5,2026-06-23T02:29:48,0.002,1.46
route_mutation,20260623T022948_718091,of:000000000000000b:3 -> of:000000000000000d:2,0.002,0.0025,0.002,0.002,1.63,2026-06-23T02:29:48,0.002,1.6
route_mutation,20260623T022948_718091,of:000000000000000c:3 -> of:000000000000000d:3,0.002,0.0025,0.002,0.002,1.6,2026-06-23T02:29:48,0.002,1.6
route_mutation,20260623T022948_718091,of:0000000000000005:2 -> of:0000000000000009:3,0.002,0.0025,0.002,0.002,1.7,2026-06-23T02:29:48,0.002,1.7
route_mutation,20260623T022948_718091,of:0000000000000001:1 -> of:000000000000000b:1,0.003,0.00375,0.003,0.003,3.46,2026-06-23T02:29:48,0.003,3.43
route_mutation,20260623T022948_718091,of:000000000000000b:2 -> of:000000000000000c:2,0.002,0.0025,0.002,0.002,1.63,2026-06-23T02:29:48,0.002,1.6
route_mutation,20260623T022948_718091,of:0000000000000001:2 -> of:000000000000000c:1,0.002,0.0025,0.002,0.002,2.66,2026-06-23T02:29:48,0.002,2.73
route_mutation,20260623T022948_718091,of:0000000000000006:2 -> of:000000000000000a:2,0.002,0.0025,0.002,0.002,1.66,2026-06-23T02:29:48,0.002,1.66
route_mutation,20260623T022948_718091,of:0000000000000001:3 -> of:000000000000000d:1,0.001,0.00125,0.001,0.001,1.4,2026-06-23T02:29:48,0.001,1.46
route_mutation,20260623T022948_718091,of:0000000000000003:1 -> of:000000000000000b:5,0.002,0.0025,0.002,0.002,2.5,2026-06-23T02:29:48,0.002,2.43
route_mutation,20260623T022948_718091,of:0000000000000006:1 -> of:000000000000000d:4,0.002,0.0025,0.002,0.002,1.5,2026-06-23T02:29:48,0.002,1.46
route_mutation,20260623T022948_718091,of:0000000000000007:2 -> of:000000000000000a:3,0.002,0.0025,0.002,0.002,1.66,2026-06-23T02:29:48,0.002,1.66
route_mutation,20260623T022948_718091,of:0000000000000007:1 -> of:000000000000000d:5,0.002,0.0025,0.002,0.002,1.5,2026-06-23T02:29:48,0.002,1.46
route_mutation,20260623T022948_718091,of:0000000000000002:2 -> of:0000000000000008:2,0.002,0.0025,0.002,0.002,1.63,2026-06-23T02:29:48,0.002,1.63
route_mutation,20260623T022948_718091,of:0000000000000003:2 -> of:0000000000000008:3,0.002,0.0025,0.002,0.002,1.63,2026-06-23T02:29:48,0.002,1.63
route_mutation,20260623T022948_718091,of:0000000000000008:1 -> of:000000000000000b:6,0.002,0.0025,0.002,0.002,1.5,2026-06-23T02:29:48,0.002,1.46
route_mutation,20260623T022948_718091,of:0000000000000004:2 -> of:0000000000000009:2,0.002,0.0025,0.002,0.002,1.7,2026-06-23T02:29:48,0.002,1.7
route_mutation,20260623T022948_718091,of:0000000000000002:1 -> of:000000000000000b:4,0.002,0.0025,0.002,0.002,2.4,2026-06-23T02:29:48,0.002,2.43
route_mutation,20260623T022948_718091,of:0000000000000009:1 -> of:000000000000000c:6,0.002,0.0025,0.002,0.002,1.5,2026-06-23T02:29:48,0.002,1.46
ip_shuffle,20260623T023019_045535,of:0000000000000004:1 -> of:000000000000000c:4,0.002,0.0025,0.002,0.002,2.0,2026-06-23T02:30:19,0.002,2.06
ip_shuffle,20260623T023019_045535,of:0000000000000005:1 -> of:000000000000000c:5,0.002,0.0025,0.002,0.002,2.26,2026-06-23T02:30:19,0.002,2.33
ip_shuffle,20260623T023019_045535,of:000000000000000a:1 -> of:000000000000000d:6,0.002,0.0025,0.002,0.002,2.1,2026-06-23T02:30:19,0.002,2.13
ip_shuffle,20260623T023019_045535,of:000000000000000b:3 -> of:000000000000000d:2,0.002,0.0025,0.002,0.002,2.93,2026-06-23T02:30:19,0.002,2.93
ip_shuffle,20260623T023019_045535,of:000000000000000c:3 -> of:000000000000000d:3,0.002,0.0025,0.002,0.002,2.96,2026-06-23T02:30:19,0.002,2.96
ip_shuffle,20260623T023019_045535,of:0000000000000005:2 -> of:0000000000000009:3,0.002,0.0025,0.002,0.002,2.7,2026-06-23T02:30:19,0.002,2.76
ip_shuffle,20260623T023019_045535,of:0000000000000001:1 -> of:000000000000000b:1,0.002,0.0025,0.002,0.002,2.13,2026-06-23T02:30:19,0.002,2.06
ip_shuffle,20260623T023019_045535,of:000000000000000b:2 -> of:000000000000000c:2,0.002,0.0025,0.002,0.002,2.93,2026-06-23T02:30:19,0.002,2.93
ip_shuffle,20260623T023019_045535,of:0000000000000001:2 -> of:000000000000000c:1,0.002,0.0025,0.002,0.002,2.46,2026-06-23T02:30:19,0.002,2.4
ip_shuffle,20260623T023019_045535,of:0000000000000006:2 -> of:000000000000000a:2,0.002,0.0025,0.002,0.002,2.8,2026-06-23T02:30:19,0.002,2.8
ip_shuffle,20260623T023019_045535,of:0000000000000001:3 -> of:000000000000000d:1,0.003,0.00375,0.003,0.003,4.26,2026-06-23T02:30:19,0.003,4.33
ip_shuffle,20260623T023019_045535,of:0000000000000003:1 -> of:000000000000000b:5,0.002,0.0025,0.002,0.002,2.06,2026-06-23T02:30:19,0.002,2.13
ip_shuffle,20260623T023019_045535,of:0000000000000006:1 -> of:000000000000000d:4,0.003,0.00375,0.003,0.003,3.23,2026-06-23T02:30:19,0.003,3.26
ip_shuffle,20260623T023019_045535,of:0000000000000007:2 -> of:000000000000000a:3,0.002,0.0025,0.002,0.002,2.8,2026-06-23T02:30:19,0.002,2.8
ip_shuffle,20260623T023019_045535,of:0000000000000007:1 -> of:000000000000000d:5,0.002,0.0025,0.002,0.002,3.1,2026-06-23T02:30:19,0.002,3.06
ip_shuffle,20260623T023019_045535,of:0000000000000002:2 -> of:0000000000000008:2,0.002,0.0025,0.002,0.002,2.76,2026-06-23T02:30:19,0.002,2.76
ip_shuffle,20260623T023019_045535,of:0000000000000003:2 -> of:0000000000000008:3,0.002,0.0025,0.002,0.002,2.76,2026-06-23T02:30:19,0.002,2.76
ip_shuffle,20260623T023019_045535,of:0000000000000008:1 -> of:000000000000000b:6,0.002,0.0025,0.002,0.002,2.03,2026-06-23T02:30:19,0.002,2.06
ip_shuffle,20260623T023019_045535,of:0000000000000004:2 -> of:0000000000000009:2,0.002,0.0025,0.002,0.002,2.7,2026-06-23T02:30:19,0.002,2.76
ip_shuffle,20260623T023019_045535,of:0000000000000002:1 -> of:000000000000000b:4,0.002,0.0025,0.002,0.002,2.06,2026-06-23T02:30:19,0.002,2.13
ip_shuffle,20260623T023019_045535,of:0000000000000009:1 -> of:000000000000000c:6,0.002,0.0025,0.002,0.002,2.03,2026-06-23T02:30:19,0.002,2.13
route_mutation,20260623T023116_725960,of:0000000000000004:1 -> of:000000000000000c:4,0.002,0.0025,0.002,0.002,2.06,2026-06-23T02:31:16,0.002,2.1
route_mutation,20260623T023116_725960,of:0000000000000005:1 -> of:000000000000000c:5,0.002,0.0025,0.002,0.002,1.53,2026-06-23T02:31:16,0.002,1.53
route_mutation,20260623T023116_725960,of:000000000000000a:1 -> of:000000000000000d:6,0.002,0.0025,0.002,0.002,1.53,2026-06-23T02:31:16,0.002,1.53
route_mutation,20260623T023116_725960,of:000000000000000b:3 -> of:000000000000000d:2,0.002,0.0025,0.002,0.002,1.73,2026-06-23T02:31:16,0.002,1.73
route_mutation,20260623T023116_725960,of:000000000000000c:3 -> of:000000000000000d:3,0.002,0.0025,0.002,0.002,1.73,2026-06-23T02:31:16,0.002,1.73
route_mutation,20260623T023116_725960,of:0000000000000005:2 -> of:0000000000000009:3,0.002,0.0025,0.002,0.002,1.73,2026-06-23T02:31:16,0.002,1.73
route_mutation,20260623T023116_725960,of:0000000000000001:1 -> of:000000000000000b:1,0.003,0.00375,0.003,0.003,3.53,2026-06-23T02:31:16,0.003,3.53
route_mutation,20260623T023116_725960,of:000000000000000b:2 -> of:000000000000000c:2,0.002,0.0025,0.002,0.002,1.73,2026-06-23T02:31:16,0.002,1.73
route_mutation,20260623T023116_725960,of:0000000000000001:2 -> of:000000000000000c:1,0.002,0.0025,0.002,0.002,2.03,2026-06-23T02:31:16,0.002,2.0
route_mutation,20260623T023116_725960,of:0000000000000006:2 -> of:000000000000000a:2,0.002,0.0025,0.002,0.002,1.73,2026-06-23T02:31:16,0.002,1.73
route_mutation,20260623T023116_725960,of:0000000000000001:3 -> of:000000000000000d:1,0.001,0.00125,0.001,0.001,1.46,2026-06-23T02:31:16,0.001,1.46
route_mutation,20260623T023116_725960,of:0000000000000003:1 -> of:000000000000000b:5,0.002,0.0025,0.002,0.002,2.49,2026-06-23T02:31:16,0.002,2.49
route_mutation,20260623T023116_725960,of:0000000000000006:1 -> of:000000000000000d:4,0.002,0.0025,0.002,0.002,1.53,2026-06-23T02:31:16,0.002,1.53
route_mutation,20260623T023116_725960,of:0000000000000007:2 -> of:000000000000000a:3,0.002,0.0025,0.002,0.002,1.73,2026-06-23T02:31:16,0.002,1.73
route_mutation,20260623T023116_725960,of:0000000000000007:1 -> of:000000000000000d:5,0.002,0.0025,0.002,0.002,1.53,2026-06-23T02:31:16,0.002,1.53
route_mutation,20260623T023116_725960,of:0000000000000002:2 -> of:0000000000000008:2,0.002,0.0025,0.002,0.002,1.66,2026-06-23T02:31:16,0.002,1.66
route_mutation,20260623T023116_725960,of:0000000000000003:2 -> of:0000000000000008:3,0.002,0.0025,0.002,0.002,1.66,2026-06-23T02:31:16,0.002,1.66
route_mutation,20260623T023116_725960,of:0000000000000008:1 -> of:000000000000000b:6,0.002,0.0025,0.002,0.002,1.53,2026-06-23T02:31:16,0.002,1.53
route_mutation,20260623T023116_725960,of:0000000000000004:2 -> of:0000000000000009:2,0.002,0.0025,0.002,0.002,1.73,2026-06-23T02:31:16,0.002,1.73
route_mutation,20260623T023116_725960,of:0000000000000002:1 -> of:000000000000000b:4,0.002,0.0025,0.002,0.002,2.49,2026-06-23T02:31:16,0.002,2.49
route_mutation,20260623T023116_725960,of:0000000000000009:1 -> of:000000000000000c:6,0.002,0.0025,0.002,0.002,1.53,2026-06-23T02:31:16,0.002,1.53
ip_shuffle,20260623T023147_036312,of:0000000000000004:1 -> of:000000000000000c:4,0.002,0.0025,0.002,0.002,2.13,2026-06-23T02:31:47,0.002,2.13
ip_shuffle,20260623T023147_036312,of:0000000000000005:1 -> of:000000000000000c:5,0.002,0.0025,0.002,0.002,2.66,2026-06-23T02:31:47,0.002,2.69
ip_shuffle,20260623T023147_036312,of:000000000000000a:1 -> of:000000000000000d:6,0.002,0.0025,0.002,0.002,1.96,2026-06-23T02:31:47,0.002,1.96
ip_shuffle,20260623T023147_036312,of:000000000000000b:3 -> of:000000000000000d:2,0.002,0.0025,0.002,0.002,2.59,2026-06-23T02:31:47,0.002,2.59
ip_shuffle,20260623T023147_036312,of:000000000000000c:3 -> of:000000000000000d:3,0.002,0.0025,0.002,0.002,2.59,2026-06-23T02:31:47,0.002,2.59
ip_shuffle,20260623T023147_036312,of:0000000000000005:2 -> of:0000000000000009:3,0.002,0.0025,0.002,0.002,2.46,2026-06-23T02:31:47,0.002,2.46
ip_shuffle,20260623T023147_036312,of:0000000000000001:1 -> of:000000000000000b:1,0.002,0.0025,0.002,0.002,1.96,2026-06-23T02:31:47,0.002,1.9
ip_shuffle,20260623T023147_036312,of:000000000000000b:2 -> of:000000000000000c:2,0.002,0.0025,0.002,0.002,2.59,2026-06-23T02:31:47,0.002,2.59
ip_shuffle,20260623T023147_036312,of:0000000000000001:2 -> of:000000000000000c:1,0.003,0.00375,0.003,0.003,2.99,2026-06-23T02:31:47,0.003,2.96
ip_shuffle,20260623T023147_036312,of:0000000000000006:2 -> of:000000000000000a:2,0.002,0.0025,0.002,0.002,2.49,2026-06-23T02:31:47,0.002,2.49
ip_shuffle,20260623T023147_036312,of:0000000000000001:3 -> of:000000000000000d:1,0.003,0.00375,0.003,0.003,3.56,2026-06-23T02:31:47,0.003,3.63
ip_shuffle,20260623T023147_036312,of:0000000000000003:1 -> of:000000000000000b:5,0.002,0.0025,0.002,0.002,1.9,2026-06-23T02:31:47,0.002,1.96
ip_shuffle,20260623T023147_036312,of:0000000000000006:1 -> of:000000000000000d:4,0.003,0.00375,0.003,0.003,3.06,2026-06-23T02:31:47,0.003,3.09
ip_shuffle,20260623T023147_036312,of:0000000000000007:2 -> of:000000000000000a:3,0.002,0.0025,0.002,0.002,2.49,2026-06-23T02:31:47,0.002,2.49
ip_shuffle,20260623T023147_036312,of:0000000000000007:1 -> of:000000000000000d:5,0.002,0.0025,0.002,0.002,2.43,2026-06-23T02:31:47,0.002,2.39
ip_shuffle,20260623T023147_036312,of:0000000000000002:2 -> of:0000000000000008:2,0.002,0.0025,0.002,0.002,2.43,2026-06-23T02:31:47,0.002,2.43
ip_shuffle,20260623T023147_036312,of:0000000000000003:2 -> of:0000000000000008:3,0.002,0.0025,0.002,0.002,2.43,2026-06-23T02:31:47,0.002,2.43
ip_shuffle,20260623T023147_036312,of:0000000000000008:1 -> of:000000000000000b:6,0.002,0.0025,0.002,0.002,1.86,2026-06-23T02:31:47,0.002,1.9
ip_shuffle,20260623T023147_036312,of:0000000000000004:2 -> of:0000000000000009:2,0.002,0.0025,0.002,0.002,2.46,2026-06-23T02:31:47,0.002,2.46
ip_shuffle,20260623T023147_036312,of:0000000000000002:1 -> of:000000000000000b:4,0.002,0.0025,0.002,0.002,1.9,2026-06-23T02:31:47,0.002,1.96
ip_shuffle,20260623T023147_036312,of:0000000000000009:1 -> of:000000000000000c:6,0.002,0.0025,0.002,0.002,1.93,2026-06-23T02:31:47,0.002,1.96
ip_shuffle,20260623T023244_756318,of:0000000000000004:1 -> of:000000000000000c:4,0.002,0.0025,0.002,0.002,1.5,2026-06-23T02:32:44,0.002,1.53
ip_shuffle,20260623T023244_756318,of:0000000000000005:1 -> of:000000000000000c:5,0.002,0.0025,0.002,0.002,1.5,2026-06-23T02:32:44,0.002,1.53
ip_shuffle,20260623T023244_756318,of:000000000000000a:1 -> of:000000000000000d:6,0.001,0.00125,0.001,0.001,1.46,2026-06-23T02:32:44,0.001,1.46
ip_shuffle,20260623T023244_756318,of:000000000000000b:3 -> of:000000000000000d:2,0.002,0.0025,0.002,0.002,1.66,2026-06-23T02:32:44,0.002,1.66
ip_shuffle,20260623T023244_756318,of:000000000000000c:3 -> of:000000000000000d:3,0.002,0.0025,0.002,0.002,1.66,2026-06-23T02:32:44,0.002,1.66
ip_shuffle,20260623T023244_756318,of:0000000000000005:2 -> of:0000000000000009:3,0.002,0.0025,0.002,0.002,1.7,2026-06-23T02:32:44,0.002,1.7
ip_shuffle,20260623T023244_756318,of:0000000000000001:1 -> of:000000000000000b:1,0.003,0.00375,0.003,0.003,3.36,2026-06-23T02:32:44,0.003,3.39
ip_shuffle,20260623T023244_756318,of:000000000000000b:2 -> of:000000000000000c:2,0.002,0.0025,0.002,0.002,1.73,2026-06-23T02:32:44,0.002,1.73
ip_shuffle,20260623T023244_756318,of:0000000000000001:2 -> of:000000000000000c:1,0.001,0.00125,0.001,0.001,1.46,2026-06-23T02:32:44,0.001,1.43
ip_shuffle,20260623T023244_756318,of:0000000000000006:2 -> of:000000000000000a:2,0.002,0.0025,0.002,0.002,1.73,2026-06-23T02:32:44,0.002,1.73
ip_shuffle,20260623T023244_756318,of:0000000000000001:3 -> of:000000000000000d:1,0.001,0.00125,0.001,0.001,1.4,2026-06-23T02:32:44,0.001,1.36
ip_shuffle,20260623T023244_756318,of:0000000000000003:1 -> of:000000000000000b:5,0.002,0.0025,0.002,0.002,2.36,2026-06-23T02:32:44,0.002,2.33
ip_shuffle,20260623T023244_756318,of:0000000000000006:1 -> of:000000000000000d:4,0.001,0.00125,0.001,0.001,1.46,2026-06-23T02:32:44,0.001,1.46
ip_shuffle,20260623T023244_756318,of:0000000000000007:2 -> of:000000000000000a:3,0.002,0.0025,0.002,0.002,1.73,2026-06-23T02:32:44,0.002,1.73
ip_shuffle,20260623T023244_756318,of:0000000000000007:1 -> of:000000000000000d:5,0.001,0.00125,0.001,0.001,1.46,2026-06-23T02:32:44,0.001,1.46
ip_shuffle,20260623T023244_756318,of:0000000000000002:2 -> of:0000000000000008:2,0.002,0.0025,0.002,0.002,1.63,2026-06-23T02:32:44,0.002,1.63
ip_shuffle,20260623T023244_756318,of:0000000000000003:2 -> of:0000000000000008:3,0.002,0.0025,0.002,0.002,1.63,2026-06-23T02:32:44,0.002,1.63
ip_shuffle,20260623T023244_756318,of:0000000000000008:1 -> of:000000000000000b:6,0.002,0.0025,0.002,0.002,1.53,2026-06-23T02:32:44,0.002,1.53
ip_shuffle,20260623T023244_756318,of:0000000000000004:2 -> of:0000000000000009:2,0.002,0.0025,0.002,0.002,1.7,2026-06-23T02:32:44,0.002,1.7
ip_shuffle,20260623T023244_756318,of:0000000000000002:1 -> of:000000000000000b:4,0.002,0.0025,0.002,0.002,2.46,2026-06-23T02:32:44,0.002,2.5
ip_shuffle,20260623T023244_756318,of:0000000000000009:1 -> of:000000000000000c:6,0.002,0.0025,0.002,0.002,1.53,2026-06-23T02:32:44,0.002,1.53
ip_shuffle,20260623T023348_837917,of:0000000000000004:1 -> of:000000000000000c:4,0.002,0.0025,0.002,0.002,1.9,2026-06-23T02:33:48,0.002,1.93
ip_shuffle,20260623T023348_837917,of:0000000000000005:1 -> of:000000000000000c:5,0.002,0.0025,0.002,0.002,1.9,2026-06-23T02:33:48,0.002,1.93
ip_shuffle,20260623T023348_837917,of:000000000000000a:1 -> of:000000000000000d:6,0.002,0.0025,0.002,0.002,1.93,2026-06-23T02:33:48,0.002,1.93
ip_shuffle,20260623T023348_837917,of:000000000000000b:3 -> of:000000000000000d:2,0.002,0.0025,0.002,0.002,2.6,2026-06-23T02:33:48,0.002,2.6
ip_shuffle,20260623T023348_837917,of:000000000000000c:3 -> of:000000000000000d:3,0.002,0.0025,0.002,0.002,2.6,2026-06-23T02:33:48,0.002,2.6
ip_shuffle,20260623T023348_837917,of:0000000000000005:2 -> of:0000000000000009:3,0.002,0.0025,0.002,0.002,2.56,2026-06-23T02:33:48,0.002,2.56
ip_shuffle,20260623T023348_837917,of:0000000000000001:1 -> of:000000000000000b:1,0.002,0.0025,0.002,0.002,1.93,2026-06-23T02:33:48,0.002,1.86
ip_shuffle,20260623T023348_837917,of:000000000000000b:2 -> of:000000000000000c:2,0.002,0.0025,0.002,0.002,2.53,2026-06-23T02:33:48,0.002,2.53
ip_shuffle,20260623T023348_837917,of:0000000000000001:2 -> of:000000000000000c:1,0.002,0.0025,0.002,0.002,1.93,2026-06-23T02:33:48,0.002,1.86
ip_shuffle,20260623T023348_837917,of:0000000000000006:2 -> of:000000000000000a:2,0.002,0.0025,0.002,0.002,2.56,2026-06-23T02:33:48,0.002,2.56
ip_shuffle,20260623T023348_837917,of:0000000000000001:3 -> of:000000000000000d:1,0.003,0.00375,0.003,0.003,3.66,2026-06-23T02:33:48,0.003,3.73
ip_shuffle,20260623T023348_837917,of:0000000000000003:1 -> of:000000000000000b:5,0.002,0.0025,0.002,0.002,1.86,2026-06-23T02:33:48,0.002,1.93
ip_shuffle,20260623T023348_837917,of:0000000000000006:1 -> of:000000000000000d:4,0.002,0.0025,0.002,0.002,2.5,2026-06-23T02:33:48,0.002,2.56
ip_shuffle,20260623T023348_837917,of:0000000000000007:2 -> of:000000000000000a:3,0.002,0.0025,0.002,0.002,2.56,2026-06-23T02:33:48,0.002,2.56
ip_shuffle,20260623T023348_837917,of:0000000000000007:1 -> of:000000000000000d:5,0.003,0.00375,0.003,0.003,3.23,2026-06-23T02:33:48,0.003,3.13
ip_shuffle,20260623T023348_837917,of:0000000000000002:2 -> of:0000000000000008:2,0.002,0.0025,0.002,0.002,2.53,2026-06-23T02:33:48,0.002,2.53
ip_shuffle,20260623T023348_837917,of:0000000000000003:2 -> of:0000000000000008:3,0.002,0.0025,0.002,0.002,2.53,2026-06-23T02:33:48,0.002,2.53
ip_shuffle,20260623T023348_837917,of:0000000000000008:1 -> of:000000000000000b:6,0.002,0.0025,0.002,0.002,1.86,2026-06-23T02:33:48,0.002,1.86
ip_shuffle,20260623T023348_837917,of:0000000000000004:2 -> of:0000000000000009:2,0.002,0.0025,0.002,0.002,2.56,2026-06-23T02:33:48,0.002,2.56
ip_shuffle,20260623T023348_837917,of:0000000000000002:1 -> of:000000000000000b:4,0.002,0.0025,0.002,0.002,1.86,2026-06-23T02:33:48,0.002,1.93
ip_shuffle,20260623T023348_837917,of:0000000000000009:1 -> of:000000000000000c:6,0.002,0.0025,0.002,0.002,1.86,2026-06-23T02:33:48,0.002,1.86
route_mutation,20260623T023446_588213,of:0000000000000004:1 -> of:000000000000000c:4,0.002,0.0025,0.002,0.002,2.26,2026-06-23T02:34:46,0.002,2.26
route_mutation,20260623T023446_588213,of:0000000000000005:1 -> of:000000000000000c:5,0.002,0.0025,0.002,0.002,1.6,2026-06-23T02:34:46,0.002,1.6
route_mutation,20260623T023446_588213,of:000000000000000a:1 -> of:000000000000000d:6,0.002,0.0025,0.002,0.002,1.53,2026-06-23T02:34:46,0.002,1.53
route_mutation,20260623T023446_588213,of:000000000000000b:3 -> of:000000000000000d:2,0.002,0.0025,0.002,0.002,1.73,2026-06-23T02:34:46,0.002,1.73
route_mutation,20260623T023446_588213,of:000000000000000c:3 -> of:000000000000000d:3,0.002,0.0025,0.002,0.002,1.73,2026-06-23T02:34:46,0.002,1.73
route_mutation,20260623T023446_588213,of:0000000000000005:2 -> of:0000000000000009:3,0.002,0.0025,0.002,0.002,1.66,2026-06-23T02:34:46,0.002,1.66
route_mutation,20260623T023446_588213,of:0000000000000001:1 -> of:000000000000000b:1,0.003,0.00375,0.003,0.003,3.63,2026-06-23T02:34:46,0.003,3.63
route_mutation,20260623T023446_588213,of:000000000000000b:2 -> of:000000000000000c:2,0.002,0.0025,0.002,0.002,1.76,2026-06-23T02:34:46,0.002,1.76
route_mutation,20260623T023446_588213,of:0000000000000001:2 -> of:000000000000000c:1,0.002,0.0025,0.002,0.002,2.43,2026-06-23T02:34:46,0.002,2.43
route_mutation,20260623T023446_588213,of:0000000000000006:2 -> of:000000000000000a:2,0.002,0.0025,0.002,0.002,1.66,2026-06-23T02:34:46,0.002,1.66
route_mutation,20260623T023446_588213,of:0000000000000001:3 -> of:000000000000000d:1,0.002,0.0025,0.002,0.002,1.53,2026-06-23T02:34:46,0.002,1.53
route_mutation,20260623T023446_588213,of:0000000000000003:1 -> of:000000000000000b:5,0.002,0.0025,0.002,0.002,2.5,2026-06-23T02:34:46,0.002,2.5
route_mutation,20260623T023446_588213,of:0000000000000006:1 -> of:000000000000000d:4,0.001,0.00125,0.001,0.001,1.47,2026-06-23T02:34:46,0.001,1.47
route_mutation,20260623T023446_588213,of:0000000000000007:2 -> of:000000000000000a:3,0.002,0.0025,0.002,0.002,1.66,2026-06-23T02:34:46,0.002,1.66
route_mutation,20260623T023446_588213,of:0000000000000007:1 -> of:000000000000000d:5,0.001,0.00125,0.001,0.001,1.47,2026-06-23T02:34:46,0.001,1.47
route_mutation,20260623T023446_588213,of:0000000000000002:2 -> of:0000000000000008:2,0.002,0.0025,0.002,0.002,1.7,2026-06-23T02:34:46,0.002,1.7
route_mutation,20260623T023446_588213,of:0000000000000003:2 -> of:0000000000000008:3,0.002,0.0025,0.002,0.002,1.7,2026-06-23T02:34:46,0.002,1.7
route_mutation,20260623T023446_588213,of:0000000000000008:1 -> of:000000000000000b:6,0.002,0.0025,0.002,0.002,1.53,2026-06-23T02:34:46,0.002,1.53
route_mutation,20260623T023446_588213,of:0000000000000004:2 -> of:0000000000000009:2,0.002,0.0025,0.002,0.002,1.66,2026-06-23T02:34:46,0.002,1.66
route_mutation,20260623T023446_588213,of:0000000000000002:1 -> of:000000000000000b:4,0.002,0.0025,0.002,0.002,2.5,2026-06-23T02:34:46,0.002,2.5
route_mutation,20260623T023446_588213,of:0000000000000009:1 -> of:000000000000000c:6,0.002,0.0025,0.002,0.002,1.57,2026-06-23T02:34:46,0.002,1.57
ip_shuffle,20260623T023516_964074,of:0000000000000004:1 -> of:000000000000000c:4,0.002,0.0025,0.002,0.002,1.93,2026-06-23T02:35:16,0.002,1.96
ip_shuffle,20260623T023516_964074,of:0000000000000005:1 -> of:000000000000000c:5,0.002,0.0025,0.002,0.002,2.6,2026-06-23T02:35:16,0.002,2.63
ip_shuffle,20260623T023516_964074,of:000000000000000a:1 -> of:000000000000000d:6,0.002,0.0025,0.002,0.002,1.96,2026-06-23T02:35:16,0.002,2.0
ip_shuffle,20260623T023516_964074,of:000000000000000b:3 -> of:000000000000000d:2,0.002,0.0025,0.002,0.002,2.7,2026-06-23T02:35:16,0.002,2.7
ip_shuffle,20260623T023516_964074,of:000000000000000c:3 -> of:000000000000000d:3,0.002,0.0025,0.002,0.002,2.7,2026-06-23T02:35:16,0.002,2.7
ip_shuffle,20260623T023516_964074,of:0000000000000005:2 -> of:0000000000000009:3,0.002,0.0025,0.002,0.002,2.63,2026-06-23T02:35:16,0.002,2.63
ip_shuffle,20260623T023516_964074,of:0000000000000001:1 -> of:000000000000000b:1,0.002,0.0025,0.002,0.002,1.96,2026-06-23T02:35:16,0.002,1.9
ip_shuffle,20260623T023516_964074,of:000000000000000b:2 -> of:000000000000000c:2,0.002,0.0025,0.002,0.002,2.6,2026-06-23T02:35:16,0.002,2.6
ip_shuffle,20260623T023516_964074,of:0000000000000001:2 -> of:000000000000000c:1,0.002,0.0025,0.002,0.002,2.7,2026-06-23T02:35:16,0.002,2.63
ip_shuffle,20260623T023516_964074,of:0000000000000006:2 -> of:000000000000000a:2,0.002,0.0025,0.002,0.002,2.63,2026-06-23T02:35:16,0.002,2.63
ip_shuffle,20260623T023516_964074,of:0000000000000001:3 -> of:000000000000000d:1,0.003,0.00375,0.003,0.003,3.83,2026-06-23T02:35:16,0.003,3.96
ip_shuffle,20260623T023516_964074,of:0000000000000003:1 -> of:000000000000000b:5,0.002,0.0025,0.002,0.002,1.93,2026-06-23T02:35:16,0.002,1.96
ip_shuffle,20260623T023516_964074,of:0000000000000006:1 -> of:000000000000000d:4,0.003,0.00375,0.003,0.003,3.2,2026-06-23T02:35:16,0.003,3.26
ip_shuffle,20260623T023516_964074,of:0000000000000007:2 -> of:000000000000000a:3,0.002,0.0025,0.002,0.002,2.66,2026-06-23T02:35:16,0.002,2.66
ip_shuffle,20260623T023516_964074,of:0000000000000007:1 -> of:000000000000000d:5,0.002,0.0025,0.002,0.002,2.76,2026-06-23T02:35:16,0.002,2.7
ip_shuffle,20260623T023516_964074,of:0000000000000002:2 -> of:0000000000000008:2,0.002,0.0025,0.002,0.002,2.63,2026-06-23T02:35:16,0.002,2.63
ip_shuffle,20260623T023516_964074,of:0000000000000003:2 -> of:0000000000000008:3,0.002,0.0025,0.002,0.002,2.63,2026-06-23T02:35:16,0.002,2.63
ip_shuffle,20260623T023516_964074,of:0000000000000008:1 -> of:000000000000000b:6,0.002,0.0025,0.002,0.002,1.9,2026-06-23T02:35:16,0.002,1.9
ip_shuffle,20260623T023516_964074,of:0000000000000004:2 -> of:0000000000000009:2,0.002,0.0025,0.002,0.002,2.63,2026-06-23T02:35:16,0.002,2.63
ip_shuffle,20260623T023516_964074,of:0000000000000002:1 -> of:000000000000000b:4,0.002,0.0025,0.002,0.002,1.93,2026-06-23T02:35:16,0.002,1.96
ip_shuffle,20260623T023516_964074,of:0000000000000009:1 -> of:000000000000000c:6,0.002,0.0025,0.002,0.002,1.9,2026-06-23T02:35:16,0.002,1.9
ip_shuffle,20260623T023614_763006,of:0000000000000004:1 -> of:000000000000000c:4,0.002,0.0025,0.002,0.002,1.5,2026-06-23T02:36:14,0.002,1.5
ip_shuffle,20260623T023614_763006,of:0000000000000005:1 -> of:000000000000000c:5,0.001,0.00125,0.001,0.001,1.47,2026-06-23T02:36:14,0.001,1.47
ip_shuffle,20260623T023614_763006,of:000000000000000a:1 -> of:000000000000000d:6,0.002,0.0025,0.002,0.002,1.53,2026-06-23T02:36:14,0.002,1.53
ip_shuffle,20260623T023614_763006,of:000000000000000b:3 -> of:000000000000000d:2,0.002,0.0025,0.002,0.002,1.73,2026-06-23T02:36:14,0.002,1.73
ip_shuffle,20260623T023614_763006,of:000000000000000c:3 -> of:000000000000000d:3,0.002,0.0025,0.002,0.002,1.73,2026-06-23T02:36:14,0.002,1.73
ip_shuffle,20260623T023614_763006,of:0000000000000005:2 -> of:0000000000000009:3,0.002,0.0025,0.002,0.002,1.66,2026-06-23T02:36:14,0.002,1.66
ip_shuffle,20260623T023614_763006,of:0000000000000001:1 -> of:000000000000000b:1,0.003,0.00375,0.003,0.003,3.43,2026-06-23T02:36:14,0.003,3.53
ip_shuffle,20260623T023614_763006,of:000000000000000b:2 -> of:000000000000000c:2,0.002,0.0025,0.002,0.002,1.73,2026-06-23T02:36:14,0.002,1.73
ip_shuffle,20260623T023614_763006,of:0000000000000001:2 -> of:000000000000000c:1,0.002,0.0025,0.002,0.002,1.56,2026-06-23T02:36:14,0.002,1.53
ip_shuffle,20260623T023614_763006,of:0000000000000006:2 -> of:000000000000000a:2,0.002,0.0025,0.002,0.002,1.66,2026-06-23T02:36:14,0.002,1.66
ip_shuffle,20260623T023614_763006,of:0000000000000001:3 -> of:000000000000000d:1,0.002,0.0025,0.002,0.002,1.53,2026-06-23T02:36:14,0.002,1.5
ip_shuffle,20260623T023614_763006,of:0000000000000003:1 -> of:000000000000000b:5,0.002,0.0025,0.002,0.002,2.43,2026-06-23T02:36:14,0.002,2.33
ip_shuffle,20260623T023614_763006,of:0000000000000006:1 -> of:000000000000000d:4,0.001,0.00125,0.001,0.001,1.47,2026-06-23T02:36:14,0.001,1.47
ip_shuffle,20260623T023614_763006,of:0000000000000007:2 -> of:000000000000000a:3,0.002,0.0025,0.002,0.002,1.66,2026-06-23T02:36:14,0.002,1.66
ip_shuffle,20260623T023614_763006,of:0000000000000007:1 -> of:000000000000000d:5,0.001,0.00125,0.001,0.001,1.47,2026-06-23T02:36:14,0.001,1.47
ip_shuffle,20260623T023614_763006,of:0000000000000002:2 -> of:0000000000000008:2,0.002,0.0025,0.002,0.002,1.63,2026-06-23T02:36:14,0.002,1.63
ip_shuffle,20260623T023614_763006,of:0000000000000003:2 -> of:0000000000000008:3,0.002,0.0025,0.002,0.002,1.63,2026-06-23T02:36:14,0.002,1.63
ip_shuffle,20260623T023614_763006,of:0000000000000008:1 -> of:000000000000000b:6,0.002,0.0025,0.002,0.002,1.53,2026-06-23T02:36:14,0.002,1.53
ip_shuffle,20260623T023614_763006,of:0000000000000004:2 -> of:0000000000000009:2,0.002,0.0025,0.002,0.002,1.66,2026-06-23T02:36:14,0.002,1.66
ip_shuffle,20260623T023614_763006,of:0000000000000002:1 -> of:000000000000000b:4,0.002,0.0025,0.002,0.002,2.46,2026-06-23T02:36:14,0.002,2.5
ip_shuffle,20260623T023614_763006,of:0000000000000009:1 -> of:000000000000000c:6,0.002,0.0025,0.002,0.002,1.53,2026-06-23T02:36:14,0.002,1.53
ip_shuffle,20260623T023712_311284,of:0000000000000004:1 -> of:000000000000000c:4,0.002,0.0025,0.002,0.002,1.83,2026-06-23T02:37:12,0.002,1.8
ip_shuffle,20260623T023712_311284,of:0000000000000005:1 -> of:000000000000000c:5,0.002,0.0025,0.002,0.002,1.83,2026-06-23T02:37:12,0.002,1.8
ip_shuffle,20260623T023712_311284,of:000000000000000a:1 -> of:000000000000000d:6,0.002,0.0025,0.002,0.002,1.73,2026-06-23T02:37:12,0.002,1.7
ip_shuffle,20260623T023712_311284,of:000000000000000b:3 -> of:000000000000000d:2,0.002,0.0025,0.002,0.002,2.16,2026-06-23T02:37:12,0.002,2.16
ip_shuffle,20260623T023712_311284,of:000000000000000c:3 -> of:000000000000000d:3,0.002,0.0025,0.002,0.002,2.16,2026-06-23T02:37:12,0.002,2.16
ip_shuffle,20260623T023712_311284,of:0000000000000005:2 -> of:0000000000000009:3,0.002,0.0025,0.002,0.002,2.3,2026-06-23T02:37:12,0.002,2.3
ip_shuffle,20260623T023712_311284,of:0000000000000001:1 -> of:000000000000000b:1,0.002,0.0025,0.002,0.002,1.73,2026-06-23T02:37:12,0.002,1.8
ip_shuffle,20260623T023712_311284,of:000000000000000b:2 -> of:000000000000000c:2,0.002,0.0025,0.002,0.002,2.26,2026-06-23T02:37:12,0.002,2.26
ip_shuffle,20260623T023712_311284,of:0000000000000001:2 -> of:000000000000000c:1,0.002,0.0025,0.002,0.002,1.73,2026-06-23T02:37:12,0.002,1.8
ip_shuffle,20260623T023712_311284,of:0000000000000006:2 -> of:000000000000000a:2,0.002,0.0025,0.002,0.002,2.3,2026-06-23T02:37:12,0.002,2.3
ip_shuffle,20260623T023712_311284,of:0000000000000001:3 -> of:000000000000000d:1,0.003,0.00375,0.003,0.003,3.16,2026-06-23T02:37:12,0.003,3.1
ip_shuffle,20260623T023712_311284,of:0000000000000003:1 -> of:000000000000000b:5,0.002,0.0025,0.002,0.002,1.83,2026-06-23T02:37:12,0.002,1.8
ip_shuffle,20260623T023712_311284,of:0000000000000006:1 -> of:000000000000000d:4,0.002,0.0025,0.002,0.002,2.0,2026-06-23T02:37:12,0.002,1.93
ip_shuffle,20260623T023712_311284,of:0000000000000007:2 -> of:000000000000000a:3,0.002,0.0025,0.002,0.002,2.26,2026-06-23T02:37:12,0.002,2.26
ip_shuffle,20260623T023712_311284,of:0000000000000007:1 -> of:000000000000000d:5,0.003,0.00375,0.003,0.003,3.03,2026-06-23T02:37:12,0.003,3.06
ip_shuffle,20260623T023712_311284,of:0000000000000002:2 -> of:0000000000000008:2,0.002,0.0025,0.002,0.002,2.3,2026-06-23T02:37:12,0.002,2.3
ip_shuffle,20260623T023712_311284,of:0000000000000003:2 -> of:0000000000000008:3,0.002,0.0025,0.002,0.002,2.3,2026-06-23T02:37:12,0.002,2.3
ip_shuffle,20260623T023712_311284,of:0000000000000008:1 -> of:000000000000000b:6,0.002,0.0025,0.002,0.002,1.8,2026-06-23T02:37:12,0.002,1.8
ip_shuffle,20260623T023712_311284,of:0000000000000004:2 -> of:0000000000000009:2,0.002,0.0025,0.002,0.002,2.3,2026-06-23T02:37:12,0.002,2.3
ip_shuffle,20260623T023712_311284,of:0000000000000002:1 -> of:000000000000000b:4,0.002,0.0025,0.002,0.002,1.83,2026-06-23T02:37:12,0.002,1.8
ip_shuffle,20260623T023712_311284,of:0000000000000009:1 -> of:000000000000000c:6,0.002,0.0025,0.002,0.002,1.8,2026-06-23T02:37:12,0.002,1.8
route_mutation,20260623T023810_073919,of:0000000000000004:1 -> of:000000000000000c:4,0.002,0.0025,0.002,0.002,2.4,2026-06-23T02:38:10,0.002,2.46
route_mutation,20260623T023810_073919,of:0000000000000005:1 -> of:000000000000000c:5,0.002,0.0025,0.002,0.002,2.4,2026-06-23T02:38:10,0.002,2.46
route_mutation,20260623T023810_073919,of:000000000000000a:1 -> of:000000000000000d:6,0.002,0.0025,0.002,0.002,1.63,2026-06-23T02:38:10,0.002,1.66
route_mutation,20260623T023810_073919,of:000000000000000b:3 -> of:000000000000000d:2,0.002,0.0025,0.002,0.002,2.03,2026-06-23T02:38:10,0.002,2.03
route_mutation,20260623T023810_073919,of:000000000000000c:3 -> of:000000000000000d:3,0.002,0.0025,0.002,0.002,2.06,2026-06-23T02:38:10,0.002,2.06
route_mutation,20260623T023810_073919,of:0000000000000005:2 -> of:0000000000000009:3,0.002,0.0025,0.002,0.002,1.96,2026-06-23T02:38:10,0.002,1.96
route_mutation,20260623T023810_073919,of:0000000000000001:1 -> of:000000000000000b:1,0.002,0.0025,0.002,0.002,2.2,2026-06-23T02:38:10,0.002,2.2
route_mutation,20260623T023810_073919,of:000000000000000b:2 -> of:000000000000000c:2,0.002,0.0025,0.002,0.002,1.96,2026-06-23T02:38:10,0.002,1.96
route_mutation,20260623T023810_073919,of:0000000000000001:2 -> of:000000000000000c:1,0.003,0.00375,0.003,0.003,3.26,2026-06-23T02:38:10,0.003,3.2
route_mutation,20260623T023810_073919,of:0000000000000006:2 -> of:000000000000000a:2,0.002,0.0025,0.002,0.002,2.0,2026-06-23T02:38:10,0.002,2.0
route_mutation,20260623T023810_073919,of:0000000000000001:3 -> of:000000000000000d:1,0.002,0.0025,0.002,0.002,2.43,2026-06-23T02:38:10,0.002,2.5
route_mutation,20260623T023810_073919,of:0000000000000003:1 -> of:000000000000000b:5,0.002,0.0025,0.002,0.002,2.2,2026-06-23T02:38:10,0.002,2.2
route_mutation,20260623T023810_073919,of:0000000000000006:1 -> of:000000000000000d:4,0.002,0.0025,0.002,0.002,2.53,2026-06-23T02:38:10,0.002,2.5
route_mutation,20260623T023810_073919,of:0000000000000007:2 -> of:000000000000000a:3,0.002,0.0025,0.002,0.002,1.93,2026-06-23T02:38:10,0.002,1.93
route_mutation,20260623T023810_073919,of:0000000000000007:1 -> of:000000000000000d:5,0.002,0.0025,0.002,0.002,1.63,2026-06-23T02:38:10,0.002,1.66
route_mutation,20260623T023810_073919,of:0000000000000002:2 -> of:0000000000000008:2,0.002,0.0025,0.002,0.002,1.96,2026-06-23T02:38:10,0.002,1.96
route_mutation,20260623T023810_073919,of:0000000000000003:2 -> of:0000000000000008:3,0.002,0.0025,0.002,0.002,1.96,2026-06-23T02:38:10,0.002,1.96
route_mutation,20260623T023810_073919,of:0000000000000008:1 -> of:000000000000000b:6,0.001,0.00125,0.001,0.001,1.56,2026-06-23T02:38:10,0.001,1.56
route_mutation,20260623T023810_073919,of:0000000000000004:2 -> of:0000000000000009:2,0.002,0.0025,0.002,0.002,1.96,2026-06-23T02:38:10,0.002,1.96
route_mutation,20260623T023810_073919,of:0000000000000002:1 -> of:000000000000000b:4,0.002,0.0025,0.002,0.002,1.6,2026-06-23T02:38:10,0.002,1.63
route_mutation,20260623T023810_073919,of:0000000000000009:1 -> of:000000000000000c:6,0.001,0.00125,0.001,0.001,1.56,2026-06-23T02:38:10,0.001,1.6
ip_shuffle,20260623T023840_430280,of:0000000000000004:1 -> of:000000000000000c:4,0.002,0.0025,0.002,0.002,2.0,2026-06-23T02:38:40,0.002,1.93
ip_shuffle,20260623T023840_430280,of:0000000000000005:1 -> of:000000000000000c:5,0.002,0.0025,0.002,0.002,2.0,2026-06-23T02:38:40,0.002,1.93
ip_shuffle,20260623T023840_430280,of:000000000000000a:1 -> of:000000000000000d:6,0.002,0.0025,0.002,0.002,1.9,2026-06-23T02:38:40,0.002,1.86
ip_shuffle,20260623T023840_430280,of:000000000000000b:3 -> of:000000000000000d:2,0.002,0.0025,0.002,0.002,2.5,2026-06-23T02:38:40,0.002,2.5
ip_shuffle,20260623T023840_430280,of:000000000000000c:3 -> of:000000000000000d:3,0.002,0.0025,0.002,0.002,2.46,2026-06-23T02:38:40,0.002,2.46
ip_shuffle,20260623T023840_430280,of:0000000000000005:2 -> of:0000000000000009:3,0.002,0.0025,0.002,0.002,2.63,2026-06-23T02:38:40,0.002,2.63
ip_shuffle,20260623T023840_430280,of:0000000000000001:1 -> of:000000000000000b:1,0.002,0.0025,0.002,0.002,1.9,2026-06-23T02:38:40,0.002,1.9
ip_shuffle,20260623T023840_430280,of:000000000000000b:2 -> of:000000000000000c:2,0.002,0.0025,0.002,0.002,2.56,2026-06-23T02:38:40,0.002,2.56
ip_shuffle,20260623T023840_430280,of:0000000000000001:2 -> of:000000000000000c:1,0.002,0.0025,0.002,0.002,1.86,2026-06-23T02:38:40,0.002,1.9
ip_shuffle,20260623T023840_430280,of:0000000000000006:2 -> of:000000000000000a:2,0.002,0.0025,0.002,0.002,2.6,2026-06-23T02:38:40,0.002,2.6
ip_shuffle,20260623T023840_430280,of:0000000000000001:3 -> of:000000000000000d:1,0.003,0.00375,0.003,0.003,3.46,2026-06-23T02:38:40,0.003,3.49
ip_shuffle,20260623T023840_430280,of:0000000000000003:1 -> of:000000000000000b:5,0.002,0.0025,0.002,0.002,2.0,2026-06-23T02:38:40,0.002,1.96
ip_shuffle,20260623T023840_430280,of:0000000000000006:1 -> of:000000000000000d:4,0.002,0.0025,0.002,0.002,2.43,2026-06-23T02:38:40,0.002,2.46
ip_shuffle,20260623T023840_430280,of:0000000000000007:2 -> of:000000000000000a:3,0.002,0.0025,0.002,0.002,2.6,2026-06-23T02:38:40,0.002,2.6
ip_shuffle,20260623T023840_430280,of:0000000000000007:1 -> of:000000000000000d:5,0.003,0.00375,0.003,0.003,3.29,2026-06-23T02:38:40,0.003,3.26
ip_shuffle,20260623T023840_430280,of:0000000000000002:2 -> of:0000000000000008:2,0.002,0.0025,0.002,0.002,2.63,2026-06-23T02:38:40,0.002,2.63
ip_shuffle,20260623T023840_430280,of:0000000000000003:2 -> of:0000000000000008:3,0.002,0.0025,0.002,0.002,2.63,2026-06-23T02:38:40,0.002,2.63
ip_shuffle,20260623T023840_430280,of:0000000000000008:1 -> of:000000000000000b:6,0.002,0.0025,0.002,0.002,1.96,2026-06-23T02:38:40,0.002,1.96
ip_shuffle,20260623T023840_430280,of:0000000000000004:2 -> of:0000000000000009:2,0.002,0.0025,0.002,0.002,2.63,2026-06-23T02:38:40,0.002,2.63
ip_shuffle,20260623T023840_430280,of:0000000000000002:1 -> of:000000000000000b:4,0.002,0.0025,0.002,0.002,2.0,2026-06-23T02:38:40,0.002,1.96
ip_shuffle,20260623T023840_430280,of:0000000000000009:1 -> of:000000000000000c:6,0.002,0.0025,0.002,0.002,1.96,2026-06-23T02:38:40,0.002,1.93
ip_shuffle,20260623T023951_206282,of:0000000000000004:1 -> of:000000000000000c:4,0.002,0.0025,0.002,0.002,1.73,2026-06-23T02:39:51,0.002,1.7
ip_shuffle,20260623T023951_206282,of:0000000000000005:1 -> of:000000000000000c:5,0.001,0.00125,0.001,0.001,1.46,2026-06-23T02:39:51,0.001,1.43
ip_shuffle,20260623T023951_206282,of:000000000000000a:1 -> of:000000000000000d:6,0.001,0.00125,0.001,0.001,1.43,2026-06-23T02:39:51,0.001,1.4
ip_shuffle,20260623T023951_206282,of:000000000000000b:3 -> of:000000000000000d:2,0.002,0.0025,0.002,0.002,1.56,2026-06-23T02:39:51,0.002,1.56
ip_shuffle,20260623T023951_206282,of:000000000000000c:3 -> of:000000000000000d:3,0.002,0.0025,0.002,0.002,1.56,2026-06-23T02:39:51,0.002,1.56
ip_shuffle,20260623T023951_206282,of:0000000000000005:2 -> of:0000000000000009:3,0.002,0.0025,0.002,0.002,1.63,2026-06-23T02:39:51,0.002,1.63
ip_shuffle,20260623T023951_206282,of:0000000000000001:1 -> of:000000000000000b:1,0.003,0.00375,0.003,0.003,3.46,2026-06-23T02:39:51,0.003,3.46
ip_shuffle,20260623T023951_206282,of:000000000000000b:2 -> of:000000000000000c:2,0.001,0.00125,0.001,0.001,1.53,2026-06-23T02:39:51,0.001,1.53
ip_shuffle,20260623T023951_206282,of:0000000000000001:2 -> of:000000000000000c:1,0.002,0.0025,0.002,0.002,1.63,2026-06-23T02:39:51,0.002,1.66
ip_shuffle,20260623T023951_206282,of:0000000000000006:2 -> of:000000000000000a:2,0.002,0.0025,0.002,0.002,1.63,2026-06-23T02:39:51,0.002,1.63
ip_shuffle,20260623T023951_206282,of:0000000000000001:3 -> of:000000000000000d:1,0.002,0.0025,0.002,0.002,1.76,2026-06-23T02:39:51,0.002,1.83
ip_shuffle,20260623T023951_206282,of:0000000000000003:1 -> of:000000000000000b:5,0.002,0.0025,0.002,0.002,2.46,2026-06-23T02:39:51,0.002,2.43
ip_shuffle,20260623T023951_206282,of:0000000000000006:1 -> of:000000000000000d:4,0.002,0.0025,0.002,0.002,1.53,2026-06-23T02:39:51,0.002,1.46
ip_shuffle,20260623T023951_206282,of:0000000000000007:2 -> of:000000000000000a:3,0.001,0.00125,0.001,0.001,1.56,2026-06-23T02:39:51,0.001,1.56
ip_shuffle,20260623T023951_206282,of:0000000000000007:1 -> of:000000000000000d:5,0.002,0.0025,0.002,0.002,1.7,2026-06-23T02:39:51,0.002,1.63
ip_shuffle,20260623T023951_206282,of:0000000000000002:2 -> of:0000000000000008:2,0.002,0.0025,0.002,0.002,1.63,2026-06-23T02:39:51,0.002,1.63
ip_shuffle,20260623T023951_206282,of:0000000000000003:2 -> of:0000000000000008:3,0.002,0.0025,0.002,0.002,1.63,2026-06-23T02:39:51,0.002,1.63
ip_shuffle,20260623T023951_206282,of:0000000000000008:1 -> of:000000000000000b:6,0.001,0.00125,0.001,0.001,1.36,2026-06-23T02:39:51,0.001,1.36
ip_shuffle,20260623T023951_206282,of:0000000000000004:2 -> of:0000000000000009:2,0.002,0.0025,0.002,0.002,1.63,2026-06-23T02:39:51,0.002,1.63
ip_shuffle,20260623T023951_206282,of:0000000000000002:1 -> of:000000000000000b:4,0.002,0.0025,0.002,0.002,2.46,2026-06-23T02:39:51,0.002,2.46
ip_shuffle,20260623T023951_206282,of:0000000000000009:1 -> of:000000000000000c:6,0.001,0.00125,0.001,0.001,1.36,2026-06-23T02:39:51,0.001,1.36
route_mutation,20260623T024055_652317,of:0000000000000004:1 -> of:000000000000000c:4,0.002,0.0025,0.002,0.002,1.93,2026-06-23T02:40:55,0.002,1.86
route_mutation,20260623T024055_652317,of:0000000000000005:1 -> of:000000000000000c:5,0.002,0.0025,0.002,0.002,1.93,2026-06-23T02:40:55,0.002,1.86
route_mutation,20260623T024055_652317,of:000000000000000a:1 -> of:000000000000000d:6,0.002,0.0025,0.002,0.002,2.0,2026-06-23T02:40:55,0.002,1.9
route_mutation,20260623T024055_652317,of:000000000000000b:3 -> of:000000000000000d:2,0.002,0.0025,0.002,0.002,2.53,2026-06-23T02:40:55,0.002,2.53
route_mutation,20260623T024055_652317,of:000000000000000c:3 -> of:000000000000000d:3,0.002,0.0025,0.002,0.002,2.5,2026-06-23T02:40:55,0.002,2.5
route_mutation,20260623T024055_652317,of:0000000000000005:2 -> of:0000000000000009:3,0.002,0.0025,0.002,0.002,2.6,2026-06-23T02:40:55,0.002,2.6
route_mutation,20260623T024055_652317,of:0000000000000001:1 -> of:000000000000000b:1,0.002,0.0025,0.002,0.002,1.9,2026-06-23T02:40:55,0.002,1.93
route_mutation,20260623T024055_652317,of:000000000000000b:2 -> of:000000000000000c:2,0.002,0.0025,0.002,0.002,2.56,2026-06-23T02:40:55,0.002,2.56
route_mutation,20260623T024055_652317,of:0000000000000001:2 -> of:000000000000000c:1,0.002,0.0025,0.002,0.002,1.86,2026-06-23T02:40:55,0.002,1.93
route_mutation,20260623T024055_652317,of:0000000000000006:2 -> of:000000000000000a:2,0.002,0.0025,0.002,0.002,2.6,2026-06-23T02:40:55,0.002,2.6
route_mutation,20260623T024055_652317,of:0000000000000001:3 -> of:000000000000000d:1,0.003,0.00375,0.003,0.003,4.19,2026-06-23T02:40:55,0.003,4.16
route_mutation,20260623T024055_652317,of:0000000000000003:1 -> of:000000000000000b:5,0.002,0.0025,0.002,0.002,1.93,2026-06-23T02:40:55,0.002,1.9
route_mutation,20260623T024055_652317,of:0000000000000006:1 -> of:000000000000000d:4,0.002,0.0025,0.002,0.002,2.96,2026-06-23T02:40:55,0.002,2.96
route_mutation,20260623T024055_652317,of:0000000000000007:2 -> of:000000000000000a:3,0.002,0.0025,0.002,0.002,2.66,2026-06-23T02:40:55,0.002,2.66
route_mutation,20260623T024055_652317,of:0000000000000007:1 -> of:000000000000000d:5,0.003,0.00375,0.003,0.003,3.5,2026-06-23T02:40:55,0.003,3.43
route_mutation,20260623T024055_652317,of:0000000000000002:2 -> of:0000000000000008:2,0.002,0.0025,0.002,0.002,2.6,2026-06-23T02:40:55,0.002,2.6
route_mutation,20260623T024055_652317,of:0000000000000003:2 -> of:0000000000000008:3,0.002,0.0025,0.002,0.002,2.6,2026-06-23T02:40:55,0.002,2.6
route_mutation,20260623T024055_652317,of:0000000000000008:1 -> of:000000000000000b:6,0.002,0.0025,0.002,0.002,2.0,2026-06-23T02:40:55,0.002,1.96
route_mutation,20260623T024055_652317,of:0000000000000004:2 -> of:0000000000000009:2,0.002,0.0025,0.002,0.002,2.6,2026-06-23T02:40:55,0.002,2.6
route_mutation,20260623T024055_652317,of:0000000000000002:1 -> of:000000000000000b:4,0.002,0.0025,0.002,0.002,1.93,2026-06-23T02:40:55,0.002,1.9
route_mutation,20260623T024055_652317,of:0000000000000009:1 -> of:000000000000000c:6,0.002,0.0025,0.002,0.002,2.0,2026-06-23T02:40:55,0.002,1.93
route_mutation,20260623T024126_003280,of:0000000000000004:1 -> of:000000000000000c:4,0.002,0.0025,0.002,0.002,1.43,2026-06-23T02:41:26,0.002,1.43
route_mutation,20260623T024126_003280,of:0000000000000005:1 -> of:000000000000000c:5,0.002,0.0025,0.002,0.002,1.43,2026-06-23T02:41:26,0.002,1.43
route_mutation,20260623T024126_003280,of:000000000000000a:1 -> of:000000000000000d:6,0.001,0.00125,0.001,0.001,1.37,2026-06-23T02:41:26,0.001,1.37
route_mutation,20260623T024126_003280,of:000000000000000b:3 -> of:000000000000000d:2,0.001,0.00125,0.001,0.001,1.47,2026-06-23T02:41:26,0.001,1.47
route_mutation,20260623T024126_003280,of:000000000000000c:3 -> of:000000000000000d:3,0.002,0.0025,0.002,0.002,1.53,2026-06-23T02:41:26,0.002,1.53
route_mutation,20260623T024126_003280,of:0000000000000005:2 -> of:0000000000000009:3,0.001,0.00125,0.001,0.001,1.47,2026-06-23T02:41:26,0.001,1.47
route_mutation,20260623T024126_003280,of:0000000000000001:1 -> of:000000000000000b:1,0.002,0.0025,0.002,0.002,2.2,2026-06-23T02:41:26,0.002,2.2
route_mutation,20260623T024126_003280,of:000000000000000b:2 -> of:000000000000000c:2,0.001,0.00125,0.001,0.001,1.47,2026-06-23T02:41:26,0.001,1.47
route_mutation,20260623T024126_003280,of:0000000000000001:2 -> of:000000000000000c:1,0.002,0.0025,0.002,0.002,1.43,2026-06-23T02:41:26,0.002,1.43
route_mutation,20260623T024126_003280,of:0000000000000006:2 -> of:000000000000000a:2,0.001,0.00125,0.001,0.001,1.47,2026-06-23T02:41:26,0.001,1.47
route_mutation,20260623T024126_003280,of:0000000000000001:3 -> of:000000000000000d:1,0.002,0.0025,0.002,0.002,1.43,2026-06-23T02:41:26,0.002,1.43
route_mutation,20260623T024126_003280,of:0000000000000003:1 -> of:000000000000000b:5,0.001,0.00125,0.001,0.001,1.37,2026-06-23T02:41:26,0.001,1.37
route_mutation,20260623T024126_003280,of:0000000000000006:1 -> of:000000000000000d:4,0.002,0.0025,0.002,0.002,1.43,2026-06-23T02:41:26,0.002,1.43
route_mutation,20260623T024126_003280,of:0000000000000007:2 -> of:000000000000000a:3,0.001,0.00125,0.001,0.001,1.4,2026-06-23T02:41:26,0.001,1.4
route_mutation,20260623T024126_003280,of:0000000000000007:1 -> of:000000000000000d:5,0.001,0.00125,0.001,0.001,1.37,2026-06-23T02:41:26,0.001,1.37
route_mutation,20260623T024126_003280,of:0000000000000002:2 -> of:0000000000000008:2,0.001,0.00125,0.001,0.001,1.47,2026-06-23T02:41:26,0.001,1.47
route_mutation,20260623T024126_003280,of:0000000000000003:2 -> of:0000000000000008:3,0.001,0.00125,0.001,0.001,1.47,2026-06-23T02:41:26,0.001,1.47
route_mutation,20260623T024126_003280,of:0000000000000008:1 -> of:000000000000000b:6,0.001,0.00125,0.001,0.001,1.3,2026-06-23T02:41:26,0.001,1.3
route_mutation,20260623T024126_003280,of:0000000000000004:2 -> of:0000000000000009:2,0.001,0.00125,0.001,0.001,1.47,2026-06-23T02:41:26,0.001,1.47
route_mutation,20260623T024126_003280,of:0000000000000002:1 -> of:000000000000000b:4,0.002,0.0025,0.002,0.002,2.26,2026-06-23T02:41:26,0.002,2.26
route_mutation,20260623T024126_003280,of:0000000000000009:1 -> of:000000000000000c:6,0.001,0.00125,0.001,0.001,1.37,2026-06-23T02:41:26,0.001,1.37
route_mutation,20260623T024156_341497,of:0000000000000004:1 -> of:000000000000000c:4,0.002,0.0025,0.002,0.002,2.16,2026-06-23T02:41:56,0.002,2.16
route_mutation,20260623T024156_341497,of:0000000000000005:1 -> of:000000000000000c:5,0.002,0.0025,0.002,0.002,1.9,2026-06-23T02:41:56,0.002,1.9
route_mutation,20260623T024156_341497,of:000000000000000a:1 -> of:000000000000000d:6,0.001,0.00125,0.001,0.001,1.36,2026-06-23T02:41:56,0.001,1.36
route_mutation,20260623T024156_341497,of:000000000000000b:3 -> of:000000000000000d:2,0.001,0.00125,0.001,0.001,1.46,2026-06-23T02:41:56,0.001,1.46
route_mutation,20260623T024156_341497,of:000000000000000c:3 -> of:000000000000000d:3,0.001,0.00125,0.001,0.001,1.4,2026-06-23T02:41:56,0.001,1.4
route_mutation,20260623T024156_341497,of:0000000000000005:2 -> of:0000000000000009:3,0.002,0.0025,0.002,0.002,1.53,2026-06-23T02:41:56,0.002,1.53
route_mutation,20260623T024156_341497,of:0000000000000001:1 -> of:000000000000000b:1,0.003,0.00375,0.003,0.003,2.7,2026-06-23T02:41:56,0.003,2.7
route_mutation,20260623T024156_341497,of:000000000000000b:2 -> of:000000000000000c:2,0.001,0.00125,0.001,0.001,1.46,2026-06-23T02:41:56,0.001,1.46
route_mutation,20260623T024156_341497,of:0000000000000001:2 -> of:000000000000000c:1,0.003,0.00375,0.003,0.003,2.93,2026-06-23T02:41:56,0.003,2.93
route_mutation,20260623T024156_341497,of:0000000000000006:2 -> of:000000000000000a:2,0.002,0.0025,0.002,0.002,1.53,2026-06-23T02:41:56,0.002,1.53
route_mutation,20260623T024156_341497,of:0000000000000001:3 -> of:000000000000000d:1,0.002,0.0025,0.002,0.002,1.5,2026-06-23T02:41:56,0.002,1.53
route_mutation,20260623T024156_341497,of:0000000000000003:1 -> of:000000000000000b:5,0.002,0.0025,0.002,0.002,2.43,2026-06-23T02:41:56,0.002,2.43
route_mutation,20260623T024156_341497,of:0000000000000006:1 -> of:000000000000000d:4,0.001,0.00125,0.001,0.001,1.36,2026-06-23T02:41:56,0.001,1.36
route_mutation,20260623T024156_341497,of:0000000000000007:2 -> of:000000000000000a:3,0.002,0.0025,0.002,0.002,1.53,2026-06-23T02:41:56,0.002,1.53
route_mutation,20260623T024156_341497,of:0000000000000007:1 -> of:000000000000000d:5,0.001,0.00125,0.001,0.001,1.36,2026-06-23T02:41:56,0.001,1.36
route_mutation,20260623T024156_341497,of:0000000000000002:2 -> of:0000000000000008:2,0.002,0.0025,0.002,0.002,1.53,2026-06-23T02:41:56,0.002,1.53
route_mutation,20260623T024156_341497,of:0000000000000003:2 -> of:0000000000000008:3,0.002,0.0025,0.002,0.002,1.53,2026-06-23T02:41:56,0.002,1.53
route_mutation,20260623T024156_341497,of:0000000000000008:1 -> of:000000000000000b:6,0.002,0.0025,0.002,0.002,1.43,2026-06-23T02:41:56,0.002,1.43
route_mutation,20260623T024156_341497,of:0000000000000004:2 -> of:0000000000000009:2,0.002,0.0025,0.002,0.002,1.53,2026-06-23T02:41:56,0.002,1.53
route_mutation,20260623T024156_341497,of:0000000000000002:1 -> of:000000000000000b:4,0.002,0.0025,0.002,0.002,1.56,2026-06-23T02:41:56,0.002,1.56
route_mutation,20260623T024156_341497,of:0000000000000009:1 -> of:000000000000000c:6,0.001,0.00125,0.001,0.001,1.36,2026-06-23T02:41:56,0.001,1.36
ip_shuffle,20260623T024226_541545,of:0000000000000004:1 -> of:000000000000000c:4,0.002,0.0025,0.002,0.002,2.03,2026-06-23T02:42:26,0.002,2.06
ip_shuffle,20260623T024226_541545,of:0000000000000005:1 -> of:000000000000000c:5,0.002,0.0025,0.002,0.002,2.3,2026-06-23T02:42:26,0.002,2.33
ip_shuffle,20260623T024226_541545,of:000000000000000a:1 -> of:000000000000000d:6,0.002,0.0025,0.002,0.002,2.13,2026-06-23T02:42:26,0.002,2.13
ip_shuffle,20260623T024226_541545,of:000000000000000b:3 -> of:000000000000000d:2,0.002,0.0025,0.002,0.002,2.93,2026-06-23T02:42:26,0.002,2.93
ip_shuffle,20260623T024226_541545,of:000000000000000c:3 -> of:000000000000000d:3,0.002,0.0025,0.002,0.002,2.93,2026-06-23T02:42:26,0.002,2.93
ip_shuffle,20260623T024226_541545,of:0000000000000005:2 -> of:0000000000000009:3,0.002,0.0025,0.002,0.002,2.8,2026-06-23T02:42:26,0.002,2.8
ip_shuffle,20260623T024226_541545,of:0000000000000001:1 -> of:000000000000000b:1,0.002,0.0025,0.002,0.002,2.13,2026-06-23T02:42:26,0.002,2.23
ip_shuffle,20260623T024226_541545,of:000000000000000b:2 -> of:000000000000000c:2,0.002,0.0025,0.002,0.002,2.93,2026-06-23T02:42:26,0.002,2.93
ip_shuffle,20260623T024226_541545,of:0000000000000001:2 -> of:000000000000000c:1,0.002,0.0025,0.002,0.002,2.23,2026-06-23T02:42:26,0.002,2.33
ip_shuffle,20260623T024226_541545,of:0000000000000006:2 -> of:000000000000000a:2,0.002,0.0025,0.002,0.002,2.9,2026-06-23T02:42:26,0.002,2.9
ip_shuffle,20260623T024226_541545,of:0000000000000001:3 -> of:000000000000000d:1,0.004,0.005,0.004,0.004,4.46,2026-06-23T02:42:26,0.003,4.29
ip_shuffle,20260623T024226_541545,of:0000000000000003:1 -> of:000000000000000b:5,0.002,0.0025,0.002,0.002,2.0,2026-06-23T02:42:26,0.002,2.06
ip_shuffle,20260623T024226_541545,of:0000000000000006:1 -> of:000000000000000d:4,0.003,0.00375,0.003,0.003,3.43,2026-06-23T02:42:26,0.003,3.46
ip_shuffle,20260623T024226_541545,of:0000000000000007:2 -> of:000000000000000a:3,0.002,0.0025,0.002,0.002,2.9,2026-06-23T02:42:26,0.002,2.9
ip_shuffle,20260623T024226_541545,of:0000000000000007:1 -> of:000000000000000d:5,0.002,0.0025,0.002,0.002,3.06,2026-06-23T02:42:26,0.002,3.03
ip_shuffle,20260623T024226_541545,of:0000000000000002:2 -> of:0000000000000008:2,0.002,0.0025,0.002,0.002,2.76,2026-06-23T02:42:26,0.002,2.76
ip_shuffle,20260623T024226_541545,of:0000000000000003:2 -> of:0000000000000008:3,0.002,0.0025,0.002,0.002,2.76,2026-06-23T02:42:26,0.002,2.76
ip_shuffle,20260623T024226_541545,of:0000000000000008:1 -> of:000000000000000b:6,0.002,0.0025,0.002,0.002,2.1,2026-06-23T02:42:26,0.002,2.13
ip_shuffle,20260623T024226_541545,of:0000000000000004:2 -> of:0000000000000009:2,0.002,0.0025,0.002,0.002,2.8,2026-06-23T02:42:26,0.002,2.8
ip_shuffle,20260623T024226_541545,of:0000000000000002:1 -> of:000000000000000b:4,0.002,0.0025,0.002,0.002,2.0,2026-06-23T02:42:26,0.002,2.06
ip_shuffle,20260623T024226_541545,of:0000000000000009:1 -> of:000000000000000c:6,0.002,0.0025,0.002,0.002,2.1,2026-06-23T02:42:26,0.002,2.13
route_mutation,20260623T024330_800987,of:0000000000000004:1 -> of:000000000000000c:4,0.002,0.0025,0.002,0.002,2.06,2026-06-23T02:43:30,0.002,2.06
route_mutation,20260623T024330_800987,of:0000000000000005:1 -> of:000000000000000c:5,0.002,0.0025,0.002,0.002,1.53,2026-06-23T02:43:30,0.002,1.53
route_mutation,20260623T024330_800987,of:000000000000000a:1 -> of:000000000000000d:6,0.002,0.0025,0.002,0.002,1.53,2026-06-23T02:43:30,0.002,1.53
route_mutation,20260623T024330_800987,of:000000000000000b:3 -> of:000000000000000d:2,0.002,0.0025,0.002,0.002,1.8,2026-06-23T02:43:30,0.002,1.8
route_mutation,20260623T024330_800987,of:000000000000000c:3 -> of:000000000000000d:3,0.002,0.0025,0.002,0.002,1.73,2026-06-23T02:43:30,0.002,1.73
route_mutation,20260623T024330_800987,of:0000000000000005:2 -> of:0000000000000009:3,0.002,0.0025,0.002,0.002,1.86,2026-06-23T02:43:30,0.002,1.86
route_mutation,20260623T024330_800987,of:0000000000000001:1 -> of:000000000000000b:1,0.003,0.00375,0.003,0.003,3.66,2026-06-23T02:43:30,0.003,3.66
route_mutation,20260623T024330_800987,of:000000000000000b:2 -> of:000000000000000c:2,0.002,0.0025,0.002,0.002,1.8,2026-06-23T02:43:30,0.002,1.8
route_mutation,20260623T024330_800987,of:0000000000000001:2 -> of:000000000000000c:1,0.002,0.0025,0.002,0.002,2.33,2026-06-23T02:43:30,0.002,2.33
route_mutation,20260623T024330_800987,of:0000000000000006:2 -> of:000000000000000a:2,0.002,0.0025,0.002,0.002,1.86,2026-06-23T02:43:30,0.002,1.86
route_mutation,20260623T024330_800987,of:0000000000000001:3 -> of:000000000000000d:1,0.002,0.0025,0.002,0.002,2.5,2026-06-23T02:43:30,0.002,2.5
route_mutation,20260623T024330_800987,of:0000000000000003:1 -> of:000000000000000b:5,0.002,0.0025,0.002,0.002,2.7,2026-06-23T02:43:30,0.002,2.63
route_mutation,20260623T024330_800987,of:0000000000000006:1 -> of:000000000000000d:4,0.002,0.0025,0.002,0.002,2.03,2026-06-23T02:43:30,0.002,2.03
route_mutation,20260623T024330_800987,of:0000000000000007:2 -> of:000000000000000a:3,0.002,0.0025,0.002,0.002,1.86,2026-06-23T02:43:30,0.002,1.86
route_mutation,20260623T024330_800987,of:0000000000000007:1 -> of:000000000000000d:5,0.002,0.0025,0.002,0.002,2.16,2026-06-23T02:43:30,0.002,2.16
route_mutation,20260623T024330_800987,of:0000000000000002:2 -> of:0000000000000008:2,0.002,0.0025,0.002,0.002,1.93,2026-06-23T02:43:30,0.002,1.93
route_mutation,20260623T024330_800987,of:0000000000000003:2 -> of:0000000000000008:3,0.002,0.0025,0.002,0.002,1.93,2026-06-23T02:43:30,0.002,1.93
route_mutation,20260623T024330_800987,of:0000000000000008:1 -> of:000000000000000b:6,0.002,0.0025,0.002,0.002,1.6,2026-06-23T02:43:30,0.002,1.6
route_mutation,20260623T024330_800987,of:0000000000000004:2 -> of:0000000000000009:2,0.002,0.0025,0.002,0.002,1.86,2026-06-23T02:43:30,0.002,1.86
route_mutation,20260623T024330_800987,of:0000000000000002:1 -> of:000000000000000b:4,0.002,0.0025,0.002,0.002,2.7,2026-06-23T02:43:30,0.002,2.63
route_mutation,20260623T024330_800987,of:0000000000000009:1 -> of:000000000000000c:6,0.002,0.0025,0.002,0.002,1.53,2026-06-23T02:43:30,0.002,1.53
ip_shuffle,20260623T024401_163380,of:0000000000000004:1 -> of:000000000000000c:4,0.002,0.0025,0.002,0.002,2.13,2026-06-23T02:44:01,0.002,2.16
ip_shuffle,20260623T024401_163380,of:0000000000000005:1 -> of:000000000000000c:5,0.002,0.0025,0.002,0.002,2.66,2026-06-23T02:44:01,0.002,2.7
ip_shuffle,20260623T024401_163380,of:000000000000000a:1 -> of:000000000000000d:6,0.002,0.0025,0.002,0.002,1.93,2026-06-23T02:44:01,0.002,1.96
ip_shuffle,20260623T024401_163380,of:000000000000000b:3 -> of:000000000000000d:2,0.002,0.0025,0.002,0.002,2.6,2026-06-23T02:44:01,0.002,2.56
ip_shuffle,20260623T024401_163380,of:000000000000000c:3 -> of:000000000000000d:3,0.002,0.0025,0.002,0.002,2.6,2026-06-23T02:44:01,0.002,2.6
ip_shuffle,20260623T024401_163380,of:0000000000000005:2 -> of:0000000000000009:3,0.002,0.0025,0.002,0.002,2.46,2026-06-23T02:44:01,0.002,2.46
ip_shuffle,20260623T024401_163380,of:0000000000000001:1 -> of:000000000000000b:1,0.002,0.0025,0.002,0.002,1.93,2026-06-23T02:44:01,0.002,2.03
ip_shuffle,20260623T024401_163380,of:000000000000000b:2 -> of:000000000000000c:2,0.002,0.0025,0.002,0.002,2.6,2026-06-23T02:44:01,0.002,2.6
ip_shuffle,20260623T024401_163380,of:0000000000000001:2 -> of:000000000000000c:1,0.002,0.0025,0.002,0.002,2.76,2026-06-23T02:44:01,0.002,2.83
ip_shuffle,20260623T024401_163380,of:0000000000000006:2 -> of:000000000000000a:2,0.002,0.0025,0.002,0.002,2.56,2026-06-23T02:44:01,0.002,2.56
ip_shuffle,20260623T024401_163380,of:0000000000000001:3 -> of:000000000000000d:1,0.003,0.00375,0.003,0.003,3.76,2026-06-23T02:44:01,0.003,3.66
ip_shuffle,20260623T024401_163380,of:0000000000000003:1 -> of:000000000000000b:5,0.002,0.0025,0.002,0.002,1.83,2026-06-23T02:44:01,0.002,1.86
ip_shuffle,20260623T024401_163380,of:0000000000000006:1 -> of:000000000000000d:4,0.003,0.00375,0.003,0.003,3.2,2026-06-23T02:44:01,0.003,3.23
ip_shuffle,20260623T024401_163380,of:0000000000000007:2 -> of:000000000000000a:3,0.002,0.0025,0.002,0.002,2.53,2026-06-23T02:44:01,0.002,2.53
ip_shuffle,20260623T024401_163380,of:0000000000000007:1 -> of:000000000000000d:5,0.002,0.0025,0.002,0.002,2.33,2026-06-23T02:44:01,0.002,2.26
ip_shuffle,20260623T024401_163380,of:0000000000000002:2 -> of:0000000000000008:2,0.002,0.0025,0.002,0.002,2.43,2026-06-23T02:44:01,0.002,2.43
ip_shuffle,20260623T024401_163380,of:0000000000000003:2 -> of:0000000000000008:3,0.002,0.0025,0.002,0.002,2.43,2026-06-23T02:44:01,0.002,2.43
ip_shuffle,20260623T024401_163380,of:0000000000000008:1 -> of:000000000000000b:6,0.002,0.0025,0.002,0.002,1.93,2026-06-23T02:44:01,0.002,1.93
ip_shuffle,20260623T024401_163380,of:0000000000000004:2 -> of:0000000000000009:2,0.002,0.0025,0.002,0.002,2.46,2026-06-23T02:44:01,0.002,2.46
ip_shuffle,20260623T024401_163380,of:0000000000000002:1 -> of:000000000000000b:4,0.002,0.0025,0.002,0.002,1.83,2026-06-23T02:44:01,0.002,1.86
ip_shuffle,20260623T024401_163380,of:0000000000000009:1 -> of:000000000000000c:6,0.002,0.0025,0.002,0.002,1.96,2026-06-23T02:44:01,0.002,2.0
ip_shuffle,20260623T024458_966247,of:0000000000000004:1 -> of:000000000000000c:4,0.001,0.00125,0.001,0.001,1.4,2026-06-23T02:44:58,0.001,1.4
ip_shuffle,20260623T024458_966247,of:0000000000000005:1 -> of:000000000000000c:5,0.001,0.00125,0.001,0.001,1.4,2026-06-23T02:44:58,0.001,1.4
ip_shuffle,20260623T024458_966247,of:000000000000000a:1 -> of:000000000000000d:6,0.001,0.00125,0.001,0.001,1.4,2026-06-23T02:44:58,0.001,1.4
ip_shuffle,20260623T024458_966247,of:000000000000000b:3 -> of:000000000000000d:2,0.001,0.00125,0.001,0.001,1.46,2026-06-23T02:44:58,0.001,1.46
ip_shuffle,20260623T024458_966247,of:000000000000000c:3 -> of:000000000000000d:3,0.001,0.00125,0.001,0.001,1.46,2026-06-23T02:44:58,0.001,1.46
ip_shuffle,20260623T024458_966247,of:0000000000000005:2 -> of:0000000000000009:3,0.002,0.0025,0.002,0.002,1.6,2026-06-23T02:44:58,0.002,1.6
ip_shuffle,20260623T024458_966247,of:0000000000000001:1 -> of:000000000000000b:1,0.002,0.0025,0.002,0.002,2.5,2026-06-23T02:44:58,0.002,2.5
ip_shuffle,20260623T024458_966247,of:000000000000000b:2 -> of:000000000000000c:2,0.001,0.00125,0.001,0.001,1.46,2026-06-23T02:44:58,0.001,1.46
ip_shuffle,20260623T024458_966247,of:0000000000000001:2 -> of:000000000000000c:1,0.001,0.00125,0.001,0.001,1.33,2026-06-23T02:44:58,0.001,1.33
ip_shuffle,20260623T024458_966247,of:0000000000000006:2 -> of:000000000000000a:2,0.002,0.0025,0.002,0.002,1.6,2026-06-23T02:44:58,0.002,1.6
ip_shuffle,20260623T024458_966247,of:0000000000000001:3 -> of:000000000000000d:1,0.002,0.0025,0.002,0.002,1.96,2026-06-23T02:44:58,0.002,1.96
ip_shuffle,20260623T024458_966247,of:0000000000000003:1 -> of:000000000000000b:5,0.001,0.00125,0.001,0.001,1.4,2026-06-23T02:44:58,0.001,1.4
ip_shuffle,20260623T024458_966247,of:0000000000000006:1 -> of:000000000000000d:4,0.002,0.0025,0.002,0.002,2.03,2026-06-23T02:44:58,0.002,2.03
ip_shuffle,20260623T024458_966247,of:0000000000000007:2 -> of:000000000000000a:3,0.002,0.0025,0.002,0.002,1.6,2026-06-23T02:44:58,0.002,1.6
ip_shuffle,20260623T024458_966247,of:0000000000000007:1 -> of:000000000000000d:5,0.001,0.00125,0.001,0.001,1.4,2026-06-23T02:44:58,0.001,1.4
ip_shuffle,20260623T024458_966247,of:0000000000000002:2 -> of:0000000000000008:2,0.002,0.0025,0.002,0.002,1.6,2026-06-23T02:44:58,0.002,1.6
ip_shuffle,20260623T024458_966247,of:0000000000000003:2 -> of:0000000000000008:3,0.002,0.0025,0.002,0.002,1.6,2026-06-23T02:44:58,0.002,1.6
ip_shuffle,20260623T024458_966247,of:0000000000000008:1 -> of:000000000000000b:6,0.001,0.00125,0.001,0.001,1.4,2026-06-23T02:44:58,0.001,1.4
ip_shuffle,20260623T024458_966247,of:0000000000000004:2 -> of:0000000000000009:2,0.002,0.0025,0.002,0.002,1.6,2026-06-23T02:44:58,0.002,1.6
ip_shuffle,20260623T024458_966247,of:0000000000000002:1 -> of:000000000000000b:4,0.002,0.0025,0.002,0.002,2.3,2026-06-23T02:44:58,0.002,2.3
ip_shuffle,20260623T024458_966247,of:0000000000000009:1 -> of:000000000000000c:6,0.001,0.00125,0.001,0.001,1.4,2026-06-23T02:44:58,0.001,1.4
route_mutation,20260623T024602_853803,of:0000000000000004:1 -> of:000000000000000c:4,0.001,0.00125,0.001,0.001,1.46,2026-06-23T02:46:02,0.001,1.43
route_mutation,20260623T024602_853803,of:0000000000000005:1 -> of:000000000000000c:5,0.001,0.00125,0.001,0.001,1.46,2026-06-23T02:46:02,0.001,1.43
route_mutation,20260623T024602_853803,of:000000000000000a:1 -> of:000000000000000d:6,0.001,0.00125,0.001,0.001,1.36,2026-06-23T02:46:02,0.001,1.36
route_mutation,20260623T024602_853803,of:000000000000000b:3 -> of:000000000000000d:2,0.001,0.00125,0.001,0.001,1.53,2026-06-23T02:46:02,0.001,1.53
route_mutation,20260623T024602_853803,of:000000000000000c:3 -> of:000000000000000d:3,0.001,0.00125,0.001,0.001,1.53,2026-06-23T02:46:02,0.001,1.53
route_mutation,20260623T024602_853803,of:0000000000000005:2 -> of:0000000000000009:3,0.002,0.0025,0.002,0.002,1.7,2026-06-23T02:46:02,0.002,1.7
route_mutation,20260623T024602_853803,of:0000000000000001:1 -> of:000000000000000b:1,0.001,0.00125,0.001,0.001,1.36,2026-06-23T02:46:02,0.001,1.26
route_mutation,20260623T024602_853803,of:000000000000000b:2 -> of:000000000000000c:2,0.001,0.00125,0.001,0.001,1.53,2026-06-23T02:46:02,0.001,1.53
route_mutation,20260623T024602_853803,of:0000000000000001:2 -> of:000000000000000c:1,0.001,0.00125,0.001,0.001,1.36,2026-06-23T02:46:02,0.001,1.26
route_mutation,20260623T024602_853803,of:0000000000000006:2 -> of:000000000000000a:2,0.002,0.0025,0.002,0.002,1.63,2026-06-23T02:46:02,0.002,1.63
route_mutation,20260623T024602_853803,of:0000000000000001:3 -> of:000000000000000d:1,0.002,0.0025,0.002,0.002,1.6,2026-06-23T02:46:02,0.002,1.76
route_mutation,20260623T024602_853803,of:0000000000000003:1 -> of:000000000000000b:5,0.002,0.0025,0.002,0.002,1.56,2026-06-23T02:46:02,0.002,1.5
route_mutation,20260623T024602_853803,of:0000000000000006:1 -> of:000000000000000d:4,0.001,0.00125,0.001,0.001,1.46,2026-06-23T02:46:02,0.001,1.43
route_mutation,20260623T024602_853803,of:0000000000000007:2 -> of:000000000000000a:3,0.002,0.0025,0.002,0.002,1.63,2026-06-23T02:46:02,0.002,1.63
route_mutation,20260623T024602_853803,of:0000000000000007:1 -> of:000000000000000d:5,0.002,0.0025,0.002,0.002,1.96,2026-06-23T02:46:02,0.002,2.0
route_mutation,20260623T024602_853803,of:0000000000000002:2 -> of:0000000000000008:2,0.002,0.0025,0.002,0.002,1.83,2026-06-23T02:46:02,0.002,1.83
route_mutation,20260623T024602_853803,of:0000000000000003:2 -> of:0000000000000008:3,0.002,0.0025,0.002,0.002,1.83,2026-06-23T02:46:02,0.002,1.83
route_mutation,20260623T024602_853803,of:0000000000000008:1 -> of:000000000000000b:6,0.001,0.00125,0.001,0.001,1.46,2026-06-23T02:46:02,0.001,1.43
route_mutation,20260623T024602_853803,of:0000000000000004:2 -> of:0000000000000009:2,0.002,0.0025,0.002,0.002,1.7,2026-06-23T02:46:02,0.002,1.7
route_mutation,20260623T024602_853803,of:0000000000000002:1 -> of:000000000000000b:4,0.002,0.0025,0.002,0.002,1.56,2026-06-23T02:46:02,0.002,1.5
route_mutation,20260623T024602_853803,of:0000000000000009:1 -> of:000000000000000c:6,0.001,0.00125,0.001,0.001,1.43,2026-06-23T02:46:02,0.001,1.43
route_mutation,20260623T024633_222062,of:0000000000000004:1 -> of:000000000000000c:4,0.002,0.0025,0.002,0.002,1.93,2026-06-23T02:46:33,0.002,1.93
route_mutation,20260623T024633_222062,of:0000000000000005:1 -> of:000000000000000c:5,0.002,0.0025,0.002,0.002,1.53,2026-06-23T02:46:33,0.002,1.53
route_mutation,20260623T024633_222062,of:000000000000000a:1 -> of:000000000000000d:6,0.002,0.0025,0.002,0.002,1.53,2026-06-23T02:46:33,0.002,1.53
route_mutation,20260623T024633_222062,of:000000000000000b:3 -> of:000000000000000d:2,0.002,0.0025,0.002,0.002,1.73,2026-06-23T02:46:33,0.002,1.73
route_mutation,20260623T024633_222062,of:000000000000000c:3 -> of:000000000000000d:3,0.002,0.0025,0.002,0.002,1.73,2026-06-23T02:46:33,0.002,1.73
route_mutation,20260623T024633_222062,of:0000000000000005:2 -> of:0000000000000009:3,0.002,0.0025,0.002,0.002,1.73,2026-06-23T02:46:33,0.002,1.73
route_mutation,20260623T024633_222062,of:0000000000000001:1 -> of:000000000000000b:1,0.003,0.00375,0.003,0.003,3.6,2026-06-23T02:46:33,0.003,3.6
route_mutation,20260623T024633_222062,of:000000000000000b:2 -> of:000000000000000c:2,0.002,0.0025,0.002,0.002,1.73,2026-06-23T02:46:33,0.002,1.73
route_mutation,20260623T024633_222062,of:0000000000000001:2 -> of:000000000000000c:1,0.002,0.0025,0.002,0.002,2.2,2026-06-23T02:46:33,0.002,2.2
route_mutation,20260623T024633_222062,of:0000000000000006:2 -> of:000000000000000a:2,0.002,0.0025,0.002,0.002,1.73,2026-06-23T02:46:33,0.002,1.73
route_mutation,20260623T024633_222062,of:0000000000000001:3 -> of:000000000000000d:1,0.002,0.0025,0.002,0.002,1.53,2026-06-23T02:46:33,0.002,1.53
route_mutation,20260623T024633_222062,of:0000000000000003:1 -> of:000000000000000b:5,0.002,0.0025,0.002,0.002,2.56,2026-06-23T02:46:33,0.002,2.56
route_mutation,20260623T024633_222062,of:0000000000000006:1 -> of:000000000000000d:4,0.002,0.0025,0.002,0.002,1.53,2026-06-23T02:46:33,0.002,1.53
route_mutation,20260623T024633_222062,of:0000000000000007:2 -> of:000000000000000a:3,0.002,0.0025,0.002,0.002,1.73,2026-06-23T02:46:33,0.002,1.73
route_mutation,20260623T024633_222062,of:0000000000000007:1 -> of:000000000000000d:5,0.002,0.0025,0.002,0.002,1.53,2026-06-23T02:46:33,0.002,1.53
route_mutation,20260623T024633_222062,of:0000000000000002:2 -> of:0000000000000008:2,0.002,0.0025,0.002,0.002,1.73,2026-06-23T02:46:33,0.002,1.73
route_mutation,20260623T024633_222062,of:0000000000000003:2 -> of:0000000000000008:3,0.002,0.0025,0.002,0.002,1.73,2026-06-23T02:46:33,0.002,1.73
route_mutation,20260623T024633_222062,of:0000000000000008:1 -> of:000000000000000b:6,0.002,0.0025,0.002,0.002,1.53,2026-06-23T02:46:33,0.002,1.53
route_mutation,20260623T024633_222062,of:0000000000000004:2 -> of:0000000000000009:2,0.002,0.0025,0.002,0.002,1.73,2026-06-23T02:46:33,0.002,1.73
route_mutation,20260623T024633_222062,of:0000000000000002:1 -> of:000000000000000b:4,0.002,0.0025,0.002,0.002,2.56,2026-06-23T02:46:33,0.002,2.56
route_mutation,20260623T024633_222062,of:0000000000000009:1 -> of:000000000000000c:6,0.002,0.0025,0.002,0.002,1.53,2026-06-23T02:46:33,0.002,1.53
route_mutation,20260623T024703_576553,of:0000000000000004:1 -> of:000000000000000c:4,0.002,0.0025,0.002,0.002,2.2,2026-06-23T02:47:03,0.002,2.26
route_mutation,20260623T024703_576553,of:0000000000000005:1 -> of:000000000000000c:5,0.002,0.0025,0.002,0.002,2.6,2026-06-23T02:47:03,0.002,2.66
route_mutation,20260623T024703_576553,of:000000000000000a:1 -> of:000000000000000d:6,0.002,0.0025,0.002,0.002,1.9,2026-06-23T02:47:03,0.002,1.93
route_mutation,20260623T024703_576553,of:000000000000000b:3 -> of:000000000000000d:2,0.002,0.0025,0.002,0.002,2.53,2026-06-23T02:47:03,0.002,2.53
route_mutation,20260623T024703_576553,of:000000000000000c:3 -> of:000000000000000d:3,0.002,0.0025,0.002,0.002,2.53,2026-06-23T02:47:03,0.002,2.53
route_mutation,20260623T024703_576553,of:0000000000000005:2 -> of:0000000000000009:3,0.002,0.0025,0.002,0.002,2.36,2026-06-23T02:47:03,0.002,2.36
route_mutation,20260623T024703_576553,of:0000000000000001:1 -> of:000000000000000b:1,0.002,0.0025,0.002,0.002,1.93,2026-06-23T02:47:03,0.002,2.0
route_mutation,20260623T024703_576553,of:000000000000000b:2 -> of:000000000000000c:2,0.002,0.0025,0.002,0.002,2.53,2026-06-23T02:47:03,0.002,2.53
route_mutation,20260623T024703_576553,of:0000000000000001:2 -> of:000000000000000c:1,0.002,0.0025,0.002,0.002,2.86,2026-06-23T02:47:03,0.002,2.93
route_mutation,20260623T024703_576553,of:0000000000000006:2 -> of:000000000000000a:2,0.002,0.0025,0.002,0.002,2.4,2026-06-23T02:47:03,0.002,2.4
route_mutation,20260623T024703_576553,of:0000000000000001:3 -> of:000000000000000d:1,0.003,0.00375,0.003,0.003,3.63,2026-06-23T02:47:03,0.003,3.5
route_mutation,20260623T024703_576553,of:0000000000000003:1 -> of:000000000000000b:5,0.002,0.0025,0.002,0.002,2.03,2026-06-23T02:47:03,0.002,1.93
route_mutation,20260623T024703_576553,of:0000000000000006:1 -> of:000000000000000d:4,0.003,0.00375,0.003,0.003,3.03,2026-06-23T02:47:03,0.003,3.06
route_mutation,20260623T024703_576553,of:0000000000000007:2 -> of:000000000000000a:3,0.002,0.0025,0.002,0.002,2.4,2026-06-23T02:47:03,0.002,2.4
route_mutation,20260623T024703_576553,of:0000000000000007:1 -> of:000000000000000d:5,0.002,0.0025,0.002,0.002,2.13,2026-06-23T02:47:03,0.002,2.1
route_mutation,20260623T024703_576553,of:0000000000000002:2 -> of:0000000000000008:2,0.002,0.0025,0.002,0.002,2.53,2026-06-23T02:47:03,0.002,2.53
route_mutation,20260623T024703_576553,of:0000000000000003:2 -> of:0000000000000008:3,0.002,0.0025,0.002,0.002,2.53,2026-06-23T02:47:03,0.002,2.53
route_mutation,20260623T024703_576553,of:0000000000000008:1 -> of:000000000000000b:6,0.002,0.0025,0.002,0.002,1.83,2026-06-23T02:47:03,0.002,1.86
route_mutation,20260623T024703_576553,of:0000000000000004:2 -> of:0000000000000009:2,0.002,0.0025,0.002,0.002,2.36,2026-06-23T02:47:03,0.002,2.36
route_mutation,20260623T024703_576553,of:0000000000000002:1 -> of:000000000000000b:4,0.002,0.0025,0.002,0.002,2.03,2026-06-23T02:47:03,0.002,1.93
route_mutation,20260623T024703_576553,of:0000000000000009:1 -> of:000000000000000c:6,0.002,0.0025,0.002,0.002,1.9,2026-06-23T02:47:03,0.002,1.93
ip_shuffle,20260623T024733_767518,of:0000000000000004:1 -> of:000000000000000c:4,0.002,0.0025,0.002,0.002,1.73,2026-06-23T02:47:33,0.002,1.66
ip_shuffle,20260623T024733_767518,of:0000000000000005:1 -> of:000000000000000c:5,0.002,0.0025,0.002,0.002,1.73,2026-06-23T02:47:33,0.002,1.66
ip_shuffle,20260623T024733_767518,of:000000000000000a:1 -> of:000000000000000d:6,0.001,0.00125,0.001,0.001,1.63,2026-06-23T02:47:33,0.001,1.6
ip_shuffle,20260623T024733_767518,of:000000000000000b:3 -> of:000000000000000d:2,0.002,0.0025,0.002,0.002,2.03,2026-06-23T02:47:33,0.002,2.03
ip_shuffle,20260623T024733_767518,of:000000000000000c:3 -> of:000000000000000d:3,0.002,0.0025,0.002,0.002,2.0,2026-06-23T02:47:33,0.002,2.0
ip_shuffle,20260623T024733_767518,of:0000000000000005:2 -> of:0000000000000009:3,0.002,0.0025,0.002,0.002,2.16,2026-06-23T02:47:33,0.002,2.16
ip_shuffle,20260623T024733_767518,of:0000000000000001:1 -> of:000000000000000b:1,0.001,0.00125,0.001,0.001,1.6,2026-06-23T02:47:33,0.001,1.53
ip_shuffle,20260623T024733_767518,of:000000000000000b:2 -> of:000000000000000c:2,0.002,0.0025,0.002,0.002,2.0,2026-06-23T02:47:33,0.002,2.0
ip_shuffle,20260623T024733_767518,of:0000000000000001:2 -> of:000000000000000c:1,0.001,0.00125,0.001,0.001,1.6,2026-06-23T02:47:33,0.001,1.53
ip_shuffle,20260623T024733_767518,of:0000000000000006:2 -> of:000000000000000a:2,0.002,0.0025,0.002,0.002,2.13,2026-06-23T02:47:33,0.002,2.13
ip_shuffle,20260623T024733_767518,of:0000000000000001:3 -> of:000000000000000d:1,0.002,0.0025,0.002,0.002,2.5,2026-06-23T02:47:33,0.002,2.63
ip_shuffle,20260623T024733_767518,of:0000000000000003:1 -> of:000000000000000b:5,0.001,0.00125,0.001,0.001,1.5,2026-06-23T02:47:33,0.001,1.6
ip_shuffle,20260623T024733_767518,of:0000000000000006:1 -> of:000000000000000d:4,0.002,0.0025,0.002,0.002,1.7,2026-06-23T02:47:33,0.002,1.66
ip_shuffle,20260623T024733_767518,of:0000000000000007:2 -> of:000000000000000a:3,0.002,0.0025,0.002,0.002,2.13,2026-06-23T02:47:33,0.002,2.13
ip_shuffle,20260623T024733_767518,of:0000000000000007:1 -> of:000000000000000d:5,0.002,0.0025,0.002,0.002,2.8,2026-06-23T02:47:33,0.002,2.83
ip_shuffle,20260623T024733_767518,of:0000000000000002:2 -> of:0000000000000008:2,0.002,0.0025,0.002,0.002,2.0,2026-06-23T02:47:33,0.002,2.0
ip_shuffle,20260623T024733_767518,of:0000000000000003:2 -> of:0000000000000008:3,0.002,0.0025,0.002,0.002,2.0,2026-06-23T02:47:33,0.002,2.0
ip_shuffle,20260623T024733_767518,of:0000000000000008:1 -> of:000000000000000b:6,0.002,0.0025,0.002,0.002,1.7,2026-06-23T02:47:33,0.002,1.66
ip_shuffle,20260623T024733_767518,of:0000000000000004:2 -> of:0000000000000009:2,0.002,0.0025,0.002,0.002,2.2,2026-06-23T02:47:33,0.002,2.2
ip_shuffle,20260623T024733_767518,of:0000000000000002:1 -> of:000000000000000b:4,0.001,0.00125,0.001,0.001,1.5,2026-06-23T02:47:33,0.001,1.6
ip_shuffle,20260623T024733_767518,of:0000000000000009:1 -> of:000000000000000c:6,0.001,0.00125,0.001,0.001,1.63,2026-06-23T02:47:33,0.001,1.6
route_mutation,20260623T024831_576182,of:0000000000000004:1 -> of:000000000000000c:4,0.002,0.0025,0.002,0.002,1.5,2026-06-23T02:48:31,0.002,1.5
route_mutation,20260623T024831_576182,of:0000000000000005:1 -> of:000000000000000c:5,0.002,0.0025,0.002,0.002,1.5,2026-06-23T02:48:31,0.002,1.5
route_mutation,20260623T024831_576182,of:000000000000000a:1 -> of:000000000000000d:6,0.002,0.0025,0.002,0.002,1.5,2026-06-23T02:48:31,0.002,1.53
route_mutation,20260623T024831_576182,of:000000000000000b:3 -> of:000000000000000d:2,0.002,0.0025,0.002,0.002,1.7,2026-06-23T02:48:31,0.002,1.7
route_mutation,20260623T024831_576182,of:000000000000000c:3 -> of:000000000000000d:3,0.002,0.0025,0.002,0.002,1.7,2026-06-23T02:48:31,0.002,1.7
route_mutation,20260623T024831_576182,of:0000000000000005:2 -> of:0000000000000009:3,0.002,0.0025,0.002,0.002,1.66,2026-06-23T02:48:31,0.002,1.66
route_mutation,20260623T024831_576182,of:0000000000000001:1 -> of:000000000000000b:1,0.003,0.00375,0.003,0.003,3.43,2026-06-23T02:48:31,0.003,3.36
route_mutation,20260623T024831_576182,of:000000000000000b:2 -> of:000000000000000c:2,0.002,0.0025,0.002,0.002,1.66,2026-06-23T02:48:31,0.002,1.66
route_mutation,20260623T024831_576182,of:0000000000000001:2 -> of:000000000000000c:1,0.002,0.0025,0.002,0.002,1.5,2026-06-23T02:48:31,0.002,1.6
route_mutation,20260623T024831_576182,of:0000000000000006:2 -> of:000000000000000a:2,0.002,0.0025,0.002,0.002,1.66,2026-06-23T02:48:31,0.002,1.66
route_mutation,20260623T024831_576182,of:0000000000000001:3 -> of:000000000000000d:1,0.002,0.0025,0.002,0.002,2.16,2026-06-23T02:48:31,0.002,2.23
route_mutation,20260623T024831_576182,of:0000000000000003:1 -> of:000000000000000b:5,0.002,0.0025,0.002,0.002,2.33,2026-06-23T02:48:31,0.002,2.4
route_mutation,20260623T024831_576182,of:0000000000000006:1 -> of:000000000000000d:4,0.002,0.0025,0.002,0.002,1.6,2026-06-23T02:48:31,0.002,1.63
route_mutation,20260623T024831_576182,of:0000000000000007:2 -> of:000000000000000a:3,0.002,0.0025,0.002,0.002,1.66,2026-06-23T02:48:31,0.002,1.66
route_mutation,20260623T024831_576182,of:0000000000000007:1 -> of:000000000000000d:5,0.002,0.0025,0.002,0.002,2.16,2026-06-23T02:48:31,0.002,2.2
route_mutation,20260623T024831_576182,of:0000000000000002:2 -> of:0000000000000008:2,0.002,0.0025,0.002,0.002,1.76,2026-06-23T02:48:31,0.002,1.76
route_mutation,20260623T024831_576182,of:0000000000000003:2 -> of:0000000000000008:3,0.002,0.0025,0.002,0.002,1.76,2026-06-23T02:48:31,0.002,1.76
route_mutation,20260623T024831_576182,of:0000000000000008:1 -> of:000000000000000b:6,0.002,0.0025,0.002,0.002,1.5,2026-06-23T02:48:31,0.002,1.5
route_mutation,20260623T024831_576182,of:0000000000000004:2 -> of:0000000000000009:2,0.002,0.0025,0.002,0.002,1.66,2026-06-23T02:48:31,0.002,1.66
route_mutation,20260623T024831_576182,of:0000000000000002:1 -> of:000000000000000b:4,0.002,0.0025,0.002,0.002,2.63,2026-06-23T02:48:31,0.002,2.53
route_mutation,20260623T024831_576182,of:0000000000000009:1 -> of:000000000000000c:6,0.002,0.0025,0.002,0.002,1.5,2026-06-23T02:48:31,0.002,1.5
ip_shuffle,20260623T024901_932553,of:0000000000000004:1 -> of:000000000000000c:4,0.002,0.0025,0.002,0.002,1.96,2026-06-23T02:49:01,0.002,1.9
ip_shuffle,20260623T024901_932553,of:0000000000000005:1 -> of:000000000000000c:5,0.002,0.0025,0.002,0.002,1.96,2026-06-23T02:49:01,0.002,1.9
ip_shuffle,20260623T024901_932553,of:000000000000000a:1 -> of:000000000000000d:6,0.002,0.0025,0.002,0.002,1.93,2026-06-23T02:49:01,0.002,1.9
ip_shuffle,20260623T024901_932553,of:000000000000000b:3 -> of:000000000000000d:2,0.002,0.0025,0.002,0.002,2.56,2026-06-23T02:49:01,0.002,2.56
ip_shuffle,20260623T024901_932553,of:000000000000000c:3 -> of:000000000000000d:3,0.002,0.0025,0.002,0.002,2.53,2026-06-23T02:49:01,0.002,2.53
ip_shuffle,20260623T024901_932553,of:0000000000000005:2 -> of:0000000000000009:3,0.002,0.0025,0.002,0.002,2.63,2026-06-23T02:49:01,0.002,2.63
ip_shuffle,20260623T024901_932553,of:0000000000000001:1 -> of:000000000000000b:1,0.002,0.0025,0.002,0.002,1.86,2026-06-23T02:49:01,0.002,1.76
ip_shuffle,20260623T024901_932553,of:000000000000000b:2 -> of:000000000000000c:2,0.002,0.0025,0.002,0.002,2.5,2026-06-23T02:49:01,0.002,2.5
ip_shuffle,20260623T024901_932553,of:0000000000000001:2 -> of:000000000000000c:1,0.002,0.0025,0.002,0.002,1.83,2026-06-23T02:49:01,0.002,1.76
ip_shuffle,20260623T024901_932553,of:0000000000000006:2 -> of:000000000000000a:2,0.002,0.0025,0.002,0.002,2.6,2026-06-23T02:49:01,0.002,2.6
ip_shuffle,20260623T024901_932553,of:0000000000000001:3 -> of:000000000000000d:1,0.003,0.00375,0.003,0.003,3.33,2026-06-23T02:49:01,0.003,3.43
ip_shuffle,20260623T024901_932553,of:0000000000000003:1 -> of:000000000000000b:5,0.002,0.0025,0.002,0.002,1.73,2026-06-23T02:49:01,0.002,1.86
ip_shuffle,20260623T024901_932553,of:0000000000000006:1 -> of:000000000000000d:4,0.002,0.0025,0.002,0.002,2.2,2026-06-23T02:49:01,0.002,2.23
ip_shuffle,20260623T024901_932553,of:0000000000000007:2 -> of:000000000000000a:3,0.002,0.0025,0.002,0.002,2.6,2026-06-23T02:49:01,0.002,2.6
ip_shuffle,20260623T024901_932553,of:0000000000000007:1 -> of:000000000000000d:5,0.003,0.00375,0.003,0.003,3.4,2026-06-23T02:49:01,0.003,3.36
ip_shuffle,20260623T024901_932553,of:0000000000000002:2 -> of:0000000000000008:2,0.002,0.0025,0.002,0.002,2.46,2026-06-23T02:49:01,0.002,2.46
ip_shuffle,20260623T024901_932553,of:0000000000000003:2 -> of:0000000000000008:3,0.002,0.0025,0.002,0.002,2.46,2026-06-23T02:49:01,0.002,2.46
ip_shuffle,20260623T024901_932553,of:0000000000000008:1 -> of:000000000000000b:6,0.002,0.0025,0.002,0.002,1.93,2026-06-23T02:49:01,0.002,1.93
ip_shuffle,20260623T024901_932553,of:0000000000000004:2 -> of:0000000000000009:2,0.002,0.0025,0.002,0.002,2.63,2026-06-23T02:49:01,0.002,2.63
ip_shuffle,20260623T024901_932553,of:0000000000000002:1 -> of:000000000000000b:4,0.002,0.0025,0.002,0.002,1.73,2026-06-23T02:49:01,0.002,1.86
ip_shuffle,20260623T024901_932553,of:0000000000000009:1 -> of:000000000000000c:6,0.002,0.0025,0.002,0.002,1.86,2026-06-23T02:49:01,0.002,1.83
ip_shuffle,20260623T025006_186336,of:0000000000000004:1 -> of:000000000000000c:4,0.002,0.0025,0.002,0.002,2.26,2026-06-23T02:50:06,0.002,2.26
ip_shuffle,20260623T025006_186336,of:0000000000000005:1 -> of:000000000000000c:5,0.002,0.0025,0.002,0.002,2.26,2026-06-23T02:50:06,0.002,2.26
ip_shuffle,20260623T025006_186336,of:000000000000000a:1 -> of:000000000000000d:6,0.002,0.0025,0.002,0.002,1.53,2026-06-23T02:50:06,0.002,1.53
ip_shuffle,20260623T025006_186336,of:000000000000000b:3 -> of:000000000000000d:2,0.002,0.0025,0.002,0.002,1.73,2026-06-23T02:50:06,0.002,1.73
ip_shuffle,20260623T025006_186336,of:000000000000000c:3 -> of:000000000000000d:3,0.002,0.0025,0.002,0.002,1.73,2026-06-23T02:50:06,0.002,1.73
ip_shuffle,20260623T025006_186336,of:0000000000000005:2 -> of:0000000000000009:3,0.002,0.0025,0.002,0.002,1.66,2026-06-23T02:50:06,0.002,1.66
ip_shuffle,20260623T025006_186336,of:0000000000000001:1 -> of:000000000000000b:1,0.002,0.0025,0.002,0.002,2.56,2026-06-23T02:50:06,0.002,2.56
ip_shuffle,20260623T025006_186336,of:000000000000000b:2 -> of:000000000000000c:2,0.002,0.0025,0.002,0.002,1.73,2026-06-23T02:50:06,0.002,1.73
ip_shuffle,20260623T025006_186336,of:0000000000000001:2 -> of:000000000000000c:1,0.003,0.00375,0.003,0.003,3.13,2026-06-23T02:50:06,0.003,3.13
ip_shuffle,20260623T025006_186336,of:0000000000000006:2 -> of:000000000000000a:2,0.002,0.0025,0.002,0.002,1.66,2026-06-23T02:50:06,0.002,1.66
ip_shuffle,20260623T025006_186336,of:0000000000000001:3 -> of:000000000000000d:1,0.002,0.0025,0.002,0.002,1.83,2026-06-23T02:50:06,0.002,1.83
ip_shuffle,20260623T025006_186336,of:0000000000000003:1 -> of:000000000000000b:5,0.002,0.0025,0.002,0.002,2.46,2026-06-23T02:50:06,0.002,2.46
ip_shuffle,20260623T025006_186336,of:0000000000000006:1 -> of:000000000000000d:4,0.002,0.0025,0.002,0.002,1.73,2026-06-23T02:50:06,0.002,1.7
ip_shuffle,20260623T025006_186336,of:0000000000000007:2 -> of:000000000000000a:3,0.002,0.0025,0.002,0.002,1.66,2026-06-23T02:50:06,0.002,1.66
ip_shuffle,20260623T025006_186336,of:0000000000000007:1 -> of:000000000000000d:5,0.001,0.00125,0.001,0.001,1.46,2026-06-23T02:50:06,0.001,1.46
ip_shuffle,20260623T025006_186336,of:0000000000000002:2 -> of:0000000000000008:2,0.002,0.0025,0.002,0.002,1.73,2026-06-23T02:50:06,0.002,1.73
ip_shuffle,20260623T025006_186336,of:0000000000000003:2 -> of:0000000000000008:3,0.002,0.0025,0.002,0.002,1.73,2026-06-23T02:50:06,0.002,1.73
ip_shuffle,20260623T025006_186336,of:0000000000000008:1 -> of:000000000000000b:6,0.002,0.0025,0.002,0.002,1.53,2026-06-23T02:50:06,0.002,1.53
ip_shuffle,20260623T025006_186336,of:0000000000000004:2 -> of:0000000000000009:2,0.002,0.0025,0.002,0.002,1.66,2026-06-23T02:50:06,0.002,1.66
ip_shuffle,20260623T025006_186336,of:0000000000000002:1 -> of:000000000000000b:4,0.002,0.0025,0.002,0.002,1.63,2026-06-23T02:50:06,0.002,1.63
ip_shuffle,20260623T025006_186336,of:0000000000000009:1 -> of:000000000000000c:6,0.002,0.0025,0.002,0.002,1.53,2026-06-23T02:50:06,0.002,1.53
route_mutation,20260623T025116_733878,of:0000000000000004:1 -> of:000000000000000c:4,0.002,0.0025,0.002,0.002,1.83,2026-06-23T02:51:16,0.002,1.76
route_mutation,20260623T025116_733878,of:0000000000000005:1 -> of:000000000000000c:5,0.002,0.0025,0.002,0.002,1.83,2026-06-23T02:51:16,0.002,1.76
route_mutation,20260623T025116_733878,of:000000000000000a:1 -> of:000000000000000d:6,0.002,0.0025,0.002,0.002,1.66,2026-06-23T02:51:16,0.002,1.63
route_mutation,20260623T025116_733878,of:000000000000000b:3 -> of:000000000000000d:2,0.002,0.0025,0.002,0.002,2.03,2026-06-23T02:51:16,0.002,2.03
route_mutation,20260623T025116_733878,of:000000000000000c:3 -> of:000000000000000d:3,0.002,0.0025,0.002,0.002,1.99,2026-06-23T02:51:16,0.002,1.99
route_mutation,20260623T025116_733878,of:0000000000000005:2 -> of:0000000000000009:3,0.002,0.0025,0.002,0.002,2.23,2026-06-23T02:51:16,0.002,2.23
route_mutation,20260623T025116_733878,of:0000000000000001:1 -> of:000000000000000b:1,0.002,0.0025,0.002,0.002,1.73,2026-06-23T02:51:16,0.002,1.63
route_mutation,20260623T025116_733878,of:000000000000000b:2 -> of:000000000000000c:2,0.002,0.0025,0.002,0.002,2.09,2026-06-23T02:51:16,0.002,2.09
route_mutation,20260623T025116_733878,of:0000000000000001:2 -> of:000000000000000c:1,0.002,0.0025,0.002,0.002,1.7,2026-06-23T02:51:16,0.002,1.63
route_mutation,20260623T025116_733878,of:0000000000000006:2 -> of:000000000000000a:2,0.002,0.0025,0.002,0.002,2.13,2026-06-23T02:51:16,0.002,2.13
route_mutation,20260623T025116_733878,of:0000000000000001:3 -> of:000000000000000d:1,0.002,0.0025,0.002,0.002,2.43,2026-06-23T02:51:16,0.002,2.49
route_mutation,20260623T025116_733878,of:0000000000000003:1 -> of:000000000000000b:5,0.002,0.0025,0.002,0.002,1.6,2026-06-23T02:51:16,0.002,1.73
route_mutation,20260623T025116_733878,of:0000000000000006:1 -> of:000000000000000d:4,0.002,0.0025,0.002,0.002,1.66,2026-06-23T02:51:16,0.002,1.63
route_mutation,20260623T025116_733878,of:0000000000000007:2 -> of:000000000000000a:3,0.002,0.0025,0.002,0.002,2.13,2026-06-23T02:51:16,0.002,2.13
route_mutation,20260623T025116_733878,of:0000000000000007:1 -> of:000000000000000d:5,0.002,0.0025,0.002,0.002,2.63,2026-06-23T02:51:16,0.002,2.69
route_mutation,20260623T025116_733878,of:0000000000000002:2 -> of:0000000000000008:2,0.002,0.0025,0.002,0.002,1.99,2026-06-23T02:51:16,0.002,1.99
route_mutation,20260623T025116_733878,of:0000000000000003:2 -> of:0000000000000008:3,0.002,0.0025,0.002,0.002,1.99,2026-06-23T02:51:16,0.002,1.99
route_mutation,20260623T025116_733878,of:0000000000000008:1 -> of:000000000000000b:6,0.002,0.0025,0.002,0.002,1.73,2026-06-23T02:51:16,0.002,1.73
route_mutation,20260623T025116_733878,of:0000000000000004:2 -> of:0000000000000009:2,0.002,0.0025,0.002,0.002,2.23,2026-06-23T02:51:16,0.002,2.23
route_mutation,20260623T025116_733878,of:0000000000000002:1 -> of:000000000000000b:4,0.002,0.0025,0.002,0.002,1.6,2026-06-23T02:51:16,0.002,1.73
route_mutation,20260623T025116_733878,of:0000000000000009:1 -> of:000000000000000c:6,0.002,0.0025,0.002,0.002,1.73,2026-06-23T02:51:16,0.002,1.7
route_mutation,20260623T025147_027100,of:0000000000000004:1 -> of:000000000000000c:4,0.002,0.0025,0.002,0.002,1.63,2026-06-23T02:51:47,0.002,1.57
route_mutation,20260623T025147_027100,of:0000000000000005:1 -> of:000000000000000c:5,0.002,0.0025,0.002,0.002,1.53,2026-06-23T02:51:47,0.002,1.47
route_mutation,20260623T025147_027100,of:000000000000000a:1 -> of:000000000000000d:6,0.002,0.0025,0.002,0.002,1.47,2026-06-23T02:51:47,0.002,1.5
route_mutation,20260623T025147_027100,of:000000000000000b:3 -> of:000000000000000d:2,0.002,0.0025,0.002,0.002,1.63,2026-06-23T02:51:47,0.002,1.63
route_mutation,20260623T025147_027100,of:000000000000000c:3 -> of:000000000000000d:3,0.002,0.0025,0.002,0.002,1.63,2026-06-23T02:51:47,0.002,1.63
route_mutation,20260623T025147_027100,of:0000000000000005:2 -> of:0000000000000009:3,0.002,0.0025,0.002,0.002,1.66,2026-06-23T02:51:47,0.002,1.66
route_mutation,20260623T025147_027100,of:0000000000000001:1 -> of:000000000000000b:1,0.003,0.00375,0.003,0.003,3.5,2026-06-23T02:51:47,0.003,3.36
route_mutation,20260623T025147_027100,of:000000000000000b:2 -> of:000000000000000c:2,0.002,0.0025,0.002,0.002,1.6,2026-06-23T02:51:47,0.002,1.6
route_mutation,20260623T025147_027100,of:0000000000000001:2 -> of:000000000000000c:1,0.002,0.0025,0.002,0.002,1.5,2026-06-23T02:51:47,0.002,1.57
route_mutation,20260623T025147_027100,of:0000000000000006:2 -> of:000000000000000a:2,0.001,0.00125,0.001,0.001,1.5,2026-06-23T02:51:47,0.001,1.5
route_mutation,20260623T025147_027100,of:0000000000000001:3 -> of:000000000000000d:1,0.002,0.0025,0.002,0.002,1.5,2026-06-23T02:51:47,0.002,1.53
route_mutation,20260623T025147_027100,of:0000000000000003:1 -> of:000000000000000b:5,0.002,0.0025,0.002,0.002,2.33,2026-06-23T02:51:47,0.002,2.46
route_mutation,20260623T025147_027100,of:0000000000000006:1 -> of:000000000000000d:4,0.001,0.00125,0.001,0.001,1.37,2026-06-23T02:51:47,0.001,1.43
route_mutation,20260623T025147_027100,of:0000000000000007:2 -> of:000000000000000a:3,0.001,0.00125,0.001,0.001,1.5,2026-06-23T02:51:47,0.001,1.5
route_mutation,20260623T025147_027100,of:0000000000000007:1 -> of:000000000000000d:5,0.001,0.00125,0.001,0.001,1.37,2026-06-23T02:51:47,0.001,1.43
route_mutation,20260623T025147_027100,of:0000000000000002:2 -> of:0000000000000008:2,0.002,0.0025,0.002,0.002,1.66,2026-06-23T02:51:47,0.002,1.66
route_mutation,20260623T025147_027100,of:0000000000000003:2 -> of:0000000000000008:3,0.002,0.0025,0.002,0.002,1.66,2026-06-23T02:51:47,0.002,1.66
route_mutation,20260623T025147_027100,of:0000000000000008:1 -> of:000000000000000b:6,0.002,0.0025,0.002,0.002,1.47,2026-06-23T02:51:47,0.002,1.47
route_mutation,20260623T025147_027100,of:0000000000000004:2 -> of:0000000000000009:2,0.002,0.0025,0.002,0.002,1.66,2026-06-23T02:51:47,0.002,1.66
route_mutation,20260623T025147_027100,of:0000000000000002:1 -> of:000000000000000b:4,0.002,0.0025,0.002,0.002,2.56,2026-06-23T02:51:47,0.002,2.5
route_mutation,20260623T025147_027100,of:0000000000000009:1 -> of:000000000000000c:6,0.002,0.0025,0.002,0.002,1.47,2026-06-23T02:51:47,0.002,1.47
route_mutation,20260623T025217_329666,of:0000000000000004:1 -> of:000000000000000c:4,0.002,0.0025,0.002,0.002,2.43,2026-06-23T02:52:17,0.002,2.4
route_mutation,20260623T025217_329666,of:0000000000000005:1 -> of:000000000000000c:5,0.002,0.0025,0.002,0.002,2.53,2026-06-23T02:52:17,0.002,2.5
route_mutation,20260623T025217_329666,of:000000000000000a:1 -> of:000000000000000d:6,0.002,0.0025,0.002,0.002,1.7,2026-06-23T02:52:17,0.002,1.7
route_mutation,20260623T025217_329666,of:000000000000000b:3 -> of:000000000000000d:2,0.002,0.0025,0.002,0.002,2.13,2026-06-23T02:52:17,0.002,2.13
route_mutation,20260623T025217_329666,of:000000000000000c:3 -> of:000000000000000d:3,0.002,0.0025,0.002,0.002,2.13,2026-06-23T02:52:17,0.002,2.13
route_mutation,20260623T025217_329666,of:0000000000000005:2 -> of:0000000000000009:3,0.002,0.0025,0.002,0.002,2.2,2026-06-23T02:52:17,0.002,2.2
route_mutation,20260623T025217_329666,of:0000000000000001:1 -> of:000000000000000b:1,0.002,0.0025,0.002,0.002,1.66,2026-06-23T02:52:17,0.002,1.86
route_mutation,20260623T025217_329666,of:000000000000000b:2 -> of:000000000000000c:2,0.002,0.0025,0.002,0.002,2.06,2026-06-23T02:52:17,0.002,2.06
route_mutation,20260623T025217_329666,of:0000000000000001:2 -> of:000000000000000c:1,0.003,0.00375,0.003,0.003,3.19,2026-06-23T02:52:17,0.003,3.19
route_mutation,20260623T025217_329666,of:0000000000000006:2 -> of:000000000000000a:2,0.002,0.0025,0.002,0.002,2.13,2026-06-23T02:52:17,0.002,2.13
route_mutation,20260623T025217_329666,of:0000000000000001:3 -> of:000000000000000d:1,0.003,0.00375,0.003,0.003,2.93,2026-06-23T02:52:17,0.002,2.8
route_mutation,20260623T025217_329666,of:0000000000000003:1 -> of:000000000000000b:5,0.002,0.0025,0.002,0.002,1.86,2026-06-23T02:52:17,0.002,1.66
route_mutation,20260623T025217_329666,of:0000000000000006:1 -> of:000000000000000d:4,0.002,0.0025,0.002,0.002,2.8,2026-06-23T02:52:17,0.002,2.66
route_mutation,20260623T025217_329666,of:0000000000000007:2 -> of:000000000000000a:3,0.002,0.0025,0.002,0.002,2.13,2026-06-23T02:52:17,0.002,2.13
route_mutation,20260623T025217_329666,of:0000000000000007:1 -> of:000000000000000d:5,0.002,0.0025,0.002,0.002,1.8,2026-06-23T02:52:17,0.002,1.76
route_mutation,20260623T025217_329666,of:0000000000000002:2 -> of:0000000000000008:2,0.002,0.0025,0.002,0.002,2.06,2026-06-23T02:52:17,0.002,2.06
route_mutation,20260623T025217_329666,of:0000000000000003:2 -> of:0000000000000008:3,0.002,0.0025,0.002,0.002,2.06,2026-06-23T02:52:17,0.002,2.06
route_mutation,20260623T025217_329666,of:0000000000000008:1 -> of:000000000000000b:6,0.001,0.00125,0.001,0.001,1.63,2026-06-23T02:52:17,0.001,1.63
route_mutation,20260623T025217_329666,of:0000000000000004:2 -> of:0000000000000009:2,0.002,0.0025,0.002,0.002,2.2,2026-06-23T02:52:17,0.002,2.2
route_mutation,20260623T025217_329666,of:0000000000000002:1 -> of:000000000000000b:4,0.002,0.0025,0.002,0.002,1.66,2026-06-23T02:52:17,0.002,1.66
route_mutation,20260623T025217_329666,of:0000000000000009:1 -> of:000000000000000c:6,0.001,0.00125,0.001,0.001,1.63,2026-06-23T02:52:17,0.001,1.63
route_mutation,20260623T025247_690277,of:0000000000000004:1 -> of:000000000000000c:4,0.002,0.0025,0.002,0.002,1.7,2026-06-23T02:52:47,0.002,1.8
route_mutation,20260623T025247_690277,of:0000000000000005:1 -> of:000000000000000c:5,0.002,0.0025,0.002,0.002,1.7,2026-06-23T02:52:47,0.002,1.8
route_mutation,20260623T025247_690277,of:000000000000000a:1 -> of:000000000000000d:6,0.002,0.0025,0.002,0.002,1.8,2026-06-23T02:52:47,0.002,1.76
route_mutation,20260623T025247_690277,of:000000000000000b:3 -> of:000000000000000d:2,0.002,0.0025,0.002,0.002,2.3,2026-06-23T02:52:47,0.002,2.3
route_mutation,20260623T025247_690277,of:000000000000000c:3 -> of:000000000000000d:3,0.002,0.0025,0.002,0.002,2.3,2026-06-23T02:52:47,0.002,2.3
route_mutation,20260623T025247_690277,of:0000000000000005:2 -> of:0000000000000009:3,0.002,0.0025,0.002,0.002,2.23,2026-06-23T02:52:47,0.002,2.23
route_mutation,20260623T025247_690277,of:0000000000000001:1 -> of:000000000000000b:1,0.002,0.0025,0.002,0.002,1.86,2026-06-23T02:52:47,0.002,1.8
route_mutation,20260623T025247_690277,of:000000000000000b:2 -> of:000000000000000c:2,0.002,0.0025,0.002,0.002,2.4,2026-06-23T02:52:47,0.002,2.4
route_mutation,20260623T025247_690277,of:0000000000000001:2 -> of:000000000000000c:1,0.002,0.0025,0.002,0.002,1.86,2026-06-23T02:52:47,0.002,1.8
route_mutation,20260623T025247_690277,of:0000000000000006:2 -> of:000000000000000a:2,0.002,0.0025,0.002,0.002,2.43,2026-06-23T02:52:47,0.002,2.43
route_mutation,20260623T025247_690277,of:0000000000000001:3 -> of:000000000000000d:1,0.003,0.00375,0.003,0.003,3.13,2026-06-23T02:52:47,0.003,3.23
route_mutation,20260623T025247_690277,of:0000000000000003:1 -> of:000000000000000b:5,0.002,0.0025,0.002,0.002,1.8,2026-06-23T02:52:47,0.002,1.86
route_mutation,20260623T025247_690277,of:0000000000000006:1 -> of:000000000000000d:4,0.002,0.0025,0.002,0.002,2.0,2026-06-23T02:52:47,0.002,2.06
route_mutation,20260623T025247_690277,of:0000000000000007:2 -> of:000000000000000a:3,0.002,0.0025,0.002,0.002,2.43,2026-06-23T02:52:47,0.002,2.43
route_mutation,20260623T025247_690277,of:0000000000000007:1 -> of:000000000000000d:5,0.003,0.00375,0.003,0.003,3.19,2026-06-23T02:52:47,0.003,3.16
route_mutation,20260623T025247_690277,of:0000000000000002:2 -> of:0000000000000008:2,0.002,0.0025,0.002,0.002,2.33,2026-06-23T02:52:47,0.002,2.33
route_mutation,20260623T025247_690277,of:0000000000000003:2 -> of:0000000000000008:3,0.002,0.0025,0.002,0.002,2.33,2026-06-23T02:52:47,0.002,2.33
route_mutation,20260623T025247_690277,of:0000000000000008:1 -> of:000000000000000b:6,0.002,0.0025,0.002,0.002,1.86,2026-06-23T02:52:47,0.002,1.86
route_mutation,20260623T025247_690277,of:0000000000000004:2 -> of:0000000000000009:2,0.002,0.0025,0.002,0.002,2.23,2026-06-23T02:52:47,0.002,2.23
route_mutation,20260623T025247_690277,of:0000000000000002:1 -> of:000000000000000b:4,0.002,0.0025,0.002,0.002,1.8,2026-06-23T02:52:47,0.002,1.86
route_mutation,20260623T025247_690277,of:0000000000000009:1 -> of:000000000000000c:6,0.002,0.0025,0.002,0.002,1.86,2026-06-23T02:52:47,0.002,1.86
route_mutation,20260623T025318_053302,of:0000000000000004:1 -> of:000000000000000c:4,0.002,0.0025,0.002,0.002,1.43,2026-06-23T02:53:18,0.002,1.43
route_mutation,20260623T025318_053302,of:0000000000000005:1 -> of:000000000000000c:5,0.002,0.0025,0.002,0.002,1.43,2026-06-23T02:53:18,0.002,1.43
route_mutation,20260623T025318_053302,of:000000000000000a:1 -> of:000000000000000d:6,0.002,0.0025,0.002,0.002,1.43,2026-06-23T02:53:18,0.002,1.43
route_mutation,20260623T025318_053302,of:000000000000000b:3 -> of:000000000000000d:2,0.002,0.0025,0.002,0.002,1.53,2026-06-23T02:53:18,0.002,1.53
route_mutation,20260623T025318_053302,of:000000000000000c:3 -> of:000000000000000d:3,0.002,0.0025,0.002,0.002,1.53,2026-06-23T02:53:18,0.002,1.53
route_mutation,20260623T025318_053302,of:0000000000000005:2 -> of:0000000000000009:3,0.002,0.0025,0.002,0.002,1.53,2026-06-23T02:53:18,0.002,1.53
route_mutation,20260623T025318_053302,of:0000000000000001:1 -> of:000000000000000b:1,0.003,0.00375,0.003,0.003,2.83,2026-06-23T02:53:18,0.003,2.86
route_mutation,20260623T025318_053302,of:000000000000000b:2 -> of:000000000000000c:2,0.002,0.0025,0.002,0.002,1.53,2026-06-23T02:53:18,0.002,1.53
route_mutation,20260623T025318_053302,of:0000000000000001:2 -> of:000000000000000c:1,0.002,0.0025,0.002,0.002,1.43,2026-06-23T02:53:18,0.002,1.43
route_mutation,20260623T025318_053302,of:0000000000000006:2 -> of:000000000000000a:2,0.002,0.0025,0.002,0.002,1.6,2026-06-23T02:53:18,0.002,1.6
route_mutation,20260623T025318_053302,of:0000000000000001:3 -> of:000000000000000d:1,0.002,0.0025,0.002,0.002,1.43,2026-06-23T02:53:18,0.002,1.43
route_mutation,20260623T025318_053302,of:0000000000000003:1 -> of:000000000000000b:5,0.002,0.0025,0.002,0.002,1.83,2026-06-23T02:53:18,0.002,1.83
route_mutation,20260623T025318_053302,of:0000000000000006:1 -> of:000000000000000d:4,0.002,0.0025,0.002,0.002,1.5,2026-06-23T02:53:18,0.002,1.5
route_mutation,20260623T025318_053302,of:0000000000000007:2 -> of:000000000000000a:3,0.001,0.00125,0.001,0.001,1.46,2026-06-23T02:53:18,0.001,1.46
route_mutation,20260623T025318_053302,of:0000000000000007:1 -> of:000000000000000d:5,0.001,0.00125,0.001,0.001,1.36,2026-06-23T02:53:18,0.001,1.36
route_mutation,20260623T025318_053302,of:0000000000000002:2 -> of:0000000000000008:2,0.002,0.0025,0.002,0.002,1.53,2026-06-23T02:53:18,0.002,1.53
route_mutation,20260623T025318_053302,of:0000000000000003:2 -> of:0000000000000008:3,0.002,0.0025,0.002,0.002,1.53,2026-06-23T02:53:18,0.002,1.53
route_mutation,20260623T025318_053302,of:0000000000000008:1 -> of:000000000000000b:6,0.002,0.0025,0.002,0.002,1.43,2026-06-23T02:53:18,0.002,1.43
route_mutation,20260623T025318_053302,of:0000000000000004:2 -> of:0000000000000009:2,0.002,0.0025,0.002,0.002,1.53,2026-06-23T02:53:18,0.002,1.53
route_mutation,20260623T025318_053302,of:0000000000000002:1 -> of:000000000000000b:4,0.002,0.0025,0.002,0.002,2.46,2026-06-23T02:53:18,0.002,2.46
route_mutation,20260623T025318_053302,of:0000000000000009:1 -> of:000000000000000c:6,0.002,0.0025,0.002,0.002,1.43,2026-06-23T02:53:18,0.002,1.43
ip_shuffle,20260623T025348_392367,of:0000000000000004:1 -> of:000000000000000c:4,0.002,0.0025,0.002,0.002,2.46,2026-06-23T02:53:48,0.002,2.36
ip_shuffle,20260623T025348_392367,of:0000000000000005:1 -> of:000000000000000c:5,0.002,0.0025,0.002,0.002,2.46,2026-06-23T02:53:48,0.002,2.36
ip_shuffle,20260623T025348_392367,of:000000000000000a:1 -> of:000000000000000d:6,0.002,0.0025,0.002,0.002,1.56,2026-06-23T02:53:48,0.002,1.56
ip_shuffle,20260623T025348_392367,of:000000000000000b:3 -> of:000000000000000d:2,0.002,0.0025,0.002,0.002,1.86,2026-06-23T02:53:48,0.002,1.86
ip_shuffle,20260623T025348_392367,of:000000000000000c:3 -> of:000000000000000d:3,0.002,0.0025,0.002,0.002,1.86,2026-06-23T02:53:48,0.002,1.86
ip_shuffle,20260623T025348_392367,of:0000000000000005:2 -> of:0000000000000009:3,0.002,0.0025,0.002,0.002,1.96,2026-06-23T02:53:48,0.002,1.96
ip_shuffle,20260623T025348_392367,of:0000000000000001:1 -> of:000000000000000b:1,0.002,0.0025,0.002,0.002,2.16,2026-06-23T02:53:48,0.002,2.23
ip_shuffle,20260623T025348_392367,of:000000000000000b:2 -> of:000000000000000c:2,0.002,0.0025,0.002,0.002,1.8,2026-06-23T02:53:48,0.002,1.8
ip_shuffle,20260623T025348_392367,of:0000000000000001:2 -> of:000000000000000c:1,0.003,0.00375,0.003,0.003,3.1,2026-06-23T02:53:48,0.003,3.2
ip_shuffle,20260623T025348_392367,of:0000000000000006:2 -> of:000000000000000a:2,0.002,0.0025,0.002,0.002,2.0,2026-06-23T02:53:48,0.002,2.0
ip_shuffle,20260623T025348_392367,of:0000000000000001:3 -> of:000000000000000d:1,0.002,0.0025,0.002,0.002,2.4,2026-06-23T02:53:48,0.002,2.3
ip_shuffle,20260623T025348_392367,of:0000000000000003:1 -> of:000000000000000b:5,0.002,0.0025,0.002,0.002,2.23,2026-06-23T02:53:48,0.002,2.13
ip_shuffle,20260623T025348_392367,of:0000000000000006:1 -> of:000000000000000d:4,0.002,0.0025,0.002,0.002,2.4,2026-06-23T02:53:48,0.002,2.56
ip_shuffle,20260623T025348_392367,of:0000000000000007:2 -> of:000000000000000a:3,0.002,0.0025,0.002,0.002,1.86,2026-06-23T02:53:48,0.002,1.86
ip_shuffle,20260623T025348_392367,of:0000000000000007:1 -> of:000000000000000d:5,0.002,0.0025,0.002,0.002,1.63,2026-06-23T02:53:48,0.002,1.63
ip_shuffle,20260623T025348_392367,of:0000000000000002:2 -> of:0000000000000008:2,0.002,0.0025,0.002,0.002,1.9,2026-06-23T02:53:48,0.002,1.9
ip_shuffle,20260623T025348_392367,of:0000000000000003:2 -> of:0000000000000008:3,0.002,0.0025,0.002,0.002,1.9,2026-06-23T02:53:48,0.002,1.9
ip_shuffle,20260623T025348_392367,of:0000000000000008:1 -> of:000000000000000b:6,0.001,0.00125,0.001,0.001,1.5,2026-06-23T02:53:48,0.001,1.5
ip_shuffle,20260623T025348_392367,of:0000000000000004:2 -> of:0000000000000009:2,0.002,0.0025,0.002,0.002,1.96,2026-06-23T02:53:48,0.002,1.96
ip_shuffle,20260623T025348_392367,of:0000000000000002:1 -> of:000000000000000b:4,0.001,0.00125,0.001,0.001,1.6,2026-06-23T02:53:48,0.001,1.5
ip_shuffle,20260623T025348_392367,of:0000000000000009:1 -> of:000000000000000c:6,0.001,0.00125,0.001,0.001,1.5,2026-06-23T02:53:48,0.001,1.5
ip_shuffle,20260623T025446_118745,of:0000000000000004:1 -> of:000000000000000c:4,0.002,0.0025,0.002,0.002,1.43,2026-06-23T02:54:46,0.002,1.43
ip_shuffle,20260623T025446_118745,of:0000000000000005:1 -> of:000000000000000c:5,0.002,0.0025,0.002,0.002,1.43,2026-06-23T02:54:46,0.002,1.43
ip_shuffle,20260623T025446_118745,of:000000000000000a:1 -> of:000000000000000d:6,0.002,0.0025,0.002,0.002,1.43,2026-06-23T02:54:46,0.002,1.43
ip_shuffle,20260623T025446_118745,of:000000000000000b:3 -> of:000000000000000d:2,0.002,0.0025,0.002,0.002,1.53,2026-06-23T02:54:46,0.002,1.53
ip_shuffle,20260623T025446_118745,of:000000000000000c:3 -> of:000000000000000d:3,0.002,0.0025,0.002,0.002,1.53,2026-06-23T02:54:46,0.002,1.53
ip_shuffle,20260623T025446_118745,of:0000000000000005:2 -> of:0000000000000009:3,0.002,0.0025,0.002,0.002,1.53,2026-06-23T02:54:46,0.002,1.53
ip_shuffle,20260623T025446_118745,of:0000000000000001:1 -> of:000000000000000b:1,0.002,0.0025,0.002,0.002,2.13,2026-06-23T02:54:46,0.002,2.16
ip_shuffle,20260623T025446_118745,of:000000000000000b:2 -> of:000000000000000c:2,0.002,0.0025,0.002,0.002,1.53,2026-06-23T02:54:46,0.002,1.53
ip_shuffle,20260623T025446_118745,of:0000000000000001:2 -> of:000000000000000c:1,0.002,0.0025,0.002,0.002,1.43,2026-06-23T02:54:46,0.002,1.43
ip_shuffle,20260623T025446_118745,of:0000000000000006:2 -> of:000000000000000a:2,0.002,0.0025,0.002,0.002,1.53,2026-06-23T02:54:46,0.002,1.53
ip_shuffle,20260623T025446_118745,of:0000000000000001:3 -> of:000000000000000d:1,0.002,0.0025,0.002,0.002,1.43,2026-06-23T02:54:46,0.002,1.43
ip_shuffle,20260623T025446_118745,of:0000000000000003:1 -> of:000000000000000b:5,0.002,0.0025,0.002,0.002,1.43,2026-06-23T02:54:46,0.002,1.43
ip_shuffle,20260623T025446_118745,of:0000000000000006:1 -> of:000000000000000d:4,0.002,0.0025,0.002,0.002,1.43,2026-06-23T02:54:46,0.002,1.43
ip_shuffle,20260623T025446_118745,of:0000000000000007:2 -> of:000000000000000a:3,0.002,0.0025,0.002,0.002,1.53,2026-06-23T02:54:46,0.002,1.53
ip_shuffle,20260623T025446_118745,of:0000000000000007:1 -> of:000000000000000d:5,0.002,0.0025,0.002,0.002,1.43,2026-06-23T02:54:46,0.002,1.43
ip_shuffle,20260623T025446_118745,of:0000000000000002:2 -> of:0000000000000008:2,0.002,0.0025,0.002,0.002,1.53,2026-06-23T02:54:46,0.002,1.53
ip_shuffle,20260623T025446_118745,of:0000000000000003:2 -> of:0000000000000008:3,0.002,0.0025,0.002,0.002,1.53,2026-06-23T02:54:46,0.002,1.53
ip_shuffle,20260623T025446_118745,of:0000000000000008:1 -> of:000000000000000b:6,0.002,0.0025,0.002,0.002,1.43,2026-06-23T02:54:46,0.002,1.43
ip_shuffle,20260623T025446_118745,of:0000000000000004:2 -> of:0000000000000009:2,0.002,0.0025,0.002,0.002,1.53,2026-06-23T02:54:46,0.002,1.53
ip_shuffle,20260623T025446_118745,of:0000000000000002:1 -> of:000000000000000b:4,0.002,0.0025,0.002,0.002,2.16,2026-06-23T02:54:46,0.002,2.16
ip_shuffle,20260623T025446_118745,of:0000000000000009:1 -> of:000000000000000c:6,0.002,0.0025,0.002,0.002,1.43,2026-06-23T02:54:46,0.002,1.43
ip_shuffle,20260623T025556_714779,of:0000000000000004:1 -> of:000000000000000c:4,0.002,0.0025,0.002,0.002,1.93,2026-06-23T02:55:56,0.002,2.09
ip_shuffle,20260623T025556_714779,of:0000000000000005:1 -> of:000000000000000c:5,0.002,0.0025,0.002,0.002,1.93,2026-06-23T02:55:56,0.002,2.09
ip_shuffle,20260623T025556_714779,of:000000000000000a:1 -> of:000000000000000d:6,0.002,0.0025,0.002,0.002,2.13,2026-06-23T02:55:56,0.002,2.09
ip_shuffle,20260623T025556_714779,of:000000000000000b:3 -> of:000000000000000d:2,0.002,0.0025,0.002,0.002,2.96,2026-06-23T02:55:56,0.002,2.96
ip_shuffle,20260623T025556_714779,of:000000000000000c:3 -> of:000000000000000d:3,0.002,0.0025,0.002,0.002,2.92,2026-06-23T02:55:56,0.002,2.92
ip_shuffle,20260623T025556_714779,of:0000000000000005:2 -> of:0000000000000009:3,0.002,0.0025,0.002,0.002,2.79,2026-06-23T02:55:56,0.002,2.79
ip_shuffle,20260623T025556_714779,of:0000000000000001:1 -> of:000000000000000b:1,0.002,0.0025,0.002,0.002,2.19,2026-06-23T02:55:56,0.002,2.03
ip_shuffle,20260623T025556_714779,of:000000000000000b:2 -> of:000000000000000c:2,0.002,0.0025,0.002,0.002,3.02,2026-06-23T02:55:56,0.002,3.02
ip_shuffle,20260623T025556_714779,of:0000000000000001:2 -> of:000000000000000c:1,0.002,0.0025,0.002,0.002,2.16,2026-06-23T02:55:56,0.002,2.03
ip_shuffle,20260623T025556_714779,of:0000000000000006:2 -> of:000000000000000a:2,0.002,0.0025,0.002,0.002,2.79,2026-06-23T02:55:56,0.002,2.79
ip_shuffle,20260623T025556_714779,of:0000000000000001:3 -> of:000000000000000d:1,0.004,0.005,0.004,0.004,4.75,2026-06-23T02:55:56,0.004,4.92
ip_shuffle,20260623T025556_714779,of:0000000000000003:1 -> of:000000000000000b:5,0.002,0.0025,0.002,0.002,1.93,2026-06-23T02:55:56,0.002,2.13
ip_shuffle,20260623T025556_714779,of:0000000000000006:1 -> of:000000000000000d:4,0.002,0.0025,0.002,0.002,2.86,2026-06-23T02:55:56,0.002,2.79
ip_shuffle,20260623T025556_714779,of:0000000000000007:2 -> of:000000000000000a:3,0.002,0.0025,0.002,0.002,3.06,2026-06-23T02:55:56,0.002,3.06
ip_shuffle,20260623T025556_714779,of:0000000000000007:1 -> of:000000000000000d:5,0.003,0.00375,0.003,0.003,4.09,2026-06-23T02:55:56,0.003,4.05
ip_shuffle,20260623T025556_714779,of:0000000000000002:2 -> of:0000000000000008:2,0.002,0.0025,0.002,0.002,2.79,2026-06-23T02:55:56,0.002,2.79
ip_shuffle,20260623T025556_714779,of:0000000000000003:2 -> of:0000000000000008:3,0.002,0.0025,0.002,0.002,2.79,2026-06-23T02:55:56,0.002,2.79
ip_shuffle,20260623T025556_714779,of:0000000000000008:1 -> of:000000000000000b:6,0.002,0.0025,0.002,0.002,2.19,2026-06-23T02:55:56,0.002,2.19
ip_shuffle,20260623T025556_714779,of:0000000000000004:2 -> of:0000000000000009:2,0.002,0.0025,0.002,0.002,2.79,2026-06-23T02:55:56,0.002,2.79
ip_shuffle,20260623T025556_714779,of:0000000000000002:1 -> of:000000000000000b:4,0.002,0.0025,0.002,0.002,1.93,2026-06-23T02:55:56,0.002,2.13
ip_shuffle,20260623T025556_714779,of:0000000000000009:1 -> of:000000000000000c:6,0.002,0.0025,0.002,0.002,2.19,2026-06-23T02:55:56,0.002,2.16
ip_shuffle,20260623T025707_497079,of:0000000000000004:1 -> of:000000000000000c:4,0.002,0.0025,0.002,0.002,2.13,2026-06-23T02:57:07,0.002,2.1
ip_shuffle,20260623T025707_497079,of:0000000000000005:1 -> of:000000000000000c:5,0.002,0.0025,0.002,0.002,2.23,2026-06-23T02:57:07,0.002,2.2
ip_shuffle,20260623T025707_497079,of:000000000000000a:1 -> of:000000000000000d:6,0.002,0.0025,0.002,0.002,2.1,2026-06-23T02:57:07,0.002,2.1
ip_shuffle,20260623T025707_497079,of:000000000000000b:3 -> of:000000000000000d:2,0.002,0.0025,0.002,0.002,2.93,2026-06-23T02:57:07,0.002,2.93
ip_shuffle,20260623T025707_497079,of:000000000000000c:3 -> of:000000000000000d:3,0.002,0.0025,0.002,0.002,2.93,2026-06-23T02:57:07,0.002,2.93
ip_shuffle,20260623T025707_497079,of:0000000000000005:2 -> of:0000000000000009:3,0.002,0.0025,0.002,0.002,2.96,2026-06-23T02:57:07,0.002,2.96
ip_shuffle,20260623T025707_497079,of:0000000000000001:1 -> of:000000000000000b:1,0.002,0.0025,0.002,0.002,2.16,2026-06-23T02:57:07,0.002,2.23
ip_shuffle,20260623T025707_497079,of:000000000000000b:2 -> of:000000000000000c:2,0.002,0.0025,0.002,0.002,3.0,2026-06-23T02:57:07,0.002,3.0
ip_shuffle,20260623T025707_497079,of:0000000000000001:2 -> of:000000000000000c:1,0.002,0.0025,0.002,0.002,2.26,2026-06-23T02:57:07,0.002,2.33
ip_shuffle,20260623T025707_497079,of:0000000000000006:2 -> of:000000000000000a:2,0.002,0.0025,0.002,0.002,2.96,2026-06-23T02:57:07,0.002,2.96
ip_shuffle,20260623T025707_497079,of:0000000000000001:3 -> of:000000000000000d:1,0.003,0.00375,0.003,0.003,4.46,2026-06-23T02:57:07,0.003,4.36
ip_shuffle,20260623T025707_497079,of:0000000000000003:1 -> of:000000000000000b:5,0.002,0.0025,0.002,0.002,2.16,2026-06-23T02:57:07,0.002,2.1
ip_shuffle,20260623T025707_497079,of:0000000000000006:1 -> of:000000000000000d:4,0.002,0.0025,0.002,0.002,3.2,2026-06-23T02:57:07,0.002,3.06
ip_shuffle,20260623T025707_497079,of:0000000000000007:2 -> of:000000000000000a:3,0.002,0.0025,0.002,0.002,3.03,2026-06-23T02:57:07,0.002,3.03
ip_shuffle,20260623T025707_497079,of:0000000000000007:1 -> of:000000000000000d:5,0.003,0.00375,0.003,0.003,3.23,2026-06-23T02:57:07,0.003,3.46
ip_shuffle,20260623T025707_497079,of:0000000000000002:2 -> of:0000000000000008:2,0.002,0.0025,0.002,0.002,3.0,2026-06-23T02:57:07,0.002,3.0
ip_shuffle,20260623T025707_497079,of:0000000000000003:2 -> of:0000000000000008:3,0.002,0.0025,0.002,0.002,3.0,2026-06-23T02:57:07,0.002,3.0
ip_shuffle,20260623T025707_497079,of:0000000000000008:1 -> of:000000000000000b:6,0.002,0.0025,0.002,0.002,2.16,2026-06-23T02:57:07,0.002,2.16
ip_shuffle,20260623T025707_497079,of:0000000000000004:2 -> of:0000000000000009:2,0.002,0.0025,0.002,0.002,2.96,2026-06-23T02:57:07,0.002,2.96
ip_shuffle,20260623T025707_497079,of:0000000000000002:1 -> of:000000000000000b:4,0.002,0.0025,0.002,0.002,2.16,2026-06-23T02:57:07,0.002,2.1
ip_shuffle,20260623T025707_497079,of:0000000000000009:1 -> of:000000000000000c:6,0.002,0.0025,0.002,0.002,2.16,2026-06-23T02:57:07,0.002,2.16
route_mutation,20260623T025805_159299,of:0000000000000004:1 -> of:000000000000000c:4,0.002,0.0025,0.002,0.002,2.26,2026-06-23T02:58:05,0.002,2.29
route_mutation,20260623T025805_159299,of:0000000000000005:1 -> of:000000000000000c:5,0.002,0.0025,0.002,0.002,1.66,2026-06-23T02:58:05,0.002,1.7
route_mutation,20260623T025805_159299,of:000000000000000a:1 -> of:000000000000000d:6,0.001,0.00125,0.001,0.001,1.46,2026-06-23T02:58:05,0.001,1.46
route_mutation,20260623T025805_159299,of:000000000000000b:3 -> of:000000000000000d:2,0.002,0.0025,0.002,0.002,1.66,2026-06-23T02:58:05,0.002,1.66
route_mutation,20260623T025805_159299,of:000000000000000c:3 -> of:000000000000000d:3,0.002,0.0025,0.002,0.002,1.73,2026-06-23T02:58:05,0.002,1.73
route_mutation,20260623T025805_159299,of:0000000000000005:2 -> of:0000000000000009:3,0.002,0.0025,0.002,0.002,1.66,2026-06-23T02:58:05,0.002,1.66
route_mutation,20260623T025805_159299,of:0000000000000001:1 -> of:000000000000000b:1,0.003,0.00375,0.003,0.003,3.46,2026-06-23T02:58:05,0.003,3.46
route_mutation,20260623T025805_159299,of:000000000000000b:2 -> of:000000000000000c:2,0.002,0.0025,0.002,0.002,1.66,2026-06-23T02:58:05,0.002,1.66
route_mutation,20260623T025805_159299,of:0000000000000001:2 -> of:000000000000000c:1,0.002,0.0025,0.002,0.002,2.36,2026-06-23T02:58:05,0.002,2.39
route_mutation,20260623T025805_159299,of:0000000000000006:2 -> of:000000000000000a:2,0.002,0.0025,0.002,0.002,1.63,2026-06-23T02:58:05,0.002,1.63
route_mutation,20260623T025805_159299,of:0000000000000001:3 -> of:000000000000000d:1,0.001,0.00125,0.001,0.001,1.46,2026-06-23T02:58:05,0.001,1.46
route_mutation,20260623T025805_159299,of:0000000000000003:1 -> of:000000000000000b:5,0.002,0.0025,0.002,0.002,2.49,2026-06-23T02:58:05,0.002,2.49
route_mutation,20260623T025805_159299,of:0000000000000006:1 -> of:000000000000000d:4,0.002,0.0025,0.002,0.002,1.5,2026-06-23T02:58:05,0.002,1.53
route_mutation,20260623T025805_159299,of:0000000000000007:2 -> of:000000000000000a:3,0.002,0.0025,0.002,0.002,1.63,2026-06-23T02:58:05,0.002,1.63
route_mutation,20260623T025805_159299,of:0000000000000007:1 -> of:000000000000000d:5,0.002,0.0025,0.002,0.002,1.5,2026-06-23T02:58:05,0.002,1.53
route_mutation,20260623T025805_159299,of:0000000000000002:2 -> of:0000000000000008:2,0.002,0.0025,0.002,0.002,1.66,2026-06-23T02:58:05,0.002,1.66
route_mutation,20260623T025805_159299,of:0000000000000003:2 -> of:0000000000000008:3,0.002,0.0025,0.002,0.002,1.66,2026-06-23T02:58:05,0.002,1.66
route_mutation,20260623T025805_159299,of:0000000000000008:1 -> of:000000000000000b:6,0.001,0.00125,0.001,0.001,1.4,2026-06-23T02:58:05,0.001,1.4
route_mutation,20260623T025805_159299,of:0000000000000004:2 -> of:0000000000000009:2,0.002,0.0025,0.002,0.002,1.66,2026-06-23T02:58:05,0.002,1.66
route_mutation,20260623T025805_159299,of:0000000000000002:1 -> of:000000000000000b:4,0.002,0.0025,0.002,0.002,2.49,2026-06-23T02:58:05,0.002,2.49
route_mutation,20260623T025805_159299,of:0000000000000009:1 -> of:000000000000000c:6,0.001,0.00125,0.001,0.001,1.46,2026-06-23T02:58:05,0.001,1.46
route_mutation,20260623T025835_482341,of:0000000000000004:1 -> of:000000000000000c:4,0.002,0.0025,0.002,0.002,1.96,2026-06-23T02:58:35,0.002,1.86
route_mutation,20260623T025835_482341,of:0000000000000005:1 -> of:000000000000000c:5,0.002,0.0025,0.002,0.002,2.56,2026-06-23T02:58:35,0.002,2.46
route_mutation,20260623T025835_482341,of:000000000000000a:1 -> of:000000000000000d:6,0.002,0.0025,0.002,0.002,1.9,2026-06-23T02:58:35,0.002,1.93
route_mutation,20260623T025835_482341,of:000000000000000b:3 -> of:000000000000000d:2,0.002,0.0025,0.002,0.002,2.56,2026-06-23T02:58:35,0.002,2.56
route_mutation,20260623T025835_482341,of:000000000000000c:3 -> of:000000000000000d:3,0.002,0.0025,0.002,0.002,2.5,2026-06-23T02:58:35,0.002,2.5
route_mutation,20260623T025835_482341,of:0000000000000005:2 -> of:0000000000000009:3,0.002,0.0025,0.002,0.002,2.63,2026-06-23T02:58:35,0.002,2.63
route_mutation,20260623T025835_482341,of:0000000000000001:1 -> of:000000000000000b:1,0.002,0.0025,0.002,0.002,1.96,2026-06-23T02:58:35,0.002,2.03
route_mutation,20260623T025835_482341,of:000000000000000b:2 -> of:000000000000000c:2,0.002,0.0025,0.002,0.002,2.53,2026-06-23T02:58:35,0.002,2.53
route_mutation,20260623T025835_482341,of:0000000000000001:2 -> of:000000000000000c:1,0.002,0.0025,0.002,0.002,2.6,2026-06-23T02:58:35,0.002,2.63
route_mutation,20260623T025835_482341,of:0000000000000006:2 -> of:000000000000000a:2,0.002,0.0025,0.002,0.002,2.63,2026-06-23T02:58:35,0.002,2.63
route_mutation,20260623T025835_482341,of:0000000000000001:3 -> of:000000000000000d:1,0.003,0.00375,0.003,0.003,3.8,2026-06-23T02:58:35,0.003,3.7
route_mutation,20260623T025835_482341,of:0000000000000003:1 -> of:000000000000000b:5,0.002,0.0025,0.002,0.002,1.96,2026-06-23T02:58:35,0.002,1.9
route_mutation,20260623T025835_482341,of:0000000000000006:1 -> of:000000000000000d:4,0.002,0.0025,0.002,0.002,3.13,2026-06-23T02:58:35,0.002,3.06
route_mutation,20260623T025835_482341,of:0000000000000007:2 -> of:000000000000000a:3,0.002,0.0025,0.002,0.002,2.7,2026-06-23T02:58:35,0.002,2.7
route_mutation,20260623T025835_482341,of:0000000000000007:1 -> of:000000000000000d:5,0.002,0.0025,0.002,0.002,2.56,2026-06-23T02:58:35,0.002,2.7
route_mutation,20260623T025835_482341,of:0000000000000002:2 -> of:0000000000000008:2,0.002,0.0025,0.002,0.002,2.83,2026-06-23T02:58:35,0.002,2.83
route_mutation,20260623T025835_482341,of:0000000000000003:2 -> of:0000000000000008:3,0.002,0.0025,0.002,0.002,2.83,2026-06-23T02:58:35,0.002,2.83
route_mutation,20260623T025835_482341,of:0000000000000008:1 -> of:000000000000000b:6,0.002,0.0025,0.002,0.002,2.2,2026-06-23T02:58:35,0.002,2.1
route_mutation,20260623T025835_482341,of:0000000000000004:2 -> of:0000000000000009:2,0.002,0.0025,0.002,0.002,2.63,2026-06-23T02:58:35,0.002,2.63
route_mutation,20260623T025835_482341,of:0000000000000002:1 -> of:000000000000000b:4,0.002,0.0025,0.002,0.002,1.96,2026-06-23T02:58:35,0.002,1.9
route_mutation,20260623T025835_482341,of:0000000000000009:1 -> of:000000000000000c:6,0.002,0.0025,0.002,0.002,1.9,2026-06-23T02:58:35,0.002,1.9
route_mutation,20260623T025905_705829,of:0000000000000004:1 -> of:000000000000000c:4,0.002,0.0025,0.002,0.002,1.5,2026-06-23T02:59:05,0.002,1.6
route_mutation,20260623T025905_705829,of:0000000000000005:1 -> of:000000000000000c:5,0.002,0.0025,0.002,0.002,1.5,2026-06-23T02:59:05,0.002,1.6
route_mutation,20260623T025905_705829,of:000000000000000a:1 -> of:000000000000000d:6,0.002,0.0025,0.002,0.002,1.6,2026-06-23T02:59:05,0.002,1.56
route_mutation,20260623T025905_705829,of:000000000000000b:3 -> of:000000000000000d:2,0.002,0.0025,0.002,0.002,1.83,2026-06-23T02:59:05,0.002,1.83
route_mutation,20260623T025905_705829,of:000000000000000c:3 -> of:000000000000000d:3,0.002,0.0025,0.002,0.002,1.83,2026-06-23T02:59:05,0.002,1.83
route_mutation,20260623T025905_705829,of:0000000000000005:2 -> of:0000000000000009:3,0.002,0.0025,0.002,0.002,1.76,2026-06-23T02:59:05,0.002,1.76
route_mutation,20260623T025905_705829,of:0000000000000001:1 -> of:000000000000000b:1,0.002,0.0025,0.002,0.002,1.6,2026-06-23T02:59:05,0.002,1.53
route_mutation,20260623T025905_705829,of:000000000000000b:2 -> of:000000000000000c:2,0.002,0.0025,0.002,0.002,1.86,2026-06-23T02:59:05,0.002,1.86
route_mutation,20260623T025905_705829,of:0000000000000001:2 -> of:000000000000000c:1,0.002,0.0025,0.002,0.002,1.6,2026-06-23T02:59:05,0.002,1.53
route_mutation,20260623T025905_705829,of:0000000000000006:2 -> of:000000000000000a:2,0.002,0.0025,0.002,0.002,1.76,2026-06-23T02:59:05,0.002,1.76
route_mutation,20260623T025905_705829,of:0000000000000001:3 -> of:000000000000000d:1,0.002,0.0025,0.002,0.002,2.3,2026-06-23T02:59:05,0.002,2.4
route_mutation,20260623T025905_705829,of:0000000000000003:1 -> of:000000000000000b:5,0.002,0.0025,0.002,0.002,1.53,2026-06-23T02:59:05,0.002,1.6
route_mutation,20260623T025905_705829,of:0000000000000006:1 -> of:000000000000000d:4,0.002,0.0025,0.002,0.002,1.5,2026-06-23T02:59:05,0.002,1.56
route_mutation,20260623T025905_705829,of:0000000000000007:2 -> of:000000000000000a:3,0.002,0.0025,0.002,0.002,1.7,2026-06-23T02:59:05,0.002,1.7
route_mutation,20260623T025905_705829,of:0000000000000007:1 -> of:000000000000000d:5,0.002,0.0025,0.002,0.002,2.26,2026-06-23T02:59:05,0.002,2.13
route_mutation,20260623T025905_705829,of:0000000000000002:2 -> of:0000000000000008:2,0.002,0.0025,0.002,0.002,1.63,2026-06-23T02:59:05,0.002,1.63
route_mutation,20260623T025905_705829,of:0000000000000003:2 -> of:0000000000000008:3,0.002,0.0025,0.002,0.002,1.63,2026-06-23T02:59:05,0.002,1.63
route_mutation,20260623T025905_705829,of:0000000000000008:1 -> of:000000000000000b:6,0.002,0.0025,0.002,0.001,1.43,2026-06-23T02:59:05,0.002,1.53
route_mutation,20260623T025905_705829,of:0000000000000004:2 -> of:0000000000000009:2,0.002,0.0025,0.002,0.002,1.76,2026-06-23T02:59:05,0.002,1.76
route_mutation,20260623T025905_705829,of:0000000000000002:1 -> of:000000000000000b:4,0.002,0.0025,0.002,0.002,1.53,2026-06-23T02:59:05,0.002,1.6
route_mutation,20260623T025905_705829,of:0000000000000009:1 -> of:000000000000000c:6,0.002,0.0025,0.002,0.002,1.6,2026-06-23T02:59:05,0.002,1.6
route_mutation,20260623T025936_095398,of:0000000000000004:1 -> of:000000000000000c:4,0.002,0.0025,0.002,0.002,1.8,2026-06-23T02:59:36,0.002,1.8
route_mutation,20260623T025936_095398,of:0000000000000005:1 -> of:000000000000000c:5,0.002,0.0025,0.002,0.002,1.53,2026-06-23T02:59:36,0.002,1.53
route_mutation,20260623T025936_095398,of:000000000000000a:1 -> of:000000000000000d:6,0.001,0.00125,0.001,0.001,1.47,2026-06-23T02:59:36,0.001,1.47
route_mutation,20260623T025936_095398,of:000000000000000b:3 -> of:000000000000000d:2,0.002,0.0025,0.002,0.002,1.66,2026-06-23T02:59:36,0.002,1.66
route_mutation,20260623T025936_095398,of:000000000000000c:3 -> of:000000000000000d:3,0.002,0.0025,0.002,0.002,1.73,2026-06-23T02:59:36,0.002,1.73
route_mutation,20260623T025936_095398,of:0000000000000005:2 -> of:0000000000000009:3,0.002,0.0025,0.002,0.002,1.66,2026-06-23T02:59:36,0.002,1.66
route_mutation,20260623T025936_095398,of:0000000000000001:1 -> of:000000000000000b:1,0.003,0.00375,0.003,0.003,3.46,2026-06-23T02:59:36,0.003,3.46
route_mutation,20260623T025936_095398,of:000000000000000b:2 -> of:000000000000000c:2,0.002,0.0025,0.002,0.002,1.66,2026-06-23T02:59:36,0.002,1.66
route_mutation,20260623T025936_095398,of:0000000000000001:2 -> of:000000000000000c:1,0.002,0.0025,0.002,0.002,1.73,2026-06-23T02:59:36,0.002,1.73
route_mutation,20260623T025936_095398,of:0000000000000006:2 -> of:000000000000000a:2,0.002,0.0025,0.002,0.002,1.66,2026-06-23T02:59:36,0.002,1.66
route_mutation,20260623T025936_095398,of:0000000000000001:3 -> of:000000000000000d:1,0.002,0.0025,0.002,0.002,1.53,2026-06-23T02:59:36,0.002,1.53
route_mutation,20260623T025936_095398,of:0000000000000003:1 -> of:000000000000000b:5,0.002,0.0025,0.002,0.002,2.46,2026-06-23T02:59:36,0.002,2.46
route_mutation,20260623T025936_095398,of:0000000000000006:1 -> of:000000000000000d:4,0.002,0.0025,0.002,0.002,1.53,2026-06-23T02:59:36,0.002,1.53
route_mutation,20260623T025936_095398,of:0000000000000007:2 -> of:000000000000000a:3,0.002,0.0025,0.002,0.002,1.66,2026-06-23T02:59:36,0.002,1.66
route_mutation,20260623T025936_095398,of:0000000000000007:1 -> of:000000000000000d:5,0.002,0.0025,0.002,0.002,1.53,2026-06-23T02:59:36,0.002,1.53
route_mutation,20260623T025936_095398,of:0000000000000002:2 -> of:0000000000000008:2,0.002,0.0025,0.002,0.002,1.73,2026-06-23T02:59:36,0.002,1.73
route_mutation,20260623T025936_095398,of:0000000000000003:2 -> of:0000000000000008:3,0.002,0.0025,0.002,0.002,1.73,2026-06-23T02:59:36,0.002,1.73
route_mutation,20260623T025936_095398,of:0000000000000008:1 -> of:000000000000000b:6,0.001,0.00125,0.001,0.001,1.47,2026-06-23T02:59:36,0.001,1.47
route_mutation,20260623T025936_095398,of:0000000000000004:2 -> of:0000000000000009:2,0.002,0.0025,0.002,0.002,1.66,2026-06-23T02:59:36,0.002,1.66
route_mutation,20260623T025936_095398,of:0000000000000002:1 -> of:000000000000000b:4,0.002,0.0025,0.002,0.002,2.5,2026-06-23T02:59:36,0.002,2.5
route_mutation,20260623T025936_095398,of:0000000000000009:1 -> of:000000000000000c:6,0.001,0.00125,0.001,0.001,1.47,2026-06-23T02:59:36,0.001,1.47
route_mutation,20260623T030006_418321,of:0000000000000004:1 -> of:000000000000000c:4,0.002,0.0025,0.002,0.002,2.3,2026-06-23T03:00:06,0.002,2.2
route_mutation,20260623T030006_418321,of:0000000000000005:1 -> of:000000000000000c:5,0.002,0.0025,0.002,0.002,2.56,2026-06-23T03:00:06,0.002,2.46
route_mutation,20260623T030006_418321,of:000000000000000a:1 -> of:000000000000000d:6,0.002,0.0025,0.002,0.002,1.73,2026-06-23T03:00:06,0.002,1.73
route_mutation,20260623T030006_418321,of:000000000000000b:3 -> of:000000000000000d:2,0.002,0.0025,0.002,0.002,2.2,2026-06-23T03:00:06,0.002,2.2
route_mutation,20260623T030006_418321,of:000000000000000c:3 -> of:000000000000000d:3,0.002,0.0025,0.002,0.002,2.13,2026-06-23T03:00:06,0.002,2.13
route_mutation,20260623T030006_418321,of:0000000000000005:2 -> of:0000000000000009:3,0.002,0.0025,0.002,0.002,2.26,2026-06-23T03:00:06,0.002,2.26
route_mutation,20260623T030006_418321,of:0000000000000001:1 -> of:000000000000000b:1,0.002,0.0025,0.002,0.002,1.8,2026-06-23T03:00:06,0.002,1.9
route_mutation,20260623T030006_418321,of:000000000000000b:2 -> of:000000000000000c:2,0.002,0.0025,0.002,0.002,2.2,2026-06-23T03:00:06,0.002,2.2
route_mutation,20260623T030006_418321,of:0000000000000001:2 -> of:000000000000000c:1,0.003,0.00375,0.003,0.003,3.06,2026-06-23T03:00:06,0.003,3.16
route_mutation,20260623T030006_418321,of:0000000000000006:2 -> of:000000000000000a:2,0.002,0.0025,0.002,0.002,2.4,2026-06-23T03:00:06,0.002,2.4
route_mutation,20260623T030006_418321,of:0000000000000001:3 -> of:000000000000000d:1,0.003,0.00375,0.003,0.003,3.13,2026-06-23T03:00:06,0.003,3.0
route_mutation,20260623T030006_418321,of:0000000000000003:1 -> of:000000000000000b:5,0.002,0.0025,0.002,0.002,1.86,2026-06-23T03:00:06,0.002,1.76
route_mutation,20260623T030006_418321,of:0000000000000006:1 -> of:000000000000000d:4,0.003,0.00375,0.003,0.003,3.03,2026-06-23T03:00:06,0.002,2.9
route_mutation,20260623T030006_418321,of:0000000000000007:2 -> of:000000000000000a:3,0.002,0.0025,0.002,0.002,2.4,2026-06-23T03:00:06,0.002,2.4
route_mutation,20260623T030006_418321,of:0000000000000007:1 -> of:000000000000000d:5,0.002,0.0025,0.002,0.002,1.9,2026-06-23T03:00:06,0.002,2.06
route_mutation,20260623T030006_418321,of:0000000000000002:2 -> of:0000000000000008:2,0.002,0.0025,0.002,0.002,2.43,2026-06-23T03:00:06,0.002,2.43
route_mutation,20260623T030006_418321,of:0000000000000003:2 -> of:0000000000000008:3,0.002,0.0025,0.002,0.002,2.43,2026-06-23T03:00:06,0.002,2.43
route_mutation,20260623T030006_418321,of:0000000000000008:1 -> of:000000000000000b:6,0.002,0.0025,0.002,0.002,1.93,2026-06-23T03:00:06,0.002,1.8
route_mutation,20260623T030006_418321,of:0000000000000004:2 -> of:0000000000000009:2,0.002,0.0025,0.002,0.002,2.26,2026-06-23T03:00:06,0.002,2.26
route_mutation,20260623T030006_418321,of:0000000000000002:1 -> of:000000000000000b:4,0.002,0.0025,0.002,0.002,1.83,2026-06-23T03:00:06,0.002,1.73
route_mutation,20260623T030006_418321,of:0000000000000009:1 -> of:000000000000000c:6,0.002,0.0025,0.002,0.002,1.73,2026-06-23T03:00:06,0.002,1.73
ip_shuffle,20260623T030036_681932,of:0000000000000004:1 -> of:000000000000000c:4,0.002,0.0025,0.002,0.002,1.66,2026-06-23T03:00:36,0.002,1.76
ip_shuffle,20260623T030036_681932,of:0000000000000005:1 -> of:000000000000000c:5,0.002,0.0025,0.002,0.002,1.66,2026-06-23T03:00:36,0.002,1.76
ip_shuffle,20260623T030036_681932,of:000000000000000a:1 -> of:000000000000000d:6,0.002,0.0025,0.002,0.002,1.76,2026-06-23T03:00:36,0.002,1.76
ip_shuffle,20260623T030036_681932,of:000000000000000b:3 -> of:000000000000000d:2,0.002,0.0025,0.002,0.002,2.2,2026-06-23T03:00:36,0.002,2.2
ip_shuffle,20260623T030036_681932,of:000000000000000c:3 -> of:000000000000000d:3,0.002,0.0025,0.002,0.002,2.2,2026-06-23T03:00:36,0.002,2.2
ip_shuffle,20260623T030036_681932,of:0000000000000005:2 -> of:0000000000000009:3,0.002,0.0025,0.002,0.002,2.2,2026-06-23T03:00:36,0.002,2.2
ip_shuffle,20260623T030036_681932,of:0000000000000001:1 -> of:000000000000000b:1,0.002,0.0025,0.002,0.002,1.76,2026-06-23T03:00:36,0.002,1.66
ip_shuffle,20260623T030036_681932,of:000000000000000b:2 -> of:000000000000000c:2,0.002,0.0025,0.002,0.002,2.2,2026-06-23T03:00:36,0.002,2.2
ip_shuffle,20260623T030036_681932,of:0000000000000001:2 -> of:000000000000000c:1,0.002,0.0025,0.002,0.002,1.76,2026-06-23T03:00:36,0.002,1.66
ip_shuffle,20260623T030036_681932,of:0000000000000006:2 -> of:000000000000000a:2,0.002,0.0025,0.002,0.002,2.0,2026-06-23T03:00:36,0.002,2.0
ip_shuffle,20260623T030036_681932,of:0000000000000001:3 -> of:000000000000000d:1,0.003,0.00375,0.003,0.002,2.89,2026-06-23T03:00:36,0.003,3.03
ip_shuffle,20260623T030036_681932,of:0000000000000003:1 -> of:000000000000000b:5,0.002,0.0025,0.002,0.002,1.66,2026-06-23T03:00:36,0.002,1.76
ip_shuffle,20260623T030036_681932,of:0000000000000006:1 -> of:000000000000000d:4,0.002,0.0025,0.002,0.002,1.6,2026-06-23T03:00:36,0.002,1.73
ip_shuffle,20260623T030036_681932,of:0000000000000007:2 -> of:000000000000000a:3,0.002,0.0025,0.002,0.002,2.0,2026-06-23T03:00:36,0.002,2.0
ip_shuffle,20260623T030036_681932,of:0000000000000007:1 -> of:000000000000000d:5,0.002,0.0025,0.002,0.002,2.93,2026-06-23T03:00:36,0.002,2.76
ip_shuffle,20260623T030036_681932,of:0000000000000002:2 -> of:0000000000000008:2,0.002,0.0025,0.002,0.002,1.9,2026-06-23T03:00:36,0.002,1.9
ip_shuffle,20260623T030036_681932,of:0000000000000003:2 -> of:0000000000000008:3,0.002,0.0025,0.002,0.002,1.9,2026-06-23T03:00:36,0.002,1.9
ip_shuffle,20260623T030036_681932,of:0000000000000008:1 -> of:000000000000000b:6,0.002,0.0025,0.002,0.002,1.56,2026-06-23T03:00:36,0.002,1.7
ip_shuffle,20260623T030036_681932,of:0000000000000004:2 -> of:0000000000000009:2,0.002,0.0025,0.002,0.002,2.2,2026-06-23T03:00:36,0.002,2.2
ip_shuffle,20260623T030036_681932,of:0000000000000002:1 -> of:000000000000000b:4,0.002,0.0025,0.002,0.002,1.66,2026-06-23T03:00:36,0.002,1.76
ip_shuffle,20260623T030036_681932,of:0000000000000009:1 -> of:000000000000000c:6,0.002,0.0025,0.002,0.002,1.83,2026-06-23T03:00:36,0.002,1.83
ip_shuffle,20260623T030141_063750,of:0000000000000004:1 -> of:000000000000000c:4,0.002,0.0025,0.002,0.002,2.43,2026-06-23T03:01:41,0.002,2.4
ip_shuffle,20260623T030141_063750,of:0000000000000005:1 -> of:000000000000000c:5,0.002,0.0025,0.002,0.002,2.43,2026-06-23T03:01:41,0.002,2.4
ip_shuffle,20260623T030141_063750,of:000000000000000a:1 -> of:000000000000000d:6,0.002,0.0025,0.002,0.002,1.63,2026-06-23T03:01:41,0.002,1.66
ip_shuffle,20260623T030141_063750,of:000000000000000b:3 -> of:000000000000000d:2,0.002,0.0025,0.002,0.002,1.96,2026-06-23T03:01:41,0.002,1.96
ip_shuffle,20260623T030141_063750,of:000000000000000c:3 -> of:000000000000000d:3,0.002,0.0025,0.002,0.002,2.0,2026-06-23T03:01:41,0.002,2.0
ip_shuffle,20260623T030141_063750,of:0000000000000005:2 -> of:0000000000000009:3,0.002,0.0025,0.002,0.002,2.13,2026-06-23T03:01:41,0.002,2.13
ip_shuffle,20260623T030141_063750,of:0000000000000001:1 -> of:000000000000000b:1,0.002,0.0025,0.002,0.002,1.93,2026-06-23T03:01:41,0.002,2.03
ip_shuffle,20260623T030141_063750,of:000000000000000b:2 -> of:000000000000000c:2,0.002,0.0025,0.002,0.002,1.96,2026-06-23T03:01:41,0.002,1.96
ip_shuffle,20260623T030141_063750,of:0000000000000001:2 -> of:000000000000000c:1,0.003,0.00375,0.003,0.003,3.2,2026-06-23T03:01:41,0.003,3.23
ip_shuffle,20260623T030141_063750,of:0000000000000006:2 -> of:000000000000000a:2,0.002,0.0025,0.002,0.002,2.13,2026-06-23T03:01:41,0.002,2.13
ip_shuffle,20260623T030141_063750,of:0000000000000001:3 -> of:000000000000000d:1,0.002,0.0025,0.002,0.002,2.6,2026-06-23T03:01:41,0.002,2.46
ip_shuffle,20260623T030141_063750,of:0000000000000003:1 -> of:000000000000000b:5,0.002,0.0025,0.002,0.002,2.06,2026-06-23T03:01:41,0.002,1.93
ip_shuffle,20260623T030141_063750,of:0000000000000006:1 -> of:000000000000000d:4,0.002,0.0025,0.002,0.002,2.5,2026-06-23T03:01:41,0.002,2.7
ip_shuffle,20260623T030141_063750,of:0000000000000007:2 -> of:000000000000000a:3,0.002,0.0025,0.002,0.002,2.13,2026-06-23T03:01:41,0.002,2.13
ip_shuffle,20260623T030141_063750,of:0000000000000007:1 -> of:000000000000000d:5,0.002,0.0025,0.002,0.002,1.7,2026-06-23T03:01:41,0.002,1.66
ip_shuffle,20260623T030141_063750,of:0000000000000002:2 -> of:0000000000000008:2,0.002,0.0025,0.002,0.002,2.2,2026-06-23T03:01:41,0.002,2.2
ip_shuffle,20260623T030141_063750,of:0000000000000003:2 -> of:0000000000000008:3,0.002,0.0025,0.002,0.002,2.2,2026-06-23T03:01:41,0.002,2.2
ip_shuffle,20260623T030141_063750,of:0000000000000008:1 -> of:000000000000000b:6,0.002,0.0025,0.002,0.002,1.73,2026-06-23T03:01:41,0.002,1.63
ip_shuffle,20260623T030141_063750,of:0000000000000004:2 -> of:0000000000000009:2,0.002,0.0025,0.002,0.002,2.13,2026-06-23T03:01:41,0.002,2.13
ip_shuffle,20260623T030141_063750,of:0000000000000002:1 -> of:000000000000000b:4,0.001,0.00125,0.001,0.001,1.66,2026-06-23T03:01:41,0.001,1.56
ip_shuffle,20260623T030141_063750,of:0000000000000009:1 -> of:000000000000000c:6,0.002,0.0025,0.002,0.002,1.7,2026-06-23T03:01:41,0.002,1.66
route_mutation,20260623T030251_683324,of:0000000000000004:1 -> of:000000000000000c:4,0.002,0.0025,0.002,0.002,1.43,2026-06-23T03:02:51,0.002,1.43
route_mutation,20260623T030251_683324,of:0000000000000005:1 -> of:000000000000000c:5,0.002,0.0025,0.002,0.002,1.43,2026-06-23T03:02:51,0.002,1.43
route_mutation,20260623T030251_683324,of:000000000000000a:1 -> of:000000000000000d:6,0.002,0.0025,0.002,0.002,1.43,2026-06-23T03:02:51,0.002,1.43
route_mutation,20260623T030251_683324,of:000000000000000b:3 -> of:000000000000000d:2,0.002,0.0025,0.002,0.002,1.53,2026-06-23T03:02:51,0.002,1.53
route_mutation,20260623T030251_683324,of:000000000000000c:3 -> of:000000000000000d:3,0.002,0.0025,0.002,0.002,1.53,2026-06-23T03:02:51,0.002,1.53
route_mutation,20260623T030251_683324,of:0000000000000005:2 -> of:0000000000000009:3,0.002,0.0025,0.002,0.002,1.53,2026-06-23T03:02:51,0.002,1.53
route_mutation,20260623T030251_683324,of:0000000000000001:1 -> of:000000000000000b:1,0.002,0.0025,0.002,0.002,2.46,2026-06-23T03:02:51,0.002,2.46
route_mutation,20260623T030251_683324,of:000000000000000b:2 -> of:000000000000000c:2,0.002,0.0025,0.002,0.002,1.53,2026-06-23T03:02:51,0.002,1.53
route_mutation,20260623T030251_683324,of:0000000000000001:2 -> of:000000000000000c:1,0.002,0.0025,0.002,0.002,1.43,2026-06-23T03:02:51,0.002,1.43
route_mutation,20260623T030251_683324,of:0000000000000006:2 -> of:000000000000000a:2,0.002,0.0025,0.002,0.002,1.53,2026-06-23T03:02:51,0.002,1.53
route_mutation,20260623T030251_683324,of:0000000000000001:3 -> of:000000000000000d:1,0.002,0.0025,0.002,0.002,1.53,2026-06-23T03:02:51,0.002,1.53
route_mutation,20260623T030251_683324,of:0000000000000003:1 -> of:000000000000000b:5,0.002,0.0025,0.002,0.002,1.53,2026-06-23T03:02:51,0.002,1.53
route_mutation,20260623T030251_683324,of:0000000000000006:1 -> of:000000000000000d:4,0.002,0.0025,0.002,0.002,1.43,2026-06-23T03:02:51,0.002,1.43
route_mutation,20260623T030251_683324,of:0000000000000007:2 -> of:000000000000000a:3,0.002,0.0025,0.002,0.002,1.53,2026-06-23T03:02:51,0.002,1.53
route_mutation,20260623T030251_683324,of:0000000000000007:1 -> of:000000000000000d:5,0.002,0.0025,0.002,0.002,1.53,2026-06-23T03:02:51,0.002,1.53
route_mutation,20260623T030251_683324,of:0000000000000002:2 -> of:0000000000000008:2,0.002,0.0025,0.002,0.002,1.53,2026-06-23T03:02:51,0.002,1.53
route_mutation,20260623T030251_683324,of:0000000000000003:2 -> of:0000000000000008:3,0.002,0.0025,0.002,0.002,1.53,2026-06-23T03:02:51,0.002,1.53
route_mutation,20260623T030251_683324,of:0000000000000008:1 -> of:000000000000000b:6,0.002,0.0025,0.002,0.002,1.43,2026-06-23T03:02:51,0.002,1.43
route_mutation,20260623T030251_683324,of:0000000000000004:2 -> of:0000000000000009:2,0.002,0.0025,0.002,0.002,1.53,2026-06-23T03:02:51,0.002,1.53
route_mutation,20260623T030251_683324,of:0000000000000002:1 -> of:000000000000000b:4,0.002,0.0025,0.002,0.002,2.36,2026-06-23T03:02:51,0.002,2.36
route_mutation,20260623T030251_683324,of:0000000000000009:1 -> of:000000000000000c:6,0.002,0.0025,0.002,0.002,1.43,2026-06-23T03:02:51,0.002,1.43
ip_shuffle,20260623T030321_985944,of:0000000000000004:1 -> of:000000000000000c:4,0.002,0.0025,0.002,0.002,2.1,2026-06-23T03:03:21,0.002,2.1
ip_shuffle,20260623T030321_985944,of:0000000000000005:1 -> of:000000000000000c:5,0.002,0.0025,0.002,0.002,1.93,2026-06-23T03:03:21,0.002,1.93
ip_shuffle,20260623T030321_985944,of:000000000000000a:1 -> of:000000000000000d:6,0.001,0.00125,0.001,0.001,1.4,2026-06-23T03:03:21,0.001,1.36
ip_shuffle,20260623T030321_985944,of:000000000000000b:3 -> of:000000000000000d:2,0.002,0.0025,0.002,0.002,1.56,2026-06-23T03:03:21,0.002,1.56
ip_shuffle,20260623T030321_985944,of:000000000000000c:3 -> of:000000000000000d:3,0.001,0.00125,0.001,0.001,1.4,2026-06-23T03:03:21,0.001,1.4
ip_shuffle,20260623T030321_985944,of:0000000000000005:2 -> of:0000000000000009:3,0.001,0.00125,0.001,0.001,1.5,2026-06-23T03:03:21,0.001,1.5
ip_shuffle,20260623T030321_985944,of:0000000000000001:1 -> of:000000000000000b:1,0.002,0.0025,0.002,0.002,2.46,2026-06-23T03:03:21,0.002,2.43
ip_shuffle,20260623T030321_985944,of:000000000000000b:2 -> of:000000000000000c:2,0.002,0.0025,0.002,0.002,1.56,2026-06-23T03:03:21,0.002,1.56
ip_shuffle,20260623T030321_985944,of:0000000000000001:2 -> of:000000000000000c:1,0.002,0.0025,0.002,0.002,2.73,2026-06-23T03:03:21,0.002,2.73
ip_shuffle,20260623T030321_985944,of:0000000000000006:2 -> of:000000000000000a:2,0.002,0.0025,0.002,0.002,1.6,2026-06-23T03:03:21,0.002,1.6
ip_shuffle,20260623T030321_985944,of:0000000000000001:3 -> of:000000000000000d:1,0.001,0.00125,0.001,0.001,1.33,2026-06-23T03:03:21,0.001,1.33
ip_shuffle,20260623T030321_985944,of:0000000000000003:1 -> of:000000000000000b:5,0.002,0.0025,0.002,0.002,2.33,2026-06-23T03:03:21,0.002,2.36
ip_shuffle,20260623T030321_985944,of:0000000000000006:1 -> of:000000000000000d:4,0.002,0.0025,0.002,0.002,1.46,2026-06-23T03:03:21,0.002,1.46
ip_shuffle,20260623T030321_985944,of:0000000000000007:2 -> of:000000000000000a:3,0.002,0.0025,0.002,0.002,1.6,2026-06-23T03:03:21,0.002,1.6
ip_shuffle,20260623T030321_985944,of:0000000000000007:1 -> of:000000000000000d:5,0.001,0.00125,0.001,0.001,1.4,2026-06-23T03:03:21,0.001,1.36
ip_shuffle,20260623T030321_985944,of:0000000000000002:2 -> of:0000000000000008:2,0.001,0.00125,0.001,0.001,1.5,2026-06-23T03:03:21,0.001,1.5
ip_shuffle,20260623T030321_985944,of:0000000000000003:2 -> of:0000000000000008:3,0.001,0.00125,0.001,0.001,1.5,2026-06-23T03:03:21,0.001,1.5
ip_shuffle,20260623T030321_985944,of:0000000000000008:1 -> of:000000000000000b:6,0.002,0.0025,0.002,0.002,1.53,2026-06-23T03:03:21,0.002,1.53
ip_shuffle,20260623T030321_985944,of:0000000000000004:2 -> of:0000000000000009:2,0.001,0.00125,0.001,0.001,1.5,2026-06-23T03:03:21,0.001,1.5
ip_shuffle,20260623T030321_985944,of:0000000000000002:1 -> of:000000000000000b:4,0.002,0.0025,0.002,0.002,1.53,2026-06-23T03:03:21,0.002,1.56
ip_shuffle,20260623T030321_985944,of:0000000000000009:1 -> of:000000000000000c:6,0.001,0.00125,0.001,0.001,1.4,2026-06-23T03:03:21,0.001,1.36
ip_shuffle,20260623T030419_752691,of:0000000000000004:1 -> of:000000000000000c:4,0.002,0.0025,0.002,0.002,1.43,2026-06-23T03:04:19,0.002,1.53
ip_shuffle,20260623T030419_752691,of:0000000000000005:1 -> of:000000000000000c:5,0.002,0.0025,0.002,0.002,1.43,2026-06-23T03:04:19,0.002,1.53
ip_shuffle,20260623T030419_752691,of:000000000000000a:1 -> of:000000000000000d:6,0.002,0.0025,0.002,0.002,1.4,2026-06-23T03:04:19,0.002,1.53
ip_shuffle,20260623T030419_752691,of:000000000000000b:3 -> of:000000000000000d:2,0.002,0.0025,0.002,0.002,1.53,2026-06-23T03:04:19,0.002,1.53
ip_shuffle,20260623T030419_752691,of:000000000000000c:3 -> of:000000000000000d:3,0.002,0.0025,0.002,0.002,1.73,2026-06-23T03:04:19,0.002,1.73
ip_shuffle,20260623T030419_752691,of:0000000000000005:2 -> of:0000000000000009:3,0.002,0.0025,0.002,0.002,1.5,2026-06-23T03:04:19,0.002,1.5
ip_shuffle,20260623T030419_752691,of:0000000000000001:1 -> of:000000000000000b:1,0.001,0.00125,0.001,0.001,1.33,2026-06-23T03:04:19,0.001,1.37
ip_shuffle,20260623T030419_752691,of:000000000000000b:2 -> of:000000000000000c:2,0.002,0.0025,0.002,0.002,1.53,2026-06-23T03:04:19,0.002,1.53
ip_shuffle,20260623T030419_752691,of:0000000000000001:2 -> of:000000000000000c:1,0.002,0.0025,0.002,0.002,1.53,2026-06-23T03:04:19,0.002,1.43
ip_shuffle,20260623T030419_752691,of:0000000000000006:2 -> of:000000000000000a:2,0.002,0.0025,0.002,0.002,1.47,2026-06-23T03:04:19,0.002,1.47
ip_shuffle,20260623T030419_752691,of:0000000000000001:3 -> of:000000000000000d:1,0.002,0.0025,0.002,0.002,1.96,2026-06-23T03:04:19,0.002,2.1
ip_shuffle,20260623T030419_752691,of:0000000000000003:1 -> of:000000000000000b:5,0.001,0.00125,0.001,0.001,1.37,2026-06-23T03:04:19,0.001,1.33
ip_shuffle,20260623T030419_752691,of:0000000000000006:1 -> of:000000000000000d:4,0.002,0.0025,0.002,0.002,1.4,2026-06-23T03:04:19,0.002,1.53
ip_shuffle,20260623T030419_752691,of:0000000000000007:2 -> of:000000000000000a:3,0.002,0.0025,0.002,0.002,1.47,2026-06-23T03:04:19,0.002,1.47
ip_shuffle,20260623T030419_752691,of:0000000000000007:1 -> of:000000000000000d:5,0.002,0.0025,0.002,0.002,2.03,2026-06-23T03:04:19,0.002,1.83
ip_shuffle,20260623T030419_752691,of:0000000000000002:2 -> of:0000000000000008:2,0.002,0.0025,0.002,0.002,1.5,2026-06-23T03:04:19,0.002,1.5
ip_shuffle,20260623T030419_752691,of:0000000000000003:2 -> of:0000000000000008:3,0.002,0.0025,0.002,0.002,1.5,2026-06-23T03:04:19,0.002,1.5
ip_shuffle,20260623T030419_752691,of:0000000000000008:1 -> of:000000000000000b:6,0.001,0.00125,0.001,0.001,1.33,2026-06-23T03:04:19,0.001,1.33
ip_shuffle,20260623T030419_752691,of:0000000000000004:2 -> of:0000000000000009:2,0.002,0.0025,0.002,0.002,1.5,2026-06-23T03:04:19,0.002,1.5
ip_shuffle,20260623T030419_752691,of:0000000000000002:1 -> of:000000000000000b:4,0.001,0.00125,0.001,0.001,1.37,2026-06-23T03:04:19,0.001,1.33
ip_shuffle,20260623T030419_752691,of:0000000000000009:1 -> of:000000000000000c:6,0.002,0.0025,0.002,0.002,1.4,2026-06-23T03:04:19,0.002,1.53
route_mutation,20260623T030517_439410,of:0000000000000004:1 -> of:000000000000000c:4,0.002,0.0025,0.002,0.002,2.2,2026-06-23T03:05:17,0.002,2.1
route_mutation,20260623T030517_439410,of:0000000000000005:1 -> of:000000000000000c:5,0.002,0.0025,0.002,0.002,2.73,2026-06-23T03:05:17,0.002,2.63
route_mutation,20260623T030517_439410,of:000000000000000a:1 -> of:000000000000000d:6,0.002,0.0025,0.002,0.002,2.03,2026-06-23T03:05:17,0.002,1.9
route_mutation,20260623T030517_439410,of:000000000000000b:3 -> of:000000000000000d:2,0.002,0.0025,0.002,0.002,2.6,2026-06-23T03:05:17,0.002,2.6
route_mutation,20260623T030517_439410,of:000000000000000c:3 -> of:000000000000000d:3,0.002,0.0025,0.002,0.002,2.46,2026-06-23T03:05:17,0.002,2.46
route_mutation,20260623T030517_439410,of:0000000000000005:2 -> of:0000000000000009:3,0.002,0.0025,0.002,0.002,2.56,2026-06-23T03:05:17,0.002,2.56
route_mutation,20260623T030517_439410,of:0000000000000001:1 -> of:000000000000000b:1,0.002,0.0025,0.002,0.002,2.03,2026-06-23T03:05:17,0.002,1.96
route_mutation,20260623T030517_439410,of:000000000000000b:2 -> of:000000000000000c:2,0.002,0.0025,0.002,0.002,2.6,2026-06-23T03:05:17,0.002,2.6
route_mutation,20260623T030517_439410,of:0000000000000001:2 -> of:000000000000000c:1,0.003,0.00375,0.003,0.003,2.96,2026-06-23T03:05:17,0.003,3.03
route_mutation,20260623T030517_439410,of:0000000000000006:2 -> of:000000000000000a:2,0.002,0.0025,0.002,0.002,2.63,2026-06-23T03:05:17,0.002,2.63
route_mutation,20260623T030517_439410,of:0000000000000001:3 -> of:000000000000000d:1,0.003,0.00375,0.003,0.003,3.53,2026-06-23T03:05:17,0.003,3.43
route_mutation,20260623T030517_439410,of:0000000000000003:1 -> of:000000000000000b:5,0.002,0.0025,0.002,0.002,2.0,2026-06-23T03:05:17,0.002,2.03
route_mutation,20260623T030517_439410,of:0000000000000006:1 -> of:000000000000000d:4,0.003,0.00375,0.003,0.003,3.13,2026-06-23T03:05:17,0.003,3.03
route_mutation,20260623T030517_439410,of:0000000000000007:2 -> of:000000000000000a:3,0.002,0.0025,0.002,0.002,2.66,2026-06-23T03:05:17,0.002,2.66
route_mutation,20260623T030517_439410,of:0000000000000007:1 -> of:000000000000000d:5,0.002,0.0025,0.002,0.002,2.2,2026-06-23T03:05:17,0.002,2.36
route_mutation,20260623T030517_439410,of:0000000000000002:2 -> of:0000000000000008:2,0.002,0.0025,0.002,0.002,2.63,2026-06-23T03:05:17,0.002,2.63
route_mutation,20260623T030517_439410,of:0000000000000003:2 -> of:0000000000000008:3,0.002,0.0025,0.002,0.002,2.63,2026-06-23T03:05:17,0.002,2.63
route_mutation,20260623T030517_439410,of:0000000000000008:1 -> of:000000000000000b:6,0.002,0.0025,0.002,0.002,1.96,2026-06-23T03:05:17,0.002,1.96
route_mutation,20260623T030517_439410,of:0000000000000004:2 -> of:0000000000000009:2,0.002,0.0025,0.002,0.002,2.56,2026-06-23T03:05:17,0.002,2.56
route_mutation,20260623T030517_439410,of:0000000000000002:1 -> of:000000000000000b:4,0.002,0.0025,0.002,0.002,2.0,2026-06-23T03:05:17,0.002,2.03
route_mutation,20260623T030517_439410,of:0000000000000009:1 -> of:000000000000000c:6,0.002,0.0025,0.002,0.002,1.96,2026-06-23T03:05:17,0.002,1.83
ip_shuffle,20260623T030547_801601,of:0000000000000004:1 -> of:000000000000000c:4,0.002,0.0025,0.002,0.002,1.66,2026-06-23T03:05:47,0.002,1.76
ip_shuffle,20260623T030547_801601,of:0000000000000005:1 -> of:000000000000000c:5,0.002,0.0025,0.002,0.002,1.66,2026-06-23T03:05:47,0.002,1.76
ip_shuffle,20260623T030547_801601,of:000000000000000a:1 -> of:000000000000000d:6,0.002,0.0025,0.002,0.002,1.56,2026-06-23T03:05:47,0.002,1.7
ip_shuffle,20260623T030547_801601,of:000000000000000b:3 -> of:000000000000000d:2,0.002,0.0025,0.002,0.002,2.0,2026-06-23T03:05:47,0.002,2.0
ip_shuffle,20260623T030547_801601,of:000000000000000c:3 -> of:000000000000000d:3,0.002,0.0025,0.002,0.002,2.2,2026-06-23T03:05:47,0.002,2.2
ip_shuffle,20260623T030547_801601,of:0000000000000005:2 -> of:0000000000000009:3,0.002,0.0025,0.002,0.002,1.96,2026-06-23T03:05:47,0.002,1.96
ip_shuffle,20260623T030547_801601,of:0000000000000001:1 -> of:000000000000000b:1,0.002,0.0025,0.002,0.002,1.56,2026-06-23T03:05:47,0.002,1.63
ip_shuffle,20260623T030547_801601,of:000000000000000b:2 -> of:000000000000000c:2,0.002,0.0025,0.002,0.002,2.0,2026-06-23T03:05:47,0.002,2.0
ip_shuffle,20260623T030547_801601,of:0000000000000001:2 -> of:000000000000000c:1,0.002,0.0025,0.002,0.002,1.76,2026-06-23T03:05:47,0.002,1.7
ip_shuffle,20260623T030547_801601,of:0000000000000006:2 -> of:000000000000000a:2,0.002,0.0025,0.002,0.002,1.9,2026-06-23T03:05:47,0.002,1.9
ip_shuffle,20260623T030547_801601,of:0000000000000001:3 -> of:000000000000000d:1,0.002,0.0025,0.002,0.002,2.73,2026-06-23T03:05:47,0.002,2.83
ip_shuffle,20260623T030547_801601,of:0000000000000003:1 -> of:000000000000000b:5,0.002,0.0025,0.002,0.002,1.6,2026-06-23T03:05:47,0.002,1.56
ip_shuffle,20260623T030547_801601,of:0000000000000006:1 -> of:000000000000000d:4,0.002,0.0025,0.002,0.002,1.66,2026-06-23T03:05:47,0.002,1.76
ip_shuffle,20260623T030547_801601,of:0000000000000007:2 -> of:000000000000000a:3,0.002,0.0025,0.002,0.002,1.86,2026-06-23T03:05:47,0.002,1.86
ip_shuffle,20260623T030547_801601,of:0000000000000007:1 -> of:000000000000000d:5,0.002,0.0025,0.002,0.002,2.8,2026-06-23T03:05:47,0.002,2.63
ip_shuffle,20260623T030547_801601,of:0000000000000002:2 -> of:0000000000000008:2,0.002,0.0025,0.002,0.002,1.96,2026-06-23T03:05:47,0.002,1.96
ip_shuffle,20260623T030547_801601,of:0000000000000003:2 -> of:0000000000000008:3,0.002,0.0025,0.002,0.002,1.96,2026-06-23T03:05:47,0.002,1.96
ip_shuffle,20260623T030547_801601,of:0000000000000008:1 -> of:000000000000000b:6,0.002,0.0025,0.002,0.002,1.56,2026-06-23T03:05:47,0.002,1.56
ip_shuffle,20260623T030547_801601,of:0000000000000004:2 -> of:0000000000000009:2,0.002,0.0025,0.002,0.002,1.96,2026-06-23T03:05:47,0.002,1.96
ip_shuffle,20260623T030547_801601,of:0000000000000002:1 -> of:000000000000000b:4,0.002,0.0025,0.002,0.002,1.6,2026-06-23T03:05:47,0.002,1.56
ip_shuffle,20260623T030547_801601,of:0000000000000009:1 -> of:000000000000000c:6,0.002,0.0025,0.002,0.002,1.63,2026-06-23T03:05:47,0.002,1.76
route_mutation,20260623T030645_488591,of:0000000000000004:1 -> of:000000000000000c:4,0.002,0.0025,0.002,0.002,2.26,2026-06-23T03:06:45,0.002,2.3
route_mutation,20260623T030645_488591,of:0000000000000005:1 -> of:000000000000000c:5,0.002,0.0025,0.002,0.002,2.26,2026-06-23T03:06:45,0.002,2.3
route_mutation,20260623T030645_488591,of:000000000000000a:1 -> of:000000000000000d:6,0.001,0.00125,0.001,0.001,1.5,2026-06-23T03:06:45,0.001,1.5
route_mutation,20260623T030645_488591,of:000000000000000b:3 -> of:000000000000000d:2,0.002,0.0025,0.002,0.002,1.73,2026-06-23T03:06:45,0.002,1.73
route_mutation,20260623T030645_488591,of:000000000000000c:3 -> of:000000000000000d:3,0.002,0.0025,0.002,0.002,1.73,2026-06-23T03:06:45,0.002,1.73
route_mutation,20260623T030645_488591,of:0000000000000005:2 -> of:0000000000000009:3,0.002,0.0025,0.002,0.002,1.7,2026-06-23T03:06:45,0.002,1.7
route_mutation,20260623T030645_488591,of:0000000000000001:1 -> of:000000000000000b:1,0.002,0.0025,0.002,0.002,1.7,2026-06-23T03:06:45,0.002,1.6
route_mutation,20260623T030645_488591,of:000000000000000b:2 -> of:000000000000000c:2,0.002,0.0025,0.002,0.002,1.8,2026-06-23T03:06:45,0.002,1.8
route_mutation,20260623T030645_488591,of:0000000000000001:2 -> of:000000000000000c:1,0.003,0.00375,0.003,0.003,3.16,2026-06-23T03:06:45,0.003,3.16
route_mutation,20260623T030645_488591,of:0000000000000006:2 -> of:000000000000000a:2,0.002,0.0025,0.002,0.002,1.7,2026-06-23T03:06:45,0.002,1.7
route_mutation,20260623T030645_488591,of:0000000000000001:3 -> of:000000000000000d:1,0.002,0.0025,0.002,0.002,1.93,2026-06-23T03:06:45,0.002,1.8
route_mutation,20260623T030645_488591,of:0000000000000003:1 -> of:000000000000000b:5,0.002,0.0025,0.002,0.002,1.6,2026-06-23T03:06:45,0.002,1.7
route_mutation,20260623T030645_488591,of:0000000000000006:1 -> of:000000000000000d:4,0.002,0.0025,0.002,0.002,1.76,2026-06-23T03:06:45,0.002,2.0
route_mutation,20260623T030645_488591,of:0000000000000007:2 -> of:000000000000000a:3,0.002,0.0025,0.002,0.002,1.7,2026-06-23T03:06:45,0.002,1.7
route_mutation,20260623T030645_488591,of:0000000000000007:1 -> of:000000000000000d:5,0.001,0.00125,0.001,0.001,1.4,2026-06-23T03:06:45,0.001,1.43
route_mutation,20260623T030645_488591,of:0000000000000002:2 -> of:0000000000000008:2,0.002,0.0025,0.002,0.002,1.7,2026-06-23T03:06:45,0.002,1.7
route_mutation,20260623T030645_488591,of:0000000000000003:2 -> of:0000000000000008:3,0.002,0.0025,0.002,0.002,1.7,2026-06-23T03:06:45,0.002,1.7
route_mutation,20260623T030645_488591,of:0000000000000008:1 -> of:000000000000000b:6,0.001,0.00125,0.001,0.001,1.46,2026-06-23T03:06:45,0.001,1.5
route_mutation,20260623T030645_488591,of:0000000000000004:2 -> of:0000000000000009:2,0.002,0.0025,0.002,0.002,1.7,2026-06-23T03:06:45,0.002,1.7
route_mutation,20260623T030645_488591,of:0000000000000002:1 -> of:000000000000000b:4,0.002,0.0025,0.002,0.002,1.56,2026-06-23T03:06:45,0.002,1.56
route_mutation,20260623T030645_488591,of:0000000000000009:1 -> of:000000000000000c:6,0.002,0.0025,0.002,0.002,1.56,2026-06-23T03:06:45,0.002,1.56
route_mutation,20260623T030715_872368,of:0000000000000004:1 -> of:000000000000000c:4,0.002,0.0025,0.002,0.002,2.06,2026-06-23T03:07:15,0.002,2.03
route_mutation,20260623T030715_872368,of:0000000000000005:1 -> of:000000000000000c:5,0.002,0.0025,0.002,0.002,2.06,2026-06-23T03:07:15,0.002,2.03
route_mutation,20260623T030715_872368,of:000000000000000a:1 -> of:000000000000000d:6,0.002,0.0025,0.002,0.002,2.03,2026-06-23T03:07:15,0.002,2.13
route_mutation,20260623T030715_872368,of:000000000000000b:3 -> of:000000000000000d:2,0.002,0.0025,0.002,0.002,2.9,2026-06-23T03:07:15,0.002,2.9
route_mutation,20260623T030715_872368,of:000000000000000c:3 -> of:000000000000000d:3,0.002,0.0025,0.002,0.002,2.9,2026-06-23T03:07:15,0.002,2.9
route_mutation,20260623T030715_872368,of:0000000000000005:2 -> of:0000000000000009:3,0.002,0.0025,0.002,0.002,2.83,2026-06-23T03:07:15,0.002,2.83
route_mutation,20260623T030715_872368,of:0000000000000001:1 -> of:000000000000000b:1,0.002,0.0025,0.002,0.002,2.03,2026-06-23T03:07:15,0.002,2.06
route_mutation,20260623T030715_872368,of:000000000000000b:2 -> of:000000000000000c:2,0.002,0.0025,0.002,0.002,2.73,2026-06-23T03:07:15,0.002,2.73
route_mutation,20260623T030715_872368,of:0000000000000001:2 -> of:000000000000000c:1,0.002,0.0025,0.002,0.002,2.03,2026-06-23T03:07:15,0.002,2.06
route_mutation,20260623T030715_872368,of:0000000000000006:2 -> of:000000000000000a:2,0.002,0.0025,0.002,0.002,2.83,2026-06-23T03:07:15,0.002,2.83
route_mutation,20260623T030715_872368,of:0000000000000001:3 -> of:000000000000000d:1,0.003,0.00375,0.003,0.003,4.29,2026-06-23T03:07:15,0.003,4.36
route_mutation,20260623T030715_872368,of:0000000000000003:1 -> of:000000000000000b:5,0.002,0.0025,0.002,0.002,2.06,2026-06-23T03:07:15,0.002,2.03
route_mutation,20260623T030715_872368,of:0000000000000006:1 -> of:000000000000000d:4,0.002,0.0025,0.002,0.002,2.96,2026-06-23T03:07:15,0.002,2.83
route_mutation,20260623T030715_872368,of:0000000000000007:2 -> of:000000000000000a:3,0.002,0.0025,0.002,0.002,2.83,2026-06-23T03:07:15,0.002,2.83
route_mutation,20260623T030715_872368,of:0000000000000007:1 -> of:000000000000000d:5,0.003,0.00375,0.003,0.003,3.49,2026-06-23T03:07:15,0.003,3.56
route_mutation,20260623T030715_872368,of:0000000000000002:2 -> of:0000000000000008:2,0.002,0.0025,0.002,0.002,2.93,2026-06-23T03:07:15,0.002,2.93
route_mutation,20260623T030715_872368,of:0000000000000003:2 -> of:0000000000000008:3,0.002,0.0025,0.002,0.002,2.93,2026-06-23T03:07:15,0.002,2.93
route_mutation,20260623T030715_872368,of:0000000000000008:1 -> of:000000000000000b:6,0.002,0.0025,0.002,0.002,2.06,2026-06-23T03:07:15,0.002,2.03
route_mutation,20260623T030715_872368,of:0000000000000004:2 -> of:0000000000000009:2,0.002,0.0025,0.002,0.002,2.83,2026-06-23T03:07:15,0.002,2.83
route_mutation,20260623T030715_872368,of:0000000000000002:1 -> of:000000000000000b:4,0.002,0.0025,0.002,0.002,2.06,2026-06-23T03:07:15,0.002,2.03
route_mutation,20260623T030715_872368,of:0000000000000009:1 -> of:000000000000000c:6,0.002,0.0025,0.002,0.002,1.96,2026-06-23T03:07:15,0.002,1.96
ip_shuffle,20260623T030746_216873,of:0000000000000004:1 -> of:000000000000000c:4,0.002,0.0025,0.002,0.002,1.43,2026-06-23T03:07:46,0.002,1.43
ip_shuffle,20260623T030746_216873,of:0000000000000005:1 -> of:000000000000000c:5,0.002,0.0025,0.002,0.002,1.43,2026-06-23T03:07:46,0.002,1.43
ip_shuffle,20260623T030746_216873,of:000000000000000a:1 -> of:000000000000000d:6,0.002,0.0025,0.002,0.002,1.43,2026-06-23T03:07:46,0.002,1.37
ip_shuffle,20260623T030746_216873,of:000000000000000b:3 -> of:000000000000000d:2,0.002,0.0025,0.002,0.002,1.46,2026-06-23T03:07:46,0.002,1.46
ip_shuffle,20260623T030746_216873,of:000000000000000c:3 -> of:000000000000000d:3,0.002,0.0025,0.002,0.002,1.46,2026-06-23T03:07:46,0.002,1.46
ip_shuffle,20260623T030746_216873,of:0000000000000005:2 -> of:0000000000000009:3,0.002,0.0025,0.002,0.002,1.53,2026-06-23T03:07:46,0.002,1.53
ip_shuffle,20260623T030746_216873,of:0000000000000001:1 -> of:000000000000000b:1,0.002,0.0025,0.002,0.002,1.56,2026-06-23T03:07:46,0.002,1.63
ip_shuffle,20260623T030746_216873,of:000000000000000b:2 -> of:000000000000000c:2,0.002,0.0025,0.002,0.002,1.53,2026-06-23T03:07:46,0.002,1.53
ip_shuffle,20260623T030746_216873,of:0000000000000001:2 -> of:000000000000000c:1,0.001,0.00125,0.001,0.001,1.37,2026-06-23T03:07:46,0.001,1.37
ip_shuffle,20260623T030746_216873,of:0000000000000006:2 -> of:000000000000000a:2,0.002,0.0025,0.002,0.002,1.53,2026-06-23T03:07:46,0.002,1.53
ip_shuffle,20260623T030746_216873,of:0000000000000001:3 -> of:000000000000000d:1,0.001,0.00125,0.001,0.001,1.37,2026-06-23T03:07:46,0.001,1.43
ip_shuffle,20260623T030746_216873,of:0000000000000003:1 -> of:000000000000000b:5,0.001,0.00125,0.001,0.001,1.37,2026-06-23T03:07:46,0.001,1.37
ip_shuffle,20260623T030746_216873,of:0000000000000006:1 -> of:000000000000000d:4,0.002,0.0025,0.002,0.002,1.43,2026-06-23T03:07:46,0.001,1.37
ip_shuffle,20260623T030746_216873,of:0000000000000007:2 -> of:000000000000000a:3,0.002,0.0025,0.002,0.002,1.53,2026-06-23T03:07:46,0.002,1.53
ip_shuffle,20260623T030746_216873,of:0000000000000007:1 -> of:000000000000000d:5,0.002,0.0025,0.002,0.002,1.46,2026-06-23T03:07:46,0.002,1.4
ip_shuffle,20260623T030746_216873,of:0000000000000002:2 -> of:0000000000000008:2,0.001,0.00125,0.001,0.001,1.46,2026-06-23T03:07:46,0.001,1.46
ip_shuffle,20260623T030746_216873,of:0000000000000003:2 -> of:0000000000000008:3,0.001,0.00125,0.001,0.001,1.46,2026-06-23T03:07:46,0.001,1.46
ip_shuffle,20260623T030746_216873,of:0000000000000008:1 -> of:000000000000000b:6,0.002,0.0025,0.002,0.002,1.43,2026-06-23T03:07:46,0.002,1.43
ip_shuffle,20260623T030746_216873,of:0000000000000004:2 -> of:0000000000000009:2,0.002,0.0025,0.002,0.002,1.53,2026-06-23T03:07:46,0.002,1.53
ip_shuffle,20260623T030746_216873,of:0000000000000002:1 -> of:000000000000000b:4,0.002,0.0025,0.002,0.002,1.63,2026-06-23T03:07:46,0.002,1.63
ip_shuffle,20260623T030746_216873,of:0000000000000009:1 -> of:000000000000000c:6,0.002,0.0025,0.002,0.002,1.43,2026-06-23T03:07:46,0.002,1.43
ip_shuffle,20260623T030856_967240,of:0000000000000004:1 -> of:000000000000000c:4,0.002,0.0025,0.002,0.002,2.16,2026-06-23T03:08:56,0.002,2.16
ip_shuffle,20260623T030856_967240,of:0000000000000005:1 -> of:000000000000000c:5,0.002,0.0025,0.002,0.002,2.16,2026-06-23T03:08:56,0.002,2.16
ip_shuffle,20260623T030856_967240,of:000000000000000a:1 -> of:000000000000000d:6,0.002,0.0025,0.002,0.002,2.16,2026-06-23T03:08:56,0.002,2.13
ip_shuffle,20260623T030856_967240,of:000000000000000b:3 -> of:000000000000000d:2,0.002,0.0025,0.002,0.002,3.03,2026-06-23T03:08:56,0.002,3.03
ip_shuffle,20260623T030856_967240,of:000000000000000c:3 -> of:000000000000000d:3,0.002,0.0025,0.002,0.002,3.03,2026-06-23T03:08:56,0.002,3.03
ip_shuffle,20260623T030856_967240,of:0000000000000005:2 -> of:0000000000000009:3,0.002,0.0025,0.002,0.002,3.09,2026-06-23T03:08:56,0.002,3.09
ip_shuffle,20260623T030856_967240,of:0000000000000001:1 -> of:000000000000000b:1,0.002,0.0025,0.002,0.002,2.16,2026-06-23T03:08:56,0.002,2.13
ip_shuffle,20260623T030856_967240,of:000000000000000b:2 -> of:000000000000000c:2,0.002,0.0025,0.002,0.002,2.99,2026-06-23T03:08:56,0.002,2.99
ip_shuffle,20260623T030856_967240,of:0000000000000001:2 -> of:000000000000000c:1,0.002,0.0025,0.002,0.002,2.2,2026-06-23T03:08:56,0.002,2.16
ip_shuffle,20260623T030856_967240,of:0000000000000006:2 -> of:000000000000000a:2,0.002,0.0025,0.002,0.002,3.06,2026-06-23T03:08:56,0.002,3.06
ip_shuffle,20260623T030856_967240,of:0000000000000001:3 -> of:000000000000000d:1,0.004,0.005,0.004,0.004,4.76,2026-06-23T03:08:56,0.004,4.69
ip_shuffle,20260623T030856_967240,of:0000000000000003:1 -> of:000000000000000b:5,0.002,0.0025,0.002,0.002,2.13,2026-06-23T03:08:56,0.002,2.16
ip_shuffle,20260623T030856_967240,of:0000000000000006:1 -> of:000000000000000d:4,0.003,0.00375,0.003,0.003,3.89,2026-06-23T03:08:56,0.003,3.79
ip_shuffle,20260623T030856_967240,of:0000000000000007:2 -> of:000000000000000a:3,0.002,0.0025,0.002,0.002,3.06,2026-06-23T03:08:56,0.002,3.06
ip_shuffle,20260623T030856_967240,of:0000000000000007:1 -> of:000000000000000d:5,0.003,0.00375,0.003,0.002,3.03,2026-06-23T03:08:56,0.003,3.23
ip_shuffle,20260623T030856_967240,of:0000000000000002:2 -> of:0000000000000008:2,0.002,0.0025,0.002,0.002,3.09,2026-06-23T03:08:56,0.002,3.09
ip_shuffle,20260623T030856_967240,of:0000000000000003:2 -> of:0000000000000008:3,0.002,0.0025,0.002,0.002,3.09,2026-06-23T03:08:56,0.002,3.09
ip_shuffle,20260623T030856_967240,of:0000000000000008:1 -> of:000000000000000b:6,0.002,0.0025,0.002,0.002,2.16,2026-06-23T03:08:56,0.002,2.16
ip_shuffle,20260623T030856_967240,of:0000000000000004:2 -> of:0000000000000009:2,0.002,0.0025,0.002,0.002,3.09,2026-06-23T03:08:56,0.002,3.09
ip_shuffle,20260623T030856_967240,of:0000000000000002:1 -> of:000000000000000b:4,0.002,0.0025,0.002,0.002,2.13,2026-06-23T03:08:56,0.002,2.16
ip_shuffle,20260623T030856_967240,of:0000000000000009:1 -> of:000000000000000c:6,0.002,0.0025,0.002,0.002,2.13,2026-06-23T03:08:56,0.002,2.1
ip_shuffle,20260623T030954_692566,of:0000000000000004:1 -> of:000000000000000c:4,0.002,0.0025,0.002,0.002,2.23,2026-06-23T03:09:54,0.002,2.23
ip_shuffle,20260623T030954_692566,of:0000000000000005:1 -> of:000000000000000c:5,0.002,0.0025,0.002,0.002,1.53,2026-06-23T03:09:54,0.002,1.53
ip_shuffle,20260623T030954_692566,of:000000000000000a:1 -> of:000000000000000d:6,0.001,0.00125,0.001,0.001,1.47,2026-06-23T03:09:54,0.001,1.47
ip_shuffle,20260623T030954_692566,of:000000000000000b:3 -> of:000000000000000d:2,0.002,0.0025,0.002,0.002,1.7,2026-06-23T03:09:54,0.002,1.7
ip_shuffle,20260623T030954_692566,of:000000000000000c:3 -> of:000000000000000d:3,0.002,0.0025,0.002,0.002,1.66,2026-06-23T03:09:54,0.002,1.66
ip_shuffle,20260623T030954_692566,of:0000000000000005:2 -> of:0000000000000009:3,0.002,0.0025,0.002,0.002,1.66,2026-06-23T03:09:54,0.002,1.66
ip_shuffle,20260623T030954_692566,of:0000000000000001:1 -> of:000000000000000b:1,0.003,0.00375,0.003,0.003,3.6,2026-06-23T03:09:54,0.003,3.6
ip_shuffle,20260623T030954_692566,of:000000000000000b:2 -> of:000000000000000c:2,0.002,0.0025,0.002,0.002,1.73,2026-06-23T03:09:54,0.002,1.73
ip_shuffle,20260623T030954_692566,of:0000000000000001:2 -> of:000000000000000c:1,0.002,0.0025,0.002,0.002,2.26,2026-06-23T03:09:54,0.002,2.3
ip_shuffle,20260623T030954_692566,of:0000000000000006:2 -> of:000000000000000a:2,0.002,0.0025,0.002,0.002,1.66,2026-06-23T03:09:54,0.002,1.66
ip_shuffle,20260623T030954_692566,of:0000000000000001:3 -> of:000000000000000d:1,0.002,0.0025,0.002,0.002,1.9,2026-06-23T03:09:54,0.002,1.96
ip_shuffle,20260623T030954_692566,of:0000000000000003:1 -> of:000000000000000b:5,0.002,0.0025,0.002,0.002,2.56,2026-06-23T03:09:54,0.002,2.56
ip_shuffle,20260623T030954_692566,of:0000000000000006:1 -> of:000000000000000d:4,0.001,0.00125,0.001,0.001,1.4,2026-06-23T03:09:54,0.001,1.4
ip_shuffle,20260623T030954_692566,of:0000000000000007:2 -> of:000000000000000a:3,0.002,0.0025,0.002,0.002,1.66,2026-06-23T03:09:54,0.002,1.66
ip_shuffle,20260623T030954_692566,of:0000000000000007:1 -> of:000000000000000d:5,0.002,0.0025,0.002,0.002,1.83,2026-06-23T03:09:54,0.002,1.7
ip_shuffle,20260623T030954_692566,of:0000000000000002:2 -> of:0000000000000008:2,0.002,0.0025,0.002,0.002,1.73,2026-06-23T03:09:54,0.002,1.73
ip_shuffle,20260623T030954_692566,of:0000000000000003:2 -> of:0000000000000008:3,0.002,0.0025,0.002,0.002,1.73,2026-06-23T03:09:54,0.002,1.73
ip_shuffle,20260623T030954_692566,of:0000000000000008:1 -> of:000000000000000b:6,0.002,0.0025,0.002,0.002,1.53,2026-06-23T03:09:54,0.002,1.53
ip_shuffle,20260623T030954_692566,of:0000000000000004:2 -> of:0000000000000009:2,0.002,0.0025,0.002,0.002,1.66,2026-06-23T03:09:54,0.002,1.66
ip_shuffle,20260623T030954_692566,of:0000000000000002:1 -> of:000000000000000b:4,0.002,0.0025,0.002,0.002,2.56,2026-06-23T03:09:54,0.002,2.56
ip_shuffle,20260623T030954_692566,of:0000000000000009:1 -> of:000000000000000c:6,0.002,0.0025,0.002,0.002,1.53,2026-06-23T03:09:54,0.002,1.53
route_mutation,20260623T031052_444720,of:0000000000000004:1 -> of:000000000000000c:4,0.002,0.0025,0.002,0.002,1.63,2026-06-23T03:10:52,0.002,1.56
route_mutation,20260623T031052_444720,of:0000000000000005:1 -> of:000000000000000c:5,0.002,0.0025,0.002,0.002,1.63,2026-06-23T03:10:52,0.002,1.56
route_mutation,20260623T031052_444720,of:000000000000000a:1 -> of:000000000000000d:6,0.002,0.0025,0.002,0.002,1.66,2026-06-23T03:10:52,0.002,1.79
route_mutation,20260623T031052_444720,of:000000000000000b:3 -> of:000000000000000d:2,0.002,0.0025,0.002,0.002,2.06,2026-06-23T03:10:52,0.002,2.06
route_mutation,20260623T031052_444720,of:000000000000000c:3 -> of:000000000000000d:3,0.002,0.0025,0.002,0.002,2.03,2026-06-23T03:10:52,0.002,2.03
route_mutation,20260623T031052_444720,of:0000000000000005:2 -> of:0000000000000009:3,0.002,0.0025,0.002,0.002,1.89,2026-06-23T03:10:52,0.002,1.89
route_mutation,20260623T031052_444720,of:0000000000000001:1 -> of:000000000000000b:1,0.002,0.0025,0.002,0.001,1.53,2026-06-23T03:10:52,0.002,1.56
route_mutation,20260623T031052_444720,of:000000000000000b:2 -> of:000000000000000c:2,0.002,0.0025,0.002,0.002,1.83,2026-06-23T03:10:52,0.002,1.83
route_mutation,20260623T031052_444720,of:0000000000000001:2 -> of:000000000000000c:1,0.002,0.0025,0.002,0.001,1.49,2026-06-23T03:10:52,0.002,1.56
route_mutation,20260623T031052_444720,of:0000000000000006:2 -> of:000000000000000a:2,0.002,0.0025,0.002,0.002,1.86,2026-06-23T03:10:52,0.002,1.86
route_mutation,20260623T031052_444720,of:0000000000000001:3 -> of:000000000000000d:1,0.002,0.0025,0.002,0.002,2.69,2026-06-23T03:10:52,0.002,2.82
route_mutation,20260623T031052_444720,of:0000000000000003:1 -> of:000000000000000b:5,0.002,0.0025,0.002,0.002,1.63,2026-06-23T03:10:52,0.002,1.59
route_mutation,20260623T031052_444720,of:0000000000000006:1 -> of:000000000000000d:4,0.002,0.0025,0.002,0.002,1.66,2026-06-23T03:10:52,0.002,1.79
route_mutation,20260623T031052_444720,of:0000000000000007:2 -> of:000000000000000a:3,0.002,0.0025,0.002,0.002,1.86,2026-06-23T03:10:52,0.002,1.86
route_mutation,20260623T031052_444720,of:0000000000000007:1 -> of:000000000000000d:5,0.002,0.0025,0.002,0.002,2.82,2026-06-23T03:10:52,0.002,2.62
route_mutation,20260623T031052_444720,of:0000000000000002:2 -> of:0000000000000008:2,0.002,0.0025,0.002,0.002,1.89,2026-06-23T03:10:52,0.002,1.89
route_mutation,20260623T031052_444720,of:0000000000000003:2 -> of:0000000000000008:3,0.002,0.0025,0.002,0.002,1.89,2026-06-23T03:10:52,0.002,1.89
route_mutation,20260623T031052_444720,of:0000000000000008:1 -> of:000000000000000b:6,0.002,0.0025,0.002,0.002,1.59,2026-06-23T03:10:52,0.002,1.59
route_mutation,20260623T031052_444720,of:0000000000000004:2 -> of:0000000000000009:2,0.002,0.0025,0.002,0.002,1.89,2026-06-23T03:10:52,0.002,1.89
route_mutation,20260623T031052_444720,of:0000000000000002:1 -> of:000000000000000b:4,0.002,0.0025,0.002,0.002,1.63,2026-06-23T03:10:52,0.002,1.59
route_mutation,20260623T031052_444720,of:0000000000000009:1 -> of:000000000000000c:6,0.002,0.0025,0.002,0.002,1.59,2026-06-23T03:10:52,0.002,1.56
route_mutation,20260623T031122_808413,of:0000000000000004:1 -> of:000000000000000c:4,0.002,0.0025,0.002,0.002,1.6,2026-06-23T03:11:22,0.002,1.6
route_mutation,20260623T031122_808413,of:0000000000000005:1 -> of:000000000000000c:5,0.001,0.00125,0.001,0.001,1.47,2026-06-23T03:11:22,0.001,1.47
route_mutation,20260623T031122_808413,of:000000000000000a:1 -> of:000000000000000d:6,0.002,0.0025,0.002,0.002,1.53,2026-06-23T03:11:22,0.002,1.53
route_mutation,20260623T031122_808413,of:000000000000000b:3 -> of:000000000000000d:2,0.002,0.0025,0.002,0.002,1.73,2026-06-23T03:11:22,0.002,1.73
route_mutation,20260623T031122_808413,of:000000000000000c:3 -> of:000000000000000d:3,0.002,0.0025,0.002,0.002,1.73,2026-06-23T03:11:22,0.002,1.73
route_mutation,20260623T031122_808413,of:0000000000000005:2 -> of:0000000000000009:3,0.002,0.0025,0.002,0.002,1.66,2026-06-23T03:11:22,0.002,1.66
route_mutation,20260623T031122_808413,of:0000000000000001:1 -> of:000000000000000b:1,0.003,0.00375,0.003,0.003,3.46,2026-06-23T03:11:22,0.003,3.53
route_mutation,20260623T031122_808413,of:000000000000000b:2 -> of:000000000000000c:2,0.002,0.0025,0.002,0.002,1.73,2026-06-23T03:11:22,0.002,1.73
route_mutation,20260623T031122_808413,of:0000000000000001:2 -> of:000000000000000c:1,0.002,0.0025,0.002,0.002,1.63,2026-06-23T03:11:22,0.002,1.63
route_mutation,20260623T031122_808413,of:0000000000000006:2 -> of:000000000000000a:2,0.002,0.0025,0.002,0.002,1.66,2026-06-23T03:11:22,0.002,1.66
route_mutation,20260623T031122_808413,of:0000000000000001:3 -> of:000000000000000d:1,0.002,0.0025,0.002,0.002,1.53,2026-06-23T03:11:22,0.002,1.53
route_mutation,20260623T031122_808413,of:0000000000000003:1 -> of:000000000000000b:5,0.002,0.0025,0.002,0.002,2.43,2026-06-23T03:11:22,0.002,2.43
route_mutation,20260623T031122_808413,of:0000000000000006:1 -> of:000000000000000d:4,0.001,0.00125,0.001,0.001,1.47,2026-06-23T03:11:22,0.001,1.47
route_mutation,20260623T031122_808413,of:0000000000000007:2 -> of:000000000000000a:3,0.002,0.0025,0.002,0.002,1.66,2026-06-23T03:11:22,0.002,1.66
route_mutation,20260623T031122_808413,of:0000000000000007:1 -> of:000000000000000d:5,0.001,0.00125,0.001,0.001,1.47,2026-06-23T03:11:22,0.001,1.47
route_mutation,20260623T031122_808413,of:0000000000000002:2 -> of:0000000000000008:2,0.002,0.0025,0.002,0.002,1.66,2026-06-23T03:11:22,0.002,1.66
route_mutation,20260623T031122_808413,of:0000000000000003:2 -> of:0000000000000008:3,0.002,0.0025,0.002,0.002,1.66,2026-06-23T03:11:22,0.002,1.66
route_mutation,20260623T031122_808413,of:0000000000000008:1 -> of:000000000000000b:6,0.002,0.0025,0.002,0.002,1.53,2026-06-23T03:11:22,0.002,1.53
route_mutation,20260623T031122_808413,of:0000000000000004:2 -> of:0000000000000009:2,0.002,0.0025,0.002,0.002,1.66,2026-06-23T03:11:22,0.002,1.66
route_mutation,20260623T031122_808413,of:0000000000000002:1 -> of:000000000000000b:4,0.002,0.0025,0.002,0.002,2.5,2026-06-23T03:11:22,0.002,2.5
route_mutation,20260623T031122_808413,of:0000000000000009:1 -> of:000000000000000c:6,0.002,0.0025,0.002,0.002,1.53,2026-06-23T03:11:22,0.002,1.53
ip_shuffle,20260623T031153_124596,of:0000000000000004:1 -> of:000000000000000c:4,0.002,0.0025,0.002,0.002,2.36,2026-06-23T03:11:53,0.002,2.4
ip_shuffle,20260623T031153_124596,of:0000000000000005:1 -> of:000000000000000c:5,0.002,0.0025,0.002,0.002,2.5,2026-06-23T03:11:53,0.002,2.53
ip_shuffle,20260623T031153_124596,of:000000000000000a:1 -> of:000000000000000d:6,0.002,0.0025,0.002,0.002,1.73,2026-06-23T03:11:53,0.002,1.76
ip_shuffle,20260623T031153_124596,of:000000000000000b:3 -> of:000000000000000d:2,0.002,0.0025,0.002,0.002,2.23,2026-06-23T03:11:53,0.002,2.23
ip_shuffle,20260623T031153_124596,of:000000000000000c:3 -> of:000000000000000d:3,0.002,0.0025,0.002,0.002,2.23,2026-06-23T03:11:53,0.002,2.23
ip_shuffle,20260623T031153_124596,of:0000000000000005:2 -> of:0000000000000009:3,0.002,0.0025,0.002,0.002,2.16,2026-06-23T03:11:53,0.002,2.16
ip_shuffle,20260623T031153_124596,of:0000000000000001:1 -> of:000000000000000b:1,0.002,0.0025,0.002,0.002,1.86,2026-06-23T03:11:53,0.002,1.73
ip_shuffle,20260623T031153_124596,of:000000000000000b:2 -> of:000000000000000c:2,0.002,0.0025,0.002,0.002,2.13,2026-06-23T03:11:53,0.002,2.13
ip_shuffle,20260623T031153_124596,of:0000000000000001:2 -> of:000000000000000c:1,0.003,0.00375,0.003,0.003,3.23,2026-06-23T03:11:53,0.003,3.16
ip_shuffle,20260623T031153_124596,of:0000000000000006:2 -> of:000000000000000a:2,0.002,0.0025,0.002,0.002,2.16,2026-06-23T03:11:53,0.002,2.16
ip_shuffle,20260623T031153_124596,of:0000000000000001:3 -> of:000000000000000d:1,0.003,0.00375,0.003,0.003,3.1,2026-06-23T03:11:53,0.003,3.2
ip_shuffle,20260623T031153_124596,of:0000000000000003:1 -> of:000000000000000b:5,0.002,0.0025,0.002,0.002,1.76,2026-06-23T03:11:53,0.002,1.8
ip_shuffle,20260623T031153_124596,of:0000000000000006:1 -> of:000000000000000d:4,0.003,0.00375,0.003,0.003,2.93,2026-06-23T03:11:53,0.003,3.0
ip_shuffle,20260623T031153_124596,of:0000000000000007:2 -> of:000000000000000a:3,0.002,0.0025,0.002,0.002,2.2,2026-06-23T03:11:53,0.002,2.2
ip_shuffle,20260623T031153_124596,of:0000000000000007:1 -> of:000000000000000d:5,0.002,0.0025,0.002,0.002,2.1,2026-06-23T03:11:53,0.002,2.06
ip_shuffle,20260623T031153_124596,of:0000000000000002:2 -> of:0000000000000008:2,0.002,0.0025,0.002,0.002,2.16,2026-06-23T03:11:53,0.002,2.16
ip_shuffle,20260623T031153_124596,of:0000000000000003:2 -> of:0000000000000008:3,0.002,0.0025,0.002,0.002,2.16,2026-06-23T03:11:53,0.002,2.16
ip_shuffle,20260623T031153_124596,of:0000000000000008:1 -> of:000000000000000b:6,0.001,0.00125,0.001,0.001,1.66,2026-06-23T03:11:53,0.001,1.66
ip_shuffle,20260623T031153_124596,of:0000000000000004:2 -> of:0000000000000009:2,0.002,0.0025,0.002,0.002,2.16,2026-06-23T03:11:53,0.002,2.16
ip_shuffle,20260623T031153_124596,of:0000000000000002:1 -> of:000000000000000b:4,0.002,0.0025,0.002,0.002,1.7,2026-06-23T03:11:53,0.002,1.73
ip_shuffle,20260623T031153_124596,of:0000000000000009:1 -> of:000000000000000c:6,0.001,0.00125,0.001,0.001,1.66,2026-06-23T03:11:53,0.001,1.66
ip_shuffle,20260623T031250_848283,of:0000000000000004:1 -> of:000000000000000c:4,0.001,0.00125,0.001,0.001,1.36,2026-06-23T03:12:50,0.001,1.36
ip_shuffle,20260623T031250_848283,of:0000000000000005:1 -> of:000000000000000c:5,0.001,0.00125,0.001,0.001,1.36,2026-06-23T03:12:50,0.001,1.36
ip_shuffle,20260623T031250_848283,of:000000000000000a:1 -> of:000000000000000d:6,0.002,0.0025,0.002,0.002,1.43,2026-06-23T03:12:50,0.002,1.43
ip_shuffle,20260623T031250_848283,of:000000000000000b:3 -> of:000000000000000d:2,0.002,0.0025,0.002,0.002,1.53,2026-06-23T03:12:50,0.002,1.53
ip_shuffle,20260623T031250_848283,of:000000000000000c:3 -> of:000000000000000d:3,0.002,0.0025,0.002,0.002,1.53,2026-06-23T03:12:50,0.002,1.53
ip_shuffle,20260623T031250_848283,of:0000000000000005:2 -> of:0000000000000009:3,0.001,0.00125,0.001,0.001,1.46,2026-06-23T03:12:50,0.001,1.46
ip_shuffle,20260623T031250_848283,of:0000000000000001:1 -> of:000000000000000b:1,0.003,0.00375,0.003,0.003,3.06,2026-06-23T03:12:50,0.003,3.06
ip_shuffle,20260623T031250_848283,of:000000000000000b:2 -> of:000000000000000c:2,0.002,0.0025,0.002,0.002,1.53,2026-06-23T03:12:50,0.002,1.53
ip_shuffle,20260623T031250_848283,of:0000000000000001:2 -> of:000000000000000c:1,0.002,0.0025,0.002,0.002,1.43,2026-06-23T03:12:50,0.002,1.43
ip_shuffle,20260623T031250_848283,of:0000000000000006:2 -> of:000000000000000a:2,0.001,0.00125,0.001,0.001,1.46,2026-06-23T03:12:50,0.001,1.46
ip_shuffle,20260623T031250_848283,of:0000000000000001:3 -> of:000000000000000d:1,0.002,0.0025,0.002,0.002,1.43,2026-06-23T03:12:50,0.002,1.43
ip_shuffle,20260623T031250_848283,of:0000000000000003:1 -> of:000000000000000b:5,0.002,0.0025,0.002,0.002,2.03,2026-06-23T03:12:50,0.002,2.0
ip_shuffle,20260623T031250_848283,of:0000000000000006:1 -> of:000000000000000d:4,0.001,0.00125,0.001,0.001,1.36,2026-06-23T03:12:50,0.001,1.36
ip_shuffle,20260623T031250_848283,of:0000000000000007:2 -> of:000000000000000a:3,0.002,0.0025,0.002,0.002,1.53,2026-06-23T03:12:50,0.002,1.53
ip_shuffle,20260623T031250_848283,of:0000000000000007:1 -> of:000000000000000d:5,0.002,0.0025,0.002,0.002,1.43,2026-06-23T03:12:50,0.002,1.43
ip_shuffle,20260623T031250_848283,of:0000000000000002:2 -> of:0000000000000008:2,0.001,0.00125,0.001,0.001,1.46,2026-06-23T03:12:50,0.001,1.46
ip_shuffle,20260623T031250_848283,of:0000000000000003:2 -> of:0000000000000008:3,0.001,0.00125,0.001,0.001,1.46,2026-06-23T03:12:50,0.001,1.46
ip_shuffle,20260623T031250_848283,of:0000000000000008:1 -> of:000000000000000b:6,0.002,0.0025,0.002,0.002,1.43,2026-06-23T03:12:50,0.002,1.43
ip_shuffle,20260623T031250_848283,of:0000000000000004:2 -> of:0000000000000009:2,0.001,0.00125,0.001,0.001,1.46,2026-06-23T03:12:50,0.001,1.46
ip_shuffle,20260623T031250_848283,of:0000000000000002:1 -> of:000000000000000b:4,0.002,0.0025,0.002,0.002,2.4,2026-06-23T03:12:50,0.002,2.4
ip_shuffle,20260623T031250_848283,of:0000000000000009:1 -> of:000000000000000c:6,0.002,0.0025,0.002,0.002,1.43,2026-06-23T03:12:50,0.002,1.43
ip_shuffle,20260623T031348_402227,of:0000000000000004:1 -> of:000000000000000c:4,0.002,0.0025,0.002,0.002,2.0,2026-06-23T03:13:48,0.002,1.96
ip_shuffle,20260623T031348_402227,of:0000000000000005:1 -> of:000000000000000c:5,0.002,0.0025,0.002,0.002,2.0,2026-06-23T03:13:48,0.002,1.96
ip_shuffle,20260623T031348_402227,of:000000000000000a:1 -> of:000000000000000d:6,0.002,0.0025,0.002,0.002,1.9,2026-06-23T03:13:48,0.002,1.86
ip_shuffle,20260623T031348_402227,of:000000000000000b:3 -> of:000000000000000d:2,0.002,0.0025,0.002,0.002,2.43,2026-06-23T03:13:48,0.002,2.43
ip_shuffle,20260623T031348_402227,of:000000000000000c:3 -> of:000000000000000d:3,0.002,0.0025,0.002,0.002,2.43,2026-06-23T03:13:48,0.002,2.43
ip_shuffle,20260623T031348_402227,of:0000000000000005:2 -> of:0000000000000009:3,0.002,0.0025,0.002,0.002,2.56,2026-06-23T03:13:48,0.002,2.56
ip_shuffle,20260623T031348_402227,of:0000000000000001:1 -> of:000000000000000b:1,0.002,0.0025,0.002,0.002,1.9,2026-06-23T03:13:48,0.002,1.96
ip_shuffle,20260623T031348_402227,of:000000000000000b:2 -> of:000000000000000c:2,0.002,0.0025,0.002,0.002,2.53,2026-06-23T03:13:48,0.002,2.53
ip_shuffle,20260623T031348_402227,of:0000000000000001:2 -> of:000000000000000c:1,0.002,0.0025,0.002,0.002,1.9,2026-06-23T03:13:48,0.002,1.96
ip_shuffle,20260623T031348_402227,of:0000000000000006:2 -> of:000000000000000a:2,0.002,0.0025,0.002,0.002,2.56,2026-06-23T03:13:48,0.002,2.56
ip_shuffle,20260623T031348_402227,of:0000000000000001:3 -> of:000000000000000d:1,0.003,0.00375,0.003,0.003,3.5,2026-06-23T03:13:48,0.003,3.4
ip_shuffle,20260623T031348_402227,of:0000000000000003:1 -> of:000000000000000b:5,0.002,0.0025,0.002,0.002,2.0,2026-06-23T03:13:48,0.002,1.96
ip_shuffle,20260623T031348_402227,of:0000000000000006:1 -> of:000000000000000d:4,0.002,0.0025,0.002,0.002,2.13,2026-06-23T03:13:48,0.002,2.23
ip_shuffle,20260623T031348_402227,of:0000000000000007:2 -> of:000000000000000a:3,0.002,0.0025,0.002,0.002,2.56,2026-06-23T03:13:48,0.002,2.56
ip_shuffle,20260623T031348_402227,of:0000000000000007:1 -> of:000000000000000d:5,0.003,0.00375,0.003,0.003,3.23,2026-06-23T03:13:48,0.003,3.16
ip_shuffle,20260623T031348_402227,of:0000000000000002:2 -> of:0000000000000008:2,0.002,0.0025,0.002,0.002,2.56,2026-06-23T03:13:48,0.002,2.56
ip_shuffle,20260623T031348_402227,of:0000000000000003:2 -> of:0000000000000008:3,0.002,0.0025,0.002,0.002,2.56,2026-06-23T03:13:48,0.002,2.56
ip_shuffle,20260623T031348_402227,of:0000000000000008:1 -> of:000000000000000b:6,0.002,0.0025,0.002,0.002,1.96,2026-06-23T03:13:48,0.002,1.96
ip_shuffle,20260623T031348_402227,of:0000000000000004:2 -> of:0000000000000009:2,0.002,0.0025,0.002,0.002,2.56,2026-06-23T03:13:48,0.002,2.56
ip_shuffle,20260623T031348_402227,of:0000000000000002:1 -> of:000000000000000b:4,0.002,0.0025,0.002,0.002,2.0,2026-06-23T03:13:48,0.002,1.96
ip_shuffle,20260623T031348_402227,of:0000000000000009:1 -> of:000000000000000c:6,0.002,0.0025,0.002,0.002,1.96,2026-06-23T03:13:48,0.002,1.96
ip_shuffle,20260623T031452_728937,of:0000000000000004:1 -> of:000000000000000c:4,0.002,0.0025,0.002,0.002,2.2,2026-06-23T03:14:52,0.002,2.16
ip_shuffle,20260623T031452_728937,of:0000000000000005:1 -> of:000000000000000c:5,0.002,0.0025,0.002,0.002,1.96,2026-06-23T03:14:52,0.002,1.96
ip_shuffle,20260623T031452_728937,of:000000000000000a:1 -> of:000000000000000d:6,0.001,0.00125,0.001,0.001,1.37,2026-06-23T03:14:52,0.001,1.37
ip_shuffle,20260623T031452_728937,of:000000000000000b:3 -> of:000000000000000d:2,0.001,0.00125,0.001,0.001,1.46,2026-06-23T03:14:52,0.001,1.46
ip_shuffle,20260623T031452_728937,of:000000000000000c:3 -> of:000000000000000d:3,0.001,0.00125,0.001,0.001,1.46,2026-06-23T03:14:52,0.001,1.46
ip_shuffle,20260623T031452_728937,of:0000000000000005:2 -> of:0000000000000009:3,0.001,0.00125,0.001,0.001,1.53,2026-06-23T03:14:52,0.001,1.53
ip_shuffle,20260623T031452_728937,of:0000000000000001:1 -> of:000000000000000b:1,0.003,0.00375,0.003,0.003,3.43,2026-06-23T03:14:52,0.003,3.36
ip_shuffle,20260623T031452_728937,of:000000000000000b:2 -> of:000000000000000c:2,0.001,0.00125,0.001,0.001,1.4,2026-06-23T03:14:52,0.001,1.4
ip_shuffle,20260623T031452_728937,of:0000000000000001:2 -> of:000000000000000c:1,0.003,0.00375,0.003,0.003,2.76,2026-06-23T03:14:52,0.003,2.8
ip_shuffle,20260623T031452_728937,of:0000000000000006:2 -> of:000000000000000a:2,0.001,0.00125,0.001,0.001,1.5,2026-06-23T03:14:52,0.001,1.5
ip_shuffle,20260623T031452_728937,of:0000000000000001:3 -> of:000000000000000d:1,0.002,0.0025,0.002,0.002,1.5,2026-06-23T03:14:52,0.002,1.56
ip_shuffle,20260623T031452_728937,of:0000000000000003:1 -> of:000000000000000b:5,0.002,0.0025,0.002,0.002,2.46,2026-06-23T03:14:52,0.002,2.4
ip_shuffle,20260623T031452_728937,of:0000000000000006:1 -> of:000000000000000d:4,0.002,0.0025,0.002,0.002,1.46,2026-06-23T03:14:52,0.002,1.43
ip_shuffle,20260623T031452_728937,of:0000000000000007:2 -> of:000000000000000a:3,0.001,0.00125,0.001,0.001,1.43,2026-06-23T03:14:52,0.001,1.43
ip_shuffle,20260623T031452_728937,of:0000000000000007:1 -> of:000000000000000d:5,0.001,0.00125,0.001,0.001,1.4,2026-06-23T03:14:52,0.001,1.37
ip_shuffle,20260623T031452_728937,of:0000000000000002:2 -> of:0000000000000008:2,0.002,0.0025,0.002,0.002,1.56,2026-06-23T03:14:52,0.002,1.56
ip_shuffle,20260623T031452_728937,of:0000000000000003:2 -> of:0000000000000008:3,0.002,0.0025,0.002,0.002,1.56,2026-06-23T03:14:52,0.002,1.56
ip_shuffle,20260623T031452_728937,of:0000000000000008:1 -> of:000000000000000b:6,0.001,0.00125,0.001,0.001,1.33,2026-06-23T03:14:52,0.001,1.3
ip_shuffle,20260623T031452_728937,of:0000000000000004:2 -> of:0000000000000009:2,0.001,0.00125,0.001,0.001,1.53,2026-06-23T03:14:52,0.001,1.53
ip_shuffle,20260623T031452_728937,of:0000000000000002:1 -> of:000000000000000b:4,0.002,0.0025,0.002,0.002,2.33,2026-06-23T03:14:52,0.002,2.4
ip_shuffle,20260623T031452_728937,of:0000000000000009:1 -> of:000000000000000c:6,0.001,0.00125,0.001,0.001,1.33,2026-06-23T03:14:52,0.001,1.3
route_mutation,20260623T031550_346495,of:0000000000000004:1 -> of:000000000000000c:4,0.002,0.0025,0.002,0.002,1.53,2026-06-23T03:15:50,0.001,1.5
route_mutation,20260623T031550_346495,of:0000000000000005:1 -> of:000000000000000c:5,0.002,0.0025,0.002,0.002,1.53,2026-06-23T03:15:50,0.001,1.5
route_mutation,20260623T031550_346495,of:000000000000000a:1 -> of:000000000000000d:6,0.002,0.0025,0.002,0.002,1.56,2026-06-23T03:15:50,0.002,1.53
route_mutation,20260623T031550_346495,of:000000000000000b:3 -> of:000000000000000d:2,0.002,0.0025,0.002,0.002,1.8,2026-06-23T03:15:50,0.002,1.76
route_mutation,20260623T031550_346495,of:000000000000000c:3 -> of:000000000000000d:3,0.002,0.0025,0.002,0.002,1.8,2026-06-23T03:15:50,0.002,1.76
route_mutation,20260623T031550_346495,of:0000000000000005:2 -> of:0000000000000009:3,0.002,0.0025,0.002,0.002,1.76,2026-06-23T03:15:50,0.002,1.76
route_mutation,20260623T031550_346495,of:0000000000000001:1 -> of:000000000000000b:1,0.002,0.0025,0.002,0.001,1.5,2026-06-23T03:15:50,0.002,1.56
route_mutation,20260623T031550_346495,of:000000000000000b:2 -> of:000000000000000c:2,0.002,0.0025,0.002,0.002,1.8,2026-06-23T03:15:50,0.002,1.8
route_mutation,20260623T031550_346495,of:0000000000000001:2 -> of:000000000000000c:1,0.002,0.0025,0.002,0.001,1.5,2026-06-23T03:15:50,0.002,1.56
route_mutation,20260623T031550_346495,of:0000000000000006:2 -> of:000000000000000a:2,0.002,0.0025,0.002,0.002,1.83,2026-06-23T03:15:50,0.002,1.83
route_mutation,20260623T031550_346495,of:0000000000000001:3 -> of:000000000000000d:1,0.002,0.0025,0.002,0.002,2.5,2026-06-23T03:15:50,0.002,2.36
route_mutation,20260623T031550_346495,of:0000000000000003:1 -> of:000000000000000b:5,0.002,0.0025,0.002,0.002,1.56,2026-06-23T03:15:50,0.001,1.5
route_mutation,20260623T031550_346495,of:0000000000000006:1 -> of:000000000000000d:4,0.002,0.0025,0.002,0.002,1.8,2026-06-23T03:15:50,0.002,1.73
route_mutation,20260623T031550_346495,of:0000000000000007:2 -> of:000000000000000a:3,0.002,0.0025,0.002,0.002,1.83,2026-06-23T03:15:50,0.002,1.83
route_mutation,20260623T031550_346495,of:0000000000000007:1 -> of:000000000000000d:5,0.002,0.0025,0.002,0.002,2.46,2026-06-23T03:15:50,0.002,2.53
route_mutation,20260623T031550_346495,of:0000000000000002:2 -> of:0000000000000008:2,0.002,0.0025,0.002,0.002,1.83,2026-06-23T03:15:50,0.002,1.83
route_mutation,20260623T031550_346495,of:0000000000000003:2 -> of:0000000000000008:3,0.002,0.0025,0.002,0.002,1.83,2026-06-23T03:15:50,0.002,1.83
route_mutation,20260623T031550_346495,of:0000000000000008:1 -> of:000000000000000b:6,0.002,0.0025,0.002,0.002,1.6,2026-06-23T03:15:50,0.002,1.56
route_mutation,20260623T031550_346495,of:0000000000000004:2 -> of:0000000000000009:2,0.002,0.0025,0.002,0.002,1.76,2026-06-23T03:15:50,0.002,1.76
route_mutation,20260623T031550_346495,of:0000000000000002:1 -> of:000000000000000b:4,0.002,0.0025,0.002,0.002,1.56,2026-06-23T03:15:50,0.001,1.5
route_mutation,20260623T031550_346495,of:0000000000000009:1 -> of:000000000000000c:6,0.002,0.0025,0.002,0.002,1.56,2026-06-23T03:15:50,0.002,1.56
ip_shuffle,20260623T031620_679404,of:0000000000000004:1 -> of:000000000000000c:4,0.002,0.0025,0.002,0.002,1.56,2026-06-23T03:16:20,0.002,1.56
ip_shuffle,20260623T031620_679404,of:0000000000000005:1 -> of:000000000000000c:5,0.002,0.0025,0.002,0.002,1.53,2026-06-23T03:16:20,0.002,1.53
ip_shuffle,20260623T031620_679404,of:000000000000000a:1 -> of:000000000000000d:6,0.001,0.00125,0.001,0.001,1.46,2026-06-23T03:16:20,0.001,1.46
ip_shuffle,20260623T031620_679404,of:000000000000000b:3 -> of:000000000000000d:2,0.002,0.0025,0.002,0.002,1.66,2026-06-23T03:16:20,0.002,1.66
ip_shuffle,20260623T031620_679404,of:000000000000000c:3 -> of:000000000000000d:3,0.002,0.0025,0.002,0.002,1.73,2026-06-23T03:16:20,0.002,1.73
ip_shuffle,20260623T031620_679404,of:0000000000000005:2 -> of:0000000000000009:3,0.002,0.0025,0.002,0.002,1.66,2026-06-23T03:16:20,0.002,1.66
ip_shuffle,20260623T031620_679404,of:0000000000000001:1 -> of:000000000000000b:1,0.003,0.00375,0.003,0.003,3.36,2026-06-23T03:16:20,0.003,3.46
ip_shuffle,20260623T031620_679404,of:000000000000000b:2 -> of:000000000000000c:2,0.002,0.0025,0.002,0.002,1.66,2026-06-23T03:16:20,0.002,1.66
ip_shuffle,20260623T031620_679404,of:0000000000000001:2 -> of:000000000000000c:1,0.002,0.0025,0.002,0.002,1.56,2026-06-23T03:16:20,0.002,1.53
ip_shuffle,20260623T031620_679404,of:0000000000000006:2 -> of:000000000000000a:2,0.001,0.00125,0.001,0.001,1.6,2026-06-23T03:16:20,0.001,1.6
ip_shuffle,20260623T031620_679404,of:0000000000000001:3 -> of:000000000000000d:1,0.002,0.0025,0.002,0.002,1.53,2026-06-23T03:16:20,0.002,1.5
ip_shuffle,20260623T031620_679404,of:0000000000000003:1 -> of:000000000000000b:5,0.002,0.0025,0.002,0.002,2.43,2026-06-23T03:16:20,0.002,2.36
ip_shuffle,20260623T031620_679404,of:0000000000000006:1 -> of:000000000000000d:4,0.001,0.00125,0.001,0.001,1.46,2026-06-23T03:16:20,0.001,1.46
ip_shuffle,20260623T031620_679404,of:0000000000000007:2 -> of:000000000000000a:3,0.001,0.00125,0.001,0.001,1.6,2026-06-23T03:16:20,0.001,1.6
ip_shuffle,20260623T031620_679404,of:0000000000000007:1 -> of:000000000000000d:5,0.001,0.00125,0.001,0.001,1.46,2026-06-23T03:16:20,0.001,1.46
ip_shuffle,20260623T031620_679404,of:0000000000000002:2 -> of:0000000000000008:2,0.002,0.0025,0.002,0.002,1.66,2026-06-23T03:16:20,0.002,1.66
ip_shuffle,20260623T031620_679404,of:0000000000000003:2 -> of:0000000000000008:3,0.002,0.0025,0.002,0.002,1.66,2026-06-23T03:16:20,0.002,1.66
ip_shuffle,20260623T031620_679404,of:0000000000000008:1 -> of:000000000000000b:6,0.001,0.00125,0.001,0.001,1.4,2026-06-23T03:16:20,0.001,1.4
ip_shuffle,20260623T031620_679404,of:0000000000000004:2 -> of:0000000000000009:2,0.002,0.0025,0.002,0.002,1.66,2026-06-23T03:16:20,0.002,1.66
ip_shuffle,20260623T031620_679404,of:0000000000000002:1 -> of:000000000000000b:4,0.002,0.0025,0.002,0.002,2.5,2026-06-23T03:16:20,0.002,2.5
ip_shuffle,20260623T031620_679404,of:0000000000000009:1 -> of:000000000000000c:6,0.001,0.00125,0.001,0.001,1.46,2026-06-23T03:16:20,0.001,1.46
route_mutation,20260623T031732_972025,of:0000000000000004:1 -> of:000000000000000c:4,0.002,0.0025,0.002,0.002,2.0,2026-06-23T03:17:32,0.002,2.0
route_mutation,20260623T031732_972025,of:0000000000000005:1 -> of:000000000000000c:5,0.002,0.0025,0.002,0.002,2.0,2026-06-23T03:17:32,0.002,2.0
route_mutation,20260623T031732_972025,of:000000000000000a:1 -> of:000000000000000d:6,0.002,0.0025,0.002,0.002,2.1,2026-06-23T03:17:32,0.002,2.1
route_mutation,20260623T031732_972025,of:000000000000000b:3 -> of:000000000000000d:2,0.002,0.0025,0.002,0.002,2.86,2026-06-23T03:17:32,0.002,2.86
route_mutation,20260623T031732_972025,of:000000000000000c:3 -> of:000000000000000d:3,0.002,0.0025,0.002,0.002,2.83,2026-06-23T03:17:32,0.002,2.83
route_mutation,20260623T031732_972025,of:0000000000000005:2 -> of:0000000000000009:3,0.002,0.0025,0.002,0.002,2.76,2026-06-23T03:17:32,0.002,2.76
route_mutation,20260623T031732_972025,of:0000000000000001:1 -> of:000000000000000b:1,0.002,0.0025,0.002,0.002,2.03,2026-06-23T03:17:32,0.002,1.96
route_mutation,20260623T031732_972025,of:000000000000000b:2 -> of:000000000000000c:2,0.002,0.0025,0.002,0.002,2.83,2026-06-23T03:17:32,0.002,2.83
route_mutation,20260623T031732_972025,of:0000000000000001:2 -> of:000000000000000c:1,0.002,0.0025,0.002,0.002,2.0,2026-06-23T03:17:32,0.002,1.96
route_mutation,20260623T031732_972025,of:0000000000000006:2 -> of:000000000000000a:2,0.002,0.0025,0.002,0.002,2.83,2026-06-23T03:17:32,0.002,2.83
route_mutation,20260623T031732_972025,of:0000000000000001:3 -> of:000000000000000d:1,0.004,0.005,0.004,0.003,4.46,2026-06-23T03:17:32,0.004,4.53
route_mutation,20260623T031732_972025,of:0000000000000003:1 -> of:000000000000000b:5,0.002,0.0025,0.002,0.002,2.0,2026-06-23T03:17:32,0.002,2.03
route_mutation,20260623T031732_972025,of:0000000000000006:1 -> of:000000000000000d:4,0.002,0.0025,0.002,0.002,2.8,2026-06-23T03:17:32,0.002,2.86
route_mutation,20260623T031732_972025,of:0000000000000007:2 -> of:000000000000000a:3,0.002,0.0025,0.002,0.002,2.86,2026-06-23T03:17:32,0.002,2.86
route_mutation,20260623T031732_972025,of:0000000000000007:1 -> of:000000000000000d:5,0.003,0.00375,0.003,0.003,4.16,2026-06-23T03:17:32,0.003,4.1
route_mutation,20260623T031732_972025,of:0000000000000002:2 -> of:0000000000000008:2,0.002,0.0025,0.002,0.002,2.76,2026-06-23T03:17:32,0.002,2.76
route_mutation,20260623T031732_972025,of:0000000000000003:2 -> of:0000000000000008:3,0.002,0.0025,0.002,0.002,2.76,2026-06-23T03:17:32,0.002,2.76
route_mutation,20260623T031732_972025,of:0000000000000008:1 -> of:000000000000000b:6,0.002,0.0025,0.002,0.002,2.1,2026-06-23T03:17:32,0.002,2.1
route_mutation,20260623T031732_972025,of:0000000000000004:2 -> of:0000000000000009:2,0.002,0.0025,0.002,0.002,2.76,2026-06-23T03:17:32,0.002,2.76
route_mutation,20260623T031732_972025,of:0000000000000002:1 -> of:000000000000000b:4,0.002,0.0025,0.002,0.002,2.0,2026-06-23T03:17:32,0.002,2.03
route_mutation,20260623T031732_972025,of:0000000000000009:1 -> of:000000000000000c:6,0.002,0.0025,0.002,0.002,2.1,2026-06-23T03:17:32,0.002,2.06
route_mutation,20260623T031803_345381,of:0000000000000004:1 -> of:000000000000000c:4,0.002,0.0025,0.002,0.002,1.4,2026-06-23T03:18:03,0.001,1.36
route_mutation,20260623T031803_345381,of:0000000000000005:1 -> of:000000000000000c:5,0.002,0.0025,0.002,0.002,1.4,2026-06-23T03:18:03,0.001,1.36
route_mutation,20260623T031803_345381,of:000000000000000a:1 -> of:000000000000000d:6,0.001,0.00125,0.001,0.001,1.3,2026-06-23T03:18:03,0.001,1.26
route_mutation,20260623T031803_345381,of:000000000000000b:3 -> of:000000000000000d:2,0.001,0.00125,0.001,0.001,1.3,2026-06-23T03:18:03,0.001,1.3
route_mutation,20260623T031803_345381,of:000000000000000c:3 -> of:000000000000000d:3,0.001,0.00125,0.001,0.001,1.36,2026-06-23T03:18:03,0.001,1.36
route_mutation,20260623T031803_345381,of:0000000000000005:2 -> of:0000000000000009:3,0.001,0.00125,0.001,0.001,1.36,2026-06-23T03:18:03,0.001,1.36
route_mutation,20260623T031803_345381,of:0000000000000001:1 -> of:000000000000000b:1,0.001,0.00125,0.001,0.001,1.3,2026-06-23T03:18:03,0.001,1.36
route_mutation,20260623T031803_345381,of:000000000000000b:2 -> of:000000000000000c:2,0.001,0.00125,0.001,0.001,1.33,2026-06-23T03:18:03,0.001,1.33
route_mutation,20260623T031803_345381,of:0000000000000001:2 -> of:000000000000000c:1,0.002,0.0025,0.002,0.001,1.36,2026-06-23T03:18:03,0.002,1.43
route_mutation,20260623T031803_345381,of:0000000000000006:2 -> of:000000000000000a:2,0.001,0.00125,0.001,0.001,1.3,2026-06-23T03:18:03,0.001,1.3
route_mutation,20260623T031803_345381,of:0000000000000001:3 -> of:000000000000000d:1,0.002,0.0025,0.002,0.002,1.76,2026-06-23T03:18:03,0.002,1.63
route_mutation,20260623T031803_345381,of:0000000000000003:1 -> of:000000000000000b:5,0.001,0.00125,0.001,0.001,1.33,2026-06-23T03:18:03,0.001,1.3
route_mutation,20260623T031803_345381,of:0000000000000006:1 -> of:000000000000000d:4,0.001,0.00125,0.001,0.001,1.33,2026-06-23T03:18:03,0.001,1.26
route_mutation,20260623T031803_345381,of:0000000000000007:2 -> of:000000000000000a:3,0.001,0.00125,0.001,0.001,1.26,2026-06-23T03:18:03,0.001,1.26
route_mutation,20260623T031803_345381,of:0000000000000007:1 -> of:000000000000000d:5,0.002,0.0025,0.002,0.002,1.49,2026-06-23T03:18:03,0.002,1.53
route_mutation,20260623T031803_345381,of:0000000000000002:2 -> of:0000000000000008:2,0.001,0.00125,0.001,0.001,1.36,2026-06-23T03:18:03,0.001,1.36
route_mutation,20260623T031803_345381,of:0000000000000003:2 -> of:0000000000000008:3,0.001,0.00125,0.001,0.001,1.36,2026-06-23T03:18:03,0.001,1.36
route_mutation,20260623T031803_345381,of:0000000000000008:1 -> of:000000000000000b:6,0.001,0.00125,0.001,0.001,1.23,2026-06-23T03:18:03,0.001,1.23
route_mutation,20260623T031803_345381,of:0000000000000004:2 -> of:0000000000000009:2,0.001,0.00125,0.001,0.001,1.36,2026-06-23T03:18:03,0.001,1.36
route_mutation,20260623T031803_345381,of:0000000000000002:1 -> of:000000000000000b:4,0.001,0.00125,0.001,0.001,1.33,2026-06-23T03:18:03,0.001,1.3
route_mutation,20260623T031803_345381,of:0000000000000009:1 -> of:000000000000000c:6,0.001,0.00125,0.001,0.001,1.3,2026-06-23T03:18:03,0.001,1.3
route_mutation,20260623T031833_673049,of:0000000000000004:1 -> of:000000000000000c:4,0.002,0.0025,0.002,0.002,2.26,2026-06-23T03:18:33,0.002,2.26
route_mutation,20260623T031833_673049,of:0000000000000005:1 -> of:000000000000000c:5,0.002,0.0025,0.002,0.002,1.6,2026-06-23T03:18:33,0.002,1.6
route_mutation,20260623T031833_673049,of:000000000000000a:1 -> of:000000000000000d:6,0.002,0.0025,0.002,0.002,1.5,2026-06-23T03:18:33,0.002,1.5
route_mutation,20260623T031833_673049,of:000000000000000b:3 -> of:000000000000000d:2,0.002,0.0025,0.002,0.002,1.66,2026-06-23T03:18:33,0.002,1.66
route_mutation,20260623T031833_673049,of:000000000000000c:3 -> of:000000000000000d:3,0.001,0.00125,0.001,0.001,1.63,2026-06-23T03:18:33,0.001,1.63
route_mutation,20260623T031833_673049,of:0000000000000005:2 -> of:0000000000000009:3,0.002,0.0025,0.002,0.002,1.73,2026-06-23T03:18:33,0.002,1.73
route_mutation,20260623T031833_673049,of:0000000000000001:1 -> of:000000000000000b:1,0.003,0.00375,0.003,0.003,3.59,2026-06-23T03:18:33,0.003,3.59
route_mutation,20260623T031833_673049,of:000000000000000b:2 -> of:000000000000000c:2,0.002,0.0025,0.002,0.002,1.66,2026-06-23T03:18:33,0.002,1.66
route_mutation,20260623T031833_673049,of:0000000000000001:2 -> of:000000000000000c:1,0.002,0.0025,0.002,0.002,2.4,2026-06-23T03:18:33,0.002,2.4
route_mutation,20260623T031833_673049,of:0000000000000006:2 -> of:000000000000000a:2,0.002,0.0025,0.002,0.002,1.73,2026-06-23T03:18:33,0.002,1.73
route_mutation,20260623T031833_673049,of:0000000000000001:3 -> of:000000000000000d:1,0.001,0.00125,0.001,0.001,1.46,2026-06-23T03:18:33,0.001,1.46
route_mutation,20260623T031833_673049,of:0000000000000003:1 -> of:000000000000000b:5,0.002,0.0025,0.002,0.002,2.56,2026-06-23T03:18:33,0.002,2.56
route_mutation,20260623T031833_673049,of:0000000000000006:1 -> of:000000000000000d:4,0.001,0.00125,0.001,0.001,1.46,2026-06-23T03:18:33,0.001,1.46
route_mutation,20260623T031833_673049,of:0000000000000007:2 -> of:000000000000000a:3,0.002,0.0025,0.002,0.002,1.73,2026-06-23T03:18:33,0.002,1.73
route_mutation,20260623T031833_673049,of:0000000000000007:1 -> of:000000000000000d:5,0.001,0.00125,0.001,0.001,1.46,2026-06-23T03:18:33,0.001,1.46
route_mutation,20260623T031833_673049,of:0000000000000002:2 -> of:0000000000000008:2,0.002,0.0025,0.002,0.002,1.73,2026-06-23T03:18:33,0.002,1.73
route_mutation,20260623T031833_673049,of:0000000000000003:2 -> of:0000000000000008:3,0.002,0.0025,0.002,0.002,1.73,2026-06-23T03:18:33,0.002,1.73
route_mutation,20260623T031833_673049,of:0000000000000008:1 -> of:000000000000000b:6,0.002,0.0025,0.002,0.002,1.53,2026-06-23T03:18:33,0.002,1.53
route_mutation,20260623T031833_673049,of:0000000000000004:2 -> of:0000000000000009:2,0.002,0.0025,0.002,0.002,1.73,2026-06-23T03:18:33,0.002,1.73
route_mutation,20260623T031833_673049,of:0000000000000002:1 -> of:000000000000000b:4,0.002,0.0025,0.002,0.002,2.56,2026-06-23T03:18:33,0.002,2.56
route_mutation,20260623T031833_673049,of:0000000000000009:1 -> of:000000000000000c:6,0.001,0.00125,0.001,0.001,1.46,2026-06-23T03:18:33,0.001,1.46
ip_shuffle,20260623T031903_938761,of:0000000000000004:1 -> of:000000000000000c:4,0.002,0.0025,0.002,0.002,1.96,2026-06-23T03:19:03,0.002,1.96
ip_shuffle,20260623T031903_938761,of:0000000000000005:1 -> of:000000000000000c:5,0.002,0.0025,0.002,0.002,2.63,2026-06-23T03:19:03,0.002,2.63
ip_shuffle,20260623T031903_938761,of:000000000000000a:1 -> of:000000000000000d:6,0.002,0.0025,0.002,0.002,2.03,2026-06-23T03:19:03,0.002,2.06
ip_shuffle,20260623T031903_938761,of:000000000000000b:3 -> of:000000000000000d:2,0.002,0.0025,0.002,0.002,2.76,2026-06-23T03:19:03,0.002,2.76
ip_shuffle,20260623T031903_938761,of:000000000000000c:3 -> of:000000000000000d:3,0.002,0.0025,0.002,0.002,2.76,2026-06-23T03:19:03,0.002,2.76
ip_shuffle,20260623T031903_938761,of:0000000000000005:2 -> of:0000000000000009:3,0.002,0.0025,0.002,0.002,2.66,2026-06-23T03:19:03,0.002,2.66
ip_shuffle,20260623T031903_938761,of:0000000000000001:1 -> of:000000000000000b:1,0.002,0.0025,0.002,0.002,1.96,2026-06-23T03:19:03,0.002,1.93
ip_shuffle,20260623T031903_938761,of:000000000000000b:2 -> of:000000000000000c:2,0.002,0.0025,0.002,0.002,2.73,2026-06-23T03:19:03,0.002,2.73
ip_shuffle,20260623T031903_938761,of:0000000000000001:2 -> of:000000000000000c:1,0.002,0.0025,0.002,0.002,2.63,2026-06-23T03:19:03,0.002,2.6
ip_shuffle,20260623T031903_938761,of:0000000000000006:2 -> of:000000000000000a:2,0.002,0.0025,0.002,0.002,2.73,2026-06-23T03:19:03,0.002,2.73
ip_shuffle,20260623T031903_938761,of:0000000000000001:3 -> of:000000000000000d:1,0.003,0.00375,0.003,0.003,3.76,2026-06-23T03:19:03,0.003,3.89
ip_shuffle,20260623T031903_938761,of:0000000000000003:1 -> of:000000000000000b:5,0.002,0.0025,0.002,0.002,1.96,2026-06-23T03:19:03,0.002,1.96
ip_shuffle,20260623T031903_938761,of:0000000000000006:1 -> of:000000000000000d:4,0.003,0.00375,0.003,0.003,3.3,2026-06-23T03:19:03,0.003,3.33
ip_shuffle,20260623T031903_938761,of:0000000000000007:2 -> of:000000000000000a:3,0.002,0.0025,0.002,0.002,2.73,2026-06-23T03:19:03,0.002,2.73
ip_shuffle,20260623T031903_938761,of:0000000000000007:1 -> of:000000000000000d:5,0.002,0.0025,0.002,0.002,2.8,2026-06-23T03:19:03,0.002,2.8
ip_shuffle,20260623T031903_938761,of:0000000000000002:2 -> of:0000000000000008:2,0.002,0.0025,0.002,0.002,2.66,2026-06-23T03:19:03,0.002,2.66
ip_shuffle,20260623T031903_938761,of:0000000000000003:2 -> of:0000000000000008:3,0.002,0.0025,0.002,0.002,2.66,2026-06-23T03:19:03,0.002,2.66
ip_shuffle,20260623T031903_938761,of:0000000000000008:1 -> of:000000000000000b:6,0.002,0.0025,0.002,0.002,2.03,2026-06-23T03:19:03,0.002,2.03
ip_shuffle,20260623T031903_938761,of:0000000000000004:2 -> of:0000000000000009:2,0.002,0.0025,0.002,0.002,2.66,2026-06-23T03:19:03,0.002,2.66
ip_shuffle,20260623T031903_938761,of:0000000000000002:1 -> of:000000000000000b:4,0.002,0.0025,0.002,0.002,1.96,2026-06-23T03:19:03,0.002,1.96
ip_shuffle,20260623T031903_938761,of:0000000000000009:1 -> of:000000000000000c:6,0.002,0.0025,0.002,0.002,2.03,2026-06-23T03:19:03,0.002,2.03
ip_shuffle,20260623T032008_131558,of:0000000000000004:1 -> of:000000000000000c:4,0.002,0.0025,0.002,0.002,2.36,2026-06-23T03:20:08,0.002,2.4
ip_shuffle,20260623T032008_131558,of:0000000000000005:1 -> of:000000000000000c:5,0.002,0.0025,0.002,0.002,2.66,2026-06-23T03:20:08,0.002,2.7
ip_shuffle,20260623T032008_131558,of:000000000000000a:1 -> of:000000000000000d:6,0.002,0.0025,0.002,0.002,1.9,2026-06-23T03:20:08,0.002,1.9
ip_shuffle,20260623T032008_131558,of:000000000000000b:3 -> of:000000000000000d:2,0.002,0.0025,0.002,0.002,2.46,2026-06-23T03:20:08,0.002,2.46
ip_shuffle,20260623T032008_131558,of:000000000000000c:3 -> of:000000000000000d:3,0.002,0.0025,0.002,0.002,2.46,2026-06-23T03:20:08,0.002,2.46
ip_shuffle,20260623T032008_131558,of:0000000000000005:2 -> of:0000000000000009:3,0.002,0.0025,0.002,0.002,2.43,2026-06-23T03:20:08,0.002,2.43
ip_shuffle,20260623T032008_131558,of:0000000000000001:1 -> of:000000000000000b:1,0.002,0.0025,0.002,0.002,1.86,2026-06-23T03:20:08,0.002,1.8
ip_shuffle,20260623T032008_131558,of:000000000000000b:2 -> of:000000000000000c:2,0.002,0.0025,0.002,0.002,2.46,2026-06-23T03:20:08,0.002,2.46
ip_shuffle,20260623T032008_131558,of:0000000000000001:2 -> of:000000000000000c:1,0.003,0.00375,0.003,0.003,3.1,2026-06-23T03:20:08,0.003,3.06
ip_shuffle,20260623T032008_131558,of:0000000000000006:2 -> of:000000000000000a:2,0.002,0.0025,0.002,0.002,2.43,2026-06-23T03:20:08,0.002,2.43
ip_shuffle,20260623T032008_131558,of:0000000000000001:3 -> of:000000000000000d:1,0.003,0.00375,0.003,0.003,3.1,2026-06-23T03:20:08,0.003,3.2
ip_shuffle,20260623T032008_131558,of:0000000000000003:1 -> of:000000000000000b:5,0.002,0.0025,0.002,0.002,1.8,2026-06-23T03:20:08,0.002,1.86
ip_shuffle,20260623T032008_131558,of:0000000000000006:1 -> of:000000000000000d:4,0.003,0.00375,0.003,0.003,3.06,2026-06-23T03:20:08,0.003,3.1
ip_shuffle,20260623T032008_131558,of:0000000000000007:2 -> of:000000000000000a:3,0.002,0.0025,0.002,0.002,2.43,2026-06-23T03:20:08,0.002,2.43
ip_shuffle,20260623T032008_131558,of:0000000000000007:1 -> of:000000000000000d:5,0.002,0.0025,0.002,0.002,2.13,2026-06-23T03:20:08,0.002,2.1
ip_shuffle,20260623T032008_131558,of:0000000000000002:2 -> of:0000000000000008:2,0.002,0.0025,0.002,0.002,2.3,2026-06-23T03:20:08,0.002,2.3
ip_shuffle,20260623T032008_131558,of:0000000000000003:2 -> of:0000000000000008:3,0.002,0.0025,0.002,0.002,2.3,2026-06-23T03:20:08,0.002,2.3
ip_shuffle,20260623T032008_131558,of:0000000000000008:1 -> of:000000000000000b:6,0.002,0.0025,0.002,0.002,1.86,2026-06-23T03:20:08,0.002,1.9
ip_shuffle,20260623T032008_131558,of:0000000000000004:2 -> of:0000000000000009:2,0.002,0.0025,0.002,0.002,2.43,2026-06-23T03:20:08,0.002,2.43
ip_shuffle,20260623T032008_131558,of:0000000000000002:1 -> of:000000000000000b:4,0.002,0.0025,0.002,0.002,1.76,2026-06-23T03:20:08,0.002,1.83
ip_shuffle,20260623T032008_131558,of:0000000000000009:1 -> of:000000000000000c:6,0.002,0.0025,0.002,0.002,1.9,2026-06-23T03:20:08,0.002,1.9
route_mutation,20260623T032112_275455,of:0000000000000004:1 -> of:000000000000000c:4,0.001,0.00125,0.001,0.001,1.37,2026-06-23T03:21:12,0.001,1.37
route_mutation,20260623T032112_275455,of:0000000000000005:1 -> of:000000000000000c:5,0.001,0.00125,0.001,0.001,1.37,2026-06-23T03:21:12,0.001,1.37
route_mutation,20260623T032112_275455,of:000000000000000a:1 -> of:000000000000000d:6,0.001,0.00125,0.001,0.001,1.3,2026-06-23T03:21:12,0.001,1.3
route_mutation,20260623T032112_275455,of:000000000000000b:3 -> of:000000000000000d:2,0.001,0.00125,0.001,0.001,1.4,2026-06-23T03:21:12,0.001,1.4
route_mutation,20260623T032112_275455,of:000000000000000c:3 -> of:000000000000000d:3,0.001,0.00125,0.001,0.001,1.4,2026-06-23T03:21:12,0.001,1.4
route_mutation,20260623T032112_275455,of:0000000000000005:2 -> of:0000000000000009:3,0.002,0.0025,0.002,0.002,1.53,2026-06-23T03:21:12,0.002,1.53
route_mutation,20260623T032112_275455,of:0000000000000001:1 -> of:000000000000000b:1,0.003,0.00375,0.003,0.003,2.93,2026-06-23T03:21:12,0.003,2.93
route_mutation,20260623T032112_275455,of:000000000000000b:2 -> of:000000000000000c:2,0.001,0.00125,0.001,0.001,1.4,2026-06-23T03:21:12,0.001,1.4
route_mutation,20260623T032112_275455,of:0000000000000001:2 -> of:000000000000000c:1,0.001,0.00125,0.001,0.001,1.37,2026-06-23T03:21:12,0.001,1.37
route_mutation,20260623T032112_275455,of:0000000000000006:2 -> of:000000000000000a:2,0.001,0.00125,0.001,0.001,1.46,2026-06-23T03:21:12,0.001,1.46
route_mutation,20260623T032112_275455,of:0000000000000001:3 -> of:000000000000000d:1,0.001,0.00125,0.001,0.001,1.37,2026-06-23T03:21:12,0.001,1.37
route_mutation,20260623T032112_275455,of:0000000000000003:1 -> of:000000000000000b:5,0.002,0.0025,0.002,0.002,1.9,2026-06-23T03:21:12,0.002,1.9
route_mutation,20260623T032112_275455,of:0000000000000006:1 -> of:000000000000000d:4,0.001,0.00125,0.001,0.001,1.37,2026-06-23T03:21:12,0.001,1.37
route_mutation,20260623T032112_275455,of:0000000000000007:2 -> of:000000000000000a:3,0.001,0.00125,0.001,0.001,1.46,2026-06-23T03:21:12,0.001,1.46
route_mutation,20260623T032112_275455,of:0000000000000007:1 -> of:000000000000000d:5,0.001,0.00125,0.001,0.001,1.37,2026-06-23T03:21:12,0.001,1.37
route_mutation,20260623T032112_275455,of:0000000000000002:2 -> of:0000000000000008:2,0.002,0.0025,0.002,0.002,1.53,2026-06-23T03:21:12,0.002,1.53
route_mutation,20260623T032112_275455,of:0000000000000003:2 -> of:0000000000000008:3,0.002,0.0025,0.002,0.002,1.53,2026-06-23T03:21:12,0.002,1.53
route_mutation,20260623T032112_275455,of:0000000000000008:1 -> of:000000000000000b:6,0.001,0.00125,0.001,0.001,1.37,2026-06-23T03:21:12,0.001,1.37
route_mutation,20260623T032112_275455,of:0000000000000004:2 -> of:0000000000000009:2,0.002,0.0025,0.002,0.002,1.53,2026-06-23T03:21:12,0.002,1.53
route_mutation,20260623T032112_275455,of:0000000000000002:1 -> of:000000000000000b:4,0.002,0.0025,0.002,0.002,2.4,2026-06-23T03:21:12,0.002,2.4
route_mutation,20260623T032112_275455,of:0000000000000009:1 -> of:000000000000000c:6,0.001,0.00125,0.001,0.001,1.37,2026-06-23T03:21:12,0.001,1.37
route_mutation,20260623T032142_634914,of:0000000000000004:1 -> of:000000000000000c:4,0.002,0.0025,0.002,0.002,2.53,2026-06-23T03:21:42,0.002,2.56
route_mutation,20260623T032142_634914,of:0000000000000005:1 -> of:000000000000000c:5,0.002,0.0025,0.002,0.002,2.53,2026-06-23T03:21:42,0.002,2.56
route_mutation,20260623T032142_634914,of:000000000000000a:1 -> of:000000000000000d:6,0.002,0.0025,0.002,0.002,1.76,2026-06-23T03:21:42,0.002,1.76
route_mutation,20260623T032142_634914,of:000000000000000b:3 -> of:000000000000000d:2,0.002,0.0025,0.002,0.002,2.2,2026-06-23T03:21:42,0.002,2.2
route_mutation,20260623T032142_634914,of:000000000000000c:3 -> of:000000000000000d:3,0.002,0.0025,0.002,0.002,2.2,2026-06-23T03:21:42,0.002,2.2
route_mutation,20260623T032142_634914,of:0000000000000005:2 -> of:0000000000000009:3,0.002,0.0025,0.002,0.002,2.13,2026-06-23T03:21:42,0.002,2.13
route_mutation,20260623T032142_634914,of:0000000000000001:1 -> of:000000000000000b:1,0.002,0.0025,0.002,0.002,2.2,2026-06-23T03:21:42,0.002,2.13
route_mutation,20260623T032142_634914,of:000000000000000b:2 -> of:000000000000000c:2,0.002,0.0025,0.002,0.002,2.2,2026-06-23T03:21:42,0.002,2.2
route_mutation,20260623T032142_634914,of:0000000000000001:2 -> of:000000000000000c:1,0.003,0.00375,0.003,0.003,3.29,2026-06-23T03:21:42,0.003,3.23
route_mutation,20260623T032142_634914,of:0000000000000006:2 -> of:000000000000000a:2,0.002,0.0025,0.002,0.002,2.16,2026-06-23T03:21:42,0.002,2.16
route_mutation,20260623T032142_634914,of:0000000000000001:3 -> of:000000000000000d:1,0.002,0.0025,0.002,0.002,2.46,2026-06-23T03:21:42,0.002,2.56
route_mutation,20260623T032142_634914,of:0000000000000003:1 -> of:000000000000000b:5,0.002,0.0025,0.002,0.002,2.13,2026-06-23T03:21:42,0.002,2.2
route_mutation,20260623T032142_634914,of:0000000000000006:1 -> of:000000000000000d:4,0.002,0.0025,0.002,0.002,2.66,2026-06-23T03:21:42,0.002,2.6
route_mutation,20260623T032142_634914,of:0000000000000007:2 -> of:000000000000000a:3,0.002,0.0025,0.002,0.002,2.16,2026-06-23T03:21:42,0.002,2.16
route_mutation,20260623T032142_634914,of:0000000000000007:1 -> of:000000000000000d:5,0.002,0.0025,0.002,0.002,1.73,2026-06-23T03:21:42,0.002,1.76
route_mutation,20260623T032142_634914,of:0000000000000002:2 -> of:0000000000000008:2,0.002,0.0025,0.002,0.002,2.03,2026-06-23T03:21:42,0.002,2.03
route_mutation,20260623T032142_634914,of:0000000000000003:2 -> of:0000000000000008:3,0.002,0.0025,0.002,0.002,2.03,2026-06-23T03:21:42,0.002,2.03
route_mutation,20260623T032142_634914,of:0000000000000008:1 -> of:000000000000000b:6,0.002,0.0025,0.002,0.002,1.73,2026-06-23T03:21:42,0.002,1.76
route_mutation,20260623T032142_634914,of:0000000000000004:2 -> of:0000000000000009:2,0.002,0.0025,0.002,0.002,2.13,2026-06-23T03:21:42,0.002,2.13
route_mutation,20260623T032142_634914,of:0000000000000002:1 -> of:000000000000000b:4,0.002,0.0025,0.002,0.002,1.63,2026-06-23T03:21:42,0.002,1.7
route_mutation,20260623T032142_634914,of:0000000000000009:1 -> of:000000000000000c:6,0.002,0.0025,0.002,0.002,1.73,2026-06-23T03:21:42,0.002,1.76
route_mutation,20260623T032212_808964,of:0000000000000004:1 -> of:000000000000000c:4,0.002,0.0025,0.002,0.002,1.96,2026-06-23T03:22:12,0.002,1.93
route_mutation,20260623T032212_808964,of:0000000000000005:1 -> of:000000000000000c:5,0.002,0.0025,0.002,0.002,1.96,2026-06-23T03:22:12,0.002,1.93
route_mutation,20260623T032212_808964,of:000000000000000a:1 -> of:000000000000000d:6,0.002,0.0025,0.002,0.002,2.0,2026-06-23T03:22:12,0.002,2.0
route_mutation,20260623T032212_808964,of:000000000000000b:3 -> of:000000000000000d:2,0.002,0.0025,0.002,0.002,2.66,2026-06-23T03:22:12,0.002,2.66
route_mutation,20260623T032212_808964,of:000000000000000c:3 -> of:000000000000000d:3,0.002,0.0025,0.002,0.002,2.66,2026-06-23T03:22:12,0.002,2.66
route_mutation,20260623T032212_808964,of:0000000000000005:2 -> of:0000000000000009:3,0.002,0.0025,0.002,0.002,2.66,2026-06-23T03:22:12,0.002,2.66
route_mutation,20260623T032212_808964,of:0000000000000001:1 -> of:000000000000000b:1,0.002,0.0025,0.002,0.002,2.0,2026-06-23T03:22:12,0.002,2.06
route_mutation,20260623T032212_808964,of:000000000000000b:2 -> of:000000000000000c:2,0.002,0.0025,0.002,0.002,2.66,2026-06-23T03:22:12,0.002,2.66
route_mutation,20260623T032212_808964,of:0000000000000001:2 -> of:000000000000000c:1,0.002,0.0025,0.002,0.002,2.0,2026-06-23T03:22:12,0.002,2.06
route_mutation,20260623T032212_808964,of:0000000000000006:2 -> of:000000000000000a:2,0.002,0.0025,0.002,0.002,2.63,2026-06-23T03:22:12,0.002,2.63
route_mutation,20260623T032212_808964,of:0000000000000001:3 -> of:000000000000000d:1,0.003,0.00375,0.003,0.003,3.83,2026-06-23T03:22:12,0.003,3.73
route_mutation,20260623T032212_808964,of:0000000000000003:1 -> of:000000000000000b:5,0.002,0.0025,0.002,0.002,2.06,2026-06-23T03:22:12,0.002,2.0
route_mutation,20260623T032212_808964,of:0000000000000006:1 -> of:000000000000000d:4,0.002,0.0025,0.002,0.002,2.23,2026-06-23T03:22:12,0.002,2.3
route_mutation,20260623T032212_808964,of:0000000000000007:2 -> of:000000000000000a:3,0.002,0.0025,0.002,0.002,2.63,2026-06-23T03:22:12,0.002,2.63
route_mutation,20260623T032212_808964,of:0000000000000007:1 -> of:000000000000000d:5,0.003,0.00375,0.003,0.003,3.36,2026-06-23T03:22:12,0.003,3.33
route_mutation,20260623T032212_808964,of:0000000000000002:2 -> of:0000000000000008:2,0.002,0.0025,0.002,0.002,2.7,2026-06-23T03:22:12,0.002,2.7
route_mutation,20260623T032212_808964,of:0000000000000003:2 -> of:0000000000000008:3,0.002,0.0025,0.002,0.002,2.7,2026-06-23T03:22:12,0.002,2.7
route_mutation,20260623T032212_808964,of:0000000000000008:1 -> of:000000000000000b:6,0.002,0.0025,0.002,0.002,1.96,2026-06-23T03:22:12,0.002,1.93
route_mutation,20260623T032212_808964,of:0000000000000004:2 -> of:0000000000000009:2,0.002,0.0025,0.002,0.002,2.66,2026-06-23T03:22:12,0.002,2.66
route_mutation,20260623T032212_808964,of:0000000000000002:1 -> of:000000000000000b:4,0.002,0.0025,0.002,0.002,2.06,2026-06-23T03:22:12,0.002,2.0
route_mutation,20260623T032212_808964,of:0000000000000009:1 -> of:000000000000000c:6,0.002,0.0025,0.002,0.002,2.03,2026-06-23T03:22:12,0.002,2.0
ip_shuffle,20260623T032243_135490,of:0000000000000004:1 -> of:000000000000000c:4,0.001,0.00125,0.001,0.001,1.4,2026-06-23T03:22:43,0.001,1.4
ip_shuffle,20260623T032243_135490,of:0000000000000005:1 -> of:000000000000000c:5,0.001,0.00125,0.001,0.001,1.37,2026-06-23T03:22:43,0.001,1.37
ip_shuffle,20260623T032243_135490,of:000000000000000a:1 -> of:000000000000000d:6,0.001,0.00125,0.001,0.001,1.33,2026-06-23T03:22:43,0.001,1.33
ip_shuffle,20260623T032243_135490,of:000000000000000b:3 -> of:000000000000000d:2,0.001,0.00125,0.001,0.001,1.4,2026-06-23T03:22:43,0.001,1.4
ip_shuffle,20260623T032243_135490,of:000000000000000c:3 -> of:000000000000000d:3,0.001,0.00125,0.001,0.001,1.4,2026-06-23T03:22:43,0.001,1.4
ip_shuffle,20260623T032243_135490,of:0000000000000005:2 -> of:0000000000000009:3,0.001,0.00125,0.001,0.001,1.47,2026-06-23T03:22:43,0.001,1.47
ip_shuffle,20260623T032243_135490,of:0000000000000001:1 -> of:000000000000000b:1,0.002,0.0025,0.002,0.002,2.03,2026-06-23T03:22:43,0.002,2.03
ip_shuffle,20260623T032243_135490,of:000000000000000b:2 -> of:000000000000000c:2,0.001,0.00125,0.001,0.001,1.4,2026-06-23T03:22:43,0.001,1.4
ip_shuffle,20260623T032243_135490,of:0000000000000001:2 -> of:000000000000000c:1,0.001,0.00125,0.001,0.001,1.37,2026-06-23T03:22:43,0.001,1.37
ip_shuffle,20260623T032243_135490,of:0000000000000006:2 -> of:000000000000000a:2,0.001,0.00125,0.001,0.001,1.47,2026-06-23T03:22:43,0.001,1.47
ip_shuffle,20260623T032243_135490,of:0000000000000001:3 -> of:000000000000000d:1,0.001,0.00125,0.001,0.001,1.37,2026-06-23T03:22:43,0.001,1.37
ip_shuffle,20260623T032243_135490,of:0000000000000003:1 -> of:000000000000000b:5,0.001,0.00125,0.001,0.001,1.37,2026-06-23T03:22:43,0.001,1.37
ip_shuffle,20260623T032243_135490,of:0000000000000006:1 -> of:000000000000000d:4,0.001,0.00125,0.001,0.001,1.37,2026-06-23T03:22:43,0.001,1.37
ip_shuffle,20260623T032243_135490,of:0000000000000007:2 -> of:000000000000000a:3,0.001,0.00125,0.001,0.001,1.5,2026-06-23T03:22:43,0.001,1.5
ip_shuffle,20260623T032243_135490,of:0000000000000007:1 -> of:000000000000000d:5,0.001,0.00125,0.001,0.001,1.37,2026-06-23T03:22:43,0.001,1.37
ip_shuffle,20260623T032243_135490,of:0000000000000002:2 -> of:0000000000000008:2,0.002,0.0025,0.002,0.002,1.53,2026-06-23T03:22:43,0.002,1.53
ip_shuffle,20260623T032243_135490,of:0000000000000003:2 -> of:0000000000000008:3,0.002,0.0025,0.002,0.002,1.53,2026-06-23T03:22:43,0.002,1.53
ip_shuffle,20260623T032243_135490,of:0000000000000008:1 -> of:000000000000000b:6,0.001,0.00125,0.001,0.001,1.4,2026-06-23T03:22:43,0.001,1.4
ip_shuffle,20260623T032243_135490,of:0000000000000004:2 -> of:0000000000000009:2,0.001,0.00125,0.001,0.001,1.47,2026-06-23T03:22:43,0.001,1.47
ip_shuffle,20260623T032243_135490,of:0000000000000002:1 -> of:000000000000000b:4,0.002,0.0025,0.002,0.002,2.03,2026-06-23T03:22:43,0.002,2.03
ip_shuffle,20260623T032243_135490,of:0000000000000009:1 -> of:000000000000000c:6,0.001,0.00125,0.001,0.001,1.3,2026-06-23T03:22:43,0.001,1.3
ip_shuffle,20260623T032341_044376,of:0000000000000004:1 -> of:000000000000000c:4,0.002,0.0025,0.002,0.002,2.16,2026-06-23T03:23:41,0.002,2.13
ip_shuffle,20260623T032341_044376,of:0000000000000005:1 -> of:000000000000000c:5,0.002,0.0025,0.002,0.002,2.16,2026-06-23T03:23:41,0.002,2.13
ip_shuffle,20260623T032341_044376,of:000000000000000a:1 -> of:000000000000000d:6,0.002,0.0025,0.002,0.002,2.23,2026-06-23T03:23:41,0.002,2.2
ip_shuffle,20260623T032341_044376,of:000000000000000b:3 -> of:000000000000000d:2,0.002,0.0025,0.002,0.002,3.06,2026-06-23T03:23:41,0.002,3.06
ip_shuffle,20260623T032341_044376,of:000000000000000c:3 -> of:000000000000000d:3,0.002,0.0025,0.002,0.002,3.06,2026-06-23T03:23:41,0.002,3.06
ip_shuffle,20260623T032341_044376,of:0000000000000005:2 -> of:0000000000000009:3,0.002,0.0025,0.002,0.002,3.06,2026-06-23T03:23:41,0.002,3.06
ip_shuffle,20260623T032341_044376,of:0000000000000001:1 -> of:000000000000000b:1,0.002,0.0025,0.002,0.002,2.2,2026-06-23T03:23:41,0.002,2.23
ip_shuffle,20260623T032341_044376,of:000000000000000b:2 -> of:000000000000000c:2,0.002,0.0025,0.002,0.002,3.06,2026-06-23T03:23:41,0.002,3.06
ip_shuffle,20260623T032341_044376,of:0000000000000001:2 -> of:000000000000000c:1,0.002,0.0025,0.002,0.002,2.2,2026-06-23T03:23:41,0.002,2.23
ip_shuffle,20260623T032341_044376,of:0000000000000006:2 -> of:000000000000000a:2,0.002,0.0025,0.002,0.002,3.06,2026-06-23T03:23:41,0.002,3.06
ip_shuffle,20260623T032341_044376,of:0000000000000001:3 -> of:000000000000000d:1,0.003,0.00375,0.003,0.003,4.39,2026-06-23T03:23:41,0.003,4.39
ip_shuffle,20260623T032341_044376,of:0000000000000003:1 -> of:000000000000000b:5,0.002,0.0025,0.002,0.002,2.23,2026-06-23T03:23:41,0.002,2.2
ip_shuffle,20260623T032341_044376,of:0000000000000006:1 -> of:000000000000000d:4,0.002,0.0025,0.002,0.002,3.03,2026-06-23T03:23:41,0.002,3.1
ip_shuffle,20260623T032341_044376,of:0000000000000007:2 -> of:000000000000000a:3,0.002,0.0025,0.002,0.002,3.06,2026-06-23T03:23:41,0.002,3.06
ip_shuffle,20260623T032341_044376,of:0000000000000007:1 -> of:000000000000000d:5,0.003,0.00375,0.003,0.003,3.46,2026-06-23T03:23:41,0.003,3.36
ip_shuffle,20260623T032341_044376,of:0000000000000002:2 -> of:0000000000000008:2,0.002,0.0025,0.002,0.002,3.06,2026-06-23T03:23:41,0.002,3.06
ip_shuffle,20260623T032341_044376,of:0000000000000003:2 -> of:0000000000000008:3,0.002,0.0025,0.002,0.002,3.06,2026-06-23T03:23:41,0.002,3.06
ip_shuffle,20260623T032341_044376,of:0000000000000008:1 -> of:000000000000000b:6,0.002,0.0025,0.002,0.002,2.16,2026-06-23T03:23:41,0.002,2.13
ip_shuffle,20260623T032341_044376,of:0000000000000004:2 -> of:0000000000000009:2,0.002,0.0025,0.002,0.002,3.06,2026-06-23T03:23:41,0.002,3.06
ip_shuffle,20260623T032341_044376,of:0000000000000002:1 -> of:000000000000000b:4,0.002,0.0025,0.002,0.002,2.23,2026-06-23T03:23:41,0.002,2.2
ip_shuffle,20260623T032341_044376,of:0000000000000009:1 -> of:000000000000000c:6,0.002,0.0025,0.002,0.002,2.23,2026-06-23T03:23:41,0.002,2.2
ip_shuffle,20260623T032445_312172,of:0000000000000004:1 -> of:000000000000000c:4,0.002,0.0025,0.002,0.002,2.33,2026-06-23T03:24:45,0.002,2.29
ip_shuffle,20260623T032445_312172,of:0000000000000005:1 -> of:000000000000000c:5,0.002,0.0025,0.002,0.002,1.93,2026-06-23T03:24:45,0.002,1.89
ip_shuffle,20260623T032445_312172,of:000000000000000a:1 -> of:000000000000000d:6,0.002,0.0025,0.002,0.002,1.5,2026-06-23T03:24:45,0.002,1.5
ip_shuffle,20260623T032445_312172,of:000000000000000b:3 -> of:000000000000000d:2,0.002,0.0025,0.002,0.002,1.66,2026-06-23T03:24:45,0.002,1.66
ip_shuffle,20260623T032445_312172,of:000000000000000c:3 -> of:000000000000000d:3,0.002,0.0025,0.002,0.002,1.66,2026-06-23T03:24:45,0.002,1.66
ip_shuffle,20260623T032445_312172,of:0000000000000005:2 -> of:0000000000000009:3,0.002,0.0025,0.002,0.002,1.73,2026-06-23T03:24:45,0.002,1.73
ip_shuffle,20260623T032445_312172,of:0000000000000001:1 -> of:000000000000000b:1,0.003,0.00375,0.003,0.003,3.49,2026-06-23T03:24:45,0.003,3.49
ip_shuffle,20260623T032445_312172,of:000000000000000b:2 -> of:000000000000000c:2,0.002,0.0025,0.002,0.002,1.66,2026-06-23T03:24:45,0.002,1.66
ip_shuffle,20260623T032445_312172,of:0000000000000001:2 -> of:000000000000000c:1,0.002,0.0025,0.002,0.002,2.56,2026-06-23T03:24:45,0.002,2.63
ip_shuffle,20260623T032445_312172,of:0000000000000006:2 -> of:000000000000000a:2,0.002,0.0025,0.002,0.002,1.73,2026-06-23T03:24:45,0.002,1.73
ip_shuffle,20260623T032445_312172,of:0000000000000001:3 -> of:000000000000000d:1,0.001,0.00125,0.001,0.001,1.43,2026-06-23T03:24:45,0.001,1.46
ip_shuffle,20260623T032445_312172,of:0000000000000003:1 -> of:000000000000000b:5,0.002,0.0025,0.002,0.002,2.49,2026-06-23T03:24:45,0.002,2.46
ip_shuffle,20260623T032445_312172,of:0000000000000006:1 -> of:000000000000000d:4,0.002,0.0025,0.002,0.002,1.53,2026-06-23T03:24:45,0.002,1.5
ip_shuffle,20260623T032445_312172,of:0000000000000007:2 -> of:000000000000000a:3,0.002,0.0025,0.002,0.002,1.73,2026-06-23T03:24:45,0.002,1.73
ip_shuffle,20260623T032445_312172,of:0000000000000007:1 -> of:000000000000000d:5,0.002,0.0025,0.002,0.002,1.53,2026-06-23T03:24:45,0.002,1.5
ip_shuffle,20260623T032445_312172,of:0000000000000002:2 -> of:0000000000000008:2,0.002,0.0025,0.002,0.002,1.66,2026-06-23T03:24:45,0.002,1.66
ip_shuffle,20260623T032445_312172,of:0000000000000003:2 -> of:0000000000000008:3,0.002,0.0025,0.002,0.002,1.66,2026-06-23T03:24:45,0.002,1.66
ip_shuffle,20260623T032445_312172,of:0000000000000008:1 -> of:000000000000000b:6,0.002,0.0025,0.002,0.002,1.53,2026-06-23T03:24:45,0.002,1.5
ip_shuffle,20260623T032445_312172,of:0000000000000004:2 -> of:0000000000000009:2,0.002,0.0025,0.002,0.002,1.73,2026-06-23T03:24:45,0.002,1.73
ip_shuffle,20260623T032445_312172,of:0000000000000002:1 -> of:000000000000000b:4,0.002,0.0025,0.002,0.002,2.46,2026-06-23T03:24:45,0.002,2.46
ip_shuffle,20260623T032445_312172,of:0000000000000009:1 -> of:000000000000000c:6,0.002,0.0025,0.002,0.002,1.53,2026-06-23T03:24:45,0.002,1.5
route_mutation,20260623T032556_113242,of:0000000000000004:1 -> of:000000000000000c:4,0.001,0.00125,0.001,0.001,1.5,2026-06-23T03:25:56,0.001,1.46
route_mutation,20260623T032556_113242,of:0000000000000005:1 -> of:000000000000000c:5,0.001,0.00125,0.001,0.001,1.5,2026-06-23T03:25:56,0.001,1.46
route_mutation,20260623T032556_113242,of:000000000000000a:1 -> of:000000000000000d:6,0.001,0.00125,0.001,0.001,1.46,2026-06-23T03:25:56,0.001,1.46
route_mutation,20260623T032556_113242,of:000000000000000b:3 -> of:000000000000000d:2,0.002,0.0025,0.002,0.002,1.66,2026-06-23T03:25:56,0.002,1.66
route_mutation,20260623T032556_113242,of:000000000000000c:3 -> of:000000000000000d:3,0.002,0.0025,0.002,0.002,1.66,2026-06-23T03:25:56,0.002,1.66
route_mutation,20260623T032556_113242,of:0000000000000005:2 -> of:0000000000000009:3,0.002,0.0025,0.002,0.002,1.73,2026-06-23T03:25:56,0.002,1.73
route_mutation,20260623T032556_113242,of:0000000000000001:1 -> of:000000000000000b:1,0.001,0.00125,0.001,0.001,1.46,2026-06-23T03:25:56,0.001,1.53
route_mutation,20260623T032556_113242,of:000000000000000b:2 -> of:000000000000000c:2,0.001,0.00125,0.001,0.001,1.6,2026-06-23T03:25:56,0.001,1.6
route_mutation,20260623T032556_113242,of:0000000000000001:2 -> of:000000000000000c:1,0.001,0.00125,0.001,0.001,1.46,2026-06-23T03:25:56,0.001,1.53
route_mutation,20260623T032556_113242,of:0000000000000006:2 -> of:000000000000000a:2,0.002,0.0025,0.002,0.002,1.7,2026-06-23T03:25:56,0.002,1.7
route_mutation,20260623T032556_113242,of:0000000000000001:3 -> of:000000000000000d:1,0.002,0.0025,0.002,0.002,2.59,2026-06-23T03:25:56,0.002,2.49
route_mutation,20260623T032556_113242,of:0000000000000003:1 -> of:000000000000000b:5,0.001,0.00125,0.001,0.001,1.53,2026-06-23T03:25:56,0.001,1.46
route_mutation,20260623T032556_113242,of:0000000000000006:1 -> of:000000000000000d:4,0.002,0.0025,0.002,0.002,1.76,2026-06-23T03:25:56,0.002,1.76
route_mutation,20260623T032556_113242,of:0000000000000007:2 -> of:000000000000000a:3,0.002,0.0025,0.002,0.002,1.7,2026-06-23T03:25:56,0.002,1.7
route_mutation,20260623T032556_113242,of:0000000000000007:1 -> of:000000000000000d:5,0.002,0.0025,0.002,0.002,2.19,2026-06-23T03:25:56,0.002,2.23
route_mutation,20260623T032556_113242,of:0000000000000002:2 -> of:0000000000000008:2,0.002,0.0025,0.002,0.002,1.76,2026-06-23T03:25:56,0.002,1.76
route_mutation,20260623T032556_113242,of:0000000000000003:2 -> of:0000000000000008:3,0.002,0.0025,0.002,0.002,1.76,2026-06-23T03:25:56,0.002,1.76
route_mutation,20260623T032556_113242,of:0000000000000008:1 -> of:000000000000000b:6,0.001,0.00125,0.001,0.001,1.43,2026-06-23T03:25:56,0.001,1.4
route_mutation,20260623T032556_113242,of:0000000000000004:2 -> of:0000000000000009:2,0.002,0.0025,0.002,0.002,1.73,2026-06-23T03:25:56,0.002,1.73
route_mutation,20260623T032556_113242,of:0000000000000002:1 -> of:000000000000000b:4,0.001,0.00125,0.001,0.001,1.53,2026-06-23T03:25:56,0.001,1.46
route_mutation,20260623T032556_113242,of:0000000000000009:1 -> of:000000000000000c:6,0.001,0.00125,0.001,0.001,1.43,2026-06-23T03:25:56,0.001,1.4
ip_shuffle,20260623T032626_449997,of:0000000000000004:1 -> of:000000000000000c:4,0.002,0.0025,0.002,0.002,1.8,2026-06-23T03:26:26,0.002,1.8
ip_shuffle,20260623T032626_449997,of:0000000000000005:1 -> of:000000000000000c:5,0.002,0.0025,0.002,0.002,1.53,2026-06-23T03:26:26,0.002,1.53
ip_shuffle,20260623T032626_449997,of:000000000000000a:1 -> of:000000000000000d:6,0.001,0.00125,0.001,0.001,1.46,2026-06-23T03:26:26,0.001,1.46
ip_shuffle,20260623T032626_449997,of:000000000000000b:3 -> of:000000000000000d:2,0.002,0.0025,0.002,0.002,1.66,2026-06-23T03:26:26,0.002,1.66
ip_shuffle,20260623T032626_449997,of:000000000000000c:3 -> of:000000000000000d:3,0.002,0.0025,0.002,0.002,1.66,2026-06-23T03:26:26,0.002,1.66
ip_shuffle,20260623T032626_449997,of:0000000000000005:2 -> of:0000000000000009:3,0.002,0.0025,0.002,0.002,1.73,2026-06-23T03:26:26,0.002,1.73
ip_shuffle,20260623T032626_449997,of:0000000000000001:1 -> of:000000000000000b:1,0.003,0.00375,0.003,0.003,3.46,2026-06-23T03:26:26,0.003,3.46
ip_shuffle,20260623T032626_449997,of:000000000000000b:2 -> of:000000000000000c:2,0.002,0.0025,0.002,0.002,1.73,2026-06-23T03:26:26,0.002,1.73
ip_shuffle,20260623T032626_449997,of:0000000000000001:2 -> of:000000000000000c:1,0.002,0.0025,0.002,0.002,1.66,2026-06-23T03:26:26,0.002,1.66
ip_shuffle,20260623T032626_449997,of:0000000000000006:2 -> of:000000000000000a:2,0.002,0.0025,0.002,0.002,1.73,2026-06-23T03:26:26,0.002,1.73
ip_shuffle,20260623T032626_449997,of:0000000000000001:3 -> of:000000000000000d:1,0.001,0.00125,0.001,0.001,1.4,2026-06-23T03:26:26,0.001,1.4
ip_shuffle,20260623T032626_449997,of:0000000000000003:1 -> of:000000000000000b:5,0.002,0.0025,0.002,0.002,2.5,2026-06-23T03:26:26,0.002,2.5
ip_shuffle,20260623T032626_449997,of:0000000000000006:1 -> of:000000000000000d:4,0.001,0.00125,0.001,0.001,1.46,2026-06-23T03:26:26,0.001,1.46
ip_shuffle,20260623T032626_449997,of:0000000000000007:2 -> of:000000000000000a:3,0.002,0.0025,0.002,0.002,1.73,2026-06-23T03:26:26,0.002,1.73
ip_shuffle,20260623T032626_449997,of:0000000000000007:1 -> of:000000000000000d:5,0.001,0.00125,0.001,0.001,1.46,2026-06-23T03:26:26,0.001,1.46
ip_shuffle,20260623T032626_449997,of:0000000000000002:2 -> of:0000000000000008:2,0.002,0.0025,0.002,0.002,1.73,2026-06-23T03:26:26,0.002,1.73
ip_shuffle,20260623T032626_449997,of:0000000000000003:2 -> of:0000000000000008:3,0.002,0.0025,0.002,0.002,1.73,2026-06-23T03:26:26,0.002,1.73
ip_shuffle,20260623T032626_449997,of:0000000000000008:1 -> of:000000000000000b:6,0.002,0.0025,0.002,0.002,1.53,2026-06-23T03:26:26,0.002,1.53
ip_shuffle,20260623T032626_449997,of:0000000000000004:2 -> of:0000000000000009:2,0.002,0.0025,0.002,0.002,1.73,2026-06-23T03:26:26,0.002,1.73
ip_shuffle,20260623T032626_449997,of:0000000000000002:1 -> of:000000000000000b:4,0.002,0.0025,0.002,0.002,2.56,2026-06-23T03:26:26,0.002,2.56
ip_shuffle,20260623T032626_449997,of:0000000000000009:1 -> of:000000000000000c:6,0.002,0.0025,0.002,0.002,1.53,2026-06-23T03:26:26,0.002,1.53
ip_shuffle,20260623T032730_697560,of:0000000000000004:1 -> of:000000000000000c:4,0.002,0.0025,0.002,0.002,1.86,2026-06-23T03:27:30,0.002,1.73
ip_shuffle,20260623T032730_697560,of:0000000000000005:1 -> of:000000000000000c:5,0.002,0.0025,0.002,0.002,1.83,2026-06-23T03:27:30,0.002,1.7
ip_shuffle,20260623T032730_697560,of:000000000000000a:1 -> of:000000000000000d:6,0.002,0.0025,0.002,0.002,1.8,2026-06-23T03:27:30,0.002,1.7
ip_shuffle,20260623T032730_697560,of:000000000000000b:3 -> of:000000000000000d:2,0.002,0.0025,0.002,0.002,2.16,2026-06-23T03:27:30,0.002,2.16
ip_shuffle,20260623T032730_697560,of:000000000000000c:3 -> of:000000000000000d:3,0.002,0.0025,0.002,0.002,2.13,2026-06-23T03:27:30,0.002,2.13
ip_shuffle,20260623T032730_697560,of:0000000000000005:2 -> of:0000000000000009:3,0.002,0.0025,0.002,0.002,2.36,2026-06-23T03:27:30,0.002,2.36
ip_shuffle,20260623T032730_697560,of:0000000000000001:1 -> of:000000000000000b:1,0.002,0.0025,0.002,0.002,1.73,2026-06-23T03:27:30,0.002,1.83
ip_shuffle,20260623T032730_697560,of:000000000000000b:2 -> of:000000000000000c:2,0.002,0.0025,0.002,0.002,2.1,2026-06-23T03:27:30,0.002,2.1
ip_shuffle,20260623T032730_697560,of:0000000000000001:2 -> of:000000000000000c:1,0.002,0.0025,0.002,0.002,1.7,2026-06-23T03:27:30,0.002,1.83
ip_shuffle,20260623T032730_697560,of:0000000000000006:2 -> of:000000000000000a:2,0.002,0.0025,0.002,0.002,2.33,2026-06-23T03:27:30,0.002,2.33
ip_shuffle,20260623T032730_697560,of:0000000000000001:3 -> of:000000000000000d:1,0.003,0.00375,0.003,0.003,3.83,2026-06-23T03:27:30,0.003,3.7
ip_shuffle,20260623T032730_697560,of:0000000000000003:1 -> of:000000000000000b:5,0.002,0.0025,0.002,0.002,1.83,2026-06-23T03:27:30,0.002,1.73
ip_shuffle,20260623T032730_697560,of:0000000000000006:1 -> of:000000000000000d:4,0.002,0.0025,0.002,0.002,2.43,2026-06-23T03:27:30,0.002,2.4
ip_shuffle,20260623T032730_697560,of:0000000000000007:2 -> of:000000000000000a:3,0.002,0.0025,0.002,0.002,2.26,2026-06-23T03:27:30,0.002,2.26
ip_shuffle,20260623T032730_697560,of:0000000000000007:1 -> of:000000000000000d:5,0.002,0.0025,0.002,0.002,2.93,2026-06-23T03:27:30,0.002,2.93
ip_shuffle,20260623T032730_697560,of:0000000000000002:2 -> of:0000000000000008:2,0.002,0.0025,0.002,0.002,2.36,2026-06-23T03:27:30,0.002,2.36
ip_shuffle,20260623T032730_697560,of:0000000000000003:2 -> of:0000000000000008:3,0.002,0.0025,0.002,0.002,2.36,2026-06-23T03:27:30,0.002,2.36
ip_shuffle,20260623T032730_697560,of:0000000000000008:1 -> of:000000000000000b:6,0.002,0.0025,0.002,0.002,1.73,2026-06-23T03:27:30,0.001,1.66
ip_shuffle,20260623T032730_697560,of:0000000000000004:2 -> of:0000000000000009:2,0.002,0.0025,0.002,0.002,2.36,2026-06-23T03:27:30,0.002,2.36
ip_shuffle,20260623T032730_697560,of:0000000000000002:1 -> of:000000000000000b:4,0.002,0.0025,0.002,0.002,1.83,2026-06-23T03:27:30,0.002,1.73
ip_shuffle,20260623T032730_697560,of:0000000000000009:1 -> of:000000000000000c:6,0.002,0.0025,0.002,0.002,1.73,2026-06-23T03:27:30,0.001,1.63
route_mutation,20260623T032828_355086,of:0000000000000004:1 -> of:000000000000000c:4,0.002,0.0025,0.002,0.002,2.43,2026-06-23T03:28:28,0.002,2.46
route_mutation,20260623T032828_355086,of:0000000000000005:1 -> of:000000000000000c:5,0.002,0.0025,0.002,0.002,2.43,2026-06-23T03:28:28,0.002,2.46
route_mutation,20260623T032828_355086,of:000000000000000a:1 -> of:000000000000000d:6,0.002,0.0025,0.002,0.002,1.73,2026-06-23T03:28:28,0.002,1.73
route_mutation,20260623T032828_355086,of:000000000000000b:3 -> of:000000000000000d:2,0.002,0.0025,0.002,0.002,2.13,2026-06-23T03:28:28,0.002,2.13
route_mutation,20260623T032828_355086,of:000000000000000c:3 -> of:000000000000000d:3,0.002,0.0025,0.002,0.002,2.13,2026-06-23T03:28:28,0.002,2.13
route_mutation,20260623T032828_355086,of:0000000000000005:2 -> of:0000000000000009:3,0.002,0.0025,0.002,0.002,2.03,2026-06-23T03:28:28,0.002,2.03
route_mutation,20260623T032828_355086,of:0000000000000001:1 -> of:000000000000000b:1,0.002,0.0025,0.002,0.002,2.3,2026-06-23T03:28:28,0.002,2.23
route_mutation,20260623T032828_355086,of:000000000000000b:2 -> of:000000000000000c:2,0.002,0.0025,0.002,0.002,2.13,2026-06-23T03:28:28,0.002,2.13
route_mutation,20260623T032828_355086,of:0000000000000001:2 -> of:000000000000000c:1,0.003,0.00375,0.003,0.003,3.33,2026-06-23T03:28:28,0.003,3.26
route_mutation,20260623T032828_355086,of:0000000000000006:2 -> of:000000000000000a:2,0.002,0.0025,0.002,0.002,2.03,2026-06-23T03:28:28,0.002,2.03
route_mutation,20260623T032828_355086,of:0000000000000001:3 -> of:000000000000000d:1,0.003,0.00375,0.003,0.003,2.93,2026-06-23T03:28:28,0.003,3.03
route_mutation,20260623T032828_355086,of:0000000000000003:1 -> of:000000000000000b:5,0.002,0.0025,0.002,0.002,2.13,2026-06-23T03:28:28,0.002,2.2
route_mutation,20260623T032828_355086,of:0000000000000006:1 -> of:000000000000000d:4,0.003,0.00375,0.003,0.003,2.96,2026-06-23T03:28:28,0.003,2.9
route_mutation,20260623T032828_355086,of:0000000000000007:2 -> of:000000000000000a:3,0.002,0.0025,0.002,0.002,2.1,2026-06-23T03:28:28,0.002,2.1
route_mutation,20260623T032828_355086,of:0000000000000007:1 -> of:000000000000000d:5,0.002,0.0025,0.002,0.002,1.7,2026-06-23T03:28:28,0.002,1.73
route_mutation,20260623T032828_355086,of:0000000000000002:2 -> of:0000000000000008:2,0.002,0.0025,0.002,0.002,2.0,2026-06-23T03:28:28,0.002,2.0
route_mutation,20260623T032828_355086,of:0000000000000003:2 -> of:0000000000000008:3,0.002,0.0025,0.002,0.002,2.0,2026-06-23T03:28:28,0.002,2.0
route_mutation,20260623T032828_355086,of:0000000000000008:1 -> of:000000000000000b:6,0.002,0.0025,0.002,0.002,1.73,2026-06-23T03:28:28,0.002,1.73
route_mutation,20260623T032828_355086,of:0000000000000004:2 -> of:0000000000000009:2,0.002,0.0025,0.002,0.002,2.03,2026-06-23T03:28:28,0.002,2.03
route_mutation,20260623T032828_355086,of:0000000000000002:1 -> of:000000000000000b:4,0.002,0.0025,0.002,0.002,1.6,2026-06-23T03:28:28,0.002,1.66
route_mutation,20260623T032828_355086,of:0000000000000009:1 -> of:000000000000000c:6,0.002,0.0025,0.002,0.002,1.73,2026-06-23T03:28:28,0.002,1.73
route_mutation,20260623T032858_653013,of:0000000000000004:1 -> of:000000000000000c:4,0.002,0.0025,0.002,0.002,2.0,2026-06-23T03:28:58,0.002,1.96
route_mutation,20260623T032858_653013,of:0000000000000005:1 -> of:000000000000000c:5,0.002,0.0025,0.002,0.002,2.0,2026-06-23T03:28:58,0.002,1.96
route_mutation,20260623T032858_653013,of:000000000000000a:1 -> of:000000000000000d:6,0.002,0.0025,0.002,0.002,1.96,2026-06-23T03:28:58,0.002,1.96
route_mutation,20260623T032858_653013,of:000000000000000b:3 -> of:000000000000000d:2,0.002,0.0025,0.002,0.002,2.66,2026-06-23T03:28:58,0.002,2.66
route_mutation,20260623T032858_653013,of:000000000000000c:3 -> of:000000000000000d:3,0.002,0.0025,0.002,0.002,2.66,2026-06-23T03:28:58,0.002,2.66
route_mutation,20260623T032858_653013,of:0000000000000005:2 -> of:0000000000000009:3,0.002,0.0025,0.002,0.002,2.7,2026-06-23T03:28:58,0.002,2.7
route_mutation,20260623T032858_653013,of:0000000000000001:1 -> of:000000000000000b:1,0.002,0.0025,0.002,0.002,1.96,2026-06-23T03:28:58,0.002,2.03
route_mutation,20260623T032858_653013,of:000000000000000b:2 -> of:000000000000000c:2,0.002,0.0025,0.002,0.002,2.6,2026-06-23T03:28:58,0.002,2.6
route_mutation,20260623T032858_653013,of:0000000000000001:2 -> of:000000000000000c:1,0.002,0.0025,0.002,0.002,1.96,2026-06-23T03:28:58,0.002,2.03
route_mutation,20260623T032858_653013,of:0000000000000006:2 -> of:000000000000000a:2,0.002,0.0025,0.002,0.002,2.7,2026-06-23T03:28:58,0.002,2.7
route_mutation,20260623T032858_653013,of:0000000000000001:3 -> of:000000000000000d:1,0.003,0.00375,0.003,0.003,3.9,2026-06-23T03:28:58,0.003,3.8
route_mutation,20260623T032858_653013,of:0000000000000003:1 -> of:000000000000000b:5,0.002,0.0025,0.002,0.002,2.03,2026-06-23T03:28:58,0.002,1.96
route_mutation,20260623T032858_653013,of:0000000000000006:1 -> of:000000000000000d:4,0.002,0.0025,0.002,0.002,2.36,2026-06-23T03:28:58,0.002,2.43
route_mutation,20260623T032858_653013,of:0000000000000007:2 -> of:000000000000000a:3,0.002,0.0025,0.002,0.002,2.63,2026-06-23T03:28:58,0.002,2.63
route_mutation,20260623T032858_653013,of:0000000000000007:1 -> of:000000000000000d:5,0.003,0.00375,0.003,0.003,3.4,2026-06-23T03:28:58,0.003,3.36
route_mutation,20260623T032858_653013,of:0000000000000002:2 -> of:0000000000000008:2,0.002,0.0025,0.002,0.002,2.73,2026-06-23T03:28:58,0.002,2.73
route_mutation,20260623T032858_653013,of:0000000000000003:2 -> of:0000000000000008:3,0.002,0.0025,0.002,0.002,2.73,2026-06-23T03:28:58,0.002,2.73
route_mutation,20260623T032858_653013,of:0000000000000008:1 -> of:000000000000000b:6,0.002,0.0025,0.002,0.002,1.9,2026-06-23T03:28:58,0.002,1.9
route_mutation,20260623T032858_653013,of:0000000000000004:2 -> of:0000000000000009:2,0.002,0.0025,0.002,0.002,2.7,2026-06-23T03:28:58,0.002,2.7
route_mutation,20260623T032858_653013,of:0000000000000002:1 -> of:000000000000000b:4,0.002,0.0025,0.002,0.002,2.03,2026-06-23T03:28:58,0.002,1.96
route_mutation,20260623T032858_653013,of:0000000000000009:1 -> of:000000000000000c:6,0.002,0.0025,0.002,0.002,1.9,2026-06-23T03:28:58,0.002,1.9
ip_shuffle,20260623T032929_077860,of:0000000000000004:1 -> of:000000000000000c:4,0.002,0.0025,0.002,0.002,1.43,2026-06-23T03:29:29,0.002,1.43
ip_shuffle,20260623T032929_077860,of:0000000000000005:1 -> of:000000000000000c:5,0.002,0.0025,0.002,0.002,1.43,2026-06-23T03:29:29,0.002,1.43
ip_shuffle,20260623T032929_077860,of:000000000000000a:1 -> of:000000000000000d:6,0.001,0.00125,0.001,0.001,1.37,2026-06-23T03:29:29,0.001,1.37
ip_shuffle,20260623T032929_077860,of:000000000000000b:3 -> of:000000000000000d:2,0.001,0.00125,0.001,0.001,1.46,2026-06-23T03:29:29,0.001,1.46
ip_shuffle,20260623T032929_077860,of:000000000000000c:3 -> of:000000000000000d:3,0.001,0.00125,0.001,0.001,1.46,2026-06-23T03:29:29,0.001,1.46
ip_shuffle,20260623T032929_077860,of:0000000000000005:2 -> of:0000000000000009:3,0.002,0.0025,0.002,0.002,1.53,2026-06-23T03:29:29,0.002,1.53
ip_shuffle,20260623T032929_077860,of:0000000000000001:1 -> of:000000000000000b:1,0.002,0.0025,0.002,0.002,1.9,2026-06-23T03:29:29,0.002,1.9
ip_shuffle,20260623T032929_077860,of:000000000000000b:2 -> of:000000000000000c:2,0.002,0.0025,0.002,0.002,1.53,2026-06-23T03:29:29,0.002,1.53
ip_shuffle,20260623T032929_077860,of:0000000000000001:2 -> of:000000000000000c:1,0.001,0.00125,0.001,0.001,1.37,2026-06-23T03:29:29,0.001,1.37
ip_shuffle,20260623T032929_077860,of:0000000000000006:2 -> of:000000000000000a:2,0.002,0.0025,0.002,0.002,1.53,2026-06-23T03:29:29,0.002,1.53
ip_shuffle,20260623T032929_077860,of:0000000000000001:3 -> of:000000000000000d:1,0.001,0.00125,0.001,0.001,1.3,2026-06-23T03:29:29,0.001,1.3
ip_shuffle,20260623T032929_077860,of:0000000000000003:1 -> of:000000000000000b:5,0.002,0.0025,0.002,0.002,1.43,2026-06-23T03:29:29,0.002,1.43
ip_shuffle,20260623T032929_077860,of:0000000000000006:1 -> of:000000000000000d:4,0.001,0.00125,0.001,0.001,1.37,2026-06-23T03:29:29,0.001,1.37
ip_shuffle,20260623T032929_077860,of:0000000000000007:2 -> of:000000000000000a:3,0.002,0.0025,0.002,0.002,1.53,2026-06-23T03:29:29,0.002,1.53
ip_shuffle,20260623T032929_077860,of:0000000000000007:1 -> of:000000000000000d:5,0.001,0.00125,0.001,0.001,1.37,2026-06-23T03:29:29,0.001,1.37
ip_shuffle,20260623T032929_077860,of:0000000000000002:2 -> of:0000000000000008:2,0.002,0.0025,0.002,0.002,1.53,2026-06-23T03:29:29,0.002,1.53
ip_shuffle,20260623T032929_077860,of:0000000000000003:2 -> of:0000000000000008:3,0.002,0.0025,0.002,0.002,1.53,2026-06-23T03:29:29,0.002,1.53
ip_shuffle,20260623T032929_077860,of:0000000000000008:1 -> of:000000000000000b:6,0.002,0.0025,0.002,0.002,1.43,2026-06-23T03:29:29,0.002,1.43
ip_shuffle,20260623T032929_077860,of:0000000000000004:2 -> of:0000000000000009:2,0.002,0.0025,0.002,0.002,1.53,2026-06-23T03:29:29,0.002,1.53
ip_shuffle,20260623T032929_077860,of:0000000000000002:1 -> of:000000000000000b:4,0.002,0.0025,0.002,0.002,2.0,2026-06-23T03:29:29,0.002,2.0
ip_shuffle,20260623T032929_077860,of:0000000000000009:1 -> of:000000000000000c:6,0.002,0.0025,0.002,0.002,1.43,2026-06-23T03:29:29,0.002,1.43
route_mutation,20260623T033026_787916,of:0000000000000004:1 -> of:000000000000000c:4,0.002,0.0025,0.002,0.002,2.23,2026-06-23T03:30:26,0.002,2.23
route_mutation,20260623T033026_787916,of:0000000000000005:1 -> of:000000000000000c:5,0.002,0.0025,0.002,0.002,2.23,2026-06-23T03:30:26,0.002,2.23
route_mutation,20260623T033026_787916,of:000000000000000a:1 -> of:000000000000000d:6,0.002,0.0025,0.002,0.002,2.16,2026-06-23T03:30:26,0.002,2.16
route_mutation,20260623T033026_787916,of:000000000000000b:3 -> of:000000000000000d:2,0.002,0.0025,0.002,0.002,3.06,2026-06-23T03:30:26,0.002,3.06
route_mutation,20260623T033026_787916,of:000000000000000c:3 -> of:000000000000000d:3,0.002,0.0025,0.002,0.002,3.12,2026-06-23T03:30:26,0.002,3.12
route_mutation,20260623T033026_787916,of:0000000000000005:2 -> of:0000000000000009:3,0.002,0.0025,0.002,0.002,3.06,2026-06-23T03:30:26,0.002,3.06
route_mutation,20260623T033026_787916,of:0000000000000001:1 -> of:000000000000000b:1,0.002,0.0025,0.002,0.002,2.16,2026-06-23T03:30:26,0.002,2.16
route_mutation,20260623T033026_787916,of:000000000000000b:2 -> of:000000000000000c:2,0.002,0.0025,0.002,0.002,3.06,2026-06-23T03:30:26,0.002,3.06
route_mutation,20260623T033026_787916,of:0000000000000001:2 -> of:000000000000000c:1,0.002,0.0025,0.002,0.002,2.23,2026-06-23T03:30:26,0.002,2.23
route_mutation,20260623T033026_787916,of:0000000000000006:2 -> of:000000000000000a:2,0.002,0.0025,0.002,0.002,3.06,2026-06-23T03:30:26,0.002,3.06
route_mutation,20260623T033026_787916,of:0000000000000001:3 -> of:000000000000000d:1,0.004,0.005,0.004,0.004,4.65,2026-06-23T03:30:26,0.004,4.75
route_mutation,20260623T033026_787916,of:0000000000000003:1 -> of:000000000000000b:5,0.002,0.0025,0.002,0.002,2.16,2026-06-23T03:30:26,0.002,2.16
route_mutation,20260623T033026_787916,of:0000000000000006:1 -> of:000000000000000d:4,0.003,0.00375,0.003,0.003,3.39,2026-06-23T03:30:26,0.003,3.45
route_mutation,20260623T033026_787916,of:0000000000000007:2 -> of:000000000000000a:3,0.002,0.0025,0.002,0.002,2.99,2026-06-23T03:30:26,0.002,2.99
route_mutation,20260623T033026_787916,of:0000000000000007:1 -> of:000000000000000d:5,0.003,0.00375,0.003,0.003,3.49,2026-06-23T03:30:26,0.003,3.32
route_mutation,20260623T033026_787916,of:0000000000000002:2 -> of:0000000000000008:2,0.002,0.0025,0.002,0.002,3.09,2026-06-23T03:30:26,0.002,3.09
route_mutation,20260623T033026_787916,of:0000000000000003:2 -> of:0000000000000008:3,0.002,0.0025,0.002,0.002,3.09,2026-06-23T03:30:26,0.002,3.09
route_mutation,20260623T033026_787916,of:0000000000000008:1 -> of:000000000000000b:6,0.002,0.0025,0.002,0.002,2.13,2026-06-23T03:30:26,0.002,2.09
route_mutation,20260623T033026_787916,of:0000000000000004:2 -> of:0000000000000009:2,0.002,0.0025,0.002,0.002,3.06,2026-06-23T03:30:26,0.002,3.06
route_mutation,20260623T033026_787916,of:0000000000000002:1 -> of:000000000000000b:4,0.002,0.0025,0.002,0.002,2.16,2026-06-23T03:30:26,0.002,2.16
route_mutation,20260623T033026_787916,of:0000000000000009:1 -> of:000000000000000c:6,0.002,0.0025,0.002,0.002,2.16,2026-06-23T03:30:26,0.002,2.16
route_mutation,20260623T033057_127611,of:0000000000000004:1 -> of:000000000000000c:4,0.001,0.00125,0.001,0.001,1.3,2026-06-23T03:30:57,0.001,1.27
route_mutation,20260623T033057_127611,of:0000000000000005:1 -> of:000000000000000c:5,0.001,0.00125,0.001,0.001,1.3,2026-06-23T03:30:57,0.001,1.27
route_mutation,20260623T033057_127611,of:000000000000000a:1 -> of:000000000000000d:6,0.001,0.00125,0.001,0.001,1.27,2026-06-23T03:30:57,0.001,1.27
route_mutation,20260623T033057_127611,of:000000000000000b:3 -> of:000000000000000d:2,0.001,0.00125,0.001,0.001,1.27,2026-06-23T03:30:57,0.001,1.27
route_mutation,20260623T033057_127611,of:000000000000000c:3 -> of:000000000000000d:3,0.001,0.00125,0.001,0.001,1.2,2026-06-23T03:30:57,0.001,1.2
route_mutation,20260623T033057_127611,of:0000000000000005:2 -> of:0000000000000009:3,0.001,0.00125,0.001,0.001,1.36,2026-06-23T03:30:57,0.001,1.36
route_mutation,20260623T033057_127611,of:0000000000000001:1 -> of:000000000000000b:1,0.002,0.0025,0.002,0.001,1.33,2026-06-23T03:30:57,0.002,1.4
route_mutation,20260623T033057_127611,of:000000000000000b:2 -> of:000000000000000c:2,0.001,0.00125,0.001,0.001,1.27,2026-06-23T03:30:57,0.001,1.27
route_mutation,20260623T033057_127611,of:0000000000000001:2 -> of:000000000000000c:1,0.001,0.00125,0.001,0.001,1.27,2026-06-23T03:30:57,0.001,1.33
route_mutation,20260623T033057_127611,of:0000000000000006:2 -> of:000000000000000a:2,0.001,0.00125,0.001,0.001,1.36,2026-06-23T03:30:57,0.001,1.36
route_mutation,20260623T033057_127611,of:0000000000000001:3 -> of:000000000000000d:1,0.002,0.0025,0.002,0.002,1.56,2026-06-23T03:30:57,0.001,1.4
route_mutation,20260623T033057_127611,of:0000000000000003:1 -> of:000000000000000b:5,0.002,0.0025,0.002,0.002,1.4,2026-06-23T03:30:57,0.001,1.33
route_mutation,20260623T033057_127611,of:0000000000000006:1 -> of:000000000000000d:4,0.001,0.00125,0.001,0.001,1.3,2026-06-23T03:30:57,0.001,1.27
route_mutation,20260623T033057_127611,of:0000000000000007:2 -> of:000000000000000a:3,0.001,0.00125,0.001,0.001,1.36,2026-06-23T03:30:57,0.001,1.36
route_mutation,20260623T033057_127611,of:0000000000000007:1 -> of:000000000000000d:5,0.002,0.0025,0.002,0.001,1.36,2026-06-23T03:30:57,0.002,1.5
route_mutation,20260623T033057_127611,of:0000000000000002:2 -> of:0000000000000008:2,0.002,0.0025,0.002,0.002,1.4,2026-06-23T03:30:57,0.002,1.4
route_mutation,20260623T033057_127611,of:0000000000000003:2 -> of:0000000000000008:3,0.002,0.0025,0.002,0.002,1.4,2026-06-23T03:30:57,0.002,1.4
route_mutation,20260623T033057_127611,of:0000000000000008:1 -> of:000000000000000b:6,0.001,0.00125,0.001,0.001,1.33,2026-06-23T03:30:57,0.001,1.33
route_mutation,20260623T033057_127611,of:0000000000000004:2 -> of:0000000000000009:2,0.001,0.00125,0.001,0.001,1.36,2026-06-23T03:30:57,0.001,1.36
route_mutation,20260623T033057_127611,of:0000000000000002:1 -> of:000000000000000b:4,0.002,0.0025,0.002,0.002,1.4,2026-06-23T03:30:57,0.001,1.33
route_mutation,20260623T033057_127611,of:0000000000000009:1 -> of:000000000000000c:6,0.001,0.00125,0.001,0.001,1.27,2026-06-23T03:30:57,0.001,1.27
ip_shuffle,20260623T033127_469776,of:0000000000000004:1 -> of:000000000000000c:4,0.002,0.0025,0.002,0.002,2.26,2026-06-23T03:31:27,0.002,2.26
ip_shuffle,20260623T033127_469776,of:0000000000000005:1 -> of:000000000000000c:5,0.002,0.0025,0.002,0.002,1.73,2026-06-23T03:31:27,0.002,1.73
ip_shuffle,20260623T033127_469776,of:000000000000000a:1 -> of:000000000000000d:6,0.002,0.0025,0.002,0.002,1.53,2026-06-23T03:31:27,0.002,1.53
ip_shuffle,20260623T033127_469776,of:000000000000000b:3 -> of:000000000000000d:2,0.002,0.0025,0.002,0.002,1.73,2026-06-23T03:31:27,0.002,1.73
ip_shuffle,20260623T033127_469776,of:000000000000000c:3 -> of:000000000000000d:3,0.002,0.0025,0.002,0.002,1.73,2026-06-23T03:31:27,0.002,1.73
ip_shuffle,20260623T033127_469776,of:0000000000000005:2 -> of:0000000000000009:3,0.002,0.0025,0.002,0.002,1.67,2026-06-23T03:31:27,0.002,1.67
ip_shuffle,20260623T033127_469776,of:0000000000000001:1 -> of:000000000000000b:1,0.003,0.00375,0.003,0.003,3.53,2026-06-23T03:31:27,0.003,3.53
ip_shuffle,20260623T033127_469776,of:000000000000000b:2 -> of:000000000000000c:2,0.002,0.0025,0.002,0.002,1.73,2026-06-23T03:31:27,0.002,1.73
ip_shuffle,20260623T033127_469776,of:0000000000000001:2 -> of:000000000000000c:1,0.002,0.0025,0.002,0.002,2.5,2026-06-23T03:31:27,0.002,2.5
ip_shuffle,20260623T033127_469776,of:0000000000000006:2 -> of:000000000000000a:2,0.002,0.0025,0.002,0.002,1.67,2026-06-23T03:31:27,0.002,1.73
ip_shuffle,20260623T033127_469776,of:0000000000000001:3 -> of:000000000000000d:1,0.001,0.00125,0.001,0.001,1.47,2026-06-23T03:31:27,0.001,1.47
ip_shuffle,20260623T033127_469776,of:0000000000000003:1 -> of:000000000000000b:5,0.002,0.0025,0.002,0.002,2.5,2026-06-23T03:31:27,0.002,2.5
ip_shuffle,20260623T033127_469776,of:0000000000000006:1 -> of:000000000000000d:4,0.002,0.0025,0.002,0.001,1.47,2026-06-23T03:31:27,0.002,1.53
ip_shuffle,20260623T033127_469776,of:0000000000000007:2 -> of:000000000000000a:3,0.002,0.0025,0.002,0.002,1.73,2026-06-23T03:31:27,0.002,1.73
ip_shuffle,20260623T033127_469776,of:0000000000000007:1 -> of:000000000000000d:5,0.002,0.0025,0.002,0.002,1.53,2026-06-23T03:31:27,0.002,1.53
ip_shuffle,20260623T033127_469776,of:0000000000000002:2 -> of:0000000000000008:2,0.002,0.0025,0.002,0.002,1.67,2026-06-23T03:31:27,0.002,1.67
ip_shuffle,20260623T033127_469776,of:0000000000000003:2 -> of:0000000000000008:3,0.002,0.0025,0.002,0.002,1.67,2026-06-23T03:31:27,0.002,1.67
ip_shuffle,20260623T033127_469776,of:0000000000000008:1 -> of:000000000000000b:6,0.002,0.0025,0.002,0.002,1.53,2026-06-23T03:31:27,0.002,1.53
ip_shuffle,20260623T033127_469776,of:0000000000000004:2 -> of:0000000000000009:2,0.002,0.0025,0.002,0.002,1.67,2026-06-23T03:31:27,0.002,1.67
ip_shuffle,20260623T033127_469776,of:0000000000000002:1 -> of:000000000000000b:4,0.002,0.0025,0.002,0.002,2.5,2026-06-23T03:31:27,0.002,2.5
ip_shuffle,20260623T033127_469776,of:0000000000000009:1 -> of:000000000000000c:6,0.002,0.0025,0.002,0.002,1.53,2026-06-23T03:31:27,0.002,1.53
ip_shuffle,20260623T033225_135532,of:0000000000000004:1 -> of:000000000000000c:4,0.002,0.0025,0.002,0.002,1.53,2026-06-23T03:32:25,0.001,1.5
ip_shuffle,20260623T033225_135532,of:0000000000000005:1 -> of:000000000000000c:5,0.002,0.0025,0.002,0.002,1.53,2026-06-23T03:32:25,0.001,1.5
ip_shuffle,20260623T033225_135532,of:000000000000000a:1 -> of:000000000000000d:6,0.001,0.00125,0.001,0.001,1.5,2026-06-23T03:32:25,0.001,1.46
ip_shuffle,20260623T033225_135532,of:000000000000000b:3 -> of:000000000000000d:2,0.002,0.0025,0.002,0.002,1.7,2026-06-23T03:32:25,0.002,1.7
ip_shuffle,20260623T033225_135532,of:000000000000000c:3 -> of:000000000000000d:3,0.001,0.00125,0.001,0.001,1.63,2026-06-23T03:32:25,0.001,1.63
ip_shuffle,20260623T033225_135532,of:0000000000000005:2 -> of:0000000000000009:3,0.002,0.0025,0.002,0.002,1.83,2026-06-23T03:32:25,0.002,1.83
ip_shuffle,20260623T033225_135532,of:0000000000000001:1 -> of:000000000000000b:1,0.002,0.0025,0.002,0.002,1.56,2026-06-23T03:32:25,0.002,1.63
ip_shuffle,20260623T033225_135532,of:000000000000000b:2 -> of:000000000000000c:2,0.002,0.0025,0.002,0.002,1.73,2026-06-23T03:32:25,0.002,1.73
ip_shuffle,20260623T033225_135532,of:0000000000000001:2 -> of:000000000000000c:1,0.002,0.0025,0.002,0.001,1.5,2026-06-23T03:32:25,0.002,1.56
ip_shuffle,20260623T033225_135532,of:0000000000000006:2 -> of:000000000000000a:2,0.002,0.0025,0.002,0.002,1.83,2026-06-23T03:32:25,0.002,1.83
ip_shuffle,20260623T033225_135532,of:0000000000000001:3 -> of:000000000000000d:1,0.002,0.0025,0.002,0.002,2.5,2026-06-23T03:32:25,0.002,2.36
ip_shuffle,20260623T033225_135532,of:0000000000000003:1 -> of:000000000000000b:5,0.002,0.0025,0.002,0.002,1.6,2026-06-23T03:32:25,0.002,1.56
ip_shuffle,20260623T033225_135532,of:0000000000000006:1 -> of:000000000000000d:4,0.002,0.0025,0.002,0.002,1.53,2026-06-23T03:32:25,0.001,1.46
ip_shuffle,20260623T033225_135532,of:0000000000000007:2 -> of:000000000000000a:3,0.002,0.0025,0.002,0.002,1.83,2026-06-23T03:32:25,0.002,1.83
ip_shuffle,20260623T033225_135532,of:0000000000000007:1 -> of:000000000000000d:5,0.002,0.0025,0.002,0.002,2.26,2026-06-23T03:32:25,0.002,2.33
ip_shuffle,20260623T033225_135532,of:0000000000000002:2 -> of:0000000000000008:2,0.002,0.0025,0.002,0.002,1.86,2026-06-23T03:32:25,0.002,1.86
ip_shuffle,20260623T033225_135532,of:0000000000000003:2 -> of:0000000000000008:3,0.002,0.0025,0.002,0.002,1.86,2026-06-23T03:32:25,0.002,1.86
ip_shuffle,20260623T033225_135532,of:0000000000000008:1 -> of:000000000000000b:6,0.002,0.0025,0.002,0.002,1.56,2026-06-23T03:32:25,0.002,1.56
ip_shuffle,20260623T033225_135532,of:0000000000000004:2 -> of:0000000000000009:2,0.002,0.0025,0.002,0.002,1.83,2026-06-23T03:32:25,0.002,1.83
ip_shuffle,20260623T033225_135532,of:0000000000000002:1 -> of:000000000000000b:4,0.002,0.0025,0.002,0.002,1.6,2026-06-23T03:32:25,0.002,1.56
ip_shuffle,20260623T033225_135532,of:0000000000000009:1 -> of:000000000000000c:6,0.001,0.00125,0.001,0.001,1.5,2026-06-23T03:32:25,0.001,1.5
ip_shuffle,20260623T033322_821501,of:0000000000000004:1 -> of:000000000000000c:4,0.002,0.0025,0.002,0.002,2.4,2026-06-23T03:33:22,0.002,2.43
ip_shuffle,20260623T033322_821501,of:0000000000000005:1 -> of:000000000000000c:5,0.002,0.0025,0.002,0.002,2.56,2026-06-23T03:33:22,0.002,2.6
ip_shuffle,20260623T033322_821501,of:000000000000000a:1 -> of:000000000000000d:6,0.002,0.0025,0.002,0.002,1.8,2026-06-23T03:33:22,0.002,1.8
ip_shuffle,20260623T033322_821501,of:000000000000000b:3 -> of:000000000000000d:2,0.002,0.0025,0.002,0.002,2.33,2026-06-23T03:33:22,0.002,2.33
ip_shuffle,20260623T033322_821501,of:000000000000000c:3 -> of:000000000000000d:3,0.002,0.0025,0.002,0.002,2.33,2026-06-23T03:33:22,0.002,2.33
ip_shuffle,20260623T033322_821501,of:0000000000000005:2 -> of:0000000000000009:3,0.002,0.0025,0.002,0.002,2.26,2026-06-23T03:33:22,0.002,2.26
ip_shuffle,20260623T033322_821501,of:0000000000000001:1 -> of:000000000000000b:1,0.002,0.0025,0.002,0.002,1.86,2026-06-23T03:33:22,0.002,1.8
ip_shuffle,20260623T033322_821501,of:000000000000000b:2 -> of:000000000000000c:2,0.002,0.0025,0.002,0.002,2.26,2026-06-23T03:33:22,0.002,2.26
ip_shuffle,20260623T033322_821501,of:0000000000000001:2 -> of:000000000000000c:1,0.003,0.00375,0.003,0.003,3.2,2026-06-23T03:33:22,0.003,3.16
ip_shuffle,20260623T033322_821501,of:0000000000000006:2 -> of:000000000000000a:2,0.002,0.0025,0.002,0.002,2.3,2026-06-23T03:33:22,0.002,2.3
ip_shuffle,20260623T033322_821501,of:0000000000000001:3 -> of:000000000000000d:1,0.003,0.00375,0.003,0.003,3.16,2026-06-23T03:33:22,0.003,3.26
ip_shuffle,20260623T033322_821501,of:0000000000000003:1 -> of:000000000000000b:5,0.002,0.0025,0.002,0.002,1.8,2026-06-23T03:33:22,0.002,1.86
ip_shuffle,20260623T033322_821501,of:0000000000000006:1 -> of:000000000000000d:4,0.003,0.00375,0.003,0.003,3.0,2026-06-23T03:33:22,0.003,3.03
ip_shuffle,20260623T033322_821501,of:0000000000000007:2 -> of:000000000000000a:3,0.002,0.0025,0.002,0.002,2.23,2026-06-23T03:33:22,0.002,2.23
ip_shuffle,20260623T033322_821501,of:0000000000000007:1 -> of:000000000000000d:5,0.002,0.0025,0.002,0.002,1.96,2026-06-23T03:33:22,0.002,1.9
ip_shuffle,20260623T033322_821501,of:0000000000000002:2 -> of:0000000000000008:2,0.002,0.0025,0.002,0.002,2.23,2026-06-23T03:33:22,0.002,2.23
ip_shuffle,20260623T033322_821501,of:0000000000000003:2 -> of:0000000000000008:3,0.002,0.0025,0.002,0.002,2.23,2026-06-23T03:33:22,0.002,2.23
ip_shuffle,20260623T033322_821501,of:0000000000000008:1 -> of:000000000000000b:6,0.002,0.0025,0.002,0.002,1.7,2026-06-23T03:33:22,0.002,1.73
ip_shuffle,20260623T033322_821501,of:0000000000000004:2 -> of:0000000000000009:2,0.002,0.0025,0.002,0.002,2.26,2026-06-23T03:33:22,0.002,2.26
ip_shuffle,20260623T033322_821501,of:0000000000000002:1 -> of:000000000000000b:4,0.002,0.0025,0.002,0.002,1.73,2026-06-23T03:33:22,0.002,1.8
ip_shuffle,20260623T033322_821501,of:0000000000000009:1 -> of:000000000000000c:6,0.002,0.0025,0.002,0.002,1.7,2026-06-23T03:33:22,0.002,1.73
ip_shuffle,20260623T033433_374306,of:0000000000000004:1 -> of:000000000000000c:4,0.001,0.00125,0.001,0.001,1.43,2026-06-23T03:34:33,0.001,1.43
ip_shuffle,20260623T033433_374306,of:0000000000000005:1 -> of:000000000000000c:5,0.001,0.00125,0.001,0.001,1.43,2026-06-23T03:34:33,0.001,1.43
ip_shuffle,20260623T033433_374306,of:000000000000000a:1 -> of:000000000000000d:6,0.002,0.0025,0.002,0.002,1.5,2026-06-23T03:34:33,0.002,1.5
ip_shuffle,20260623T033433_374306,of:000000000000000b:3 -> of:000000000000000d:2,0.002,0.0025,0.002,0.002,1.66,2026-06-23T03:34:33,0.002,1.66
ip_shuffle,20260623T033433_374306,of:000000000000000c:3 -> of:000000000000000d:3,0.002,0.0025,0.002,0.002,1.66,2026-06-23T03:34:33,0.002,1.66
ip_shuffle,20260623T033433_374306,of:0000000000000005:2 -> of:0000000000000009:3,0.002,0.0025,0.002,0.002,1.6,2026-06-23T03:34:33,0.002,1.6
ip_shuffle,20260623T033433_374306,of:0000000000000001:1 -> of:000000000000000b:1,0.003,0.00375,0.003,0.003,2.9,2026-06-23T03:34:33,0.003,2.9
ip_shuffle,20260623T033433_374306,of:000000000000000b:2 -> of:000000000000000c:2,0.002,0.0025,0.002,0.002,1.66,2026-06-23T03:34:33,0.002,1.66
ip_shuffle,20260623T033433_374306,of:0000000000000001:2 -> of:000000000000000c:1,0.001,0.00125,0.001,0.001,1.43,2026-06-23T03:34:33,0.001,1.43
ip_shuffle,20260623T033433_374306,of:0000000000000006:2 -> of:000000000000000a:2,0.002,0.0025,0.002,0.002,1.66,2026-06-23T03:34:33,0.002,1.66
ip_shuffle,20260623T033433_374306,of:0000000000000001:3 -> of:000000000000000d:1,0.002,0.0025,0.002,0.002,2.4,2026-06-23T03:34:33,0.002,2.33
ip_shuffle,20260623T033433_374306,of:0000000000000003:1 -> of:000000000000000b:5,0.002,0.0025,0.002,0.002,1.86,2026-06-23T03:34:33,0.002,1.86
ip_shuffle,20260623T033433_374306,of:0000000000000006:1 -> of:000000000000000d:4,0.002,0.0025,0.002,0.002,1.5,2026-06-23T03:34:33,0.002,1.5
ip_shuffle,20260623T033433_374306,of:0000000000000007:2 -> of:000000000000000a:3,0.002,0.0025,0.002,0.002,1.66,2026-06-23T03:34:33,0.002,1.66
ip_shuffle,20260623T033433_374306,of:0000000000000007:1 -> of:000000000000000d:5,0.002,0.0025,0.002,0.002,2.33,2026-06-23T03:34:33,0.002,2.36
ip_shuffle,20260623T033433_374306,of:0000000000000002:2 -> of:0000000000000008:2,0.002,0.0025,0.002,0.002,1.6,2026-06-23T03:34:33,0.002,1.6
ip_shuffle,20260623T033433_374306,of:0000000000000003:2 -> of:0000000000000008:3,0.002,0.0025,0.002,0.002,1.6,2026-06-23T03:34:33,0.002,1.6
ip_shuffle,20260623T033433_374306,of:0000000000000008:1 -> of:000000000000000b:6,0.002,0.0025,0.002,0.002,1.5,2026-06-23T03:34:33,0.002,1.5
ip_shuffle,20260623T033433_374306,of:0000000000000004:2 -> of:0000000000000009:2,0.002,0.0025,0.002,0.002,1.6,2026-06-23T03:34:33,0.002,1.6
ip_shuffle,20260623T033433_374306,of:0000000000000002:1 -> of:000000000000000b:4,0.002,0.0025,0.002,0.002,2.46,2026-06-23T03:34:33,0.002,2.46
ip_shuffle,20260623T033433_374306,of:0000000000000009:1 -> of:000000000000000c:6,0.002,0.0025,0.002,0.002,1.5,2026-06-23T03:34:33,0.002,1.5
route_mutation,20260623T033544_427138,of:0000000000000004:1 -> of:000000000000000c:4,0.001,0.00125,0.001,0.001,1.37,2026-06-23T03:35:44,0.001,1.37
route_mutation,20260623T033544_427138,of:0000000000000005:1 -> of:000000000000000c:5,0.001,0.00125,0.001,0.001,1.4,2026-06-23T03:35:44,0.001,1.4
route_mutation,20260623T033544_427138,of:000000000000000a:1 -> of:000000000000000d:6,0.002,0.0025,0.002,0.002,1.43,2026-06-23T03:35:44,0.002,1.43
route_mutation,20260623T033544_427138,of:000000000000000b:3 -> of:000000000000000d:2,0.002,0.0025,0.002,0.002,1.53,2026-06-23T03:35:44,0.002,1.53
route_mutation,20260623T033544_427138,of:000000000000000c:3 -> of:000000000000000d:3,0.002,0.0025,0.002,0.002,1.53,2026-06-23T03:35:44,0.002,1.53
route_mutation,20260623T033544_427138,of:0000000000000005:2 -> of:0000000000000009:3,0.001,0.00125,0.001,0.001,1.47,2026-06-23T03:35:44,0.001,1.47
route_mutation,20260623T033544_427138,of:0000000000000001:1 -> of:000000000000000b:1,0.002,0.0025,0.002,0.002,2.36,2026-06-23T03:35:44,0.002,2.36
route_mutation,20260623T033544_427138,of:000000000000000b:2 -> of:000000000000000c:2,0.002,0.0025,0.002,0.002,1.57,2026-06-23T03:35:44,0.002,1.57
route_mutation,20260623T033544_427138,of:0000000000000001:2 -> of:000000000000000c:1,0.001,0.00125,0.001,0.001,1.37,2026-06-23T03:35:44,0.001,1.37
route_mutation,20260623T033544_427138,of:0000000000000006:2 -> of:000000000000000a:2,0.002,0.0025,0.002,0.002,1.53,2026-06-23T03:35:44,0.002,1.53
route_mutation,20260623T033544_427138,of:0000000000000001:3 -> of:000000000000000d:1,0.001,0.00125,0.001,0.001,1.37,2026-06-23T03:35:44,0.001,1.37
route_mutation,20260623T033544_427138,of:0000000000000003:1 -> of:000000000000000b:5,0.001,0.00125,0.001,0.001,1.4,2026-06-23T03:35:44,0.001,1.4
route_mutation,20260623T033544_427138,of:0000000000000006:1 -> of:000000000000000d:4,0.002,0.0025,0.002,0.002,1.43,2026-06-23T03:35:44,0.002,1.43
route_mutation,20260623T033544_427138,of:0000000000000007:2 -> of:000000000000000a:3,0.002,0.0025,0.002,0.002,1.53,2026-06-23T03:35:44,0.002,1.53
route_mutation,20260623T033544_427138,of:0000000000000007:1 -> of:000000000000000d:5,0.002,0.0025,0.002,0.002,1.43,2026-06-23T03:35:44,0.002,1.43
route_mutation,20260623T033544_427138,of:0000000000000002:2 -> of:0000000000000008:2,0.001,0.00125,0.001,0.001,1.47,2026-06-23T03:35:44,0.001,1.47
route_mutation,20260623T033544_427138,of:0000000000000003:2 -> of:0000000000000008:3,0.001,0.00125,0.001,0.001,1.47,2026-06-23T03:35:44,0.001,1.47
route_mutation,20260623T033544_427138,of:0000000000000008:1 -> of:000000000000000b:6,0.002,0.0025,0.002,0.002,1.43,2026-06-23T03:35:44,0.002,1.43
route_mutation,20260623T033544_427138,of:0000000000000004:2 -> of:0000000000000009:2,0.001,0.00125,0.001,0.001,1.47,2026-06-23T03:35:44,0.001,1.47
route_mutation,20260623T033544_427138,of:0000000000000002:1 -> of:000000000000000b:4,0.002,0.0025,0.002,0.002,2.36,2026-06-23T03:35:44,0.002,2.36
route_mutation,20260623T033544_427138,of:0000000000000009:1 -> of:000000000000000c:6,0.002,0.0025,0.002,0.002,1.43,2026-06-23T03:35:44,0.002,1.43
route_mutation,20260623T033614_756733,of:0000000000000004:1 -> of:000000000000000c:4,0.002,0.0025,0.002,0.002,2.23,2026-06-23T03:36:14,0.002,2.23
route_mutation,20260623T033614_756733,of:0000000000000005:1 -> of:000000000000000c:5,0.002,0.0025,0.002,0.002,2.1,2026-06-23T03:36:14,0.002,2.1
route_mutation,20260623T033614_756733,of:000000000000000a:1 -> of:000000000000000d:6,0.001,0.00125,0.001,0.001,1.37,2026-06-23T03:36:14,0.001,1.37
route_mutation,20260623T033614_756733,of:000000000000000b:3 -> of:000000000000000d:2,0.001,0.00125,0.001,0.001,1.46,2026-06-23T03:36:14,0.001,1.46
route_mutation,20260623T033614_756733,of:000000000000000c:3 -> of:000000000000000d:3,0.002,0.0025,0.002,0.002,1.53,2026-06-23T03:36:14,0.002,1.53
route_mutation,20260623T033614_756733,of:0000000000000005:2 -> of:0000000000000009:3,0.001,0.00125,0.001,0.001,1.46,2026-06-23T03:36:14,0.001,1.46
route_mutation,20260623T033614_756733,of:0000000000000001:1 -> of:000000000000000b:1,0.002,0.0025,0.002,0.002,2.43,2026-06-23T03:36:14,0.002,2.43
route_mutation,20260623T033614_756733,of:000000000000000b:2 -> of:000000000000000c:2,0.001,0.00125,0.001,0.001,1.46,2026-06-23T03:36:14,0.001,1.46
route_mutation,20260623T033614_756733,of:0000000000000001:2 -> of:000000000000000c:1,0.003,0.00375,0.003,0.003,2.83,2026-06-23T03:36:14,0.003,2.83
route_mutation,20260623T033614_756733,of:0000000000000006:2 -> of:000000000000000a:2,0.001,0.00125,0.001,0.001,1.4,2026-06-23T03:36:14,0.001,1.4
route_mutation,20260623T033614_756733,of:0000000000000001:3 -> of:000000000000000d:1,0.002,0.0025,0.002,0.002,1.43,2026-06-23T03:36:14,0.002,1.43
route_mutation,20260623T033614_756733,of:0000000000000003:1 -> of:000000000000000b:5,0.002,0.0025,0.002,0.002,2.33,2026-06-23T03:36:14,0.002,2.33
route_mutation,20260623T033614_756733,of:0000000000000006:1 -> of:000000000000000d:4,0.001,0.00125,0.001,0.001,1.37,2026-06-23T03:36:14,0.001,1.37
route_mutation,20260623T033614_756733,of:0000000000000007:2 -> of:000000000000000a:3,0.001,0.00125,0.001,0.001,1.4,2026-06-23T03:36:14,0.001,1.4
route_mutation,20260623T033614_756733,of:0000000000000007:1 -> of:000000000000000d:5,0.001,0.00125,0.001,0.001,1.37,2026-06-23T03:36:14,0.001,1.37
route_mutation,20260623T033614_756733,of:0000000000000002:2 -> of:0000000000000008:2,0.001,0.00125,0.001,0.001,1.46,2026-06-23T03:36:14,0.001,1.46
route_mutation,20260623T033614_756733,of:0000000000000003:2 -> of:0000000000000008:3,0.001,0.00125,0.001,0.001,1.46,2026-06-23T03:36:14,0.001,1.46
route_mutation,20260623T033614_756733,of:0000000000000008:1 -> of:000000000000000b:6,0.001,0.00125,0.001,0.001,1.3,2026-06-23T03:36:14,0.001,1.3
route_mutation,20260623T033614_756733,of:0000000000000004:2 -> of:0000000000000009:2,0.001,0.00125,0.001,0.001,1.46,2026-06-23T03:36:14,0.001,1.46
route_mutation,20260623T033614_756733,of:0000000000000002:1 -> of:000000000000000b:4,0.001,0.00125,0.001,0.001,1.4,2026-06-23T03:36:14,0.001,1.4
route_mutation,20260623T033614_756733,of:0000000000000009:1 -> of:000000000000000c:6,0.001,0.00125,0.001,0.001,1.37,2026-06-23T03:36:14,0.001,1.37
route_mutation,20260623T033645_096354,of:0000000000000004:1 -> of:000000000000000c:4,0.002,0.0025,0.002,0.002,2.03,2026-06-23T03:36:45,0.002,2.06
route_mutation,20260623T033645_096354,of:0000000000000005:1 -> of:000000000000000c:5,0.002,0.0025,0.002,0.002,2.16,2026-06-23T03:36:45,0.002,2.2
route_mutation,20260623T033645_096354,of:000000000000000a:1 -> of:000000000000000d:6,0.002,0.0025,0.002,0.002,2.03,2026-06-23T03:36:45,0.002,2.06
route_mutation,20260623T033645_096354,of:000000000000000b:3 -> of:000000000000000d:2,0.002,0.0025,0.002,0.002,2.86,2026-06-23T03:36:45,0.002,2.86
route_mutation,20260623T033645_096354,of:000000000000000c:3 -> of:000000000000000d:3,0.002,0.0025,0.002,0.002,2.8,2026-06-23T03:36:45,0.002,2.8
route_mutation,20260623T033645_096354,of:0000000000000005:2 -> of:0000000000000009:3,0.002,0.0025,0.002,0.002,2.83,2026-06-23T03:36:45,0.002,2.83
route_mutation,20260623T033645_096354,of:0000000000000001:1 -> of:000000000000000b:1,0.002,0.0025,0.002,0.002,2.13,2026-06-23T03:36:45,0.002,2.06
route_mutation,20260623T033645_096354,of:000000000000000b:2 -> of:000000000000000c:2,0.002,0.0025,0.002,0.002,2.86,2026-06-23T03:36:45,0.002,2.86
route_mutation,20260623T033645_096354,of:0000000000000001:2 -> of:000000000000000c:1,0.002,0.0025,0.002,0.002,2.26,2026-06-23T03:36:45,0.002,2.2
route_mutation,20260623T033645_096354,of:0000000000000006:2 -> of:000000000000000a:2,0.002,0.0025,0.002,0.002,2.86,2026-06-23T03:36:45,0.002,2.86
route_mutation,20260623T033645_096354,of:0000000000000001:3 -> of:000000000000000d:1,0.003,0.00375,0.003,0.003,4.33,2026-06-23T03:36:45,0.003,4.39
route_mutation,20260623T033645_096354,of:0000000000000003:1 -> of:000000000000000b:5,0.002,0.0025,0.002,0.002,2.06,2026-06-23T03:36:45,0.002,2.13
route_mutation,20260623T033645_096354,of:0000000000000006:1 -> of:000000000000000d:4,0.003,0.00375,0.003,0.003,3.43,2026-06-23T03:36:45,0.003,3.46
route_mutation,20260623T033645_096354,of:0000000000000007:2 -> of:000000000000000a:3,0.002,0.0025,0.002,0.002,2.86,2026-06-23T03:36:45,0.002,2.86
route_mutation,20260623T033645_096354,of:0000000000000007:1 -> of:000000000000000d:5,0.003,0.00375,0.003,0.003,3.3,2026-06-23T03:36:45,0.003,3.26
route_mutation,20260623T033645_096354,of:0000000000000002:2 -> of:0000000000000008:2,0.002,0.0025,0.002,0.002,2.83,2026-06-23T03:36:45,0.002,2.83
route_mutation,20260623T033645_096354,of:0000000000000003:2 -> of:0000000000000008:3,0.002,0.0025,0.002,0.002,2.83,2026-06-23T03:36:45,0.002,2.83
route_mutation,20260623T033645_096354,of:0000000000000008:1 -> of:000000000000000b:6,0.002,0.0025,0.002,0.002,2.1,2026-06-23T03:36:45,0.002,2.13
route_mutation,20260623T033645_096354,of:0000000000000004:2 -> of:0000000000000009:2,0.002,0.0025,0.002,0.002,2.83,2026-06-23T03:36:45,0.002,2.83
route_mutation,20260623T033645_096354,of:0000000000000002:1 -> of:000000000000000b:4,0.002,0.0025,0.002,0.002,2.06,2026-06-23T03:36:45,0.002,2.13
route_mutation,20260623T033645_096354,of:0000000000000009:1 -> of:000000000000000c:6,0.002,0.0025,0.002,0.002,2.03,2026-06-23T03:36:45,0.002,2.06
ip_shuffle,20260623T033715_420694,of:0000000000000004:1 -> of:000000000000000c:4,0.001,0.00125,0.001,0.001,1.3,2026-06-23T03:37:15,0.001,1.27
ip_shuffle,20260623T033715_420694,of:0000000000000005:1 -> of:000000000000000c:5,0.001,0.00125,0.001,0.001,1.3,2026-06-23T03:37:15,0.001,1.27
ip_shuffle,20260623T033715_420694,of:000000000000000a:1 -> of:000000000000000d:6,0.002,0.0025,0.002,0.002,1.37,2026-06-23T03:37:15,0.001,1.33
ip_shuffle,20260623T033715_420694,of:000000000000000b:3 -> of:000000000000000d:2,0.001,0.00125,0.001,0.001,1.33,2026-06-23T03:37:15,0.001,1.33
ip_shuffle,20260623T033715_420694,of:000000000000000c:3 -> of:000000000000000d:3,0.001,0.00125,0.001,0.001,1.33,2026-06-23T03:37:15,0.001,1.33
ip_shuffle,20260623T033715_420694,of:0000000000000005:2 -> of:0000000000000009:3,0.001,0.00125,0.001,0.001,1.37,2026-06-23T03:37:15,0.001,1.37
ip_shuffle,20260623T033715_420694,of:0000000000000001:1 -> of:000000000000000b:1,0.001,0.00125,0.001,0.001,1.27,2026-06-23T03:37:15,0.001,1.33
ip_shuffle,20260623T033715_420694,of:000000000000000b:2 -> of:000000000000000c:2,0.001,0.00125,0.001,0.001,1.33,2026-06-23T03:37:15,0.001,1.33
ip_shuffle,20260623T033715_420694,of:0000000000000001:2 -> of:000000000000000c:1,0.001,0.00125,0.001,0.001,1.27,2026-06-23T03:37:15,0.001,1.33
ip_shuffle,20260623T033715_420694,of:0000000000000006:2 -> of:000000000000000a:2,0.002,0.0025,0.002,0.002,1.4,2026-06-23T03:37:15,0.002,1.4
ip_shuffle,20260623T033715_420694,of:0000000000000001:3 -> of:000000000000000d:1,0.002,0.0025,0.002,0.002,1.6,2026-06-23T03:37:15,0.002,1.53
ip_shuffle,20260623T033715_420694,of:0000000000000003:1 -> of:000000000000000b:5,0.001,0.00125,0.001,0.001,1.33,2026-06-23T03:37:15,0.001,1.27
ip_shuffle,20260623T033715_420694,of:0000000000000006:1 -> of:000000000000000d:4,0.001,0.00125,0.001,0.001,1.37,2026-06-23T03:37:15,0.001,1.33
ip_shuffle,20260623T033715_420694,of:0000000000000007:2 -> of:000000000000000a:3,0.002,0.0025,0.002,0.002,1.4,2026-06-23T03:37:15,0.002,1.4
ip_shuffle,20260623T033715_420694,of:0000000000000007:1 -> of:000000000000000d:5,0.002,0.0025,0.002,0.002,1.57,2026-06-23T03:37:15,0.002,1.6
ip_shuffle,20260623T033715_420694,of:0000000000000002:2 -> of:0000000000000008:2,0.001,0.00125,0.001,0.001,1.37,2026-06-23T03:37:15,0.001,1.37
ip_shuffle,20260623T033715_420694,of:0000000000000003:2 -> of:0000000000000008:3,0.001,0.00125,0.001,0.001,1.37,2026-06-23T03:37:15,0.001,1.37
ip_shuffle,20260623T033715_420694,of:0000000000000008:1 -> of:000000000000000b:6,0.001,0.00125,0.001,0.001,1.37,2026-06-23T03:37:15,0.001,1.33
ip_shuffle,20260623T033715_420694,of:0000000000000004:2 -> of:0000000000000009:2,0.001,0.00125,0.001,0.001,1.37,2026-06-23T03:37:15,0.001,1.37
ip_shuffle,20260623T033715_420694,of:0000000000000002:1 -> of:000000000000000b:4,0.001,0.00125,0.001,0.001,1.33,2026-06-23T03:37:15,0.001,1.27
ip_shuffle,20260623T033715_420694,of:0000000000000009:1 -> of:000000000000000c:6,0.001,0.00125,0.001,0.001,1.37,2026-06-23T03:37:15,0.001,1.33
route_mutation,20260623T033813_092182,of:0000000000000004:1 -> of:000000000000000c:4,0.002,0.0025,0.002,0.002,1.66,2026-06-23T03:38:13,0.002,1.66
route_mutation,20260623T033813_092182,of:0000000000000005:1 -> of:000000000000000c:5,0.002,0.0025,0.002,0.002,2.23,2026-06-23T03:38:13,0.002,2.26
route_mutation,20260623T033813_092182,of:000000000000000a:1 -> of:000000000000000d:6,0.002,0.0025,0.002,0.002,1.66,2026-06-23T03:38:13,0.002,1.66
route_mutation,20260623T033813_092182,of:000000000000000b:3 -> of:000000000000000d:2,0.002,0.0025,0.002,0.002,2.0,2026-06-23T03:38:13,0.002,2.0
route_mutation,20260623T033813_092182,of:000000000000000c:3 -> of:000000000000000d:3,0.002,0.0025,0.002,0.002,2.0,2026-06-23T03:38:13,0.002,2.0
route_mutation,20260623T033813_092182,of:0000000000000005:2 -> of:0000000000000009:3,0.002,0.0025,0.002,0.002,2.13,2026-06-23T03:38:13,0.002,2.13
route_mutation,20260623T033813_092182,of:0000000000000001:1 -> of:000000000000000b:1,0.001,0.00125,0.001,0.001,1.6,2026-06-23T03:38:13,0.001,1.6
route_mutation,20260623T033813_092182,of:000000000000000b:2 -> of:000000000000000c:2,0.002,0.0025,0.002,0.002,2.0,2026-06-23T03:38:13,0.002,2.0
route_mutation,20260623T033813_092182,of:0000000000000001:2 -> of:000000000000000c:1,0.002,0.0025,0.002,0.002,1.93,2026-06-23T03:38:13,0.002,1.93
route_mutation,20260623T033813_092182,of:0000000000000006:2 -> of:000000000000000a:2,0.002,0.0025,0.002,0.002,2.13,2026-06-23T03:38:13,0.002,2.13
route_mutation,20260623T033813_092182,of:0000000000000001:3 -> of:000000000000000d:1,0.002,0.0025,0.002,0.002,2.7,2026-06-23T03:38:13,0.002,2.7
route_mutation,20260623T033813_092182,of:0000000000000003:1 -> of:000000000000000b:5,0.002,0.0025,0.002,0.002,1.66,2026-06-23T03:38:13,0.002,1.66
route_mutation,20260623T033813_092182,of:0000000000000006:1 -> of:000000000000000d:4,0.002,0.0025,0.002,0.002,2.73,2026-06-23T03:38:13,0.002,2.73
route_mutation,20260623T033813_092182,of:0000000000000007:2 -> of:000000000000000a:3,0.002,0.0025,0.002,0.002,2.13,2026-06-23T03:38:13,0.002,2.13
route_mutation,20260623T033813_092182,of:0000000000000007:1 -> of:000000000000000d:5,0.002,0.0025,0.002,0.002,1.66,2026-06-23T03:38:13,0.002,1.66
route_mutation,20260623T033813_092182,of:0000000000000002:2 -> of:0000000000000008:2,0.002,0.0025,0.002,0.002,2.13,2026-06-23T03:38:13,0.002,2.13
route_mutation,20260623T033813_092182,of:0000000000000003:2 -> of:0000000000000008:3,0.002,0.0025,0.002,0.002,2.13,2026-06-23T03:38:13,0.002,2.13
route_mutation,20260623T033813_092182,of:0000000000000008:1 -> of:000000000000000b:6,0.002,0.0025,0.002,0.002,1.66,2026-06-23T03:38:13,0.002,1.66
route_mutation,20260623T033813_092182,of:0000000000000004:2 -> of:0000000000000009:2,0.002,0.0025,0.002,0.002,2.13,2026-06-23T03:38:13,0.002,2.13
route_mutation,20260623T033813_092182,of:0000000000000002:1 -> of:000000000000000b:4,0.002,0.0025,0.002,0.002,1.66,2026-06-23T03:38:13,0.002,1.66
route_mutation,20260623T033813_092182,of:0000000000000009:1 -> of:000000000000000c:6,0.002,0.0025,0.002,0.002,1.66,2026-06-23T03:38:13,0.002,1.66
ip_shuffle,20260623T033843_294676,of:0000000000000004:1 -> of:000000000000000c:4,0.002,0.0025,0.002,0.002,1.76,2026-06-23T03:38:43,0.002,1.76
ip_shuffle,20260623T033843_294676,of:0000000000000005:1 -> of:000000000000000c:5,0.002,0.0025,0.002,0.002,1.76,2026-06-23T03:38:43,0.002,1.76
ip_shuffle,20260623T033843_294676,of:000000000000000a:1 -> of:000000000000000d:6,0.002,0.0025,0.002,0.002,1.76,2026-06-23T03:38:43,0.002,1.76
ip_shuffle,20260623T033843_294676,of:000000000000000b:3 -> of:000000000000000d:2,0.002,0.0025,0.002,0.002,2.2,2026-06-23T03:38:43,0.002,2.2
ip_shuffle,20260623T033843_294676,of:000000000000000c:3 -> of:000000000000000d:3,0.002,0.0025,0.002,0.002,2.2,2026-06-23T03:38:43,0.002,2.2
ip_shuffle,20260623T033843_294676,of:0000000000000005:2 -> of:0000000000000009:3,0.002,0.0025,0.002,0.002,2.2,2026-06-23T03:38:43,0.002,2.2
ip_shuffle,20260623T033843_294676,of:0000000000000001:1 -> of:000000000000000b:1,0.002,0.0025,0.002,0.002,1.76,2026-06-23T03:38:43,0.002,1.76
ip_shuffle,20260623T033843_294676,of:000000000000000b:2 -> of:000000000000000c:2,0.002,0.0025,0.002,0.002,2.2,2026-06-23T03:38:43,0.002,2.2
ip_shuffle,20260623T033843_294676,of:0000000000000001:2 -> of:000000000000000c:1,0.002,0.0025,0.002,0.002,1.76,2026-06-23T03:38:43,0.002,1.76
ip_shuffle,20260623T033843_294676,of:0000000000000006:2 -> of:000000000000000a:2,0.002,0.0025,0.002,0.002,2.2,2026-06-23T03:38:43,0.002,2.2
ip_shuffle,20260623T033843_294676,of:0000000000000001:3 -> of:000000000000000d:1,0.003,0.00375,0.003,0.003,3.2,2026-06-23T03:38:43,0.003,3.2
ip_shuffle,20260623T033843_294676,of:0000000000000003:1 -> of:000000000000000b:5,0.002,0.0025,0.002,0.002,1.7,2026-06-23T03:38:43,0.002,1.7
ip_shuffle,20260623T033843_294676,of:0000000000000006:1 -> of:000000000000000d:4,0.002,0.0025,0.002,0.002,2.0,2026-06-23T03:38:43,0.002,2.0
ip_shuffle,20260623T033843_294676,of:0000000000000007:2 -> of:000000000000000a:3,0.002,0.0025,0.002,0.002,2.2,2026-06-23T03:38:43,0.002,2.2
ip_shuffle,20260623T033843_294676,of:0000000000000007:1 -> of:000000000000000d:5,0.003,0.00375,0.003,0.003,3.2,2026-06-23T03:38:43,0.003,3.2
ip_shuffle,20260623T033843_294676,of:0000000000000002:2 -> of:0000000000000008:2,0.002,0.0025,0.002,0.002,2.13,2026-06-23T03:38:43,0.002,2.13
ip_shuffle,20260623T033843_294676,of:0000000000000003:2 -> of:0000000000000008:3,0.002,0.0025,0.002,0.002,2.13,2026-06-23T03:38:43,0.002,2.13
ip_shuffle,20260623T033843_294676,of:0000000000000008:1 -> of:000000000000000b:6,0.002,0.0025,0.002,0.002,1.76,2026-06-23T03:38:43,0.002,1.76
ip_shuffle,20260623T033843_294676,of:0000000000000004:2 -> of:0000000000000009:2,0.002,0.0025,0.002,0.002,2.2,2026-06-23T03:38:43,0.002,2.2
ip_shuffle,20260623T033843_294676,of:0000000000000002:1 -> of:000000000000000b:4,0.002,0.0025,0.002,0.002,1.7,2026-06-23T03:38:43,0.002,1.7
ip_shuffle,20260623T033843_294676,of:0000000000000009:1 -> of:000000000000000c:6,0.002,0.0025,0.002,0.002,1.76,2026-06-23T03:38:43,0.002,1.76
ip_shuffle,20260623T033947_342017,of:0000000000000004:1 -> of:000000000000000c:4,0.002,0.0025,0.002,0.002,2.3,2026-06-23T03:39:47,0.002,2.33
ip_shuffle,20260623T033947_342017,of:0000000000000005:1 -> of:000000000000000c:5,0.002,0.0025,0.002,0.002,2.3,2026-06-23T03:39:47,0.002,2.33
ip_shuffle,20260623T033947_342017,of:000000000000000a:1 -> of:000000000000000d:6,0.001,0.00125,0.001,0.001,1.47,2026-06-23T03:39:47,0.001,1.5
ip_shuffle,20260623T033947_342017,of:000000000000000b:3 -> of:000000000000000d:2,0.002,0.0025,0.002,0.002,1.76,2026-06-23T03:39:47,0.002,1.76
ip_shuffle,20260623T033947_342017,of:000000000000000c:3 -> of:000000000000000d:3,0.002,0.0025,0.002,0.002,1.76,2026-06-23T03:39:47,0.002,1.76
ip_shuffle,20260623T033947_342017,of:0000000000000005:2 -> of:0000000000000009:3,0.002,0.0025,0.002,0.002,1.83,2026-06-23T03:39:47,0.002,1.83
ip_shuffle,20260623T033947_342017,of:0000000000000001:1 -> of:000000000000000b:1,0.002,0.0025,0.002,0.002,2.36,2026-06-23T03:39:47,0.002,2.43
ip_shuffle,20260623T033947_342017,of:000000000000000b:2 -> of:000000000000000c:2,0.002,0.0025,0.002,0.002,1.73,2026-06-23T03:39:47,0.002,1.73
ip_shuffle,20260623T033947_342017,of:0000000000000001:2 -> of:000000000000000c:1,0.003,0.00375,0.003,0.003,3.06,2026-06-23T03:39:47,0.003,3.13
ip_shuffle,20260623T033947_342017,of:0000000000000006:2 -> of:000000000000000a:2,0.002,0.0025,0.002,0.002,1.76,2026-06-23T03:39:47,0.002,1.76
ip_shuffle,20260623T033947_342017,of:0000000000000001:3 -> of:000000000000000d:1,0.002,0.0025,0.002,0.002,2.1,2026-06-23T03:39:47,0.002,2.03
ip_shuffle,20260623T033947_342017,of:0000000000000003:1 -> of:000000000000000b:5,0.002,0.0025,0.002,0.002,2.53,2026-06-23T03:39:47,0.002,2.56
ip_shuffle,20260623T033947_342017,of:0000000000000006:1 -> of:000000000000000d:4,0.002,0.0025,0.002,0.002,1.93,2026-06-23T03:39:47,0.002,1.86
ip_shuffle,20260623T033947_342017,of:0000000000000007:2 -> of:000000000000000a:3,0.002,0.0025,0.002,0.002,1.76,2026-06-23T03:39:47,0.002,1.76
ip_shuffle,20260623T033947_342017,of:0000000000000007:1 -> of:000000000000000d:5,0.002,0.0025,0.002,0.001,1.5,2026-06-23T03:39:47,0.002,1.57
ip_shuffle,20260623T033947_342017,of:0000000000000002:2 -> of:0000000000000008:2,0.002,0.0025,0.002,0.002,1.8,2026-06-23T03:39:47,0.002,1.8
ip_shuffle,20260623T033947_342017,of:0000000000000003:2 -> of:0000000000000008:3,0.002,0.0025,0.002,0.002,1.8,2026-06-23T03:39:47,0.002,1.8
ip_shuffle,20260623T033947_342017,of:0000000000000008:1 -> of:000000000000000b:6,0.002,0.0025,0.002,0.002,1.53,2026-06-23T03:39:47,0.002,1.53
ip_shuffle,20260623T033947_342017,of:0000000000000004:2 -> of:0000000000000009:2,0.002,0.0025,0.002,0.002,1.83,2026-06-23T03:39:47,0.002,1.83
ip_shuffle,20260623T033947_342017,of:0000000000000002:1 -> of:000000000000000b:4,0.002,0.0025,0.002,0.002,1.63,2026-06-23T03:39:47,0.002,1.66
ip_shuffle,20260623T033947_342017,of:0000000000000009:1 -> of:000000000000000c:6,0.002,0.0025,0.002,0.002,1.53,2026-06-23T03:39:47,0.002,1.53
ip_shuffle,20260623T034051_440081,of:0000000000000004:1 -> of:000000000000000c:4,0.002,0.0025,0.002,0.002,1.67,2026-06-23T03:40:51,0.002,1.63
ip_shuffle,20260623T034051_440081,of:0000000000000005:1 -> of:000000000000000c:5,0.002,0.0025,0.002,0.002,1.67,2026-06-23T03:40:51,0.002,1.63
ip_shuffle,20260623T034051_440081,of:000000000000000a:1 -> of:000000000000000d:6,0.002,0.0025,0.002,0.002,1.7,2026-06-23T03:40:51,0.002,1.67
ip_shuffle,20260623T034051_440081,of:000000000000000b:3 -> of:000000000000000d:2,0.002,0.0025,0.002,0.002,2.03,2026-06-23T03:40:51,0.002,2.03
ip_shuffle,20260623T034051_440081,of:000000000000000c:3 -> of:000000000000000d:3,0.002,0.0025,0.002,0.002,2.0,2026-06-23T03:40:51,0.002,2.03
ip_shuffle,20260623T034051_440081,of:0000000000000005:2 -> of:0000000000000009:3,0.002,0.0025,0.002,0.002,2.03,2026-06-23T03:40:51,0.002,2.03
ip_shuffle,20260623T034051_440081,of:0000000000000001:1 -> of:000000000000000b:1,0.002,0.0025,0.002,0.002,1.7,2026-06-23T03:40:51,0.002,1.6
ip_shuffle,20260623T034051_440081,of:000000000000000b:2 -> of:000000000000000c:2,0.002,0.0025,0.002,0.002,2.06,2026-06-23T03:40:51,0.002,2.06
ip_shuffle,20260623T034051_440081,of:0000000000000001:2 -> of:000000000000000c:1,0.002,0.0025,0.002,0.002,1.7,2026-06-23T03:40:51,0.002,1.6
ip_shuffle,20260623T034051_440081,of:0000000000000006:2 -> of:000000000000000a:2,0.002,0.0025,0.002,0.002,2.03,2026-06-23T03:40:51,0.002,2.03
ip_shuffle,20260623T034051_440081,of:0000000000000001:3 -> of:000000000000000d:1,0.002,0.0025,0.002,0.002,2.36,2026-06-23T03:40:51,0.002,2.46
ip_shuffle,20260623T034051_440081,of:0000000000000003:1 -> of:000000000000000b:5,0.002,0.0025,0.002,0.002,1.73,2026-06-23T03:40:51,0.002,1.7
ip_shuffle,20260623T034051_440081,of:0000000000000006:1 -> of:000000000000000d:4,0.002,0.0025,0.002,0.002,1.93,2026-06-23T03:40:51,0.002,1.86
ip_shuffle,20260623T034051_440081,of:0000000000000007:2 -> of:000000000000000a:3,0.002,0.0025,0.002,0.002,2.0,2026-06-23T03:40:51,0.002,2.0
ip_shuffle,20260623T034051_440081,of:0000000000000007:1 -> of:000000000000000d:5,0.002,0.0025,0.002,0.002,2.6,2026-06-23T03:40:51,0.002,2.63
ip_shuffle,20260623T034051_440081,of:0000000000000002:2 -> of:0000000000000008:2,0.002,0.0025,0.002,0.002,2.03,2026-06-23T03:40:51,0.002,2.03
ip_shuffle,20260623T034051_440081,of:0000000000000003:2 -> of:0000000000000008:3,0.002,0.0025,0.002,0.002,2.03,2026-06-23T03:40:51,0.002,2.03
ip_shuffle,20260623T034051_440081,of:0000000000000008:1 -> of:000000000000000b:6,0.002,0.0025,0.002,0.002,1.63,2026-06-23T03:40:51,0.002,1.63
ip_shuffle,20260623T034051_440081,of:0000000000000004:2 -> of:0000000000000009:2,0.002,0.0025,0.002,0.002,2.03,2026-06-23T03:40:51,0.002,2.03
ip_shuffle,20260623T034051_440081,of:0000000000000002:1 -> of:000000000000000b:4,0.002,0.0025,0.002,0.002,1.73,2026-06-23T03:40:51,0.002,1.7
ip_shuffle,20260623T034051_440081,of:0000000000000009:1 -> of:000000000000000c:6,0.002,0.0025,0.002,0.002,1.7,2026-06-23T03:40:51,0.002,1.7
route_mutation,20260623T034149_175493,of:0000000000000004:1 -> of:000000000000000c:4,0.002,0.0025,0.002,0.002,2.53,2026-06-23T03:41:49,0.002,2.46
route_mutation,20260623T034149_175493,of:0000000000000005:1 -> of:000000000000000c:5,0.002,0.0025,0.002,0.002,2.53,2026-06-23T03:41:49,0.002,2.46
route_mutation,20260623T034149_175493,of:000000000000000a:1 -> of:000000000000000d:6,0.002,0.0025,0.002,0.002,1.7,2026-06-23T03:41:49,0.002,1.66
route_mutation,20260623T034149_175493,of:000000000000000b:3 -> of:000000000000000d:2,0.002,0.0025,0.002,0.002,2.0,2026-06-23T03:41:49,0.002,2.0
route_mutation,20260623T034149_175493,of:000000000000000c:3 -> of:000000000000000d:3,0.002,0.0025,0.002,0.002,2.0,2026-06-23T03:41:49,0.002,2.0
route_mutation,20260623T034149_175493,of:0000000000000005:2 -> of:0000000000000009:3,0.002,0.0025,0.002,0.002,2.1,2026-06-23T03:41:49,0.002,2.1
route_mutation,20260623T034149_175493,of:0000000000000001:1 -> of:000000000000000b:1,0.002,0.0025,0.002,0.002,1.7,2026-06-23T03:41:49,0.002,1.8
route_mutation,20260623T034149_175493,of:000000000000000b:2 -> of:000000000000000c:2,0.002,0.0025,0.002,0.002,2.0,2026-06-23T03:41:49,0.002,2.0
route_mutation,20260623T034149_175493,of:0000000000000001:2 -> of:000000000000000c:1,0.003,0.00375,0.003,0.003,3.2,2026-06-23T03:41:49,0.003,3.13
route_mutation,20260623T034149_175493,of:0000000000000006:2 -> of:000000000000000a:2,0.002,0.0025,0.002,0.002,2.06,2026-06-23T03:41:49,0.002,2.06
route_mutation,20260623T034149_175493,of:0000000000000001:3 -> of:000000000000000d:1,0.002,0.0025,0.002,0.002,2.56,2026-06-23T03:41:49,0.002,2.53
route_mutation,20260623T034149_175493,of:0000000000000003:1 -> of:000000000000000b:5,0.002,0.0025,0.002,0.002,1.83,2026-06-23T03:41:49,0.002,1.86
route_mutation,20260623T034149_175493,of:0000000000000006:1 -> of:000000000000000d:4,0.002,0.0025,0.002,0.002,2.56,2026-06-23T03:41:49,0.002,2.53
route_mutation,20260623T034149_175493,of:0000000000000007:2 -> of:000000000000000a:3,0.002,0.0025,0.002,0.002,2.06,2026-06-23T03:41:49,0.002,2.06
route_mutation,20260623T034149_175493,of:0000000000000007:1 -> of:000000000000000d:5,0.002,0.0025,0.002,0.002,1.7,2026-06-23T03:41:49,0.002,1.66
route_mutation,20260623T034149_175493,of:0000000000000002:2 -> of:0000000000000008:2,0.002,0.0025,0.002,0.002,2.03,2026-06-23T03:41:49,0.002,2.03
route_mutation,20260623T034149_175493,of:0000000000000003:2 -> of:0000000000000008:3,0.002,0.0025,0.002,0.002,2.03,2026-06-23T03:41:49,0.002,2.03
route_mutation,20260623T034149_175493,of:0000000000000008:1 -> of:000000000000000b:6,0.002,0.0025,0.002,0.002,1.7,2026-06-23T03:41:49,0.002,1.66
route_mutation,20260623T034149_175493,of:0000000000000004:2 -> of:0000000000000009:2,0.002,0.0025,0.002,0.002,2.1,2026-06-23T03:41:49,0.002,2.1
route_mutation,20260623T034149_175493,of:0000000000000002:1 -> of:000000000000000b:4,0.002,0.0025,0.002,0.002,1.66,2026-06-23T03:41:49,0.002,1.6
route_mutation,20260623T034149_175493,of:0000000000000009:1 -> of:000000000000000c:6,0.002,0.0025,0.002,0.002,1.7,2026-06-23T03:41:49,0.002,1.66
ip_shuffle,20260623T034219_380166,of:0000000000000004:1 -> of:000000000000000c:4,0.002,0.0025,0.002,0.002,1.9,2026-06-23T03:42:19,0.002,1.9
ip_shuffle,20260623T034219_380166,of:0000000000000005:1 -> of:000000000000000c:5,0.002,0.0025,0.002,0.002,1.9,2026-06-23T03:42:19,0.002,1.9
ip_shuffle,20260623T034219_380166,of:000000000000000a:1 -> of:000000000000000d:6,0.002,0.0025,0.002,0.002,1.96,2026-06-23T03:42:19,0.002,1.96
ip_shuffle,20260623T034219_380166,of:000000000000000b:3 -> of:000000000000000d:2,0.002,0.0025,0.002,0.002,2.6,2026-06-23T03:42:19,0.002,2.6
ip_shuffle,20260623T034219_380166,of:000000000000000c:3 -> of:000000000000000d:3,0.002,0.0025,0.002,0.002,2.6,2026-06-23T03:42:19,0.002,2.6
ip_shuffle,20260623T034219_380166,of:0000000000000005:2 -> of:0000000000000009:3,0.002,0.0025,0.002,0.002,2.53,2026-06-23T03:42:19,0.002,2.53
ip_shuffle,20260623T034219_380166,of:0000000000000001:1 -> of:000000000000000b:1,0.002,0.0025,0.002,0.002,1.96,2026-06-23T03:42:19,0.002,1.96
ip_shuffle,20260623T034219_380166,of:000000000000000b:2 -> of:000000000000000c:2,0.002,0.0025,0.002,0.002,2.6,2026-06-23T03:42:19,0.002,2.6
ip_shuffle,20260623T034219_380166,of:0000000000000001:2 -> of:000000000000000c:1,0.002,0.0025,0.002,0.002,1.96,2026-06-23T03:42:19,0.002,1.96
ip_shuffle,20260623T034219_380166,of:0000000000000006:2 -> of:000000000000000a:2,0.002,0.0025,0.002,0.002,2.53,2026-06-23T03:42:19,0.002,2.53
ip_shuffle,20260623T034219_380166,of:0000000000000001:3 -> of:000000000000000d:1,0.003,0.00375,0.003,0.003,3.63,2026-06-23T03:42:19,0.003,3.63
ip_shuffle,20260623T034219_380166,of:0000000000000003:1 -> of:000000000000000b:5,0.002,0.0025,0.002,0.002,1.96,2026-06-23T03:42:19,0.002,1.96
ip_shuffle,20260623T034219_380166,of:0000000000000006:1 -> of:000000000000000d:4,0.002,0.0025,0.002,0.002,2.2,2026-06-23T03:42:19,0.002,2.2
ip_shuffle,20260623T034219_380166,of:0000000000000007:2 -> of:000000000000000a:3,0.002,0.0025,0.002,0.002,2.53,2026-06-23T03:42:19,0.002,2.53
ip_shuffle,20260623T034219_380166,of:0000000000000007:1 -> of:000000000000000d:5,0.003,0.00375,0.003,0.003,3.3,2026-06-23T03:42:19,0.003,3.3
ip_shuffle,20260623T034219_380166,of:0000000000000002:2 -> of:0000000000000008:2,0.002,0.0025,0.002,0.002,2.53,2026-06-23T03:42:19,0.002,2.53
ip_shuffle,20260623T034219_380166,of:0000000000000003:2 -> of:0000000000000008:3,0.002,0.0025,0.002,0.002,2.53,2026-06-23T03:42:19,0.002,2.53
ip_shuffle,20260623T034219_380166,of:0000000000000008:1 -> of:000000000000000b:6,0.002,0.0025,0.002,0.002,1.9,2026-06-23T03:42:19,0.002,1.9
ip_shuffle,20260623T034219_380166,of:0000000000000004:2 -> of:0000000000000009:2,0.002,0.0025,0.002,0.002,2.53,2026-06-23T03:42:19,0.002,2.53
ip_shuffle,20260623T034219_380166,of:0000000000000002:1 -> of:000000000000000b:4,0.002,0.0025,0.002,0.002,1.96,2026-06-23T03:42:19,0.002,1.96
ip_shuffle,20260623T034219_380166,of:0000000000000009:1 -> of:000000000000000c:6,0.002,0.0025,0.002,0.002,1.96,2026-06-23T03:42:19,0.002,1.96
ip_shuffle,20260623T034317_078854,of:0000000000000004:1 -> of:000000000000000c:4,0.002,0.0025,0.002,0.002,2.23,2026-06-23T03:43:17,0.002,2.23
ip_shuffle,20260623T034317_078854,of:0000000000000005:1 -> of:000000000000000c:5,0.002,0.0025,0.002,0.002,2.2,2026-06-23T03:43:17,0.002,2.2
ip_shuffle,20260623T034317_078854,of:000000000000000a:1 -> of:000000000000000d:6,0.001,0.00125,0.001,0.001,1.37,2026-06-23T03:43:17,0.001,1.4
ip_shuffle,20260623T034317_078854,of:000000000000000b:3 -> of:000000000000000d:2,0.001,0.00125,0.001,0.001,1.5,2026-06-23T03:43:17,0.001,1.5
ip_shuffle,20260623T034317_078854,of:000000000000000c:3 -> of:000000000000000d:3,0.001,0.00125,0.001,0.001,1.5,2026-06-23T03:43:17,0.001,1.5
ip_shuffle,20260623T034317_078854,of:0000000000000005:2 -> of:0000000000000009:3,0.002,0.0025,0.002,0.002,1.53,2026-06-23T03:43:17,0.002,1.53
ip_shuffle,20260623T034317_078854,of:0000000000000001:1 -> of:000000000000000b:1,0.003,0.00375,0.003,0.003,3.03,2026-06-23T03:43:17,0.003,3.13
ip_shuffle,20260623T034317_078854,of:000000000000000b:2 -> of:000000000000000c:2,0.002,0.0025,0.002,0.002,1.53,2026-06-23T03:43:17,0.002,1.53
ip_shuffle,20260623T034317_078854,of:0000000000000001:2 -> of:000000000000000c:1,0.003,0.00375,0.003,0.003,3.03,2026-06-23T03:43:17,0.003,3.13
ip_shuffle,20260623T034317_078854,of:0000000000000006:2 -> of:000000000000000a:2,0.002,0.0025,0.002,0.002,1.53,2026-06-23T03:43:17,0.002,1.53
ip_shuffle,20260623T034317_078854,of:0000000000000001:3 -> of:000000000000000d:1,0.002,0.0025,0.002,0.002,1.66,2026-06-23T03:43:17,0.002,1.6
ip_shuffle,20260623T034317_078854,of:0000000000000003:1 -> of:000000000000000b:5,0.002,0.0025,0.002,0.002,2.63,2026-06-23T03:43:17,0.002,2.53
ip_shuffle,20260623T034317_078854,of:0000000000000006:1 -> of:000000000000000d:4,0.002,0.0025,0.002,0.002,1.46,2026-06-23T03:43:17,0.002,1.46
ip_shuffle,20260623T034317_078854,of:0000000000000007:2 -> of:000000000000000a:3,0.002,0.0025,0.002,0.002,1.53,2026-06-23T03:43:17,0.002,1.53
ip_shuffle,20260623T034317_078854,of:0000000000000007:1 -> of:000000000000000d:5,0.001,0.00125,0.001,0.001,1.37,2026-06-23T03:43:17,0.001,1.4
ip_shuffle,20260623T034317_078854,of:0000000000000002:2 -> of:0000000000000008:2,0.002,0.0025,0.002,0.002,1.7,2026-06-23T03:43:17,0.002,1.7
ip_shuffle,20260623T034317_078854,of:0000000000000003:2 -> of:0000000000000008:3,0.002,0.0025,0.002,0.002,1.7,2026-06-23T03:43:17,0.002,1.7
ip_shuffle,20260623T034317_078854,of:0000000000000008:1 -> of:000000000000000b:6,0.002,0.0025,0.002,0.002,1.43,2026-06-23T03:43:17,0.002,1.43
ip_shuffle,20260623T034317_078854,of:0000000000000004:2 -> of:0000000000000009:2,0.002,0.0025,0.002,0.002,1.53,2026-06-23T03:43:17,0.002,1.53
ip_shuffle,20260623T034317_078854,of:0000000000000002:1 -> of:000000000000000b:4,0.002,0.0025,0.002,0.002,2.43,2026-06-23T03:43:17,0.002,2.4
ip_shuffle,20260623T034317_078854,of:0000000000000009:1 -> of:000000000000000c:6,0.002,0.0025,0.002,0.002,1.43,2026-06-23T03:43:17,0.002,1.43
route_mutation,20260623T034414_877354,of:0000000000000004:1 -> of:000000000000000c:4,0.001,0.00125,0.001,0.001,1.4,2026-06-23T03:44:14,0.001,1.36
route_mutation,20260623T034414_877354,of:0000000000000005:1 -> of:000000000000000c:5,0.001,0.00125,0.001,0.001,1.4,2026-06-23T03:44:14,0.001,1.36
route_mutation,20260623T034414_877354,of:000000000000000a:1 -> of:000000000000000d:6,0.001,0.00125,0.001,0.001,1.36,2026-06-23T03:44:14,0.001,1.33
route_mutation,20260623T034414_877354,of:000000000000000b:3 -> of:000000000000000d:2,0.001,0.00125,0.001,0.001,1.43,2026-06-23T03:44:14,0.001,1.43
route_mutation,20260623T034414_877354,of:000000000000000c:3 -> of:000000000000000d:3,0.001,0.00125,0.001,0.001,1.43,2026-06-23T03:44:14,0.001,1.43
route_mutation,20260623T034414_877354,of:0000000000000005:2 -> of:0000000000000009:3,0.001,0.00125,0.001,0.001,1.5,2026-06-23T03:44:14,0.001,1.5
route_mutation,20260623T034414_877354,of:0000000000000001:1 -> of:000000000000000b:1,0.001,0.00125,0.001,0.001,1.3,2026-06-23T03:44:14,0.001,1.2
route_mutation,20260623T034414_877354,of:000000000000000b:2 -> of:000000000000000c:2,0.001,0.00125,0.001,0.001,1.4,2026-06-23T03:44:14,0.001,1.4
route_mutation,20260623T034414_877354,of:0000000000000001:2 -> of:000000000000000c:1,0.001,0.00125,0.001,0.001,1.3,2026-06-23T03:44:14,0.001,1.2
route_mutation,20260623T034414_877354,of:0000000000000006:2 -> of:000000000000000a:2,0.001,0.00125,0.001,0.001,1.5,2026-06-23T03:44:14,0.001,1.5
route_mutation,20260623T034414_877354,of:0000000000000001:3 -> of:000000000000000d:1,0.002,0.0025,0.002,0.002,1.5,2026-06-23T03:44:14,0.002,1.56
route_mutation,20260623T034414_877354,of:0000000000000003:1 -> of:000000000000000b:5,0.001,0.00125,0.001,0.001,1.2,2026-06-23T03:44:14,0.001,1.3
route_mutation,20260623T034414_877354,of:0000000000000006:1 -> of:000000000000000d:4,0.002,0.0025,0.002,0.002,1.46,2026-06-23T03:44:14,0.002,1.4
route_mutation,20260623T034414_877354,of:0000000000000007:2 -> of:000000000000000a:3,0.001,0.00125,0.001,0.001,1.46,2026-06-23T03:44:14,0.001,1.46
route_mutation,20260623T034414_877354,of:0000000000000007:1 -> of:000000000000000d:5,0.002,0.0025,0.002,0.002,1.73,2026-06-23T03:44:14,0.002,1.83
route_mutation,20260623T034414_877354,of:0000000000000002:2 -> of:0000000000000008:2,0.001,0.00125,0.001,0.001,1.3,2026-06-23T03:44:14,0.001,1.3
route_mutation,20260623T034414_877354,of:0000000000000003:2 -> of:0000000000000008:3,0.001,0.00125,0.001,0.001,1.3,2026-06-23T03:44:14,0.001,1.3
route_mutation,20260623T034414_877354,of:0000000000000008:1 -> of:000000000000000b:6,0.001,0.00125,0.001,0.001,1.3,2026-06-23T03:44:14,0.001,1.3
route_mutation,20260623T034414_877354,of:0000000000000004:2 -> of:0000000000000009:2,0.001,0.00125,0.001,0.001,1.5,2026-06-23T03:44:14,0.001,1.5
route_mutation,20260623T034414_877354,of:0000000000000002:1 -> of:000000000000000b:4,0.001,0.00125,0.001,0.001,1.2,2026-06-23T03:44:14,0.001,1.3
route_mutation,20260623T034414_877354,of:0000000000000009:1 -> of:000000000000000c:6,0.001,0.00125,0.001,0.001,1.3,2026-06-23T03:44:14,0.001,1.3
route_mutation,20260623T034445_191392,of:0000000000000004:1 -> of:000000000000000c:4,0.002,0.0025,0.002,0.002,2.23,2026-06-23T03:44:45,0.002,2.23
route_mutation,20260623T034445_191392,of:0000000000000005:1 -> of:000000000000000c:5,0.002,0.0025,0.002,0.002,1.53,2026-06-23T03:44:45,0.002,1.57
route_mutation,20260623T034445_191392,of:000000000000000a:1 -> of:000000000000000d:6,0.001,0.00125,0.001,0.001,1.47,2026-06-23T03:44:45,0.001,1.47
route_mutation,20260623T034445_191392,of:000000000000000b:3 -> of:000000000000000d:2,0.002,0.0025,0.002,0.002,1.7,2026-06-23T03:44:45,0.002,1.7
route_mutation,20260623T034445_191392,of:000000000000000c:3 -> of:000000000000000d:3,0.002,0.0025,0.002,0.002,1.67,2026-06-23T03:44:45,0.002,1.67
route_mutation,20260623T034445_191392,of:0000000000000005:2 -> of:0000000000000009:3,0.002,0.0025,0.002,0.002,1.73,2026-06-23T03:44:45,0.002,1.73
route_mutation,20260623T034445_191392,of:0000000000000001:1 -> of:000000000000000b:1,0.003,0.00375,0.003,0.003,3.6,2026-06-23T03:44:45,0.003,3.6
route_mutation,20260623T034445_191392,of:000000000000000b:2 -> of:000000000000000c:2,0.002,0.0025,0.002,0.002,1.73,2026-06-23T03:44:45,0.002,1.73
route_mutation,20260623T034445_191392,of:0000000000000001:2 -> of:000000000000000c:1,0.002,0.0025,0.002,0.002,2.53,2026-06-23T03:44:45,0.002,2.5
route_mutation,20260623T034445_191392,of:0000000000000006:2 -> of:000000000000000a:2,0.002,0.0025,0.002,0.002,1.73,2026-06-23T03:44:45,0.002,1.73
route_mutation,20260623T034445_191392,of:0000000000000001:3 -> of:000000000000000d:1,0.001,0.00125,0.001,0.001,1.47,2026-06-23T03:44:45,0.001,1.47
route_mutation,20260623T034445_191392,of:0000000000000003:1 -> of:000000000000000b:5,0.002,0.0025,0.002,0.002,2.56,2026-06-23T03:44:45,0.002,2.56
route_mutation,20260623T034445_191392,of:0000000000000006:1 -> of:000000000000000d:4,0.001,0.00125,0.001,0.001,1.5,2026-06-23T03:44:45,0.001,1.5
route_mutation,20260623T034445_191392,of:0000000000000007:2 -> of:000000000000000a:3,0.002,0.0025,0.002,0.002,1.73,2026-06-23T03:44:45,0.002,1.73
route_mutation,20260623T034445_191392,of:0000000000000007:1 -> of:000000000000000d:5,0.001,0.00125,0.001,0.001,1.5,2026-06-23T03:44:45,0.001,1.5
route_mutation,20260623T034445_191392,of:0000000000000002:2 -> of:0000000000000008:2,0.002,0.0025,0.002,0.002,1.73,2026-06-23T03:44:45,0.002,1.73
route_mutation,20260623T034445_191392,of:0000000000000003:2 -> of:0000000000000008:3,0.002,0.0025,0.002,0.002,1.73,2026-06-23T03:44:45,0.002,1.73
route_mutation,20260623T034445_191392,of:0000000000000008:1 -> of:000000000000000b:6,0.002,0.0025,0.002,0.002,1.53,2026-06-23T03:44:45,0.002,1.53
route_mutation,20260623T034445_191392,of:0000000000000004:2 -> of:0000000000000009:2,0.002,0.0025,0.002,0.002,1.77,2026-06-23T03:44:45,0.002,1.77
route_mutation,20260623T034445_191392,of:0000000000000002:1 -> of:000000000000000b:4,0.002,0.0025,0.002,0.002,2.56,2026-06-23T03:44:45,0.002,2.56
route_mutation,20260623T034445_191392,of:0000000000000009:1 -> of:000000000000000c:6,0.002,0.0025,0.002,0.002,1.57,2026-06-23T03:44:45,0.002,1.57
ip_shuffle,20260623T034515_531436,of:0000000000000004:1 -> of:000000000000000c:4,0.002,0.0025,0.002,0.002,2.0,2026-06-23T03:45:15,0.002,2.03
ip_shuffle,20260623T034515_531436,of:0000000000000005:1 -> of:000000000000000c:5,0.002,0.0025,0.002,0.002,2.7,2026-06-23T03:45:15,0.002,2.7
ip_shuffle,20260623T034515_531436,of:000000000000000a:1 -> of:000000000000000d:6,0.002,0.0025,0.002,0.002,2.0,2026-06-23T03:45:15,0.002,2.03
ip_shuffle,20260623T034515_531436,of:000000000000000b:3 -> of:000000000000000d:2,0.002,0.0025,0.002,0.002,2.7,2026-06-23T03:45:15,0.002,2.7
ip_shuffle,20260623T034515_531436,of:000000000000000c:3 -> of:000000000000000d:3,0.002,0.0025,0.002,0.002,2.7,2026-06-23T03:45:15,0.002,2.7
ip_shuffle,20260623T034515_531436,of:0000000000000005:2 -> of:0000000000000009:3,0.002,0.0025,0.002,0.002,2.56,2026-06-23T03:45:15,0.002,2.56
ip_shuffle,20260623T034515_531436,of:0000000000000001:1 -> of:000000000000000b:1,0.002,0.0025,0.002,0.002,2.0,2026-06-23T03:45:15,0.002,2.1
ip_shuffle,20260623T034515_531436,of:000000000000000b:2 -> of:000000000000000c:2,0.002,0.0025,0.002,0.002,2.66,2026-06-23T03:45:15,0.002,2.66
ip_shuffle,20260623T034515_531436,of:0000000000000001:2 -> of:000000000000000c:1,0.002,0.0025,0.002,0.002,2.6,2026-06-23T03:45:15,0.002,2.73
ip_shuffle,20260623T034515_531436,of:0000000000000006:2 -> of:000000000000000a:2,0.002,0.0025,0.002,0.002,2.56,2026-06-23T03:45:15,0.002,2.56
ip_shuffle,20260623T034515_531436,of:0000000000000001:3 -> of:000000000000000d:1,0.003,0.00375,0.003,0.003,3.93,2026-06-23T03:45:15,0.003,3.83
ip_shuffle,20260623T034515_531436,of:0000000000000003:1 -> of:000000000000000b:5,0.002,0.0025,0.002,0.002,2.1,2026-06-23T03:45:15,0.002,2.0
ip_shuffle,20260623T034515_531436,of:0000000000000006:1 -> of:000000000000000d:4,0.003,0.00375,0.003,0.003,3.1,2026-06-23T03:45:15,0.003,3.16
ip_shuffle,20260623T034515_531436,of:0000000000000007:2 -> of:000000000000000a:3,0.002,0.0025,0.002,0.002,2.56,2026-06-23T03:45:15,0.002,2.56
ip_shuffle,20260623T034515_531436,of:0000000000000007:1 -> of:000000000000000d:5,0.002,0.0025,0.002,0.002,2.43,2026-06-23T03:45:15,0.002,2.36
ip_shuffle,20260623T034515_531436,of:0000000000000002:2 -> of:0000000000000008:2,0.002,0.0025,0.002,0.002,2.76,2026-06-23T03:45:15,0.002,2.76
ip_shuffle,20260623T034515_531436,of:0000000000000003:2 -> of:0000000000000008:3,0.002,0.0025,0.002,0.002,2.76,2026-06-23T03:45:15,0.002,2.76
ip_shuffle,20260623T034515_531436,of:0000000000000008:1 -> of:000000000000000b:6,0.002,0.0025,0.002,0.002,2.0,2026-06-23T03:45:15,0.002,2.0
ip_shuffle,20260623T034515_531436,of:0000000000000004:2 -> of:0000000000000009:2,0.002,0.0025,0.002,0.002,2.56,2026-06-23T03:45:15,0.002,2.56
ip_shuffle,20260623T034515_531436,of:0000000000000002:1 -> of:000000000000000b:4,0.002,0.0025,0.002,0.002,2.1,2026-06-23T03:45:15,0.002,2.0
ip_shuffle,20260623T034515_531436,of:0000000000000009:1 -> of:000000000000000c:6,0.002,0.0025,0.002,0.002,2.0,2026-06-23T03:45:15,0.002,2.0
ip_shuffle,20260623T034619_530479,of:0000000000000004:1 -> of:000000000000000c:4,0.002,0.0025,0.002,0.002,1.46,2026-06-23T03:46:19,0.002,1.53
ip_shuffle,20260623T034619_530479,of:0000000000000005:1 -> of:000000000000000c:5,0.002,0.0025,0.002,0.002,1.46,2026-06-23T03:46:19,0.002,1.53
ip_shuffle,20260623T034619_530479,of:000000000000000a:1 -> of:000000000000000d:6,0.001,0.00125,0.001,0.001,1.43,2026-06-23T03:46:19,0.001,1.46
ip_shuffle,20260623T034619_530479,of:000000000000000b:3 -> of:000000000000000d:2,0.002,0.0025,0.002,0.002,1.63,2026-06-23T03:46:19,0.002,1.63
ip_shuffle,20260623T034619_530479,of:000000000000000c:3 -> of:000000000000000d:3,0.002,0.0025,0.002,0.002,1.66,2026-06-23T03:46:19,0.002,1.66
ip_shuffle,20260623T034619_530479,of:0000000000000005:2 -> of:0000000000000009:3,0.002,0.0025,0.002,0.002,1.63,2026-06-23T03:46:19,0.002,1.63
ip_shuffle,20260623T034619_530479,of:0000000000000001:1 -> of:000000000000000b:1,0.003,0.00375,0.003,0.003,3.53,2026-06-23T03:46:19,0.003,3.43
ip_shuffle,20260623T034619_530479,of:000000000000000b:2 -> of:000000000000000c:2,0.002,0.0025,0.002,0.002,1.7,2026-06-23T03:46:19,0.002,1.7
ip_shuffle,20260623T034619_530479,of:0000000000000001:2 -> of:000000000000000c:1,0.002,0.0025,0.002,0.002,1.63,2026-06-23T03:46:19,0.002,1.63
ip_shuffle,20260623T034619_530479,of:0000000000000006:2 -> of:000000000000000a:2,0.002,0.0025,0.002,0.002,1.66,2026-06-23T03:46:19,0.002,1.66
ip_shuffle,20260623T034619_530479,of:0000000000000001:3 -> of:000000000000000d:1,0.001,0.00125,0.001,0.001,1.46,2026-06-23T03:46:19,0.001,1.46
ip_shuffle,20260623T034619_530479,of:0000000000000003:1 -> of:000000000000000b:5,0.002,0.0025,0.002,0.002,2.4,2026-06-23T03:46:19,0.002,2.49
ip_shuffle,20260623T034619_530479,of:0000000000000006:1 -> of:000000000000000d:4,0.001,0.00125,0.001,0.001,1.43,2026-06-23T03:46:19,0.001,1.46
ip_shuffle,20260623T034619_530479,of:0000000000000007:2 -> of:000000000000000a:3,0.002,0.0025,0.002,0.002,1.66,2026-06-23T03:46:19,0.002,1.66
ip_shuffle,20260623T034619_530479,of:0000000000000007:1 -> of:000000000000000d:5,0.001,0.00125,0.001,0.001,1.43,2026-06-23T03:46:19,0.001,1.46
ip_shuffle,20260623T034619_530479,of:0000000000000002:2 -> of:0000000000000008:2,0.002,0.0025,0.002,0.002,1.7,2026-06-23T03:46:19,0.002,1.7
ip_shuffle,20260623T034619_530479,of:0000000000000003:2 -> of:0000000000000008:3,0.002,0.0025,0.002,0.002,1.7,2026-06-23T03:46:19,0.002,1.7
ip_shuffle,20260623T034619_530479,of:0000000000000008:1 -> of:000000000000000b:6,0.002,0.0025,0.002,0.002,1.5,2026-06-23T03:46:19,0.002,1.5
ip_shuffle,20260623T034619_530479,of:0000000000000004:2 -> of:0000000000000009:2,0.002,0.0025,0.002,0.002,1.63,2026-06-23T03:46:19,0.002,1.63
ip_shuffle,20260623T034619_530479,of:0000000000000002:1 -> of:000000000000000b:4,0.002,0.0025,0.002,0.002,2.56,2026-06-23T03:46:19,0.002,2.53
ip_shuffle,20260623T034619_530479,of:0000000000000009:1 -> of:000000000000000c:6,0.002,0.0025,0.002,0.002,1.5,2026-06-23T03:46:19,0.002,1.53
ip_shuffle,20260623T034717_080226,of:0000000000000004:1 -> of:000000000000000c:4,0.002,0.0025,0.002,0.002,1.86,2026-06-23T03:47:17,0.002,1.83
ip_shuffle,20260623T034717_080226,of:0000000000000005:1 -> of:000000000000000c:5,0.002,0.0025,0.002,0.002,1.86,2026-06-23T03:47:17,0.002,1.83
ip_shuffle,20260623T034717_080226,of:000000000000000a:1 -> of:000000000000000d:6,0.002,0.0025,0.002,0.002,1.86,2026-06-23T03:47:17,0.002,1.83
ip_shuffle,20260623T034717_080226,of:000000000000000b:3 -> of:000000000000000d:2,0.002,0.0025,0.002,0.002,2.43,2026-06-23T03:47:17,0.002,2.43
ip_shuffle,20260623T034717_080226,of:000000000000000c:3 -> of:000000000000000d:3,0.002,0.0025,0.002,0.002,2.4,2026-06-23T03:47:17,0.002,2.4
ip_shuffle,20260623T034717_080226,of:0000000000000005:2 -> of:0000000000000009:3,0.002,0.0025,0.002,0.002,2.5,2026-06-23T03:47:17,0.002,2.5
ip_shuffle,20260623T034717_080226,of:0000000000000001:1 -> of:000000000000000b:1,0.002,0.0025,0.002,0.002,1.8,2026-06-23T03:47:17,0.002,1.7
ip_shuffle,20260623T034717_080226,of:000000000000000b:2 -> of:000000000000000c:2,0.002,0.0025,0.002,0.002,2.36,2026-06-23T03:47:17,0.002,2.36
ip_shuffle,20260623T034717_080226,of:0000000000000001:2 -> of:000000000000000c:1,0.002,0.0025,0.002,0.002,1.76,2026-06-23T03:47:17,0.002,1.7
ip_shuffle,20260623T034717_080226,of:0000000000000006:2 -> of:000000000000000a:2,0.002,0.0025,0.002,0.002,2.46,2026-06-23T03:47:17,0.002,2.46
ip_shuffle,20260623T034717_080226,of:0000000000000001:3 -> of:000000000000000d:1,0.003,0.00375,0.003,0.003,3.03,2026-06-23T03:47:17,0.003,3.16
ip_shuffle,20260623T034717_080226,of:0000000000000003:1 -> of:000000000000000b:5,0.002,0.0025,0.002,0.002,1.73,2026-06-23T03:47:17,0.002,1.86
ip_shuffle,20260623T034717_080226,of:0000000000000006:1 -> of:000000000000000d:4,0.002,0.0025,0.002,0.002,2.03,2026-06-23T03:47:17,0.002,2.06
ip_shuffle,20260623T034717_080226,of:0000000000000007:2 -> of:000000000000000a:3,0.002,0.0025,0.002,0.002,2.4,2026-06-23T03:47:17,0.002,2.4
ip_shuffle,20260623T034717_080226,of:0000000000000007:1 -> of:000000000000000d:5,0.003,0.00375,0.003,0.003,3.16,2026-06-23T03:47:17,0.003,3.16
ip_shuffle,20260623T034717_080226,of:0000000000000002:2 -> of:0000000000000008:2,0.002,0.0025,0.002,0.002,2.33,2026-06-23T03:47:17,0.002,2.33
ip_shuffle,20260623T034717_080226,of:0000000000000003:2 -> of:0000000000000008:3,0.002,0.0025,0.002,0.002,2.33,2026-06-23T03:47:17,0.002,2.33
ip_shuffle,20260623T034717_080226,of:0000000000000008:1 -> of:000000000000000b:6,0.002,0.0025,0.002,0.002,1.8,2026-06-23T03:47:17,0.002,1.8
ip_shuffle,20260623T034717_080226,of:0000000000000004:2 -> of:0000000000000009:2,0.002,0.0025,0.002,0.002,2.5,2026-06-23T03:47:17,0.002,2.5
ip_shuffle,20260623T034717_080226,of:0000000000000002:1 -> of:000000000000000b:4,0.002,0.0025,0.002,0.002,1.73,2026-06-23T03:47:17,0.002,1.86
ip_shuffle,20260623T034717_080226,of:0000000000000009:1 -> of:000000000000000c:6,0.002,0.0025,0.002,0.002,1.8,2026-06-23T03:47:17,0.002,1.76
route_mutation,20260623T034821_237131,of:0000000000000004:1 -> of:000000000000000c:4,0.002,0.0025,0.002,0.002,2.53,2026-06-23T03:48:21,0.002,2.43
route_mutation,20260623T034821_237131,of:0000000000000005:1 -> of:000000000000000c:5,0.002,0.0025,0.002,0.002,2.53,2026-06-23T03:48:21,0.002,2.43
route_mutation,20260623T034821_237131,of:000000000000000a:1 -> of:000000000000000d:6,0.002,0.0025,0.002,0.002,1.63,2026-06-23T03:48:21,0.002,1.63
route_mutation,20260623T034821_237131,of:000000000000000b:3 -> of:000000000000000d:2,0.002,0.0025,0.002,0.002,1.93,2026-06-23T03:48:21,0.002,1.93
route_mutation,20260623T034821_237131,of:000000000000000c:3 -> of:000000000000000d:3,0.002,0.0025,0.002,0.002,1.93,2026-06-23T03:48:21,0.002,1.93
route_mutation,20260623T034821_237131,of:0000000000000005:2 -> of:0000000000000009:3,0.002,0.0025,0.002,0.002,2.03,2026-06-23T03:48:21,0.002,2.03
route_mutation,20260623T034821_237131,of:0000000000000001:1 -> of:000000000000000b:1,0.002,0.0025,0.002,0.002,2.4,2026-06-23T03:48:21,0.002,2.46
route_mutation,20260623T034821_237131,of:000000000000000b:2 -> of:000000000000000c:2,0.002,0.0025,0.002,0.002,1.93,2026-06-23T03:48:21,0.002,1.93
route_mutation,20260623T034821_237131,of:0000000000000001:2 -> of:000000000000000c:1,0.003,0.00375,0.003,0.003,3.23,2026-06-23T03:48:21,0.003,3.3
route_mutation,20260623T034821_237131,of:0000000000000006:2 -> of:000000000000000a:2,0.002,0.0025,0.002,0.002,1.86,2026-06-23T03:48:21,0.002,1.86
route_mutation,20260623T034821_237131,of:0000000000000001:3 -> of:000000000000000d:1,0.002,0.0025,0.002,0.002,2.4,2026-06-23T03:48:21,0.002,2.36
route_mutation,20260623T034821_237131,of:0000000000000003:1 -> of:000000000000000b:5,0.002,0.0025,0.002,0.002,2.5,2026-06-23T03:48:21,0.002,2.4
route_mutation,20260623T034821_237131,of:0000000000000006:1 -> of:000000000000000d:4,0.002,0.0025,0.002,0.002,2.1,2026-06-23T03:48:21,0.002,2.03
route_mutation,20260623T034821_237131,of:0000000000000007:2 -> of:000000000000000a:3,0.002,0.0025,0.002,0.002,1.93,2026-06-23T03:48:21,0.002,1.93
route_mutation,20260623T034821_237131,of:0000000000000007:1 -> of:000000000000000d:5,0.002,0.0025,0.002,0.002,1.63,2026-06-23T03:48:21,0.002,1.63
route_mutation,20260623T034821_237131,of:0000000000000002:2 -> of:0000000000000008:2,0.002,0.0025,0.002,0.002,2.03,2026-06-23T03:48:21,0.002,2.03
route_mutation,20260623T034821_237131,of:0000000000000003:2 -> of:0000000000000008:3,0.002,0.0025,0.002,0.002,2.03,2026-06-23T03:48:21,0.002,2.03
route_mutation,20260623T034821_237131,of:0000000000000008:1 -> of:000000000000000b:6,0.002,0.0025,0.002,0.002,1.63,2026-06-23T03:48:21,0.002,1.63
route_mutation,20260623T034821_237131,of:0000000000000004:2 -> of:0000000000000009:2,0.002,0.0025,0.002,0.002,2.03,2026-06-23T03:48:21,0.002,2.03
route_mutation,20260623T034821_237131,of:0000000000000002:1 -> of:000000000000000b:4,0.002,0.0025,0.002,0.002,1.73,2026-06-23T03:48:21,0.002,1.63
route_mutation,20260623T034821_237131,of:0000000000000009:1 -> of:000000000000000c:6,0.002,0.0025,0.002,0.002,1.63,2026-06-23T03:48:21,0.002,1.63
ip_shuffle,20260623T034851_478550,of:0000000000000004:1 -> of:000000000000000c:4,0.002,0.0025,0.002,0.002,1.96,2026-06-23T03:48:51,0.002,2.06
ip_shuffle,20260623T034851_478550,of:0000000000000005:1 -> of:000000000000000c:5,0.002,0.0025,0.002,0.002,1.96,2026-06-23T03:48:51,0.002,2.06
ip_shuffle,20260623T034851_478550,of:000000000000000a:1 -> of:000000000000000d:6,0.002,0.0025,0.002,0.002,2.06,2026-06-23T03:48:51,0.002,2.06
ip_shuffle,20260623T034851_478550,of:000000000000000b:3 -> of:000000000000000d:2,0.002,0.0025,0.002,0.002,2.86,2026-06-23T03:48:51,0.002,2.86
ip_shuffle,20260623T034851_478550,of:000000000000000c:3 -> of:000000000000000d:3,0.002,0.0025,0.002,0.002,2.86,2026-06-23T03:48:51,0.002,2.86
ip_shuffle,20260623T034851_478550,of:0000000000000005:2 -> of:0000000000000009:3,0.002,0.0025,0.002,0.002,2.76,2026-06-23T03:48:51,0.002,2.76
ip_shuffle,20260623T034851_478550,of:0000000000000001:1 -> of:000000000000000b:1,0.002,0.0025,0.002,0.002,2.0,2026-06-23T03:48:51,0.002,1.93
ip_shuffle,20260623T034851_478550,of:000000000000000b:2 -> of:000000000000000c:2,0.002,0.0025,0.002,0.002,2.8,2026-06-23T03:48:51,0.002,2.8
ip_shuffle,20260623T034851_478550,of:0000000000000001:2 -> of:000000000000000c:1,0.002,0.0025,0.002,0.002,2.0,2026-06-23T03:48:51,0.002,1.93
ip_shuffle,20260623T034851_478550,of:0000000000000006:2 -> of:000000000000000a:2,0.002,0.0025,0.002,0.002,2.86,2026-06-23T03:48:51,0.002,2.86
ip_shuffle,20260623T034851_478550,of:0000000000000001:3 -> of:000000000000000d:1,0.003,0.00375,0.003,0.003,3.9,2026-06-23T03:48:51,0.003,3.93
ip_shuffle,20260623T034851_478550,of:0000000000000003:1 -> of:000000000000000b:5,0.002,0.0025,0.002,0.002,1.96,2026-06-23T03:48:51,0.002,2.06
ip_shuffle,20260623T034851_478550,of:0000000000000006:1 -> of:000000000000000d:4,0.002,0.0025,0.002,0.002,2.8,2026-06-23T03:48:51,0.002,2.86
ip_shuffle,20260623T034851_478550,of:0000000000000007:2 -> of:000000000000000a:3,0.002,0.0025,0.002,0.002,2.8,2026-06-23T03:48:51,0.002,2.8
ip_shuffle,20260623T034851_478550,of:0000000000000007:1 -> of:000000000000000d:5,0.003,0.00375,0.003,0.003,3.43,2026-06-23T03:48:51,0.003,3.43
ip_shuffle,20260623T034851_478550,of:0000000000000002:2 -> of:0000000000000008:2,0.002,0.0025,0.002,0.002,2.76,2026-06-23T03:48:51,0.002,2.76
ip_shuffle,20260623T034851_478550,of:0000000000000003:2 -> of:0000000000000008:3,0.002,0.0025,0.002,0.002,2.76,2026-06-23T03:48:51,0.002,2.76
ip_shuffle,20260623T034851_478550,of:0000000000000008:1 -> of:000000000000000b:6,0.002,0.0025,0.002,0.002,2.0,2026-06-23T03:48:51,0.002,2.0
ip_shuffle,20260623T034851_478550,of:0000000000000004:2 -> of:0000000000000009:2,0.002,0.0025,0.002,0.002,2.8,2026-06-23T03:48:51,0.002,2.76
ip_shuffle,20260623T034851_478550,of:0000000000000002:1 -> of:000000000000000b:4,0.002,0.0025,0.002,0.002,1.96,2026-06-23T03:48:51,0.002,2.06
ip_shuffle,20260623T034851_478550,of:0000000000000009:1 -> of:000000000000000c:6,0.002,0.0025,0.002,0.002,2.0,2026-06-23T03:48:51,0.002,2.0
route_mutation,20260623T034949_139528,of:0000000000000004:1 -> of:000000000000000c:4,0.002,0.0025,0.002,0.002,2.33,2026-06-23T03:49:49,0.002,2.23
route_mutation,20260623T034949_139528,of:0000000000000005:1 -> of:000000000000000c:5,0.002,0.0025,0.002,0.002,2.3,2026-06-23T03:49:49,0.002,2.2
route_mutation,20260623T034949_139528,of:000000000000000a:1 -> of:000000000000000d:6,0.002,0.0025,0.002,0.002,1.43,2026-06-23T03:49:49,0.002,1.43
route_mutation,20260623T034949_139528,of:000000000000000b:3 -> of:000000000000000d:2,0.002,0.0025,0.002,0.002,1.53,2026-06-23T03:49:49,0.002,1.53
route_mutation,20260623T034949_139528,of:000000000000000c:3 -> of:000000000000000d:3,0.002,0.0025,0.002,0.002,1.53,2026-06-23T03:49:49,0.002,1.53
route_mutation,20260623T034949_139528,of:0000000000000005:2 -> of:0000000000000009:3,0.002,0.0025,0.002,0.002,1.63,2026-06-23T03:49:49,0.002,1.63
route_mutation,20260623T034949_139528,of:0000000000000001:1 -> of:000000000000000b:1,0.003,0.00375,0.003,0.003,3.09,2026-06-23T03:49:49,0.003,3.19
route_mutation,20260623T034949_139528,of:000000000000000b:2 -> of:000000000000000c:2,0.002,0.0025,0.002,0.002,1.53,2026-06-23T03:49:49,0.002,1.53
route_mutation,20260623T034949_139528,of:0000000000000001:2 -> of:000000000000000c:1,0.003,0.00375,0.003,0.003,2.99,2026-06-23T03:49:49,0.003,3.06
route_mutation,20260623T034949_139528,of:0000000000000006:2 -> of:000000000000000a:2,0.002,0.0025,0.002,0.002,1.7,2026-06-23T03:49:49,0.002,1.7
route_mutation,20260623T034949_139528,of:0000000000000001:3 -> of:000000000000000d:1,0.002,0.0025,0.002,0.002,1.63,2026-06-23T03:49:49,0.002,1.6
route_mutation,20260623T034949_139528,of:0000000000000003:1 -> of:000000000000000b:5,0.002,0.0025,0.002,0.002,2.53,2026-06-23T03:49:49,0.002,2.46
route_mutation,20260623T034949_139528,of:0000000000000006:1 -> of:000000000000000d:4,0.002,0.0025,0.002,0.002,1.66,2026-06-23T03:49:49,0.002,1.73
route_mutation,20260623T034949_139528,of:0000000000000007:2 -> of:000000000000000a:3,0.002,0.0025,0.002,0.002,1.53,2026-06-23T03:49:49,0.002,1.53
route_mutation,20260623T034949_139528,of:0000000000000007:1 -> of:000000000000000d:5,0.002,0.0025,0.002,0.002,1.43,2026-06-23T03:49:49,0.002,1.43
route_mutation,20260623T034949_139528,of:0000000000000002:2 -> of:0000000000000008:2,0.002,0.0025,0.002,0.002,1.6,2026-06-23T03:49:49,0.002,1.6
route_mutation,20260623T034949_139528,of:0000000000000003:2 -> of:0000000000000008:3,0.002,0.0025,0.002,0.002,1.6,2026-06-23T03:49:49,0.002,1.6
route_mutation,20260623T034949_139528,of:0000000000000008:1 -> of:000000000000000b:6,0.002,0.0025,0.002,0.002,1.43,2026-06-23T03:49:49,0.002,1.43
route_mutation,20260623T034949_139528,of:0000000000000004:2 -> of:0000000000000009:2,0.002,0.0025,0.002,0.002,1.63,2026-06-23T03:49:49,0.002,1.63
route_mutation,20260623T034949_139528,of:0000000000000002:1 -> of:000000000000000b:4,0.002,0.0025,0.002,0.002,2.1,2026-06-23T03:49:49,0.002,2.0
route_mutation,20260623T034949_139528,of:0000000000000009:1 -> of:000000000000000c:6,0.002,0.0025,0.002,0.002,1.43,2026-06-23T03:49:49,0.002,1.43
route_mutation,20260623T035019_445020,of:0000000000000004:1 -> of:000000000000000c:4,0.002,0.0025,0.002,0.002,2.23,2026-06-23T03:50:19,0.002,2.2
route_mutation,20260623T035019_445020,of:0000000000000005:1 -> of:000000000000000c:5,0.002,0.0025,0.002,0.002,2.26,2026-06-23T03:50:19,0.002,2.23
route_mutation,20260623T035019_445020,of:000000000000000a:1 -> of:000000000000000d:6,0.002,0.0025,0.002,0.002,2.13,2026-06-23T03:50:19,0.002,2.16
route_mutation,20260623T035019_445020,of:000000000000000b:3 -> of:000000000000000d:2,0.002,0.0025,0.002,0.002,3.03,2026-06-23T03:50:19,0.002,3.03
route_mutation,20260623T035019_445020,of:000000000000000c:3 -> of:000000000000000d:3,0.002,0.0025,0.002,0.002,3.09,2026-06-23T03:50:19,0.002,3.09
route_mutation,20260623T035019_445020,of:0000000000000005:2 -> of:0000000000000009:3,0.002,0.0025,0.002,0.002,3.03,2026-06-23T03:50:19,0.002,3.03
route_mutation,20260623T035019_445020,of:0000000000000001:1 -> of:000000000000000b:1,0.002,0.0025,0.002,0.002,2.06,2026-06-23T03:50:19,0.002,2.1
route_mutation,20260623T035019_445020,of:000000000000000b:2 -> of:000000000000000c:2,0.002,0.0025,0.002,0.002,2.99,2026-06-23T03:50:19,0.002,2.99
route_mutation,20260623T035019_445020,of:0000000000000001:2 -> of:000000000000000c:1,0.002,0.0025,0.002,0.002,2.16,2026-06-23T03:50:19,0.002,2.2
route_mutation,20260623T035019_445020,of:0000000000000006:2 -> of:000000000000000a:2,0.002,0.0025,0.002,0.002,3.03,2026-06-23T03:50:19,0.002,3.03
route_mutation,20260623T035019_445020,of:0000000000000001:3 -> of:000000000000000d:1,0.003,0.00375,0.003,0.003,4.33,2026-06-23T03:50:19,0.003,4.26
route_mutation,20260623T035019_445020,of:0000000000000003:1 -> of:000000000000000b:5,0.002,0.0025,0.002,0.002,2.16,2026-06-23T03:50:19,0.002,2.13
route_mutation,20260623T035019_445020,of:0000000000000006:1 -> of:000000000000000d:4,0.003,0.00375,0.003,0.003,3.36,2026-06-23T03:50:19,0.003,3.19
route_mutation,20260623T035019_445020,of:0000000000000007:2 -> of:000000000000000a:3,0.002,0.0025,0.002,0.002,2.89,2026-06-23T03:50:19,0.002,2.89
route_mutation,20260623T035019_445020,of:0000000000000007:1 -> of:000000000000000d:5,0.002,0.0025,0.002,0.002,3.09,2026-06-23T03:50:19,0.002,3.03
route_mutation,20260623T035019_445020,of:0000000000000002:2 -> of:0000000000000008:2,0.002,0.0025,0.002,0.002,3.03,2026-06-23T03:50:19,0.002,3.03
route_mutation,20260623T035019_445020,of:0000000000000003:2 -> of:0000000000000008:3,0.002,0.0025,0.002,0.002,3.03,2026-06-23T03:50:19,0.002,3.03
route_mutation,20260623T035019_445020,of:0000000000000008:1 -> of:000000000000000b:6,0.002,0.0025,0.002,0.002,2.06,2026-06-23T03:50:19,0.002,2.06
route_mutation,20260623T035019_445020,of:0000000000000004:2 -> of:0000000000000009:2,0.002,0.0025,0.002,0.002,3.03,2026-06-23T03:50:19,0.002,3.03
route_mutation,20260623T035019_445020,of:0000000000000002:1 -> of:000000000000000b:4,0.002,0.0025,0.002,0.002,2.16,2026-06-23T03:50:19,0.002,2.13
route_mutation,20260623T035019_445020,of:0000000000000009:1 -> of:000000000000000c:6,0.002,0.0025,0.002,0.002,2.13,2026-06-23T03:50:19,0.002,2.13
ip_shuffle,20260623T035049_826676,of:0000000000000004:1 -> of:000000000000000c:4,0.001,0.00125,0.001,0.001,1.2,2026-06-23T03:50:49,0.001,1.33
ip_shuffle,20260623T035049_826676,of:0000000000000005:1 -> of:000000000000000c:5,0.001,0.00125,0.001,0.001,1.2,2026-06-23T03:50:49,0.001,1.33
ip_shuffle,20260623T035049_826676,of:000000000000000a:1 -> of:000000000000000d:6,0.001,0.00125,0.001,0.001,1.4,2026-06-23T03:50:49,0.001,1.36
ip_shuffle,20260623T035049_826676,of:000000000000000b:3 -> of:000000000000000d:2,0.001,0.00125,0.001,0.001,1.5,2026-06-23T03:50:49,0.001,1.5
ip_shuffle,20260623T035049_826676,of:000000000000000c:3 -> of:000000000000000d:3,0.001,0.00125,0.001,0.001,1.43,2026-06-23T03:50:49,0.001,1.43
ip_shuffle,20260623T035049_826676,of:0000000000000005:2 -> of:0000000000000009:3,0.001,0.00125,0.001,0.001,1.4,2026-06-23T03:50:49,0.001,1.4
ip_shuffle,20260623T035049_826676,of:0000000000000001:1 -> of:000000000000000b:1,0.002,0.0025,0.002,0.002,1.46,2026-06-23T03:50:49,0.001,1.36
ip_shuffle,20260623T035049_826676,of:000000000000000b:2 -> of:000000000000000c:2,0.002,0.0025,0.002,0.002,1.53,2026-06-23T03:50:49,0.002,1.53
ip_shuffle,20260623T035049_826676,of:0000000000000001:2 -> of:000000000000000c:1,0.001,0.00125,0.001,0.001,1.4,2026-06-23T03:50:49,0.001,1.3
ip_shuffle,20260623T035049_826676,of:0000000000000006:2 -> of:000000000000000a:2,0.001,0.00125,0.001,0.001,1.4,2026-06-23T03:50:49,0.001,1.4
ip_shuffle,20260623T035049_826676,of:0000000000000001:3 -> of:000000000000000d:1,0.002,0.0025,0.002,0.002,1.6,2026-06-23T03:50:49,0.002,1.7
ip_shuffle,20260623T035049_826676,of:0000000000000003:1 -> of:000000000000000b:5,0.001,0.00125,0.001,0.001,1.3,2026-06-23T03:50:49,0.001,1.4
ip_shuffle,20260623T035049_826676,of:0000000000000006:1 -> of:000000000000000d:4,0.001,0.00125,0.001,0.001,1.2,2026-06-23T03:50:49,0.001,1.3
ip_shuffle,20260623T035049_826676,of:0000000000000007:2 -> of:000000000000000a:3,0.002,0.0025,0.002,0.002,1.63,2026-06-23T03:50:49,0.002,1.63
ip_shuffle,20260623T035049_826676,of:0000000000000007:1 -> of:000000000000000d:5,0.002,0.0025,0.002,0.002,1.83,2026-06-23T03:50:49,0.002,1.9
ip_shuffle,20260623T035049_826676,of:0000000000000002:2 -> of:0000000000000008:2,0.001,0.00125,0.001,0.001,1.43,2026-06-23T03:50:49,0.001,1.43
ip_shuffle,20260623T035049_826676,of:0000000000000003:2 -> of:0000000000000008:3,0.001,0.00125,0.001,0.001,1.43,2026-06-23T03:50:49,0.001,1.43
ip_shuffle,20260623T035049_826676,of:0000000000000008:1 -> of:000000000000000b:6,0.002,0.0025,0.002,0.002,1.46,2026-06-23T03:50:49,0.002,1.46
ip_shuffle,20260623T035049_826676,of:0000000000000004:2 -> of:0000000000000009:2,0.001,0.00125,0.001,0.001,1.4,2026-06-23T03:50:49,0.001,1.4
ip_shuffle,20260623T035049_826676,of:0000000000000002:1 -> of:000000000000000b:4,0.001,0.00125,0.001,0.001,1.3,2026-06-23T03:50:49,0.001,1.4
ip_shuffle,20260623T035049_826676,of:0000000000000009:1 -> of:000000000000000c:6,0.001,0.00125,0.001,0.001,1.4,2026-06-23T03:50:49,0.001,1.4
ip_shuffle,20260623T035154_086079,of:0000000000000004:1 -> of:000000000000000c:4,0.002,0.0025,0.002,0.002,2.2,2026-06-23T03:51:54,0.002,2.03
ip_shuffle,20260623T035154_086079,of:0000000000000005:1 -> of:000000000000000c:5,0.002,0.0025,0.002,0.002,2.73,2026-06-23T03:51:54,0.002,2.6
ip_shuffle,20260623T035154_086079,of:000000000000000a:1 -> of:000000000000000d:6,0.002,0.0025,0.002,0.002,1.9,2026-06-23T03:51:54,0.002,1.9
ip_shuffle,20260623T035154_086079,of:000000000000000b:3 -> of:000000000000000d:2,0.002,0.0025,0.002,0.002,2.53,2026-06-23T03:51:54,0.002,2.53
ip_shuffle,20260623T035154_086079,of:000000000000000c:3 -> of:000000000000000d:3,0.002,0.0025,0.002,0.002,2.6,2026-06-23T03:51:54,0.002,2.6
ip_shuffle,20260623T035154_086079,of:0000000000000005:2 -> of:0000000000000009:3,0.002,0.0025,0.002,0.002,2.66,2026-06-23T03:51:54,0.002,2.66
ip_shuffle,20260623T035154_086079,of:0000000000000001:1 -> of:000000000000000b:1,0.002,0.0025,0.002,0.002,1.9,2026-06-23T03:51:54,0.002,2.0
ip_shuffle,20260623T035154_086079,of:000000000000000b:2 -> of:000000000000000c:2,0.002,0.0025,0.002,0.002,2.53,2026-06-23T03:51:54,0.002,2.53
ip_shuffle,20260623T035154_086079,of:0000000000000001:2 -> of:000000000000000c:1,0.002,0.0025,0.002,0.002,2.73,2026-06-23T03:51:54,0.002,2.86
ip_shuffle,20260623T035154_086079,of:0000000000000006:2 -> of:000000000000000a:2,0.002,0.0025,0.002,0.002,2.66,2026-06-23T03:51:54,0.002,2.66
ip_shuffle,20260623T035154_086079,of:0000000000000001:3 -> of:000000000000000d:1,0.003,0.00375,0.003,0.003,3.86,2026-06-23T03:51:54,0.003,3.7
ip_shuffle,20260623T035154_086079,of:0000000000000003:1 -> of:000000000000000b:5,0.002,0.0025,0.002,0.002,2.0,2026-06-23T03:51:54,0.002,1.9
ip_shuffle,20260623T035154_086079,of:0000000000000006:1 -> of:000000000000000d:4,0.003,0.00375,0.003,0.003,3.3,2026-06-23T03:51:54,0.003,3.16
ip_shuffle,20260623T035154_086079,of:0000000000000007:2 -> of:000000000000000a:3,0.002,0.0025,0.002,0.002,2.43,2026-06-23T03:51:54,0.002,2.43
ip_shuffle,20260623T035154_086079,of:0000000000000007:1 -> of:000000000000000d:5,0.002,0.0025,0.002,0.002,2.4,2026-06-23T03:51:54,0.002,2.33
ip_shuffle,20260623T035154_086079,of:0000000000000002:2 -> of:0000000000000008:2,0.002,0.0025,0.002,0.002,2.6,2026-06-23T03:51:54,0.002,2.6
ip_shuffle,20260623T035154_086079,of:0000000000000003:2 -> of:0000000000000008:3,0.002,0.0025,0.002,0.002,2.6,2026-06-23T03:51:54,0.002,2.6
ip_shuffle,20260623T035154_086079,of:0000000000000008:1 -> of:000000000000000b:6,0.002,0.0025,0.002,0.002,1.83,2026-06-23T03:51:54,0.002,1.83
ip_shuffle,20260623T035154_086079,of:0000000000000004:2 -> of:0000000000000009:2,0.002,0.0025,0.002,0.002,2.66,2026-06-23T03:51:54,0.002,2.66
ip_shuffle,20260623T035154_086079,of:0000000000000002:1 -> of:000000000000000b:4,0.002,0.0025,0.002,0.002,2.0,2026-06-23T03:51:54,0.002,1.9
ip_shuffle,20260623T035154_086079,of:0000000000000009:1 -> of:000000000000000c:6,0.002,0.0025,0.002,0.002,1.9,2026-06-23T03:51:54,0.002,1.9
ip_shuffle,20260623T035305_188303,of:0000000000000004:1 -> of:000000000000000c:4,0.002,0.0025,0.002,0.002,1.7,2026-06-23T03:53:05,0.002,1.63
ip_shuffle,20260623T035305_188303,of:0000000000000005:1 -> of:000000000000000c:5,0.002,0.0025,0.002,0.002,1.6,2026-06-23T03:53:05,0.002,1.53
ip_shuffle,20260623T035305_188303,of:000000000000000a:1 -> of:000000000000000d:6,0.002,0.0025,0.002,0.002,1.53,2026-06-23T03:53:05,0.002,1.56
ip_shuffle,20260623T035305_188303,of:000000000000000b:3 -> of:000000000000000d:2,0.002,0.0025,0.002,0.002,1.76,2026-06-23T03:53:05,0.002,1.76
ip_shuffle,20260623T035305_188303,of:000000000000000c:3 -> of:000000000000000d:3,0.002,0.0025,0.002,0.002,1.76,2026-06-23T03:53:05,0.002,1.76
ip_shuffle,20260623T035305_188303,of:0000000000000005:2 -> of:0000000000000009:3,0.002,0.0025,0.002,0.002,1.8,2026-06-23T03:53:05,0.002,1.8
ip_shuffle,20260623T035305_188303,of:0000000000000001:1 -> of:000000000000000b:1,0.003,0.00375,0.003,0.003,3.56,2026-06-23T03:53:05,0.003,3.43
ip_shuffle,20260623T035305_188303,of:000000000000000b:2 -> of:000000000000000c:2,0.002,0.0025,0.002,0.002,1.73,2026-06-23T03:53:05,0.002,1.73
ip_shuffle,20260623T035305_188303,of:0000000000000001:2 -> of:000000000000000c:1,0.002,0.0025,0.002,0.002,1.56,2026-06-23T03:53:05,0.002,1.63
ip_shuffle,20260623T035305_188303,of:0000000000000006:2 -> of:000000000000000a:2,0.002,0.0025,0.002,0.002,1.73,2026-06-23T03:53:05,0.002,1.73
ip_shuffle,20260623T035305_188303,of:0000000000000001:3 -> of:000000000000000d:1,0.002,0.0025,0.002,0.002,2.46,2026-06-23T03:53:05,0.002,2.6
ip_shuffle,20260623T035305_188303,of:0000000000000003:1 -> of:000000000000000b:5,0.002,0.0025,0.002,0.002,2.4,2026-06-23T03:53:05,0.002,2.53
ip_shuffle,20260623T035305_188303,of:0000000000000006:1 -> of:000000000000000d:4,0.002,0.0025,0.002,0.002,1.83,2026-06-23T03:53:05,0.002,1.76
ip_shuffle,20260623T035305_188303,of:0000000000000007:2 -> of:000000000000000a:3,0.002,0.0025,0.002,0.002,1.73,2026-06-23T03:53:05,0.002,1.73
ip_shuffle,20260623T035305_188303,of:0000000000000007:1 -> of:000000000000000d:5,0.002,0.0025,0.002,0.002,2.73,2026-06-23T03:53:05,0.002,2.8
ip_shuffle,20260623T035305_188303,of:0000000000000002:2 -> of:0000000000000008:2,0.002,0.0025,0.002,0.002,1.8,2026-06-23T03:53:05,0.002,1.8
ip_shuffle,20260623T035305_188303,of:0000000000000003:2 -> of:0000000000000008:3,0.002,0.0025,0.002,0.002,1.8,2026-06-23T03:53:05,0.002,1.8
ip_shuffle,20260623T035305_188303,of:0000000000000008:1 -> of:000000000000000b:6,0.002,0.0025,0.002,0.002,1.53,2026-06-23T03:53:05,0.002,1.53
ip_shuffle,20260623T035305_188303,of:0000000000000004:2 -> of:0000000000000009:2,0.002,0.0025,0.002,0.002,1.8,2026-06-23T03:53:05,0.002,1.8
ip_shuffle,20260623T035305_188303,of:0000000000000002:1 -> of:000000000000000b:4,0.002,0.0025,0.002,0.002,2.63,2026-06-23T03:53:05,0.002,2.56
ip_shuffle,20260623T035305_188303,of:0000000000000009:1 -> of:000000000000000c:6,0.002,0.0025,0.002,0.002,1.53,2026-06-23T03:53:05,0.002,1.53
ip_shuffle,20260623T035402_946228,of:0000000000000004:1 -> of:000000000000000c:4,0.002,0.0025,0.002,0.001,1.6,2026-06-23T03:54:02,0.002,1.8
ip_shuffle,20260623T035402_946228,of:0000000000000005:1 -> of:000000000000000c:5,0.002,0.0025,0.002,0.001,1.6,2026-06-23T03:54:02,0.002,1.8
ip_shuffle,20260623T035402_946228,of:000000000000000a:1 -> of:000000000000000d:6,0.002,0.0025,0.002,0.002,1.86,2026-06-23T03:54:02,0.002,1.83
ip_shuffle,20260623T035402_946228,of:000000000000000b:3 -> of:000000000000000d:2,0.002,0.0025,0.002,0.002,2.36,2026-06-23T03:54:02,0.002,2.36
ip_shuffle,20260623T035402_946228,of:000000000000000c:3 -> of:000000000000000d:3,0.002,0.0025,0.002,0.002,2.36,2026-06-23T03:54:02,0.002,2.36
ip_shuffle,20260623T035402_946228,of:0000000000000005:2 -> of:0000000000000009:3,0.002,0.0025,0.002,0.002,2.26,2026-06-23T03:54:02,0.002,2.26
ip_shuffle,20260623T035402_946228,of:0000000000000001:1 -> of:000000000000000b:1,0.002,0.0025,0.002,0.002,1.8,2026-06-23T03:54:02,0.001,1.63
ip_shuffle,20260623T035402_946228,of:000000000000000b:2 -> of:000000000000000c:2,0.002,0.0025,0.002,0.002,2.4,2026-06-23T03:54:02,0.002,2.4
ip_shuffle,20260623T035402_946228,of:0000000000000001:2 -> of:000000000000000c:1,0.002,0.0025,0.002,0.002,1.8,2026-06-23T03:54:02,0.001,1.63
ip_shuffle,20260623T035402_946228,of:0000000000000006:2 -> of:000000000000000a:2,0.002,0.0025,0.002,0.002,2.33,2026-06-23T03:54:02,0.002,2.33
ip_shuffle,20260623T035402_946228,of:0000000000000001:3 -> of:000000000000000d:1,0.003,0.00375,0.003,0.003,3.63,2026-06-23T03:54:02,0.003,3.73
ip_shuffle,20260623T035402_946228,of:0000000000000003:1 -> of:000000000000000b:5,0.002,0.0025,0.002,0.001,1.6,2026-06-23T03:54:02,0.002,1.8
ip_shuffle,20260623T035402_946228,of:0000000000000006:1 -> of:000000000000000d:4,0.002,0.0025,0.002,0.002,2.03,2026-06-23T03:54:02,0.002,2.13
ip_shuffle,20260623T035402_946228,of:0000000000000007:2 -> of:000000000000000a:3,0.002,0.0025,0.002,0.002,2.66,2026-06-23T03:54:02,0.002,2.66
ip_shuffle,20260623T035402_946228,of:0000000000000007:1 -> of:000000000000000d:5,0.003,0.00375,0.003,0.003,3.99,2026-06-23T03:54:02,0.003,3.96
ip_shuffle,20260623T035402_946228,of:0000000000000002:2 -> of:0000000000000008:2,0.002,0.0025,0.002,0.002,2.3,2026-06-23T03:54:02,0.002,2.3
ip_shuffle,20260623T035402_946228,of:0000000000000003:2 -> of:0000000000000008:3,0.002,0.0025,0.002,0.002,2.3,2026-06-23T03:54:02,0.002,2.3
ip_shuffle,20260623T035402_946228,of:0000000000000008:1 -> of:000000000000000b:6,0.002,0.0025,0.002,0.002,1.86,2026-06-23T03:54:02,0.002,1.86
ip_shuffle,20260623T035402_946228,of:0000000000000004:2 -> of:0000000000000009:2,0.002,0.0025,0.002,0.002,2.26,2026-06-23T03:54:02,0.002,2.26
ip_shuffle,20260623T035402_946228,of:0000000000000002:1 -> of:000000000000000b:4,0.002,0.0025,0.002,0.001,1.6,2026-06-23T03:54:02,0.002,1.8
ip_shuffle,20260623T035402_946228,of:0000000000000009:1 -> of:000000000000000c:6,0.002,0.0025,0.002,0.002,1.86,2026-06-23T03:54:02,0.002,1.86
ip_shuffle,20260623T035500_643554,of:0000000000000004:1 -> of:000000000000000c:4,0.002,0.0025,0.002,0.002,2.56,2026-06-23T03:55:00,0.002,2.46
ip_shuffle,20260623T035500_643554,of:0000000000000005:1 -> of:000000000000000c:5,0.002,0.0025,0.002,0.002,2.56,2026-06-23T03:55:00,0.002,2.46
ip_shuffle,20260623T035500_643554,of:000000000000000a:1 -> of:000000000000000d:6,0.002,0.0025,0.002,0.002,1.7,2026-06-23T03:55:00,0.002,1.66
ip_shuffle,20260623T035500_643554,of:000000000000000b:3 -> of:000000000000000d:2,0.002,0.0025,0.002,0.002,2.03,2026-06-23T03:55:00,0.002,2.03
ip_shuffle,20260623T035500_643554,of:000000000000000c:3 -> of:000000000000000d:3,0.002,0.0025,0.002,0.002,2.0,2026-06-23T03:55:00,0.002,2.0
ip_shuffle,20260623T035500_643554,of:0000000000000005:2 -> of:0000000000000009:3,0.002,0.0025,0.002,0.002,2.06,2026-06-23T03:55:00,0.002,2.06
ip_shuffle,20260623T035500_643554,of:0000000000000001:1 -> of:000000000000000b:1,0.002,0.0025,0.002,0.002,2.33,2026-06-23T03:55:00,0.002,2.36
ip_shuffle,20260623T035500_643554,of:000000000000000b:2 -> of:000000000000000c:2,0.002,0.0025,0.002,0.002,2.03,2026-06-23T03:55:00,0.002,2.03
ip_shuffle,20260623T035500_643554,of:0000000000000001:2 -> of:000000000000000c:1,0.003,0.00375,0.003,0.003,3.26,2026-06-23T03:55:00,0.003,3.33
ip_shuffle,20260623T035500_643554,of:0000000000000006:2 -> of:000000000000000a:2,0.002,0.0025,0.002,0.002,2.13,2026-06-23T03:55:00,0.002,2.13
ip_shuffle,20260623T035500_643554,of:0000000000000001:3 -> of:000000000000000d:1,0.003,0.00375,0.003,0.003,2.93,2026-06-23T03:55:00,0.003,2.86
ip_shuffle,20260623T035500_643554,of:0000000000000003:1 -> of:000000000000000b:5,0.002,0.0025,0.002,0.002,2.36,2026-06-23T03:55:00,0.002,2.33
ip_shuffle,20260623T035500_643554,of:0000000000000006:1 -> of:000000000000000d:4,0.003,0.00375,0.003,0.003,2.86,2026-06-23T03:55:00,0.003,2.99
ip_shuffle,20260623T035500_643554,of:0000000000000007:2 -> of:000000000000000a:3,0.002,0.0025,0.002,0.002,2.13,2026-06-23T03:55:00,0.002,2.13
ip_shuffle,20260623T035500_643554,of:0000000000000007:1 -> of:000000000000000d:5,0.002,0.0025,0.002,0.002,1.76,2026-06-23T03:55:00,0.002,1.66
ip_shuffle,20260623T035500_643554,of:0000000000000002:2 -> of:0000000000000008:2,0.002,0.0025,0.002,0.002,2.03,2026-06-23T03:55:00,0.002,2.03
ip_shuffle,20260623T035500_643554,of:0000000000000003:2 -> of:0000000000000008:3,0.002,0.0025,0.002,0.002,2.03,2026-06-23T03:55:00,0.002,2.03
ip_shuffle,20260623T035500_643554,of:0000000000000008:1 -> of:000000000000000b:6,0.002,0.0025,0.002,0.002,1.63,2026-06-23T03:55:00,0.002,1.63
ip_shuffle,20260623T035500_643554,of:0000000000000004:2 -> of:0000000000000009:2,0.002,0.0025,0.002,0.002,2.06,2026-06-23T03:55:00,0.002,2.06
ip_shuffle,20260623T035500_643554,of:0000000000000002:1 -> of:000000000000000b:4,0.002,0.0025,0.002,0.002,1.73,2026-06-23T03:55:00,0.002,1.7
ip_shuffle,20260623T035500_643554,of:0000000000000009:1 -> of:000000000000000c:6,0.002,0.0025,0.002,0.002,1.63,2026-06-23T03:55:00,0.002,1.6
route_mutation,20260623T035558_393818,of:0000000000000004:1 -> of:000000000000000c:4,0.002,0.0025,0.002,0.002,1.43,2026-06-23T03:55:58,0.002,1.43
route_mutation,20260623T035558_393818,of:0000000000000005:1 -> of:000000000000000c:5,0.002,0.0025,0.002,0.002,1.43,2026-06-23T03:55:58,0.002,1.43
route_mutation,20260623T035558_393818,of:000000000000000a:1 -> of:000000000000000d:6,0.002,0.0025,0.002,0.002,1.43,2026-06-23T03:55:58,0.002,1.43
route_mutation,20260623T035558_393818,of:000000000000000b:3 -> of:000000000000000d:2,0.002,0.0025,0.002,0.002,1.53,2026-06-23T03:55:58,0.002,1.53
route_mutation,20260623T035558_393818,of:000000000000000c:3 -> of:000000000000000d:3,0.002,0.0025,0.002,0.002,1.53,2026-06-23T03:55:58,0.002,1.53
route_mutation,20260623T035558_393818,of:0000000000000005:2 -> of:0000000000000009:3,0.002,0.0025,0.002,0.002,1.53,2026-06-23T03:55:58,0.002,1.53
route_mutation,20260623T035558_393818,of:0000000000000001:1 -> of:000000000000000b:1,0.002,0.0025,0.002,0.002,2.2,2026-06-23T03:55:58,0.002,2.2
route_mutation,20260623T035558_393818,of:000000000000000b:2 -> of:000000000000000c:2,0.002,0.0025,0.002,0.002,1.53,2026-06-23T03:55:58,0.002,1.53
route_mutation,20260623T035558_393818,of:0000000000000001:2 -> of:000000000000000c:1,0.002,0.0025,0.002,0.002,1.43,2026-06-23T03:55:58,0.002,1.43
route_mutation,20260623T035558_393818,of:0000000000000006:2 -> of:000000000000000a:2,0.001,0.00125,0.001,0.001,1.46,2026-06-23T03:55:58,0.001,1.46
route_mutation,20260623T035558_393818,of:0000000000000001:3 -> of:000000000000000d:1,0.002,0.0025,0.002,0.002,1.66,2026-06-23T03:55:58,0.002,1.66
route_mutation,20260623T035558_393818,of:0000000000000003:1 -> of:000000000000000b:5,0.002,0.0025,0.002,0.002,1.43,2026-06-23T03:55:58,0.002,1.43
route_mutation,20260623T035558_393818,of:0000000000000006:1 -> of:000000000000000d:4,0.001,0.00125,0.001,0.001,1.36,2026-06-23T03:55:58,0.001,1.36
route_mutation,20260623T035558_393818,of:0000000000000007:2 -> of:000000000000000a:3,0.001,0.00125,0.001,0.001,1.46,2026-06-23T03:55:58,0.001,1.46
route_mutation,20260623T035558_393818,of:0000000000000007:1 -> of:000000000000000d:5,0.002,0.0025,0.002,0.002,1.56,2026-06-23T03:55:58,0.002,1.56
route_mutation,20260623T035558_393818,of:0000000000000002:2 -> of:0000000000000008:2,0.002,0.0025,0.002,0.002,1.53,2026-06-23T03:55:58,0.002,1.53
route_mutation,20260623T035558_393818,of:0000000000000003:2 -> of:0000000000000008:3,0.002,0.0025,0.002,0.002,1.53,2026-06-23T03:55:58,0.002,1.53
route_mutation,20260623T035558_393818,of:0000000000000008:1 -> of:000000000000000b:6,0.002,0.0025,0.002,0.002,1.43,2026-06-23T03:55:58,0.002,1.43
route_mutation,20260623T035558_393818,of:0000000000000004:2 -> of:0000000000000009:2,0.002,0.0025,0.002,0.002,1.53,2026-06-23T03:55:58,0.002,1.53
route_mutation,20260623T035558_393818,of:0000000000000002:1 -> of:000000000000000b:4,0.002,0.0025,0.002,0.002,2.2,2026-06-23T03:55:58,0.002,2.2
route_mutation,20260623T035558_393818,of:0000000000000009:1 -> of:000000000000000c:6,0.002,0.0025,0.002,0.002,1.43,2026-06-23T03:55:58,0.002,1.43
route_mutation,20260623T035628_716741,of:0000000000000004:1 -> of:000000000000000c:4,0.002,0.0025,0.002,0.002,2.4,2026-06-23T03:56:28,0.002,2.3
route_mutation,20260623T035628_716741,of:0000000000000005:1 -> of:000000000000000c:5,0.002,0.0025,0.002,0.002,2.4,2026-06-23T03:56:28,0.002,2.3
route_mutation,20260623T035628_716741,of:000000000000000a:1 -> of:000000000000000d:6,0.002,0.0025,0.002,0.002,1.46,2026-06-23T03:56:28,0.002,1.5
route_mutation,20260623T035628_716741,of:000000000000000b:3 -> of:000000000000000d:2,0.002,0.0025,0.002,0.002,1.63,2026-06-23T03:56:28,0.002,1.63
route_mutation,20260623T035628_716741,of:000000000000000c:3 -> of:000000000000000d:3,0.002,0.0025,0.002,0.002,1.66,2026-06-23T03:56:28,0.002,1.66
route_mutation,20260623T035628_716741,of:0000000000000005:2 -> of:0000000000000009:3,0.002,0.0025,0.002,0.002,1.73,2026-06-23T03:56:28,0.002,1.73
route_mutation,20260623T035628_716741,of:0000000000000001:1 -> of:000000000000000b:1,0.003,0.00375,0.003,0.003,2.76,2026-06-23T03:56:28,0.003,2.86
route_mutation,20260623T035628_716741,of:000000000000000b:2 -> of:000000000000000c:2,0.002,0.0025,0.002,0.002,1.63,2026-06-23T03:56:28,0.002,1.63
route_mutation,20260623T035628_716741,of:0000000000000001:2 -> of:000000000000000c:1,0.003,0.00375,0.003,0.003,3.09,2026-06-23T03:56:28,0.003,3.16
route_mutation,20260623T035628_716741,of:0000000000000006:2 -> of:000000000000000a:2,0.002,0.0025,0.002,0.002,1.73,2026-06-23T03:56:28,0.002,1.73
route_mutation,20260623T035628_716741,of:0000000000000001:3 -> of:000000000000000d:1,0.002,0.0025,0.002,0.002,1.86,2026-06-23T03:56:28,0.002,1.76
route_mutation,20260623T035628_716741,of:0000000000000003:1 -> of:000000000000000b:5,0.002,0.0025,0.002,0.002,2.63,2026-06-23T03:56:28,0.002,2.5
route_mutation,20260623T035628_716741,of:0000000000000006:1 -> of:000000000000000d:4,0.002,0.0025,0.002,0.002,1.8,2026-06-23T03:56:28,0.002,1.93
route_mutation,20260623T035628_716741,of:0000000000000007:2 -> of:000000000000000a:3,0.002,0.0025,0.002,0.002,1.76,2026-06-23T03:56:28,0.002,1.76
route_mutation,20260623T035628_716741,of:0000000000000007:1 -> of:000000000000000d:5,0.002,0.0025,0.002,0.002,1.63,2026-06-23T03:56:28,0.002,1.5
route_mutation,20260623T035628_716741,of:0000000000000002:2 -> of:0000000000000008:2,0.002,0.0025,0.002,0.002,1.96,2026-06-23T03:56:28,0.002,1.96
route_mutation,20260623T035628_716741,of:0000000000000003:2 -> of:0000000000000008:3,0.002,0.0025,0.002,0.002,1.96,2026-06-23T03:56:28,0.002,1.96
route_mutation,20260623T035628_716741,of:0000000000000008:1 -> of:000000000000000b:6,0.002,0.0025,0.002,0.002,1.7,2026-06-23T03:56:28,0.002,1.53
route_mutation,20260623T035628_716741,of:0000000000000004:2 -> of:0000000000000009:2,0.002,0.0025,0.002,0.002,1.73,2026-06-23T03:56:28,0.002,1.73
route_mutation,20260623T035628_716741,of:0000000000000002:1 -> of:000000000000000b:4,0.002,0.0025,0.002,0.002,1.86,2026-06-23T03:56:28,0.002,1.73
route_mutation,20260623T035628_716741,of:0000000000000009:1 -> of:000000000000000c:6,0.002,0.0025,0.002,0.002,1.46,2026-06-23T03:56:28,0.002,1.5
ip_shuffle,20260623T035658_906598,of:0000000000000004:1 -> of:000000000000000c:4,0.002,0.0025,0.002,0.002,1.93,2026-06-23T03:56:58,0.002,1.9
ip_shuffle,20260623T035658_906598,of:0000000000000005:1 -> of:000000000000000c:5,0.002,0.0025,0.002,0.002,1.93,2026-06-23T03:56:58,0.002,1.9
ip_shuffle,20260623T035658_906598,of:000000000000000a:1 -> of:000000000000000d:6,0.002,0.0025,0.002,0.002,1.86,2026-06-23T03:56:58,0.002,1.86
ip_shuffle,20260623T035658_906598,of:000000000000000b:3 -> of:000000000000000d:2,0.002,0.0025,0.002,0.002,2.53,2026-06-23T03:56:58,0.002,2.53
ip_shuffle,20260623T035658_906598,of:000000000000000c:3 -> of:000000000000000d:3,0.002,0.0025,0.002,0.002,2.5,2026-06-23T03:56:58,0.002,2.5
ip_shuffle,20260623T035658_906598,of:0000000000000005:2 -> of:0000000000000009:3,0.002,0.0025,0.002,0.002,2.6,2026-06-23T03:56:58,0.002,2.6
ip_shuffle,20260623T035658_906598,of:0000000000000001:1 -> of:000000000000000b:1,0.002,0.0025,0.002,0.002,1.86,2026-06-23T03:56:58,0.002,1.86
ip_shuffle,20260623T035658_906598,of:000000000000000b:2 -> of:000000000000000c:2,0.002,0.0025,0.002,0.002,2.5,2026-06-23T03:56:58,0.002,2.5
ip_shuffle,20260623T035658_906598,of:0000000000000001:2 -> of:000000000000000c:1,0.002,0.0025,0.002,0.002,1.83,2026-06-23T03:56:58,0.002,1.86
ip_shuffle,20260623T035658_906598,of:0000000000000006:2 -> of:000000000000000a:2,0.002,0.0025,0.002,0.002,2.6,2026-06-23T03:56:58,0.002,2.6
ip_shuffle,20260623T035658_906598,of:0000000000000001:3 -> of:000000000000000d:1,0.003,0.00375,0.003,0.003,3.53,2026-06-23T03:56:58,0.003,3.56
ip_shuffle,20260623T035658_906598,of:0000000000000003:1 -> of:000000000000000b:5,0.002,0.0025,0.002,0.002,1.83,2026-06-23T03:56:58,0.002,1.86
ip_shuffle,20260623T035658_906598,of:0000000000000006:1 -> of:000000000000000d:4,0.002,0.0025,0.002,0.002,3.03,2026-06-23T03:56:58,0.002,2.8
ip_shuffle,20260623T035658_906598,of:0000000000000007:2 -> of:000000000000000a:3,0.002,0.0025,0.002,0.002,2.56,2026-06-23T03:56:58,0.002,2.56
ip_shuffle,20260623T035658_906598,of:0000000000000007:1 -> of:000000000000000d:5,0.002,0.0025,0.002,0.002,2.66,2026-06-23T03:56:58,0.002,2.9
ip_shuffle,20260623T035658_906598,of:0000000000000002:2 -> of:0000000000000008:2,0.002,0.0025,0.002,0.002,2.53,2026-06-23T03:56:58,0.002,2.53
ip_shuffle,20260623T035658_906598,of:0000000000000003:2 -> of:0000000000000008:3,0.002,0.0025,0.002,0.002,2.53,2026-06-23T03:56:58,0.002,2.53
ip_shuffle,20260623T035658_906598,of:0000000000000008:1 -> of:000000000000000b:6,0.002,0.0025,0.002,0.002,1.9,2026-06-23T03:56:58,0.002,1.93
ip_shuffle,20260623T035658_906598,of:0000000000000004:2 -> of:0000000000000009:2,0.002,0.0025,0.002,0.002,2.6,2026-06-23T03:56:58,0.002,2.6
ip_shuffle,20260623T035658_906598,of:0000000000000002:1 -> of:000000000000000b:4,0.002,0.0025,0.002,0.002,1.83,2026-06-23T03:56:58,0.002,1.86
ip_shuffle,20260623T035658_906598,of:0000000000000009:1 -> of:000000000000000c:6,0.002,0.0025,0.002,0.002,1.86,2026-06-23T03:56:58,0.002,1.83
route_mutation,20260623T035756_649232,of:0000000000000004:1 -> of:000000000000000c:4,0.002,0.0025,0.002,0.002,2.06,2026-06-23T03:57:56,0.002,2.06
route_mutation,20260623T035756_649232,of:0000000000000005:1 -> of:000000000000000c:5,0.002,0.0025,0.002,0.002,1.53,2026-06-23T03:57:56,0.002,1.53
route_mutation,20260623T035756_649232,of:000000000000000a:1 -> of:000000000000000d:6,0.002,0.0025,0.002,0.002,1.53,2026-06-23T03:57:56,0.002,1.53
route_mutation,20260623T035756_649232,of:000000000000000b:3 -> of:000000000000000d:2,0.002,0.0025,0.002,0.002,1.73,2026-06-23T03:57:56,0.002,1.73
route_mutation,20260623T035756_649232,of:000000000000000c:3 -> of:000000000000000d:3,0.002,0.0025,0.002,0.002,1.73,2026-06-23T03:57:56,0.002,1.73
route_mutation,20260623T035756_649232,of:0000000000000005:2 -> of:0000000000000009:3,0.002,0.0025,0.002,0.002,1.83,2026-06-23T03:57:56,0.002,1.83
route_mutation,20260623T035756_649232,of:0000000000000001:1 -> of:000000000000000b:1,0.003,0.00375,0.003,0.003,3.56,2026-06-23T03:57:56,0.003,3.56
route_mutation,20260623T035756_649232,of:000000000000000b:2 -> of:000000000000000c:2,0.002,0.0025,0.002,0.002,1.73,2026-06-23T03:57:56,0.002,1.73
route_mutation,20260623T035756_649232,of:0000000000000001:2 -> of:000000000000000c:1,0.002,0.0025,0.002,0.002,2.0,2026-06-23T03:57:56,0.002,2.0
route_mutation,20260623T035756_649232,of:0000000000000006:2 -> of:000000000000000a:2,0.002,0.0025,0.002,0.002,1.73,2026-06-23T03:57:56,0.002,1.73
route_mutation,20260623T035756_649232,of:0000000000000001:3 -> of:000000000000000d:1,0.002,0.0025,0.002,0.002,1.63,2026-06-23T03:57:56,0.002,1.66
route_mutation,20260623T035756_649232,of:0000000000000003:1 -> of:000000000000000b:5,0.002,0.0025,0.002,0.002,2.53,2026-06-23T03:57:56,0.002,2.53
route_mutation,20260623T035756_649232,of:0000000000000006:1 -> of:000000000000000d:4,0.002,0.0025,0.002,0.002,1.6,2026-06-23T03:57:56,0.002,1.6
route_mutation,20260623T035756_649232,of:0000000000000007:2 -> of:000000000000000a:3,0.002,0.0025,0.002,0.002,1.73,2026-06-23T03:57:56,0.002,1.73
route_mutation,20260623T035756_649232,of:0000000000000007:1 -> of:000000000000000d:5,0.002,0.0025,0.002,0.002,1.66,2026-06-23T03:57:56,0.002,1.63
route_mutation,20260623T035756_649232,of:0000000000000002:2 -> of:0000000000000008:2,0.002,0.0025,0.002,0.002,1.73,2026-06-23T03:57:56,0.002,1.73
route_mutation,20260623T035756_649232,of:0000000000000003:2 -> of:0000000000000008:3,0.002,0.0025,0.002,0.002,1.73,2026-06-23T03:57:56,0.002,1.73
route_mutation,20260623T035756_649232,of:0000000000000008:1 -> of:000000000000000b:6,0.002,0.0025,0.002,0.002,1.53,2026-06-23T03:57:56,0.002,1.53
route_mutation,20260623T035756_649232,of:0000000000000004:2 -> of:0000000000000009:2,0.002,0.0025,0.002,0.002,1.8,2026-06-23T03:57:56,0.002,1.8
route_mutation,20260623T035756_649232,of:0000000000000002:1 -> of:000000000000000b:4,0.002,0.0025,0.002,0.002,2.56,2026-06-23T03:57:56,0.002,2.56
route_mutation,20260623T035756_649232,of:0000000000000009:1 -> of:000000000000000c:6,0.002,0.0025,0.002,0.002,1.6,2026-06-23T03:57:56,0.002,1.6
ip_shuffle,20260623T035827_005273,of:0000000000000004:1 -> of:000000000000000c:4,0.002,0.0025,0.002,0.002,2.03,2026-06-23T03:58:27,0.002,2.03
ip_shuffle,20260623T035827_005273,of:0000000000000005:1 -> of:000000000000000c:5,0.002,0.0025,0.002,0.002,2.56,2026-06-23T03:58:27,0.002,2.56
ip_shuffle,20260623T035827_005273,of:000000000000000a:1 -> of:000000000000000d:6,0.002,0.0025,0.002,0.002,1.76,2026-06-23T03:58:27,0.002,1.76
ip_shuffle,20260623T035827_005273,of:000000000000000b:3 -> of:000000000000000d:2,0.002,0.0025,0.002,0.002,2.26,2026-06-23T03:58:27,0.002,2.26
ip_shuffle,20260623T035827_005273,of:000000000000000c:3 -> of:000000000000000d:3,0.002,0.0025,0.002,0.002,2.26,2026-06-23T03:58:27,0.002,2.26
ip_shuffle,20260623T035827_005273,of:0000000000000005:2 -> of:0000000000000009:3,0.002,0.0025,0.002,0.002,2.33,2026-06-23T03:58:27,0.002,2.33
ip_shuffle,20260623T035827_005273,of:0000000000000001:1 -> of:000000000000000b:1,0.002,0.0025,0.002,0.002,1.73,2026-06-23T03:58:27,0.002,1.73
ip_shuffle,20260623T035827_005273,of:000000000000000b:2 -> of:000000000000000c:2,0.002,0.0025,0.002,0.002,2.2,2026-06-23T03:58:27,0.002,2.2
ip_shuffle,20260623T035827_005273,of:0000000000000001:2 -> of:000000000000000c:1,0.002,0.0025,0.002,0.002,2.83,2026-06-23T03:58:27,0.002,2.83
ip_shuffle,20260623T035827_005273,of:0000000000000006:2 -> of:000000000000000a:2,0.002,0.0025,0.002,0.002,2.26,2026-06-23T03:58:27,0.002,2.26
ip_shuffle,20260623T035827_005273,of:0000000000000001:3 -> of:000000000000000d:1,0.003,0.00375,0.003,0.003,3.3,2026-06-23T03:58:27,0.003,3.3
ip_shuffle,20260623T035827_005273,of:0000000000000003:1 -> of:000000000000000b:5,0.002,0.0025,0.002,0.002,1.73,2026-06-23T03:58:27,0.002,1.73
ip_shuffle,20260623T035827_005273,of:0000000000000006:1 -> of:000000000000000d:4,0.003,0.00375,0.003,0.003,3.2,2026-06-23T03:58:27,0.003,3.2
ip_shuffle,20260623T035827_005273,of:0000000000000007:2 -> of:000000000000000a:3,0.002,0.0025,0.002,0.002,2.26,2026-06-23T03:58:27,0.002,2.26
ip_shuffle,20260623T035827_005273,of:0000000000000007:1 -> of:000000000000000d:5,0.002,0.0025,0.002,0.002,2.23,2026-06-23T03:58:27,0.002,2.23
ip_shuffle,20260623T035827_005273,of:0000000000000002:2 -> of:0000000000000008:2,0.002,0.0025,0.002,0.002,2.26,2026-06-23T03:58:27,0.002,2.26
ip_shuffle,20260623T035827_005273,of:0000000000000003:2 -> of:0000000000000008:3,0.002,0.0025,0.002,0.002,2.26,2026-06-23T03:58:27,0.002,2.26
ip_shuffle,20260623T035827_005273,of:0000000000000008:1 -> of:000000000000000b:6,0.002,0.0025,0.002,0.002,1.76,2026-06-23T03:58:27,0.002,1.76
ip_shuffle,20260623T035827_005273,of:0000000000000004:2 -> of:0000000000000009:2,0.002,0.0025,0.002,0.002,2.33,2026-06-23T03:58:27,0.002,2.33
ip_shuffle,20260623T035827_005273,of:0000000000000002:1 -> of:000000000000000b:4,0.002,0.0025,0.002,0.002,1.7,2026-06-23T03:58:27,0.002,1.7
ip_shuffle,20260623T035827_005273,of:0000000000000009:1 -> of:000000000000000c:6,0.002,0.0025,0.002,0.002,1.76,2026-06-23T03:58:27,0.002,1.76
ip_shuffle,20260623T035931_148631,of:0000000000000004:1 -> of:000000000000000c:4,0.002,0.0025,0.002,0.002,1.43,2026-06-23T03:59:31,0.002,1.46
ip_shuffle,20260623T035931_148631,of:0000000000000005:1 -> of:000000000000000c:5,0.002,0.0025,0.002,0.002,1.43,2026-06-23T03:59:31,0.002,1.46
ip_shuffle,20260623T035931_148631,of:000000000000000a:1 -> of:000000000000000d:6,0.002,0.0025,0.002,0.002,1.53,2026-06-23T03:59:31,0.002,1.5
ip_shuffle,20260623T035931_148631,of:000000000000000b:3 -> of:000000000000000d:2,0.002,0.0025,0.002,0.002,1.56,2026-06-23T03:59:31,0.002,1.56
ip_shuffle,20260623T035931_148631,of:000000000000000c:3 -> of:000000000000000d:3,0.002,0.0025,0.002,0.002,1.56,2026-06-23T03:59:31,0.002,1.56
ip_shuffle,20260623T035931_148631,of:0000000000000005:2 -> of:0000000000000009:3,0.001,0.00125,0.001,0.001,1.46,2026-06-23T03:59:31,0.001,1.46
ip_shuffle,20260623T035931_148631,of:0000000000000001:1 -> of:000000000000000b:1,0.002,0.0025,0.002,0.002,1.8,2026-06-23T03:59:31,0.002,1.7
ip_shuffle,20260623T035931_148631,of:000000000000000b:2 -> of:000000000000000c:2,0.002,0.0025,0.002,0.002,1.6,2026-06-23T03:59:31,0.002,1.6
ip_shuffle,20260623T035931_148631,of:0000000000000001:2 -> of:000000000000000c:1,0.002,0.0025,0.002,0.002,1.46,2026-06-23T03:59:31,0.002,1.43
ip_shuffle,20260623T035931_148631,of:0000000000000006:2 -> of:000000000000000a:2,0.002,0.0025,0.002,0.002,1.63,2026-06-23T03:59:31,0.002,1.63
ip_shuffle,20260623T035931_148631,of:0000000000000001:3 -> of:000000000000000d:1,0.002,0.0025,0.002,0.002,1.9,2026-06-23T03:59:31,0.002,1.93
ip_shuffle,20260623T035931_148631,of:0000000000000003:1 -> of:000000000000000b:5,0.002,0.0025,0.002,0.002,1.43,2026-06-23T03:59:31,0.002,1.46
ip_shuffle,20260623T035931_148631,of:0000000000000006:1 -> of:000000000000000d:4,0.002,0.0025,0.002,0.002,1.83,2026-06-23T03:59:31,0.002,1.83
ip_shuffle,20260623T035931_148631,of:0000000000000007:2 -> of:000000000000000a:3,0.002,0.0025,0.002,0.002,1.63,2026-06-23T03:59:31,0.002,1.63
ip_shuffle,20260623T035931_148631,of:0000000000000007:1 -> of:000000000000000d:5,0.002,0.0025,0.002,0.002,1.43,2026-06-23T03:59:31,0.002,1.43
ip_shuffle,20260623T035931_148631,of:0000000000000002:2 -> of:0000000000000008:2,0.002,0.0025,0.002,0.002,1.53,2026-06-23T03:59:31,0.002,1.53
ip_shuffle,20260623T035931_148631,of:0000000000000003:2 -> of:0000000000000008:3,0.002,0.0025,0.002,0.002,1.53,2026-06-23T03:59:31,0.002,1.53
ip_shuffle,20260623T035931_148631,of:0000000000000008:1 -> of:000000000000000b:6,0.002,0.0025,0.002,0.002,1.43,2026-06-23T03:59:31,0.002,1.46
ip_shuffle,20260623T035931_148631,of:0000000000000004:2 -> of:0000000000000009:2,0.001,0.00125,0.001,0.001,1.46,2026-06-23T03:59:31,0.001,1.46
ip_shuffle,20260623T035931_148631,of:0000000000000002:1 -> of:000000000000000b:4,0.002,0.0025,0.002,0.002,1.7,2026-06-23T03:59:31,0.002,1.83
ip_shuffle,20260623T035931_148631,of:0000000000000009:1 -> of:000000000000000c:6,0.001,0.00125,0.001,0.001,1.36,2026-06-23T03:59:31,0.001,1.4
ip_shuffle,20260623T040042_051026,of:0000000000000004:1 -> of:000000000000000c:4,0.002,0.0025,0.002,0.002,1.43,2026-06-23T04:00:42,0.001,1.33
ip_shuffle,20260623T040042_051026,of:0000000000000005:1 -> of:000000000000000c:5,0.002,0.0025,0.002,0.002,1.43,2026-06-23T04:00:42,0.001,1.33
ip_shuffle,20260623T040042_051026,of:000000000000000a:1 -> of:000000000000000d:6,0.001,0.00125,0.001,0.001,1.37,2026-06-23T04:00:42,0.001,1.3
ip_shuffle,20260623T040042_051026,of:000000000000000b:3 -> of:000000000000000d:2,0.002,0.0025,0.002,0.002,1.37,2026-06-23T04:00:42,0.002,1.37
ip_shuffle,20260623T040042_051026,of:000000000000000c:3 -> of:000000000000000d:3,0.002,0.0025,0.002,0.002,1.37,2026-06-23T04:00:42,0.002,1.37
ip_shuffle,20260623T040042_051026,of:0000000000000005:2 -> of:0000000000000009:3,0.001,0.00125,0.001,0.001,1.47,2026-06-23T04:00:42,0.001,1.47
ip_shuffle,20260623T040042_051026,of:0000000000000001:1 -> of:000000000000000b:1,0.002,0.0025,0.002,0.002,1.47,2026-06-23T04:00:42,0.002,1.4
ip_shuffle,20260623T040042_051026,of:000000000000000b:2 -> of:000000000000000c:2,0.001,0.00125,0.001,0.001,1.33,2026-06-23T04:00:42,0.001,1.33
ip_shuffle,20260623T040042_051026,of:0000000000000001:2 -> of:000000000000000c:1,0.002,0.0025,0.002,0.001,1.33,2026-06-23T04:00:42,0.002,1.43
ip_shuffle,20260623T040042_051026,of:0000000000000006:2 -> of:000000000000000a:2,0.001,0.00125,0.001,0.001,1.47,2026-06-23T04:00:42,0.001,1.47
ip_shuffle,20260623T040042_051026,of:0000000000000001:3 -> of:000000000000000d:1,0.002,0.0025,0.002,0.001,1.37,2026-06-23T04:00:42,0.002,1.43
ip_shuffle,20260623T040042_051026,of:0000000000000003:1 -> of:000000000000000b:5,0.002,0.0025,0.002,0.002,1.43,2026-06-23T04:00:42,0.001,1.33
ip_shuffle,20260623T040042_051026,of:0000000000000006:1 -> of:000000000000000d:4,0.002,0.0025,0.002,0.002,1.43,2026-06-23T04:00:42,0.001,1.37
ip_shuffle,20260623T040042_051026,of:0000000000000007:2 -> of:000000000000000a:3,0.001,0.00125,0.001,0.001,1.47,2026-06-23T04:00:42,0.001,1.47
ip_shuffle,20260623T040042_051026,of:0000000000000007:1 -> of:000000000000000d:5,0.002,0.0025,0.002,0.002,1.43,2026-06-23T04:00:42,0.001,1.37
ip_shuffle,20260623T040042_051026,of:0000000000000002:2 -> of:0000000000000008:2,0.002,0.0025,0.002,0.002,1.53,2026-06-23T04:00:42,0.002,1.53
ip_shuffle,20260623T040042_051026,of:0000000000000003:2 -> of:0000000000000008:3,0.002,0.0025,0.002,0.002,1.53,2026-06-23T04:00:42,0.002,1.53
ip_shuffle,20260623T040042_051026,of:0000000000000008:1 -> of:000000000000000b:6,0.002,0.0025,0.002,0.002,1.43,2026-06-23T04:00:42,0.001,1.33
ip_shuffle,20260623T040042_051026,of:0000000000000004:2 -> of:0000000000000009:2,0.001,0.00125,0.001,0.001,1.47,2026-06-23T04:00:42,0.001,1.47
ip_shuffle,20260623T040042_051026,of:0000000000000002:1 -> of:000000000000000b:4,0.002,0.0025,0.002,0.002,1.4,2026-06-23T04:00:42,0.002,1.47
ip_shuffle,20260623T040042_051026,of:0000000000000009:1 -> of:000000000000000c:6,0.001,0.00125,0.001,0.001,1.37,2026-06-23T04:00:42,0.001,1.27
route_mutation,20260623T040139_783665,of:0000000000000004:1 -> of:000000000000000c:4,0.002,0.0025,0.002,0.002,2.2,2026-06-23T04:01:39,0.002,2.1
route_mutation,20260623T040139_783665,of:0000000000000005:1 -> of:000000000000000c:5,0.002,0.0025,0.002,0.002,2.66,2026-06-23T04:01:39,0.002,2.56
route_mutation,20260623T040139_783665,of:000000000000000a:1 -> of:000000000000000d:6,0.002,0.0025,0.002,0.002,1.9,2026-06-23T04:01:39,0.002,1.76
route_mutation,20260623T040139_783665,of:000000000000000b:3 -> of:000000000000000d:2,0.002,0.0025,0.002,0.002,2.4,2026-06-23T04:01:39,0.002,2.4
route_mutation,20260623T040139_783665,of:000000000000000c:3 -> of:000000000000000d:3,0.002,0.0025,0.002,0.002,2.26,2026-06-23T04:01:39,0.002,2.26
route_mutation,20260623T040139_783665,of:0000000000000005:2 -> of:0000000000000009:3,0.002,0.0025,0.002,0.002,2.5,2026-06-23T04:01:39,0.002,2.5
route_mutation,20260623T040139_783665,of:0000000000000001:1 -> of:000000000000000b:1,0.002,0.0025,0.002,0.002,1.96,2026-06-23T04:01:39,0.002,1.9
route_mutation,20260623T040139_783665,of:000000000000000b:2 -> of:000000000000000c:2,0.002,0.0025,0.002,0.002,2.46,2026-06-23T04:01:39,0.002,2.46
route_mutation,20260623T040139_783665,of:0000000000000001:2 -> of:000000000000000c:1,0.003,0.00375,0.003,0.003,3.03,2026-06-23T04:01:39,0.003,3.1
route_mutation,20260623T040139_783665,of:0000000000000006:2 -> of:000000000000000a:2,0.002,0.0025,0.002,0.002,2.5,2026-06-23T04:01:39,0.002,2.5
route_mutation,20260623T040139_783665,of:0000000000000001:3 -> of:000000000000000d:1,0.003,0.00375,0.003,0.003,3.43,2026-06-23T04:01:39,0.003,3.33
route_mutation,20260623T040139_783665,of:0000000000000003:1 -> of:000000000000000b:5,0.002,0.0025,0.002,0.002,1.93,2026-06-23T04:01:39,0.002,1.96
route_mutation,20260623T040139_783665,of:0000000000000006:1 -> of:000000000000000d:4,0.003,0.00375,0.003,0.003,3.16,2026-06-23T04:01:39,0.003,3.06
route_mutation,20260623T040139_783665,of:0000000000000007:2 -> of:000000000000000a:3,0.002,0.0025,0.002,0.002,2.53,2026-06-23T04:01:39,0.002,2.53
route_mutation,20260623T040139_783665,of:0000000000000007:1 -> of:000000000000000d:5,0.002,0.0025,0.002,0.002,2.16,2026-06-23T04:01:39,0.002,2.33
route_mutation,20260623T040139_783665,of:0000000000000002:2 -> of:0000000000000008:2,0.002,0.0025,0.002,0.002,2.56,2026-06-23T04:01:39,0.002,2.56
route_mutation,20260623T040139_783665,of:0000000000000003:2 -> of:0000000000000008:3,0.002,0.0025,0.002,0.002,2.56,2026-06-23T04:01:39,0.002,2.56
route_mutation,20260623T040139_783665,of:0000000000000008:1 -> of:000000000000000b:6,0.002,0.0025,0.002,0.002,1.96,2026-06-23T04:01:39,0.002,1.96
route_mutation,20260623T040139_783665,of:0000000000000004:2 -> of:0000000000000009:2,0.002,0.0025,0.002,0.002,2.5,2026-06-23T04:01:39,0.002,2.5
route_mutation,20260623T040139_783665,of:0000000000000002:1 -> of:000000000000000b:4,0.002,0.0025,0.002,0.002,1.93,2026-06-23T04:01:39,0.002,1.96
route_mutation,20260623T040139_783665,of:0000000000000009:1 -> of:000000000000000c:6,0.002,0.0025,0.002,0.002,1.96,2026-06-23T04:01:39,0.002,1.83
ip_shuffle,20260623T040210_040315,of:0000000000000004:1 -> of:000000000000000c:4,0.002,0.0025,0.002,0.002,1.57,2026-06-23T04:02:10,0.002,1.66
ip_shuffle,20260623T040210_040315,of:0000000000000005:1 -> of:000000000000000c:5,0.002,0.0025,0.002,0.002,1.57,2026-06-23T04:02:10,0.002,1.66
ip_shuffle,20260623T040210_040315,of:000000000000000a:1 -> of:000000000000000d:6,0.002,0.0025,0.002,0.001,1.47,2026-06-23T04:02:10,0.002,1.6
ip_shuffle,20260623T040210_040315,of:000000000000000b:3 -> of:000000000000000d:2,0.002,0.0025,0.002,0.002,1.8,2026-06-23T04:02:10,0.002,1.8
ip_shuffle,20260623T040210_040315,of:000000000000000c:3 -> of:000000000000000d:3,0.002,0.0025,0.002,0.002,2.0,2026-06-23T04:02:10,0.002,2.0
ip_shuffle,20260623T040210_040315,of:0000000000000005:2 -> of:0000000000000009:3,0.002,0.0025,0.002,0.002,1.7,2026-06-23T04:02:10,0.002,1.7
ip_shuffle,20260623T040210_040315,of:0000000000000001:1 -> of:000000000000000b:1,0.002,0.0025,0.002,0.001,1.47,2026-06-23T04:02:10,0.002,1.53
ip_shuffle,20260623T040210_040315,of:000000000000000b:2 -> of:000000000000000c:2,0.002,0.0025,0.002,0.002,1.8,2026-06-23T04:02:10,0.002,1.8
ip_shuffle,20260623T040210_040315,of:0000000000000001:2 -> of:000000000000000c:1,0.002,0.0025,0.002,0.002,1.66,2026-06-23T04:02:10,0.002,1.6
ip_shuffle,20260623T040210_040315,of:0000000000000006:2 -> of:000000000000000a:2,0.002,0.0025,0.002,0.002,1.73,2026-06-23T04:02:10,0.002,1.73
ip_shuffle,20260623T040210_040315,of:0000000000000001:3 -> of:000000000000000d:1,0.002,0.0025,0.002,0.002,2.6,2026-06-23T04:02:10,0.002,2.7
ip_shuffle,20260623T040210_040315,of:0000000000000003:1 -> of:000000000000000b:5,0.001,0.00125,0.001,0.001,1.5,2026-06-23T04:02:10,0.001,1.47
ip_shuffle,20260623T040210_040315,of:0000000000000006:1 -> of:000000000000000d:4,0.002,0.0025,0.002,0.002,1.76,2026-06-23T04:02:10,0.002,1.86
ip_shuffle,20260623T040210_040315,of:0000000000000007:2 -> of:000000000000000a:3,0.002,0.0025,0.002,0.002,1.66,2026-06-23T04:02:10,0.002,1.66
ip_shuffle,20260623T040210_040315,of:0000000000000007:1 -> of:000000000000000d:5,0.002,0.0025,0.002,0.002,2.7,2026-06-23T04:02:10,0.002,2.53
ip_shuffle,20260623T040210_040315,of:0000000000000002:2 -> of:0000000000000008:2,0.002,0.0025,0.002,0.002,1.7,2026-06-23T04:02:10,0.002,1.7
ip_shuffle,20260623T040210_040315,of:0000000000000003:2 -> of:0000000000000008:3,0.002,0.0025,0.002,0.002,1.7,2026-06-23T04:02:10,0.002,1.7
ip_shuffle,20260623T040210_040315,of:0000000000000008:1 -> of:000000000000000b:6,0.001,0.00125,0.001,0.001,1.4,2026-06-23T04:02:10,0.001,1.4
ip_shuffle,20260623T040210_040315,of:0000000000000004:2 -> of:0000000000000009:2,0.002,0.0025,0.002,0.002,1.7,2026-06-23T04:02:10,0.002,1.7
ip_shuffle,20260623T040210_040315,of:0000000000000002:1 -> of:000000000000000b:4,0.001,0.00125,0.001,0.001,1.5,2026-06-23T04:02:10,0.001,1.47
ip_shuffle,20260623T040210_040315,of:0000000000000009:1 -> of:000000000000000c:6,0.002,0.0025,0.002,0.001,1.47,2026-06-23T04:02:10,0.002,1.6
ip_shuffle,20260623T040307_761557,of:0000000000000004:1 -> of:000000000000000c:4,0.002,0.0025,0.002,0.002,1.7,2026-06-23T04:03:07,0.002,1.63
ip_shuffle,20260623T040307_761557,of:0000000000000005:1 -> of:000000000000000c:5,0.002,0.0025,0.002,0.002,1.53,2026-06-23T04:03:07,0.001,1.5
ip_shuffle,20260623T040307_761557,of:000000000000000a:1 -> of:000000000000000d:6,0.002,0.0025,0.002,0.002,1.6,2026-06-23T04:03:07,0.002,1.6
ip_shuffle,20260623T040307_761557,of:000000000000000b:3 -> of:000000000000000d:2,0.002,0.0025,0.002,0.002,1.86,2026-06-23T04:03:07,0.002,1.86
ip_shuffle,20260623T040307_761557,of:000000000000000c:3 -> of:000000000000000d:3,0.002,0.0025,0.002,0.002,1.76,2026-06-23T04:03:07,0.002,1.76
ip_shuffle,20260623T040307_761557,of:0000000000000005:2 -> of:0000000000000009:3,0.002,0.0025,0.002,0.002,1.86,2026-06-23T04:03:07,0.002,1.86
ip_shuffle,20260623T040307_761557,of:0000000000000001:1 -> of:000000000000000b:1,0.003,0.00375,0.003,0.003,3.56,2026-06-23T04:03:07,0.003,3.56
ip_shuffle,20260623T040307_761557,of:000000000000000b:2 -> of:000000000000000c:2,0.002,0.0025,0.002,0.002,1.76,2026-06-23T04:03:07,0.002,1.76
ip_shuffle,20260623T040307_761557,of:0000000000000001:2 -> of:000000000000000c:1,0.002,0.0025,0.002,0.001,1.53,2026-06-23T04:03:07,0.002,1.57
ip_shuffle,20260623T040307_761557,of:0000000000000006:2 -> of:000000000000000a:2,0.002,0.0025,0.002,0.002,1.86,2026-06-23T04:03:07,0.002,1.86
ip_shuffle,20260623T040307_761557,of:0000000000000001:3 -> of:000000000000000d:1,0.002,0.0025,0.002,0.002,2.16,2026-06-23T04:03:07,0.002,2.16
ip_shuffle,20260623T040307_761557,of:0000000000000003:1 -> of:000000000000000b:5,0.002,0.0025,0.002,0.002,2.53,2026-06-23T04:03:07,0.002,2.53
ip_shuffle,20260623T040307_761557,of:0000000000000006:1 -> of:000000000000000d:4,0.002,0.0025,0.002,0.002,2.23,2026-06-23T04:03:07,0.002,2.23
ip_shuffle,20260623T040307_761557,of:0000000000000007:2 -> of:000000000000000a:3,0.002,0.0025,0.002,0.002,1.86,2026-06-23T04:03:07,0.002,1.86
ip_shuffle,20260623T040307_761557,of:0000000000000007:1 -> of:000000000000000d:5,0.002,0.0025,0.002,0.002,1.6,2026-06-23T04:03:07,0.002,1.6
ip_shuffle,20260623T040307_761557,of:0000000000000002:2 -> of:0000000000000008:2,0.002,0.0025,0.002,0.002,1.8,2026-06-23T04:03:07,0.002,1.8
ip_shuffle,20260623T040307_761557,of:0000000000000003:2 -> of:0000000000000008:3,0.002,0.0025,0.002,0.002,1.8,2026-06-23T04:03:07,0.002,1.8
ip_shuffle,20260623T040307_761557,of:0000000000000008:1 -> of:000000000000000b:6,0.002,0.0025,0.002,0.002,1.6,2026-06-23T04:03:07,0.002,1.6
ip_shuffle,20260623T040307_761557,of:0000000000000004:2 -> of:0000000000000009:2,0.002,0.0025,0.002,0.002,1.86,2026-06-23T04:03:07,0.002,1.86
ip_shuffle,20260623T040307_761557,of:0000000000000002:1 -> of:000000000000000b:4,0.002,0.0025,0.002,0.002,2.56,2026-06-23T04:03:07,0.002,2.56
ip_shuffle,20260623T040307_761557,of:0000000000000009:1 -> of:000000000000000c:6,0.002,0.0025,0.002,0.002,1.53,2026-06-23T04:03:07,0.001,1.5
ip_shuffle,20260623T040405_416933,of:0000000000000004:1 -> of:000000000000000c:4,0.002,0.0025,0.002,0.002,1.7,2026-06-23T04:04:05,0.002,1.8
ip_shuffle,20260623T040405_416933,of:0000000000000005:1 -> of:000000000000000c:5,0.002,0.0025,0.002,0.002,1.7,2026-06-23T04:04:05,0.002,1.8
ip_shuffle,20260623T040405_416933,of:000000000000000a:1 -> of:000000000000000d:6,0.002,0.0025,0.002,0.002,1.56,2026-06-23T04:04:05,0.002,1.73
ip_shuffle,20260623T040405_416933,of:000000000000000b:3 -> of:000000000000000d:2,0.002,0.0025,0.002,0.002,2.0,2026-06-23T04:04:05,0.002,2.03
ip_shuffle,20260623T040405_416933,of:000000000000000c:3 -> of:000000000000000d:3,0.002,0.0025,0.002,0.002,2.26,2026-06-23T04:04:05,0.002,2.26
ip_shuffle,20260623T040405_416933,of:0000000000000005:2 -> of:0000000000000009:3,0.002,0.0025,0.002,0.002,1.96,2026-06-23T04:04:05,0.002,1.96
ip_shuffle,20260623T040405_416933,of:0000000000000001:1 -> of:000000000000000b:1,0.002,0.0025,0.002,0.002,1.56,2026-06-23T04:04:05,0.002,1.66
ip_shuffle,20260623T040405_416933,of:000000000000000b:2 -> of:000000000000000c:2,0.002,0.0025,0.002,0.002,2.03,2026-06-23T04:04:05,0.002,2.03
ip_shuffle,20260623T040405_416933,of:0000000000000001:2 -> of:000000000000000c:1,0.002,0.0025,0.002,0.002,1.8,2026-06-23T04:04:05,0.002,1.73
ip_shuffle,20260623T040405_416933,of:0000000000000006:2 -> of:000000000000000a:2,0.002,0.0025,0.002,0.002,1.93,2026-06-23T04:04:05,0.002,1.93
ip_shuffle,20260623T040405_416933,of:0000000000000001:3 -> of:000000000000000d:1,0.003,0.00375,0.003,0.003,3.63,2026-06-23T04:04:05,0.003,3.7
ip_shuffle,20260623T040405_416933,of:0000000000000003:1 -> of:000000000000000b:5,0.002,0.0025,0.002,0.002,1.63,2026-06-23T04:04:05,0.002,1.56
ip_shuffle,20260623T040405_416933,of:0000000000000006:1 -> of:000000000000000d:4,0.002,0.0025,0.002,0.002,2.73,2026-06-23T04:04:05,0.002,2.83
ip_shuffle,20260623T040405_416933,of:0000000000000007:2 -> of:000000000000000a:3,0.002,0.0025,0.002,0.002,1.93,2026-06-23T04:04:05,0.002,1.93
ip_shuffle,20260623T040405_416933,of:0000000000000007:1 -> of:000000000000000d:5,0.003,0.00375,0.003,0.003,3.3,2026-06-23T04:04:05,0.003,3.2
ip_shuffle,20260623T040405_416933,of:0000000000000002:2 -> of:0000000000000008:2,0.002,0.0025,0.002,0.002,1.96,2026-06-23T04:04:05,0.002,1.96
ip_shuffle,20260623T040405_416933,of:0000000000000003:2 -> of:0000000000000008:3,0.002,0.0025,0.002,0.002,1.96,2026-06-23T04:04:05,0.002,1.96
ip_shuffle,20260623T040405_416933,of:0000000000000008:1 -> of:000000000000000b:6,0.001,0.00125,0.001,0.001,1.53,2026-06-23T04:04:05,0.001,1.5
ip_shuffle,20260623T040405_416933,of:0000000000000004:2 -> of:0000000000000009:2,0.002,0.0025,0.002,0.002,1.96,2026-06-23T04:04:05,0.002,1.96
ip_shuffle,20260623T040405_416933,of:0000000000000002:1 -> of:000000000000000b:4,0.002,0.0025,0.002,0.002,1.63,2026-06-23T04:04:05,0.002,1.56
ip_shuffle,20260623T040405_416933,of:0000000000000009:1 -> of:000000000000000c:6,0.002,0.0025,0.002,0.002,1.6,2026-06-23T04:04:05,0.002,1.73
route_mutation,20260623T040503_137203,of:0000000000000004:1 -> of:000000000000000c:4,0.002,0.0025,0.002,0.002,2.49,2026-06-23T04:05:03,0.002,2.53
route_mutation,20260623T040503_137203,of:0000000000000005:1 -> of:000000000000000c:5,0.002,0.0025,0.002,0.002,2.49,2026-06-23T04:05:03,0.002,2.53
route_mutation,20260623T040503_137203,of:000000000000000a:1 -> of:000000000000000d:6,0.002,0.0025,0.002,0.002,1.7,2026-06-23T04:05:03,0.002,1.73
route_mutation,20260623T040503_137203,of:000000000000000b:3 -> of:000000000000000d:2,0.002,0.0025,0.002,0.002,2.16,2026-06-23T04:05:03,0.002,2.16
route_mutation,20260623T040503_137203,of:000000000000000c:3 -> of:000000000000000d:3,0.002,0.0025,0.002,0.002,2.2,2026-06-23T04:05:03,0.002,2.2
route_mutation,20260623T040503_137203,of:0000000000000005:2 -> of:0000000000000009:3,0.002,0.0025,0.002,0.002,2.13,2026-06-23T04:05:03,0.002,2.13
route_mutation,20260623T040503_137203,of:0000000000000001:1 -> of:000000000000000b:1,0.002,0.0025,0.002,0.002,2.0,2026-06-23T04:05:03,0.002,1.86
route_mutation,20260623T040503_137203,of:000000000000000b:2 -> of:000000000000000c:2,0.002,0.0025,0.002,0.002,2.23,2026-06-23T04:05:03,0.002,2.23
route_mutation,20260623T040503_137203,of:0000000000000001:2 -> of:000000000000000c:1,0.003,0.00375,0.003,0.003,3.39,2026-06-23T04:05:03,0.003,3.39
route_mutation,20260623T040503_137203,of:0000000000000006:2 -> of:000000000000000a:2,0.002,0.0025,0.002,0.002,2.16,2026-06-23T04:05:03,0.002,2.16
route_mutation,20260623T040503_137203,of:0000000000000001:3 -> of:000000000000000d:1,0.003,0.00375,0.003,0.003,3.29,2026-06-23T04:05:03,0.003,3.16
route_mutation,20260623T040503_137203,of:0000000000000003:1 -> of:000000000000000b:5,0.002,0.0025,0.002,0.002,1.8,2026-06-23T04:05:03,0.002,1.86
route_mutation,20260623T040503_137203,of:0000000000000006:1 -> of:000000000000000d:4,0.002,0.0025,0.002,0.002,2.46,2026-06-23T04:05:03,0.002,2.76
route_mutation,20260623T040503_137203,of:0000000000000007:2 -> of:000000000000000a:3,0.002,0.0025,0.002,0.002,2.13,2026-06-23T04:05:03,0.002,2.13
route_mutation,20260623T040503_137203,of:0000000000000007:1 -> of:000000000000000d:5,0.002,0.0025,0.002,0.002,2.23,2026-06-23T04:05:03,0.002,2.2
route_mutation,20260623T040503_137203,of:0000000000000002:2 -> of:0000000000000008:2,0.002,0.0025,0.002,0.002,2.13,2026-06-23T04:05:03,0.002,2.13
route_mutation,20260623T040503_137203,of:0000000000000003:2 -> of:0000000000000008:3,0.002,0.0025,0.002,0.002,2.13,2026-06-23T04:05:03,0.002,2.13
route_mutation,20260623T040503_137203,of:0000000000000008:1 -> of:000000000000000b:6,0.002,0.0025,0.002,0.002,1.76,2026-06-23T04:05:03,0.002,1.76
route_mutation,20260623T040503_137203,of:0000000000000004:2 -> of:0000000000000009:2,0.002,0.0025,0.002,0.002,2.13,2026-06-23T04:05:03,0.002,2.13
route_mutation,20260623T040503_137203,of:0000000000000002:1 -> of:000000000000000b:4,0.002,0.0025,0.002,0.002,1.7,2026-06-23T04:05:03,0.002,1.7
route_mutation,20260623T040503_137203,of:0000000000000009:1 -> of:000000000000000c:6,0.002,0.0025,0.002,0.002,1.76,2026-06-23T04:05:03,0.002,1.8
route_mutation,20260623T040533_467946,of:0000000000000004:1 -> of:000000000000000c:4,0.002,0.0025,0.002,0.002,1.76,2026-06-23T04:05:33,0.002,1.7
route_mutation,20260623T040533_467946,of:0000000000000005:1 -> of:000000000000000c:5,0.002,0.0025,0.002,0.002,1.76,2026-06-23T04:05:33,0.002,1.7
route_mutation,20260623T040533_467946,of:000000000000000a:1 -> of:000000000000000d:6,0.002,0.0025,0.002,0.002,1.73,2026-06-23T04:05:33,0.002,1.86
route_mutation,20260623T040533_467946,of:000000000000000b:3 -> of:000000000000000d:2,0.002,0.0025,0.002,0.002,2.33,2026-06-23T04:05:33,0.002,2.33
route_mutation,20260623T040533_467946,of:000000000000000c:3 -> of:000000000000000d:3,0.002,0.0025,0.002,0.002,2.3,2026-06-23T04:05:33,0.002,2.3
route_mutation,20260623T040533_467946,of:0000000000000005:2 -> of:0000000000000009:3,0.002,0.0025,0.002,0.002,2.23,2026-06-23T04:05:33,0.002,2.23
route_mutation,20260623T040533_467946,of:0000000000000001:1 -> of:000000000000000b:1,0.002,0.0025,0.002,0.002,1.73,2026-06-23T04:05:33,0.002,1.76
route_mutation,20260623T040533_467946,of:000000000000000b:2 -> of:000000000000000c:2,0.002,0.0025,0.002,0.002,2.1,2026-06-23T04:05:33,0.002,2.1
route_mutation,20260623T040533_467946,of:0000000000000001:2 -> of:000000000000000c:1,0.002,0.0025,0.002,0.002,1.7,2026-06-23T04:05:33,0.002,1.76
route_mutation,20260623T040533_467946,of:0000000000000006:2 -> of:000000000000000a:2,0.002,0.0025,0.002,0.002,2.2,2026-06-23T04:05:33,0.002,2.2
route_mutation,20260623T040533_467946,of:0000000000000001:3 -> of:000000000000000d:1,0.003,0.00375,0.003,0.003,3.5,2026-06-23T04:05:33,0.003,3.63
route_mutation,20260623T040533_467946,of:0000000000000003:1 -> of:000000000000000b:5,0.002,0.0025,0.002,0.002,1.76,2026-06-23T04:05:33,0.002,1.73
route_mutation,20260623T040533_467946,of:0000000000000006:1 -> of:000000000000000d:4,0.002,0.0025,0.002,0.002,2.4,2026-06-23T04:05:33,0.002,2.23
route_mutation,20260623T040533_467946,of:0000000000000007:2 -> of:000000000000000a:3,0.002,0.0025,0.002,0.002,2.2,2026-06-23T04:05:33,0.002,2.2
route_mutation,20260623T040533_467946,of:0000000000000007:1 -> of:000000000000000d:5,0.003,0.00375,0.003,0.003,3.26,2026-06-23T04:05:33,0.003,3.36
route_mutation,20260623T040533_467946,of:0000000000000002:2 -> of:0000000000000008:2,0.002,0.0025,0.002,0.002,2.23,2026-06-23T04:05:33,0.002,2.23
route_mutation,20260623T040533_467946,of:0000000000000003:2 -> of:0000000000000008:3,0.002,0.0025,0.002,0.002,2.23,2026-06-23T04:05:33,0.002,2.23
route_mutation,20260623T040533_467946,of:0000000000000008:1 -> of:000000000000000b:6,0.001,0.00125,0.001,0.001,1.66,2026-06-23T04:05:33,0.001,1.66
route_mutation,20260623T040533_467946,of:0000000000000004:2 -> of:0000000000000009:2,0.002,0.0025,0.002,0.002,2.23,2026-06-23T04:05:33,0.002,2.23
route_mutation,20260623T040533_467946,of:0000000000000002:1 -> of:000000000000000b:4,0.002,0.0025,0.002,0.002,1.76,2026-06-23T04:05:33,0.002,1.73
route_mutation,20260623T040533_467946,of:0000000000000009:1 -> of:000000000000000c:6,0.001,0.00125,0.001,0.001,1.66,2026-06-23T04:05:33,0.001,1.63
ip_shuffle,20260623T040603_841069,of:0000000000000004:1 -> of:000000000000000c:4,0.002,0.0025,0.002,0.002,1.43,2026-06-23T04:06:03,0.002,1.43
ip_shuffle,20260623T040603_841069,of:0000000000000005:1 -> of:000000000000000c:5,0.002,0.0025,0.002,0.002,1.43,2026-06-23T04:06:03,0.002,1.43
ip_shuffle,20260623T040603_841069,of:000000000000000a:1 -> of:000000000000000d:6,0.002,0.0025,0.002,0.002,1.43,2026-06-23T04:06:03,0.002,1.43
ip_shuffle,20260623T040603_841069,of:000000000000000b:3 -> of:000000000000000d:2,0.002,0.0025,0.002,0.002,1.53,2026-06-23T04:06:03,0.002,1.53
ip_shuffle,20260623T040603_841069,of:000000000000000c:3 -> of:000000000000000d:3,0.002,0.0025,0.002,0.002,1.53,2026-06-23T04:06:03,0.002,1.53
ip_shuffle,20260623T040603_841069,of:0000000000000005:2 -> of:0000000000000009:3,0.002,0.0025,0.002,0.002,1.53,2026-06-23T04:06:03,0.002,1.53
ip_shuffle,20260623T040603_841069,of:0000000000000001:1 -> of:000000000000000b:1,0.003,0.00375,0.003,0.003,2.73,2026-06-23T04:06:03,0.003,2.73
ip_shuffle,20260623T040603_841069,of:000000000000000b:2 -> of:000000000000000c:2,0.002,0.0025,0.002,0.002,1.53,2026-06-23T04:06:03,0.002,1.53
ip_shuffle,20260623T040603_841069,of:0000000000000001:2 -> of:000000000000000c:1,0.001,0.00125,0.001,0.001,1.36,2026-06-23T04:06:03,0.001,1.36
ip_shuffle,20260623T040603_841069,of:0000000000000006:2 -> of:000000000000000a:2,0.002,0.0025,0.002,0.002,1.53,2026-06-23T04:06:03,0.002,1.53
ip_shuffle,20260623T040603_841069,of:0000000000000001:3 -> of:000000000000000d:1,0.001,0.00125,0.001,0.001,1.36,2026-06-23T04:06:03,0.001,1.36
ip_shuffle,20260623T040603_841069,of:0000000000000003:1 -> of:000000000000000b:5,0.002,0.0025,0.002,0.002,1.83,2026-06-23T04:06:03,0.002,1.8
ip_shuffle,20260623T040603_841069,of:0000000000000006:1 -> of:000000000000000d:4,0.002,0.0025,0.002,0.002,1.43,2026-06-23T04:06:03,0.002,1.43
ip_shuffle,20260623T040603_841069,of:0000000000000007:2 -> of:000000000000000a:3,0.002,0.0025,0.002,0.002,1.53,2026-06-23T04:06:03,0.002,1.53
ip_shuffle,20260623T040603_841069,of:0000000000000007:1 -> of:000000000000000d:5,0.002,0.0025,0.002,0.002,1.43,2026-06-23T04:06:03,0.002,1.43
ip_shuffle,20260623T040603_841069,of:0000000000000002:2 -> of:0000000000000008:2,0.002,0.0025,0.002,0.002,1.53,2026-06-23T04:06:03,0.002,1.53
ip_shuffle,20260623T040603_841069,of:0000000000000003:2 -> of:0000000000000008:3,0.002,0.0025,0.002,0.002,1.53,2026-06-23T04:06:03,0.002,1.53
ip_shuffle,20260623T040603_841069,of:0000000000000008:1 -> of:000000000000000b:6,0.002,0.0025,0.002,0.002,1.43,2026-06-23T04:06:03,0.002,1.43
ip_shuffle,20260623T040603_841069,of:0000000000000004:2 -> of:0000000000000009:2,0.002,0.0025,0.002,0.002,1.53,2026-06-23T04:06:03,0.002,1.53
ip_shuffle,20260623T040603_841069,of:0000000000000002:1 -> of:000000000000000b:4,0.002,0.0025,0.002,0.002,2.46,2026-06-23T04:06:03,0.002,2.46
ip_shuffle,20260623T040603_841069,of:0000000000000009:1 -> of:000000000000000c:6,0.002,0.0025,0.002,0.002,1.43,2026-06-23T04:06:03,0.002,1.43
ip_shuffle,20260623T040707_906280,of:0000000000000004:1 -> of:000000000000000c:4,0.002,0.0025,0.002,0.002,2.0,2026-06-23T04:07:07,0.002,2.0
ip_shuffle,20260623T040707_906280,of:0000000000000005:1 -> of:000000000000000c:5,0.002,0.0025,0.002,0.002,2.0,2026-06-23T04:07:07,0.002,2.0
ip_shuffle,20260623T040707_906280,of:000000000000000a:1 -> of:000000000000000d:6,0.002,0.0025,0.002,0.002,2.0,2026-06-23T04:07:07,0.002,1.93
ip_shuffle,20260623T040707_906280,of:000000000000000b:3 -> of:000000000000000d:2,0.002,0.0025,0.002,0.002,2.66,2026-06-23T04:07:07,0.002,2.66
ip_shuffle,20260623T040707_906280,of:000000000000000c:3 -> of:000000000000000d:3,0.002,0.0025,0.002,0.002,2.66,2026-06-23T04:07:07,0.002,2.66
ip_shuffle,20260623T040707_906280,of:0000000000000005:2 -> of:0000000000000009:3,0.002,0.0025,0.002,0.002,2.73,2026-06-23T04:07:07,0.002,2.73
ip_shuffle,20260623T040707_906280,of:0000000000000001:1 -> of:000000000000000b:1,0.002,0.0025,0.002,0.002,2.0,2026-06-23T04:07:07,0.002,1.96
ip_shuffle,20260623T040707_906280,of:000000000000000b:2 -> of:000000000000000c:2,0.002,0.0025,0.002,0.002,2.66,2026-06-23T04:07:07,0.002,2.66
ip_shuffle,20260623T040707_906280,of:0000000000000001:2 -> of:000000000000000c:1,0.002,0.0025,0.002,0.002,2.0,2026-06-23T04:07:07,0.002,1.96
ip_shuffle,20260623T040707_906280,of:0000000000000006:2 -> of:000000000000000a:2,0.002,0.0025,0.002,0.002,2.73,2026-06-23T04:07:07,0.002,2.73
ip_shuffle,20260623T040707_906280,of:0000000000000001:3 -> of:000000000000000d:1,0.004,0.005,0.004,0.004,4.83,2026-06-23T04:07:07,0.004,4.73
ip_shuffle,20260623T040707_906280,of:0000000000000003:1 -> of:000000000000000b:5,0.002,0.0025,0.002,0.002,1.96,2026-06-23T04:07:07,0.002,2.0
ip_shuffle,20260623T040707_906280,of:0000000000000006:1 -> of:000000000000000d:4,0.003,0.00375,0.003,0.003,3.36,2026-06-23T04:07:07,0.003,3.23
ip_shuffle,20260623T040707_906280,of:0000000000000007:2 -> of:000000000000000a:3,0.002,0.0025,0.002,0.002,2.66,2026-06-23T04:07:07,0.002,2.66
ip_shuffle,20260623T040707_906280,of:0000000000000007:1 -> of:000000000000000d:5,0.003,0.00375,0.003,0.003,3.6,2026-06-23T04:07:07,0.003,3.73
ip_shuffle,20260623T040707_906280,of:0000000000000002:2 -> of:0000000000000008:2,0.002,0.0025,0.002,0.002,2.7,2026-06-23T04:07:07,0.002,2.7
ip_shuffle,20260623T040707_906280,of:0000000000000003:2 -> of:0000000000000008:3,0.002,0.0025,0.002,0.002,2.7,2026-06-23T04:07:07,0.002,2.7
ip_shuffle,20260623T040707_906280,of:0000000000000008:1 -> of:000000000000000b:6,0.002,0.0025,0.002,0.002,1.93,2026-06-23T04:07:07,0.002,1.93
ip_shuffle,20260623T040707_906280,of:0000000000000004:2 -> of:0000000000000009:2,0.002,0.0025,0.002,0.002,2.73,2026-06-23T04:07:07,0.002,2.73
ip_shuffle,20260623T040707_906280,of:0000000000000002:1 -> of:000000000000000b:4,0.002,0.0025,0.002,0.002,1.96,2026-06-23T04:07:07,0.002,2.0
ip_shuffle,20260623T040707_906280,of:0000000000000009:1 -> of:000000000000000c:6,0.002,0.0025,0.002,0.002,1.93,2026-06-23T04:07:07,0.002,1.93
ip_shuffle,20260623T040812_316219,of:0000000000000004:1 -> of:000000000000000c:4,0.002,0.0025,0.002,0.002,2.33,2026-06-23T04:08:12,0.002,2.33
ip_shuffle,20260623T040812_316219,of:0000000000000005:1 -> of:000000000000000c:5,0.002,0.0025,0.002,0.002,2.56,2026-06-23T04:08:12,0.002,2.56
ip_shuffle,20260623T040812_316219,of:000000000000000a:1 -> of:000000000000000d:6,0.002,0.0025,0.002,0.002,1.76,2026-06-23T04:08:12,0.002,1.66
ip_shuffle,20260623T040812_316219,of:000000000000000b:3 -> of:000000000000000d:2,0.002,0.0025,0.002,0.002,2.16,2026-06-23T04:08:12,0.002,2.16
ip_shuffle,20260623T040812_316219,of:000000000000000c:3 -> of:000000000000000d:3,0.002,0.0025,0.002,0.002,2.16,2026-06-23T04:08:12,0.002,2.16
ip_shuffle,20260623T040812_316219,of:0000000000000005:2 -> of:0000000000000009:3,0.002,0.0025,0.002,0.002,2.26,2026-06-23T04:08:12,0.002,2.26
ip_shuffle,20260623T040812_316219,of:0000000000000001:1 -> of:000000000000000b:1,0.002,0.0025,0.002,0.002,1.76,2026-06-23T04:08:12,0.002,1.73
ip_shuffle,20260623T040812_316219,of:000000000000000b:2 -> of:000000000000000c:2,0.002,0.0025,0.002,0.002,2.2,2026-06-23T04:08:12,0.002,2.2
ip_shuffle,20260623T040812_316219,of:0000000000000001:2 -> of:000000000000000c:1,0.003,0.00375,0.003,0.003,3.16,2026-06-23T04:08:12,0.003,3.13
ip_shuffle,20260623T040812_316219,of:0000000000000006:2 -> of:000000000000000a:2,0.002,0.0025,0.002,0.002,2.26,2026-06-23T04:08:12,0.002,2.26
ip_shuffle,20260623T040812_316219,of:0000000000000001:3 -> of:000000000000000d:1,0.003,0.00375,0.003,0.003,2.93,2026-06-23T04:08:12,0.002,2.83
ip_shuffle,20260623T040812_316219,of:0000000000000003:1 -> of:000000000000000b:5,0.002,0.0025,0.002,0.002,1.73,2026-06-23T04:08:12,0.002,1.76
ip_shuffle,20260623T040812_316219,of:0000000000000006:1 -> of:000000000000000d:4,0.002,0.0025,0.002,0.002,2.86,2026-06-23T04:08:12,0.002,2.83
ip_shuffle,20260623T040812_316219,of:0000000000000007:2 -> of:000000000000000a:3,0.002,0.0025,0.002,0.002,2.2,2026-06-23T04:08:12,0.002,2.2
ip_shuffle,20260623T040812_316219,of:0000000000000007:1 -> of:000000000000000d:5,0.002,0.0025,0.002,0.002,1.73,2026-06-23T04:08:12,0.002,1.8
ip_shuffle,20260623T040812_316219,of:0000000000000002:2 -> of:0000000000000008:2,0.002,0.0025,0.002,0.002,2.23,2026-06-23T04:08:12,0.002,2.23
ip_shuffle,20260623T040812_316219,of:0000000000000003:2 -> of:0000000000000008:3,0.002,0.0025,0.002,0.002,2.23,2026-06-23T04:08:12,0.002,2.23
ip_shuffle,20260623T040812_316219,of:0000000000000008:1 -> of:000000000000000b:6,0.002,0.0025,0.002,0.002,1.7,2026-06-23T04:08:12,0.002,1.7
ip_shuffle,20260623T040812_316219,of:0000000000000004:2 -> of:0000000000000009:2,0.002,0.0025,0.002,0.002,2.26,2026-06-23T04:08:12,0.002,2.26
ip_shuffle,20260623T040812_316219,of:0000000000000002:1 -> of:000000000000000b:4,0.002,0.0025,0.002,0.002,1.73,2026-06-23T04:08:12,0.002,1.76
ip_shuffle,20260623T040812_316219,of:0000000000000009:1 -> of:000000000000000c:6,0.002,0.0025,0.002,0.002,1.7,2026-06-23T04:08:12,0.002,1.7
ip_shuffle,20260623T040916_500605,of:0000000000000004:1 -> of:000000000000000c:4,0.001,0.00125,0.001,0.001,1.37,2026-06-23T04:09:16,0.001,1.37
ip_shuffle,20260623T040916_500605,of:0000000000000005:1 -> of:000000000000000c:5,0.001,0.00125,0.001,0.001,1.37,2026-06-23T04:09:16,0.001,1.37
ip_shuffle,20260623T040916_500605,of:000000000000000a:1 -> of:000000000000000d:6,0.002,0.0025,0.002,0.002,1.43,2026-06-23T04:09:16,0.002,1.43
ip_shuffle,20260623T040916_500605,of:000000000000000b:3 -> of:000000000000000d:2,0.002,0.0025,0.002,0.002,1.53,2026-06-23T04:09:16,0.002,1.53
ip_shuffle,20260623T040916_500605,of:000000000000000c:3 -> of:000000000000000d:3,0.002,0.0025,0.002,0.002,1.53,2026-06-23T04:09:16,0.002,1.53
ip_shuffle,20260623T040916_500605,of:0000000000000005:2 -> of:0000000000000009:3,0.001,0.00125,0.001,0.001,1.47,2026-06-23T04:09:16,0.001,1.47
ip_shuffle,20260623T040916_500605,of:0000000000000001:1 -> of:000000000000000b:1,0.002,0.0025,0.002,0.002,1.5,2026-06-23T04:09:16,0.002,1.5
ip_shuffle,20260623T040916_500605,of:000000000000000b:2 -> of:000000000000000c:2,0.002,0.0025,0.002,0.002,1.53,2026-06-23T04:09:16,0.002,1.53
ip_shuffle,20260623T040916_500605,of:0000000000000001:2 -> of:000000000000000c:1,0.001,0.00125,0.001,0.001,1.37,2026-06-23T04:09:16,0.001,1.37
ip_shuffle,20260623T040916_500605,of:0000000000000006:2 -> of:000000000000000a:2,0.001,0.00125,0.001,0.001,1.47,2026-06-23T04:09:16,0.001,1.47
ip_shuffle,20260623T040916_500605,of:0000000000000001:3 -> of:000000000000000d:1,0.001,0.00125,0.001,0.001,1.37,2026-06-23T04:09:16,0.001,1.37
ip_shuffle,20260623T040916_500605,of:0000000000000003:1 -> of:000000000000000b:5,0.001,0.00125,0.001,0.001,1.37,2026-06-23T04:09:16,0.001,1.37
ip_shuffle,20260623T040916_500605,of:0000000000000006:1 -> of:000000000000000d:4,0.001,0.00125,0.001,0.001,1.37,2026-06-23T04:09:16,0.001,1.37
ip_shuffle,20260623T040916_500605,of:0000000000000007:2 -> of:000000000000000a:3,0.002,0.0025,0.002,0.002,1.53,2026-06-23T04:09:16,0.002,1.53
ip_shuffle,20260623T040916_500605,of:0000000000000007:1 -> of:000000000000000d:5,0.002,0.0025,0.002,0.002,1.43,2026-06-23T04:09:16,0.002,1.43
ip_shuffle,20260623T040916_500605,of:0000000000000002:2 -> of:0000000000000008:2,0.001,0.00125,0.001,0.001,1.47,2026-06-23T04:09:16,0.001,1.47
ip_shuffle,20260623T040916_500605,of:0000000000000003:2 -> of:0000000000000008:3,0.001,0.00125,0.001,0.001,1.47,2026-06-23T04:09:16,0.001,1.47
ip_shuffle,20260623T040916_500605,of:0000000000000008:1 -> of:000000000000000b:6,0.002,0.0025,0.002,0.002,1.43,2026-06-23T04:09:16,0.002,1.43
ip_shuffle,20260623T040916_500605,of:0000000000000004:2 -> of:0000000000000009:2,0.001,0.00125,0.001,0.001,1.47,2026-06-23T04:09:16,0.001,1.47
ip_shuffle,20260623T040916_500605,of:0000000000000002:1 -> of:000000000000000b:4,0.002,0.0025,0.002,0.002,1.5,2026-06-23T04:09:16,0.002,1.5
ip_shuffle,20260623T040916_500605,of:0000000000000009:1 -> of:000000000000000c:6,0.002,0.0025,0.002,0.002,1.43,2026-06-23T04:09:16,0.002,1.43
ip_shuffle,20260623T041014_178766,of:0000000000000004:1 -> of:000000000000000c:4,0.002,0.0025,0.002,0.002,1.8,2026-06-23T04:10:14,0.002,1.83
ip_shuffle,20260623T041014_178766,of:0000000000000005:1 -> of:000000000000000c:5,0.002,0.0025,0.002,0.002,2.43,2026-06-23T04:10:14,0.002,2.46
ip_shuffle,20260623T041014_178766,of:000000000000000a:1 -> of:000000000000000d:6,0.002,0.0025,0.002,0.002,1.76,2026-06-23T04:10:14,0.002,1.76
ip_shuffle,20260623T041014_178766,of:000000000000000b:3 -> of:000000000000000d:2,0.002,0.0025,0.002,0.002,2.26,2026-06-23T04:10:14,0.002,2.26
ip_shuffle,20260623T041014_178766,of:000000000000000c:3 -> of:000000000000000d:3,0.002,0.0025,0.002,0.002,2.26,2026-06-23T04:10:14,0.002,2.26
ip_shuffle,20260623T041014_178766,of:0000000000000005:2 -> of:0000000000000009:3,0.002,0.0025,0.002,0.002,2.3,2026-06-23T04:10:14,0.002,2.3
ip_shuffle,20260623T041014_178766,of:0000000000000001:1 -> of:000000000000000b:1,0.002,0.0025,0.002,0.002,1.83,2026-06-23T04:10:14,0.002,1.76
ip_shuffle,20260623T041014_178766,of:000000000000000b:2 -> of:000000000000000c:2,0.002,0.0025,0.002,0.002,2.33,2026-06-23T04:10:14,0.002,2.33
ip_shuffle,20260623T041014_178766,of:0000000000000001:2 -> of:000000000000000c:1,0.002,0.0025,0.002,0.002,2.43,2026-06-23T04:10:14,0.002,2.4
ip_shuffle,20260623T041014_178766,of:0000000000000006:2 -> of:000000000000000a:2,0.002,0.0025,0.002,0.002,2.3,2026-06-23T04:10:14,0.002,2.3
ip_shuffle,20260623T041014_178766,of:0000000000000001:3 -> of:000000000000000d:1,0.002,0.0025,0.002,0.002,2.83,2026-06-23T04:10:14,0.002,2.9
ip_shuffle,20260623T041014_178766,of:0000000000000003:1 -> of:000000000000000b:5,0.002,0.0025,0.002,0.002,1.76,2026-06-23T04:10:14,0.002,1.83
ip_shuffle,20260623T041014_178766,of:0000000000000006:1 -> of:000000000000000d:4,0.002,0.0025,0.002,0.002,2.8,2026-06-23T04:10:14,0.002,2.83
ip_shuffle,20260623T041014_178766,of:0000000000000007:2 -> of:000000000000000a:3,0.002,0.0025,0.002,0.002,2.3,2026-06-23T04:10:14,0.002,2.3
ip_shuffle,20260623T041014_178766,of:0000000000000007:1 -> of:000000000000000d:5,0.002,0.0025,0.002,0.002,1.86,2026-06-23T04:10:14,0.002,1.83
ip_shuffle,20260623T041014_178766,of:0000000000000002:2 -> of:0000000000000008:2,0.002,0.0025,0.002,0.002,2.23,2026-06-23T04:10:14,0.002,2.23
ip_shuffle,20260623T041014_178766,of:0000000000000003:2 -> of:0000000000000008:3,0.002,0.0025,0.002,0.002,2.23,2026-06-23T04:10:14,0.002,2.23
ip_shuffle,20260623T041014_178766,of:0000000000000008:1 -> of:000000000000000b:6,0.002,0.0025,0.002,0.002,1.8,2026-06-23T04:10:14,0.002,1.83
ip_shuffle,20260623T041014_178766,of:0000000000000004:2 -> of:0000000000000009:2,0.002,0.0025,0.002,0.002,2.3,2026-06-23T04:10:14,0.002,2.3
ip_shuffle,20260623T041014_178766,of:0000000000000002:1 -> of:000000000000000b:4,0.002,0.0025,0.002,0.002,1.76,2026-06-23T04:10:14,0.002,1.83
ip_shuffle,20260623T041014_178766,of:0000000000000009:1 -> of:000000000000000c:6,0.002,0.0025,0.002,0.002,1.83,2026-06-23T04:10:14,0.002,1.83
route_mutation,20260623T041118_266528,of:0000000000000004:1 -> of:000000000000000c:4,0.002,0.0025,0.002,0.002,1.43,2026-06-23T04:11:18,0.002,1.43
route_mutation,20260623T041118_266528,of:0000000000000005:1 -> of:000000000000000c:5,0.002,0.0025,0.002,0.002,1.43,2026-06-23T04:11:18,0.002,1.43
route_mutation,20260623T041118_266528,of:000000000000000a:1 -> of:000000000000000d:6,0.001,0.00125,0.001,0.001,1.37,2026-06-23T04:11:18,0.001,1.37
route_mutation,20260623T041118_266528,of:000000000000000b:3 -> of:000000000000000d:2,0.001,0.00125,0.001,0.001,1.47,2026-06-23T04:11:18,0.001,1.47
route_mutation,20260623T041118_266528,of:000000000000000c:3 -> of:000000000000000d:3,0.002,0.0025,0.002,0.002,1.53,2026-06-23T04:11:18,0.002,1.53
route_mutation,20260623T041118_266528,of:0000000000000005:2 -> of:0000000000000009:3,0.001,0.00125,0.001,0.001,1.47,2026-06-23T04:11:18,0.001,1.47
route_mutation,20260623T041118_266528,of:0000000000000001:1 -> of:000000000000000b:1,0.002,0.0025,0.002,0.002,2.7,2026-06-23T04:11:18,0.002,2.7
route_mutation,20260623T041118_266528,of:000000000000000b:2 -> of:000000000000000c:2,0.001,0.00125,0.001,0.001,1.47,2026-06-23T04:11:18,0.001,1.47
route_mutation,20260623T041118_266528,of:0000000000000001:2 -> of:000000000000000c:1,0.002,0.0025,0.002,0.002,1.43,2026-06-23T04:11:18,0.002,1.43
route_mutation,20260623T041118_266528,of:0000000000000006:2 -> of:000000000000000a:2,0.001,0.00125,0.001,0.001,1.47,2026-06-23T04:11:18,0.001,1.47
route_mutation,20260623T041118_266528,of:0000000000000001:3 -> of:000000000000000d:1,0.002,0.0025,0.002,0.002,1.43,2026-06-23T04:11:18,0.002,1.43
route_mutation,20260623T041118_266528,of:0000000000000003:1 -> of:000000000000000b:5,0.002,0.0025,0.002,0.002,1.66,2026-06-23T04:11:18,0.002,1.66
route_mutation,20260623T041118_266528,of:0000000000000006:1 -> of:000000000000000d:4,0.002,0.0025,0.002,0.002,1.43,2026-06-23T04:11:18,0.002,1.43
route_mutation,20260623T041118_266528,of:0000000000000007:2 -> of:000000000000000a:3,0.001,0.00125,0.001,0.001,1.4,2026-06-23T04:11:18,0.001,1.4
route_mutation,20260623T041118_266528,of:0000000000000007:1 -> of:000000000000000d:5,0.001,0.00125,0.001,0.001,1.37,2026-06-23T04:11:18,0.001,1.37
route_mutation,20260623T041118_266528,of:0000000000000002:2 -> of:0000000000000008:2,0.001,0.00125,0.001,0.001,1.47,2026-06-23T04:11:18,0.001,1.47
route_mutation,20260623T041118_266528,of:0000000000000003:2 -> of:0000000000000008:3,0.001,0.00125,0.001,0.001,1.47,2026-06-23T04:11:18,0.001,1.47
route_mutation,20260623T041118_266528,of:0000000000000008:1 -> of:000000000000000b:6,0.001,0.00125,0.001,0.001,1.3,2026-06-23T04:11:18,0.001,1.3
route_mutation,20260623T041118_266528,of:0000000000000004:2 -> of:0000000000000009:2,0.001,0.00125,0.001,0.001,1.47,2026-06-23T04:11:18,0.001,1.47
route_mutation,20260623T041118_266528,of:0000000000000002:1 -> of:000000000000000b:4,0.002,0.0025,0.002,0.002,2.4,2026-06-23T04:11:18,0.002,2.4
route_mutation,20260623T041118_266528,of:0000000000000009:1 -> of:000000000000000c:6,0.001,0.00125,0.001,0.001,1.37,2026-06-23T04:11:18,0.001,1.37
route_mutation,20260623T041148_636093,of:0000000000000004:1 -> of:000000000000000c:4,0.002,0.0025,0.002,0.002,2.36,2026-06-23T04:11:48,0.002,2.43
route_mutation,20260623T041148_636093,of:0000000000000005:1 -> of:000000000000000c:5,0.002,0.0025,0.002,0.002,2.36,2026-06-23T04:11:48,0.002,2.43
route_mutation,20260623T041148_636093,of:000000000000000a:1 -> of:000000000000000d:6,0.002,0.0025,0.002,0.002,1.6,2026-06-23T04:11:48,0.002,1.63
route_mutation,20260623T041148_636093,of:000000000000000b:3 -> of:000000000000000d:2,0.002,0.0025,0.002,0.002,2.0,2026-06-23T04:11:48,0.002,2.0
route_mutation,20260623T041148_636093,of:000000000000000c:3 -> of:000000000000000d:3,0.002,0.0025,0.002,0.002,1.93,2026-06-23T04:11:48,0.002,1.93
route_mutation,20260623T041148_636093,of:0000000000000005:2 -> of:0000000000000009:3,0.002,0.0025,0.002,0.002,1.96,2026-06-23T04:11:48,0.002,1.96
route_mutation,20260623T041148_636093,of:0000000000000001:1 -> of:000000000000000b:1,0.002,0.0025,0.002,0.002,2.43,2026-06-23T04:11:48,0.002,2.36
route_mutation,20260623T041148_636093,of:000000000000000b:2 -> of:000000000000000c:2,0.002,0.0025,0.002,0.002,2.0,2026-06-23T04:11:48,0.002,2.0
route_mutation,20260623T041148_636093,of:0000000000000001:2 -> of:000000000000000c:1,0.003,0.00375,0.003,0.003,3.23,2026-06-23T04:11:48,0.003,3.16
route_mutation,20260623T041148_636093,of:0000000000000006:2 -> of:000000000000000a:2,0.002,0.0025,0.002,0.002,2.0,2026-06-23T04:11:48,0.002,2.0
route_mutation,20260623T041148_636093,of:0000000000000001:3 -> of:000000000000000d:1,0.002,0.0025,0.002,0.002,2.26,2026-06-23T04:11:48,0.002,2.3
route_mutation,20260623T041148_636093,of:0000000000000003:1 -> of:000000000000000b:5,0.002,0.0025,0.002,0.002,2.36,2026-06-23T04:11:48,0.002,2.43
route_mutation,20260623T041148_636093,of:0000000000000006:1 -> of:000000000000000d:4,0.002,0.0025,0.002,0.002,2.36,2026-06-23T04:11:48,0.002,2.33
route_mutation,20260623T041148_636093,of:0000000000000007:2 -> of:000000000000000a:3,0.002,0.0025,0.002,0.002,2.0,2026-06-23T04:11:48,0.002,2.0
route_mutation,20260623T041148_636093,of:0000000000000007:1 -> of:000000000000000d:5,0.002,0.0025,0.002,0.002,1.6,2026-06-23T04:11:48,0.002,1.63
route_mutation,20260623T041148_636093,of:0000000000000002:2 -> of:0000000000000008:2,0.002,0.0025,0.002,0.002,1.96,2026-06-23T04:11:48,0.002,1.96
route_mutation,20260623T041148_636093,of:0000000000000003:2 -> of:0000000000000008:3,0.002,0.0025,0.002,0.002,1.96,2026-06-23T04:11:48,0.002,1.96
route_mutation,20260623T041148_636093,of:0000000000000008:1 -> of:000000000000000b:6,0.002,0.0025,0.002,0.002,1.66,2026-06-23T04:11:48,0.002,1.7
route_mutation,20260623T041148_636093,of:0000000000000004:2 -> of:0000000000000009:2,0.002,0.0025,0.002,0.002,1.96,2026-06-23T04:11:48,0.002,1.96
route_mutation,20260623T041148_636093,of:0000000000000002:1 -> of:000000000000000b:4,0.002,0.0025,0.002,0.002,1.63,2026-06-23T04:11:48,0.002,1.7
route_mutation,20260623T041148_636093,of:0000000000000009:1 -> of:000000000000000c:6,0.002,0.0025,0.002,0.002,1.6,2026-06-23T04:11:48,0.002,1.63
ip_shuffle,20260623T041219_002608,of:0000000000000004:1 -> of:000000000000000c:4,0.002,0.0025,0.002,0.002,2.06,2026-06-23T04:12:19,0.002,2.0
ip_shuffle,20260623T041219_002608,of:0000000000000005:1 -> of:000000000000000c:5,0.002,0.0025,0.002,0.002,2.06,2026-06-23T04:12:19,0.002,2.0
ip_shuffle,20260623T041219_002608,of:000000000000000a:1 -> of:000000000000000d:6,0.002,0.0025,0.002,0.002,2.1,2026-06-23T04:12:19,0.002,2.06
ip_shuffle,20260623T041219_002608,of:000000000000000b:3 -> of:000000000000000d:2,0.002,0.0025,0.002,0.002,2.8,2026-06-23T04:12:19,0.002,2.8
ip_shuffle,20260623T041219_002608,of:000000000000000c:3 -> of:000000000000000d:3,0.002,0.0025,0.002,0.002,2.8,2026-06-23T04:12:19,0.002,2.8
ip_shuffle,20260623T041219_002608,of:0000000000000005:2 -> of:0000000000000009:3,0.002,0.0025,0.002,0.002,2.83,2026-06-23T04:12:19,0.002,2.83
ip_shuffle,20260623T041219_002608,of:0000000000000001:1 -> of:000000000000000b:1,0.002,0.0025,0.002,0.002,2.0,2026-06-23T04:12:19,0.002,2.06
ip_shuffle,20260623T041219_002608,of:000000000000000b:2 -> of:000000000000000c:2,0.002,0.0025,0.002,0.002,2.8,2026-06-23T04:12:19,0.002,2.8
ip_shuffle,20260623T041219_002608,of:0000000000000001:2 -> of:000000000000000c:1,0.002,0.0025,0.002,0.002,2.0,2026-06-23T04:12:19,0.002,2.06
ip_shuffle,20260623T041219_002608,of:0000000000000006:2 -> of:000000000000000a:2,0.002,0.0025,0.002,0.002,2.86,2026-06-23T04:12:19,0.002,2.86
ip_shuffle,20260623T041219_002608,of:0000000000000001:3 -> of:000000000000000d:1,0.003,0.00375,0.003,0.003,3.96,2026-06-23T04:12:19,0.003,3.93
ip_shuffle,20260623T041219_002608,of:0000000000000003:1 -> of:000000000000000b:5,0.002,0.0025,0.002,0.002,2.06,2026-06-23T04:12:19,0.002,2.0
ip_shuffle,20260623T041219_002608,of:0000000000000006:1 -> of:000000000000000d:4,0.002,0.0025,0.002,0.002,2.53,2026-06-23T04:12:19,0.002,2.56
ip_shuffle,20260623T041219_002608,of:0000000000000007:2 -> of:000000000000000a:3,0.002,0.0025,0.002,0.002,2.86,2026-06-23T04:12:19,0.002,2.86
ip_shuffle,20260623T041219_002608,of:0000000000000007:1 -> of:000000000000000d:5,0.003,0.00375,0.003,0.003,3.5,2026-06-23T04:12:19,0.003,3.46
ip_shuffle,20260623T041219_002608,of:0000000000000002:2 -> of:0000000000000008:2,0.002,0.0025,0.002,0.002,2.83,2026-06-23T04:12:19,0.002,2.83
ip_shuffle,20260623T041219_002608,of:0000000000000003:2 -> of:0000000000000008:3,0.002,0.0025,0.002,0.002,2.83,2026-06-23T04:12:19,0.002,2.83
ip_shuffle,20260623T041219_002608,of:0000000000000008:1 -> of:000000000000000b:6,0.002,0.0025,0.002,0.002,2.1,2026-06-23T04:12:19,0.002,2.06
ip_shuffle,20260623T041219_002608,of:0000000000000004:2 -> of:0000000000000009:2,0.002,0.0025,0.002,0.002,2.83,2026-06-23T04:12:19,0.002,2.83
ip_shuffle,20260623T041219_002608,of:0000000000000002:1 -> of:000000000000000b:4,0.002,0.0025,0.002,0.002,2.06,2026-06-23T04:12:19,0.002,2.0
ip_shuffle,20260623T041219_002608,of:0000000000000009:1 -> of:000000000000000c:6,0.002,0.0025,0.002,0.002,2.1,2026-06-23T04:12:19,0.002,2.06
ip_shuffle,20260623T041316_779976,of:0000000000000004:1 -> of:000000000000000c:4,0.002,0.0025,0.002,0.002,2.16,2026-06-23T04:13:16,0.002,2.2
ip_shuffle,20260623T041316_779976,of:0000000000000005:1 -> of:000000000000000c:5,0.002,0.0025,0.002,0.002,2.16,2026-06-23T04:13:16,0.002,2.2
ip_shuffle,20260623T041316_779976,of:000000000000000a:1 -> of:000000000000000d:6,0.001,0.00125,0.001,0.001,1.4,2026-06-23T04:13:16,0.001,1.43
ip_shuffle,20260623T041316_779976,of:000000000000000b:3 -> of:000000000000000d:2,0.002,0.0025,0.002,0.002,1.56,2026-06-23T04:13:16,0.002,1.56
ip_shuffle,20260623T041316_779976,of:000000000000000c:3 -> of:000000000000000d:3,0.001,0.00125,0.001,0.001,1.5,2026-06-23T04:13:16,0.001,1.5
ip_shuffle,20260623T041316_779976,of:0000000000000005:2 -> of:0000000000000009:3,0.002,0.0025,0.002,0.002,1.56,2026-06-23T04:13:16,0.002,1.56
ip_shuffle,20260623T041316_779976,of:0000000000000001:1 -> of:000000000000000b:1,0.003,0.00375,0.003,0.003,3.2,2026-06-23T04:13:16,0.003,3.16
ip_shuffle,20260623T041316_779976,of:000000000000000b:2 -> of:000000000000000c:2,0.002,0.0025,0.002,0.002,1.53,2026-06-23T04:13:16,0.002,1.53
ip_shuffle,20260623T041316_779976,of:0000000000000001:2 -> of:000000000000000c:1,0.003,0.00375,0.003,0.003,2.96,2026-06-23T04:13:16,0.003,2.96
ip_shuffle,20260623T041316_779976,of:0000000000000006:2 -> of:000000000000000a:2,0.002,0.0025,0.002,0.002,1.56,2026-06-23T04:13:16,0.002,1.56
ip_shuffle,20260623T041316_779976,of:0000000000000001:3 -> of:000000000000000d:1,0.002,0.0025,0.002,0.002,1.5,2026-06-23T04:13:16,0.002,1.53
ip_shuffle,20260623T041316_779976,of:0000000000000003:1 -> of:000000000000000b:5,0.002,0.0025,0.002,0.002,2.46,2026-06-23T04:13:16,0.002,2.5
ip_shuffle,20260623T041316_779976,of:0000000000000006:1 -> of:000000000000000d:4,0.002,0.0025,0.002,0.002,1.56,2026-06-23T04:13:16,0.002,1.53
ip_shuffle,20260623T041316_779976,of:0000000000000007:2 -> of:000000000000000a:3,0.002,0.0025,0.002,0.002,1.56,2026-06-23T04:13:16,0.002,1.56
ip_shuffle,20260623T041316_779976,of:0000000000000007:1 -> of:000000000000000d:5,0.001,0.00125,0.001,0.001,1.36,2026-06-23T04:13:16,0.001,1.43
ip_shuffle,20260623T041316_779976,of:0000000000000002:2 -> of:0000000000000008:2,0.002,0.0025,0.002,0.002,1.56,2026-06-23T04:13:16,0.002,1.56
ip_shuffle,20260623T041316_779976,of:0000000000000003:2 -> of:0000000000000008:3,0.002,0.0025,0.002,0.002,1.56,2026-06-23T04:13:16,0.002,1.56
ip_shuffle,20260623T041316_779976,of:0000000000000008:1 -> of:000000000000000b:6,0.002,0.0025,0.002,0.002,1.46,2026-06-23T04:13:16,0.002,1.46
ip_shuffle,20260623T041316_779976,of:0000000000000004:2 -> of:0000000000000009:2,0.002,0.0025,0.002,0.002,1.56,2026-06-23T04:13:16,0.002,1.56
ip_shuffle,20260623T041316_779976,of:0000000000000002:1 -> of:000000000000000b:4,0.002,0.0025,0.002,0.002,2.13,2026-06-23T04:13:16,0.002,2.16
ip_shuffle,20260623T041316_779976,of:0000000000000009:1 -> of:000000000000000c:6,0.001,0.00125,0.001,0.001,1.4,2026-06-23T04:13:16,0.001,1.4
route_mutation,20260623T041414_497606,of:0000000000000004:1 -> of:000000000000000c:4,0.002,0.0025,0.002,0.002,1.43,2026-06-23T04:14:14,0.002,1.4
route_mutation,20260623T041414_497606,of:0000000000000005:1 -> of:000000000000000c:5,0.002,0.0025,0.002,0.002,1.43,2026-06-23T04:14:14,0.002,1.4
route_mutation,20260623T041414_497606,of:000000000000000a:1 -> of:000000000000000d:6,0.001,0.00125,0.001,0.001,1.33,2026-06-23T04:14:14,0.001,1.3
route_mutation,20260623T041414_497606,of:000000000000000b:3 -> of:000000000000000d:2,0.002,0.0025,0.002,0.002,1.43,2026-06-23T04:14:14,0.002,1.43
route_mutation,20260623T041414_497606,of:000000000000000c:3 -> of:000000000000000d:3,0.002,0.0025,0.002,0.002,1.43,2026-06-23T04:14:14,0.002,1.43
route_mutation,20260623T041414_497606,of:0000000000000005:2 -> of:0000000000000009:3,0.001,0.00125,0.001,0.001,1.43,2026-06-23T04:14:14,0.001,1.43
route_mutation,20260623T041414_497606,of:0000000000000001:1 -> of:000000000000000b:1,0.002,0.0025,0.002,0.002,1.4,2026-06-23T04:14:14,0.002,1.46
route_mutation,20260623T041414_497606,of:000000000000000b:2 -> of:000000000000000c:2,0.002,0.0025,0.002,0.002,1.46,2026-06-23T04:14:14,0.002,1.46
route_mutation,20260623T041414_497606,of:0000000000000001:2 -> of:000000000000000c:1,0.002,0.0025,0.002,0.002,1.4,2026-06-23T04:14:14,0.002,1.46
route_mutation,20260623T041414_497606,of:0000000000000006:2 -> of:000000000000000a:2,0.001,0.00125,0.001,0.001,1.36,2026-06-23T04:14:14,0.001,1.36
route_mutation,20260623T041414_497606,of:0000000000000001:3 -> of:000000000000000d:1,0.002,0.0025,0.002,0.002,1.76,2026-06-23T04:14:14,0.002,1.66
route_mutation,20260623T041414_497606,of:0000000000000003:1 -> of:000000000000000b:5,0.002,0.0025,0.002,0.002,1.43,2026-06-23T04:14:14,0.002,1.4
route_mutation,20260623T041414_497606,of:0000000000000006:1 -> of:000000000000000d:4,0.001,0.00125,0.001,0.001,1.36,2026-06-23T04:14:14,0.001,1.3
route_mutation,20260623T041414_497606,of:0000000000000007:2 -> of:000000000000000a:3,0.001,0.00125,0.001,0.001,1.33,2026-06-23T04:14:14,0.001,1.33
route_mutation,20260623T041414_497606,of:0000000000000007:1 -> of:000000000000000d:5,0.002,0.0025,0.002,0.002,1.56,2026-06-23T04:14:14,0.002,1.56
route_mutation,20260623T041414_497606,of:0000000000000002:2 -> of:0000000000000008:2,0.001,0.00125,0.001,0.001,1.43,2026-06-23T04:14:14,0.001,1.43
route_mutation,20260623T041414_497606,of:0000000000000003:2 -> of:0000000000000008:3,0.001,0.00125,0.001,0.001,1.43,2026-06-23T04:14:14,0.001,1.43
route_mutation,20260623T041414_497606,of:0000000000000008:1 -> of:000000000000000b:6,0.001,0.00125,0.001,0.001,1.33,2026-06-23T04:14:14,0.001,1.33
route_mutation,20260623T041414_497606,of:0000000000000004:2 -> of:0000000000000009:2,0.001,0.00125,0.001,0.001,1.43,2026-06-23T04:14:14,0.001,1.43
route_mutation,20260623T041414_497606,of:0000000000000002:1 -> of:000000000000000b:4,0.002,0.0025,0.002,0.002,1.43,2026-06-23T04:14:14,0.002,1.4
route_mutation,20260623T041414_497606,of:0000000000000009:1 -> of:000000000000000c:6,0.001,0.00125,0.001,0.001,1.33,2026-06-23T04:14:14,0.001,1.33
ip_shuffle,20260623T041444_813621,of:0000000000000004:1 -> of:000000000000000c:4,0.002,0.0025,0.002,0.002,2.23,2026-06-23T04:14:44,0.002,2.23
ip_shuffle,20260623T041444_813621,of:0000000000000005:1 -> of:000000000000000c:5,0.002,0.0025,0.002,0.002,1.53,2026-06-23T04:14:44,0.002,1.56
ip_shuffle,20260623T041444_813621,of:000000000000000a:1 -> of:000000000000000d:6,0.001,0.00125,0.001,0.001,1.46,2026-06-23T04:14:44,0.001,1.46
ip_shuffle,20260623T041444_813621,of:000000000000000b:3 -> of:000000000000000d:2,0.001,0.00125,0.001,0.001,1.6,2026-06-23T04:14:44,0.001,1.6
ip_shuffle,20260623T041444_813621,of:000000000000000c:3 -> of:000000000000000d:3,0.001,0.00125,0.001,0.001,1.6,2026-06-23T04:14:44,0.001,1.6
ip_shuffle,20260623T041444_813621,of:0000000000000005:2 -> of:0000000000000009:3,0.002,0.0025,0.002,0.002,1.73,2026-06-23T04:14:44,0.002,1.73
ip_shuffle,20260623T041444_813621,of:0000000000000001:1 -> of:000000000000000b:1,0.003,0.00375,0.003,0.003,3.53,2026-06-23T04:14:44,0.003,3.53
ip_shuffle,20260623T041444_813621,of:000000000000000b:2 -> of:000000000000000c:2,0.001,0.00125,0.001,0.001,1.6,2026-06-23T04:14:44,0.001,1.6
ip_shuffle,20260623T041444_813621,of:0000000000000001:2 -> of:000000000000000c:1,0.002,0.0025,0.002,0.002,2.33,2026-06-23T04:14:44,0.002,2.3
ip_shuffle,20260623T041444_813621,of:0000000000000006:2 -> of:000000000000000a:2,0.002,0.0025,0.002,0.002,1.73,2026-06-23T04:14:44,0.002,1.73
ip_shuffle,20260623T041444_813621,of:0000000000000001:3 -> of:000000000000000d:1,0.001,0.00125,0.001,0.001,1.46,2026-06-23T04:14:44,0.001,1.46
ip_shuffle,20260623T041444_813621,of:0000000000000003:1 -> of:000000000000000b:5,0.002,0.0025,0.002,0.002,2.5,2026-06-23T04:14:44,0.002,2.5
ip_shuffle,20260623T041444_813621,of:0000000000000006:1 -> of:000000000000000d:4,0.001,0.00125,0.001,0.001,1.46,2026-06-23T04:14:44,0.001,1.46
ip_shuffle,20260623T041444_813621,of:0000000000000007:2 -> of:000000000000000a:3,0.002,0.0025,0.002,0.002,1.73,2026-06-23T04:14:44,0.002,1.73
ip_shuffle,20260623T041444_813621,of:0000000000000007:1 -> of:000000000000000d:5,0.001,0.00125,0.001,0.001,1.46,2026-06-23T04:14:44,0.001,1.46
ip_shuffle,20260623T041444_813621,of:0000000000000002:2 -> of:0000000000000008:2,0.002,0.0025,0.002,0.002,1.73,2026-06-23T04:14:44,0.002,1.73
ip_shuffle,20260623T041444_813621,of:0000000000000003:2 -> of:0000000000000008:3,0.002,0.0025,0.002,0.002,1.73,2026-06-23T04:14:44,0.002,1.73
ip_shuffle,20260623T041444_813621,of:0000000000000008:1 -> of:000000000000000b:6,0.001,0.00125,0.001,0.001,1.46,2026-06-23T04:14:44,0.001,1.46
ip_shuffle,20260623T041444_813621,of:0000000000000004:2 -> of:0000000000000009:2,0.002,0.0025,0.002,0.002,1.73,2026-06-23T04:14:44,0.002,1.73
ip_shuffle,20260623T041444_813621,of:0000000000000002:1 -> of:000000000000000b:4,0.002,0.0025,0.002,0.002,2.5,2026-06-23T04:14:44,0.002,2.5
ip_shuffle,20260623T041444_813621,of:0000000000000009:1 -> of:000000000000000c:6,0.001,0.00125,0.001,0.001,1.46,2026-06-23T04:14:44,0.001,1.46
ip_shuffle,20260623T041548_837965,of:0000000000000004:1 -> of:000000000000000c:4,0.002,0.0025,0.002,0.002,1.6,2026-06-23T04:15:48,0.002,1.56
ip_shuffle,20260623T041548_837965,of:0000000000000005:1 -> of:000000000000000c:5,0.002,0.0025,0.002,0.002,1.6,2026-06-23T04:15:48,0.002,1.56
ip_shuffle,20260623T041548_837965,of:000000000000000a:1 -> of:000000000000000d:6,0.002,0.0025,0.002,0.002,1.63,2026-06-23T04:15:48,0.002,1.6
ip_shuffle,20260623T041548_837965,of:000000000000000b:3 -> of:000000000000000d:2,0.002,0.0025,0.002,0.002,1.9,2026-06-23T04:15:48,0.002,1.9
ip_shuffle,20260623T041548_837965,of:000000000000000c:3 -> of:000000000000000d:3,0.002,0.0025,0.002,0.002,1.9,2026-06-23T04:15:48,0.002,1.9
ip_shuffle,20260623T041548_837965,of:0000000000000005:2 -> of:0000000000000009:3,0.002,0.0025,0.002,0.002,1.83,2026-06-23T04:15:48,0.002,1.83
ip_shuffle,20260623T041548_837965,of:0000000000000001:1 -> of:000000000000000b:1,0.002,0.0025,0.002,0.002,1.63,2026-06-23T04:15:48,0.002,1.7
ip_shuffle,20260623T041548_837965,of:000000000000000b:2 -> of:000000000000000c:2,0.002,0.0025,0.002,0.002,1.93,2026-06-23T04:15:48,0.002,1.93
ip_shuffle,20260623T041548_837965,of:0000000000000001:2 -> of:000000000000000c:1,0.002,0.0025,0.002,0.002,1.63,2026-06-23T04:15:48,0.002,1.7
ip_shuffle,20260623T041548_837965,of:0000000000000006:2 -> of:000000000000000a:2,0.002,0.0025,0.002,0.002,1.9,2026-06-23T04:15:48,0.002,1.9
ip_shuffle,20260623T041548_837965,of:0000000000000001:3 -> of:000000000000000d:1,0.002,0.0025,0.002,0.002,2.5,2026-06-23T04:15:48,0.002,2.33
ip_shuffle,20260623T041548_837965,of:0000000000000003:1 -> of:000000000000000b:5,0.002,0.0025,0.002,0.002,1.66,2026-06-23T04:15:48,0.002,1.63
ip_shuffle,20260623T041548_837965,of:0000000000000006:1 -> of:000000000000000d:4,0.002,0.0025,0.002,0.002,1.6,2026-06-23T04:15:48,0.002,1.53
ip_shuffle,20260623T041548_837965,of:0000000000000007:2 -> of:000000000000000a:3,0.002,0.0025,0.002,0.002,1.86,2026-06-23T04:15:48,0.002,1.86
ip_shuffle,20260623T041548_837965,of:0000000000000007:1 -> of:000000000000000d:5,0.002,0.0025,0.002,0.002,2.26,2026-06-23T04:15:48,0.002,2.33
ip_shuffle,20260623T041548_837965,of:0000000000000002:2 -> of:0000000000000008:2,0.002,0.0025,0.002,0.002,1.9,2026-06-23T04:15:48,0.002,1.9
ip_shuffle,20260623T041548_837965,of:0000000000000003:2 -> of:0000000000000008:3,0.002,0.0025,0.002,0.002,1.9,2026-06-23T04:15:48,0.002,1.9
ip_shuffle,20260623T041548_837965,of:0000000000000008:1 -> of:000000000000000b:6,0.002,0.0025,0.002,0.002,1.56,2026-06-23T04:15:48,0.002,1.56
ip_shuffle,20260623T041548_837965,of:0000000000000004:2 -> of:0000000000000009:2,0.002,0.0025,0.002,0.002,1.83,2026-06-23T04:15:48,0.002,1.83
ip_shuffle,20260623T041548_837965,of:0000000000000002:1 -> of:000000000000000b:4,0.002,0.0025,0.002,0.002,1.66,2026-06-23T04:15:48,0.002,1.63
ip_shuffle,20260623T041548_837965,of:0000000000000009:1 -> of:000000000000000c:6,0.002,0.0025,0.002,0.002,1.56,2026-06-23T04:15:48,0.002,1.56
route_mutation,20260623T041646_613392,of:0000000000000004:1 -> of:000000000000000c:4,0.002,0.0025,0.002,0.002,2.53,2026-06-23T04:16:46,0.002,2.56
route_mutation,20260623T041646_613392,of:0000000000000005:1 -> of:000000000000000c:5,0.002,0.0025,0.002,0.002,2.56,2026-06-23T04:16:46,0.002,2.59
route_mutation,20260623T041646_613392,of:000000000000000a:1 -> of:000000000000000d:6,0.002,0.0025,0.002,0.002,1.76,2026-06-23T04:16:46,0.002,1.8
route_mutation,20260623T041646_613392,of:000000000000000b:3 -> of:000000000000000d:2,0.002,0.0025,0.002,0.002,2.23,2026-06-23T04:16:46,0.002,2.23
route_mutation,20260623T041646_613392,of:000000000000000c:3 -> of:000000000000000d:3,0.002,0.0025,0.002,0.002,2.26,2026-06-23T04:16:46,0.002,2.26
route_mutation,20260623T041646_613392,of:0000000000000005:2 -> of:0000000000000009:3,0.002,0.0025,0.002,0.002,2.19,2026-06-23T04:16:46,0.002,2.19
route_mutation,20260623T041646_613392,of:0000000000000001:1 -> of:000000000000000b:1,0.002,0.0025,0.002,0.002,1.86,2026-06-23T04:16:46,0.002,1.8
route_mutation,20260623T041646_613392,of:000000000000000b:2 -> of:000000000000000c:2,0.002,0.0025,0.002,0.002,2.23,2026-06-23T04:16:46,0.002,2.23
route_mutation,20260623T041646_613392,of:0000000000000001:2 -> of:000000000000000c:1,0.003,0.00375,0.003,0.003,3.29,2026-06-23T04:16:46,0.003,3.26
route_mutation,20260623T041646_613392,of:0000000000000006:2 -> of:000000000000000a:2,0.002,0.0025,0.002,0.002,2.19,2026-06-23T04:16:46,0.002,2.19
route_mutation,20260623T041646_613392,of:0000000000000001:3 -> of:000000000000000d:1,0.002,0.0025,0.002,0.002,2.76,2026-06-23T04:16:46,0.002,2.89
route_mutation,20260623T041646_613392,of:0000000000000003:1 -> of:000000000000000b:5,0.002,0.0025,0.002,0.002,1.8,2026-06-23T04:16:46,0.002,1.86
route_mutation,20260623T041646_613392,of:0000000000000006:1 -> of:000000000000000d:4,0.003,0.00375,0.003,0.003,2.89,2026-06-23T04:16:46,0.003,2.93
route_mutation,20260623T041646_613392,of:0000000000000007:2 -> of:000000000000000a:3,0.002,0.0025,0.002,0.002,2.19,2026-06-23T04:16:46,0.002,2.19
route_mutation,20260623T041646_613392,of:0000000000000007:1 -> of:000000000000000d:5,0.002,0.0025,0.002,0.002,1.86,2026-06-23T04:16:46,0.002,1.83
route_mutation,20260623T041646_613392,of:0000000000000002:2 -> of:0000000000000008:2,0.002,0.0025,0.002,0.002,2.13,2026-06-23T04:16:46,0.002,2.13
route_mutation,20260623T041646_613392,of:0000000000000003:2 -> of:0000000000000008:3,0.002,0.0025,0.002,0.002,2.13,2026-06-23T04:16:46,0.002,2.13
route_mutation,20260623T041646_613392,of:0000000000000008:1 -> of:000000000000000b:6,0.002,0.0025,0.002,0.002,1.76,2026-06-23T04:16:46,0.002,1.76
route_mutation,20260623T041646_613392,of:0000000000000004:2 -> of:0000000000000009:2,0.002,0.0025,0.002,0.002,2.19,2026-06-23T04:16:46,0.002,2.19
route_mutation,20260623T041646_613392,of:0000000000000002:1 -> of:000000000000000b:4,0.002,0.0025,0.002,0.002,1.7,2026-06-23T04:16:46,0.002,1.7
route_mutation,20260623T041646_613392,of:0000000000000009:1 -> of:000000000000000c:6,0.002,0.0025,0.002,0.002,1.76,2026-06-23T04:16:46,0.002,1.8
ip_shuffle,20260623T041716_899234,of:0000000000000004:1 -> of:000000000000000c:4,0.002,0.0025,0.002,0.002,1.86,2026-06-23T04:17:16,0.002,1.8
ip_shuffle,20260623T041716_899234,of:0000000000000005:1 -> of:000000000000000c:5,0.002,0.0025,0.002,0.002,1.86,2026-06-23T04:17:16,0.002,1.8
ip_shuffle,20260623T041716_899234,of:000000000000000a:1 -> of:000000000000000d:6,0.002,0.0025,0.002,0.002,1.9,2026-06-23T04:17:16,0.002,1.86
ip_shuffle,20260623T041716_899234,of:000000000000000b:3 -> of:000000000000000d:2,0.002,0.0025,0.002,0.002,2.43,2026-06-23T04:17:16,0.002,2.43
ip_shuffle,20260623T041716_899234,of:000000000000000c:3 -> of:000000000000000d:3,0.002,0.0025,0.002,0.002,2.4,2026-06-23T04:17:16,0.002,2.4
ip_shuffle,20260623T041716_899234,of:0000000000000005:2 -> of:0000000000000009:3,0.002,0.0025,0.002,0.002,2.43,2026-06-23T04:17:16,0.002,2.43
ip_shuffle,20260623T041716_899234,of:0000000000000001:1 -> of:000000000000000b:1,0.002,0.0025,0.002,0.002,1.9,2026-06-23T04:17:16,0.002,1.93
ip_shuffle,20260623T041716_899234,of:000000000000000b:2 -> of:000000000000000c:2,0.002,0.0025,0.002,0.002,2.43,2026-06-23T04:17:16,0.002,2.43
ip_shuffle,20260623T041716_899234,of:0000000000000001:2 -> of:000000000000000c:1,0.002,0.0025,0.002,0.002,1.86,2026-06-23T04:17:16,0.002,1.93
ip_shuffle,20260623T041716_899234,of:0000000000000006:2 -> of:000000000000000a:2,0.002,0.0025,0.002,0.002,2.4,2026-06-23T04:17:16,0.002,2.4
ip_shuffle,20260623T041716_899234,of:0000000000000001:3 -> of:000000000000000d:1,0.003,0.00375,0.003,0.003,3.43,2026-06-23T04:17:16,0.003,3.33
ip_shuffle,20260623T041716_899234,of:0000000000000003:1 -> of:000000000000000b:5,0.002,0.0025,0.002,0.002,1.93,2026-06-23T04:17:16,0.002,1.9
ip_shuffle,20260623T041716_899234,of:0000000000000006:1 -> of:000000000000000d:4,0.002,0.0025,0.002,0.002,1.9,2026-06-23T04:17:16,0.002,1.86
ip_shuffle,20260623T041716_899234,of:0000000000000007:2 -> of:000000000000000a:3,0.002,0.0025,0.002,0.002,2.4,2026-06-23T04:17:16,0.002,2.4
ip_shuffle,20260623T041716_899234,of:0000000000000007:1 -> of:000000000000000d:5,0.003,0.00375,0.003,0.003,3.13,2026-06-23T04:17:16,0.003,3.16
ip_shuffle,20260623T041716_899234,of:0000000000000002:2 -> of:0000000000000008:2,0.002,0.0025,0.002,0.002,2.43,2026-06-23T04:17:16,0.002,2.43
ip_shuffle,20260623T041716_899234,of:0000000000000003:2 -> of:0000000000000008:3,0.002,0.0025,0.002,0.002,2.43,2026-06-23T04:17:16,0.002,2.43
ip_shuffle,20260623T041716_899234,of:0000000000000008:1 -> of:000000000000000b:6,0.002,0.0025,0.002,0.002,1.83,2026-06-23T04:17:16,0.002,1.83
ip_shuffle,20260623T041716_899234,of:0000000000000004:2 -> of:0000000000000009:2,0.002,0.0025,0.002,0.002,2.43,2026-06-23T04:17:16,0.002,2.43
ip_shuffle,20260623T041716_899234,of:0000000000000002:1 -> of:000000000000000b:4,0.002,0.0025,0.002,0.002,1.93,2026-06-23T04:17:16,0.002,1.9
ip_shuffle,20260623T041716_899234,of:0000000000000009:1 -> of:000000000000000c:6,0.002,0.0025,0.002,0.002,1.9,2026-06-23T04:17:16,0.002,1.86
route_mutation,20260623T041821_241934,of:0000000000000004:1 -> of:000000000000000c:4,0.002,0.0025,0.002,0.002,2.33,2026-06-23T04:18:21,0.002,2.33
route_mutation,20260623T041821_241934,of:0000000000000005:1 -> of:000000000000000c:5,0.002,0.0025,0.002,0.002,2.33,2026-06-23T04:18:21,0.002,2.33
route_mutation,20260623T041821_241934,of:000000000000000a:1 -> of:000000000000000d:6,0.002,0.0025,0.002,0.002,1.53,2026-06-23T04:18:21,0.002,1.53
route_mutation,20260623T041821_241934,of:000000000000000b:3 -> of:000000000000000d:2,0.002,0.0025,0.002,0.002,1.73,2026-06-23T04:18:21,0.002,1.73
route_mutation,20260623T041821_241934,of:000000000000000c:3 -> of:000000000000000d:3,0.002,0.0025,0.002,0.002,1.73,2026-06-23T04:18:21,0.002,1.73
route_mutation,20260623T041821_241934,of:0000000000000005:2 -> of:0000000000000009:3,0.002,0.0025,0.002,0.002,1.73,2026-06-23T04:18:21,0.002,1.73
route_mutation,20260623T041821_241934,of:0000000000000001:1 -> of:000000000000000b:1,0.002,0.0025,0.002,0.002,2.4,2026-06-23T04:18:21,0.002,2.36
route_mutation,20260623T041821_241934,of:000000000000000b:2 -> of:000000000000000c:2,0.002,0.0025,0.002,0.002,1.73,2026-06-23T04:18:21,0.002,1.73
route_mutation,20260623T041821_241934,of:0000000000000001:2 -> of:000000000000000c:1,0.003,0.00375,0.003,0.003,3.06,2026-06-23T04:18:21,0.003,3.06
route_mutation,20260623T041821_241934,of:0000000000000006:2 -> of:000000000000000a:2,0.002,0.0025,0.002,0.002,1.73,2026-06-23T04:18:21,0.002,1.73
route_mutation,20260623T041821_241934,of:0000000000000001:3 -> of:000000000000000d:1,0.002,0.0025,0.002,0.002,1.76,2026-06-23T04:18:21,0.002,1.76
route_mutation,20260623T041821_241934,of:0000000000000003:1 -> of:000000000000000b:5,0.002,0.0025,0.002,0.002,2.36,2026-06-23T04:18:21,0.002,2.36
route_mutation,20260623T041821_241934,of:0000000000000006:1 -> of:000000000000000d:4,0.002,0.0025,0.002,0.002,1.83,2026-06-23T04:18:21,0.002,1.83
route_mutation,20260623T041821_241934,of:0000000000000007:2 -> of:000000000000000a:3,0.002,0.0025,0.002,0.002,1.73,2026-06-23T04:18:21,0.002,1.73
route_mutation,20260623T041821_241934,of:0000000000000007:1 -> of:000000000000000d:5,0.002,0.0025,0.002,0.002,1.53,2026-06-23T04:18:21,0.002,1.53
route_mutation,20260623T041821_241934,of:0000000000000002:2 -> of:0000000000000008:2,0.002,0.0025,0.002,0.002,1.66,2026-06-23T04:18:21,0.002,1.66
route_mutation,20260623T041821_241934,of:0000000000000003:2 -> of:0000000000000008:3,0.002,0.0025,0.002,0.002,1.66,2026-06-23T04:18:21,0.002,1.66
route_mutation,20260623T041821_241934,of:0000000000000008:1 -> of:000000000000000b:6,0.002,0.0025,0.002,0.002,1.53,2026-06-23T04:18:21,0.002,1.53
route_mutation,20260623T041821_241934,of:0000000000000004:2 -> of:0000000000000009:2,0.002,0.0025,0.002,0.002,1.73,2026-06-23T04:18:21,0.002,1.73
route_mutation,20260623T041821_241934,of:0000000000000002:1 -> of:000000000000000b:4,0.001,0.00125,0.001,0.001,1.46,2026-06-23T04:18:21,0.001,1.46
route_mutation,20260623T041821_241934,of:0000000000000009:1 -> of:000000000000000c:6,0.002,0.0025,0.002,0.002,1.53,2026-06-23T04:18:21,0.002,1.53
ip_shuffle,20260623T041851_586179,of:0000000000000004:1 -> of:000000000000000c:4,0.002,0.0025,0.002,0.002,2.0,2026-06-23T04:18:51,0.002,2.03
ip_shuffle,20260623T041851_586179,of:0000000000000005:1 -> of:000000000000000c:5,0.002,0.0025,0.002,0.002,2.0,2026-06-23T04:18:51,0.002,2.03
ip_shuffle,20260623T041851_586179,of:000000000000000a:1 -> of:000000000000000d:6,0.002,0.0025,0.002,0.002,2.1,2026-06-23T04:18:51,0.002,2.13
ip_shuffle,20260623T041851_586179,of:000000000000000b:3 -> of:000000000000000d:2,0.002,0.0025,0.002,0.002,2.9,2026-06-23T04:18:51,0.002,2.9
ip_shuffle,20260623T041851_586179,of:000000000000000c:3 -> of:000000000000000d:3,0.002,0.0025,0.002,0.002,2.9,2026-06-23T04:18:51,0.002,2.9
ip_shuffle,20260623T041851_586179,of:0000000000000005:2 -> of:0000000000000009:3,0.002,0.0025,0.002,0.002,2.76,2026-06-23T04:18:51,0.002,2.76
ip_shuffle,20260623T041851_586179,of:0000000000000001:1 -> of:000000000000000b:1,0.002,0.0025,0.002,0.002,2.1,2026-06-23T04:18:51,0.002,2.03
ip_shuffle,20260623T041851_586179,of:000000000000000b:2 -> of:000000000000000c:2,0.002,0.0025,0.002,0.002,2.86,2026-06-23T04:18:51,0.002,2.86
ip_shuffle,20260623T041851_586179,of:0000000000000001:2 -> of:000000000000000c:1,0.002,0.0025,0.002,0.002,2.1,2026-06-23T04:18:51,0.002,2.03
ip_shuffle,20260623T041851_586179,of:0000000000000006:2 -> of:000000000000000a:2,0.002,0.0025,0.002,0.002,2.76,2026-06-23T04:18:51,0.002,2.76
ip_shuffle,20260623T041851_586179,of:0000000000000001:3 -> of:000000000000000d:1,0.003,0.00375,0.003,0.003,3.93,2026-06-23T04:18:51,0.003,4.06
ip_shuffle,20260623T041851_586179,of:0000000000000003:1 -> of:000000000000000b:5,0.002,0.0025,0.002,0.002,2.06,2026-06-23T04:18:51,0.002,2.1
ip_shuffle,20260623T041851_586179,of:0000000000000006:1 -> of:000000000000000d:4,0.002,0.0025,0.002,0.002,2.86,2026-06-23T04:18:51,0.002,2.93
ip_shuffle,20260623T041851_586179,of:0000000000000007:2 -> of:000000000000000a:3,0.002,0.0025,0.002,0.002,2.76,2026-06-23T04:18:51,0.002,2.76
ip_shuffle,20260623T041851_586179,of:0000000000000007:1 -> of:000000000000000d:5,0.003,0.00375,0.003,0.003,3.2,2026-06-23T04:18:51,0.003,3.13
ip_shuffle,20260623T041851_586179,of:0000000000000002:2 -> of:0000000000000008:2,0.002,0.0025,0.002,0.002,2.76,2026-06-23T04:18:51,0.002,2.76
ip_shuffle,20260623T041851_586179,of:0000000000000003:2 -> of:0000000000000008:3,0.002,0.0025,0.002,0.002,2.76,2026-06-23T04:18:51,0.002,2.76
ip_shuffle,20260623T041851_586179,of:0000000000000008:1 -> of:000000000000000b:6,0.002,0.0025,0.002,0.002,2.03,2026-06-23T04:18:51,0.002,2.03
ip_shuffle,20260623T041851_586179,of:0000000000000004:2 -> of:0000000000000009:2,0.002,0.0025,0.002,0.002,2.76,2026-06-23T04:18:51,0.002,2.76
ip_shuffle,20260623T041851_586179,of:0000000000000002:1 -> of:000000000000000b:4,0.002,0.0025,0.002,0.002,2.06,2026-06-23T04:18:51,0.002,2.1
ip_shuffle,20260623T041851_586179,of:0000000000000009:1 -> of:000000000000000c:6,0.002,0.0025,0.002,0.002,2.1,2026-06-23T04:18:51,0.002,2.1
ip_shuffle,20260623T041955_931128,of:0000000000000004:1 -> of:000000000000000c:4,0.002,0.0025,0.002,0.002,2.36,2026-06-23T04:19:55,0.002,2.36
ip_shuffle,20260623T041955_931128,of:0000000000000005:1 -> of:000000000000000c:5,0.002,0.0025,0.002,0.002,1.66,2026-06-23T04:19:55,0.002,1.66
ip_shuffle,20260623T041955_931128,of:000000000000000a:1 -> of:000000000000000d:6,0.002,0.0025,0.002,0.002,1.53,2026-06-23T04:19:55,0.002,1.53
ip_shuffle,20260623T041955_931128,of:000000000000000b:3 -> of:000000000000000d:2,0.002,0.0025,0.002,0.002,1.73,2026-06-23T04:19:55,0.002,1.73
ip_shuffle,20260623T041955_931128,of:000000000000000c:3 -> of:000000000000000d:3,0.002,0.0025,0.002,0.002,1.73,2026-06-23T04:19:55,0.002,1.73
ip_shuffle,20260623T041955_931128,of:0000000000000005:2 -> of:0000000000000009:3,0.002,0.0025,0.002,0.002,1.73,2026-06-23T04:19:55,0.002,1.73
ip_shuffle,20260623T041955_931128,of:0000000000000001:1 -> of:000000000000000b:1,0.003,0.00375,0.003,0.003,3.53,2026-06-23T04:19:55,0.003,3.53
ip_shuffle,20260623T041955_931128,of:000000000000000b:2 -> of:000000000000000c:2,0.002,0.0025,0.002,0.002,1.73,2026-06-23T04:19:55,0.002,1.73
ip_shuffle,20260623T041955_931128,of:0000000000000001:2 -> of:000000000000000c:1,0.002,0.0025,0.002,0.002,2.33,2026-06-23T04:19:55,0.002,2.33
ip_shuffle,20260623T041955_931128,of:0000000000000006:2 -> of:000000000000000a:2,0.002,0.0025,0.002,0.002,1.73,2026-06-23T04:19:55,0.002,1.73
ip_shuffle,20260623T041955_931128,of:0000000000000001:3 -> of:000000000000000d:1,0.001,0.00125,0.001,0.001,1.46,2026-06-23T04:19:55,0.001,1.46
ip_shuffle,20260623T041955_931128,of:0000000000000003:1 -> of:000000000000000b:5,0.002,0.0025,0.002,0.002,2.5,2026-06-23T04:19:55,0.002,2.5
ip_shuffle,20260623T041955_931128,of:0000000000000006:1 -> of:000000000000000d:4,0.002,0.0025,0.002,0.002,1.53,2026-06-23T04:19:55,0.002,1.53
ip_shuffle,20260623T041955_931128,of:0000000000000007:2 -> of:000000000000000a:3,0.002,0.0025,0.002,0.002,1.73,2026-06-23T04:19:55,0.002,1.73
ip_shuffle,20260623T041955_931128,of:0000000000000007:1 -> of:000000000000000d:5,0.002,0.0025,0.002,0.002,1.53,2026-06-23T04:19:55,0.002,1.53
ip_shuffle,20260623T041955_931128,of:0000000000000002:2 -> of:0000000000000008:2,0.002,0.0025,0.002,0.002,1.66,2026-06-23T04:19:55,0.002,1.66
ip_shuffle,20260623T041955_931128,of:0000000000000003:2 -> of:0000000000000008:3,0.002,0.0025,0.002,0.002,1.66,2026-06-23T04:19:55,0.002,1.66
ip_shuffle,20260623T041955_931128,of:0000000000000008:1 -> of:000000000000000b:6,0.002,0.0025,0.002,0.002,1.53,2026-06-23T04:19:55,0.002,1.53
ip_shuffle,20260623T041955_931128,of:0000000000000004:2 -> of:0000000000000009:2,0.002,0.0025,0.002,0.002,1.73,2026-06-23T04:19:55,0.002,1.73
ip_shuffle,20260623T041955_931128,of:0000000000000002:1 -> of:000000000000000b:4,0.002,0.0025,0.002,0.002,2.5,2026-06-23T04:19:55,0.002,2.5
ip_shuffle,20260623T041955_931128,of:0000000000000009:1 -> of:000000000000000c:6,0.002,0.0025,0.002,0.002,1.53,2026-06-23T04:19:55,0.002,1.53
route_mutation,20260623T042053_680526,of:0000000000000004:1 -> of:000000000000000c:4,0.002,0.0025,0.002,0.002,1.53,2026-06-23T04:20:53,0.001,1.46
route_mutation,20260623T042053_680526,of:0000000000000005:1 -> of:000000000000000c:5,0.002,0.0025,0.002,0.002,1.53,2026-06-23T04:20:53,0.001,1.46
route_mutation,20260623T042053_680526,of:000000000000000a:1 -> of:000000000000000d:6,0.001,0.00125,0.001,0.001,1.5,2026-06-23T04:20:53,0.001,1.46
route_mutation,20260623T042053_680526,of:000000000000000b:3 -> of:000000000000000d:2,0.002,0.0025,0.002,0.002,1.7,2026-06-23T04:20:53,0.002,1.7
route_mutation,20260623T042053_680526,of:000000000000000c:3 -> of:000000000000000d:3,0.002,0.0025,0.002,0.002,1.66,2026-06-23T04:20:53,0.002,1.66
route_mutation,20260623T042053_680526,of:0000000000000005:2 -> of:0000000000000009:3,0.002,0.0025,0.002,0.002,1.76,2026-06-23T04:20:53,0.002,1.76
route_mutation,20260623T042053_680526,of:0000000000000001:1 -> of:000000000000000b:1,0.002,0.0025,0.002,0.001,1.5,2026-06-23T04:20:53,0.002,1.53
route_mutation,20260623T042053_680526,of:000000000000000b:2 -> of:000000000000000c:2,0.001,0.00125,0.001,0.001,1.63,2026-06-23T04:20:53,0.001,1.63
route_mutation,20260623T042053_680526,of:0000000000000001:2 -> of:000000000000000c:1,0.002,0.0025,0.002,0.001,1.46,2026-06-23T04:20:53,0.002,1.53
route_mutation,20260623T042053_680526,of:0000000000000006:2 -> of:000000000000000a:2,0.002,0.0025,0.002,0.002,1.73,2026-06-23T04:20:53,0.002,1.73
route_mutation,20260623T042053_680526,of:0000000000000001:3 -> of:000000000000000d:1,0.002,0.0025,0.002,0.002,2.3,2026-06-23T04:20:53,0.002,2.23
route_mutation,20260623T042053_680526,of:0000000000000003:1 -> of:000000000000000b:5,0.002,0.0025,0.002,0.002,1.53,2026-06-23T04:20:53,0.001,1.5
route_mutation,20260623T042053_680526,of:0000000000000006:1 -> of:000000000000000d:4,0.002,0.0025,0.002,0.002,1.56,2026-06-23T04:20:53,0.002,1.53
route_mutation,20260623T042053_680526,of:0000000000000007:2 -> of:000000000000000a:3,0.002,0.0025,0.002,0.002,1.73,2026-06-23T04:20:53,0.002,1.73
route_mutation,20260623T042053_680526,of:0000000000000007:1 -> of:000000000000000d:5,0.002,0.0025,0.002,0.002,2.2,2026-06-23T04:20:53,0.002,2.23
route_mutation,20260623T042053_680526,of:0000000000000002:2 -> of:0000000000000008:2,0.002,0.0025,0.002,0.002,1.76,2026-06-23T04:20:53,0.002,1.76
route_mutation,20260623T042053_680526,of:0000000000000003:2 -> of:0000000000000008:3,0.002,0.0025,0.002,0.002,1.76,2026-06-23T04:20:53,0.002,1.76
route_mutation,20260623T042053_680526,of:0000000000000008:1 -> of:000000000000000b:6,0.001,0.00125,0.001,0.001,1.43,2026-06-23T04:20:53,0.001,1.43
route_mutation,20260623T042053_680526,of:0000000000000004:2 -> of:0000000000000009:2,0.002,0.0025,0.002,0.002,1.76,2026-06-23T04:20:53,0.002,1.76
route_mutation,20260623T042053_680526,of:0000000000000002:1 -> of:000000000000000b:4,0.002,0.0025,0.002,0.002,1.53,2026-06-23T04:20:53,0.001,1.5
route_mutation,20260623T042053_680526,of:0000000000000009:1 -> of:000000000000000c:6,0.001,0.00125,0.001,0.001,1.43,2026-06-23T04:20:53,0.001,1.4
ip_shuffle,20260623T042123_963799,of:0000000000000004:1 -> of:000000000000000c:4,0.002,0.0025,0.002,0.002,1.8,2026-06-23T04:21:23,0.002,1.8
ip_shuffle,20260623T042123_963799,of:0000000000000005:1 -> of:000000000000000c:5,0.002,0.0025,0.002,0.002,1.53,2026-06-23T04:21:23,0.002,1.53
ip_shuffle,20260623T042123_963799,of:000000000000000a:1 -> of:000000000000000d:6,0.001,0.00125,0.001,0.001,1.46,2026-06-23T04:21:23,0.001,1.46
ip_shuffle,20260623T042123_963799,of:000000000000000b:3 -> of:000000000000000d:2,0.002,0.0025,0.002,0.002,1.66,2026-06-23T04:21:23,0.002,1.66
ip_shuffle,20260623T042123_963799,of:000000000000000c:3 -> of:000000000000000d:3,0.002,0.0025,0.002,0.002,1.66,2026-06-23T04:21:23,0.002,1.66
ip_shuffle,20260623T042123_963799,of:0000000000000005:2 -> of:0000000000000009:3,0.002,0.0025,0.002,0.002,1.73,2026-06-23T04:21:23,0.002,1.73
ip_shuffle,20260623T042123_963799,of:0000000000000001:1 -> of:000000000000000b:1,0.003,0.00375,0.003,0.003,3.46,2026-06-23T04:21:23,0.003,3.46
ip_shuffle,20260623T042123_963799,of:000000000000000b:2 -> of:000000000000000c:2,0.002,0.0025,0.002,0.002,1.73,2026-06-23T04:21:23,0.002,1.73
ip_shuffle,20260623T042123_963799,of:0000000000000001:2 -> of:000000000000000c:1,0.002,0.0025,0.002,0.002,1.66,2026-06-23T04:21:23,0.002,1.66
ip_shuffle,20260623T042123_963799,of:0000000000000006:2 -> of:000000000000000a:2,0.002,0.0025,0.002,0.002,1.73,2026-06-23T04:21:23,0.002,1.73
ip_shuffle,20260623T042123_963799,of:0000000000000001:3 -> of:000000000000000d:1,0.001,0.00125,0.001,0.001,1.4,2026-06-23T04:21:23,0.001,1.4
ip_shuffle,20260623T042123_963799,of:0000000000000003:1 -> of:000000000000000b:5,0.002,0.0025,0.002,0.002,2.5,2026-06-23T04:21:23,0.002,2.5
ip_shuffle,20260623T042123_963799,of:0000000000000006:1 -> of:000000000000000d:4,0.001,0.00125,0.001,0.001,1.46,2026-06-23T04:21:23,0.001,1.46
ip_shuffle,20260623T042123_963799,of:0000000000000007:2 -> of:000000000000000a:3,0.002,0.0025,0.002,0.002,1.73,2026-06-23T04:21:23,0.002,1.73
ip_shuffle,20260623T042123_963799,of:0000000000000007:1 -> of:000000000000000d:5,0.001,0.00125,0.001,0.001,1.46,2026-06-23T04:21:23,0.001,1.46
ip_shuffle,20260623T042123_963799,of:0000000000000002:2 -> of:0000000000000008:2,0.002,0.0025,0.002,0.002,1.73,2026-06-23T04:21:23,0.002,1.73
ip_shuffle,20260623T042123_963799,of:0000000000000003:2 -> of:0000000000000008:3,0.002,0.0025,0.002,0.002,1.73,2026-06-23T04:21:23,0.002,1.73
ip_shuffle,20260623T042123_963799,of:0000000000000008:1 -> of:000000000000000b:6,0.002,0.0025,0.002,0.002,1.53,2026-06-23T04:21:23,0.002,1.53
ip_shuffle,20260623T042123_963799,of:0000000000000004:2 -> of:0000000000000009:2,0.002,0.0025,0.002,0.002,1.73,2026-06-23T04:21:23,0.002,1.73
ip_shuffle,20260623T042123_963799,of:0000000000000002:1 -> of:000000000000000b:4,0.002,0.0025,0.002,0.002,2.56,2026-06-23T04:21:23,0.002,2.56
ip_shuffle,20260623T042123_963799,of:0000000000000009:1 -> of:000000000000000c:6,0.002,0.0025,0.002,0.002,1.53,2026-06-23T04:21:23,0.002,1.53
ip_shuffle,20260623T042227_978255,of:0000000000000004:1 -> of:000000000000000c:4,0.002,0.0025,0.002,0.002,1.8,2026-06-23T04:22:27,0.002,1.76
ip_shuffle,20260623T042227_978255,of:0000000000000005:1 -> of:000000000000000c:5,0.002,0.0025,0.002,0.002,1.8,2026-06-23T04:22:27,0.002,1.76
ip_shuffle,20260623T042227_978255,of:000000000000000a:1 -> of:000000000000000d:6,0.002,0.0025,0.002,0.002,1.76,2026-06-23T04:22:27,0.002,1.73
ip_shuffle,20260623T042227_978255,of:000000000000000b:3 -> of:000000000000000d:2,0.002,0.0025,0.002,0.002,2.23,2026-06-23T04:22:27,0.002,2.23
ip_shuffle,20260623T042227_978255,of:000000000000000c:3 -> of:000000000000000d:3,0.002,0.0025,0.002,0.002,2.23,2026-06-23T04:22:27,0.002,2.23
ip_shuffle,20260623T042227_978255,of:0000000000000005:2 -> of:0000000000000009:3,0.002,0.0025,0.002,0.002,2.3,2026-06-23T04:22:27,0.002,2.3
ip_shuffle,20260623T042227_978255,of:0000000000000001:1 -> of:000000000000000b:1,0.002,0.0025,0.002,0.002,1.76,2026-06-23T04:22:27,0.002,1.83
ip_shuffle,20260623T042227_978255,of:000000000000000b:2 -> of:000000000000000c:2,0.002,0.0025,0.002,0.002,2.2,2026-06-23T04:22:27,0.002,2.2
ip_shuffle,20260623T042227_978255,of:0000000000000001:2 -> of:000000000000000c:1,0.002,0.0025,0.002,0.002,1.76,2026-06-23T04:22:27,0.002,1.83
ip_shuffle,20260623T042227_978255,of:0000000000000006:2 -> of:000000000000000a:2,0.002,0.0025,0.002,0.002,2.3,2026-06-23T04:22:27,0.002,2.3
ip_shuffle,20260623T042227_978255,of:0000000000000001:3 -> of:000000000000000d:1,0.003,0.00375,0.003,0.003,3.63,2026-06-23T04:22:27,0.003,3.49
ip_shuffle,20260623T042227_978255,of:0000000000000003:1 -> of:000000000000000b:5,0.002,0.0025,0.002,0.002,1.83,2026-06-23T04:22:27,0.002,1.76
ip_shuffle,20260623T042227_978255,of:0000000000000006:1 -> of:000000000000000d:4,0.002,0.0025,0.002,0.002,2.06,2026-06-23T04:22:27,0.002,2.16
ip_shuffle,20260623T042227_978255,of:0000000000000007:2 -> of:000000000000000a:3,0.002,0.0025,0.002,0.002,2.3,2026-06-23T04:22:27,0.002,2.3
ip_shuffle,20260623T042227_978255,of:0000000000000007:1 -> of:000000000000000d:5,0.003,0.00375,0.003,0.003,3.19,2026-06-23T04:22:27,0.003,3.13
ip_shuffle,20260623T042227_978255,of:0000000000000002:2 -> of:0000000000000008:2,0.002,0.0025,0.002,0.002,2.33,2026-06-23T04:22:27,0.002,2.33
ip_shuffle,20260623T042227_978255,of:0000000000000003:2 -> of:0000000000000008:3,0.002,0.0025,0.002,0.002,2.33,2026-06-23T04:22:27,0.002,2.33
ip_shuffle,20260623T042227_978255,of:0000000000000008:1 -> of:000000000000000b:6,0.002,0.0025,0.002,0.002,1.7,2026-06-23T04:22:27,0.002,1.7
ip_shuffle,20260623T042227_978255,of:0000000000000004:2 -> of:0000000000000009:2,0.002,0.0025,0.002,0.002,2.3,2026-06-23T04:22:27,0.002,2.3
ip_shuffle,20260623T042227_978255,of:0000000000000002:1 -> of:000000000000000b:4,0.002,0.0025,0.002,0.002,1.83,2026-06-23T04:22:27,0.002,1.76
ip_shuffle,20260623T042227_978255,of:0000000000000009:1 -> of:000000000000000c:6,0.002,0.0025,0.002,0.002,1.7,2026-06-23T04:22:27,0.002,1.7
route_mutation,20260623T042325_877970,of:0000000000000004:1 -> of:000000000000000c:4,0.002,0.0025,0.002,0.002,2.33,2026-06-23T04:23:25,0.002,2.36
route_mutation,20260623T042325_877970,of:0000000000000005:1 -> of:000000000000000c:5,0.002,0.0025,0.002,0.002,2.33,2026-06-23T04:23:25,0.002,2.36
route_mutation,20260623T042325_877970,of:000000000000000a:1 -> of:000000000000000d:6,0.002,0.0025,0.002,0.002,1.63,2026-06-23T04:23:25,0.002,1.63
route_mutation,20260623T042325_877970,of:000000000000000b:3 -> of:000000000000000d:2,0.002,0.0025,0.002,0.002,1.93,2026-06-23T04:23:25,0.002,1.93
route_mutation,20260623T042325_877970,of:000000000000000c:3 -> of:000000000000000d:3,0.002,0.0025,0.002,0.002,1.93,2026-06-23T04:23:25,0.002,1.93
route_mutation,20260623T042325_877970,of:0000000000000005:2 -> of:0000000000000009:3,0.002,0.0025,0.002,0.002,1.83,2026-06-23T04:23:25,0.002,1.83
route_mutation,20260623T042325_877970,of:0000000000000001:1 -> of:000000000000000b:1,0.002,0.0025,0.002,0.002,2.63,2026-06-23T04:23:25,0.002,2.63
route_mutation,20260623T042325_877970,of:000000000000000b:2 -> of:000000000000000c:2,0.002,0.0025,0.002,0.002,1.93,2026-06-23T04:23:25,0.002,1.93
route_mutation,20260623T042325_877970,of:0000000000000001:2 -> of:000000000000000c:1,0.003,0.00375,0.003,0.003,3.23,2026-06-23T04:23:25,0.003,3.19
route_mutation,20260623T042325_877970,of:0000000000000006:2 -> of:000000000000000a:2,0.002,0.0025,0.002,0.002,1.86,2026-06-23T04:23:25,0.002,1.86
route_mutation,20260623T042325_877970,of:0000000000000001:3 -> of:000000000000000d:1,0.002,0.0025,0.002,0.002,2.06,2026-06-23T04:23:25,0.002,2.16
route_mutation,20260623T042325_877970,of:0000000000000003:1 -> of:000000000000000b:5,0.002,0.0025,0.002,0.002,2.53,2026-06-23T04:23:25,0.002,2.53
route_mutation,20260623T042325_877970,of:0000000000000006:1 -> of:000000000000000d:4,0.002,0.0025,0.002,0.002,2.1,2026-06-23T04:23:25,0.002,2.03
route_mutation,20260623T042325_877970,of:0000000000000007:2 -> of:000000000000000a:3,0.002,0.0025,0.002,0.002,1.93,2026-06-23T04:23:25,0.002,1.93
route_mutation,20260623T042325_877970,of:0000000000000007:1 -> of:000000000000000d:5,0.002,0.0025,0.002,0.002,1.63,2026-06-23T04:23:25,0.002,1.63
route_mutation,20260623T042325_877970,of:0000000000000002:2 -> of:0000000000000008:2,0.002,0.0025,0.002,0.002,1.83,2026-06-23T04:23:25,0.002,1.83
route_mutation,20260623T042325_877970,of:0000000000000003:2 -> of:0000000000000008:3,0.002,0.0025,0.002,0.002,1.83,2026-06-23T04:23:25,0.002,1.83
route_mutation,20260623T042325_877970,of:0000000000000008:1 -> of:000000000000000b:6,0.002,0.0025,0.002,0.002,1.63,2026-06-23T04:23:25,0.002,1.63
route_mutation,20260623T042325_877970,of:0000000000000004:2 -> of:0000000000000009:2,0.002,0.0025,0.002,0.002,1.83,2026-06-23T04:23:25,0.002,1.83
route_mutation,20260623T042325_877970,of:0000000000000002:1 -> of:000000000000000b:4,0.002,0.0025,0.002,0.002,1.56,2026-06-23T04:23:25,0.002,1.6
route_mutation,20260623T042325_877970,of:0000000000000009:1 -> of:000000000000000c:6,0.002,0.0025,0.002,0.002,1.63,2026-06-23T04:23:25,0.002,1.63
route_mutation,20260623T042356_073000,of:0000000000000004:1 -> of:000000000000000c:4,0.002,0.0025,0.002,0.002,1.93,2026-06-23T04:23:56,0.002,1.9
route_mutation,20260623T042356_073000,of:0000000000000005:1 -> of:000000000000000c:5,0.002,0.0025,0.002,0.002,1.9,2026-06-23T04:23:56,0.002,1.86
route_mutation,20260623T042356_073000,of:000000000000000a:1 -> of:000000000000000d:6,0.002,0.0025,0.002,0.002,1.93,2026-06-23T04:23:56,0.002,1.93
route_mutation,20260623T042356_073000,of:000000000000000b:3 -> of:000000000000000d:2,0.002,0.0025,0.002,0.002,2.46,2026-06-23T04:23:56,0.002,2.46
route_mutation,20260623T042356_073000,of:000000000000000c:3 -> of:000000000000000d:3,0.002,0.0025,0.002,0.002,2.5,2026-06-23T04:23:56,0.002,2.5
route_mutation,20260623T042356_073000,of:0000000000000005:2 -> of:0000000000000009:3,0.002,0.0025,0.002,0.002,2.5,2026-06-23T04:23:56,0.002,2.5
route_mutation,20260623T042356_073000,of:0000000000000001:1 -> of:000000000000000b:1,0.002,0.0025,0.002,0.002,1.86,2026-06-23T04:23:56,0.002,1.9
route_mutation,20260623T042356_073000,of:000000000000000b:2 -> of:000000000000000c:2,0.002,0.0025,0.002,0.002,2.4,2026-06-23T04:23:56,0.002,2.4
route_mutation,20260623T042356_073000,of:0000000000000001:2 -> of:000000000000000c:1,0.002,0.0025,0.002,0.002,1.86,2026-06-23T04:23:56,0.002,1.9
route_mutation,20260623T042356_073000,of:0000000000000006:2 -> of:000000000000000a:2,0.002,0.0025,0.002,0.002,2.46,2026-06-23T04:23:56,0.002,2.46
route_mutation,20260623T042356_073000,of:0000000000000001:3 -> of:000000000000000d:1,0.003,0.00375,0.003,0.003,4.03,2026-06-23T04:23:56,0.003,3.93
route_mutation,20260623T042356_073000,of:0000000000000003:1 -> of:000000000000000b:5,0.002,0.0025,0.002,0.002,1.9,2026-06-23T04:23:56,0.002,1.86
route_mutation,20260623T042356_073000,of:0000000000000006:1 -> of:000000000000000d:4,0.002,0.0025,0.002,0.002,2.6,2026-06-23T04:23:56,0.002,2.66
route_mutation,20260623T042356_073000,of:0000000000000007:2 -> of:000000000000000a:3,0.002,0.0025,0.002,0.002,2.43,2026-06-23T04:23:56,0.002,2.43
route_mutation,20260623T042356_073000,of:0000000000000007:1 -> of:000000000000000d:5,0.003,0.00375,0.003,0.003,3.2,2026-06-23T04:23:56,0.003,3.2
route_mutation,20260623T042356_073000,of:0000000000000002:2 -> of:0000000000000008:2,0.002,0.0025,0.002,0.002,2.5,2026-06-23T04:23:56,0.002,2.5
route_mutation,20260623T042356_073000,of:0000000000000003:2 -> of:0000000000000008:3,0.002,0.0025,0.002,0.002,2.5,2026-06-23T04:23:56,0.002,2.5
route_mutation,20260623T042356_073000,of:0000000000000008:1 -> of:000000000000000b:6,0.002,0.0025,0.002,0.002,1.8,2026-06-23T04:23:56,0.002,1.8
route_mutation,20260623T042356_073000,of:0000000000000004:2 -> of:0000000000000009:2,0.002,0.0025,0.002,0.002,2.5,2026-06-23T04:23:56,0.002,2.5
route_mutation,20260623T042356_073000,of:0000000000000002:1 -> of:000000000000000b:4,0.002,0.0025,0.002,0.002,1.9,2026-06-23T04:23:56,0.002,1.86
route_mutation,20260623T042356_073000,of:0000000000000009:1 -> of:000000000000000c:6,0.002,0.0025,0.002,0.002,1.8,2026-06-23T04:23:56,0.002,1.8
ip_shuffle,20260623T042426_429667,of:0000000000000004:1 -> of:000000000000000c:4,0.002,0.0025,0.002,0.002,1.43,2026-06-23T04:24:26,0.002,1.43
ip_shuffle,20260623T042426_429667,of:0000000000000005:1 -> of:000000000000000c:5,0.002,0.0025,0.002,0.002,1.43,2026-06-23T04:24:26,0.002,1.43
ip_shuffle,20260623T042426_429667,of:000000000000000a:1 -> of:000000000000000d:6,0.001,0.00125,0.001,0.001,1.37,2026-06-23T04:24:26,0.001,1.37
ip_shuffle,20260623T042426_429667,of:000000000000000b:3 -> of:000000000000000d:2,0.001,0.00125,0.001,0.001,1.46,2026-06-23T04:24:26,0.001,1.46
ip_shuffle,20260623T042426_429667,of:000000000000000c:3 -> of:000000000000000d:3,0.001,0.00125,0.001,0.001,1.46,2026-06-23T04:24:26,0.001,1.46
ip_shuffle,20260623T042426_429667,of:0000000000000005:2 -> of:0000000000000009:3,0.002,0.0025,0.002,0.002,1.53,2026-06-23T04:24:26,0.002,1.53
ip_shuffle,20260623T042426_429667,of:0000000000000001:1 -> of:000000000000000b:1,0.002,0.0025,0.002,0.002,1.93,2026-06-23T04:24:26,0.002,1.96
ip_shuffle,20260623T042426_429667,of:000000000000000b:2 -> of:000000000000000c:2,0.002,0.0025,0.002,0.002,1.53,2026-06-23T04:24:26,0.002,1.53
ip_shuffle,20260623T042426_429667,of:0000000000000001:2 -> of:000000000000000c:1,0.001,0.00125,0.001,0.001,1.37,2026-06-23T04:24:26,0.001,1.37
ip_shuffle,20260623T042426_429667,of:0000000000000006:2 -> of:000000000000000a:2,0.002,0.0025,0.002,0.002,1.53,2026-06-23T04:24:26,0.002,1.53
ip_shuffle,20260623T042426_429667,of:0000000000000001:3 -> of:000000000000000d:1,0.001,0.00125,0.001,0.001,1.3,2026-06-23T04:24:26,0.001,1.3
ip_shuffle,20260623T042426_429667,of:0000000000000003:1 -> of:000000000000000b:5,0.002,0.0025,0.002,0.002,1.43,2026-06-23T04:24:26,0.002,1.43
ip_shuffle,20260623T042426_429667,of:0000000000000006:1 -> of:000000000000000d:4,0.001,0.00125,0.001,0.001,1.37,2026-06-23T04:24:26,0.001,1.37
ip_shuffle,20260623T042426_429667,of:0000000000000007:2 -> of:000000000000000a:3,0.002,0.0025,0.002,0.002,1.53,2026-06-23T04:24:26,0.002,1.53
ip_shuffle,20260623T042426_429667,of:0000000000000007:1 -> of:000000000000000d:5,0.001,0.00125,0.001,0.001,1.37,2026-06-23T04:24:26,0.001,1.37
ip_shuffle,20260623T042426_429667,of:0000000000000002:2 -> of:0000000000000008:2,0.002,0.0025,0.002,0.002,1.53,2026-06-23T04:24:26,0.002,1.53
ip_shuffle,20260623T042426_429667,of:0000000000000003:2 -> of:0000000000000008:3,0.002,0.0025,0.002,0.002,1.53,2026-06-23T04:24:26,0.002,1.53
ip_shuffle,20260623T042426_429667,of:0000000000000008:1 -> of:000000000000000b:6,0.002,0.0025,0.002,0.002,1.43,2026-06-23T04:24:26,0.002,1.43
ip_shuffle,20260623T042426_429667,of:0000000000000004:2 -> of:0000000000000009:2,0.002,0.0025,0.002,0.002,1.53,2026-06-23T04:24:26,0.002,1.53
ip_shuffle,20260623T042426_429667,of:0000000000000002:1 -> of:000000000000000b:4,0.002,0.0025,0.002,0.002,2.03,2026-06-23T04:24:26,0.002,2.03
ip_shuffle,20260623T042426_429667,of:0000000000000009:1 -> of:000000000000000c:6,0.002,0.0025,0.002,0.002,1.43,2026-06-23T04:24:26,0.002,1.43
route_mutation,20260623T042530_409949,of:0000000000000004:1 -> of:000000000000000c:4,0.002,0.0025,0.002,0.002,2.0,2026-06-23T04:25:30,0.002,1.93
route_mutation,20260623T042530_409949,of:0000000000000005:1 -> of:000000000000000c:5,0.002,0.0025,0.002,0.002,2.0,2026-06-23T04:25:30,0.002,1.93
route_mutation,20260623T042530_409949,of:000000000000000a:1 -> of:000000000000000d:6,0.002,0.0025,0.002,0.002,1.96,2026-06-23T04:25:30,0.002,1.93
route_mutation,20260623T042530_409949,of:000000000000000b:3 -> of:000000000000000d:2,0.002,0.0025,0.002,0.002,2.63,2026-06-23T04:25:30,0.002,2.63
route_mutation,20260623T042530_409949,of:000000000000000c:3 -> of:000000000000000d:3,0.002,0.0025,0.002,0.002,2.6,2026-06-23T04:25:30,0.002,2.6
route_mutation,20260623T042530_409949,of:0000000000000005:2 -> of:0000000000000009:3,0.002,0.0025,0.002,0.002,2.7,2026-06-23T04:25:30,0.002,2.7
route_mutation,20260623T042530_409949,of:0000000000000001:1 -> of:000000000000000b:1,0.002,0.0025,0.002,0.002,1.96,2026-06-23T04:25:30,0.002,2.0
route_mutation,20260623T042530_409949,of:000000000000000b:2 -> of:000000000000000c:2,0.002,0.0025,0.002,0.002,2.56,2026-06-23T04:25:30,0.002,2.56
route_mutation,20260623T042530_409949,of:0000000000000001:2 -> of:000000000000000c:1,0.002,0.0025,0.002,0.002,1.93,2026-06-23T04:25:30,0.002,2.0
route_mutation,20260623T042530_409949,of:0000000000000006:2 -> of:000000000000000a:2,0.002,0.0025,0.002,0.002,2.66,2026-06-23T04:25:30,0.002,2.66
route_mutation,20260623T042530_409949,of:0000000000000001:3 -> of:000000000000000d:1,0.003,0.00375,0.003,0.003,4.33,2026-06-23T04:25:30,0.003,4.23
route_mutation,20260623T042530_409949,of:0000000000000003:1 -> of:000000000000000b:5,0.002,0.0025,0.002,0.002,2.0,2026-06-23T04:25:30,0.002,1.96
route_mutation,20260623T042530_409949,of:0000000000000006:1 -> of:000000000000000d:4,0.002,0.0025,0.002,0.002,2.9,2026-06-23T04:25:30,0.002,2.96
route_mutation,20260623T042530_409949,of:0000000000000007:2 -> of:000000000000000a:3,0.002,0.0025,0.002,0.002,2.6,2026-06-23T04:25:30,0.002,2.6
route_mutation,20260623T042530_409949,of:0000000000000007:1 -> of:000000000000000d:5,0.003,0.00375,0.003,0.003,3.3,2026-06-23T04:25:30,0.003,3.26
route_mutation,20260623T042530_409949,of:0000000000000002:2 -> of:0000000000000008:2,0.002,0.0025,0.002,0.002,2.7,2026-06-23T04:25:30,0.002,2.7
route_mutation,20260623T042530_409949,of:0000000000000003:2 -> of:0000000000000008:3,0.002,0.0025,0.002,0.002,2.7,2026-06-23T04:25:30,0.002,2.7
route_mutation,20260623T042530_409949,of:0000000000000008:1 -> of:000000000000000b:6,0.002,0.0025,0.002,0.002,1.9,2026-06-23T04:25:30,0.002,1.9
route_mutation,20260623T042530_409949,of:0000000000000004:2 -> of:0000000000000009:2,0.002,0.0025,0.002,0.002,2.7,2026-06-23T04:25:30,0.002,2.7
route_mutation,20260623T042530_409949,of:0000000000000002:1 -> of:000000000000000b:4,0.002,0.0025,0.002,0.002,2.0,2026-06-23T04:25:30,0.002,1.96
route_mutation,20260623T042530_409949,of:0000000000000009:1 -> of:000000000000000c:6,0.002,0.0025,0.002,0.002,1.9,2026-06-23T04:25:30,0.002,1.86
route_mutation,20260623T042600_729021,of:0000000000000004:1 -> of:000000000000000c:4,0.002,0.0025,0.002,0.002,1.43,2026-06-23T04:26:00,0.002,1.43
route_mutation,20260623T042600_729021,of:0000000000000005:1 -> of:000000000000000c:5,0.002,0.0025,0.002,0.002,1.43,2026-06-23T04:26:00,0.002,1.43
route_mutation,20260623T042600_729021,of:000000000000000a:1 -> of:000000000000000d:6,0.001,0.00125,0.001,0.001,1.37,2026-06-23T04:26:00,0.001,1.37
route_mutation,20260623T042600_729021,of:000000000000000b:3 -> of:000000000000000d:2,0.001,0.00125,0.001,0.001,1.47,2026-06-23T04:26:00,0.001,1.47
route_mutation,20260623T042600_729021,of:000000000000000c:3 -> of:000000000000000d:3,0.001,0.00125,0.001,0.001,1.47,2026-06-23T04:26:00,0.001,1.47
route_mutation,20260623T042600_729021,of:0000000000000005:2 -> of:0000000000000009:3,0.002,0.0025,0.002,0.002,1.53,2026-06-23T04:26:00,0.002,1.53
route_mutation,20260623T042600_729021,of:0000000000000001:1 -> of:000000000000000b:1,0.002,0.0025,0.002,0.002,1.6,2026-06-23T04:26:00,0.002,1.63
route_mutation,20260623T042600_729021,of:000000000000000b:2 -> of:000000000000000c:2,0.002,0.0025,0.002,0.002,1.53,2026-06-23T04:26:00,0.002,1.53
route_mutation,20260623T042600_729021,of:0000000000000001:2 -> of:000000000000000c:1,0.002,0.0025,0.002,0.002,1.43,2026-06-23T04:26:00,0.002,1.43
route_mutation,20260623T042600_729021,of:0000000000000006:2 -> of:000000000000000a:2,0.002,0.0025,0.002,0.002,1.53,2026-06-23T04:26:00,0.002,1.53
route_mutation,20260623T042600_729021,of:0000000000000001:3 -> of:000000000000000d:1,0.001,0.00125,0.001,0.001,1.4,2026-06-23T04:26:00,0.001,1.4
route_mutation,20260623T042600_729021,of:0000000000000003:1 -> of:000000000000000b:5,0.002,0.0025,0.002,0.002,1.43,2026-06-23T04:26:00,0.002,1.43
route_mutation,20260623T042600_729021,of:0000000000000006:1 -> of:000000000000000d:4,0.001,0.00125,0.001,0.001,1.37,2026-06-23T04:26:00,0.001,1.37
route_mutation,20260623T042600_729021,of:0000000000000007:2 -> of:000000000000000a:3,0.002,0.0025,0.002,0.002,1.53,2026-06-23T04:26:00,0.002,1.53
route_mutation,20260623T042600_729021,of:0000000000000007:1 -> of:000000000000000d:5,0.001,0.00125,0.001,0.001,1.37,2026-06-23T04:26:00,0.001,1.37
route_mutation,20260623T042600_729021,of:0000000000000002:2 -> of:0000000000000008:2,0.002,0.0025,0.002,0.002,1.53,2026-06-23T04:26:00,0.002,1.53
route_mutation,20260623T042600_729021,of:0000000000000003:2 -> of:0000000000000008:3,0.002,0.0025,0.002,0.002,1.53,2026-06-23T04:26:00,0.002,1.53
route_mutation,20260623T042600_729021,of:0000000000000008:1 -> of:000000000000000b:6,0.002,0.0025,0.002,0.002,1.43,2026-06-23T04:26:00,0.002,1.43
route_mutation,20260623T042600_729021,of:0000000000000004:2 -> of:0000000000000009:2,0.002,0.0025,0.002,0.002,1.53,2026-06-23T04:26:00,0.002,1.53
route_mutation,20260623T042600_729021,of:0000000000000002:1 -> of:000000000000000b:4,0.002,0.0025,0.002,0.002,1.67,2026-06-23T04:26:00,0.002,1.6
route_mutation,20260623T042600_729021,of:0000000000000009:1 -> of:000000000000000c:6,0.002,0.0025,0.002,0.002,1.43,2026-06-23T04:26:00,0.002,1.43
ip_shuffle,20260623T042631_032895,of:0000000000000004:1 -> of:000000000000000c:4,0.002,0.0025,0.002,0.002,2.16,2026-06-23T04:26:31,0.002,2.16
ip_shuffle,20260623T042631_032895,of:0000000000000005:1 -> of:000000000000000c:5,0.002,0.0025,0.002,0.002,2.13,2026-06-23T04:26:31,0.002,2.13
ip_shuffle,20260623T042631_032895,of:000000000000000a:1 -> of:000000000000000d:6,0.002,0.0025,0.002,0.002,1.43,2026-06-23T04:26:31,0.002,1.46
ip_shuffle,20260623T042631_032895,of:000000000000000b:3 -> of:000000000000000d:2,0.002,0.0025,0.002,0.002,1.56,2026-06-23T04:26:31,0.002,1.56
ip_shuffle,20260623T042631_032895,of:000000000000000c:3 -> of:000000000000000d:3,0.002,0.0025,0.002,0.002,1.56,2026-06-23T04:26:31,0.002,1.56
ip_shuffle,20260623T042631_032895,of:0000000000000005:2 -> of:0000000000000009:3,0.001,0.00125,0.001,0.001,1.46,2026-06-23T04:26:31,0.001,1.46
ip_shuffle,20260623T042631_032895,of:0000000000000001:1 -> of:000000000000000b:1,0.003,0.00375,0.003,0.003,3.26,2026-06-23T04:26:31,0.003,3.23
ip_shuffle,20260623T042631_032895,of:000000000000000b:2 -> of:000000000000000c:2,0.002,0.0025,0.002,0.002,1.53,2026-06-23T04:26:31,0.002,1.53
ip_shuffle,20260623T042631_032895,of:0000000000000001:2 -> of:000000000000000c:1,0.003,0.00375,0.003,0.003,2.93,2026-06-23T04:26:31,0.003,2.93
ip_shuffle,20260623T042631_032895,of:0000000000000006:2 -> of:000000000000000a:2,0.002,0.0025,0.002,0.002,1.53,2026-06-23T04:26:31,0.002,1.53
ip_shuffle,20260623T042631_032895,of:0000000000000001:3 -> of:000000000000000d:1,0.002,0.0025,0.002,0.002,1.46,2026-06-23T04:26:31,0.002,1.46
ip_shuffle,20260623T042631_032895,of:0000000000000003:1 -> of:000000000000000b:5,0.002,0.0025,0.002,0.002,2.4,2026-06-23T04:26:31,0.002,2.4
ip_shuffle,20260623T042631_032895,of:0000000000000006:1 -> of:000000000000000d:4,0.002,0.0025,0.002,0.002,1.53,2026-06-23T04:26:31,0.002,1.53
ip_shuffle,20260623T042631_032895,of:0000000000000007:2 -> of:000000000000000a:3,0.002,0.0025,0.002,0.002,1.53,2026-06-23T04:26:31,0.002,1.53
ip_shuffle,20260623T042631_032895,of:0000000000000007:1 -> of:000000000000000d:5,0.002,0.0025,0.002,0.002,1.43,2026-06-23T04:26:31,0.002,1.46
ip_shuffle,20260623T042631_032895,of:0000000000000002:2 -> of:0000000000000008:2,0.001,0.00125,0.001,0.001,1.46,2026-06-23T04:26:31,0.001,1.46
ip_shuffle,20260623T042631_032895,of:0000000000000003:2 -> of:0000000000000008:3,0.001,0.00125,0.001,0.001,1.46,2026-06-23T04:26:31,0.001,1.46
ip_shuffle,20260623T042631_032895,of:0000000000000008:1 -> of:000000000000000b:6,0.002,0.0025,0.002,0.002,1.43,2026-06-23T04:26:31,0.002,1.43
ip_shuffle,20260623T042631_032895,of:0000000000000004:2 -> of:0000000000000009:2,0.001,0.00125,0.001,0.001,1.46,2026-06-23T04:26:31,0.001,1.46
ip_shuffle,20260623T042631_032895,of:0000000000000002:1 -> of:000000000000000b:4,0.002,0.0025,0.002,0.002,2.16,2026-06-23T04:26:31,0.002,2.23
ip_shuffle,20260623T042631_032895,of:0000000000000009:1 -> of:000000000000000c:6,0.002,0.0025,0.002,0.002,1.43,2026-06-23T04:26:31,0.002,1.43
ip_shuffle,20260623T042728_726069,of:0000000000000004:1 -> of:000000000000000c:4,0.001,0.00125,0.001,0.001,1.46,2026-06-23T04:27:28,0.001,1.46
ip_shuffle,20260623T042728_726069,of:0000000000000005:1 -> of:000000000000000c:5,0.001,0.00125,0.001,0.001,1.46,2026-06-23T04:27:28,0.001,1.46
ip_shuffle,20260623T042728_726069,of:000000000000000a:1 -> of:000000000000000d:6,0.001,0.00125,0.001,0.001,1.46,2026-06-23T04:27:28,0.001,1.46
ip_shuffle,20260623T042728_726069,of:000000000000000b:3 -> of:000000000000000d:2,0.002,0.0025,0.002,0.002,1.66,2026-06-23T04:27:28,0.002,1.66
ip_shuffle,20260623T042728_726069,of:000000000000000c:3 -> of:000000000000000d:3,0.001,0.00125,0.001,0.001,1.6,2026-06-23T04:27:28,0.001,1.6
ip_shuffle,20260623T042728_726069,of:0000000000000005:2 -> of:0000000000000009:3,0.002,0.0025,0.002,0.002,1.73,2026-06-23T04:27:28,0.002,1.73
ip_shuffle,20260623T042728_726069,of:0000000000000001:1 -> of:000000000000000b:1,0.002,0.0025,0.002,0.002,1.53,2026-06-23T04:27:28,0.002,1.56
ip_shuffle,20260623T042728_726069,of:000000000000000b:2 -> of:000000000000000c:2,0.002,0.0025,0.002,0.002,1.66,2026-06-23T04:27:28,0.002,1.66
ip_shuffle,20260623T042728_726069,of:0000000000000001:2 -> of:000000000000000c:1,0.001,0.00125,0.001,0.001,1.46,2026-06-23T04:27:28,0.001,1.5
ip_shuffle,20260623T042728_726069,of:0000000000000006:2 -> of:000000000000000a:2,0.002,0.0025,0.002,0.002,1.73,2026-06-23T04:27:28,0.002,1.73
ip_shuffle,20260623T042728_726069,of:0000000000000001:3 -> of:000000000000000d:1,0.002,0.0025,0.002,0.002,2.33,2026-06-23T04:27:28,0.002,2.23
ip_shuffle,20260623T042728_726069,of:0000000000000003:1 -> of:000000000000000b:5,0.002,0.0025,0.002,0.002,1.53,2026-06-23T04:27:28,0.002,1.53
ip_shuffle,20260623T042728_726069,of:0000000000000006:1 -> of:000000000000000d:4,0.002,0.0025,0.002,0.002,1.5,2026-06-23T04:27:28,0.002,1.5
ip_shuffle,20260623T042728_726069,of:0000000000000007:2 -> of:000000000000000a:3,0.002,0.0025,0.002,0.002,1.73,2026-06-23T04:27:28,0.002,1.73
ip_shuffle,20260623T042728_726069,of:0000000000000007:1 -> of:000000000000000d:5,0.002,0.0025,0.002,0.002,2.16,2026-06-23T04:27:28,0.002,2.2
ip_shuffle,20260623T042728_726069,of:0000000000000002:2 -> of:0000000000000008:2,0.002,0.0025,0.002,0.002,1.73,2026-06-23T04:27:28,0.002,1.73
ip_shuffle,20260623T042728_726069,of:0000000000000003:2 -> of:0000000000000008:3,0.002,0.0025,0.002,0.002,1.73,2026-06-23T04:27:28,0.002,1.73
ip_shuffle,20260623T042728_726069,of:0000000000000008:1 -> of:000000000000000b:6,0.002,0.0025,0.002,0.002,1.53,2026-06-23T04:27:28,0.002,1.53
ip_shuffle,20260623T042728_726069,of:0000000000000004:2 -> of:0000000000000009:2,0.002,0.0025,0.002,0.002,1.73,2026-06-23T04:27:28,0.002,1.73
ip_shuffle,20260623T042728_726069,of:0000000000000002:1 -> of:000000000000000b:4,0.002,0.0025,0.002,0.002,1.53,2026-06-23T04:27:28,0.002,1.53
ip_shuffle,20260623T042728_726069,of:0000000000000009:1 -> of:000000000000000c:6,0.001,0.00125,0.001,0.001,1.46,2026-06-23T04:27:28,0.001,1.46
ip_shuffle,20260623T042832_858439,of:0000000000000004:1 -> of:000000000000000c:4,0.002,0.0025,0.002,0.002,2.3,2026-06-23T04:28:32,0.002,2.36
ip_shuffle,20260623T042832_858439,of:0000000000000005:1 -> of:000000000000000c:5,0.002,0.0025,0.002,0.002,2.66,2026-06-23T04:28:32,0.002,2.7
ip_shuffle,20260623T042832_858439,of:000000000000000a:1 -> of:000000000000000d:6,0.002,0.0025,0.002,0.002,1.83,2026-06-23T04:28:32,0.002,1.86
ip_shuffle,20260623T042832_858439,of:000000000000000b:3 -> of:000000000000000d:2,0.002,0.0025,0.002,0.002,2.43,2026-06-23T04:28:32,0.002,2.43
ip_shuffle,20260623T042832_858439,of:000000000000000c:3 -> of:000000000000000d:3,0.002,0.0025,0.002,0.002,2.5,2026-06-23T04:28:32,0.002,2.5
ip_shuffle,20260623T042832_858439,of:0000000000000005:2 -> of:0000000000000009:3,0.002,0.0025,0.002,0.002,2.36,2026-06-23T04:28:32,0.002,2.36
ip_shuffle,20260623T042832_858439,of:0000000000000001:1 -> of:000000000000000b:1,0.002,0.0025,0.002,0.002,1.93,2026-06-23T04:28:32,0.002,1.86
ip_shuffle,20260623T042832_858439,of:000000000000000b:2 -> of:000000000000000c:2,0.002,0.0025,0.002,0.002,2.4,2026-06-23T04:28:32,0.002,2.4
ip_shuffle,20260623T042832_858439,of:0000000000000001:2 -> of:000000000000000c:1,0.003,0.00375,0.003,0.003,3.16,2026-06-23T04:28:32,0.003,3.1
ip_shuffle,20260623T042832_858439,of:0000000000000006:2 -> of:000000000000000a:2,0.002,0.0025,0.002,0.002,2.3,2026-06-23T04:28:32,0.002,2.3
ip_shuffle,20260623T042832_858439,of:0000000000000001:3 -> of:000000000000000d:1,0.003,0.00375,0.003,0.003,3.6,2026-06-23T04:28:32,0.003,3.73
ip_shuffle,20260623T042832_858439,of:0000000000000003:1 -> of:000000000000000b:5,0.002,0.0025,0.002,0.002,1.86,2026-06-23T04:28:32,0.002,1.9
ip_shuffle,20260623T042832_858439,of:0000000000000006:1 -> of:000000000000000d:4,0.003,0.00375,0.003,0.003,3.0,2026-06-23T04:28:32,0.003,3.06
ip_shuffle,20260623T042832_858439,of:0000000000000007:2 -> of:000000000000000a:3,0.002,0.0025,0.002,0.002,2.3,2026-06-23T04:28:32,0.002,2.3
ip_shuffle,20260623T042832_858439,of:0000000000000007:1 -> of:000000000000000d:5,0.002,0.0025,0.002,0.002,2.43,2026-06-23T04:28:32,0.002,2.36
ip_shuffle,20260623T042832_858439,of:0000000000000002:2 -> of:0000000000000008:2,0.002,0.0025,0.002,0.002,2.33,2026-06-23T04:28:32,0.002,2.33
ip_shuffle,20260623T042832_858439,of:0000000000000003:2 -> of:0000000000000008:3,0.002,0.0025,0.002,0.002,2.36,2026-06-23T04:28:32,0.002,2.36
ip_shuffle,20260623T042832_858439,of:0000000000000008:1 -> of:000000000000000b:6,0.002,0.0025,0.002,0.002,1.8,2026-06-23T04:28:32,0.002,1.8
ip_shuffle,20260623T042832_858439,of:0000000000000004:2 -> of:0000000000000009:2,0.002,0.0025,0.002,0.002,2.36,2026-06-23T04:28:32,0.002,2.36
ip_shuffle,20260623T042832_858439,of:0000000000000002:1 -> of:000000000000000b:4,0.002,0.0025,0.002,0.002,1.8,2026-06-23T04:28:32,0.002,1.83
ip_shuffle,20260623T042832_858439,of:0000000000000009:1 -> of:000000000000000c:6,0.002,0.0025,0.002,0.002,1.86,2026-06-23T04:28:32,0.002,1.86
route_mutation,20260623T042930_630047,of:0000000000000004:1 -> of:000000000000000c:4,0.001,0.00125,0.001,0.001,1.36,2026-06-23T04:29:30,0.001,1.4
route_mutation,20260623T042930_630047,of:0000000000000005:1 -> of:000000000000000c:5,0.001,0.00125,0.001,0.001,1.36,2026-06-23T04:29:30,0.001,1.4
route_mutation,20260623T042930_630047,of:000000000000000a:1 -> of:000000000000000d:6,0.002,0.0025,0.002,0.002,1.46,2026-06-23T04:29:30,0.002,1.5
route_mutation,20260623T042930_630047,of:000000000000000b:3 -> of:000000000000000d:2,0.002,0.0025,0.002,0.002,1.63,2026-06-23T04:29:30,0.002,1.63
route_mutation,20260623T042930_630047,of:000000000000000c:3 -> of:000000000000000d:3,0.002,0.0025,0.002,0.002,1.63,2026-06-23T04:29:30,0.002,1.63
route_mutation,20260623T042930_630047,of:0000000000000005:2 -> of:0000000000000009:3,0.001,0.00125,0.001,0.001,1.5,2026-06-23T04:29:30,0.001,1.5
route_mutation,20260623T042930_630047,of:0000000000000001:1 -> of:000000000000000b:1,0.003,0.00375,0.003,0.003,3.2,2026-06-23T04:29:30,0.003,3.2
route_mutation,20260623T042930_630047,of:000000000000000b:2 -> of:000000000000000c:2,0.002,0.0025,0.002,0.002,1.6,2026-06-23T04:29:30,0.002,1.6
route_mutation,20260623T042930_630047,of:0000000000000001:2 -> of:000000000000000c:1,0.001,0.00125,0.001,0.001,1.4,2026-06-23T04:29:30,0.001,1.36
route_mutation,20260623T042930_630047,of:0000000000000006:2 -> of:000000000000000a:2,0.002,0.0025,0.002,0.002,1.56,2026-06-23T04:29:30,0.002,1.56
route_mutation,20260623T042930_630047,of:0000000000000001:3 -> of:000000000000000d:1,0.002,0.0025,0.002,0.002,1.6,2026-06-23T04:29:30,0.002,1.56
route_mutation,20260623T042930_630047,of:0000000000000003:1 -> of:000000000000000b:5,0.002,0.0025,0.002,0.002,2.16,2026-06-23T04:29:30,0.002,2.16
route_mutation,20260623T042930_630047,of:0000000000000006:1 -> of:000000000000000d:4,0.002,0.0025,0.002,0.002,1.43,2026-06-23T04:29:30,0.002,1.5
route_mutation,20260623T042930_630047,of:0000000000000007:2 -> of:000000000000000a:3,0.002,0.0025,0.002,0.002,1.6,2026-06-23T04:29:30,0.002,1.6
route_mutation,20260623T042930_630047,of:0000000000000007:1 -> of:000000000000000d:5,0.002,0.0025,0.002,0.002,1.6,2026-06-23T04:29:30,0.002,1.63
route_mutation,20260623T042930_630047,of:0000000000000002:2 -> of:0000000000000008:2,0.001,0.00125,0.001,0.001,1.5,2026-06-23T04:29:30,0.001,1.5
route_mutation,20260623T042930_630047,of:0000000000000003:2 -> of:0000000000000008:3,0.001,0.00125,0.001,0.001,1.5,2026-06-23T04:29:30,0.001,1.5
route_mutation,20260623T042930_630047,of:0000000000000008:1 -> of:000000000000000b:6,0.002,0.0025,0.002,0.002,1.46,2026-06-23T04:29:30,0.002,1.46
route_mutation,20260623T042930_630047,of:0000000000000004:2 -> of:0000000000000009:2,0.001,0.00125,0.001,0.001,1.5,2026-06-23T04:29:30,0.001,1.5
route_mutation,20260623T042930_630047,of:0000000000000002:1 -> of:000000000000000b:4,0.002,0.0025,0.002,0.002,2.4,2026-06-23T04:29:30,0.002,2.43
route_mutation,20260623T042930_630047,of:0000000000000009:1 -> of:000000000000000c:6,0.002,0.0025,0.002,0.002,1.46,2026-06-23T04:29:30,0.002,1.46
route_mutation,20260623T043000_971814,of:0000000000000004:1 -> of:000000000000000c:4,0.002,0.0025,0.002,0.002,2.6,2026-06-23T04:30:00,0.002,2.6
route_mutation,20260623T043000_971814,of:0000000000000005:1 -> of:000000000000000c:5,0.002,0.0025,0.002,0.002,2.6,2026-06-23T04:30:00,0.002,2.6
route_mutation,20260623T043000_971814,of:000000000000000a:1 -> of:000000000000000d:6,0.002,0.0025,0.002,0.002,1.73,2026-06-23T04:30:00,0.002,1.7
route_mutation,20260623T043000_971814,of:000000000000000b:3 -> of:000000000000000d:2,0.002,0.0025,0.002,0.002,2.23,2026-06-23T04:30:00,0.002,2.23
route_mutation,20260623T043000_971814,of:000000000000000c:3 -> of:000000000000000d:3,0.002,0.0025,0.002,0.002,2.23,2026-06-23T04:30:00,0.002,2.23
route_mutation,20260623T043000_971814,of:0000000000000005:2 -> of:0000000000000009:3,0.002,0.0025,0.002,0.002,2.2,2026-06-23T04:30:00,0.002,2.2
route_mutation,20260623T043000_971814,of:0000000000000001:1 -> of:000000000000000b:1,0.002,0.0025,0.002,0.002,2.06,2026-06-23T04:30:00,0.002,2.0
route_mutation,20260623T043000_971814,of:000000000000000b:2 -> of:000000000000000c:2,0.002,0.0025,0.002,0.002,2.26,2026-06-23T04:30:00,0.002,2.26
route_mutation,20260623T043000_971814,of:0000000000000001:2 -> of:000000000000000c:1,0.003,0.00375,0.003,0.003,3.39,2026-06-23T04:30:00,0.003,3.36
route_mutation,20260623T043000_971814,of:0000000000000006:2 -> of:000000000000000a:2,0.002,0.0025,0.002,0.002,2.13,2026-06-23T04:30:00,0.002,2.13
route_mutation,20260623T043000_971814,of:0000000000000001:3 -> of:000000000000000d:1,0.002,0.0025,0.002,0.002,2.7,2026-06-23T04:30:00,0.002,2.83
route_mutation,20260623T043000_971814,of:0000000000000003:1 -> of:000000000000000b:5,0.002,0.0025,0.002,0.002,2.0,2026-06-23T04:30:00,0.002,2.06
route_mutation,20260623T043000_971814,of:0000000000000006:1 -> of:000000000000000d:4,0.002,0.0025,0.002,0.002,2.86,2026-06-23T04:30:00,0.002,2.7
route_mutation,20260623T043000_971814,of:0000000000000007:2 -> of:000000000000000a:3,0.002,0.0025,0.002,0.002,2.1,2026-06-23T04:30:00,0.002,2.1
route_mutation,20260623T043000_971814,of:0000000000000007:1 -> of:000000000000000d:5,0.002,0.0025,0.002,0.002,1.7,2026-06-23T04:30:00,0.002,1.7
route_mutation,20260623T043000_971814,of:0000000000000002:2 -> of:0000000000000008:2,0.002,0.0025,0.002,0.002,2.13,2026-06-23T04:30:00,0.002,2.13
route_mutation,20260623T043000_971814,of:0000000000000003:2 -> of:0000000000000008:3,0.002,0.0025,0.002,0.002,2.13,2026-06-23T04:30:00,0.002,2.13
route_mutation,20260623T043000_971814,of:0000000000000008:1 -> of:000000000000000b:6,0.002,0.0025,0.002,0.002,1.7,2026-06-23T04:30:00,0.002,1.73
route_mutation,20260623T043000_971814,of:0000000000000004:2 -> of:0000000000000009:2,0.002,0.0025,0.002,0.002,2.2,2026-06-23T04:30:00,0.002,2.2
route_mutation,20260623T043000_971814,of:0000000000000002:1 -> of:000000000000000b:4,0.002,0.0025,0.002,0.002,1.76,2026-06-23T04:30:00,0.002,1.8
route_mutation,20260623T043000_971814,of:0000000000000009:1 -> of:000000000000000c:6,0.002,0.0025,0.002,0.002,1.73,2026-06-23T04:30:00,0.002,1.73
ip_shuffle,20260623T043031_360334,of:0000000000000004:1 -> of:000000000000000c:4,0.002,0.0025,0.002,0.002,1.9,2026-06-23T04:30:31,0.002,1.86
ip_shuffle,20260623T043031_360334,of:0000000000000005:1 -> of:000000000000000c:5,0.002,0.0025,0.002,0.002,1.9,2026-06-23T04:30:31,0.002,1.86
ip_shuffle,20260623T043031_360334,of:000000000000000a:1 -> of:000000000000000d:6,0.002,0.0025,0.002,0.002,1.86,2026-06-23T04:30:31,0.002,1.86
ip_shuffle,20260623T043031_360334,of:000000000000000b:3 -> of:000000000000000d:2,0.002,0.0025,0.002,0.002,2.4,2026-06-23T04:30:31,0.002,2.4
ip_shuffle,20260623T043031_360334,of:000000000000000c:3 -> of:000000000000000d:3,0.002,0.0025,0.002,0.002,2.4,2026-06-23T04:30:31,0.002,2.4
ip_shuffle,20260623T043031_360334,of:0000000000000005:2 -> of:0000000000000009:3,0.002,0.0025,0.002,0.002,2.56,2026-06-23T04:30:31,0.002,2.56
ip_shuffle,20260623T043031_360334,of:0000000000000001:1 -> of:000000000000000b:1,0.002,0.0025,0.002,0.002,1.86,2026-06-23T04:30:31,0.002,1.93
ip_shuffle,20260623T043031_360334,of:000000000000000b:2 -> of:000000000000000c:2,0.002,0.0025,0.002,0.002,2.4,2026-06-23T04:30:31,0.002,2.4
ip_shuffle,20260623T043031_360334,of:0000000000000001:2 -> of:000000000000000c:1,0.002,0.0025,0.002,0.002,1.86,2026-06-23T04:30:31,0.002,1.93
ip_shuffle,20260623T043031_360334,of:0000000000000006:2 -> of:000000000000000a:2,0.002,0.0025,0.002,0.002,2.56,2026-06-23T04:30:31,0.002,2.56
ip_shuffle,20260623T043031_360334,of:0000000000000001:3 -> of:000000000000000d:1,0.003,0.00375,0.003,0.003,3.53,2026-06-23T04:30:31,0.003,3.46
ip_shuffle,20260623T043031_360334,of:0000000000000003:1 -> of:000000000000000b:5,0.002,0.0025,0.002,0.002,1.93,2026-06-23T04:30:31,0.002,1.86
ip_shuffle,20260623T043031_360334,of:0000000000000006:1 -> of:000000000000000d:4,0.002,0.0025,0.002,0.002,1.96,2026-06-23T04:30:31,0.002,2.06
ip_shuffle,20260623T043031_360334,of:0000000000000007:2 -> of:000000000000000a:3,0.002,0.0025,0.002,0.002,2.56,2026-06-23T04:30:31,0.002,2.56
ip_shuffle,20260623T043031_360334,of:0000000000000007:1 -> of:000000000000000d:5,0.003,0.00375,0.003,0.003,3.29,2026-06-23T04:30:31,0.003,3.26
ip_shuffle,20260623T043031_360334,of:0000000000000002:2 -> of:0000000000000008:2,0.002,0.0025,0.002,0.002,2.63,2026-06-23T04:30:31,0.002,2.63
ip_shuffle,20260623T043031_360334,of:0000000000000003:2 -> of:0000000000000008:3,0.002,0.0025,0.002,0.002,2.63,2026-06-23T04:30:31,0.002,2.63
ip_shuffle,20260623T043031_360334,of:0000000000000008:1 -> of:000000000000000b:6,0.002,0.0025,0.002,0.002,1.9,2026-06-23T04:30:31,0.002,1.86
ip_shuffle,20260623T043031_360334,of:0000000000000004:2 -> of:0000000000000009:2,0.002,0.0025,0.002,0.002,2.56,2026-06-23T04:30:31,0.002,2.56
ip_shuffle,20260623T043031_360334,of:0000000000000002:1 -> of:000000000000000b:4,0.002,0.0025,0.002,0.002,1.93,2026-06-23T04:30:31,0.002,1.86
ip_shuffle,20260623T043031_360334,of:0000000000000009:1 -> of:000000000000000c:6,0.002,0.0025,0.002,0.002,1.86,2026-06-23T04:30:31,0.002,1.86
ip_shuffle,20260623T043142_029237,of:0000000000000004:1 -> of:000000000000000c:4,0.002,0.0025,0.002,0.002,2.09,2026-06-23T04:31:42,0.002,2.06
ip_shuffle,20260623T043142_029237,of:0000000000000005:1 -> of:000000000000000c:5,0.002,0.0025,0.002,0.002,2.09,2026-06-23T04:31:42,0.002,2.06
ip_shuffle,20260623T043142_029237,of:000000000000000a:1 -> of:000000000000000d:6,0.002,0.0025,0.002,0.002,1.99,2026-06-23T04:31:42,0.002,1.99
ip_shuffle,20260623T043142_029237,of:000000000000000b:3 -> of:000000000000000d:2,0.002,0.0025,0.002,0.002,2.79,2026-06-23T04:31:42,0.002,2.79
ip_shuffle,20260623T043142_029237,of:000000000000000c:3 -> of:000000000000000d:3,0.002,0.0025,0.002,0.002,2.79,2026-06-23T04:31:42,0.002,2.79
ip_shuffle,20260623T043142_029237,of:0000000000000005:2 -> of:0000000000000009:3,0.002,0.0025,0.002,0.002,2.96,2026-06-23T04:31:42,0.002,2.96
ip_shuffle,20260623T043142_029237,of:0000000000000001:1 -> of:000000000000000b:1,0.002,0.0025,0.002,0.002,2.06,2026-06-23T04:31:42,0.002,2.13
ip_shuffle,20260623T043142_029237,of:000000000000000b:2 -> of:000000000000000c:2,0.002,0.0025,0.002,0.002,2.79,2026-06-23T04:31:42,0.002,2.79
ip_shuffle,20260623T043142_029237,of:0000000000000001:2 -> of:000000000000000c:1,0.002,0.0025,0.002,0.002,2.06,2026-06-23T04:31:42,0.002,2.13
ip_shuffle,20260623T043142_029237,of:0000000000000006:2 -> of:000000000000000a:2,0.002,0.0025,0.002,0.002,2.89,2026-06-23T04:31:42,0.002,2.89
ip_shuffle,20260623T043142_029237,of:0000000000000001:3 -> of:000000000000000d:1,0.003,0.00375,0.003,0.003,4.26,2026-06-23T04:31:42,0.003,4.16
ip_shuffle,20260623T043142_029237,of:0000000000000003:1 -> of:000000000000000b:5,0.002,0.0025,0.002,0.002,2.13,2026-06-23T04:31:42,0.002,2.06
ip_shuffle,20260623T043142_029237,of:0000000000000006:1 -> of:000000000000000d:4,0.002,0.0025,0.002,0.002,2.76,2026-06-23T04:31:42,0.002,2.83
ip_shuffle,20260623T043142_029237,of:0000000000000007:2 -> of:000000000000000a:3,0.002,0.0025,0.002,0.002,2.89,2026-06-23T04:31:42,0.002,2.89
ip_shuffle,20260623T043142_029237,of:0000000000000007:1 -> of:000000000000000d:5,0.003,0.00375,0.003,0.003,3.46,2026-06-23T04:31:42,0.003,3.42
ip_shuffle,20260623T043142_029237,of:0000000000000002:2 -> of:0000000000000008:2,0.002,0.0025,0.002,0.002,2.99,2026-06-23T04:31:42,0.002,2.99
ip_shuffle,20260623T043142_029237,of:0000000000000003:2 -> of:0000000000000008:3,0.002,0.0025,0.002,0.002,2.99,2026-06-23T04:31:42,0.002,2.99
ip_shuffle,20260623T043142_029237,of:0000000000000008:1 -> of:000000000000000b:6,0.002,0.0025,0.002,0.002,2.06,2026-06-23T04:31:42,0.002,2.06
ip_shuffle,20260623T043142_029237,of:0000000000000004:2 -> of:0000000000000009:2,0.002,0.0025,0.002,0.002,2.96,2026-06-23T04:31:42,0.002,2.96
ip_shuffle,20260623T043142_029237,of:0000000000000002:1 -> of:000000000000000b:4,0.002,0.0025,0.002,0.002,2.13,2026-06-23T04:31:42,0.002,2.06
ip_shuffle,20260623T043142_029237,of:0000000000000009:1 -> of:000000000000000c:6,0.002,0.0025,0.002,0.002,2.06,2026-06-23T04:31:42,0.002,2.06
ip_shuffle,20260623T043252_812311,of:0000000000000004:1 -> of:000000000000000c:4,0.002,0.0025,0.002,0.002,2.2,2026-06-23T04:32:52,0.002,2.16
ip_shuffle,20260623T043252_812311,of:0000000000000005:1 -> of:000000000000000c:5,0.002,0.0025,0.002,0.002,2.06,2026-06-23T04:32:52,0.002,2.03
ip_shuffle,20260623T043252_812311,of:000000000000000a:1 -> of:000000000000000d:6,0.002,0.0025,0.002,0.002,1.43,2026-06-23T04:32:52,0.002,1.43
ip_shuffle,20260623T043252_812311,of:000000000000000b:3 -> of:000000000000000d:2,0.002,0.0025,0.002,0.002,1.53,2026-06-23T04:32:52,0.002,1.53
ip_shuffle,20260623T043252_812311,of:000000000000000c:3 -> of:000000000000000d:3,0.002,0.0025,0.002,0.002,1.56,2026-06-23T04:32:52,0.002,1.56
ip_shuffle,20260623T043252_812311,of:0000000000000005:2 -> of:0000000000000009:3,0.001,0.00125,0.001,0.001,1.43,2026-06-23T04:32:52,0.001,1.43
ip_shuffle,20260623T043252_812311,of:0000000000000001:1 -> of:000000000000000b:1,0.003,0.00375,0.003,0.003,3.43,2026-06-23T04:32:52,0.003,3.36
ip_shuffle,20260623T043252_812311,of:000000000000000b:2 -> of:000000000000000c:2,0.002,0.0025,0.002,0.002,1.53,2026-06-23T04:32:52,0.002,1.53
ip_shuffle,20260623T043252_812311,of:0000000000000001:2 -> of:000000000000000c:1,0.003,0.00375,0.003,0.003,2.83,2026-06-23T04:32:52,0.003,2.89
ip_shuffle,20260623T043252_812311,of:0000000000000006:2 -> of:000000000000000a:2,0.001,0.00125,0.001,0.001,1.5,2026-06-23T04:32:52,0.001,1.5
ip_shuffle,20260623T043252_812311,of:0000000000000001:3 -> of:000000000000000d:1,0.002,0.0025,0.002,0.002,1.46,2026-06-23T04:32:52,0.002,1.53
ip_shuffle,20260623T043252_812311,of:0000000000000003:1 -> of:000000000000000b:5,0.002,0.0025,0.002,0.002,2.46,2026-06-23T04:32:52,0.002,2.43
ip_shuffle,20260623T043252_812311,of:0000000000000006:1 -> of:000000000000000d:4,0.001,0.00125,0.001,0.001,1.4,2026-06-23T04:32:52,0.001,1.36
ip_shuffle,20260623T043252_812311,of:0000000000000007:2 -> of:000000000000000a:3,0.002,0.0025,0.002,0.002,1.53,2026-06-23T04:32:52,0.002,1.53
ip_shuffle,20260623T043252_812311,of:0000000000000007:1 -> of:000000000000000d:5,0.001,0.00125,0.001,0.001,1.4,2026-06-23T04:32:52,0.001,1.36
ip_shuffle,20260623T043252_812311,of:0000000000000002:2 -> of:0000000000000008:2,0.002,0.0025,0.002,0.002,1.53,2026-06-23T04:32:52,0.002,1.53
ip_shuffle,20260623T043252_812311,of:0000000000000003:2 -> of:0000000000000008:3,0.001,0.00125,0.001,0.001,1.5,2026-06-23T04:32:52,0.001,1.5
ip_shuffle,20260623T043252_812311,of:0000000000000008:1 -> of:000000000000000b:6,0.001,0.00125,0.001,0.001,1.4,2026-06-23T04:32:52,0.001,1.4
ip_shuffle,20260623T043252_812311,of:0000000000000004:2 -> of:0000000000000009:2,0.001,0.00125,0.001,0.001,1.43,2026-06-23T04:32:52,0.001,1.43
ip_shuffle,20260623T043252_812311,of:0000000000000002:1 -> of:000000000000000b:4,0.002,0.0025,0.002,0.002,2.4,2026-06-23T04:32:52,0.002,2.43
ip_shuffle,20260623T043252_812311,of:0000000000000009:1 -> of:000000000000000c:6,0.001,0.00125,0.001,0.001,1.36,2026-06-23T04:32:52,0.001,1.36
route_mutation,20260623T043356_961448,of:0000000000000004:1 -> of:000000000000000c:4,0.002,0.0025,0.002,0.002,1.5,2026-06-23T04:33:56,0.002,1.46
route_mutation,20260623T043356_961448,of:0000000000000005:1 -> of:000000000000000c:5,0.002,0.0025,0.002,0.002,1.5,2026-06-23T04:33:56,0.002,1.46
route_mutation,20260623T043356_961448,of:000000000000000a:1 -> of:000000000000000d:6,0.002,0.0025,0.002,0.002,1.46,2026-06-23T04:33:56,0.002,1.46
route_mutation,20260623T043356_961448,of:000000000000000b:3 -> of:000000000000000d:2,0.002,0.0025,0.002,0.002,1.6,2026-06-23T04:33:56,0.002,1.6
route_mutation,20260623T043356_961448,of:000000000000000c:3 -> of:000000000000000d:3,0.002,0.0025,0.002,0.002,1.6,2026-06-23T04:33:56,0.002,1.6
route_mutation,20260623T043356_961448,of:0000000000000005:2 -> of:0000000000000009:3,0.002,0.0025,0.002,0.002,1.66,2026-06-23T04:33:56,0.002,1.66
route_mutation,20260623T043356_961448,of:0000000000000001:1 -> of:000000000000000b:1,0.001,0.00125,0.001,0.001,1.4,2026-06-23T04:33:56,0.001,1.46
route_mutation,20260623T043356_961448,of:000000000000000b:2 -> of:000000000000000c:2,0.002,0.0025,0.002,0.002,1.6,2026-06-23T04:33:56,0.002,1.6
route_mutation,20260623T043356_961448,of:0000000000000001:2 -> of:000000000000000c:1,0.001,0.00125,0.001,0.001,1.4,2026-06-23T04:33:56,0.001,1.46
route_mutation,20260623T043356_961448,of:0000000000000006:2 -> of:000000000000000a:2,0.002,0.0025,0.002,0.002,1.63,2026-06-23T04:33:56,0.002,1.63
route_mutation,20260623T043356_961448,of:0000000000000001:3 -> of:000000000000000d:1,0.002,0.0025,0.002,0.002,2.03,2026-06-23T04:33:56,0.002,1.93
route_mutation,20260623T043356_961448,of:0000000000000003:1 -> of:000000000000000b:5,0.001,0.00125,0.001,0.001,1.46,2026-06-23T04:33:56,0.001,1.4
route_mutation,20260623T043356_961448,of:0000000000000006:1 -> of:000000000000000d:4,0.002,0.0025,0.002,0.002,1.5,2026-06-23T04:33:56,0.002,1.46
route_mutation,20260623T043356_961448,of:0000000000000007:2 -> of:000000000000000a:3,0.002,0.0025,0.002,0.002,1.63,2026-06-23T04:33:56,0.002,1.63
route_mutation,20260623T043356_961448,of:0000000000000007:1 -> of:000000000000000d:5,0.002,0.0025,0.002,0.002,1.93,2026-06-23T04:33:56,0.002,1.96
route_mutation,20260623T043356_961448,of:0000000000000002:2 -> of:0000000000000008:2,0.002,0.0025,0.002,0.002,1.63,2026-06-23T04:33:56,0.002,1.63
route_mutation,20260623T043356_961448,of:0000000000000003:2 -> of:0000000000000008:3,0.002,0.0025,0.002,0.002,1.63,2026-06-23T04:33:56,0.002,1.63
route_mutation,20260623T043356_961448,of:0000000000000008:1 -> of:000000000000000b:6,0.002,0.0025,0.002,0.002,1.5,2026-06-23T04:33:56,0.002,1.46
route_mutation,20260623T043356_961448,of:0000000000000004:2 -> of:0000000000000009:2,0.002,0.0025,0.002,0.002,1.66,2026-06-23T04:33:56,0.002,1.66
route_mutation,20260623T043356_961448,of:0000000000000002:1 -> of:000000000000000b:4,0.001,0.00125,0.001,0.001,1.46,2026-06-23T04:33:56,0.001,1.4
route_mutation,20260623T043356_961448,of:0000000000000009:1 -> of:000000000000000c:6,0.002,0.0025,0.002,0.002,1.5,2026-06-23T04:33:56,0.002,1.46
ip_shuffle,20260623T043427_273176,of:0000000000000004:1 -> of:000000000000000c:4,0.002,0.0025,0.002,0.002,2.0,2026-06-23T04:34:27,0.002,2.0
ip_shuffle,20260623T043427_273176,of:0000000000000005:1 -> of:000000000000000c:5,0.001,0.00125,0.001,0.001,1.47,2026-06-23T04:34:27,0.001,1.47
ip_shuffle,20260623T043427_273176,of:000000000000000a:1 -> of:000000000000000d:6,0.002,0.0025,0.002,0.002,1.53,2026-06-23T04:34:27,0.002,1.53
ip_shuffle,20260623T043427_273176,of:000000000000000b:3 -> of:000000000000000d:2,0.002,0.0025,0.002,0.002,1.73,2026-06-23T04:34:27,0.002,1.73
ip_shuffle,20260623T043427_273176,of:000000000000000c:3 -> of:000000000000000d:3,0.002,0.0025,0.002,0.002,1.73,2026-06-23T04:34:27,0.002,1.73
ip_shuffle,20260623T043427_273176,of:0000000000000005:2 -> of:0000000000000009:3,0.002,0.0025,0.002,0.002,1.67,2026-06-23T04:34:27,0.002,1.67
ip_shuffle,20260623T043427_273176,of:0000000000000001:1 -> of:000000000000000b:1,0.003,0.00375,0.003,0.003,3.56,2026-06-23T04:34:27,0.003,3.56
ip_shuffle,20260623T043427_273176,of:000000000000000b:2 -> of:000000000000000c:2,0.002,0.0025,0.002,0.002,1.73,2026-06-23T04:34:27,0.002,1.73
ip_shuffle,20260623T043427_273176,of:0000000000000001:2 -> of:000000000000000c:1,0.002,0.0025,0.002,0.002,2.0,2026-06-23T04:34:27,0.002,2.0
ip_shuffle,20260623T043427_273176,of:0000000000000006:2 -> of:000000000000000a:2,0.002,0.0025,0.002,0.002,1.67,2026-06-23T04:34:27,0.002,1.67
ip_shuffle,20260623T043427_273176,of:0000000000000001:3 -> of:000000000000000d:1,0.002,0.0025,0.002,0.002,1.53,2026-06-23T04:34:27,0.002,1.53
ip_shuffle,20260623T043427_273176,of:0000000000000003:1 -> of:000000000000000b:5,0.002,0.0025,0.002,0.002,2.56,2026-06-23T04:34:27,0.002,2.56
ip_shuffle,20260623T043427_273176,of:0000000000000006:1 -> of:000000000000000d:4,0.001,0.00125,0.001,0.001,1.47,2026-06-23T04:34:27,0.001,1.47
ip_shuffle,20260623T043427_273176,of:0000000000000007:2 -> of:000000000000000a:3,0.002,0.0025,0.002,0.002,1.67,2026-06-23T04:34:27,0.002,1.67
ip_shuffle,20260623T043427_273176,of:0000000000000007:1 -> of:000000000000000d:5,0.001,0.00125,0.001,0.001,1.47,2026-06-23T04:34:27,0.001,1.47
ip_shuffle,20260623T043427_273176,of:0000000000000002:2 -> of:0000000000000008:2,0.002,0.0025,0.002,0.002,1.67,2026-06-23T04:34:27,0.002,1.67
ip_shuffle,20260623T043427_273176,of:0000000000000003:2 -> of:0000000000000008:3,0.002,0.0025,0.002,0.002,1.67,2026-06-23T04:34:27,0.002,1.67
ip_shuffle,20260623T043427_273176,of:0000000000000008:1 -> of:000000000000000b:6,0.001,0.00125,0.001,0.001,1.47,2026-06-23T04:34:27,0.001,1.47
ip_shuffle,20260623T043427_273176,of:0000000000000004:2 -> of:0000000000000009:2,0.002,0.0025,0.002,0.002,1.67,2026-06-23T04:34:27,0.002,1.67
ip_shuffle,20260623T043427_273176,of:0000000000000002:1 -> of:000000000000000b:4,0.002,0.0025,0.002,0.002,2.56,2026-06-23T04:34:27,0.002,2.56
ip_shuffle,20260623T043427_273176,of:0000000000000009:1 -> of:000000000000000c:6,0.002,0.0025,0.002,0.002,1.53,2026-06-23T04:34:27,0.002,1.53
route_mutation,20260623T043524_950712,of:0000000000000004:1 -> of:000000000000000c:4,0.002,0.0025,0.002,0.002,1.73,2026-06-23T04:35:24,0.002,1.7
route_mutation,20260623T043524_950712,of:0000000000000005:1 -> of:000000000000000c:5,0.002,0.0025,0.002,0.002,1.73,2026-06-23T04:35:24,0.002,1.7
route_mutation,20260623T043524_950712,of:000000000000000a:1 -> of:000000000000000d:6,0.002,0.0025,0.002,0.002,1.66,2026-06-23T04:35:24,0.002,1.63
route_mutation,20260623T043524_950712,of:000000000000000b:3 -> of:000000000000000d:2,0.002,0.0025,0.002,0.002,2.0,2026-06-23T04:35:24,0.002,2.0
route_mutation,20260623T043524_950712,of:000000000000000c:3 -> of:000000000000000d:3,0.002,0.0025,0.002,0.002,2.0,2026-06-23T04:35:24,0.002,2.0
route_mutation,20260623T043524_950712,of:0000000000000005:2 -> of:0000000000000009:3,0.002,0.0025,0.002,0.002,2.13,2026-06-23T04:35:24,0.002,2.13
route_mutation,20260623T043524_950712,of:0000000000000001:1 -> of:000000000000000b:1,0.002,0.0025,0.002,0.002,1.63,2026-06-23T04:35:24,0.002,1.7
route_mutation,20260623T043524_950712,of:000000000000000b:2 -> of:000000000000000c:2,0.002,0.0025,0.002,0.002,2.06,2026-06-23T04:35:24,0.002,2.06
route_mutation,20260623T043524_950712,of:0000000000000001:2 -> of:000000000000000c:1,0.002,0.0025,0.002,0.002,1.63,2026-06-23T04:35:24,0.002,1.7
route_mutation,20260623T043524_950712,of:0000000000000006:2 -> of:000000000000000a:2,0.002,0.0025,0.002,0.002,2.13,2026-06-23T04:35:24,0.002,2.13
route_mutation,20260623T043524_950712,of:0000000000000001:3 -> of:000000000000000d:1,0.002,0.0025,0.002,0.002,2.63,2026-06-23T04:35:24,0.002,2.53
route_mutation,20260623T043524_950712,of:0000000000000003:1 -> of:000000000000000b:5,0.002,0.0025,0.002,0.002,1.7,2026-06-23T04:35:24,0.002,1.63
route_mutation,20260623T043524_950712,of:0000000000000006:1 -> of:000000000000000d:4,0.002,0.0025,0.002,0.002,1.66,2026-06-23T04:35:24,0.002,1.63
route_mutation,20260623T043524_950712,of:0000000000000007:2 -> of:000000000000000a:3,0.002,0.0025,0.002,0.002,2.1,2026-06-23T04:35:24,0.002,2.13
route_mutation,20260623T043524_950712,of:0000000000000007:1 -> of:000000000000000d:5,0.002,0.0025,0.002,0.002,2.6,2026-06-23T04:35:24,0.002,2.66
route_mutation,20260623T043524_950712,of:0000000000000002:2 -> of:0000000000000008:2,0.002,0.0025,0.002,0.002,2.1,2026-06-23T04:35:24,0.002,2.1
route_mutation,20260623T043524_950712,of:0000000000000003:2 -> of:0000000000000008:3,0.002,0.0025,0.002,0.002,2.1,2026-06-23T04:35:24,0.002,2.1
route_mutation,20260623T043524_950712,of:0000000000000008:1 -> of:000000000000000b:6,0.002,0.0025,0.002,0.002,1.73,2026-06-23T04:35:24,0.002,1.7
route_mutation,20260623T043524_950712,of:0000000000000004:2 -> of:0000000000000009:2,0.002,0.0025,0.002,0.002,2.13,2026-06-23T04:35:24,0.002,2.13
route_mutation,20260623T043524_950712,of:0000000000000002:1 -> of:000000000000000b:4,0.002,0.0025,0.002,0.002,1.7,2026-06-23T04:35:24,0.002,1.63
route_mutation,20260623T043524_950712,of:0000000000000009:1 -> of:000000000000000c:6,0.002,0.0025,0.002,0.002,1.73,2026-06-23T04:35:24,0.002,1.7
route_mutation,20260623T043555_349476,of:0000000000000004:1 -> of:000000000000000c:4,0.001,0.00125,0.001,0.001,1.36,2026-06-23T04:35:55,0.001,1.4
route_mutation,20260623T043555_349476,of:0000000000000005:1 -> of:000000000000000c:5,0.001,0.00125,0.001,0.001,1.36,2026-06-23T04:35:55,0.001,1.4
route_mutation,20260623T043555_349476,of:000000000000000a:1 -> of:000000000000000d:6,0.002,0.0025,0.002,0.002,1.46,2026-06-23T04:35:55,0.002,1.46
route_mutation,20260623T043555_349476,of:000000000000000b:3 -> of:000000000000000d:2,0.002,0.0025,0.002,0.002,1.6,2026-06-23T04:35:55,0.002,1.6
route_mutation,20260623T043555_349476,of:000000000000000c:3 -> of:000000000000000d:3,0.002,0.0025,0.002,0.002,1.6,2026-06-23T04:35:55,0.002,1.6
route_mutation,20260623T043555_349476,of:0000000000000005:2 -> of:0000000000000009:3,0.001,0.00125,0.001,0.001,1.5,2026-06-23T04:35:55,0.001,1.5
route_mutation,20260623T043555_349476,of:0000000000000001:1 -> of:000000000000000b:1,0.003,0.00375,0.003,0.003,3.2,2026-06-23T04:35:55,0.003,3.2
route_mutation,20260623T043555_349476,of:000000000000000b:2 -> of:000000000000000c:2,0.002,0.0025,0.002,0.002,1.6,2026-06-23T04:35:55,0.002,1.6
route_mutation,20260623T043555_349476,of:0000000000000001:2 -> of:000000000000000c:1,0.002,0.0025,0.002,0.002,1.46,2026-06-23T04:35:55,0.002,1.43
route_mutation,20260623T043555_349476,of:0000000000000006:2 -> of:000000000000000a:2,0.001,0.00125,0.001,0.001,1.5,2026-06-23T04:35:55,0.001,1.5
route_mutation,20260623T043555_349476,of:0000000000000001:3 -> of:000000000000000d:1,0.002,0.0025,0.002,0.002,1.46,2026-06-23T04:35:55,0.002,1.43
route_mutation,20260623T043555_349476,of:0000000000000003:1 -> of:000000000000000b:5,0.002,0.0025,0.002,0.002,2.23,2026-06-23T04:35:55,0.002,2.23
route_mutation,20260623T043555_349476,of:0000000000000006:1 -> of:000000000000000d:4,0.001,0.00125,0.001,0.001,1.36,2026-06-23T04:35:55,0.001,1.4
route_mutation,20260623T043555_349476,of:0000000000000007:2 -> of:000000000000000a:3,0.001,0.00125,0.001,0.001,1.5,2026-06-23T04:35:55,0.001,1.5
route_mutation,20260623T043555_349476,of:0000000000000007:1 -> of:000000000000000d:5,0.001,0.00125,0.001,0.001,1.36,2026-06-23T04:35:55,0.001,1.4
route_mutation,20260623T043555_349476,of:0000000000000002:2 -> of:0000000000000008:2,0.002,0.0025,0.002,0.002,1.56,2026-06-23T04:35:55,0.002,1.56
route_mutation,20260623T043555_349476,of:0000000000000003:2 -> of:0000000000000008:3,0.002,0.0025,0.002,0.002,1.56,2026-06-23T04:35:55,0.002,1.56
route_mutation,20260623T043555_349476,of:0000000000000008:1 -> of:000000000000000b:6,0.002,0.0025,0.002,0.002,1.46,2026-06-23T04:35:55,0.002,1.46
route_mutation,20260623T043555_349476,of:0000000000000004:2 -> of:0000000000000009:2,0.001,0.00125,0.001,0.001,1.5,2026-06-23T04:35:55,0.001,1.5
route_mutation,20260623T043555_349476,of:0000000000000002:1 -> of:000000000000000b:4,0.002,0.0025,0.002,0.002,2.46,2026-06-23T04:35:55,0.002,2.5
route_mutation,20260623T043555_349476,of:0000000000000009:1 -> of:000000000000000c:6,0.002,0.0025,0.002,0.002,1.46,2026-06-23T04:35:55,0.002,1.46
ip_shuffle,20260623T043625_680458,of:0000000000000004:1 -> of:000000000000000c:4,0.002,0.0025,0.002,0.002,2.5,2026-06-23T04:36:25,0.002,2.5
ip_shuffle,20260623T043625_680458,of:0000000000000005:1 -> of:000000000000000c:5,0.002,0.0025,0.002,0.002,2.5,2026-06-23T04:36:25,0.002,2.5
ip_shuffle,20260623T043625_680458,of:000000000000000a:1 -> of:000000000000000d:6,0.002,0.0025,0.002,0.002,1.7,2026-06-23T04:36:25,0.002,1.73
ip_shuffle,20260623T043625_680458,of:000000000000000b:3 -> of:000000000000000d:2,0.002,0.0025,0.002,0.002,2.16,2026-06-23T04:36:25,0.002,2.16
ip_shuffle,20260623T043625_680458,of:000000000000000c:3 -> of:000000000000000d:3,0.002,0.0025,0.002,0.002,2.16,2026-06-23T04:36:25,0.002,2.16
ip_shuffle,20260623T043625_680458,of:0000000000000005:2 -> of:0000000000000009:3,0.002,0.0025,0.002,0.002,2.13,2026-06-23T04:36:25,0.002,2.13
ip_shuffle,20260623T043625_680458,of:0000000000000001:1 -> of:000000000000000b:1,0.002,0.0025,0.002,0.002,2.03,2026-06-23T04:36:25,0.002,1.96
ip_shuffle,20260623T043625_680458,of:000000000000000b:2 -> of:000000000000000c:2,0.002,0.0025,0.002,0.002,2.06,2026-06-23T04:36:25,0.002,2.06
ip_shuffle,20260623T043625_680458,of:0000000000000001:2 -> of:000000000000000c:1,0.003,0.00375,0.003,0.003,3.3,2026-06-23T04:36:25,0.003,3.26
ip_shuffle,20260623T043625_680458,of:0000000000000006:2 -> of:000000000000000a:2,0.002,0.0025,0.002,0.002,2.13,2026-06-23T04:36:25,0.002,2.13
ip_shuffle,20260623T043625_680458,of:0000000000000001:3 -> of:000000000000000d:1,0.002,0.0025,0.002,0.002,2.6,2026-06-23T04:36:25,0.002,2.76
ip_shuffle,20260623T043625_680458,of:0000000000000003:1 -> of:000000000000000b:5,0.002,0.0025,0.002,0.002,1.93,2026-06-23T04:36:25,0.002,1.96
ip_shuffle,20260623T043625_680458,of:0000000000000006:1 -> of:000000000000000d:4,0.002,0.0025,0.002,0.002,2.8,2026-06-23T04:36:25,0.002,2.7
ip_shuffle,20260623T043625_680458,of:0000000000000007:2 -> of:000000000000000a:3,0.002,0.0025,0.002,0.002,2.16,2026-06-23T04:36:25,0.002,2.16
ip_shuffle,20260623T043625_680458,of:0000000000000007:1 -> of:000000000000000d:5,0.002,0.0025,0.002,0.002,1.8,2026-06-23T04:36:25,0.002,1.8
ip_shuffle,20260623T043625_680458,of:0000000000000002:2 -> of:0000000000000008:2,0.002,0.0025,0.002,0.002,2.13,2026-06-23T04:36:25,0.002,2.13
ip_shuffle,20260623T043625_680458,of:0000000000000003:2 -> of:0000000000000008:3,0.002,0.0025,0.002,0.002,2.13,2026-06-23T04:36:25,0.002,2.13
ip_shuffle,20260623T043625_680458,of:0000000000000008:1 -> of:000000000000000b:6,0.001,0.00125,0.001,0.001,1.63,2026-06-23T04:36:25,0.001,1.63
ip_shuffle,20260623T043625_680458,of:0000000000000004:2 -> of:0000000000000009:2,0.002,0.0025,0.002,0.002,2.13,2026-06-23T04:36:25,0.002,2.13
ip_shuffle,20260623T043625_680458,of:0000000000000002:1 -> of:000000000000000b:4,0.002,0.0025,0.002,0.002,1.7,2026-06-23T04:36:25,0.002,1.7
ip_shuffle,20260623T043625_680458,of:0000000000000009:1 -> of:000000000000000c:6,0.001,0.00125,0.001,0.001,1.63,2026-06-23T04:36:25,0.001,1.63
ip_shuffle,20260623T043723_361061,of:0000000000000004:1 -> of:000000000000000c:4,0.001,0.00125,0.001,0.001,1.36,2026-06-23T04:37:23,0.001,1.36
ip_shuffle,20260623T043723_361061,of:0000000000000005:1 -> of:000000000000000c:5,0.001,0.00125,0.001,0.001,1.36,2026-06-23T04:37:23,0.001,1.36
ip_shuffle,20260623T043723_361061,of:000000000000000a:1 -> of:000000000000000d:6,0.002,0.0025,0.002,0.002,1.43,2026-06-23T04:37:23,0.002,1.43
ip_shuffle,20260623T043723_361061,of:000000000000000b:3 -> of:000000000000000d:2,0.002,0.0025,0.002,0.002,1.53,2026-06-23T04:37:23,0.002,1.53
ip_shuffle,20260623T043723_361061,of:000000000000000c:3 -> of:000000000000000d:3,0.002,0.0025,0.002,0.002,1.53,2026-06-23T04:37:23,0.002,1.53
ip_shuffle,20260623T043723_361061,of:0000000000000005:2 -> of:0000000000000009:3,0.001,0.00125,0.001,0.001,1.46,2026-06-23T04:37:23,0.001,1.46
ip_shuffle,20260623T043723_361061,of:0000000000000001:1 -> of:000000000000000b:1,0.002,0.0025,0.002,0.002,2.6,2026-06-23T04:37:23,0.002,2.63
ip_shuffle,20260623T043723_361061,of:000000000000000b:2 -> of:000000000000000c:2,0.002,0.0025,0.002,0.002,1.53,2026-06-23T04:37:23,0.002,1.53
ip_shuffle,20260623T043723_361061,of:0000000000000001:2 -> of:000000000000000c:1,0.002,0.0025,0.002,0.002,1.46,2026-06-23T04:37:23,0.002,1.43
ip_shuffle,20260623T043723_361061,of:0000000000000006:2 -> of:000000000000000a:2,0.001,0.00125,0.001,0.001,1.46,2026-06-23T04:37:23,0.001,1.46
ip_shuffle,20260623T043723_361061,of:0000000000000001:3 -> of:000000000000000d:1,0.002,0.0025,0.002,0.002,1.43,2026-06-23T04:37:23,0.002,1.43
ip_shuffle,20260623T043723_361061,of:0000000000000003:1 -> of:000000000000000b:5,0.001,0.00125,0.001,0.001,1.4,2026-06-23T04:37:23,0.001,1.4
ip_shuffle,20260623T043723_361061,of:0000000000000006:1 -> of:000000000000000d:4,0.001,0.00125,0.001,0.001,1.36,2026-06-23T04:37:23,0.001,1.36
ip_shuffle,20260623T043723_361061,of:0000000000000007:2 -> of:000000000000000a:3,0.001,0.00125,0.001,0.001,1.46,2026-06-23T04:37:23,0.001,1.46
ip_shuffle,20260623T043723_361061,of:0000000000000007:1 -> of:000000000000000d:5,0.001,0.00125,0.001,0.001,1.36,2026-06-23T04:37:23,0.001,1.36
ip_shuffle,20260623T043723_361061,of:0000000000000002:2 -> of:0000000000000008:2,0.001,0.00125,0.001,0.001,1.46,2026-06-23T04:37:23,0.001,1.46
ip_shuffle,20260623T043723_361061,of:0000000000000003:2 -> of:0000000000000008:3,0.001,0.00125,0.001,0.001,1.5,2026-06-23T04:37:23,0.001,1.5
ip_shuffle,20260623T043723_361061,of:0000000000000008:1 -> of:000000000000000b:6,0.002,0.0025,0.002,0.002,1.43,2026-06-23T04:37:23,0.002,1.43
ip_shuffle,20260623T043723_361061,of:0000000000000004:2 -> of:0000000000000009:2,0.001,0.00125,0.001,0.001,1.46,2026-06-23T04:37:23,0.001,1.46
ip_shuffle,20260623T043723_361061,of:0000000000000002:1 -> of:000000000000000b:4,0.002,0.0025,0.002,0.002,2.23,2026-06-23T04:37:23,0.002,2.23
ip_shuffle,20260623T043723_361061,of:0000000000000009:1 -> of:000000000000000c:6,0.002,0.0025,0.002,0.002,1.43,2026-06-23T04:37:23,0.002,1.43
ip_shuffle,20260623T043833_715303,of:0000000000000004:1 -> of:000000000000000c:4,0.002,0.0025,0.002,0.002,2.19,2026-06-23T04:38:33,0.002,2.16
ip_shuffle,20260623T043833_715303,of:0000000000000005:1 -> of:000000000000000c:5,0.002,0.0025,0.002,0.002,2.19,2026-06-23T04:38:33,0.002,2.16
ip_shuffle,20260623T043833_715303,of:000000000000000a:1 -> of:000000000000000d:6,0.002,0.0025,0.002,0.002,2.09,2026-06-23T04:38:33,0.002,2.09
ip_shuffle,20260623T043833_715303,of:000000000000000b:3 -> of:000000000000000d:2,0.002,0.0025,0.002,0.002,2.92,2026-06-23T04:38:33,0.002,2.92
ip_shuffle,20260623T043833_715303,of:000000000000000c:3 -> of:000000000000000d:3,0.002,0.0025,0.002,0.002,2.92,2026-06-23T04:38:33,0.002,2.92
ip_shuffle,20260623T043833_715303,of:0000000000000005:2 -> of:0000000000000009:3,0.002,0.0025,0.002,0.002,3.02,2026-06-23T04:38:33,0.002,3.02
ip_shuffle,20260623T043833_715303,of:0000000000000001:1 -> of:000000000000000b:1,0.002,0.0025,0.002,0.002,2.16,2026-06-23T04:38:33,0.002,2.09
ip_shuffle,20260623T043833_715303,of:000000000000000b:2 -> of:000000000000000c:2,0.002,0.0025,0.002,0.002,2.99,2026-06-23T04:38:33,0.002,2.99
ip_shuffle,20260623T043833_715303,of:0000000000000001:2 -> of:000000000000000c:1,0.002,0.0025,0.002,0.002,2.16,2026-06-23T04:38:33,0.002,2.09
ip_shuffle,20260623T043833_715303,of:0000000000000006:2 -> of:000000000000000a:2,0.002,0.0025,0.002,0.002,3.02,2026-06-23T04:38:33,0.002,3.02
ip_shuffle,20260623T043833_715303,of:0000000000000001:3 -> of:000000000000000d:1,0.003,0.00375,0.003,0.003,4.18,2026-06-23T04:38:33,0.003,4.28
ip_shuffle,20260623T043833_715303,of:0000000000000003:1 -> of:000000000000000b:5,0.002,0.0025,0.002,0.002,2.22,2026-06-23T04:38:33,0.002,2.16
ip_shuffle,20260623T043833_715303,of:0000000000000006:1 -> of:000000000000000d:4,0.002,0.0025,0.002,0.002,2.86,2026-06-23T04:38:33,0.002,2.89
ip_shuffle,20260623T043833_715303,of:0000000000000007:2 -> of:000000000000000a:3,0.002,0.0025,0.002,0.002,3.02,2026-06-23T04:38:33,0.002,3.02
ip_shuffle,20260623T043833_715303,of:0000000000000007:1 -> of:000000000000000d:5,0.003,0.00375,0.003,0.003,3.82,2026-06-23T04:38:33,0.003,3.79
ip_shuffle,20260623T043833_715303,of:0000000000000002:2 -> of:0000000000000008:2,0.002,0.0025,0.002,0.002,3.09,2026-06-23T04:38:33,0.002,3.09
ip_shuffle,20260623T043833_715303,of:0000000000000003:2 -> of:0000000000000008:3,0.002,0.0025,0.002,0.002,3.09,2026-06-23T04:38:33,0.002,3.09
ip_shuffle,20260623T043833_715303,of:0000000000000008:1 -> of:000000000000000b:6,0.002,0.0025,0.002,0.002,2.19,2026-06-23T04:38:33,0.002,2.16
ip_shuffle,20260623T043833_715303,of:0000000000000004:2 -> of:0000000000000009:2,0.002,0.0025,0.002,0.002,3.02,2026-06-23T04:38:33,0.002,3.02
ip_shuffle,20260623T043833_715303,of:0000000000000002:1 -> of:000000000000000b:4,0.002,0.0025,0.002,0.002,2.22,2026-06-23T04:38:33,0.002,2.16
ip_shuffle,20260623T043833_715303,of:0000000000000009:1 -> of:000000000000000c:6,0.002,0.0025,0.002,0.002,2.16,2026-06-23T04:38:33,0.002,2.16
route_mutation,20260623T043931_549768,of:0000000000000004:1 -> of:000000000000000c:4,0.002,0.0025,0.002,0.002,1.7,2026-06-23T04:39:31,0.002,1.66
route_mutation,20260623T043931_549768,of:0000000000000005:1 -> of:000000000000000c:5,0.001,0.00125,0.001,0.001,1.43,2026-06-23T04:39:31,0.001,1.4
route_mutation,20260623T043931_549768,of:000000000000000a:1 -> of:000000000000000d:6,0.001,0.00125,0.001,0.001,1.4,2026-06-23T04:39:31,0.001,1.37
route_mutation,20260623T043931_549768,of:000000000000000b:3 -> of:000000000000000d:2,0.001,0.00125,0.001,0.001,1.5,2026-06-23T04:39:31,0.001,1.5
route_mutation,20260623T043931_549768,of:000000000000000c:3 -> of:000000000000000d:3,0.001,0.00125,0.001,0.001,1.5,2026-06-23T04:39:31,0.001,1.5
route_mutation,20260623T043931_549768,of:0000000000000005:2 -> of:0000000000000009:3,0.002,0.0025,0.002,0.002,1.57,2026-06-23T04:39:31,0.002,1.57
route_mutation,20260623T043931_549768,of:0000000000000001:1 -> of:000000000000000b:1,0.003,0.00375,0.003,0.003,3.16,2026-06-23T04:39:31,0.003,3.23
route_mutation,20260623T043931_549768,of:000000000000000b:2 -> of:000000000000000c:2,0.001,0.00125,0.001,0.001,1.47,2026-06-23T04:39:31,0.001,1.47
route_mutation,20260623T043931_549768,of:0000000000000001:2 -> of:000000000000000c:1,0.002,0.0025,0.002,0.002,1.86,2026-06-23T04:39:31,0.002,1.83
route_mutation,20260623T043931_549768,of:0000000000000006:2 -> of:000000000000000a:2,0.002,0.0025,0.002,0.002,1.57,2026-06-23T04:39:31,0.002,1.57
route_mutation,20260623T043931_549768,of:0000000000000001:3 -> of:000000000000000d:1,0.002,0.0025,0.002,0.002,1.47,2026-06-23T04:39:31,0.002,1.47
route_mutation,20260623T043931_549768,of:0000000000000003:1 -> of:000000000000000b:5,0.002,0.0025,0.002,0.002,2.43,2026-06-23T04:39:31,0.002,2.36
route_mutation,20260623T043931_549768,of:0000000000000006:1 -> of:000000000000000d:4,0.002,0.0025,0.002,0.002,1.73,2026-06-23T04:39:31,0.002,1.66
route_mutation,20260623T043931_549768,of:0000000000000007:2 -> of:000000000000000a:3,0.001,0.00125,0.001,0.001,1.5,2026-06-23T04:39:31,0.001,1.5
route_mutation,20260623T043931_549768,of:0000000000000007:1 -> of:000000000000000d:5,0.001,0.00125,0.001,0.001,1.43,2026-06-23T04:39:31,0.001,1.37
route_mutation,20260623T043931_549768,of:0000000000000002:2 -> of:0000000000000008:2,0.002,0.0025,0.002,0.002,1.6,2026-06-23T04:39:31,0.002,1.6
route_mutation,20260623T043931_549768,of:0000000000000003:2 -> of:0000000000000008:3,0.002,0.0025,0.002,0.002,1.6,2026-06-23T04:39:31,0.002,1.6
route_mutation,20260623T043931_549768,of:0000000000000008:1 -> of:000000000000000b:6,0.001,0.00125,0.001,0.001,1.33,2026-06-23T04:39:31,0.001,1.33
route_mutation,20260623T043931_549768,of:0000000000000004:2 -> of:0000000000000009:2,0.002,0.0025,0.002,0.002,1.57,2026-06-23T04:39:31,0.002,1.57
route_mutation,20260623T043931_549768,of:0000000000000002:1 -> of:000000000000000b:4,0.002,0.0025,0.002,0.002,2.36,2026-06-23T04:39:31,0.002,2.4
route_mutation,20260623T043931_549768,of:0000000000000009:1 -> of:000000000000000c:6,0.001,0.00125,0.001,0.001,1.33,2026-06-23T04:39:31,0.001,1.33
route_mutation,20260623T044001_910841,of:0000000000000004:1 -> of:000000000000000c:4,0.002,0.0025,0.002,0.002,2.39,2026-06-23T04:40:01,0.002,2.43
route_mutation,20260623T044001_910841,of:0000000000000005:1 -> of:000000000000000c:5,0.002,0.0025,0.002,0.002,2.66,2026-06-23T04:40:01,0.002,2.69
route_mutation,20260623T044001_910841,of:000000000000000a:1 -> of:000000000000000d:6,0.002,0.0025,0.002,0.002,1.83,2026-06-23T04:40:01,0.002,1.83
route_mutation,20260623T044001_910841,of:000000000000000b:3 -> of:000000000000000d:2,0.002,0.0025,0.002,0.002,2.39,2026-06-23T04:40:01,0.002,2.39
route_mutation,20260623T044001_910841,of:000000000000000c:3 -> of:000000000000000d:3,0.002,0.0025,0.002,0.002,2.39,2026-06-23T04:40:01,0.002,2.39
route_mutation,20260623T044001_910841,of:0000000000000005:2 -> of:0000000000000009:3,0.002,0.0025,0.002,0.002,2.39,2026-06-23T04:40:01,0.002,2.39
route_mutation,20260623T044001_910841,of:0000000000000001:1 -> of:000000000000000b:1,0.002,0.0025,0.002,0.002,1.93,2026-06-23T04:40:01,0.002,2.03
route_mutation,20260623T044001_910841,of:000000000000000b:2 -> of:000000000000000c:2,0.002,0.0025,0.002,0.002,2.46,2026-06-23T04:40:01,0.002,2.46
route_mutation,20260623T044001_910841,of:0000000000000001:2 -> of:000000000000000c:1,0.003,0.00375,0.003,0.003,2.96,2026-06-23T04:40:01,0.003,3.06
route_mutation,20260623T044001_910841,of:0000000000000006:2 -> of:000000000000000a:2,0.002,0.0025,0.002,0.002,2.43,2026-06-23T04:40:01,0.002,2.43
route_mutation,20260623T044001_910841,of:0000000000000001:3 -> of:000000000000000d:1,0.003,0.00375,0.003,0.003,3.52,2026-06-23T04:40:01,0.003,3.39
route_mutation,20260623T044001_910841,of:0000000000000003:1 -> of:000000000000000b:5,0.002,0.0025,0.002,0.002,2.13,2026-06-23T04:40:01,0.002,2.03
route_mutation,20260623T044001_910841,of:0000000000000006:1 -> of:000000000000000d:4,0.003,0.00375,0.003,0.002,2.99,2026-06-23T04:40:01,0.003,3.02
route_mutation,20260623T044001_910841,of:0000000000000007:2 -> of:000000000000000a:3,0.002,0.0025,0.002,0.002,2.43,2026-06-23T04:40:01,0.002,2.43
route_mutation,20260623T044001_910841,of:0000000000000007:1 -> of:000000000000000d:5,0.002,0.0025,0.002,0.002,2.06,2026-06-23T04:40:01,0.002,2.03
route_mutation,20260623T044001_910841,of:0000000000000002:2 -> of:0000000000000008:2,0.002,0.0025,0.002,0.002,2.59,2026-06-23T04:40:01,0.002,2.59
route_mutation,20260623T044001_910841,of:0000000000000003:2 -> of:0000000000000008:3,0.002,0.0025,0.002,0.002,2.59,2026-06-23T04:40:01,0.002,2.59
route_mutation,20260623T044001_910841,of:0000000000000008:1 -> of:000000000000000b:6,0.002,0.0025,0.002,0.002,1.86,2026-06-23T04:40:01,0.002,1.89
route_mutation,20260623T044001_910841,of:0000000000000004:2 -> of:0000000000000009:2,0.002,0.0025,0.002,0.002,2.39,2026-06-23T04:40:01,0.002,2.39
route_mutation,20260623T044001_910841,of:0000000000000002:1 -> of:000000000000000b:4,0.002,0.0025,0.002,0.002,2.06,2026-06-23T04:40:01,0.002,1.96
route_mutation,20260623T044001_910841,of:0000000000000009:1 -> of:000000000000000c:6,0.002,0.0025,0.002,0.002,1.86,2026-06-23T04:40:01,0.002,1.89
ip_shuffle,20260623T044032_307333,of:0000000000000004:1 -> of:000000000000000c:4,0.002,0.0025,0.002,0.002,1.73,2026-06-23T04:40:32,0.002,1.7
ip_shuffle,20260623T044032_307333,of:0000000000000005:1 -> of:000000000000000c:5,0.002,0.0025,0.002,0.002,1.73,2026-06-23T04:40:32,0.002,1.7
ip_shuffle,20260623T044032_307333,of:000000000000000a:1 -> of:000000000000000d:6,0.002,0.0025,0.002,0.002,1.76,2026-06-23T04:40:32,0.002,1.76
ip_shuffle,20260623T044032_307333,of:000000000000000b:3 -> of:000000000000000d:2,0.002,0.0025,0.002,0.002,2.2,2026-06-23T04:40:32,0.002,2.2
ip_shuffle,20260623T044032_307333,of:000000000000000c:3 -> of:000000000000000d:3,0.002,0.0025,0.002,0.002,2.2,2026-06-23T04:40:32,0.002,2.2
ip_shuffle,20260623T044032_307333,of:0000000000000005:2 -> of:0000000000000009:3,0.002,0.0025,0.002,0.002,2.2,2026-06-23T04:40:32,0.002,2.2
ip_shuffle,20260623T044032_307333,of:0000000000000001:1 -> of:000000000000000b:1,0.002,0.0025,0.002,0.002,1.76,2026-06-23T04:40:32,0.002,1.66
ip_shuffle,20260623T044032_307333,of:000000000000000b:2 -> of:000000000000000c:2,0.002,0.0025,0.002,0.002,2.2,2026-06-23T04:40:32,0.002,2.2
ip_shuffle,20260623T044032_307333,of:0000000000000001:2 -> of:000000000000000c:1,0.002,0.0025,0.002,0.002,1.76,2026-06-23T04:40:32,0.002,1.66
ip_shuffle,20260623T044032_307333,of:0000000000000006:2 -> of:000000000000000a:2,0.002,0.0025,0.002,0.002,2.16,2026-06-23T04:40:32,0.002,2.16
ip_shuffle,20260623T044032_307333,of:0000000000000001:3 -> of:000000000000000d:1,0.002,0.0025,0.002,0.002,2.66,2026-06-23T04:40:32,0.002,2.8
ip_shuffle,20260623T044032_307333,of:0000000000000003:1 -> of:000000000000000b:5,0.002,0.0025,0.002,0.002,1.66,2026-06-23T04:40:32,0.002,1.76
ip_shuffle,20260623T044032_307333,of:0000000000000006:1 -> of:000000000000000d:4,0.002,0.0025,0.002,0.002,1.73,2026-06-23T04:40:32,0.002,1.7
ip_shuffle,20260623T044032_307333,of:0000000000000007:2 -> of:000000000000000a:3,0.002,0.0025,0.002,0.002,2.23,2026-06-23T04:40:32,0.002,2.23
ip_shuffle,20260623T044032_307333,of:0000000000000007:1 -> of:000000000000000d:5,0.002,0.0025,0.002,0.002,2.93,2026-06-23T04:40:32,0.002,2.96
ip_shuffle,20260623T044032_307333,of:0000000000000002:2 -> of:0000000000000008:2,0.002,0.0025,0.002,0.002,2.13,2026-06-23T04:40:32,0.002,2.13
ip_shuffle,20260623T044032_307333,of:0000000000000003:2 -> of:0000000000000008:3,0.002,0.0025,0.002,0.002,2.13,2026-06-23T04:40:32,0.002,2.13
ip_shuffle,20260623T044032_307333,of:0000000000000008:1 -> of:000000000000000b:6,0.002,0.0025,0.002,0.002,1.8,2026-06-23T04:40:32,0.002,1.76
ip_shuffle,20260623T044032_307333,of:0000000000000004:2 -> of:0000000000000009:2,0.002,0.0025,0.002,0.002,2.2,2026-06-23T04:40:32,0.002,2.2
ip_shuffle,20260623T044032_307333,of:0000000000000002:1 -> of:000000000000000b:4,0.002,0.0025,0.002,0.002,1.66,2026-06-23T04:40:32,0.002,1.76
ip_shuffle,20260623T044032_307333,of:0000000000000009:1 -> of:000000000000000c:6,0.002,0.0025,0.002,0.002,1.8,2026-06-23T04:40:32,0.002,1.76
route_mutation,20260623T044130_002427,of:0000000000000004:1 -> of:000000000000000c:4,0.002,0.0025,0.002,0.002,2.53,2026-06-23T04:41:30,0.002,2.56
route_mutation,20260623T044130_002427,of:0000000000000005:1 -> of:000000000000000c:5,0.002,0.0025,0.002,0.002,2.56,2026-06-23T04:41:30,0.002,2.6
route_mutation,20260623T044130_002427,of:000000000000000a:1 -> of:000000000000000d:6,0.002,0.0025,0.002,0.002,1.7,2026-06-23T04:41:30,0.002,1.73
route_mutation,20260623T044130_002427,of:000000000000000b:3 -> of:000000000000000d:2,0.002,0.0025,0.002,0.002,2.2,2026-06-23T04:41:30,0.002,2.2
route_mutation,20260623T044130_002427,of:000000000000000c:3 -> of:000000000000000d:3,0.002,0.0025,0.002,0.002,2.16,2026-06-23T04:41:30,0.002,2.16
route_mutation,20260623T044130_002427,of:0000000000000005:2 -> of:0000000000000009:3,0.002,0.0025,0.002,0.002,2.16,2026-06-23T04:41:30,0.002,2.16
route_mutation,20260623T044130_002427,of:0000000000000001:1 -> of:000000000000000b:1,0.002,0.0025,0.002,0.002,1.93,2026-06-23T04:41:30,0.002,2.1
route_mutation,20260623T044130_002427,of:000000000000000b:2 -> of:000000000000000c:2,0.002,0.0025,0.002,0.002,2.23,2026-06-23T04:41:30,0.002,2.23
route_mutation,20260623T044130_002427,of:0000000000000001:2 -> of:000000000000000c:1,0.003,0.00375,0.003,0.003,3.36,2026-06-23T04:41:30,0.003,3.39
route_mutation,20260623T044130_002427,of:0000000000000006:2 -> of:000000000000000a:2,0.002,0.0025,0.002,0.002,2.16,2026-06-23T04:41:30,0.002,2.16
route_mutation,20260623T044130_002427,of:0000000000000001:3 -> of:000000000000000d:1,0.002,0.0025,0.002,0.002,2.93,2026-06-23T04:41:30,0.002,2.76
route_mutation,20260623T044130_002427,of:0000000000000003:1 -> of:000000000000000b:5,0.002,0.0025,0.002,0.002,2.03,2026-06-23T04:41:30,0.002,1.83
route_mutation,20260623T044130_002427,of:0000000000000006:1 -> of:000000000000000d:4,0.002,0.0025,0.002,0.002,2.66,2026-06-23T04:41:30,0.002,2.56
route_mutation,20260623T044130_002427,of:0000000000000007:2 -> of:000000000000000a:3,0.002,0.0025,0.002,0.002,2.16,2026-06-23T04:41:30,0.002,2.16
route_mutation,20260623T044130_002427,of:0000000000000007:1 -> of:000000000000000d:5,0.002,0.0025,0.002,0.002,1.8,2026-06-23T04:41:30,0.002,1.86
route_mutation,20260623T044130_002427,of:0000000000000002:2 -> of:0000000000000008:2,0.002,0.0025,0.002,0.002,2.13,2026-06-23T04:41:30,0.002,2.13
route_mutation,20260623T044130_002427,of:0000000000000003:2 -> of:0000000000000008:3,0.002,0.0025,0.002,0.002,2.13,2026-06-23T04:41:30,0.002,2.13
route_mutation,20260623T044130_002427,of:0000000000000008:1 -> of:000000000000000b:6,0.002,0.0025,0.002,0.002,1.76,2026-06-23T04:41:30,0.002,1.76
route_mutation,20260623T044130_002427,of:0000000000000004:2 -> of:0000000000000009:2,0.002,0.0025,0.002,0.002,2.2,2026-06-23T04:41:30,0.002,2.2
route_mutation,20260623T044130_002427,of:0000000000000002:1 -> of:000000000000000b:4,0.002,0.0025,0.002,0.002,1.7,2026-06-23T04:41:30,0.002,1.7
route_mutation,20260623T044130_002427,of:0000000000000009:1 -> of:000000000000000c:6,0.002,0.0025,0.002,0.002,1.8,2026-06-23T04:41:30,0.002,1.8
ip_shuffle,20260623T044200_198409,of:0000000000000004:1 -> of:000000000000000c:4,0.002,0.0025,0.002,0.002,1.96,2026-06-23T04:42:00,0.002,1.93
ip_shuffle,20260623T044200_198409,of:0000000000000005:1 -> of:000000000000000c:5,0.002,0.0025,0.002,0.002,1.96,2026-06-23T04:42:00,0.002,1.93
ip_shuffle,20260623T044200_198409,of:000000000000000a:1 -> of:000000000000000d:6,0.002,0.0025,0.002,0.002,2.0,2026-06-23T04:42:00,0.002,1.96
ip_shuffle,20260623T044200_198409,of:000000000000000b:3 -> of:000000000000000d:2,0.002,0.0025,0.002,0.002,2.63,2026-06-23T04:42:00,0.002,2.63
ip_shuffle,20260623T044200_198409,of:000000000000000c:3 -> of:000000000000000d:3,0.002,0.0025,0.002,0.002,2.63,2026-06-23T04:42:00,0.002,2.63
ip_shuffle,20260623T044200_198409,of:0000000000000005:2 -> of:0000000000000009:3,0.002,0.0025,0.002,0.002,2.63,2026-06-23T04:42:00,0.002,2.63
ip_shuffle,20260623T044200_198409,of:0000000000000001:1 -> of:000000000000000b:1,0.002,0.0025,0.002,0.002,2.0,2026-06-23T04:42:00,0.002,1.9
ip_shuffle,20260623T044200_198409,of:000000000000000b:2 -> of:000000000000000c:2,0.002,0.0025,0.002,0.002,2.66,2026-06-23T04:42:00,0.002,2.66
ip_shuffle,20260623T044200_198409,of:0000000000000001:2 -> of:000000000000000c:1,0.002,0.0025,0.002,0.002,2.0,2026-06-23T04:42:00,0.002,1.9
ip_shuffle,20260623T044200_198409,of:0000000000000006:2 -> of:000000000000000a:2,0.002,0.0025,0.002,0.002,2.63,2026-06-23T04:42:00,0.002,2.63
ip_shuffle,20260623T044200_198409,of:0000000000000001:3 -> of:000000000000000d:1,0.003,0.00375,0.003,0.003,3.4,2026-06-23T04:42:00,0.003,3.5
ip_shuffle,20260623T044200_198409,of:0000000000000003:1 -> of:000000000000000b:5,0.002,0.0025,0.002,0.002,1.9,2026-06-23T04:42:00,0.002,2.0
ip_shuffle,20260623T044200_198409,of:0000000000000006:1 -> of:000000000000000d:4,0.002,0.0025,0.002,0.002,2.16,2026-06-23T04:42:00,0.002,2.26
ip_shuffle,20260623T044200_198409,of:0000000000000007:2 -> of:000000000000000a:3,0.002,0.0025,0.002,0.002,2.7,2026-06-23T04:42:00,0.002,2.7
ip_shuffle,20260623T044200_198409,of:0000000000000007:1 -> of:000000000000000d:5,0.003,0.00375,0.003,0.003,3.43,2026-06-23T04:42:00,0.003,3.36
ip_shuffle,20260623T044200_198409,of:0000000000000002:2 -> of:0000000000000008:2,0.002,0.0025,0.002,0.002,2.56,2026-06-23T04:42:00,0.002,2.56
ip_shuffle,20260623T044200_198409,of:0000000000000003:2 -> of:0000000000000008:3,0.002,0.0025,0.002,0.002,2.56,2026-06-23T04:42:00,0.002,2.56
ip_shuffle,20260623T044200_198409,of:0000000000000008:1 -> of:000000000000000b:6,0.002,0.0025,0.002,0.002,2.0,2026-06-23T04:42:00,0.002,2.0
ip_shuffle,20260623T044200_198409,of:0000000000000004:2 -> of:0000000000000009:2,0.002,0.0025,0.002,0.002,2.63,2026-06-23T04:42:00,0.002,2.63
ip_shuffle,20260623T044200_198409,of:0000000000000002:1 -> of:000000000000000b:4,0.002,0.0025,0.002,0.002,1.9,2026-06-23T04:42:00,0.002,2.0
ip_shuffle,20260623T044200_198409,of:0000000000000009:1 -> of:000000000000000c:6,0.002,0.0025,0.002,0.002,2.0,2026-06-23T04:42:00,0.002,2.0
ip_shuffle,20260623T044257_936996,of:0000000000000004:1 -> of:000000000000000c:4,0.002,0.0025,0.002,0.002,2.23,2026-06-23T04:42:57,0.002,2.23
ip_shuffle,20260623T044257_936996,of:0000000000000005:1 -> of:000000000000000c:5,0.002,0.0025,0.002,0.002,1.83,2026-06-23T04:42:57,0.002,1.83
ip_shuffle,20260623T044257_936996,of:000000000000000a:1 -> of:000000000000000d:6,0.001,0.00125,0.001,0.001,1.37,2026-06-23T04:42:57,0.001,1.37
ip_shuffle,20260623T044257_936996,of:000000000000000b:3 -> of:000000000000000d:2,0.001,0.00125,0.001,0.001,1.46,2026-06-23T04:42:57,0.001,1.46
ip_shuffle,20260623T044257_936996,of:000000000000000c:3 -> of:000000000000000d:3,0.001,0.00125,0.001,0.001,1.46,2026-06-23T04:42:57,0.001,1.46
ip_shuffle,20260623T044257_936996,of:0000000000000005:2 -> of:0000000000000009:3,0.002,0.0025,0.002,0.002,1.53,2026-06-23T04:42:57,0.002,1.53
ip_shuffle,20260623T044257_936996,of:0000000000000001:1 -> of:000000000000000b:1,0.002,0.0025,0.002,0.002,2.43,2026-06-23T04:42:57,0.002,2.43
ip_shuffle,20260623T044257_936996,of:000000000000000b:2 -> of:000000000000000c:2,0.002,0.0025,0.002,0.002,1.53,2026-06-23T04:42:57,0.002,1.53
ip_shuffle,20260623T044257_936996,of:0000000000000001:2 -> of:000000000000000c:1,0.003,0.00375,0.003,0.003,2.86,2026-06-23T04:42:57,0.003,2.86
ip_shuffle,20260623T044257_936996,of:0000000000000006:2 -> of:000000000000000a:2,0.002,0.0025,0.002,0.002,1.53,2026-06-23T04:42:57,0.002,1.53
ip_shuffle,20260623T044257_936996,of:0000000000000001:3 -> of:000000000000000d:1,0.001,0.00125,0.001,0.001,1.4,2026-06-23T04:42:57,0.001,1.4
ip_shuffle,20260623T044257_936996,of:0000000000000003:1 -> of:000000000000000b:5,0.002,0.0025,0.002,0.002,2.26,2026-06-23T04:42:57,0.002,2.26
ip_shuffle,20260623T044257_936996,of:0000000000000006:1 -> of:000000000000000d:4,0.001,0.00125,0.001,0.001,1.37,2026-06-23T04:42:57,0.001,1.37
ip_shuffle,20260623T044257_936996,of:0000000000000007:2 -> of:000000000000000a:3,0.002,0.0025,0.002,0.002,1.53,2026-06-23T04:42:57,0.002,1.53
ip_shuffle,20260623T044257_936996,of:0000000000000007:1 -> of:000000000000000d:5,0.001,0.00125,0.001,0.001,1.37,2026-06-23T04:42:57,0.001,1.37
ip_shuffle,20260623T044257_936996,of:0000000000000002:2 -> of:0000000000000008:2,0.001,0.00125,0.001,0.001,1.46,2026-06-23T04:42:57,0.001,1.46
ip_shuffle,20260623T044257_936996,of:0000000000000003:2 -> of:0000000000000008:3,0.001,0.00125,0.001,0.001,1.46,2026-06-23T04:42:57,0.001,1.46
ip_shuffle,20260623T044257_936996,of:0000000000000008:1 -> of:000000000000000b:6,0.002,0.0025,0.002,0.002,1.43,2026-06-23T04:42:57,0.002,1.43
ip_shuffle,20260623T044257_936996,of:0000000000000004:2 -> of:0000000000000009:2,0.002,0.0025,0.002,0.002,1.53,2026-06-23T04:42:57,0.002,1.53
ip_shuffle,20260623T044257_936996,of:0000000000000002:1 -> of:000000000000000b:4,0.002,0.0025,0.002,0.002,1.46,2026-06-23T04:42:57,0.002,1.46
ip_shuffle,20260623T044257_936996,of:0000000000000009:1 -> of:000000000000000c:6,0.002,0.0025,0.002,0.002,1.43,2026-06-23T04:42:57,0.002,1.43
ip_shuffle,20260623T044402_206977,of:0000000000000004:1 -> of:000000000000000c:4,0.002,0.0025,0.002,0.002,1.47,2026-06-23T04:44:02,0.002,1.43
ip_shuffle,20260623T044402_206977,of:0000000000000005:1 -> of:000000000000000c:5,0.002,0.0025,0.002,0.002,1.47,2026-06-23T04:44:02,0.002,1.43
ip_shuffle,20260623T044402_206977,of:000000000000000a:1 -> of:000000000000000d:6,0.001,0.00125,0.001,0.001,1.37,2026-06-23T04:44:02,0.001,1.33
ip_shuffle,20260623T044402_206977,of:000000000000000b:3 -> of:000000000000000d:2,0.001,0.00125,0.001,0.001,1.43,2026-06-23T04:44:02,0.001,1.43
ip_shuffle,20260623T044402_206977,of:000000000000000c:3 -> of:000000000000000d:3,0.002,0.0025,0.002,0.002,1.5,2026-06-23T04:44:02,0.002,1.5
ip_shuffle,20260623T044402_206977,of:0000000000000005:2 -> of:0000000000000009:3,0.001,0.00125,0.001,0.001,1.5,2026-06-23T04:44:02,0.001,1.5
ip_shuffle,20260623T044402_206977,of:0000000000000001:1 -> of:000000000000000b:1,0.001,0.00125,0.001,0.001,1.3,2026-06-23T04:44:02,0.001,1.2
ip_shuffle,20260623T044402_206977,of:000000000000000b:2 -> of:000000000000000c:2,0.001,0.00125,0.001,0.001,1.47,2026-06-23T04:44:02,0.001,1.47
ip_shuffle,20260623T044402_206977,of:0000000000000001:2 -> of:000000000000000c:1,0.001,0.00125,0.001,0.001,1.37,2026-06-23T04:44:02,0.001,1.27
ip_shuffle,20260623T044402_206977,of:0000000000000006:2 -> of:000000000000000a:2,0.001,0.00125,0.001,0.001,1.4,2026-06-23T04:44:02,0.001,1.4
ip_shuffle,20260623T044402_206977,of:0000000000000001:3 -> of:000000000000000d:1,0.002,0.0025,0.002,0.002,1.57,2026-06-23T04:44:02,0.002,1.67
ip_shuffle,20260623T044402_206977,of:0000000000000003:1 -> of:000000000000000b:5,0.001,0.00125,0.001,0.001,1.3,2026-06-23T04:44:02,0.001,1.37
ip_shuffle,20260623T044402_206977,of:0000000000000006:1 -> of:000000000000000d:4,0.002,0.0025,0.002,0.002,1.6,2026-06-23T04:44:02,0.002,1.6
ip_shuffle,20260623T044402_206977,of:0000000000000007:2 -> of:000000000000000a:3,0.001,0.00125,0.001,0.001,1.4,2026-06-23T04:44:02,0.001,1.4
ip_shuffle,20260623T044402_206977,of:0000000000000007:1 -> of:000000000000000d:5,0.002,0.0025,0.002,0.002,1.93,2026-06-23T04:44:02,0.002,2.03
ip_shuffle,20260623T044402_206977,of:0000000000000002:2 -> of:0000000000000008:2,0.001,0.00125,0.001,0.001,1.4,2026-06-23T04:44:02,0.001,1.4
ip_shuffle,20260623T044402_206977,of:0000000000000003:2 -> of:0000000000000008:3,0.001,0.00125,0.001,0.001,1.4,2026-06-23T04:44:02,0.001,1.4
ip_shuffle,20260623T044402_206977,of:0000000000000008:1 -> of:000000000000000b:6,0.001,0.00125,0.001,0.001,1.3,2026-06-23T04:44:02,0.001,1.3
ip_shuffle,20260623T044402_206977,of:0000000000000004:2 -> of:0000000000000009:2,0.001,0.00125,0.001,0.001,1.5,2026-06-23T04:44:02,0.001,1.5
ip_shuffle,20260623T044402_206977,of:0000000000000002:1 -> of:000000000000000b:4,0.001,0.00125,0.001,0.001,1.3,2026-06-23T04:44:02,0.001,1.4
ip_shuffle,20260623T044402_206977,of:0000000000000009:1 -> of:000000000000000c:6,0.001,0.00125,0.001,0.001,1.37,2026-06-23T04:44:02,0.001,1.37
ip_shuffle,20260623T044500_048907,of:0000000000000004:1 -> of:000000000000000c:4,0.002,0.0025,0.002,0.002,2.23,2026-06-23T04:45:00,0.002,2.13
ip_shuffle,20260623T044500_048907,of:0000000000000005:1 -> of:000000000000000c:5,0.002,0.0025,0.002,0.002,2.93,2026-06-23T04:45:00,0.002,2.83
ip_shuffle,20260623T044500_048907,of:000000000000000a:1 -> of:000000000000000d:6,0.002,0.0025,0.002,0.002,1.96,2026-06-23T04:45:00,0.002,1.96
ip_shuffle,20260623T044500_048907,of:000000000000000b:3 -> of:000000000000000d:2,0.002,0.0025,0.002,0.002,2.6,2026-06-23T04:45:00,0.002,2.6
ip_shuffle,20260623T044500_048907,of:000000000000000c:3 -> of:000000000000000d:3,0.002,0.0025,0.002,0.002,2.6,2026-06-23T04:45:00,0.002,2.6
ip_shuffle,20260623T044500_048907,of:0000000000000005:2 -> of:0000000000000009:3,0.002,0.0025,0.002,0.002,2.76,2026-06-23T04:45:00,0.002,2.76
ip_shuffle,20260623T044500_048907,of:0000000000000001:1 -> of:000000000000000b:1,0.002,0.0025,0.002,0.002,1.96,2026-06-23T04:45:00,0.002,2.06
ip_shuffle,20260623T044500_048907,of:000000000000000b:2 -> of:000000000000000c:2,0.002,0.0025,0.002,0.002,2.6,2026-06-23T04:45:00,0.002,2.6
ip_shuffle,20260623T044500_048907,of:0000000000000001:2 -> of:000000000000000c:1,0.002,0.0025,0.002,0.002,2.6,2026-06-23T04:45:00,0.002,2.7
ip_shuffle,20260623T044500_048907,of:0000000000000006:2 -> of:000000000000000a:2,0.002,0.0025,0.002,0.002,2.6,2026-06-23T04:45:00,0.002,2.6
ip_shuffle,20260623T044500_048907,of:0000000000000001:3 -> of:000000000000000d:1,0.003,0.00375,0.003,0.003,4.09,2026-06-23T04:45:00,0.003,3.99
ip_shuffle,20260623T044500_048907,of:0000000000000003:1 -> of:000000000000000b:5,0.002,0.0025,0.002,0.002,2.06,2026-06-23T04:45:00,0.002,1.96
ip_shuffle,20260623T044500_048907,of:0000000000000006:1 -> of:000000000000000d:4,0.003,0.00375,0.003,0.003,3.23,2026-06-23T04:45:00,0.003,3.23
ip_shuffle,20260623T044500_048907,of:0000000000000007:2 -> of:000000000000000a:3,0.002,0.0025,0.002,0.002,2.6,2026-06-23T04:45:00,0.002,2.6
ip_shuffle,20260623T044500_048907,of:0000000000000007:1 -> of:000000000000000d:5,0.002,0.0025,0.002,0.002,2.66,2026-06-23T04:45:00,0.002,2.6
ip_shuffle,20260623T044500_048907,of:0000000000000002:2 -> of:0000000000000008:2,0.002,0.0025,0.002,0.002,2.7,2026-06-23T04:45:00,0.002,2.7
ip_shuffle,20260623T044500_048907,of:0000000000000003:2 -> of:0000000000000008:3,0.002,0.0025,0.002,0.002,2.7,2026-06-23T04:45:00,0.002,2.7
ip_shuffle,20260623T044500_048907,of:0000000000000008:1 -> of:000000000000000b:6,0.002,0.0025,0.002,0.002,1.96,2026-06-23T04:45:00,0.002,1.96
ip_shuffle,20260623T044500_048907,of:0000000000000004:2 -> of:0000000000000009:2,0.002,0.0025,0.002,0.002,2.76,2026-06-23T04:45:00,0.002,2.76
ip_shuffle,20260623T044500_048907,of:0000000000000002:1 -> of:000000000000000b:4,0.002,0.0025,0.002,0.002,2.06,2026-06-23T04:45:00,0.002,1.96
ip_shuffle,20260623T044500_048907,of:0000000000000009:1 -> of:000000000000000c:6,0.002,0.0025,0.002,0.002,1.96,2026-06-23T04:45:00,0.002,1.96
ip_shuffle,20260623T044604_199407,of:0000000000000004:1 -> of:000000000000000c:4,0.002,0.0025,0.002,0.002,1.93,2026-06-23T04:46:04,0.002,1.93
ip_shuffle,20260623T044604_199407,of:0000000000000005:1 -> of:000000000000000c:5,0.001,0.00125,0.001,0.001,1.4,2026-06-23T04:46:04,0.001,1.4
ip_shuffle,20260623T044604_199407,of:000000000000000a:1 -> of:000000000000000d:6,0.001,0.00125,0.001,0.001,1.46,2026-06-23T04:46:04,0.001,1.46
ip_shuffle,20260623T044604_199407,of:000000000000000b:3 -> of:000000000000000d:2,0.002,0.0025,0.002,0.002,1.66,2026-06-23T04:46:04,0.002,1.66
ip_shuffle,20260623T044604_199407,of:000000000000000c:3 -> of:000000000000000d:3,0.001,0.00125,0.001,0.001,1.6,2026-06-23T04:46:04,0.001,1.6
ip_shuffle,20260623T044604_199407,of:0000000000000005:2 -> of:0000000000000009:3,0.002,0.0025,0.002,0.002,1.7,2026-06-23T04:46:04,0.002,1.7
ip_shuffle,20260623T044604_199407,of:0000000000000001:1 -> of:000000000000000b:1,0.003,0.00375,0.003,0.003,3.5,2026-06-23T04:46:04,0.003,3.5
ip_shuffle,20260623T044604_199407,of:000000000000000b:2 -> of:000000000000000c:2,0.002,0.0025,0.002,0.002,1.66,2026-06-23T04:46:04,0.002,1.66
ip_shuffle,20260623T044604_199407,of:0000000000000001:2 -> of:000000000000000c:1,0.002,0.0025,0.002,0.002,1.93,2026-06-23T04:46:04,0.002,1.93
ip_shuffle,20260623T044604_199407,of:0000000000000006:2 -> of:000000000000000a:2,0.002,0.0025,0.002,0.002,1.76,2026-06-23T04:46:04,0.002,1.76
ip_shuffle,20260623T044604_199407,of:0000000000000001:3 -> of:000000000000000d:1,0.002,0.0025,0.002,0.002,1.7,2026-06-23T04:46:04,0.002,1.7
ip_shuffle,20260623T044604_199407,of:0000000000000003:1 -> of:000000000000000b:5,0.002,0.0025,0.002,0.002,2.46,2026-06-23T04:46:04,0.002,2.46
ip_shuffle,20260623T044604_199407,of:0000000000000006:1 -> of:000000000000000d:4,0.001,0.00125,0.001,0.001,1.46,2026-06-23T04:46:04,0.001,1.46
ip_shuffle,20260623T044604_199407,of:0000000000000007:2 -> of:000000000000000a:3,0.002,0.0025,0.002,0.002,1.73,2026-06-23T04:46:04,0.002,1.73
ip_shuffle,20260623T044604_199407,of:0000000000000007:1 -> of:000000000000000d:5,0.002,0.0025,0.002,0.002,1.96,2026-06-23T04:46:04,0.002,1.96
ip_shuffle,20260623T044604_199407,of:0000000000000002:2 -> of:0000000000000008:2,0.002,0.0025,0.002,0.002,1.7,2026-06-23T04:46:04,0.002,1.7
ip_shuffle,20260623T044604_199407,of:0000000000000003:2 -> of:0000000000000008:3,0.002,0.0025,0.002,0.002,1.66,2026-06-23T04:46:04,0.002,1.66
ip_shuffle,20260623T044604_199407,of:0000000000000008:1 -> of:000000000000000b:6,0.002,0.0025,0.002,0.002,1.53,2026-06-23T04:46:04,0.002,1.53
ip_shuffle,20260623T044604_199407,of:0000000000000004:2 -> of:0000000000000009:2,0.002,0.0025,0.002,0.002,1.66,2026-06-23T04:46:04,0.002,1.66
ip_shuffle,20260623T044604_199407,of:0000000000000002:1 -> of:000000000000000b:4,0.002,0.0025,0.002,0.002,2.5,2026-06-23T04:46:04,0.002,2.5
ip_shuffle,20260623T044604_199407,of:0000000000000009:1 -> of:000000000000000c:6,0.001,0.00125,0.001,0.001,1.46,2026-06-23T04:46:04,0.001,1.46
ip_shuffle,20260623T044701_915468,of:0000000000000004:1 -> of:000000000000000c:4,0.002,0.0025,0.002,0.002,1.53,2026-06-23T04:47:01,0.002,1.66
ip_shuffle,20260623T044701_915468,of:0000000000000005:1 -> of:000000000000000c:5,0.002,0.0025,0.002,0.002,1.53,2026-06-23T04:47:01,0.002,1.66
ip_shuffle,20260623T044701_915468,of:000000000000000a:1 -> of:000000000000000d:6,0.002,0.0025,0.002,0.002,1.6,2026-06-23T04:47:01,0.002,1.56
ip_shuffle,20260623T044701_915468,of:000000000000000b:3 -> of:000000000000000d:2,0.002,0.0025,0.002,0.002,1.96,2026-06-23T04:47:01,0.002,1.96
ip_shuffle,20260623T044701_915468,of:000000000000000c:3 -> of:000000000000000d:3,0.002,0.0025,0.002,0.002,1.96,2026-06-23T04:47:01,0.002,1.96
ip_shuffle,20260623T044701_915468,of:0000000000000005:2 -> of:0000000000000009:3,0.002,0.0025,0.002,0.002,1.8,2026-06-23T04:47:01,0.002,1.8
ip_shuffle,20260623T044701_915468,of:0000000000000001:1 -> of:000000000000000b:1,0.002,0.0025,0.002,0.002,1.8,2026-06-23T04:47:01,0.002,1.7
ip_shuffle,20260623T044701_915468,of:000000000000000b:2 -> of:000000000000000c:2,0.002,0.0025,0.002,0.002,2.0,2026-06-23T04:47:01,0.002,2.0
ip_shuffle,20260623T044701_915468,of:0000000000000001:2 -> of:000000000000000c:1,0.002,0.0025,0.002,0.002,1.66,2026-06-23T04:47:01,0.002,1.56
ip_shuffle,20260623T044701_915468,of:0000000000000006:2 -> of:000000000000000a:2,0.002,0.0025,0.002,0.002,1.86,2026-06-23T04:47:01,0.002,1.86
ip_shuffle,20260623T044701_915468,of:0000000000000001:3 -> of:000000000000000d:1,0.002,0.0025,0.002,0.002,2.5,2026-06-23T04:47:01,0.002,2.56
ip_shuffle,20260623T044701_915468,of:0000000000000003:1 -> of:000000000000000b:5,0.002,0.0025,0.002,0.002,1.66,2026-06-23T04:47:01,0.002,1.8
ip_shuffle,20260623T044701_915468,of:0000000000000006:1 -> of:000000000000000d:4,0.002,0.0025,0.002,0.002,1.76,2026-06-23T04:47:01,0.002,1.73
ip_shuffle,20260623T044701_915468,of:0000000000000007:2 -> of:000000000000000a:3,0.002,0.0025,0.002,0.002,1.86,2026-06-23T04:47:01,0.002,1.86
ip_shuffle,20260623T044701_915468,of:0000000000000007:1 -> of:000000000000000d:5,0.002,0.0025,0.002,0.002,2.66,2026-06-23T04:47:01,0.002,2.73
ip_shuffle,20260623T044701_915468,of:0000000000000002:2 -> of:0000000000000008:2,0.002,0.0025,0.002,0.002,1.83,2026-06-23T04:47:01,0.002,1.83
ip_shuffle,20260623T044701_915468,of:0000000000000003:2 -> of:0000000000000008:3,0.002,0.0025,0.002,0.002,1.83,2026-06-23T04:47:01,0.002,1.83
ip_shuffle,20260623T044701_915468,of:0000000000000008:1 -> of:000000000000000b:6,0.002,0.0025,0.002,0.002,1.6,2026-06-23T04:47:01,0.002,1.6
ip_shuffle,20260623T044701_915468,of:0000000000000004:2 -> of:0000000000000009:2,0.002,0.0025,0.002,0.002,1.8,2026-06-23T04:47:01,0.002,1.8
ip_shuffle,20260623T044701_915468,of:0000000000000002:1 -> of:000000000000000b:4,0.002,0.0025,0.002,0.002,1.53,2026-06-23T04:47:01,0.002,1.66
ip_shuffle,20260623T044701_915468,of:0000000000000009:1 -> of:000000000000000c:6,0.002,0.0025,0.002,0.002,1.6,2026-06-23T04:47:01,0.002,1.6
route_mutation,20260623T044759_645269,of:0000000000000004:1 -> of:000000000000000c:4,0.002,0.0025,0.002,0.002,2.46,2026-06-23T04:47:59,0.002,2.36
route_mutation,20260623T044759_645269,of:0000000000000005:1 -> of:000000000000000c:5,0.002,0.0025,0.002,0.002,2.63,2026-06-23T04:47:59,0.002,2.53
route_mutation,20260623T044759_645269,of:000000000000000a:1 -> of:000000000000000d:6,0.002,0.0025,0.002,0.002,1.76,2026-06-23T04:47:59,0.002,1.73
route_mutation,20260623T044759_645269,of:000000000000000b:3 -> of:000000000000000d:2,0.002,0.0025,0.002,0.002,2.16,2026-06-23T04:47:59,0.002,2.16
route_mutation,20260623T044759_645269,of:000000000000000c:3 -> of:000000000000000d:3,0.002,0.0025,0.002,0.002,2.13,2026-06-23T04:47:59,0.002,2.13
route_mutation,20260623T044759_645269,of:0000000000000005:2 -> of:0000000000000009:3,0.002,0.0025,0.002,0.002,2.26,2026-06-23T04:47:59,0.002,2.26
route_mutation,20260623T044759_645269,of:0000000000000001:1 -> of:000000000000000b:1,0.002,0.0025,0.002,0.002,1.8,2026-06-23T04:47:59,0.002,1.96
route_mutation,20260623T044759_645269,of:000000000000000b:2 -> of:000000000000000c:2,0.002,0.0025,0.002,0.002,2.16,2026-06-23T04:47:59,0.002,2.16
route_mutation,20260623T044759_645269,of:0000000000000001:2 -> of:000000000000000c:1,0.003,0.00375,0.003,0.003,3.23,2026-06-23T04:47:59,0.003,3.3
route_mutation,20260623T044759_645269,of:0000000000000006:2 -> of:000000000000000a:2,0.002,0.0025,0.002,0.002,2.36,2026-06-23T04:47:59,0.002,2.36
route_mutation,20260623T044759_645269,of:0000000000000001:3 -> of:000000000000000d:1,0.003,0.00375,0.003,0.003,3.13,2026-06-23T04:47:59,0.003,3.03
route_mutation,20260623T044759_645269,of:0000000000000003:1 -> of:000000000000000b:5,0.002,0.0025,0.002,0.002,2.0,2026-06-23T04:47:59,0.002,1.8
route_mutation,20260623T044759_645269,of:0000000000000006:1 -> of:000000000000000d:4,0.003,0.00375,0.003,0.003,3.2,2026-06-23T04:47:59,0.003,3.06
route_mutation,20260623T044759_645269,of:0000000000000007:2 -> of:000000000000000a:3,0.002,0.0025,0.002,0.002,2.2,2026-06-23T04:47:59,0.002,2.2
route_mutation,20260623T044759_645269,of:0000000000000007:1 -> of:000000000000000d:5,0.002,0.0025,0.002,0.002,1.8,2026-06-23T04:47:59,0.002,1.76
route_mutation,20260623T044759_645269,of:0000000000000002:2 -> of:0000000000000008:2,0.002,0.0025,0.002,0.002,2.26,2026-06-23T04:47:59,0.002,2.26
route_mutation,20260623T044759_645269,of:0000000000000003:2 -> of:0000000000000008:3,0.002,0.0025,0.002,0.002,2.26,2026-06-23T04:47:59,0.002,2.26
route_mutation,20260623T044759_645269,of:0000000000000008:1 -> of:000000000000000b:6,0.002,0.0025,0.002,0.002,1.76,2026-06-23T04:47:59,0.002,1.76
route_mutation,20260623T044759_645269,of:0000000000000004:2 -> of:0000000000000009:2,0.002,0.0025,0.002,0.002,2.26,2026-06-23T04:47:59,0.002,2.26
route_mutation,20260623T044759_645269,of:0000000000000002:1 -> of:000000000000000b:4,0.002,0.0025,0.002,0.002,1.83,2026-06-23T04:47:59,0.002,1.76
route_mutation,20260623T044759_645269,of:0000000000000009:1 -> of:000000000000000c:6,0.002,0.0025,0.002,0.002,1.76,2026-06-23T04:47:59,0.002,1.73
ip_shuffle,20260623T044830_013622,of:0000000000000004:1 -> of:000000000000000c:4,0.002,0.0025,0.002,0.002,1.63,2026-06-23T04:48:30,0.002,1.73
ip_shuffle,20260623T044830_013622,of:0000000000000005:1 -> of:000000000000000c:5,0.002,0.0025,0.002,0.002,1.63,2026-06-23T04:48:30,0.002,1.73
ip_shuffle,20260623T044830_013622,of:000000000000000a:1 -> of:000000000000000d:6,0.002,0.0025,0.002,0.002,1.73,2026-06-23T04:48:30,0.002,1.73
ip_shuffle,20260623T044830_013622,of:000000000000000b:3 -> of:000000000000000d:2,0.002,0.0025,0.002,0.002,2.13,2026-06-23T04:48:30,0.002,2.13
ip_shuffle,20260623T044830_013622,of:000000000000000c:3 -> of:000000000000000d:3,0.002,0.0025,0.002,0.002,2.13,2026-06-23T04:48:30,0.002,2.13
ip_shuffle,20260623T044830_013622,of:0000000000000005:2 -> of:0000000000000009:3,0.002,0.0025,0.002,0.002,1.96,2026-06-23T04:48:30,0.002,1.96
ip_shuffle,20260623T044830_013622,of:0000000000000001:1 -> of:000000000000000b:1,0.002,0.0025,0.002,0.002,1.73,2026-06-23T04:48:30,0.002,1.66
ip_shuffle,20260623T044830_013622,of:000000000000000b:2 -> of:000000000000000c:2,0.002,0.0025,0.002,0.002,2.13,2026-06-23T04:48:30,0.002,2.13
ip_shuffle,20260623T044830_013622,of:0000000000000001:2 -> of:000000000000000c:1,0.002,0.0025,0.002,0.002,1.73,2026-06-23T04:48:30,0.002,1.66
ip_shuffle,20260623T044830_013622,of:0000000000000006:2 -> of:000000000000000a:2,0.002,0.0025,0.002,0.002,2.03,2026-06-23T04:48:30,0.002,2.03
ip_shuffle,20260623T044830_013622,of:0000000000000001:3 -> of:000000000000000d:1,0.003,0.00375,0.003,0.002,2.92,2026-06-23T04:48:30,0.003,3.02
ip_shuffle,20260623T044830_013622,of:0000000000000003:1 -> of:000000000000000b:5,0.002,0.0025,0.002,0.002,1.63,2026-06-23T04:48:30,0.002,1.73
ip_shuffle,20260623T044830_013622,of:0000000000000006:1 -> of:000000000000000d:4,0.002,0.0025,0.002,0.002,1.86,2026-06-23T04:48:30,0.002,1.96
ip_shuffle,20260623T044830_013622,of:0000000000000007:2 -> of:000000000000000a:3,0.002,0.0025,0.002,0.002,2.06,2026-06-23T04:48:30,0.002,2.06
ip_shuffle,20260623T044830_013622,of:0000000000000007:1 -> of:000000000000000d:5,0.003,0.00375,0.003,0.003,3.09,2026-06-23T04:48:30,0.003,3.09
ip_shuffle,20260623T044830_013622,of:0000000000000002:2 -> of:0000000000000008:2,0.002,0.0025,0.002,0.002,1.96,2026-06-23T04:48:30,0.002,1.96
ip_shuffle,20260623T044830_013622,of:0000000000000003:2 -> of:0000000000000008:3,0.002,0.0025,0.002,0.002,1.96,2026-06-23T04:48:30,0.002,1.96
ip_shuffle,20260623T044830_013622,of:0000000000000008:1 -> of:000000000000000b:6,0.002,0.0025,0.002,0.002,1.66,2026-06-23T04:48:30,0.002,1.66
ip_shuffle,20260623T044830_013622,of:0000000000000004:2 -> of:0000000000000009:2,0.002,0.0025,0.002,0.002,1.96,2026-06-23T04:48:30,0.002,1.96
ip_shuffle,20260623T044830_013622,of:0000000000000002:1 -> of:000000000000000b:4,0.002,0.0025,0.002,0.002,1.63,2026-06-23T04:48:30,0.002,1.73
ip_shuffle,20260623T044830_013622,of:0000000000000009:1 -> of:000000000000000c:6,0.002,0.0025,0.002,0.002,1.66,2026-06-23T04:48:30,0.002,1.66
route_mutation,20260623T044934_170974,of:0000000000000004:1 -> of:000000000000000c:4,0.002,0.0025,0.002,0.002,2.43,2026-06-23T04:49:34,0.002,2.33
route_mutation,20260623T044934_170974,of:0000000000000005:1 -> of:000000000000000c:5,0.002,0.0025,0.002,0.002,2.43,2026-06-23T04:49:34,0.002,2.33
route_mutation,20260623T044934_170974,of:000000000000000a:1 -> of:000000000000000d:6,0.002,0.0025,0.002,0.002,1.53,2026-06-23T04:49:34,0.002,1.56
route_mutation,20260623T044934_170974,of:000000000000000b:3 -> of:000000000000000d:2,0.002,0.0025,0.002,0.002,1.76,2026-06-23T04:49:34,0.002,1.76
route_mutation,20260623T044934_170974,of:000000000000000c:3 -> of:000000000000000d:3,0.002,0.0025,0.002,0.002,1.76,2026-06-23T04:49:34,0.002,1.76
route_mutation,20260623T044934_170974,of:0000000000000005:2 -> of:0000000000000009:3,0.002,0.0025,0.002,0.002,1.83,2026-06-23T04:49:34,0.002,1.83
route_mutation,20260623T044934_170974,of:0000000000000001:1 -> of:000000000000000b:1,0.002,0.0025,0.002,0.002,2.69,2026-06-23T04:49:34,0.002,2.79
route_mutation,20260623T044934_170974,of:000000000000000b:2 -> of:000000000000000c:2,0.002,0.0025,0.002,0.002,1.73,2026-06-23T04:49:34,0.002,1.73
route_mutation,20260623T044934_170974,of:0000000000000001:2 -> of:000000000000000c:1,0.003,0.00375,0.003,0.003,3.13,2026-06-23T04:49:34,0.003,3.23
route_mutation,20260623T044934_170974,of:0000000000000006:2 -> of:000000000000000a:2,0.002,0.0025,0.002,0.002,1.76,2026-06-23T04:49:34,0.002,1.76
route_mutation,20260623T044934_170974,of:0000000000000001:3 -> of:000000000000000d:1,0.002,0.0025,0.002,0.002,2.3,2026-06-23T04:49:34,0.002,2.23
route_mutation,20260623T044934_170974,of:0000000000000003:1 -> of:000000000000000b:5,0.002,0.0025,0.002,0.002,2.63,2026-06-23T04:49:34,0.002,2.53
route_mutation,20260623T044934_170974,of:0000000000000006:1 -> of:000000000000000d:4,0.002,0.0025,0.002,0.002,2.16,2026-06-23T04:49:34,0.002,2.3
route_mutation,20260623T044934_170974,of:0000000000000007:2 -> of:000000000000000a:3,0.002,0.0025,0.002,0.002,1.7,2026-06-23T04:49:34,0.002,1.7
route_mutation,20260623T044934_170974,of:0000000000000007:1 -> of:000000000000000d:5,0.002,0.0025,0.002,0.002,1.5,2026-06-23T04:49:34,0.002,1.56
route_mutation,20260623T044934_170974,of:0000000000000002:2 -> of:0000000000000008:2,0.002,0.0025,0.002,0.002,1.83,2026-06-23T04:49:34,0.002,1.83
route_mutation,20260623T044934_170974,of:0000000000000003:2 -> of:0000000000000008:3,0.002,0.0025,0.002,0.002,1.83,2026-06-23T04:49:34,0.002,1.83
route_mutation,20260623T044934_170974,of:0000000000000008:1 -> of:000000000000000b:6,0.002,0.0025,0.002,0.002,1.53,2026-06-23T04:49:34,0.002,1.53
route_mutation,20260623T044934_170974,of:0000000000000004:2 -> of:0000000000000009:2,0.002,0.0025,0.002,0.002,1.83,2026-06-23T04:49:34,0.002,1.83
route_mutation,20260623T044934_170974,of:0000000000000002:1 -> of:000000000000000b:4,0.002,0.0025,0.002,0.002,1.8,2026-06-23T04:49:34,0.002,1.7
route_mutation,20260623T044934_170974,of:0000000000000009:1 -> of:000000000000000c:6,0.002,0.0025,0.002,0.002,1.53,2026-06-23T04:49:34,0.002,1.53
ip_shuffle,20260623T045004_412043,of:0000000000000004:1 -> of:000000000000000c:4,0.002,0.0025,0.002,0.002,1.96,2026-06-23T04:50:04,0.002,1.96
ip_shuffle,20260623T045004_412043,of:0000000000000005:1 -> of:000000000000000c:5,0.002,0.0025,0.002,0.002,1.96,2026-06-23T04:50:04,0.002,1.96
ip_shuffle,20260623T045004_412043,of:000000000000000a:1 -> of:000000000000000d:6,0.002,0.0025,0.002,0.002,1.93,2026-06-23T04:50:04,0.002,1.93
ip_shuffle,20260623T045004_412043,of:000000000000000b:3 -> of:000000000000000d:2,0.002,0.0025,0.002,0.002,2.56,2026-06-23T04:50:04,0.002,2.56
ip_shuffle,20260623T045004_412043,of:000000000000000c:3 -> of:000000000000000d:3,0.002,0.0025,0.002,0.002,2.56,2026-06-23T04:50:04,0.002,2.56
ip_shuffle,20260623T045004_412043,of:0000000000000005:2 -> of:0000000000000009:3,0.002,0.0025,0.002,0.002,2.56,2026-06-23T04:50:04,0.002,2.56
ip_shuffle,20260623T045004_412043,of:0000000000000001:1 -> of:000000000000000b:1,0.002,0.0025,0.002,0.002,1.96,2026-06-23T04:50:04,0.002,1.96
ip_shuffle,20260623T045004_412043,of:000000000000000b:2 -> of:000000000000000c:2,0.002,0.0025,0.002,0.002,2.59,2026-06-23T04:50:04,0.002,2.59
ip_shuffle,20260623T045004_412043,of:0000000000000001:2 -> of:000000000000000c:1,0.002,0.0025,0.002,0.002,1.96,2026-06-23T04:50:04,0.002,1.96
ip_shuffle,20260623T045004_412043,of:0000000000000006:2 -> of:000000000000000a:2,0.002,0.0025,0.002,0.002,2.56,2026-06-23T04:50:04,0.002,2.56
ip_shuffle,20260623T045004_412043,of:0000000000000001:3 -> of:000000000000000d:1,0.003,0.00375,0.003,0.003,3.86,2026-06-23T04:50:04,0.003,3.79
ip_shuffle,20260623T045004_412043,of:0000000000000003:1 -> of:000000000000000b:5,0.002,0.0025,0.002,0.002,1.96,2026-06-23T04:50:04,0.002,1.96
ip_shuffle,20260623T045004_412043,of:0000000000000006:1 -> of:000000000000000d:4,0.002,0.0025,0.002,0.002,2.99,2026-06-23T04:50:04,0.002,2.66
ip_shuffle,20260623T045004_412043,of:0000000000000007:2 -> of:000000000000000a:3,0.002,0.0025,0.002,0.002,2.79,2026-06-23T04:50:04,0.002,2.79
ip_shuffle,20260623T045004_412043,of:0000000000000007:1 -> of:000000000000000d:5,0.003,0.00375,0.003,0.003,3.16,2026-06-23T04:50:04,0.003,3.36
ip_shuffle,20260623T045004_412043,of:0000000000000002:2 -> of:0000000000000008:2,0.002,0.0025,0.002,0.002,2.49,2026-06-23T04:50:04,0.002,2.49
ip_shuffle,20260623T045004_412043,of:0000000000000003:2 -> of:0000000000000008:3,0.002,0.0025,0.002,0.002,2.49,2026-06-23T04:50:04,0.002,2.49
ip_shuffle,20260623T045004_412043,of:0000000000000008:1 -> of:000000000000000b:6,0.002,0.0025,0.002,0.002,1.86,2026-06-23T04:50:04,0.002,1.9
ip_shuffle,20260623T045004_412043,of:0000000000000004:2 -> of:0000000000000009:2,0.002,0.0025,0.002,0.002,2.56,2026-06-23T04:50:04,0.002,2.56
ip_shuffle,20260623T045004_412043,of:0000000000000002:1 -> of:000000000000000b:4,0.002,0.0025,0.002,0.002,1.96,2026-06-23T04:50:04,0.002,1.96
ip_shuffle,20260623T045004_412043,of:0000000000000009:1 -> of:000000000000000c:6,0.002,0.0025,0.002,0.002,1.93,2026-06-23T04:50:04,0.002,1.96
ip_shuffle,20260623T045102_258101,of:0000000000000004:1 -> of:000000000000000c:4,0.002,0.0025,0.002,0.002,2.1,2026-06-23T04:51:02,0.002,2.1
ip_shuffle,20260623T045102_258101,of:0000000000000005:1 -> of:000000000000000c:5,0.002,0.0025,0.002,0.002,1.5,2026-06-23T04:51:02,0.002,1.5
ip_shuffle,20260623T045102_258101,of:000000000000000a:1 -> of:000000000000000d:6,0.002,0.0025,0.002,0.002,1.53,2026-06-23T04:51:02,0.002,1.53
ip_shuffle,20260623T045102_258101,of:000000000000000b:3 -> of:000000000000000d:2,0.002,0.0025,0.002,0.002,1.73,2026-06-23T04:51:02,0.002,1.73
ip_shuffle,20260623T045102_258101,of:000000000000000c:3 -> of:000000000000000d:3,0.002,0.0025,0.002,0.002,1.73,2026-06-23T04:51:02,0.002,1.73
ip_shuffle,20260623T045102_258101,of:0000000000000005:2 -> of:0000000000000009:3,0.002,0.0025,0.002,0.002,1.66,2026-06-23T04:51:02,0.002,1.66
ip_shuffle,20260623T045102_258101,of:0000000000000001:1 -> of:000000000000000b:1,0.003,0.00375,0.003,0.003,3.6,2026-06-23T04:51:02,0.003,3.6
ip_shuffle,20260623T045102_258101,of:000000000000000b:2 -> of:000000000000000c:2,0.002,0.0025,0.002,0.002,1.73,2026-06-23T04:51:02,0.002,1.73
ip_shuffle,20260623T045102_258101,of:0000000000000001:2 -> of:000000000000000c:1,0.002,0.0025,0.002,0.002,2.13,2026-06-23T04:51:02,0.002,2.13
ip_shuffle,20260623T045102_258101,of:0000000000000006:2 -> of:000000000000000a:2,0.002,0.0025,0.002,0.002,1.66,2026-06-23T04:51:02,0.002,1.66
ip_shuffle,20260623T045102_258101,of:0000000000000001:3 -> of:000000000000000d:1,0.002,0.0025,0.002,0.002,1.66,2026-06-23T04:51:02,0.002,1.66
ip_shuffle,20260623T045102_258101,of:0000000000000003:1 -> of:000000000000000b:5,0.002,0.0025,0.002,0.002,2.56,2026-06-23T04:51:02,0.002,2.56
ip_shuffle,20260623T045102_258101,of:0000000000000006:1 -> of:000000000000000d:4,0.001,0.00125,0.001,0.001,1.46,2026-06-23T04:51:02,0.001,1.46
ip_shuffle,20260623T045102_258101,of:0000000000000007:2 -> of:000000000000000a:3,0.002,0.0025,0.002,0.002,1.66,2026-06-23T04:51:02,0.002,1.66
ip_shuffle,20260623T045102_258101,of:0000000000000007:1 -> of:000000000000000d:5,0.002,0.0025,0.002,0.002,1.6,2026-06-23T04:51:02,0.002,1.6
ip_shuffle,20260623T045102_258101,of:0000000000000002:2 -> of:0000000000000008:2,0.002,0.0025,0.002,0.002,1.73,2026-06-23T04:51:02,0.002,1.73
ip_shuffle,20260623T045102_258101,of:0000000000000003:2 -> of:0000000000000008:3,0.002,0.0025,0.002,0.002,1.73,2026-06-23T04:51:02,0.002,1.73
ip_shuffle,20260623T045102_258101,of:0000000000000008:1 -> of:000000000000000b:6,0.002,0.0025,0.002,0.002,1.53,2026-06-23T04:51:02,0.002,1.53
ip_shuffle,20260623T045102_258101,of:0000000000000004:2 -> of:0000000000000009:2,0.002,0.0025,0.002,0.002,1.66,2026-06-23T04:51:02,0.002,1.66
ip_shuffle,20260623T045102_258101,of:0000000000000002:1 -> of:000000000000000b:4,0.002,0.0025,0.002,0.002,2.56,2026-06-23T04:51:02,0.002,2.56
ip_shuffle,20260623T045102_258101,of:0000000000000009:1 -> of:000000000000000c:6,0.002,0.0025,0.002,0.002,1.53,2026-06-23T04:51:02,0.002,1.53
ip_shuffle,20260623T045212_856241,of:0000000000000004:1 -> of:000000000000000c:4,0.002,0.0025,0.002,0.002,1.57,2026-06-23T04:52:12,0.002,1.5
ip_shuffle,20260623T045212_856241,of:0000000000000005:1 -> of:000000000000000c:5,0.001,0.00125,0.001,0.001,1.47,2026-06-23T04:52:12,0.001,1.4
ip_shuffle,20260623T045212_856241,of:000000000000000a:1 -> of:000000000000000d:6,0.001,0.00125,0.001,0.001,1.4,2026-06-23T04:52:12,0.001,1.43
ip_shuffle,20260623T045212_856241,of:000000000000000b:3 -> of:000000000000000d:2,0.002,0.0025,0.002,0.002,1.57,2026-06-23T04:52:12,0.002,1.57
ip_shuffle,20260623T045212_856241,of:000000000000000c:3 -> of:000000000000000d:3,0.002,0.0025,0.002,0.002,1.57,2026-06-23T04:52:12,0.002,1.57
ip_shuffle,20260623T045212_856241,of:0000000000000005:2 -> of:0000000000000009:3,0.002,0.0025,0.002,0.002,1.6,2026-06-23T04:52:12,0.002,1.6
ip_shuffle,20260623T045212_856241,of:0000000000000001:1 -> of:000000000000000b:1,0.003,0.00375,0.003,0.003,3.5,2026-06-23T04:52:12,0.003,3.36
ip_shuffle,20260623T045212_856241,of:000000000000000b:2 -> of:000000000000000c:2,0.002,0.0025,0.002,0.002,1.6,2026-06-23T04:52:12,0.002,1.6
ip_shuffle,20260623T045212_856241,of:0000000000000001:2 -> of:000000000000000c:1,0.002,0.0025,0.002,0.002,1.5,2026-06-23T04:52:12,0.002,1.57
ip_shuffle,20260623T045212_856241,of:0000000000000006:2 -> of:000000000000000a:2,0.002,0.0025,0.002,0.002,1.6,2026-06-23T04:52:12,0.002,1.6
ip_shuffle,20260623T045212_856241,of:0000000000000001:3 -> of:000000000000000d:1,0.001,0.00125,0.001,0.001,1.43,2026-06-23T04:52:12,0.001,1.47
ip_shuffle,20260623T045212_856241,of:0000000000000003:1 -> of:000000000000000b:5,0.002,0.0025,0.002,0.002,2.33,2026-06-23T04:52:12,0.002,2.46
ip_shuffle,20260623T045212_856241,of:0000000000000006:1 -> of:000000000000000d:4,0.001,0.00125,0.001,0.001,1.4,2026-06-23T04:52:12,0.001,1.37
ip_shuffle,20260623T045212_856241,of:0000000000000007:2 -> of:000000000000000a:3,0.002,0.0025,0.002,0.002,1.6,2026-06-23T04:52:12,0.002,1.6
ip_shuffle,20260623T045212_856241,of:0000000000000007:1 -> of:000000000000000d:5,0.001,0.00125,0.001,0.001,1.4,2026-06-23T04:52:12,0.001,1.37
ip_shuffle,20260623T045212_856241,of:0000000000000002:2 -> of:0000000000000008:2,0.002,0.0025,0.002,0.002,1.67,2026-06-23T04:52:12,0.002,1.67
ip_shuffle,20260623T045212_856241,of:0000000000000003:2 -> of:0000000000000008:3,0.002,0.0025,0.002,0.002,1.67,2026-06-23T04:52:12,0.002,1.67
ip_shuffle,20260623T045212_856241,of:0000000000000008:1 -> of:000000000000000b:6,0.002,0.0025,0.002,0.002,1.47,2026-06-23T04:52:12,0.002,1.47
ip_shuffle,20260623T045212_856241,of:0000000000000004:2 -> of:0000000000000009:2,0.002,0.0025,0.002,0.002,1.6,2026-06-23T04:52:12,0.002,1.6
ip_shuffle,20260623T045212_856241,of:0000000000000002:1 -> of:000000000000000b:4,0.002,0.0025,0.002,0.002,2.56,2026-06-23T04:52:12,0.002,2.5
ip_shuffle,20260623T045212_856241,of:0000000000000009:1 -> of:000000000000000c:6,0.002,0.0025,0.002,0.002,1.47,2026-06-23T04:52:12,0.002,1.47
route_mutation,20260623T045310_550647,of:0000000000000004:1 -> of:000000000000000c:4,0.002,0.0025,0.002,0.002,2.59,2026-06-23T04:53:10,0.002,2.56
route_mutation,20260623T045310_550647,of:0000000000000005:1 -> of:000000000000000c:5,0.002,0.0025,0.002,0.002,2.69,2026-06-23T04:53:10,0.002,2.66
route_mutation,20260623T045310_550647,of:000000000000000a:1 -> of:000000000000000d:6,0.002,0.0025,0.002,0.002,1.83,2026-06-23T04:53:10,0.002,1.83
route_mutation,20260623T045310_550647,of:000000000000000b:3 -> of:000000000000000d:2,0.002,0.0025,0.002,0.002,2.36,2026-06-23T04:53:10,0.002,2.36
route_mutation,20260623T045310_550647,of:000000000000000c:3 -> of:000000000000000d:3,0.002,0.0025,0.002,0.002,2.36,2026-06-23T04:53:10,0.002,2.36
route_mutation,20260623T045310_550647,of:0000000000000005:2 -> of:0000000000000009:3,0.002,0.0025,0.002,0.002,2.4,2026-06-23T04:53:10,0.002,2.4
route_mutation,20260623T045310_550647,of:0000000000000001:1 -> of:000000000000000b:1,0.002,0.0025,0.002,0.002,1.9,2026-06-23T04:53:10,0.002,2.13
route_mutation,20260623T045310_550647,of:000000000000000b:2 -> of:000000000000000c:2,0.002,0.0025,0.002,0.002,2.4,2026-06-23T04:53:10,0.002,2.4
route_mutation,20260623T045310_550647,of:0000000000000001:2 -> of:000000000000000c:1,0.003,0.00375,0.003,0.003,3.43,2026-06-23T04:53:10,0.003,3.46
route_mutation,20260623T045310_550647,of:0000000000000006:2 -> of:000000000000000a:2,0.002,0.0025,0.002,0.002,2.4,2026-06-23T04:53:10,0.002,2.4
route_mutation,20260623T045310_550647,of:0000000000000001:3 -> of:000000000000000d:1,0.003,0.00375,0.003,0.003,3.73,2026-06-23T04:53:10,0.003,3.53
route_mutation,20260623T045310_550647,of:0000000000000003:1 -> of:000000000000000b:5,0.002,0.0025,0.002,0.002,2.13,2026-06-23T04:53:10,0.002,1.9
route_mutation,20260623T045310_550647,of:0000000000000006:1 -> of:000000000000000d:4,0.003,0.00375,0.003,0.003,3.03,2026-06-23T04:53:10,0.003,3.03
route_mutation,20260623T045310_550647,of:0000000000000007:2 -> of:000000000000000a:3,0.002,0.0025,0.002,0.002,2.43,2026-06-23T04:53:10,0.002,2.43
route_mutation,20260623T045310_550647,of:0000000000000007:1 -> of:000000000000000d:5,0.002,0.0025,0.002,0.002,2.56,2026-06-23T04:53:10,0.002,2.76
route_mutation,20260623T045310_550647,of:0000000000000002:2 -> of:0000000000000008:2,0.002,0.0025,0.002,0.002,2.63,2026-06-23T04:53:10,0.002,2.63
route_mutation,20260623T045310_550647,of:0000000000000003:2 -> of:0000000000000008:3,0.002,0.0025,0.002,0.002,2.63,2026-06-23T04:53:10,0.002,2.63
route_mutation,20260623T045310_550647,of:0000000000000008:1 -> of:000000000000000b:6,0.002,0.0025,0.002,0.002,2.06,2026-06-23T04:53:10,0.002,1.93
route_mutation,20260623T045310_550647,of:0000000000000004:2 -> of:0000000000000009:2,0.002,0.0025,0.002,0.002,2.4,2026-06-23T04:53:10,0.002,2.4
route_mutation,20260623T045310_550647,of:0000000000000002:1 -> of:000000000000000b:4,0.002,0.0025,0.002,0.002,1.9,2026-06-23T04:53:10,0.002,1.86
route_mutation,20260623T045310_550647,of:0000000000000009:1 -> of:000000000000000c:6,0.002,0.0025,0.002,0.002,1.83,2026-06-23T04:53:10,0.002,1.86
route_mutation,20260623T045340_885238,of:0000000000000004:1 -> of:000000000000000c:4,0.002,0.0025,0.002,0.002,1.76,2026-06-23T04:53:40,0.002,1.86
route_mutation,20260623T045340_885238,of:0000000000000005:1 -> of:000000000000000c:5,0.002,0.0025,0.002,0.002,1.76,2026-06-23T04:53:40,0.002,1.86
route_mutation,20260623T045340_885238,of:000000000000000a:1 -> of:000000000000000d:6,0.002,0.0025,0.002,0.002,1.9,2026-06-23T04:53:40,0.002,1.86
route_mutation,20260623T045340_885238,of:000000000000000b:3 -> of:000000000000000d:2,0.002,0.0025,0.002,0.002,2.46,2026-06-23T04:53:40,0.002,2.46
route_mutation,20260623T045340_885238,of:000000000000000c:3 -> of:000000000000000d:3,0.002,0.0025,0.002,0.002,2.46,2026-06-23T04:53:40,0.002,2.46
route_mutation,20260623T045340_885238,of:0000000000000005:2 -> of:0000000000000009:3,0.002,0.0025,0.002,0.002,2.4,2026-06-23T04:53:40,0.002,2.4
route_mutation,20260623T045340_885238,of:0000000000000001:1 -> of:000000000000000b:1,0.002,0.0025,0.002,0.002,1.8,2026-06-23T04:53:40,0.002,1.7
route_mutation,20260623T045340_885238,of:000000000000000b:2 -> of:000000000000000c:2,0.002,0.0025,0.002,0.002,2.4,2026-06-23T04:53:40,0.002,2.4
route_mutation,20260623T045340_885238,of:0000000000000001:2 -> of:000000000000000c:1,0.002,0.0025,0.002,0.002,1.8,2026-06-23T04:53:40,0.002,1.7
route_mutation,20260623T045340_885238,of:0000000000000006:2 -> of:000000000000000a:2,0.002,0.0025,0.002,0.002,2.4,2026-06-23T04:53:40,0.002,2.4
route_mutation,20260623T045340_885238,of:0000000000000001:3 -> of:000000000000000d:1,0.003,0.00375,0.003,0.003,3.16,2026-06-23T04:53:40,0.003,3.33
route_mutation,20260623T045340_885238,of:0000000000000003:1 -> of:000000000000000b:5,0.002,0.0025,0.002,0.002,1.7,2026-06-23T04:53:40,0.002,1.8
route_mutation,20260623T045340_885238,of:0000000000000006:1 -> of:000000000000000d:4,0.002,0.0025,0.002,0.002,2.0,2026-06-23T04:53:40,0.002,2.03
route_mutation,20260623T045340_885238,of:0000000000000007:2 -> of:000000000000000a:3,0.002,0.0025,0.002,0.002,2.36,2026-06-23T04:53:40,0.002,2.36
route_mutation,20260623T045340_885238,of:0000000000000007:1 -> of:000000000000000d:5,0.003,0.00375,0.003,0.003,3.19,2026-06-23T04:53:40,0.003,3.03
route_mutation,20260623T045340_885238,of:0000000000000002:2 -> of:0000000000000008:2,0.002,0.0025,0.002,0.002,2.23,2026-06-23T04:53:40,0.002,2.23
route_mutation,20260623T045340_885238,of:0000000000000003:2 -> of:0000000000000008:3,0.002,0.0025,0.002,0.002,2.23,2026-06-23T04:53:40,0.002,2.23
route_mutation,20260623T045340_885238,of:0000000000000008:1 -> of:000000000000000b:6,0.002,0.0025,0.002,0.002,1.73,2026-06-23T04:53:40,0.002,1.86
route_mutation,20260623T045340_885238,of:0000000000000004:2 -> of:0000000000000009:2,0.002,0.0025,0.002,0.002,2.4,2026-06-23T04:53:40,0.002,2.4
route_mutation,20260623T045340_885238,of:0000000000000002:1 -> of:000000000000000b:4,0.002,0.0025,0.002,0.002,1.7,2026-06-23T04:53:40,0.002,1.8
route_mutation,20260623T045340_885238,of:0000000000000009:1 -> of:000000000000000c:6,0.002,0.0025,0.002,0.002,1.83,2026-06-23T04:53:40,0.002,1.8
ip_shuffle,20260623T045411_266115,of:0000000000000004:1 -> of:000000000000000c:4,0.001,0.00125,0.001,0.001,1.37,2026-06-23T04:54:11,0.001,1.37
ip_shuffle,20260623T045411_266115,of:0000000000000005:1 -> of:000000000000000c:5,0.001,0.00125,0.001,0.001,1.37,2026-06-23T04:54:11,0.001,1.37
ip_shuffle,20260623T045411_266115,of:000000000000000a:1 -> of:000000000000000d:6,0.001,0.00125,0.001,0.001,1.37,2026-06-23T04:54:11,0.001,1.37
ip_shuffle,20260623T045411_266115,of:000000000000000b:3 -> of:000000000000000d:2,0.001,0.00125,0.001,0.001,1.46,2026-06-23T04:54:11,0.001,1.46
ip_shuffle,20260623T045411_266115,of:000000000000000c:3 -> of:000000000000000d:3,0.001,0.00125,0.001,0.001,1.46,2026-06-23T04:54:11,0.001,1.46
ip_shuffle,20260623T045411_266115,of:0000000000000005:2 -> of:0000000000000009:3,0.002,0.0025,0.002,0.002,1.6,2026-06-23T04:54:11,0.002,1.6
ip_shuffle,20260623T045411_266115,of:0000000000000001:1 -> of:000000000000000b:1,0.002,0.0025,0.002,0.002,2.6,2026-06-23T04:54:11,0.002,2.6
ip_shuffle,20260623T045411_266115,of:000000000000000b:2 -> of:000000000000000c:2,0.002,0.0025,0.002,0.002,1.53,2026-06-23T04:54:11,0.002,1.53
ip_shuffle,20260623T045411_266115,of:0000000000000001:2 -> of:000000000000000c:1,0.002,0.0025,0.002,0.002,1.43,2026-06-23T04:54:11,0.002,1.43
ip_shuffle,20260623T045411_266115,of:0000000000000006:2 -> of:000000000000000a:2,0.001,0.00125,0.001,0.001,1.46,2026-06-23T04:54:11,0.001,1.46
ip_shuffle,20260623T045411_266115,of:0000000000000001:3 -> of:000000000000000d:1,0.001,0.00125,0.001,0.001,1.37,2026-06-23T04:54:11,0.001,1.37
ip_shuffle,20260623T045411_266115,of:0000000000000003:1 -> of:000000000000000b:5,0.002,0.0025,0.002,0.002,1.6,2026-06-23T04:54:11,0.002,1.6
ip_shuffle,20260623T045411_266115,of:0000000000000006:1 -> of:000000000000000d:4,0.001,0.00125,0.001,0.001,1.3,2026-06-23T04:54:11,0.001,1.3
ip_shuffle,20260623T045411_266115,of:0000000000000007:2 -> of:000000000000000a:3,0.001,0.00125,0.001,0.001,1.46,2026-06-23T04:54:11,0.001,1.46
ip_shuffle,20260623T045411_266115,of:0000000000000007:1 -> of:000000000000000d:5,0.001,0.00125,0.001,0.001,1.3,2026-06-23T04:54:11,0.001,1.3
ip_shuffle,20260623T045411_266115,of:0000000000000002:2 -> of:0000000000000008:2,0.001,0.00125,0.001,0.001,1.46,2026-06-23T04:54:11,0.001,1.46
ip_shuffle,20260623T045411_266115,of:0000000000000003:2 -> of:0000000000000008:3,0.001,0.00125,0.001,0.001,1.46,2026-06-23T04:54:11,0.001,1.46
ip_shuffle,20260623T045411_266115,of:0000000000000008:1 -> of:000000000000000b:6,0.001,0.00125,0.001,0.001,1.37,2026-06-23T04:54:11,0.001,1.37
ip_shuffle,20260623T045411_266115,of:0000000000000004:2 -> of:0000000000000009:2,0.002,0.0025,0.002,0.002,1.6,2026-06-23T04:54:11,0.002,1.6
ip_shuffle,20260623T045411_266115,of:0000000000000002:1 -> of:000000000000000b:4,0.002,0.0025,0.002,0.002,2.43,2026-06-23T04:54:11,0.002,2.43
ip_shuffle,20260623T045411_266115,of:0000000000000009:1 -> of:000000000000000c:6,0.002,0.0025,0.002,0.002,1.56,2026-06-23T04:54:11,0.002,1.56
ip_shuffle,20260623T045515_435024,of:0000000000000004:1 -> of:000000000000000c:4,0.001,0.00125,0.001,0.001,1.3,2026-06-23T04:55:15,0.001,1.43
ip_shuffle,20260623T045515_435024,of:0000000000000005:1 -> of:000000000000000c:5,0.001,0.00125,0.001,0.001,1.3,2026-06-23T04:55:15,0.001,1.43
ip_shuffle,20260623T045515_435024,of:000000000000000a:1 -> of:000000000000000d:6,0.002,0.0025,0.002,0.002,1.56,2026-06-23T04:55:15,0.002,1.56
ip_shuffle,20260623T045515_435024,of:000000000000000b:3 -> of:000000000000000d:2,0.002,0.0025,0.002,0.002,1.6,2026-06-23T04:55:15,0.002,1.6
ip_shuffle,20260623T045515_435024,of:000000000000000c:3 -> of:000000000000000d:3,0.002,0.0025,0.002,0.002,1.6,2026-06-23T04:55:15,0.002,1.6
ip_shuffle,20260623T045515_435024,of:0000000000000005:2 -> of:0000000000000009:3,0.001,0.00125,0.001,0.001,1.33,2026-06-23T04:55:15,0.001,1.33
ip_shuffle,20260623T045515_435024,of:0000000000000001:1 -> of:000000000000000b:1,0.002,0.0025,0.002,0.002,1.5,2026-06-23T04:55:15,0.002,1.4
ip_shuffle,20260623T045515_435024,of:000000000000000b:2 -> of:000000000000000c:2,0.002,0.0025,0.002,0.002,1.66,2026-06-23T04:55:15,0.002,1.66
ip_shuffle,20260623T045515_435024,of:0000000000000001:2 -> of:000000000000000c:1,0.002,0.0025,0.002,0.002,1.5,2026-06-23T04:55:15,0.002,1.4
ip_shuffle,20260623T045515_435024,of:0000000000000006:2 -> of:000000000000000a:2,0.002,0.0025,0.002,0.002,1.6,2026-06-23T04:55:15,0.002,1.6
ip_shuffle,20260623T045515_435024,of:0000000000000001:3 -> of:000000000000000d:1,0.002,0.0025,0.002,0.002,1.66,2026-06-23T04:55:15,0.002,1.83
ip_shuffle,20260623T045515_435024,of:0000000000000003:1 -> of:000000000000000b:5,0.002,0.0025,0.002,0.002,1.4,2026-06-23T04:55:15,0.002,1.5
ip_shuffle,20260623T045515_435024,of:0000000000000006:1 -> of:000000000000000d:4,0.001,0.00125,0.001,0.001,1.23,2026-06-23T04:55:15,0.001,1.36
ip_shuffle,20260623T045515_435024,of:0000000000000007:2 -> of:000000000000000a:3,0.002,0.0025,0.002,0.002,1.6,2026-06-23T04:55:15,0.002,1.6
ip_shuffle,20260623T045515_435024,of:0000000000000007:1 -> of:000000000000000d:5,0.002,0.0025,0.002,0.002,1.73,2026-06-23T04:55:15,0.002,1.53
ip_shuffle,20260623T045515_435024,of:0000000000000002:2 -> of:0000000000000008:2,0.002,0.0025,0.002,0.002,1.43,2026-06-23T04:55:15,0.002,1.43
ip_shuffle,20260623T045515_435024,of:0000000000000003:2 -> of:0000000000000008:3,0.002,0.0025,0.002,0.002,1.43,2026-06-23T04:55:15,0.002,1.43
ip_shuffle,20260623T045515_435024,of:0000000000000008:1 -> of:000000000000000b:6,0.002,0.0025,0.002,0.001,1.36,2026-06-23T04:55:15,0.002,1.5
ip_shuffle,20260623T045515_435024,of:0000000000000004:2 -> of:0000000000000009:2,0.001,0.00125,0.001,0.001,1.33,2026-06-23T04:55:15,0.001,1.33
ip_shuffle,20260623T045515_435024,of:0000000000000002:1 -> of:000000000000000b:4,0.002,0.0025,0.002,0.002,1.4,2026-06-23T04:55:15,0.002,1.5
ip_shuffle,20260623T045515_435024,of:0000000000000009:1 -> of:000000000000000c:6,0.002,0.0025,0.002,0.001,1.36,2026-06-23T04:55:15,0.002,1.5
route_mutation,20260623T045613_161385,of:0000000000000004:1 -> of:000000000000000c:4,0.002,0.0025,0.002,0.002,1.83,2026-06-23T04:56:13,0.002,1.8
route_mutation,20260623T045613_161385,of:0000000000000005:1 -> of:000000000000000c:5,0.002,0.0025,0.002,0.002,2.36,2026-06-23T04:56:13,0.002,2.33
route_mutation,20260623T045613_161385,of:000000000000000a:1 -> of:000000000000000d:6,0.002,0.0025,0.002,0.002,1.73,2026-06-23T04:56:13,0.002,1.7
route_mutation,20260623T045613_161385,of:000000000000000b:3 -> of:000000000000000d:2,0.002,0.0025,0.002,0.002,1.96,2026-06-23T04:56:13,0.002,1.96
route_mutation,20260623T045613_161385,of:000000000000000c:3 -> of:000000000000000d:3,0.002,0.0025,0.002,0.002,2.0,2026-06-23T04:56:13,0.002,2.0
route_mutation,20260623T045613_161385,of:0000000000000005:2 -> of:0000000000000009:3,0.002,0.0025,0.002,0.002,2.13,2026-06-23T04:56:13,0.002,2.13
route_mutation,20260623T045613_161385,of:0000000000000001:1 -> of:000000000000000b:1,0.001,0.00125,0.001,0.001,1.53,2026-06-23T04:56:13,0.001,1.6
route_mutation,20260623T045613_161385,of:000000000000000b:2 -> of:000000000000000c:2,0.002,0.0025,0.002,0.002,1.9,2026-06-23T04:56:13,0.002,1.9
route_mutation,20260623T045613_161385,of:0000000000000001:2 -> of:000000000000000c:1,0.002,0.0025,0.002,0.002,2.5,2026-06-23T04:56:13,0.002,2.53
route_mutation,20260623T045613_161385,of:0000000000000006:2 -> of:000000000000000a:2,0.002,0.0025,0.002,0.002,2.13,2026-06-23T04:56:13,0.002,2.13
route_mutation,20260623T045613_161385,of:0000000000000001:3 -> of:000000000000000d:1,0.002,0.0025,0.002,0.002,2.73,2026-06-23T04:56:13,0.002,2.66
route_mutation,20260623T045613_161385,of:0000000000000003:1 -> of:000000000000000b:5,0.002,0.0025,0.002,0.002,1.66,2026-06-23T04:56:13,0.002,1.6
route_mutation,20260623T045613_161385,of:0000000000000006:1 -> of:000000000000000d:4,0.002,0.0025,0.002,0.002,2.73,2026-06-23T04:56:13,0.002,2.8
route_mutation,20260623T045613_161385,of:0000000000000007:2 -> of:000000000000000a:3,0.002,0.0025,0.002,0.002,2.13,2026-06-23T04:56:13,0.002,2.13
route_mutation,20260623T045613_161385,of:0000000000000007:1 -> of:000000000000000d:5,0.002,0.0025,0.002,0.002,1.73,2026-06-23T04:56:13,0.002,1.7
route_mutation,20260623T045613_161385,of:0000000000000002:2 -> of:0000000000000008:2,0.002,0.0025,0.002,0.002,2.13,2026-06-23T04:56:13,0.002,2.13
route_mutation,20260623T045613_161385,of:0000000000000003:2 -> of:0000000000000008:3,0.002,0.0025,0.002,0.002,2.13,2026-06-23T04:56:13,0.002,2.13
route_mutation,20260623T045613_161385,of:0000000000000008:1 -> of:000000000000000b:6,0.002,0.0025,0.002,0.002,1.66,2026-06-23T04:56:13,0.002,1.6
route_mutation,20260623T045613_161385,of:0000000000000004:2 -> of:0000000000000009:2,0.002,0.0025,0.002,0.002,2.13,2026-06-23T04:56:13,0.002,2.13
route_mutation,20260623T045613_161385,of:0000000000000002:1 -> of:000000000000000b:4,0.002,0.0025,0.002,0.002,1.66,2026-06-23T04:56:13,0.002,1.6
route_mutation,20260623T045613_161385,of:0000000000000009:1 -> of:000000000000000c:6,0.002,0.0025,0.002,0.002,1.66,2026-06-23T04:56:13,0.002,1.63
ip_shuffle,20260623T045643_479986,of:0000000000000004:1 -> of:000000000000000c:4,0.002,0.0025,0.002,0.002,1.76,2026-06-23T04:56:43,0.002,1.7
ip_shuffle,20260623T045643_479986,of:0000000000000005:1 -> of:000000000000000c:5,0.002,0.0025,0.002,0.002,1.76,2026-06-23T04:56:43,0.002,1.7
ip_shuffle,20260623T045643_479986,of:000000000000000a:1 -> of:000000000000000d:6,0.002,0.0025,0.002,0.002,1.8,2026-06-23T04:56:43,0.002,1.7
ip_shuffle,20260623T045643_479986,of:000000000000000b:3 -> of:000000000000000d:2,0.002,0.0025,0.002,0.002,2.16,2026-06-23T04:56:43,0.002,2.16
ip_shuffle,20260623T045643_479986,of:000000000000000c:3 -> of:000000000000000d:3,0.002,0.0025,0.002,0.002,2.13,2026-06-23T04:56:43,0.002,2.13
ip_shuffle,20260623T045643_479986,of:0000000000000005:2 -> of:0000000000000009:3,0.002,0.0025,0.002,0.002,2.3,2026-06-23T04:56:43,0.002,2.3
ip_shuffle,20260623T045643_479986,of:0000000000000001:1 -> of:000000000000000b:1,0.002,0.0025,0.002,0.002,1.8,2026-06-23T04:56:43,0.002,1.83
ip_shuffle,20260623T045643_479986,of:000000000000000b:2 -> of:000000000000000c:2,0.002,0.0025,0.002,0.002,2.23,2026-06-23T04:56:43,0.002,2.23
ip_shuffle,20260623T045643_479986,of:0000000000000001:2 -> of:000000000000000c:1,0.002,0.0025,0.002,0.002,1.76,2026-06-23T04:56:43,0.002,1.83
ip_shuffle,20260623T045643_479986,of:0000000000000006:2 -> of:000000000000000a:2,0.002,0.0025,0.002,0.002,2.33,2026-06-23T04:56:43,0.002,2.33
ip_shuffle,20260623T045643_479986,of:0000000000000001:3 -> of:000000000000000d:1,0.002,0.0025,0.002,0.002,2.66,2026-06-23T04:56:43,0.002,2.6
ip_shuffle,20260623T045643_479986,of:0000000000000003:1 -> of:000000000000000b:5,0.002,0.0025,0.002,0.002,1.76,2026-06-23T04:56:43,0.002,1.73
ip_shuffle,20260623T045643_479986,of:0000000000000006:1 -> of:000000000000000d:4,0.002,0.0025,0.002,0.002,1.86,2026-06-23T04:56:43,0.001,1.66
ip_shuffle,20260623T045643_479986,of:0000000000000007:2 -> of:000000000000000a:3,0.002,0.0025,0.002,0.002,2.33,2026-06-23T04:56:43,0.002,2.33
ip_shuffle,20260623T045643_479986,of:0000000000000007:1 -> of:000000000000000d:5,0.002,0.0025,0.002,0.002,2.46,2026-06-23T04:56:43,0.002,2.7
ip_shuffle,20260623T045643_479986,of:0000000000000002:2 -> of:0000000000000008:2,0.002,0.0025,0.002,0.002,2.3,2026-06-23T04:56:43,0.002,2.3
ip_shuffle,20260623T045643_479986,of:0000000000000003:2 -> of:0000000000000008:3,0.002,0.0025,0.002,0.002,2.3,2026-06-23T04:56:43,0.002,2.3
ip_shuffle,20260623T045643_479986,of:0000000000000008:1 -> of:000000000000000b:6,0.002,0.0025,0.002,0.002,1.86,2026-06-23T04:56:43,0.002,1.8
ip_shuffle,20260623T045643_479986,of:0000000000000004:2 -> of:0000000000000009:2,0.002,0.0025,0.002,0.002,2.3,2026-06-23T04:56:43,0.002,2.3
ip_shuffle,20260623T045643_479986,of:0000000000000002:1 -> of:000000000000000b:4,0.002,0.0025,0.002,0.002,1.76,2026-06-23T04:56:43,0.002,1.73
ip_shuffle,20260623T045643_479986,of:0000000000000009:1 -> of:000000000000000c:6,0.002,0.0025,0.002,0.002,1.86,2026-06-23T04:56:43,0.002,1.76
ip_shuffle,20260623T045741_113030,of:0000000000000004:1 -> of:000000000000000c:4,0.002,0.0025,0.002,0.002,1.5,2026-06-23T04:57:41,0.002,1.6
ip_shuffle,20260623T045741_113030,of:0000000000000005:1 -> of:000000000000000c:5,0.002,0.0025,0.002,0.002,1.5,2026-06-23T04:57:41,0.002,1.6
ip_shuffle,20260623T045741_113030,of:000000000000000a:1 -> of:000000000000000d:6,0.002,0.0025,0.002,0.001,1.4,2026-06-23T04:57:41,0.002,1.53
ip_shuffle,20260623T045741_113030,of:000000000000000b:3 -> of:000000000000000d:2,0.002,0.0025,0.002,0.002,1.93,2026-06-23T04:57:41,0.002,1.93
ip_shuffle,20260623T045741_113030,of:000000000000000c:3 -> of:000000000000000d:3,0.002,0.0025,0.002,0.002,1.86,2026-06-23T04:57:41,0.002,1.86
ip_shuffle,20260623T045741_113030,of:0000000000000005:2 -> of:0000000000000009:3,0.002,0.0025,0.002,0.002,1.56,2026-06-23T04:57:41,0.002,1.56
ip_shuffle,20260623T045741_113030,of:0000000000000001:1 -> of:000000000000000b:1,0.002,0.0025,0.002,0.002,1.66,2026-06-23T04:57:41,0.002,1.56
ip_shuffle,20260623T045741_113030,of:000000000000000b:2 -> of:000000000000000c:2,0.002,0.0025,0.002,0.002,1.93,2026-06-23T04:57:41,0.002,1.93
ip_shuffle,20260623T045741_113030,of:0000000000000001:2 -> of:000000000000000c:1,0.002,0.0025,0.002,0.002,1.6,2026-06-23T04:57:41,0.002,1.5
ip_shuffle,20260623T045741_113030,of:0000000000000006:2 -> of:000000000000000a:2,0.002,0.0025,0.002,0.002,1.53,2026-06-23T04:57:41,0.002,1.53
ip_shuffle,20260623T045741_113030,of:0000000000000001:3 -> of:000000000000000d:1,0.002,0.0025,0.002,0.002,2.66,2026-06-23T04:57:41,0.002,2.8
ip_shuffle,20260623T045741_113030,of:0000000000000003:1 -> of:000000000000000b:5,0.002,0.0025,0.002,0.002,1.56,2026-06-23T04:57:41,0.002,1.66
ip_shuffle,20260623T045741_113030,of:0000000000000006:1 -> of:000000000000000d:4,0.002,0.0025,0.002,0.002,1.46,2026-06-23T04:57:41,0.002,1.6
ip_shuffle,20260623T045741_113030,of:0000000000000007:2 -> of:000000000000000a:3,0.002,0.0025,0.002,0.002,1.53,2026-06-23T04:57:41,0.002,1.53
ip_shuffle,20260623T045741_113030,of:0000000000000007:1 -> of:000000000000000d:5,0.002,0.0025,0.002,0.002,2.73,2026-06-23T04:57:41,0.002,2.53
ip_shuffle,20260623T045741_113030,of:0000000000000002:2 -> of:0000000000000008:2,0.002,0.0025,0.002,0.002,1.56,2026-06-23T04:57:41,0.002,1.56
ip_shuffle,20260623T045741_113030,of:0000000000000003:2 -> of:0000000000000008:3,0.002,0.0025,0.002,0.002,1.56,2026-06-23T04:57:41,0.002,1.56
ip_shuffle,20260623T045741_113030,of:0000000000000008:1 -> of:000000000000000b:6,0.002,0.0025,0.002,0.002,1.46,2026-06-23T04:57:41,0.002,1.6
ip_shuffle,20260623T045741_113030,of:0000000000000004:2 -> of:0000000000000009:2,0.002,0.0025,0.002,0.002,1.56,2026-06-23T04:57:41,0.002,1.56
ip_shuffle,20260623T045741_113030,of:0000000000000002:1 -> of:000000000000000b:4,0.002,0.0025,0.002,0.002,1.56,2026-06-23T04:57:41,0.002,1.66
ip_shuffle,20260623T045741_113030,of:0000000000000009:1 -> of:000000000000000c:6,0.002,0.0025,0.002,0.001,1.4,2026-06-23T04:57:41,0.002,1.53
ip_shuffle,20260623T045838_808046,of:0000000000000004:1 -> of:000000000000000c:4,0.002,0.0025,0.002,0.002,2.16,2026-06-23T04:58:38,0.002,2.13
ip_shuffle,20260623T045838_808046,of:0000000000000005:1 -> of:000000000000000c:5,0.002,0.0025,0.002,0.002,2.7,2026-06-23T04:58:38,0.002,2.66
ip_shuffle,20260623T045838_808046,of:000000000000000a:1 -> of:000000000000000d:6,0.002,0.0025,0.002,0.002,1.96,2026-06-23T04:58:38,0.002,1.9
ip_shuffle,20260623T045838_808046,of:000000000000000b:3 -> of:000000000000000d:2,0.002,0.0025,0.002,0.002,2.6,2026-06-23T04:58:38,0.002,2.6
ip_shuffle,20260623T045838_808046,of:000000000000000c:3 -> of:000000000000000d:3,0.002,0.0025,0.002,0.002,2.53,2026-06-23T04:58:38,0.002,2.53
ip_shuffle,20260623T045838_808046,of:0000000000000005:2 -> of:0000000000000009:3,0.002,0.0025,0.002,0.002,2.63,2026-06-23T04:58:38,0.002,2.63
ip_shuffle,20260623T045838_808046,of:0000000000000001:1 -> of:000000000000000b:1,0.002,0.0025,0.002,0.002,2.03,2026-06-23T04:58:38,0.002,2.06
ip_shuffle,20260623T045838_808046,of:000000000000000b:2 -> of:000000000000000c:2,0.002,0.0025,0.002,0.002,2.66,2026-06-23T04:58:38,0.002,2.66
ip_shuffle,20260623T045838_808046,of:0000000000000001:2 -> of:000000000000000c:1,0.003,0.00375,0.003,0.003,3.03,2026-06-23T04:58:38,0.003,3.13
ip_shuffle,20260623T045838_808046,of:0000000000000006:2 -> of:000000000000000a:2,0.002,0.0025,0.002,0.002,2.66,2026-06-23T04:58:38,0.002,2.66
ip_shuffle,20260623T045838_808046,of:0000000000000001:3 -> of:000000000000000d:1,0.003,0.00375,0.003,0.003,4.16,2026-06-23T04:58:38,0.003,4.03
ip_shuffle,20260623T045838_808046,of:0000000000000003:1 -> of:000000000000000b:5,0.002,0.0025,0.002,0.002,1.93,2026-06-23T04:58:38,0.002,1.96
ip_shuffle,20260623T045838_808046,of:0000000000000006:1 -> of:000000000000000d:4,0.003,0.00375,0.003,0.003,3.66,2026-06-23T04:58:38,0.003,3.53
ip_shuffle,20260623T045838_808046,of:0000000000000007:2 -> of:000000000000000a:3,0.002,0.0025,0.002,0.002,2.73,2026-06-23T04:58:38,0.002,2.73
ip_shuffle,20260623T045838_808046,of:0000000000000007:1 -> of:000000000000000d:5,0.002,0.0025,0.002,0.002,2.26,2026-06-23T04:58:38,0.002,2.46
ip_shuffle,20260623T045838_808046,of:0000000000000002:2 -> of:0000000000000008:2,0.002,0.0025,0.002,0.002,2.63,2026-06-23T04:58:38,0.002,2.63
ip_shuffle,20260623T045838_808046,of:0000000000000003:2 -> of:0000000000000008:3,0.002,0.0025,0.002,0.002,2.63,2026-06-23T04:58:38,0.002,2.63
ip_shuffle,20260623T045838_808046,of:0000000000000008:1 -> of:000000000000000b:6,0.002,0.0025,0.002,0.002,2.03,2026-06-23T04:58:38,0.002,2.03
ip_shuffle,20260623T045838_808046,of:0000000000000004:2 -> of:0000000000000009:2,0.002,0.0025,0.002,0.002,2.63,2026-06-23T04:58:38,0.002,2.63
ip_shuffle,20260623T045838_808046,of:0000000000000002:1 -> of:000000000000000b:4,0.002,0.0025,0.002,0.002,1.93,2026-06-23T04:58:38,0.002,1.96
ip_shuffle,20260623T045838_808046,of:0000000000000009:1 -> of:000000000000000c:6,0.002,0.0025,0.002,0.002,2.03,2026-06-23T04:58:38,0.002,1.96
ip_shuffle,20260623T045936_504148,of:0000000000000004:1 -> of:000000000000000c:4,0.002,0.0025,0.002,0.002,1.53,2026-06-23T04:59:36,0.002,1.5
ip_shuffle,20260623T045936_504148,of:0000000000000005:1 -> of:000000000000000c:5,0.002,0.0025,0.002,0.002,1.53,2026-06-23T04:59:36,0.002,1.5
ip_shuffle,20260623T045936_504148,of:000000000000000a:1 -> of:000000000000000d:6,0.002,0.0025,0.002,0.002,1.53,2026-06-23T04:59:36,0.002,1.5
ip_shuffle,20260623T045936_504148,of:000000000000000b:3 -> of:000000000000000d:2,0.002,0.0025,0.002,0.002,1.73,2026-06-23T04:59:36,0.002,1.73
ip_shuffle,20260623T045936_504148,of:000000000000000c:3 -> of:000000000000000d:3,0.002,0.0025,0.002,0.002,1.66,2026-06-23T04:59:36,0.002,1.66
ip_shuffle,20260623T045936_504148,of:0000000000000005:2 -> of:0000000000000009:3,0.002,0.0025,0.002,0.002,1.7,2026-06-23T04:59:36,0.002,1.7
ip_shuffle,20260623T045936_504148,of:0000000000000001:1 -> of:000000000000000b:1,0.003,0.00375,0.003,0.003,3.36,2026-06-23T04:59:36,0.003,3.43
ip_shuffle,20260623T045936_504148,of:000000000000000b:2 -> of:000000000000000c:2,0.002,0.0025,0.002,0.002,1.7,2026-06-23T04:59:36,0.002,1.7
ip_shuffle,20260623T045936_504148,of:0000000000000001:2 -> of:000000000000000c:1,0.001,0.00125,0.001,0.001,1.43,2026-06-23T04:59:36,0.001,1.43
ip_shuffle,20260623T045936_504148,of:0000000000000006:2 -> of:000000000000000a:2,0.002,0.0025,0.002,0.002,1.73,2026-06-23T04:59:36,0.002,1.73
ip_shuffle,20260623T045936_504148,of:0000000000000001:3 -> of:000000000000000d:1,0.002,0.0025,0.002,0.002,1.9,2026-06-23T04:59:36,0.002,1.96
ip_shuffle,20260623T045936_504148,of:0000000000000003:1 -> of:000000000000000b:5,0.002,0.0025,0.002,0.002,2.46,2026-06-23T04:59:36,0.002,2.4
ip_shuffle,20260623T045936_504148,of:0000000000000006:1 -> of:000000000000000d:4,0.002,0.0025,0.002,0.002,1.53,2026-06-23T04:59:36,0.002,1.5
ip_shuffle,20260623T045936_504148,of:0000000000000007:2 -> of:000000000000000a:3,0.002,0.0025,0.002,0.002,1.73,2026-06-23T04:59:36,0.002,1.73
ip_shuffle,20260623T045936_504148,of:0000000000000007:1 -> of:000000000000000d:5,0.002,0.0025,0.002,0.002,2.03,2026-06-23T04:59:36,0.002,1.93
ip_shuffle,20260623T045936_504148,of:0000000000000002:2 -> of:0000000000000008:2,0.002,0.0025,0.002,0.002,1.7,2026-06-23T04:59:36,0.002,1.7
ip_shuffle,20260623T045936_504148,of:0000000000000003:2 -> of:0000000000000008:3,0.002,0.0025,0.002,0.002,1.7,2026-06-23T04:59:36,0.002,1.7
ip_shuffle,20260623T045936_504148,of:0000000000000008:1 -> of:000000000000000b:6,0.002,0.0025,0.002,0.002,1.53,2026-06-23T04:59:36,0.002,1.53
ip_shuffle,20260623T045936_504148,of:0000000000000004:2 -> of:0000000000000009:2,0.002,0.0025,0.002,0.002,1.7,2026-06-23T04:59:36,0.002,1.7
ip_shuffle,20260623T045936_504148,of:0000000000000002:1 -> of:000000000000000b:4,0.002,0.0025,0.002,0.002,2.53,2026-06-23T04:59:36,0.002,2.56
ip_shuffle,20260623T045936_504148,of:0000000000000009:1 -> of:000000000000000c:6,0.002,0.0025,0.002,0.002,1.53,2026-06-23T04:59:36,0.002,1.5
ip_shuffle,20260623T050034_104960,of:0000000000000004:1 -> of:000000000000000c:4,0.002,0.0025,0.002,0.002,2.2,2026-06-23T05:00:34,0.002,2.29
ip_shuffle,20260623T050034_104960,of:0000000000000005:1 -> of:000000000000000c:5,0.002,0.0025,0.002,0.002,2.2,2026-06-23T05:00:34,0.002,2.29
ip_shuffle,20260623T050034_104960,of:000000000000000a:1 -> of:000000000000000d:6,0.002,0.0025,0.002,0.002,2.06,2026-06-23T05:00:34,0.002,2.16
ip_shuffle,20260623T050034_104960,of:000000000000000b:3 -> of:000000000000000d:2,0.002,0.0025,0.002,0.002,2.96,2026-06-23T05:00:34,0.002,2.96
ip_shuffle,20260623T050034_104960,of:000000000000000c:3 -> of:000000000000000d:3,0.002,0.0025,0.002,0.002,3.19,2026-06-23T05:00:34,0.002,3.19
ip_shuffle,20260623T050034_104960,of:0000000000000005:2 -> of:0000000000000009:3,0.002,0.0025,0.002,0.002,2.86,2026-06-23T05:00:34,0.002,2.86
ip_shuffle,20260623T050034_104960,of:0000000000000001:1 -> of:000000000000000b:1,0.002,0.0025,0.002,0.002,2.06,2026-06-23T05:00:34,0.002,2.06
ip_shuffle,20260623T050034_104960,of:000000000000000b:2 -> of:000000000000000c:2,0.002,0.0025,0.002,0.002,3.03,2026-06-23T05:00:34,0.002,3.03
ip_shuffle,20260623T050034_104960,of:0000000000000001:2 -> of:000000000000000c:1,0.002,0.0025,0.002,0.002,2.29,2026-06-23T05:00:34,0.002,2.2
ip_shuffle,20260623T050034_104960,of:0000000000000006:2 -> of:000000000000000a:2,0.002,0.0025,0.002,0.002,2.86,2026-06-23T05:00:34,0.002,2.86
ip_shuffle,20260623T050034_104960,of:0000000000000001:3 -> of:000000000000000d:1,0.004,0.005,0.004,0.004,4.59,2026-06-23T05:00:34,0.004,4.69
ip_shuffle,20260623T050034_104960,of:0000000000000003:1 -> of:000000000000000b:5,0.002,0.0025,0.002,0.002,2.06,2026-06-23T05:00:34,0.002,2.06
ip_shuffle,20260623T050034_104960,of:0000000000000006:1 -> of:000000000000000d:4,0.002,0.0025,0.002,0.002,3.09,2026-06-23T05:00:34,0.002,2.89
ip_shuffle,20260623T050034_104960,of:0000000000000007:2 -> of:000000000000000a:3,0.002,0.0025,0.002,0.002,2.79,2026-06-23T05:00:34,0.002,2.79
ip_shuffle,20260623T050034_104960,of:0000000000000007:1 -> of:000000000000000d:5,0.003,0.00375,0.003,0.003,3.59,2026-06-23T05:00:34,0.003,3.73
ip_shuffle,20260623T050034_104960,of:0000000000000002:2 -> of:0000000000000008:2,0.002,0.0025,0.002,0.002,2.86,2026-06-23T05:00:34,0.002,2.86
ip_shuffle,20260623T050034_104960,of:0000000000000003:2 -> of:0000000000000008:3,0.002,0.0025,0.002,0.002,2.86,2026-06-23T05:00:34,0.002,2.86
ip_shuffle,20260623T050034_104960,of:0000000000000008:1 -> of:000000000000000b:6,0.002,0.0025,0.002,0.002,2.0,2026-06-23T05:00:34,0.002,2.0
ip_shuffle,20260623T050034_104960,of:0000000000000004:2 -> of:0000000000000009:2,0.002,0.0025,0.002,0.002,2.86,2026-06-23T05:00:34,0.002,2.86
ip_shuffle,20260623T050034_104960,of:0000000000000002:1 -> of:000000000000000b:4,0.002,0.0025,0.002,0.002,2.06,2026-06-23T05:00:34,0.002,2.06
ip_shuffle,20260623T050034_104960,of:0000000000000009:1 -> of:000000000000000c:6,0.002,0.0025,0.002,0.002,2.13,2026-06-23T05:00:34,0.002,2.23
route_mutation,20260623T050138_362016,of:0000000000000004:1 -> of:000000000000000c:4,0.001,0.00125,0.001,0.001,1.36,2026-06-23T05:01:38,0.001,1.36
route_mutation,20260623T050138_362016,of:0000000000000005:1 -> of:000000000000000c:5,0.001,0.00125,0.001,0.001,1.36,2026-06-23T05:01:38,0.001,1.36
route_mutation,20260623T050138_362016,of:000000000000000a:1 -> of:000000000000000d:6,0.002,0.0025,0.002,0.001,1.36,2026-06-23T05:01:38,0.002,1.53
route_mutation,20260623T050138_362016,of:000000000000000b:3 -> of:000000000000000d:2,0.002,0.0025,0.002,0.002,1.63,2026-06-23T05:01:38,0.002,1.63
route_mutation,20260623T050138_362016,of:000000000000000c:3 -> of:000000000000000d:3,0.002,0.0025,0.002,0.002,1.63,2026-06-23T05:01:38,0.002,1.63
route_mutation,20260623T050138_362016,of:0000000000000005:2 -> of:0000000000000009:3,0.001,0.00125,0.001,0.001,1.46,2026-06-23T05:01:38,0.001,1.46
route_mutation,20260623T050138_362016,of:0000000000000001:1 -> of:000000000000000b:1,0.003,0.00375,0.003,0.003,3.33,2026-06-23T05:01:38,0.003,3.3
route_mutation,20260623T050138_362016,of:000000000000000b:2 -> of:000000000000000c:2,0.002,0.0025,0.002,0.002,1.53,2026-06-23T05:01:38,0.002,1.53
route_mutation,20260623T050138_362016,of:0000000000000001:2 -> of:000000000000000c:1,0.002,0.0025,0.002,0.002,1.43,2026-06-23T05:01:38,0.002,1.43
route_mutation,20260623T050138_362016,of:0000000000000006:2 -> of:000000000000000a:2,0.002,0.0025,0.002,0.002,1.53,2026-06-23T05:01:38,0.002,1.53
route_mutation,20260623T050138_362016,of:0000000000000001:3 -> of:000000000000000d:1,0.002,0.0025,0.002,0.002,2.16,2026-06-23T05:01:38,0.002,2.1
route_mutation,20260623T050138_362016,of:0000000000000003:1 -> of:000000000000000b:5,0.002,0.0025,0.002,0.002,2.36,2026-06-23T05:01:38,0.002,2.36
route_mutation,20260623T050138_362016,of:0000000000000006:1 -> of:000000000000000d:4,0.002,0.0025,0.002,0.002,2.06,2026-06-23T05:01:38,0.002,2.16
route_mutation,20260623T050138_362016,of:0000000000000007:2 -> of:000000000000000a:3,0.002,0.0025,0.002,0.002,1.53,2026-06-23T05:01:38,0.002,1.53
route_mutation,20260623T050138_362016,of:0000000000000007:1 -> of:000000000000000d:5,0.002,0.0025,0.002,0.001,1.43,2026-06-23T05:01:38,0.002,1.56
route_mutation,20260623T050138_362016,of:0000000000000002:2 -> of:0000000000000008:2,0.001,0.00125,0.001,0.001,1.46,2026-06-23T05:01:38,0.001,1.46
route_mutation,20260623T050138_362016,of:0000000000000003:2 -> of:0000000000000008:3,0.001,0.00125,0.001,0.001,1.46,2026-06-23T05:01:38,0.001,1.46
route_mutation,20260623T050138_362016,of:0000000000000008:1 -> of:000000000000000b:6,0.002,0.0025,0.002,0.002,1.43,2026-06-23T05:01:38,0.002,1.43
route_mutation,20260623T050138_362016,of:0000000000000004:2 -> of:0000000000000009:2,0.001,0.00125,0.001,0.001,1.46,2026-06-23T05:01:38,0.001,1.46
route_mutation,20260623T050138_362016,of:0000000000000002:1 -> of:000000000000000b:4,0.002,0.0025,0.002,0.002,2.23,2026-06-23T05:01:38,0.002,2.26
route_mutation,20260623T050138_362016,of:0000000000000009:1 -> of:000000000000000c:6,0.002,0.0025,0.002,0.002,1.43,2026-06-23T05:01:38,0.002,1.43
ip_shuffle,20260623T050208_747546,of:0000000000000004:1 -> of:000000000000000c:4,0.002,0.0025,0.002,0.002,2.43,2026-06-23T05:02:08,0.002,2.46
ip_shuffle,20260623T050208_747546,of:0000000000000005:1 -> of:000000000000000c:5,0.002,0.0025,0.002,0.002,2.43,2026-06-23T05:02:08,0.002,2.46
ip_shuffle,20260623T050208_747546,of:000000000000000a:1 -> of:000000000000000d:6,0.002,0.0025,0.002,0.002,1.66,2026-06-23T05:02:08,0.002,1.53
ip_shuffle,20260623T050208_747546,of:000000000000000b:3 -> of:000000000000000d:2,0.002,0.0025,0.002,0.002,1.93,2026-06-23T05:02:08,0.002,1.93
ip_shuffle,20260623T050208_747546,of:000000000000000c:3 -> of:000000000000000d:3,0.002,0.0025,0.002,0.002,1.93,2026-06-23T05:02:08,0.002,1.93
ip_shuffle,20260623T050208_747546,of:0000000000000005:2 -> of:0000000000000009:3,0.002,0.0025,0.002,0.002,2.03,2026-06-23T05:02:08,0.002,2.03
ip_shuffle,20260623T050208_747546,of:0000000000000001:1 -> of:000000000000000b:1,0.002,0.0025,0.002,0.002,1.66,2026-06-23T05:02:08,0.002,1.63
ip_shuffle,20260623T050208_747546,of:000000000000000b:2 -> of:000000000000000c:2,0.002,0.0025,0.002,0.002,2.0,2026-06-23T05:02:08,0.002,2.0
ip_shuffle,20260623T050208_747546,of:0000000000000001:2 -> of:000000000000000c:1,0.003,0.00375,0.003,0.003,3.26,2026-06-23T05:02:08,0.003,3.23
ip_shuffle,20260623T050208_747546,of:0000000000000006:2 -> of:000000000000000a:2,0.002,0.0025,0.002,0.002,2.0,2026-06-23T05:02:08,0.002,2.0
ip_shuffle,20260623T050208_747546,of:0000000000000001:3 -> of:000000000000000d:1,0.002,0.0025,0.002,0.002,2.59,2026-06-23T05:02:08,0.002,2.46
ip_shuffle,20260623T050208_747546,of:0000000000000003:1 -> of:000000000000000b:5,0.002,0.0025,0.002,0.002,1.63,2026-06-23T05:02:08,0.002,1.66
ip_shuffle,20260623T050208_747546,of:0000000000000006:1 -> of:000000000000000d:4,0.002,0.0025,0.002,0.002,2.4,2026-06-23T05:02:08,0.002,2.56
ip_shuffle,20260623T050208_747546,of:0000000000000007:2 -> of:000000000000000a:3,0.002,0.0025,0.002,0.002,2.0,2026-06-23T05:02:08,0.002,2.0
ip_shuffle,20260623T050208_747546,of:0000000000000007:1 -> of:000000000000000d:5,0.002,0.0025,0.002,0.002,1.66,2026-06-23T05:02:08,0.002,1.53
ip_shuffle,20260623T050208_747546,of:0000000000000002:2 -> of:0000000000000008:2,0.002,0.0025,0.002,0.002,2.03,2026-06-23T05:02:08,0.002,2.03
ip_shuffle,20260623T050208_747546,of:0000000000000003:2 -> of:0000000000000008:3,0.002,0.0025,0.002,0.002,2.03,2026-06-23T05:02:08,0.002,2.03
ip_shuffle,20260623T050208_747546,of:0000000000000008:1 -> of:000000000000000b:6,0.001,0.00125,0.001,0.001,1.6,2026-06-23T05:02:08,0.001,1.6
ip_shuffle,20260623T050208_747546,of:0000000000000004:2 -> of:0000000000000009:2,0.002,0.0025,0.002,0.002,2.03,2026-06-23T05:02:08,0.002,2.03
ip_shuffle,20260623T050208_747546,of:0000000000000002:1 -> of:000000000000000b:4,0.002,0.0025,0.002,0.002,1.63,2026-06-23T05:02:08,0.002,1.66
ip_shuffle,20260623T050208_747546,of:0000000000000009:1 -> of:000000000000000c:6,0.001,0.00125,0.001,0.001,1.6,2026-06-23T05:02:08,0.001,1.6
ip_shuffle,20260623T050306_599073,of:0000000000000004:1 -> of:000000000000000c:4,0.001,0.00125,0.001,0.001,1.37,2026-06-23T05:03:06,0.001,1.37
ip_shuffle,20260623T050306_599073,of:0000000000000005:1 -> of:000000000000000c:5,0.001,0.00125,0.001,0.001,1.37,2026-06-23T05:03:06,0.001,1.37
ip_shuffle,20260623T050306_599073,of:000000000000000a:1 -> of:000000000000000d:6,0.001,0.00125,0.001,0.001,1.37,2026-06-23T05:03:06,0.001,1.43
ip_shuffle,20260623T050306_599073,of:000000000000000b:3 -> of:000000000000000d:2,0.002,0.0025,0.002,0.002,1.53,2026-06-23T05:03:06,0.002,1.53
ip_shuffle,20260623T050306_599073,of:000000000000000c:3 -> of:000000000000000d:3,0.002,0.0025,0.002,0.002,1.53,2026-06-23T05:03:06,0.002,1.53
ip_shuffle,20260623T050306_599073,of:0000000000000005:2 -> of:0000000000000009:3,0.001,0.00125,0.001,0.001,1.47,2026-06-23T05:03:06,0.001,1.47
ip_shuffle,20260623T050306_599073,of:0000000000000001:1 -> of:000000000000000b:1,0.002,0.0025,0.002,0.002,2.4,2026-06-23T05:03:06,0.002,2.4
ip_shuffle,20260623T050306_599073,of:000000000000000b:2 -> of:000000000000000c:2,0.002,0.0025,0.002,0.002,1.53,2026-06-23T05:03:06,0.002,1.53
ip_shuffle,20260623T050306_599073,of:0000000000000001:2 -> of:000000000000000c:1,0.002,0.0025,0.002,0.002,1.43,2026-06-23T05:03:06,0.002,1.43
ip_shuffle,20260623T050306_599073,of:0000000000000006:2 -> of:000000000000000a:2,0.002,0.0025,0.002,0.002,1.53,2026-06-23T05:03:06,0.002,1.53
ip_shuffle,20260623T050306_599073,of:0000000000000001:3 -> of:000000000000000d:1,0.002,0.0025,0.002,0.002,1.9,2026-06-23T05:03:06,0.002,2.0
ip_shuffle,20260623T050306_599073,of:0000000000000003:1 -> of:000000000000000b:5,0.001,0.00125,0.001,0.001,1.4,2026-06-23T05:03:06,0.001,1.4
ip_shuffle,20260623T050306_599073,of:0000000000000006:1 -> of:000000000000000d:4,0.001,0.00125,0.001,0.001,1.37,2026-06-23T05:03:06,0.001,1.43
ip_shuffle,20260623T050306_599073,of:0000000000000007:2 -> of:000000000000000a:3,0.002,0.0025,0.002,0.002,1.53,2026-06-23T05:03:06,0.002,1.53
ip_shuffle,20260623T050306_599073,of:0000000000000007:1 -> of:000000000000000d:5,0.002,0.0025,0.002,0.002,1.93,2026-06-23T05:03:06,0.002,1.8
ip_shuffle,20260623T050306_599073,of:0000000000000002:2 -> of:0000000000000008:2,0.001,0.00125,0.001,0.001,1.47,2026-06-23T05:03:06,0.001,1.47
ip_shuffle,20260623T050306_599073,of:0000000000000003:2 -> of:0000000000000008:3,0.001,0.00125,0.001,0.001,1.47,2026-06-23T05:03:06,0.001,1.47
ip_shuffle,20260623T050306_599073,of:0000000000000008:1 -> of:000000000000000b:6,0.002,0.0025,0.002,0.002,1.43,2026-06-23T05:03:06,0.002,1.43
ip_shuffle,20260623T050306_599073,of:0000000000000004:2 -> of:0000000000000009:2,0.001,0.00125,0.001,0.001,1.47,2026-06-23T05:03:06,0.001,1.47
ip_shuffle,20260623T050306_599073,of:0000000000000002:1 -> of:000000000000000b:4,0.002,0.0025,0.002,0.002,2.3,2026-06-23T05:03:06,0.002,2.3
ip_shuffle,20260623T050306_599073,of:0000000000000009:1 -> of:000000000000000c:6,0.002,0.0025,0.002,0.002,1.43,2026-06-23T05:03:06,0.002,1.43
route_mutation,20260623T050417_254616,of:0000000000000004:1 -> of:000000000000000c:4,0.001,0.00125,0.001,0.001,1.4,2026-06-23T05:04:17,0.001,1.37
route_mutation,20260623T050417_254616,of:0000000000000005:1 -> of:000000000000000c:5,0.001,0.00125,0.001,0.001,1.4,2026-06-23T05:04:17,0.001,1.37
route_mutation,20260623T050417_254616,of:000000000000000a:1 -> of:000000000000000d:6,0.001,0.00125,0.001,0.001,1.37,2026-06-23T05:04:17,0.001,1.47
route_mutation,20260623T050417_254616,of:000000000000000b:3 -> of:000000000000000d:2,0.002,0.0025,0.002,0.002,1.57,2026-06-23T05:04:17,0.002,1.57
route_mutation,20260623T050417_254616,of:000000000000000c:3 -> of:000000000000000d:3,0.002,0.0025,0.002,0.002,1.57,2026-06-23T05:04:17,0.002,1.57
route_mutation,20260623T050417_254616,of:0000000000000005:2 -> of:0000000000000009:3,0.001,0.00125,0.001,0.001,1.5,2026-06-23T05:04:17,0.001,1.5
route_mutation,20260623T050417_254616,of:0000000000000001:1 -> of:000000000000000b:1,0.001,0.00125,0.001,0.001,1.37,2026-06-23T05:04:17,0.001,1.43
route_mutation,20260623T050417_254616,of:000000000000000b:2 -> of:000000000000000c:2,0.002,0.0025,0.002,0.002,1.53,2026-06-23T05:04:17,0.002,1.53
route_mutation,20260623T050417_254616,of:0000000000000001:2 -> of:000000000000000c:1,0.001,0.00125,0.001,0.001,1.37,2026-06-23T05:04:17,0.001,1.43
route_mutation,20260623T050417_254616,of:0000000000000006:2 -> of:000000000000000a:2,0.002,0.0025,0.002,0.002,1.57,2026-06-23T05:04:17,0.002,1.57
route_mutation,20260623T050417_254616,of:0000000000000001:3 -> of:000000000000000d:1,0.002,0.0025,0.002,0.002,2.03,2026-06-23T05:04:17,0.002,2.13
route_mutation,20260623T050417_254616,of:0000000000000003:1 -> of:000000000000000b:5,0.001,0.00125,0.001,0.001,1.4,2026-06-23T05:04:17,0.001,1.37
route_mutation,20260623T050417_254616,of:0000000000000006:1 -> of:000000000000000d:4,0.001,0.00125,0.001,0.001,1.4,2026-06-23T05:04:17,0.001,1.47
route_mutation,20260623T050417_254616,of:0000000000000007:2 -> of:000000000000000a:3,0.002,0.0025,0.002,0.002,1.53,2026-06-23T05:04:17,0.002,1.53
route_mutation,20260623T050417_254616,of:0000000000000007:1 -> of:000000000000000d:5,0.002,0.0025,0.002,0.002,2.16,2026-06-23T05:04:17,0.002,2.0
route_mutation,20260623T050417_254616,of:0000000000000002:2 -> of:0000000000000008:2,0.001,0.00125,0.001,0.001,1.5,2026-06-23T05:04:17,0.001,1.5
route_mutation,20260623T050417_254616,of:0000000000000003:2 -> of:0000000000000008:3,0.001,0.00125,0.001,0.001,1.5,2026-06-23T05:04:17,0.001,1.5
route_mutation,20260623T050417_254616,of:0000000000000008:1 -> of:000000000000000b:6,0.002,0.0025,0.002,0.002,1.43,2026-06-23T05:04:17,0.002,1.43
route_mutation,20260623T050417_254616,of:0000000000000004:2 -> of:0000000000000009:2,0.001,0.00125,0.001,0.001,1.5,2026-06-23T05:04:17,0.001,1.5
route_mutation,20260623T050417_254616,of:0000000000000002:1 -> of:000000000000000b:4,0.001,0.00125,0.001,0.001,1.4,2026-06-23T05:04:17,0.001,1.37
route_mutation,20260623T050417_254616,of:0000000000000009:1 -> of:000000000000000c:6,0.002,0.0025,0.002,0.002,1.43,2026-06-23T05:04:17,0.002,1.43
route_mutation,20260623T050447_551443,of:0000000000000004:1 -> of:000000000000000c:4,0.002,0.0025,0.002,0.002,1.53,2026-06-23T05:04:47,0.002,1.53
route_mutation,20260623T050447_551443,of:0000000000000005:1 -> of:000000000000000c:5,0.002,0.0025,0.002,0.002,1.53,2026-06-23T05:04:47,0.002,1.53
route_mutation,20260623T050447_551443,of:000000000000000a:1 -> of:000000000000000d:6,0.001,0.00125,0.001,0.001,1.47,2026-06-23T05:04:47,0.001,1.47
route_mutation,20260623T050447_551443,of:000000000000000b:3 -> of:000000000000000d:2,0.002,0.0025,0.002,0.002,1.66,2026-06-23T05:04:47,0.002,1.66
route_mutation,20260623T050447_551443,of:000000000000000c:3 -> of:000000000000000d:3,0.002,0.0025,0.002,0.002,1.73,2026-06-23T05:04:47,0.002,1.73
route_mutation,20260623T050447_551443,of:0000000000000005:2 -> of:0000000000000009:3,0.002,0.0025,0.002,0.002,1.66,2026-06-23T05:04:47,0.002,1.66
route_mutation,20260623T050447_551443,of:0000000000000001:1 -> of:000000000000000b:1,0.003,0.00375,0.003,0.003,3.5,2026-06-23T05:04:47,0.003,3.5
route_mutation,20260623T050447_551443,of:000000000000000b:2 -> of:000000000000000c:2,0.002,0.0025,0.002,0.002,1.66,2026-06-23T05:04:47,0.002,1.66
route_mutation,20260623T050447_551443,of:0000000000000001:2 -> of:000000000000000c:1,0.002,0.0025,0.002,0.002,1.53,2026-06-23T05:04:47,0.002,1.53
route_mutation,20260623T050447_551443,of:0000000000000006:2 -> of:000000000000000a:2,0.001,0.00125,0.001,0.001,1.6,2026-06-23T05:04:47,0.001,1.6
route_mutation,20260623T050447_551443,of:0000000000000001:3 -> of:000000000000000d:1,0.002,0.0025,0.002,0.002,1.53,2026-06-23T05:04:47,0.002,1.53
route_mutation,20260623T050447_551443,of:0000000000000003:1 -> of:000000000000000b:5,0.002,0.0025,0.002,0.002,2.46,2026-06-23T05:04:47,0.002,2.46
route_mutation,20260623T050447_551443,of:0000000000000006:1 -> of:000000000000000d:4,0.001,0.00125,0.001,0.001,1.47,2026-06-23T05:04:47,0.001,1.47
route_mutation,20260623T050447_551443,of:0000000000000007:2 -> of:000000000000000a:3,0.001,0.00125,0.001,0.001,1.6,2026-06-23T05:04:47,0.001,1.6
route_mutation,20260623T050447_551443,of:0000000000000007:1 -> of:000000000000000d:5,0.001,0.00125,0.001,0.001,1.47,2026-06-23T05:04:47,0.001,1.47
route_mutation,20260623T050447_551443,of:0000000000000002:2 -> of:0000000000000008:2,0.002,0.0025,0.002,0.002,1.66,2026-06-23T05:04:47,0.002,1.66
route_mutation,20260623T050447_551443,of:0000000000000003:2 -> of:0000000000000008:3,0.002,0.0025,0.002,0.002,1.66,2026-06-23T05:04:47,0.002,1.66
route_mutation,20260623T050447_551443,of:0000000000000008:1 -> of:000000000000000b:6,0.001,0.00125,0.001,0.001,1.4,2026-06-23T05:04:47,0.001,1.4
route_mutation,20260623T050447_551443,of:0000000000000004:2 -> of:0000000000000009:2,0.002,0.0025,0.002,0.002,1.66,2026-06-23T05:04:47,0.002,1.66
route_mutation,20260623T050447_551443,of:0000000000000002:1 -> of:000000000000000b:4,0.002,0.0025,0.002,0.002,2.5,2026-06-23T05:04:47,0.002,2.5
route_mutation,20260623T050447_551443,of:0000000000000009:1 -> of:000000000000000c:6,0.001,0.00125,0.001,0.001,1.47,2026-06-23T05:04:47,0.001,1.47
route_mutation,20260623T050517_908978,of:0000000000000004:1 -> of:000000000000000c:4,0.002,0.0025,0.002,0.002,2.46,2026-06-23T05:05:17,0.002,2.5
route_mutation,20260623T050517_908978,of:0000000000000005:1 -> of:000000000000000c:5,0.002,0.0025,0.002,0.002,2.46,2026-06-23T05:05:17,0.002,2.5
route_mutation,20260623T050517_908978,of:000000000000000a:1 -> of:000000000000000d:6,0.002,0.0025,0.002,0.002,1.76,2026-06-23T05:05:17,0.002,1.63
route_mutation,20260623T050517_908978,of:000000000000000b:3 -> of:000000000000000d:2,0.002,0.0025,0.002,0.002,2.06,2026-06-23T05:05:17,0.002,2.06
route_mutation,20260623T050517_908978,of:000000000000000c:3 -> of:000000000000000d:3,0.002,0.0025,0.002,0.002,2.0,2026-06-23T05:05:17,0.002,2.0
route_mutation,20260623T050517_908978,of:0000000000000005:2 -> of:0000000000000009:3,0.002,0.0025,0.002,0.002,2.16,2026-06-23T05:05:17,0.002,2.16
route_mutation,20260623T050517_908978,of:0000000000000001:1 -> of:000000000000000b:1,0.002,0.0025,0.002,0.002,1.76,2026-06-23T05:05:17,0.002,1.7
route_mutation,20260623T050517_908978,of:000000000000000b:2 -> of:000000000000000c:2,0.002,0.0025,0.002,0.002,2.13,2026-06-23T05:05:17,0.002,2.13
route_mutation,20260623T050517_908978,of:0000000000000001:2 -> of:000000000000000c:1,0.003,0.00375,0.003,0.003,3.3,2026-06-23T05:05:17,0.003,3.23
route_mutation,20260623T050517_908978,of:0000000000000006:2 -> of:000000000000000a:2,0.002,0.0025,0.002,0.002,2.16,2026-06-23T05:05:17,0.002,2.16
route_mutation,20260623T050517_908978,of:0000000000000001:3 -> of:000000000000000d:1,0.002,0.0025,0.002,0.002,2.63,2026-06-23T05:05:17,0.002,2.53
route_mutation,20260623T050517_908978,of:0000000000000003:1 -> of:000000000000000b:5,0.002,0.0025,0.002,0.002,1.73,2026-06-23T05:05:17,0.002,1.76
route_mutation,20260623T050517_908978,of:0000000000000006:1 -> of:000000000000000d:4,0.002,0.0025,0.002,0.002,2.53,2026-06-23T05:05:17,0.002,2.66
route_mutation,20260623T050517_908978,of:0000000000000007:2 -> of:000000000000000a:3,0.002,0.0025,0.002,0.002,2.16,2026-06-23T05:05:17,0.002,2.16
route_mutation,20260623T050517_908978,of:0000000000000007:1 -> of:000000000000000d:5,0.002,0.0025,0.002,0.002,1.73,2026-06-23T05:05:17,0.002,1.63
route_mutation,20260623T050517_908978,of:0000000000000002:2 -> of:0000000000000008:2,0.002,0.0025,0.002,0.002,2.16,2026-06-23T05:05:17,0.002,2.16
route_mutation,20260623T050517_908978,of:0000000000000003:2 -> of:0000000000000008:3,0.002,0.0025,0.002,0.002,2.16,2026-06-23T05:05:17,0.002,2.16
route_mutation,20260623T050517_908978,of:0000000000000008:1 -> of:000000000000000b:6,0.002,0.0025,0.002,0.002,1.76,2026-06-23T05:05:17,0.002,1.76
route_mutation,20260623T050517_908978,of:0000000000000004:2 -> of:0000000000000009:2,0.002,0.0025,0.002,0.002,2.16,2026-06-23T05:05:17,0.002,2.16
route_mutation,20260623T050517_908978,of:0000000000000002:1 -> of:000000000000000b:4,0.002,0.0025,0.002,0.002,1.73,2026-06-23T05:05:17,0.002,1.76
route_mutation,20260623T050517_908978,of:0000000000000009:1 -> of:000000000000000c:6,0.002,0.0025,0.002,0.002,1.7,2026-06-23T05:05:17,0.002,1.7
ip_shuffle,20260623T050548_097879,of:0000000000000004:1 -> of:000000000000000c:4,0.002,0.0025,0.002,0.002,1.76,2026-06-23T05:05:48,0.002,1.73
ip_shuffle,20260623T050548_097879,of:0000000000000005:1 -> of:000000000000000c:5,0.002,0.0025,0.002,0.002,1.76,2026-06-23T05:05:48,0.002,1.73
ip_shuffle,20260623T050548_097879,of:000000000000000a:1 -> of:000000000000000d:6,0.002,0.0025,0.002,0.002,1.86,2026-06-23T05:05:48,0.002,2.0
ip_shuffle,20260623T050548_097879,of:000000000000000b:3 -> of:000000000000000d:2,0.002,0.0025,0.002,0.002,2.46,2026-06-23T05:05:48,0.002,2.46
ip_shuffle,20260623T050548_097879,of:000000000000000c:3 -> of:000000000000000d:3,0.002,0.0025,0.002,0.002,2.46,2026-06-23T05:05:48,0.002,2.46
ip_shuffle,20260623T050548_097879,of:0000000000000005:2 -> of:0000000000000009:3,0.002,0.0025,0.002,0.002,2.23,2026-06-23T05:05:48,0.002,2.23
ip_shuffle,20260623T050548_097879,of:0000000000000001:1 -> of:000000000000000b:1,0.002,0.0025,0.002,0.002,1.73,2026-06-23T05:05:48,0.002,1.8
ip_shuffle,20260623T050548_097879,of:000000000000000b:2 -> of:000000000000000c:2,0.002,0.0025,0.002,0.002,2.26,2026-06-23T05:05:48,0.002,2.26
ip_shuffle,20260623T050548_097879,of:0000000000000001:2 -> of:000000000000000c:1,0.002,0.0025,0.002,0.002,1.73,2026-06-23T05:05:48,0.002,1.8
ip_shuffle,20260623T050548_097879,of:0000000000000006:2 -> of:000000000000000a:2,0.002,0.0025,0.002,0.002,2.3,2026-06-23T05:05:48,0.002,2.3
ip_shuffle,20260623T050548_097879,of:0000000000000001:3 -> of:000000000000000d:1,0.003,0.00375,0.003,0.003,3.53,2026-06-23T05:05:48,0.003,3.63
ip_shuffle,20260623T050548_097879,of:0000000000000003:1 -> of:000000000000000b:5,0.002,0.0025,0.002,0.002,1.76,2026-06-23T05:05:48,0.002,1.73
ip_shuffle,20260623T050548_097879,of:0000000000000006:1 -> of:000000000000000d:4,0.002,0.0025,0.002,0.002,2.3,2026-06-23T05:05:48,0.002,2.16
ip_shuffle,20260623T050548_097879,of:0000000000000007:2 -> of:000000000000000a:3,0.002,0.0025,0.002,0.002,2.3,2026-06-23T05:05:48,0.002,2.3
ip_shuffle,20260623T050548_097879,of:0000000000000007:1 -> of:000000000000000d:5,0.003,0.00375,0.003,0.003,3.3,2026-06-23T05:05:48,0.003,3.4
ip_shuffle,20260623T050548_097879,of:0000000000000002:2 -> of:0000000000000008:2,0.002,0.0025,0.002,0.002,2.23,2026-06-23T05:05:48,0.002,2.23
ip_shuffle,20260623T050548_097879,of:0000000000000003:2 -> of:0000000000000008:3,0.002,0.0025,0.002,0.002,2.23,2026-06-23T05:05:48,0.002,2.23
ip_shuffle,20260623T050548_097879,of:0000000000000008:1 -> of:000000000000000b:6,0.002,0.0025,0.002,0.002,1.8,2026-06-23T05:05:48,0.002,1.8
ip_shuffle,20260623T050548_097879,of:0000000000000004:2 -> of:0000000000000009:2,0.002,0.0025,0.002,0.002,2.23,2026-06-23T05:05:48,0.002,2.23
ip_shuffle,20260623T050548_097879,of:0000000000000002:1 -> of:000000000000000b:4,0.002,0.0025,0.002,0.002,1.76,2026-06-23T05:05:48,0.002,1.73
ip_shuffle,20260623T050548_097879,of:0000000000000009:1 -> of:000000000000000c:6,0.002,0.0025,0.002,0.002,1.8,2026-06-23T05:05:48,0.002,1.8
ip_shuffle,20260623T050645_983758,of:0000000000000004:1 -> of:000000000000000c:4,0.002,0.0025,0.002,0.002,2.16,2026-06-23T05:06:45,0.002,2.2
ip_shuffle,20260623T050645_983758,of:0000000000000005:1 -> of:000000000000000c:5,0.002,0.0025,0.002,0.002,2.16,2026-06-23T05:06:45,0.002,2.2
ip_shuffle,20260623T050645_983758,of:000000000000000a:1 -> of:000000000000000d:6,0.001,0.00125,0.001,0.001,1.4,2026-06-23T05:06:45,0.001,1.43
ip_shuffle,20260623T050645_983758,of:000000000000000b:3 -> of:000000000000000d:2,0.001,0.00125,0.001,0.001,1.5,2026-06-23T05:06:45,0.001,1.5
ip_shuffle,20260623T050645_983758,of:000000000000000c:3 -> of:000000000000000d:3,0.001,0.00125,0.001,0.001,1.5,2026-06-23T05:06:45,0.001,1.5
ip_shuffle,20260623T050645_983758,of:0000000000000005:2 -> of:0000000000000009:3,0.002,0.0025,0.002,0.002,1.56,2026-06-23T05:06:45,0.002,1.56
ip_shuffle,20260623T050645_983758,of:0000000000000001:1 -> of:000000000000000b:1,0.003,0.00375,0.003,0.003,3.03,2026-06-23T05:06:45,0.003,3.0
ip_shuffle,20260623T050645_983758,of:000000000000000b:2 -> of:000000000000000c:2,0.001,0.00125,0.001,0.001,1.47,2026-06-23T05:06:45,0.001,1.47
ip_shuffle,20260623T050645_983758,of:0000000000000001:2 -> of:000000000000000c:1,0.003,0.00375,0.003,0.003,3.0,2026-06-23T05:06:45,0.003,2.96
ip_shuffle,20260623T050645_983758,of:0000000000000006:2 -> of:000000000000000a:2,0.002,0.0025,0.002,0.002,1.56,2026-06-23T05:06:45,0.002,1.56
ip_shuffle,20260623T050645_983758,of:0000000000000001:3 -> of:000000000000000d:1,0.002,0.0025,0.002,0.002,1.53,2026-06-23T05:06:45,0.002,1.56
ip_shuffle,20260623T050645_983758,of:0000000000000003:1 -> of:000000000000000b:5,0.002,0.0025,0.002,0.002,2.4,2026-06-23T05:06:45,0.002,2.43
ip_shuffle,20260623T050645_983758,of:0000000000000006:1 -> of:000000000000000d:4,0.002,0.0025,0.002,0.002,1.6,2026-06-23T05:06:45,0.002,1.56
ip_shuffle,20260623T050645_983758,of:0000000000000007:2 -> of:000000000000000a:3,0.002,0.0025,0.002,0.002,1.6,2026-06-23T05:06:45,0.002,1.6
ip_shuffle,20260623T050645_983758,of:0000000000000007:1 -> of:000000000000000d:5,0.001,0.00125,0.001,0.001,1.4,2026-06-23T05:06:45,0.001,1.43
ip_shuffle,20260623T050645_983758,of:0000000000000002:2 -> of:0000000000000008:2,0.002,0.0025,0.002,0.002,1.56,2026-06-23T05:06:45,0.002,1.56
ip_shuffle,20260623T050645_983758,of:0000000000000003:2 -> of:0000000000000008:3,0.002,0.0025,0.002,0.002,1.56,2026-06-23T05:06:45,0.002,1.56
ip_shuffle,20260623T050645_983758,of:0000000000000008:1 -> of:000000000000000b:6,0.001,0.00125,0.001,0.001,1.4,2026-06-23T05:06:45,0.001,1.4
ip_shuffle,20260623T050645_983758,of:0000000000000004:2 -> of:0000000000000009:2,0.002,0.0025,0.002,0.002,1.56,2026-06-23T05:06:45,0.002,1.56
ip_shuffle,20260623T050645_983758,of:0000000000000002:1 -> of:000000000000000b:4,0.002,0.0025,0.002,0.002,1.96,2026-06-23T05:06:45,0.002,2.0
ip_shuffle,20260623T050645_983758,of:0000000000000009:1 -> of:000000000000000c:6,0.001,0.00125,0.001,0.001,1.4,2026-06-23T05:06:45,0.001,1.4
ip_shuffle,20260623T050743_655490,of:0000000000000004:1 -> of:000000000000000c:4,0.002,0.0025,0.002,0.002,2.23,2026-06-23T05:07:43,0.002,2.2
ip_shuffle,20260623T050743_655490,of:0000000000000005:1 -> of:000000000000000c:5,0.002,0.0025,0.002,0.002,2.23,2026-06-23T05:07:43,0.002,2.2
ip_shuffle,20260623T050743_655490,of:000000000000000a:1 -> of:000000000000000d:6,0.002,0.0025,0.002,0.002,2.2,2026-06-23T05:07:43,0.002,2.16
ip_shuffle,20260623T050743_655490,of:000000000000000b:3 -> of:000000000000000d:2,0.002,0.0025,0.002,0.002,3.03,2026-06-23T05:07:43,0.002,3.03
ip_shuffle,20260623T050743_655490,of:000000000000000c:3 -> of:000000000000000d:3,0.002,0.0025,0.002,0.002,3.03,2026-06-23T05:07:43,0.002,3.03
ip_shuffle,20260623T050743_655490,of:0000000000000005:2 -> of:0000000000000009:3,0.002,0.0025,0.002,0.002,3.1,2026-06-23T05:07:43,0.002,3.1
ip_shuffle,20260623T050743_655490,of:0000000000000001:1 -> of:000000000000000b:1,0.002,0.0025,0.002,0.002,2.13,2026-06-23T05:07:43,0.002,2.16
ip_shuffle,20260623T050743_655490,of:000000000000000b:2 -> of:000000000000000c:2,0.002,0.0025,0.002,0.002,3.06,2026-06-23T05:07:43,0.002,3.06
ip_shuffle,20260623T050743_655490,of:0000000000000001:2 -> of:000000000000000c:1,0.002,0.0025,0.002,0.002,2.13,2026-06-23T05:07:43,0.002,2.16
ip_shuffle,20260623T050743_655490,of:0000000000000006:2 -> of:000000000000000a:2,0.002,0.0025,0.002,0.002,3.1,2026-06-23T05:07:43,0.002,3.1
ip_shuffle,20260623T050743_655490,of:0000000000000001:3 -> of:000000000000000d:1,0.004,0.005,0.004,0.004,5.06,2026-06-23T05:07:43,0.004,5.03
ip_shuffle,20260623T050743_655490,of:0000000000000003:1 -> of:000000000000000b:5,0.002,0.0025,0.002,0.002,2.16,2026-06-23T05:07:43,0.002,2.13
ip_shuffle,20260623T050743_655490,of:0000000000000006:1 -> of:000000000000000d:4,0.003,0.00375,0.003,0.003,3.76,2026-06-23T05:07:43,0.003,3.8
ip_shuffle,20260623T050743_655490,of:0000000000000007:2 -> of:000000000000000a:3,0.002,0.0025,0.002,0.002,3.06,2026-06-23T05:07:43,0.002,3.06
ip_shuffle,20260623T050743_655490,of:0000000000000007:1 -> of:000000000000000d:5,0.003,0.00375,0.003,0.003,3.53,2026-06-23T05:07:43,0.003,3.5
ip_shuffle,20260623T050743_655490,of:0000000000000002:2 -> of:0000000000000008:2,0.002,0.0025,0.002,0.002,3.03,2026-06-23T05:07:43,0.002,3.03
ip_shuffle,20260623T050743_655490,of:0000000000000003:2 -> of:0000000000000008:3,0.002,0.0025,0.002,0.002,3.03,2026-06-23T05:07:43,0.002,3.03
ip_shuffle,20260623T050743_655490,of:0000000000000008:1 -> of:000000000000000b:6,0.002,0.0025,0.002,0.002,2.2,2026-06-23T05:07:43,0.002,2.2
ip_shuffle,20260623T050743_655490,of:0000000000000004:2 -> of:0000000000000009:2,0.002,0.0025,0.002,0.002,3.1,2026-06-23T05:07:43,0.002,3.1
ip_shuffle,20260623T050743_655490,of:0000000000000002:1 -> of:000000000000000b:4,0.002,0.0025,0.002,0.002,2.16,2026-06-23T05:07:43,0.002,2.13
ip_shuffle,20260623T050743_655490,of:0000000000000009:1 -> of:000000000000000c:6,0.002,0.0025,0.002,0.002,2.2,2026-06-23T05:07:43,0.002,2.2
ip_shuffle,20260623T050847_922147,of:0000000000000004:1 -> of:000000000000000c:4,0.002,0.0025,0.002,0.002,2.06,2026-06-23T05:08:47,0.002,2.1
ip_shuffle,20260623T050847_922147,of:0000000000000005:1 -> of:000000000000000c:5,0.002,0.0025,0.002,0.002,2.33,2026-06-23T05:08:47,0.002,2.36
ip_shuffle,20260623T050847_922147,of:000000000000000a:1 -> of:000000000000000d:6,0.002,0.0025,0.002,0.002,2.1,2026-06-23T05:08:47,0.002,2.13
ip_shuffle,20260623T050847_922147,of:000000000000000b:3 -> of:000000000000000d:2,0.002,0.0025,0.002,0.002,2.9,2026-06-23T05:08:47,0.002,2.9
ip_shuffle,20260623T050847_922147,of:000000000000000c:3 -> of:000000000000000d:3,0.002,0.0025,0.002,0.002,2.9,2026-06-23T05:08:47,0.002,2.9
ip_shuffle,20260623T050847_922147,of:0000000000000005:2 -> of:0000000000000009:3,0.002,0.0025,0.002,0.002,2.83,2026-06-23T05:08:47,0.002,2.83
ip_shuffle,20260623T050847_922147,of:0000000000000001:1 -> of:000000000000000b:1,0.002,0.0025,0.002,0.002,2.03,2026-06-23T05:08:47,0.002,1.96
ip_shuffle,20260623T050847_922147,of:000000000000000b:2 -> of:000000000000000c:2,0.002,0.0025,0.002,0.002,2.86,2026-06-23T05:08:47,0.002,2.86
ip_shuffle,20260623T050847_922147,of:0000000000000001:2 -> of:000000000000000c:1,0.002,0.0025,0.002,0.002,2.36,2026-06-23T05:08:47,0.002,2.3
ip_shuffle,20260623T050847_922147,of:0000000000000006:2 -> of:000000000000000a:2,0.002,0.0025,0.002,0.002,2.83,2026-06-23T05:08:47,0.002,2.83
ip_shuffle,20260623T050847_922147,of:0000000000000001:3 -> of:000000000000000d:1,0.003,0.00375,0.003,0.003,4.23,2026-06-23T05:08:47,0.003,4.36
ip_shuffle,20260623T050847_922147,of:0000000000000003:1 -> of:000000000000000b:5,0.002,0.0025,0.002,0.002,2.0,2026-06-23T05:08:47,0.002,2.03
ip_shuffle,20260623T050847_922147,of:0000000000000006:1 -> of:000000000000000d:4,0.003,0.00375,0.003,0.003,3.26,2026-06-23T05:08:47,0.003,3.33
ip_shuffle,20260623T050847_922147,of:0000000000000007:2 -> of:000000000000000a:3,0.002,0.0025,0.002,0.002,2.83,2026-06-23T05:08:47,0.002,2.83
ip_shuffle,20260623T050847_922147,of:0000000000000007:1 -> of:000000000000000d:5,0.003,0.00375,0.003,0.003,3.3,2026-06-23T05:08:47,0.003,3.23
ip_shuffle,20260623T050847_922147,of:0000000000000002:2 -> of:0000000000000008:2,0.002,0.0025,0.002,0.002,2.76,2026-06-23T05:08:47,0.002,2.76
ip_shuffle,20260623T050847_922147,of:0000000000000003:2 -> of:0000000000000008:3,0.002,0.0025,0.002,0.002,2.76,2026-06-23T05:08:47,0.002,2.76
ip_shuffle,20260623T050847_922147,of:0000000000000008:1 -> of:000000000000000b:6,0.002,0.0025,0.002,0.002,2.1,2026-06-23T05:08:47,0.002,2.1
ip_shuffle,20260623T050847_922147,of:0000000000000004:2 -> of:0000000000000009:2,0.002,0.0025,0.002,0.002,2.83,2026-06-23T05:08:47,0.002,2.83
ip_shuffle,20260623T050847_922147,of:0000000000000002:1 -> of:000000000000000b:4,0.002,0.0025,0.002,0.002,2.0,2026-06-23T05:08:47,0.002,2.03
ip_shuffle,20260623T050847_922147,of:0000000000000009:1 -> of:000000000000000c:6,0.002,0.0025,0.002,0.002,2.1,2026-06-23T05:08:47,0.002,2.1
ip_shuffle,20260623T050952_086279,of:0000000000000004:1 -> of:000000000000000c:4,0.001,0.00125,0.001,0.001,1.43,2026-06-23T05:09:52,0.001,1.47
ip_shuffle,20260623T050952_086279,of:0000000000000005:1 -> of:000000000000000c:5,0.001,0.00125,0.001,0.001,1.43,2026-06-23T05:09:52,0.001,1.47
ip_shuffle,20260623T050952_086279,of:000000000000000a:1 -> of:000000000000000d:6,0.001,0.00125,0.001,0.001,1.4,2026-06-23T05:09:52,0.001,1.4
ip_shuffle,20260623T050952_086279,of:000000000000000b:3 -> of:000000000000000d:2,0.001,0.00125,0.001,0.001,1.6,2026-06-23T05:09:52,0.001,1.6
ip_shuffle,20260623T050952_086279,of:000000000000000c:3 -> of:000000000000000d:3,0.001,0.00125,0.001,0.001,1.6,2026-06-23T05:09:52,0.001,1.6
ip_shuffle,20260623T050952_086279,of:0000000000000005:2 -> of:0000000000000009:3,0.002,0.0025,0.002,0.002,1.63,2026-06-23T05:09:52,0.002,1.63
ip_shuffle,20260623T050952_086279,of:0000000000000001:1 -> of:000000000000000b:1,0.003,0.00375,0.003,0.003,3.26,2026-06-23T05:09:52,0.003,3.33
ip_shuffle,20260623T050952_086279,of:000000000000000b:2 -> of:000000000000000c:2,0.001,0.00125,0.001,0.001,1.6,2026-06-23T05:09:52,0.001,1.6
ip_shuffle,20260623T050952_086279,of:0000000000000001:2 -> of:000000000000000c:1,0.001,0.00125,0.001,0.001,1.47,2026-06-23T05:09:52,0.001,1.4
ip_shuffle,20260623T050952_086279,of:0000000000000006:2 -> of:000000000000000a:2,0.002,0.0025,0.002,0.002,1.63,2026-06-23T05:09:52,0.002,1.63
ip_shuffle,20260623T050952_086279,of:0000000000000001:3 -> of:000000000000000d:1,0.001,0.00125,0.001,0.001,1.47,2026-06-23T05:09:52,0.001,1.4
ip_shuffle,20260623T050952_086279,of:0000000000000003:1 -> of:000000000000000b:5,0.002,0.0025,0.002,0.002,2.36,2026-06-23T05:09:52,0.002,2.33
ip_shuffle,20260623T050952_086279,of:0000000000000006:1 -> of:000000000000000d:4,0.001,0.00125,0.001,0.001,1.43,2026-06-23T05:09:52,0.001,1.47
ip_shuffle,20260623T050952_086279,of:0000000000000007:2 -> of:000000000000000a:3,0.002,0.0025,0.002,0.002,1.63,2026-06-23T05:09:52,0.002,1.63
ip_shuffle,20260623T050952_086279,of:0000000000000007:1 -> of:000000000000000d:5,0.001,0.00125,0.001,0.001,1.47,2026-06-23T05:09:52,0.001,1.47
ip_shuffle,20260623T050952_086279,of:0000000000000002:2 -> of:0000000000000008:2,0.002,0.0025,0.002,0.002,1.7,2026-06-23T05:09:52,0.002,1.7
ip_shuffle,20260623T050952_086279,of:0000000000000003:2 -> of:0000000000000008:3,0.002,0.0025,0.002,0.002,1.7,2026-06-23T05:09:52,0.002,1.7
ip_shuffle,20260623T050952_086279,of:0000000000000008:1 -> of:000000000000000b:6,0.001,0.00125,0.001,0.001,1.47,2026-06-23T05:09:52,0.001,1.47
ip_shuffle,20260623T050952_086279,of:0000000000000004:2 -> of:0000000000000009:2,0.002,0.0025,0.002,0.002,1.63,2026-06-23T05:09:52,0.002,1.63
ip_shuffle,20260623T050952_086279,of:0000000000000002:1 -> of:000000000000000b:4,0.002,0.0025,0.002,0.002,2.43,2026-06-23T05:09:52,0.002,2.46
ip_shuffle,20260623T050952_086279,of:0000000000000009:1 -> of:000000000000000c:6,0.001,0.00125,0.001,0.001,1.4,2026-06-23T05:09:52,0.001,1.4
route_mutation,20260623T051049_838975,of:0000000000000004:1 -> of:000000000000000c:4,0.002,0.0025,0.002,0.002,1.96,2026-06-23T05:10:49,0.002,1.96
route_mutation,20260623T051049_838975,of:0000000000000005:1 -> of:000000000000000c:5,0.002,0.0025,0.002,0.002,1.96,2026-06-23T05:10:49,0.002,1.96
route_mutation,20260623T051049_838975,of:000000000000000a:1 -> of:000000000000000d:6,0.002,0.0025,0.002,0.002,2.03,2026-06-23T05:10:49,0.002,2.0
route_mutation,20260623T051049_838975,of:000000000000000b:3 -> of:000000000000000d:2,0.002,0.0025,0.002,0.002,2.7,2026-06-23T05:10:49,0.002,2.7
route_mutation,20260623T051049_838975,of:000000000000000c:3 -> of:000000000000000d:3,0.002,0.0025,0.002,0.002,2.7,2026-06-23T05:10:49,0.002,2.7
route_mutation,20260623T051049_838975,of:0000000000000005:2 -> of:0000000000000009:3,0.002,0.0025,0.002,0.002,2.66,2026-06-23T05:10:49,0.002,2.66
route_mutation,20260623T051049_838975,of:0000000000000001:1 -> of:000000000000000b:1,0.002,0.0025,0.002,0.002,2.03,2026-06-23T05:10:49,0.002,2.06
route_mutation,20260623T051049_838975,of:000000000000000b:2 -> of:000000000000000c:2,0.002,0.0025,0.002,0.002,2.73,2026-06-23T05:10:49,0.002,2.73
route_mutation,20260623T051049_838975,of:0000000000000001:2 -> of:000000000000000c:1,0.002,0.0025,0.002,0.002,2.03,2026-06-23T05:10:49,0.002,2.06
route_mutation,20260623T051049_838975,of:0000000000000006:2 -> of:000000000000000a:2,0.002,0.0025,0.002,0.002,2.66,2026-06-23T05:10:49,0.002,2.66
route_mutation,20260623T051049_838975,of:0000000000000001:3 -> of:000000000000000d:1,0.003,0.00375,0.003,0.003,4.1,2026-06-23T05:10:49,0.003,4.0
route_mutation,20260623T051049_838975,of:0000000000000003:1 -> of:000000000000000b:5,0.002,0.0025,0.002,0.002,2.03,2026-06-23T05:10:49,0.002,2.03
route_mutation,20260623T051049_838975,of:0000000000000006:1 -> of:000000000000000d:4,0.002,0.0025,0.002,0.002,2.56,2026-06-23T05:10:49,0.002,2.63
route_mutation,20260623T051049_838975,of:0000000000000007:2 -> of:000000000000000a:3,0.002,0.0025,0.002,0.002,2.66,2026-06-23T05:10:49,0.002,2.66
route_mutation,20260623T051049_838975,of:0000000000000007:1 -> of:000000000000000d:5,0.003,0.00375,0.003,0.003,3.33,2026-06-23T05:10:49,0.003,3.3
route_mutation,20260623T051049_838975,of:0000000000000002:2 -> of:0000000000000008:2,0.002,0.0025,0.002,0.002,2.66,2026-06-23T05:10:49,0.002,2.66
route_mutation,20260623T051049_838975,of:0000000000000003:2 -> of:0000000000000008:3,0.002,0.0025,0.002,0.002,2.66,2026-06-23T05:10:49,0.002,2.66
route_mutation,20260623T051049_838975,of:0000000000000008:1 -> of:000000000000000b:6,0.002,0.0025,0.002,0.002,1.96,2026-06-23T05:10:49,0.002,1.96
route_mutation,20260623T051049_838975,of:0000000000000004:2 -> of:0000000000000009:2,0.002,0.0025,0.002,0.002,2.66,2026-06-23T05:10:49,0.002,2.66
route_mutation,20260623T051049_838975,of:0000000000000002:1 -> of:000000000000000b:4,0.002,0.0025,0.002,0.002,2.03,2026-06-23T05:10:49,0.002,2.03
route_mutation,20260623T051049_838975,of:0000000000000009:1 -> of:000000000000000c:6,0.002,0.0025,0.002,0.002,2.03,2026-06-23T05:10:49,0.002,2.03
route_mutation,20260623T051120_171814,of:0000000000000004:1 -> of:000000000000000c:4,0.001,0.00125,0.001,0.001,1.37,2026-06-23T05:11:20,0.001,1.37
route_mutation,20260623T051120_171814,of:0000000000000005:1 -> of:000000000000000c:5,0.001,0.00125,0.001,0.001,1.37,2026-06-23T05:11:20,0.001,1.37
route_mutation,20260623T051120_171814,of:000000000000000a:1 -> of:000000000000000d:6,0.001,0.00125,0.001,0.001,1.3,2026-06-23T05:11:20,0.001,1.3
route_mutation,20260623T051120_171814,of:000000000000000b:3 -> of:000000000000000d:2,0.001,0.00125,0.001,0.001,1.4,2026-06-23T05:11:20,0.001,1.4
route_mutation,20260623T051120_171814,of:000000000000000c:3 -> of:000000000000000d:3,0.001,0.00125,0.001,0.001,1.4,2026-06-23T05:11:20,0.001,1.4
route_mutation,20260623T051120_171814,of:0000000000000005:2 -> of:0000000000000009:3,0.001,0.00125,0.001,0.001,1.47,2026-06-23T05:11:20,0.001,1.47
route_mutation,20260623T051120_171814,of:0000000000000001:1 -> of:000000000000000b:1,0.002,0.0025,0.002,0.002,1.73,2026-06-23T05:11:20,0.002,1.76
route_mutation,20260623T051120_171814,of:000000000000000b:2 -> of:000000000000000c:2,0.001,0.00125,0.001,0.001,1.4,2026-06-23T05:11:20,0.001,1.4
route_mutation,20260623T051120_171814,of:0000000000000001:2 -> of:000000000000000c:1,0.001,0.00125,0.001,0.001,1.37,2026-06-23T05:11:20,0.001,1.37
route_mutation,20260623T051120_171814,of:0000000000000006:2 -> of:000000000000000a:2,0.001,0.00125,0.001,0.001,1.47,2026-06-23T05:11:20,0.001,1.47
route_mutation,20260623T051120_171814,of:0000000000000001:3 -> of:000000000000000d:1,0.001,0.00125,0.001,0.001,1.37,2026-06-23T05:11:20,0.001,1.37
route_mutation,20260623T051120_171814,of:0000000000000003:1 -> of:000000000000000b:5,0.001,0.00125,0.001,0.001,1.37,2026-06-23T05:11:20,0.001,1.37
route_mutation,20260623T051120_171814,of:0000000000000006:1 -> of:000000000000000d:4,0.001,0.00125,0.001,0.001,1.37,2026-06-23T05:11:20,0.001,1.37
route_mutation,20260623T051120_171814,of:0000000000000007:2 -> of:000000000000000a:3,0.001,0.00125,0.001,0.001,1.47,2026-06-23T05:11:20,0.001,1.47
route_mutation,20260623T051120_171814,of:0000000000000007:1 -> of:000000000000000d:5,0.001,0.00125,0.001,0.001,1.37,2026-06-23T05:11:20,0.001,1.37
route_mutation,20260623T051120_171814,of:0000000000000002:2 -> of:0000000000000008:2,0.002,0.0025,0.002,0.002,1.53,2026-06-23T05:11:20,0.002,1.53
route_mutation,20260623T051120_171814,of:0000000000000003:2 -> of:0000000000000008:3,0.002,0.0025,0.002,0.002,1.53,2026-06-23T05:11:20,0.002,1.53
route_mutation,20260623T051120_171814,of:0000000000000008:1 -> of:000000000000000b:6,0.001,0.00125,0.001,0.001,1.37,2026-06-23T05:11:20,0.001,1.37
route_mutation,20260623T051120_171814,of:0000000000000004:2 -> of:0000000000000009:2,0.001,0.00125,0.001,0.001,1.47,2026-06-23T05:11:20,0.001,1.47
route_mutation,20260623T051120_171814,of:0000000000000002:1 -> of:000000000000000b:4,0.002,0.0025,0.002,0.002,1.8,2026-06-23T05:11:20,0.002,1.8
route_mutation,20260623T051120_171814,of:0000000000000009:1 -> of:000000000000000c:6,0.001,0.00125,0.001,0.001,1.3,2026-06-23T05:11:20,0.001,1.3
route_mutation,20260623T051150_481113,of:0000000000000004:1 -> of:000000000000000c:4,0.002,0.0025,0.002,0.002,2.23,2026-06-23T05:11:50,0.002,2.23
route_mutation,20260623T051150_481113,of:0000000000000005:1 -> of:000000000000000c:5,0.002,0.0025,0.002,0.002,1.56,2026-06-23T05:11:50,0.002,1.56
route_mutation,20260623T051150_481113,of:000000000000000a:1 -> of:000000000000000d:6,0.002,0.0025,0.002,0.002,1.43,2026-06-23T05:11:50,0.002,1.43
route_mutation,20260623T051150_481113,of:000000000000000b:3 -> of:000000000000000d:2,0.002,0.0025,0.002,0.002,1.53,2026-06-23T05:11:50,0.002,1.53
route_mutation,20260623T051150_481113,of:000000000000000c:3 -> of:000000000000000d:3,0.002,0.0025,0.002,0.002,1.53,2026-06-23T05:11:50,0.002,1.53
route_mutation,20260623T051150_481113,of:0000000000000005:2 -> of:0000000000000009:3,0.002,0.0025,0.002,0.002,1.53,2026-06-23T05:11:50,0.002,1.53
route_mutation,20260623T051150_481113,of:0000000000000001:1 -> of:000000000000000b:1,0.003,0.00375,0.003,0.003,3.03,2026-06-23T05:11:50,0.003,3.0
route_mutation,20260623T051150_481113,of:000000000000000b:2 -> of:000000000000000c:2,0.002,0.0025,0.002,0.002,1.53,2026-06-23T05:11:50,0.002,1.53
route_mutation,20260623T051150_481113,of:0000000000000001:2 -> of:000000000000000c:1,0.002,0.0025,0.002,0.002,2.23,2026-06-23T05:11:50,0.002,2.23
route_mutation,20260623T051150_481113,of:0000000000000006:2 -> of:000000000000000a:2,0.002,0.0025,0.002,0.002,1.53,2026-06-23T05:11:50,0.002,1.53
route_mutation,20260623T051150_481113,of:0000000000000001:3 -> of:000000000000000d:1,0.001,0.00125,0.001,0.001,1.37,2026-06-23T05:11:50,0.001,1.37
route_mutation,20260623T051150_481113,of:0000000000000003:1 -> of:000000000000000b:5,0.002,0.0025,0.002,0.002,2.36,2026-06-23T05:11:50,0.002,2.36
route_mutation,20260623T051150_481113,of:0000000000000006:1 -> of:000000000000000d:4,0.002,0.0025,0.002,0.002,1.43,2026-06-23T05:11:50,0.002,1.43
route_mutation,20260623T051150_481113,of:0000000000000007:2 -> of:000000000000000a:3,0.002,0.0025,0.002,0.002,1.53,2026-06-23T05:11:50,0.002,1.53
route_mutation,20260623T051150_481113,of:0000000000000007:1 -> of:000000000000000d:5,0.002,0.0025,0.002,0.002,1.43,2026-06-23T05:11:50,0.002,1.43
route_mutation,20260623T051150_481113,of:0000000000000002:2 -> of:0000000000000008:2,0.001,0.00125,0.001,0.001,1.46,2026-06-23T05:11:50,0.001,1.46
route_mutation,20260623T051150_481113,of:0000000000000003:2 -> of:0000000000000008:3,0.001,0.00125,0.001,0.001,1.46,2026-06-23T05:11:50,0.001,1.46
route_mutation,20260623T051150_481113,of:0000000000000008:1 -> of:000000000000000b:6,0.002,0.0025,0.002,0.002,1.43,2026-06-23T05:11:50,0.002,1.43
route_mutation,20260623T051150_481113,of:0000000000000004:2 -> of:0000000000000009:2,0.002,0.0025,0.002,0.002,1.53,2026-06-23T05:11:50,0.002,1.53
route_mutation,20260623T051150_481113,of:0000000000000002:1 -> of:000000000000000b:4,0.002,0.0025,0.002,0.002,1.96,2026-06-23T05:11:50,0.002,1.96
route_mutation,20260623T051150_481113,of:0000000000000009:1 -> of:000000000000000c:6,0.002,0.0025,0.002,0.002,1.43,2026-06-23T05:11:50,0.002,1.43
ip_shuffle,20260623T051220_806730,of:0000000000000004:1 -> of:000000000000000c:4,0.002,0.0025,0.002,0.002,1.9,2026-06-23T05:12:20,0.002,1.93
ip_shuffle,20260623T051220_806730,of:0000000000000005:1 -> of:000000000000000c:5,0.002,0.0025,0.002,0.002,2.56,2026-06-23T05:12:20,0.002,2.6
ip_shuffle,20260623T051220_806730,of:000000000000000a:1 -> of:000000000000000d:6,0.002,0.0025,0.002,0.002,2.0,2026-06-23T05:12:20,0.002,2.03
ip_shuffle,20260623T051220_806730,of:000000000000000b:3 -> of:000000000000000d:2,0.002,0.0025,0.002,0.002,2.7,2026-06-23T05:12:20,0.002,2.7
ip_shuffle,20260623T051220_806730,of:000000000000000c:3 -> of:000000000000000d:3,0.002,0.0025,0.002,0.002,2.7,2026-06-23T05:12:20,0.002,2.7
ip_shuffle,20260623T051220_806730,of:0000000000000005:2 -> of:0000000000000009:3,0.002,0.0025,0.002,0.002,2.56,2026-06-23T05:12:20,0.002,2.56
ip_shuffle,20260623T051220_806730,of:0000000000000001:1 -> of:000000000000000b:1,0.002,0.0025,0.002,0.002,2.0,2026-06-23T05:12:20,0.002,1.93
ip_shuffle,20260623T051220_806730,of:000000000000000b:2 -> of:000000000000000c:2,0.002,0.0025,0.002,0.002,2.66,2026-06-23T05:12:20,0.002,2.66
ip_shuffle,20260623T051220_806730,of:0000000000000001:2 -> of:000000000000000c:1,0.002,0.0025,0.002,0.002,2.73,2026-06-23T05:12:20,0.002,2.66
ip_shuffle,20260623T051220_806730,of:0000000000000006:2 -> of:000000000000000a:2,0.002,0.0025,0.002,0.002,2.56,2026-06-23T05:12:20,0.002,2.56
ip_shuffle,20260623T051220_806730,of:0000000000000001:3 -> of:000000000000000d:1,0.003,0.00375,0.003,0.003,3.86,2026-06-23T05:12:20,0.003,3.93
ip_shuffle,20260623T051220_806730,of:0000000000000003:1 -> of:000000000000000b:5,0.002,0.0025,0.002,0.002,1.96,2026-06-23T05:12:20,0.002,2.0
ip_shuffle,20260623T051220_806730,of:0000000000000006:1 -> of:000000000000000d:4,0.003,0.00375,0.003,0.003,3.1,2026-06-23T05:12:20,0.003,3.16
ip_shuffle,20260623T051220_806730,of:0000000000000007:2 -> of:000000000000000a:3,0.002,0.0025,0.002,0.002,2.6,2026-06-23T05:12:20,0.002,2.6
ip_shuffle,20260623T051220_806730,of:0000000000000007:1 -> of:000000000000000d:5,0.002,0.0025,0.002,0.002,2.76,2026-06-23T05:12:20,0.002,2.73
ip_shuffle,20260623T051220_806730,of:0000000000000002:2 -> of:0000000000000008:2,0.002,0.0025,0.002,0.002,2.63,2026-06-23T05:12:20,0.002,2.63
ip_shuffle,20260623T051220_806730,of:0000000000000003:2 -> of:0000000000000008:3,0.002,0.0025,0.002,0.002,2.63,2026-06-23T05:12:20,0.002,2.63
ip_shuffle,20260623T051220_806730,of:0000000000000008:1 -> of:000000000000000b:6,0.002,0.0025,0.002,0.002,2.0,2026-06-23T05:12:20,0.002,2.0
ip_shuffle,20260623T051220_806730,of:0000000000000004:2 -> of:0000000000000009:2,0.002,0.0025,0.002,0.002,2.56,2026-06-23T05:12:20,0.002,2.56
ip_shuffle,20260623T051220_806730,of:0000000000000002:1 -> of:000000000000000b:4,0.002,0.0025,0.002,0.002,1.96,2026-06-23T05:12:20,0.002,2.0
ip_shuffle,20260623T051220_806730,of:0000000000000009:1 -> of:000000000000000c:6,0.002,0.0025,0.002,0.002,2.0,2026-06-23T05:12:20,0.002,2.0
ip_shuffle,20260623T051318_563314,of:0000000000000004:1 -> of:000000000000000c:4,0.002,0.0025,0.002,0.002,1.79,2026-06-23T05:13:18,0.002,1.79
ip_shuffle,20260623T051318_563314,of:0000000000000005:1 -> of:000000000000000c:5,0.002,0.0025,0.002,0.002,1.53,2026-06-23T05:13:18,0.002,1.53
ip_shuffle,20260623T051318_563314,of:000000000000000a:1 -> of:000000000000000d:6,0.001,0.00125,0.001,0.001,1.46,2026-06-23T05:13:18,0.001,1.46
ip_shuffle,20260623T051318_563314,of:000000000000000b:3 -> of:000000000000000d:2,0.002,0.0025,0.002,0.002,1.66,2026-06-23T05:13:18,0.002,1.66
ip_shuffle,20260623T051318_563314,of:000000000000000c:3 -> of:000000000000000d:3,0.002,0.0025,0.002,0.002,1.66,2026-06-23T05:13:18,0.002,1.66
ip_shuffle,20260623T051318_563314,of:0000000000000005:2 -> of:0000000000000009:3,0.002,0.0025,0.002,0.002,1.73,2026-06-23T05:13:18,0.002,1.73
ip_shuffle,20260623T051318_563314,of:0000000000000001:1 -> of:000000000000000b:1,0.003,0.00375,0.003,0.003,3.45,2026-06-23T05:13:18,0.003,3.45
ip_shuffle,20260623T051318_563314,of:000000000000000b:2 -> of:000000000000000c:2,0.002,0.0025,0.002,0.002,1.73,2026-06-23T05:13:18,0.002,1.73
ip_shuffle,20260623T051318_563314,of:0000000000000001:2 -> of:000000000000000c:1,0.002,0.0025,0.002,0.002,1.66,2026-06-23T05:13:18,0.002,1.66
ip_shuffle,20260623T051318_563314,of:0000000000000006:2 -> of:000000000000000a:2,0.002,0.0025,0.002,0.002,1.73,2026-06-23T05:13:18,0.002,1.73
ip_shuffle,20260623T051318_563314,of:0000000000000001:3 -> of:000000000000000d:1,0.001,0.00125,0.001,0.001,1.39,2026-06-23T05:13:18,0.001,1.39
ip_shuffle,20260623T051318_563314,of:0000000000000003:1 -> of:000000000000000b:5,0.002,0.0025,0.002,0.002,2.49,2026-06-23T05:13:18,0.002,2.49
ip_shuffle,20260623T051318_563314,of:0000000000000006:1 -> of:000000000000000d:4,0.001,0.00125,0.001,0.001,1.46,2026-06-23T05:13:18,0.001,1.46
ip_shuffle,20260623T051318_563314,of:0000000000000007:2 -> of:000000000000000a:3,0.002,0.0025,0.002,0.002,1.73,2026-06-23T05:13:18,0.002,1.73
ip_shuffle,20260623T051318_563314,of:0000000000000007:1 -> of:000000000000000d:5,0.001,0.00125,0.001,0.001,1.46,2026-06-23T05:13:18,0.001,1.46
ip_shuffle,20260623T051318_563314,of:0000000000000002:2 -> of:0000000000000008:2,0.002,0.0025,0.002,0.002,1.73,2026-06-23T05:13:18,0.002,1.73
ip_shuffle,20260623T051318_563314,of:0000000000000003:2 -> of:0000000000000008:3,0.002,0.0025,0.002,0.002,1.73,2026-06-23T05:13:18,0.002,1.73
ip_shuffle,20260623T051318_563314,of:0000000000000008:1 -> of:000000000000000b:6,0.002,0.0025,0.002,0.002,1.53,2026-06-23T05:13:18,0.002,1.53
ip_shuffle,20260623T051318_563314,of:0000000000000004:2 -> of:0000000000000009:2,0.002,0.0025,0.002,0.002,1.73,2026-06-23T05:13:18,0.002,1.73
ip_shuffle,20260623T051318_563314,of:0000000000000002:1 -> of:000000000000000b:4,0.002,0.0025,0.002,0.002,2.56,2026-06-23T05:13:18,0.002,2.56
ip_shuffle,20260623T051318_563314,of:0000000000000009:1 -> of:000000000000000c:6,0.002,0.0025,0.002,0.002,1.53,2026-06-23T05:13:18,0.002,1.53
route_mutation,20260623T051422_497155,of:0000000000000004:1 -> of:000000000000000c:4,0.002,0.0025,0.002,0.002,1.77,2026-06-23T05:14:22,0.002,1.7
route_mutation,20260623T051422_497155,of:0000000000000005:1 -> of:000000000000000c:5,0.002,0.0025,0.002,0.002,1.77,2026-06-23T05:14:22,0.002,1.7
route_mutation,20260623T051422_497155,of:000000000000000a:1 -> of:000000000000000d:6,0.002,0.0025,0.002,0.002,1.73,2026-06-23T05:14:22,0.002,1.7
route_mutation,20260623T051422_497155,of:000000000000000b:3 -> of:000000000000000d:2,0.002,0.0025,0.002,0.002,2.16,2026-06-23T05:14:22,0.002,2.16
route_mutation,20260623T051422_497155,of:000000000000000c:3 -> of:000000000000000d:3,0.002,0.0025,0.002,0.002,2.13,2026-06-23T05:14:22,0.002,2.13
route_mutation,20260623T051422_497155,of:0000000000000005:2 -> of:0000000000000009:3,0.002,0.0025,0.002,0.002,2.23,2026-06-23T05:14:22,0.002,2.23
route_mutation,20260623T051422_497155,of:0000000000000001:1 -> of:000000000000000b:1,0.002,0.0025,0.002,0.002,1.73,2026-06-23T05:14:22,0.002,1.77
route_mutation,20260623T051422_497155,of:000000000000000b:2 -> of:000000000000000c:2,0.002,0.0025,0.002,0.002,2.1,2026-06-23T05:14:22,0.002,2.1
route_mutation,20260623T051422_497155,of:0000000000000001:2 -> of:000000000000000c:1,0.002,0.0025,0.002,0.002,1.7,2026-06-23T05:14:22,0.002,1.77
route_mutation,20260623T051422_497155,of:0000000000000006:2 -> of:000000000000000a:2,0.002,0.0025,0.002,0.002,2.2,2026-06-23T05:14:22,0.002,2.2
route_mutation,20260623T051422_497155,of:0000000000000001:3 -> of:000000000000000d:1,0.003,0.00375,0.003,0.003,3.03,2026-06-23T05:14:22,0.002,2.93
route_mutation,20260623T051422_497155,of:0000000000000003:1 -> of:000000000000000b:5,0.002,0.0025,0.002,0.002,1.77,2026-06-23T05:14:22,0.002,1.73
route_mutation,20260623T051422_497155,of:0000000000000006:1 -> of:000000000000000d:4,0.002,0.0025,0.002,0.002,1.8,2026-06-23T05:14:22,0.002,1.77
route_mutation,20260623T051422_497155,of:0000000000000007:2 -> of:000000000000000a:3,0.002,0.0025,0.002,0.002,2.2,2026-06-23T05:14:22,0.002,2.2
route_mutation,20260623T051422_497155,of:0000000000000007:1 -> of:000000000000000d:5,0.002,0.0025,0.002,0.002,2.86,2026-06-23T05:14:22,0.002,2.9
route_mutation,20260623T051422_497155,of:0000000000000002:2 -> of:0000000000000008:2,0.002,0.0025,0.002,0.002,2.23,2026-06-23T05:14:22,0.002,2.23
route_mutation,20260623T051422_497155,of:0000000000000003:2 -> of:0000000000000008:3,0.002,0.0025,0.002,0.002,2.23,2026-06-23T05:14:22,0.002,2.23
route_mutation,20260623T051422_497155,of:0000000000000008:1 -> of:000000000000000b:6,0.001,0.00125,0.001,0.001,1.67,2026-06-23T05:14:22,0.001,1.67
route_mutation,20260623T051422_497155,of:0000000000000004:2 -> of:0000000000000009:2,0.002,0.0025,0.002,0.002,2.23,2026-06-23T05:14:22,0.002,2.23
route_mutation,20260623T051422_497155,of:0000000000000002:1 -> of:000000000000000b:4,0.002,0.0025,0.002,0.002,1.77,2026-06-23T05:14:22,0.002,1.73
route_mutation,20260623T051422_497155,of:0000000000000009:1 -> of:000000000000000c:6,0.001,0.00125,0.001,0.001,1.67,2026-06-23T05:14:22,0.001,1.63
ip_shuffle,20260623T051452_813968,of:0000000000000004:1 -> of:000000000000000c:4,0.002,0.0025,0.002,0.002,1.43,2026-06-23T05:14:52,0.002,1.43
ip_shuffle,20260623T051452_813968,of:0000000000000005:1 -> of:000000000000000c:5,0.002,0.0025,0.002,0.002,1.43,2026-06-23T05:14:52,0.002,1.43
ip_shuffle,20260623T051452_813968,of:000000000000000a:1 -> of:000000000000000d:6,0.001,0.00125,0.001,0.001,1.36,2026-06-23T05:14:52,0.001,1.36
ip_shuffle,20260623T051452_813968,of:000000000000000b:3 -> of:000000000000000d:2,0.001,0.00125,0.001,0.001,1.46,2026-06-23T05:14:52,0.001,1.46
ip_shuffle,20260623T051452_813968,of:000000000000000c:3 -> of:000000000000000d:3,0.001,0.00125,0.001,0.001,1.46,2026-06-23T05:14:52,0.001,1.46
ip_shuffle,20260623T051452_813968,of:0000000000000005:2 -> of:0000000000000009:3,0.002,0.0025,0.002,0.002,1.53,2026-06-23T05:14:52,0.002,1.53
ip_shuffle,20260623T051452_813968,of:0000000000000001:1 -> of:000000000000000b:1,0.003,0.00375,0.003,0.003,2.86,2026-06-23T05:14:52,0.003,2.86
ip_shuffle,20260623T051452_813968,of:000000000000000b:2 -> of:000000000000000c:2,0.002,0.0025,0.002,0.002,1.53,2026-06-23T05:14:52,0.002,1.53
ip_shuffle,20260623T051452_813968,of:0000000000000001:2 -> of:000000000000000c:1,0.001,0.00125,0.001,0.001,1.36,2026-06-23T05:14:52,0.001,1.36
ip_shuffle,20260623T051452_813968,of:0000000000000006:2 -> of:000000000000000a:2,0.002,0.0025,0.002,0.002,1.53,2026-06-23T05:14:52,0.002,1.53
ip_shuffle,20260623T051452_813968,of:0000000000000001:3 -> of:000000000000000d:1,0.001,0.00125,0.001,0.001,1.3,2026-06-23T05:14:52,0.001,1.3
ip_shuffle,20260623T051452_813968,of:0000000000000003:1 -> of:000000000000000b:5,0.002,0.0025,0.002,0.002,1.93,2026-06-23T05:14:52,0.002,1.93
ip_shuffle,20260623T051452_813968,of:0000000000000006:1 -> of:000000000000000d:4,0.001,0.00125,0.001,0.001,1.36,2026-06-23T05:14:52,0.001,1.36
ip_shuffle,20260623T051452_813968,of:0000000000000007:2 -> of:000000000000000a:3,0.002,0.0025,0.002,0.002,1.53,2026-06-23T05:14:52,0.002,1.53
ip_shuffle,20260623T051452_813968,of:0000000000000007:1 -> of:000000000000000d:5,0.001,0.00125,0.001,0.001,1.36,2026-06-23T05:14:52,0.001,1.36
ip_shuffle,20260623T051452_813968,of:0000000000000002:2 -> of:0000000000000008:2,0.002,0.0025,0.002,0.002,1.53,2026-06-23T05:14:52,0.002,1.53
ip_shuffle,20260623T051452_813968,of:0000000000000003:2 -> of:0000000000000008:3,0.002,0.0025,0.002,0.002,1.53,2026-06-23T05:14:52,0.002,1.53
ip_shuffle,20260623T051452_813968,of:0000000000000008:1 -> of:000000000000000b:6,0.002,0.0025,0.002,0.002,1.43,2026-06-23T05:14:52,0.002,1.43
ip_shuffle,20260623T051452_813968,of:0000000000000004:2 -> of:0000000000000009:2,0.002,0.0025,0.002,0.002,1.53,2026-06-23T05:14:52,0.002,1.53
ip_shuffle,20260623T051452_813968,of:0000000000000002:1 -> of:000000000000000b:4,0.002,0.0025,0.002,0.002,2.46,2026-06-23T05:14:52,0.002,2.46
ip_shuffle,20260623T051452_813968,of:0000000000000009:1 -> of:000000000000000c:6,0.002,0.0025,0.002,0.002,1.43,2026-06-23T05:14:52,0.002,1.43
ip_shuffle,20260623T051603_204318,of:0000000000000004:1 -> of:000000000000000c:4,0.002,0.0025,0.002,0.002,2.0,2026-06-23T05:16:03,0.002,1.96
ip_shuffle,20260623T051603_204318,of:0000000000000005:1 -> of:000000000000000c:5,0.002,0.0025,0.002,0.002,2.0,2026-06-23T05:16:03,0.002,1.96
ip_shuffle,20260623T051603_204318,of:000000000000000a:1 -> of:000000000000000d:6,0.002,0.0025,0.002,0.002,1.96,2026-06-23T05:16:03,0.002,1.93
ip_shuffle,20260623T051603_204318,of:000000000000000b:3 -> of:000000000000000d:2,0.002,0.0025,0.002,0.002,2.63,2026-06-23T05:16:03,0.002,2.63
ip_shuffle,20260623T051603_204318,of:000000000000000c:3 -> of:000000000000000d:3,0.002,0.0025,0.002,0.002,2.63,2026-06-23T05:16:03,0.002,2.63
ip_shuffle,20260623T051603_204318,of:0000000000000005:2 -> of:0000000000000009:3,0.002,0.0025,0.002,0.002,2.7,2026-06-23T05:16:03,0.002,2.7
ip_shuffle,20260623T051603_204318,of:0000000000000001:1 -> of:000000000000000b:1,0.002,0.0025,0.002,0.002,1.96,2026-06-23T05:16:03,0.002,2.03
ip_shuffle,20260623T051603_204318,of:000000000000000b:2 -> of:000000000000000c:2,0.002,0.0025,0.002,0.002,2.6,2026-06-23T05:16:03,0.002,2.6
ip_shuffle,20260623T051603_204318,of:0000000000000001:2 -> of:000000000000000c:1,0.002,0.0025,0.002,0.002,1.96,2026-06-23T05:16:03,0.002,2.03
ip_shuffle,20260623T051603_204318,of:0000000000000006:2 -> of:000000000000000a:2,0.002,0.0025,0.002,0.002,2.7,2026-06-23T05:16:03,0.002,2.7
ip_shuffle,20260623T051603_204318,of:0000000000000001:3 -> of:000000000000000d:1,0.003,0.00375,0.003,0.003,3.8,2026-06-23T05:16:03,0.003,3.63
ip_shuffle,20260623T051603_204318,of:0000000000000003:1 -> of:000000000000000b:5,0.002,0.0025,0.002,0.002,2.0,2026-06-23T05:16:03,0.002,1.96
ip_shuffle,20260623T051603_204318,of:0000000000000006:1 -> of:000000000000000d:4,0.002,0.0025,0.002,0.002,2.23,2026-06-23T05:16:03,0.002,2.33
ip_shuffle,20260623T051603_204318,of:0000000000000007:2 -> of:000000000000000a:3,0.002,0.0025,0.002,0.002,2.6,2026-06-23T05:16:03,0.002,2.6
ip_shuffle,20260623T051603_204318,of:0000000000000007:1 -> of:000000000000000d:5,0.003,0.00375,0.003,0.003,3.3,2026-06-23T05:16:03,0.003,3.26
ip_shuffle,20260623T051603_204318,of:0000000000000002:2 -> of:0000000000000008:2,0.002,0.0025,0.002,0.002,2.7,2026-06-23T05:16:03,0.002,2.7
ip_shuffle,20260623T051603_204318,of:0000000000000003:2 -> of:0000000000000008:3,0.002,0.0025,0.002,0.002,2.7,2026-06-23T05:16:03,0.002,2.7
ip_shuffle,20260623T051603_204318,of:0000000000000008:1 -> of:000000000000000b:6,0.002,0.0025,0.002,0.002,1.9,2026-06-23T05:16:03,0.002,1.9
ip_shuffle,20260623T051603_204318,of:0000000000000004:2 -> of:0000000000000009:2,0.002,0.0025,0.002,0.002,2.7,2026-06-23T05:16:03,0.002,2.7
ip_shuffle,20260623T051603_204318,of:0000000000000002:1 -> of:000000000000000b:4,0.002,0.0025,0.002,0.002,2.0,2026-06-23T05:16:03,0.002,1.96
ip_shuffle,20260623T051603_204318,of:0000000000000009:1 -> of:000000000000000c:6,0.002,0.0025,0.002,0.002,1.9,2026-06-23T05:16:03,0.002,1.9
route_mutation,20260623T051700_914420,of:0000000000000004:1 -> of:000000000000000c:4,0.002,0.0025,0.002,0.002,2.16,2026-06-23T05:17:00,0.002,2.16
route_mutation,20260623T051700_914420,of:0000000000000005:1 -> of:000000000000000c:5,0.002,0.0025,0.002,0.002,1.63,2026-06-23T05:17:00,0.002,1.63
route_mutation,20260623T051700_914420,of:000000000000000a:1 -> of:000000000000000d:6,0.002,0.0025,0.002,0.002,1.43,2026-06-23T05:17:00,0.002,1.43
route_mutation,20260623T051700_914420,of:000000000000000b:3 -> of:000000000000000d:2,0.002,0.0025,0.002,0.002,1.53,2026-06-23T05:17:00,0.002,1.53
route_mutation,20260623T051700_914420,of:000000000000000c:3 -> of:000000000000000d:3,0.002,0.0025,0.002,0.002,1.53,2026-06-23T05:17:00,0.002,1.53
route_mutation,20260623T051700_914420,of:0000000000000005:2 -> of:0000000000000009:3,0.001,0.00125,0.001,0.001,1.46,2026-06-23T05:17:00,0.001,1.46
route_mutation,20260623T051700_914420,of:0000000000000001:1 -> of:000000000000000b:1,0.003,0.00375,0.003,0.003,3.29,2026-06-23T05:17:00,0.003,3.29
route_mutation,20260623T051700_914420,of:000000000000000b:2 -> of:000000000000000c:2,0.002,0.0025,0.002,0.002,1.53,2026-06-23T05:17:00,0.002,1.53
route_mutation,20260623T051700_914420,of:0000000000000001:2 -> of:000000000000000c:1,0.002,0.0025,0.002,0.002,2.43,2026-06-23T05:17:00,0.002,2.46
route_mutation,20260623T051700_914420,of:0000000000000006:2 -> of:000000000000000a:2,0.001,0.00125,0.001,0.001,1.46,2026-06-23T05:17:00,0.001,1.46
route_mutation,20260623T051700_914420,of:0000000000000001:3 -> of:000000000000000d:1,0.002,0.0025,0.002,0.002,1.43,2026-06-23T05:17:00,0.002,1.43
route_mutation,20260623T051700_914420,of:0000000000000003:1 -> of:000000000000000b:5,0.002,0.0025,0.002,0.002,2.39,2026-06-23T05:17:00,0.002,2.39
route_mutation,20260623T051700_914420,of:0000000000000006:1 -> of:000000000000000d:4,0.001,0.00125,0.001,0.001,1.36,2026-06-23T05:17:00,0.001,1.36
route_mutation,20260623T051700_914420,of:0000000000000007:2 -> of:000000000000000a:3,0.002,0.0025,0.002,0.002,1.53,2026-06-23T05:17:00,0.002,1.53
route_mutation,20260623T051700_914420,of:0000000000000007:1 -> of:000000000000000d:5,0.002,0.0025,0.002,0.002,1.43,2026-06-23T05:17:00,0.002,1.43
route_mutation,20260623T051700_914420,of:0000000000000002:2 -> of:0000000000000008:2,0.001,0.00125,0.001,0.001,1.46,2026-06-23T05:17:00,0.001,1.46
route_mutation,20260623T051700_914420,of:0000000000000003:2 -> of:0000000000000008:3,0.001,0.00125,0.001,0.001,1.46,2026-06-23T05:17:00,0.001,1.46
route_mutation,20260623T051700_914420,of:0000000000000008:1 -> of:000000000000000b:6,0.002,0.0025,0.002,0.002,1.43,2026-06-23T05:17:00,0.002,1.43
route_mutation,20260623T051700_914420,of:0000000000000004:2 -> of:0000000000000009:2,0.001,0.00125,0.001,0.001,1.46,2026-06-23T05:17:00,0.001,1.46
route_mutation,20260623T051700_914420,of:0000000000000002:1 -> of:000000000000000b:4,0.002,0.0025,0.002,0.002,2.2,2026-06-23T05:17:00,0.002,2.2
route_mutation,20260623T051700_914420,of:0000000000000009:1 -> of:000000000000000c:6,0.002,0.0025,0.002,0.002,1.43,2026-06-23T05:17:00,0.002,1.43
route_mutation,20260623T051731_285726,of:0000000000000004:1 -> of:000000000000000c:4,0.002,0.0025,0.002,0.002,2.06,2026-06-23T05:17:31,0.002,2.1
route_mutation,20260623T051731_285726,of:0000000000000005:1 -> of:000000000000000c:5,0.002,0.0025,0.002,0.002,2.59,2026-06-23T05:17:31,0.002,2.63
route_mutation,20260623T051731_285726,of:000000000000000a:1 -> of:000000000000000d:6,0.002,0.0025,0.002,0.002,2.03,2026-06-23T05:17:31,0.002,2.03
route_mutation,20260623T051731_285726,of:000000000000000b:3 -> of:000000000000000d:2,0.002,0.0025,0.002,0.002,2.79,2026-06-23T05:17:31,0.002,2.79
route_mutation,20260623T051731_285726,of:000000000000000c:3 -> of:000000000000000d:3,0.002,0.0025,0.002,0.002,2.86,2026-06-23T05:17:31,0.002,2.86
route_mutation,20260623T051731_285726,of:0000000000000005:2 -> of:0000000000000009:3,0.002,0.0025,0.002,0.002,2.73,2026-06-23T05:17:31,0.002,2.73
route_mutation,20260623T051731_285726,of:0000000000000001:1 -> of:000000000000000b:1,0.002,0.0025,0.002,0.002,2.03,2026-06-23T05:17:31,0.002,1.96
route_mutation,20260623T051731_285726,of:000000000000000b:2 -> of:000000000000000c:2,0.002,0.0025,0.002,0.002,2.79,2026-06-23T05:17:31,0.002,2.79
route_mutation,20260623T051731_285726,of:0000000000000001:2 -> of:000000000000000c:1,0.002,0.0025,0.002,0.002,2.69,2026-06-23T05:17:31,0.002,2.59
route_mutation,20260623T051731_285726,of:0000000000000006:2 -> of:000000000000000a:2,0.002,0.0025,0.002,0.002,2.76,2026-06-23T05:17:31,0.002,2.76
route_mutation,20260623T051731_285726,of:0000000000000001:3 -> of:000000000000000d:1,0.003,0.00375,0.003,0.003,3.83,2026-06-23T05:17:31,0.003,3.93
route_mutation,20260623T051731_285726,of:0000000000000003:1 -> of:000000000000000b:5,0.002,0.0025,0.002,0.002,1.96,2026-06-23T05:17:31,0.002,2.03
route_mutation,20260623T051731_285726,of:0000000000000006:1 -> of:000000000000000d:4,0.003,0.00375,0.003,0.003,3.26,2026-06-23T05:17:31,0.003,3.29
route_mutation,20260623T051731_285726,of:0000000000000007:2 -> of:000000000000000a:3,0.002,0.0025,0.002,0.002,2.69,2026-06-23T05:17:31,0.002,2.69
route_mutation,20260623T051731_285726,of:0000000000000007:1 -> of:000000000000000d:5,0.002,0.0025,0.002,0.002,2.73,2026-06-23T05:17:31,0.002,2.69
route_mutation,20260623T051731_285726,of:0000000000000002:2 -> of:0000000000000008:2,0.002,0.0025,0.002,0.002,2.69,2026-06-23T05:17:31,0.002,2.69
route_mutation,20260623T051731_285726,of:0000000000000003:2 -> of:0000000000000008:3,0.002,0.0025,0.002,0.002,2.69,2026-06-23T05:17:31,0.002,2.69
route_mutation,20260623T051731_285726,of:0000000000000008:1 -> of:000000000000000b:6,0.002,0.0025,0.002,0.002,1.93,2026-06-23T05:17:31,0.002,1.96
route_mutation,20260623T051731_285726,of:0000000000000004:2 -> of:0000000000000009:2,0.002,0.0025,0.002,0.002,2.73,2026-06-23T05:17:31,0.002,2.73
route_mutation,20260623T051731_285726,of:0000000000000002:1 -> of:000000000000000b:4,0.002,0.0025,0.002,0.002,1.96,2026-06-23T05:17:31,0.002,2.03
route_mutation,20260623T051731_285726,of:0000000000000009:1 -> of:000000000000000c:6,0.002,0.0025,0.002,0.002,2.0,2026-06-23T05:17:31,0.002,2.03
ip_shuffle,20260623T051801_609928,of:0000000000000004:1 -> of:000000000000000c:4,0.002,0.0025,0.002,0.002,1.53,2026-06-23T05:18:01,0.001,1.5
ip_shuffle,20260623T051801_609928,of:0000000000000005:1 -> of:000000000000000c:5,0.002,0.0025,0.002,0.002,1.53,2026-06-23T05:18:01,0.001,1.5
ip_shuffle,20260623T051801_609928,of:000000000000000a:1 -> of:000000000000000d:6,0.001,0.00125,0.001,0.001,1.5,2026-06-23T05:18:01,0.001,1.5
ip_shuffle,20260623T051801_609928,of:000000000000000b:3 -> of:000000000000000d:2,0.002,0.0025,0.002,0.002,1.73,2026-06-23T05:18:01,0.002,1.73
ip_shuffle,20260623T051801_609928,of:000000000000000c:3 -> of:000000000000000d:3,0.001,0.00125,0.001,0.001,1.66,2026-06-23T05:18:01,0.001,1.66
ip_shuffle,20260623T051801_609928,of:0000000000000005:2 -> of:0000000000000009:3,0.002,0.0025,0.002,0.002,1.86,2026-06-23T05:18:01,0.002,1.86
ip_shuffle,20260623T051801_609928,of:0000000000000001:1 -> of:000000000000000b:1,0.002,0.0025,0.002,0.001,1.5,2026-06-23T05:18:01,0.002,1.56
ip_shuffle,20260623T051801_609928,of:000000000000000b:2 -> of:000000000000000c:2,0.002,0.0025,0.002,0.002,1.73,2026-06-23T05:18:01,0.002,1.73
ip_shuffle,20260623T051801_609928,of:0000000000000001:2 -> of:000000000000000c:1,0.001,0.00125,0.001,0.001,1.43,2026-06-23T05:18:01,0.001,1.5
ip_shuffle,20260623T051801_609928,of:0000000000000006:2 -> of:000000000000000a:2,0.002,0.0025,0.002,0.002,1.83,2026-06-23T05:18:01,0.002,1.83
ip_shuffle,20260623T051801_609928,of:0000000000000001:3 -> of:000000000000000d:1,0.002,0.0025,0.002,0.002,2.3,2026-06-23T05:18:01,0.002,2.2
ip_shuffle,20260623T051801_609928,of:0000000000000003:1 -> of:000000000000000b:5,0.002,0.0025,0.002,0.002,1.63,2026-06-23T05:18:01,0.002,1.56
ip_shuffle,20260623T051801_609928,of:0000000000000006:1 -> of:000000000000000d:4,0.002,0.0025,0.002,0.002,1.53,2026-06-23T05:18:01,0.001,1.5
ip_shuffle,20260623T051801_609928,of:0000000000000007:2 -> of:000000000000000a:3,0.002,0.0025,0.002,0.002,1.83,2026-06-23T05:18:01,0.002,1.83
ip_shuffle,20260623T051801_609928,of:0000000000000007:1 -> of:000000000000000d:5,0.002,0.0025,0.002,0.002,2.2,2026-06-23T05:18:01,0.002,2.23
ip_shuffle,20260623T051801_609928,of:0000000000000002:2 -> of:0000000000000008:2,0.002,0.0025,0.002,0.002,1.9,2026-06-23T05:18:01,0.002,1.9
ip_shuffle,20260623T051801_609928,of:0000000000000003:2 -> of:0000000000000008:3,0.002,0.0025,0.002,0.002,1.9,2026-06-23T05:18:01,0.002,1.9
ip_shuffle,20260623T051801_609928,of:0000000000000008:1 -> of:000000000000000b:6,0.002,0.0025,0.002,0.002,1.6,2026-06-23T05:18:01,0.002,1.56
ip_shuffle,20260623T051801_609928,of:0000000000000004:2 -> of:0000000000000009:2,0.002,0.0025,0.002,0.002,1.86,2026-06-23T05:18:01,0.002,1.86
ip_shuffle,20260623T051801_609928,of:0000000000000002:1 -> of:000000000000000b:4,0.002,0.0025,0.002,0.002,1.63,2026-06-23T05:18:01,0.002,1.56
ip_shuffle,20260623T051801_609928,of:0000000000000009:1 -> of:000000000000000c:6,0.002,0.0025,0.002,0.002,1.53,2026-06-23T05:18:01,0.001,1.5
route_mutation,20260623T051859_330042,of:0000000000000004:1 -> of:000000000000000c:4,0.002,0.0025,0.002,0.002,2.3,2026-06-23T05:18:59,0.002,2.3
route_mutation,20260623T051859_330042,of:0000000000000005:1 -> of:000000000000000c:5,0.002,0.0025,0.002,0.002,2.43,2026-06-23T05:18:59,0.002,2.43
route_mutation,20260623T051859_330042,of:000000000000000a:1 -> of:000000000000000d:6,0.002,0.0025,0.002,0.002,1.56,2026-06-23T05:18:59,0.002,1.56
route_mutation,20260623T051859_330042,of:000000000000000b:3 -> of:000000000000000d:2,0.002,0.0025,0.002,0.002,1.86,2026-06-23T05:18:59,0.002,1.86
route_mutation,20260623T051859_330042,of:000000000000000c:3 -> of:000000000000000d:3,0.002,0.0025,0.002,0.002,1.93,2026-06-23T05:18:59,0.002,1.93
route_mutation,20260623T051859_330042,of:0000000000000005:2 -> of:0000000000000009:3,0.002,0.0025,0.002,0.002,1.86,2026-06-23T05:18:59,0.002,1.86
route_mutation,20260623T051859_330042,of:0000000000000001:1 -> of:000000000000000b:1,0.002,0.0025,0.002,0.002,1.7,2026-06-23T05:18:59,0.002,1.63
route_mutation,20260623T051859_330042,of:000000000000000b:2 -> of:000000000000000c:2,0.002,0.0025,0.002,0.002,1.86,2026-06-23T05:18:59,0.002,1.86
route_mutation,20260623T051859_330042,of:0000000000000001:2 -> of:000000000000000c:1,0.003,0.00375,0.003,0.003,3.13,2026-06-23T05:18:59,0.003,3.13
route_mutation,20260623T051859_330042,of:0000000000000006:2 -> of:000000000000000a:2,0.002,0.0025,0.002,0.002,1.8,2026-06-23T05:18:59,0.002,1.8
route_mutation,20260623T051859_330042,of:0000000000000001:3 -> of:000000000000000d:1,0.002,0.0025,0.002,0.002,2.5,2026-06-23T05:18:59,0.002,2.5
route_mutation,20260623T051859_330042,of:0000000000000003:1 -> of:000000000000000b:5,0.002,0.0025,0.002,0.002,1.63,2026-06-23T05:18:59,0.002,1.63
route_mutation,20260623T051859_330042,of:0000000000000006:1 -> of:000000000000000d:4,0.002,0.0025,0.002,0.002,2.43,2026-06-23T05:18:59,0.002,2.43
route_mutation,20260623T051859_330042,of:0000000000000007:2 -> of:000000000000000a:3,0.002,0.0025,0.002,0.002,1.8,2026-06-23T05:18:59,0.002,1.8
route_mutation,20260623T051859_330042,of:0000000000000007:1 -> of:000000000000000d:5,0.002,0.0025,0.002,0.002,1.56,2026-06-23T05:18:59,0.002,1.56
route_mutation,20260623T051859_330042,of:0000000000000002:2 -> of:0000000000000008:2,0.002,0.0025,0.002,0.002,1.86,2026-06-23T05:18:59,0.002,1.86
route_mutation,20260623T051859_330042,of:0000000000000003:2 -> of:0000000000000008:3,0.002,0.0025,0.002,0.002,1.86,2026-06-23T05:18:59,0.002,1.86
route_mutation,20260623T051859_330042,of:0000000000000008:1 -> of:000000000000000b:6,0.001,0.00125,0.001,0.001,1.5,2026-06-23T05:18:59,0.001,1.5
route_mutation,20260623T051859_330042,of:0000000000000004:2 -> of:0000000000000009:2,0.002,0.0025,0.002,0.002,1.86,2026-06-23T05:18:59,0.002,1.86
route_mutation,20260623T051859_330042,of:0000000000000002:1 -> of:000000000000000b:4,0.002,0.0025,0.002,0.002,1.56,2026-06-23T05:18:59,0.002,1.56
route_mutation,20260623T051859_330042,of:0000000000000009:1 -> of:000000000000000c:6,0.002,0.0025,0.002,0.002,1.56,2026-06-23T05:18:59,0.002,1.56
ip_shuffle,20260623T051929_527455,of:0000000000000004:1 -> of:000000000000000c:4,0.002,0.0025,0.002,0.002,1.96,2026-06-23T05:19:29,0.002,1.96
ip_shuffle,20260623T051929_527455,of:0000000000000005:1 -> of:000000000000000c:5,0.002,0.0025,0.002,0.002,1.96,2026-06-23T05:19:29,0.002,1.96
ip_shuffle,20260623T051929_527455,of:000000000000000a:1 -> of:000000000000000d:6,0.002,0.0025,0.002,0.002,1.96,2026-06-23T05:19:29,0.002,1.96
ip_shuffle,20260623T051929_527455,of:000000000000000b:3 -> of:000000000000000d:2,0.002,0.0025,0.002,0.002,2.66,2026-06-23T05:19:29,0.002,2.66
ip_shuffle,20260623T051929_527455,of:000000000000000c:3 -> of:000000000000000d:3,0.002,0.0025,0.002,0.002,2.6,2026-06-23T05:19:29,0.002,2.6
ip_shuffle,20260623T051929_527455,of:0000000000000005:2 -> of:0000000000000009:3,0.002,0.0025,0.002,0.002,2.73,2026-06-23T05:19:29,0.002,2.73
ip_shuffle,20260623T051929_527455,of:0000000000000001:1 -> of:000000000000000b:1,0.002,0.0025,0.002,0.002,2.03,2026-06-23T05:19:29,0.002,2.03
ip_shuffle,20260623T051929_527455,of:000000000000000b:2 -> of:000000000000000c:2,0.002,0.0025,0.002,0.002,2.66,2026-06-23T05:19:29,0.002,2.66
ip_shuffle,20260623T051929_527455,of:0000000000000001:2 -> of:000000000000000c:1,0.002,0.0025,0.002,0.002,1.96,2026-06-23T05:19:29,0.002,1.96
ip_shuffle,20260623T051929_527455,of:0000000000000006:2 -> of:000000000000000a:2,0.002,0.0025,0.002,0.002,2.73,2026-06-23T05:19:29,0.002,2.73
ip_shuffle,20260623T051929_527455,of:0000000000000001:3 -> of:000000000000000d:1,0.003,0.00375,0.003,0.003,3.59,2026-06-23T05:19:29,0.003,3.59
ip_shuffle,20260623T051929_527455,of:0000000000000003:1 -> of:000000000000000b:5,0.002,0.0025,0.002,0.002,2.03,2026-06-23T05:19:29,0.002,2.03
ip_shuffle,20260623T051929_527455,of:0000000000000006:1 -> of:000000000000000d:4,0.002,0.0025,0.002,0.002,2.2,2026-06-23T05:19:29,0.002,2.2
ip_shuffle,20260623T051929_527455,of:0000000000000007:2 -> of:000000000000000a:3,0.002,0.0025,0.002,0.002,2.73,2026-06-23T05:19:29,0.002,2.73
ip_shuffle,20260623T051929_527455,of:0000000000000007:1 -> of:000000000000000d:5,0.003,0.00375,0.003,0.003,3.36,2026-06-23T05:19:29,0.003,3.36
ip_shuffle,20260623T051929_527455,of:0000000000000002:2 -> of:0000000000000008:2,0.002,0.0025,0.002,0.002,2.73,2026-06-23T05:19:29,0.002,2.73
ip_shuffle,20260623T051929_527455,of:0000000000000003:2 -> of:0000000000000008:3,0.002,0.0025,0.002,0.002,2.73,2026-06-23T05:19:29,0.002,2.73
ip_shuffle,20260623T051929_527455,of:0000000000000008:1 -> of:000000000000000b:6,0.002,0.0025,0.002,0.002,2.03,2026-06-23T05:19:29,0.002,2.03
ip_shuffle,20260623T051929_527455,of:0000000000000004:2 -> of:0000000000000009:2,0.002,0.0025,0.002,0.002,2.73,2026-06-23T05:19:29,0.002,2.73
ip_shuffle,20260623T051929_527455,of:0000000000000002:1 -> of:000000000000000b:4,0.002,0.0025,0.002,0.002,2.03,2026-06-23T05:19:29,0.002,2.03
ip_shuffle,20260623T051929_527455,of:0000000000000009:1 -> of:000000000000000c:6,0.002,0.0025,0.002,0.002,1.96,2026-06-23T05:19:29,0.002,1.96
ip_shuffle,20260623T052027_287791,of:0000000000000004:1 -> of:000000000000000c:4,0.002,0.0025,0.002,0.002,2.2,2026-06-23T05:20:27,0.002,2.2
ip_shuffle,20260623T052027_287791,of:0000000000000005:1 -> of:000000000000000c:5,0.002,0.0025,0.002,0.002,1.47,2026-06-23T05:20:27,0.002,1.47
ip_shuffle,20260623T052027_287791,of:000000000000000a:1 -> of:000000000000000d:6,0.001,0.00125,0.001,0.001,1.37,2026-06-23T05:20:27,0.001,1.37
ip_shuffle,20260623T052027_287791,of:000000000000000b:3 -> of:000000000000000d:2,0.001,0.00125,0.001,0.001,1.47,2026-06-23T05:20:27,0.001,1.47
ip_shuffle,20260623T052027_287791,of:000000000000000c:3 -> of:000000000000000d:3,0.002,0.0025,0.002,0.002,1.53,2026-06-23T05:20:27,0.002,1.53
ip_shuffle,20260623T052027_287791,of:0000000000000005:2 -> of:0000000000000009:3,0.001,0.00125,0.001,0.001,1.47,2026-06-23T05:20:27,0.001,1.47
ip_shuffle,20260623T052027_287791,of:0000000000000001:1 -> of:000000000000000b:1,0.003,0.00375,0.003,0.003,3.03,2026-06-23T05:20:27,0.003,3.03
ip_shuffle,20260623T052027_287791,of:000000000000000b:2 -> of:000000000000000c:2,0.001,0.00125,0.001,0.001,1.47,2026-06-23T05:20:27,0.001,1.47
ip_shuffle,20260623T052027_287791,of:0000000000000001:2 -> of:000000000000000c:1,0.002,0.0025,0.002,0.002,2.23,2026-06-23T05:20:27,0.002,2.23
ip_shuffle,20260623T052027_287791,of:0000000000000006:2 -> of:000000000000000a:2,0.001,0.00125,0.001,0.001,1.4,2026-06-23T05:20:27,0.001,1.4
ip_shuffle,20260623T052027_287791,of:0000000000000001:3 -> of:000000000000000d:1,0.002,0.0025,0.002,0.002,1.43,2026-06-23T05:20:27,0.002,1.43
ip_shuffle,20260623T052027_287791,of:0000000000000003:1 -> of:000000000000000b:5,0.002,0.0025,0.002,0.002,2.36,2026-06-23T05:20:27,0.002,2.36
ip_shuffle,20260623T052027_287791,of:0000000000000006:1 -> of:000000000000000d:4,0.001,0.00125,0.001,0.001,1.37,2026-06-23T05:20:27,0.001,1.37
ip_shuffle,20260623T052027_287791,of:0000000000000007:2 -> of:000000000000000a:3,0.001,0.00125,0.001,0.001,1.4,2026-06-23T05:20:27,0.001,1.4
ip_shuffle,20260623T052027_287791,of:0000000000000007:1 -> of:000000000000000d:5,0.001,0.00125,0.001,0.001,1.37,2026-06-23T05:20:27,0.001,1.37
ip_shuffle,20260623T052027_287791,of:0000000000000002:2 -> of:0000000000000008:2,0.001,0.00125,0.001,0.001,1.47,2026-06-23T05:20:27,0.001,1.47
ip_shuffle,20260623T052027_287791,of:0000000000000003:2 -> of:0000000000000008:3,0.001,0.00125,0.001,0.001,1.47,2026-06-23T05:20:27,0.001,1.47
ip_shuffle,20260623T052027_287791,of:0000000000000008:1 -> of:000000000000000b:6,0.001,0.00125,0.001,0.001,1.3,2026-06-23T05:20:27,0.001,1.3
ip_shuffle,20260623T052027_287791,of:0000000000000004:2 -> of:0000000000000009:2,0.001,0.00125,0.001,0.001,1.47,2026-06-23T05:20:27,0.001,1.47
ip_shuffle,20260623T052027_287791,of:0000000000000002:1 -> of:000000000000000b:4,0.002,0.0025,0.002,0.002,1.96,2026-06-23T05:20:27,0.002,1.96
ip_shuffle,20260623T052027_287791,of:0000000000000009:1 -> of:000000000000000c:6,0.001,0.00125,0.001,0.001,1.37,2026-06-23T05:20:27,0.001,1.37
ip_shuffle,20260623T052125_086969,of:0000000000000004:1 -> of:000000000000000c:4,0.001,0.00125,0.001,0.001,1.5,2026-06-23T05:21:25,0.001,1.47
ip_shuffle,20260623T052125_086969,of:0000000000000005:1 -> of:000000000000000c:5,0.001,0.00125,0.001,0.001,1.5,2026-06-23T05:21:25,0.001,1.47
ip_shuffle,20260623T052125_086969,of:000000000000000a:1 -> of:000000000000000d:6,0.002,0.0025,0.002,0.002,1.53,2026-06-23T05:21:25,0.002,1.53
ip_shuffle,20260623T052125_086969,of:000000000000000b:3 -> of:000000000000000d:2,0.002,0.0025,0.002,0.002,1.73,2026-06-23T05:21:25,0.002,1.73
ip_shuffle,20260623T052125_086969,of:000000000000000c:3 -> of:000000000000000d:3,0.002,0.0025,0.002,0.002,1.73,2026-06-23T05:21:25,0.002,1.73
ip_shuffle,20260623T052125_086969,of:0000000000000005:2 -> of:0000000000000009:3,0.002,0.0025,0.002,0.002,1.7,2026-06-23T05:21:25,0.002,1.7
ip_shuffle,20260623T052125_086969,of:0000000000000001:1 -> of:000000000000000b:1,0.002,0.0025,0.002,0.001,1.47,2026-06-23T05:21:25,0.002,1.53
ip_shuffle,20260623T052125_086969,of:000000000000000b:2 -> of:000000000000000c:2,0.002,0.0025,0.002,0.002,1.73,2026-06-23T05:21:25,0.002,1.73
ip_shuffle,20260623T052125_086969,of:0000000000000001:2 -> of:000000000000000c:1,0.002,0.0025,0.002,0.001,1.47,2026-06-23T05:21:25,0.002,1.53
ip_shuffle,20260623T052125_086969,of:0000000000000006:2 -> of:000000000000000a:2,0.002,0.0025,0.002,0.002,1.7,2026-06-23T05:21:25,0.002,1.7
ip_shuffle,20260623T052125_086969,of:0000000000000001:3 -> of:000000000000000d:1,0.002,0.0025,0.002,0.002,2.3,2026-06-23T05:21:25,0.002,2.16
ip_shuffle,20260623T052125_086969,of:0000000000000003:1 -> of:000000000000000b:5,0.002,0.0025,0.002,0.002,1.53,2026-06-23T05:21:25,0.001,1.47
ip_shuffle,20260623T052125_086969,of:0000000000000006:1 -> of:000000000000000d:4,0.001,0.00125,0.001,0.001,1.5,2026-06-23T05:21:25,0.001,1.47
ip_shuffle,20260623T052125_086969,of:0000000000000007:2 -> of:000000000000000a:3,0.002,0.0025,0.002,0.002,1.76,2026-06-23T05:21:25,0.002,1.76
ip_shuffle,20260623T052125_086969,of:0000000000000007:1 -> of:000000000000000d:5,0.002,0.0025,0.002,0.002,2.2,2026-06-23T05:21:25,0.002,2.3
ip_shuffle,20260623T052125_086969,of:0000000000000002:2 -> of:0000000000000008:2,0.002,0.0025,0.002,0.002,1.73,2026-06-23T05:21:25,0.002,1.73
ip_shuffle,20260623T052125_086969,of:0000000000000003:2 -> of:0000000000000008:3,0.002,0.0025,0.002,0.002,1.73,2026-06-23T05:21:25,0.002,1.73
ip_shuffle,20260623T052125_086969,of:0000000000000008:1 -> of:000000000000000b:6,0.002,0.0025,0.002,0.002,1.53,2026-06-23T05:21:25,0.002,1.53
ip_shuffle,20260623T052125_086969,of:0000000000000004:2 -> of:0000000000000009:2,0.002,0.0025,0.002,0.002,1.7,2026-06-23T05:21:25,0.002,1.7
ip_shuffle,20260623T052125_086969,of:0000000000000002:1 -> of:000000000000000b:4,0.002,0.0025,0.002,0.002,1.53,2026-06-23T05:21:25,0.001,1.47
ip_shuffle,20260623T052125_086969,of:0000000000000009:1 -> of:000000000000000c:6,0.002,0.0025,0.002,0.002,1.53,2026-06-23T05:21:25,0.002,1.53
ip_shuffle,20260623T052222_702519,of:0000000000000004:1 -> of:000000000000000c:4,0.002,0.0025,0.002,0.002,2.43,2026-06-23T05:22:22,0.002,2.46
ip_shuffle,20260623T052222_702519,of:0000000000000005:1 -> of:000000000000000c:5,0.002,0.0025,0.002,0.002,2.56,2026-06-23T05:22:22,0.002,2.6
ip_shuffle,20260623T052222_702519,of:000000000000000a:1 -> of:000000000000000d:6,0.002,0.0025,0.002,0.002,1.76,2026-06-23T05:22:22,0.002,1.8
ip_shuffle,20260623T052222_702519,of:000000000000000b:3 -> of:000000000000000d:2,0.002,0.0025,0.002,0.002,2.33,2026-06-23T05:22:22,0.002,2.3
ip_shuffle,20260623T052222_702519,of:000000000000000c:3 -> of:000000000000000d:3,0.002,0.0025,0.002,0.002,2.26,2026-06-23T05:22:22,0.002,2.26
ip_shuffle,20260623T052222_702519,of:0000000000000005:2 -> of:0000000000000009:3,0.002,0.0025,0.002,0.002,2.33,2026-06-23T05:22:22,0.002,2.33
ip_shuffle,20260623T052222_702519,of:0000000000000001:1 -> of:000000000000000b:1,0.002,0.0025,0.002,0.002,1.93,2026-06-23T05:22:22,0.002,1.86
ip_shuffle,20260623T052222_702519,of:000000000000000b:2 -> of:000000000000000c:2,0.002,0.0025,0.002,0.002,2.3,2026-06-23T05:22:22,0.002,2.3
ip_shuffle,20260623T052222_702519,of:0000000000000001:2 -> of:000000000000000c:1,0.003,0.00375,0.003,0.003,3.3,2026-06-23T05:22:22,0.003,3.2
ip_shuffle,20260623T052222_702519,of:0000000000000006:2 -> of:000000000000000a:2,0.002,0.0025,0.002,0.002,2.33,2026-06-23T05:22:22,0.002,2.33
ip_shuffle,20260623T052222_702519,of:0000000000000001:3 -> of:000000000000000d:1,0.003,0.00375,0.003,0.003,3.03,2026-06-23T05:22:22,0.003,3.13
ip_shuffle,20260623T052222_702519,of:0000000000000003:1 -> of:000000000000000b:5,0.002,0.0025,0.002,0.002,1.86,2026-06-23T05:22:22,0.002,1.9
ip_shuffle,20260623T052222_702519,of:0000000000000006:1 -> of:000000000000000d:4,0.002,0.0025,0.002,0.002,2.93,2026-06-23T05:22:22,0.002,2.96
ip_shuffle,20260623T052222_702519,of:0000000000000007:2 -> of:000000000000000a:3,0.002,0.0025,0.002,0.002,2.33,2026-06-23T05:22:22,0.002,2.33
ip_shuffle,20260623T052222_702519,of:0000000000000007:1 -> of:000000000000000d:5,0.002,0.0025,0.002,0.002,1.96,2026-06-23T05:22:22,0.002,1.9
ip_shuffle,20260623T052222_702519,of:0000000000000002:2 -> of:0000000000000008:2,0.002,0.0025,0.002,0.002,2.3,2026-06-23T05:22:22,0.002,2.3
ip_shuffle,20260623T052222_702519,of:0000000000000003:2 -> of:0000000000000008:3,0.002,0.0025,0.002,0.002,2.3,2026-06-23T05:22:22,0.002,2.3
ip_shuffle,20260623T052222_702519,of:0000000000000008:1 -> of:000000000000000b:6,0.002,0.0025,0.002,0.002,1.83,2026-06-23T05:22:22,0.002,1.83
ip_shuffle,20260623T052222_702519,of:0000000000000004:2 -> of:0000000000000009:2,0.002,0.0025,0.002,0.002,2.33,2026-06-23T05:22:22,0.002,2.33
ip_shuffle,20260623T052222_702519,of:0000000000000002:1 -> of:000000000000000b:4,0.002,0.0025,0.002,0.002,1.8,2026-06-23T05:22:22,0.002,1.83
ip_shuffle,20260623T052222_702519,of:0000000000000009:1 -> of:000000000000000c:6,0.002,0.0025,0.002,0.002,1.76,2026-06-23T05:22:22,0.002,1.8
ip_shuffle,20260623T052320_328597,of:0000000000000004:1 -> of:000000000000000c:4,0.002,0.0025,0.002,0.002,1.43,2026-06-23T05:23:20,0.002,1.43
ip_shuffle,20260623T052320_328597,of:0000000000000005:1 -> of:000000000000000c:5,0.002,0.0025,0.002,0.002,1.43,2026-06-23T05:23:20,0.002,1.43
ip_shuffle,20260623T052320_328597,of:000000000000000a:1 -> of:000000000000000d:6,0.001,0.00125,0.001,0.001,1.37,2026-06-23T05:23:20,0.001,1.37
ip_shuffle,20260623T052320_328597,of:000000000000000b:3 -> of:000000000000000d:2,0.001,0.00125,0.001,0.001,1.46,2026-06-23T05:23:20,0.001,1.46
ip_shuffle,20260623T052320_328597,of:000000000000000c:3 -> of:000000000000000d:3,0.002,0.0025,0.002,0.002,1.53,2026-06-23T05:23:20,0.002,1.53
ip_shuffle,20260623T052320_328597,of:0000000000000005:2 -> of:0000000000000009:3,0.001,0.00125,0.001,0.001,1.46,2026-06-23T05:23:20,0.001,1.46
ip_shuffle,20260623T052320_328597,of:0000000000000001:1 -> of:000000000000000b:1,0.002,0.0025,0.002,0.002,2.03,2026-06-23T05:23:20,0.002,2.03
ip_shuffle,20260623T052320_328597,of:000000000000000b:2 -> of:000000000000000c:2,0.001,0.00125,0.001,0.001,1.46,2026-06-23T05:23:20,0.001,1.46
ip_shuffle,20260623T052320_328597,of:0000000000000001:2 -> of:000000000000000c:1,0.002,0.0025,0.002,0.002,1.43,2026-06-23T05:23:20,0.002,1.43
ip_shuffle,20260623T052320_328597,of:0000000000000006:2 -> of:000000000000000a:2,0.001,0.00125,0.001,0.001,1.4,2026-06-23T05:23:20,0.001,1.4
ip_shuffle,20260623T052320_328597,of:0000000000000001:3 -> of:000000000000000d:1,0.002,0.0025,0.002,0.002,1.43,2026-06-23T05:23:20,0.002,1.43
ip_shuffle,20260623T052320_328597,of:0000000000000003:1 -> of:000000000000000b:5,0.001,0.00125,0.001,0.001,1.37,2026-06-23T05:23:20,0.001,1.37
ip_shuffle,20260623T052320_328597,of:0000000000000006:1 -> of:000000000000000d:4,0.001,0.00125,0.001,0.001,1.37,2026-06-23T05:23:20,0.001,1.37
ip_shuffle,20260623T052320_328597,of:0000000000000007:2 -> of:000000000000000a:3,0.001,0.00125,0.001,0.001,1.4,2026-06-23T05:23:20,0.001,1.4
ip_shuffle,20260623T052320_328597,of:0000000000000007:1 -> of:000000000000000d:5,0.001,0.00125,0.001,0.001,1.37,2026-06-23T05:23:20,0.001,1.37
ip_shuffle,20260623T052320_328597,of:0000000000000002:2 -> of:0000000000000008:2,0.001,0.00125,0.001,0.001,1.46,2026-06-23T05:23:20,0.001,1.46
ip_shuffle,20260623T052320_328597,of:0000000000000003:2 -> of:0000000000000008:3,0.001,0.00125,0.001,0.001,1.46,2026-06-23T05:23:20,0.001,1.46
ip_shuffle,20260623T052320_328597,of:0000000000000008:1 -> of:000000000000000b:6,0.001,0.00125,0.001,0.001,1.3,2026-06-23T05:23:20,0.001,1.3
ip_shuffle,20260623T052320_328597,of:0000000000000004:2 -> of:0000000000000009:2,0.001,0.00125,0.001,0.001,1.46,2026-06-23T05:23:20,0.001,1.46
ip_shuffle,20260623T052320_328597,of:0000000000000002:1 -> of:000000000000000b:4,0.002,0.0025,0.002,0.002,2.1,2026-06-23T05:23:20,0.002,2.06
ip_shuffle,20260623T052320_328597,of:0000000000000009:1 -> of:000000000000000c:6,0.001,0.00125,0.001,0.001,1.37,2026-06-23T05:23:20,0.001,1.37
ip_shuffle,20260623T052418_239332,of:0000000000000004:1 -> of:000000000000000c:4,0.002,0.0025,0.002,0.002,1.96,2026-06-23T05:24:18,0.002,1.93
ip_shuffle,20260623T052418_239332,of:0000000000000005:1 -> of:000000000000000c:5,0.002,0.0025,0.002,0.002,1.96,2026-06-23T05:24:18,0.002,1.93
ip_shuffle,20260623T052418_239332,of:000000000000000a:1 -> of:000000000000000d:6,0.002,0.0025,0.002,0.002,2.03,2026-06-23T05:24:18,0.002,2.0
ip_shuffle,20260623T052418_239332,of:000000000000000b:3 -> of:000000000000000d:2,0.002,0.0025,0.002,0.002,2.66,2026-06-23T05:24:18,0.002,2.66
ip_shuffle,20260623T052418_239332,of:000000000000000c:3 -> of:000000000000000d:3,0.002,0.0025,0.002,0.002,2.66,2026-06-23T05:24:18,0.002,2.66
ip_shuffle,20260623T052418_239332,of:0000000000000005:2 -> of:0000000000000009:3,0.002,0.0025,0.002,0.002,2.66,2026-06-23T05:24:18,0.002,2.66
ip_shuffle,20260623T052418_239332,of:0000000000000001:1 -> of:000000000000000b:1,0.002,0.0025,0.002,0.002,1.93,2026-06-23T05:24:18,0.002,2.0
ip_shuffle,20260623T052418_239332,of:000000000000000b:2 -> of:000000000000000c:2,0.002,0.0025,0.002,0.002,2.66,2026-06-23T05:24:18,0.002,2.66
ip_shuffle,20260623T052418_239332,of:0000000000000001:2 -> of:000000000000000c:1,0.002,0.0025,0.002,0.002,1.93,2026-06-23T05:24:18,0.002,2.0
ip_shuffle,20260623T052418_239332,of:0000000000000006:2 -> of:000000000000000a:2,0.002,0.0025,0.002,0.002,2.7,2026-06-23T05:24:18,0.002,2.73
ip_shuffle,20260623T052418_239332,of:0000000000000001:3 -> of:000000000000000d:1,0.003,0.00375,0.003,0.003,4.0,2026-06-23T05:24:18,0.003,3.9
ip_shuffle,20260623T052418_239332,of:0000000000000003:1 -> of:000000000000000b:5,0.002,0.0025,0.002,0.002,2.0,2026-06-23T05:24:18,0.002,1.93
ip_shuffle,20260623T052418_239332,of:0000000000000006:1 -> of:000000000000000d:4,0.002,0.0025,0.002,0.002,2.83,2026-06-23T05:24:18,0.002,2.9
ip_shuffle,20260623T052418_239332,of:0000000000000007:2 -> of:000000000000000a:3,0.002,0.0025,0.002,0.002,2.73,2026-06-23T05:24:18,0.002,2.73
ip_shuffle,20260623T052418_239332,of:0000000000000007:1 -> of:000000000000000d:5,0.003,0.00375,0.003,0.003,3.16,2026-06-23T05:24:18,0.003,3.13
ip_shuffle,20260623T052418_239332,of:0000000000000002:2 -> of:0000000000000008:2,0.002,0.0025,0.002,0.002,2.7,2026-06-23T05:24:18,0.002,2.7
ip_shuffle,20260623T052418_239332,of:0000000000000003:2 -> of:0000000000000008:3,0.002,0.0025,0.002,0.002,2.7,2026-06-23T05:24:18,0.002,2.7
ip_shuffle,20260623T052418_239332,of:0000000000000008:1 -> of:000000000000000b:6,0.002,0.0025,0.002,0.002,2.03,2026-06-23T05:24:18,0.002,2.0
ip_shuffle,20260623T052418_239332,of:0000000000000004:2 -> of:0000000000000009:2,0.002,0.0025,0.002,0.002,2.66,2026-06-23T05:24:18,0.002,2.66
ip_shuffle,20260623T052418_239332,of:0000000000000002:1 -> of:000000000000000b:4,0.002,0.0025,0.002,0.002,2.0,2026-06-23T05:24:18,0.002,1.93
ip_shuffle,20260623T052418_239332,of:0000000000000009:1 -> of:000000000000000c:6,0.002,0.0025,0.002,0.002,2.03,2026-06-23T05:24:18,0.002,2.0
ip_shuffle,20260623T052522_372332,of:0000000000000004:1 -> of:000000000000000c:4,0.002,0.0025,0.002,0.002,2.03,2026-06-23T05:25:22,0.002,2.03
ip_shuffle,20260623T052522_372332,of:0000000000000005:1 -> of:000000000000000c:5,0.001,0.00125,0.001,0.001,1.46,2026-06-23T05:25:22,0.001,1.46
ip_shuffle,20260623T052522_372332,of:000000000000000a:1 -> of:000000000000000d:6,0.002,0.0025,0.002,0.002,1.5,2026-06-23T05:25:22,0.002,1.5
ip_shuffle,20260623T052522_372332,of:000000000000000b:3 -> of:000000000000000d:2,0.001,0.00125,0.001,0.001,1.6,2026-06-23T05:25:22,0.001,1.6
ip_shuffle,20260623T052522_372332,of:000000000000000c:3 -> of:000000000000000d:3,0.001,0.00125,0.001,0.001,1.6,2026-06-23T05:25:22,0.001,1.6
ip_shuffle,20260623T052522_372332,of:0000000000000005:2 -> of:0000000000000009:3,0.002,0.0025,0.002,0.002,1.73,2026-06-23T05:25:22,0.002,1.73
ip_shuffle,20260623T052522_372332,of:0000000000000001:1 -> of:000000000000000b:1,0.003,0.00375,0.003,0.003,3.5,2026-06-23T05:25:22,0.003,3.5
ip_shuffle,20260623T052522_372332,of:000000000000000b:2 -> of:000000000000000c:2,0.001,0.00125,0.001,0.001,1.6,2026-06-23T05:25:22,0.001,1.6
ip_shuffle,20260623T052522_372332,of:0000000000000001:2 -> of:000000000000000c:1,0.002,0.0025,0.002,0.002,1.93,2026-06-23T05:25:22,0.002,1.93
ip_shuffle,20260623T052522_372332,of:0000000000000006:2 -> of:000000000000000a:2,0.002,0.0025,0.002,0.002,1.73,2026-06-23T05:25:22,0.002,1.73
ip_shuffle,20260623T052522_372332,of:0000000000000001:3 -> of:000000000000000d:1,0.001,0.00125,0.001,0.001,1.46,2026-06-23T05:25:22,0.001,1.46
ip_shuffle,20260623T052522_372332,of:0000000000000003:1 -> of:000000000000000b:5,0.002,0.0025,0.002,0.002,2.46,2026-06-23T05:25:22,0.002,2.46
ip_shuffle,20260623T052522_372332,of:0000000000000006:1 -> of:000000000000000d:4,0.001,0.00125,0.001,0.001,1.46,2026-06-23T05:25:22,0.001,1.46
ip_shuffle,20260623T052522_372332,of:0000000000000007:2 -> of:000000000000000a:3,0.002,0.0025,0.002,0.002,1.76,2026-06-23T05:25:22,0.002,1.76
ip_shuffle,20260623T052522_372332,of:0000000000000007:1 -> of:000000000000000d:5,0.001,0.00125,0.001,0.001,1.46,2026-06-23T05:25:22,0.001,1.46
ip_shuffle,20260623T052522_372332,of:0000000000000002:2 -> of:0000000000000008:2,0.002,0.0025,0.002,0.002,1.73,2026-06-23T05:25:22,0.002,1.73
ip_shuffle,20260623T052522_372332,of:0000000000000003:2 -> of:0000000000000008:3,0.002,0.0025,0.002,0.002,1.73,2026-06-23T05:25:22,0.002,1.73
ip_shuffle,20260623T052522_372332,of:0000000000000008:1 -> of:000000000000000b:6,0.001,0.00125,0.001,0.001,1.46,2026-06-23T05:25:22,0.001,1.46
ip_shuffle,20260623T052522_372332,of:0000000000000004:2 -> of:0000000000000009:2,0.002,0.0025,0.002,0.002,1.73,2026-06-23T05:25:22,0.002,1.73
ip_shuffle,20260623T052522_372332,of:0000000000000002:1 -> of:000000000000000b:4,0.002,0.0025,0.002,0.002,2.5,2026-06-23T05:25:22,0.002,2.5
ip_shuffle,20260623T052522_372332,of:0000000000000009:1 -> of:000000000000000c:6,0.001,0.00125,0.001,0.001,1.46,2026-06-23T05:25:22,0.001,1.46
ip_shuffle,20260623T052619_911328,of:0000000000000004:1 -> of:000000000000000c:4,0.002,0.0025,0.002,0.002,1.83,2026-06-23T05:26:19,0.002,1.8
ip_shuffle,20260623T052619_911328,of:0000000000000005:1 -> of:000000000000000c:5,0.002,0.0025,0.002,0.002,1.83,2026-06-23T05:26:19,0.002,1.8
ip_shuffle,20260623T052619_911328,of:000000000000000a:1 -> of:000000000000000d:6,0.002,0.0025,0.002,0.002,1.86,2026-06-23T05:26:19,0.002,1.83
ip_shuffle,20260623T052619_911328,of:000000000000000b:3 -> of:000000000000000d:2,0.002,0.0025,0.002,0.002,2.36,2026-06-23T05:26:19,0.002,2.36
ip_shuffle,20260623T052619_911328,of:000000000000000c:3 -> of:000000000000000d:3,0.002,0.0025,0.002,0.002,2.36,2026-06-23T05:26:19,0.002,2.36
ip_shuffle,20260623T052619_911328,of:0000000000000005:2 -> of:0000000000000009:3,0.002,0.0025,0.002,0.002,2.3,2026-06-23T05:26:19,0.002,2.3
ip_shuffle,20260623T052619_911328,of:0000000000000001:1 -> of:000000000000000b:1,0.002,0.0025,0.002,0.002,1.86,2026-06-23T05:26:19,0.002,1.93
ip_shuffle,20260623T052619_911328,of:000000000000000b:2 -> of:000000000000000c:2,0.002,0.0025,0.002,0.002,2.4,2026-06-23T05:26:19,0.002,2.4
ip_shuffle,20260623T052619_911328,of:0000000000000001:2 -> of:000000000000000c:1,0.002,0.0025,0.002,0.002,1.86,2026-06-23T05:26:19,0.002,1.93
ip_shuffle,20260623T052619_911328,of:0000000000000006:2 -> of:000000000000000a:2,0.002,0.0025,0.002,0.002,2.36,2026-06-23T05:26:19,0.002,2.36
ip_shuffle,20260623T052619_911328,of:0000000000000001:3 -> of:000000000000000d:1,0.003,0.00375,0.003,0.003,3.56,2026-06-23T05:26:19,0.003,3.43
ip_shuffle,20260623T052619_911328,of:0000000000000003:1 -> of:000000000000000b:5,0.002,0.0025,0.002,0.002,1.93,2026-06-23T05:26:19,0.002,1.86
ip_shuffle,20260623T052619_911328,of:0000000000000006:1 -> of:000000000000000d:4,0.002,0.0025,0.002,0.002,2.0,2026-06-23T05:26:19,0.002,2.06
ip_shuffle,20260623T052619_911328,of:0000000000000007:2 -> of:000000000000000a:3,0.002,0.0025,0.002,0.002,2.36,2026-06-23T05:26:19,0.002,2.36
ip_shuffle,20260623T052619_911328,of:0000000000000007:1 -> of:000000000000000d:5,0.003,0.00375,0.003,0.003,3.16,2026-06-23T05:26:19,0.003,3.1
ip_shuffle,20260623T052619_911328,of:0000000000000002:2 -> of:0000000000000008:2,0.002,0.0025,0.002,0.002,2.4,2026-06-23T05:26:19,0.002,2.4
ip_shuffle,20260623T052619_911328,of:0000000000000003:2 -> of:0000000000000008:3,0.002,0.0025,0.002,0.002,2.4,2026-06-23T05:26:19,0.002,2.4
ip_shuffle,20260623T052619_911328,of:0000000000000008:1 -> of:000000000000000b:6,0.002,0.0025,0.002,0.002,1.8,2026-06-23T05:26:19,0.002,1.8
ip_shuffle,20260623T052619_911328,of:0000000000000004:2 -> of:0000000000000009:2,0.002,0.0025,0.002,0.002,2.3,2026-06-23T05:26:19,0.002,2.3
ip_shuffle,20260623T052619_911328,of:0000000000000002:1 -> of:000000000000000b:4,0.002,0.0025,0.002,0.002,1.93,2026-06-23T05:26:19,0.002,1.86
ip_shuffle,20260623T052619_911328,of:0000000000000009:1 -> of:000000000000000c:6,0.002,0.0025,0.002,0.002,1.8,2026-06-23T05:26:19,0.002,1.8
ip_shuffle,20260623T052717_603238,of:0000000000000004:1 -> of:000000000000000c:4,0.002,0.0025,0.002,0.002,2.4,2026-06-23T05:27:17,0.002,2.43
ip_shuffle,20260623T052717_603238,of:0000000000000005:1 -> of:000000000000000c:5,0.002,0.0025,0.002,0.002,2.4,2026-06-23T05:27:17,0.002,2.43
ip_shuffle,20260623T052717_603238,of:000000000000000a:1 -> of:000000000000000d:6,0.002,0.0025,0.002,0.002,1.63,2026-06-23T05:27:17,0.002,1.63
ip_shuffle,20260623T052717_603238,of:000000000000000b:3 -> of:000000000000000d:2,0.002,0.0025,0.002,0.002,1.93,2026-06-23T05:27:17,0.002,1.93
ip_shuffle,20260623T052717_603238,of:000000000000000c:3 -> of:000000000000000d:3,0.002,0.0025,0.002,0.002,1.93,2026-06-23T05:27:17,0.002,1.93
ip_shuffle,20260623T052717_603238,of:0000000000000005:2 -> of:0000000000000009:3,0.002,0.0025,0.002,0.002,1.9,2026-06-23T05:27:17,0.002,1.9
ip_shuffle,20260623T052717_603238,of:0000000000000001:1 -> of:000000000000000b:1,0.002,0.0025,0.002,0.002,2.53,2026-06-23T05:27:17,0.002,2.53
ip_shuffle,20260623T052717_603238,of:000000000000000b:2 -> of:000000000000000c:2,0.002,0.0025,0.002,0.002,1.93,2026-06-23T05:27:17,0.002,1.93
ip_shuffle,20260623T052717_603238,of:0000000000000001:2 -> of:000000000000000c:1,0.003,0.00375,0.003,0.003,3.16,2026-06-23T05:27:17,0.003,3.13
ip_shuffle,20260623T052717_603238,of:0000000000000006:2 -> of:000000000000000a:2,0.002,0.0025,0.002,0.002,1.93,2026-06-23T05:27:17,0.002,1.93
ip_shuffle,20260623T052717_603238,of:0000000000000001:3 -> of:000000000000000d:1,0.002,0.0025,0.002,0.002,2.0,2026-06-23T05:27:17,0.002,2.1
ip_shuffle,20260623T052717_603238,of:0000000000000003:1 -> of:000000000000000b:5,0.002,0.0025,0.002,0.002,2.5,2026-06-23T05:27:17,0.002,2.5
ip_shuffle,20260623T052717_603238,of:0000000000000006:1 -> of:000000000000000d:4,0.002,0.0025,0.002,0.002,2.16,2026-06-23T05:27:17,0.002,2.1
ip_shuffle,20260623T052717_603238,of:0000000000000007:2 -> of:000000000000000a:3,0.002,0.0025,0.002,0.002,1.93,2026-06-23T05:27:17,0.002,1.93
ip_shuffle,20260623T052717_603238,of:0000000000000007:1 -> of:000000000000000d:5,0.002,0.0025,0.002,0.002,1.63,2026-06-23T05:27:17,0.002,1.63
ip_shuffle,20260623T052717_603238,of:0000000000000002:2 -> of:0000000000000008:2,0.002,0.0025,0.002,0.002,1.83,2026-06-23T05:27:17,0.002,1.83
ip_shuffle,20260623T052717_603238,of:0000000000000003:2 -> of:0000000000000008:3,0.002,0.0025,0.002,0.002,1.83,2026-06-23T05:27:17,0.002,1.83
ip_shuffle,20260623T052717_603238,of:0000000000000008:1 -> of:000000000000000b:6,0.002,0.0025,0.002,0.002,1.63,2026-06-23T05:27:17,0.002,1.63
ip_shuffle,20260623T052717_603238,of:0000000000000004:2 -> of:0000000000000009:2,0.002,0.0025,0.002,0.002,1.9,2026-06-23T05:27:17,0.002,1.9
ip_shuffle,20260623T052717_603238,of:0000000000000002:1 -> of:000000000000000b:4,0.002,0.0025,0.002,0.002,1.56,2026-06-23T05:27:17,0.002,1.6
ip_shuffle,20260623T052717_603238,of:0000000000000009:1 -> of:000000000000000c:6,0.002,0.0025,0.002,0.002,1.63,2026-06-23T05:27:17,0.002,1.63
route_mutation,20260623T052815_243272,of:0000000000000004:1 -> of:000000000000000c:4,0.002,0.0025,0.002,0.002,2.16,2026-06-23T05:28:15,0.002,2.13
route_mutation,20260623T052815_243272,of:0000000000000005:1 -> of:000000000000000c:5,0.002,0.0025,0.002,0.002,2.16,2026-06-23T05:28:15,0.002,2.13
route_mutation,20260623T052815_243272,of:000000000000000a:1 -> of:000000000000000d:6,0.002,0.0025,0.002,0.002,2.2,2026-06-23T05:28:15,0.002,2.2
route_mutation,20260623T052815_243272,of:000000000000000b:3 -> of:000000000000000d:2,0.002,0.0025,0.002,0.002,3.06,2026-06-23T05:28:15,0.002,3.06
route_mutation,20260623T052815_243272,of:000000000000000c:3 -> of:000000000000000d:3,0.002,0.0025,0.002,0.002,3.06,2026-06-23T05:28:15,0.002,3.06
route_mutation,20260623T052815_243272,of:0000000000000005:2 -> of:0000000000000009:3,0.002,0.0025,0.002,0.002,3.03,2026-06-23T05:28:15,0.002,3.03
route_mutation,20260623T052815_243272,of:0000000000000001:1 -> of:000000000000000b:1,0.002,0.0025,0.002,0.002,2.2,2026-06-23T05:28:15,0.002,2.23
route_mutation,20260623T052815_243272,of:000000000000000b:2 -> of:000000000000000c:2,0.002,0.0025,0.002,0.002,3.06,2026-06-23T05:28:15,0.002,3.06
route_mutation,20260623T052815_243272,of:0000000000000001:2 -> of:000000000000000c:1,0.002,0.0025,0.002,0.002,2.2,2026-06-23T05:28:15,0.002,2.23
route_mutation,20260623T052815_243272,of:0000000000000006:2 -> of:000000000000000a:2,0.002,0.0025,0.002,0.002,3.0,2026-06-23T05:28:15,0.002,3.0
route_mutation,20260623T052815_243272,of:0000000000000001:3 -> of:000000000000000d:1,0.004,0.005,0.004,0.004,4.93,2026-06-23T05:28:15,0.004,4.83
route_mutation,20260623T052815_243272,of:0000000000000003:1 -> of:000000000000000b:5,0.002,0.0025,0.002,0.002,2.23,2026-06-23T05:28:15,0.002,2.2
route_mutation,20260623T052815_243272,of:0000000000000006:1 -> of:000000000000000d:4,0.002,0.0025,0.002,0.002,2.8,2026-06-23T05:28:15,0.002,2.86
route_mutation,20260623T052815_243272,of:0000000000000007:2 -> of:000000000000000a:3,0.002,0.0025,0.002,0.002,3.0,2026-06-23T05:28:15,0.002,3.0
route_mutation,20260623T052815_243272,of:0000000000000007:1 -> of:000000000000000d:5,0.003,0.00375,0.003,0.003,4.1,2026-06-23T05:28:15,0.003,4.1
route_mutation,20260623T052815_243272,of:0000000000000002:2 -> of:0000000000000008:2,0.002,0.0025,0.002,0.002,3.03,2026-06-23T05:28:15,0.002,3.03
route_mutation,20260623T052815_243272,of:0000000000000003:2 -> of:0000000000000008:3,0.002,0.0025,0.002,0.002,3.03,2026-06-23T05:28:15,0.002,3.03
route_mutation,20260623T052815_243272,of:0000000000000008:1 -> of:000000000000000b:6,0.002,0.0025,0.002,0.002,2.13,2026-06-23T05:28:15,0.002,2.13
route_mutation,20260623T052815_243272,of:0000000000000004:2 -> of:0000000000000009:2,0.002,0.0025,0.002,0.002,3.03,2026-06-23T05:28:15,0.002,3.03
route_mutation,20260623T052815_243272,of:0000000000000002:1 -> of:000000000000000b:4,0.002,0.0025,0.002,0.002,2.23,2026-06-23T05:28:15,0.002,2.2
route_mutation,20260623T052815_243272,of:0000000000000009:1 -> of:000000000000000c:6,0.002,0.0025,0.002,0.002,2.2,2026-06-23T05:28:15,0.002,2.2
route_mutation,20260623T052845_567696,of:0000000000000004:1 -> of:000000000000000c:4,0.001,0.00125,0.001,0.001,1.33,2026-06-23T05:28:45,0.001,1.36
route_mutation,20260623T052845_567696,of:0000000000000005:1 -> of:000000000000000c:5,0.001,0.00125,0.001,0.001,1.33,2026-06-23T05:28:45,0.001,1.36
route_mutation,20260623T052845_567696,of:000000000000000a:1 -> of:000000000000000d:6,0.001,0.00125,0.001,0.001,1.3,2026-06-23T05:28:45,0.001,1.3
route_mutation,20260623T052845_567696,of:000000000000000b:3 -> of:000000000000000d:2,0.001,0.00125,0.001,0.001,1.4,2026-06-23T05:28:45,0.001,1.4
route_mutation,20260623T052845_567696,of:000000000000000c:3 -> of:000000000000000d:3,0.001,0.00125,0.001,0.001,1.4,2026-06-23T05:28:45,0.001,1.4
route_mutation,20260623T052845_567696,of:0000000000000005:2 -> of:0000000000000009:3,0.001,0.00125,0.001,0.001,1.43,2026-06-23T05:28:45,0.001,1.43
route_mutation,20260623T052845_567696,of:0000000000000001:1 -> of:000000000000000b:1,0.002,0.0025,0.002,0.002,1.43,2026-06-23T05:28:45,0.002,1.53
route_mutation,20260623T052845_567696,of:000000000000000b:2 -> of:000000000000000c:2,0.001,0.00125,0.001,0.001,1.4,2026-06-23T05:28:45,0.001,1.4
route_mutation,20260623T052845_567696,of:0000000000000001:2 -> of:000000000000000c:1,0.001,0.00125,0.001,0.001,1.36,2026-06-23T05:28:45,0.001,1.33
route_mutation,20260623T052845_567696,of:0000000000000006:2 -> of:000000000000000a:2,0.001,0.00125,0.001,0.001,1.46,2026-06-23T05:28:45,0.001,1.46
route_mutation,20260623T052845_567696,of:0000000000000001:3 -> of:000000000000000d:1,0.001,0.00125,0.001,0.001,1.4,2026-06-23T05:28:45,0.001,1.36
route_mutation,20260623T052845_567696,of:0000000000000003:1 -> of:000000000000000b:5,0.001,0.00125,0.001,0.001,1.33,2026-06-23T05:28:45,0.001,1.36
route_mutation,20260623T052845_567696,of:0000000000000006:1 -> of:000000000000000d:4,0.001,0.00125,0.001,0.001,1.36,2026-06-23T05:28:45,0.001,1.36
route_mutation,20260623T052845_567696,of:0000000000000007:2 -> of:000000000000000a:3,0.001,0.00125,0.001,0.001,1.46,2026-06-23T05:28:45,0.001,1.46
route_mutation,20260623T052845_567696,of:0000000000000007:1 -> of:000000000000000d:5,0.001,0.00125,0.001,0.001,1.4,2026-06-23T05:28:45,0.001,1.4
route_mutation,20260623T052845_567696,of:0000000000000002:2 -> of:0000000000000008:2,0.002,0.0025,0.002,0.002,1.5,2026-06-23T05:28:45,0.002,1.5
route_mutation,20260623T052845_567696,of:0000000000000003:2 -> of:0000000000000008:3,0.002,0.0025,0.002,0.002,1.5,2026-06-23T05:28:45,0.002,1.5
route_mutation,20260623T052845_567696,of:0000000000000008:1 -> of:000000000000000b:6,0.001,0.00125,0.001,0.001,1.36,2026-06-23T05:28:45,0.001,1.36
route_mutation,20260623T052845_567696,of:0000000000000004:2 -> of:0000000000000009:2,0.001,0.00125,0.001,0.001,1.43,2026-06-23T05:28:45,0.001,1.43
route_mutation,20260623T052845_567696,of:0000000000000002:1 -> of:000000000000000b:4,0.002,0.0025,0.002,0.002,1.53,2026-06-23T05:28:45,0.002,1.43
route_mutation,20260623T052845_567696,of:0000000000000009:1 -> of:000000000000000c:6,0.001,0.00125,0.001,0.001,1.3,2026-06-23T05:28:45,0.001,1.3
route_mutation,20260623T052915_966491,of:0000000000000004:1 -> of:000000000000000c:4,0.002,0.0025,0.002,0.002,2.13,2026-06-23T05:29:15,0.002,2.2
route_mutation,20260623T052915_966491,of:0000000000000005:1 -> of:000000000000000c:5,0.002,0.0025,0.002,0.002,2.13,2026-06-23T05:29:15,0.002,2.2
route_mutation,20260623T052915_966491,of:000000000000000a:1 -> of:000000000000000d:6,0.002,0.0025,0.002,0.002,2.23,2026-06-23T05:29:15,0.002,2.26
route_mutation,20260623T052915_966491,of:000000000000000b:3 -> of:000000000000000d:2,0.002,0.0025,0.002,0.002,3.1,2026-06-23T05:29:15,0.002,3.1
route_mutation,20260623T052915_966491,of:000000000000000c:3 -> of:000000000000000d:3,0.002,0.0025,0.002,0.002,3.13,2026-06-23T05:29:15,0.002,3.13
route_mutation,20260623T052915_966491,of:0000000000000005:2 -> of:0000000000000009:3,0.002,0.0025,0.002,0.002,2.96,2026-06-23T05:29:15,0.002,2.96
route_mutation,20260623T052915_966491,of:0000000000000001:1 -> of:000000000000000b:1,0.002,0.0025,0.002,0.002,2.23,2026-06-23T05:29:15,0.002,2.2
route_mutation,20260623T052915_966491,of:000000000000000b:2 -> of:000000000000000c:2,0.002,0.0025,0.002,0.002,3.1,2026-06-23T05:29:15,0.002,3.1
route_mutation,20260623T052915_966491,of:0000000000000001:2 -> of:000000000000000c:1,0.002,0.0025,0.002,0.002,2.33,2026-06-23T05:29:15,0.002,2.26
route_mutation,20260623T052915_966491,of:0000000000000006:2 -> of:000000000000000a:2,0.002,0.0025,0.002,0.002,3.0,2026-06-23T05:29:15,0.002,3.0
route_mutation,20260623T052915_966491,of:0000000000000001:3 -> of:000000000000000d:1,0.003,0.00375,0.003,0.003,4.26,2026-06-23T05:29:15,0.003,4.29
route_mutation,20260623T052915_966491,of:0000000000000003:1 -> of:000000000000000b:5,0.002,0.0025,0.002,0.002,2.16,2026-06-23T05:29:15,0.002,2.2
route_mutation,20260623T052915_966491,of:0000000000000006:1 -> of:000000000000000d:4,0.003,0.00375,0.003,0.003,3.3,2026-06-23T05:29:15,0.003,3.33
route_mutation,20260623T052915_966491,of:0000000000000007:2 -> of:000000000000000a:3,0.002,0.0025,0.002,0.002,3.0,2026-06-23T05:29:15,0.002,3.0
route_mutation,20260623T052915_966491,of:0000000000000007:1 -> of:000000000000000d:5,0.002,0.0025,0.002,0.002,3.13,2026-06-23T05:29:15,0.002,3.1
route_mutation,20260623T052915_966491,of:0000000000000002:2 -> of:0000000000000008:2,0.002,0.0025,0.002,0.002,3.0,2026-06-23T05:29:15,0.002,3.0
route_mutation,20260623T052915_966491,of:0000000000000003:2 -> of:0000000000000008:3,0.002,0.0025,0.002,0.002,3.0,2026-06-23T05:29:15,0.002,3.0
route_mutation,20260623T052915_966491,of:0000000000000008:1 -> of:000000000000000b:6,0.002,0.0025,0.002,0.002,2.2,2026-06-23T05:29:15,0.002,2.2
route_mutation,20260623T052915_966491,of:0000000000000004:2 -> of:0000000000000009:2,0.002,0.0025,0.002,0.002,2.96,2026-06-23T05:29:15,0.002,2.96
route_mutation,20260623T052915_966491,of:0000000000000002:1 -> of:000000000000000b:4,0.002,0.0025,0.002,0.002,2.16,2026-06-23T05:29:15,0.002,2.2
route_mutation,20260623T052915_966491,of:0000000000000009:1 -> of:000000000000000c:6,0.002,0.0025,0.002,0.002,2.23,2026-06-23T05:29:15,0.002,2.26
ip_shuffle,20260623T052946_276098,of:0000000000000004:1 -> of:000000000000000c:4,0.001,0.00125,0.001,0.001,1.43,2026-06-23T05:29:46,0.001,1.36
ip_shuffle,20260623T052946_276098,of:0000000000000005:1 -> of:000000000000000c:5,0.001,0.00125,0.001,0.001,1.43,2026-06-23T05:29:46,0.001,1.36
ip_shuffle,20260623T052946_276098,of:000000000000000a:1 -> of:000000000000000d:6,0.001,0.00125,0.001,0.001,1.39,2026-06-23T05:29:46,0.001,1.36
ip_shuffle,20260623T052946_276098,of:000000000000000b:3 -> of:000000000000000d:2,0.001,0.00125,0.001,0.001,1.49,2026-06-23T05:29:46,0.001,1.49
ip_shuffle,20260623T052946_276098,of:000000000000000c:3 -> of:000000000000000d:3,0.001,0.00125,0.001,0.001,1.46,2026-06-23T05:29:46,0.001,1.46
ip_shuffle,20260623T052946_276098,of:0000000000000005:2 -> of:0000000000000009:3,0.002,0.0025,0.002,0.002,1.56,2026-06-23T05:29:46,0.002,1.56
ip_shuffle,20260623T052946_276098,of:0000000000000001:1 -> of:000000000000000b:1,0.001,0.00125,0.001,0.001,1.39,2026-06-23T05:29:46,0.001,1.43
ip_shuffle,20260623T052946_276098,of:000000000000000b:2 -> of:000000000000000c:2,0.001,0.00125,0.001,0.001,1.43,2026-06-23T05:29:46,0.001,1.43
ip_shuffle,20260623T052946_276098,of:0000000000000001:2 -> of:000000000000000c:1,0.001,0.00125,0.001,0.001,1.36,2026-06-23T05:29:46,0.001,1.43
ip_shuffle,20260623T052946_276098,of:0000000000000006:2 -> of:000000000000000a:2,0.001,0.00125,0.001,0.001,1.53,2026-06-23T05:29:46,0.001,1.53
ip_shuffle,20260623T052946_276098,of:0000000000000001:3 -> of:000000000000000d:1,0.002,0.0025,0.002,0.002,1.96,2026-06-23T05:29:46,0.002,1.93
ip_shuffle,20260623T052946_276098,of:0000000000000003:1 -> of:000000000000000b:5,0.001,0.00125,0.001,0.001,1.43,2026-06-23T05:29:46,0.001,1.39
ip_shuffle,20260623T052946_276098,of:0000000000000006:1 -> of:000000000000000d:4,0.002,0.0025,0.002,0.002,1.46,2026-06-23T05:29:46,0.002,1.43
ip_shuffle,20260623T052946_276098,of:0000000000000007:2 -> of:000000000000000a:3,0.001,0.00125,0.001,0.001,1.53,2026-06-23T05:29:46,0.001,1.53
ip_shuffle,20260623T052946_276098,of:0000000000000007:1 -> of:000000000000000d:5,0.002,0.0025,0.002,0.002,1.86,2026-06-23T05:29:46,0.002,1.89
ip_shuffle,20260623T052946_276098,of:0000000000000002:2 -> of:0000000000000008:2,0.002,0.0025,0.002,0.002,1.63,2026-06-23T05:29:46,0.002,1.63
ip_shuffle,20260623T052946_276098,of:0000000000000003:2 -> of:0000000000000008:3,0.002,0.0025,0.002,0.002,1.63,2026-06-23T05:29:46,0.002,1.63
ip_shuffle,20260623T052946_276098,of:0000000000000008:1 -> of:000000000000000b:6,0.001,0.00125,0.001,0.001,1.39,2026-06-23T05:29:46,0.001,1.39
ip_shuffle,20260623T052946_276098,of:0000000000000004:2 -> of:0000000000000009:2,0.002,0.0025,0.002,0.002,1.56,2026-06-23T05:29:46,0.002,1.56
ip_shuffle,20260623T052946_276098,of:0000000000000002:1 -> of:000000000000000b:4,0.001,0.00125,0.001,0.001,1.43,2026-06-23T05:29:46,0.001,1.39
ip_shuffle,20260623T052946_276098,of:0000000000000009:1 -> of:000000000000000c:6,0.001,0.00125,0.001,0.001,1.33,2026-06-23T05:29:46,0.001,1.29
route_mutation,20260623T053044_016755,of:0000000000000004:1 -> of:000000000000000c:4,0.002,0.0025,0.002,0.002,2.26,2026-06-23T05:30:44,0.002,2.26
route_mutation,20260623T053044_016755,of:0000000000000005:1 -> of:000000000000000c:5,0.002,0.0025,0.002,0.002,1.6,2026-06-23T05:30:44,0.002,1.6
route_mutation,20260623T053044_016755,of:000000000000000a:1 -> of:000000000000000d:6,0.002,0.0025,0.002,0.002,1.53,2026-06-23T05:30:44,0.002,1.53
route_mutation,20260623T053044_016755,of:000000000000000b:3 -> of:000000000000000d:2,0.002,0.0025,0.002,0.002,1.8,2026-06-23T05:30:44,0.002,1.8
route_mutation,20260623T053044_016755,of:000000000000000c:3 -> of:000000000000000d:3,0.002,0.0025,0.002,0.002,1.8,2026-06-23T05:30:44,0.002,1.8
route_mutation,20260623T053044_016755,of:0000000000000005:2 -> of:0000000000000009:3,0.002,0.0025,0.002,0.002,1.86,2026-06-23T05:30:44,0.002,1.86
route_mutation,20260623T053044_016755,of:0000000000000001:1 -> of:000000000000000b:1,0.003,0.00375,0.003,0.003,3.59,2026-06-23T05:30:44,0.003,3.59
route_mutation,20260623T053044_016755,of:000000000000000b:2 -> of:000000000000000c:2,0.002,0.0025,0.002,0.002,1.86,2026-06-23T05:30:44,0.002,1.86
route_mutation,20260623T053044_016755,of:0000000000000001:2 -> of:000000000000000c:1,0.002,0.0025,0.002,0.002,2.13,2026-06-23T05:30:44,0.002,2.13
route_mutation,20260623T053044_016755,of:0000000000000006:2 -> of:000000000000000a:2,0.002,0.0025,0.002,0.002,1.86,2026-06-23T05:30:44,0.002,1.86
route_mutation,20260623T053044_016755,of:0000000000000001:3 -> of:000000000000000d:1,0.002,0.0025,0.002,0.002,2.26,2026-06-23T05:30:44,0.002,2.26
route_mutation,20260623T053044_016755,of:0000000000000003:1 -> of:000000000000000b:5,0.002,0.0025,0.002,0.002,2.56,2026-06-23T05:30:44,0.002,2.56
route_mutation,20260623T053044_016755,of:0000000000000006:1 -> of:000000000000000d:4,0.002,0.0025,0.002,0.002,2.13,2026-06-23T05:30:44,0.002,2.13
route_mutation,20260623T053044_016755,of:0000000000000007:2 -> of:000000000000000a:3,0.002,0.0025,0.002,0.002,1.86,2026-06-23T05:30:44,0.002,1.86
route_mutation,20260623T053044_016755,of:0000000000000007:1 -> of:000000000000000d:5,0.002,0.0025,0.002,0.002,2.33,2026-06-23T05:30:44,0.002,2.33
route_mutation,20260623T053044_016755,of:0000000000000002:2 -> of:0000000000000008:2,0.002,0.0025,0.002,0.002,1.8,2026-06-23T05:30:44,0.002,1.8
route_mutation,20260623T053044_016755,of:0000000000000003:2 -> of:0000000000000008:3,0.002,0.0025,0.002,0.002,1.8,2026-06-23T05:30:44,0.002,1.8
route_mutation,20260623T053044_016755,of:0000000000000008:1 -> of:000000000000000b:6,0.002,0.0025,0.002,0.002,1.6,2026-06-23T05:30:44,0.002,1.6
route_mutation,20260623T053044_016755,of:0000000000000004:2 -> of:0000000000000009:2,0.002,0.0025,0.002,0.002,1.86,2026-06-23T05:30:44,0.002,1.86
route_mutation,20260623T053044_016755,of:0000000000000002:1 -> of:000000000000000b:4,0.002,0.0025,0.002,0.002,2.56,2026-06-23T05:30:44,0.002,2.56
route_mutation,20260623T053044_016755,of:0000000000000009:1 -> of:000000000000000c:6,0.002,0.0025,0.002,0.002,1.6,2026-06-23T05:30:44,0.002,1.6
ip_shuffle,20260623T053114_251073,of:0000000000000004:1 -> of:000000000000000c:4,0.002,0.0025,0.002,0.002,1.96,2026-06-23T05:31:14,0.002,2.0
ip_shuffle,20260623T053114_251073,of:0000000000000005:1 -> of:000000000000000c:5,0.002,0.0025,0.002,0.002,2.63,2026-06-23T05:31:14,0.002,2.66
ip_shuffle,20260623T053114_251073,of:000000000000000a:1 -> of:000000000000000d:6,0.002,0.0025,0.002,0.002,1.93,2026-06-23T05:31:14,0.002,1.96
ip_shuffle,20260623T053114_251073,of:000000000000000b:3 -> of:000000000000000d:2,0.002,0.0025,0.002,0.002,2.56,2026-06-23T05:31:14,0.002,2.56
ip_shuffle,20260623T053114_251073,of:000000000000000c:3 -> of:000000000000000d:3,0.002,0.0025,0.002,0.002,2.6,2026-06-23T05:31:14,0.002,2.56
ip_shuffle,20260623T053114_251073,of:0000000000000005:2 -> of:0000000000000009:3,0.002,0.0025,0.002,0.002,2.43,2026-06-23T05:31:14,0.002,2.43
ip_shuffle,20260623T053114_251073,of:0000000000000001:1 -> of:000000000000000b:1,0.002,0.0025,0.002,0.002,1.93,2026-06-23T05:31:14,0.002,1.9
ip_shuffle,20260623T053114_251073,of:000000000000000b:2 -> of:000000000000000c:2,0.002,0.0025,0.002,0.002,2.53,2026-06-23T05:31:14,0.002,2.53
ip_shuffle,20260623T053114_251073,of:0000000000000001:2 -> of:000000000000000c:1,0.002,0.0025,0.002,0.002,2.96,2026-06-23T05:31:14,0.002,2.9
ip_shuffle,20260623T053114_251073,of:0000000000000006:2 -> of:000000000000000a:2,0.002,0.0025,0.002,0.002,2.46,2026-06-23T05:31:14,0.002,2.46
ip_shuffle,20260623T053114_251073,of:0000000000000001:3 -> of:000000000000000d:1,0.003,0.00375,0.003,0.003,3.63,2026-06-23T05:31:14,0.003,3.73
ip_shuffle,20260623T053114_251073,of:0000000000000003:1 -> of:000000000000000b:5,0.002,0.0025,0.002,0.002,1.9,2026-06-23T05:31:14,0.002,1.93
ip_shuffle,20260623T053114_251073,of:0000000000000006:1 -> of:000000000000000d:4,0.003,0.00375,0.003,0.003,3.26,2026-06-23T05:31:14,0.003,3.3
ip_shuffle,20260623T053114_251073,of:0000000000000007:2 -> of:000000000000000a:3,0.002,0.0025,0.002,0.002,2.46,2026-06-23T05:31:14,0.002,2.46
ip_shuffle,20260623T053114_251073,of:0000000000000007:1 -> of:000000000000000d:5,0.002,0.0025,0.002,0.002,2.56,2026-06-23T05:31:14,0.002,2.5
ip_shuffle,20260623T053114_251073,of:0000000000000002:2 -> of:0000000000000008:2,0.002,0.0025,0.002,0.002,2.5,2026-06-23T05:31:14,0.002,2.5
ip_shuffle,20260623T053114_251073,of:0000000000000003:2 -> of:0000000000000008:3,0.002,0.0025,0.002,0.002,2.5,2026-06-23T05:31:14,0.002,2.5
ip_shuffle,20260623T053114_251073,of:0000000000000008:1 -> of:000000000000000b:6,0.002,0.0025,0.002,0.002,1.93,2026-06-23T05:31:14,0.002,1.93
ip_shuffle,20260623T053114_251073,of:0000000000000004:2 -> of:0000000000000009:2,0.002,0.0025,0.002,0.002,2.43,2026-06-23T05:31:14,0.002,2.43
ip_shuffle,20260623T053114_251073,of:0000000000000002:1 -> of:000000000000000b:4,0.002,0.0025,0.002,0.002,1.9,2026-06-23T05:31:14,0.002,1.93
ip_shuffle,20260623T053114_251073,of:0000000000000009:1 -> of:000000000000000c:6,0.002,0.0025,0.002,0.002,1.93,2026-06-23T05:31:14,0.002,1.93
ip_shuffle,20260623T053212_096424,of:0000000000000004:1 -> of:000000000000000c:4,0.002,0.0025,0.002,0.002,1.63,2026-06-23T05:32:12,0.002,1.63
ip_shuffle,20260623T053212_096424,of:0000000000000005:1 -> of:000000000000000c:5,0.002,0.0025,0.002,0.002,1.6,2026-06-23T05:32:12,0.002,1.6
ip_shuffle,20260623T053212_096424,of:000000000000000a:1 -> of:000000000000000d:6,0.002,0.0025,0.002,0.002,1.53,2026-06-23T05:32:12,0.002,1.53
ip_shuffle,20260623T053212_096424,of:000000000000000b:3 -> of:000000000000000d:2,0.002,0.0025,0.002,0.002,1.8,2026-06-23T05:32:12,0.002,1.8
ip_shuffle,20260623T053212_096424,of:000000000000000c:3 -> of:000000000000000d:3,0.002,0.0025,0.002,0.002,1.8,2026-06-23T05:32:12,0.002,1.8
ip_shuffle,20260623T053212_096424,of:0000000000000005:2 -> of:0000000000000009:3,0.002,0.0025,0.002,0.002,1.86,2026-06-23T05:32:12,0.002,1.86
ip_shuffle,20260623T053212_096424,of:0000000000000001:1 -> of:000000000000000b:1,0.003,0.00375,0.003,0.003,3.43,2026-06-23T05:32:12,0.003,3.53
ip_shuffle,20260623T053212_096424,of:000000000000000b:2 -> of:000000000000000c:2,0.002,0.0025,0.002,0.002,1.86,2026-06-23T05:32:12,0.002,1.86
ip_shuffle,20260623T053212_096424,of:0000000000000001:2 -> of:000000000000000c:1,0.002,0.0025,0.002,0.002,1.56,2026-06-23T05:32:12,0.002,1.53
ip_shuffle,20260623T053212_096424,of:0000000000000006:2 -> of:000000000000000a:2,0.002,0.0025,0.002,0.002,1.86,2026-06-23T05:32:12,0.002,1.86
ip_shuffle,20260623T053212_096424,of:0000000000000001:3 -> of:000000000000000d:1,0.002,0.0025,0.002,0.002,2.06,2026-06-23T05:32:12,0.002,2.03
ip_shuffle,20260623T053212_096424,of:0000000000000003:1 -> of:000000000000000b:5,0.002,0.0025,0.002,0.002,2.56,2026-06-23T05:32:12,0.002,2.5
ip_shuffle,20260623T053212_096424,of:0000000000000006:1 -> of:000000000000000d:4,0.002,0.0025,0.002,0.002,1.53,2026-06-23T05:32:12,0.002,1.53
ip_shuffle,20260623T053212_096424,of:0000000000000007:2 -> of:000000000000000a:3,0.002,0.0025,0.002,0.002,1.86,2026-06-23T05:32:12,0.002,1.86
ip_shuffle,20260623T053212_096424,of:0000000000000007:1 -> of:000000000000000d:5,0.002,0.0025,0.002,0.002,2.13,2026-06-23T05:32:12,0.002,2.13
ip_shuffle,20260623T053212_096424,of:0000000000000002:2 -> of:0000000000000008:2,0.002,0.0025,0.002,0.002,1.86,2026-06-23T05:32:12,0.002,1.86
ip_shuffle,20260623T053212_096424,of:0000000000000003:2 -> of:0000000000000008:3,0.002,0.0025,0.002,0.002,1.86,2026-06-23T05:32:12,0.002,1.86
ip_shuffle,20260623T053212_096424,of:0000000000000008:1 -> of:000000000000000b:6,0.002,0.0025,0.002,0.002,1.6,2026-06-23T05:32:12,0.002,1.6
ip_shuffle,20260623T053212_096424,of:0000000000000004:2 -> of:0000000000000009:2,0.002,0.0025,0.002,0.002,1.86,2026-06-23T05:32:12,0.002,1.86
ip_shuffle,20260623T053212_096424,of:0000000000000002:1 -> of:000000000000000b:4,0.002,0.0025,0.002,0.002,2.63,2026-06-23T05:32:12,0.002,2.63
ip_shuffle,20260623T053212_096424,of:0000000000000009:1 -> of:000000000000000c:6,0.002,0.0025,0.002,0.002,1.6,2026-06-23T05:32:12,0.002,1.6
ip_shuffle,20260623T053309_910305,of:0000000000000004:1 -> of:000000000000000c:4,0.002,0.0025,0.002,0.002,1.83,2026-06-23T05:33:09,0.002,1.73
ip_shuffle,20260623T053309_910305,of:0000000000000005:1 -> of:000000000000000c:5,0.002,0.0025,0.002,0.002,1.83,2026-06-23T05:33:09,0.002,1.73
ip_shuffle,20260623T053309_910305,of:000000000000000a:1 -> of:000000000000000d:6,0.002,0.0025,0.002,0.002,1.73,2026-06-23T05:33:09,0.002,1.7
ip_shuffle,20260623T053309_910305,of:000000000000000b:3 -> of:000000000000000d:2,0.002,0.0025,0.002,0.002,2.16,2026-06-23T05:33:09,0.002,2.16
ip_shuffle,20260623T053309_910305,of:000000000000000c:3 -> of:000000000000000d:3,0.002,0.0025,0.002,0.002,2.16,2026-06-23T05:33:09,0.002,2.16
ip_shuffle,20260623T053309_910305,of:0000000000000005:2 -> of:0000000000000009:3,0.002,0.0025,0.002,0.002,2.3,2026-06-23T05:33:09,0.002,2.3
ip_shuffle,20260623T053309_910305,of:0000000000000001:1 -> of:000000000000000b:1,0.002,0.0025,0.002,0.002,1.73,2026-06-23T05:33:09,0.002,1.83
ip_shuffle,20260623T053309_910305,of:000000000000000b:2 -> of:000000000000000c:2,0.002,0.0025,0.002,0.002,2.13,2026-06-23T05:33:09,0.002,2.13
ip_shuffle,20260623T053309_910305,of:0000000000000001:2 -> of:000000000000000c:1,0.002,0.0025,0.002,0.002,1.73,2026-06-23T05:33:09,0.002,1.83
ip_shuffle,20260623T053309_910305,of:0000000000000006:2 -> of:000000000000000a:2,0.002,0.0025,0.002,0.002,2.3,2026-06-23T05:33:09,0.002,2.3
ip_shuffle,20260623T053309_910305,of:0000000000000001:3 -> of:000000000000000d:1,0.003,0.00375,0.003,0.003,3.86,2026-06-23T05:33:09,0.003,3.7
ip_shuffle,20260623T053309_910305,of:0000000000000003:1 -> of:000000000000000b:5,0.002,0.0025,0.002,0.002,1.83,2026-06-23T05:33:09,0.002,1.73
ip_shuffle,20260623T053309_910305,of:0000000000000006:1 -> of:000000000000000d:4,0.002,0.0025,0.002,0.002,2.6,2026-06-23T05:33:09,0.002,2.53
ip_shuffle,20260623T053309_910305,of:0000000000000007:2 -> of:000000000000000a:3,0.002,0.0025,0.002,0.002,2.23,2026-06-23T05:33:09,0.002,2.23
ip_shuffle,20260623T053309_910305,of:0000000000000007:1 -> of:000000000000000d:5,0.003,0.00375,0.003,0.003,3.03,2026-06-23T05:33:09,0.003,3.06
ip_shuffle,20260623T053309_910305,of:0000000000000002:2 -> of:0000000000000008:2,0.002,0.0025,0.002,0.002,2.3,2026-06-23T05:33:09,0.002,2.3
ip_shuffle,20260623T053309_910305,of:0000000000000003:2 -> of:0000000000000008:3,0.002,0.0025,0.002,0.002,2.3,2026-06-23T05:33:09,0.002,2.3
ip_shuffle,20260623T053309_910305,of:0000000000000008:1 -> of:000000000000000b:6,0.001,0.00125,0.001,0.001,1.66,2026-06-23T05:33:09,0.001,1.66
ip_shuffle,20260623T053309_910305,of:0000000000000004:2 -> of:0000000000000009:2,0.002,0.0025,0.002,0.002,2.3,2026-06-23T05:33:09,0.002,2.3
ip_shuffle,20260623T053309_910305,of:0000000000000002:1 -> of:000000000000000b:4,0.002,0.0025,0.002,0.002,1.83,2026-06-23T05:33:09,0.002,1.73
ip_shuffle,20260623T053309_910305,of:0000000000000009:1 -> of:000000000000000c:6,0.001,0.00125,0.001,0.001,1.66,2026-06-23T05:33:09,0.001,1.66
ip_shuffle,20260623T053413_940862,of:0000000000000004:1 -> of:000000000000000c:4,0.002,0.0025,0.002,0.002,2.5,2026-06-23T05:34:13,0.002,2.53
ip_shuffle,20260623T053413_940862,of:0000000000000005:1 -> of:000000000000000c:5,0.002,0.0025,0.002,0.002,2.5,2026-06-23T05:34:13,0.002,2.53
ip_shuffle,20260623T053413_940862,of:000000000000000a:1 -> of:000000000000000d:6,0.002,0.0025,0.002,0.002,1.8,2026-06-23T05:34:13,0.002,1.83
ip_shuffle,20260623T053413_940862,of:000000000000000b:3 -> of:000000000000000d:2,0.002,0.0025,0.002,0.002,2.3,2026-06-23T05:34:13,0.002,2.3
ip_shuffle,20260623T053413_940862,of:000000000000000c:3 -> of:000000000000000d:3,0.002,0.0025,0.002,0.002,2.36,2026-06-23T05:34:13,0.002,2.36
ip_shuffle,20260623T053413_940862,of:0000000000000005:2 -> of:0000000000000009:3,0.002,0.0025,0.002,0.002,2.16,2026-06-23T05:34:13,0.002,2.16
ip_shuffle,20260623T053413_940862,of:0000000000000001:1 -> of:000000000000000b:1,0.002,0.0025,0.002,0.002,2.36,2026-06-23T05:34:13,0.002,2.3
ip_shuffle,20260623T053413_940862,of:000000000000000b:2 -> of:000000000000000c:2,0.002,0.0025,0.002,0.002,2.26,2026-06-23T05:34:13,0.002,2.26
ip_shuffle,20260623T053413_940862,of:0000000000000001:2 -> of:000000000000000c:1,0.003,0.00375,0.003,0.003,3.4,2026-06-23T05:34:13,0.003,3.33
ip_shuffle,20260623T053413_940862,of:0000000000000006:2 -> of:000000000000000a:2,0.002,0.0025,0.002,0.002,2.16,2026-06-23T05:34:13,0.002,2.16
ip_shuffle,20260623T053413_940862,of:0000000000000001:3 -> of:000000000000000d:1,0.003,0.00375,0.003,0.003,3.6,2026-06-23T05:34:13,0.003,3.73
ip_shuffle,20260623T053413_940862,of:0000000000000003:1 -> of:000000000000000b:5,0.002,0.0025,0.002,0.002,2.26,2026-06-23T05:34:13,0.002,2.3
ip_shuffle,20260623T053413_940862,of:0000000000000006:1 -> of:000000000000000d:4,0.003,0.00375,0.003,0.003,3.06,2026-06-23T05:34:13,0.003,2.96
ip_shuffle,20260623T053413_940862,of:0000000000000007:2 -> of:000000000000000a:3,0.002,0.0025,0.002,0.002,2.23,2026-06-23T05:34:13,0.002,2.23
ip_shuffle,20260623T053413_940862,of:0000000000000007:1 -> of:000000000000000d:5,0.002,0.0025,0.002,0.002,2.43,2026-06-23T05:34:13,0.002,2.5
ip_shuffle,20260623T053413_940862,of:0000000000000002:2 -> of:0000000000000008:2,0.002,0.0025,0.002,0.002,2.13,2026-06-23T05:34:13,0.002,2.13
ip_shuffle,20260623T053413_940862,of:0000000000000003:2 -> of:0000000000000008:3,0.002,0.0025,0.002,0.002,2.13,2026-06-23T05:34:13,0.002,2.13
ip_shuffle,20260623T053413_940862,of:0000000000000008:1 -> of:000000000000000b:6,0.002,0.0025,0.002,0.002,1.8,2026-06-23T05:34:13,0.002,1.8
ip_shuffle,20260623T053413_940862,of:0000000000000004:2 -> of:0000000000000009:2,0.002,0.0025,0.002,0.002,2.16,2026-06-23T05:34:13,0.002,2.16
ip_shuffle,20260623T053413_940862,of:0000000000000002:1 -> of:000000000000000b:4,0.002,0.0025,0.002,0.002,1.7,2026-06-23T05:34:13,0.002,1.73
ip_shuffle,20260623T053413_940862,of:0000000000000009:1 -> of:000000000000000c:6,0.002,0.0025,0.002,0.002,1.8,2026-06-23T05:34:13,0.002,1.8
route_mutation,20260623T053511_621713,of:0000000000000004:1 -> of:000000000000000c:4,0.002,0.0025,0.002,0.002,1.5,2026-06-23T05:35:11,0.002,1.5
route_mutation,20260623T053511_621713,of:0000000000000005:1 -> of:000000000000000c:5,0.002,0.0025,0.002,0.002,1.5,2026-06-23T05:35:11,0.002,1.5
route_mutation,20260623T053511_621713,of:000000000000000a:1 -> of:000000000000000d:6,0.001,0.00125,0.001,0.001,1.43,2026-06-23T05:35:11,0.001,1.43
route_mutation,20260623T053511_621713,of:000000000000000b:3 -> of:000000000000000d:2,0.002,0.0025,0.002,0.002,1.6,2026-06-23T05:35:11,0.002,1.6
route_mutation,20260623T053511_621713,of:000000000000000c:3 -> of:000000000000000d:3,0.002,0.0025,0.002,0.002,1.6,2026-06-23T05:35:11,0.002,1.6
route_mutation,20260623T053511_621713,of:0000000000000005:2 -> of:0000000000000009:3,0.002,0.0025,0.002,0.002,1.67,2026-06-23T05:35:11,0.002,1.67
route_mutation,20260623T053511_621713,of:0000000000000001:1 -> of:000000000000000b:1,0.002,0.0025,0.002,0.002,2.26,2026-06-23T05:35:11,0.002,2.26
route_mutation,20260623T053511_621713,of:000000000000000b:2 -> of:000000000000000c:2,0.002,0.0025,0.002,0.002,1.67,2026-06-23T05:35:11,0.002,1.67
route_mutation,20260623T053511_621713,of:0000000000000001:2 -> of:000000000000000c:1,0.001,0.00125,0.001,0.001,1.43,2026-06-23T05:35:11,0.001,1.43
route_mutation,20260623T053511_621713,of:0000000000000006:2 -> of:000000000000000a:2,0.002,0.0025,0.002,0.002,1.67,2026-06-23T05:35:11,0.002,1.67
route_mutation,20260623T053511_621713,of:0000000000000001:3 -> of:000000000000000d:1,0.002,0.0025,0.002,0.002,2.0,2026-06-23T05:35:11,0.002,2.0
route_mutation,20260623T053511_621713,of:0000000000000003:1 -> of:000000000000000b:5,0.002,0.0025,0.002,0.002,1.5,2026-06-23T05:35:11,0.002,1.5
route_mutation,20260623T053511_621713,of:0000000000000006:1 -> of:000000000000000d:4,0.001,0.00125,0.001,0.001,1.43,2026-06-23T05:35:11,0.001,1.43
route_mutation,20260623T053511_621713,of:0000000000000007:2 -> of:000000000000000a:3,0.002,0.0025,0.002,0.002,1.67,2026-06-23T05:35:11,0.002,1.67
route_mutation,20260623T053511_621713,of:0000000000000007:1 -> of:000000000000000d:5,0.002,0.0025,0.002,0.002,2.06,2026-06-23T05:35:11,0.002,2.06
route_mutation,20260623T053511_621713,of:0000000000000002:2 -> of:0000000000000008:2,0.002,0.0025,0.002,0.002,1.67,2026-06-23T05:35:11,0.002,1.67
route_mutation,20260623T053511_621713,of:0000000000000003:2 -> of:0000000000000008:3,0.002,0.0025,0.002,0.002,1.67,2026-06-23T05:35:11,0.002,1.67
route_mutation,20260623T053511_621713,of:0000000000000008:1 -> of:000000000000000b:6,0.002,0.0025,0.002,0.002,1.5,2026-06-23T05:35:11,0.002,1.5
route_mutation,20260623T053511_621713,of:0000000000000004:2 -> of:0000000000000009:2,0.002,0.0025,0.002,0.002,1.67,2026-06-23T05:35:11,0.002,1.67
route_mutation,20260623T053511_621713,of:0000000000000002:1 -> of:000000000000000b:4,0.002,0.0025,0.002,0.002,2.36,2026-06-23T05:35:11,0.002,2.33
route_mutation,20260623T053511_621713,of:0000000000000009:1 -> of:000000000000000c:6,0.002,0.0025,0.002,0.002,1.5,2026-06-23T05:35:11,0.002,1.5
ip_shuffle,20260623T053541_931583,of:0000000000000004:1 -> of:000000000000000c:4,0.002,0.0025,0.002,0.002,2.3,2026-06-23T05:35:41,0.002,2.33
ip_shuffle,20260623T053541_931583,of:0000000000000005:1 -> of:000000000000000c:5,0.002,0.0025,0.002,0.002,2.3,2026-06-23T05:35:41,0.002,2.33
ip_shuffle,20260623T053541_931583,of:000000000000000a:1 -> of:000000000000000d:6,0.002,0.0025,0.002,0.002,1.6,2026-06-23T05:35:41,0.002,1.6
ip_shuffle,20260623T053541_931583,of:000000000000000b:3 -> of:000000000000000d:2,0.002,0.0025,0.002,0.002,1.86,2026-06-23T05:35:41,0.002,1.86
ip_shuffle,20260623T053541_931583,of:000000000000000c:3 -> of:000000000000000d:3,0.002,0.0025,0.002,0.002,1.86,2026-06-23T05:35:41,0.002,1.86
ip_shuffle,20260623T053541_931583,of:0000000000000005:2 -> of:0000000000000009:3,0.002,0.0025,0.002,0.002,1.73,2026-06-23T05:35:41,0.002,1.73
ip_shuffle,20260623T053541_931583,of:0000000000000001:1 -> of:000000000000000b:1,0.003,0.00375,0.003,0.003,2.96,2026-06-23T05:35:41,0.003,3.03
ip_shuffle,20260623T053541_931583,of:000000000000000b:2 -> of:000000000000000c:2,0.002,0.0025,0.002,0.002,1.86,2026-06-23T05:35:41,0.002,1.86
ip_shuffle,20260623T053541_931583,of:0000000000000001:2 -> of:000000000000000c:1,0.003,0.00375,0.003,0.003,3.33,2026-06-23T05:35:41,0.003,3.4
ip_shuffle,20260623T053541_931583,of:0000000000000006:2 -> of:000000000000000a:2,0.002,0.0025,0.002,0.002,1.76,2026-06-23T05:35:41,0.002,1.76
ip_shuffle,20260623T053541_931583,of:0000000000000001:3 -> of:000000000000000d:1,0.002,0.0025,0.002,0.002,2.36,2026-06-23T05:35:41,0.002,2.26
ip_shuffle,20260623T053541_931583,of:0000000000000003:1 -> of:000000000000000b:5,0.002,0.0025,0.002,0.002,2.5,2026-06-23T05:35:41,0.002,2.56
ip_shuffle,20260623T053541_931583,of:0000000000000006:1 -> of:000000000000000d:4,0.002,0.0025,0.002,0.002,1.9,2026-06-23T05:35:41,0.002,1.86
ip_shuffle,20260623T053541_931583,of:0000000000000007:2 -> of:000000000000000a:3,0.002,0.0025,0.002,0.002,1.83,2026-06-23T05:35:41,0.002,1.83
ip_shuffle,20260623T053541_931583,of:0000000000000007:1 -> of:000000000000000d:5,0.002,0.0025,0.002,0.002,1.57,2026-06-23T05:35:41,0.002,1.6
ip_shuffle,20260623T053541_931583,of:0000000000000002:2 -> of:0000000000000008:2,0.002,0.0025,0.002,0.002,1.7,2026-06-23T05:35:41,0.002,1.7
ip_shuffle,20260623T053541_931583,of:0000000000000003:2 -> of:0000000000000008:3,0.002,0.0025,0.002,0.002,1.7,2026-06-23T05:35:41,0.002,1.7
ip_shuffle,20260623T053541_931583,of:0000000000000008:1 -> of:000000000000000b:6,0.002,0.0025,0.002,0.002,1.57,2026-06-23T05:35:41,0.002,1.6
ip_shuffle,20260623T053541_931583,of:0000000000000004:2 -> of:0000000000000009:2,0.002,0.0025,0.002,0.002,1.73,2026-06-23T05:35:41,0.002,1.73
ip_shuffle,20260623T053541_931583,of:0000000000000002:1 -> of:000000000000000b:4,0.002,0.0025,0.002,0.002,1.63,2026-06-23T05:35:41,0.002,1.73
ip_shuffle,20260623T053541_931583,of:0000000000000009:1 -> of:000000000000000c:6,0.002,0.0025,0.002,0.002,1.6,2026-06-23T05:35:41,0.002,1.6
ip_shuffle,20260623T053639_856050,of:0000000000000004:1 -> of:000000000000000c:4,0.002,0.0025,0.002,0.002,1.5,2026-06-23T05:36:39,0.002,1.43
ip_shuffle,20260623T053639_856050,of:0000000000000005:1 -> of:000000000000000c:5,0.002,0.0025,0.002,0.002,1.5,2026-06-23T05:36:39,0.002,1.43
ip_shuffle,20260623T053639_856050,of:000000000000000a:1 -> of:000000000000000d:6,0.001,0.00125,0.001,0.001,1.37,2026-06-23T05:36:39,0.001,1.37
ip_shuffle,20260623T053639_856050,of:000000000000000b:3 -> of:000000000000000d:2,0.001,0.00125,0.001,0.001,1.47,2026-06-23T05:36:39,0.001,1.47
ip_shuffle,20260623T053639_856050,of:000000000000000c:3 -> of:000000000000000d:3,0.001,0.00125,0.001,0.001,1.47,2026-06-23T05:36:39,0.001,1.47
ip_shuffle,20260623T053639_856050,of:0000000000000005:2 -> of:0000000000000009:3,0.002,0.0025,0.002,0.002,1.6,2026-06-23T05:36:39,0.002,1.6
ip_shuffle,20260623T053639_856050,of:0000000000000001:1 -> of:000000000000000b:1,0.002,0.0025,0.002,0.002,1.6,2026-06-23T05:36:39,0.002,1.6
ip_shuffle,20260623T053639_856050,of:000000000000000b:2 -> of:000000000000000c:2,0.002,0.0025,0.002,0.002,1.53,2026-06-23T05:36:39,0.002,1.53
ip_shuffle,20260623T053639_856050,of:0000000000000001:2 -> of:000000000000000c:1,0.002,0.0025,0.002,0.002,1.43,2026-06-23T05:36:39,0.002,1.43
ip_shuffle,20260623T053639_856050,of:0000000000000006:2 -> of:000000000000000a:2,0.002,0.0025,0.002,0.002,1.53,2026-06-23T05:36:39,0.002,1.53
ip_shuffle,20260623T053639_856050,of:0000000000000001:3 -> of:000000000000000d:1,0.002,0.0025,0.002,0.002,1.73,2026-06-23T05:36:39,0.002,1.73
ip_shuffle,20260623T053639_856050,of:0000000000000003:1 -> of:000000000000000b:5,0.002,0.0025,0.002,0.002,1.47,2026-06-23T05:36:39,0.002,1.43
ip_shuffle,20260623T053639_856050,of:0000000000000006:1 -> of:000000000000000d:4,0.001,0.00125,0.001,0.001,1.37,2026-06-23T05:36:39,0.001,1.37
ip_shuffle,20260623T053639_856050,of:0000000000000007:2 -> of:000000000000000a:3,0.002,0.0025,0.002,0.002,1.53,2026-06-23T05:36:39,0.002,1.53
ip_shuffle,20260623T053639_856050,of:0000000000000007:1 -> of:000000000000000d:5,0.002,0.0025,0.002,0.002,1.9,2026-06-23T05:36:39,0.002,1.9
ip_shuffle,20260623T053639_856050,of:0000000000000002:2 -> of:0000000000000008:2,0.002,0.0025,0.002,0.002,1.57,2026-06-23T05:36:39,0.002,1.57
ip_shuffle,20260623T053639_856050,of:0000000000000003:2 -> of:0000000000000008:3,0.002,0.0025,0.002,0.002,1.57,2026-06-23T05:36:39,0.002,1.57
ip_shuffle,20260623T053639_856050,of:0000000000000008:1 -> of:000000000000000b:6,0.002,0.0025,0.002,0.002,1.43,2026-06-23T05:36:39,0.002,1.43
ip_shuffle,20260623T053639_856050,of:0000000000000004:2 -> of:0000000000000009:2,0.002,0.0025,0.002,0.002,1.6,2026-06-23T05:36:39,0.002,1.6
ip_shuffle,20260623T053639_856050,of:0000000000000002:1 -> of:000000000000000b:4,0.002,0.0025,0.002,0.002,1.63,2026-06-23T05:36:39,0.002,1.5
ip_shuffle,20260623T053639_856050,of:0000000000000009:1 -> of:000000000000000c:6,0.002,0.0025,0.002,0.002,1.43,2026-06-23T05:36:39,0.002,1.43
route_mutation,20260623T053737_564921,of:0000000000000004:1 -> of:000000000000000c:4,0.002,0.0025,0.002,0.002,2.1,2026-06-23T05:37:37,0.002,2.13
route_mutation,20260623T053737_564921,of:0000000000000005:1 -> of:000000000000000c:5,0.002,0.0025,0.002,0.002,2.73,2026-06-23T05:37:37,0.002,2.76
route_mutation,20260623T053737_564921,of:000000000000000a:1 -> of:000000000000000d:6,0.002,0.0025,0.002,0.002,1.9,2026-06-23T05:37:37,0.002,1.93
route_mutation,20260623T053737_564921,of:000000000000000b:3 -> of:000000000000000d:2,0.002,0.0025,0.002,0.002,2.56,2026-06-23T05:37:37,0.002,2.56
route_mutation,20260623T053737_564921,of:000000000000000c:3 -> of:000000000000000d:3,0.002,0.0025,0.002,0.002,2.63,2026-06-23T05:37:37,0.002,2.63
route_mutation,20260623T053737_564921,of:0000000000000005:2 -> of:0000000000000009:3,0.002,0.0025,0.002,0.002,2.5,2026-06-23T05:37:37,0.002,2.5
route_mutation,20260623T053737_564921,of:0000000000000001:1 -> of:000000000000000b:1,0.002,0.0025,0.002,0.002,1.83,2026-06-23T05:37:37,0.002,1.93
route_mutation,20260623T053737_564921,of:000000000000000b:2 -> of:000000000000000c:2,0.002,0.0025,0.002,0.002,2.53,2026-06-23T05:37:37,0.002,2.53
route_mutation,20260623T053737_564921,of:0000000000000001:2 -> of:000000000000000c:1,0.002,0.0025,0.002,0.002,2.63,2026-06-23T05:37:37,0.002,2.73
route_mutation,20260623T053737_564921,of:0000000000000006:2 -> of:000000000000000a:2,0.002,0.0025,0.002,0.002,2.43,2026-06-23T05:37:37,0.002,2.43
route_mutation,20260623T053737_564921,of:0000000000000001:3 -> of:000000000000000d:1,0.003,0.00375,0.003,0.003,3.9,2026-06-23T05:37:37,0.003,3.8
route_mutation,20260623T053737_564921,of:0000000000000003:1 -> of:000000000000000b:5,0.002,0.0025,0.002,0.002,1.86,2026-06-23T05:37:37,0.002,1.9
route_mutation,20260623T053737_564921,of:0000000000000006:1 -> of:000000000000000d:4,0.003,0.00375,0.003,0.003,3.53,2026-06-23T05:37:37,0.003,3.66
route_mutation,20260623T053737_564921,of:0000000000000007:2 -> of:000000000000000a:3,0.002,0.0025,0.002,0.002,2.43,2026-06-23T05:37:37,0.002,2.43
route_mutation,20260623T053737_564921,of:0000000000000007:1 -> of:000000000000000d:5,0.002,0.0025,0.002,0.002,2.43,2026-06-23T05:37:37,0.002,2.4
route_mutation,20260623T053737_564921,of:0000000000000002:2 -> of:0000000000000008:2,0.002,0.0025,0.002,0.002,2.5,2026-06-23T05:37:37,0.002,2.5
route_mutation,20260623T053737_564921,of:0000000000000003:2 -> of:0000000000000008:3,0.002,0.0025,0.002,0.002,2.5,2026-06-23T05:37:37,0.002,2.5
route_mutation,20260623T053737_564921,of:0000000000000008:1 -> of:000000000000000b:6,0.002,0.0025,0.002,0.002,1.83,2026-06-23T05:37:37,0.002,1.83
route_mutation,20260623T053737_564921,of:0000000000000004:2 -> of:0000000000000009:2,0.002,0.0025,0.002,0.002,2.5,2026-06-23T05:37:37,0.002,2.5
route_mutation,20260623T053737_564921,of:0000000000000002:1 -> of:000000000000000b:4,0.002,0.0025,0.002,0.002,1.86,2026-06-23T05:37:37,0.002,1.9
route_mutation,20260623T053737_564921,of:0000000000000009:1 -> of:000000000000000c:6,0.002,0.0025,0.002,0.002,1.9,2026-06-23T05:37:37,0.002,1.9
ip_shuffle,20260623T053807_926911,of:0000000000000004:1 -> of:000000000000000c:4,0.002,0.0025,0.002,0.002,1.67,2026-06-23T05:38:07,0.002,1.63
ip_shuffle,20260623T053807_926911,of:0000000000000005:1 -> of:000000000000000c:5,0.002,0.0025,0.002,0.002,1.67,2026-06-23T05:38:07,0.002,1.63
ip_shuffle,20260623T053807_926911,of:000000000000000a:1 -> of:000000000000000d:6,0.002,0.0025,0.002,0.002,1.63,2026-06-23T05:38:07,0.002,1.6
ip_shuffle,20260623T053807_926911,of:000000000000000b:3 -> of:000000000000000d:2,0.002,0.0025,0.002,0.002,1.96,2026-06-23T05:38:07,0.002,1.96
ip_shuffle,20260623T053807_926911,of:000000000000000c:3 -> of:000000000000000d:3,0.002,0.0025,0.002,0.002,1.9,2026-06-23T05:38:07,0.002,1.9
ip_shuffle,20260623T053807_926911,of:0000000000000005:2 -> of:0000000000000009:3,0.002,0.0025,0.002,0.002,2.1,2026-06-23T05:38:07,0.002,2.1
ip_shuffle,20260623T053807_926911,of:0000000000000001:1 -> of:000000000000000b:1,0.002,0.0025,0.002,0.002,1.7,2026-06-23T05:38:07,0.002,1.6
ip_shuffle,20260623T053807_926911,of:000000000000000b:2 -> of:000000000000000c:2,0.002,0.0025,0.002,0.002,2.0,2026-06-23T05:38:07,0.002,2.0
ip_shuffle,20260623T053807_926911,of:0000000000000001:2 -> of:000000000000000c:1,0.002,0.0025,0.002,0.002,1.63,2026-06-23T05:38:07,0.002,1.53
ip_shuffle,20260623T053807_926911,of:0000000000000006:2 -> of:000000000000000a:2,0.002,0.0025,0.002,0.002,2.1,2026-06-23T05:38:07,0.002,2.1
ip_shuffle,20260623T053807_926911,of:0000000000000001:3 -> of:000000000000000d:1,0.002,0.0025,0.002,0.002,2.33,2026-06-23T05:38:07,0.002,2.43
ip_shuffle,20260623T053807_926911,of:0000000000000003:1 -> of:000000000000000b:5,0.002,0.0025,0.002,0.002,1.73,2026-06-23T05:38:07,0.002,1.7
ip_shuffle,20260623T053807_926911,of:0000000000000006:1 -> of:000000000000000d:4,0.002,0.0025,0.002,0.002,1.73,2026-06-23T05:38:07,0.002,1.6
ip_shuffle,20260623T053807_926911,of:0000000000000007:2 -> of:000000000000000a:3,0.002,0.0025,0.002,0.002,2.1,2026-06-23T05:38:07,0.002,2.1
ip_shuffle,20260623T053807_926911,of:0000000000000007:1 -> of:000000000000000d:5,0.002,0.0025,0.002,0.002,2.6,2026-06-23T05:38:07,0.002,2.63
ip_shuffle,20260623T053807_926911,of:0000000000000002:2 -> of:0000000000000008:2,0.002,0.0025,0.002,0.002,2.1,2026-06-23T05:38:07,0.002,2.1
ip_shuffle,20260623T053807_926911,of:0000000000000003:2 -> of:0000000000000008:3,0.002,0.0025,0.002,0.002,2.1,2026-06-23T05:38:07,0.002,2.1
ip_shuffle,20260623T053807_926911,of:0000000000000008:1 -> of:000000000000000b:6,0.002,0.0025,0.002,0.002,1.7,2026-06-23T05:38:07,0.002,1.7
ip_shuffle,20260623T053807_926911,of:0000000000000004:2 -> of:0000000000000009:2,0.002,0.0025,0.002,0.002,2.1,2026-06-23T05:38:07,0.002,2.1
ip_shuffle,20260623T053807_926911,of:0000000000000002:1 -> of:000000000000000b:4,0.002,0.0025,0.002,0.002,1.73,2026-06-23T05:38:07,0.002,1.7
ip_shuffle,20260623T053807_926911,of:0000000000000009:1 -> of:000000000000000c:6,0.002,0.0025,0.002,0.002,1.63,2026-06-23T05:38:07,0.002,1.63
route_mutation,20260623T053912_163457,of:0000000000000004:1 -> of:000000000000000c:4,0.002,0.0025,0.002,0.002,2.66,2026-06-23T05:39:12,0.002,2.66
route_mutation,20260623T053912_163457,of:0000000000000005:1 -> of:000000000000000c:5,0.002,0.0025,0.002,0.002,2.66,2026-06-23T05:39:12,0.002,2.66
route_mutation,20260623T053912_163457,of:000000000000000a:1 -> of:000000000000000d:6,0.002,0.0025,0.002,0.002,1.76,2026-06-23T05:39:12,0.002,1.76
route_mutation,20260623T053912_163457,of:000000000000000b:3 -> of:000000000000000d:2,0.002,0.0025,0.002,0.002,2.3,2026-06-23T05:39:12,0.002,2.3
route_mutation,20260623T053912_163457,of:000000000000000c:3 -> of:000000000000000d:3,0.002,0.0025,0.002,0.002,2.36,2026-06-23T05:39:12,0.002,2.36
route_mutation,20260623T053912_163457,of:0000000000000005:2 -> of:0000000000000009:3,0.002,0.0025,0.002,0.002,2.3,2026-06-23T05:39:12,0.002,2.3
route_mutation,20260623T053912_163457,of:0000000000000001:1 -> of:000000000000000b:1,0.002,0.0025,0.002,0.002,1.83,2026-06-23T05:39:12,0.002,2.0
route_mutation,20260623T053912_163457,of:000000000000000b:2 -> of:000000000000000c:2,0.002,0.0025,0.002,0.002,2.33,2026-06-23T05:39:12,0.002,2.33
route_mutation,20260623T053912_163457,of:0000000000000001:2 -> of:000000000000000c:1,0.003,0.00375,0.003,0.003,3.43,2026-06-23T05:39:12,0.003,3.39
route_mutation,20260623T053912_163457,of:0000000000000006:2 -> of:000000000000000a:2,0.002,0.0025,0.002,0.002,2.23,2026-06-23T05:39:12,0.002,2.23
route_mutation,20260623T053912_163457,of:0000000000000001:3 -> of:000000000000000d:1,0.003,0.00375,0.003,0.003,3.59,2026-06-23T05:39:12,0.003,3.46
route_mutation,20260623T053912_163457,of:0000000000000003:1 -> of:000000000000000b:5,0.002,0.0025,0.002,0.002,2.0,2026-06-23T05:39:12,0.002,2.06
route_mutation,20260623T053912_163457,of:0000000000000006:1 -> of:000000000000000d:4,0.003,0.00375,0.003,0.003,2.99,2026-06-23T05:39:12,0.002,2.86
route_mutation,20260623T053912_163457,of:0000000000000007:2 -> of:000000000000000a:3,0.002,0.0025,0.002,0.002,2.2,2026-06-23T05:39:12,0.002,2.2
route_mutation,20260623T053912_163457,of:0000000000000007:1 -> of:000000000000000d:5,0.002,0.0025,0.002,0.002,2.4,2026-06-23T05:39:12,0.002,2.4
route_mutation,20260623T053912_163457,of:0000000000000002:2 -> of:0000000000000008:2,0.002,0.0025,0.002,0.002,2.26,2026-06-23T05:39:12,0.002,2.26
route_mutation,20260623T053912_163457,of:0000000000000003:2 -> of:0000000000000008:3,0.002,0.0025,0.002,0.002,2.26,2026-06-23T05:39:12,0.002,2.26
route_mutation,20260623T053912_163457,of:0000000000000008:1 -> of:000000000000000b:6,0.002,0.0025,0.002,0.002,1.7,2026-06-23T05:39:12,0.002,1.73
route_mutation,20260623T053912_163457,of:0000000000000004:2 -> of:0000000000000009:2,0.002,0.0025,0.002,0.002,2.3,2026-06-23T05:39:12,0.002,2.3
route_mutation,20260623T053912_163457,of:0000000000000002:1 -> of:000000000000000b:4,0.002,0.0025,0.002,0.002,1.76,2026-06-23T05:39:12,0.002,1.8
route_mutation,20260623T053912_163457,of:0000000000000009:1 -> of:000000000000000c:6,0.002,0.0025,0.002,0.002,1.76,2026-06-23T05:39:12,0.002,1.8
route_mutation,20260623T053942_442515,of:0000000000000004:1 -> of:000000000000000c:4,0.002,0.0025,0.002,0.002,1.9,2026-06-23T05:39:42,0.002,1.86
route_mutation,20260623T053942_442515,of:0000000000000005:1 -> of:000000000000000c:5,0.002,0.0025,0.002,0.002,1.9,2026-06-23T05:39:42,0.002,1.86
route_mutation,20260623T053942_442515,of:000000000000000a:1 -> of:000000000000000d:6,0.002,0.0025,0.002,0.002,1.9,2026-06-23T05:39:42,0.002,1.86
route_mutation,20260623T053942_442515,of:000000000000000b:3 -> of:000000000000000d:2,0.002,0.0025,0.002,0.002,2.46,2026-06-23T05:39:42,0.002,2.46
route_mutation,20260623T053942_442515,of:000000000000000c:3 -> of:000000000000000d:3,0.002,0.0025,0.002,0.002,2.4,2026-06-23T05:39:42,0.002,2.4
route_mutation,20260623T053942_442515,of:0000000000000005:2 -> of:0000000000000009:3,0.002,0.0025,0.002,0.002,2.6,2026-06-23T05:39:42,0.002,2.6
route_mutation,20260623T053942_442515,of:0000000000000001:1 -> of:000000000000000b:1,0.002,0.0025,0.002,0.002,1.86,2026-06-23T05:39:42,0.002,1.76
route_mutation,20260623T053942_442515,of:000000000000000b:2 -> of:000000000000000c:2,0.002,0.0025,0.002,0.002,2.46,2026-06-23T05:39:42,0.002,2.46
route_mutation,20260623T053942_442515,of:0000000000000001:2 -> of:000000000000000c:1,0.002,0.0025,0.002,0.002,1.8,2026-06-23T05:39:42,0.002,1.7
route_mutation,20260623T053942_442515,of:0000000000000006:2 -> of:000000000000000a:2,0.002,0.0025,0.002,0.002,2.6,2026-06-23T05:39:42,0.002,2.6
route_mutation,20260623T053942_442515,of:0000000000000001:3 -> of:000000000000000d:1,0.003,0.00375,0.003,0.003,3.1,2026-06-23T05:39:42,0.003,3.23
route_mutation,20260623T053942_442515,of:0000000000000003:1 -> of:000000000000000b:5,0.002,0.0025,0.002,0.002,2.0,2026-06-23T05:39:42,0.002,1.93
route_mutation,20260623T053942_442515,of:0000000000000006:1 -> of:000000000000000d:4,0.002,0.0025,0.002,0.002,2.06,2026-06-23T05:39:42,0.002,2.1
route_mutation,20260623T053942_442515,of:0000000000000007:2 -> of:000000000000000a:3,0.002,0.0025,0.002,0.002,2.6,2026-06-23T05:39:42,0.002,2.6
route_mutation,20260623T053942_442515,of:0000000000000007:1 -> of:000000000000000d:5,0.003,0.00375,0.003,0.003,3.23,2026-06-23T05:39:42,0.003,3.2
route_mutation,20260623T053942_442515,of:0000000000000002:2 -> of:0000000000000008:2,0.002,0.0025,0.002,0.002,2.63,2026-06-23T05:39:42,0.002,2.63
route_mutation,20260623T053942_442515,of:0000000000000003:2 -> of:0000000000000008:3,0.002,0.0025,0.002,0.002,2.63,2026-06-23T05:39:42,0.002,2.63
route_mutation,20260623T053942_442515,of:0000000000000008:1 -> of:000000000000000b:6,0.002,0.0025,0.002,0.002,1.96,2026-06-23T05:39:42,0.002,1.93
route_mutation,20260623T053942_442515,of:0000000000000004:2 -> of:0000000000000009:2,0.002,0.0025,0.002,0.002,2.6,2026-06-23T05:39:42,0.002,2.6
route_mutation,20260623T053942_442515,of:0000000000000002:1 -> of:000000000000000b:4,0.002,0.0025,0.002,0.002,2.0,2026-06-23T05:39:42,0.002,1.93
route_mutation,20260623T053942_442515,of:0000000000000009:1 -> of:000000000000000c:6,0.002,0.0025,0.002,0.002,1.9,2026-06-23T05:39:42,0.002,1.86
ip_shuffle,20260623T054012_755595,of:0000000000000004:1 -> of:000000000000000c:4,0.001,0.00125,0.001,0.001,1.37,2026-06-23T05:40:12,0.001,1.37
ip_shuffle,20260623T054012_755595,of:0000000000000005:1 -> of:000000000000000c:5,0.001,0.00125,0.001,0.001,1.37,2026-06-23T05:40:12,0.001,1.37
ip_shuffle,20260623T054012_755595,of:000000000000000a:1 -> of:000000000000000d:6,0.002,0.0025,0.002,0.002,1.43,2026-06-23T05:40:12,0.002,1.43
ip_shuffle,20260623T054012_755595,of:000000000000000b:3 -> of:000000000000000d:2,0.002,0.0025,0.002,0.002,1.53,2026-06-23T05:40:12,0.002,1.53
ip_shuffle,20260623T054012_755595,of:000000000000000c:3 -> of:000000000000000d:3,0.002,0.0025,0.002,0.002,1.53,2026-06-23T05:40:12,0.002,1.53
ip_shuffle,20260623T054012_755595,of:0000000000000005:2 -> of:0000000000000009:3,0.001,0.00125,0.001,0.001,1.47,2026-06-23T05:40:12,0.001,1.47
ip_shuffle,20260623T054012_755595,of:0000000000000001:1 -> of:000000000000000b:1,0.002,0.0025,0.002,0.002,2.6,2026-06-23T05:40:12,0.002,2.6
ip_shuffle,20260623T054012_755595,of:000000000000000b:2 -> of:000000000000000c:2,0.002,0.0025,0.002,0.002,1.53,2026-06-23T05:40:12,0.002,1.53
ip_shuffle,20260623T054012_755595,of:0000000000000001:2 -> of:000000000000000c:1,0.002,0.0025,0.002,0.002,1.43,2026-06-23T05:40:12,0.002,1.43
ip_shuffle,20260623T054012_755595,of:0000000000000006:2 -> of:000000000000000a:2,0.002,0.0025,0.002,0.002,1.53,2026-06-23T05:40:12,0.002,1.53
ip_shuffle,20260623T054012_755595,of:0000000000000001:3 -> of:000000000000000d:1,0.002,0.0025,0.002,0.002,1.43,2026-06-23T05:40:12,0.002,1.43
ip_shuffle,20260623T054012_755595,of:0000000000000003:1 -> of:000000000000000b:5,0.001,0.00125,0.001,0.001,1.37,2026-06-23T05:40:12,0.001,1.37
ip_shuffle,20260623T054012_755595,of:0000000000000006:1 -> of:000000000000000d:4,0.002,0.0025,0.002,0.002,1.43,2026-06-23T05:40:12,0.002,1.43
ip_shuffle,20260623T054012_755595,of:0000000000000007:2 -> of:000000000000000a:3,0.002,0.0025,0.002,0.002,1.53,2026-06-23T05:40:12,0.002,1.53
ip_shuffle,20260623T054012_755595,of:0000000000000007:1 -> of:000000000000000d:5,0.002,0.0025,0.002,0.002,1.43,2026-06-23T05:40:12,0.002,1.43
ip_shuffle,20260623T054012_755595,of:0000000000000002:2 -> of:0000000000000008:2,0.001,0.00125,0.001,0.001,1.47,2026-06-23T05:40:12,0.001,1.47
ip_shuffle,20260623T054012_755595,of:0000000000000003:2 -> of:0000000000000008:3,0.001,0.00125,0.001,0.001,1.47,2026-06-23T05:40:12,0.001,1.47
ip_shuffle,20260623T054012_755595,of:0000000000000008:1 -> of:000000000000000b:6,0.002,0.0025,0.002,0.002,1.43,2026-06-23T05:40:12,0.002,1.43
ip_shuffle,20260623T054012_755595,of:0000000000000004:2 -> of:0000000000000009:2,0.001,0.00125,0.001,0.001,1.47,2026-06-23T05:40:12,0.001,1.47
ip_shuffle,20260623T054012_755595,of:0000000000000002:1 -> of:000000000000000b:4,0.002,0.0025,0.002,0.002,2.26,2026-06-23T05:40:12,0.002,2.26
ip_shuffle,20260623T054012_755595,of:0000000000000009:1 -> of:000000000000000c:6,0.002,0.0025,0.002,0.002,1.43,2026-06-23T05:40:12,0.002,1.43
ip_shuffle,20260623T054116_879757,of:0000000000000004:1 -> of:000000000000000c:4,0.001,0.00125,0.001,0.001,1.36,2026-06-23T05:41:16,0.001,1.36
ip_shuffle,20260623T054116_879757,of:0000000000000005:1 -> of:000000000000000c:5,0.001,0.00125,0.001,0.001,1.36,2026-06-23T05:41:16,0.001,1.36
ip_shuffle,20260623T054116_879757,of:000000000000000a:1 -> of:000000000000000d:6,0.002,0.0025,0.002,0.002,1.43,2026-06-23T05:41:16,0.002,1.43
ip_shuffle,20260623T054116_879757,of:000000000000000b:3 -> of:000000000000000d:2,0.002,0.0025,0.002,0.002,1.53,2026-06-23T05:41:16,0.002,1.53
ip_shuffle,20260623T054116_879757,of:000000000000000c:3 -> of:000000000000000d:3,0.002,0.0025,0.002,0.002,1.53,2026-06-23T05:41:16,0.002,1.53
ip_shuffle,20260623T054116_879757,of:0000000000000005:2 -> of:0000000000000009:3,0.001,0.00125,0.001,0.001,1.46,2026-06-23T05:41:16,0.001,1.46
ip_shuffle,20260623T054116_879757,of:0000000000000001:1 -> of:000000000000000b:1,0.002,0.0025,0.002,0.002,1.93,2026-06-23T05:41:16,0.002,1.9
ip_shuffle,20260623T054116_879757,of:000000000000000b:2 -> of:000000000000000c:2,0.002,0.0025,0.002,0.002,1.53,2026-06-23T05:41:16,0.002,1.53
ip_shuffle,20260623T054116_879757,of:0000000000000001:2 -> of:000000000000000c:1,0.002,0.0025,0.002,0.002,1.43,2026-06-23T05:41:16,0.002,1.43
ip_shuffle,20260623T054116_879757,of:0000000000000006:2 -> of:000000000000000a:2,0.002,0.0025,0.002,0.002,1.53,2026-06-23T05:41:16,0.002,1.53
ip_shuffle,20260623T054116_879757,of:0000000000000001:3 -> of:000000000000000d:1,0.002,0.0025,0.002,0.002,1.43,2026-06-23T05:41:16,0.002,1.43
ip_shuffle,20260623T054116_879757,of:0000000000000003:1 -> of:000000000000000b:5,0.002,0.0025,0.002,0.002,1.43,2026-06-23T05:41:16,0.002,1.43
ip_shuffle,20260623T054116_879757,of:0000000000000006:1 -> of:000000000000000d:4,0.002,0.0025,0.002,0.002,1.43,2026-06-23T05:41:16,0.002,1.43
ip_shuffle,20260623T054116_879757,of:0000000000000007:2 -> of:000000000000000a:3,0.002,0.0025,0.002,0.002,1.53,2026-06-23T05:41:16,0.002,1.53
ip_shuffle,20260623T054116_879757,of:0000000000000007:1 -> of:000000000000000d:5,0.002,0.0025,0.002,0.002,1.43,2026-06-23T05:41:16,0.002,1.43
ip_shuffle,20260623T054116_879757,of:0000000000000002:2 -> of:0000000000000008:2,0.002,0.0025,0.002,0.002,1.53,2026-06-23T05:41:16,0.002,1.53
ip_shuffle,20260623T054116_879757,of:0000000000000003:2 -> of:0000000000000008:3,0.002,0.0025,0.002,0.002,1.53,2026-06-23T05:41:16,0.002,1.53
ip_shuffle,20260623T054116_879757,of:0000000000000008:1 -> of:000000000000000b:6,0.002,0.0025,0.002,0.002,1.43,2026-06-23T05:41:16,0.002,1.43
ip_shuffle,20260623T054116_879757,of:0000000000000004:2 -> of:0000000000000009:2,0.001,0.00125,0.001,0.001,1.46,2026-06-23T05:41:16,0.001,1.46
ip_shuffle,20260623T054116_879757,of:0000000000000002:1 -> of:000000000000000b:4,0.002,0.0025,0.002,0.002,1.96,2026-06-23T05:41:16,0.002,1.96
ip_shuffle,20260623T054116_879757,of:0000000000000009:1 -> of:000000000000000c:6,0.002,0.0025,0.002,0.002,1.43,2026-06-23T05:41:16,0.002,1.43
ip_shuffle,20260623T054214_595956,of:0000000000000004:1 -> of:000000000000000c:4,0.002,0.0025,0.002,0.002,2.3,2026-06-23T05:42:14,0.002,2.3
ip_shuffle,20260623T054214_595956,of:0000000000000005:1 -> of:000000000000000c:5,0.002,0.0025,0.002,0.002,2.26,2026-06-23T05:42:14,0.002,2.26
ip_shuffle,20260623T054214_595956,of:000000000000000a:1 -> of:000000000000000d:6,0.001,0.00125,0.001,0.001,1.43,2026-06-23T05:42:14,0.001,1.46
ip_shuffle,20260623T054214_595956,of:000000000000000b:3 -> of:000000000000000d:2,0.002,0.0025,0.002,0.002,1.7,2026-06-23T05:42:14,0.002,1.7
ip_shuffle,20260623T054214_595956,of:000000000000000c:3 -> of:000000000000000d:3,0.002,0.0025,0.002,0.002,1.7,2026-06-23T05:42:14,0.002,1.7
ip_shuffle,20260623T054214_595956,of:0000000000000005:2 -> of:0000000000000009:3,0.002,0.0025,0.002,0.002,1.6,2026-06-23T05:42:14,0.002,1.6
ip_shuffle,20260623T054214_595956,of:0000000000000001:1 -> of:000000000000000b:1,0.003,0.00375,0.003,0.003,3.06,2026-06-23T05:42:14,0.003,3.2
ip_shuffle,20260623T054214_595956,of:000000000000000b:2 -> of:000000000000000c:2,0.002,0.0025,0.002,0.002,1.66,2026-06-23T05:42:14,0.002,1.66
ip_shuffle,20260623T054214_595956,of:0000000000000001:2 -> of:000000000000000c:1,0.003,0.00375,0.003,0.003,3.1,2026-06-23T05:42:14,0.003,3.2
ip_shuffle,20260623T054214_595956,of:0000000000000006:2 -> of:000000000000000a:2,0.001,0.00125,0.001,0.001,1.53,2026-06-23T05:42:14,0.001,1.53
ip_shuffle,20260623T054214_595956,of:0000000000000001:3 -> of:000000000000000d:1,0.002,0.0025,0.002,0.002,2.43,2026-06-23T05:42:14,0.002,2.36
ip_shuffle,20260623T054214_595956,of:0000000000000003:1 -> of:000000000000000b:5,0.002,0.0025,0.002,0.002,2.63,2026-06-23T05:42:14,0.002,2.53
ip_shuffle,20260623T054214_595956,of:0000000000000006:1 -> of:000000000000000d:4,0.002,0.0025,0.002,0.002,1.53,2026-06-23T05:42:14,0.002,1.53
ip_shuffle,20260623T054214_595956,of:0000000000000007:2 -> of:000000000000000a:3,0.001,0.00125,0.001,0.001,1.53,2026-06-23T05:42:14,0.001,1.53
ip_shuffle,20260623T054214_595956,of:0000000000000007:1 -> of:000000000000000d:5,0.002,0.0025,0.002,0.002,2.06,2026-06-23T05:42:14,0.002,2.1
ip_shuffle,20260623T054214_595956,of:0000000000000002:2 -> of:0000000000000008:2,0.002,0.0025,0.002,0.002,1.7,2026-06-23T05:42:14,0.002,1.7
ip_shuffle,20260623T054214_595956,of:0000000000000003:2 -> of:0000000000000008:3,0.002,0.0025,0.002,0.002,1.7,2026-06-23T05:42:14,0.002,1.7
ip_shuffle,20260623T054214_595956,of:0000000000000008:1 -> of:000000000000000b:6,0.001,0.00125,0.001,0.001,1.43,2026-06-23T05:42:14,0.001,1.43
ip_shuffle,20260623T054214_595956,of:0000000000000004:2 -> of:0000000000000009:2,0.002,0.0025,0.002,0.002,1.6,2026-06-23T05:42:14,0.002,1.6
ip_shuffle,20260623T054214_595956,of:0000000000000002:1 -> of:000000000000000b:4,0.002,0.0025,0.002,0.002,2.1,2026-06-23T05:42:14,0.002,2.0
ip_shuffle,20260623T054214_595956,of:0000000000000009:1 -> of:000000000000000c:6,0.001,0.00125,0.001,0.001,1.43,2026-06-23T05:42:14,0.001,1.43
route_mutation,20260623T054312_316918,of:0000000000000004:1 -> of:000000000000000c:4,0.002,0.0025,0.002,0.002,1.46,2026-06-23T05:43:12,0.002,1.43
route_mutation,20260623T054312_316918,of:0000000000000005:1 -> of:000000000000000c:5,0.002,0.0025,0.002,0.002,1.46,2026-06-23T05:43:12,0.002,1.43
route_mutation,20260623T054312_316918,of:000000000000000a:1 -> of:000000000000000d:6,0.002,0.0025,0.002,0.002,1.43,2026-06-23T05:43:12,0.002,1.4
route_mutation,20260623T054312_316918,of:000000000000000b:3 -> of:000000000000000d:2,0.002,0.0025,0.002,0.002,1.5,2026-06-23T05:43:12,0.002,1.5
route_mutation,20260623T054312_316918,of:000000000000000c:3 -> of:000000000000000d:3,0.002,0.0025,0.002,0.002,1.5,2026-06-23T05:43:12,0.002,1.5
route_mutation,20260623T054312_316918,of:0000000000000005:2 -> of:0000000000000009:3,0.002,0.0025,0.002,0.002,1.56,2026-06-23T05:43:12,0.002,1.56
route_mutation,20260623T054312_316918,of:0000000000000001:1 -> of:000000000000000b:1,0.002,0.0025,0.002,0.002,1.53,2026-06-23T05:43:12,0.002,1.4
route_mutation,20260623T054312_316918,of:000000000000000b:2 -> of:000000000000000c:2,0.002,0.0025,0.002,0.002,1.53,2026-06-23T05:43:12,0.002,1.53
route_mutation,20260623T054312_316918,of:0000000000000001:2 -> of:000000000000000c:1,0.002,0.0025,0.002,0.002,1.43,2026-06-23T05:43:12,0.002,1.4
route_mutation,20260623T054312_316918,of:0000000000000006:2 -> of:000000000000000a:2,0.002,0.0025,0.002,0.002,1.56,2026-06-23T05:43:12,0.002,1.56
route_mutation,20260623T054312_316918,of:0000000000000001:3 -> of:000000000000000d:1,0.002,0.0025,0.002,0.002,1.99,2026-06-23T05:43:12,0.002,2.13
route_mutation,20260623T054312_316918,of:0000000000000003:1 -> of:000000000000000b:5,0.002,0.0025,0.002,0.002,1.4,2026-06-23T05:43:12,0.002,1.43
route_mutation,20260623T054312_316918,of:0000000000000006:1 -> of:000000000000000d:4,0.002,0.0025,0.002,0.002,2.06,2026-06-23T05:43:12,0.002,1.99
route_mutation,20260623T054312_316918,of:0000000000000007:2 -> of:000000000000000a:3,0.002,0.0025,0.002,0.002,1.56,2026-06-23T05:43:12,0.002,1.56
route_mutation,20260623T054312_316918,of:0000000000000007:1 -> of:000000000000000d:5,0.002,0.0025,0.002,0.002,1.66,2026-06-23T05:43:12,0.002,1.73
route_mutation,20260623T054312_316918,of:0000000000000002:2 -> of:0000000000000008:2,0.002,0.0025,0.002,0.002,1.5,2026-06-23T05:43:12,0.002,1.5
route_mutation,20260623T054312_316918,of:0000000000000003:2 -> of:0000000000000008:3,0.002,0.0025,0.002,0.002,1.5,2026-06-23T05:43:12,0.002,1.5
route_mutation,20260623T054312_316918,of:0000000000000008:1 -> of:000000000000000b:6,0.002,0.0025,0.002,0.002,1.43,2026-06-23T05:43:12,0.002,1.43
route_mutation,20260623T054312_316918,of:0000000000000004:2 -> of:0000000000000009:2,0.002,0.0025,0.002,0.002,1.56,2026-06-23T05:43:12,0.002,1.56
route_mutation,20260623T054312_316918,of:0000000000000002:1 -> of:000000000000000b:4,0.002,0.0025,0.002,0.002,1.4,2026-06-23T05:43:12,0.002,1.53
route_mutation,20260623T054312_316918,of:0000000000000009:1 -> of:000000000000000c:6,0.002,0.0025,0.002,0.002,1.43,2026-06-23T05:43:12,0.002,1.43
route_mutation,20260623T054342_684545,of:0000000000000004:1 -> of:000000000000000c:4,0.002,0.0025,0.002,0.002,2.26,2026-06-23T05:43:42,0.002,2.26
route_mutation,20260623T054342_684545,of:0000000000000005:1 -> of:000000000000000c:5,0.002,0.0025,0.002,0.002,1.6,2026-06-23T05:43:42,0.002,1.6
route_mutation,20260623T054342_684545,of:000000000000000a:1 -> of:000000000000000d:6,0.002,0.0025,0.002,0.002,1.53,2026-06-23T05:43:42,0.002,1.53
route_mutation,20260623T054342_684545,of:000000000000000b:3 -> of:000000000000000d:2,0.002,0.0025,0.002,0.002,1.73,2026-06-23T05:43:42,0.002,1.73
route_mutation,20260623T054342_684545,of:000000000000000c:3 -> of:000000000000000d:3,0.002,0.0025,0.002,0.002,1.73,2026-06-23T05:43:42,0.002,1.73
route_mutation,20260623T054342_684545,of:0000000000000005:2 -> of:0000000000000009:3,0.001,0.00125,0.001,0.001,1.6,2026-06-23T05:43:42,0.001,1.6
route_mutation,20260623T054342_684545,of:0000000000000001:1 -> of:000000000000000b:1,0.003,0.00375,0.003,0.003,3.5,2026-06-23T05:43:42,0.003,3.53
route_mutation,20260623T054342_684545,of:000000000000000b:2 -> of:000000000000000c:2,0.002,0.0025,0.002,0.002,1.73,2026-06-23T05:43:42,0.002,1.73
route_mutation,20260623T054342_684545,of:0000000000000001:2 -> of:000000000000000c:1,0.002,0.0025,0.002,0.002,2.7,2026-06-23T05:43:42,0.002,2.66
route_mutation,20260623T054342_684545,of:0000000000000006:2 -> of:000000000000000a:2,0.002,0.0025,0.002,0.002,1.66,2026-06-23T05:43:42,0.002,1.66
route_mutation,20260623T054342_684545,of:0000000000000001:3 -> of:000000000000000d:1,0.002,0.0025,0.002,0.002,1.53,2026-06-23T05:43:42,0.002,1.46
route_mutation,20260623T054342_684545,of:0000000000000003:1 -> of:000000000000000b:5,0.002,0.0025,0.002,0.002,2.5,2026-06-23T05:43:42,0.002,2.56
route_mutation,20260623T054342_684545,of:0000000000000006:1 -> of:000000000000000d:4,0.001,0.00125,0.001,0.001,1.46,2026-06-23T05:43:42,0.001,1.46
route_mutation,20260623T054342_684545,of:0000000000000007:2 -> of:000000000000000a:3,0.002,0.0025,0.002,0.002,1.66,2026-06-23T05:43:42,0.002,1.66
route_mutation,20260623T054342_684545,of:0000000000000007:1 -> of:000000000000000d:5,0.001,0.00125,0.001,0.001,1.46,2026-06-23T05:43:42,0.001,1.46
route_mutation,20260623T054342_684545,of:0000000000000002:2 -> of:0000000000000008:2,0.002,0.0025,0.002,0.002,1.6,2026-06-23T05:43:42,0.002,1.6
route_mutation,20260623T054342_684545,of:0000000000000003:2 -> of:0000000000000008:3,0.002,0.0025,0.002,0.002,1.6,2026-06-23T05:43:42,0.002,1.6
route_mutation,20260623T054342_684545,of:0000000000000008:1 -> of:000000000000000b:6,0.001,0.00125,0.001,0.001,1.46,2026-06-23T05:43:42,0.001,1.46
route_mutation,20260623T054342_684545,of:0000000000000004:2 -> of:0000000000000009:2,0.001,0.00125,0.001,0.001,1.6,2026-06-23T05:43:42,0.001,1.6
route_mutation,20260623T054342_684545,of:0000000000000002:1 -> of:000000000000000b:4,0.002,0.0025,0.002,0.002,2.5,2026-06-23T05:43:42,0.002,2.46
route_mutation,20260623T054342_684545,of:0000000000000009:1 -> of:000000000000000c:6,0.001,0.00125,0.001,0.001,1.46,2026-06-23T05:43:42,0.001,1.46
ip_shuffle,20260623T054413_057415,of:0000000000000004:1 -> of:000000000000000c:4,0.002,0.0025,0.002,0.002,1.7,2026-06-23T05:44:13,0.002,1.73
ip_shuffle,20260623T054413_057415,of:0000000000000005:1 -> of:000000000000000c:5,0.002,0.0025,0.002,0.002,2.36,2026-06-23T05:44:13,0.002,2.4
ip_shuffle,20260623T054413_057415,of:000000000000000a:1 -> of:000000000000000d:6,0.002,0.0025,0.002,0.001,1.66,2026-06-23T05:44:13,0.002,1.7
ip_shuffle,20260623T054413_057415,of:000000000000000b:3 -> of:000000000000000d:2,0.002,0.0025,0.002,0.002,2.16,2026-06-23T05:44:13,0.002,2.16
ip_shuffle,20260623T054413_057415,of:000000000000000c:3 -> of:000000000000000d:3,0.002,0.0025,0.002,0.002,2.16,2026-06-23T05:44:13,0.002,2.16
ip_shuffle,20260623T054413_057415,of:0000000000000005:2 -> of:0000000000000009:3,0.002,0.0025,0.002,0.002,2.23,2026-06-23T05:44:13,0.002,2.23
ip_shuffle,20260623T054413_057415,of:0000000000000001:1 -> of:000000000000000b:1,0.002,0.0025,0.002,0.001,1.66,2026-06-23T05:44:13,0.002,1.76
ip_shuffle,20260623T054413_057415,of:000000000000000b:2 -> of:000000000000000c:2,0.002,0.0025,0.002,0.002,2.13,2026-06-23T05:44:13,0.002,2.13
ip_shuffle,20260623T054413_057415,of:0000000000000001:2 -> of:000000000000000c:1,0.002,0.0025,0.002,0.002,2.1,2026-06-23T05:44:13,0.002,2.16
ip_shuffle,20260623T054413_057415,of:0000000000000006:2 -> of:000000000000000a:2,0.002,0.0025,0.002,0.002,2.16,2026-06-23T05:44:13,0.002,2.16
ip_shuffle,20260623T054413_057415,of:0000000000000001:3 -> of:000000000000000d:1,0.003,0.00375,0.003,0.003,3.1,2026-06-23T05:44:13,0.003,3.0
ip_shuffle,20260623T054413_057415,of:0000000000000003:1 -> of:000000000000000b:5,0.002,0.0025,0.002,0.002,1.76,2026-06-23T05:44:13,0.001,1.66
ip_shuffle,20260623T054413_057415,of:0000000000000006:1 -> of:000000000000000d:4,0.002,0.0025,0.002,0.002,2.8,2026-06-23T05:44:13,0.002,2.86
ip_shuffle,20260623T054413_057415,of:0000000000000007:2 -> of:000000000000000a:3,0.002,0.0025,0.002,0.002,2.2,2026-06-23T05:44:13,0.002,2.2
ip_shuffle,20260623T054413_057415,of:0000000000000007:1 -> of:000000000000000d:5,0.002,0.0025,0.002,0.002,1.86,2026-06-23T05:44:13,0.002,1.83
ip_shuffle,20260623T054413_057415,of:0000000000000002:2 -> of:0000000000000008:2,0.002,0.0025,0.002,0.002,2.3,2026-06-23T05:44:13,0.002,2.3
ip_shuffle,20260623T054413_057415,of:0000000000000003:2 -> of:0000000000000008:3,0.002,0.0025,0.002,0.002,2.3,2026-06-23T05:44:13,0.002,2.3
ip_shuffle,20260623T054413_057415,of:0000000000000008:1 -> of:000000000000000b:6,0.002,0.0025,0.002,0.002,1.73,2026-06-23T05:44:13,0.002,1.73
ip_shuffle,20260623T054413_057415,of:0000000000000004:2 -> of:0000000000000009:2,0.002,0.0025,0.002,0.002,2.23,2026-06-23T05:44:13,0.002,2.23
ip_shuffle,20260623T054413_057415,of:0000000000000002:1 -> of:000000000000000b:4,0.002,0.0025,0.002,0.002,1.76,2026-06-23T05:44:13,0.001,1.66
ip_shuffle,20260623T054413_057415,of:0000000000000009:1 -> of:000000000000000c:6,0.002,0.0025,0.002,0.002,1.73,2026-06-23T05:44:13,0.002,1.73
route_mutation,20260623T054510_859327,of:0000000000000004:1 -> of:000000000000000c:4,0.002,0.0025,0.002,0.002,1.63,2026-06-23T05:45:10,0.002,1.43
route_mutation,20260623T054510_859327,of:0000000000000005:1 -> of:000000000000000c:5,0.002,0.0025,0.002,0.002,1.63,2026-06-23T05:45:10,0.002,1.43
route_mutation,20260623T054510_859327,of:000000000000000a:1 -> of:000000000000000d:6,0.002,0.0025,0.002,0.002,1.43,2026-06-23T05:45:10,0.001,1.33
route_mutation,20260623T054510_859327,of:000000000000000b:3 -> of:000000000000000d:2,0.002,0.0025,0.002,0.002,1.43,2026-06-23T05:45:10,0.002,1.43
route_mutation,20260623T054510_859327,of:000000000000000c:3 -> of:000000000000000d:3,0.002,0.0025,0.002,0.002,1.36,2026-06-23T05:45:10,0.002,1.36
route_mutation,20260623T054510_859327,of:0000000000000005:2 -> of:0000000000000009:3,0.002,0.0025,0.002,0.002,1.66,2026-06-23T05:45:10,0.002,1.66
route_mutation,20260623T054510_859327,of:0000000000000001:1 -> of:000000000000000b:1,0.002,0.0025,0.002,0.002,1.53,2026-06-23T05:45:10,0.002,1.4
route_mutation,20260623T054510_859327,of:000000000000000b:2 -> of:000000000000000c:2,0.002,0.0025,0.002,0.002,1.46,2026-06-23T05:45:10,0.002,1.46
route_mutation,20260623T054510_859327,of:0000000000000001:2 -> of:000000000000000c:1,0.002,0.0025,0.002,0.001,1.36,2026-06-23T05:45:10,0.002,1.4
route_mutation,20260623T054510_859327,of:0000000000000006:2 -> of:000000000000000a:2,0.001,0.00125,0.001,0.001,1.46,2026-06-23T05:45:10,0.001,1.46
route_mutation,20260623T054510_859327,of:0000000000000001:3 -> of:000000000000000d:1,0.002,0.0025,0.002,0.002,1.86,2026-06-23T05:45:10,0.002,1.96
route_mutation,20260623T054510_859327,of:0000000000000003:1 -> of:000000000000000b:5,0.002,0.0025,0.002,0.002,1.43,2026-06-23T05:45:10,0.002,1.43
route_mutation,20260623T054510_859327,of:0000000000000006:1 -> of:000000000000000d:4,0.002,0.0025,0.002,0.002,1.9,2026-06-23T05:45:10,0.002,1.9
route_mutation,20260623T054510_859327,of:0000000000000007:2 -> of:000000000000000a:3,0.001,0.00125,0.001,0.001,1.46,2026-06-23T05:45:10,0.001,1.46
route_mutation,20260623T054510_859327,of:0000000000000007:1 -> of:000000000000000d:5,0.002,0.0025,0.002,0.002,1.46,2026-06-23T05:45:10,0.002,1.43
route_mutation,20260623T054510_859327,of:0000000000000002:2 -> of:0000000000000008:2,0.001,0.00125,0.001,0.001,1.46,2026-06-23T05:45:10,0.001,1.46
route_mutation,20260623T054510_859327,of:0000000000000003:2 -> of:0000000000000008:3,0.001,0.00125,0.001,0.001,1.46,2026-06-23T05:45:10,0.001,1.46
route_mutation,20260623T054510_859327,of:0000000000000008:1 -> of:000000000000000b:6,0.001,0.00125,0.001,0.001,1.36,2026-06-23T05:45:10,0.001,1.36
route_mutation,20260623T054510_859327,of:0000000000000004:2 -> of:0000000000000009:2,0.002,0.0025,0.002,0.002,1.66,2026-06-23T05:45:10,0.002,1.66
route_mutation,20260623T054510_859327,of:0000000000000002:1 -> of:000000000000000b:4,0.002,0.0025,0.002,0.002,1.4,2026-06-23T05:45:10,0.002,1.56
route_mutation,20260623T054510_859327,of:0000000000000009:1 -> of:000000000000000c:6,0.001,0.00125,0.001,0.001,1.36,2026-06-23T05:45:10,0.001,1.3
ip_shuffle,20260623T054541_169859,of:0000000000000004:1 -> of:000000000000000c:4,0.002,0.0025,0.002,0.002,1.76,2026-06-23T05:45:41,0.002,1.86
ip_shuffle,20260623T054541_169859,of:0000000000000005:1 -> of:000000000000000c:5,0.001,0.00125,0.001,0.001,1.37,2026-06-23T05:45:41,0.001,1.47
ip_shuffle,20260623T054541_169859,of:000000000000000a:1 -> of:000000000000000d:6,0.001,0.00125,0.001,0.001,1.4,2026-06-23T05:45:41,0.001,1.4
ip_shuffle,20260623T054541_169859,of:000000000000000b:3 -> of:000000000000000d:2,0.001,0.00125,0.001,0.001,1.6,2026-06-23T05:45:41,0.001,1.6
ip_shuffle,20260623T054541_169859,of:000000000000000c:3 -> of:000000000000000d:3,0.001,0.00125,0.001,0.001,1.6,2026-06-23T05:45:41,0.001,1.6
ip_shuffle,20260623T054541_169859,of:0000000000000005:2 -> of:0000000000000009:3,0.002,0.0025,0.002,0.002,1.63,2026-06-23T05:45:41,0.002,1.63
ip_shuffle,20260623T054541_169859,of:0000000000000001:1 -> of:000000000000000b:1,0.003,0.00375,0.003,0.003,3.3,2026-06-23T05:45:41,0.003,3.33
ip_shuffle,20260623T054541_169859,of:000000000000000b:2 -> of:000000000000000c:2,0.001,0.00125,0.001,0.001,1.6,2026-06-23T05:45:41,0.001,1.6
ip_shuffle,20260623T054541_169859,of:0000000000000001:2 -> of:000000000000000c:1,0.002,0.0025,0.002,0.002,1.73,2026-06-23T05:45:41,0.002,1.67
ip_shuffle,20260623T054541_169859,of:0000000000000006:2 -> of:000000000000000a:2,0.002,0.0025,0.002,0.002,1.67,2026-06-23T05:45:41,0.002,1.67
ip_shuffle,20260623T054541_169859,of:0000000000000001:3 -> of:000000000000000d:1,0.001,0.00125,0.001,0.001,1.4,2026-06-23T05:45:41,0.001,1.33
ip_shuffle,20260623T054541_169859,of:0000000000000003:1 -> of:000000000000000b:5,0.002,0.0025,0.002,0.002,2.3,2026-06-23T05:45:41,0.002,2.4
ip_shuffle,20260623T054541_169859,of:0000000000000006:1 -> of:000000000000000d:4,0.001,0.00125,0.001,0.001,1.47,2026-06-23T05:45:41,0.001,1.47
ip_shuffle,20260623T054541_169859,of:0000000000000007:2 -> of:000000000000000a:3,0.002,0.0025,0.002,0.002,1.67,2026-06-23T05:45:41,0.002,1.67
ip_shuffle,20260623T054541_169859,of:0000000000000007:1 -> of:000000000000000d:5,0.001,0.00125,0.001,0.001,1.47,2026-06-23T05:45:41,0.001,1.47
ip_shuffle,20260623T054541_169859,of:0000000000000002:2 -> of:0000000000000008:2,0.002,0.0025,0.002,0.002,1.57,2026-06-23T05:45:41,0.002,1.57
ip_shuffle,20260623T054541_169859,of:0000000000000003:2 -> of:0000000000000008:3,0.002,0.0025,0.002,0.002,1.57,2026-06-23T05:45:41,0.002,1.57
ip_shuffle,20260623T054541_169859,of:0000000000000008:1 -> of:000000000000000b:6,0.001,0.00125,0.001,0.001,1.47,2026-06-23T05:45:41,0.001,1.47
ip_shuffle,20260623T054541_169859,of:0000000000000004:2 -> of:0000000000000009:2,0.002,0.0025,0.002,0.002,1.63,2026-06-23T05:45:41,0.002,1.63
ip_shuffle,20260623T054541_169859,of:0000000000000002:1 -> of:000000000000000b:4,0.002,0.0025,0.002,0.002,2.33,2026-06-23T05:45:41,0.002,2.26
ip_shuffle,20260623T054541_169859,of:0000000000000009:1 -> of:000000000000000c:6,0.001,0.00125,0.001,0.001,1.47,2026-06-23T05:45:41,0.001,1.47
ip_shuffle,20260623T054645_400351,of:0000000000000004:1 -> of:000000000000000c:4,0.002,0.0025,0.002,0.002,1.66,2026-06-23T05:46:45,0.002,1.8
ip_shuffle,20260623T054645_400351,of:0000000000000005:1 -> of:000000000000000c:5,0.002,0.0025,0.002,0.002,1.66,2026-06-23T05:46:45,0.002,1.8
ip_shuffle,20260623T054645_400351,of:000000000000000a:1 -> of:000000000000000d:6,0.002,0.0025,0.002,0.002,1.8,2026-06-23T05:46:45,0.002,1.76
ip_shuffle,20260623T054645_400351,of:000000000000000b:3 -> of:000000000000000d:2,0.002,0.0025,0.002,0.002,2.23,2026-06-23T05:46:45,0.002,2.23
ip_shuffle,20260623T054645_400351,of:000000000000000c:3 -> of:000000000000000d:3,0.002,0.0025,0.002,0.002,2.23,2026-06-23T05:46:45,0.002,2.23
ip_shuffle,20260623T054645_400351,of:0000000000000005:2 -> of:0000000000000009:3,0.002,0.0025,0.002,0.002,2.13,2026-06-23T05:46:45,0.002,2.13
ip_shuffle,20260623T054645_400351,of:0000000000000001:1 -> of:000000000000000b:1,0.002,0.0025,0.002,0.002,1.8,2026-06-23T05:46:45,0.002,1.7
ip_shuffle,20260623T054645_400351,of:000000000000000b:2 -> of:000000000000000c:2,0.002,0.0025,0.002,0.002,2.26,2026-06-23T05:46:45,0.002,2.26
ip_shuffle,20260623T054645_400351,of:0000000000000001:2 -> of:000000000000000c:1,0.002,0.0025,0.002,0.002,1.8,2026-06-23T05:46:45,0.002,1.7
ip_shuffle,20260623T054645_400351,of:0000000000000006:2 -> of:000000000000000a:2,0.002,0.0025,0.002,0.002,2.23,2026-06-23T05:46:45,0.002,2.23
ip_shuffle,20260623T054645_400351,of:0000000000000001:3 -> of:000000000000000d:1,0.003,0.00375,0.003,0.003,3.73,2026-06-23T05:46:45,0.003,3.8
ip_shuffle,20260623T054645_400351,of:0000000000000003:1 -> of:000000000000000b:5,0.002,0.0025,0.002,0.002,1.7,2026-06-23T05:46:45,0.002,1.8
ip_shuffle,20260623T054645_400351,of:0000000000000006:1 -> of:000000000000000d:4,0.002,0.0025,0.002,0.002,2.46,2026-06-23T05:46:45,0.002,2.4
ip_shuffle,20260623T054645_400351,of:0000000000000007:2 -> of:000000000000000a:3,0.002,0.0025,0.002,0.002,2.2,2026-06-23T05:46:45,0.002,2.2
ip_shuffle,20260623T054645_400351,of:0000000000000007:1 -> of:000000000000000d:5,0.003,0.00375,0.003,0.003,3.4,2026-06-23T05:46:45,0.003,3.46
ip_shuffle,20260623T054645_400351,of:0000000000000002:2 -> of:0000000000000008:2,0.002,0.0025,0.002,0.002,2.1,2026-06-23T05:46:45,0.002,2.1
ip_shuffle,20260623T054645_400351,of:0000000000000003:2 -> of:0000000000000008:3,0.002,0.0025,0.002,0.002,2.1,2026-06-23T05:46:45,0.002,2.1
ip_shuffle,20260623T054645_400351,of:0000000000000008:1 -> of:000000000000000b:6,0.002,0.0025,0.002,0.002,1.73,2026-06-23T05:46:45,0.002,1.73
ip_shuffle,20260623T054645_400351,of:0000000000000004:2 -> of:0000000000000009:2,0.002,0.0025,0.002,0.002,2.13,2026-06-23T05:46:45,0.002,2.13
ip_shuffle,20260623T054645_400351,of:0000000000000002:1 -> of:000000000000000b:4,0.002,0.0025,0.002,0.002,1.7,2026-06-23T05:46:45,0.002,1.8
ip_shuffle,20260623T054645_400351,of:0000000000000009:1 -> of:000000000000000c:6,0.002,0.0025,0.002,0.002,1.8,2026-06-23T05:46:45,0.002,1.8
ip_shuffle,20260623T054756_026696,of:0000000000000004:1 -> of:000000000000000c:4,0.002,0.0025,0.002,0.002,2.13,2026-06-23T05:47:56,0.002,2.23
ip_shuffle,20260623T054756_026696,of:0000000000000005:1 -> of:000000000000000c:5,0.002,0.0025,0.002,0.002,2.13,2026-06-23T05:47:56,0.002,2.23
ip_shuffle,20260623T054756_026696,of:000000000000000a:1 -> of:000000000000000d:6,0.002,0.0025,0.002,0.002,2.23,2026-06-23T05:47:56,0.002,2.2
ip_shuffle,20260623T054756_026696,of:000000000000000b:3 -> of:000000000000000d:2,0.002,0.0025,0.002,0.002,3.1,2026-06-23T05:47:56,0.002,3.1
ip_shuffle,20260623T054756_026696,of:000000000000000c:3 -> of:000000000000000d:3,0.002,0.0025,0.002,0.002,3.1,2026-06-23T05:47:56,0.002,3.1
ip_shuffle,20260623T054756_026696,of:0000000000000005:2 -> of:0000000000000009:3,0.002,0.0025,0.002,0.002,3.03,2026-06-23T05:47:56,0.002,3.03
ip_shuffle,20260623T054756_026696,of:0000000000000001:1 -> of:000000000000000b:1,0.002,0.0025,0.002,0.002,2.23,2026-06-23T05:47:56,0.002,2.13
ip_shuffle,20260623T054756_026696,of:000000000000000b:2 -> of:000000000000000c:2,0.002,0.0025,0.002,0.002,3.13,2026-06-23T05:47:56,0.002,3.13
ip_shuffle,20260623T054756_026696,of:0000000000000001:2 -> of:000000000000000c:1,0.002,0.0025,0.002,0.002,2.23,2026-06-23T05:47:56,0.002,2.13
ip_shuffle,20260623T054756_026696,of:0000000000000006:2 -> of:000000000000000a:2,0.002,0.0025,0.002,0.002,3.06,2026-06-23T05:47:56,0.002,3.06
ip_shuffle,20260623T054756_026696,of:0000000000000001:3 -> of:000000000000000d:1,0.003,0.00375,0.003,0.003,4.26,2026-06-23T05:47:56,0.003,4.33
ip_shuffle,20260623T054756_026696,of:0000000000000003:1 -> of:000000000000000b:5,0.002,0.0025,0.002,0.002,2.13,2026-06-23T05:47:56,0.002,2.23
ip_shuffle,20260623T054756_026696,of:0000000000000006:1 -> of:000000000000000d:4,0.002,0.0025,0.002,0.002,3.0,2026-06-23T05:47:56,0.002,3.13
ip_shuffle,20260623T054756_026696,of:0000000000000007:2 -> of:000000000000000a:3,0.002,0.0025,0.002,0.002,3.06,2026-06-23T05:47:56,0.002,3.06
ip_shuffle,20260623T054756_026696,of:0000000000000007:1 -> of:000000000000000d:5,0.003,0.00375,0.003,0.003,3.43,2026-06-23T05:47:56,0.003,3.33
ip_shuffle,20260623T054756_026696,of:0000000000000002:2 -> of:0000000000000008:2,0.002,0.0025,0.002,0.002,3.03,2026-06-23T05:47:56,0.002,3.03
ip_shuffle,20260623T054756_026696,of:0000000000000003:2 -> of:0000000000000008:3,0.002,0.0025,0.002,0.002,3.03,2026-06-23T05:47:56,0.002,3.03
ip_shuffle,20260623T054756_026696,of:0000000000000008:1 -> of:000000000000000b:6,0.002,0.0025,0.002,0.002,2.23,2026-06-23T05:47:56,0.002,2.23
ip_shuffle,20260623T054756_026696,of:0000000000000004:2 -> of:0000000000000009:2,0.002,0.0025,0.002,0.002,3.03,2026-06-23T05:47:56,0.002,3.03
ip_shuffle,20260623T054756_026696,of:0000000000000002:1 -> of:000000000000000b:4,0.002,0.0025,0.002,0.002,2.13,2026-06-23T05:47:56,0.002,2.23
ip_shuffle,20260623T054756_026696,of:0000000000000009:1 -> of:000000000000000c:6,0.002,0.0025,0.002,0.002,2.23,2026-06-23T05:47:56,0.002,2.23
ip_shuffle,20260623T054853_708265,of:0000000000000004:1 -> of:000000000000000c:4,0.002,0.0025,0.002,0.002,1.83,2026-06-23T05:48:53,0.002,1.93
ip_shuffle,20260623T054853_708265,of:0000000000000005:1 -> of:000000000000000c:5,0.001,0.00125,0.001,0.001,1.37,2026-06-23T05:48:53,0.001,1.46
ip_shuffle,20260623T054853_708265,of:000000000000000a:1 -> of:000000000000000d:6,0.001,0.00125,0.001,0.001,1.46,2026-06-23T05:48:53,0.001,1.43
ip_shuffle,20260623T054853_708265,of:000000000000000b:3 -> of:000000000000000d:2,0.002,0.0025,0.002,0.002,1.63,2026-06-23T05:48:53,0.002,1.63
ip_shuffle,20260623T054853_708265,of:000000000000000c:3 -> of:000000000000000d:3,0.002,0.0025,0.002,0.002,1.63,2026-06-23T05:48:53,0.002,1.63
ip_shuffle,20260623T054853_708265,of:0000000000000005:2 -> of:0000000000000009:3,0.002,0.0025,0.002,0.002,1.56,2026-06-23T05:48:53,0.002,1.56
ip_shuffle,20260623T054853_708265,of:0000000000000001:1 -> of:000000000000000b:1,0.003,0.00375,0.003,0.003,3.43,2026-06-23T05:48:53,0.003,3.5
ip_shuffle,20260623T054853_708265,of:000000000000000b:2 -> of:000000000000000c:2,0.002,0.0025,0.002,0.002,1.73,2026-06-23T05:48:53,0.002,1.73
ip_shuffle,20260623T054853_708265,of:0000000000000001:2 -> of:000000000000000c:1,0.002,0.0025,0.002,0.002,1.93,2026-06-23T05:48:53,0.002,1.83
ip_shuffle,20260623T054853_708265,of:0000000000000006:2 -> of:000000000000000a:2,0.002,0.0025,0.002,0.002,1.56,2026-06-23T05:48:53,0.002,1.56
ip_shuffle,20260623T054853_708265,of:0000000000000001:3 -> of:000000000000000d:1,0.001,0.00125,0.001,0.001,1.43,2026-06-23T05:48:53,0.001,1.37
ip_shuffle,20260623T054853_708265,of:0000000000000003:1 -> of:000000000000000b:5,0.002,0.0025,0.002,0.002,2.43,2026-06-23T05:48:53,0.002,2.53
ip_shuffle,20260623T054853_708265,of:0000000000000006:1 -> of:000000000000000d:4,0.001,0.00125,0.001,0.001,1.3,2026-06-23T05:48:53,0.001,1.37
ip_shuffle,20260623T054853_708265,of:0000000000000007:2 -> of:000000000000000a:3,0.002,0.0025,0.002,0.002,1.73,2026-06-23T05:48:53,0.002,1.73
ip_shuffle,20260623T054853_708265,of:0000000000000007:1 -> of:000000000000000d:5,0.001,0.00125,0.001,0.001,1.46,2026-06-23T05:48:53,0.001,1.43
ip_shuffle,20260623T054853_708265,of:0000000000000002:2 -> of:0000000000000008:2,0.002,0.0025,0.002,0.002,1.63,2026-06-23T05:48:53,0.002,1.63
ip_shuffle,20260623T054853_708265,of:0000000000000003:2 -> of:0000000000000008:3,0.002,0.0025,0.002,0.002,1.63,2026-06-23T05:48:53,0.002,1.63
ip_shuffle,20260623T054853_708265,of:0000000000000008:1 -> of:000000000000000b:6,0.002,0.0025,0.002,0.002,1.53,2026-06-23T05:48:53,0.002,1.53
ip_shuffle,20260623T054853_708265,of:0000000000000004:2 -> of:0000000000000009:2,0.002,0.0025,0.002,0.002,1.56,2026-06-23T05:48:53,0.002,1.56
ip_shuffle,20260623T054853_708265,of:0000000000000002:1 -> of:000000000000000b:4,0.002,0.0025,0.002,0.002,2.5,2026-06-23T05:48:53,0.002,2.43
ip_shuffle,20260623T054853_708265,of:0000000000000009:1 -> of:000000000000000c:6,0.002,0.0025,0.002,0.002,1.53,2026-06-23T05:48:53,0.002,1.53
route_mutation,20260623T054957_880664,of:0000000000000004:1 -> of:000000000000000c:4,0.002,0.0025,0.002,0.002,1.76,2026-06-23T05:49:57,0.002,1.86
route_mutation,20260623T054957_880664,of:0000000000000005:1 -> of:000000000000000c:5,0.002,0.0025,0.002,0.002,1.76,2026-06-23T05:49:57,0.002,1.86
route_mutation,20260623T054957_880664,of:000000000000000a:1 -> of:000000000000000d:6,0.002,0.0025,0.002,0.002,1.86,2026-06-23T05:49:57,0.002,1.86
route_mutation,20260623T054957_880664,of:000000000000000b:3 -> of:000000000000000d:2,0.002,0.0025,0.002,0.002,2.46,2026-06-23T05:49:57,0.002,2.46
route_mutation,20260623T054957_880664,of:000000000000000c:3 -> of:000000000000000d:3,0.002,0.0025,0.002,0.002,2.46,2026-06-23T05:49:57,0.002,2.46
route_mutation,20260623T054957_880664,of:0000000000000005:2 -> of:0000000000000009:3,0.002,0.0025,0.002,0.002,2.36,2026-06-23T05:49:57,0.002,2.36
route_mutation,20260623T054957_880664,of:0000000000000001:1 -> of:000000000000000b:1,0.002,0.0025,0.002,0.002,1.8,2026-06-23T05:49:57,0.002,1.73
route_mutation,20260623T054957_880664,of:000000000000000b:2 -> of:000000000000000c:2,0.002,0.0025,0.002,0.002,2.4,2026-06-23T05:49:57,0.002,2.4
route_mutation,20260623T054957_880664,of:0000000000000001:2 -> of:000000000000000c:1,0.002,0.0025,0.002,0.002,1.8,2026-06-23T05:49:57,0.002,1.73
route_mutation,20260623T054957_880664,of:0000000000000006:2 -> of:000000000000000a:2,0.002,0.0025,0.002,0.002,2.36,2026-06-23T05:49:57,0.002,2.36
route_mutation,20260623T054957_880664,of:0000000000000001:3 -> of:000000000000000d:1,0.003,0.00375,0.003,0.003,3.3,2026-06-23T05:49:57,0.003,3.33
route_mutation,20260623T054957_880664,of:0000000000000003:1 -> of:000000000000000b:5,0.002,0.0025,0.002,0.002,1.73,2026-06-23T05:49:57,0.002,1.8
route_mutation,20260623T054957_880664,of:0000000000000006:1 -> of:000000000000000d:4,0.002,0.0025,0.002,0.002,2.23,2026-06-23T05:49:57,0.002,2.16
route_mutation,20260623T054957_880664,of:0000000000000007:2 -> of:000000000000000a:3,0.002,0.0025,0.002,0.002,2.46,2026-06-23T05:49:57,0.002,2.46
route_mutation,20260623T054957_880664,of:0000000000000007:1 -> of:000000000000000d:5,0.003,0.00375,0.003,0.003,3.23,2026-06-23T05:49:57,0.003,3.23
route_mutation,20260623T054957_880664,of:0000000000000002:2 -> of:0000000000000008:2,0.002,0.0025,0.002,0.002,2.33,2026-06-23T05:49:57,0.002,2.33
route_mutation,20260623T054957_880664,of:0000000000000003:2 -> of:0000000000000008:3,0.002,0.0025,0.002,0.002,2.33,2026-06-23T05:49:57,0.002,2.33
route_mutation,20260623T054957_880664,of:0000000000000008:1 -> of:000000000000000b:6,0.002,0.0025,0.002,0.002,1.8,2026-06-23T05:49:57,0.002,1.8
route_mutation,20260623T054957_880664,of:0000000000000004:2 -> of:0000000000000009:2,0.002,0.0025,0.002,0.002,2.36,2026-06-23T05:49:57,0.002,2.36
route_mutation,20260623T054957_880664,of:0000000000000002:1 -> of:000000000000000b:4,0.002,0.0025,0.002,0.002,1.73,2026-06-23T05:49:57,0.002,1.8
route_mutation,20260623T054957_880664,of:0000000000000009:1 -> of:000000000000000c:6,0.002,0.0025,0.002,0.002,1.8,2026-06-23T05:49:57,0.002,1.8
ip_shuffle,20260623T055028_206616,of:0000000000000004:1 -> of:000000000000000c:4,0.001,0.00125,0.001,0.001,1.37,2026-06-23T05:50:28,0.001,1.37
ip_shuffle,20260623T055028_206616,of:0000000000000005:1 -> of:000000000000000c:5,0.001,0.00125,0.001,0.001,1.37,2026-06-23T05:50:28,0.001,1.37
ip_shuffle,20260623T055028_206616,of:000000000000000a:1 -> of:000000000000000d:6,0.001,0.00125,0.001,0.001,1.37,2026-06-23T05:50:28,0.001,1.37
ip_shuffle,20260623T055028_206616,of:000000000000000b:3 -> of:000000000000000d:2,0.001,0.00125,0.001,0.001,1.47,2026-06-23T05:50:28,0.001,1.47
ip_shuffle,20260623T055028_206616,of:000000000000000c:3 -> of:000000000000000d:3,0.001,0.00125,0.001,0.001,1.47,2026-06-23T05:50:28,0.001,1.47
ip_shuffle,20260623T055028_206616,of:0000000000000005:2 -> of:0000000000000009:3,0.001,0.00125,0.001,0.001,1.47,2026-06-23T05:50:28,0.001,1.47
ip_shuffle,20260623T055028_206616,of:0000000000000001:1 -> of:000000000000000b:1,0.002,0.0025,0.002,0.002,2.46,2026-06-23T05:50:28,0.002,2.46
ip_shuffle,20260623T055028_206616,of:000000000000000b:2 -> of:000000000000000c:2,0.002,0.0025,0.002,0.002,1.53,2026-06-23T05:50:28,0.002,1.53
ip_shuffle,20260623T055028_206616,of:0000000000000001:2 -> of:000000000000000c:1,0.002,0.0025,0.002,0.002,1.43,2026-06-23T05:50:28,0.002,1.43
ip_shuffle,20260623T055028_206616,of:0000000000000006:2 -> of:000000000000000a:2,0.001,0.00125,0.001,0.001,1.47,2026-06-23T05:50:28,0.001,1.47
ip_shuffle,20260623T055028_206616,of:0000000000000001:3 -> of:000000000000000d:1,0.001,0.00125,0.001,0.001,1.37,2026-06-23T05:50:28,0.001,1.37
ip_shuffle,20260623T055028_206616,of:0000000000000003:1 -> of:000000000000000b:5,0.002,0.0025,0.002,0.002,1.53,2026-06-23T05:50:28,0.002,1.53
ip_shuffle,20260623T055028_206616,of:0000000000000006:1 -> of:000000000000000d:4,0.001,0.00125,0.001,0.001,1.3,2026-06-23T05:50:28,0.001,1.3
ip_shuffle,20260623T055028_206616,of:0000000000000007:2 -> of:000000000000000a:3,0.002,0.0025,0.002,0.002,1.53,2026-06-23T05:50:28,0.002,1.53
ip_shuffle,20260623T055028_206616,of:0000000000000007:1 -> of:000000000000000d:5,0.001,0.00125,0.001,0.001,1.37,2026-06-23T05:50:28,0.001,1.37
ip_shuffle,20260623T055028_206616,of:0000000000000002:2 -> of:0000000000000008:2,0.002,0.0025,0.002,0.002,1.53,2026-06-23T05:50:28,0.002,1.53
ip_shuffle,20260623T055028_206616,of:0000000000000003:2 -> of:0000000000000008:3,0.002,0.0025,0.002,0.002,1.53,2026-06-23T05:50:28,0.002,1.53
ip_shuffle,20260623T055028_206616,of:0000000000000008:1 -> of:000000000000000b:6,0.002,0.0025,0.002,0.002,1.43,2026-06-23T05:50:28,0.002,1.43
ip_shuffle,20260623T055028_206616,of:0000000000000004:2 -> of:0000000000000009:2,0.001,0.00125,0.001,0.001,1.47,2026-06-23T05:50:28,0.001,1.47
ip_shuffle,20260623T055028_206616,of:0000000000000002:1 -> of:000000000000000b:4,0.002,0.0025,0.002,0.002,2.36,2026-06-23T05:50:28,0.002,2.36
ip_shuffle,20260623T055028_206616,of:0000000000000009:1 -> of:000000000000000c:6,0.002,0.0025,0.002,0.002,1.43,2026-06-23T05:50:28,0.002,1.43
route_mutation,20260623T055125_934170,of:0000000000000004:1 -> of:000000000000000c:4,0.002,0.0025,0.002,0.002,1.93,2026-06-23T05:51:25,0.002,1.86
route_mutation,20260623T055125_934170,of:0000000000000005:1 -> of:000000000000000c:5,0.002,0.0025,0.002,0.002,1.93,2026-06-23T05:51:25,0.002,1.86
route_mutation,20260623T055125_934170,of:000000000000000a:1 -> of:000000000000000d:6,0.002,0.0025,0.002,0.002,1.9,2026-06-23T05:51:25,0.002,1.9
route_mutation,20260623T055125_934170,of:000000000000000b:3 -> of:000000000000000d:2,0.002,0.0025,0.002,0.002,2.53,2026-06-23T05:51:25,0.002,2.53
route_mutation,20260623T055125_934170,of:000000000000000c:3 -> of:000000000000000d:3,0.002,0.0025,0.002,0.002,2.5,2026-06-23T05:51:25,0.002,2.5
route_mutation,20260623T055125_934170,of:0000000000000005:2 -> of:0000000000000009:3,0.002,0.0025,0.002,0.002,2.56,2026-06-23T05:51:25,0.002,2.56
route_mutation,20260623T055125_934170,of:0000000000000001:1 -> of:000000000000000b:1,0.002,0.0025,0.002,0.002,1.83,2026-06-23T05:51:25,0.002,1.83
route_mutation,20260623T055125_934170,of:000000000000000b:2 -> of:000000000000000c:2,0.002,0.0025,0.002,0.002,2.43,2026-06-23T05:51:25,0.002,2.43
route_mutation,20260623T055125_934170,of:0000000000000001:2 -> of:000000000000000c:1,0.002,0.0025,0.002,0.002,1.8,2026-06-23T05:51:25,0.002,1.83
route_mutation,20260623T055125_934170,of:0000000000000006:2 -> of:000000000000000a:2,0.002,0.0025,0.002,0.002,2.6,2026-06-23T05:51:25,0.002,2.6
route_mutation,20260623T055125_934170,of:0000000000000001:3 -> of:000000000000000d:1,0.003,0.00375,0.003,0.003,3.6,2026-06-23T05:51:25,0.003,3.63
route_mutation,20260623T055125_934170,of:0000000000000003:1 -> of:000000000000000b:5,0.002,0.0025,0.002,0.002,1.9,2026-06-23T05:51:25,0.002,1.9
route_mutation,20260623T055125_934170,of:0000000000000006:1 -> of:000000000000000d:4,0.002,0.0025,0.002,0.002,2.96,2026-06-23T05:51:25,0.002,2.73
route_mutation,20260623T055125_934170,of:0000000000000007:2 -> of:000000000000000a:3,0.002,0.0025,0.002,0.002,2.43,2026-06-23T05:51:25,0.002,2.43
route_mutation,20260623T055125_934170,of:0000000000000007:1 -> of:000000000000000d:5,0.002,0.0025,0.002,0.002,2.86,2026-06-23T05:51:25,0.002,2.73
route_mutation,20260623T055125_934170,of:0000000000000002:2 -> of:0000000000000008:2,0.002,0.0025,0.002,0.002,2.53,2026-06-23T05:51:25,0.002,2.53
route_mutation,20260623T055125_934170,of:0000000000000003:2 -> of:0000000000000008:3,0.002,0.0025,0.002,0.002,2.53,2026-06-23T05:51:25,0.002,2.53
route_mutation,20260623T055125_934170,of:0000000000000008:1 -> of:000000000000000b:6,0.002,0.0025,0.002,0.002,1.83,2026-06-23T05:51:25,0.002,1.83
route_mutation,20260623T055125_934170,of:0000000000000004:2 -> of:0000000000000009:2,0.002,0.0025,0.002,0.002,2.6,2026-06-23T05:51:25,0.002,2.6
route_mutation,20260623T055125_934170,of:0000000000000002:1 -> of:000000000000000b:4,0.002,0.0025,0.002,0.002,1.9,2026-06-23T05:51:25,0.002,1.9
route_mutation,20260623T055125_934170,of:0000000000000009:1 -> of:000000000000000c:6,0.002,0.0025,0.002,0.002,1.86,2026-06-23T05:51:25,0.002,1.83
route_mutation,20260623T055156_330402,of:0000000000000004:1 -> of:000000000000000c:4,0.001,0.00125,0.001,0.001,1.3,2026-06-23T05:51:56,0.001,1.43
route_mutation,20260623T055156_330402,of:0000000000000005:1 -> of:000000000000000c:5,0.001,0.00125,0.001,0.001,1.3,2026-06-23T05:51:56,0.001,1.43
route_mutation,20260623T055156_330402,of:000000000000000a:1 -> of:000000000000000d:6,0.001,0.00125,0.001,0.001,1.43,2026-06-23T05:51:56,0.001,1.4
route_mutation,20260623T055156_330402,of:000000000000000b:3 -> of:000000000000000d:2,0.002,0.0025,0.002,0.002,1.56,2026-06-23T05:51:56,0.002,1.56
route_mutation,20260623T055156_330402,of:000000000000000c:3 -> of:000000000000000d:3,0.002,0.0025,0.002,0.002,1.56,2026-06-23T05:51:56,0.002,1.56
route_mutation,20260623T055156_330402,of:0000000000000005:2 -> of:0000000000000009:3,0.001,0.00125,0.001,0.001,1.46,2026-06-23T05:51:56,0.001,1.46
route_mutation,20260623T055156_330402,of:0000000000000001:1 -> of:000000000000000b:1,0.002,0.0025,0.002,0.002,1.5,2026-06-23T05:51:56,0.002,1.4
route_mutation,20260623T055156_330402,of:000000000000000b:2 -> of:000000000000000c:2,0.002,0.0025,0.002,0.002,1.66,2026-06-23T05:51:56,0.002,1.66
route_mutation,20260623T055156_330402,of:0000000000000001:2 -> of:000000000000000c:1,0.002,0.0025,0.002,0.002,1.5,2026-06-23T05:51:56,0.002,1.4
route_mutation,20260623T055156_330402,of:0000000000000006:2 -> of:000000000000000a:2,0.001,0.00125,0.001,0.001,1.46,2026-06-23T05:51:56,0.001,1.46
route_mutation,20260623T055156_330402,of:0000000000000001:3 -> of:000000000000000d:1,0.002,0.0025,0.002,0.002,1.66,2026-06-23T05:51:56,0.002,1.76
route_mutation,20260623T055156_330402,of:0000000000000003:1 -> of:000000000000000b:5,0.001,0.00125,0.001,0.001,1.33,2026-06-23T05:51:56,0.001,1.43
route_mutation,20260623T055156_330402,of:0000000000000006:1 -> of:000000000000000d:4,0.001,0.00125,0.001,0.001,1.23,2026-06-23T05:51:56,0.001,1.33
route_mutation,20260623T055156_330402,of:0000000000000007:2 -> of:000000000000000a:3,0.002,0.0025,0.002,0.002,1.76,2026-06-23T05:51:56,0.002,1.76
route_mutation,20260623T055156_330402,of:0000000000000007:1 -> of:000000000000000d:5,0.002,0.0025,0.002,0.002,2.0,2026-06-23T05:51:56,0.002,2.1
route_mutation,20260623T055156_330402,of:0000000000000002:2 -> of:0000000000000008:2,0.001,0.00125,0.001,0.001,1.5,2026-06-23T05:51:56,0.001,1.5
route_mutation,20260623T055156_330402,of:0000000000000003:2 -> of:0000000000000008:3,0.001,0.00125,0.001,0.001,1.5,2026-06-23T05:51:56,0.001,1.5
route_mutation,20260623T055156_330402,of:0000000000000008:1 -> of:000000000000000b:6,0.002,0.0025,0.002,0.002,1.5,2026-06-23T05:51:56,0.002,1.5
route_mutation,20260623T055156_330402,of:0000000000000004:2 -> of:0000000000000009:2,0.001,0.00125,0.001,0.001,1.46,2026-06-23T05:51:56,0.001,1.46
route_mutation,20260623T055156_330402,of:0000000000000002:1 -> of:000000000000000b:4,0.001,0.00125,0.001,0.001,1.33,2026-06-23T05:51:56,0.001,1.43
route_mutation,20260623T055156_330402,of:0000000000000009:1 -> of:000000000000000c:6,0.002,0.0025,0.002,0.002,1.5,2026-06-23T05:51:56,0.002,1.5
ip_shuffle,20260623T055226_645370,of:0000000000000004:1 -> of:000000000000000c:4,0.002,0.0025,0.002,0.002,2.2,2026-06-23T05:52:26,0.002,2.23
ip_shuffle,20260623T055226_645370,of:0000000000000005:1 -> of:000000000000000c:5,0.002,0.0025,0.002,0.002,1.63,2026-06-23T05:52:26,0.002,1.63
ip_shuffle,20260623T055226_645370,of:000000000000000a:1 -> of:000000000000000d:6,0.002,0.0025,0.002,0.002,1.53,2026-06-23T05:52:26,0.002,1.53
ip_shuffle,20260623T055226_645370,of:000000000000000b:3 -> of:000000000000000d:2,0.002,0.0025,0.002,0.002,1.73,2026-06-23T05:52:26,0.002,1.73
ip_shuffle,20260623T055226_645370,of:000000000000000c:3 -> of:000000000000000d:3,0.002,0.0025,0.002,0.002,1.73,2026-06-23T05:52:26,0.002,1.73
ip_shuffle,20260623T055226_645370,of:0000000000000005:2 -> of:0000000000000009:3,0.002,0.0025,0.002,0.002,1.73,2026-06-23T05:52:26,0.002,1.73
ip_shuffle,20260623T055226_645370,of:0000000000000001:1 -> of:000000000000000b:1,0.003,0.00375,0.003,0.003,3.6,2026-06-23T05:52:26,0.003,3.6
ip_shuffle,20260623T055226_645370,of:000000000000000b:2 -> of:000000000000000c:2,0.002,0.0025,0.002,0.002,1.73,2026-06-23T05:52:26,0.002,1.73
ip_shuffle,20260623T055226_645370,of:0000000000000001:2 -> of:000000000000000c:1,0.002,0.0025,0.002,0.002,2.26,2026-06-23T05:52:26,0.002,2.23
ip_shuffle,20260623T055226_645370,of:0000000000000006:2 -> of:000000000000000a:2,0.002,0.0025,0.002,0.002,1.73,2026-06-23T05:52:26,0.002,1.73
ip_shuffle,20260623T055226_645370,of:0000000000000001:3 -> of:000000000000000d:1,0.002,0.0025,0.002,0.002,1.53,2026-06-23T05:52:26,0.002,1.53
ip_shuffle,20260623T055226_645370,of:0000000000000003:1 -> of:000000000000000b:5,0.002,0.0025,0.002,0.002,2.56,2026-06-23T05:52:26,0.002,2.56
ip_shuffle,20260623T055226_645370,of:0000000000000006:1 -> of:000000000000000d:4,0.002,0.0025,0.002,0.002,1.53,2026-06-23T05:52:26,0.002,1.53
ip_shuffle,20260623T055226_645370,of:0000000000000007:2 -> of:000000000000000a:3,0.002,0.0025,0.002,0.002,1.73,2026-06-23T05:52:26,0.002,1.73
ip_shuffle,20260623T055226_645370,of:0000000000000007:1 -> of:000000000000000d:5,0.002,0.0025,0.002,0.002,1.53,2026-06-23T05:52:26,0.002,1.53
ip_shuffle,20260623T055226_645370,of:0000000000000002:2 -> of:0000000000000008:2,0.002,0.0025,0.002,0.002,1.73,2026-06-23T05:52:26,0.002,1.73
ip_shuffle,20260623T055226_645370,of:0000000000000003:2 -> of:0000000000000008:3,0.002,0.0025,0.002,0.002,1.73,2026-06-23T05:52:26,0.002,1.73
ip_shuffle,20260623T055226_645370,of:0000000000000008:1 -> of:000000000000000b:6,0.002,0.0025,0.002,0.002,1.53,2026-06-23T05:52:26,0.002,1.53
ip_shuffle,20260623T055226_645370,of:0000000000000004:2 -> of:0000000000000009:2,0.002,0.0025,0.002,0.002,1.73,2026-06-23T05:52:26,0.002,1.73
ip_shuffle,20260623T055226_645370,of:0000000000000002:1 -> of:000000000000000b:4,0.002,0.0025,0.002,0.002,2.56,2026-06-23T05:52:26,0.002,2.56
ip_shuffle,20260623T055226_645370,of:0000000000000009:1 -> of:000000000000000c:6,0.002,0.0025,0.002,0.002,1.53,2026-06-23T05:52:26,0.002,1.53
route_mutation,20260623T055330_855364,of:0000000000000004:1 -> of:000000000000000c:4,0.002,0.0025,0.002,0.001,1.46,2026-06-23T05:53:30,0.002,1.59
route_mutation,20260623T055330_855364,of:0000000000000005:1 -> of:000000000000000c:5,0.002,0.0025,0.002,0.001,1.46,2026-06-23T05:53:30,0.002,1.59
route_mutation,20260623T055330_855364,of:000000000000000a:1 -> of:000000000000000d:6,0.002,0.0025,0.002,0.002,1.59,2026-06-23T05:53:30,0.002,1.56
route_mutation,20260623T055330_855364,of:000000000000000b:3 -> of:000000000000000d:2,0.002,0.0025,0.002,0.002,1.89,2026-06-23T05:53:30,0.002,1.89
route_mutation,20260623T055330_855364,of:000000000000000c:3 -> of:000000000000000d:3,0.002,0.0025,0.002,0.002,1.89,2026-06-23T05:53:30,0.002,1.89
route_mutation,20260623T055330_855364,of:0000000000000005:2 -> of:0000000000000009:3,0.002,0.0025,0.002,0.002,1.79,2026-06-23T05:53:30,0.002,1.79
route_mutation,20260623T055330_855364,of:0000000000000001:1 -> of:000000000000000b:1,0.002,0.0025,0.002,0.002,1.66,2026-06-23T05:53:30,0.002,1.56
route_mutation,20260623T055330_855364,of:000000000000000b:2 -> of:000000000000000c:2,0.002,0.0025,0.002,0.002,1.99,2026-06-23T05:53:30,0.002,1.99
route_mutation,20260623T055330_855364,of:0000000000000001:2 -> of:000000000000000c:1,0.002,0.0025,0.002,0.002,1.66,2026-06-23T05:53:30,0.002,1.56
route_mutation,20260623T055330_855364,of:0000000000000006:2 -> of:000000000000000a:2,0.002,0.0025,0.002,0.002,1.79,2026-06-23T05:53:30,0.002,1.79
route_mutation,20260623T055330_855364,of:0000000000000001:3 -> of:000000000000000d:1,0.002,0.0025,0.002,0.002,2.22,2026-06-23T05:53:30,0.002,2.32
route_mutation,20260623T055330_855364,of:0000000000000003:1 -> of:000000000000000b:5,0.002,0.0025,0.002,0.001,1.49,2026-06-23T05:53:30,0.002,1.59
route_mutation,20260623T055330_855364,of:0000000000000006:1 -> of:000000000000000d:4,0.001,0.00125,0.001,0.001,1.39,2026-06-23T05:53:30,0.001,1.49
route_mutation,20260623T055330_855364,of:0000000000000007:2 -> of:000000000000000a:3,0.002,0.0025,0.002,0.002,1.86,2026-06-23T05:53:30,0.002,1.86
route_mutation,20260623T055330_855364,of:0000000000000007:1 -> of:000000000000000d:5,0.002,0.0025,0.002,0.002,2.32,2026-06-23T05:53:30,0.002,2.19
route_mutation,20260623T055330_855364,of:0000000000000002:2 -> of:0000000000000008:2,0.002,0.0025,0.002,0.002,1.96,2026-06-23T05:53:30,0.002,1.96
route_mutation,20260623T055330_855364,of:0000000000000003:2 -> of:0000000000000008:3,0.002,0.0025,0.002,0.002,1.96,2026-06-23T05:53:30,0.002,1.96
route_mutation,20260623T055330_855364,of:0000000000000008:1 -> of:000000000000000b:6,0.002,0.0025,0.002,0.002,1.79,2026-06-23T05:53:30,0.002,1.79
route_mutation,20260623T055330_855364,of:0000000000000004:2 -> of:0000000000000009:2,0.002,0.0025,0.002,0.002,1.79,2026-06-23T05:53:30,0.002,1.79
route_mutation,20260623T055330_855364,of:0000000000000002:1 -> of:000000000000000b:4,0.002,0.0025,0.002,0.001,1.49,2026-06-23T05:53:30,0.002,1.59
route_mutation,20260623T055330_855364,of:0000000000000009:1 -> of:000000000000000c:6,0.002,0.0025,0.002,0.002,1.66,2026-06-23T05:53:30,0.002,1.66
ip_shuffle,20260623T055401_163213,of:0000000000000004:1 -> of:000000000000000c:4,0.002,0.0025,0.002,0.002,1.7,2026-06-23T05:54:01,0.002,1.63
ip_shuffle,20260623T055401_163213,of:0000000000000005:1 -> of:000000000000000c:5,0.002,0.0025,0.002,0.002,1.53,2026-06-23T05:54:01,0.002,1.5
ip_shuffle,20260623T055401_163213,of:000000000000000a:1 -> of:000000000000000d:6,0.002,0.0025,0.002,0.002,1.5,2026-06-23T05:54:01,0.002,1.53
ip_shuffle,20260623T055401_163213,of:000000000000000b:3 -> of:000000000000000d:2,0.002,0.0025,0.002,0.002,1.7,2026-06-23T05:54:01,0.002,1.7
ip_shuffle,20260623T055401_163213,of:000000000000000c:3 -> of:000000000000000d:3,0.002,0.0025,0.002,0.002,1.7,2026-06-23T05:54:01,0.002,1.7
ip_shuffle,20260623T055401_163213,of:0000000000000005:2 -> of:0000000000000009:3,0.002,0.0025,0.002,0.002,1.7,2026-06-23T05:54:01,0.002,1.7
ip_shuffle,20260623T055401_163213,of:0000000000000001:1 -> of:000000000000000b:1,0.003,0.00375,0.003,0.003,3.53,2026-06-23T05:54:01,0.003,3.43
ip_shuffle,20260623T055401_163213,of:000000000000000b:2 -> of:000000000000000c:2,0.002,0.0025,0.002,0.002,1.66,2026-06-23T05:54:01,0.002,1.66
ip_shuffle,20260623T055401_163213,of:0000000000000001:2 -> of:000000000000000c:1,0.002,0.0025,0.002,0.002,1.6,2026-06-23T05:54:01,0.002,1.63
ip_shuffle,20260623T055401_163213,of:0000000000000006:2 -> of:000000000000000a:2,0.002,0.0025,0.002,0.002,1.7,2026-06-23T05:54:01,0.002,1.7
ip_shuffle,20260623T055401_163213,of:0000000000000001:3 -> of:000000000000000d:1,0.002,0.0025,0.002,0.002,1.53,2026-06-23T05:54:01,0.002,1.53
ip_shuffle,20260623T055401_163213,of:0000000000000003:1 -> of:000000000000000b:5,0.002,0.0025,0.002,0.002,2.4,2026-06-23T05:54:01,0.002,2.5
ip_shuffle,20260623T055401_163213,of:0000000000000006:1 -> of:000000000000000d:4,0.002,0.0025,0.002,0.002,1.53,2026-06-23T05:54:01,0.002,1.53
ip_shuffle,20260623T055401_163213,of:0000000000000007:2 -> of:000000000000000a:3,0.002,0.0025,0.002,0.002,1.63,2026-06-23T05:54:01,0.002,1.63
ip_shuffle,20260623T055401_163213,of:0000000000000007:1 -> of:000000000000000d:5,0.001,0.00125,0.001,0.001,1.46,2026-06-23T05:54:01,0.001,1.46
ip_shuffle,20260623T055401_163213,of:0000000000000002:2 -> of:0000000000000008:2,0.002,0.0025,0.002,0.002,1.66,2026-06-23T05:54:01,0.002,1.66
ip_shuffle,20260623T055401_163213,of:0000000000000003:2 -> of:0000000000000008:3,0.002,0.0025,0.002,0.002,1.66,2026-06-23T05:54:01,0.002,1.66
ip_shuffle,20260623T055401_163213,of:0000000000000008:1 -> of:000000000000000b:6,0.001,0.00125,0.001,0.001,1.46,2026-06-23T05:54:01,0.001,1.43
ip_shuffle,20260623T055401_163213,of:0000000000000004:2 -> of:0000000000000009:2,0.002,0.0025,0.002,0.002,1.7,2026-06-23T05:54:01,0.002,1.7
ip_shuffle,20260623T055401_163213,of:0000000000000002:1 -> of:000000000000000b:4,0.002,0.0025,0.002,0.002,2.56,2026-06-23T05:54:01,0.002,2.53
ip_shuffle,20260623T055401_163213,of:0000000000000009:1 -> of:000000000000000c:6,0.002,0.0025,0.002,0.002,1.5,2026-06-23T05:54:01,0.002,1.5
ip_shuffle,20260623T055505_265222,of:0000000000000004:1 -> of:000000000000000c:4,0.002,0.0025,0.002,0.002,1.9,2026-06-23T05:55:05,0.002,1.9
ip_shuffle,20260623T055505_265222,of:0000000000000005:1 -> of:000000000000000c:5,0.002,0.0025,0.002,0.002,1.9,2026-06-23T05:55:05,0.002,1.9
ip_shuffle,20260623T055505_265222,of:000000000000000a:1 -> of:000000000000000d:6,0.002,0.0025,0.002,0.002,1.96,2026-06-23T05:55:05,0.002,1.96
ip_shuffle,20260623T055505_265222,of:000000000000000b:3 -> of:000000000000000d:2,0.002,0.0025,0.002,0.002,2.66,2026-06-23T05:55:05,0.002,2.66
ip_shuffle,20260623T055505_265222,of:000000000000000c:3 -> of:000000000000000d:3,0.002,0.0025,0.002,0.002,2.59,2026-06-23T05:55:05,0.002,2.59
ip_shuffle,20260623T055505_265222,of:0000000000000005:2 -> of:0000000000000009:3,0.002,0.0025,0.002,0.002,2.79,2026-06-23T05:55:05,0.002,2.79
ip_shuffle,20260623T055505_265222,of:0000000000000001:1 -> of:000000000000000b:1,0.002,0.0025,0.002,0.002,2.03,2026-06-23T05:55:05,0.002,2.03
ip_shuffle,20260623T055505_265222,of:000000000000000b:2 -> of:000000000000000c:2,0.002,0.0025,0.002,0.002,2.66,2026-06-23T05:55:05,0.002,2.66
ip_shuffle,20260623T055505_265222,of:0000000000000001:2 -> of:000000000000000c:1,0.002,0.0025,0.002,0.002,1.96,2026-06-23T05:55:05,0.002,1.96
ip_shuffle,20260623T055505_265222,of:0000000000000006:2 -> of:000000000000000a:2,0.002,0.0025,0.002,0.002,2.66,2026-06-23T05:55:05,0.002,2.66
ip_shuffle,20260623T055505_265222,of:0000000000000001:3 -> of:000000000000000d:1,0.003,0.00375,0.003,0.003,3.59,2026-06-23T05:55:05,0.003,3.59
ip_shuffle,20260623T055505_265222,of:0000000000000003:1 -> of:000000000000000b:5,0.002,0.0025,0.002,0.002,1.96,2026-06-23T05:55:05,0.002,1.96
ip_shuffle,20260623T055505_265222,of:0000000000000006:1 -> of:000000000000000d:4,0.002,0.0025,0.002,0.002,2.13,2026-06-23T05:55:05,0.002,2.13
ip_shuffle,20260623T055505_265222,of:0000000000000007:2 -> of:000000000000000a:3,0.002,0.0025,0.002,0.002,2.73,2026-06-23T05:55:05,0.002,2.73
ip_shuffle,20260623T055505_265222,of:0000000000000007:1 -> of:000000000000000d:5,0.003,0.00375,0.003,0.003,3.36,2026-06-23T05:55:05,0.003,3.36
ip_shuffle,20260623T055505_265222,of:0000000000000002:2 -> of:0000000000000008:2,0.002,0.0025,0.002,0.002,2.66,2026-06-23T05:55:05,0.002,2.66
ip_shuffle,20260623T055505_265222,of:0000000000000003:2 -> of:0000000000000008:3,0.002,0.0025,0.002,0.002,2.66,2026-06-23T05:55:05,0.002,2.66
ip_shuffle,20260623T055505_265222,of:0000000000000008:1 -> of:000000000000000b:6,0.002,0.0025,0.002,0.002,2.03,2026-06-23T05:55:05,0.002,2.03
ip_shuffle,20260623T055505_265222,of:0000000000000004:2 -> of:0000000000000009:2,0.002,0.0025,0.002,0.002,2.79,2026-06-23T05:55:05,0.002,2.79
ip_shuffle,20260623T055505_265222,of:0000000000000002:1 -> of:000000000000000b:4,0.002,0.0025,0.002,0.002,1.96,2026-06-23T05:55:05,0.002,1.96
ip_shuffle,20260623T055505_265222,of:0000000000000009:1 -> of:000000000000000c:6,0.002,0.0025,0.002,0.002,2.1,2026-06-23T05:55:05,0.002,2.1
route_mutation,20260623T055602_989467,of:0000000000000004:1 -> of:000000000000000c:4,0.002,0.0025,0.002,0.002,2.33,2026-06-23T05:56:02,0.002,2.23
route_mutation,20260623T055602_989467,of:0000000000000005:1 -> of:000000000000000c:5,0.002,0.0025,0.002,0.002,2.33,2026-06-23T05:56:02,0.002,2.23
route_mutation,20260623T055602_989467,of:000000000000000a:1 -> of:000000000000000d:6,0.001,0.00125,0.001,0.001,1.36,2026-06-23T05:56:02,0.001,1.36
route_mutation,20260623T055602_989467,of:000000000000000b:3 -> of:000000000000000d:2,0.001,0.00125,0.001,0.001,1.46,2026-06-23T05:56:02,0.001,1.46
route_mutation,20260623T055602_989467,of:000000000000000c:3 -> of:000000000000000d:3,0.002,0.0025,0.002,0.002,1.53,2026-06-23T05:56:02,0.002,1.53
route_mutation,20260623T055602_989467,of:0000000000000005:2 -> of:0000000000000009:3,0.002,0.0025,0.002,0.002,1.76,2026-06-23T05:56:02,0.002,1.76
route_mutation,20260623T055602_989467,of:0000000000000001:1 -> of:000000000000000b:1,0.003,0.00375,0.003,0.003,3.1,2026-06-23T05:56:02,0.003,3.23
route_mutation,20260623T055602_989467,of:000000000000000b:2 -> of:000000000000000c:2,0.001,0.00125,0.001,0.001,1.46,2026-06-23T05:56:02,0.001,1.46
route_mutation,20260623T055602_989467,of:0000000000000001:2 -> of:000000000000000c:1,0.003,0.00375,0.003,0.003,3.06,2026-06-23T05:56:02,0.003,3.13
route_mutation,20260623T055602_989467,of:0000000000000006:2 -> of:000000000000000a:2,0.002,0.0025,0.002,0.002,1.56,2026-06-23T05:56:02,0.002,1.56
route_mutation,20260623T055602_989467,of:0000000000000001:3 -> of:000000000000000d:1,0.002,0.0025,0.002,0.002,1.63,2026-06-23T05:56:02,0.002,1.6
route_mutation,20260623T055602_989467,of:0000000000000003:1 -> of:000000000000000b:5,0.002,0.0025,0.002,0.002,2.5,2026-06-23T05:56:02,0.002,2.4
route_mutation,20260623T055602_989467,of:0000000000000006:1 -> of:000000000000000d:4,0.002,0.0025,0.002,0.002,1.63,2026-06-23T05:56:02,0.002,1.7
route_mutation,20260623T055602_989467,of:0000000000000007:2 -> of:000000000000000a:3,0.002,0.0025,0.002,0.002,1.56,2026-06-23T05:56:02,0.002,1.56
route_mutation,20260623T055602_989467,of:0000000000000007:1 -> of:000000000000000d:5,0.002,0.0025,0.002,0.002,1.53,2026-06-23T05:56:02,0.002,1.43
route_mutation,20260623T055602_989467,of:0000000000000002:2 -> of:0000000000000008:2,0.002,0.0025,0.002,0.002,1.76,2026-06-23T05:56:02,0.002,1.76
route_mutation,20260623T055602_989467,of:0000000000000003:2 -> of:0000000000000008:3,0.002,0.0025,0.002,0.002,1.76,2026-06-23T05:56:02,0.002,1.76
route_mutation,20260623T055602_989467,of:0000000000000008:1 -> of:000000000000000b:6,0.001,0.00125,0.001,0.001,1.5,2026-06-23T05:56:02,0.001,1.36
route_mutation,20260623T055602_989467,of:0000000000000004:2 -> of:0000000000000009:2,0.002,0.0025,0.002,0.002,1.76,2026-06-23T05:56:02,0.002,1.76
route_mutation,20260623T055602_989467,of:0000000000000002:1 -> of:000000000000000b:4,0.002,0.0025,0.002,0.002,2.16,2026-06-23T05:56:02,0.002,2.03
route_mutation,20260623T055602_989467,of:0000000000000009:1 -> of:000000000000000c:6,0.002,0.0025,0.002,0.002,1.56,2026-06-23T05:56:02,0.002,1.43
ip_shuffle,20260623T055633_324260,of:0000000000000004:1 -> of:000000000000000c:4,0.002,0.0025,0.002,0.002,1.83,2026-06-23T05:56:33,0.002,1.83
ip_shuffle,20260623T055633_324260,of:0000000000000005:1 -> of:000000000000000c:5,0.002,0.0025,0.002,0.002,1.83,2026-06-23T05:56:33,0.002,1.83
ip_shuffle,20260623T055633_324260,of:000000000000000a:1 -> of:000000000000000d:6,0.002,0.0025,0.002,0.002,2.16,2026-06-23T05:56:33,0.002,2.03
ip_shuffle,20260623T055633_324260,of:000000000000000b:3 -> of:000000000000000d:2,0.002,0.0025,0.002,0.002,2.53,2026-06-23T05:56:33,0.002,2.53
ip_shuffle,20260623T055633_324260,of:000000000000000c:3 -> of:000000000000000d:3,0.002,0.0025,0.002,0.002,2.46,2026-06-23T05:56:33,0.002,2.46
ip_shuffle,20260623T055633_324260,of:0000000000000005:2 -> of:0000000000000009:3,0.002,0.0025,0.002,0.002,2.53,2026-06-23T05:56:33,0.002,2.53
ip_shuffle,20260623T055633_324260,of:0000000000000001:1 -> of:000000000000000b:1,0.002,0.0025,0.002,0.002,1.9,2026-06-23T05:56:33,0.002,1.93
ip_shuffle,20260623T055633_324260,of:000000000000000b:2 -> of:000000000000000c:2,0.002,0.0025,0.002,0.002,2.53,2026-06-23T05:56:33,0.002,2.53
ip_shuffle,20260623T055633_324260,of:0000000000000001:2 -> of:000000000000000c:1,0.002,0.0025,0.002,0.002,1.83,2026-06-23T05:56:33,0.002,1.86
ip_shuffle,20260623T055633_324260,of:0000000000000006:2 -> of:000000000000000a:2,0.002,0.0025,0.002,0.002,2.89,2026-06-23T05:56:33,0.002,2.89
ip_shuffle,20260623T055633_324260,of:0000000000000001:3 -> of:000000000000000d:1,0.003,0.00375,0.003,0.003,3.49,2026-06-23T05:56:33,0.003,3.39
ip_shuffle,20260623T055633_324260,of:0000000000000003:1 -> of:000000000000000b:5,0.002,0.0025,0.002,0.002,1.9,2026-06-23T05:56:33,0.002,1.9
ip_shuffle,20260623T055633_324260,of:0000000000000006:1 -> of:000000000000000d:4,0.002,0.0025,0.002,0.002,3.06,2026-06-23T05:56:33,0.002,2.86
ip_shuffle,20260623T055633_324260,of:0000000000000007:2 -> of:000000000000000a:3,0.002,0.0025,0.002,0.002,2.89,2026-06-23T05:56:33,0.002,2.89
ip_shuffle,20260623T055633_324260,of:0000000000000007:1 -> of:000000000000000d:5,0.002,0.0025,0.002,0.002,2.36,2026-06-23T05:56:33,0.002,2.63
ip_shuffle,20260623T055633_324260,of:0000000000000002:2 -> of:0000000000000008:2,0.002,0.0025,0.002,0.002,2.53,2026-06-23T05:56:33,0.002,2.53
ip_shuffle,20260623T055633_324260,of:0000000000000003:2 -> of:0000000000000008:3,0.002,0.0025,0.002,0.002,2.53,2026-06-23T05:56:33,0.002,2.53
ip_shuffle,20260623T055633_324260,of:0000000000000008:1 -> of:000000000000000b:6,0.002,0.0025,0.002,0.002,1.96,2026-06-23T05:56:33,0.002,1.96
ip_shuffle,20260623T055633_324260,of:0000000000000004:2 -> of:0000000000000009:2,0.002,0.0025,0.002,0.002,2.53,2026-06-23T05:56:33,0.002,2.53
ip_shuffle,20260623T055633_324260,of:0000000000000002:1 -> of:000000000000000b:4,0.002,0.0025,0.002,0.002,1.9,2026-06-23T05:56:33,0.002,1.9
ip_shuffle,20260623T055633_324260,of:0000000000000009:1 -> of:000000000000000c:6,0.002,0.0025,0.002,0.002,1.9,2026-06-23T05:56:33,0.002,1.9
route_mutation,20260623T055731_096811,of:0000000000000004:1 -> of:000000000000000c:4,0.002,0.0025,0.002,0.002,1.63,2026-06-23T05:57:31,0.002,1.56
route_mutation,20260623T055731_096811,of:0000000000000005:1 -> of:000000000000000c:5,0.002,0.0025,0.002,0.002,1.53,2026-06-23T05:57:31,0.002,1.46
route_mutation,20260623T055731_096811,of:000000000000000a:1 -> of:000000000000000d:6,0.002,0.0025,0.002,0.002,1.53,2026-06-23T05:57:31,0.002,1.5
route_mutation,20260623T055731_096811,of:000000000000000b:3 -> of:000000000000000d:2,0.002,0.0025,0.002,0.002,1.63,2026-06-23T05:57:31,0.002,1.63
route_mutation,20260623T055731_096811,of:000000000000000c:3 -> of:000000000000000d:3,0.002,0.0025,0.002,0.002,1.63,2026-06-23T05:57:31,0.002,1.63
route_mutation,20260623T055731_096811,of:0000000000000005:2 -> of:0000000000000009:3,0.002,0.0025,0.002,0.002,1.73,2026-06-23T05:57:31,0.002,1.73
route_mutation,20260623T055731_096811,of:0000000000000001:1 -> of:000000000000000b:1,0.003,0.00375,0.003,0.003,3.5,2026-06-23T05:57:31,0.003,3.36
route_mutation,20260623T055731_096811,of:000000000000000b:2 -> of:000000000000000c:2,0.002,0.0025,0.002,0.002,1.6,2026-06-23T05:57:31,0.002,1.6
route_mutation,20260623T055731_096811,of:0000000000000001:2 -> of:000000000000000c:1,0.002,0.0025,0.002,0.002,1.5,2026-06-23T05:57:31,0.002,1.56
route_mutation,20260623T055731_096811,of:0000000000000006:2 -> of:000000000000000a:2,0.002,0.0025,0.002,0.002,1.73,2026-06-23T05:57:31,0.002,1.73
route_mutation,20260623T055731_096811,of:0000000000000001:3 -> of:000000000000000d:1,0.002,0.0025,0.002,0.002,1.5,2026-06-23T05:57:31,0.002,1.53
route_mutation,20260623T055731_096811,of:0000000000000003:1 -> of:000000000000000b:5,0.002,0.0025,0.002,0.002,2.33,2026-06-23T05:57:31,0.002,2.46
route_mutation,20260623T055731_096811,of:0000000000000006:1 -> of:000000000000000d:4,0.002,0.0025,0.002,0.002,1.53,2026-06-23T05:57:31,0.002,1.5
route_mutation,20260623T055731_096811,of:0000000000000007:2 -> of:000000000000000a:3,0.002,0.0025,0.002,0.002,1.73,2026-06-23T05:57:31,0.002,1.73
route_mutation,20260623T055731_096811,of:0000000000000007:1 -> of:000000000000000d:5,0.002,0.0025,0.002,0.002,1.53,2026-06-23T05:57:31,0.002,1.5
route_mutation,20260623T055731_096811,of:0000000000000002:2 -> of:0000000000000008:2,0.002,0.0025,0.002,0.002,1.73,2026-06-23T05:57:31,0.002,1.73
route_mutation,20260623T055731_096811,of:0000000000000003:2 -> of:0000000000000008:3,0.002,0.0025,0.002,0.002,1.73,2026-06-23T05:57:31,0.002,1.73
route_mutation,20260623T055731_096811,of:0000000000000008:1 -> of:000000000000000b:6,0.002,0.0025,0.002,0.002,1.53,2026-06-23T05:57:31,0.002,1.46
route_mutation,20260623T055731_096811,of:0000000000000004:2 -> of:0000000000000009:2,0.002,0.0025,0.002,0.002,1.73,2026-06-23T05:57:31,0.002,1.73
route_mutation,20260623T055731_096811,of:0000000000000002:1 -> of:000000000000000b:4,0.002,0.0025,0.002,0.002,2.56,2026-06-23T05:57:31,0.002,2.5
route_mutation,20260623T055731_096811,of:0000000000000009:1 -> of:000000000000000c:6,0.002,0.0025,0.002,0.002,1.53,2026-06-23T05:57:31,0.002,1.46
ip_shuffle,20260623T055801_400202,of:0000000000000004:1 -> of:000000000000000c:4,0.002,0.0025,0.002,0.002,2.4,2026-06-23T05:58:01,0.002,2.36
ip_shuffle,20260623T055801_400202,of:0000000000000005:1 -> of:000000000000000c:5,0.002,0.0025,0.002,0.002,2.5,2026-06-23T05:58:01,0.002,2.46
ip_shuffle,20260623T055801_400202,of:000000000000000a:1 -> of:000000000000000d:6,0.002,0.0025,0.002,0.002,1.8,2026-06-23T05:58:01,0.002,1.7
ip_shuffle,20260623T055801_400202,of:000000000000000b:3 -> of:000000000000000d:2,0.002,0.0025,0.002,0.002,2.36,2026-06-23T05:58:01,0.002,2.36
ip_shuffle,20260623T055801_400202,of:000000000000000c:3 -> of:000000000000000d:3,0.002,0.0025,0.002,0.002,2.1,2026-06-23T05:58:01,0.002,2.1
ip_shuffle,20260623T055801_400202,of:0000000000000005:2 -> of:0000000000000009:3,0.002,0.0025,0.002,0.002,2.3,2026-06-23T05:58:01,0.002,2.3
ip_shuffle,20260623T055801_400202,of:0000000000000001:1 -> of:000000000000000b:1,0.002,0.0025,0.002,0.002,1.96,2026-06-23T05:58:01,0.002,2.06
ip_shuffle,20260623T055801_400202,of:000000000000000b:2 -> of:000000000000000c:2,0.002,0.0025,0.002,0.002,2.4,2026-06-23T05:58:01,0.002,2.4
ip_shuffle,20260623T055801_400202,of:0000000000000001:2 -> of:000000000000000c:1,0.003,0.00375,0.003,0.003,3.23,2026-06-23T05:58:01,0.003,3.26
ip_shuffle,20260623T055801_400202,of:0000000000000006:2 -> of:000000000000000a:2,0.002,0.0025,0.002,0.002,2.4,2026-06-23T05:58:01,0.002,2.4
ip_shuffle,20260623T055801_400202,of:0000000000000001:3 -> of:000000000000000d:1,0.002,0.0025,0.002,0.002,2.86,2026-06-23T05:58:01,0.002,2.7
ip_shuffle,20260623T055801_400202,of:0000000000000003:1 -> of:000000000000000b:5,0.002,0.0025,0.002,0.002,2.06,2026-06-23T05:58:01,0.002,1.96
ip_shuffle,20260623T055801_400202,of:0000000000000006:1 -> of:000000000000000d:4,0.002,0.0025,0.002,0.002,2.86,2026-06-23T05:58:01,0.002,2.83
ip_shuffle,20260623T055801_400202,of:0000000000000007:2 -> of:000000000000000a:3,0.002,0.0025,0.002,0.002,2.4,2026-06-23T05:58:01,0.002,2.4
ip_shuffle,20260623T055801_400202,of:0000000000000007:1 -> of:000000000000000d:5,0.002,0.0025,0.002,0.002,1.76,2026-06-23T05:58:01,0.002,1.93
ip_shuffle,20260623T055801_400202,of:0000000000000002:2 -> of:0000000000000008:2,0.002,0.0025,0.002,0.002,2.3,2026-06-23T05:58:01,0.002,2.3
ip_shuffle,20260623T055801_400202,of:0000000000000003:2 -> of:0000000000000008:3,0.002,0.0025,0.002,0.002,2.3,2026-06-23T05:58:01,0.002,2.3
ip_shuffle,20260623T055801_400202,of:0000000000000008:1 -> of:000000000000000b:6,0.002,0.0025,0.002,0.002,1.93,2026-06-23T05:58:01,0.002,2.0
ip_shuffle,20260623T055801_400202,of:0000000000000004:2 -> of:0000000000000009:2,0.002,0.0025,0.002,0.002,2.3,2026-06-23T05:58:01,0.002,2.3
ip_shuffle,20260623T055801_400202,of:0000000000000002:1 -> of:000000000000000b:4,0.002,0.0025,0.002,0.002,1.83,2026-06-23T05:58:01,0.002,1.93
ip_shuffle,20260623T055801_400202,of:0000000000000009:1 -> of:000000000000000c:6,0.002,0.0025,0.002,0.002,1.8,2026-06-23T05:58:01,0.002,1.73
route_mutation,20260623T055905_500109,of:0000000000000004:1 -> of:000000000000000c:4,0.002,0.0025,0.002,0.002,1.43,2026-06-23T05:59:05,0.002,1.43
route_mutation,20260623T055905_500109,of:0000000000000005:1 -> of:000000000000000c:5,0.002,0.0025,0.002,0.002,1.43,2026-06-23T05:59:05,0.002,1.43
route_mutation,20260623T055905_500109,of:000000000000000a:1 -> of:000000000000000d:6,0.002,0.0025,0.002,0.002,1.43,2026-06-23T05:59:05,0.002,1.43
route_mutation,20260623T055905_500109,of:000000000000000b:3 -> of:000000000000000d:2,0.002,0.0025,0.002,0.002,1.53,2026-06-23T05:59:05,0.002,1.53
route_mutation,20260623T055905_500109,of:000000000000000c:3 -> of:000000000000000d:3,0.002,0.0025,0.002,0.002,1.53,2026-06-23T05:59:05,0.002,1.53
route_mutation,20260623T055905_500109,of:0000000000000005:2 -> of:0000000000000009:3,0.002,0.0025,0.002,0.002,1.53,2026-06-23T05:59:05,0.002,1.53
route_mutation,20260623T055905_500109,of:0000000000000001:1 -> of:000000000000000b:1,0.003,0.00375,0.003,0.003,2.93,2026-06-23T05:59:05,0.003,2.93
route_mutation,20260623T055905_500109,of:000000000000000b:2 -> of:000000000000000c:2,0.002,0.0025,0.002,0.002,1.53,2026-06-23T05:59:05,0.002,1.53
route_mutation,20260623T055905_500109,of:0000000000000001:2 -> of:000000000000000c:1,0.002,0.0025,0.002,0.002,1.43,2026-06-23T05:59:05,0.002,1.43
route_mutation,20260623T055905_500109,of:0000000000000006:2 -> of:000000000000000a:2,0.002,0.0025,0.002,0.002,1.53,2026-06-23T05:59:05,0.002,1.53
route_mutation,20260623T055905_500109,of:0000000000000001:3 -> of:000000000000000d:1,0.002,0.0025,0.002,0.002,1.5,2026-06-23T05:59:05,0.002,1.5
route_mutation,20260623T055905_500109,of:0000000000000003:1 -> of:000000000000000b:5,0.002,0.0025,0.002,0.002,1.9,2026-06-23T05:59:05,0.002,1.9
route_mutation,20260623T055905_500109,of:0000000000000006:1 -> of:000000000000000d:4,0.002,0.0025,0.002,0.002,1.5,2026-06-23T05:59:05,0.002,1.5
route_mutation,20260623T055905_500109,of:0000000000000007:2 -> of:000000000000000a:3,0.002,0.0025,0.002,0.002,1.53,2026-06-23T05:59:05,0.002,1.53
route_mutation,20260623T055905_500109,of:0000000000000007:1 -> of:000000000000000d:5,0.002,0.0025,0.002,0.002,1.43,2026-06-23T05:59:05,0.002,1.43
route_mutation,20260623T055905_500109,of:0000000000000002:2 -> of:0000000000000008:2,0.002,0.0025,0.002,0.002,1.53,2026-06-23T05:59:05,0.002,1.53
route_mutation,20260623T055905_500109,of:0000000000000003:2 -> of:0000000000000008:3,0.002,0.0025,0.002,0.002,1.53,2026-06-23T05:59:05,0.002,1.53
route_mutation,20260623T055905_500109,of:0000000000000008:1 -> of:000000000000000b:6,0.002,0.0025,0.002,0.002,1.43,2026-06-23T05:59:05,0.002,1.43
route_mutation,20260623T055905_500109,of:0000000000000004:2 -> of:0000000000000009:2,0.002,0.0025,0.002,0.002,1.53,2026-06-23T05:59:05,0.002,1.53
route_mutation,20260623T055905_500109,of:0000000000000002:1 -> of:000000000000000b:4,0.002,0.0025,0.002,0.002,2.46,2026-06-23T05:59:05,0.002,2.46
route_mutation,20260623T055905_500109,of:0000000000000009:1 -> of:000000000000000c:6,0.002,0.0025,0.002,0.002,1.43,2026-06-23T05:59:05,0.002,1.43
ip_shuffle,20260623T055935_858250,of:0000000000000004:1 -> of:000000000000000c:4,0.002,0.0025,0.002,0.002,2.36,2026-06-23T05:59:35,0.002,2.29
ip_shuffle,20260623T055935_858250,of:0000000000000005:1 -> of:000000000000000c:5,0.002,0.0025,0.002,0.002,2.36,2026-06-23T05:59:35,0.002,2.29
ip_shuffle,20260623T055935_858250,of:000000000000000a:1 -> of:000000000000000d:6,0.002,0.0025,0.002,0.002,1.66,2026-06-23T05:59:35,0.002,1.56
ip_shuffle,20260623T055935_858250,of:000000000000000b:3 -> of:000000000000000d:2,0.002,0.0025,0.002,0.002,1.96,2026-06-23T05:59:35,0.002,1.96
ip_shuffle,20260623T055935_858250,of:000000000000000c:3 -> of:000000000000000d:3,0.002,0.0025,0.002,0.002,1.8,2026-06-23T05:59:35,0.002,1.8
ip_shuffle,20260623T055935_858250,of:0000000000000005:2 -> of:0000000000000009:3,0.002,0.0025,0.002,0.002,2.03,2026-06-23T05:59:35,0.002,2.03
ip_shuffle,20260623T055935_858250,of:0000000000000001:1 -> of:000000000000000b:1,0.002,0.0025,0.002,0.002,2.23,2026-06-23T05:59:35,0.002,2.16
ip_shuffle,20260623T055935_858250,of:000000000000000b:2 -> of:000000000000000c:2,0.002,0.0025,0.002,0.002,1.96,2026-06-23T05:59:35,0.002,1.96
ip_shuffle,20260623T055935_858250,of:0000000000000001:2 -> of:000000000000000c:1,0.003,0.00375,0.003,0.003,3.09,2026-06-23T05:59:35,0.003,3.13
ip_shuffle,20260623T055935_858250,of:0000000000000006:2 -> of:000000000000000a:2,0.002,0.0025,0.002,0.002,2.1,2026-06-23T05:59:35,0.002,2.1
ip_shuffle,20260623T055935_858250,of:0000000000000001:3 -> of:000000000000000d:1,0.002,0.0025,0.002,0.002,2.1,2026-06-23T05:59:35,0.002,2.03
ip_shuffle,20260623T055935_858250,of:0000000000000003:1 -> of:000000000000000b:5,0.002,0.0025,0.002,0.002,2.2,2026-06-23T05:59:35,0.002,2.23
ip_shuffle,20260623T055935_858250,of:0000000000000006:1 -> of:000000000000000d:4,0.002,0.0025,0.002,0.002,2.13,2026-06-23T05:59:35,0.002,2.23
ip_shuffle,20260623T055935_858250,of:0000000000000007:2 -> of:000000000000000a:3,0.002,0.0025,0.002,0.002,2.1,2026-06-23T05:59:35,0.002,2.1
ip_shuffle,20260623T055935_858250,of:0000000000000007:1 -> of:000000000000000d:5,0.002,0.0025,0.002,0.002,1.63,2026-06-23T05:59:35,0.002,1.56
ip_shuffle,20260623T055935_858250,of:0000000000000002:2 -> of:0000000000000008:2,0.002,0.0025,0.002,0.002,2.03,2026-06-23T05:59:35,0.002,2.03
ip_shuffle,20260623T055935_858250,of:0000000000000003:2 -> of:0000000000000008:3,0.002,0.0025,0.002,0.002,2.03,2026-06-23T05:59:35,0.002,2.03
ip_shuffle,20260623T055935_858250,of:0000000000000008:1 -> of:000000000000000b:6,0.002,0.0025,0.002,0.002,1.73,2026-06-23T05:59:35,0.002,1.73
ip_shuffle,20260623T055935_858250,of:0000000000000004:2 -> of:0000000000000009:2,0.002,0.0025,0.002,0.002,2.03,2026-06-23T05:59:35,0.002,2.03
ip_shuffle,20260623T055935_858250,of:0000000000000002:1 -> of:000000000000000b:4,0.002,0.0025,0.002,0.002,1.63,2026-06-23T05:59:35,0.002,1.66
ip_shuffle,20260623T055935_858250,of:0000000000000009:1 -> of:000000000000000c:6,0.002,0.0025,0.002,0.002,1.66,2026-06-23T05:59:35,0.002,1.56
ip_shuffle,20260623T060033_805039,of:0000000000000004:1 -> of:000000000000000c:4,0.002,0.0025,0.002,0.002,1.5,2026-06-23T06:00:33,0.002,1.5
ip_shuffle,20260623T060033_805039,of:0000000000000005:1 -> of:000000000000000c:5,0.002,0.0025,0.002,0.002,1.5,2026-06-23T06:00:33,0.002,1.5
ip_shuffle,20260623T060033_805039,of:000000000000000a:1 -> of:000000000000000d:6,0.002,0.0025,0.002,0.002,1.43,2026-06-23T06:00:33,0.002,1.43
ip_shuffle,20260623T060033_805039,of:000000000000000b:3 -> of:000000000000000d:2,0.001,0.00125,0.001,0.001,1.46,2026-06-23T06:00:33,0.001,1.46
ip_shuffle,20260623T060033_805039,of:000000000000000c:3 -> of:000000000000000d:3,0.002,0.0025,0.002,0.002,1.6,2026-06-23T06:00:33,0.002,1.6
ip_shuffle,20260623T060033_805039,of:0000000000000005:2 -> of:0000000000000009:3,0.002,0.0025,0.002,0.002,1.53,2026-06-23T06:00:33,0.002,1.53
ip_shuffle,20260623T060033_805039,of:0000000000000001:1 -> of:000000000000000b:1,0.002,0.0025,0.002,0.002,1.9,2026-06-23T06:00:33,0.002,1.9
ip_shuffle,20260623T060033_805039,of:000000000000000b:2 -> of:000000000000000c:2,0.002,0.0025,0.002,0.002,1.53,2026-06-23T06:00:33,0.002,1.53
ip_shuffle,20260623T060033_805039,of:0000000000000001:2 -> of:000000000000000c:1,0.002,0.0025,0.002,0.002,1.5,2026-06-23T06:00:33,0.002,1.5
ip_shuffle,20260623T060033_805039,of:0000000000000006:2 -> of:000000000000000a:2,0.002,0.0025,0.002,0.002,1.53,2026-06-23T06:00:33,0.002,1.53
ip_shuffle,20260623T060033_805039,of:0000000000000001:3 -> of:000000000000000d:1,0.002,0.0025,0.002,0.002,1.46,2026-06-23T06:00:33,0.002,1.46
ip_shuffle,20260623T060033_805039,of:0000000000000003:1 -> of:000000000000000b:5,0.001,0.00125,0.001,0.001,1.37,2026-06-23T06:00:33,0.001,1.37
ip_shuffle,20260623T060033_805039,of:0000000000000006:1 -> of:000000000000000d:4,0.002,0.0025,0.002,0.002,1.43,2026-06-23T06:00:33,0.002,1.43
ip_shuffle,20260623T060033_805039,of:0000000000000007:2 -> of:000000000000000a:3,0.002,0.0025,0.002,0.002,1.53,2026-06-23T06:00:33,0.002,1.53
ip_shuffle,20260623T060033_805039,of:0000000000000007:1 -> of:000000000000000d:5,0.002,0.0025,0.002,0.002,1.46,2026-06-23T06:00:33,0.002,1.46
ip_shuffle,20260623T060033_805039,of:0000000000000002:2 -> of:0000000000000008:2,0.002,0.0025,0.002,0.002,1.53,2026-06-23T06:00:33,0.002,1.53
ip_shuffle,20260623T060033_805039,of:0000000000000003:2 -> of:0000000000000008:3,0.002,0.0025,0.002,0.002,1.53,2026-06-23T06:00:33,0.002,1.53
ip_shuffle,20260623T060033_805039,of:0000000000000008:1 -> of:000000000000000b:6,0.001,0.00125,0.001,0.001,1.37,2026-06-23T06:00:33,0.001,1.37
ip_shuffle,20260623T060033_805039,of:0000000000000004:2 -> of:0000000000000009:2,0.002,0.0025,0.002,0.002,1.53,2026-06-23T06:00:33,0.002,1.53
ip_shuffle,20260623T060033_805039,of:0000000000000002:1 -> of:000000000000000b:4,0.002,0.0025,0.002,0.002,1.93,2026-06-23T06:00:33,0.002,1.93
ip_shuffle,20260623T060033_805039,of:0000000000000009:1 -> of:000000000000000c:6,0.002,0.0025,0.002,0.002,1.5,2026-06-23T06:00:33,0.002,1.5
ip_shuffle,20260623T060131_465518,of:0000000000000004:1 -> of:000000000000000c:4,0.002,0.0025,0.002,0.002,2.13,2026-06-23T06:01:31,0.002,2.1
ip_shuffle,20260623T060131_465518,of:0000000000000005:1 -> of:000000000000000c:5,0.002,0.0025,0.002,0.002,2.13,2026-06-23T06:01:31,0.002,2.1
ip_shuffle,20260623T060131_465518,of:000000000000000a:1 -> of:000000000000000d:6,0.002,0.0025,0.002,0.002,2.16,2026-06-23T06:01:31,0.002,2.2
ip_shuffle,20260623T060131_465518,of:000000000000000b:3 -> of:000000000000000d:2,0.002,0.0025,0.002,0.002,3.03,2026-06-23T06:01:31,0.002,3.03
ip_shuffle,20260623T060131_465518,of:000000000000000c:3 -> of:000000000000000d:3,0.002,0.0025,0.002,0.002,3.03,2026-06-23T06:01:31,0.002,3.03
ip_shuffle,20260623T060131_465518,of:0000000000000005:2 -> of:0000000000000009:3,0.002,0.0025,0.002,0.002,2.93,2026-06-23T06:01:31,0.002,2.93
ip_shuffle,20260623T060131_465518,of:0000000000000001:1 -> of:000000000000000b:1,0.002,0.0025,0.002,0.002,2.16,2026-06-23T06:01:31,0.002,2.23
ip_shuffle,20260623T060131_465518,of:000000000000000b:2 -> of:000000000000000c:2,0.002,0.0025,0.002,0.002,3.0,2026-06-23T06:01:31,0.002,3.0
ip_shuffle,20260623T060131_465518,of:0000000000000001:2 -> of:000000000000000c:1,0.002,0.0025,0.002,0.002,2.16,2026-06-23T06:01:31,0.002,2.23
ip_shuffle,20260623T060131_465518,of:0000000000000006:2 -> of:000000000000000a:2,0.002,0.0025,0.002,0.002,2.96,2026-06-23T06:01:31,0.002,2.96
ip_shuffle,20260623T060131_465518,of:0000000000000001:3 -> of:000000000000000d:1,0.004,0.005,0.004,0.004,4.49,2026-06-23T06:01:31,0.003,4.43
ip_shuffle,20260623T060131_465518,of:0000000000000003:1 -> of:000000000000000b:5,0.002,0.0025,0.002,0.002,2.23,2026-06-23T06:01:31,0.002,2.16
ip_shuffle,20260623T060131_465518,of:0000000000000006:1 -> of:000000000000000d:4,0.003,0.00375,0.003,0.003,3.43,2026-06-23T06:01:31,0.003,3.33
ip_shuffle,20260623T060131_465518,of:0000000000000007:2 -> of:000000000000000a:3,0.002,0.0025,0.002,0.002,2.96,2026-06-23T06:01:31,0.002,2.96
ip_shuffle,20260623T060131_465518,of:0000000000000007:1 -> of:000000000000000d:5,0.003,0.00375,0.003,0.003,3.26,2026-06-23T06:01:31,0.003,3.46
ip_shuffle,20260623T060131_465518,of:0000000000000002:2 -> of:0000000000000008:2,0.002,0.0025,0.002,0.002,3.03,2026-06-23T06:01:31,0.002,3.03
ip_shuffle,20260623T060131_465518,of:0000000000000003:2 -> of:0000000000000008:3,0.002,0.0025,0.002,0.002,3.03,2026-06-23T06:01:31,0.002,3.03
ip_shuffle,20260623T060131_465518,of:0000000000000008:1 -> of:000000000000000b:6,0.002,0.0025,0.002,0.002,2.13,2026-06-23T06:01:31,0.002,2.1
ip_shuffle,20260623T060131_465518,of:0000000000000004:2 -> of:0000000000000009:2,0.002,0.0025,0.002,0.002,2.93,2026-06-23T06:01:31,0.002,2.93
ip_shuffle,20260623T060131_465518,of:0000000000000002:1 -> of:000000000000000b:4,0.002,0.0025,0.002,0.002,2.23,2026-06-23T06:01:31,0.002,2.16
ip_shuffle,20260623T060131_465518,of:0000000000000009:1 -> of:000000000000000c:6,0.002,0.0025,0.002,0.002,2.13,2026-06-23T06:01:31,0.002,2.1
route_mutation,20260623T060235_764144,of:0000000000000004:1 -> of:000000000000000c:4,0.002,0.0025,0.002,0.002,2.29,2026-06-23T06:02:35,0.002,2.26
route_mutation,20260623T060235_764144,of:0000000000000005:1 -> of:000000000000000c:5,0.002,0.0025,0.002,0.002,2.0,2026-06-23T06:02:35,0.002,1.96
route_mutation,20260623T060235_764144,of:000000000000000a:1 -> of:000000000000000d:6,0.002,0.0025,0.002,0.002,1.5,2026-06-23T06:02:35,0.002,1.53
route_mutation,20260623T060235_764144,of:000000000000000b:3 -> of:000000000000000d:2,0.002,0.0025,0.002,0.002,1.66,2026-06-23T06:02:35,0.002,1.66
route_mutation,20260623T060235_764144,of:000000000000000c:3 -> of:000000000000000d:3,0.002,0.0025,0.002,0.002,1.66,2026-06-23T06:02:35,0.002,1.66
route_mutation,20260623T060235_764144,of:0000000000000005:2 -> of:0000000000000009:3,0.002,0.0025,0.002,0.002,1.66,2026-06-23T06:02:35,0.002,1.66
route_mutation,20260623T060235_764144,of:0000000000000001:1 -> of:000000000000000b:1,0.003,0.00375,0.003,0.003,3.46,2026-06-23T06:02:35,0.003,3.43
route_mutation,20260623T060235_764144,of:000000000000000b:2 -> of:000000000000000c:2,0.002,0.0025,0.002,0.002,1.6,2026-06-23T06:02:35,0.002,1.6
route_mutation,20260623T060235_764144,of:0000000000000001:2 -> of:000000000000000c:1,0.002,0.0025,0.002,0.002,2.66,2026-06-23T06:02:35,0.002,2.73
route_mutation,20260623T060235_764144,of:0000000000000006:2 -> of:000000000000000a:2,0.002,0.0025,0.002,0.002,1.66,2026-06-23T06:02:35,0.002,1.66
route_mutation,20260623T060235_764144,of:0000000000000001:3 -> of:000000000000000d:1,0.002,0.0025,0.002,0.002,1.53,2026-06-23T06:02:35,0.002,1.53
route_mutation,20260623T060235_764144,of:0000000000000003:1 -> of:000000000000000b:5,0.002,0.0025,0.002,0.002,2.49,2026-06-23T06:02:35,0.002,2.43
route_mutation,20260623T060235_764144,of:0000000000000006:1 -> of:000000000000000d:4,0.002,0.0025,0.002,0.002,1.5,2026-06-23T06:02:35,0.002,1.53
route_mutation,20260623T060235_764144,of:0000000000000007:2 -> of:000000000000000a:3,0.002,0.0025,0.002,0.002,1.66,2026-06-23T06:02:35,0.002,1.66
route_mutation,20260623T060235_764144,of:0000000000000007:1 -> of:000000000000000d:5,0.002,0.0025,0.002,0.002,1.56,2026-06-23T06:02:35,0.002,1.6
route_mutation,20260623T060235_764144,of:0000000000000002:2 -> of:0000000000000008:2,0.002,0.0025,0.002,0.002,1.63,2026-06-23T06:02:35,0.002,1.63
route_mutation,20260623T060235_764144,of:0000000000000003:2 -> of:0000000000000008:3,0.002,0.0025,0.002,0.002,1.63,2026-06-23T06:02:35,0.002,1.63
route_mutation,20260623T060235_764144,of:0000000000000008:1 -> of:000000000000000b:6,0.002,0.0025,0.002,0.002,1.5,2026-06-23T06:02:35,0.002,1.46
route_mutation,20260623T060235_764144,of:0000000000000004:2 -> of:0000000000000009:2,0.002,0.0025,0.002,0.002,1.66,2026-06-23T06:02:35,0.002,1.66
route_mutation,20260623T060235_764144,of:0000000000000002:1 -> of:000000000000000b:4,0.002,0.0025,0.002,0.002,2.39,2026-06-23T06:02:35,0.002,2.43
route_mutation,20260623T060235_764144,of:0000000000000009:1 -> of:000000000000000c:6,0.002,0.0025,0.002,0.002,1.5,2026-06-23T06:02:35,0.002,1.46
ip_shuffle,20260623T060306_049593,of:0000000000000004:1 -> of:000000000000000c:4,0.002,0.0025,0.002,0.002,2.0,2026-06-23T06:03:06,0.002,2.03
ip_shuffle,20260623T060306_049593,of:0000000000000005:1 -> of:000000000000000c:5,0.002,0.0025,0.002,0.002,2.3,2026-06-23T06:03:06,0.002,2.33
ip_shuffle,20260623T060306_049593,of:000000000000000a:1 -> of:000000000000000d:6,0.002,0.0025,0.002,0.002,2.03,2026-06-23T06:03:06,0.002,1.93
ip_shuffle,20260623T060306_049593,of:000000000000000b:3 -> of:000000000000000d:2,0.002,0.0025,0.002,0.002,2.7,2026-06-23T06:03:06,0.002,2.7
ip_shuffle,20260623T060306_049593,of:000000000000000c:3 -> of:000000000000000d:3,0.002,0.0025,0.002,0.002,2.7,2026-06-23T06:03:06,0.002,2.7
ip_shuffle,20260623T060306_049593,of:0000000000000005:2 -> of:0000000000000009:3,0.002,0.0025,0.002,0.002,2.7,2026-06-23T06:03:06,0.002,2.7
ip_shuffle,20260623T060306_049593,of:0000000000000001:1 -> of:000000000000000b:1,0.002,0.0025,0.002,0.002,2.1,2026-06-23T06:03:06,0.002,2.03
ip_shuffle,20260623T060306_049593,of:000000000000000b:2 -> of:000000000000000c:2,0.002,0.0025,0.002,0.002,2.86,2026-06-23T06:03:06,0.002,2.86
ip_shuffle,20260623T060306_049593,of:0000000000000001:2 -> of:000000000000000c:1,0.002,0.0025,0.002,0.002,2.43,2026-06-23T06:03:06,0.002,2.36
ip_shuffle,20260623T060306_049593,of:0000000000000006:2 -> of:000000000000000a:2,0.002,0.0025,0.002,0.002,2.76,2026-06-23T06:03:06,0.002,2.76
ip_shuffle,20260623T060306_049593,of:0000000000000001:3 -> of:000000000000000d:1,0.003,0.00375,0.003,0.003,3.79,2026-06-23T06:03:06,0.003,3.73
ip_shuffle,20260623T060306_049593,of:0000000000000003:1 -> of:000000000000000b:5,0.002,0.0025,0.002,0.002,2.06,2026-06-23T06:03:06,0.002,2.1
ip_shuffle,20260623T060306_049593,of:0000000000000006:1 -> of:000000000000000d:4,0.003,0.00375,0.003,0.003,3.19,2026-06-23T06:03:06,0.003,3.13
ip_shuffle,20260623T060306_049593,of:0000000000000007:2 -> of:000000000000000a:3,0.002,0.0025,0.002,0.002,2.76,2026-06-23T06:03:06,0.002,2.8
ip_shuffle,20260623T060306_049593,of:0000000000000007:1 -> of:000000000000000d:5,0.002,0.0025,0.002,0.002,2.53,2026-06-23T06:03:06,0.002,2.7
ip_shuffle,20260623T060306_049593,of:0000000000000002:2 -> of:0000000000000008:2,0.002,0.0025,0.002,0.002,2.76,2026-06-23T06:03:06,0.002,2.76
ip_shuffle,20260623T060306_049593,of:0000000000000003:2 -> of:0000000000000008:3,0.002,0.0025,0.002,0.002,2.76,2026-06-23T06:03:06,0.002,2.76
ip_shuffle,20260623T060306_049593,of:0000000000000008:1 -> of:000000000000000b:6,0.002,0.0025,0.002,0.002,2.03,2026-06-23T06:03:06,0.002,2.03
ip_shuffle,20260623T060306_049593,of:0000000000000004:2 -> of:0000000000000009:2,0.002,0.0025,0.002,0.002,2.7,2026-06-23T06:03:06,0.002,2.7
ip_shuffle,20260623T060306_049593,of:0000000000000002:1 -> of:000000000000000b:4,0.002,0.0025,0.002,0.002,2.06,2026-06-23T06:03:06,0.002,2.1
ip_shuffle,20260623T060306_049593,of:0000000000000009:1 -> of:000000000000000c:6,0.002,0.0025,0.002,0.002,2.03,2026-06-23T06:03:06,0.002,2.03
route_mutation,20260623T060403_814401,of:0000000000000004:1 -> of:000000000000000c:4,0.002,0.0025,0.002,0.002,2.16,2026-06-23T06:04:03,0.002,2.13
route_mutation,20260623T060403_814401,of:0000000000000005:1 -> of:000000000000000c:5,0.002,0.0025,0.002,0.002,1.53,2026-06-23T06:04:03,0.002,1.53
route_mutation,20260623T060403_814401,of:000000000000000a:1 -> of:000000000000000d:6,0.002,0.0025,0.002,0.002,1.53,2026-06-23T06:04:03,0.002,1.53
route_mutation,20260623T060403_814401,of:000000000000000b:3 -> of:000000000000000d:2,0.002,0.0025,0.002,0.002,1.73,2026-06-23T06:04:03,0.002,1.73
route_mutation,20260623T060403_814401,of:000000000000000c:3 -> of:000000000000000d:3,0.002,0.0025,0.002,0.002,1.73,2026-06-23T06:04:03,0.002,1.73
route_mutation,20260623T060403_814401,of:0000000000000005:2 -> of:0000000000000009:3,0.002,0.0025,0.002,0.002,1.73,2026-06-23T06:04:03,0.002,1.73
route_mutation,20260623T060403_814401,of:0000000000000001:1 -> of:000000000000000b:1,0.003,0.00375,0.003,0.003,3.53,2026-06-23T06:04:03,0.003,3.53
route_mutation,20260623T060403_814401,of:000000000000000b:2 -> of:000000000000000c:2,0.002,0.0025,0.002,0.002,1.73,2026-06-23T06:04:03,0.002,1.73
route_mutation,20260623T060403_814401,of:0000000000000001:2 -> of:000000000000000c:1,0.002,0.0025,0.002,0.002,2.06,2026-06-23T06:04:03,0.002,2.06
route_mutation,20260623T060403_814401,of:0000000000000006:2 -> of:000000000000000a:2,0.002,0.0025,0.002,0.002,1.73,2026-06-23T06:04:03,0.002,1.73
route_mutation,20260623T060403_814401,of:0000000000000001:3 -> of:000000000000000d:1,0.001,0.00125,0.001,0.001,1.47,2026-06-23T06:04:03,0.001,1.47
route_mutation,20260623T060403_814401,of:0000000000000003:1 -> of:000000000000000b:5,0.002,0.0025,0.002,0.002,2.5,2026-06-23T06:04:03,0.002,2.5
route_mutation,20260623T060403_814401,of:0000000000000006:1 -> of:000000000000000d:4,0.002,0.0025,0.002,0.002,1.53,2026-06-23T06:04:03,0.002,1.53
route_mutation,20260623T060403_814401,of:0000000000000007:2 -> of:000000000000000a:3,0.002,0.0025,0.002,0.002,1.73,2026-06-23T06:04:03,0.002,1.73
route_mutation,20260623T060403_814401,of:0000000000000007:1 -> of:000000000000000d:5,0.002,0.0025,0.002,0.002,1.53,2026-06-23T06:04:03,0.002,1.53
route_mutation,20260623T060403_814401,of:0000000000000002:2 -> of:0000000000000008:2,0.002,0.0025,0.002,0.002,1.66,2026-06-23T06:04:03,0.002,1.66
route_mutation,20260623T060403_814401,of:0000000000000003:2 -> of:0000000000000008:3,0.002,0.0025,0.002,0.002,1.66,2026-06-23T06:04:03,0.002,1.66
route_mutation,20260623T060403_814401,of:0000000000000008:1 -> of:000000000000000b:6,0.002,0.0025,0.002,0.002,1.53,2026-06-23T06:04:03,0.002,1.53
route_mutation,20260623T060403_814401,of:0000000000000004:2 -> of:0000000000000009:2,0.002,0.0025,0.002,0.002,1.73,2026-06-23T06:04:03,0.002,1.73
route_mutation,20260623T060403_814401,of:0000000000000002:1 -> of:000000000000000b:4,0.002,0.0025,0.002,0.002,2.5,2026-06-23T06:04:03,0.002,2.5
route_mutation,20260623T060403_814401,of:0000000000000009:1 -> of:000000000000000c:6,0.002,0.0025,0.002,0.002,1.53,2026-06-23T06:04:03,0.002,1.53
ip_shuffle,20260623T060434_175754,of:0000000000000004:1 -> of:000000000000000c:4,0.002,0.0025,0.002,0.002,2.03,2026-06-23T06:04:34,0.002,2.1
ip_shuffle,20260623T060434_175754,of:0000000000000005:1 -> of:000000000000000c:5,0.002,0.0025,0.002,0.002,2.66,2026-06-23T06:04:34,0.002,2.7
ip_shuffle,20260623T060434_175754,of:000000000000000a:1 -> of:000000000000000d:6,0.002,0.0025,0.002,0.002,1.9,2026-06-23T06:04:34,0.002,1.76
ip_shuffle,20260623T060434_175754,of:000000000000000b:3 -> of:000000000000000d:2,0.002,0.0025,0.002,0.002,2.43,2026-06-23T06:04:34,0.002,2.43
ip_shuffle,20260623T060434_175754,of:000000000000000c:3 -> of:000000000000000d:3,0.002,0.0025,0.002,0.002,2.4,2026-06-23T06:04:34,0.002,2.4
ip_shuffle,20260623T060434_175754,of:0000000000000005:2 -> of:0000000000000009:3,0.002,0.0025,0.002,0.002,2.53,2026-06-23T06:04:34,0.002,2.53
ip_shuffle,20260623T060434_175754,of:0000000000000001:1 -> of:000000000000000b:1,0.002,0.0025,0.002,0.002,1.96,2026-06-23T06:04:34,0.002,1.9
ip_shuffle,20260623T060434_175754,of:000000000000000b:2 -> of:000000000000000c:2,0.002,0.0025,0.002,0.002,2.6,2026-06-23T06:04:34,0.002,2.6
ip_shuffle,20260623T060434_175754,of:0000000000000001:2 -> of:000000000000000c:1,0.002,0.0025,0.002,0.002,2.96,2026-06-23T06:04:34,0.002,2.9
ip_shuffle,20260623T060434_175754,of:0000000000000006:2 -> of:000000000000000a:2,0.002,0.0025,0.002,0.002,2.5,2026-06-23T06:04:34,0.002,2.5
ip_shuffle,20260623T060434_175754,of:0000000000000001:3 -> of:000000000000000d:1,0.003,0.00375,0.003,0.003,3.2,2026-06-23T06:04:34,0.003,3.1
ip_shuffle,20260623T060434_175754,of:0000000000000003:1 -> of:000000000000000b:5,0.002,0.0025,0.002,0.002,1.93,2026-06-23T06:04:34,0.002,1.96
ip_shuffle,20260623T060434_175754,of:0000000000000006:1 -> of:000000000000000d:4,0.002,0.0025,0.002,0.002,2.96,2026-06-23T06:04:34,0.002,2.86
ip_shuffle,20260623T060434_175754,of:0000000000000007:2 -> of:000000000000000a:3,0.002,0.0025,0.002,0.002,2.5,2026-06-23T06:04:34,0.002,2.53
ip_shuffle,20260623T060434_175754,of:0000000000000007:1 -> of:000000000000000d:5,0.002,0.0025,0.002,0.002,1.9,2026-06-23T06:04:34,0.002,2.1
ip_shuffle,20260623T060434_175754,of:0000000000000002:2 -> of:0000000000000008:2,0.002,0.0025,0.002,0.002,2.5,2026-06-23T06:04:34,0.002,2.5
ip_shuffle,20260623T060434_175754,of:0000000000000003:2 -> of:0000000000000008:3,0.002,0.0025,0.002,0.002,2.5,2026-06-23T06:04:34,0.002,2.5
ip_shuffle,20260623T060434_175754,of:0000000000000008:1 -> of:000000000000000b:6,0.002,0.0025,0.002,0.002,1.9,2026-06-23T06:04:34,0.002,1.9
ip_shuffle,20260623T060434_175754,of:0000000000000004:2 -> of:0000000000000009:2,0.002,0.0025,0.002,0.002,2.5,2026-06-23T06:04:34,0.002,2.5
ip_shuffle,20260623T060434_175754,of:0000000000000002:1 -> of:000000000000000b:4,0.002,0.0025,0.002,0.002,1.93,2026-06-23T06:04:34,0.002,1.96
ip_shuffle,20260623T060434_175754,of:0000000000000009:1 -> of:000000000000000c:6,0.002,0.0025,0.002,0.002,1.96,2026-06-23T06:04:34,0.002,1.96
ip_shuffle,20260623T060538_538771,of:0000000000000004:1 -> of:000000000000000c:4,0.002,0.0025,0.002,0.002,1.53,2026-06-23T06:05:38,0.002,1.56
ip_shuffle,20260623T060538_538771,of:0000000000000005:1 -> of:000000000000000c:5,0.002,0.0025,0.002,0.002,1.5,2026-06-23T06:05:38,0.002,1.53
ip_shuffle,20260623T060538_538771,of:000000000000000a:1 -> of:000000000000000d:6,0.002,0.0025,0.002,0.002,1.6,2026-06-23T06:05:38,0.002,1.6
ip_shuffle,20260623T060538_538771,of:000000000000000b:3 -> of:000000000000000d:2,0.002,0.0025,0.002,0.002,1.8,2026-06-23T06:05:38,0.002,1.8
ip_shuffle,20260623T060538_538771,of:000000000000000c:3 -> of:000000000000000d:3,0.002,0.0025,0.002,0.002,1.8,2026-06-23T06:05:38,0.002,1.8
ip_shuffle,20260623T060538_538771,of:0000000000000005:2 -> of:0000000000000009:3,0.002,0.0025,0.002,0.002,1.7,2026-06-23T06:05:38,0.002,1.7
ip_shuffle,20260623T060538_538771,of:0000000000000001:1 -> of:000000000000000b:1,0.003,0.00375,0.003,0.003,3.36,2026-06-23T06:05:38,0.003,3.46
ip_shuffle,20260623T060538_538771,of:000000000000000b:2 -> of:000000000000000c:2,0.002,0.0025,0.002,0.002,1.73,2026-06-23T06:05:38,0.002,1.73
ip_shuffle,20260623T060538_538771,of:0000000000000001:2 -> of:000000000000000c:1,0.002,0.0025,0.002,0.002,1.5,2026-06-23T06:05:38,0.001,1.46
ip_shuffle,20260623T060538_538771,of:0000000000000006:2 -> of:000000000000000a:2,0.002,0.0025,0.002,0.002,1.73,2026-06-23T06:05:38,0.002,1.73
ip_shuffle,20260623T060538_538771,of:0000000000000001:3 -> of:000000000000000d:1,0.002,0.0025,0.002,0.002,1.8,2026-06-23T06:05:38,0.002,1.76
ip_shuffle,20260623T060538_538771,of:0000000000000003:1 -> of:000000000000000b:5,0.002,0.0025,0.002,0.002,2.43,2026-06-23T06:05:38,0.002,2.33
ip_shuffle,20260623T060538_538771,of:0000000000000006:1 -> of:000000000000000d:4,0.002,0.0025,0.002,0.002,1.6,2026-06-23T06:05:38,0.002,1.6
ip_shuffle,20260623T060538_538771,of:0000000000000007:2 -> of:000000000000000a:3,0.002,0.0025,0.002,0.002,1.73,2026-06-23T06:05:38,0.002,1.73
ip_shuffle,20260623T060538_538771,of:0000000000000007:1 -> of:000000000000000d:5,0.002,0.0025,0.002,0.002,1.8,2026-06-23T06:05:38,0.002,1.8
ip_shuffle,20260623T060538_538771,of:0000000000000002:2 -> of:0000000000000008:2,0.002,0.0025,0.002,0.002,1.63,2026-06-23T06:05:38,0.002,1.63
ip_shuffle,20260623T060538_538771,of:0000000000000003:2 -> of:0000000000000008:3,0.002,0.0025,0.002,0.002,1.63,2026-06-23T06:05:38,0.002,1.63
ip_shuffle,20260623T060538_538771,of:0000000000000008:1 -> of:000000000000000b:6,0.002,0.0025,0.002,0.002,1.53,2026-06-23T06:05:38,0.002,1.53
ip_shuffle,20260623T060538_538771,of:0000000000000004:2 -> of:0000000000000009:2,0.002,0.0025,0.002,0.002,1.7,2026-06-23T06:05:38,0.002,1.7
ip_shuffle,20260623T060538_538771,of:0000000000000002:1 -> of:000000000000000b:4,0.002,0.0025,0.002,0.002,2.46,2026-06-23T06:05:38,0.002,2.49
ip_shuffle,20260623T060538_538771,of:0000000000000009:1 -> of:000000000000000c:6,0.002,0.0025,0.002,0.002,1.53,2026-06-23T06:05:38,0.002,1.53
ip_shuffle,20260623T060642_572777,of:0000000000000004:1 -> of:000000000000000c:4,0.002,0.0025,0.002,0.002,2.06,2026-06-23T06:06:42,0.002,2.06
ip_shuffle,20260623T060642_572777,of:0000000000000005:1 -> of:000000000000000c:5,0.002,0.0025,0.002,0.002,2.06,2026-06-23T06:06:42,0.002,2.06
ip_shuffle,20260623T060642_572777,of:000000000000000a:1 -> of:000000000000000d:6,0.002,0.0025,0.002,0.002,2.06,2026-06-23T06:06:42,0.002,2.03
ip_shuffle,20260623T060642_572777,of:000000000000000b:3 -> of:000000000000000d:2,0.002,0.0025,0.002,0.002,2.83,2026-06-23T06:06:42,0.002,2.83
ip_shuffle,20260623T060642_572777,of:000000000000000c:3 -> of:000000000000000d:3,0.002,0.0025,0.002,0.002,2.83,2026-06-23T06:06:42,0.002,2.83
ip_shuffle,20260623T060642_572777,of:0000000000000005:2 -> of:0000000000000009:3,0.002,0.0025,0.002,0.002,2.86,2026-06-23T06:06:42,0.002,2.86
ip_shuffle,20260623T060642_572777,of:0000000000000001:1 -> of:000000000000000b:1,0.002,0.0025,0.002,0.002,2.06,2026-06-23T06:06:42,0.002,2.06
ip_shuffle,20260623T060642_572777,of:000000000000000b:2 -> of:000000000000000c:2,0.002,0.0025,0.002,0.002,2.8,2026-06-23T06:06:42,0.002,2.8
ip_shuffle,20260623T060642_572777,of:0000000000000001:2 -> of:000000000000000c:1,0.002,0.0025,0.002,0.002,2.06,2026-06-23T06:06:42,0.002,2.06
ip_shuffle,20260623T060642_572777,of:0000000000000006:2 -> of:000000000000000a:2,0.002,0.0025,0.002,0.002,2.86,2026-06-23T06:06:42,0.002,2.86
ip_shuffle,20260623T060642_572777,of:0000000000000001:3 -> of:000000000000000d:1,0.003,0.00375,0.003,0.003,4.39,2026-06-23T06:06:42,0.003,4.39
ip_shuffle,20260623T060642_572777,of:0000000000000003:1 -> of:000000000000000b:5,0.002,0.0025,0.002,0.002,2.06,2026-06-23T06:06:42,0.002,2.06
ip_shuffle,20260623T060642_572777,of:0000000000000006:1 -> of:000000000000000d:4,0.003,0.00375,0.003,0.003,3.2,2026-06-23T06:06:42,0.003,3.2
ip_shuffle,20260623T060642_572777,of:0000000000000007:2 -> of:000000000000000a:3,0.002,0.0025,0.002,0.002,2.86,2026-06-23T06:06:42,0.002,2.86
ip_shuffle,20260623T060642_572777,of:0000000000000007:1 -> of:000000000000000d:5,0.003,0.00375,0.003,0.003,3.63,2026-06-23T06:06:42,0.003,3.6
ip_shuffle,20260623T060642_572777,of:0000000000000002:2 -> of:0000000000000008:2,0.002,0.0025,0.002,0.002,2.93,2026-06-23T06:06:42,0.002,2.93
ip_shuffle,20260623T060642_572777,of:0000000000000003:2 -> of:0000000000000008:3,0.002,0.0025,0.002,0.002,2.93,2026-06-23T06:06:42,0.002,2.93
ip_shuffle,20260623T060642_572777,of:0000000000000008:1 -> of:000000000000000b:6,0.002,0.0025,0.002,0.002,2.06,2026-06-23T06:06:42,0.002,2.06
ip_shuffle,20260623T060642_572777,of:0000000000000004:2 -> of:0000000000000009:2,0.002,0.0025,0.002,0.002,2.86,2026-06-23T06:06:42,0.002,2.86
ip_shuffle,20260623T060642_572777,of:0000000000000002:1 -> of:000000000000000b:4,0.002,0.0025,0.002,0.002,2.06,2026-06-23T06:06:42,0.002,2.06
ip_shuffle,20260623T060642_572777,of:0000000000000009:1 -> of:000000000000000c:6,0.002,0.0025,0.002,0.002,2.0,2026-06-23T06:06:42,0.002,2.0
route_mutation,20260623T060740_330881,of:0000000000000004:1 -> of:000000000000000c:4,0.002,0.0025,0.002,0.002,2.16,2026-06-23T06:07:40,0.002,2.16
route_mutation,20260623T060740_330881,of:0000000000000005:1 -> of:000000000000000c:5,0.002,0.0025,0.002,0.002,2.13,2026-06-23T06:07:40,0.002,2.13
route_mutation,20260623T060740_330881,of:000000000000000a:1 -> of:000000000000000d:6,0.002,0.0025,0.002,0.002,1.43,2026-06-23T06:07:40,0.002,1.47
route_mutation,20260623T060740_330881,of:000000000000000b:3 -> of:000000000000000d:2,0.002,0.0025,0.002,0.002,1.56,2026-06-23T06:07:40,0.002,1.56
route_mutation,20260623T060740_330881,of:000000000000000c:3 -> of:000000000000000d:3,0.002,0.0025,0.002,0.002,1.56,2026-06-23T06:07:40,0.002,1.56
route_mutation,20260623T060740_330881,of:0000000000000005:2 -> of:0000000000000009:3,0.001,0.00125,0.001,0.001,1.47,2026-06-23T06:07:40,0.001,1.47
route_mutation,20260623T060740_330881,of:0000000000000001:1 -> of:000000000000000b:1,0.003,0.00375,0.003,0.003,3.36,2026-06-23T06:07:40,0.003,3.3
route_mutation,20260623T060740_330881,of:000000000000000b:2 -> of:000000000000000c:2,0.002,0.0025,0.002,0.002,1.53,2026-06-23T06:07:40,0.002,1.53
route_mutation,20260623T060740_330881,of:0000000000000001:2 -> of:000000000000000c:1,0.003,0.00375,0.003,0.003,3.0,2026-06-23T06:07:40,0.003,3.0
route_mutation,20260623T060740_330881,of:0000000000000006:2 -> of:000000000000000a:2,0.001,0.00125,0.001,0.001,1.47,2026-06-23T06:07:40,0.001,1.47
route_mutation,20260623T060740_330881,of:0000000000000001:3 -> of:000000000000000d:1,0.002,0.0025,0.002,0.002,1.7,2026-06-23T06:07:40,0.002,1.7
route_mutation,20260623T060740_330881,of:0000000000000003:1 -> of:000000000000000b:5,0.002,0.0025,0.002,0.002,2.46,2026-06-23T06:07:40,0.002,2.46
route_mutation,20260623T060740_330881,of:0000000000000006:1 -> of:000000000000000d:4,0.002,0.0025,0.002,0.002,1.47,2026-06-23T06:07:40,0.002,1.47
route_mutation,20260623T060740_330881,of:0000000000000007:2 -> of:000000000000000a:3,0.001,0.00125,0.001,0.001,1.47,2026-06-23T06:07:40,0.001,1.47
route_mutation,20260623T060740_330881,of:0000000000000007:1 -> of:000000000000000d:5,0.002,0.0025,0.002,0.002,1.5,2026-06-23T06:07:40,0.002,1.53
route_mutation,20260623T060740_330881,of:0000000000000002:2 -> of:0000000000000008:2,0.002,0.0025,0.002,0.002,1.53,2026-06-23T06:07:40,0.002,1.53
route_mutation,20260623T060740_330881,of:0000000000000003:2 -> of:0000000000000008:3,0.002,0.0025,0.002,0.002,1.53,2026-06-23T06:07:40,0.002,1.53
route_mutation,20260623T060740_330881,of:0000000000000008:1 -> of:000000000000000b:6,0.002,0.0025,0.002,0.002,1.43,2026-06-23T06:07:40,0.002,1.43
route_mutation,20260623T060740_330881,of:0000000000000004:2 -> of:0000000000000009:2,0.001,0.00125,0.001,0.001,1.47,2026-06-23T06:07:40,0.001,1.47
route_mutation,20260623T060740_330881,of:0000000000000002:1 -> of:000000000000000b:4,0.002,0.0025,0.002,0.002,2.26,2026-06-23T06:07:40,0.002,2.33
route_mutation,20260623T060740_330881,of:0000000000000009:1 -> of:000000000000000c:6,0.002,0.0025,0.002,0.002,1.43,2026-06-23T06:07:40,0.002,1.43
ip_shuffle,20260623T060810_662676,of:0000000000000004:1 -> of:000000000000000c:4,0.002,0.0025,0.002,0.002,2.13,2026-06-23T06:08:10,0.002,2.16
ip_shuffle,20260623T060810_662676,of:0000000000000005:1 -> of:000000000000000c:5,0.002,0.0025,0.002,0.002,2.16,2026-06-23T06:08:10,0.002,2.2
ip_shuffle,20260623T060810_662676,of:000000000000000a:1 -> of:000000000000000d:6,0.002,0.0025,0.002,0.002,2.16,2026-06-23T06:08:10,0.002,2.16
ip_shuffle,20260623T060810_662676,of:000000000000000b:3 -> of:000000000000000d:2,0.002,0.0025,0.002,0.002,3.06,2026-06-23T06:08:10,0.002,3.06
ip_shuffle,20260623T060810_662676,of:000000000000000c:3 -> of:000000000000000d:3,0.002,0.0025,0.002,0.002,3.06,2026-06-23T06:08:10,0.002,3.06
ip_shuffle,20260623T060810_662676,of:0000000000000005:2 -> of:0000000000000009:3,0.002,0.0025,0.002,0.002,3.03,2026-06-23T06:08:10,0.002,3.03
ip_shuffle,20260623T060810_662676,of:0000000000000001:1 -> of:000000000000000b:1,0.002,0.0025,0.002,0.002,2.16,2026-06-23T06:08:10,0.002,2.13
ip_shuffle,20260623T060810_662676,of:000000000000000b:2 -> of:000000000000000c:2,0.002,0.0025,0.002,0.002,3.0,2026-06-23T06:08:10,0.002,3.0
ip_shuffle,20260623T060810_662676,of:0000000000000001:2 -> of:000000000000000c:1,0.002,0.0025,0.002,0.002,2.2,2026-06-23T06:08:10,0.002,2.16
ip_shuffle,20260623T060810_662676,of:0000000000000006:2 -> of:000000000000000a:2,0.002,0.0025,0.002,0.002,3.03,2026-06-23T06:08:10,0.002,3.03
ip_shuffle,20260623T060810_662676,of:0000000000000001:3 -> of:000000000000000d:1,0.003,0.00375,0.003,0.003,4.33,2026-06-23T06:08:10,0.003,4.43
ip_shuffle,20260623T060810_662676,of:0000000000000003:1 -> of:000000000000000b:5,0.002,0.0025,0.002,0.002,2.13,2026-06-23T06:08:10,0.002,2.16
ip_shuffle,20260623T060810_662676,of:0000000000000006:1 -> of:000000000000000d:4,0.003,0.00375,0.003,0.003,3.3,2026-06-23T06:08:10,0.003,3.36
ip_shuffle,20260623T060810_662676,of:0000000000000007:2 -> of:000000000000000a:3,0.002,0.0025,0.002,0.002,3.06,2026-06-23T06:08:10,0.002,3.06
ip_shuffle,20260623T060810_662676,of:0000000000000007:1 -> of:000000000000000d:5,0.003,0.00375,0.003,0.003,3.33,2026-06-23T06:08:10,0.003,3.23
ip_shuffle,20260623T060810_662676,of:0000000000000002:2 -> of:0000000000000008:2,0.002,0.0025,0.002,0.002,3.03,2026-06-23T06:08:10,0.002,3.03
ip_shuffle,20260623T060810_662676,of:0000000000000003:2 -> of:0000000000000008:3,0.002,0.0025,0.002,0.002,3.03,2026-06-23T06:08:10,0.002,3.03
ip_shuffle,20260623T060810_662676,of:0000000000000008:1 -> of:000000000000000b:6,0.002,0.0025,0.002,0.002,2.1,2026-06-23T06:08:10,0.002,2.1
ip_shuffle,20260623T060810_662676,of:0000000000000004:2 -> of:0000000000000009:2,0.002,0.0025,0.002,0.002,3.03,2026-06-23T06:08:10,0.002,3.03
ip_shuffle,20260623T060810_662676,of:0000000000000002:1 -> of:000000000000000b:4,0.002,0.0025,0.002,0.002,2.13,2026-06-23T06:08:10,0.002,2.16
ip_shuffle,20260623T060810_662676,of:0000000000000009:1 -> of:000000000000000c:6,0.002,0.0025,0.002,0.002,2.1,2026-06-23T06:08:10,0.002,2.1
route_mutation,20260623T060908_385783,of:0000000000000004:1 -> of:000000000000000c:4,0.002,0.0025,0.002,0.002,2.13,2026-06-23T06:09:08,0.002,2.13
route_mutation,20260623T060908_385783,of:0000000000000005:1 -> of:000000000000000c:5,0.001,0.00125,0.001,0.001,1.46,2026-06-23T06:09:08,0.001,1.46
route_mutation,20260623T060908_385783,of:000000000000000a:1 -> of:000000000000000d:6,0.002,0.0025,0.002,0.002,1.53,2026-06-23T06:09:08,0.002,1.53
route_mutation,20260623T060908_385783,of:000000000000000b:3 -> of:000000000000000d:2,0.002,0.0025,0.002,0.002,1.73,2026-06-23T06:09:08,0.002,1.73
route_mutation,20260623T060908_385783,of:000000000000000c:3 -> of:000000000000000d:3,0.002,0.0025,0.002,0.002,1.73,2026-06-23T06:09:08,0.002,1.73
route_mutation,20260623T060908_385783,of:0000000000000005:2 -> of:0000000000000009:3,0.002,0.0025,0.002,0.002,1.66,2026-06-23T06:09:08,0.002,1.66
route_mutation,20260623T060908_385783,of:0000000000000001:1 -> of:000000000000000b:1,0.003,0.00375,0.003,0.003,3.6,2026-06-23T06:09:08,0.003,3.6
route_mutation,20260623T060908_385783,of:000000000000000b:2 -> of:000000000000000c:2,0.002,0.0025,0.002,0.002,1.73,2026-06-23T06:09:08,0.002,1.73
route_mutation,20260623T060908_385783,of:0000000000000001:2 -> of:000000000000000c:1,0.002,0.0025,0.002,0.002,2.16,2026-06-23T06:09:08,0.002,2.2
route_mutation,20260623T060908_385783,of:0000000000000006:2 -> of:000000000000000a:2,0.002,0.0025,0.002,0.002,1.7,2026-06-23T06:09:08,0.002,1.7
route_mutation,20260623T060908_385783,of:0000000000000001:3 -> of:000000000000000d:1,0.002,0.0025,0.002,0.002,1.6,2026-06-23T06:09:08,0.002,1.6
route_mutation,20260623T060908_385783,of:0000000000000003:1 -> of:000000000000000b:5,0.002,0.0025,0.002,0.002,2.5,2026-06-23T06:09:08,0.002,2.5
route_mutation,20260623T060908_385783,of:0000000000000006:1 -> of:000000000000000d:4,0.001,0.00125,0.001,0.001,1.46,2026-06-23T06:09:08,0.001,1.46
route_mutation,20260623T060908_385783,of:0000000000000007:2 -> of:000000000000000a:3,0.002,0.0025,0.002,0.002,1.66,2026-06-23T06:09:08,0.002,1.66
route_mutation,20260623T060908_385783,of:0000000000000007:1 -> of:000000000000000d:5,0.001,0.00125,0.001,0.001,1.5,2026-06-23T06:09:08,0.001,1.5
route_mutation,20260623T060908_385783,of:0000000000000002:2 -> of:0000000000000008:2,0.002,0.0025,0.002,0.002,1.66,2026-06-23T06:09:08,0.002,1.66
route_mutation,20260623T060908_385783,of:0000000000000003:2 -> of:0000000000000008:3,0.002,0.0025,0.002,0.002,1.66,2026-06-23T06:09:08,0.002,1.66
route_mutation,20260623T060908_385783,of:0000000000000008:1 -> of:000000000000000b:6,0.002,0.0025,0.002,0.002,1.53,2026-06-23T06:09:08,0.002,1.53
route_mutation,20260623T060908_385783,of:0000000000000004:2 -> of:0000000000000009:2,0.002,0.0025,0.002,0.002,1.66,2026-06-23T06:09:08,0.002,1.66
route_mutation,20260623T060908_385783,of:0000000000000002:1 -> of:000000000000000b:4,0.002,0.0025,0.002,0.002,2.5,2026-06-23T06:09:08,0.002,2.5
route_mutation,20260623T060908_385783,of:0000000000000009:1 -> of:000000000000000c:6,0.002,0.0025,0.002,0.002,1.53,2026-06-23T06:09:08,0.002,1.53
route_mutation,20260623T060938_691943,of:0000000000000004:1 -> of:000000000000000c:4,0.002,0.0025,0.002,0.002,1.96,2026-06-23T06:09:38,0.002,2.0
route_mutation,20260623T060938_691943,of:0000000000000005:1 -> of:000000000000000c:5,0.002,0.0025,0.002,0.002,2.63,2026-06-23T06:09:38,0.002,2.66
route_mutation,20260623T060938_691943,of:000000000000000a:1 -> of:000000000000000d:6,0.002,0.0025,0.002,0.002,1.86,2026-06-23T06:09:38,0.002,1.9
route_mutation,20260623T060938_691943,of:000000000000000b:3 -> of:000000000000000d:2,0.002,0.0025,0.002,0.002,2.49,2026-06-23T06:09:38,0.002,2.49
route_mutation,20260623T060938_691943,of:000000000000000c:3 -> of:000000000000000d:3,0.002,0.0025,0.002,0.002,2.53,2026-06-23T06:09:38,0.002,2.49
route_mutation,20260623T060938_691943,of:0000000000000005:2 -> of:0000000000000009:3,0.002,0.0025,0.002,0.002,2.43,2026-06-23T06:09:38,0.002,2.43
route_mutation,20260623T060938_691943,of:0000000000000001:1 -> of:000000000000000b:1,0.002,0.0025,0.002,0.002,1.86,2026-06-23T06:09:38,0.002,1.83
route_mutation,20260623T060938_691943,of:000000000000000b:2 -> of:000000000000000c:2,0.002,0.0025,0.002,0.002,2.39,2026-06-23T06:09:38,0.002,2.39
route_mutation,20260623T060938_691943,of:0000000000000001:2 -> of:000000000000000c:1,0.002,0.0025,0.002,0.002,2.86,2026-06-23T06:09:38,0.002,2.76
route_mutation,20260623T060938_691943,of:0000000000000006:2 -> of:000000000000000a:2,0.002,0.0025,0.002,0.002,2.46,2026-06-23T06:09:38,0.002,2.46
route_mutation,20260623T060938_691943,of:0000000000000001:3 -> of:000000000000000d:1,0.003,0.00375,0.003,0.003,3.69,2026-06-23T06:09:38,0.003,3.79
route_mutation,20260623T060938_691943,of:0000000000000003:1 -> of:000000000000000b:5,0.002,0.0025,0.002,0.002,1.83,2026-06-23T06:09:38,0.002,1.86
route_mutation,20260623T060938_691943,of:0000000000000006:1 -> of:000000000000000d:4,0.003,0.00375,0.003,0.003,3.13,2026-06-23T06:09:38,0.003,3.16
route_mutation,20260623T060938_691943,of:0000000000000007:2 -> of:000000000000000a:3,0.002,0.0025,0.002,0.002,2.46,2026-06-23T06:09:38,0.002,2.46
route_mutation,20260623T060938_691943,of:0000000000000007:1 -> of:000000000000000d:5,0.002,0.0025,0.002,0.002,2.63,2026-06-23T06:09:38,0.002,2.56
route_mutation,20260623T060938_691943,of:0000000000000002:2 -> of:0000000000000008:2,0.002,0.0025,0.002,0.002,2.43,2026-06-23T06:09:38,0.002,2.43
route_mutation,20260623T060938_691943,of:0000000000000003:2 -> of:0000000000000008:3,0.002,0.0025,0.002,0.002,2.43,2026-06-23T06:09:38,0.002,2.43
route_mutation,20260623T060938_691943,of:0000000000000008:1 -> of:000000000000000b:6,0.002,0.0025,0.002,0.002,1.8,2026-06-23T06:09:38,0.002,1.8
route_mutation,20260623T060938_691943,of:0000000000000004:2 -> of:0000000000000009:2,0.002,0.0025,0.002,0.002,2.43,2026-06-23T06:09:38,0.002,2.43
route_mutation,20260623T060938_691943,of:0000000000000002:1 -> of:000000000000000b:4,0.002,0.0025,0.002,0.002,1.83,2026-06-23T06:09:38,0.002,1.86
route_mutation,20260623T060938_691943,of:0000000000000009:1 -> of:000000000000000c:6,0.002,0.0025,0.002,0.002,1.8,2026-06-23T06:09:38,0.002,1.8
ip_shuffle,20260623T061008_984148,of:0000000000000004:1 -> of:000000000000000c:4,0.002,0.0025,0.002,0.002,1.66,2026-06-23T06:10:08,0.002,1.63
ip_shuffle,20260623T061008_984148,of:0000000000000005:1 -> of:000000000000000c:5,0.002,0.0025,0.002,0.002,1.66,2026-06-23T06:10:08,0.002,1.63
ip_shuffle,20260623T061008_984148,of:000000000000000a:1 -> of:000000000000000d:6,0.002,0.0025,0.002,0.002,1.57,2026-06-23T06:10:08,0.002,1.53
ip_shuffle,20260623T061008_984148,of:000000000000000b:3 -> of:000000000000000d:2,0.002,0.0025,0.002,0.002,1.83,2026-06-23T06:10:08,0.002,1.83
ip_shuffle,20260623T061008_984148,of:000000000000000c:3 -> of:000000000000000d:3,0.002,0.0025,0.002,0.002,1.8,2026-06-23T06:10:08,0.002,1.83
ip_shuffle,20260623T061008_984148,of:0000000000000005:2 -> of:0000000000000009:3,0.002,0.0025,0.002,0.002,1.96,2026-06-23T06:10:08,0.002,1.96
ip_shuffle,20260623T061008_984148,of:0000000000000001:1 -> of:000000000000000b:1,0.002,0.0025,0.002,0.002,1.57,2026-06-23T06:10:08,0.002,1.6
ip_shuffle,20260623T061008_984148,of:000000000000000b:2 -> of:000000000000000c:2,0.002,0.0025,0.002,0.002,1.93,2026-06-23T06:10:08,0.002,1.93
ip_shuffle,20260623T061008_984148,of:0000000000000001:2 -> of:000000000000000c:1,0.002,0.0025,0.002,0.002,1.53,2026-06-23T06:10:08,0.002,1.6
ip_shuffle,20260623T061008_984148,of:0000000000000006:2 -> of:000000000000000a:2,0.002,0.0025,0.002,0.002,1.93,2026-06-23T06:10:08,0.002,1.93
ip_shuffle,20260623T061008_984148,of:0000000000000001:3 -> of:000000000000000d:1,0.002,0.0025,0.002,0.002,2.33,2026-06-23T06:10:08,0.002,2.23
ip_shuffle,20260623T061008_984148,of:0000000000000003:1 -> of:000000000000000b:5,0.002,0.0025,0.002,0.002,1.66,2026-06-23T06:10:08,0.002,1.63
ip_shuffle,20260623T061008_984148,of:0000000000000006:1 -> of:000000000000000d:4,0.002,0.0025,0.002,0.002,1.57,2026-06-23T06:10:08,0.002,1.53
ip_shuffle,20260623T061008_984148,of:0000000000000007:2 -> of:000000000000000a:3,0.002,0.0025,0.002,0.002,1.93,2026-06-23T06:10:08,0.002,1.93
ip_shuffle,20260623T061008_984148,of:0000000000000007:1 -> of:000000000000000d:5,0.002,0.0025,0.002,0.002,2.26,2026-06-23T06:10:08,0.002,2.33
ip_shuffle,20260623T061008_984148,of:0000000000000002:2 -> of:0000000000000008:2,0.002,0.0025,0.002,0.002,1.96,2026-06-23T06:10:08,0.002,1.96
ip_shuffle,20260623T061008_984148,of:0000000000000003:2 -> of:0000000000000008:3,0.002,0.0025,0.002,0.002,1.96,2026-06-23T06:10:08,0.002,1.96
ip_shuffle,20260623T061008_984148,of:0000000000000008:1 -> of:000000000000000b:6,0.002,0.0025,0.002,0.002,1.63,2026-06-23T06:10:08,0.002,1.63
ip_shuffle,20260623T061008_984148,of:0000000000000004:2 -> of:0000000000000009:2,0.002,0.0025,0.002,0.002,1.96,2026-06-23T06:10:08,0.002,1.96
ip_shuffle,20260623T061008_984148,of:0000000000000002:1 -> of:000000000000000b:4,0.002,0.0025,0.002,0.002,1.66,2026-06-23T06:10:08,0.002,1.63
ip_shuffle,20260623T061008_984148,of:0000000000000009:1 -> of:000000000000000c:6,0.002,0.0025,0.002,0.002,1.63,2026-06-23T06:10:08,0.002,1.63
ip_shuffle,20260623T061106_693893,of:0000000000000004:1 -> of:000000000000000c:4,0.002,0.0025,0.002,0.002,2.29,2026-06-23T06:11:06,0.002,2.29
ip_shuffle,20260623T061106_693893,of:0000000000000005:1 -> of:000000000000000c:5,0.002,0.0025,0.002,0.002,2.29,2026-06-23T06:11:06,0.002,2.29
ip_shuffle,20260623T061106_693893,of:000000000000000a:1 -> of:000000000000000d:6,0.001,0.00125,0.001,0.001,1.46,2026-06-23T06:11:06,0.001,1.49
ip_shuffle,20260623T061106_693893,of:000000000000000b:3 -> of:000000000000000d:2,0.002,0.0025,0.002,0.002,1.73,2026-06-23T06:11:06,0.002,1.73
ip_shuffle,20260623T061106_693893,of:000000000000000c:3 -> of:000000000000000d:3,0.002,0.0025,0.002,0.002,1.73,2026-06-23T06:11:06,0.002,1.73
ip_shuffle,20260623T061106_693893,of:0000000000000005:2 -> of:0000000000000009:3,0.002,0.0025,0.002,0.002,1.69,2026-06-23T06:11:06,0.002,1.69
ip_shuffle,20260623T061106_693893,of:0000000000000001:1 -> of:000000000000000b:1,0.002,0.0025,0.002,0.002,1.63,2026-06-23T06:11:06,0.001,1.53
ip_shuffle,20260623T061106_693893,of:000000000000000b:2 -> of:000000000000000c:2,0.001,0.00125,0.001,0.001,1.66,2026-06-23T06:11:06,0.001,1.66
ip_shuffle,20260623T061106_693893,of:0000000000000001:2 -> of:000000000000000c:1,0.003,0.00375,0.003,0.003,3.09,2026-06-23T06:11:06,0.003,3.09
ip_shuffle,20260623T061106_693893,of:0000000000000006:2 -> of:000000000000000a:2,0.002,0.0025,0.002,0.002,1.69,2026-06-23T06:11:06,0.002,1.66
ip_shuffle,20260623T061106_693893,of:0000000000000001:3 -> of:000000000000000d:1,0.002,0.0025,0.002,0.002,2.06,2026-06-23T06:11:06,0.002,2.16
ip_shuffle,20260623T061106_693893,of:0000000000000003:1 -> of:000000000000000b:5,0.002,0.0025,0.002,0.001,1.53,2026-06-23T06:11:06,0.002,1.63
ip_shuffle,20260623T061106_693893,of:0000000000000006:1 -> of:000000000000000d:4,0.002,0.0025,0.002,0.002,2.19,2026-06-23T06:11:06,0.002,2.19
ip_shuffle,20260623T061106_693893,of:0000000000000007:2 -> of:000000000000000a:3,0.001,0.00125,0.001,0.001,1.59,2026-06-23T06:11:06,0.001,1.59
ip_shuffle,20260623T061106_693893,of:0000000000000007:1 -> of:000000000000000d:5,0.001,0.00125,0.001,0.001,1.46,2026-06-23T06:11:06,0.001,1.49
ip_shuffle,20260623T061106_693893,of:0000000000000002:2 -> of:0000000000000008:2,0.002,0.0025,0.002,0.002,1.69,2026-06-23T06:11:06,0.002,1.69
ip_shuffle,20260623T061106_693893,of:0000000000000003:2 -> of:0000000000000008:3,0.002,0.0025,0.002,0.002,1.69,2026-06-23T06:11:06,0.002,1.69
ip_shuffle,20260623T061106_693893,of:0000000000000008:1 -> of:000000000000000b:6,0.001,0.00125,0.001,0.001,1.4,2026-06-23T06:11:06,0.001,1.43
ip_shuffle,20260623T061106_693893,of:0000000000000004:2 -> of:0000000000000009:2,0.002,0.0025,0.002,0.002,1.69,2026-06-23T06:11:06,0.002,1.69
ip_shuffle,20260623T061106_693893,of:0000000000000002:1 -> of:000000000000000b:4,0.001,0.00125,0.001,0.001,1.49,2026-06-23T06:11:06,0.001,1.49
ip_shuffle,20260623T061106_693893,of:0000000000000009:1 -> of:000000000000000c:6,0.001,0.00125,0.001,0.001,1.4,2026-06-23T06:11:06,0.001,1.43
ip_shuffle,20260623T061217_387716,of:0000000000000004:1 -> of:000000000000000c:4,0.001,0.00125,0.001,0.001,1.43,2026-06-23T06:12:17,0.001,1.43
ip_shuffle,20260623T061217_387716,of:0000000000000005:1 -> of:000000000000000c:5,0.001,0.00125,0.001,0.001,1.43,2026-06-23T06:12:17,0.001,1.43
ip_shuffle,20260623T061217_387716,of:000000000000000a:1 -> of:000000000000000d:6,0.002,0.0025,0.002,0.002,1.5,2026-06-23T06:12:17,0.002,1.5
ip_shuffle,20260623T061217_387716,of:000000000000000b:3 -> of:000000000000000d:2,0.002,0.0025,0.002,0.002,1.66,2026-06-23T06:12:17,0.002,1.66
ip_shuffle,20260623T061217_387716,of:000000000000000c:3 -> of:000000000000000d:3,0.002,0.0025,0.002,0.002,1.66,2026-06-23T06:12:17,0.002,1.66
ip_shuffle,20260623T061217_387716,of:0000000000000005:2 -> of:0000000000000009:3,0.002,0.0025,0.002,0.002,1.6,2026-06-23T06:12:17,0.002,1.6
ip_shuffle,20260623T061217_387716,of:0000000000000001:1 -> of:000000000000000b:1,0.002,0.0025,0.002,0.002,2.03,2026-06-23T06:12:17,0.002,2.0
ip_shuffle,20260623T061217_387716,of:000000000000000b:2 -> of:000000000000000c:2,0.002,0.0025,0.002,0.002,1.66,2026-06-23T06:12:17,0.002,1.66
ip_shuffle,20260623T061217_387716,of:0000000000000001:2 -> of:000000000000000c:1,0.002,0.0025,0.002,0.002,1.5,2026-06-23T06:12:17,0.002,1.5
ip_shuffle,20260623T061217_387716,of:0000000000000006:2 -> of:000000000000000a:2,0.002,0.0025,0.002,0.002,1.6,2026-06-23T06:12:17,0.002,1.6
ip_shuffle,20260623T061217_387716,of:0000000000000001:3 -> of:000000000000000d:1,0.002,0.0025,0.002,0.002,2.4,2026-06-23T06:12:17,0.002,2.4
ip_shuffle,20260623T061217_387716,of:0000000000000003:1 -> of:000000000000000b:5,0.001,0.00125,0.001,0.001,1.43,2026-06-23T06:12:17,0.001,1.43
ip_shuffle,20260623T061217_387716,of:0000000000000006:1 -> of:000000000000000d:4,0.002,0.0025,0.002,0.002,2.3,2026-06-23T06:12:17,0.002,2.3
ip_shuffle,20260623T061217_387716,of:0000000000000007:2 -> of:000000000000000a:3,0.002,0.0025,0.002,0.002,1.66,2026-06-23T06:12:17,0.002,1.66
ip_shuffle,20260623T061217_387716,of:0000000000000007:1 -> of:000000000000000d:5,0.002,0.0025,0.002,0.002,1.6,2026-06-23T06:12:17,0.002,1.6
ip_shuffle,20260623T061217_387716,of:0000000000000002:2 -> of:0000000000000008:2,0.002,0.0025,0.002,0.002,1.6,2026-06-23T06:12:17,0.002,1.6
ip_shuffle,20260623T061217_387716,of:0000000000000003:2 -> of:0000000000000008:3,0.002,0.0025,0.002,0.002,1.6,2026-06-23T06:12:17,0.002,1.6
ip_shuffle,20260623T061217_387716,of:0000000000000008:1 -> of:000000000000000b:6,0.002,0.0025,0.002,0.002,1.5,2026-06-23T06:12:17,0.002,1.5
ip_shuffle,20260623T061217_387716,of:0000000000000004:2 -> of:0000000000000009:2,0.002,0.0025,0.002,0.002,1.6,2026-06-23T06:12:17,0.002,1.6
ip_shuffle,20260623T061217_387716,of:0000000000000002:1 -> of:000000000000000b:4,0.002,0.0025,0.002,0.002,1.93,2026-06-23T06:12:17,0.002,1.96
ip_shuffle,20260623T061217_387716,of:0000000000000009:1 -> of:000000000000000c:6,0.002,0.0025,0.002,0.002,1.5,2026-06-23T06:12:17,0.002,1.5
ip_shuffle,20260623T061314_980668,of:0000000000000004:1 -> of:000000000000000c:4,0.002,0.0025,0.002,0.002,2.26,2026-06-23T06:13:14,0.002,2.16
ip_shuffle,20260623T061314_980668,of:0000000000000005:1 -> of:000000000000000c:5,0.002,0.0025,0.002,0.002,2.26,2026-06-23T06:13:14,0.002,2.16
ip_shuffle,20260623T061314_980668,of:000000000000000a:1 -> of:000000000000000d:6,0.002,0.0025,0.002,0.002,2.13,2026-06-23T06:13:14,0.002,2.1
ip_shuffle,20260623T061314_980668,of:000000000000000b:3 -> of:000000000000000d:2,0.002,0.0025,0.002,0.002,2.96,2026-06-23T06:13:14,0.002,2.96
ip_shuffle,20260623T061314_980668,of:000000000000000c:3 -> of:000000000000000d:3,0.002,0.0025,0.002,0.002,2.93,2026-06-23T06:13:14,0.002,2.93
ip_shuffle,20260623T061314_980668,of:0000000000000005:2 -> of:0000000000000009:3,0.002,0.0025,0.002,0.002,3.13,2026-06-23T06:13:14,0.002,3.13
ip_shuffle,20260623T061314_980668,of:0000000000000001:1 -> of:000000000000000b:1,0.002,0.0025,0.002,0.002,2.2,2026-06-23T06:13:14,0.002,2.26
ip_shuffle,20260623T061314_980668,of:000000000000000b:2 -> of:000000000000000c:2,0.002,0.0025,0.002,0.002,3.03,2026-06-23T06:13:14,0.002,3.03
ip_shuffle,20260623T061314_980668,of:0000000000000001:2 -> of:000000000000000c:1,0.002,0.0025,0.002,0.002,2.16,2026-06-23T06:13:14,0.002,2.26
ip_shuffle,20260623T061314_980668,of:0000000000000006:2 -> of:000000000000000a:2,0.002,0.0025,0.002,0.002,3.1,2026-06-23T06:13:14,0.002,3.1
ip_shuffle,20260623T061314_980668,of:0000000000000001:3 -> of:000000000000000d:1,0.004,0.005,0.004,0.004,4.96,2026-06-23T06:13:14,0.004,4.96
ip_shuffle,20260623T061314_980668,of:0000000000000003:1 -> of:000000000000000b:5,0.002,0.0025,0.002,0.002,2.26,2026-06-23T06:13:14,0.002,2.2
ip_shuffle,20260623T061314_980668,of:0000000000000006:1 -> of:000000000000000d:4,0.002,0.0025,0.002,0.002,3.1,2026-06-23T06:13:14,0.002,3.1
ip_shuffle,20260623T061314_980668,of:0000000000000007:2 -> of:000000000000000a:3,0.002,0.0025,0.002,0.002,3.1,2026-06-23T06:13:14,0.002,3.1
ip_shuffle,20260623T061314_980668,of:0000000000000007:1 -> of:000000000000000d:5,0.003,0.00375,0.003,0.003,4.03,2026-06-23T06:13:14,0.003,3.99
ip_shuffle,20260623T061314_980668,of:0000000000000002:2 -> of:0000000000000008:2,0.002,0.0025,0.002,0.002,3.13,2026-06-23T06:13:14,0.002,3.13
ip_shuffle,20260623T061314_980668,of:0000000000000003:2 -> of:0000000000000008:3,0.002,0.0025,0.002,0.002,3.13,2026-06-23T06:13:14,0.002,3.13
ip_shuffle,20260623T061314_980668,of:0000000000000008:1 -> of:000000000000000b:6,0.002,0.0025,0.002,0.002,2.2,2026-06-23T06:13:14,0.002,2.2
ip_shuffle,20260623T061314_980668,of:0000000000000004:2 -> of:0000000000000009:2,0.002,0.0025,0.002,0.002,3.13,2026-06-23T06:13:14,0.002,3.13
ip_shuffle,20260623T061314_980668,of:0000000000000002:1 -> of:000000000000000b:4,0.002,0.0025,0.002,0.002,2.26,2026-06-23T06:13:14,0.002,2.2
ip_shuffle,20260623T061314_980668,of:0000000000000009:1 -> of:000000000000000c:6,0.002,0.0025,0.002,0.002,2.2,2026-06-23T06:13:14,0.002,2.16
route_mutation,20260623T061412_778021,of:0000000000000004:1 -> of:000000000000000c:4,0.002,0.0025,0.002,0.002,2.4,2026-06-23T06:14:12,0.002,2.33
route_mutation,20260623T061412_778021,of:0000000000000005:1 -> of:000000000000000c:5,0.002,0.0025,0.002,0.002,2.0,2026-06-23T06:14:12,0.002,1.93
route_mutation,20260623T061412_778021,of:000000000000000a:1 -> of:000000000000000d:6,0.002,0.0025,0.002,0.002,1.5,2026-06-23T06:14:12,0.002,1.47
route_mutation,20260623T061412_778021,of:000000000000000b:3 -> of:000000000000000d:2,0.002,0.0025,0.002,0.002,1.63,2026-06-23T06:14:12,0.002,1.63
route_mutation,20260623T061412_778021,of:000000000000000c:3 -> of:000000000000000d:3,0.002,0.0025,0.002,0.002,1.66,2026-06-23T06:14:12,0.002,1.66
route_mutation,20260623T061412_778021,of:0000000000000005:2 -> of:0000000000000009:3,0.002,0.0025,0.002,0.002,1.7,2026-06-23T06:14:12,0.002,1.7
route_mutation,20260623T061412_778021,of:0000000000000001:1 -> of:000000000000000b:1,0.003,0.00375,0.003,0.003,3.56,2026-06-23T06:14:12,0.003,3.56
route_mutation,20260623T061412_778021,of:000000000000000b:2 -> of:000000000000000c:2,0.002,0.0025,0.002,0.002,1.63,2026-06-23T06:14:12,0.002,1.63
route_mutation,20260623T061412_778021,of:0000000000000001:2 -> of:000000000000000c:1,0.003,0.00375,0.003,0.003,2.7,2026-06-23T06:14:12,0.003,2.76
route_mutation,20260623T061412_778021,of:0000000000000006:2 -> of:000000000000000a:2,0.002,0.0025,0.002,0.002,1.63,2026-06-23T06:14:12,0.002,1.63
route_mutation,20260623T061412_778021,of:0000000000000001:3 -> of:000000000000000d:1,0.002,0.0025,0.002,0.002,1.9,2026-06-23T06:14:12,0.002,1.96
route_mutation,20260623T061412_778021,of:0000000000000003:1 -> of:000000000000000b:5,0.002,0.0025,0.002,0.002,2.56,2026-06-23T06:14:12,0.002,2.53
route_mutation,20260623T061412_778021,of:0000000000000006:1 -> of:000000000000000d:4,0.002,0.0025,0.002,0.002,1.5,2026-06-23T06:14:12,0.002,1.47
route_mutation,20260623T061412_778021,of:0000000000000007:2 -> of:000000000000000a:3,0.002,0.0025,0.002,0.002,1.6,2026-06-23T06:14:12,0.002,1.6
route_mutation,20260623T061412_778021,of:0000000000000007:1 -> of:000000000000000d:5,0.002,0.0025,0.002,0.002,1.83,2026-06-23T06:14:12,0.002,1.8
route_mutation,20260623T061412_778021,of:0000000000000002:2 -> of:0000000000000008:2,0.002,0.0025,0.002,0.002,1.7,2026-06-23T06:14:12,0.002,1.7
route_mutation,20260623T061412_778021,of:0000000000000003:2 -> of:0000000000000008:3,0.002,0.0025,0.002,0.002,1.7,2026-06-23T06:14:12,0.002,1.7
route_mutation,20260623T061412_778021,of:0000000000000008:1 -> of:000000000000000b:6,0.001,0.00125,0.001,0.001,1.43,2026-06-23T06:14:12,0.001,1.43
route_mutation,20260623T061412_778021,of:0000000000000004:2 -> of:0000000000000009:2,0.002,0.0025,0.002,0.002,1.7,2026-06-23T06:14:12,0.002,1.7
route_mutation,20260623T061412_778021,of:0000000000000002:1 -> of:000000000000000b:4,0.002,0.0025,0.002,0.002,2.53,2026-06-23T06:14:12,0.002,2.53
route_mutation,20260623T061412_778021,of:0000000000000009:1 -> of:000000000000000c:6,0.002,0.0025,0.002,0.002,1.5,2026-06-23T06:14:12,0.002,1.47
route_mutation,20260623T061443_130585,of:0000000000000004:1 -> of:000000000000000c:4,0.002,0.0025,0.002,0.002,1.76,2026-06-23T06:14:43,0.002,1.8
route_mutation,20260623T061443_130585,of:0000000000000005:1 -> of:000000000000000c:5,0.002,0.0025,0.002,0.002,2.16,2026-06-23T06:14:43,0.002,2.2
route_mutation,20260623T061443_130585,of:000000000000000a:1 -> of:000000000000000d:6,0.002,0.0025,0.002,0.002,1.8,2026-06-23T06:14:43,0.002,1.8
route_mutation,20260623T061443_130585,of:000000000000000b:3 -> of:000000000000000d:2,0.002,0.0025,0.002,0.002,2.33,2026-06-23T06:14:43,0.002,2.33
route_mutation,20260623T061443_130585,of:000000000000000c:3 -> of:000000000000000d:3,0.002,0.0025,0.002,0.002,2.26,2026-06-23T06:14:43,0.002,2.26
route_mutation,20260623T061443_130585,of:0000000000000005:2 -> of:0000000000000009:3,0.002,0.0025,0.002,0.002,2.33,2026-06-23T06:14:43,0.002,2.33
route_mutation,20260623T061443_130585,of:0000000000000001:1 -> of:000000000000000b:1,0.002,0.0025,0.002,0.002,1.86,2026-06-23T06:14:43,0.002,1.83
route_mutation,20260623T061443_130585,of:000000000000000b:2 -> of:000000000000000c:2,0.002,0.0025,0.002,0.002,2.33,2026-06-23T06:14:43,0.002,2.33
route_mutation,20260623T061443_130585,of:0000000000000001:2 -> of:000000000000000c:1,0.002,0.0025,0.002,0.002,2.23,2026-06-23T06:14:43,0.002,2.2
route_mutation,20260623T061443_130585,of:0000000000000006:2 -> of:000000000000000a:2,0.002,0.0025,0.002,0.002,2.36,2026-06-23T06:14:43,0.002,2.36
route_mutation,20260623T061443_130585,of:0000000000000001:3 -> of:000000000000000d:1,0.003,0.00375,0.003,0.003,3.5,2026-06-23T06:14:43,0.003,3.5
route_mutation,20260623T061443_130585,of:0000000000000003:1 -> of:000000000000000b:5,0.002,0.0025,0.002,0.002,1.83,2026-06-23T06:14:43,0.002,1.86
route_mutation,20260623T061443_130585,of:0000000000000006:1 -> of:000000000000000d:4,0.003,0.00375,0.003,0.002,2.96,2026-06-23T06:14:43,0.003,3.0
route_mutation,20260623T061443_130585,of:0000000000000007:2 -> of:000000000000000a:3,0.002,0.0025,0.002,0.002,2.36,2026-06-23T06:14:43,0.002,2.36
route_mutation,20260623T061443_130585,of:0000000000000007:1 -> of:000000000000000d:5,0.002,0.0025,0.002,0.002,2.3,2026-06-23T06:14:43,0.002,2.3
route_mutation,20260623T061443_130585,of:0000000000000002:2 -> of:0000000000000008:2,0.002,0.0025,0.002,0.002,2.33,2026-06-23T06:14:43,0.002,2.33
route_mutation,20260623T061443_130585,of:0000000000000003:2 -> of:0000000000000008:3,0.002,0.0025,0.002,0.002,2.33,2026-06-23T06:14:43,0.002,2.33
route_mutation,20260623T061443_130585,of:0000000000000008:1 -> of:000000000000000b:6,0.002,0.0025,0.002,0.002,1.83,2026-06-23T06:14:43,0.002,1.86
route_mutation,20260623T061443_130585,of:0000000000000004:2 -> of:0000000000000009:2,0.002,0.0025,0.002,0.002,2.33,2026-06-23T06:14:43,0.002,2.33
route_mutation,20260623T061443_130585,of:0000000000000002:1 -> of:000000000000000b:4,0.002,0.0025,0.002,0.002,1.83,2026-06-23T06:14:43,0.002,1.86
route_mutation,20260623T061443_130585,of:0000000000000009:1 -> of:000000000000000c:6,0.002,0.0025,0.002,0.002,1.76,2026-06-23T06:14:43,0.002,1.8
ip_shuffle,20260623T061513_435890,of:0000000000000004:1 -> of:000000000000000c:4,0.002,0.0025,0.002,0.002,1.66,2026-06-23T06:15:13,0.002,1.63
ip_shuffle,20260623T061513_435890,of:0000000000000005:1 -> of:000000000000000c:5,0.002,0.0025,0.002,0.002,1.66,2026-06-23T06:15:13,0.002,1.63
ip_shuffle,20260623T061513_435890,of:000000000000000a:1 -> of:000000000000000d:6,0.002,0.0025,0.002,0.002,1.7,2026-06-23T06:15:13,0.002,1.7
ip_shuffle,20260623T061513_435890,of:000000000000000b:3 -> of:000000000000000d:2,0.002,0.0025,0.002,0.002,2.06,2026-06-23T06:15:13,0.002,2.06
ip_shuffle,20260623T061513_435890,of:000000000000000c:3 -> of:000000000000000d:3,0.002,0.0025,0.002,0.002,2.06,2026-06-23T06:15:13,0.002,2.06
ip_shuffle,20260623T061513_435890,of:0000000000000005:2 -> of:0000000000000009:3,0.002,0.0025,0.002,0.002,2.06,2026-06-23T06:15:13,0.002,2.06
ip_shuffle,20260623T061513_435890,of:0000000000000001:1 -> of:000000000000000b:1,0.002,0.0025,0.002,0.002,1.63,2026-06-23T06:15:13,0.002,1.66
ip_shuffle,20260623T061513_435890,of:000000000000000b:2 -> of:000000000000000c:2,0.002,0.0025,0.002,0.002,2.06,2026-06-23T06:15:13,0.002,2.06
ip_shuffle,20260623T061513_435890,of:0000000000000001:2 -> of:000000000000000c:1,0.002,0.0025,0.002,0.002,1.63,2026-06-23T06:15:13,0.002,1.66
ip_shuffle,20260623T061513_435890,of:0000000000000006:2 -> of:000000000000000a:2,0.002,0.0025,0.002,0.002,2.1,2026-06-23T06:15:13,0.002,2.1
ip_shuffle,20260623T061513_435890,of:0000000000000001:3 -> of:000000000000000d:1,0.002,0.0025,0.002,0.002,2.5,2026-06-23T06:15:13,0.002,2.5
ip_shuffle,20260623T061513_435890,of:0000000000000003:1 -> of:000000000000000b:5,0.002,0.0025,0.002,0.002,1.66,2026-06-23T06:15:13,0.002,1.63
ip_shuffle,20260623T061513_435890,of:0000000000000006:1 -> of:000000000000000d:4,0.002,0.0025,0.002,0.002,1.73,2026-06-23T06:15:13,0.002,1.7
ip_shuffle,20260623T061513_435890,of:0000000000000007:2 -> of:000000000000000a:3,0.002,0.0025,0.002,0.002,2.1,2026-06-23T06:15:13,0.002,2.1
ip_shuffle,20260623T061513_435890,of:0000000000000007:1 -> of:000000000000000d:5,0.002,0.0025,0.002,0.002,2.56,2026-06-23T06:15:13,0.002,2.56
ip_shuffle,20260623T061513_435890,of:0000000000000002:2 -> of:0000000000000008:2,0.002,0.0025,0.002,0.002,2.06,2026-06-23T06:15:13,0.002,2.06
ip_shuffle,20260623T061513_435890,of:0000000000000003:2 -> of:0000000000000008:3,0.002,0.0025,0.002,0.002,2.06,2026-06-23T06:15:13,0.002,2.06
ip_shuffle,20260623T061513_435890,of:0000000000000008:1 -> of:000000000000000b:6,0.002,0.0025,0.002,0.002,1.73,2026-06-23T06:15:13,0.002,1.7
ip_shuffle,20260623T061513_435890,of:0000000000000004:2 -> of:0000000000000009:2,0.002,0.0025,0.002,0.002,2.06,2026-06-23T06:15:13,0.002,2.06
ip_shuffle,20260623T061513_435890,of:0000000000000002:1 -> of:000000000000000b:4,0.002,0.0025,0.002,0.002,1.66,2026-06-23T06:15:13,0.002,1.63
ip_shuffle,20260623T061513_435890,of:0000000000000009:1 -> of:000000000000000c:6,0.002,0.0025,0.002,0.002,1.73,2026-06-23T06:15:13,0.002,1.7
route_mutation,20260623T061611_404964,of:0000000000000004:1 -> of:000000000000000c:4,0.002,0.0025,0.002,0.002,2.5,2026-06-23T06:16:11,0.002,2.53
route_mutation,20260623T061611_404964,of:0000000000000005:1 -> of:000000000000000c:5,0.002,0.0025,0.002,0.002,2.5,2026-06-23T06:16:11,0.002,2.53
route_mutation,20260623T061611_404964,of:000000000000000a:1 -> of:000000000000000d:6,0.002,0.0025,0.002,0.002,1.7,2026-06-23T06:16:11,0.002,1.7
route_mutation,20260623T061611_404964,of:000000000000000b:3 -> of:000000000000000d:2,0.002,0.0025,0.002,0.002,2.13,2026-06-23T06:16:11,0.002,2.13
route_mutation,20260623T061611_404964,of:000000000000000c:3 -> of:000000000000000d:3,0.002,0.0025,0.002,0.002,2.1,2026-06-23T06:16:11,0.002,2.1
route_mutation,20260623T061611_404964,of:0000000000000005:2 -> of:0000000000000009:3,0.002,0.0025,0.002,0.002,2.2,2026-06-23T06:16:11,0.002,2.2
route_mutation,20260623T061611_404964,of:0000000000000001:1 -> of:000000000000000b:1,0.002,0.0025,0.002,0.002,2.03,2026-06-23T06:16:11,0.002,2.0
route_mutation,20260623T061611_404964,of:000000000000000b:2 -> of:000000000000000c:2,0.002,0.0025,0.002,0.002,2.16,2026-06-23T06:16:11,0.002,2.16
route_mutation,20260623T061611_404964,of:0000000000000001:2 -> of:000000000000000c:1,0.003,0.00375,0.003,0.003,3.33,2026-06-23T06:16:11,0.003,3.3
route_mutation,20260623T061611_404964,of:0000000000000006:2 -> of:000000000000000a:2,0.002,0.0025,0.002,0.002,2.23,2026-06-23T06:16:11,0.002,2.23
route_mutation,20260623T061611_404964,of:0000000000000001:3 -> of:000000000000000d:1,0.003,0.00375,0.003,0.003,2.9,2026-06-23T06:16:11,0.003,3.03
route_mutation,20260623T061611_404964,of:0000000000000003:1 -> of:000000000000000b:5,0.002,0.0025,0.002,0.002,2.0,2026-06-23T06:16:11,0.002,2.03
route_mutation,20260623T061611_404964,of:0000000000000006:1 -> of:000000000000000d:4,0.002,0.0025,0.002,0.002,2.76,2026-06-23T06:16:11,0.002,2.66
route_mutation,20260623T061611_404964,of:0000000000000007:2 -> of:000000000000000a:3,0.002,0.0025,0.002,0.002,2.2,2026-06-23T06:16:11,0.002,2.2
route_mutation,20260623T061611_404964,of:0000000000000007:1 -> of:000000000000000d:5,0.002,0.0025,0.002,0.002,1.93,2026-06-23T06:16:11,0.002,1.93
route_mutation,20260623T061611_404964,of:0000000000000002:2 -> of:0000000000000008:2,0.002,0.0025,0.002,0.002,2.2,2026-06-23T06:16:11,0.002,2.2
route_mutation,20260623T061611_404964,of:0000000000000003:2 -> of:0000000000000008:3,0.002,0.0025,0.002,0.002,2.2,2026-06-23T06:16:11,0.002,2.2
route_mutation,20260623T061611_404964,of:0000000000000008:1 -> of:000000000000000b:6,0.002,0.0025,0.002,0.002,1.76,2026-06-23T06:16:11,0.002,1.76
route_mutation,20260623T061611_404964,of:0000000000000004:2 -> of:0000000000000009:2,0.002,0.0025,0.002,0.002,2.2,2026-06-23T06:16:11,0.002,2.2
route_mutation,20260623T061611_404964,of:0000000000000002:1 -> of:000000000000000b:4,0.002,0.0025,0.002,0.002,1.76,2026-06-23T06:16:11,0.002,1.76
route_mutation,20260623T061611_404964,of:0000000000000009:1 -> of:000000000000000c:6,0.002,0.0025,0.002,0.002,1.7,2026-06-23T06:16:11,0.002,1.73
ip_shuffle,20260623T061641_686302,of:0000000000000004:1 -> of:000000000000000c:4,0.002,0.0025,0.002,0.002,1.83,2026-06-23T06:16:41,0.002,1.76
ip_shuffle,20260623T061641_686302,of:0000000000000005:1 -> of:000000000000000c:5,0.002,0.0025,0.002,0.002,1.83,2026-06-23T06:16:41,0.002,1.76
ip_shuffle,20260623T061641_686302,of:000000000000000a:1 -> of:000000000000000d:6,0.002,0.0025,0.002,0.002,1.86,2026-06-23T06:16:41,0.002,1.83
ip_shuffle,20260623T061641_686302,of:000000000000000b:3 -> of:000000000000000d:2,0.002,0.0025,0.002,0.002,2.36,2026-06-23T06:16:41,0.002,2.36
ip_shuffle,20260623T061641_686302,of:000000000000000c:3 -> of:000000000000000d:3,0.002,0.0025,0.002,0.002,2.33,2026-06-23T06:16:41,0.002,2.33
ip_shuffle,20260623T061641_686302,of:0000000000000005:2 -> of:0000000000000009:3,0.002,0.0025,0.002,0.002,2.36,2026-06-23T06:16:41,0.002,2.36
ip_shuffle,20260623T061641_686302,of:0000000000000001:1 -> of:000000000000000b:1,0.002,0.0025,0.002,0.002,1.8,2026-06-23T06:16:41,0.002,1.83
ip_shuffle,20260623T061641_686302,of:000000000000000b:2 -> of:000000000000000c:2,0.002,0.0025,0.002,0.002,2.36,2026-06-23T06:16:41,0.002,2.36
ip_shuffle,20260623T061641_686302,of:0000000000000001:2 -> of:000000000000000c:1,0.002,0.0025,0.002,0.002,1.76,2026-06-23T06:16:41,0.002,1.83
ip_shuffle,20260623T061641_686302,of:0000000000000006:2 -> of:000000000000000a:2,0.002,0.0025,0.002,0.002,2.4,2026-06-23T06:16:41,0.002,2.4
ip_shuffle,20260623T061641_686302,of:0000000000000001:3 -> of:000000000000000d:1,0.003,0.00375,0.003,0.003,3.46,2026-06-23T06:16:41,0.003,3.4
ip_shuffle,20260623T061641_686302,of:0000000000000003:1 -> of:000000000000000b:5,0.002,0.0025,0.002,0.002,1.83,2026-06-23T06:16:41,0.002,1.8
ip_shuffle,20260623T061641_686302,of:0000000000000006:1 -> of:000000000000000d:4,0.002,0.0025,0.002,0.002,2.03,2026-06-23T06:16:41,0.002,2.06
ip_shuffle,20260623T061641_686302,of:0000000000000007:2 -> of:000000000000000a:3,0.002,0.0025,0.002,0.002,2.4,2026-06-23T06:16:41,0.002,2.4
ip_shuffle,20260623T061641_686302,of:0000000000000007:1 -> of:000000000000000d:5,0.003,0.00375,0.003,0.003,3.26,2026-06-23T06:16:41,0.003,3.23
ip_shuffle,20260623T061641_686302,of:0000000000000002:2 -> of:0000000000000008:2,0.002,0.0025,0.002,0.002,2.36,2026-06-23T06:16:41,0.002,2.36
ip_shuffle,20260623T061641_686302,of:0000000000000003:2 -> of:0000000000000008:3,0.002,0.0025,0.002,0.002,2.36,2026-06-23T06:16:41,0.002,2.36
ip_shuffle,20260623T061641_686302,of:0000000000000008:1 -> of:000000000000000b:6,0.002,0.0025,0.002,0.002,1.86,2026-06-23T06:16:41,0.002,1.86
ip_shuffle,20260623T061641_686302,of:0000000000000004:2 -> of:0000000000000009:2,0.002,0.0025,0.002,0.002,2.36,2026-06-23T06:16:41,0.002,2.36
ip_shuffle,20260623T061641_686302,of:0000000000000002:1 -> of:000000000000000b:4,0.002,0.0025,0.002,0.002,1.83,2026-06-23T06:16:41,0.002,1.8
ip_shuffle,20260623T061641_686302,of:0000000000000009:1 -> of:000000000000000c:6,0.002,0.0025,0.002,0.002,1.86,2026-06-23T06:16:41,0.002,1.83
ip_shuffle,20260623T061745_884657,of:0000000000000004:1 -> of:000000000000000c:4,0.002,0.0025,0.002,0.002,2.4,2026-06-23T06:17:45,0.002,2.4
ip_shuffle,20260623T061745_884657,of:0000000000000005:1 -> of:000000000000000c:5,0.002,0.0025,0.002,0.002,2.4,2026-06-23T06:17:45,0.002,2.4
ip_shuffle,20260623T061745_884657,of:000000000000000a:1 -> of:000000000000000d:6,0.002,0.0025,0.002,0.002,1.6,2026-06-23T06:17:45,0.002,1.56
ip_shuffle,20260623T061745_884657,of:000000000000000b:3 -> of:000000000000000d:2,0.002,0.0025,0.002,0.002,1.83,2026-06-23T06:17:45,0.002,1.83
ip_shuffle,20260623T061745_884657,of:000000000000000c:3 -> of:000000000000000d:3,0.002,0.0025,0.002,0.002,1.83,2026-06-23T06:17:45,0.002,1.83
ip_shuffle,20260623T061745_884657,of:0000000000000005:2 -> of:0000000000000009:3,0.002,0.0025,0.002,0.002,2.0,2026-06-23T06:17:45,0.002,2.0
ip_shuffle,20260623T061745_884657,of:0000000000000001:1 -> of:000000000000000b:1,0.002,0.0025,0.002,0.002,2.53,2026-06-23T06:17:45,0.002,2.46
ip_shuffle,20260623T061745_884657,of:000000000000000b:2 -> of:000000000000000c:2,0.002,0.0025,0.002,0.002,1.86,2026-06-23T06:17:45,0.002,1.86
ip_shuffle,20260623T061745_884657,of:0000000000000001:2 -> of:000000000000000c:1,0.003,0.00375,0.003,0.003,3.2,2026-06-23T06:17:45,0.003,3.16
ip_shuffle,20260623T061745_884657,of:0000000000000006:2 -> of:000000000000000a:2,0.002,0.0025,0.002,0.002,2.0,2026-06-23T06:17:45,0.002,2.0
ip_shuffle,20260623T061745_884657,of:0000000000000001:3 -> of:000000000000000d:1,0.002,0.0025,0.002,0.002,2.73,2026-06-23T06:17:45,0.002,2.83
ip_shuffle,20260623T061745_884657,of:0000000000000003:1 -> of:000000000000000b:5,0.002,0.0025,0.002,0.002,2.5,2026-06-23T06:17:45,0.002,2.5
ip_shuffle,20260623T061745_884657,of:0000000000000006:1 -> of:000000000000000d:4,0.002,0.0025,0.002,0.002,2.2,2026-06-23T06:17:45,0.002,2.1
ip_shuffle,20260623T061745_884657,of:0000000000000007:2 -> of:000000000000000a:3,0.002,0.0025,0.002,0.002,2.0,2026-06-23T06:17:45,0.002,2.0
ip_shuffle,20260623T061745_884657,of:0000000000000007:1 -> of:000000000000000d:5,0.002,0.0025,0.002,0.002,2.16,2026-06-23T06:17:45,0.002,2.16
ip_shuffle,20260623T061745_884657,of:0000000000000002:2 -> of:0000000000000008:2,0.002,0.0025,0.002,0.002,2.0,2026-06-23T06:17:45,0.002,2.0
ip_shuffle,20260623T061745_884657,of:0000000000000003:2 -> of:0000000000000008:3,0.002,0.0025,0.002,0.002,2.0,2026-06-23T06:17:45,0.002,2.0
ip_shuffle,20260623T061745_884657,of:0000000000000008:1 -> of:000000000000000b:6,0.002,0.0025,0.002,0.002,1.6,2026-06-23T06:17:45,0.002,1.6
ip_shuffle,20260623T061745_884657,of:0000000000000004:2 -> of:0000000000000009:2,0.002,0.0025,0.002,0.002,2.0,2026-06-23T06:17:45,0.002,2.0
ip_shuffle,20260623T061745_884657,of:0000000000000002:1 -> of:000000000000000b:4,0.002,0.0025,0.002,0.002,1.6,2026-06-23T06:17:45,0.002,1.6
ip_shuffle,20260623T061745_884657,of:0000000000000009:1 -> of:000000000000000c:6,0.002,0.0025,0.002,0.002,1.6,2026-06-23T06:17:45,0.002,1.6
ip_shuffle,20260623T061843_538901,of:0000000000000004:1 -> of:000000000000000c:4,0.001,0.00125,0.001,0.001,1.37,2026-06-23T06:18:43,0.001,1.37
ip_shuffle,20260623T061843_538901,of:0000000000000005:1 -> of:000000000000000c:5,0.001,0.00125,0.001,0.001,1.37,2026-06-23T06:18:43,0.001,1.37
ip_shuffle,20260623T061843_538901,of:000000000000000a:1 -> of:000000000000000d:6,0.002,0.0025,0.002,0.002,1.43,2026-06-23T06:18:43,0.002,1.43
ip_shuffle,20260623T061843_538901,of:000000000000000b:3 -> of:000000000000000d:2,0.002,0.0025,0.002,0.002,1.53,2026-06-23T06:18:43,0.002,1.53
ip_shuffle,20260623T061843_538901,of:000000000000000c:3 -> of:000000000000000d:3,0.002,0.0025,0.002,0.002,1.53,2026-06-23T06:18:43,0.002,1.53
ip_shuffle,20260623T061843_538901,of:0000000000000005:2 -> of:0000000000000009:3,0.001,0.00125,0.001,0.001,1.4,2026-06-23T06:18:43,0.001,1.4
ip_shuffle,20260623T061843_538901,of:0000000000000001:1 -> of:000000000000000b:1,0.002,0.0025,0.002,0.002,1.8,2026-06-23T06:18:43,0.002,1.83
ip_shuffle,20260623T061843_538901,of:000000000000000b:2 -> of:000000000000000c:2,0.002,0.0025,0.002,0.002,1.53,2026-06-23T06:18:43,0.002,1.53
ip_shuffle,20260623T061843_538901,of:0000000000000001:2 -> of:000000000000000c:1,0.002,0.0025,0.002,0.002,1.43,2026-06-23T06:18:43,0.002,1.46
ip_shuffle,20260623T061843_538901,of:0000000000000006:2 -> of:000000000000000a:2,0.001,0.00125,0.001,0.001,1.46,2026-06-23T06:18:43,0.001,1.46
ip_shuffle,20260623T061843_538901,of:0000000000000001:3 -> of:000000000000000d:1,0.002,0.0025,0.002,0.002,1.93,2026-06-23T06:18:43,0.002,1.93
ip_shuffle,20260623T061843_538901,of:0000000000000003:1 -> of:000000000000000b:5,0.002,0.0025,0.002,0.002,1.43,2026-06-23T06:18:43,0.002,1.43
ip_shuffle,20260623T061843_538901,of:0000000000000006:1 -> of:000000000000000d:4,0.002,0.0025,0.002,0.002,1.8,2026-06-23T06:18:43,0.002,1.8
ip_shuffle,20260623T061843_538901,of:0000000000000007:2 -> of:000000000000000a:3,0.001,0.00125,0.001,0.001,1.46,2026-06-23T06:18:43,0.001,1.46
ip_shuffle,20260623T061843_538901,of:0000000000000007:1 -> of:000000000000000d:5,0.001,0.00125,0.001,0.001,1.37,2026-06-23T06:18:43,0.001,1.37
ip_shuffle,20260623T061843_538901,of:0000000000000002:2 -> of:0000000000000008:2,0.001,0.00125,0.001,0.001,1.46,2026-06-23T06:18:43,0.001,1.46
ip_shuffle,20260623T061843_538901,of:0000000000000003:2 -> of:0000000000000008:3,0.001,0.00125,0.001,0.001,1.46,2026-06-23T06:18:43,0.001,1.46
ip_shuffle,20260623T061843_538901,of:0000000000000008:1 -> of:000000000000000b:6,0.001,0.00125,0.001,0.001,1.37,2026-06-23T06:18:43,0.001,1.37
ip_shuffle,20260623T061843_538901,of:0000000000000004:2 -> of:0000000000000009:2,0.001,0.00125,0.001,0.001,1.4,2026-06-23T06:18:43,0.001,1.4
ip_shuffle,20260623T061843_538901,of:0000000000000002:1 -> of:000000000000000b:4,0.002,0.0025,0.002,0.002,1.83,2026-06-23T06:18:43,0.002,1.83
ip_shuffle,20260623T061843_538901,of:0000000000000009:1 -> of:000000000000000c:6,0.001,0.00125,0.001,0.001,1.37,2026-06-23T06:18:43,0.001,1.37
ip_shuffle,20260623T061941_073175,of:0000000000000004:1 -> of:000000000000000c:4,0.002,0.0025,0.002,0.002,2.2,2026-06-23T06:19:41,0.002,2.16
ip_shuffle,20260623T061941_073175,of:0000000000000005:1 -> of:000000000000000c:5,0.002,0.0025,0.002,0.002,2.2,2026-06-23T06:19:41,0.002,2.16
ip_shuffle,20260623T061941_073175,of:000000000000000a:1 -> of:000000000000000d:6,0.002,0.0025,0.002,0.002,2.16,2026-06-23T06:19:41,0.002,2.16
ip_shuffle,20260623T061941_073175,of:000000000000000b:3 -> of:000000000000000d:2,0.002,0.0025,0.002,0.002,3.0,2026-06-23T06:19:41,0.002,3.0
ip_shuffle,20260623T061941_073175,of:000000000000000c:3 -> of:000000000000000d:3,0.002,0.0025,0.002,0.002,3.0,2026-06-23T06:19:41,0.002,3.0
ip_shuffle,20260623T061941_073175,of:0000000000000005:2 -> of:0000000000000009:3,0.002,0.0025,0.002,0.002,3.03,2026-06-23T06:19:41,0.002,3.03
ip_shuffle,20260623T061941_073175,of:0000000000000001:1 -> of:000000000000000b:1,0.002,0.0025,0.002,0.002,2.1,2026-06-23T06:19:41,0.002,2.13
ip_shuffle,20260623T061941_073175,of:000000000000000b:2 -> of:000000000000000c:2,0.002,0.0025,0.002,0.002,3.0,2026-06-23T06:19:41,0.002,3.0
ip_shuffle,20260623T061941_073175,of:0000000000000001:2 -> of:000000000000000c:1,0.002,0.0025,0.002,0.002,2.1,2026-06-23T06:19:41,0.002,2.13
ip_shuffle,20260623T061941_073175,of:0000000000000006:2 -> of:000000000000000a:2,0.002,0.0025,0.002,0.002,3.03,2026-06-23T06:19:41,0.002,3.03
ip_shuffle,20260623T061941_073175,of:0000000000000001:3 -> of:000000000000000d:1,0.004,0.005,0.004,0.004,4.69,2026-06-23T06:19:41,0.004,4.76
ip_shuffle,20260623T061941_073175,of:0000000000000003:1 -> of:000000000000000b:5,0.002,0.0025,0.002,0.002,2.13,2026-06-23T06:19:41,0.002,2.1
ip_shuffle,20260623T061941_073175,of:0000000000000006:1 -> of:000000000000000d:4,0.003,0.00375,0.003,0.003,3.33,2026-06-23T06:19:41,0.003,3.36
ip_shuffle,20260623T061941_073175,of:0000000000000007:2 -> of:000000000000000a:3,0.002,0.0025,0.002,0.002,3.03,2026-06-23T06:19:41,0.002,3.03
ip_shuffle,20260623T061941_073175,of:0000000000000007:1 -> of:000000000000000d:5,0.003,0.00375,0.003,0.003,3.56,2026-06-23T06:19:41,0.003,3.46
ip_shuffle,20260623T061941_073175,of:0000000000000002:2 -> of:0000000000000008:2,0.002,0.0025,0.002,0.002,3.0,2026-06-23T06:19:41,0.002,3.0
ip_shuffle,20260623T061941_073175,of:0000000000000003:2 -> of:0000000000000008:3,0.002,0.0025,0.002,0.002,3.0,2026-06-23T06:19:41,0.002,3.0
ip_shuffle,20260623T061941_073175,of:0000000000000008:1 -> of:000000000000000b:6,0.002,0.0025,0.002,0.002,2.2,2026-06-23T06:19:41,0.002,2.16
ip_shuffle,20260623T061941_073175,of:0000000000000004:2 -> of:0000000000000009:2,0.002,0.0025,0.002,0.002,3.03,2026-06-23T06:19:41,0.002,3.03
ip_shuffle,20260623T061941_073175,of:0000000000000002:1 -> of:000000000000000b:4,0.002,0.0025,0.002,0.002,2.13,2026-06-23T06:19:41,0.002,2.1
ip_shuffle,20260623T061941_073175,of:0000000000000009:1 -> of:000000000000000c:6,0.002,0.0025,0.002,0.002,2.16,2026-06-23T06:19:41,0.002,2.16
ip_shuffle,20260623T062045_261933,of:0000000000000004:1 -> of:000000000000000c:4,0.002,0.0025,0.002,0.002,2.33,2026-06-23T06:20:45,0.002,2.23
ip_shuffle,20260623T062045_261933,of:0000000000000005:1 -> of:000000000000000c:5,0.002,0.0025,0.002,0.002,1.93,2026-06-23T06:20:45,0.002,1.83
ip_shuffle,20260623T062045_261933,of:000000000000000a:1 -> of:000000000000000d:6,0.001,0.00125,0.001,0.001,1.36,2026-06-23T06:20:45,0.001,1.36
ip_shuffle,20260623T062045_261933,of:000000000000000b:3 -> of:000000000000000d:2,0.001,0.00125,0.001,0.001,1.53,2026-06-23T06:20:45,0.001,1.53
ip_shuffle,20260623T062045_261933,of:000000000000000c:3 -> of:000000000000000d:3,0.001,0.00125,0.001,0.001,1.53,2026-06-23T06:20:45,0.001,1.53
ip_shuffle,20260623T062045_261933,of:0000000000000005:2 -> of:0000000000000009:3,0.002,0.0025,0.002,0.002,1.76,2026-06-23T06:20:45,0.002,1.76
ip_shuffle,20260623T062045_261933,of:0000000000000001:1 -> of:000000000000000b:1,0.003,0.00375,0.003,0.003,3.5,2026-06-23T06:20:45,0.003,3.56
ip_shuffle,20260623T062045_261933,of:000000000000000b:2 -> of:000000000000000c:2,0.001,0.00125,0.001,0.001,1.53,2026-06-23T06:20:45,0.001,1.53
ip_shuffle,20260623T062045_261933,of:0000000000000001:2 -> of:000000000000000c:1,0.002,0.0025,0.002,0.002,2.56,2026-06-23T06:20:45,0.002,2.66
ip_shuffle,20260623T062045_261933,of:0000000000000006:2 -> of:000000000000000a:2,0.002,0.0025,0.002,0.002,1.7,2026-06-23T06:20:45,0.002,1.7
ip_shuffle,20260623T062045_261933,of:0000000000000001:3 -> of:000000000000000d:1,0.002,0.0025,0.002,0.002,2.16,2026-06-23T06:20:45,0.002,2.13
ip_shuffle,20260623T062045_261933,of:0000000000000003:1 -> of:000000000000000b:5,0.002,0.0025,0.002,0.002,2.56,2026-06-23T06:20:45,0.002,2.46
ip_shuffle,20260623T062045_261933,of:0000000000000006:1 -> of:000000000000000d:4,0.002,0.0025,0.002,0.002,1.53,2026-06-23T06:20:45,0.001,1.43
ip_shuffle,20260623T062045_261933,of:0000000000000007:2 -> of:000000000000000a:3,0.002,0.0025,0.002,0.002,1.7,2026-06-23T06:20:45,0.002,1.7
ip_shuffle,20260623T062045_261933,of:0000000000000007:1 -> of:000000000000000d:5,0.002,0.0025,0.002,0.002,2.1,2026-06-23T06:20:45,0.002,2.06
ip_shuffle,20260623T062045_261933,of:0000000000000002:2 -> of:0000000000000008:2,0.002,0.0025,0.002,0.002,1.86,2026-06-23T06:20:45,0.002,1.86
ip_shuffle,20260623T062045_261933,of:0000000000000003:2 -> of:0000000000000008:3,0.002,0.0025,0.002,0.002,1.86,2026-06-23T06:20:45,0.002,1.86
ip_shuffle,20260623T062045_261933,of:0000000000000008:1 -> of:000000000000000b:6,0.002,0.0025,0.002,0.002,1.53,2026-06-23T06:20:45,0.001,1.43
ip_shuffle,20260623T062045_261933,of:0000000000000004:2 -> of:0000000000000009:2,0.002,0.0025,0.002,0.002,1.76,2026-06-23T06:20:45,0.002,1.76
ip_shuffle,20260623T062045_261933,of:0000000000000002:1 -> of:000000000000000b:4,0.002,0.0025,0.002,0.002,2.53,2026-06-23T06:20:45,0.002,2.46
ip_shuffle,20260623T062045_261933,of:0000000000000009:1 -> of:000000000000000c:6,0.001,0.00125,0.001,0.001,1.43,2026-06-23T06:20:45,0.001,1.36
route_mutation,20260623T062142_915024,of:0000000000000004:1 -> of:000000000000000c:4,0.001,0.00125,0.001,0.001,1.46,2026-06-23T06:21:42,0.001,1.46
route_mutation,20260623T062142_915024,of:0000000000000005:1 -> of:000000000000000c:5,0.001,0.00125,0.001,0.001,1.46,2026-06-23T06:21:42,0.001,1.46
route_mutation,20260623T062142_915024,of:000000000000000a:1 -> of:000000000000000d:6,0.002,0.0025,0.002,0.002,1.53,2026-06-23T06:21:42,0.002,1.53
route_mutation,20260623T062142_915024,of:000000000000000b:3 -> of:000000000000000d:2,0.002,0.0025,0.002,0.002,1.73,2026-06-23T06:21:42,0.002,1.73
route_mutation,20260623T062142_915024,of:000000000000000c:3 -> of:000000000000000d:3,0.002,0.0025,0.002,0.002,1.73,2026-06-23T06:21:42,0.002,1.73
route_mutation,20260623T062142_915024,of:0000000000000005:2 -> of:0000000000000009:3,0.002,0.0025,0.002,0.002,1.66,2026-06-23T06:21:42,0.002,1.66
route_mutation,20260623T062142_915024,of:0000000000000001:1 -> of:000000000000000b:1,0.002,0.0025,0.002,0.002,1.53,2026-06-23T06:21:42,0.002,1.53
route_mutation,20260623T062142_915024,of:000000000000000b:2 -> of:000000000000000c:2,0.002,0.0025,0.002,0.002,1.73,2026-06-23T06:21:42,0.002,1.73
route_mutation,20260623T062142_915024,of:0000000000000001:2 -> of:000000000000000c:1,0.002,0.0025,0.002,0.002,1.53,2026-06-23T06:21:42,0.002,1.53
route_mutation,20260623T062142_915024,of:0000000000000006:2 -> of:000000000000000a:2,0.002,0.0025,0.002,0.002,1.66,2026-06-23T06:21:42,0.002,1.66
route_mutation,20260623T062142_915024,of:0000000000000001:3 -> of:000000000000000d:1,0.002,0.0025,0.002,0.002,2.66,2026-06-23T06:21:42,0.002,2.66
route_mutation,20260623T062142_915024,of:0000000000000003:1 -> of:000000000000000b:5,0.002,0.0025,0.002,0.002,1.53,2026-06-23T06:21:42,0.002,1.53
route_mutation,20260623T062142_915024,of:0000000000000006:1 -> of:000000000000000d:4,0.001,0.00125,0.001,0.001,1.46,2026-06-23T06:21:42,0.001,1.46
route_mutation,20260623T062142_915024,of:0000000000000007:2 -> of:000000000000000a:3,0.002,0.0025,0.002,0.002,1.66,2026-06-23T06:21:42,0.002,1.66
route_mutation,20260623T062142_915024,of:0000000000000007:1 -> of:000000000000000d:5,0.002,0.0025,0.002,0.002,2.5,2026-06-23T06:21:42,0.002,2.5
route_mutation,20260623T062142_915024,of:0000000000000002:2 -> of:0000000000000008:2,0.002,0.0025,0.002,0.002,1.66,2026-06-23T06:21:42,0.002,1.66
route_mutation,20260623T062142_915024,of:0000000000000003:2 -> of:0000000000000008:3,0.002,0.0025,0.002,0.002,1.66,2026-06-23T06:21:42,0.002,1.66
route_mutation,20260623T062142_915024,of:0000000000000008:1 -> of:000000000000000b:6,0.001,0.00125,0.001,0.001,1.46,2026-06-23T06:21:42,0.001,1.46
route_mutation,20260623T062142_915024,of:0000000000000004:2 -> of:0000000000000009:2,0.002,0.0025,0.002,0.002,1.66,2026-06-23T06:21:42,0.002,1.66
route_mutation,20260623T062142_915024,of:0000000000000002:1 -> of:000000000000000b:4,0.002,0.0025,0.002,0.002,1.53,2026-06-23T06:21:42,0.002,1.53
route_mutation,20260623T062142_915024,of:0000000000000009:1 -> of:000000000000000c:6,0.002,0.0025,0.002,0.002,1.53,2026-06-23T06:21:42,0.002,1.53
ip_shuffle,20260623T062213_227701,of:0000000000000004:1 -> of:000000000000000c:4,0.001,0.00125,0.001,0.001,1.36,2026-06-23T06:22:13,0.001,1.36
ip_shuffle,20260623T062213_227701,of:0000000000000005:1 -> of:000000000000000c:5,0.001,0.00125,0.001,0.001,1.4,2026-06-23T06:22:13,0.001,1.4
ip_shuffle,20260623T062213_227701,of:000000000000000a:1 -> of:000000000000000d:6,0.001,0.00125,0.001,0.001,1.36,2026-06-23T06:22:13,0.001,1.4
ip_shuffle,20260623T062213_227701,of:000000000000000b:3 -> of:000000000000000d:2,0.001,0.00125,0.001,0.001,1.5,2026-06-23T06:22:13,0.001,1.5
ip_shuffle,20260623T062213_227701,of:000000000000000c:3 -> of:000000000000000d:3,0.001,0.00125,0.001,0.001,1.5,2026-06-23T06:22:13,0.001,1.5
ip_shuffle,20260623T062213_227701,of:0000000000000005:2 -> of:0000000000000009:3,0.001,0.00125,0.001,0.001,1.46,2026-06-23T06:22:13,0.001,1.46
ip_shuffle,20260623T062213_227701,of:0000000000000001:1 -> of:000000000000000b:1,0.003,0.00375,0.003,0.003,3.06,2026-06-23T06:22:13,0.003,3.06
ip_shuffle,20260623T062213_227701,of:000000000000000b:2 -> of:000000000000000c:2,0.001,0.00125,0.001,0.001,1.43,2026-06-23T06:22:13,0.001,1.4
ip_shuffle,20260623T062213_227701,of:0000000000000001:2 -> of:000000000000000c:1,0.001,0.00125,0.001,0.001,1.4,2026-06-23T06:22:13,0.001,1.36
ip_shuffle,20260623T062213_227701,of:0000000000000006:2 -> of:000000000000000a:2,0.001,0.00125,0.001,0.001,1.46,2026-06-23T06:22:13,0.001,1.46
ip_shuffle,20260623T062213_227701,of:0000000000000001:3 -> of:000000000000000d:1,0.002,0.0025,0.002,0.002,1.46,2026-06-23T06:22:13,0.002,1.43
ip_shuffle,20260623T062213_227701,of:0000000000000003:1 -> of:000000000000000b:5,0.002,0.0025,0.002,0.002,2.03,2026-06-23T06:22:13,0.002,2.03
ip_shuffle,20260623T062213_227701,of:0000000000000006:1 -> of:000000000000000d:4,0.002,0.0025,0.002,0.002,1.43,2026-06-23T06:22:13,0.002,1.46
ip_shuffle,20260623T062213_227701,of:0000000000000007:2 -> of:000000000000000a:3,0.001,0.00125,0.001,0.001,1.46,2026-06-23T06:22:13,0.001,1.46
ip_shuffle,20260623T062213_227701,of:0000000000000007:1 -> of:000000000000000d:5,0.002,0.0025,0.002,0.002,1.43,2026-06-23T06:22:13,0.002,1.46
ip_shuffle,20260623T062213_227701,of:0000000000000002:2 -> of:0000000000000008:2,0.002,0.0025,0.002,0.002,1.53,2026-06-23T06:22:13,0.002,1.53
ip_shuffle,20260623T062213_227701,of:0000000000000003:2 -> of:0000000000000008:3,0.002,0.0025,0.002,0.002,1.53,2026-06-23T06:22:13,0.002,1.53
ip_shuffle,20260623T062213_227701,of:0000000000000008:1 -> of:000000000000000b:6,0.001,0.00125,0.001,0.001,1.36,2026-06-23T06:22:13,0.001,1.36
ip_shuffle,20260623T062213_227701,of:0000000000000004:2 -> of:0000000000000009:2,0.001,0.00125,0.001,0.001,1.46,2026-06-23T06:22:13,0.001,1.46
ip_shuffle,20260623T062213_227701,of:0000000000000002:1 -> of:000000000000000b:4,0.002,0.0025,0.002,0.002,2.4,2026-06-23T06:22:13,0.002,2.4
ip_shuffle,20260623T062213_227701,of:0000000000000009:1 -> of:000000000000000c:6,0.001,0.00125,0.001,0.001,1.3,2026-06-23T06:22:13,0.001,1.3
route_mutation,20260623T062310_774532,of:0000000000000004:1 -> of:000000000000000c:4,0.002,0.0025,0.002,0.002,2.1,2026-06-23T06:23:10,0.002,2.03
route_mutation,20260623T062310_774532,of:0000000000000005:1 -> of:000000000000000c:5,0.002,0.0025,0.002,0.002,2.1,2026-06-23T06:23:10,0.002,2.03
route_mutation,20260623T062310_774532,of:000000000000000a:1 -> of:000000000000000d:6,0.002,0.0025,0.002,0.002,2.13,2026-06-23T06:23:10,0.002,2.1
route_mutation,20260623T062310_774532,of:000000000000000b:3 -> of:000000000000000d:2,0.002,0.0025,0.002,0.002,2.9,2026-06-23T06:23:10,0.002,2.9
route_mutation,20260623T062310_774532,of:000000000000000c:3 -> of:000000000000000d:3,0.002,0.0025,0.002,0.002,2.86,2026-06-23T06:23:10,0.002,2.86
route_mutation,20260623T062310_774532,of:0000000000000005:2 -> of:0000000000000009:3,0.002,0.0025,0.002,0.002,2.9,2026-06-23T06:23:10,0.002,2.9
route_mutation,20260623T062310_774532,of:0000000000000001:1 -> of:000000000000000b:1,0.002,0.0025,0.002,0.002,2.13,2026-06-23T06:23:10,0.002,2.16
route_mutation,20260623T062310_774532,of:000000000000000b:2 -> of:000000000000000c:2,0.002,0.0025,0.002,0.002,2.9,2026-06-23T06:23:10,0.002,2.9
route_mutation,20260623T062310_774532,of:0000000000000001:2 -> of:000000000000000c:1,0.002,0.0025,0.002,0.002,2.1,2026-06-23T06:23:10,0.002,2.16
route_mutation,20260623T062310_774532,of:0000000000000006:2 -> of:000000000000000a:2,0.002,0.0025,0.002,0.002,2.86,2026-06-23T06:23:10,0.002,2.86
route_mutation,20260623T062310_774532,of:0000000000000001:3 -> of:000000000000000d:1,0.004,0.005,0.004,0.004,4.46,2026-06-23T06:23:10,0.004,4.43
route_mutation,20260623T062310_774532,of:0000000000000003:1 -> of:000000000000000b:5,0.002,0.0025,0.002,0.002,2.16,2026-06-23T06:23:10,0.002,2.13
route_mutation,20260623T062310_774532,of:0000000000000006:1 -> of:000000000000000d:4,0.002,0.0025,0.002,0.002,2.8,2026-06-23T06:23:10,0.002,2.83
route_mutation,20260623T062310_774532,of:0000000000000007:2 -> of:000000000000000a:3,0.002,0.0025,0.002,0.002,2.86,2026-06-23T06:23:10,0.002,2.86
route_mutation,20260623T062310_774532,of:0000000000000007:1 -> of:000000000000000d:5,0.003,0.00375,0.003,0.003,3.53,2026-06-23T06:23:10,0.003,3.5
route_mutation,20260623T062310_774532,of:0000000000000002:2 -> of:0000000000000008:2,0.002,0.0025,0.002,0.002,2.96,2026-06-23T06:23:10,0.002,2.96
route_mutation,20260623T062310_774532,of:0000000000000003:2 -> of:0000000000000008:3,0.002,0.0025,0.002,0.002,2.96,2026-06-23T06:23:10,0.002,2.96
route_mutation,20260623T062310_774532,of:0000000000000008:1 -> of:000000000000000b:6,0.002,0.0025,0.002,0.002,2.13,2026-06-23T06:23:10,0.002,2.13
route_mutation,20260623T062310_774532,of:0000000000000004:2 -> of:0000000000000009:2,0.002,0.0025,0.002,0.002,2.9,2026-06-23T06:23:10,0.002,2.9
route_mutation,20260623T062310_774532,of:0000000000000002:1 -> of:000000000000000b:4,0.002,0.0025,0.002,0.002,2.16,2026-06-23T06:23:10,0.002,2.13
route_mutation,20260623T062310_774532,of:0000000000000009:1 -> of:000000000000000c:6,0.002,0.0025,0.002,0.002,2.13,2026-06-23T06:23:10,0.002,2.1
ip_shuffle,20260623T062341_128963,of:0000000000000004:1 -> of:000000000000000c:4,0.001,0.00125,0.001,0.001,1.36,2026-06-23T06:23:41,0.001,1.36
ip_shuffle,20260623T062341_128963,of:0000000000000005:1 -> of:000000000000000c:5,0.001,0.00125,0.001,0.001,1.36,2026-06-23T06:23:41,0.001,1.36
ip_shuffle,20260623T062341_128963,of:000000000000000a:1 -> of:000000000000000d:6,0.001,0.00125,0.001,0.001,1.36,2026-06-23T06:23:41,0.001,1.36
ip_shuffle,20260623T062341_128963,of:000000000000000b:3 -> of:000000000000000d:2,0.001,0.00125,0.001,0.001,1.46,2026-06-23T06:23:41,0.001,1.46
ip_shuffle,20260623T062341_128963,of:000000000000000c:3 -> of:000000000000000d:3,0.001,0.00125,0.001,0.001,1.46,2026-06-23T06:23:41,0.001,1.46
ip_shuffle,20260623T062341_128963,of:0000000000000005:2 -> of:0000000000000009:3,0.001,0.00125,0.001,0.001,1.46,2026-06-23T06:23:41,0.001,1.46
ip_shuffle,20260623T062341_128963,of:0000000000000001:1 -> of:000000000000000b:1,0.002,0.0025,0.002,0.002,1.46,2026-06-23T06:23:41,0.002,1.53
ip_shuffle,20260623T062341_128963,of:000000000000000b:2 -> of:000000000000000c:2,0.001,0.00125,0.001,0.001,1.4,2026-06-23T06:23:41,0.001,1.4
ip_shuffle,20260623T062341_128963,of:0000000000000001:2 -> of:000000000000000c:1,0.001,0.00125,0.001,0.001,1.36,2026-06-23T06:23:41,0.001,1.33
ip_shuffle,20260623T062341_128963,of:0000000000000006:2 -> of:000000000000000a:2,0.001,0.00125,0.001,0.001,1.46,2026-06-23T06:23:41,0.001,1.46
ip_shuffle,20260623T062341_128963,of:0000000000000001:3 -> of:000000000000000d:1,0.002,0.0025,0.002,0.002,1.46,2026-06-23T06:23:41,0.002,1.43
ip_shuffle,20260623T062341_128963,of:0000000000000003:1 -> of:000000000000000b:5,0.001,0.00125,0.001,0.001,1.33,2026-06-23T06:23:41,0.001,1.36
ip_shuffle,20260623T062341_128963,of:0000000000000006:1 -> of:000000000000000d:4,0.002,0.0025,0.002,0.002,1.43,2026-06-23T06:23:41,0.002,1.43
ip_shuffle,20260623T062341_128963,of:0000000000000007:2 -> of:000000000000000a:3,0.001,0.00125,0.001,0.001,1.46,2026-06-23T06:23:41,0.001,1.46
ip_shuffle,20260623T062341_128963,of:0000000000000007:1 -> of:000000000000000d:5,0.002,0.0025,0.002,0.002,1.46,2026-06-23T06:23:41,0.002,1.46
ip_shuffle,20260623T062341_128963,of:0000000000000002:2 -> of:0000000000000008:2,0.001,0.00125,0.001,0.001,1.43,2026-06-23T06:23:41,0.001,1.43
ip_shuffle,20260623T062341_128963,of:0000000000000003:2 -> of:0000000000000008:3,0.001,0.00125,0.001,0.001,1.43,2026-06-23T06:23:41,0.001,1.43
ip_shuffle,20260623T062341_128963,of:0000000000000008:1 -> of:000000000000000b:6,0.001,0.00125,0.001,0.001,1.3,2026-06-23T06:23:41,0.001,1.3
ip_shuffle,20260623T062341_128963,of:0000000000000004:2 -> of:0000000000000009:2,0.001,0.00125,0.001,0.001,1.46,2026-06-23T06:23:41,0.001,1.46
ip_shuffle,20260623T062341_128963,of:0000000000000002:1 -> of:000000000000000b:4,0.002,0.0025,0.002,0.002,1.56,2026-06-23T06:23:41,0.002,1.46
ip_shuffle,20260623T062341_128963,of:0000000000000009:1 -> of:000000000000000c:6,0.001,0.00125,0.001,0.001,1.3,2026-06-23T06:23:41,0.001,1.3
ip_shuffle,20260623T062445_216780,of:0000000000000004:1 -> of:000000000000000c:4,0.002,0.0025,0.002,0.002,2.09,2026-06-23T06:24:45,0.002,2.09
ip_shuffle,20260623T062445_216780,of:0000000000000005:1 -> of:000000000000000c:5,0.002,0.0025,0.002,0.002,2.22,2026-06-23T06:24:45,0.002,2.22
ip_shuffle,20260623T062445_216780,of:000000000000000a:1 -> of:000000000000000d:6,0.002,0.0025,0.002,0.002,2.15,2026-06-23T06:24:45,0.002,2.15
ip_shuffle,20260623T062445_216780,of:000000000000000b:3 -> of:000000000000000d:2,0.002,0.0025,0.002,0.002,2.98,2026-06-23T06:24:45,0.002,2.98
ip_shuffle,20260623T062445_216780,of:000000000000000c:3 -> of:000000000000000d:3,0.002,0.0025,0.002,0.002,2.98,2026-06-23T06:24:45,0.002,2.98
ip_shuffle,20260623T062445_216780,of:0000000000000005:2 -> of:0000000000000009:3,0.002,0.0025,0.002,0.002,2.91,2026-06-23T06:24:45,0.002,2.91
ip_shuffle,20260623T062445_216780,of:0000000000000001:1 -> of:000000000000000b:1,0.002,0.0025,0.002,0.002,2.15,2026-06-23T06:24:45,0.002,2.12
ip_shuffle,20260623T062445_216780,of:000000000000000b:2 -> of:000000000000000c:2,0.002,0.0025,0.002,0.002,2.98,2026-06-23T06:24:45,0.002,2.98
ip_shuffle,20260623T062445_216780,of:0000000000000001:2 -> of:000000000000000c:1,0.002,0.0025,0.002,0.002,2.32,2026-06-23T06:24:45,0.002,2.28
ip_shuffle,20260623T062445_216780,of:0000000000000006:2 -> of:000000000000000a:2,0.002,0.0025,0.002,0.002,2.91,2026-06-23T06:24:45,0.002,2.91
ip_shuffle,20260623T062445_216780,of:0000000000000001:3 -> of:000000000000000d:1,0.004,0.005,0.004,0.004,4.9,2026-06-23T06:24:45,0.004,4.97
ip_shuffle,20260623T062445_216780,of:0000000000000003:1 -> of:000000000000000b:5,0.002,0.0025,0.002,0.002,2.05,2026-06-23T06:24:45,0.002,2.09
ip_shuffle,20260623T062445_216780,of:0000000000000006:1 -> of:000000000000000d:4,0.003,0.00375,0.003,0.003,3.25,2026-06-23T06:24:45,0.003,3.25
ip_shuffle,20260623T062445_216780,of:0000000000000007:2 -> of:000000000000000a:3,0.002,0.0025,0.002,0.002,2.91,2026-06-23T06:24:45,0.002,2.91
ip_shuffle,20260623T062445_216780,of:0000000000000007:1 -> of:000000000000000d:5,0.003,0.00375,0.003,0.003,3.74,2026-06-23T06:24:45,0.003,3.61
ip_shuffle,20260623T062445_216780,of:0000000000000002:2 -> of:0000000000000008:2,0.002,0.0025,0.002,0.002,2.88,2026-06-23T06:24:45,0.002,2.88
ip_shuffle,20260623T062445_216780,of:0000000000000003:2 -> of:0000000000000008:3,0.002,0.0025,0.002,0.002,2.88,2026-06-23T06:24:45,0.002,2.88
ip_shuffle,20260623T062445_216780,of:0000000000000008:1 -> of:000000000000000b:6,0.002,0.0025,0.002,0.002,2.15,2026-06-23T06:24:45,0.002,2.15
ip_shuffle,20260623T062445_216780,of:0000000000000004:2 -> of:0000000000000009:2,0.002,0.0025,0.002,0.002,2.91,2026-06-23T06:24:45,0.002,2.91
ip_shuffle,20260623T062445_216780,of:0000000000000002:1 -> of:000000000000000b:4,0.002,0.0025,0.002,0.002,2.05,2026-06-23T06:24:45,0.002,2.09
ip_shuffle,20260623T062445_216780,of:0000000000000009:1 -> of:000000000000000c:6,0.002,0.0025,0.002,0.002,2.15,2026-06-23T06:24:45,0.002,2.15
ip_shuffle,20260623T062542_950058,of:0000000000000004:1 -> of:000000000000000c:4,0.002,0.0025,0.002,0.002,2.3,2026-06-23T06:25:42,0.002,2.3
ip_shuffle,20260623T062542_950058,of:0000000000000005:1 -> of:000000000000000c:5,0.002,0.0025,0.002,0.002,1.57,2026-06-23T06:25:42,0.002,1.57
ip_shuffle,20260623T062542_950058,of:000000000000000a:1 -> of:000000000000000d:6,0.001,0.00125,0.001,0.001,1.47,2026-06-23T06:25:42,0.001,1.47
ip_shuffle,20260623T062542_950058,of:000000000000000b:3 -> of:000000000000000d:2,0.002,0.0025,0.002,0.002,1.66,2026-06-23T06:25:42,0.002,1.66
ip_shuffle,20260623T062542_950058,of:000000000000000c:3 -> of:000000000000000d:3,0.002,0.0025,0.002,0.002,1.66,2026-06-23T06:25:42,0.002,1.66
ip_shuffle,20260623T062542_950058,of:0000000000000005:2 -> of:0000000000000009:3,0.002,0.0025,0.002,0.002,1.73,2026-06-23T06:25:42,0.002,1.73
ip_shuffle,20260623T062542_950058,of:0000000000000001:1 -> of:000000000000000b:1,0.003,0.00375,0.003,0.003,3.53,2026-06-23T06:25:42,0.003,3.53
ip_shuffle,20260623T062542_950058,of:000000000000000b:2 -> of:000000000000000c:2,0.002,0.0025,0.002,0.002,1.73,2026-06-23T06:25:42,0.002,1.73
ip_shuffle,20260623T062542_950058,of:0000000000000001:2 -> of:000000000000000c:1,0.002,0.0025,0.002,0.002,2.2,2026-06-23T06:25:42,0.002,2.23
ip_shuffle,20260623T062542_950058,of:0000000000000006:2 -> of:000000000000000a:2,0.002,0.0025,0.002,0.002,1.73,2026-06-23T06:25:42,0.002,1.73
ip_shuffle,20260623T062542_950058,of:0000000000000001:3 -> of:000000000000000d:1,0.002,0.0025,0.002,0.002,1.8,2026-06-23T06:25:42,0.002,1.8
ip_shuffle,20260623T062542_950058,of:0000000000000003:1 -> of:000000000000000b:5,0.002,0.0025,0.002,0.002,2.56,2026-06-23T06:25:42,0.002,2.56
ip_shuffle,20260623T062542_950058,of:0000000000000006:1 -> of:000000000000000d:4,0.002,0.0025,0.002,0.002,1.83,2026-06-23T06:25:42,0.002,1.83
ip_shuffle,20260623T062542_950058,of:0000000000000007:2 -> of:000000000000000a:3,0.002,0.0025,0.002,0.002,1.73,2026-06-23T06:25:42,0.002,1.73
ip_shuffle,20260623T062542_950058,of:0000000000000007:1 -> of:000000000000000d:5,0.001,0.00125,0.001,0.001,1.47,2026-06-23T06:25:42,0.001,1.47
ip_shuffle,20260623T062542_950058,of:0000000000000002:2 -> of:0000000000000008:2,0.002,0.0025,0.002,0.002,1.73,2026-06-23T06:25:42,0.002,1.73
ip_shuffle,20260623T062542_950058,of:0000000000000003:2 -> of:0000000000000008:3,0.002,0.0025,0.002,0.002,1.73,2026-06-23T06:25:42,0.002,1.73
ip_shuffle,20260623T062542_950058,of:0000000000000008:1 -> of:000000000000000b:6,0.002,0.0025,0.002,0.002,1.53,2026-06-23T06:25:42,0.002,1.53
ip_shuffle,20260623T062542_950058,of:0000000000000004:2 -> of:0000000000000009:2,0.002,0.0025,0.002,0.002,1.73,2026-06-23T06:25:42,0.002,1.73
ip_shuffle,20260623T062542_950058,of:0000000000000002:1 -> of:000000000000000b:4,0.002,0.0025,0.002,0.002,2.56,2026-06-23T06:25:42,0.002,2.56
ip_shuffle,20260623T062542_950058,of:0000000000000009:1 -> of:000000000000000c:6,0.002,0.0025,0.002,0.002,1.53,2026-06-23T06:25:42,0.002,1.53
ip_shuffle,20260623T062640_616030,of:0000000000000004:1 -> of:000000000000000c:4,0.001,0.00125,0.001,0.001,1.5,2026-06-23T06:26:40,0.001,1.46
ip_shuffle,20260623T062640_616030,of:0000000000000005:1 -> of:000000000000000c:5,0.001,0.00125,0.001,0.001,1.5,2026-06-23T06:26:40,0.001,1.46
ip_shuffle,20260623T062640_616030,of:000000000000000a:1 -> of:000000000000000d:6,0.002,0.0025,0.002,0.002,1.5,2026-06-23T06:26:40,0.002,1.5
ip_shuffle,20260623T062640_616030,of:000000000000000b:3 -> of:000000000000000d:2,0.002,0.0025,0.002,0.002,1.66,2026-06-23T06:26:40,0.002,1.66
ip_shuffle,20260623T062640_616030,of:000000000000000c:3 -> of:000000000000000d:3,0.002,0.0025,0.002,0.002,1.66,2026-06-23T06:26:40,0.002,1.66
ip_shuffle,20260623T062640_616030,of:0000000000000005:2 -> of:0000000000000009:3,0.002,0.0025,0.002,0.002,1.7,2026-06-23T06:26:40,0.002,1.7
ip_shuffle,20260623T062640_616030,of:0000000000000001:1 -> of:000000000000000b:1,0.002,0.0025,0.002,0.001,1.46,2026-06-23T06:26:40,0.002,1.53
ip_shuffle,20260623T062640_616030,of:000000000000000b:2 -> of:000000000000000c:2,0.001,0.00125,0.001,0.001,1.6,2026-06-23T06:26:40,0.001,1.6
ip_shuffle,20260623T062640_616030,of:0000000000000001:2 -> of:000000000000000c:1,0.002,0.0025,0.002,0.001,1.46,2026-06-23T06:26:40,0.002,1.53
ip_shuffle,20260623T062640_616030,of:0000000000000006:2 -> of:000000000000000a:2,0.002,0.0025,0.002,0.002,1.7,2026-06-23T06:26:40,0.002,1.7
ip_shuffle,20260623T062640_616030,of:0000000000000001:3 -> of:000000000000000d:1,0.002,0.0025,0.002,0.002,2.7,2026-06-23T06:26:40,0.002,2.63
ip_shuffle,20260623T062640_616030,of:0000000000000003:1 -> of:000000000000000b:5,0.002,0.0025,0.002,0.002,1.53,2026-06-23T06:26:40,0.001,1.46
ip_shuffle,20260623T062640_616030,of:0000000000000006:1 -> of:000000000000000d:4,0.002,0.0025,0.002,0.002,1.76,2026-06-23T06:26:40,0.002,1.7
ip_shuffle,20260623T062640_616030,of:0000000000000007:2 -> of:000000000000000a:3,0.001,0.00125,0.001,0.001,1.63,2026-06-23T06:26:40,0.001,1.63
ip_shuffle,20260623T062640_616030,of:0000000000000007:1 -> of:000000000000000d:5,0.002,0.0025,0.002,0.002,2.3,2026-06-23T06:26:40,0.002,2.36
ip_shuffle,20260623T062640_616030,of:0000000000000002:2 -> of:0000000000000008:2,0.002,0.0025,0.002,0.002,1.73,2026-06-23T06:26:40,0.002,1.73
ip_shuffle,20260623T062640_616030,of:0000000000000003:2 -> of:0000000000000008:3,0.002,0.0025,0.002,0.002,1.76,2026-06-23T06:26:40,0.002,1.76
ip_shuffle,20260623T062640_616030,of:0000000000000008:1 -> of:000000000000000b:6,0.001,0.00125,0.001,0.001,1.43,2026-06-23T06:26:40,0.001,1.43
ip_shuffle,20260623T062640_616030,of:0000000000000004:2 -> of:0000000000000009:2,0.002,0.0025,0.002,0.002,1.7,2026-06-23T06:26:40,0.002,1.7
ip_shuffle,20260623T062640_616030,of:0000000000000002:1 -> of:000000000000000b:4,0.002,0.0025,0.002,0.002,1.53,2026-06-23T06:26:40,0.001,1.46
ip_shuffle,20260623T062640_616030,of:0000000000000009:1 -> of:000000000000000c:6,0.001,0.00125,0.001,0.001,1.43,2026-06-23T06:26:40,0.001,1.43
route_mutation,20260623T062738_377058,of:0000000000000004:1 -> of:000000000000000c:4,0.002,0.0025,0.002,0.002,2.4,2026-06-23T06:27:38,0.002,2.46
route_mutation,20260623T062738_377058,of:0000000000000005:1 -> of:000000000000000c:5,0.002,0.0025,0.002,0.002,2.53,2026-06-23T06:27:38,0.002,2.6
route_mutation,20260623T062738_377058,of:000000000000000a:1 -> of:000000000000000d:6,0.002,0.0025,0.002,0.002,1.83,2026-06-23T06:27:38,0.002,1.86
route_mutation,20260623T062738_377058,of:000000000000000b:3 -> of:000000000000000d:2,0.002,0.0025,0.002,0.002,2.36,2026-06-23T06:27:38,0.002,2.36
route_mutation,20260623T062738_377058,of:000000000000000c:3 -> of:000000000000000d:3,0.002,0.0025,0.002,0.002,2.4,2026-06-23T06:27:38,0.002,2.4
route_mutation,20260623T062738_377058,of:0000000000000005:2 -> of:0000000000000009:3,0.002,0.0025,0.002,0.002,2.23,2026-06-23T06:27:38,0.002,2.23
route_mutation,20260623T062738_377058,of:0000000000000001:1 -> of:000000000000000b:1,0.002,0.0025,0.002,0.002,1.96,2026-06-23T06:27:38,0.002,1.86
route_mutation,20260623T062738_377058,of:000000000000000b:2 -> of:000000000000000c:2,0.002,0.0025,0.002,0.002,2.36,2026-06-23T06:27:38,0.002,2.36
route_mutation,20260623T062738_377058,of:0000000000000001:2 -> of:000000000000000c:1,0.003,0.00375,0.003,0.003,3.36,2026-06-23T06:27:38,0.003,3.3
route_mutation,20260623T062738_377058,of:0000000000000006:2 -> of:000000000000000a:2,0.002,0.0025,0.002,0.002,2.26,2026-06-23T06:27:38,0.002,2.26
route_mutation,20260623T062738_377058,of:0000000000000001:3 -> of:000000000000000d:1,0.003,0.00375,0.003,0.003,3.16,2026-06-23T06:27:38,0.003,3.23
route_mutation,20260623T062738_377058,of:0000000000000003:1 -> of:000000000000000b:5,0.002,0.0025,0.002,0.002,1.8,2026-06-23T06:27:38,0.002,1.83
route_mutation,20260623T062738_377058,of:0000000000000006:1 -> of:000000000000000d:4,0.002,0.0025,0.002,0.002,2.93,2026-06-23T06:27:38,0.002,2.96
route_mutation,20260623T062738_377058,of:0000000000000007:2 -> of:000000000000000a:3,0.002,0.0025,0.002,0.002,2.26,2026-06-23T06:27:38,0.002,2.26
route_mutation,20260623T062738_377058,of:0000000000000007:1 -> of:000000000000000d:5,0.002,0.0025,0.002,0.002,1.96,2026-06-23T06:27:38,0.002,1.9
route_mutation,20260623T062738_377058,of:0000000000000002:2 -> of:0000000000000008:2,0.002,0.0025,0.002,0.002,2.23,2026-06-23T06:27:38,0.002,2.23
route_mutation,20260623T062738_377058,of:0000000000000003:2 -> of:0000000000000008:3,0.002,0.0025,0.002,0.002,2.23,2026-06-23T06:27:38,0.002,2.23
route_mutation,20260623T062738_377058,of:0000000000000008:1 -> of:000000000000000b:6,0.002,0.0025,0.002,0.002,1.83,2026-06-23T06:27:38,0.002,1.83
route_mutation,20260623T062738_377058,of:0000000000000004:2 -> of:0000000000000009:2,0.002,0.0025,0.002,0.002,2.23,2026-06-23T06:27:38,0.002,2.23
route_mutation,20260623T062738_377058,of:0000000000000002:1 -> of:000000000000000b:4,0.002,0.0025,0.002,0.002,1.73,2026-06-23T06:27:38,0.002,1.76
route_mutation,20260623T062738_377058,of:0000000000000009:1 -> of:000000000000000c:6,0.002,0.0025,0.002,0.002,1.83,2026-06-23T06:27:38,0.002,1.86
ip_shuffle,20260623T062808_689593,of:0000000000000004:1 -> of:000000000000000c:4,0.002,0.0025,0.002,0.002,1.7,2026-06-23T06:28:08,0.002,1.63
ip_shuffle,20260623T062808_689593,of:0000000000000005:1 -> of:000000000000000c:5,0.002,0.0025,0.002,0.002,1.7,2026-06-23T06:28:08,0.002,1.63
ip_shuffle,20260623T062808_689593,of:000000000000000a:1 -> of:000000000000000d:6,0.002,0.0025,0.002,0.002,1.67,2026-06-23T06:28:08,0.002,1.63
ip_shuffle,20260623T062808_689593,of:000000000000000b:3 -> of:000000000000000d:2,0.002,0.0025,0.002,0.002,2.03,2026-06-23T06:28:08,0.002,2.03
ip_shuffle,20260623T062808_689593,of:000000000000000c:3 -> of:000000000000000d:3,0.002,0.0025,0.002,0.002,2.0,2026-06-23T06:28:08,0.002,2.0
ip_shuffle,20260623T062808_689593,of:0000000000000005:2 -> of:0000000000000009:3,0.002,0.0025,0.002,0.002,2.1,2026-06-23T06:28:08,0.002,2.1
ip_shuffle,20260623T062808_689593,of:0000000000000001:1 -> of:000000000000000b:1,0.002,0.0025,0.002,0.002,1.67,2026-06-23T06:28:08,0.002,1.7
ip_shuffle,20260623T062808_689593,of:000000000000000b:2 -> of:000000000000000c:2,0.002,0.0025,0.002,0.002,1.96,2026-06-23T06:28:08,0.002,1.96
ip_shuffle,20260623T062808_689593,of:0000000000000001:2 -> of:000000000000000c:1,0.002,0.0025,0.002,0.002,1.63,2026-06-23T06:28:08,0.002,1.7
ip_shuffle,20260623T062808_689593,of:0000000000000006:2 -> of:000000000000000a:2,0.002,0.0025,0.002,0.002,2.06,2026-06-23T06:28:08,0.002,2.06
ip_shuffle,20260623T062808_689593,of:0000000000000001:3 -> of:000000000000000d:1,0.003,0.00375,0.003,0.003,3.06,2026-06-23T06:28:08,0.003,2.96
ip_shuffle,20260623T062808_689593,of:0000000000000003:1 -> of:000000000000000b:5,0.002,0.0025,0.002,0.002,1.7,2026-06-23T06:28:08,0.002,1.67
ip_shuffle,20260623T062808_689593,of:0000000000000006:1 -> of:000000000000000d:4,0.002,0.0025,0.002,0.002,1.77,2026-06-23T06:28:08,0.002,1.73
ip_shuffle,20260623T062808_689593,of:0000000000000007:2 -> of:000000000000000a:3,0.002,0.0025,0.002,0.002,2.06,2026-06-23T06:28:08,0.002,2.06
ip_shuffle,20260623T062808_689593,of:0000000000000007:1 -> of:000000000000000d:5,0.003,0.00375,0.003,0.002,2.93,2026-06-23T06:28:08,0.003,3.0
ip_shuffle,20260623T062808_689593,of:0000000000000002:2 -> of:0000000000000008:2,0.002,0.0025,0.002,0.002,2.1,2026-06-23T06:28:08,0.002,2.1
ip_shuffle,20260623T062808_689593,of:0000000000000003:2 -> of:0000000000000008:3,0.002,0.0025,0.002,0.002,2.1,2026-06-23T06:28:08,0.002,2.1
ip_shuffle,20260623T062808_689593,of:0000000000000008:1 -> of:000000000000000b:6,0.001,0.00125,0.001,0.001,1.6,2026-06-23T06:28:08,0.001,1.6
ip_shuffle,20260623T062808_689593,of:0000000000000004:2 -> of:0000000000000009:2,0.002,0.0025,0.002,0.002,2.1,2026-06-23T06:28:08,0.002,2.1
ip_shuffle,20260623T062808_689593,of:0000000000000002:1 -> of:000000000000000b:4,0.002,0.0025,0.002,0.002,1.7,2026-06-23T06:28:08,0.002,1.67
ip_shuffle,20260623T062808_689593,of:0000000000000009:1 -> of:000000000000000c:6,0.001,0.00125,0.001,0.001,1.6,2026-06-23T06:28:08,0.001,1.57
route_mutation,20260623T062906_412983,of:0000000000000004:1 -> of:000000000000000c:4,0.002,0.0025,0.002,0.002,2.46,2026-06-23T06:29:06,0.002,2.5
route_mutation,20260623T062906_412983,of:0000000000000005:1 -> of:000000000000000c:5,0.002,0.0025,0.002,0.002,2.46,2026-06-23T06:29:06,0.002,2.5
route_mutation,20260623T062906_412983,of:000000000000000a:1 -> of:000000000000000d:6,0.002,0.0025,0.002,0.002,1.76,2026-06-23T06:29:06,0.002,1.8
route_mutation,20260623T062906_412983,of:000000000000000b:3 -> of:000000000000000d:2,0.002,0.0025,0.002,0.002,2.23,2026-06-23T06:29:06,0.002,2.23
route_mutation,20260623T062906_412983,of:000000000000000c:3 -> of:000000000000000d:3,0.002,0.0025,0.002,0.002,2.23,2026-06-23T06:29:06,0.002,2.23
route_mutation,20260623T062906_412983,of:0000000000000005:2 -> of:0000000000000009:3,0.002,0.0025,0.002,0.002,2.1,2026-06-23T06:29:06,0.002,2.1
route_mutation,20260623T062906_412983,of:0000000000000001:1 -> of:000000000000000b:1,0.002,0.0025,0.002,0.002,2.2,2026-06-23T06:29:06,0.002,2.13
route_mutation,20260623T062906_412983,of:000000000000000b:2 -> of:000000000000000c:2,0.002,0.0025,0.002,0.002,2.2,2026-06-23T06:29:06,0.002,2.2
route_mutation,20260623T062906_412983,of:0000000000000001:2 -> of:000000000000000c:1,0.003,0.00375,0.003,0.003,3.36,2026-06-23T06:29:06,0.003,3.3
route_mutation,20260623T062906_412983,of:0000000000000006:2 -> of:000000000000000a:2,0.002,0.0025,0.002,0.002,2.1,2026-06-23T06:29:06,0.002,2.1
route_mutation,20260623T062906_412983,of:0000000000000001:3 -> of:000000000000000d:1,0.002,0.0025,0.002,0.002,2.6,2026-06-23T06:29:06,0.002,2.73
route_mutation,20260623T062906_412983,of:0000000000000003:1 -> of:000000000000000b:5,0.002,0.0025,0.002,0.002,2.03,2026-06-23T06:29:06,0.002,2.06
route_mutation,20260623T062906_412983,of:0000000000000006:1 -> of:000000000000000d:4,0.002,0.0025,0.002,0.002,2.66,2026-06-23T06:29:06,0.002,2.56
route_mutation,20260623T062906_412983,of:0000000000000007:2 -> of:000000000000000a:3,0.002,0.0025,0.002,0.002,2.2,2026-06-23T06:29:06,0.002,2.2
route_mutation,20260623T062906_412983,of:0000000000000007:1 -> of:000000000000000d:5,0.002,0.0025,0.002,0.002,1.76,2026-06-23T06:29:06,0.002,1.8
route_mutation,20260623T062906_412983,of:0000000000000002:2 -> of:0000000000000008:2,0.002,0.0025,0.002,0.002,2.1,2026-06-23T06:29:06,0.002,2.1
route_mutation,20260623T062906_412983,of:0000000000000003:2 -> of:0000000000000008:3,0.002,0.0025,0.002,0.002,2.1,2026-06-23T06:29:06,0.002,2.1
route_mutation,20260623T062906_412983,of:0000000000000008:1 -> of:000000000000000b:6,0.002,0.0025,0.002,0.002,1.76,2026-06-23T06:29:06,0.002,1.76
route_mutation,20260623T062906_412983,of:0000000000000004:2 -> of:0000000000000009:2,0.002,0.0025,0.002,0.002,2.1,2026-06-23T06:29:06,0.002,2.1
route_mutation,20260623T062906_412983,of:0000000000000002:1 -> of:000000000000000b:4,0.002,0.0025,0.002,0.002,1.67,2026-06-23T06:29:06,0.002,1.7
route_mutation,20260623T062906_412983,of:0000000000000009:1 -> of:000000000000000c:6,0.002,0.0025,0.002,0.002,1.76,2026-06-23T06:29:06,0.002,1.76
route_mutation,20260623T062936_621327,of:0000000000000004:1 -> of:000000000000000c:4,0.002,0.0025,0.002,0.002,1.96,2026-06-23T06:29:36,0.002,1.93
route_mutation,20260623T062936_621327,of:0000000000000005:1 -> of:000000000000000c:5,0.002,0.0025,0.002,0.002,1.96,2026-06-23T06:29:36,0.002,1.93
route_mutation,20260623T062936_621327,of:000000000000000a:1 -> of:000000000000000d:6,0.002,0.0025,0.002,0.002,1.93,2026-06-23T06:29:36,0.002,1.9
route_mutation,20260623T062936_621327,of:000000000000000b:3 -> of:000000000000000d:2,0.002,0.0025,0.002,0.002,2.56,2026-06-23T06:29:36,0.002,2.56
route_mutation,20260623T062936_621327,of:000000000000000c:3 -> of:000000000000000d:3,0.002,0.0025,0.002,0.002,2.56,2026-06-23T06:29:36,0.002,2.56
route_mutation,20260623T062936_621327,of:0000000000000005:2 -> of:0000000000000009:3,0.002,0.0025,0.002,0.002,2.63,2026-06-23T06:29:36,0.002,2.63
route_mutation,20260623T062936_621327,of:0000000000000001:1 -> of:000000000000000b:1,0.002,0.0025,0.002,0.002,1.93,2026-06-23T06:29:36,0.002,2.0
route_mutation,20260623T062936_621327,of:000000000000000b:2 -> of:000000000000000c:2,0.002,0.0025,0.002,0.002,2.53,2026-06-23T06:29:36,0.002,2.53
route_mutation,20260623T062936_621327,of:0000000000000001:2 -> of:000000000000000c:1,0.002,0.0025,0.002,0.002,1.93,2026-06-23T06:29:36,0.002,2.0
route_mutation,20260623T062936_621327,of:0000000000000006:2 -> of:000000000000000a:2,0.002,0.0025,0.002,0.002,2.63,2026-06-23T06:29:36,0.002,2.63
route_mutation,20260623T062936_621327,of:0000000000000001:3 -> of:000000000000000d:1,0.003,0.00375,0.003,0.003,3.8,2026-06-23T06:29:36,0.003,3.66
route_mutation,20260623T062936_621327,of:0000000000000003:1 -> of:000000000000000b:5,0.002,0.0025,0.002,0.002,1.96,2026-06-23T06:29:36,0.002,1.93
route_mutation,20260623T062936_621327,of:0000000000000006:1 -> of:000000000000000d:4,0.002,0.0025,0.002,0.002,2.23,2026-06-23T06:29:36,0.002,2.33
route_mutation,20260623T062936_621327,of:0000000000000007:2 -> of:000000000000000a:3,0.002,0.0025,0.002,0.002,2.53,2026-06-23T06:29:36,0.002,2.53
route_mutation,20260623T062936_621327,of:0000000000000007:1 -> of:000000000000000d:5,0.003,0.00375,0.003,0.003,3.36,2026-06-23T06:29:36,0.003,3.33
route_mutation,20260623T062936_621327,of:0000000000000002:2 -> of:0000000000000008:2,0.002,0.0025,0.002,0.002,2.63,2026-06-23T06:29:36,0.002,2.63
route_mutation,20260623T062936_621327,of:0000000000000003:2 -> of:0000000000000008:3,0.002,0.0025,0.002,0.002,2.63,2026-06-23T06:29:36,0.002,2.63
route_mutation,20260623T062936_621327,of:0000000000000008:1 -> of:000000000000000b:6,0.002,0.0025,0.002,0.002,1.86,2026-06-23T06:29:36,0.002,1.86
route_mutation,20260623T062936_621327,of:0000000000000004:2 -> of:0000000000000009:2,0.002,0.0025,0.002,0.002,2.63,2026-06-23T06:29:36,0.002,2.63
route_mutation,20260623T062936_621327,of:0000000000000002:1 -> of:000000000000000b:4,0.002,0.0025,0.002,0.002,1.96,2026-06-23T06:29:36,0.002,1.93
route_mutation,20260623T062936_621327,of:0000000000000009:1 -> of:000000000000000c:6,0.002,0.0025,0.002,0.002,1.86,2026-06-23T06:29:36,0.002,1.86
ip_shuffle,20260623T063006_956854,of:0000000000000004:1 -> of:000000000000000c:4,0.002,0.0025,0.002,0.002,1.43,2026-06-23T06:30:06,0.002,1.43
ip_shuffle,20260623T063006_956854,of:0000000000000005:1 -> of:000000000000000c:5,0.002,0.0025,0.002,0.002,1.43,2026-06-23T06:30:06,0.002,1.43
ip_shuffle,20260623T063006_956854,of:000000000000000a:1 -> of:000000000000000d:6,0.001,0.00125,0.001,0.001,1.37,2026-06-23T06:30:06,0.001,1.37
ip_shuffle,20260623T063006_956854,of:000000000000000b:3 -> of:000000000000000d:2,0.001,0.00125,0.001,0.001,1.46,2026-06-23T06:30:06,0.001,1.46
ip_shuffle,20260623T063006_956854,of:000000000000000c:3 -> of:000000000000000d:3,0.001,0.00125,0.001,0.001,1.46,2026-06-23T06:30:06,0.001,1.46
ip_shuffle,20260623T063006_956854,of:0000000000000005:2 -> of:0000000000000009:3,0.002,0.0025,0.002,0.002,1.53,2026-06-23T06:30:06,0.002,1.53
ip_shuffle,20260623T063006_956854,of:0000000000000001:1 -> of:000000000000000b:1,0.002,0.0025,0.002,0.002,2.03,2026-06-23T06:30:06,0.002,2.03
ip_shuffle,20260623T063006_956854,of:000000000000000b:2 -> of:000000000000000c:2,0.002,0.0025,0.002,0.002,1.53,2026-06-23T06:30:06,0.002,1.53
ip_shuffle,20260623T063006_956854,of:0000000000000001:2 -> of:000000000000000c:1,0.001,0.00125,0.001,0.001,1.37,2026-06-23T06:30:06,0.001,1.37
ip_shuffle,20260623T063006_956854,of:0000000000000006:2 -> of:000000000000000a:2,0.002,0.0025,0.002,0.002,1.53,2026-06-23T06:30:06,0.002,1.53
ip_shuffle,20260623T063006_956854,of:0000000000000001:3 -> of:000000000000000d:1,0.001,0.00125,0.001,0.001,1.3,2026-06-23T06:30:06,0.001,1.3
ip_shuffle,20260623T063006_956854,of:0000000000000003:1 -> of:000000000000000b:5,0.002,0.0025,0.002,0.002,1.43,2026-06-23T06:30:06,0.002,1.43
ip_shuffle,20260623T063006_956854,of:0000000000000006:1 -> of:000000000000000d:4,0.001,0.00125,0.001,0.001,1.37,2026-06-23T06:30:06,0.001,1.37
ip_shuffle,20260623T063006_956854,of:0000000000000007:2 -> of:000000000000000a:3,0.002,0.0025,0.002,0.002,1.53,2026-06-23T06:30:06,0.002,1.53
ip_shuffle,20260623T063006_956854,of:0000000000000007:1 -> of:000000000000000d:5,0.001,0.00125,0.001,0.001,1.37,2026-06-23T06:30:06,0.001,1.37
ip_shuffle,20260623T063006_956854,of:0000000000000002:2 -> of:0000000000000008:2,0.002,0.0025,0.002,0.002,1.53,2026-06-23T06:30:06,0.002,1.53
ip_shuffle,20260623T063006_956854,of:0000000000000003:2 -> of:0000000000000008:3,0.002,0.0025,0.002,0.002,1.53,2026-06-23T06:30:06,0.002,1.53
ip_shuffle,20260623T063006_956854,of:0000000000000008:1 -> of:000000000000000b:6,0.002,0.0025,0.002,0.002,1.43,2026-06-23T06:30:06,0.002,1.43
ip_shuffle,20260623T063006_956854,of:0000000000000004:2 -> of:0000000000000009:2,0.002,0.0025,0.002,0.002,1.53,2026-06-23T06:30:06,0.002,1.53
ip_shuffle,20260623T063006_956854,of:0000000000000002:1 -> of:000000000000000b:4,0.002,0.0025,0.002,0.002,2.2,2026-06-23T06:30:06,0.002,2.16
ip_shuffle,20260623T063006_956854,of:0000000000000009:1 -> of:000000000000000c:6,0.002,0.0025,0.002,0.002,1.43,2026-06-23T06:30:06,0.002,1.43
ip_shuffle,20260623T063104_609595,of:0000000000000004:1 -> of:000000000000000c:4,0.002,0.0025,0.002,0.002,1.93,2026-06-23T06:31:04,0.002,1.96
ip_shuffle,20260623T063104_609595,of:0000000000000005:1 -> of:000000000000000c:5,0.002,0.0025,0.002,0.002,1.93,2026-06-23T06:31:04,0.002,1.96
ip_shuffle,20260623T063104_609595,of:000000000000000a:1 -> of:000000000000000d:6,0.002,0.0025,0.002,0.002,1.93,2026-06-23T06:31:04,0.002,1.96
ip_shuffle,20260623T063104_609595,of:000000000000000b:3 -> of:000000000000000d:2,0.002,0.0025,0.002,0.002,2.66,2026-06-23T06:31:04,0.002,2.66
ip_shuffle,20260623T063104_609595,of:000000000000000c:3 -> of:000000000000000d:3,0.002,0.0025,0.002,0.002,2.66,2026-06-23T06:31:04,0.002,2.66
ip_shuffle,20260623T063104_609595,of:0000000000000005:2 -> of:0000000000000009:3,0.002,0.0025,0.002,0.002,2.6,2026-06-23T06:31:04,0.002,2.6
ip_shuffle,20260623T063104_609595,of:0000000000000001:1 -> of:000000000000000b:1,0.002,0.0025,0.002,0.002,1.96,2026-06-23T06:31:04,0.002,1.93
ip_shuffle,20260623T063104_609595,of:000000000000000b:2 -> of:000000000000000c:2,0.002,0.0025,0.002,0.002,2.6,2026-06-23T06:31:04,0.002,2.6
ip_shuffle,20260623T063104_609595,of:0000000000000001:2 -> of:000000000000000c:1,0.002,0.0025,0.002,0.002,1.96,2026-06-23T06:31:04,0.002,1.93
ip_shuffle,20260623T063104_609595,of:0000000000000006:2 -> of:000000000000000a:2,0.002,0.0025,0.002,0.002,2.6,2026-06-23T06:31:04,0.002,2.6
ip_shuffle,20260623T063104_609595,of:0000000000000001:3 -> of:000000000000000d:1,0.003,0.00375,0.003,0.003,3.63,2026-06-23T06:31:04,0.003,3.63
ip_shuffle,20260623T063104_609595,of:0000000000000003:1 -> of:000000000000000b:5,0.002,0.0025,0.002,0.002,1.93,2026-06-23T06:31:04,0.002,1.96
ip_shuffle,20260623T063104_609595,of:0000000000000006:1 -> of:000000000000000d:4,0.002,0.0025,0.002,0.002,2.9,2026-06-23T06:31:04,0.002,2.96
ip_shuffle,20260623T063104_609595,of:0000000000000007:2 -> of:000000000000000a:3,0.002,0.0025,0.002,0.002,2.56,2026-06-23T06:31:04,0.002,2.53
ip_shuffle,20260623T063104_609595,of:0000000000000007:1 -> of:000000000000000d:5,0.002,0.0025,0.002,0.002,2.7,2026-06-23T06:31:04,0.002,2.66
ip_shuffle,20260623T063104_609595,of:0000000000000002:2 -> of:0000000000000008:2,0.002,0.0025,0.002,0.002,2.6,2026-06-23T06:31:04,0.002,2.6
ip_shuffle,20260623T063104_609595,of:0000000000000003:2 -> of:0000000000000008:3,0.002,0.0025,0.002,0.002,2.6,2026-06-23T06:31:04,0.002,2.6
ip_shuffle,20260623T063104_609595,of:0000000000000008:1 -> of:000000000000000b:6,0.002,0.0025,0.002,0.002,1.86,2026-06-23T06:31:04,0.002,1.9
ip_shuffle,20260623T063104_609595,of:0000000000000004:2 -> of:0000000000000009:2,0.002,0.0025,0.002,0.002,2.6,2026-06-23T06:31:04,0.002,2.6
ip_shuffle,20260623T063104_609595,of:0000000000000002:1 -> of:000000000000000b:4,0.002,0.0025,0.002,0.002,1.93,2026-06-23T06:31:04,0.002,1.96
ip_shuffle,20260623T063104_609595,of:0000000000000009:1 -> of:000000000000000c:6,0.002,0.0025,0.002,0.002,1.86,2026-06-23T06:31:04,0.002,1.9
ip_shuffle,20260623T063215_415017,of:0000000000000004:1 -> of:000000000000000c:4,0.002,0.0025,0.002,0.002,1.8,2026-06-23T06:32:15,0.002,1.73
ip_shuffle,20260623T063215_415017,of:0000000000000005:1 -> of:000000000000000c:5,0.002,0.0025,0.002,0.002,1.53,2026-06-23T06:32:15,0.001,1.46
ip_shuffle,20260623T063215_415017,of:000000000000000a:1 -> of:000000000000000d:6,0.002,0.0025,0.002,0.002,1.56,2026-06-23T06:32:15,0.002,1.53
ip_shuffle,20260623T063215_415017,of:000000000000000b:3 -> of:000000000000000d:2,0.002,0.0025,0.002,0.002,1.73,2026-06-23T06:32:15,0.002,1.73
ip_shuffle,20260623T063215_415017,of:000000000000000c:3 -> of:000000000000000d:3,0.002,0.0025,0.002,0.002,1.73,2026-06-23T06:32:15,0.002,1.73
ip_shuffle,20260623T063215_415017,of:0000000000000005:2 -> of:0000000000000009:3,0.002,0.0025,0.002,0.002,1.8,2026-06-23T06:32:15,0.002,1.8
ip_shuffle,20260623T063215_415017,of:0000000000000001:1 -> of:000000000000000b:1,0.003,0.00375,0.003,0.003,3.46,2026-06-23T06:32:15,0.003,3.53
ip_shuffle,20260623T063215_415017,of:000000000000000b:2 -> of:000000000000000c:2,0.002,0.0025,0.002,0.002,1.73,2026-06-23T06:32:15,0.002,1.73
ip_shuffle,20260623T063215_415017,of:0000000000000001:2 -> of:000000000000000c:1,0.002,0.0025,0.002,0.002,1.66,2026-06-23T06:32:15,0.002,1.73
ip_shuffle,20260623T063215_415017,of:0000000000000006:2 -> of:000000000000000a:2,0.002,0.0025,0.002,0.002,1.83,2026-06-23T06:32:15,0.002,1.83
ip_shuffle,20260623T063215_415017,of:0000000000000001:3 -> of:000000000000000d:1,0.002,0.0025,0.002,0.002,2.2,2026-06-23T06:32:15,0.002,2.16
ip_shuffle,20260623T063215_415017,of:0000000000000003:1 -> of:000000000000000b:5,0.002,0.0025,0.002,0.002,2.5,2026-06-23T06:32:15,0.002,2.43
ip_shuffle,20260623T063215_415017,of:0000000000000006:1 -> of:000000000000000d:4,0.002,0.0025,0.002,0.002,1.63,2026-06-23T06:32:15,0.002,1.6
ip_shuffle,20260623T063215_415017,of:0000000000000007:2 -> of:000000000000000a:3,0.002,0.0025,0.002,0.002,1.83,2026-06-23T06:32:15,0.002,1.83
ip_shuffle,20260623T063215_415017,of:0000000000000007:1 -> of:000000000000000d:5,0.002,0.0025,0.002,0.002,2.2,2026-06-23T06:32:15,0.002,2.2
ip_shuffle,20260623T063215_415017,of:0000000000000002:2 -> of:0000000000000008:2,0.002,0.0025,0.002,0.002,1.8,2026-06-23T06:32:15,0.002,1.8
ip_shuffle,20260623T063215_415017,of:0000000000000003:2 -> of:0000000000000008:3,0.002,0.0025,0.002,0.002,1.8,2026-06-23T06:32:15,0.002,1.8
ip_shuffle,20260623T063215_415017,of:0000000000000008:1 -> of:000000000000000b:6,0.002,0.0025,0.002,0.002,1.6,2026-06-23T06:32:15,0.002,1.53
ip_shuffle,20260623T063215_415017,of:0000000000000004:2 -> of:0000000000000009:2,0.002,0.0025,0.002,0.002,1.8,2026-06-23T06:32:15,0.002,1.8
ip_shuffle,20260623T063215_415017,of:0000000000000002:1 -> of:000000000000000b:4,0.002,0.0025,0.002,0.002,2.56,2026-06-23T06:32:15,0.002,2.5
ip_shuffle,20260623T063215_415017,of:0000000000000009:1 -> of:000000000000000c:6,0.002,0.0025,0.002,0.002,1.6,2026-06-23T06:32:15,0.002,1.53
route_mutation,20260623T063326_326355,of:0000000000000004:1 -> of:000000000000000c:4,0.001,0.00125,0.001,0.001,1.36,2026-06-23T06:33:26,0.001,1.36
route_mutation,20260623T063326_326355,of:0000000000000005:1 -> of:000000000000000c:5,0.001,0.00125,0.001,0.001,1.36,2026-06-23T06:33:26,0.001,1.36
route_mutation,20260623T063326_326355,of:000000000000000a:1 -> of:000000000000000d:6,0.002,0.0025,0.002,0.002,1.43,2026-06-23T06:33:26,0.002,1.43
route_mutation,20260623T063326_326355,of:000000000000000b:3 -> of:000000000000000d:2,0.002,0.0025,0.002,0.002,1.53,2026-06-23T06:33:26,0.002,1.53
route_mutation,20260623T063326_326355,of:000000000000000c:3 -> of:000000000000000d:3,0.002,0.0025,0.002,0.002,1.53,2026-06-23T06:33:26,0.002,1.53
route_mutation,20260623T063326_326355,of:0000000000000005:2 -> of:0000000000000009:3,0.001,0.00125,0.001,0.001,1.46,2026-06-23T06:33:26,0.001,1.46
route_mutation,20260623T063326_326355,of:0000000000000001:1 -> of:000000000000000b:1,0.002,0.0025,0.002,0.002,1.9,2026-06-23T06:33:26,0.002,1.93
route_mutation,20260623T063326_326355,of:000000000000000b:2 -> of:000000000000000c:2,0.002,0.0025,0.002,0.002,1.53,2026-06-23T06:33:26,0.002,1.53
route_mutation,20260623T063326_326355,of:0000000000000001:2 -> of:000000000000000c:1,0.001,0.00125,0.001,0.001,1.36,2026-06-23T06:33:26,0.001,1.36
route_mutation,20260623T063326_326355,of:0000000000000006:2 -> of:000000000000000a:2,0.002,0.0025,0.002,0.002,1.53,2026-06-23T06:33:26,0.002,1.53
route_mutation,20260623T063326_326355,of:0000000000000001:3 -> of:000000000000000d:1,0.001,0.00125,0.001,0.001,1.36,2026-06-23T06:33:26,0.001,1.36
route_mutation,20260623T063326_326355,of:0000000000000003:1 -> of:000000000000000b:5,0.001,0.00125,0.001,0.001,1.36,2026-06-23T06:33:26,0.001,1.36
route_mutation,20260623T063326_326355,of:0000000000000006:1 -> of:000000000000000d:4,0.002,0.0025,0.002,0.002,1.43,2026-06-23T06:33:26,0.002,1.43
route_mutation,20260623T063326_326355,of:0000000000000007:2 -> of:000000000000000a:3,0.002,0.0025,0.002,0.002,1.53,2026-06-23T06:33:26,0.002,1.53
route_mutation,20260623T063326_326355,of:0000000000000007:1 -> of:000000000000000d:5,0.002,0.0025,0.002,0.002,1.43,2026-06-23T06:33:26,0.002,1.43
route_mutation,20260623T063326_326355,of:0000000000000002:2 -> of:0000000000000008:2,0.001,0.00125,0.001,0.001,1.46,2026-06-23T06:33:26,0.001,1.46
route_mutation,20260623T063326_326355,of:0000000000000003:2 -> of:0000000000000008:3,0.001,0.00125,0.001,0.001,1.46,2026-06-23T06:33:26,0.001,1.46
route_mutation,20260623T063326_326355,of:0000000000000008:1 -> of:000000000000000b:6,0.002,0.0025,0.002,0.002,1.43,2026-06-23T06:33:26,0.002,1.43
route_mutation,20260623T063326_326355,of:0000000000000004:2 -> of:0000000000000009:2,0.001,0.00125,0.001,0.001,1.46,2026-06-23T06:33:26,0.001,1.46
route_mutation,20260623T063326_326355,of:0000000000000002:1 -> of:000000000000000b:4,0.002,0.0025,0.002,0.002,1.96,2026-06-23T06:33:26,0.002,1.96
route_mutation,20260623T063326_326355,of:0000000000000009:1 -> of:000000000000000c:6,0.002,0.0025,0.002,0.002,1.43,2026-06-23T06:33:26,0.002,1.43
ip_shuffle,20260623T063356_619686,of:0000000000000004:1 -> of:000000000000000c:4,0.002,0.0025,0.002,0.002,2.3,2026-06-23T06:33:56,0.002,2.33
ip_shuffle,20260623T063356_619686,of:0000000000000005:1 -> of:000000000000000c:5,0.002,0.0025,0.002,0.002,2.3,2026-06-23T06:33:56,0.002,2.33
ip_shuffle,20260623T063356_619686,of:000000000000000a:1 -> of:000000000000000d:6,0.001,0.00125,0.001,0.001,1.47,2026-06-23T06:33:56,0.001,1.5
ip_shuffle,20260623T063356_619686,of:000000000000000b:3 -> of:000000000000000d:2,0.002,0.0025,0.002,0.002,1.7,2026-06-23T06:33:56,0.002,1.7
ip_shuffle,20260623T063356_619686,of:000000000000000c:3 -> of:000000000000000d:3,0.002,0.0025,0.002,0.002,1.76,2026-06-23T06:33:56,0.002,1.76
ip_shuffle,20260623T063356_619686,of:0000000000000005:2 -> of:0000000000000009:3,0.002,0.0025,0.002,0.002,1.63,2026-06-23T06:33:56,0.002,1.63
ip_shuffle,20260623T063356_619686,of:0000000000000001:1 -> of:000000000000000b:1,0.003,0.00375,0.003,0.003,3.13,2026-06-23T06:33:56,0.003,3.2
ip_shuffle,20260623T063356_619686,of:000000000000000b:2 -> of:000000000000000c:2,0.002,0.0025,0.002,0.002,1.67,2026-06-23T06:33:56,0.002,1.67
ip_shuffle,20260623T063356_619686,of:0000000000000001:2 -> of:000000000000000c:1,0.003,0.00375,0.003,0.003,3.26,2026-06-23T06:33:56,0.003,3.36
ip_shuffle,20260623T063356_619686,of:0000000000000006:2 -> of:000000000000000a:2,0.001,0.00125,0.001,0.001,1.57,2026-06-23T06:33:56,0.001,1.57
ip_shuffle,20260623T063356_619686,of:0000000000000001:3 -> of:000000000000000d:1,0.002,0.0025,0.002,0.002,2.13,2026-06-23T06:33:56,0.002,2.06
ip_shuffle,20260623T063356_619686,of:0000000000000003:1 -> of:000000000000000b:5,0.002,0.0025,0.002,0.002,2.46,2026-06-23T06:33:56,0.002,2.5
ip_shuffle,20260623T063356_619686,of:0000000000000006:1 -> of:000000000000000d:4,0.002,0.0025,0.002,0.002,1.8,2026-06-23T06:33:56,0.002,1.7
ip_shuffle,20260623T063356_619686,of:0000000000000007:2 -> of:000000000000000a:3,0.001,0.00125,0.001,0.001,1.57,2026-06-23T06:33:56,0.001,1.57
ip_shuffle,20260623T063356_619686,of:0000000000000007:1 -> of:000000000000000d:5,0.001,0.00125,0.001,0.001,1.43,2026-06-23T06:33:56,0.001,1.5
ip_shuffle,20260623T063356_619686,of:0000000000000002:2 -> of:0000000000000008:2,0.002,0.0025,0.002,0.002,1.63,2026-06-23T06:33:56,0.002,1.63
ip_shuffle,20260623T063356_619686,of:0000000000000003:2 -> of:0000000000000008:3,0.002,0.0025,0.002,0.002,1.63,2026-06-23T06:33:56,0.002,1.63
ip_shuffle,20260623T063356_619686,of:0000000000000008:1 -> of:000000000000000b:6,0.001,0.00125,0.001,0.001,1.4,2026-06-23T06:33:56,0.001,1.4
ip_shuffle,20260623T063356_619686,of:0000000000000004:2 -> of:0000000000000009:2,0.002,0.0025,0.002,0.002,1.63,2026-06-23T06:33:56,0.002,1.63
ip_shuffle,20260623T063356_619686,of:0000000000000002:1 -> of:000000000000000b:4,0.002,0.0025,0.002,0.002,1.86,2026-06-23T06:33:56,0.002,1.9
ip_shuffle,20260623T063356_619686,of:0000000000000009:1 -> of:000000000000000c:6,0.001,0.00125,0.001,0.001,1.47,2026-06-23T06:33:56,0.001,1.47
ip_shuffle,20260623T063454_129073,of:0000000000000004:1 -> of:000000000000000c:4,0.001,0.00125,0.001,0.001,1.5,2026-06-23T06:34:54,0.001,1.47
ip_shuffle,20260623T063454_129073,of:0000000000000005:1 -> of:000000000000000c:5,0.001,0.00125,0.001,0.001,1.47,2026-06-23T06:34:54,0.001,1.43
ip_shuffle,20260623T063454_129073,of:000000000000000a:1 -> of:000000000000000d:6,0.002,0.0025,0.002,0.002,1.53,2026-06-23T06:34:54,0.002,1.53
ip_shuffle,20260623T063454_129073,of:000000000000000b:3 -> of:000000000000000d:2,0.002,0.0025,0.002,0.002,1.66,2026-06-23T06:34:54,0.002,1.66
ip_shuffle,20260623T063454_129073,of:000000000000000c:3 -> of:000000000000000d:3,0.002,0.0025,0.002,0.002,1.7,2026-06-23T06:34:54,0.002,1.7
ip_shuffle,20260623T063454_129073,of:0000000000000005:2 -> of:0000000000000009:3,0.002,0.0025,0.002,0.002,1.66,2026-06-23T06:34:54,0.002,1.66
ip_shuffle,20260623T063454_129073,of:0000000000000001:1 -> of:000000000000000b:1,0.002,0.0025,0.002,0.002,1.5,2026-06-23T06:34:54,0.002,1.4
ip_shuffle,20260623T063454_129073,of:000000000000000b:2 -> of:000000000000000c:2,0.002,0.0025,0.002,0.002,1.66,2026-06-23T06:34:54,0.002,1.66
ip_shuffle,20260623T063454_129073,of:0000000000000001:2 -> of:000000000000000c:1,0.002,0.0025,0.002,0.002,1.5,2026-06-23T06:34:54,0.002,1.4
ip_shuffle,20260623T063454_129073,of:0000000000000006:2 -> of:000000000000000a:2,0.002,0.0025,0.002,0.002,1.7,2026-06-23T06:34:54,0.002,1.7
ip_shuffle,20260623T063454_129073,of:0000000000000001:3 -> of:000000000000000d:1,0.002,0.0025,0.002,0.002,1.73,2026-06-23T06:34:54,0.002,1.86
ip_shuffle,20260623T063454_129073,of:0000000000000003:1 -> of:000000000000000b:5,0.001,0.00125,0.001,0.001,1.5,2026-06-23T06:34:54,0.001,1.43
ip_shuffle,20260623T063454_129073,of:0000000000000006:1 -> of:000000000000000d:4,0.002,0.0025,0.002,0.002,1.53,2026-06-23T06:34:54,0.002,1.5
ip_shuffle,20260623T063454_129073,of:0000000000000007:2 -> of:000000000000000a:3,0.002,0.0025,0.002,0.002,1.7,2026-06-23T06:34:54,0.002,1.7
ip_shuffle,20260623T063454_129073,of:0000000000000007:1 -> of:000000000000000d:5,0.002,0.0025,0.002,0.002,2.0,2026-06-23T06:34:54,0.002,2.06
ip_shuffle,20260623T063454_129073,of:0000000000000002:2 -> of:0000000000000008:2,0.002,0.0025,0.002,0.002,1.7,2026-06-23T06:34:54,0.002,1.7
ip_shuffle,20260623T063454_129073,of:0000000000000003:2 -> of:0000000000000008:3,0.002,0.0025,0.002,0.002,1.7,2026-06-23T06:34:54,0.002,1.7
ip_shuffle,20260623T063454_129073,of:0000000000000008:1 -> of:000000000000000b:6,0.002,0.0025,0.002,0.002,1.53,2026-06-23T06:34:54,0.002,1.5
ip_shuffle,20260623T063454_129073,of:0000000000000004:2 -> of:0000000000000009:2,0.002,0.0025,0.002,0.002,1.66,2026-06-23T06:34:54,0.002,1.66
ip_shuffle,20260623T063454_129073,of:0000000000000002:1 -> of:000000000000000b:4,0.001,0.00125,0.001,0.001,1.5,2026-06-23T06:34:54,0.001,1.43
ip_shuffle,20260623T063454_129073,of:0000000000000009:1 -> of:000000000000000c:6,0.002,0.0025,0.002,0.002,1.5,2026-06-23T06:34:54,0.002,1.5
route_mutation,20260623T063551_776363,of:0000000000000004:1 -> of:000000000000000c:4,0.002,0.0025,0.002,0.002,2.13,2026-06-23T06:35:51,0.002,2.2
route_mutation,20260623T063551_776363,of:0000000000000005:1 -> of:000000000000000c:5,0.002,0.0025,0.002,0.002,2.63,2026-06-23T06:35:51,0.002,2.66
route_mutation,20260623T063551_776363,of:000000000000000a:1 -> of:000000000000000d:6,0.002,0.0025,0.002,0.002,1.86,2026-06-23T06:35:51,0.002,1.9
route_mutation,20260623T063551_776363,of:000000000000000b:3 -> of:000000000000000d:2,0.002,0.0025,0.002,0.002,2.43,2026-06-23T06:35:51,0.002,2.43
route_mutation,20260623T063551_776363,of:000000000000000c:3 -> of:000000000000000d:3,0.002,0.0025,0.002,0.002,2.43,2026-06-23T06:35:51,0.002,2.43
route_mutation,20260623T063551_776363,of:0000000000000005:2 -> of:0000000000000009:3,0.002,0.0025,0.002,0.002,2.5,2026-06-23T06:35:51,0.002,2.5
route_mutation,20260623T063551_776363,of:0000000000000001:1 -> of:000000000000000b:1,0.002,0.0025,0.002,0.002,1.8,2026-06-23T06:35:51,0.002,1.9
route_mutation,20260623T063551_776363,of:000000000000000b:2 -> of:000000000000000c:2,0.002,0.0025,0.002,0.002,2.4,2026-06-23T06:35:51,0.002,2.4
route_mutation,20260623T063551_776363,of:0000000000000001:2 -> of:000000000000000c:1,0.002,0.0025,0.002,0.002,2.66,2026-06-23T06:35:51,0.002,2.76
route_mutation,20260623T063551_776363,of:0000000000000006:2 -> of:000000000000000a:2,0.002,0.0025,0.002,0.002,2.5,2026-06-23T06:35:51,0.002,2.5
route_mutation,20260623T063551_776363,of:0000000000000001:3 -> of:000000000000000d:1,0.003,0.00375,0.003,0.003,3.79,2026-06-23T06:35:51,0.003,3.69
route_mutation,20260623T063551_776363,of:0000000000000003:1 -> of:000000000000000b:5,0.002,0.0025,0.002,0.002,1.86,2026-06-23T06:35:51,0.002,1.9
route_mutation,20260623T063551_776363,of:0000000000000006:1 -> of:000000000000000d:4,0.003,0.00375,0.003,0.003,3.03,2026-06-23T06:35:51,0.003,3.09
route_mutation,20260623T063551_776363,of:0000000000000007:2 -> of:000000000000000a:3,0.002,0.0025,0.002,0.002,2.5,2026-06-23T06:35:51,0.002,2.5
route_mutation,20260623T063551_776363,of:0000000000000007:1 -> of:000000000000000d:5,0.002,0.0025,0.002,0.002,2.43,2026-06-23T06:35:51,0.002,2.36
route_mutation,20260623T063551_776363,of:0000000000000002:2 -> of:0000000000000008:2,0.002,0.0025,0.002,0.002,2.5,2026-06-23T06:35:51,0.002,2.5
route_mutation,20260623T063551_776363,of:0000000000000003:2 -> of:0000000000000008:3,0.002,0.0025,0.002,0.002,2.5,2026-06-23T06:35:51,0.002,2.5
route_mutation,20260623T063551_776363,of:0000000000000008:1 -> of:000000000000000b:6,0.002,0.0025,0.002,0.002,1.86,2026-06-23T06:35:51,0.002,1.86
route_mutation,20260623T063551_776363,of:0000000000000004:2 -> of:0000000000000009:2,0.002,0.0025,0.002,0.002,2.5,2026-06-23T06:35:51,0.002,2.5
route_mutation,20260623T063551_776363,of:0000000000000002:1 -> of:000000000000000b:4,0.002,0.0025,0.002,0.002,1.83,2026-06-23T06:35:51,0.002,1.86
route_mutation,20260623T063551_776363,of:0000000000000009:1 -> of:000000000000000c:6,0.002,0.0025,0.002,0.002,1.86,2026-06-23T06:35:51,0.002,1.86
route_mutation,20260623T063622_078017,of:0000000000000004:1 -> of:000000000000000c:4,0.002,0.0025,0.002,0.002,1.7,2026-06-23T06:36:22,0.002,1.66
route_mutation,20260623T063622_078017,of:0000000000000005:1 -> of:000000000000000c:5,0.002,0.0025,0.002,0.002,1.7,2026-06-23T06:36:22,0.002,1.66
route_mutation,20260623T063622_078017,of:000000000000000a:1 -> of:000000000000000d:6,0.002,0.0025,0.002,0.002,1.66,2026-06-23T06:36:22,0.002,1.63
route_mutation,20260623T063622_078017,of:000000000000000b:3 -> of:000000000000000d:2,0.002,0.0025,0.002,0.002,1.96,2026-06-23T06:36:22,0.002,1.96
route_mutation,20260623T063622_078017,of:000000000000000c:3 -> of:000000000000000d:3,0.002,0.0025,0.002,0.002,1.96,2026-06-23T06:36:22,0.002,1.96
route_mutation,20260623T063622_078017,of:0000000000000005:2 -> of:0000000000000009:3,0.002,0.0025,0.002,0.002,2.03,2026-06-23T06:36:22,0.002,2.03
route_mutation,20260623T063622_078017,of:0000000000000001:1 -> of:000000000000000b:1,0.002,0.0025,0.002,0.002,1.66,2026-06-23T06:36:22,0.002,1.56
route_mutation,20260623T063622_078017,of:000000000000000b:2 -> of:000000000000000c:2,0.002,0.0025,0.002,0.002,2.0,2026-06-23T06:36:22,0.002,2.0
route_mutation,20260623T063622_078017,of:0000000000000001:2 -> of:000000000000000c:1,0.002,0.0025,0.002,0.002,1.66,2026-06-23T06:36:22,0.002,1.56
route_mutation,20260623T063622_078017,of:0000000000000006:2 -> of:000000000000000a:2,0.002,0.0025,0.002,0.002,2.03,2026-06-23T06:36:22,0.002,2.03
route_mutation,20260623T063622_078017,of:0000000000000001:3 -> of:000000000000000d:1,0.002,0.0025,0.002,0.002,2.26,2026-06-23T06:36:22,0.002,2.36
route_mutation,20260623T063622_078017,of:0000000000000003:1 -> of:000000000000000b:5,0.002,0.0025,0.002,0.002,1.63,2026-06-23T06:36:22,0.002,1.6
route_mutation,20260623T063622_078017,of:0000000000000006:1 -> of:000000000000000d:4,0.002,0.0025,0.002,0.002,1.7,2026-06-23T06:36:22,0.002,1.63
route_mutation,20260623T063622_078017,of:0000000000000007:2 -> of:000000000000000a:3,0.002,0.0025,0.002,0.002,2.03,2026-06-23T06:36:22,0.002,2.03
route_mutation,20260623T063622_078017,of:0000000000000007:1 -> of:000000000000000d:5,0.002,0.0025,0.002,0.002,2.5,2026-06-23T06:36:22,0.002,2.56
route_mutation,20260623T063622_078017,of:0000000000000002:2 -> of:0000000000000008:2,0.002,0.0025,0.002,0.002,1.96,2026-06-23T06:36:22,0.002,1.96
route_mutation,20260623T063622_078017,of:0000000000000003:2 -> of:0000000000000008:3,0.002,0.0025,0.002,0.002,1.96,2026-06-23T06:36:22,0.002,1.96
route_mutation,20260623T063622_078017,of:0000000000000008:1 -> of:000000000000000b:6,0.002,0.0025,0.002,0.002,1.66,2026-06-23T06:36:22,0.002,1.66
route_mutation,20260623T063622_078017,of:0000000000000004:2 -> of:0000000000000009:2,0.002,0.0025,0.002,0.002,2.03,2026-06-23T06:36:22,0.002,2.03
route_mutation,20260623T063622_078017,of:0000000000000002:1 -> of:000000000000000b:4,0.002,0.0025,0.002,0.002,1.63,2026-06-23T06:36:22,0.002,1.6
route_mutation,20260623T063622_078017,of:0000000000000009:1 -> of:000000000000000c:6,0.002,0.0025,0.002,0.002,1.66,2026-06-23T06:36:22,0.002,1.66
ip_shuffle,20260623T063652_407724,of:0000000000000004:1 -> of:000000000000000c:4,0.001,0.00125,0.001,0.001,1.4,2026-06-23T06:36:52,0.001,1.46
ip_shuffle,20260623T063652_407724,of:0000000000000005:1 -> of:000000000000000c:5,0.001,0.00125,0.001,0.001,1.4,2026-06-23T06:36:52,0.001,1.46
ip_shuffle,20260623T063652_407724,of:000000000000000a:1 -> of:000000000000000d:6,0.002,0.0025,0.002,0.002,1.5,2026-06-23T06:36:52,0.002,1.53
ip_shuffle,20260623T063652_407724,of:000000000000000b:3 -> of:000000000000000d:2,0.002,0.0025,0.002,0.002,1.7,2026-06-23T06:36:52,0.002,1.7
ip_shuffle,20260623T063652_407724,of:000000000000000c:3 -> of:000000000000000d:3,0.002,0.0025,0.002,0.002,1.73,2026-06-23T06:36:52,0.002,1.73
ip_shuffle,20260623T063652_407724,of:0000000000000005:2 -> of:0000000000000009:3,0.001,0.00125,0.001,0.001,1.5,2026-06-23T06:36:52,0.001,1.5
ip_shuffle,20260623T063652_407724,of:0000000000000001:1 -> of:000000000000000b:1,0.003,0.00375,0.003,0.003,3.53,2026-06-23T06:36:52,0.003,3.43
ip_shuffle,20260623T063652_407724,of:000000000000000b:2 -> of:000000000000000c:2,0.002,0.0025,0.002,0.002,1.7,2026-06-23T06:36:52,0.002,1.7
ip_shuffle,20260623T063652_407724,of:0000000000000001:2 -> of:000000000000000c:1,0.002,0.0025,0.002,0.002,1.63,2026-06-23T06:36:52,0.002,1.63
ip_shuffle,20260623T063652_407724,of:0000000000000006:2 -> of:000000000000000a:2,0.002,0.0025,0.002,0.002,1.6,2026-06-23T06:36:52,0.002,1.6
ip_shuffle,20260623T063652_407724,of:0000000000000001:3 -> of:000000000000000d:1,0.002,0.0025,0.002,0.002,1.53,2026-06-23T06:36:52,0.002,1.53
ip_shuffle,20260623T063652_407724,of:0000000000000003:1 -> of:000000000000000b:5,0.002,0.0025,0.002,0.002,2.4,2026-06-23T06:36:52,0.002,2.33
ip_shuffle,20260623T063652_407724,of:0000000000000006:1 -> of:000000000000000d:4,0.001,0.00125,0.001,0.001,1.43,2026-06-23T06:36:52,0.001,1.46
ip_shuffle,20260623T063652_407724,of:0000000000000007:2 -> of:000000000000000a:3,0.002,0.0025,0.002,0.002,1.6,2026-06-23T06:36:52,0.002,1.6
ip_shuffle,20260623T063652_407724,of:0000000000000007:1 -> of:000000000000000d:5,0.001,0.00125,0.001,0.001,1.43,2026-06-23T06:36:52,0.001,1.46
ip_shuffle,20260623T063652_407724,of:0000000000000002:2 -> of:0000000000000008:2,0.002,0.0025,0.002,0.002,1.56,2026-06-23T06:36:52,0.002,1.56
ip_shuffle,20260623T063652_407724,of:0000000000000003:2 -> of:0000000000000008:3,0.002,0.0025,0.002,0.002,1.56,2026-06-23T06:36:52,0.002,1.56
ip_shuffle,20260623T063652_407724,of:0000000000000008:1 -> of:000000000000000b:6,0.001,0.00125,0.001,0.001,1.43,2026-06-23T06:36:52,0.001,1.43
ip_shuffle,20260623T063652_407724,of:0000000000000004:2 -> of:0000000000000009:2,0.001,0.00125,0.001,0.001,1.5,2026-06-23T06:36:52,0.001,1.5
ip_shuffle,20260623T063652_407724,of:0000000000000002:1 -> of:000000000000000b:4,0.002,0.0025,0.002,0.002,2.5,2026-06-23T06:36:52,0.002,2.53
ip_shuffle,20260623T063652_407724,of:0000000000000009:1 -> of:000000000000000c:6,0.001,0.00125,0.001,0.001,1.43,2026-06-23T06:36:52,0.001,1.46
ip_shuffle,20260623T063750_121898,of:0000000000000004:1 -> of:000000000000000c:4,0.002,0.0025,0.002,0.002,2.39,2026-06-23T06:37:50,0.002,2.33
ip_shuffle,20260623T063750_121898,of:0000000000000005:1 -> of:000000000000000c:5,0.002,0.0025,0.002,0.002,2.39,2026-06-23T06:37:50,0.002,2.33
ip_shuffle,20260623T063750_121898,of:000000000000000a:1 -> of:000000000000000d:6,0.001,0.00125,0.001,0.001,1.5,2026-06-23T06:37:50,0.001,1.46
ip_shuffle,20260623T063750_121898,of:000000000000000b:3 -> of:000000000000000d:2,0.002,0.0025,0.002,0.002,1.76,2026-06-23T06:37:50,0.002,1.76
ip_shuffle,20260623T063750_121898,of:000000000000000c:3 -> of:000000000000000d:3,0.002,0.0025,0.002,0.002,1.73,2026-06-23T06:37:50,0.002,1.73
ip_shuffle,20260623T063750_121898,of:0000000000000005:2 -> of:0000000000000009:3,0.002,0.0025,0.002,0.002,1.96,2026-06-23T06:37:50,0.002,1.96
ip_shuffle,20260623T063750_121898,of:0000000000000001:1 -> of:000000000000000b:1,0.002,0.0025,0.002,0.001,1.53,2026-06-23T06:37:50,0.002,1.69
ip_shuffle,20260623T063750_121898,of:000000000000000b:2 -> of:000000000000000c:2,0.002,0.0025,0.002,0.002,1.76,2026-06-23T06:37:50,0.002,1.76
ip_shuffle,20260623T063750_121898,of:0000000000000001:2 -> of:000000000000000c:1,0.003,0.00375,0.003,0.003,2.96,2026-06-23T06:37:50,0.003,3.02
ip_shuffle,20260623T063750_121898,of:0000000000000006:2 -> of:000000000000000a:2,0.002,0.0025,0.002,0.002,1.86,2026-06-23T06:37:50,0.002,1.86
ip_shuffle,20260623T063750_121898,of:0000000000000001:3 -> of:000000000000000d:1,0.002,0.0025,0.002,0.002,2.82,2026-06-23T06:37:50,0.002,2.79
ip_shuffle,20260623T063750_121898,of:0000000000000003:1 -> of:000000000000000b:5,0.002,0.0025,0.002,0.002,1.66,2026-06-23T06:37:50,0.002,1.76
ip_shuffle,20260623T063750_121898,of:0000000000000006:1 -> of:000000000000000d:4,0.002,0.0025,0.002,0.002,2.72,2026-06-23T06:37:50,0.002,2.63
ip_shuffle,20260623T063750_121898,of:0000000000000007:2 -> of:000000000000000a:3,0.002,0.0025,0.002,0.002,1.86,2026-06-23T06:37:50,0.002,1.86
ip_shuffle,20260623T063750_121898,of:0000000000000007:1 -> of:000000000000000d:5,0.002,0.0025,0.002,0.002,1.56,2026-06-23T06:37:50,0.001,1.53
ip_shuffle,20260623T063750_121898,of:0000000000000002:2 -> of:0000000000000008:2,0.002,0.0025,0.002,0.002,1.93,2026-06-23T06:37:50,0.002,1.93
ip_shuffle,20260623T063750_121898,of:0000000000000003:2 -> of:0000000000000008:3,0.002,0.0025,0.002,0.002,1.93,2026-06-23T06:37:50,0.002,1.93
ip_shuffle,20260623T063750_121898,of:0000000000000008:1 -> of:000000000000000b:6,0.002,0.0025,0.002,0.002,1.56,2026-06-23T06:37:50,0.002,1.56
ip_shuffle,20260623T063750_121898,of:0000000000000004:2 -> of:0000000000000009:2,0.002,0.0025,0.002,0.002,1.96,2026-06-23T06:37:50,0.002,1.96
ip_shuffle,20260623T063750_121898,of:0000000000000002:1 -> of:000000000000000b:4,0.002,0.0025,0.002,0.002,1.56,2026-06-23T06:37:50,0.002,1.56
ip_shuffle,20260623T063750_121898,of:0000000000000009:1 -> of:000000000000000c:6,0.002,0.0025,0.002,0.002,1.56,2026-06-23T06:37:50,0.001,1.53
ip_shuffle,20260623T063854_348261,of:0000000000000004:1 -> of:000000000000000c:4,0.002,0.0025,0.002,0.002,2.16,2026-06-23T06:38:54,0.002,2.2
ip_shuffle,20260623T063854_348261,of:0000000000000005:1 -> of:000000000000000c:5,0.002,0.0025,0.002,0.002,2.16,2026-06-23T06:38:54,0.002,2.2
ip_shuffle,20260623T063854_348261,of:000000000000000a:1 -> of:000000000000000d:6,0.001,0.00125,0.001,0.001,1.33,2026-06-23T06:38:54,0.001,1.37
ip_shuffle,20260623T063854_348261,of:000000000000000b:3 -> of:000000000000000d:2,0.001,0.00125,0.001,0.001,1.5,2026-06-23T06:38:54,0.001,1.5
ip_shuffle,20260623T063854_348261,of:000000000000000c:3 -> of:000000000000000d:3,0.001,0.00125,0.001,0.001,1.53,2026-06-23T06:38:54,0.001,1.5
ip_shuffle,20260623T063854_348261,of:0000000000000005:2 -> of:0000000000000009:3,0.001,0.00125,0.001,0.001,1.5,2026-06-23T06:38:54,0.001,1.5
ip_shuffle,20260623T063854_348261,of:0000000000000001:1 -> of:000000000000000b:1,0.003,0.00375,0.003,0.002,2.73,2026-06-23T06:38:54,0.003,2.86
ip_shuffle,20260623T063854_348261,of:000000000000000b:2 -> of:000000000000000c:2,0.001,0.00125,0.001,0.001,1.47,2026-06-23T06:38:54,0.001,1.47
ip_shuffle,20260623T063854_348261,of:0000000000000001:2 -> of:000000000000000c:1,0.003,0.00375,0.003,0.003,2.93,2026-06-23T06:38:54,0.003,3.03
ip_shuffle,20260623T063854_348261,of:0000000000000006:2 -> of:000000000000000a:2,0.002,0.0025,0.002,0.001,1.5,2026-06-23T06:38:54,0.002,1.53
ip_shuffle,20260623T063854_348261,of:0000000000000001:3 -> of:000000000000000d:1,0.002,0.0025,0.002,0.002,1.73,2026-06-23T06:38:54,0.002,1.63
ip_shuffle,20260623T063854_348261,of:0000000000000003:1 -> of:000000000000000b:5,0.002,0.0025,0.002,0.002,2.5,2026-06-23T06:38:54,0.002,2.36
ip_shuffle,20260623T063854_348261,of:0000000000000006:1 -> of:000000000000000d:4,0.002,0.0025,0.002,0.002,1.63,2026-06-23T06:38:54,0.002,1.6
ip_shuffle,20260623T063854_348261,of:0000000000000007:2 -> of:000000000000000a:3,0.002,0.0025,0.002,0.002,1.53,2026-06-23T06:38:54,0.002,1.53
ip_shuffle,20260623T063854_348261,of:0000000000000007:1 -> of:000000000000000d:5,0.001,0.00125,0.001,0.001,1.4,2026-06-23T06:38:54,0.001,1.43
ip_shuffle,20260623T063854_348261,of:0000000000000002:2 -> of:0000000000000008:2,0.002,0.0025,0.002,0.002,1.66,2026-06-23T06:38:54,0.002,1.66
ip_shuffle,20260623T063854_348261,of:0000000000000003:2 -> of:0000000000000008:3,0.002,0.0025,0.002,0.002,1.66,2026-06-23T06:38:54,0.002,1.66
ip_shuffle,20260623T063854_348261,of:0000000000000008:1 -> of:000000000000000b:6,0.001,0.00125,0.001,0.001,1.4,2026-06-23T06:38:54,0.001,1.4
ip_shuffle,20260623T063854_348261,of:0000000000000004:2 -> of:0000000000000009:2,0.001,0.00125,0.001,0.001,1.5,2026-06-23T06:38:54,0.001,1.5
ip_shuffle,20260623T063854_348261,of:0000000000000002:1 -> of:000000000000000b:4,0.002,0.0025,0.002,0.002,1.8,2026-06-23T06:38:54,0.002,1.63
ip_shuffle,20260623T063854_348261,of:0000000000000009:1 -> of:000000000000000c:6,0.001,0.00125,0.001,0.001,1.33,2026-06-23T06:38:54,0.001,1.33
ip_shuffle,20260623T063958_551225,of:0000000000000004:1 -> of:000000000000000c:4,0.002,0.0025,0.002,0.002,1.53,2026-06-23T06:39:58,0.001,1.5
ip_shuffle,20260623T063958_551225,of:0000000000000005:1 -> of:000000000000000c:5,0.002,0.0025,0.002,0.002,1.53,2026-06-23T06:39:58,0.001,1.5
ip_shuffle,20260623T063958_551225,of:000000000000000a:1 -> of:000000000000000d:6,0.002,0.0025,0.002,0.002,1.57,2026-06-23T06:39:58,0.002,1.53
ip_shuffle,20260623T063958_551225,of:000000000000000b:3 -> of:000000000000000d:2,0.002,0.0025,0.002,0.002,1.76,2026-06-23T06:39:58,0.002,1.76
ip_shuffle,20260623T063958_551225,of:000000000000000c:3 -> of:000000000000000d:3,0.002,0.0025,0.002,0.002,1.76,2026-06-23T06:39:58,0.002,1.76
ip_shuffle,20260623T063958_551225,of:0000000000000005:2 -> of:0000000000000009:3,0.002,0.0025,0.002,0.002,1.76,2026-06-23T06:39:58,0.002,1.76
ip_shuffle,20260623T063958_551225,of:0000000000000001:1 -> of:000000000000000b:1,0.002,0.0025,0.002,0.002,1.57,2026-06-23T06:39:58,0.002,1.47
ip_shuffle,20260623T063958_551225,of:000000000000000b:2 -> of:000000000000000c:2,0.002,0.0025,0.002,0.002,1.8,2026-06-23T06:39:58,0.002,1.8
ip_shuffle,20260623T063958_551225,of:0000000000000001:2 -> of:000000000000000c:1,0.002,0.0025,0.002,0.002,1.57,2026-06-23T06:39:58,0.002,1.47
ip_shuffle,20260623T063958_551225,of:0000000000000006:2 -> of:000000000000000a:2,0.002,0.0025,0.002,0.002,1.76,2026-06-23T06:39:58,0.002,1.76
ip_shuffle,20260623T063958_551225,of:0000000000000001:3 -> of:000000000000000d:1,0.002,0.0025,0.002,0.002,1.93,2026-06-23T06:39:58,0.002,2.03
ip_shuffle,20260623T063958_551225,of:0000000000000003:1 -> of:000000000000000b:5,0.002,0.0025,0.002,0.002,1.47,2026-06-23T06:39:58,0.002,1.57
ip_shuffle,20260623T063958_551225,of:0000000000000006:1 -> of:000000000000000d:4,0.002,0.0025,0.002,0.002,1.53,2026-06-23T06:39:58,0.001,1.47
ip_shuffle,20260623T063958_551225,of:0000000000000007:2 -> of:000000000000000a:3,0.002,0.0025,0.002,0.002,1.76,2026-06-23T06:39:58,0.002,1.76
ip_shuffle,20260623T063958_551225,of:0000000000000007:1 -> of:000000000000000d:5,0.002,0.0025,0.002,0.002,2.1,2026-06-23T06:39:58,0.002,2.16
ip_shuffle,20260623T063958_551225,of:0000000000000002:2 -> of:0000000000000008:2,0.002,0.0025,0.002,0.002,1.66,2026-06-23T06:39:58,0.002,1.66
ip_shuffle,20260623T063958_551225,of:0000000000000003:2 -> of:0000000000000008:3,0.002,0.0025,0.002,0.002,1.66,2026-06-23T06:39:58,0.002,1.66
ip_shuffle,20260623T063958_551225,of:0000000000000008:1 -> of:000000000000000b:6,0.001,0.00125,0.001,0.001,1.5,2026-06-23T06:39:58,0.001,1.5
ip_shuffle,20260623T063958_551225,of:0000000000000004:2 -> of:0000000000000009:2,0.002,0.0025,0.002,0.002,1.76,2026-06-23T06:39:58,0.002,1.76
ip_shuffle,20260623T063958_551225,of:0000000000000002:1 -> of:000000000000000b:4,0.002,0.0025,0.002,0.002,1.47,2026-06-23T06:39:58,0.002,1.57
ip_shuffle,20260623T063958_551225,of:0000000000000009:1 -> of:000000000000000c:6,0.002,0.0025,0.002,0.002,1.57,2026-06-23T06:39:58,0.002,1.57
ip_shuffle,20260623T064056_169023,of:0000000000000004:1 -> of:000000000000000c:4,0.002,0.0025,0.002,0.002,2.43,2026-06-23T06:40:56,0.002,2.46
ip_shuffle,20260623T064056_169023,of:0000000000000005:1 -> of:000000000000000c:5,0.002,0.0025,0.002,0.002,2.6,2026-06-23T06:40:56,0.002,2.63
ip_shuffle,20260623T064056_169023,of:000000000000000a:1 -> of:000000000000000d:6,0.002,0.0025,0.002,0.002,1.83,2026-06-23T06:40:56,0.002,1.83
ip_shuffle,20260623T064056_169023,of:000000000000000b:3 -> of:000000000000000d:2,0.002,0.0025,0.002,0.002,2.33,2026-06-23T06:40:56,0.002,2.33
ip_shuffle,20260623T064056_169023,of:000000000000000c:3 -> of:000000000000000d:3,0.002,0.0025,0.002,0.002,2.33,2026-06-23T06:40:56,0.002,2.33
ip_shuffle,20260623T064056_169023,of:0000000000000005:2 -> of:0000000000000009:3,0.002,0.0025,0.002,0.002,2.26,2026-06-23T06:40:56,0.002,2.26
ip_shuffle,20260623T064056_169023,of:0000000000000001:1 -> of:000000000000000b:1,0.002,0.0025,0.002,0.002,1.86,2026-06-23T06:40:56,0.002,1.96
ip_shuffle,20260623T064056_169023,of:000000000000000b:2 -> of:000000000000000c:2,0.002,0.0025,0.002,0.002,2.33,2026-06-23T06:40:56,0.002,2.33
ip_shuffle,20260623T064056_169023,of:0000000000000001:2 -> of:000000000000000c:1,0.003,0.00375,0.003,0.003,3.0,2026-06-23T06:40:56,0.003,3.13
ip_shuffle,20260623T064056_169023,of:0000000000000006:2 -> of:000000000000000a:2,0.002,0.0025,0.002,0.002,2.3,2026-06-23T06:40:56,0.002,2.3
ip_shuffle,20260623T064056_169023,of:0000000000000001:3 -> of:000000000000000d:1,0.003,0.00375,0.003,0.003,3.56,2026-06-23T06:40:56,0.003,3.43
ip_shuffle,20260623T064056_169023,of:0000000000000003:1 -> of:000000000000000b:5,0.002,0.0025,0.002,0.002,1.96,2026-06-23T06:40:56,0.002,1.86
ip_shuffle,20260623T064056_169023,of:0000000000000006:1 -> of:000000000000000d:4,0.003,0.00375,0.003,0.003,2.96,2026-06-23T06:40:56,0.003,3.0
ip_shuffle,20260623T064056_169023,of:0000000000000007:2 -> of:000000000000000a:3,0.002,0.0025,0.002,0.002,2.3,2026-06-23T06:40:56,0.002,2.3
ip_shuffle,20260623T064056_169023,of:0000000000000007:1 -> of:000000000000000d:5,0.002,0.0025,0.002,0.002,2.1,2026-06-23T06:40:56,0.002,2.06
ip_shuffle,20260623T064056_169023,of:0000000000000002:2 -> of:0000000000000008:2,0.002,0.0025,0.002,0.002,2.4,2026-06-23T06:40:56,0.002,2.4
ip_shuffle,20260623T064056_169023,of:0000000000000003:2 -> of:0000000000000008:3,0.002,0.0025,0.002,0.002,2.4,2026-06-23T06:40:56,0.002,2.4
ip_shuffle,20260623T064056_169023,of:0000000000000008:1 -> of:000000000000000b:6,0.002,0.0025,0.002,0.002,1.8,2026-06-23T06:40:56,0.002,1.83
ip_shuffle,20260623T064056_169023,of:0000000000000004:2 -> of:0000000000000009:2,0.002,0.0025,0.002,0.002,2.26,2026-06-23T06:40:56,0.002,2.26
ip_shuffle,20260623T064056_169023,of:0000000000000002:1 -> of:000000000000000b:4,0.002,0.0025,0.002,0.002,1.93,2026-06-23T06:40:56,0.002,1.83
ip_shuffle,20260623T064056_169023,of:0000000000000009:1 -> of:000000000000000c:6,0.002,0.0025,0.002,0.002,1.8,2026-06-23T06:40:56,0.002,1.83
route_mutation,20260623T064153_839721,of:0000000000000004:1 -> of:000000000000000c:4,0.001,0.00125,0.001,0.001,1.37,2026-06-23T06:41:53,0.001,1.37
route_mutation,20260623T064153_839721,of:0000000000000005:1 -> of:000000000000000c:5,0.001,0.00125,0.001,0.001,1.37,2026-06-23T06:41:53,0.001,1.37
route_mutation,20260623T064153_839721,of:000000000000000a:1 -> of:000000000000000d:6,0.001,0.00125,0.001,0.001,1.37,2026-06-23T06:41:53,0.001,1.4
route_mutation,20260623T064153_839721,of:000000000000000b:3 -> of:000000000000000d:2,0.001,0.00125,0.001,0.001,1.5,2026-06-23T06:41:53,0.001,1.5
route_mutation,20260623T064153_839721,of:000000000000000c:3 -> of:000000000000000d:3,0.001,0.00125,0.001,0.001,1.5,2026-06-23T06:41:53,0.001,1.5
route_mutation,20260623T064153_839721,of:0000000000000005:2 -> of:0000000000000009:3,0.001,0.00125,0.001,0.001,1.47,2026-06-23T06:41:53,0.001,1.47
route_mutation,20260623T064153_839721,of:0000000000000001:1 -> of:000000000000000b:1,0.003,0.00375,0.003,0.003,3.23,2026-06-23T06:41:53,0.003,3.16
route_mutation,20260623T064153_839721,of:000000000000000b:2 -> of:000000000000000c:2,0.001,0.00125,0.001,0.001,1.4,2026-06-23T06:41:53,0.001,1.4
route_mutation,20260623T064153_839721,of:0000000000000001:2 -> of:000000000000000c:1,0.001,0.00125,0.001,0.001,1.3,2026-06-23T06:41:53,0.001,1.4
route_mutation,20260623T064153_839721,of:0000000000000006:2 -> of:000000000000000a:2,0.001,0.00125,0.001,0.001,1.47,2026-06-23T06:41:53,0.001,1.47
route_mutation,20260623T064153_839721,of:0000000000000001:3 -> of:000000000000000d:1,0.001,0.00125,0.001,0.001,1.4,2026-06-23T06:41:53,0.001,1.47
route_mutation,20260623T064153_839721,of:0000000000000003:1 -> of:000000000000000b:5,0.002,0.0025,0.002,0.002,2.13,2026-06-23T06:41:53,0.002,2.2
route_mutation,20260623T064153_839721,of:0000000000000006:1 -> of:000000000000000d:4,0.002,0.0025,0.002,0.002,1.43,2026-06-23T06:41:53,0.002,1.47
route_mutation,20260623T064153_839721,of:0000000000000007:2 -> of:000000000000000a:3,0.001,0.00125,0.001,0.001,1.47,2026-06-23T06:41:53,0.001,1.47
route_mutation,20260623T064153_839721,of:0000000000000007:1 -> of:000000000000000d:5,0.002,0.0025,0.002,0.002,1.43,2026-06-23T06:41:53,0.002,1.47
route_mutation,20260623T064153_839721,of:0000000000000002:2 -> of:0000000000000008:2,0.001,0.00125,0.001,0.001,1.5,2026-06-23T06:41:53,0.001,1.5
route_mutation,20260623T064153_839721,of:0000000000000003:2 -> of:0000000000000008:3,0.001,0.00125,0.001,0.001,1.5,2026-06-23T06:41:53,0.001,1.5
route_mutation,20260623T064153_839721,of:0000000000000008:1 -> of:000000000000000b:6,0.001,0.00125,0.001,0.001,1.3,2026-06-23T06:41:53,0.001,1.3
route_mutation,20260623T064153_839721,of:0000000000000004:2 -> of:0000000000000009:2,0.001,0.00125,0.001,0.001,1.47,2026-06-23T06:41:53,0.001,1.47
route_mutation,20260623T064153_839721,of:0000000000000002:1 -> of:000000000000000b:4,0.002,0.0025,0.002,0.002,2.43,2026-06-23T06:41:53,0.002,2.33
route_mutation,20260623T064153_839721,of:0000000000000009:1 -> of:000000000000000c:6,0.001,0.00125,0.001,0.001,1.3,2026-06-23T06:41:53,0.001,1.3
ip_shuffle,20260623T064224_197282,of:0000000000000004:1 -> of:000000000000000c:4,0.002,0.0025,0.002,0.002,2.53,2026-06-23T06:42:24,0.002,2.56
ip_shuffle,20260623T064224_197282,of:0000000000000005:1 -> of:000000000000000c:5,0.002,0.0025,0.002,0.002,2.53,2026-06-23T06:42:24,0.002,2.56
ip_shuffle,20260623T064224_197282,of:000000000000000a:1 -> of:000000000000000d:6,0.002,0.0025,0.002,0.002,1.7,2026-06-23T06:42:24,0.002,1.66
ip_shuffle,20260623T064224_197282,of:000000000000000b:3 -> of:000000000000000d:2,0.002,0.0025,0.002,0.002,2.1,2026-06-23T06:42:24,0.002,2.1
ip_shuffle,20260623T064224_197282,of:000000000000000c:3 -> of:000000000000000d:3,0.002,0.0025,0.002,0.002,2.1,2026-06-23T06:42:24,0.002,2.1
ip_shuffle,20260623T064224_197282,of:0000000000000005:2 -> of:0000000000000009:3,0.002,0.0025,0.002,0.002,2.13,2026-06-23T06:42:24,0.002,2.13
ip_shuffle,20260623T064224_197282,of:0000000000000001:1 -> of:000000000000000b:1,0.002,0.0025,0.002,0.002,1.9,2026-06-23T06:42:24,0.002,2.03
ip_shuffle,20260623T064224_197282,of:000000000000000b:2 -> of:000000000000000c:2,0.002,0.0025,0.002,0.002,2.2,2026-06-23T06:42:24,0.002,2.2
ip_shuffle,20260623T064224_197282,of:0000000000000001:2 -> of:000000000000000c:1,0.003,0.00375,0.003,0.003,3.36,2026-06-23T06:42:24,0.003,3.33
ip_shuffle,20260623T064224_197282,of:0000000000000006:2 -> of:000000000000000a:2,0.002,0.0025,0.002,0.002,2.16,2026-06-23T06:42:24,0.002,2.16
ip_shuffle,20260623T064224_197282,of:0000000000000001:3 -> of:000000000000000d:1,0.002,0.0025,0.002,0.002,2.83,2026-06-23T06:42:24,0.002,2.63
ip_shuffle,20260623T064224_197282,of:0000000000000003:1 -> of:000000000000000b:5,0.002,0.0025,0.002,0.002,2.03,2026-06-23T06:42:24,0.002,1.9
ip_shuffle,20260623T064224_197282,of:0000000000000006:1 -> of:000000000000000d:4,0.002,0.0025,0.002,0.002,2.6,2026-06-23T06:42:24,0.002,2.5
ip_shuffle,20260623T064224_197282,of:0000000000000007:2 -> of:000000000000000a:3,0.002,0.0025,0.002,0.002,2.16,2026-06-23T06:42:24,0.002,2.16
ip_shuffle,20260623T064224_197282,of:0000000000000007:1 -> of:000000000000000d:5,0.002,0.0025,0.002,0.002,1.66,2026-06-23T06:42:24,0.002,1.66
ip_shuffle,20260623T064224_197282,of:0000000000000002:2 -> of:0000000000000008:2,0.002,0.0025,0.002,0.002,2.13,2026-06-23T06:42:24,0.002,2.13
ip_shuffle,20260623T064224_197282,of:0000000000000003:2 -> of:0000000000000008:3,0.002,0.0025,0.002,0.002,2.13,2026-06-23T06:42:24,0.002,2.13
ip_shuffle,20260623T064224_197282,of:0000000000000008:1 -> of:000000000000000b:6,0.002,0.0025,0.002,0.002,1.73,2026-06-23T06:42:24,0.002,1.76
ip_shuffle,20260623T064224_197282,of:0000000000000004:2 -> of:0000000000000009:2,0.002,0.0025,0.002,0.002,2.13,2026-06-23T06:42:24,0.002,2.13
ip_shuffle,20260623T064224_197282,of:0000000000000002:1 -> of:000000000000000b:4,0.002,0.0025,0.002,0.002,1.73,2026-06-23T06:42:24,0.002,1.76
ip_shuffle,20260623T064224_197282,of:0000000000000009:1 -> of:000000000000000c:6,0.002,0.0025,0.002,0.002,1.73,2026-06-23T06:42:24,0.002,1.76
ip_shuffle,20260623T064321_881787,of:0000000000000004:1 -> of:000000000000000c:4,0.002,0.0025,0.002,0.002,1.83,2026-06-23T06:43:21,0.002,1.79
ip_shuffle,20260623T064321_881787,of:0000000000000005:1 -> of:000000000000000c:5,0.002,0.0025,0.002,0.002,1.83,2026-06-23T06:43:21,0.002,1.79
ip_shuffle,20260623T064321_881787,of:000000000000000a:1 -> of:000000000000000d:6,0.002,0.0025,0.002,0.002,1.86,2026-06-23T06:43:21,0.002,1.86
ip_shuffle,20260623T064321_881787,of:000000000000000b:3 -> of:000000000000000d:2,0.002,0.0025,0.002,0.002,2.39,2026-06-23T06:43:21,0.002,2.39
ip_shuffle,20260623T064321_881787,of:000000000000000c:3 -> of:000000000000000d:3,0.002,0.0025,0.002,0.002,2.39,2026-06-23T06:43:21,0.002,2.39
ip_shuffle,20260623T064321_881787,of:0000000000000005:2 -> of:0000000000000009:3,0.002,0.0025,0.002,0.002,2.39,2026-06-23T06:43:21,0.002,2.39
ip_shuffle,20260623T064321_881787,of:0000000000000001:1 -> of:000000000000000b:1,0.002,0.0025,0.002,0.002,1.86,2026-06-23T06:43:21,0.002,1.79
ip_shuffle,20260623T064321_881787,of:000000000000000b:2 -> of:000000000000000c:2,0.002,0.0025,0.002,0.002,2.39,2026-06-23T06:43:21,0.002,2.39
ip_shuffle,20260623T064321_881787,of:0000000000000001:2 -> of:000000000000000c:1,0.002,0.0025,0.002,0.002,1.86,2026-06-23T06:43:21,0.002,1.79
ip_shuffle,20260623T064321_881787,of:0000000000000006:2 -> of:000000000000000a:2,0.002,0.0025,0.002,0.002,2.36,2026-06-23T06:43:21,0.002,2.36
ip_shuffle,20260623T064321_881787,of:0000000000000001:3 -> of:000000000000000d:1,0.003,0.00375,0.003,0.003,3.82,2026-06-23T06:43:21,0.003,3.95
ip_shuffle,20260623T064321_881787,of:0000000000000003:1 -> of:000000000000000b:5,0.002,0.0025,0.002,0.002,1.79,2026-06-23T06:43:21,0.002,1.86
ip_shuffle,20260623T064321_881787,of:0000000000000006:1 -> of:000000000000000d:4,0.002,0.0025,0.002,0.002,2.09,2026-06-23T06:43:21,0.002,2.16
ip_shuffle,20260623T064321_881787,of:0000000000000007:2 -> of:000000000000000a:3,0.002,0.0025,0.002,0.002,2.36,2026-06-23T06:43:21,0.002,2.36
ip_shuffle,20260623T064321_881787,of:0000000000000007:1 -> of:000000000000000d:5,0.003,0.00375,0.003,0.003,3.76,2026-06-23T06:43:21,0.003,3.72
ip_shuffle,20260623T064321_881787,of:0000000000000002:2 -> of:0000000000000008:2,0.002,0.0025,0.002,0.002,2.36,2026-06-23T06:43:21,0.002,2.36
ip_shuffle,20260623T064321_881787,of:0000000000000003:2 -> of:0000000000000008:3,0.002,0.0025,0.002,0.002,2.36,2026-06-23T06:43:21,0.002,2.36
ip_shuffle,20260623T064321_881787,of:0000000000000008:1 -> of:000000000000000b:6,0.002,0.0025,0.002,0.002,1.89,2026-06-23T06:43:21,0.002,1.86
ip_shuffle,20260623T064321_881787,of:0000000000000004:2 -> of:0000000000000009:2,0.002,0.0025,0.002,0.002,2.39,2026-06-23T06:43:21,0.002,2.39
ip_shuffle,20260623T064321_881787,of:0000000000000002:1 -> of:000000000000000b:4,0.002,0.0025,0.002,0.002,1.79,2026-06-23T06:43:21,0.002,1.86
ip_shuffle,20260623T064321_881787,of:0000000000000009:1 -> of:000000000000000c:6,0.002,0.0025,0.002,0.002,1.89,2026-06-23T06:43:21,0.002,1.86
route_mutation,20260623T064425_904649,of:0000000000000004:1 -> of:000000000000000c:4,0.002,0.0025,0.002,0.002,1.9,2026-06-23T06:44:25,0.002,2.0
route_mutation,20260623T064425_904649,of:0000000000000005:1 -> of:000000000000000c:5,0.002,0.0025,0.002,0.002,1.9,2026-06-23T06:44:25,0.002,2.0
route_mutation,20260623T064425_904649,of:000000000000000a:1 -> of:000000000000000d:6,0.002,0.0025,0.002,0.002,2.03,2026-06-23T06:44:25,0.002,2.0
route_mutation,20260623T064425_904649,of:000000000000000b:3 -> of:000000000000000d:2,0.002,0.0025,0.002,0.002,2.7,2026-06-23T06:44:25,0.002,2.7
route_mutation,20260623T064425_904649,of:000000000000000c:3 -> of:000000000000000d:3,0.002,0.0025,0.002,0.002,2.66,2026-06-23T06:44:25,0.002,2.66
route_mutation,20260623T064425_904649,of:0000000000000005:2 -> of:0000000000000009:3,0.002,0.0025,0.002,0.002,2.6,2026-06-23T06:44:25,0.002,2.6
route_mutation,20260623T064425_904649,of:0000000000000001:1 -> of:000000000000000b:1,0.002,0.0025,0.002,0.002,2.03,2026-06-23T06:44:25,0.002,1.93
route_mutation,20260623T064425_904649,of:000000000000000b:2 -> of:000000000000000c:2,0.002,0.0025,0.002,0.002,2.7,2026-06-23T06:44:25,0.002,2.7
route_mutation,20260623T064425_904649,of:0000000000000001:2 -> of:000000000000000c:1,0.002,0.0025,0.002,0.002,2.0,2026-06-23T06:44:25,0.002,1.93
route_mutation,20260623T064425_904649,of:0000000000000006:2 -> of:000000000000000a:2,0.002,0.0025,0.002,0.002,2.66,2026-06-23T06:44:25,0.002,2.66
route_mutation,20260623T064425_904649,of:0000000000000001:3 -> of:000000000000000d:1,0.003,0.00375,0.003,0.003,3.66,2026-06-23T06:44:25,0.003,3.73
route_mutation,20260623T064425_904649,of:0000000000000003:1 -> of:000000000000000b:5,0.002,0.0025,0.002,0.002,1.9,2026-06-23T06:44:25,0.002,2.03
route_mutation,20260623T064425_904649,of:0000000000000006:1 -> of:000000000000000d:4,0.002,0.0025,0.002,0.002,2.43,2026-06-23T06:44:25,0.002,2.43
route_mutation,20260623T064425_904649,of:0000000000000007:2 -> of:000000000000000a:3,0.002,0.0025,0.002,0.002,2.73,2026-06-23T06:44:25,0.002,2.73
route_mutation,20260623T064425_904649,of:0000000000000007:1 -> of:000000000000000d:5,0.003,0.00375,0.003,0.003,3.4,2026-06-23T06:44:25,0.003,3.36
route_mutation,20260623T064425_904649,of:0000000000000002:2 -> of:0000000000000008:2,0.002,0.0025,0.002,0.002,2.6,2026-06-23T06:44:25,0.002,2.6
route_mutation,20260623T064425_904649,of:0000000000000003:2 -> of:0000000000000008:3,0.002,0.0025,0.002,0.002,2.6,2026-06-23T06:44:25,0.002,2.6
route_mutation,20260623T064425_904649,of:0000000000000008:1 -> of:000000000000000b:6,0.002,0.0025,0.002,0.002,2.03,2026-06-23T06:44:25,0.002,2.03
route_mutation,20260623T064425_904649,of:0000000000000004:2 -> of:0000000000000009:2,0.002,0.0025,0.002,0.002,2.6,2026-06-23T06:44:25,0.002,2.6
route_mutation,20260623T064425_904649,of:0000000000000002:1 -> of:000000000000000b:4,0.002,0.0025,0.002,0.002,1.9,2026-06-23T06:44:25,0.002,2.03
route_mutation,20260623T064425_904649,of:0000000000000009:1 -> of:000000000000000c:6,0.002,0.0025,0.002,0.002,2.03,2026-06-23T06:44:25,0.002,2.0
ip_shuffle,20260623T064456_238896,of:0000000000000004:1 -> of:000000000000000c:4,0.001,0.00125,0.001,0.001,1.37,2026-06-23T06:44:56,0.001,1.37
ip_shuffle,20260623T064456_238896,of:0000000000000005:1 -> of:000000000000000c:5,0.001,0.00125,0.001,0.001,1.37,2026-06-23T06:44:56,0.001,1.37
ip_shuffle,20260623T064456_238896,of:000000000000000a:1 -> of:000000000000000d:6,0.001,0.00125,0.001,0.001,1.37,2026-06-23T06:44:56,0.001,1.37
ip_shuffle,20260623T064456_238896,of:000000000000000b:3 -> of:000000000000000d:2,0.001,0.00125,0.001,0.001,1.47,2026-06-23T06:44:56,0.001,1.47
ip_shuffle,20260623T064456_238896,of:000000000000000c:3 -> of:000000000000000d:3,0.001,0.00125,0.001,0.001,1.47,2026-06-23T06:44:56,0.001,1.47
ip_shuffle,20260623T064456_238896,of:0000000000000005:2 -> of:0000000000000009:3,0.001,0.00125,0.001,0.001,1.47,2026-06-23T06:44:56,0.001,1.47
ip_shuffle,20260623T064456_238896,of:0000000000000001:1 -> of:000000000000000b:1,0.002,0.0025,0.002,0.002,2.06,2026-06-23T06:44:56,0.002,2.06
ip_shuffle,20260623T064456_238896,of:000000000000000b:2 -> of:000000000000000c:2,0.001,0.00125,0.001,0.001,1.4,2026-06-23T06:44:56,0.001,1.4
ip_shuffle,20260623T064456_238896,of:0000000000000001:2 -> of:000000000000000c:1,0.001,0.00125,0.001,0.001,1.3,2026-06-23T06:44:56,0.001,1.3
ip_shuffle,20260623T064456_238896,of:0000000000000006:2 -> of:000000000000000a:2,0.001,0.00125,0.001,0.001,1.47,2026-06-23T06:44:56,0.001,1.47
ip_shuffle,20260623T064456_238896,of:0000000000000001:3 -> of:000000000000000d:1,0.001,0.00125,0.001,0.001,1.37,2026-06-23T06:44:56,0.001,1.37
ip_shuffle,20260623T064456_238896,of:0000000000000003:1 -> of:000000000000000b:5,0.001,0.00125,0.001,0.001,1.37,2026-06-23T06:44:56,0.001,1.37
ip_shuffle,20260623T064456_238896,of:0000000000000006:1 -> of:000000000000000d:4,0.002,0.0025,0.002,0.002,1.43,2026-06-23T06:44:56,0.002,1.43
ip_shuffle,20260623T064456_238896,of:0000000000000007:2 -> of:000000000000000a:3,0.001,0.00125,0.001,0.001,1.4,2026-06-23T06:44:56,0.001,1.4
ip_shuffle,20260623T064456_238896,of:0000000000000007:1 -> of:000000000000000d:5,0.001,0.00125,0.001,0.001,1.37,2026-06-23T06:44:56,0.001,1.37
ip_shuffle,20260623T064456_238896,of:0000000000000002:2 -> of:0000000000000008:2,0.001,0.00125,0.001,0.001,1.47,2026-06-23T06:44:56,0.001,1.47
ip_shuffle,20260623T064456_238896,of:0000000000000003:2 -> of:0000000000000008:3,0.001,0.00125,0.001,0.001,1.47,2026-06-23T06:44:56,0.001,1.47
ip_shuffle,20260623T064456_238896,of:0000000000000008:1 -> of:000000000000000b:6,0.001,0.00125,0.001,0.001,1.3,2026-06-23T06:44:56,0.001,1.3
ip_shuffle,20260623T064456_238896,of:0000000000000004:2 -> of:0000000000000009:2,0.001,0.00125,0.001,0.001,1.47,2026-06-23T06:44:56,0.001,1.47
ip_shuffle,20260623T064456_238896,of:0000000000000002:1 -> of:000000000000000b:4,0.002,0.0025,0.002,0.002,2.13,2026-06-23T06:44:56,0.002,2.1
ip_shuffle,20260623T064456_238896,of:0000000000000009:1 -> of:000000000000000c:6,0.001,0.00125,0.001,0.001,1.3,2026-06-23T06:44:56,0.001,1.3
ip_shuffle,20260623T064606_808891,of:0000000000000004:1 -> of:000000000000000c:4,0.002,0.0025,0.002,0.002,2.03,2026-06-23T06:46:06,0.002,2.16
ip_shuffle,20260623T064606_808891,of:0000000000000005:1 -> of:000000000000000c:5,0.002,0.0025,0.002,0.002,2.03,2026-06-23T06:46:06,0.002,2.16
ip_shuffle,20260623T064606_808891,of:000000000000000a:1 -> of:000000000000000d:6,0.002,0.0025,0.002,0.002,2.16,2026-06-23T06:46:06,0.002,2.13
ip_shuffle,20260623T064606_808891,of:000000000000000b:3 -> of:000000000000000d:2,0.002,0.0025,0.002,0.002,2.96,2026-06-23T06:46:06,0.002,2.96
ip_shuffle,20260623T064606_808891,of:000000000000000c:3 -> of:000000000000000d:3,0.002,0.0025,0.002,0.002,2.96,2026-06-23T06:46:06,0.002,2.96
ip_shuffle,20260623T064606_808891,of:0000000000000005:2 -> of:0000000000000009:3,0.002,0.0025,0.002,0.002,2.86,2026-06-23T06:46:06,0.002,2.86
ip_shuffle,20260623T064606_808891,of:0000000000000001:1 -> of:000000000000000b:1,0.002,0.0025,0.002,0.002,2.16,2026-06-23T06:46:06,0.002,2.06
ip_shuffle,20260623T064606_808891,of:000000000000000b:2 -> of:000000000000000c:2,0.002,0.0025,0.002,0.002,2.99,2026-06-23T06:46:06,0.002,2.99
ip_shuffle,20260623T064606_808891,of:0000000000000001:2 -> of:000000000000000c:1,0.002,0.0025,0.002,0.002,2.16,2026-06-23T06:46:06,0.002,2.06
ip_shuffle,20260623T064606_808891,of:0000000000000006:2 -> of:000000000000000a:2,0.002,0.0025,0.002,0.002,2.96,2026-06-23T06:46:06,0.002,2.96
ip_shuffle,20260623T064606_808891,of:0000000000000001:3 -> of:000000000000000d:1,0.003,0.00375,0.003,0.003,4.19,2026-06-23T06:46:06,0.003,4.29
ip_shuffle,20260623T064606_808891,of:0000000000000003:1 -> of:000000000000000b:5,0.002,0.0025,0.002,0.002,2.06,2026-06-23T06:46:06,0.002,2.16
ip_shuffle,20260623T064606_808891,of:0000000000000006:1 -> of:000000000000000d:4,0.002,0.0025,0.002,0.002,3.06,2026-06-23T06:46:06,0.002,3.13
ip_shuffle,20260623T064606_808891,of:0000000000000007:2 -> of:000000000000000a:3,0.002,0.0025,0.002,0.002,3.03,2026-06-23T06:46:06,0.002,3.03
ip_shuffle,20260623T064606_808891,of:0000000000000007:1 -> of:000000000000000d:5,0.003,0.00375,0.003,0.003,3.39,2026-06-23T06:46:06,0.003,3.36
ip_shuffle,20260623T064606_808891,of:0000000000000002:2 -> of:0000000000000008:2,0.002,0.0025,0.002,0.002,2.89,2026-06-23T06:46:06,0.002,2.89
ip_shuffle,20260623T064606_808891,of:0000000000000003:2 -> of:0000000000000008:3,0.002,0.0025,0.002,0.002,2.89,2026-06-23T06:46:06,0.002,2.89
ip_shuffle,20260623T064606_808891,of:0000000000000008:1 -> of:000000000000000b:6,0.002,0.0025,0.002,0.002,2.16,2026-06-23T06:46:06,0.002,2.16
ip_shuffle,20260623T064606_808891,of:0000000000000004:2 -> of:0000000000000009:2,0.002,0.0025,0.002,0.002,2.86,2026-06-23T06:46:06,0.002,2.86
ip_shuffle,20260623T064606_808891,of:0000000000000002:1 -> of:000000000000000b:4,0.002,0.0025,0.002,0.002,2.06,2026-06-23T06:46:06,0.002,2.16
ip_shuffle,20260623T064606_808891,of:0000000000000009:1 -> of:000000000000000c:6,0.002,0.0025,0.002,0.002,2.16,2026-06-23T06:46:06,0.002,2.16
ip_shuffle,20260623T064704_500380,of:0000000000000004:1 -> of:000000000000000c:4,0.002,0.0025,0.002,0.002,2.2,2026-06-23T06:47:04,0.002,2.23
ip_shuffle,20260623T064704_500380,of:0000000000000005:1 -> of:000000000000000c:5,0.002,0.0025,0.002,0.002,2.1,2026-06-23T06:47:04,0.002,2.13
ip_shuffle,20260623T064704_500380,of:000000000000000a:1 -> of:000000000000000d:6,0.001,0.00125,0.001,0.001,1.43,2026-06-23T06:47:04,0.001,1.4
ip_shuffle,20260623T064704_500380,of:000000000000000b:3 -> of:000000000000000d:2,0.002,0.0025,0.002,0.002,1.57,2026-06-23T06:47:04,0.002,1.57
ip_shuffle,20260623T064704_500380,of:000000000000000c:3 -> of:000000000000000d:3,0.002,0.0025,0.002,0.002,1.57,2026-06-23T06:47:04,0.002,1.57
ip_shuffle,20260623T064704_500380,of:0000000000000005:2 -> of:0000000000000009:3,0.002,0.0025,0.002,0.002,1.57,2026-06-23T06:47:04,0.002,1.57
ip_shuffle,20260623T064704_500380,of:0000000000000001:1 -> of:000000000000000b:1,0.003,0.00375,0.003,0.003,3.33,2026-06-23T06:47:04,0.003,3.46
ip_shuffle,20260623T064704_500380,of:000000000000000b:2 -> of:000000000000000c:2,0.002,0.0025,0.002,0.002,1.67,2026-06-23T06:47:04,0.002,1.67
ip_shuffle,20260623T064704_500380,of:0000000000000001:2 -> of:000000000000000c:1,0.003,0.00375,0.003,0.003,3.0,2026-06-23T06:47:04,0.003,2.93
ip_shuffle,20260623T064704_500380,of:0000000000000006:2 -> of:000000000000000a:2,0.002,0.0025,0.002,0.002,1.57,2026-06-23T06:47:04,0.002,1.57
ip_shuffle,20260623T064704_500380,of:0000000000000001:3 -> of:000000000000000d:1,0.001,0.00125,0.001,0.001,1.43,2026-06-23T06:47:04,0.001,1.4
ip_shuffle,20260623T064704_500380,of:0000000000000003:1 -> of:000000000000000b:5,0.002,0.0025,0.002,0.002,2.4,2026-06-23T06:47:04,0.002,2.46
ip_shuffle,20260623T064704_500380,of:0000000000000006:1 -> of:000000000000000d:4,0.001,0.00125,0.001,0.001,1.4,2026-06-23T06:47:04,0.001,1.43
ip_shuffle,20260623T064704_500380,of:0000000000000007:2 -> of:000000000000000a:3,0.002,0.0025,0.002,0.002,1.67,2026-06-23T06:47:04,0.002,1.67
ip_shuffle,20260623T064704_500380,of:0000000000000007:1 -> of:000000000000000d:5,0.001,0.00125,0.001,0.001,1.43,2026-06-23T06:47:04,0.001,1.4
ip_shuffle,20260623T064704_500380,of:0000000000000002:2 -> of:0000000000000008:2,0.001,0.00125,0.001,0.001,1.53,2026-06-23T06:47:04,0.001,1.53
ip_shuffle,20260623T064704_500380,of:0000000000000003:2 -> of:0000000000000008:3,0.001,0.00125,0.001,0.001,1.53,2026-06-23T06:47:04,0.001,1.53
ip_shuffle,20260623T064704_500380,of:0000000000000008:1 -> of:000000000000000b:6,0.002,0.0025,0.002,0.002,1.5,2026-06-23T06:47:04,0.002,1.5
ip_shuffle,20260623T064704_500380,of:0000000000000004:2 -> of:0000000000000009:2,0.002,0.0025,0.002,0.002,1.57,2026-06-23T06:47:04,0.002,1.57
ip_shuffle,20260623T064704_500380,of:0000000000000002:1 -> of:000000000000000b:4,0.002,0.0025,0.002,0.002,2.33,2026-06-23T06:47:04,0.002,2.2
ip_shuffle,20260623T064704_500380,of:0000000000000009:1 -> of:000000000000000c:6,0.002,0.0025,0.002,0.002,1.5,2026-06-23T06:47:04,0.002,1.5
route_mutation,20260623T064808_590724,of:0000000000000004:1 -> of:000000000000000c:4,0.002,0.0025,0.002,0.002,1.63,2026-06-23T06:48:08,0.002,1.76
route_mutation,20260623T064808_590724,of:0000000000000005:1 -> of:000000000000000c:5,0.002,0.0025,0.002,0.002,1.63,2026-06-23T06:48:08,0.002,1.76
route_mutation,20260623T064808_590724,of:000000000000000a:1 -> of:000000000000000d:6,0.002,0.0025,0.002,0.002,1.7,2026-06-23T06:48:08,0.002,1.67
route_mutation,20260623T064808_590724,of:000000000000000b:3 -> of:000000000000000d:2,0.002,0.0025,0.002,0.002,2.1,2026-06-23T06:48:08,0.002,2.1
route_mutation,20260623T064808_590724,of:000000000000000c:3 -> of:000000000000000d:3,0.002,0.0025,0.002,0.002,2.16,2026-06-23T06:48:08,0.002,2.16
route_mutation,20260623T064808_590724,of:0000000000000005:2 -> of:0000000000000009:3,0.002,0.0025,0.002,0.002,2.03,2026-06-23T06:48:08,0.002,2.03
route_mutation,20260623T064808_590724,of:0000000000000001:1 -> of:000000000000000b:1,0.001,0.00125,0.001,0.001,1.63,2026-06-23T06:48:08,0.001,1.53
route_mutation,20260623T064808_590724,of:000000000000000b:2 -> of:000000000000000c:2,0.002,0.0025,0.002,0.002,2.13,2026-06-23T06:48:08,0.002,2.13
route_mutation,20260623T064808_590724,of:0000000000000001:2 -> of:000000000000000c:1,0.002,0.0025,0.002,0.002,1.73,2026-06-23T06:48:08,0.002,1.63
route_mutation,20260623T064808_590724,of:0000000000000006:2 -> of:000000000000000a:2,0.002,0.0025,0.002,0.002,2.03,2026-06-23T06:48:08,0.002,2.03
route_mutation,20260623T064808_590724,of:0000000000000001:3 -> of:000000000000000d:1,0.002,0.0025,0.002,0.002,2.53,2026-06-23T06:48:08,0.002,2.63
route_mutation,20260623T064808_590724,of:0000000000000003:1 -> of:000000000000000b:5,0.002,0.0025,0.002,0.002,1.63,2026-06-23T06:48:08,0.002,1.73
route_mutation,20260623T064808_590724,of:0000000000000006:1 -> of:000000000000000d:4,0.002,0.0025,0.002,0.002,1.67,2026-06-23T06:48:08,0.002,1.76
route_mutation,20260623T064808_590724,of:0000000000000007:2 -> of:000000000000000a:3,0.002,0.0025,0.002,0.002,2.1,2026-06-23T06:48:08,0.002,2.1
route_mutation,20260623T064808_590724,of:0000000000000007:1 -> of:000000000000000d:5,0.002,0.0025,0.002,0.002,2.8,2026-06-23T06:48:08,0.002,2.86
route_mutation,20260623T064808_590724,of:0000000000000002:2 -> of:0000000000000008:2,0.002,0.0025,0.002,0.002,2.06,2026-06-23T06:48:08,0.002,2.06
route_mutation,20260623T064808_590724,of:0000000000000003:2 -> of:0000000000000008:3,0.002,0.0025,0.002,0.002,2.03,2026-06-23T06:48:08,0.002,2.03
route_mutation,20260623T064808_590724,of:0000000000000008:1 -> of:000000000000000b:6,0.001,0.00125,0.001,0.001,1.63,2026-06-23T06:48:08,0.001,1.63
route_mutation,20260623T064808_590724,of:0000000000000004:2 -> of:0000000000000009:2,0.002,0.0025,0.002,0.002,2.0,2026-06-23T06:48:08,0.002,2.0
route_mutation,20260623T064808_590724,of:0000000000000002:1 -> of:000000000000000b:4,0.002,0.0025,0.002,0.002,1.6,2026-06-23T06:48:08,0.002,1.7
route_mutation,20260623T064808_590724,of:0000000000000009:1 -> of:000000000000000c:6,0.002,0.0025,0.002,0.002,1.73,2026-06-23T06:48:08,0.002,1.73
route_mutation,20260623T064838_942323,of:0000000000000004:1 -> of:000000000000000c:4,0.001,0.00125,0.001,0.001,1.3,2026-06-23T06:48:38,0.001,1.3
route_mutation,20260623T064838_942323,of:0000000000000005:1 -> of:000000000000000c:5,0.001,0.00125,0.001,0.001,1.3,2026-06-23T06:48:38,0.001,1.3
route_mutation,20260623T064838_942323,of:000000000000000a:1 -> of:000000000000000d:6,0.001,0.00125,0.001,0.001,1.37,2026-06-23T06:48:38,0.001,1.37
route_mutation,20260623T064838_942323,of:000000000000000b:3 -> of:000000000000000d:2,0.001,0.00125,0.001,0.001,1.47,2026-06-23T06:48:38,0.001,1.47
route_mutation,20260623T064838_942323,of:000000000000000c:3 -> of:000000000000000d:3,0.001,0.00125,0.001,0.001,1.4,2026-06-23T06:48:38,0.001,1.4
route_mutation,20260623T064838_942323,of:0000000000000005:2 -> of:0000000000000009:3,0.001,0.00125,0.001,0.001,1.47,2026-06-23T06:48:38,0.001,1.47
route_mutation,20260623T064838_942323,of:0000000000000001:1 -> of:000000000000000b:1,0.002,0.0025,0.002,0.002,2.36,2026-06-23T06:48:38,0.002,2.33
route_mutation,20260623T064838_942323,of:000000000000000b:2 -> of:000000000000000c:2,0.001,0.00125,0.001,0.001,1.47,2026-06-23T06:48:38,0.001,1.47
route_mutation,20260623T064838_942323,of:0000000000000001:2 -> of:000000000000000c:1,0.001,0.00125,0.001,0.001,1.37,2026-06-23T06:48:38,0.001,1.37
route_mutation,20260623T064838_942323,of:0000000000000006:2 -> of:000000000000000a:2,0.001,0.00125,0.001,0.001,1.47,2026-06-23T06:48:38,0.001,1.47
route_mutation,20260623T064838_942323,of:0000000000000001:3 -> of:000000000000000d:1,0.001,0.00125,0.001,0.001,1.37,2026-06-23T06:48:38,0.001,1.37
route_mutation,20260623T064838_942323,of:0000000000000003:1 -> of:000000000000000b:5,0.002,0.0025,0.002,0.002,1.47,2026-06-23T06:48:38,0.001,1.43
route_mutation,20260623T064838_942323,of:0000000000000006:1 -> of:000000000000000d:4,0.001,0.00125,0.001,0.001,1.3,2026-06-23T06:48:38,0.001,1.3
route_mutation,20260623T064838_942323,of:0000000000000007:2 -> of:000000000000000a:3,0.002,0.0025,0.002,0.002,1.53,2026-06-23T06:48:38,0.002,1.53
route_mutation,20260623T064838_942323,of:0000000000000007:1 -> of:000000000000000d:5,0.001,0.00125,0.001,0.001,1.37,2026-06-23T06:48:38,0.001,1.37
route_mutation,20260623T064838_942323,of:0000000000000002:2 -> of:0000000000000008:2,0.001,0.00125,0.001,0.001,1.47,2026-06-23T06:48:38,0.001,1.47
route_mutation,20260623T064838_942323,of:0000000000000003:2 -> of:0000000000000008:3,0.001,0.00125,0.001,0.001,1.47,2026-06-23T06:48:38,0.001,1.47
route_mutation,20260623T064838_942323,of:0000000000000008:1 -> of:000000000000000b:6,0.002,0.0025,0.002,0.002,1.43,2026-06-23T06:48:38,0.002,1.43
route_mutation,20260623T064838_942323,of:0000000000000004:2 -> of:0000000000000009:2,0.001,0.00125,0.001,0.001,1.47,2026-06-23T06:48:38,0.001,1.47
route_mutation,20260623T064838_942323,of:0000000000000002:1 -> of:000000000000000b:4,0.002,0.0025,0.002,0.002,2.23,2026-06-23T06:48:38,0.002,2.23
route_mutation,20260623T064838_942323,of:0000000000000009:1 -> of:000000000000000c:6,0.001,0.00125,0.001,0.001,1.37,2026-06-23T06:48:38,0.001,1.37
ip_shuffle,20260623T064909_330157,of:0000000000000004:1 -> of:000000000000000c:4,0.002,0.0025,0.002,0.002,2.43,2026-06-23T06:49:09,0.002,2.33
ip_shuffle,20260623T064909_330157,of:0000000000000005:1 -> of:000000000000000c:5,0.002,0.0025,0.002,0.002,2.43,2026-06-23T06:49:09,0.002,2.33
ip_shuffle,20260623T064909_330157,of:000000000000000a:1 -> of:000000000000000d:6,0.002,0.0025,0.002,0.002,1.53,2026-06-23T06:49:09,0.002,1.56
ip_shuffle,20260623T064909_330157,of:000000000000000b:3 -> of:000000000000000d:2,0.002,0.0025,0.002,0.002,1.76,2026-06-23T06:49:09,0.002,1.76
ip_shuffle,20260623T064909_330157,of:000000000000000c:3 -> of:000000000000000d:3,0.002,0.0025,0.002,0.002,1.76,2026-06-23T06:49:09,0.002,1.76
ip_shuffle,20260623T064909_330157,of:0000000000000005:2 -> of:0000000000000009:3,0.002,0.0025,0.002,0.002,1.83,2026-06-23T06:49:09,0.002,1.83
ip_shuffle,20260623T064909_330157,of:0000000000000001:1 -> of:000000000000000b:1,0.002,0.0025,0.002,0.002,2.63,2026-06-23T06:49:09,0.002,2.76
ip_shuffle,20260623T064909_330157,of:000000000000000b:2 -> of:000000000000000c:2,0.002,0.0025,0.002,0.002,1.73,2026-06-23T06:49:09,0.002,1.73
ip_shuffle,20260623T064909_330157,of:0000000000000001:2 -> of:000000000000000c:1,0.003,0.00375,0.003,0.003,3.13,2026-06-23T06:49:09,0.003,3.23
ip_shuffle,20260623T064909_330157,of:0000000000000006:2 -> of:000000000000000a:2,0.002,0.0025,0.002,0.002,1.83,2026-06-23T06:49:09,0.002,1.83
ip_shuffle,20260623T064909_330157,of:0000000000000001:3 -> of:000000000000000d:1,0.002,0.0025,0.002,0.002,2.0,2026-06-23T06:49:09,0.002,1.93
ip_shuffle,20260623T064909_330157,of:0000000000000003:1 -> of:000000000000000b:5,0.002,0.0025,0.002,0.002,2.56,2026-06-23T06:49:09,0.002,2.5
ip_shuffle,20260623T064909_330157,of:0000000000000006:1 -> of:000000000000000d:4,0.002,0.0025,0.002,0.002,2.0,2026-06-23T06:49:09,0.002,2.13
ip_shuffle,20260623T064909_330157,of:0000000000000007:2 -> of:000000000000000a:3,0.002,0.0025,0.002,0.002,1.73,2026-06-23T06:49:09,0.002,1.73
ip_shuffle,20260623T064909_330157,of:0000000000000007:1 -> of:000000000000000d:5,0.002,0.0025,0.002,0.002,1.53,2026-06-23T06:49:09,0.002,1.56
ip_shuffle,20260623T064909_330157,of:0000000000000002:2 -> of:0000000000000008:2,0.002,0.0025,0.002,0.002,1.83,2026-06-23T06:49:09,0.002,1.83
ip_shuffle,20260623T064909_330157,of:0000000000000003:2 -> of:0000000000000008:3,0.002,0.0025,0.002,0.002,1.83,2026-06-23T06:49:09,0.002,1.83
ip_shuffle,20260623T064909_330157,of:0000000000000008:1 -> of:000000000000000b:6,0.002,0.0025,0.002,0.002,1.53,2026-06-23T06:49:09,0.002,1.53
ip_shuffle,20260623T064909_330157,of:0000000000000004:2 -> of:0000000000000009:2,0.002,0.0025,0.002,0.002,1.83,2026-06-23T06:49:09,0.002,1.83
ip_shuffle,20260623T064909_330157,of:0000000000000002:1 -> of:000000000000000b:4,0.002,0.0025,0.002,0.002,1.76,2026-06-23T06:49:09,0.002,1.66
ip_shuffle,20260623T064909_330157,of:0000000000000009:1 -> of:000000000000000c:6,0.002,0.0025,0.002,0.002,1.53,2026-06-23T06:49:09,0.002,1.53
route_mutation,20260623T065007_049803,of:0000000000000004:1 -> of:000000000000000c:4,0.001,0.00125,0.001,0.001,1.3,2026-06-23T06:50:07,0.001,1.2
route_mutation,20260623T065007_049803,of:0000000000000005:1 -> of:000000000000000c:5,0.001,0.00125,0.001,0.001,1.3,2026-06-23T06:50:07,0.001,1.2
route_mutation,20260623T065007_049803,of:000000000000000a:1 -> of:000000000000000d:6,0.001,0.00125,0.001,0.001,1.26,2026-06-23T06:50:07,0.001,1.3
route_mutation,20260623T065007_049803,of:000000000000000b:3 -> of:000000000000000d:2,0.001,0.00125,0.001,0.001,1.3,2026-06-23T06:50:07,0.001,1.3
route_mutation,20260623T065007_049803,of:000000000000000c:3 -> of:000000000000000d:3,0.001,0.00125,0.001,0.001,1.23,2026-06-23T06:50:07,0.001,1.23
route_mutation,20260623T065007_049803,of:0000000000000005:2 -> of:0000000000000009:3,0.001,0.00125,0.001,0.001,1.36,2026-06-23T06:50:07,0.001,1.36
route_mutation,20260623T065007_049803,of:0000000000000001:1 -> of:000000000000000b:1,0.002,0.0025,0.002,0.001,1.4,2026-06-23T06:50:07,0.002,1.4
route_mutation,20260623T065007_049803,of:000000000000000b:2 -> of:000000000000000c:2,0.001,0.00125,0.001,0.001,1.26,2026-06-23T06:50:07,0.001,1.26
route_mutation,20260623T065007_049803,of:0000000000000001:2 -> of:000000000000000c:1,0.001,0.00125,0.001,0.001,1.26,2026-06-23T06:50:07,0.001,1.36
route_mutation,20260623T065007_049803,of:0000000000000006:2 -> of:000000000000000a:2,0.002,0.0025,0.002,0.002,1.43,2026-06-23T06:50:07,0.002,1.43
route_mutation,20260623T065007_049803,of:0000000000000001:3 -> of:000000000000000d:1,0.001,0.00125,0.001,0.001,1.36,2026-06-23T06:50:07,0.001,1.43
route_mutation,20260623T065007_049803,of:0000000000000003:1 -> of:000000000000000b:5,0.001,0.00125,0.001,0.001,1.36,2026-06-23T06:50:07,0.001,1.26
route_mutation,20260623T065007_049803,of:0000000000000006:1 -> of:000000000000000d:4,0.001,0.00125,0.001,0.001,1.36,2026-06-23T06:50:07,0.001,1.3
route_mutation,20260623T065007_049803,of:0000000000000007:2 -> of:000000000000000a:3,0.002,0.0025,0.002,0.002,1.56,2026-06-23T06:50:07,0.002,1.56
route_mutation,20260623T065007_049803,of:0000000000000007:1 -> of:000000000000000d:5,0.002,0.0025,0.002,0.002,1.6,2026-06-23T06:50:07,0.002,1.6
route_mutation,20260623T065007_049803,of:0000000000000002:2 -> of:0000000000000008:2,0.001,0.00125,0.001,0.001,1.36,2026-06-23T06:50:07,0.001,1.36
route_mutation,20260623T065007_049803,of:0000000000000003:2 -> of:0000000000000008:3,0.001,0.00125,0.001,0.001,1.36,2026-06-23T06:50:07,0.001,1.36
route_mutation,20260623T065007_049803,of:0000000000000008:1 -> of:000000000000000b:6,0.001,0.00125,0.001,0.001,1.33,2026-06-23T06:50:07,0.001,1.33
route_mutation,20260623T065007_049803,of:0000000000000004:2 -> of:0000000000000009:2,0.001,0.00125,0.001,0.001,1.36,2026-06-23T06:50:07,0.001,1.36
route_mutation,20260623T065007_049803,of:0000000000000002:1 -> of:000000000000000b:4,0.002,0.0025,0.002,0.001,1.33,2026-06-23T06:50:07,0.002,1.46
route_mutation,20260623T065007_049803,of:0000000000000009:1 -> of:000000000000000c:6,0.001,0.00125,0.001,0.001,1.26,2026-06-23T06:50:07,0.001,1.26
route_mutation,20260623T065037_358845,of:0000000000000004:1 -> of:000000000000000c:4,0.002,0.0025,0.002,0.002,2.23,2026-06-23T06:50:37,0.002,2.33
route_mutation,20260623T065037_358845,of:0000000000000005:1 -> of:000000000000000c:5,0.002,0.0025,0.002,0.002,2.03,2026-06-23T06:50:37,0.002,2.13
route_mutation,20260623T065037_358845,of:000000000000000a:1 -> of:000000000000000d:6,0.002,0.0025,0.002,0.002,1.53,2026-06-23T06:50:37,0.002,1.5
route_mutation,20260623T065037_358845,of:000000000000000b:3 -> of:000000000000000d:2,0.002,0.0025,0.002,0.002,1.7,2026-06-23T06:50:37,0.002,1.7
route_mutation,20260623T065037_358845,of:000000000000000c:3 -> of:000000000000000d:3,0.002,0.0025,0.002,0.002,1.7,2026-06-23T06:50:37,0.002,1.7
route_mutation,20260623T065037_358845,of:0000000000000005:2 -> of:0000000000000009:3,0.002,0.0025,0.002,0.002,1.63,2026-06-23T06:50:37,0.002,1.63
route_mutation,20260623T065037_358845,of:0000000000000001:1 -> of:000000000000000b:1,0.003,0.00375,0.003,0.003,3.46,2026-06-23T06:50:37,0.003,3.53
route_mutation,20260623T065037_358845,of:000000000000000b:2 -> of:000000000000000c:2,0.002,0.0025,0.002,0.002,1.73,2026-06-23T06:50:37,0.002,1.73
route_mutation,20260623T065037_358845,of:0000000000000001:2 -> of:000000000000000c:1,0.003,0.00375,0.003,0.003,2.9,2026-06-23T06:50:37,0.003,2.76
route_mutation,20260623T065037_358845,of:0000000000000006:2 -> of:000000000000000a:2,0.002,0.0025,0.002,0.002,1.56,2026-06-23T06:50:37,0.002,1.56
route_mutation,20260623T065037_358845,of:0000000000000001:3 -> of:000000000000000d:1,0.002,0.0025,0.002,0.002,1.5,2026-06-23T06:50:37,0.002,1.43
route_mutation,20260623T065037_358845,of:0000000000000003:1 -> of:000000000000000b:5,0.002,0.0025,0.002,0.002,2.46,2026-06-23T06:50:37,0.002,2.56
route_mutation,20260623T065037_358845,of:0000000000000006:1 -> of:000000000000000d:4,0.001,0.00125,0.001,0.001,1.4,2026-06-23T06:50:37,0.001,1.46
route_mutation,20260623T065037_358845,of:0000000000000007:2 -> of:000000000000000a:3,0.002,0.0025,0.002,0.002,1.56,2026-06-23T06:50:37,0.002,1.56
route_mutation,20260623T065037_358845,of:0000000000000007:1 -> of:000000000000000d:5,0.001,0.00125,0.001,0.001,1.36,2026-06-23T06:50:37,0.001,1.43
route_mutation,20260623T065037_358845,of:0000000000000002:2 -> of:0000000000000008:2,0.002,0.0025,0.002,0.002,1.63,2026-06-23T06:50:37,0.002,1.63
route_mutation,20260623T065037_358845,of:0000000000000003:2 -> of:0000000000000008:3,0.002,0.0025,0.002,0.002,1.63,2026-06-23T06:50:37,0.002,1.63
route_mutation,20260623T065037_358845,of:0000000000000008:1 -> of:000000000000000b:6,0.002,0.0025,0.002,0.002,1.53,2026-06-23T06:50:37,0.002,1.53
route_mutation,20260623T065037_358845,of:0000000000000004:2 -> of:0000000000000009:2,0.002,0.0025,0.002,0.002,1.63,2026-06-23T06:50:37,0.002,1.63
route_mutation,20260623T065037_358845,of:0000000000000002:1 -> of:000000000000000b:4,0.002,0.0025,0.002,0.002,2.5,2026-06-23T06:50:37,0.002,2.36
route_mutation,20260623T065037_358845,of:0000000000000009:1 -> of:000000000000000c:6,0.002,0.0025,0.002,0.002,1.53,2026-06-23T06:50:37,0.002,1.53
ip_shuffle,20260623T065107_668060,of:0000000000000004:1 -> of:000000000000000c:4,0.002,0.0025,0.002,0.002,2.03,2026-06-23T06:51:07,0.002,2.03
ip_shuffle,20260623T065107_668060,of:0000000000000005:1 -> of:000000000000000c:5,0.002,0.0025,0.002,0.002,2.23,2026-06-23T06:51:07,0.002,2.23
ip_shuffle,20260623T065107_668060,of:000000000000000a:1 -> of:000000000000000d:6,0.002,0.0025,0.002,0.002,1.96,2026-06-23T06:51:07,0.002,1.96
ip_shuffle,20260623T065107_668060,of:000000000000000b:3 -> of:000000000000000d:2,0.002,0.0025,0.002,0.002,2.73,2026-06-23T06:51:07,0.002,2.73
ip_shuffle,20260623T065107_668060,of:000000000000000c:3 -> of:000000000000000d:3,0.002,0.0025,0.002,0.002,2.73,2026-06-23T06:51:07,0.002,2.73
ip_shuffle,20260623T065107_668060,of:0000000000000005:2 -> of:0000000000000009:3,0.002,0.0025,0.002,0.002,2.66,2026-06-23T06:51:07,0.002,2.66
ip_shuffle,20260623T065107_668060,of:0000000000000001:1 -> of:000000000000000b:1,0.002,0.0025,0.002,0.002,2.03,2026-06-23T06:51:07,0.002,2.03
ip_shuffle,20260623T065107_668060,of:000000000000000b:2 -> of:000000000000000c:2,0.002,0.0025,0.002,0.002,2.73,2026-06-23T06:51:07,0.002,2.73
ip_shuffle,20260623T065107_668060,of:0000000000000001:2 -> of:000000000000000c:1,0.002,0.0025,0.002,0.002,2.26,2026-06-23T06:51:07,0.002,2.3
ip_shuffle,20260623T065107_668060,of:0000000000000006:2 -> of:000000000000000a:2,0.002,0.0025,0.002,0.002,2.66,2026-06-23T06:51:07,0.002,2.66
ip_shuffle,20260623T065107_668060,of:0000000000000001:3 -> of:000000000000000d:1,0.003,0.00375,0.003,0.003,3.86,2026-06-23T06:51:07,0.003,3.86
ip_shuffle,20260623T065107_668060,of:0000000000000003:1 -> of:000000000000000b:5,0.002,0.0025,0.002,0.002,2.03,2026-06-23T06:51:07,0.002,2.03
ip_shuffle,20260623T065107_668060,of:0000000000000006:1 -> of:000000000000000d:4,0.003,0.00375,0.003,0.003,3.2,2026-06-23T06:51:07,0.003,3.2
ip_shuffle,20260623T065107_668060,of:0000000000000007:2 -> of:000000000000000a:3,0.002,0.0025,0.002,0.002,2.66,2026-06-23T06:51:07,0.002,2.66
ip_shuffle,20260623T065107_668060,of:0000000000000007:1 -> of:000000000000000d:5,0.002,0.0025,0.002,0.002,2.66,2026-06-23T06:51:07,0.002,2.66
ip_shuffle,20260623T065107_668060,of:0000000000000002:2 -> of:0000000000000008:2,0.002,0.0025,0.002,0.002,2.66,2026-06-23T06:51:07,0.002,2.66
ip_shuffle,20260623T065107_668060,of:0000000000000003:2 -> of:0000000000000008:3,0.002,0.0025,0.002,0.002,2.66,2026-06-23T06:51:07,0.002,2.66
ip_shuffle,20260623T065107_668060,of:0000000000000008:1 -> of:000000000000000b:6,0.002,0.0025,0.002,0.002,1.96,2026-06-23T06:51:07,0.002,1.96
ip_shuffle,20260623T065107_668060,of:0000000000000004:2 -> of:0000000000000009:2,0.002,0.0025,0.002,0.002,2.66,2026-06-23T06:51:07,0.002,2.66
ip_shuffle,20260623T065107_668060,of:0000000000000002:1 -> of:000000000000000b:4,0.002,0.0025,0.002,0.002,2.03,2026-06-23T06:51:07,0.002,2.03
ip_shuffle,20260623T065107_668060,of:0000000000000009:1 -> of:000000000000000c:6,0.002,0.0025,0.002,0.002,1.96,2026-06-23T06:51:07,0.002,1.96
ip_shuffle,20260623T065211_905427,of:0000000000000004:1 -> of:000000000000000c:4,0.002,0.0025,0.002,0.002,1.5,2026-06-23T06:52:11,0.002,1.43
ip_shuffle,20260623T065211_905427,of:0000000000000005:1 -> of:000000000000000c:5,0.002,0.0025,0.002,0.002,1.5,2026-06-23T06:52:11,0.002,1.43
ip_shuffle,20260623T065211_905427,of:000000000000000a:1 -> of:000000000000000d:6,0.002,0.0025,0.002,0.002,1.43,2026-06-23T06:52:11,0.002,1.43
ip_shuffle,20260623T065211_905427,of:000000000000000b:3 -> of:000000000000000d:2,0.002,0.0025,0.002,0.002,1.53,2026-06-23T06:52:11,0.002,1.53
ip_shuffle,20260623T065211_905427,of:000000000000000c:3 -> of:000000000000000d:3,0.002,0.0025,0.002,0.002,1.53,2026-06-23T06:52:11,0.002,1.53
ip_shuffle,20260623T065211_905427,of:0000000000000005:2 -> of:0000000000000009:3,0.002,0.0025,0.002,0.002,1.6,2026-06-23T06:52:11,0.002,1.6
ip_shuffle,20260623T065211_905427,of:0000000000000001:1 -> of:000000000000000b:1,0.003,0.00375,0.003,0.003,3.13,2026-06-23T06:52:11,0.003,3.13
ip_shuffle,20260623T065211_905427,of:000000000000000b:2 -> of:000000000000000c:2,0.002,0.0025,0.002,0.002,1.53,2026-06-23T06:52:11,0.002,1.53
ip_shuffle,20260623T065211_905427,of:0000000000000001:2 -> of:000000000000000c:1,0.002,0.0025,0.002,0.002,1.43,2026-06-23T06:52:11,0.002,1.47
ip_shuffle,20260623T065211_905427,of:0000000000000006:2 -> of:000000000000000a:2,0.002,0.0025,0.002,0.002,1.53,2026-06-23T06:52:11,0.002,1.53
ip_shuffle,20260623T065211_905427,of:0000000000000001:3 -> of:000000000000000d:1,0.002,0.0025,0.002,0.002,1.53,2026-06-23T06:52:11,0.002,1.57
ip_shuffle,20260623T065211_905427,of:0000000000000003:1 -> of:000000000000000b:5,0.002,0.0025,0.002,0.002,2.1,2026-06-23T06:52:11,0.002,2.1
ip_shuffle,20260623T065211_905427,of:0000000000000006:1 -> of:000000000000000d:4,0.001,0.00125,0.001,0.001,1.43,2026-06-23T06:52:11,0.001,1.37
ip_shuffle,20260623T065211_905427,of:0000000000000007:2 -> of:000000000000000a:3,0.002,0.0025,0.002,0.002,1.53,2026-06-23T06:52:11,0.002,1.53
ip_shuffle,20260623T065211_905427,of:0000000000000007:1 -> of:000000000000000d:5,0.002,0.0025,0.002,0.002,1.53,2026-06-23T06:52:11,0.002,1.47
ip_shuffle,20260623T065211_905427,of:0000000000000002:2 -> of:0000000000000008:2,0.002,0.0025,0.002,0.002,1.57,2026-06-23T06:52:11,0.002,1.57
ip_shuffle,20260623T065211_905427,of:0000000000000003:2 -> of:0000000000000008:3,0.002,0.0025,0.002,0.002,1.57,2026-06-23T06:52:11,0.002,1.57
ip_shuffle,20260623T065211_905427,of:0000000000000008:1 -> of:000000000000000b:6,0.002,0.0025,0.002,0.002,1.43,2026-06-23T06:52:11,0.002,1.43
ip_shuffle,20260623T065211_905427,of:0000000000000004:2 -> of:0000000000000009:2,0.002,0.0025,0.002,0.002,1.6,2026-06-23T06:52:11,0.002,1.6
ip_shuffle,20260623T065211_905427,of:0000000000000002:1 -> of:000000000000000b:4,0.002,0.0025,0.002,0.002,2.5,2026-06-23T06:52:11,0.002,2.46
ip_shuffle,20260623T065211_905427,of:0000000000000009:1 -> of:000000000000000c:6,0.002,0.0025,0.002,0.002,1.43,2026-06-23T06:52:11,0.002,1.43
ip_shuffle,20260623T065309_396131,of:0000000000000004:1 -> of:000000000000000c:4,0.002,0.0025,0.002,0.002,1.8,2026-06-23T06:53:09,0.002,1.93
ip_shuffle,20260623T065309_396131,of:0000000000000005:1 -> of:000000000000000c:5,0.002,0.0025,0.002,0.002,1.8,2026-06-23T06:53:09,0.002,1.93
ip_shuffle,20260623T065309_396131,of:000000000000000a:1 -> of:000000000000000d:6,0.002,0.0025,0.002,0.002,2.0,2026-06-23T06:53:09,0.002,1.96
ip_shuffle,20260623T065309_396131,of:000000000000000b:3 -> of:000000000000000d:2,0.002,0.0025,0.002,0.002,2.63,2026-06-23T06:53:09,0.002,2.63
ip_shuffle,20260623T065309_396131,of:000000000000000c:3 -> of:000000000000000d:3,0.002,0.0025,0.002,0.002,2.6,2026-06-23T06:53:09,0.002,2.63
ip_shuffle,20260623T065309_396131,of:0000000000000005:2 -> of:0000000000000009:3,0.002,0.0025,0.002,0.002,2.6,2026-06-23T06:53:09,0.002,2.6
ip_shuffle,20260623T065309_396131,of:0000000000000001:1 -> of:000000000000000b:1,0.002,0.0025,0.002,0.002,1.93,2026-06-23T06:53:09,0.002,1.83
ip_shuffle,20260623T065309_396131,of:000000000000000b:2 -> of:000000000000000c:2,0.002,0.0025,0.002,0.002,2.66,2026-06-23T06:53:09,0.002,2.66
ip_shuffle,20260623T065309_396131,of:0000000000000001:2 -> of:000000000000000c:1,0.002,0.0025,0.002,0.002,1.9,2026-06-23T06:53:09,0.002,1.83
ip_shuffle,20260623T065309_396131,of:0000000000000006:2 -> of:000000000000000a:2,0.002,0.0025,0.002,0.002,2.66,2026-06-23T06:53:09,0.002,2.66
ip_shuffle,20260623T065309_396131,of:0000000000000001:3 -> of:000000000000000d:1,0.003,0.00375,0.003,0.003,3.43,2026-06-23T06:53:09,0.003,3.53
ip_shuffle,20260623T065309_396131,of:0000000000000003:1 -> of:000000000000000b:5,0.002,0.0025,0.002,0.002,1.8,2026-06-23T06:53:09,0.002,1.93
ip_shuffle,20260623T065309_396131,of:0000000000000006:1 -> of:000000000000000d:4,0.002,0.0025,0.002,0.002,2.26,2026-06-23T06:53:09,0.002,2.13
ip_shuffle,20260623T065309_396131,of:0000000000000007:2 -> of:000000000000000a:3,0.002,0.0025,0.002,0.002,2.66,2026-06-23T06:53:09,0.002,2.66
ip_shuffle,20260623T065309_396131,of:0000000000000007:1 -> of:000000000000000d:5,0.003,0.00375,0.003,0.003,3.2,2026-06-23T06:53:09,0.003,3.3
ip_shuffle,20260623T065309_396131,of:0000000000000002:2 -> of:0000000000000008:2,0.002,0.0025,0.002,0.002,2.73,2026-06-23T06:53:09,0.002,2.73
ip_shuffle,20260623T065309_396131,of:0000000000000003:2 -> of:0000000000000008:3,0.002,0.0025,0.002,0.002,2.73,2026-06-23T06:53:09,0.002,2.73
ip_shuffle,20260623T065309_396131,of:0000000000000008:1 -> of:000000000000000b:6,0.002,0.0025,0.002,0.002,2.13,2026-06-23T06:53:09,0.002,2.13
ip_shuffle,20260623T065309_396131,of:0000000000000004:2 -> of:0000000000000009:2,0.002,0.0025,0.002,0.002,2.6,2026-06-23T06:53:09,0.002,2.6
ip_shuffle,20260623T065309_396131,of:0000000000000002:1 -> of:000000000000000b:4,0.002,0.0025,0.002,0.002,1.8,2026-06-23T06:53:09,0.002,1.93
ip_shuffle,20260623T065309_396131,of:0000000000000009:1 -> of:000000000000000c:6,0.002,0.0025,0.002,0.002,2.0,2026-06-23T06:53:09,0.002,2.0
ip_shuffle,20260623T065407_124892,of:0000000000000004:1 -> of:000000000000000c:4,0.002,0.0025,0.002,0.002,2.43,2026-06-23T06:54:07,0.002,2.33
ip_shuffle,20260623T065407_124892,of:0000000000000005:1 -> of:000000000000000c:5,0.002,0.0025,0.002,0.002,2.43,2026-06-23T06:54:07,0.002,2.33
ip_shuffle,20260623T065407_124892,of:000000000000000a:1 -> of:000000000000000d:6,0.002,0.0025,0.002,0.002,1.5,2026-06-23T06:54:07,0.002,1.53
ip_shuffle,20260623T065407_124892,of:000000000000000b:3 -> of:000000000000000d:2,0.002,0.0025,0.002,0.002,1.7,2026-06-23T06:54:07,0.002,1.7
ip_shuffle,20260623T065407_124892,of:000000000000000c:3 -> of:000000000000000d:3,0.002,0.0025,0.002,0.002,1.73,2026-06-23T06:54:07,0.002,1.73
ip_shuffle,20260623T065407_124892,of:0000000000000005:2 -> of:0000000000000009:3,0.002,0.0025,0.002,0.002,1.73,2026-06-23T06:54:07,0.002,1.73
ip_shuffle,20260623T065407_124892,of:0000000000000001:1 -> of:000000000000000b:1,0.003,0.00375,0.003,0.003,2.8,2026-06-23T06:54:07,0.003,2.9
ip_shuffle,20260623T065407_124892,of:000000000000000b:2 -> of:000000000000000c:2,0.002,0.0025,0.002,0.002,1.7,2026-06-23T06:54:07,0.002,1.7
ip_shuffle,20260623T065407_124892,of:0000000000000001:2 -> of:000000000000000c:1,0.003,0.00375,0.003,0.003,3.13,2026-06-23T06:54:07,0.003,3.2
ip_shuffle,20260623T065407_124892,of:0000000000000006:2 -> of:000000000000000a:2,0.002,0.0025,0.002,0.002,1.8,2026-06-23T06:54:07,0.002,1.8
ip_shuffle,20260623T065407_124892,of:0000000000000001:3 -> of:000000000000000d:1,0.002,0.0025,0.002,0.002,1.93,2026-06-23T06:54:07,0.002,1.83
ip_shuffle,20260623T065407_124892,of:0000000000000003:1 -> of:000000000000000b:5,0.002,0.0025,0.002,0.002,2.66,2026-06-23T06:54:07,0.002,2.53
ip_shuffle,20260623T065407_124892,of:0000000000000006:1 -> of:000000000000000d:4,0.002,0.0025,0.002,0.002,1.83,2026-06-23T06:54:07,0.002,1.96
ip_shuffle,20260623T065407_124892,of:0000000000000007:2 -> of:000000000000000a:3,0.002,0.0025,0.002,0.002,1.8,2026-06-23T06:54:07,0.002,1.8
ip_shuffle,20260623T065407_124892,of:0000000000000007:1 -> of:000000000000000d:5,0.002,0.0025,0.002,0.002,1.63,2026-06-23T06:54:07,0.002,1.53
ip_shuffle,20260623T065407_124892,of:0000000000000002:2 -> of:0000000000000008:2,0.002,0.0025,0.002,0.002,1.93,2026-06-23T06:54:07,0.002,1.93
ip_shuffle,20260623T065407_124892,of:0000000000000003:2 -> of:0000000000000008:3,0.002,0.0025,0.002,0.002,1.93,2026-06-23T06:54:07,0.002,1.93
ip_shuffle,20260623T065407_124892,of:0000000000000008:1 -> of:000000000000000b:6,0.002,0.0025,0.002,0.002,1.63,2026-06-23T06:54:07,0.002,1.5
ip_shuffle,20260623T065407_124892,of:0000000000000004:2 -> of:0000000000000009:2,0.002,0.0025,0.002,0.002,1.73,2026-06-23T06:54:07,0.002,1.73
ip_shuffle,20260623T065407_124892,of:0000000000000002:1 -> of:000000000000000b:4,0.002,0.0025,0.002,0.002,1.86,2026-06-23T06:54:07,0.002,1.73
ip_shuffle,20260623T065407_124892,of:0000000000000009:1 -> of:000000000000000c:6,0.001,0.00125,0.001,0.001,1.43,2026-06-23T06:54:07,0.001,1.47
route_mutation,20260623T065504_853448,of:0000000000000004:1 -> of:000000000000000c:4,0.002,0.0025,0.002,0.002,1.43,2026-06-23T06:55:04,0.001,1.33
route_mutation,20260623T065504_853448,of:0000000000000005:1 -> of:000000000000000c:5,0.002,0.0025,0.002,0.002,1.43,2026-06-23T06:55:04,0.001,1.33
route_mutation,20260623T065504_853448,of:000000000000000a:1 -> of:000000000000000d:6,0.002,0.0025,0.002,0.002,1.37,2026-06-23T06:55:04,0.001,1.33
route_mutation,20260623T065504_853448,of:000000000000000b:3 -> of:000000000000000d:2,0.001,0.00125,0.001,0.001,1.33,2026-06-23T06:55:04,0.001,1.33
route_mutation,20260623T065504_853448,of:000000000000000c:3 -> of:000000000000000d:3,0.001,0.00125,0.001,0.001,1.33,2026-06-23T06:55:04,0.001,1.33
route_mutation,20260623T065504_853448,of:0000000000000005:2 -> of:0000000000000009:3,0.002,0.0025,0.002,0.002,1.63,2026-06-23T06:55:04,0.002,1.63
route_mutation,20260623T065504_853448,of:0000000000000001:1 -> of:000000000000000b:1,0.002,0.0025,0.002,0.002,1.43,2026-06-23T06:55:04,0.002,1.4
route_mutation,20260623T065504_853448,of:000000000000000b:2 -> of:000000000000000c:2,0.001,0.00125,0.001,0.001,1.33,2026-06-23T06:55:04,0.001,1.33
route_mutation,20260623T065504_853448,of:0000000000000001:2 -> of:000000000000000c:1,0.002,0.0025,0.002,0.001,1.33,2026-06-23T06:55:04,0.002,1.4
route_mutation,20260623T065504_853448,of:0000000000000006:2 -> of:000000000000000a:2,0.001,0.00125,0.001,0.001,1.4,2026-06-23T06:55:04,0.001,1.4
route_mutation,20260623T065504_853448,of:0000000000000001:3 -> of:000000000000000d:1,0.002,0.0025,0.002,0.002,1.43,2026-06-23T06:55:04,0.002,1.56
route_mutation,20260623T065504_853448,of:0000000000000003:1 -> of:000000000000000b:5,0.002,0.0025,0.002,0.002,1.43,2026-06-23T06:55:04,0.001,1.33
route_mutation,20260623T065504_853448,of:0000000000000006:1 -> of:000000000000000d:4,0.001,0.00125,0.001,0.001,1.37,2026-06-23T06:55:04,0.001,1.27
route_mutation,20260623T065504_853448,of:0000000000000007:2 -> of:000000000000000a:3,0.001,0.00125,0.001,0.001,1.4,2026-06-23T06:55:04,0.001,1.4
route_mutation,20260623T065504_853448,of:0000000000000007:1 -> of:000000000000000d:5,0.002,0.0025,0.002,0.002,1.53,2026-06-23T06:55:04,0.001,1.33
route_mutation,20260623T065504_853448,of:0000000000000002:2 -> of:0000000000000008:2,0.001,0.00125,0.001,0.001,1.47,2026-06-23T06:55:04,0.001,1.47
route_mutation,20260623T065504_853448,of:0000000000000003:2 -> of:0000000000000008:3,0.001,0.00125,0.001,0.001,1.47,2026-06-23T06:55:04,0.001,1.47
route_mutation,20260623T065504_853448,of:0000000000000008:1 -> of:000000000000000b:6,0.001,0.00125,0.001,0.001,1.37,2026-06-23T06:55:04,0.001,1.27
route_mutation,20260623T065504_853448,of:0000000000000004:2 -> of:0000000000000009:2,0.002,0.0025,0.002,0.002,1.63,2026-06-23T06:55:04,0.002,1.63
route_mutation,20260623T065504_853448,of:0000000000000002:1 -> of:000000000000000b:4,0.002,0.0025,0.002,0.002,1.4,2026-06-23T06:55:04,0.002,1.47
route_mutation,20260623T065504_853448,of:0000000000000009:1 -> of:000000000000000c:6,0.002,0.0025,0.002,0.002,1.53,2026-06-23T06:55:04,0.002,1.4
route_mutation,20260623T065535_163028,of:0000000000000004:1 -> of:000000000000000c:4,0.002,0.0025,0.002,0.002,2.23,2026-06-23T06:55:35,0.002,2.33
route_mutation,20260623T065535_163028,of:0000000000000005:1 -> of:000000000000000c:5,0.002,0.0025,0.002,0.002,1.96,2026-06-23T06:55:35,0.002,2.06
route_mutation,20260623T065535_163028,of:000000000000000a:1 -> of:000000000000000d:6,0.002,0.0025,0.002,0.002,1.53,2026-06-23T06:55:35,0.002,1.53
route_mutation,20260623T065535_163028,of:000000000000000b:3 -> of:000000000000000d:2,0.002,0.0025,0.002,0.002,1.73,2026-06-23T06:55:35,0.002,1.73
route_mutation,20260623T065535_163028,of:000000000000000c:3 -> of:000000000000000d:3,0.002,0.0025,0.002,0.002,1.73,2026-06-23T06:55:35,0.002,1.73
route_mutation,20260623T065535_163028,of:0000000000000005:2 -> of:0000000000000009:3,0.002,0.0025,0.002,0.002,1.53,2026-06-23T06:55:35,0.002,1.53
route_mutation,20260623T065535_163028,of:0000000000000001:1 -> of:000000000000000b:1,0.003,0.00375,0.003,0.003,3.5,2026-06-23T06:55:35,0.003,3.53
route_mutation,20260623T065535_163028,of:000000000000000b:2 -> of:000000000000000c:2,0.002,0.0025,0.002,0.002,1.73,2026-06-23T06:55:35,0.002,1.73
route_mutation,20260623T065535_163028,of:0000000000000001:2 -> of:000000000000000c:1,0.003,0.00375,0.003,0.003,2.83,2026-06-23T06:55:35,0.003,2.8
route_mutation,20260623T065535_163028,of:0000000000000006:2 -> of:000000000000000a:2,0.002,0.0025,0.002,0.002,1.63,2026-06-23T06:55:35,0.002,1.63
route_mutation,20260623T065535_163028,of:0000000000000001:3 -> of:000000000000000d:1,0.002,0.0025,0.002,0.002,1.53,2026-06-23T06:55:35,0.002,1.47
route_mutation,20260623T065535_163028,of:0000000000000003:1 -> of:000000000000000b:5,0.002,0.0025,0.002,0.002,2.46,2026-06-23T06:55:35,0.002,2.56
route_mutation,20260623T065535_163028,of:0000000000000006:1 -> of:000000000000000d:4,0.002,0.0025,0.002,0.002,1.43,2026-06-23T06:55:35,0.002,1.53
route_mutation,20260623T065535_163028,of:0000000000000007:2 -> of:000000000000000a:3,0.002,0.0025,0.002,0.002,1.63,2026-06-23T06:55:35,0.002,1.63
route_mutation,20260623T065535_163028,of:0000000000000007:1 -> of:000000000000000d:5,0.002,0.0025,0.002,0.002,1.43,2026-06-23T06:55:35,0.002,1.53
route_mutation,20260623T065535_163028,of:0000000000000002:2 -> of:0000000000000008:2,0.002,0.0025,0.002,0.002,1.53,2026-06-23T06:55:35,0.002,1.53
route_mutation,20260623T065535_163028,of:0000000000000003:2 -> of:0000000000000008:3,0.002,0.0025,0.002,0.002,1.53,2026-06-23T06:55:35,0.002,1.53
route_mutation,20260623T065535_163028,of:0000000000000008:1 -> of:000000000000000b:6,0.002,0.0025,0.002,0.002,1.43,2026-06-23T06:55:35,0.002,1.53
route_mutation,20260623T065535_163028,of:0000000000000004:2 -> of:0000000000000009:2,0.002,0.0025,0.002,0.002,1.53,2026-06-23T06:55:35,0.002,1.53
route_mutation,20260623T065535_163028,of:0000000000000002:1 -> of:000000000000000b:4,0.002,0.0025,0.002,0.002,2.5,2026-06-23T06:55:35,0.002,2.43
route_mutation,20260623T065535_163028,of:0000000000000009:1 -> of:000000000000000c:6,0.002,0.0025,0.002,0.002,1.43,2026-06-23T06:55:35,0.002,1.53
ip_shuffle,20260623T065605_597523,of:0000000000000004:1 -> of:000000000000000c:4,0.002,0.0025,0.002,0.002,2.13,2026-06-23T06:56:05,0.002,2.03
ip_shuffle,20260623T065605_597523,of:0000000000000005:1 -> of:000000000000000c:5,0.002,0.0025,0.002,0.002,2.4,2026-06-23T06:56:05,0.002,2.3
ip_shuffle,20260623T065605_597523,of:000000000000000a:1 -> of:000000000000000d:6,0.002,0.0025,0.002,0.002,1.93,2026-06-23T06:56:05,0.002,1.96
ip_shuffle,20260623T065605_597523,of:000000000000000b:3 -> of:000000000000000d:2,0.002,0.0025,0.002,0.002,2.7,2026-06-23T06:56:05,0.002,2.7
ip_shuffle,20260623T065605_597523,of:000000000000000c:3 -> of:000000000000000d:3,0.002,0.0025,0.002,0.002,2.73,2026-06-23T06:56:05,0.002,2.73
ip_shuffle,20260623T065605_597523,of:0000000000000005:2 -> of:0000000000000009:3,0.002,0.0025,0.002,0.002,3.1,2026-06-23T06:56:05,0.002,3.1
ip_shuffle,20260623T065605_597523,of:0000000000000001:1 -> of:000000000000000b:1,0.002,0.0025,0.002,0.002,1.93,2026-06-23T06:56:05,0.002,2.03
ip_shuffle,20260623T065605_597523,of:000000000000000b:2 -> of:000000000000000c:2,0.002,0.0025,0.002,0.002,2.7,2026-06-23T06:56:05,0.002,2.7
ip_shuffle,20260623T065605_597523,of:0000000000000001:2 -> of:000000000000000c:1,0.002,0.0025,0.002,0.002,2.26,2026-06-23T06:56:05,0.002,2.3
ip_shuffle,20260623T065605_597523,of:0000000000000006:2 -> of:000000000000000a:2,0.002,0.0025,0.002,0.002,2.86,2026-06-23T06:56:05,0.002,2.86
ip_shuffle,20260623T065605_597523,of:0000000000000001:3 -> of:000000000000000d:1,0.003,0.00375,0.003,0.003,4.06,2026-06-23T06:56:05,0.003,3.96
ip_shuffle,20260623T065605_597523,of:0000000000000003:1 -> of:000000000000000b:5,0.002,0.0025,0.002,0.002,2.06,2026-06-23T06:56:05,0.002,1.93
ip_shuffle,20260623T065605_597523,of:0000000000000006:1 -> of:000000000000000d:4,0.003,0.00375,0.003,0.003,3.33,2026-06-23T06:56:05,0.003,3.23
ip_shuffle,20260623T065605_597523,of:0000000000000007:2 -> of:000000000000000a:3,0.002,0.0025,0.002,0.002,2.9,2026-06-23T06:56:05,0.002,2.9
ip_shuffle,20260623T065605_597523,of:0000000000000007:1 -> of:000000000000000d:5,0.002,0.0025,0.002,0.002,2.86,2026-06-23T06:56:05,0.002,3.03
ip_shuffle,20260623T065605_597523,of:0000000000000002:2 -> of:0000000000000008:2,0.002,0.0025,0.002,0.002,3.03,2026-06-23T06:56:05,0.002,3.03
ip_shuffle,20260623T065605_597523,of:0000000000000003:2 -> of:0000000000000008:3,0.002,0.0025,0.002,0.002,3.03,2026-06-23T06:56:05,0.002,3.03
ip_shuffle,20260623T065605_597523,of:0000000000000008:1 -> of:000000000000000b:6,0.002,0.0025,0.002,0.002,2.16,2026-06-23T06:56:05,0.002,2.0
ip_shuffle,20260623T065605_597523,of:0000000000000004:2 -> of:0000000000000009:2,0.002,0.0025,0.002,0.002,3.1,2026-06-23T06:56:05,0.002,3.1
ip_shuffle,20260623T065605_597523,of:0000000000000002:1 -> of:000000000000000b:4,0.002,0.0025,0.002,0.002,2.06,2026-06-23T06:56:05,0.002,1.93
ip_shuffle,20260623T065605_597523,of:0000000000000009:1 -> of:000000000000000c:6,0.002,0.0025,0.002,0.002,2.16,2026-06-23T06:56:05,0.002,2.03
ip_shuffle,20260623T065703_239430,of:0000000000000004:1 -> of:000000000000000c:4,0.002,0.0025,0.002,0.002,1.93,2026-06-23T06:57:03,0.002,1.93
ip_shuffle,20260623T065703_239430,of:0000000000000005:1 -> of:000000000000000c:5,0.002,0.0025,0.002,0.002,1.53,2026-06-23T06:57:03,0.002,1.53
ip_shuffle,20260623T065703_239430,of:000000000000000a:1 -> of:000000000000000d:6,0.001,0.00125,0.001,0.001,1.46,2026-06-23T06:57:03,0.001,1.46
ip_shuffle,20260623T065703_239430,of:000000000000000b:3 -> of:000000000000000d:2,0.002,0.0025,0.002,0.002,1.73,2026-06-23T06:57:03,0.002,1.73
ip_shuffle,20260623T065703_239430,of:000000000000000c:3 -> of:000000000000000d:3,0.002,0.0025,0.002,0.002,1.73,2026-06-23T06:57:03,0.002,1.73
ip_shuffle,20260623T065703_239430,of:0000000000000005:2 -> of:0000000000000009:3,0.002,0.0025,0.002,0.002,1.73,2026-06-23T06:57:03,0.002,1.73
ip_shuffle,20260623T065703_239430,of:0000000000000001:1 -> of:000000000000000b:1,0.003,0.00375,0.003,0.003,3.56,2026-06-23T06:57:03,0.003,3.56
ip_shuffle,20260623T065703_239430,of:000000000000000b:2 -> of:000000000000000c:2,0.002,0.0025,0.002,0.002,1.76,2026-06-23T06:57:03,0.002,1.76
ip_shuffle,20260623T065703_239430,of:0000000000000001:2 -> of:000000000000000c:1,0.002,0.0025,0.002,0.002,1.93,2026-06-23T06:57:03,0.002,1.96
ip_shuffle,20260623T065703_239430,of:0000000000000006:2 -> of:000000000000000a:2,0.002,0.0025,0.002,0.002,1.66,2026-06-23T06:57:03,0.002,1.66
ip_shuffle,20260623T065703_239430,of:0000000000000001:3 -> of:000000000000000d:1,0.002,0.0025,0.002,0.002,1.53,2026-06-23T06:57:03,0.002,1.53
ip_shuffle,20260623T065703_239430,of:0000000000000003:1 -> of:000000000000000b:5,0.002,0.0025,0.002,0.002,2.53,2026-06-23T06:57:03,0.002,2.53
ip_shuffle,20260623T065703_239430,of:0000000000000006:1 -> of:000000000000000d:4,0.002,0.0025,0.002,0.002,1.53,2026-06-23T06:57:03,0.002,1.53
ip_shuffle,20260623T065703_239430,of:0000000000000007:2 -> of:000000000000000a:3,0.002,0.0025,0.002,0.002,1.66,2026-06-23T06:57:03,0.002,1.66
ip_shuffle,20260623T065703_239430,of:0000000000000007:1 -> of:000000000000000d:5,0.002,0.0025,0.002,0.002,1.53,2026-06-23T06:57:03,0.002,1.53
ip_shuffle,20260623T065703_239430,of:0000000000000002:2 -> of:0000000000000008:2,0.002,0.0025,0.002,0.002,1.73,2026-06-23T06:57:03,0.002,1.73
ip_shuffle,20260623T065703_239430,of:0000000000000003:2 -> of:0000000000000008:3,0.002,0.0025,0.002,0.002,1.73,2026-06-23T06:57:03,0.002,1.73
ip_shuffle,20260623T065703_239430,of:0000000000000008:1 -> of:000000000000000b:6,0.002,0.0025,0.002,0.002,1.53,2026-06-23T06:57:03,0.002,1.53
ip_shuffle,20260623T065703_239430,of:0000000000000004:2 -> of:0000000000000009:2,0.002,0.0025,0.002,0.002,1.73,2026-06-23T06:57:03,0.002,1.73
ip_shuffle,20260623T065703_239430,of:0000000000000002:1 -> of:000000000000000b:4,0.002,0.0025,0.002,0.002,2.6,2026-06-23T06:57:03,0.002,2.6
ip_shuffle,20260623T065703_239430,of:0000000000000009:1 -> of:000000000000000c:6,0.002,0.0025,0.002,0.002,1.53,2026-06-23T06:57:03,0.002,1.53
ip_shuffle,20260623T065807_472548,of:0000000000000004:1 -> of:000000000000000c:4,0.002,0.0025,0.002,0.002,1.56,2026-06-23T06:58:07,0.002,1.7
ip_shuffle,20260623T065807_472548,of:0000000000000005:1 -> of:000000000000000c:5,0.002,0.0025,0.002,0.002,1.56,2026-06-23T06:58:07,0.002,1.7
ip_shuffle,20260623T065807_472548,of:000000000000000a:1 -> of:000000000000000d:6,0.002,0.0025,0.002,0.002,1.56,2026-06-23T06:58:07,0.002,1.7
ip_shuffle,20260623T065807_472548,of:000000000000000b:3 -> of:000000000000000d:2,0.002,0.0025,0.002,0.002,2.26,2026-06-23T06:58:07,0.002,2.26
ip_shuffle,20260623T065807_472548,of:000000000000000c:3 -> of:000000000000000d:3,0.002,0.0025,0.002,0.002,2.13,2026-06-23T06:58:07,0.002,2.13
ip_shuffle,20260623T065807_472548,of:0000000000000005:2 -> of:0000000000000009:3,0.002,0.0025,0.002,0.002,1.86,2026-06-23T06:58:07,0.002,1.86
ip_shuffle,20260623T065807_472548,of:0000000000000001:1 -> of:000000000000000b:1,0.002,0.0025,0.002,0.002,1.9,2026-06-23T06:58:07,0.002,1.8
ip_shuffle,20260623T065807_472548,of:000000000000000b:2 -> of:000000000000000c:2,0.002,0.0025,0.002,0.002,2.33,2026-06-23T06:58:07,0.002,2.33
ip_shuffle,20260623T065807_472548,of:0000000000000001:2 -> of:000000000000000c:1,0.002,0.0025,0.002,0.002,1.76,2026-06-23T06:58:07,0.002,1.66
ip_shuffle,20260623T065807_472548,of:0000000000000006:2 -> of:000000000000000a:2,0.002,0.0025,0.002,0.002,1.86,2026-06-23T06:58:07,0.002,1.86
ip_shuffle,20260623T065807_472548,of:0000000000000001:3 -> of:000000000000000d:1,0.002,0.0025,0.002,0.002,2.43,2026-06-23T06:58:07,0.002,2.56
ip_shuffle,20260623T065807_472548,of:0000000000000003:1 -> of:000000000000000b:5,0.002,0.0025,0.002,0.002,1.8,2026-06-23T06:58:07,0.002,1.9
ip_shuffle,20260623T065807_472548,of:0000000000000006:1 -> of:000000000000000d:4,0.001,0.00125,0.001,0.001,1.5,2026-06-23T06:58:07,0.001,1.63
ip_shuffle,20260623T065807_472548,of:0000000000000007:2 -> of:000000000000000a:3,0.002,0.0025,0.002,0.002,1.86,2026-06-23T06:58:07,0.002,1.86
ip_shuffle,20260623T065807_472548,of:0000000000000007:1 -> of:000000000000000d:5,0.002,0.0025,0.002,0.002,2.49,2026-06-23T06:58:07,0.002,2.33
ip_shuffle,20260623T065807_472548,of:0000000000000002:2 -> of:0000000000000008:2,0.002,0.0025,0.002,0.002,1.9,2026-06-23T06:58:07,0.002,1.9
ip_shuffle,20260623T065807_472548,of:0000000000000003:2 -> of:0000000000000008:3,0.002,0.0025,0.002,0.002,1.9,2026-06-23T06:58:07,0.002,1.9
ip_shuffle,20260623T065807_472548,of:0000000000000008:1 -> of:000000000000000b:6,0.002,0.0025,0.002,0.002,1.7,2026-06-23T06:58:07,0.002,1.83
ip_shuffle,20260623T065807_472548,of:0000000000000004:2 -> of:0000000000000009:2,0.002,0.0025,0.002,0.002,1.86,2026-06-23T06:58:07,0.002,1.86
ip_shuffle,20260623T065807_472548,of:0000000000000002:1 -> of:000000000000000b:4,0.002,0.0025,0.002,0.002,1.8,2026-06-23T06:58:07,0.002,1.9
ip_shuffle,20260623T065807_472548,of:0000000000000009:1 -> of:000000000000000c:6,0.002,0.0025,0.002,0.002,1.63,2026-06-23T06:58:07,0.002,1.76
ip_shuffle,20260623T065911_567955,of:0000000000000004:1 -> of:000000000000000c:4,0.002,0.0025,0.002,0.002,2.46,2026-06-23T06:59:11,0.002,2.5
ip_shuffle,20260623T065911_567955,of:0000000000000005:1 -> of:000000000000000c:5,0.002,0.0025,0.002,0.002,2.46,2026-06-23T06:59:11,0.002,2.5
ip_shuffle,20260623T065911_567955,of:000000000000000a:1 -> of:000000000000000d:6,0.002,0.0025,0.002,0.002,1.76,2026-06-23T06:59:11,0.002,1.76
ip_shuffle,20260623T065911_567955,of:000000000000000b:3 -> of:000000000000000d:2,0.002,0.0025,0.002,0.002,2.23,2026-06-23T06:59:11,0.002,2.23
ip_shuffle,20260623T065911_567955,of:000000000000000c:3 -> of:000000000000000d:3,0.002,0.0025,0.002,0.002,2.13,2026-06-23T06:59:11,0.002,2.13
ip_shuffle,20260623T065911_567955,of:0000000000000005:2 -> of:0000000000000009:3,0.002,0.0025,0.002,0.002,2.16,2026-06-23T06:59:11,0.002,2.16
ip_shuffle,20260623T065911_567955,of:0000000000000001:1 -> of:000000000000000b:1,0.002,0.0025,0.002,0.002,1.9,2026-06-23T06:59:11,0.002,1.73
ip_shuffle,20260623T065911_567955,of:000000000000000b:2 -> of:000000000000000c:2,0.002,0.0025,0.002,0.002,2.16,2026-06-23T06:59:11,0.002,2.16
ip_shuffle,20260623T065911_567955,of:0000000000000001:2 -> of:000000000000000c:1,0.003,0.00375,0.003,0.003,3.23,2026-06-23T06:59:11,0.003,3.23
ip_shuffle,20260623T065911_567955,of:0000000000000006:2 -> of:000000000000000a:2,0.002,0.0025,0.002,0.002,2.2,2026-06-23T06:59:11,0.002,2.2
ip_shuffle,20260623T065911_567955,of:0000000000000001:3 -> of:000000000000000d:1,0.003,0.00375,0.003,0.003,2.96,2026-06-23T06:59:11,0.002,2.73
ip_shuffle,20260623T065911_567955,of:0000000000000003:1 -> of:000000000000000b:5,0.002,0.0025,0.002,0.002,1.73,2026-06-23T06:59:11,0.002,1.86
ip_shuffle,20260623T065911_567955,of:0000000000000006:1 -> of:000000000000000d:4,0.003,0.00375,0.003,0.002,2.66,2026-06-23T06:59:11,0.003,2.9
ip_shuffle,20260623T065911_567955,of:0000000000000007:2 -> of:000000000000000a:3,0.002,0.0025,0.002,0.002,2.2,2026-06-23T06:59:11,0.002,2.2
ip_shuffle,20260623T065911_567955,of:0000000000000007:1 -> of:000000000000000d:5,0.002,0.0025,0.002,0.002,1.93,2026-06-23T06:59:11,0.002,2.0
ip_shuffle,20260623T065911_567955,of:0000000000000002:2 -> of:0000000000000008:2,0.002,0.0025,0.002,0.002,2.1,2026-06-23T06:59:11,0.002,2.1
ip_shuffle,20260623T065911_567955,of:0000000000000003:2 -> of:0000000000000008:3,0.002,0.0025,0.002,0.002,2.1,2026-06-23T06:59:11,0.002,2.1
ip_shuffle,20260623T065911_567955,of:0000000000000008:1 -> of:000000000000000b:6,0.002,0.0025,0.002,0.002,1.76,2026-06-23T06:59:11,0.002,1.8
ip_shuffle,20260623T065911_567955,of:0000000000000004:2 -> of:0000000000000009:2,0.002,0.0025,0.002,0.002,2.16,2026-06-23T06:59:11,0.002,2.16
ip_shuffle,20260623T065911_567955,of:0000000000000002:1 -> of:000000000000000b:4,0.002,0.0025,0.002,0.002,1.66,2026-06-23T06:59:11,0.002,1.73
ip_shuffle,20260623T065911_567955,of:0000000000000009:1 -> of:000000000000000c:6,0.002,0.0025,0.002,0.002,1.7,2026-06-23T06:59:11,0.002,1.7
route_mutation,20260623T070015_847149,of:0000000000000004:1 -> of:000000000000000c:4,0.002,0.0025,0.002,0.002,1.43,2026-06-23T07:00:15,0.002,1.5
route_mutation,20260623T070015_847149,of:0000000000000005:1 -> of:000000000000000c:5,0.002,0.0025,0.002,0.002,1.43,2026-06-23T07:00:15,0.002,1.5
route_mutation,20260623T070015_847149,of:000000000000000a:1 -> of:000000000000000d:6,0.001,0.00125,0.001,0.001,1.37,2026-06-23T07:00:15,0.001,1.37
route_mutation,20260623T070015_847149,of:000000000000000b:3 -> of:000000000000000d:2,0.001,0.00125,0.001,0.001,1.47,2026-06-23T07:00:15,0.001,1.47
route_mutation,20260623T070015_847149,of:000000000000000c:3 -> of:000000000000000d:3,0.002,0.0025,0.002,0.002,1.6,2026-06-23T07:00:15,0.002,1.6
route_mutation,20260623T070015_847149,of:0000000000000005:2 -> of:0000000000000009:3,0.001,0.00125,0.001,0.001,1.47,2026-06-23T07:00:15,0.001,1.47
route_mutation,20260623T070015_847149,of:0000000000000001:1 -> of:000000000000000b:1,0.003,0.00375,0.003,0.003,2.93,2026-06-23T07:00:15,0.003,2.93
route_mutation,20260623T070015_847149,of:000000000000000b:2 -> of:000000000000000c:2,0.002,0.0025,0.002,0.002,1.53,2026-06-23T07:00:15,0.002,1.53
route_mutation,20260623T070015_847149,of:0000000000000001:2 -> of:000000000000000c:1,0.002,0.0025,0.002,0.002,1.5,2026-06-23T07:00:15,0.002,1.43
route_mutation,20260623T070015_847149,of:0000000000000006:2 -> of:000000000000000a:2,0.001,0.00125,0.001,0.001,1.47,2026-06-23T07:00:15,0.001,1.47
route_mutation,20260623T070015_847149,of:0000000000000001:3 -> of:000000000000000d:1,0.002,0.0025,0.002,0.002,1.9,2026-06-23T07:00:15,0.002,1.9
route_mutation,20260623T070015_847149,of:0000000000000003:1 -> of:000000000000000b:5,0.002,0.0025,0.002,0.002,1.9,2026-06-23T07:00:15,0.002,1.9
route_mutation,20260623T070015_847149,of:0000000000000006:1 -> of:000000000000000d:4,0.002,0.0025,0.002,0.002,1.43,2026-06-23T07:00:15,0.002,1.43
route_mutation,20260623T070015_847149,of:0000000000000007:2 -> of:000000000000000a:3,0.001,0.00125,0.001,0.001,1.47,2026-06-23T07:00:15,0.001,1.47
route_mutation,20260623T070015_847149,of:0000000000000007:1 -> of:000000000000000d:5,0.002,0.0025,0.002,0.002,1.8,2026-06-23T07:00:15,0.002,1.8
route_mutation,20260623T070015_847149,of:0000000000000002:2 -> of:0000000000000008:2,0.002,0.0025,0.002,0.002,1.53,2026-06-23T07:00:15,0.002,1.53
route_mutation,20260623T070015_847149,of:0000000000000003:2 -> of:0000000000000008:3,0.002,0.0025,0.002,0.002,1.53,2026-06-23T07:00:15,0.002,1.53
route_mutation,20260623T070015_847149,of:0000000000000008:1 -> of:000000000000000b:6,0.001,0.00125,0.001,0.001,1.37,2026-06-23T07:00:15,0.001,1.37
route_mutation,20260623T070015_847149,of:0000000000000004:2 -> of:0000000000000009:2,0.001,0.00125,0.001,0.001,1.47,2026-06-23T07:00:15,0.001,1.47
route_mutation,20260623T070015_847149,of:0000000000000002:1 -> of:000000000000000b:4,0.002,0.0025,0.002,0.002,2.4,2026-06-23T07:00:15,0.002,2.4
route_mutation,20260623T070015_847149,of:0000000000000009:1 -> of:000000000000000c:6,0.001,0.00125,0.001,0.001,1.37,2026-06-23T07:00:15,0.001,1.43
route_mutation,20260623T070046_179735,of:0000000000000004:1 -> of:000000000000000c:4,0.002,0.0025,0.002,0.002,2.23,2026-06-23T07:00:46,0.002,2.16
route_mutation,20260623T070046_179735,of:0000000000000005:1 -> of:000000000000000c:5,0.002,0.0025,0.002,0.002,2.2,2026-06-23T07:00:46,0.002,2.13
route_mutation,20260623T070046_179735,of:000000000000000a:1 -> of:000000000000000d:6,0.002,0.0025,0.002,0.002,1.53,2026-06-23T07:00:46,0.002,1.43
route_mutation,20260623T070046_179735,of:000000000000000b:3 -> of:000000000000000d:2,0.002,0.0025,0.002,0.002,1.63,2026-06-23T07:00:46,0.002,1.63
route_mutation,20260623T070046_179735,of:000000000000000c:3 -> of:000000000000000d:3,0.001,0.00125,0.001,0.001,1.46,2026-06-23T07:00:46,0.001,1.46
route_mutation,20260623T070046_179735,of:0000000000000005:2 -> of:0000000000000009:3,0.002,0.0025,0.002,0.002,1.7,2026-06-23T07:00:46,0.002,1.7
route_mutation,20260623T070046_179735,of:0000000000000001:1 -> of:000000000000000b:1,0.002,0.0025,0.002,0.002,1.93,2026-06-23T07:00:46,0.002,1.86
route_mutation,20260623T070046_179735,of:000000000000000b:2 -> of:000000000000000c:2,0.002,0.0025,0.002,0.002,1.56,2026-06-23T07:00:46,0.002,1.56
route_mutation,20260623T070046_179735,of:0000000000000001:2 -> of:000000000000000c:1,0.003,0.00375,0.003,0.003,2.86,2026-06-23T07:00:46,0.003,2.9
route_mutation,20260623T070046_179735,of:0000000000000006:2 -> of:000000000000000a:2,0.002,0.0025,0.002,0.002,1.7,2026-06-23T07:00:46,0.002,1.7
route_mutation,20260623T070046_179735,of:0000000000000001:3 -> of:000000000000000d:1,0.002,0.0025,0.002,0.002,1.53,2026-06-23T07:00:46,0.002,1.5
route_mutation,20260623T070046_179735,of:0000000000000003:1 -> of:000000000000000b:5,0.002,0.0025,0.002,0.002,1.96,2026-06-23T07:00:46,0.002,2.0
route_mutation,20260623T070046_179735,of:0000000000000006:1 -> of:000000000000000d:4,0.002,0.0025,0.002,0.002,1.56,2026-06-23T07:00:46,0.002,1.6
route_mutation,20260623T070046_179735,of:0000000000000007:2 -> of:000000000000000a:3,0.002,0.0025,0.002,0.002,1.73,2026-06-23T07:00:46,0.002,1.73
route_mutation,20260623T070046_179735,of:0000000000000007:1 -> of:000000000000000d:5,0.002,0.0025,0.002,0.002,1.53,2026-06-23T07:00:46,0.002,1.43
route_mutation,20260623T070046_179735,of:0000000000000002:2 -> of:0000000000000008:2,0.002,0.0025,0.002,0.002,1.7,2026-06-23T07:00:46,0.002,1.7
route_mutation,20260623T070046_179735,of:0000000000000003:2 -> of:0000000000000008:3,0.002,0.0025,0.002,0.002,1.7,2026-06-23T07:00:46,0.002,1.7
route_mutation,20260623T070046_179735,of:0000000000000008:1 -> of:000000000000000b:6,0.002,0.0025,0.002,0.002,1.53,2026-06-23T07:00:46,0.002,1.53
route_mutation,20260623T070046_179735,of:0000000000000004:2 -> of:0000000000000009:2,0.002,0.0025,0.002,0.002,1.7,2026-06-23T07:00:46,0.002,1.7
route_mutation,20260623T070046_179735,of:0000000000000002:1 -> of:000000000000000b:4,0.002,0.0025,0.002,0.002,1.5,2026-06-23T07:00:46,0.002,1.53
route_mutation,20260623T070046_179735,of:0000000000000009:1 -> of:000000000000000c:6,0.001,0.00125,0.001,0.001,1.46,2026-06-23T07:00:46,0.001,1.37
ip_shuffle,20260623T070116_414243,of:0000000000000004:1 -> of:000000000000000c:4,0.002,0.0025,0.002,0.002,2.16,2026-06-23T07:01:16,0.002,2.23
ip_shuffle,20260623T070116_414243,of:0000000000000005:1 -> of:000000000000000c:5,0.002,0.0025,0.002,0.002,2.2,2026-06-23T07:01:16,0.002,2.26
ip_shuffle,20260623T070116_414243,of:000000000000000a:1 -> of:000000000000000d:6,0.002,0.0025,0.002,0.002,2.0,2026-06-23T07:01:16,0.002,2.1
ip_shuffle,20260623T070116_414243,of:000000000000000b:3 -> of:000000000000000d:2,0.002,0.0025,0.002,0.002,2.83,2026-06-23T07:01:16,0.002,2.83
ip_shuffle,20260623T070116_414243,of:000000000000000c:3 -> of:000000000000000d:3,0.002,0.0025,0.002,0.002,3.06,2026-06-23T07:01:16,0.002,3.06
ip_shuffle,20260623T070116_414243,of:0000000000000005:2 -> of:0000000000000009:3,0.002,0.0025,0.002,0.002,2.76,2026-06-23T07:01:16,0.002,2.76
ip_shuffle,20260623T070116_414243,of:0000000000000001:1 -> of:000000000000000b:1,0.002,0.0025,0.002,0.002,2.06,2026-06-23T07:01:16,0.002,2.13
ip_shuffle,20260623T070116_414243,of:000000000000000b:2 -> of:000000000000000c:2,0.002,0.0025,0.002,0.002,3.03,2026-06-23T07:01:16,0.002,3.03
ip_shuffle,20260623T070116_414243,of:0000000000000001:2 -> of:000000000000000c:1,0.002,0.0025,0.002,0.002,2.33,2026-06-23T07:01:16,0.002,2.3
ip_shuffle,20260623T070116_414243,of:0000000000000006:2 -> of:000000000000000a:2,0.002,0.0025,0.002,0.002,2.76,2026-06-23T07:01:16,0.002,2.76
ip_shuffle,20260623T070116_414243,of:0000000000000001:3 -> of:000000000000000d:1,0.003,0.00375,0.003,0.003,4.42,2026-06-23T07:01:16,0.003,4.39
ip_shuffle,20260623T070116_414243,of:0000000000000003:1 -> of:000000000000000b:5,0.002,0.0025,0.002,0.002,2.03,2026-06-23T07:01:16,0.002,2.0
ip_shuffle,20260623T070116_414243,of:0000000000000006:1 -> of:000000000000000d:4,0.003,0.00375,0.003,0.003,3.33,2026-06-23T07:01:16,0.003,3.26
ip_shuffle,20260623T070116_414243,of:0000000000000007:2 -> of:000000000000000a:3,0.002,0.0025,0.002,0.002,2.73,2026-06-23T07:01:16,0.002,2.73
ip_shuffle,20260623T070116_414243,of:0000000000000007:1 -> of:000000000000000d:5,0.003,0.00375,0.003,0.003,3.26,2026-06-23T07:01:16,0.003,3.43
ip_shuffle,20260623T070116_414243,of:0000000000000002:2 -> of:0000000000000008:2,0.002,0.0025,0.002,0.002,2.76,2026-06-23T07:01:16,0.002,2.76
ip_shuffle,20260623T070116_414243,of:0000000000000003:2 -> of:0000000000000008:3,0.002,0.0025,0.002,0.002,2.76,2026-06-23T07:01:16,0.002,2.76
ip_shuffle,20260623T070116_414243,of:0000000000000008:1 -> of:000000000000000b:6,0.002,0.0025,0.002,0.002,2.06,2026-06-23T07:01:16,0.002,2.06
ip_shuffle,20260623T070116_414243,of:0000000000000004:2 -> of:0000000000000009:2,0.002,0.0025,0.002,0.002,2.76,2026-06-23T07:01:16,0.002,2.76
ip_shuffle,20260623T070116_414243,of:0000000000000002:1 -> of:000000000000000b:4,0.002,0.0025,0.002,0.002,2.03,2026-06-23T07:01:16,0.002,2.0
ip_shuffle,20260623T070116_414243,of:0000000000000009:1 -> of:000000000000000c:6,0.002,0.0025,0.002,0.002,2.2,2026-06-23T07:01:16,0.002,2.3
route_mutation,20260623T070214_105029,of:0000000000000004:1 -> of:000000000000000c:4,0.002,0.0025,0.002,0.002,2.23,2026-06-23T07:02:14,0.002,2.23
route_mutation,20260623T070214_105029,of:0000000000000005:1 -> of:000000000000000c:5,0.002,0.0025,0.002,0.002,2.2,2026-06-23T07:02:14,0.002,2.2
route_mutation,20260623T070214_105029,of:000000000000000a:1 -> of:000000000000000d:6,0.002,0.0025,0.002,0.002,1.43,2026-06-23T07:02:14,0.002,1.53
route_mutation,20260623T070214_105029,of:000000000000000b:3 -> of:000000000000000d:2,0.002,0.0025,0.002,0.002,1.63,2026-06-23T07:02:14,0.002,1.63
route_mutation,20260623T070214_105029,of:000000000000000c:3 -> of:000000000000000d:3,0.002,0.0025,0.002,0.002,1.63,2026-06-23T07:02:14,0.002,1.63
route_mutation,20260623T070214_105029,of:0000000000000005:2 -> of:0000000000000009:3,0.002,0.0025,0.002,0.002,1.53,2026-06-23T07:02:14,0.002,1.53
route_mutation,20260623T070214_105029,of:0000000000000001:1 -> of:000000000000000b:1,0.003,0.00375,0.003,0.003,3.33,2026-06-23T07:02:14,0.003,3.23
route_mutation,20260623T070214_105029,of:000000000000000b:2 -> of:000000000000000c:2,0.002,0.0025,0.002,0.002,1.53,2026-06-23T07:02:14,0.002,1.53
route_mutation,20260623T070214_105029,of:0000000000000001:2 -> of:000000000000000c:1,0.003,0.00375,0.003,0.003,2.9,2026-06-23T07:02:14,0.003,2.96
route_mutation,20260623T070214_105029,of:0000000000000006:2 -> of:000000000000000a:2,0.002,0.0025,0.002,0.002,1.53,2026-06-23T07:02:14,0.002,1.53
route_mutation,20260623T070214_105029,of:0000000000000001:3 -> of:000000000000000d:1,0.002,0.0025,0.002,0.002,1.76,2026-06-23T07:02:14,0.002,1.7
route_mutation,20260623T070214_105029,of:0000000000000003:1 -> of:000000000000000b:5,0.002,0.0025,0.002,0.002,2.46,2026-06-23T07:02:14,0.002,2.46
route_mutation,20260623T070214_105029,of:0000000000000006:1 -> of:000000000000000d:4,0.002,0.0025,0.002,0.002,1.66,2026-06-23T07:02:14,0.002,1.76
route_mutation,20260623T070214_105029,of:0000000000000007:2 -> of:000000000000000a:3,0.002,0.0025,0.002,0.002,1.53,2026-06-23T07:02:14,0.002,1.53
route_mutation,20260623T070214_105029,of:0000000000000007:1 -> of:000000000000000d:5,0.002,0.0025,0.002,0.002,1.43,2026-06-23T07:02:14,0.002,1.53
route_mutation,20260623T070214_105029,of:0000000000000002:2 -> of:0000000000000008:2,0.002,0.0025,0.002,0.002,1.53,2026-06-23T07:02:14,0.002,1.53
route_mutation,20260623T070214_105029,of:0000000000000003:2 -> of:0000000000000008:3,0.002,0.0025,0.002,0.002,1.53,2026-06-23T07:02:14,0.002,1.53
route_mutation,20260623T070214_105029,of:0000000000000008:1 -> of:000000000000000b:6,0.002,0.0025,0.002,0.002,1.43,2026-06-23T07:02:14,0.002,1.43
route_mutation,20260623T070214_105029,of:0000000000000004:2 -> of:0000000000000009:2,0.002,0.0025,0.002,0.002,1.53,2026-06-23T07:02:14,0.002,1.53
route_mutation,20260623T070214_105029,of:0000000000000002:1 -> of:000000000000000b:4,0.002,0.0025,0.002,0.002,2.26,2026-06-23T07:02:14,0.002,2.33
route_mutation,20260623T070214_105029,of:0000000000000009:1 -> of:000000000000000c:6,0.002,0.0025,0.002,0.002,1.43,2026-06-23T07:02:14,0.002,1.43
ip_shuffle,20260623T070244_312603,of:0000000000000004:1 -> of:000000000000000c:4,0.002,0.0025,0.002,0.002,2.06,2026-06-23T07:02:44,0.002,2.06
ip_shuffle,20260623T070244_312603,of:0000000000000005:1 -> of:000000000000000c:5,0.002,0.0025,0.002,0.002,2.1,2026-06-23T07:02:44,0.002,2.1
ip_shuffle,20260623T070244_312603,of:000000000000000a:1 -> of:000000000000000d:6,0.002,0.0025,0.002,0.002,2.06,2026-06-23T07:02:44,0.002,1.96
ip_shuffle,20260623T070244_312603,of:000000000000000b:3 -> of:000000000000000d:2,0.002,0.0025,0.002,0.002,2.76,2026-06-23T07:02:44,0.002,2.76
ip_shuffle,20260623T070244_312603,of:000000000000000c:3 -> of:000000000000000d:3,0.002,0.0025,0.002,0.002,2.76,2026-06-23T07:02:44,0.002,2.76
ip_shuffle,20260623T070244_312603,of:0000000000000005:2 -> of:0000000000000009:3,0.002,0.0025,0.002,0.002,2.86,2026-06-23T07:02:44,0.002,2.86
ip_shuffle,20260623T070244_312603,of:0000000000000001:1 -> of:000000000000000b:1,0.002,0.0025,0.002,0.002,2.13,2026-06-23T07:02:44,0.002,2.1
ip_shuffle,20260623T070244_312603,of:000000000000000b:2 -> of:000000000000000c:2,0.002,0.0025,0.002,0.002,2.93,2026-06-23T07:02:44,0.002,2.93
ip_shuffle,20260623T070244_312603,of:0000000000000001:2 -> of:000000000000000c:1,0.002,0.0025,0.002,0.002,2.2,2026-06-23T07:02:44,0.002,2.13
ip_shuffle,20260623T070244_312603,of:0000000000000006:2 -> of:000000000000000a:2,0.002,0.0025,0.002,0.002,2.86,2026-06-23T07:02:44,0.002,2.86
ip_shuffle,20260623T070244_312603,of:0000000000000001:3 -> of:000000000000000d:1,0.003,0.00375,0.003,0.003,4.29,2026-06-23T07:02:44,0.003,4.19
ip_shuffle,20260623T070244_312603,of:0000000000000003:1 -> of:000000000000000b:5,0.002,0.0025,0.002,0.002,2.06,2026-06-23T07:02:44,0.002,2.06
ip_shuffle,20260623T070244_312603,of:0000000000000006:1 -> of:000000000000000d:4,0.003,0.00375,0.003,0.003,3.36,2026-06-23T07:02:44,0.003,3.26
ip_shuffle,20260623T070244_312603,of:0000000000000007:2 -> of:000000000000000a:3,0.002,0.0025,0.002,0.002,2.86,2026-06-23T07:02:44,0.002,2.86
ip_shuffle,20260623T070244_312603,of:0000000000000007:1 -> of:000000000000000d:5,0.003,0.00375,0.003,0.002,3.03,2026-06-23T07:02:44,0.003,3.23
ip_shuffle,20260623T070244_312603,of:0000000000000002:2 -> of:0000000000000008:2,0.002,0.0025,0.002,0.002,2.86,2026-06-23T07:02:44,0.002,2.86
ip_shuffle,20260623T070244_312603,of:0000000000000003:2 -> of:0000000000000008:3,0.002,0.0025,0.002,0.002,2.86,2026-06-23T07:02:44,0.002,2.86
ip_shuffle,20260623T070244_312603,of:0000000000000008:1 -> of:000000000000000b:6,0.002,0.0025,0.002,0.002,2.13,2026-06-23T07:02:44,0.002,2.13
ip_shuffle,20260623T070244_312603,of:0000000000000004:2 -> of:0000000000000009:2,0.002,0.0025,0.002,0.002,2.86,2026-06-23T07:02:44,0.002,2.86
ip_shuffle,20260623T070244_312603,of:0000000000000002:1 -> of:000000000000000b:4,0.002,0.0025,0.002,0.002,2.06,2026-06-23T07:02:44,0.002,2.06
ip_shuffle,20260623T070244_312603,of:0000000000000009:1 -> of:000000000000000c:6,0.002,0.0025,0.002,0.002,2.13,2026-06-23T07:02:44,0.002,2.13
route_mutation,20260623T070341_963486,of:0000000000000004:1 -> of:000000000000000c:4,0.002,0.0025,0.002,0.002,2.33,2026-06-23T07:03:41,0.002,2.3
route_mutation,20260623T070341_963486,of:0000000000000005:1 -> of:000000000000000c:5,0.002,0.0025,0.002,0.002,1.93,2026-06-23T07:03:41,0.002,1.9
route_mutation,20260623T070341_963486,of:000000000000000a:1 -> of:000000000000000d:6,0.002,0.0025,0.002,0.002,1.5,2026-06-23T07:03:41,0.002,1.53
route_mutation,20260623T070341_963486,of:000000000000000b:3 -> of:000000000000000d:2,0.002,0.0025,0.002,0.002,1.7,2026-06-23T07:03:41,0.002,1.7
route_mutation,20260623T070341_963486,of:000000000000000c:3 -> of:000000000000000d:3,0.002,0.0025,0.002,0.002,1.7,2026-06-23T07:03:41,0.002,1.7
route_mutation,20260623T070341_963486,of:0000000000000005:2 -> of:0000000000000009:3,0.002,0.0025,0.002,0.002,1.7,2026-06-23T07:03:41,0.002,1.7
route_mutation,20260623T070341_963486,of:0000000000000001:1 -> of:000000000000000b:1,0.003,0.00375,0.003,0.003,3.5,2026-06-23T07:03:41,0.003,3.5
route_mutation,20260623T070341_963486,of:000000000000000b:2 -> of:000000000000000c:2,0.002,0.0025,0.002,0.002,1.67,2026-06-23T07:03:41,0.002,1.67
route_mutation,20260623T070341_963486,of:0000000000000001:2 -> of:000000000000000c:1,0.002,0.0025,0.002,0.002,2.56,2026-06-23T07:03:41,0.002,2.6
route_mutation,20260623T070341_963486,of:0000000000000006:2 -> of:000000000000000a:2,0.002,0.0025,0.002,0.002,1.7,2026-06-23T07:03:41,0.002,1.7
route_mutation,20260623T070341_963486,of:0000000000000001:3 -> of:000000000000000d:1,0.002,0.0025,0.002,0.002,1.57,2026-06-23T07:03:41,0.002,1.57
route_mutation,20260623T070341_963486,of:0000000000000003:1 -> of:000000000000000b:5,0.002,0.0025,0.002,0.002,2.56,2026-06-23T07:03:41,0.002,2.53
route_mutation,20260623T070341_963486,of:0000000000000006:1 -> of:000000000000000d:4,0.002,0.0025,0.002,0.002,1.53,2026-06-23T07:03:41,0.002,1.53
route_mutation,20260623T070341_963486,of:0000000000000007:2 -> of:000000000000000a:3,0.002,0.0025,0.002,0.002,1.67,2026-06-23T07:03:41,0.002,1.67
route_mutation,20260623T070341_963486,of:0000000000000007:1 -> of:000000000000000d:5,0.002,0.0025,0.002,0.002,1.6,2026-06-23T07:03:41,0.002,1.63
route_mutation,20260623T070341_963486,of:0000000000000002:2 -> of:0000000000000008:2,0.002,0.0025,0.002,0.002,1.7,2026-06-23T07:03:41,0.002,1.7
route_mutation,20260623T070341_963486,of:0000000000000003:2 -> of:0000000000000008:3,0.002,0.0025,0.002,0.002,1.7,2026-06-23T07:03:41,0.002,1.7
route_mutation,20260623T070341_963486,of:0000000000000008:1 -> of:000000000000000b:6,0.002,0.0025,0.002,0.002,1.5,2026-06-23T07:03:41,0.002,1.5
route_mutation,20260623T070341_963486,of:0000000000000004:2 -> of:0000000000000009:2,0.002,0.0025,0.002,0.002,1.7,2026-06-23T07:03:41,0.002,1.7
route_mutation,20260623T070341_963486,of:0000000000000002:1 -> of:000000000000000b:4,0.002,0.0025,0.002,0.002,2.53,2026-06-23T07:03:41,0.002,2.53
route_mutation,20260623T070341_963486,of:0000000000000009:1 -> of:000000000000000c:6,0.002,0.0025,0.002,0.002,1.5,2026-06-23T07:03:41,0.002,1.5
ip_shuffle,20260623T070412_258645,of:0000000000000004:1 -> of:000000000000000c:4,0.002,0.0025,0.002,0.002,1.73,2026-06-23T07:04:12,0.002,1.76
ip_shuffle,20260623T070412_258645,of:0000000000000005:1 -> of:000000000000000c:5,0.002,0.0025,0.002,0.002,2.13,2026-06-23T07:04:12,0.002,2.16
ip_shuffle,20260623T070412_258645,of:000000000000000a:1 -> of:000000000000000d:6,0.002,0.0025,0.002,0.002,1.76,2026-06-23T07:04:12,0.002,1.66
ip_shuffle,20260623T070412_258645,of:000000000000000b:3 -> of:000000000000000d:2,0.002,0.0025,0.002,0.002,2.16,2026-06-23T07:04:12,0.002,2.16
ip_shuffle,20260623T070412_258645,of:000000000000000c:3 -> of:000000000000000d:3,0.002,0.0025,0.002,0.002,2.16,2026-06-23T07:04:12,0.002,2.16
ip_shuffle,20260623T070412_258645,of:0000000000000005:2 -> of:0000000000000009:3,0.002,0.0025,0.002,0.002,2.23,2026-06-23T07:04:12,0.002,2.23
ip_shuffle,20260623T070412_258645,of:0000000000000001:1 -> of:000000000000000b:1,0.002,0.0025,0.002,0.002,1.83,2026-06-23T07:04:12,0.002,1.76
ip_shuffle,20260623T070412_258645,of:000000000000000b:2 -> of:000000000000000c:2,0.002,0.0025,0.002,0.002,2.33,2026-06-23T07:04:12,0.002,2.33
ip_shuffle,20260623T070412_258645,of:0000000000000001:2 -> of:000000000000000c:1,0.002,0.0025,0.002,0.002,2.3,2026-06-23T07:04:12,0.002,2.23
ip_shuffle,20260623T070412_258645,of:0000000000000006:2 -> of:000000000000000a:2,0.002,0.0025,0.002,0.002,2.23,2026-06-23T07:04:12,0.002,2.23
ip_shuffle,20260623T070412_258645,of:0000000000000001:3 -> of:000000000000000d:1,0.002,0.0025,0.002,0.002,2.9,2026-06-23T07:04:12,0.002,2.8
ip_shuffle,20260623T070412_258645,of:0000000000000003:1 -> of:000000000000000b:5,0.002,0.0025,0.002,0.002,1.7,2026-06-23T07:04:12,0.002,1.76
ip_shuffle,20260623T070412_258645,of:0000000000000006:1 -> of:000000000000000d:4,0.002,0.0025,0.002,0.002,2.7,2026-06-23T07:04:12,0.002,2.7
ip_shuffle,20260623T070412_258645,of:0000000000000007:2 -> of:000000000000000a:3,0.002,0.0025,0.002,0.002,2.23,2026-06-23T07:04:12,0.002,2.23
ip_shuffle,20260623T070412_258645,of:0000000000000007:1 -> of:000000000000000d:5,0.002,0.0025,0.002,0.002,1.73,2026-06-23T07:04:12,0.002,1.8
ip_shuffle,20260623T070412_258645,of:0000000000000002:2 -> of:0000000000000008:2,0.002,0.0025,0.002,0.002,2.16,2026-06-23T07:04:12,0.002,2.16
ip_shuffle,20260623T070412_258645,of:0000000000000003:2 -> of:0000000000000008:3,0.002,0.0025,0.002,0.002,2.16,2026-06-23T07:04:12,0.002,2.16
ip_shuffle,20260623T070412_258645,of:0000000000000008:1 -> of:000000000000000b:6,0.002,0.0025,0.002,0.002,1.8,2026-06-23T07:04:12,0.002,1.83
ip_shuffle,20260623T070412_258645,of:0000000000000004:2 -> of:0000000000000009:2,0.002,0.0025,0.002,0.002,2.23,2026-06-23T07:04:12,0.002,2.23
ip_shuffle,20260623T070412_258645,of:0000000000000002:1 -> of:000000000000000b:4,0.002,0.0025,0.002,0.002,1.7,2026-06-23T07:04:12,0.002,1.76
ip_shuffle,20260623T070412_258645,of:0000000000000009:1 -> of:000000000000000c:6,0.002,0.0025,0.002,0.002,1.83,2026-06-23T07:04:12,0.002,1.83
ip_shuffle,20260623T070509_915268,of:0000000000000004:1 -> of:000000000000000c:4,0.002,0.0025,0.002,0.002,1.43,2026-06-23T07:05:09,0.002,1.43
ip_shuffle,20260623T070509_915268,of:0000000000000005:1 -> of:000000000000000c:5,0.002,0.0025,0.002,0.002,1.43,2026-06-23T07:05:09,0.002,1.43
ip_shuffle,20260623T070509_915268,of:000000000000000a:1 -> of:000000000000000d:6,0.002,0.0025,0.002,0.002,1.43,2026-06-23T07:05:09,0.002,1.43
ip_shuffle,20260623T070509_915268,of:000000000000000b:3 -> of:000000000000000d:2,0.002,0.0025,0.002,0.002,1.53,2026-06-23T07:05:09,0.002,1.53
ip_shuffle,20260623T070509_915268,of:000000000000000c:3 -> of:000000000000000d:3,0.002,0.0025,0.002,0.002,1.53,2026-06-23T07:05:09,0.002,1.53
ip_shuffle,20260623T070509_915268,of:0000000000000005:2 -> of:0000000000000009:3,0.002,0.0025,0.002,0.002,1.53,2026-06-23T07:05:09,0.002,1.53
ip_shuffle,20260623T070509_915268,of:0000000000000001:1 -> of:000000000000000b:1,0.002,0.0025,0.002,0.002,2.33,2026-06-23T07:05:09,0.002,2.36
ip_shuffle,20260623T070509_915268,of:000000000000000b:2 -> of:000000000000000c:2,0.002,0.0025,0.002,0.002,1.53,2026-06-23T07:05:09,0.002,1.53
ip_shuffle,20260623T070509_915268,of:0000000000000001:2 -> of:000000000000000c:1,0.001,0.00125,0.001,0.001,1.37,2026-06-23T07:05:09,0.001,1.37
ip_shuffle,20260623T070509_915268,of:0000000000000006:2 -> of:000000000000000a:2,0.002,0.0025,0.002,0.002,1.53,2026-06-23T07:05:09,0.002,1.53
ip_shuffle,20260623T070509_915268,of:0000000000000001:3 -> of:000000000000000d:1,0.001,0.00125,0.001,0.001,1.37,2026-06-23T07:05:09,0.001,1.37
ip_shuffle,20260623T070509_915268,of:0000000000000003:1 -> of:000000000000000b:5,0.002,0.0025,0.002,0.002,1.47,2026-06-23T07:05:09,0.002,1.47
ip_shuffle,20260623T070509_915268,of:0000000000000006:1 -> of:000000000000000d:4,0.002,0.0025,0.002,0.002,1.43,2026-06-23T07:05:09,0.002,1.43
ip_shuffle,20260623T070509_915268,of:0000000000000007:2 -> of:000000000000000a:3,0.002,0.0025,0.002,0.002,1.53,2026-06-23T07:05:09,0.002,1.53
ip_shuffle,20260623T070509_915268,of:0000000000000007:1 -> of:000000000000000d:5,0.002,0.0025,0.002,0.002,1.43,2026-06-23T07:05:09,0.002,1.43
ip_shuffle,20260623T070509_915268,of:0000000000000002:2 -> of:0000000000000008:2,0.002,0.0025,0.002,0.002,1.53,2026-06-23T07:05:09,0.002,1.53
ip_shuffle,20260623T070509_915268,of:0000000000000003:2 -> of:0000000000000008:3,0.002,0.0025,0.002,0.002,1.53,2026-06-23T07:05:09,0.002,1.53
ip_shuffle,20260623T070509_915268,of:0000000000000008:1 -> of:000000000000000b:6,0.002,0.0025,0.002,0.002,1.43,2026-06-23T07:05:09,0.002,1.43
ip_shuffle,20260623T070509_915268,of:0000000000000004:2 -> of:0000000000000009:2,0.002,0.0025,0.002,0.002,1.53,2026-06-23T07:05:09,0.002,1.53
ip_shuffle,20260623T070509_915268,of:0000000000000002:1 -> of:000000000000000b:4,0.002,0.0025,0.002,0.002,2.4,2026-06-23T07:05:09,0.002,2.4
ip_shuffle,20260623T070509_915268,of:0000000000000009:1 -> of:000000000000000c:6,0.002,0.0025,0.002,0.002,1.43,2026-06-23T07:05:09,0.002,1.43
ip_shuffle,20260623T070607_662144,of:0000000000000004:1 -> of:000000000000000c:4,0.002,0.0025,0.002,0.002,2.0,2026-06-23T07:06:07,0.002,1.96
ip_shuffle,20260623T070607_662144,of:0000000000000005:1 -> of:000000000000000c:5,0.002,0.0025,0.002,0.002,2.0,2026-06-23T07:06:07,0.002,1.96
ip_shuffle,20260623T070607_662144,of:000000000000000a:1 -> of:000000000000000d:6,0.002,0.0025,0.002,0.002,1.96,2026-06-23T07:06:07,0.002,2.1
ip_shuffle,20260623T070607_662144,of:000000000000000b:3 -> of:000000000000000d:2,0.002,0.0025,0.002,0.002,2.8,2026-06-23T07:06:07,0.002,2.8
ip_shuffle,20260623T070607_662144,of:000000000000000c:3 -> of:000000000000000d:3,0.002,0.0025,0.002,0.002,2.8,2026-06-23T07:06:07,0.002,2.8
ip_shuffle,20260623T070607_662144,of:0000000000000005:2 -> of:0000000000000009:3,0.002,0.0025,0.002,0.002,2.7,2026-06-23T07:06:07,0.002,2.7
ip_shuffle,20260623T070607_662144,of:0000000000000001:1 -> of:000000000000000b:1,0.002,0.0025,0.002,0.002,1.96,2026-06-23T07:06:07,0.002,2.0
ip_shuffle,20260623T070607_662144,of:000000000000000b:2 -> of:000000000000000c:2,0.002,0.0025,0.002,0.002,2.6,2026-06-23T07:06:07,0.002,2.6
ip_shuffle,20260623T070607_662144,of:0000000000000001:2 -> of:000000000000000c:1,0.002,0.0025,0.002,0.002,1.96,2026-06-23T07:06:07,0.002,2.0
ip_shuffle,20260623T070607_662144,of:0000000000000006:2 -> of:000000000000000a:2,0.002,0.0025,0.002,0.002,2.66,2026-06-23T07:06:07,0.002,2.66
ip_shuffle,20260623T070607_662144,of:0000000000000001:3 -> of:000000000000000d:1,0.003,0.00375,0.003,0.003,4.33,2026-06-23T07:06:07,0.003,4.46
ip_shuffle,20260623T070607_662144,of:0000000000000003:1 -> of:000000000000000b:5,0.002,0.0025,0.002,0.002,2.0,2026-06-23T07:06:07,0.002,1.96
ip_shuffle,20260623T070607_662144,of:0000000000000006:1 -> of:000000000000000d:4,0.003,0.00375,0.003,0.003,3.33,2026-06-23T07:06:07,0.003,3.16
ip_shuffle,20260623T070607_662144,of:0000000000000007:2 -> of:000000000000000a:3,0.002,0.0025,0.002,0.002,2.6,2026-06-23T07:06:07,0.002,2.6
ip_shuffle,20260623T070607_662144,of:0000000000000007:1 -> of:000000000000000d:5,0.003,0.00375,0.003,0.003,3.43,2026-06-23T07:06:07,0.003,3.56
ip_shuffle,20260623T070607_662144,of:0000000000000002:2 -> of:0000000000000008:2,0.002,0.0025,0.002,0.002,2.7,2026-06-23T07:06:07,0.002,2.7
ip_shuffle,20260623T070607_662144,of:0000000000000003:2 -> of:0000000000000008:3,0.002,0.0025,0.002,0.002,2.7,2026-06-23T07:06:07,0.002,2.7
ip_shuffle,20260623T070607_662144,of:0000000000000008:1 -> of:000000000000000b:6,0.002,0.0025,0.002,0.002,1.9,2026-06-23T07:06:07,0.002,1.9
ip_shuffle,20260623T070607_662144,of:0000000000000004:2 -> of:0000000000000009:2,0.002,0.0025,0.002,0.002,2.7,2026-06-23T07:06:07,0.002,2.7
ip_shuffle,20260623T070607_662144,of:0000000000000002:1 -> of:000000000000000b:4,0.002,0.0025,0.002,0.002,2.0,2026-06-23T07:06:07,0.002,1.96
ip_shuffle,20260623T070607_662144,of:0000000000000009:1 -> of:000000000000000c:6,0.002,0.0025,0.002,0.002,1.9,2026-06-23T07:06:07,0.002,1.9
ip_shuffle,20260623T070718_615958,of:0000000000000004:1 -> of:000000000000000c:4,0.002,0.0025,0.002,0.002,2.16,2026-06-23T07:07:18,0.002,2.2
ip_shuffle,20260623T070718_615958,of:0000000000000005:1 -> of:000000000000000c:5,0.002,0.0025,0.002,0.002,2.16,2026-06-23T07:07:18,0.002,2.2
ip_shuffle,20260623T070718_615958,of:000000000000000a:1 -> of:000000000000000d:6,0.002,0.0025,0.002,0.002,1.46,2026-06-23T07:07:18,0.002,1.5
ip_shuffle,20260623T070718_615958,of:000000000000000b:3 -> of:000000000000000d:2,0.002,0.0025,0.002,0.002,1.63,2026-06-23T07:07:18,0.002,1.63
ip_shuffle,20260623T070718_615958,of:000000000000000c:3 -> of:000000000000000d:3,0.002,0.0025,0.002,0.002,1.63,2026-06-23T07:07:18,0.002,1.63
ip_shuffle,20260623T070718_615958,of:0000000000000005:2 -> of:0000000000000009:3,0.001,0.00125,0.001,0.001,1.5,2026-06-23T07:07:18,0.001,1.5
ip_shuffle,20260623T070718_615958,of:0000000000000001:1 -> of:000000000000000b:1,0.003,0.00375,0.003,0.003,3.23,2026-06-23T07:07:18,0.003,3.2
ip_shuffle,20260623T070718_615958,of:000000000000000b:2 -> of:000000000000000c:2,0.002,0.0025,0.002,0.002,1.6,2026-06-23T07:07:18,0.002,1.6
ip_shuffle,20260623T070718_615958,of:0000000000000001:2 -> of:000000000000000c:1,0.003,0.00375,0.003,0.003,3.03,2026-06-23T07:07:18,0.003,3.0
ip_shuffle,20260623T070718_615958,of:0000000000000006:2 -> of:000000000000000a:2,0.001,0.00125,0.001,0.001,1.5,2026-06-23T07:07:18,0.001,1.5
ip_shuffle,20260623T070718_615958,of:0000000000000001:3 -> of:000000000000000d:1,0.002,0.0025,0.002,0.002,2.06,2026-06-23T07:07:18,0.002,2.1
ip_shuffle,20260623T070718_615958,of:0000000000000003:1 -> of:000000000000000b:5,0.002,0.0025,0.002,0.002,2.4,2026-06-23T07:07:18,0.002,2.43
ip_shuffle,20260623T070718_615958,of:0000000000000006:1 -> of:000000000000000d:4,0.002,0.0025,0.002,0.002,1.56,2026-06-23T07:07:18,0.002,1.53
ip_shuffle,20260623T070718_615958,of:0000000000000007:2 -> of:000000000000000a:3,0.002,0.0025,0.002,0.002,1.56,2026-06-23T07:07:18,0.002,1.56
ip_shuffle,20260623T070718_615958,of:0000000000000007:1 -> of:000000000000000d:5,0.002,0.0025,0.002,0.002,1.86,2026-06-23T07:07:18,0.002,1.93
ip_shuffle,20260623T070718_615958,of:0000000000000002:2 -> of:0000000000000008:2,0.001,0.00125,0.001,0.001,1.5,2026-06-23T07:07:18,0.001,1.5
ip_shuffle,20260623T070718_615958,of:0000000000000003:2 -> of:0000000000000008:3,0.001,0.00125,0.001,0.001,1.5,2026-06-23T07:07:18,0.001,1.5
ip_shuffle,20260623T070718_615958,of:0000000000000008:1 -> of:000000000000000b:6,0.002,0.0025,0.002,0.002,1.46,2026-06-23T07:07:18,0.002,1.46
ip_shuffle,20260623T070718_615958,of:0000000000000004:2 -> of:0000000000000009:2,0.001,0.00125,0.001,0.001,1.5,2026-06-23T07:07:18,0.001,1.5
ip_shuffle,20260623T070718_615958,of:0000000000000002:1 -> of:000000000000000b:4,0.002,0.0025,0.002,0.002,2.1,2026-06-23T07:07:18,0.002,2.13
ip_shuffle,20260623T070718_615958,of:0000000000000009:1 -> of:000000000000000c:6,0.002,0.0025,0.002,0.002,1.46,2026-06-23T07:07:18,0.002,1.46
route_mutation,20260623T070816_298983,of:0000000000000004:1 -> of:000000000000000c:4,0.002,0.0025,0.002,0.002,1.66,2026-06-23T07:08:16,0.002,1.63
route_mutation,20260623T070816_298983,of:0000000000000005:1 -> of:000000000000000c:5,0.002,0.0025,0.002,0.002,1.66,2026-06-23T07:08:16,0.002,1.63
route_mutation,20260623T070816_298983,of:000000000000000a:1 -> of:000000000000000d:6,0.002,0.0025,0.002,0.002,1.56,2026-06-23T07:08:16,0.002,1.56
route_mutation,20260623T070816_298983,of:000000000000000b:3 -> of:000000000000000d:2,0.002,0.0025,0.002,0.002,1.86,2026-06-23T07:08:16,0.002,1.86
route_mutation,20260623T070816_298983,of:000000000000000c:3 -> of:000000000000000d:3,0.002,0.0025,0.002,0.002,1.86,2026-06-23T07:08:16,0.002,1.86
route_mutation,20260623T070816_298983,of:0000000000000005:2 -> of:0000000000000009:3,0.002,0.0025,0.002,0.002,1.96,2026-06-23T07:08:16,0.002,1.96
route_mutation,20260623T070816_298983,of:0000000000000001:1 -> of:000000000000000b:1,0.002,0.0025,0.002,0.002,1.63,2026-06-23T07:08:16,0.002,1.7
route_mutation,20260623T070816_298983,of:000000000000000b:2 -> of:000000000000000c:2,0.002,0.0025,0.002,0.002,1.93,2026-06-23T07:08:16,0.002,1.93
route_mutation,20260623T070816_298983,of:0000000000000001:2 -> of:000000000000000c:1,0.002,0.0025,0.002,0.002,1.63,2026-06-23T07:08:16,0.002,1.7
route_mutation,20260623T070816_298983,of:0000000000000006:2 -> of:000000000000000a:2,0.002,0.0025,0.002,0.002,1.96,2026-06-23T07:08:16,0.002,1.96
route_mutation,20260623T070816_298983,of:0000000000000001:3 -> of:000000000000000d:1,0.002,0.0025,0.002,0.002,2.79,2026-06-23T07:08:16,0.002,2.73
route_mutation,20260623T070816_298983,of:0000000000000003:1 -> of:000000000000000b:5,0.002,0.0025,0.002,0.002,1.7,2026-06-23T07:08:16,0.002,1.63
route_mutation,20260623T070816_298983,of:0000000000000006:1 -> of:000000000000000d:4,0.002,0.0025,0.002,0.002,1.6,2026-06-23T07:08:16,0.002,1.56
route_mutation,20260623T070816_298983,of:0000000000000007:2 -> of:000000000000000a:3,0.002,0.0025,0.002,0.002,1.96,2026-06-23T07:08:16,0.002,1.96
route_mutation,20260623T070816_298983,of:0000000000000007:1 -> of:000000000000000d:5,0.002,0.0025,0.002,0.002,2.63,2026-06-23T07:08:16,0.002,2.66
route_mutation,20260623T070816_298983,of:0000000000000002:2 -> of:0000000000000008:2,0.002,0.0025,0.002,0.002,2.03,2026-06-23T07:08:16,0.002,2.03
route_mutation,20260623T070816_298983,of:0000000000000003:2 -> of:0000000000000008:3,0.002,0.0025,0.002,0.002,2.03,2026-06-23T07:08:16,0.002,2.03
route_mutation,20260623T070816_298983,of:0000000000000008:1 -> of:000000000000000b:6,0.002,0.0025,0.002,0.002,1.66,2026-06-23T07:08:16,0.002,1.63
route_mutation,20260623T070816_298983,of:0000000000000004:2 -> of:0000000000000009:2,0.002,0.0025,0.002,0.002,1.96,2026-06-23T07:08:16,0.002,1.96
route_mutation,20260623T070816_298983,of:0000000000000002:1 -> of:000000000000000b:4,0.002,0.0025,0.002,0.002,1.7,2026-06-23T07:08:16,0.002,1.63
route_mutation,20260623T070816_298983,of:0000000000000009:1 -> of:000000000000000c:6,0.002,0.0025,0.002,0.002,1.63,2026-06-23T07:08:16,0.002,1.63
ip_shuffle,20260623T070846_622486,of:0000000000000004:1 -> of:000000000000000c:4,0.002,0.0025,0.002,0.001,1.43,2026-06-23T07:08:46,0.002,1.5
ip_shuffle,20260623T070846_622486,of:0000000000000005:1 -> of:000000000000000c:5,0.001,0.00125,0.001,0.001,1.43,2026-06-23T07:08:46,0.001,1.46
ip_shuffle,20260623T070846_622486,of:000000000000000a:1 -> of:000000000000000d:6,0.002,0.0025,0.002,0.002,1.53,2026-06-23T07:08:46,0.002,1.53
ip_shuffle,20260623T070846_622486,of:000000000000000b:3 -> of:000000000000000d:2,0.002,0.0025,0.002,0.002,1.73,2026-06-23T07:08:46,0.002,1.73
ip_shuffle,20260623T070846_622486,of:000000000000000c:3 -> of:000000000000000d:3,0.002,0.0025,0.002,0.002,1.73,2026-06-23T07:08:46,0.002,1.73
ip_shuffle,20260623T070846_622486,of:0000000000000005:2 -> of:0000000000000009:3,0.002,0.0025,0.002,0.002,1.63,2026-06-23T07:08:46,0.002,1.63
ip_shuffle,20260623T070846_622486,of:0000000000000001:1 -> of:000000000000000b:1,0.003,0.00375,0.003,0.003,3.36,2026-06-23T07:08:46,0.003,3.39
ip_shuffle,20260623T070846_622486,of:000000000000000b:2 -> of:000000000000000c:2,0.002,0.0025,0.002,0.002,1.73,2026-06-23T07:08:46,0.002,1.73
ip_shuffle,20260623T070846_622486,of:0000000000000001:2 -> of:000000000000000c:1,0.002,0.0025,0.002,0.002,1.5,2026-06-23T07:08:46,0.001,1.43
ip_shuffle,20260623T070846_622486,of:0000000000000006:2 -> of:000000000000000a:2,0.002,0.0025,0.002,0.002,1.73,2026-06-23T07:08:46,0.002,1.73
ip_shuffle,20260623T070846_622486,of:0000000000000001:3 -> of:000000000000000d:1,0.001,0.00125,0.001,0.001,1.46,2026-06-23T07:08:46,0.001,1.43
ip_shuffle,20260623T070846_622486,of:0000000000000003:1 -> of:000000000000000b:5,0.002,0.0025,0.002,0.002,2.36,2026-06-23T07:08:46,0.002,2.33
ip_shuffle,20260623T070846_622486,of:0000000000000006:1 -> of:000000000000000d:4,0.002,0.0025,0.002,0.002,1.53,2026-06-23T07:08:46,0.002,1.53
ip_shuffle,20260623T070846_622486,of:0000000000000007:2 -> of:000000000000000a:3,0.002,0.0025,0.002,0.002,1.73,2026-06-23T07:08:46,0.002,1.73
ip_shuffle,20260623T070846_622486,of:0000000000000007:1 -> of:000000000000000d:5,0.002,0.0025,0.002,0.002,1.53,2026-06-23T07:08:46,0.002,1.53
ip_shuffle,20260623T070846_622486,of:0000000000000002:2 -> of:0000000000000008:2,0.002,0.0025,0.002,0.002,1.63,2026-06-23T07:08:46,0.002,1.63
ip_shuffle,20260623T070846_622486,of:0000000000000003:2 -> of:0000000000000008:3,0.002,0.0025,0.002,0.002,1.63,2026-06-23T07:08:46,0.002,1.63
ip_shuffle,20260623T070846_622486,of:0000000000000008:1 -> of:000000000000000b:6,0.002,0.0025,0.002,0.002,1.53,2026-06-23T07:08:46,0.002,1.53
ip_shuffle,20260623T070846_622486,of:0000000000000004:2 -> of:0000000000000009:2,0.002,0.0025,0.002,0.002,1.63,2026-06-23T07:08:46,0.002,1.63
ip_shuffle,20260623T070846_622486,of:0000000000000002:1 -> of:000000000000000b:4,0.002,0.0025,0.002,0.002,2.46,2026-06-23T07:08:46,0.002,2.5
ip_shuffle,20260623T070846_622486,of:0000000000000009:1 -> of:000000000000000c:6,0.002,0.0025,0.002,0.002,1.53,2026-06-23T07:08:46,0.002,1.53
ip_shuffle,20260623T070944_162419,of:0000000000000004:1 -> of:000000000000000c:4,0.002,0.0025,0.002,0.002,1.96,2026-06-23T07:09:44,0.002,1.96
ip_shuffle,20260623T070944_162419,of:0000000000000005:1 -> of:000000000000000c:5,0.002,0.0025,0.002,0.002,1.96,2026-06-23T07:09:44,0.002,1.96
ip_shuffle,20260623T070944_162419,of:000000000000000a:1 -> of:000000000000000d:6,0.002,0.0025,0.002,0.002,1.96,2026-06-23T07:09:44,0.002,1.96
ip_shuffle,20260623T070944_162419,of:000000000000000b:3 -> of:000000000000000d:2,0.002,0.0025,0.002,0.002,2.66,2026-06-23T07:09:44,0.002,2.66
ip_shuffle,20260623T070944_162419,of:000000000000000c:3 -> of:000000000000000d:3,0.002,0.0025,0.002,0.002,2.6,2026-06-23T07:09:44,0.002,2.6
ip_shuffle,20260623T070944_162419,of:0000000000000005:2 -> of:0000000000000009:3,0.002,0.0025,0.002,0.002,2.73,2026-06-23T07:09:44,0.002,2.73
ip_shuffle,20260623T070944_162419,of:0000000000000001:1 -> of:000000000000000b:1,0.002,0.0025,0.002,0.002,2.03,2026-06-23T07:09:44,0.002,2.03
ip_shuffle,20260623T070944_162419,of:000000000000000b:2 -> of:000000000000000c:2,0.002,0.0025,0.002,0.002,2.66,2026-06-23T07:09:44,0.002,2.66
ip_shuffle,20260623T070944_162419,of:0000000000000001:2 -> of:000000000000000c:1,0.002,0.0025,0.002,0.002,1.96,2026-06-23T07:09:44,0.002,1.96
ip_shuffle,20260623T070944_162419,of:0000000000000006:2 -> of:000000000000000a:2,0.002,0.0025,0.002,0.002,2.73,2026-06-23T07:09:44,0.002,2.73
ip_shuffle,20260623T070944_162419,of:0000000000000001:3 -> of:000000000000000d:1,0.003,0.00375,0.003,0.003,3.63,2026-06-23T07:09:44,0.003,3.63
ip_shuffle,20260623T070944_162419,of:0000000000000003:1 -> of:000000000000000b:5,0.002,0.0025,0.002,0.002,2.03,2026-06-23T07:09:44,0.002,2.03
ip_shuffle,20260623T070944_162419,of:0000000000000006:1 -> of:000000000000000d:4,0.002,0.0025,0.002,0.002,2.2,2026-06-23T07:09:44,0.002,2.2
ip_shuffle,20260623T070944_162419,of:0000000000000007:2 -> of:000000000000000a:3,0.002,0.0025,0.002,0.002,2.73,2026-06-23T07:09:44,0.002,2.73
ip_shuffle,20260623T070944_162419,of:0000000000000007:1 -> of:000000000000000d:5,0.003,0.00375,0.003,0.003,3.36,2026-06-23T07:09:44,0.003,3.36
ip_shuffle,20260623T070944_162419,of:0000000000000002:2 -> of:0000000000000008:2,0.002,0.0025,0.002,0.002,2.73,2026-06-23T07:09:44,0.002,2.73
ip_shuffle,20260623T070944_162419,of:0000000000000003:2 -> of:0000000000000008:3,0.002,0.0025,0.002,0.002,2.73,2026-06-23T07:09:44,0.002,2.73
ip_shuffle,20260623T070944_162419,of:0000000000000008:1 -> of:000000000000000b:6,0.002,0.0025,0.002,0.002,2.03,2026-06-23T07:09:44,0.002,2.03
ip_shuffle,20260623T070944_162419,of:0000000000000004:2 -> of:0000000000000009:2,0.002,0.0025,0.002,0.002,2.73,2026-06-23T07:09:44,0.002,2.73
ip_shuffle,20260623T070944_162419,of:0000000000000002:1 -> of:000000000000000b:4,0.002,0.0025,0.002,0.002,2.03,2026-06-23T07:09:44,0.002,2.03
ip_shuffle,20260623T070944_162419,of:0000000000000009:1 -> of:000000000000000c:6,0.002,0.0025,0.002,0.002,1.96,2026-06-23T07:09:44,0.002,1.96
route_mutation,20260623T071041_847221,of:0000000000000004:1 -> of:000000000000000c:4,0.002,0.0025,0.002,0.002,2.23,2026-06-23T07:10:41,0.002,2.23
route_mutation,20260623T071041_847221,of:0000000000000005:1 -> of:000000000000000c:5,0.002,0.0025,0.002,0.002,2.2,2026-06-23T07:10:41,0.002,2.2
route_mutation,20260623T071041_847221,of:000000000000000a:1 -> of:000000000000000d:6,0.001,0.00125,0.001,0.001,1.37,2026-06-23T07:10:41,0.001,1.4
route_mutation,20260623T071041_847221,of:000000000000000b:3 -> of:000000000000000d:2,0.001,0.00125,0.001,0.001,1.5,2026-06-23T07:10:41,0.001,1.5
route_mutation,20260623T071041_847221,of:000000000000000c:3 -> of:000000000000000d:3,0.002,0.0025,0.002,0.002,1.57,2026-06-23T07:10:41,0.002,1.57
route_mutation,20260623T071041_847221,of:0000000000000005:2 -> of:0000000000000009:3,0.001,0.00125,0.001,0.001,1.47,2026-06-23T07:10:41,0.001,1.47
route_mutation,20260623T071041_847221,of:0000000000000001:1 -> of:000000000000000b:1,0.003,0.00375,0.003,0.003,3.26,2026-06-23T07:10:41,0.003,3.23
route_mutation,20260623T071041_847221,of:000000000000000b:2 -> of:000000000000000c:2,0.001,0.00125,0.001,0.001,1.47,2026-06-23T07:10:41,0.001,1.47
route_mutation,20260623T071041_847221,of:0000000000000001:2 -> of:000000000000000c:1,0.003,0.00375,0.003,0.003,2.93,2026-06-23T07:10:41,0.003,2.93
route_mutation,20260623T071041_847221,of:0000000000000006:2 -> of:000000000000000a:2,0.001,0.00125,0.001,0.001,1.4,2026-06-23T07:10:41,0.001,1.4
route_mutation,20260623T071041_847221,of:0000000000000001:3 -> of:000000000000000d:1,0.002,0.0025,0.002,0.002,1.53,2026-06-23T07:10:41,0.002,1.53
route_mutation,20260623T071041_847221,of:0000000000000003:1 -> of:000000000000000b:5,0.002,0.0025,0.002,0.002,2.4,2026-06-23T07:10:41,0.002,2.4
route_mutation,20260623T071041_847221,of:0000000000000006:1 -> of:000000000000000d:4,0.002,0.0025,0.002,0.002,1.47,2026-06-23T07:10:41,0.002,1.47
route_mutation,20260623T071041_847221,of:0000000000000007:2 -> of:000000000000000a:3,0.001,0.00125,0.001,0.001,1.4,2026-06-23T07:10:41,0.001,1.4
route_mutation,20260623T071041_847221,of:0000000000000007:1 -> of:000000000000000d:5,0.001,0.00125,0.001,0.001,1.37,2026-06-23T07:10:41,0.001,1.4
route_mutation,20260623T071041_847221,of:0000000000000002:2 -> of:0000000000000008:2,0.001,0.00125,0.001,0.001,1.47,2026-06-23T07:10:41,0.001,1.47
route_mutation,20260623T071041_847221,of:0000000000000003:2 -> of:0000000000000008:3,0.001,0.00125,0.001,0.001,1.47,2026-06-23T07:10:41,0.001,1.47
route_mutation,20260623T071041_847221,of:0000000000000008:1 -> of:000000000000000b:6,0.001,0.00125,0.001,0.001,1.3,2026-06-23T07:10:41,0.001,1.3
route_mutation,20260623T071041_847221,of:0000000000000004:2 -> of:0000000000000009:2,0.001,0.00125,0.001,0.001,1.47,2026-06-23T07:10:41,0.001,1.47
route_mutation,20260623T071041_847221,of:0000000000000002:1 -> of:000000000000000b:4,0.002,0.0025,0.002,0.002,2.16,2026-06-23T07:10:41,0.002,2.23
route_mutation,20260623T071041_847221,of:0000000000000009:1 -> of:000000000000000c:6,0.001,0.00125,0.001,0.001,1.37,2026-06-23T07:10:41,0.001,1.37
ip_shuffle,20260623T071112_234319,of:0000000000000004:1 -> of:000000000000000c:4,0.002,0.0025,0.002,0.002,2.13,2026-06-23T07:11:12,0.002,2.16
ip_shuffle,20260623T071112_234319,of:0000000000000005:1 -> of:000000000000000c:5,0.002,0.0025,0.002,0.002,2.16,2026-06-23T07:11:12,0.002,2.2
ip_shuffle,20260623T071112_234319,of:000000000000000a:1 -> of:000000000000000d:6,0.002,0.0025,0.002,0.002,2.16,2026-06-23T07:11:12,0.002,2.16
ip_shuffle,20260623T071112_234319,of:000000000000000b:3 -> of:000000000000000d:2,0.002,0.0025,0.002,0.002,3.06,2026-06-23T07:11:12,0.002,3.06
ip_shuffle,20260623T071112_234319,of:000000000000000c:3 -> of:000000000000000d:3,0.002,0.0025,0.002,0.002,3.0,2026-06-23T07:11:12,0.002,3.0
ip_shuffle,20260623T071112_234319,of:0000000000000005:2 -> of:0000000000000009:3,0.002,0.0025,0.002,0.002,3.1,2026-06-23T07:11:12,0.002,3.1
ip_shuffle,20260623T071112_234319,of:0000000000000001:1 -> of:000000000000000b:1,0.002,0.0025,0.002,0.002,2.23,2026-06-23T07:11:12,0.002,2.16
ip_shuffle,20260623T071112_234319,of:000000000000000b:2 -> of:000000000000000c:2,0.002,0.0025,0.002,0.002,3.06,2026-06-23T07:11:12,0.002,3.06
ip_shuffle,20260623T071112_234319,of:0000000000000001:2 -> of:000000000000000c:1,0.002,0.0025,0.002,0.002,2.26,2026-06-23T07:11:12,0.002,2.2
ip_shuffle,20260623T071112_234319,of:0000000000000006:2 -> of:000000000000000a:2,0.002,0.0025,0.002,0.002,3.1,2026-06-23T07:11:12,0.002,3.1
ip_shuffle,20260623T071112_234319,of:0000000000000001:3 -> of:000000000000000d:1,0.003,0.00375,0.003,0.003,4.2,2026-06-23T07:11:12,0.003,4.33
ip_shuffle,20260623T071112_234319,of:0000000000000003:1 -> of:000000000000000b:5,0.002,0.0025,0.002,0.002,2.2,2026-06-23T07:11:12,0.002,2.23
ip_shuffle,20260623T071112_234319,of:0000000000000006:1 -> of:000000000000000d:4,0.003,0.00375,0.003,0.003,3.23,2026-06-23T07:11:12,0.003,3.3
ip_shuffle,20260623T071112_234319,of:0000000000000007:2 -> of:000000000000000a:3,0.002,0.0025,0.002,0.002,3.13,2026-06-23T07:11:12,0.002,3.13
ip_shuffle,20260623T071112_234319,of:0000000000000007:1 -> of:000000000000000d:5,0.003,0.00375,0.003,0.003,3.26,2026-06-23T07:11:12,0.003,3.16
ip_shuffle,20260623T071112_234319,of:0000000000000002:2 -> of:0000000000000008:2,0.002,0.0025,0.002,0.002,3.1,2026-06-23T07:11:12,0.002,3.1
ip_shuffle,20260623T071112_234319,of:0000000000000003:2 -> of:0000000000000008:3,0.002,0.0025,0.002,0.002,3.1,2026-06-23T07:11:12,0.002,3.1
ip_shuffle,20260623T071112_234319,of:0000000000000008:1 -> of:000000000000000b:6,0.002,0.0025,0.002,0.002,2.23,2026-06-23T07:11:12,0.002,2.23
ip_shuffle,20260623T071112_234319,of:0000000000000004:2 -> of:0000000000000009:2,0.002,0.0025,0.002,0.002,3.1,2026-06-23T07:11:12,0.002,3.1
ip_shuffle,20260623T071112_234319,of:0000000000000002:1 -> of:000000000000000b:4,0.002,0.0025,0.002,0.002,2.2,2026-06-23T07:11:12,0.002,2.23
ip_shuffle,20260623T071112_234319,of:0000000000000009:1 -> of:000000000000000c:6,0.002,0.0025,0.002,0.002,2.16,2026-06-23T07:11:12,0.002,2.16
ip_shuffle,20260623T071222_879119,of:0000000000000004:1 -> of:000000000000000c:4,0.002,0.0025,0.002,0.002,2.36,2026-06-23T07:12:22,0.002,2.33
ip_shuffle,20260623T071222_879119,of:0000000000000005:1 -> of:000000000000000c:5,0.002,0.0025,0.002,0.002,1.63,2026-06-23T07:12:22,0.002,1.63
ip_shuffle,20260623T071222_879119,of:000000000000000a:1 -> of:000000000000000d:6,0.002,0.0025,0.002,0.002,1.53,2026-06-23T07:12:22,0.002,1.53
ip_shuffle,20260623T071222_879119,of:000000000000000b:3 -> of:000000000000000d:2,0.002,0.0025,0.002,0.002,1.86,2026-06-23T07:12:22,0.002,1.86
ip_shuffle,20260623T071222_879119,of:000000000000000c:3 -> of:000000000000000d:3,0.002,0.0025,0.002,0.002,1.86,2026-06-23T07:12:22,0.002,1.86
ip_shuffle,20260623T071222_879119,of:0000000000000005:2 -> of:0000000000000009:3,0.002,0.0025,0.002,0.002,1.8,2026-06-23T07:12:22,0.002,1.8
ip_shuffle,20260623T071222_879119,of:0000000000000001:1 -> of:000000000000000b:1,0.003,0.00375,0.003,0.003,3.66,2026-06-23T07:12:22,0.003,3.66
ip_shuffle,20260623T071222_879119,of:000000000000000b:2 -> of:000000000000000c:2,0.002,0.0025,0.002,0.002,1.86,2026-06-23T07:12:22,0.002,1.86
ip_shuffle,20260623T071222_879119,of:0000000000000001:2 -> of:000000000000000c:1,0.002,0.0025,0.002,0.002,2.33,2026-06-23T07:12:22,0.002,2.33
ip_shuffle,20260623T071222_879119,of:0000000000000006:2 -> of:000000000000000a:2,0.002,0.0025,0.002,0.002,1.73,2026-06-23T07:12:22,0.002,1.73
ip_shuffle,20260623T071222_879119,of:0000000000000001:3 -> of:000000000000000d:1,0.002,0.0025,0.002,0.002,2.53,2026-06-23T07:12:22,0.002,2.53
ip_shuffle,20260623T071222_879119,of:0000000000000003:1 -> of:000000000000000b:5,0.002,0.0025,0.002,0.002,2.63,2026-06-23T07:12:22,0.002,2.63
ip_shuffle,20260623T071222_879119,of:0000000000000006:1 -> of:000000000000000d:4,0.002,0.0025,0.002,0.002,2.16,2026-06-23T07:12:22,0.002,2.16
ip_shuffle,20260623T071222_879119,of:0000000000000007:2 -> of:000000000000000a:3,0.002,0.0025,0.002,0.002,1.73,2026-06-23T07:12:22,0.002,1.73
ip_shuffle,20260623T071222_879119,of:0000000000000007:1 -> of:000000000000000d:5,0.002,0.0025,0.002,0.002,1.76,2026-06-23T07:12:22,0.002,1.76
ip_shuffle,20260623T071222_879119,of:0000000000000002:2 -> of:0000000000000008:2,0.002,0.0025,0.002,0.002,1.8,2026-06-23T07:12:22,0.002,1.8
ip_shuffle,20260623T071222_879119,of:0000000000000003:2 -> of:0000000000000008:3,0.002,0.0025,0.002,0.002,1.8,2026-06-23T07:12:22,0.002,1.8
ip_shuffle,20260623T071222_879119,of:0000000000000008:1 -> of:000000000000000b:6,0.002,0.0025,0.002,0.002,1.53,2026-06-23T07:12:22,0.002,1.53
ip_shuffle,20260623T071222_879119,of:0000000000000004:2 -> of:0000000000000009:2,0.002,0.0025,0.002,0.002,1.8,2026-06-23T07:12:22,0.002,1.8
ip_shuffle,20260623T071222_879119,of:0000000000000002:1 -> of:000000000000000b:4,0.002,0.0025,0.002,0.002,2.63,2026-06-23T07:12:22,0.002,2.63
ip_shuffle,20260623T071222_879119,of:0000000000000009:1 -> of:000000000000000c:6,0.002,0.0025,0.002,0.002,1.53,2026-06-23T07:12:22,0.002,1.53
ip_shuffle,20260623T071320_456499,of:0000000000000004:1 -> of:000000000000000c:4,0.002,0.0025,0.002,0.002,2.1,2026-06-23T07:13:20,0.002,2.03
ip_shuffle,20260623T071320_456499,of:0000000000000005:1 -> of:000000000000000c:5,0.002,0.0025,0.002,0.002,2.1,2026-06-23T07:13:20,0.002,2.03
ip_shuffle,20260623T071320_456499,of:000000000000000a:1 -> of:000000000000000d:6,0.002,0.0025,0.002,0.002,2.1,2026-06-23T07:13:20,0.002,2.03
ip_shuffle,20260623T071320_456499,of:000000000000000b:3 -> of:000000000000000d:2,0.002,0.0025,0.002,0.002,2.8,2026-06-23T07:13:20,0.002,2.8
ip_shuffle,20260623T071320_456499,of:000000000000000c:3 -> of:000000000000000d:3,0.002,0.0025,0.002,0.002,2.73,2026-06-23T07:13:20,0.002,2.73
ip_shuffle,20260623T071320_456499,of:0000000000000005:2 -> of:0000000000000009:3,0.002,0.0025,0.002,0.002,2.86,2026-06-23T07:13:20,0.002,2.86
ip_shuffle,20260623T071320_456499,of:0000000000000001:1 -> of:000000000000000b:1,0.002,0.0025,0.002,0.002,2.03,2026-06-23T07:13:20,0.002,2.03
ip_shuffle,20260623T071320_456499,of:000000000000000b:2 -> of:000000000000000c:2,0.002,0.0025,0.002,0.002,2.8,2026-06-23T07:13:20,0.002,2.8
ip_shuffle,20260623T071320_456499,of:0000000000000001:2 -> of:000000000000000c:1,0.002,0.0025,0.002,0.002,1.96,2026-06-23T07:13:20,0.002,2.03
ip_shuffle,20260623T071320_456499,of:0000000000000006:2 -> of:000000000000000a:2,0.002,0.0025,0.002,0.002,2.86,2026-06-23T07:13:20,0.002,2.86
ip_shuffle,20260623T071320_456499,of:0000000000000001:3 -> of:000000000000000d:1,0.003,0.00375,0.003,0.003,4.09,2026-06-23T07:13:20,0.003,4.09
ip_shuffle,20260623T071320_456499,of:0000000000000003:1 -> of:000000000000000b:5,0.002,0.0025,0.002,0.002,2.03,2026-06-23T07:13:20,0.002,2.03
ip_shuffle,20260623T071320_456499,of:0000000000000006:1 -> of:000000000000000d:4,0.002,0.0025,0.002,0.002,2.4,2026-06-23T07:13:20,0.002,2.33
ip_shuffle,20260623T071320_456499,of:0000000000000007:2 -> of:000000000000000a:3,0.002,0.0025,0.002,0.002,2.86,2026-06-23T07:13:20,0.002,2.86
ip_shuffle,20260623T071320_456499,of:0000000000000007:1 -> of:000000000000000d:5,0.003,0.00375,0.003,0.003,3.89,2026-06-23T07:13:20,0.003,3.93
ip_shuffle,20260623T071320_456499,of:0000000000000002:2 -> of:0000000000000008:2,0.002,0.0025,0.002,0.002,2.8,2026-06-23T07:13:20,0.002,2.8
ip_shuffle,20260623T071320_456499,of:0000000000000003:2 -> of:0000000000000008:3,0.002,0.0025,0.002,0.002,2.8,2026-06-23T07:13:20,0.002,2.8
ip_shuffle,20260623T071320_456499,of:0000000000000008:1 -> of:000000000000000b:6,0.002,0.0025,0.002,0.002,2.1,2026-06-23T07:13:20,0.002,2.1
ip_shuffle,20260623T071320_456499,of:0000000000000004:2 -> of:0000000000000009:2,0.002,0.0025,0.002,0.002,2.86,2026-06-23T07:13:20,0.002,2.86
ip_shuffle,20260623T071320_456499,of:0000000000000002:1 -> of:000000000000000b:4,0.002,0.0025,0.002,0.002,2.03,2026-06-23T07:13:20,0.002,2.03
ip_shuffle,20260623T071320_456499,of:0000000000000009:1 -> of:000000000000000c:6,0.002,0.0025,0.002,0.002,2.1,2026-06-23T07:13:20,0.002,2.03
route_mutation,20260623T071418_082537,of:0000000000000004:1 -> of:000000000000000c:4,0.002,0.0025,0.002,0.002,2.29,2026-06-23T07:14:18,0.002,2.26
route_mutation,20260623T071418_082537,of:0000000000000005:1 -> of:000000000000000c:5,0.002,0.0025,0.002,0.002,2.03,2026-06-23T07:14:18,0.002,1.96
route_mutation,20260623T071418_082537,of:000000000000000a:1 -> of:000000000000000d:6,0.001,0.00125,0.001,0.001,1.4,2026-06-23T07:14:18,0.001,1.4
route_mutation,20260623T071418_082537,of:000000000000000b:3 -> of:000000000000000d:2,0.001,0.00125,0.001,0.001,1.53,2026-06-23T07:14:18,0.001,1.53
route_mutation,20260623T071418_082537,of:000000000000000c:3 -> of:000000000000000d:3,0.001,0.00125,0.001,0.001,1.53,2026-06-23T07:14:18,0.001,1.53
route_mutation,20260623T071418_082537,of:0000000000000005:2 -> of:0000000000000009:3,0.002,0.0025,0.002,0.002,1.73,2026-06-23T07:14:18,0.002,1.73
route_mutation,20260623T071418_082537,of:0000000000000001:1 -> of:000000000000000b:1,0.003,0.00375,0.003,0.003,3.52,2026-06-23T07:14:18,0.003,3.49
route_mutation,20260623T071418_082537,of:000000000000000b:2 -> of:000000000000000c:2,0.001,0.00125,0.001,0.001,1.53,2026-06-23T07:14:18,0.001,1.53
route_mutation,20260623T071418_082537,of:0000000000000001:2 -> of:000000000000000c:1,0.003,0.00375,0.003,0.003,2.73,2026-06-23T07:14:18,0.003,2.79
route_mutation,20260623T071418_082537,of:0000000000000006:2 -> of:000000000000000a:2,0.002,0.0025,0.002,0.002,1.63,2026-06-23T07:14:18,0.002,1.63
route_mutation,20260623T071418_082537,of:0000000000000001:3 -> of:000000000000000d:1,0.002,0.0025,0.002,0.002,1.86,2026-06-23T07:14:18,0.002,1.93
route_mutation,20260623T071418_082537,of:0000000000000003:1 -> of:000000000000000b:5,0.002,0.0025,0.002,0.002,2.56,2026-06-23T07:14:18,0.002,2.49
route_mutation,20260623T071418_082537,of:0000000000000006:1 -> of:000000000000000d:4,0.002,0.0025,0.002,0.002,1.86,2026-06-23T07:14:18,0.002,1.83
route_mutation,20260623T071418_082537,of:0000000000000007:2 -> of:000000000000000a:3,0.002,0.0025,0.002,0.002,1.63,2026-06-23T07:14:18,0.002,1.63
route_mutation,20260623T071418_082537,of:0000000000000007:1 -> of:000000000000000d:5,0.002,0.0025,0.002,0.002,1.5,2026-06-23T07:14:18,0.002,1.46
route_mutation,20260623T071418_082537,of:0000000000000002:2 -> of:0000000000000008:2,0.002,0.0025,0.002,0.002,1.76,2026-06-23T07:14:18,0.002,1.76
route_mutation,20260623T071418_082537,of:0000000000000003:2 -> of:0000000000000008:3,0.002,0.0025,0.002,0.002,1.76,2026-06-23T07:14:18,0.002,1.76
route_mutation,20260623T071418_082537,of:0000000000000008:1 -> of:000000000000000b:6,0.002,0.0025,0.002,0.002,1.5,2026-06-23T07:14:18,0.002,1.46
route_mutation,20260623T071418_082537,of:0000000000000004:2 -> of:0000000000000009:2,0.002,0.0025,0.002,0.002,1.73,2026-06-23T07:14:18,0.002,1.73
route_mutation,20260623T071418_082537,of:0000000000000002:1 -> of:000000000000000b:4,0.002,0.0025,0.002,0.002,2.46,2026-06-23T07:14:18,0.002,2.49
route_mutation,20260623T071418_082537,of:0000000000000009:1 -> of:000000000000000c:6,0.002,0.0025,0.002,0.002,1.5,2026-06-23T07:14:18,0.002,1.46
route_mutation,20260623T071448_295367,of:0000000000000004:1 -> of:000000000000000c:4,0.002,0.0025,0.002,0.002,2.13,2026-06-23T07:14:48,0.002,2.19
route_mutation,20260623T071448_295367,of:0000000000000005:1 -> of:000000000000000c:5,0.002,0.0025,0.002,0.002,2.39,2026-06-23T07:14:48,0.002,2.49
route_mutation,20260623T071448_295367,of:000000000000000a:1 -> of:000000000000000d:6,0.002,0.0025,0.002,0.002,2.16,2026-06-23T07:14:48,0.002,2.19
route_mutation,20260623T071448_295367,of:000000000000000b:3 -> of:000000000000000d:2,0.002,0.0025,0.002,0.002,3.06,2026-06-23T07:14:48,0.002,3.06
route_mutation,20260623T071448_295367,of:000000000000000c:3 -> of:000000000000000d:3,0.002,0.0025,0.002,0.002,3.06,2026-06-23T07:14:48,0.002,3.06
route_mutation,20260623T071448_295367,of:0000000000000005:2 -> of:0000000000000009:3,0.002,0.0025,0.002,0.002,2.96,2026-06-23T07:14:48,0.002,2.96
route_mutation,20260623T071448_295367,of:0000000000000001:1 -> of:000000000000000b:1,0.002,0.0025,0.002,0.002,2.09,2026-06-23T07:14:48,0.002,2.06
route_mutation,20260623T071448_295367,of:000000000000000b:2 -> of:000000000000000c:2,0.002,0.0025,0.002,0.002,3.02,2026-06-23T07:14:48,0.002,3.02
route_mutation,20260623T071448_295367,of:0000000000000001:2 -> of:000000000000000c:1,0.002,0.0025,0.002,0.002,2.46,2026-06-23T07:14:48,0.002,2.39
route_mutation,20260623T071448_295367,of:0000000000000006:2 -> of:000000000000000a:2,0.002,0.0025,0.002,0.002,3.02,2026-06-23T07:14:48,0.002,3.02
route_mutation,20260623T071448_295367,of:0000000000000001:3 -> of:000000000000000d:1,0.003,0.00375,0.003,0.003,3.95,2026-06-23T07:14:48,0.003,4.05
route_mutation,20260623T071448_295367,of:0000000000000003:1 -> of:000000000000000b:5,0.002,0.0025,0.002,0.002,2.06,2026-06-23T07:14:48,0.002,2.09
route_mutation,20260623T071448_295367,of:0000000000000006:1 -> of:000000000000000d:4,0.003,0.00375,0.003,0.003,3.45,2026-06-23T07:14:48,0.003,3.49
route_mutation,20260623T071448_295367,of:0000000000000007:2 -> of:000000000000000a:3,0.002,0.0025,0.002,0.002,2.99,2026-06-23T07:14:48,0.002,2.99
route_mutation,20260623T071448_295367,of:0000000000000007:1 -> of:000000000000000d:5,0.002,0.0025,0.002,0.002,2.89,2026-06-23T07:14:48,0.002,2.86
route_mutation,20260623T071448_295367,of:0000000000000002:2 -> of:0000000000000008:2,0.002,0.0025,0.002,0.002,2.89,2026-06-23T07:14:48,0.002,2.89
route_mutation,20260623T071448_295367,of:0000000000000003:2 -> of:0000000000000008:3,0.002,0.0025,0.002,0.002,2.89,2026-06-23T07:14:48,0.002,2.89
route_mutation,20260623T071448_295367,of:0000000000000008:1 -> of:000000000000000b:6,0.002,0.0025,0.002,0.002,2.16,2026-06-23T07:14:48,0.002,2.16
route_mutation,20260623T071448_295367,of:0000000000000004:2 -> of:0000000000000009:2,0.002,0.0025,0.002,0.002,2.96,2026-06-23T07:14:48,0.002,2.96
route_mutation,20260623T071448_295367,of:0000000000000002:1 -> of:000000000000000b:4,0.002,0.0025,0.002,0.002,2.06,2026-06-23T07:14:48,0.002,2.09
route_mutation,20260623T071448_295367,of:0000000000000009:1 -> of:000000000000000c:6,0.002,0.0025,0.002,0.002,2.16,2026-06-23T07:14:48,0.002,2.19
route_mutation,20260623T071518_643489,of:0000000000000004:1 -> of:000000000000000c:4,0.002,0.0025,0.002,0.002,1.56,2026-06-23T07:15:18,0.001,1.5
route_mutation,20260623T071518_643489,of:0000000000000005:1 -> of:000000000000000c:5,0.002,0.0025,0.002,0.002,1.56,2026-06-23T07:15:18,0.001,1.5
route_mutation,20260623T071518_643489,of:000000000000000a:1 -> of:000000000000000d:6,0.002,0.0025,0.002,0.002,1.6,2026-06-23T07:15:18,0.002,1.56
route_mutation,20260623T071518_643489,of:000000000000000b:3 -> of:000000000000000d:2,0.002,0.0025,0.002,0.002,1.83,2026-06-23T07:15:18,0.002,1.83
route_mutation,20260623T071518_643489,of:000000000000000c:3 -> of:000000000000000d:3,0.002,0.0025,0.002,0.002,1.8,2026-06-23T07:15:18,0.002,1.8
route_mutation,20260623T071518_643489,of:0000000000000005:2 -> of:0000000000000009:3,0.002,0.0025,0.002,0.002,1.83,2026-06-23T07:15:18,0.002,1.83
route_mutation,20260623T071518_643489,of:0000000000000001:1 -> of:000000000000000b:1,0.002,0.0025,0.002,0.002,1.6,2026-06-23T07:15:18,0.002,1.63
route_mutation,20260623T071518_643489,of:000000000000000b:2 -> of:000000000000000c:2,0.002,0.0025,0.002,0.002,1.83,2026-06-23T07:15:18,0.002,1.83
route_mutation,20260623T071518_643489,of:0000000000000001:2 -> of:000000000000000c:1,0.002,0.0025,0.002,0.002,1.56,2026-06-23T07:15:18,0.002,1.63
route_mutation,20260623T071518_643489,of:0000000000000006:2 -> of:000000000000000a:2,0.002,0.0025,0.002,0.002,1.8,2026-06-23T07:15:18,0.002,1.8
route_mutation,20260623T071518_643489,of:0000000000000001:3 -> of:000000000000000d:1,0.002,0.0025,0.002,0.002,2.43,2026-06-23T07:15:18,0.002,2.33
route_mutation,20260623T071518_643489,of:0000000000000003:1 -> of:000000000000000b:5,0.002,0.0025,0.002,0.002,1.63,2026-06-23T07:15:18,0.002,1.6
route_mutation,20260623T071518_643489,of:0000000000000006:1 -> of:000000000000000d:4,0.002,0.0025,0.002,0.002,1.53,2026-06-23T07:15:18,0.001,1.5
route_mutation,20260623T071518_643489,of:0000000000000007:2 -> of:000000000000000a:3,0.002,0.0025,0.002,0.002,1.8,2026-06-23T07:15:18,0.002,1.8
route_mutation,20260623T071518_643489,of:0000000000000007:1 -> of:000000000000000d:5,0.002,0.0025,0.002,0.002,2.2,2026-06-23T07:15:18,0.002,2.23
route_mutation,20260623T071518_643489,of:0000000000000002:2 -> of:0000000000000008:2,0.002,0.0025,0.002,0.002,1.83,2026-06-23T07:15:18,0.002,1.83
route_mutation,20260623T071518_643489,of:0000000000000003:2 -> of:0000000000000008:3,0.002,0.0025,0.002,0.002,1.83,2026-06-23T07:15:18,0.002,1.83
route_mutation,20260623T071518_643489,of:0000000000000008:1 -> of:000000000000000b:6,0.002,0.0025,0.002,0.002,1.53,2026-06-23T07:15:18,0.002,1.53
route_mutation,20260623T071518_643489,of:0000000000000004:2 -> of:0000000000000009:2,0.002,0.0025,0.002,0.002,1.83,2026-06-23T07:15:18,0.002,1.83
route_mutation,20260623T071518_643489,of:0000000000000002:1 -> of:000000000000000b:4,0.002,0.0025,0.002,0.002,1.63,2026-06-23T07:15:18,0.002,1.6
route_mutation,20260623T071518_643489,of:0000000000000009:1 -> of:000000000000000c:6,0.002,0.0025,0.002,0.002,1.6,2026-06-23T07:15:18,0.002,1.56
ip_shuffle,20260623T071548_955007,of:0000000000000004:1 -> of:000000000000000c:4,0.002,0.0025,0.002,0.002,1.6,2026-06-23T07:15:48,0.002,1.6
ip_shuffle,20260623T071548_955007,of:0000000000000005:1 -> of:000000000000000c:5,0.001,0.00125,0.001,0.001,1.46,2026-06-23T07:15:48,0.001,1.46
ip_shuffle,20260623T071548_955007,of:000000000000000a:1 -> of:000000000000000d:6,0.001,0.00125,0.001,0.001,1.4,2026-06-23T07:15:48,0.001,1.4
ip_shuffle,20260623T071548_955007,of:000000000000000b:3 -> of:000000000000000d:2,0.001,0.00125,0.001,0.001,1.6,2026-06-23T07:15:48,0.001,1.6
ip_shuffle,20260623T071548_955007,of:000000000000000c:3 -> of:000000000000000d:3,0.001,0.00125,0.001,0.001,1.6,2026-06-23T07:15:48,0.001,1.6
ip_shuffle,20260623T071548_955007,of:0000000000000005:2 -> of:0000000000000009:3,0.002,0.0025,0.002,0.002,1.66,2026-06-23T07:15:48,0.002,1.66
ip_shuffle,20260623T071548_955007,of:0000000000000001:1 -> of:000000000000000b:1,0.003,0.00375,0.003,0.003,3.4,2026-06-23T07:15:48,0.003,3.46
ip_shuffle,20260623T071548_955007,of:000000000000000b:2 -> of:000000000000000c:2,0.001,0.00125,0.001,0.001,1.6,2026-06-23T07:15:48,0.001,1.6
ip_shuffle,20260623T071548_955007,of:0000000000000001:2 -> of:000000000000000c:1,0.002,0.0025,0.002,0.002,1.56,2026-06-23T07:15:48,0.002,1.56
ip_shuffle,20260623T071548_955007,of:0000000000000006:2 -> of:000000000000000a:2,0.002,0.0025,0.002,0.002,1.66,2026-06-23T07:15:48,0.002,1.66
ip_shuffle,20260623T071548_955007,of:0000000000000001:3 -> of:000000000000000d:1,0.001,0.00125,0.001,0.001,1.46,2026-06-23T07:15:48,0.001,1.46
ip_shuffle,20260623T071548_955007,of:0000000000000003:1 -> of:000000000000000b:5,0.002,0.0025,0.002,0.002,2.43,2026-06-23T07:15:48,0.002,2.36
ip_shuffle,20260623T071548_955007,of:0000000000000006:1 -> of:000000000000000d:4,0.001,0.00125,0.001,0.001,1.46,2026-06-23T07:15:48,0.001,1.46
ip_shuffle,20260623T071548_955007,of:0000000000000007:2 -> of:000000000000000a:3,0.002,0.0025,0.002,0.002,1.66,2026-06-23T07:15:48,0.002,1.66
ip_shuffle,20260623T071548_955007,of:0000000000000007:1 -> of:000000000000000d:5,0.001,0.00125,0.001,0.001,1.46,2026-06-23T07:15:48,0.001,1.46
ip_shuffle,20260623T071548_955007,of:0000000000000002:2 -> of:0000000000000008:2,0.002,0.0025,0.002,0.002,1.73,2026-06-23T07:15:48,0.002,1.73
ip_shuffle,20260623T071548_955007,of:0000000000000003:2 -> of:0000000000000008:3,0.002,0.0025,0.002,0.002,1.73,2026-06-23T07:15:48,0.002,1.73
ip_shuffle,20260623T071548_955007,of:0000000000000008:1 -> of:000000000000000b:6,0.001,0.00125,0.001,0.001,1.46,2026-06-23T07:15:48,0.001,1.46
ip_shuffle,20260623T071548_955007,of:0000000000000004:2 -> of:0000000000000009:2,0.002,0.0025,0.002,0.002,1.66,2026-06-23T07:15:48,0.002,1.66
ip_shuffle,20260623T071548_955007,of:0000000000000002:1 -> of:000000000000000b:4,0.002,0.0025,0.002,0.002,2.5,2026-06-23T07:15:48,0.002,2.5
ip_shuffle,20260623T071548_955007,of:0000000000000009:1 -> of:000000000000000c:6,0.001,0.00125,0.001,0.001,1.4,2026-06-23T07:15:48,0.001,1.4
ip_shuffle,20260623T071646_709231,of:0000000000000004:1 -> of:000000000000000c:4,0.002,0.0025,0.002,0.002,1.66,2026-06-23T07:16:46,0.002,1.66
ip_shuffle,20260623T071646_709231,of:0000000000000005:1 -> of:000000000000000c:5,0.002,0.0025,0.002,0.002,1.66,2026-06-23T07:16:46,0.002,1.66
ip_shuffle,20260623T071646_709231,of:000000000000000a:1 -> of:000000000000000d:6,0.002,0.0025,0.002,0.002,1.73,2026-06-23T07:16:46,0.002,1.73
ip_shuffle,20260623T071646_709231,of:000000000000000b:3 -> of:000000000000000d:2,0.002,0.0025,0.002,0.002,2.13,2026-06-23T07:16:46,0.002,2.13
ip_shuffle,20260623T071646_709231,of:000000000000000c:3 -> of:000000000000000d:3,0.002,0.0025,0.002,0.002,2.13,2026-06-23T07:16:46,0.002,2.13
ip_shuffle,20260623T071646_709231,of:0000000000000005:2 -> of:0000000000000009:3,0.002,0.0025,0.002,0.002,2.06,2026-06-23T07:16:46,0.002,2.06
ip_shuffle,20260623T071646_709231,of:0000000000000001:1 -> of:000000000000000b:1,0.002,0.0025,0.002,0.002,1.73,2026-06-23T07:16:46,0.002,1.73
ip_shuffle,20260623T071646_709231,of:000000000000000b:2 -> of:000000000000000c:2,0.002,0.0025,0.002,0.002,2.13,2026-06-23T07:16:46,0.002,2.13
ip_shuffle,20260623T071646_709231,of:0000000000000001:2 -> of:000000000000000c:1,0.002,0.0025,0.002,0.002,1.73,2026-06-23T07:16:46,0.002,1.73
ip_shuffle,20260623T071646_709231,of:0000000000000006:2 -> of:000000000000000a:2,0.002,0.0025,0.002,0.002,2.06,2026-06-23T07:16:46,0.002,2.06
ip_shuffle,20260623T071646_709231,of:0000000000000001:3 -> of:000000000000000d:1,0.002,0.0025,0.002,0.002,2.89,2026-06-23T07:16:46,0.002,2.89
ip_shuffle,20260623T071646_709231,of:0000000000000003:1 -> of:000000000000000b:5,0.002,0.0025,0.002,0.002,1.73,2026-06-23T07:16:46,0.002,1.73
ip_shuffle,20260623T071646_709231,of:0000000000000006:1 -> of:000000000000000d:4,0.002,0.0025,0.002,0.002,2.16,2026-06-23T07:16:46,0.002,2.13
ip_shuffle,20260623T071646_709231,of:0000000000000007:2 -> of:000000000000000a:3,0.002,0.0025,0.002,0.002,2.06,2026-06-23T07:16:46,0.002,2.06
ip_shuffle,20260623T071646_709231,of:0000000000000007:1 -> of:000000000000000d:5,0.002,0.0025,0.002,0.002,2.3,2026-06-23T07:16:46,0.002,2.3
ip_shuffle,20260623T071646_709231,of:0000000000000002:2 -> of:0000000000000008:2,0.002,0.0025,0.002,0.002,2.06,2026-06-23T07:16:46,0.002,2.06
ip_shuffle,20260623T071646_709231,of:0000000000000003:2 -> of:0000000000000008:3,0.002,0.0025,0.002,0.002,2.06,2026-06-23T07:16:46,0.002,2.06
ip_shuffle,20260623T071646_709231,of:0000000000000008:1 -> of:000000000000000b:6,0.002,0.0025,0.002,0.002,1.66,2026-06-23T07:16:46,0.002,1.66
ip_shuffle,20260623T071646_709231,of:0000000000000004:2 -> of:0000000000000009:2,0.002,0.0025,0.002,0.002,2.06,2026-06-23T07:16:46,0.002,2.06
ip_shuffle,20260623T071646_709231,of:0000000000000002:1 -> of:000000000000000b:4,0.002,0.0025,0.002,0.002,1.73,2026-06-23T07:16:46,0.002,1.73
ip_shuffle,20260623T071646_709231,of:0000000000000009:1 -> of:000000000000000c:6,0.002,0.0025,0.002,0.002,1.73,2026-06-23T07:16:46,0.002,1.73
ip_shuffle,20260623T071744_575441,of:0000000000000004:1 -> of:000000000000000c:4,0.002,0.0025,0.002,0.002,1.43,2026-06-23T07:17:44,0.002,1.5
ip_shuffle,20260623T071744_575441,of:0000000000000005:1 -> of:000000000000000c:5,0.002,0.0025,0.002,0.002,1.43,2026-06-23T07:17:44,0.002,1.5
ip_shuffle,20260623T071744_575441,of:000000000000000a:1 -> of:000000000000000d:6,0.001,0.00125,0.001,0.001,1.4,2026-06-23T07:17:44,0.001,1.43
ip_shuffle,20260623T071744_575441,of:000000000000000b:3 -> of:000000000000000d:2,0.002,0.0025,0.002,0.002,1.6,2026-06-23T07:17:44,0.002,1.6
ip_shuffle,20260623T071744_575441,of:000000000000000c:3 -> of:000000000000000d:3,0.002,0.0025,0.002,0.002,1.6,2026-06-23T07:17:44,0.002,1.6
ip_shuffle,20260623T071744_575441,of:0000000000000005:2 -> of:0000000000000009:3,0.002,0.0025,0.002,0.002,1.56,2026-06-23T07:17:44,0.002,1.56
ip_shuffle,20260623T071744_575441,of:0000000000000001:1 -> of:000000000000000b:1,0.003,0.00375,0.003,0.003,3.23,2026-06-23T07:17:44,0.003,3.23
ip_shuffle,20260623T071744_575441,of:000000000000000b:2 -> of:000000000000000c:2,0.002,0.0025,0.002,0.002,1.66,2026-06-23T07:17:44,0.002,1.66
ip_shuffle,20260623T071744_575441,of:0000000000000001:2 -> of:000000000000000c:1,0.001,0.00125,0.001,0.001,1.43,2026-06-23T07:17:44,0.001,1.37
ip_shuffle,20260623T071744_575441,of:0000000000000006:2 -> of:000000000000000a:2,0.002,0.0025,0.002,0.002,1.6,2026-06-23T07:17:44,0.002,1.6
ip_shuffle,20260623T071744_575441,of:0000000000000001:3 -> of:000000000000000d:1,0.001,0.00125,0.001,0.001,1.46,2026-06-23T07:17:44,0.001,1.37
ip_shuffle,20260623T071744_575441,of:0000000000000003:1 -> of:000000000000000b:5,0.002,0.0025,0.002,0.002,2.2,2026-06-23T07:17:44,0.002,2.2
ip_shuffle,20260623T071744_575441,of:0000000000000006:1 -> of:000000000000000d:4,0.001,0.00125,0.001,0.001,1.4,2026-06-23T07:17:44,0.001,1.43
ip_shuffle,20260623T071744_575441,of:0000000000000007:2 -> of:000000000000000a:3,0.002,0.0025,0.002,0.002,1.6,2026-06-23T07:17:44,0.002,1.6
ip_shuffle,20260623T071744_575441,of:0000000000000007:1 -> of:000000000000000d:5,0.001,0.00125,0.001,0.001,1.43,2026-06-23T07:17:44,0.001,1.46
ip_shuffle,20260623T071744_575441,of:0000000000000002:2 -> of:0000000000000008:2,0.001,0.00125,0.001,0.001,1.5,2026-06-23T07:17:44,0.001,1.5
ip_shuffle,20260623T071744_575441,of:0000000000000003:2 -> of:0000000000000008:3,0.001,0.00125,0.001,0.001,1.5,2026-06-23T07:17:44,0.001,1.5
ip_shuffle,20260623T071744_575441,of:0000000000000008:1 -> of:000000000000000b:6,0.002,0.0025,0.002,0.002,1.46,2026-06-23T07:17:44,0.002,1.5
ip_shuffle,20260623T071744_575441,of:0000000000000004:2 -> of:0000000000000009:2,0.002,0.0025,0.002,0.002,1.56,2026-06-23T07:17:44,0.002,1.56
ip_shuffle,20260623T071744_575441,of:0000000000000002:1 -> of:000000000000000b:4,0.002,0.0025,0.002,0.002,2.4,2026-06-23T07:17:44,0.002,2.46
ip_shuffle,20260623T071744_575441,of:0000000000000009:1 -> of:000000000000000c:6,0.002,0.0025,0.002,0.002,1.46,2026-06-23T07:17:44,0.002,1.5
ip_shuffle,20260623T071842_145422,of:0000000000000004:1 -> of:000000000000000c:4,0.002,0.0025,0.002,0.002,2.1,2026-06-23T07:18:42,0.002,2.06
ip_shuffle,20260623T071842_145422,of:0000000000000005:1 -> of:000000000000000c:5,0.002,0.0025,0.002,0.002,2.13,2026-06-23T07:18:42,0.002,2.1
ip_shuffle,20260623T071842_145422,of:000000000000000a:1 -> of:000000000000000d:6,0.002,0.0025,0.002,0.002,2.06,2026-06-23T07:18:42,0.002,2.06
ip_shuffle,20260623T071842_145422,of:000000000000000b:3 -> of:000000000000000d:2,0.002,0.0025,0.002,0.002,2.86,2026-06-23T07:18:42,0.002,2.86
ip_shuffle,20260623T071842_145422,of:000000000000000c:3 -> of:000000000000000d:3,0.002,0.0025,0.002,0.002,2.86,2026-06-23T07:18:42,0.002,2.86
ip_shuffle,20260623T071842_145422,of:0000000000000005:2 -> of:0000000000000009:3,0.002,0.0025,0.002,0.002,2.93,2026-06-23T07:18:42,0.002,2.93
ip_shuffle,20260623T071842_145422,of:0000000000000001:1 -> of:000000000000000b:1,0.002,0.0025,0.002,0.002,2.06,2026-06-23T07:18:42,0.002,2.13
ip_shuffle,20260623T071842_145422,of:000000000000000b:2 -> of:000000000000000c:2,0.002,0.0025,0.002,0.002,2.8,2026-06-23T07:18:42,0.002,2.8
ip_shuffle,20260623T071842_145422,of:0000000000000001:2 -> of:000000000000000c:1,0.002,0.0025,0.002,0.002,2.06,2026-06-23T07:18:42,0.002,2.13
ip_shuffle,20260623T071842_145422,of:0000000000000006:2 -> of:000000000000000a:2,0.002,0.0025,0.002,0.002,2.9,2026-06-23T07:18:42,0.002,2.9
ip_shuffle,20260623T071842_145422,of:0000000000000001:3 -> of:000000000000000d:1,0.003,0.00375,0.003,0.003,4.43,2026-06-23T07:18:42,0.003,4.33
ip_shuffle,20260623T071842_145422,of:0000000000000003:1 -> of:000000000000000b:5,0.002,0.0025,0.002,0.002,2.13,2026-06-23T07:18:42,0.002,2.06
ip_shuffle,20260623T071842_145422,of:0000000000000006:1 -> of:000000000000000d:4,0.002,0.0025,0.002,0.002,3.06,2026-06-23T07:18:42,0.002,3.13
ip_shuffle,20260623T071842_145422,of:0000000000000007:2 -> of:000000000000000a:3,0.002,0.0025,0.002,0.002,2.9,2026-06-23T07:18:42,0.002,2.9
ip_shuffle,20260623T071842_145422,of:0000000000000007:1 -> of:000000000000000d:5,0.003,0.00375,0.003,0.003,3.43,2026-06-23T07:18:42,0.003,3.4
ip_shuffle,20260623T071842_145422,of:0000000000000002:2 -> of:0000000000000008:2,0.002,0.0025,0.002,0.002,2.96,2026-06-23T07:18:42,0.002,2.96
ip_shuffle,20260623T071842_145422,of:0000000000000003:2 -> of:0000000000000008:3,0.002,0.0025,0.002,0.002,2.96,2026-06-23T07:18:42,0.002,2.96
ip_shuffle,20260623T071842_145422,of:0000000000000008:1 -> of:000000000000000b:6,0.002,0.0025,0.002,0.002,2.03,2026-06-23T07:18:42,0.002,2.0
ip_shuffle,20260623T071842_145422,of:0000000000000004:2 -> of:0000000000000009:2,0.002,0.0025,0.002,0.002,2.93,2026-06-23T07:18:42,0.002,2.93
ip_shuffle,20260623T071842_145422,of:0000000000000002:1 -> of:000000000000000b:4,0.002,0.0025,0.002,0.002,2.13,2026-06-23T07:18:42,0.002,2.06
ip_shuffle,20260623T071842_145422,of:0000000000000009:1 -> of:000000000000000c:6,0.002,0.0025,0.002,0.002,2.03,2026-06-23T07:18:42,0.002,2.0
ip_shuffle,20260623T071939_937863,of:0000000000000004:1 -> of:000000000000000c:4,0.002,0.0025,0.002,0.002,2.2,2026-06-23T07:19:39,0.002,2.16
ip_shuffle,20260623T071939_937863,of:0000000000000005:1 -> of:000000000000000c:5,0.002,0.0025,0.002,0.002,1.93,2026-06-23T07:19:39,0.002,1.9
ip_shuffle,20260623T071939_937863,of:000000000000000a:1 -> of:000000000000000d:6,0.002,0.0025,0.002,0.002,1.43,2026-06-23T07:19:39,0.002,1.43
ip_shuffle,20260623T071939_937863,of:000000000000000b:3 -> of:000000000000000d:2,0.002,0.0025,0.002,0.002,1.53,2026-06-23T07:19:39,0.002,1.53
ip_shuffle,20260623T071939_937863,of:000000000000000c:3 -> of:000000000000000d:3,0.002,0.0025,0.002,0.002,1.53,2026-06-23T07:19:39,0.002,1.53
ip_shuffle,20260623T071939_937863,of:0000000000000005:2 -> of:0000000000000009:3,0.001,0.00125,0.001,0.001,1.5,2026-06-23T07:19:39,0.001,1.5
ip_shuffle,20260623T071939_937863,of:0000000000000001:1 -> of:000000000000000b:1,0.003,0.00375,0.003,0.003,3.5,2026-06-23T07:19:39,0.003,3.43
ip_shuffle,20260623T071939_937863,of:000000000000000b:2 -> of:000000000000000c:2,0.002,0.0025,0.002,0.002,1.53,2026-06-23T07:19:39,0.002,1.53
ip_shuffle,20260623T071939_937863,of:0000000000000001:2 -> of:000000000000000c:1,0.003,0.00375,0.003,0.003,2.73,2026-06-23T07:19:39,0.003,2.8
ip_shuffle,20260623T071939_937863,of:0000000000000006:2 -> of:000000000000000a:2,0.001,0.00125,0.001,0.001,1.5,2026-06-23T07:19:39,0.001,1.5
ip_shuffle,20260623T071939_937863,of:0000000000000001:3 -> of:000000000000000d:1,0.002,0.0025,0.002,0.002,1.43,2026-06-23T07:19:39,0.002,1.5
ip_shuffle,20260623T071939_937863,of:0000000000000003:1 -> of:000000000000000b:5,0.002,0.0025,0.002,0.002,2.46,2026-06-23T07:19:39,0.002,2.4
ip_shuffle,20260623T071939_937863,of:0000000000000006:1 -> of:000000000000000d:4,0.001,0.00125,0.001,0.001,1.4,2026-06-23T07:19:39,0.001,1.36
ip_shuffle,20260623T071939_937863,of:0000000000000007:2 -> of:000000000000000a:3,0.001,0.00125,0.001,0.001,1.5,2026-06-23T07:19:39,0.001,1.5
ip_shuffle,20260623T071939_937863,of:0000000000000007:1 -> of:000000000000000d:5,0.001,0.00125,0.001,0.001,1.4,2026-06-23T07:19:39,0.001,1.36
ip_shuffle,20260623T071939_937863,of:0000000000000002:2 -> of:0000000000000008:2,0.002,0.0025,0.002,0.002,1.56,2026-06-23T07:19:39,0.002,1.56
ip_shuffle,20260623T071939_937863,of:0000000000000003:2 -> of:0000000000000008:3,0.002,0.0025,0.002,0.002,1.56,2026-06-23T07:19:39,0.002,1.56
ip_shuffle,20260623T071939_937863,of:0000000000000008:1 -> of:000000000000000b:6,0.002,0.0025,0.002,0.002,1.46,2026-06-23T07:19:39,0.002,1.43
ip_shuffle,20260623T071939_937863,of:0000000000000004:2 -> of:0000000000000009:2,0.001,0.00125,0.001,0.001,1.5,2026-06-23T07:19:39,0.001,1.5
ip_shuffle,20260623T071939_937863,of:0000000000000002:1 -> of:000000000000000b:4,0.002,0.0025,0.002,0.002,2.33,2026-06-23T07:19:39,0.002,2.4
ip_shuffle,20260623T071939_937863,of:0000000000000009:1 -> of:000000000000000c:6,0.002,0.0025,0.002,0.002,1.43,2026-06-23T07:19:39,0.002,1.43
ip_shuffle,20260623T072044_005515,of:0000000000000004:1 -> of:000000000000000c:4,0.002,0.0025,0.002,0.002,1.46,2026-06-23T07:20:44,0.002,1.43
ip_shuffle,20260623T072044_005515,of:0000000000000005:1 -> of:000000000000000c:5,0.002,0.0025,0.002,0.002,1.46,2026-06-23T07:20:44,0.002,1.43
ip_shuffle,20260623T072044_005515,of:000000000000000a:1 -> of:000000000000000d:6,0.001,0.00125,0.001,0.001,1.36,2026-06-23T07:20:44,0.001,1.36
ip_shuffle,20260623T072044_005515,of:000000000000000b:3 -> of:000000000000000d:2,0.001,0.00125,0.001,0.001,1.46,2026-06-23T07:20:44,0.001,1.46
ip_shuffle,20260623T072044_005515,of:000000000000000c:3 -> of:000000000000000d:3,0.001,0.00125,0.001,0.001,1.46,2026-06-23T07:20:44,0.001,1.46
ip_shuffle,20260623T072044_005515,of:0000000000000005:2 -> of:0000000000000009:3,0.002,0.0025,0.002,0.002,1.56,2026-06-23T07:20:44,0.002,1.56
ip_shuffle,20260623T072044_005515,of:0000000000000001:1 -> of:000000000000000b:1,0.001,0.00125,0.001,0.001,1.36,2026-06-23T07:20:44,0.001,1.43
ip_shuffle,20260623T072044_005515,of:000000000000000b:2 -> of:000000000000000c:2,0.002,0.0025,0.002,0.002,1.53,2026-06-23T07:20:44,0.002,1.53
ip_shuffle,20260623T072044_005515,of:0000000000000001:2 -> of:000000000000000c:1,0.001,0.00125,0.001,0.001,1.36,2026-06-23T07:20:44,0.001,1.43
ip_shuffle,20260623T072044_005515,of:0000000000000006:2 -> of:000000000000000a:2,0.002,0.0025,0.002,0.002,1.56,2026-06-23T07:20:44,0.002,1.56
ip_shuffle,20260623T072044_005515,of:0000000000000001:3 -> of:000000000000000d:1,0.002,0.0025,0.002,0.002,1.86,2026-06-23T07:20:44,0.002,1.76
ip_shuffle,20260623T072044_005515,of:0000000000000003:1 -> of:000000000000000b:5,0.002,0.0025,0.002,0.002,1.49,2026-06-23T07:20:44,0.002,1.43
ip_shuffle,20260623T072044_005515,of:0000000000000006:1 -> of:000000000000000d:4,0.001,0.00125,0.001,0.001,1.46,2026-06-23T07:20:44,0.001,1.43
ip_shuffle,20260623T072044_005515,of:0000000000000007:2 -> of:000000000000000a:3,0.002,0.0025,0.002,0.002,1.56,2026-06-23T07:20:44,0.002,1.56
ip_shuffle,20260623T072044_005515,of:0000000000000007:1 -> of:000000000000000d:5,0.002,0.0025,0.002,0.002,1.66,2026-06-23T07:20:44,0.002,1.73
ip_shuffle,20260623T072044_005515,of:0000000000000002:2 -> of:0000000000000008:2,0.002,0.0025,0.002,0.002,1.59,2026-06-23T07:20:44,0.002,1.59
ip_shuffle,20260623T072044_005515,of:0000000000000003:2 -> of:0000000000000008:3,0.002,0.0025,0.002,0.002,1.59,2026-06-23T07:20:44,0.002,1.59
ip_shuffle,20260623T072044_005515,of:0000000000000008:1 -> of:000000000000000b:6,0.002,0.0025,0.002,0.002,1.43,2026-06-23T07:20:44,0.002,1.43
ip_shuffle,20260623T072044_005515,of:0000000000000004:2 -> of:0000000000000009:2,0.002,0.0025,0.002,0.002,1.56,2026-06-23T07:20:44,0.002,1.56
ip_shuffle,20260623T072044_005515,of:0000000000000002:1 -> of:000000000000000b:4,0.002,0.0025,0.002,0.002,1.49,2026-06-23T07:20:44,0.002,1.43
ip_shuffle,20260623T072044_005515,of:0000000000000009:1 -> of:000000000000000c:6,0.002,0.0025,0.002,0.002,1.43,2026-06-23T07:20:44,0.002,1.43
route_mutation,20260623T072148_002006,of:0000000000000004:1 -> of:000000000000000c:4,0.002,0.0025,0.002,0.002,2.0,2026-06-23T07:21:48,0.002,2.03
route_mutation,20260623T072148_002006,of:0000000000000005:1 -> of:000000000000000c:5,0.002,0.0025,0.002,0.002,2.7,2026-06-23T07:21:48,0.002,2.73
route_mutation,20260623T072148_002006,of:000000000000000a:1 -> of:000000000000000d:6,0.002,0.0025,0.002,0.002,1.93,2026-06-23T07:21:48,0.002,1.96
route_mutation,20260623T072148_002006,of:000000000000000b:3 -> of:000000000000000d:2,0.002,0.0025,0.002,0.002,2.63,2026-06-23T07:21:48,0.002,2.63
route_mutation,20260623T072148_002006,of:000000000000000c:3 -> of:000000000000000d:3,0.002,0.0025,0.002,0.002,2.63,2026-06-23T07:21:48,0.002,2.63
route_mutation,20260623T072148_002006,of:0000000000000005:2 -> of:0000000000000009:3,0.002,0.0025,0.002,0.002,2.56,2026-06-23T07:21:48,0.002,2.56
route_mutation,20260623T072148_002006,of:0000000000000001:1 -> of:000000000000000b:1,0.002,0.0025,0.002,0.002,1.93,2026-06-23T07:21:48,0.002,1.86
route_mutation,20260623T072148_002006,of:000000000000000b:2 -> of:000000000000000c:2,0.002,0.0025,0.002,0.002,2.53,2026-06-23T07:21:48,0.002,2.53
route_mutation,20260623T072148_002006,of:0000000000000001:2 -> of:000000000000000c:1,0.002,0.0025,0.002,0.002,2.8,2026-06-23T07:21:48,0.002,2.76
route_mutation,20260623T072148_002006,of:0000000000000006:2 -> of:000000000000000a:2,0.002,0.0025,0.002,0.002,2.56,2026-06-23T07:21:48,0.002,2.56
route_mutation,20260623T072148_002006,of:0000000000000001:3 -> of:000000000000000d:1,0.003,0.00375,0.003,0.003,4.06,2026-06-23T07:21:48,0.003,4.16
route_mutation,20260623T072148_002006,of:0000000000000003:1 -> of:000000000000000b:5,0.002,0.0025,0.002,0.002,1.9,2026-06-23T07:21:48,0.002,1.93
route_mutation,20260623T072148_002006,of:0000000000000006:1 -> of:000000000000000d:4,0.003,0.00375,0.003,0.003,3.26,2026-06-23T07:21:48,0.003,3.33
route_mutation,20260623T072148_002006,of:0000000000000007:2 -> of:000000000000000a:3,0.002,0.0025,0.002,0.002,2.5,2026-06-23T07:21:48,0.002,2.53
route_mutation,20260623T072148_002006,of:0000000000000007:1 -> of:000000000000000d:5,0.002,0.0025,0.002,0.002,2.83,2026-06-23T07:21:48,0.002,2.86
route_mutation,20260623T072148_002006,of:0000000000000002:2 -> of:0000000000000008:2,0.002,0.0025,0.002,0.002,2.56,2026-06-23T07:21:48,0.002,2.56
route_mutation,20260623T072148_002006,of:0000000000000003:2 -> of:0000000000000008:3,0.002,0.0025,0.002,0.002,2.56,2026-06-23T07:21:48,0.002,2.56
route_mutation,20260623T072148_002006,of:0000000000000008:1 -> of:000000000000000b:6,0.002,0.0025,0.002,0.002,1.86,2026-06-23T07:21:48,0.002,1.86
route_mutation,20260623T072148_002006,of:0000000000000004:2 -> of:0000000000000009:2,0.002,0.0025,0.002,0.002,2.56,2026-06-23T07:21:48,0.002,2.56
route_mutation,20260623T072148_002006,of:0000000000000002:1 -> of:000000000000000b:4,0.002,0.0025,0.002,0.002,1.9,2026-06-23T07:21:48,0.002,1.93
route_mutation,20260623T072148_002006,of:0000000000000009:1 -> of:000000000000000c:6,0.002,0.0025,0.002,0.002,1.86,2026-06-23T07:21:48,0.002,1.86
route_mutation,20260623T072218_274114,of:0000000000000004:1 -> of:000000000000000c:4,0.002,0.0025,0.002,0.002,1.6,2026-06-23T07:22:18,0.002,1.56
route_mutation,20260623T072218_274114,of:0000000000000005:1 -> of:000000000000000c:5,0.002,0.0025,0.002,0.002,1.6,2026-06-23T07:22:18,0.002,1.56
route_mutation,20260623T072218_274114,of:000000000000000a:1 -> of:000000000000000d:6,0.001,0.00125,0.001,0.001,1.5,2026-06-23T07:22:18,0.001,1.46
route_mutation,20260623T072218_274114,of:000000000000000b:3 -> of:000000000000000d:2,0.002,0.0025,0.002,0.002,1.7,2026-06-23T07:22:18,0.002,1.7
route_mutation,20260623T072218_274114,of:000000000000000c:3 -> of:000000000000000d:3,0.002,0.0025,0.002,0.002,1.7,2026-06-23T07:22:18,0.002,1.7
route_mutation,20260623T072218_274114,of:0000000000000005:2 -> of:0000000000000009:3,0.002,0.0025,0.002,0.002,1.83,2026-06-23T07:22:18,0.002,1.83
route_mutation,20260623T072218_274114,of:0000000000000001:1 -> of:000000000000000b:1,0.002,0.0025,0.002,0.001,1.5,2026-06-23T07:22:18,0.002,1.56
route_mutation,20260623T072218_274114,of:000000000000000b:2 -> of:000000000000000c:2,0.002,0.0025,0.002,0.002,1.8,2026-06-23T07:22:18,0.002,1.8
route_mutation,20260623T072218_274114,of:0000000000000001:2 -> of:000000000000000c:1,0.002,0.0025,0.002,0.001,1.5,2026-06-23T07:22:18,0.002,1.56
route_mutation,20260623T072218_274114,of:0000000000000006:2 -> of:000000000000000a:2,0.002,0.0025,0.002,0.002,1.83,2026-06-23T07:22:18,0.002,1.83
route_mutation,20260623T072218_274114,of:0000000000000001:3 -> of:000000000000000d:1,0.002,0.0025,0.002,0.002,2.5,2026-06-23T07:22:18,0.002,2.36
route_mutation,20260623T072218_274114,of:0000000000000003:1 -> of:000000000000000b:5,0.002,0.0025,0.002,0.002,1.6,2026-06-23T07:22:18,0.002,1.56
route_mutation,20260623T072218_274114,of:0000000000000006:1 -> of:000000000000000d:4,0.002,0.0025,0.002,0.002,1.53,2026-06-23T07:22:18,0.001,1.46
route_mutation,20260623T072218_274114,of:0000000000000007:2 -> of:000000000000000a:3,0.002,0.0025,0.002,0.002,1.83,2026-06-23T07:22:18,0.002,1.8
route_mutation,20260623T072218_274114,of:0000000000000007:1 -> of:000000000000000d:5,0.002,0.0025,0.002,0.002,2.36,2026-06-23T07:22:18,0.002,2.36
route_mutation,20260623T072218_274114,of:0000000000000002:2 -> of:0000000000000008:2,0.002,0.0025,0.002,0.002,1.83,2026-06-23T07:22:18,0.002,1.83
route_mutation,20260623T072218_274114,of:0000000000000003:2 -> of:0000000000000008:3,0.002,0.0025,0.002,0.002,1.83,2026-06-23T07:22:18,0.002,1.83
route_mutation,20260623T072218_274114,of:0000000000000008:1 -> of:000000000000000b:6,0.002,0.0025,0.002,0.002,1.56,2026-06-23T07:22:18,0.002,1.56
route_mutation,20260623T072218_274114,of:0000000000000004:2 -> of:0000000000000009:2,0.002,0.0025,0.002,0.002,1.83,2026-06-23T07:22:18,0.002,1.83
route_mutation,20260623T072218_274114,of:0000000000000002:1 -> of:000000000000000b:4,0.002,0.0025,0.002,0.002,1.6,2026-06-23T07:22:18,0.002,1.56
route_mutation,20260623T072218_274114,of:0000000000000009:1 -> of:000000000000000c:6,0.002,0.0025,0.002,0.002,1.56,2026-06-23T07:22:18,0.002,1.56
route_mutation,20260623T072248_633235,of:0000000000000004:1 -> of:000000000000000c:4,0.002,0.0025,0.002,0.002,1.5,2026-06-23T07:22:48,0.002,1.5
route_mutation,20260623T072248_633235,of:0000000000000005:1 -> of:000000000000000c:5,0.001,0.00125,0.001,0.001,1.47,2026-06-23T07:22:48,0.001,1.47
route_mutation,20260623T072248_633235,of:000000000000000a:1 -> of:000000000000000d:6,0.002,0.0025,0.002,0.002,1.53,2026-06-23T07:22:48,0.002,1.53
route_mutation,20260623T072248_633235,of:000000000000000b:3 -> of:000000000000000d:2,0.002,0.0025,0.002,0.002,1.73,2026-06-23T07:22:48,0.002,1.73
route_mutation,20260623T072248_633235,of:000000000000000c:3 -> of:000000000000000d:3,0.002,0.0025,0.002,0.002,1.73,2026-06-23T07:22:48,0.002,1.73
route_mutation,20260623T072248_633235,of:0000000000000005:2 -> of:0000000000000009:3,0.002,0.0025,0.002,0.002,1.67,2026-06-23T07:22:48,0.002,1.67
route_mutation,20260623T072248_633235,of:0000000000000001:1 -> of:000000000000000b:1,0.003,0.00375,0.003,0.003,3.46,2026-06-23T07:22:48,0.003,3.53
route_mutation,20260623T072248_633235,of:000000000000000b:2 -> of:000000000000000c:2,0.002,0.0025,0.002,0.002,1.73,2026-06-23T07:22:48,0.002,1.73
route_mutation,20260623T072248_633235,of:0000000000000001:2 -> of:000000000000000c:1,0.002,0.0025,0.002,0.002,1.57,2026-06-23T07:22:48,0.002,1.53
route_mutation,20260623T072248_633235,of:0000000000000006:2 -> of:000000000000000a:2,0.002,0.0025,0.002,0.002,1.67,2026-06-23T07:22:48,0.002,1.67
route_mutation,20260623T072248_633235,of:0000000000000001:3 -> of:000000000000000d:1,0.002,0.0025,0.002,0.002,1.53,2026-06-23T07:22:48,0.002,1.5
route_mutation,20260623T072248_633235,of:0000000000000003:1 -> of:000000000000000b:5,0.002,0.0025,0.002,0.002,2.43,2026-06-23T07:22:48,0.002,2.36
route_mutation,20260623T072248_633235,of:0000000000000006:1 -> of:000000000000000d:4,0.001,0.00125,0.001,0.001,1.47,2026-06-23T07:22:48,0.001,1.47
route_mutation,20260623T072248_633235,of:0000000000000007:2 -> of:000000000000000a:3,0.002,0.0025,0.002,0.002,1.73,2026-06-23T07:22:48,0.002,1.73
route_mutation,20260623T072248_633235,of:0000000000000007:1 -> of:000000000000000d:5,0.002,0.0025,0.002,0.002,1.53,2026-06-23T07:22:48,0.002,1.53
route_mutation,20260623T072248_633235,of:0000000000000002:2 -> of:0000000000000008:2,0.002,0.0025,0.002,0.002,1.67,2026-06-23T07:22:48,0.002,1.67
route_mutation,20260623T072248_633235,of:0000000000000003:2 -> of:0000000000000008:3,0.002,0.0025,0.002,0.002,1.67,2026-06-23T07:22:48,0.002,1.67
route_mutation,20260623T072248_633235,of:0000000000000008:1 -> of:000000000000000b:6,0.002,0.0025,0.002,0.002,1.53,2026-06-23T07:22:48,0.002,1.53
route_mutation,20260623T072248_633235,of:0000000000000004:2 -> of:0000000000000009:2,0.002,0.0025,0.002,0.002,1.67,2026-06-23T07:22:48,0.002,1.67
route_mutation,20260623T072248_633235,of:0000000000000002:1 -> of:000000000000000b:4,0.002,0.0025,0.002,0.002,2.5,2026-06-23T07:22:48,0.002,2.5
route_mutation,20260623T072248_633235,of:0000000000000009:1 -> of:000000000000000c:6,0.002,0.0025,0.002,0.002,1.53,2026-06-23T07:22:48,0.002,1.53
ip_shuffle,20260623T072319_019626,of:0000000000000004:1 -> of:000000000000000c:4,0.002,0.0025,0.002,0.002,2.53,2026-06-23T07:23:19,0.002,2.53
ip_shuffle,20260623T072319_019626,of:0000000000000005:1 -> of:000000000000000c:5,0.002,0.0025,0.002,0.002,2.56,2026-06-23T07:23:19,0.002,2.56
ip_shuffle,20260623T072319_019626,of:000000000000000a:1 -> of:000000000000000d:6,0.002,0.0025,0.002,0.002,1.76,2026-06-23T07:23:19,0.002,1.76
ip_shuffle,20260623T072319_019626,of:000000000000000b:3 -> of:000000000000000d:2,0.002,0.0025,0.002,0.002,2.26,2026-06-23T07:23:19,0.002,2.26
ip_shuffle,20260623T072319_019626,of:000000000000000c:3 -> of:000000000000000d:3,0.002,0.0025,0.002,0.002,2.26,2026-06-23T07:23:19,0.002,2.26
ip_shuffle,20260623T072319_019626,of:0000000000000005:2 -> of:0000000000000009:3,0.002,0.0025,0.002,0.002,2.26,2026-06-23T07:23:19,0.002,2.26
ip_shuffle,20260623T072319_019626,of:0000000000000001:1 -> of:000000000000000b:1,0.002,0.0025,0.002,0.002,1.9,2026-06-23T07:23:19,0.002,1.8
ip_shuffle,20260623T072319_019626,of:000000000000000b:2 -> of:000000000000000c:2,0.002,0.0025,0.002,0.002,2.2,2026-06-23T07:23:19,0.002,2.2
ip_shuffle,20260623T072319_019626,of:0000000000000001:2 -> of:000000000000000c:1,0.003,0.00375,0.003,0.003,3.33,2026-06-23T07:23:19,0.003,3.33
ip_shuffle,20260623T072319_019626,of:0000000000000006:2 -> of:000000000000000a:2,0.002,0.0025,0.002,0.002,2.26,2026-06-23T07:23:19,0.002,2.26
ip_shuffle,20260623T072319_019626,of:0000000000000001:3 -> of:000000000000000d:1,0.003,0.00375,0.003,0.003,2.96,2026-06-23T07:23:19,0.003,3.1
ip_shuffle,20260623T072319_019626,of:0000000000000003:1 -> of:000000000000000b:5,0.002,0.0025,0.002,0.002,1.8,2026-06-23T07:23:19,0.002,1.9
ip_shuffle,20260623T072319_019626,of:0000000000000006:1 -> of:000000000000000d:4,0.003,0.00375,0.003,0.003,3.03,2026-06-23T07:23:19,0.003,2.96
ip_shuffle,20260623T072319_019626,of:0000000000000007:2 -> of:000000000000000a:3,0.002,0.0025,0.002,0.002,2.2,2026-06-23T07:23:19,0.002,2.2
ip_shuffle,20260623T072319_019626,of:0000000000000007:1 -> of:000000000000000d:5,0.002,0.0025,0.002,0.002,1.8,2026-06-23T07:23:19,0.002,1.8
ip_shuffle,20260623T072319_019626,of:0000000000000002:2 -> of:0000000000000008:2,0.002,0.0025,0.002,0.002,2.23,2026-06-23T07:23:19,0.002,2.23
ip_shuffle,20260623T072319_019626,of:0000000000000003:2 -> of:0000000000000008:3,0.002,0.0025,0.002,0.002,2.26,2026-06-23T07:23:19,0.002,2.26
ip_shuffle,20260623T072319_019626,of:0000000000000008:1 -> of:000000000000000b:6,0.002,0.0025,0.002,0.002,1.7,2026-06-23T07:23:19,0.002,1.7
ip_shuffle,20260623T072319_019626,of:0000000000000004:2 -> of:0000000000000009:2,0.002,0.0025,0.002,0.002,2.26,2026-06-23T07:23:19,0.002,2.26
ip_shuffle,20260623T072319_019626,of:0000000000000002:1 -> of:000000000000000b:4,0.002,0.0025,0.002,0.002,1.73,2026-06-23T07:23:19,0.002,1.76
ip_shuffle,20260623T072319_019626,of:0000000000000009:1 -> of:000000000000000c:6,0.002,0.0025,0.002,0.002,1.7,2026-06-23T07:23:19,0.002,1.7
ip_shuffle,20260623T072416_713493,of:0000000000000004:1 -> of:000000000000000c:4,0.001,0.00125,0.001,0.001,1.37,2026-06-23T07:24:16,0.001,1.37
ip_shuffle,20260623T072416_713493,of:0000000000000005:1 -> of:000000000000000c:5,0.001,0.00125,0.001,0.001,1.37,2026-06-23T07:24:16,0.001,1.37
ip_shuffle,20260623T072416_713493,of:000000000000000a:1 -> of:000000000000000d:6,0.002,0.0025,0.002,0.002,1.43,2026-06-23T07:24:16,0.002,1.43
ip_shuffle,20260623T072416_713493,of:000000000000000b:3 -> of:000000000000000d:2,0.002,0.0025,0.002,0.002,1.53,2026-06-23T07:24:16,0.002,1.53
ip_shuffle,20260623T072416_713493,of:000000000000000c:3 -> of:000000000000000d:3,0.002,0.0025,0.002,0.002,1.53,2026-06-23T07:24:16,0.002,1.53
ip_shuffle,20260623T072416_713493,of:0000000000000005:2 -> of:0000000000000009:3,0.001,0.00125,0.001,0.001,1.47,2026-06-23T07:24:16,0.001,1.47
ip_shuffle,20260623T072416_713493,of:0000000000000001:1 -> of:000000000000000b:1,0.003,0.00375,0.003,0.003,2.93,2026-06-23T07:24:16,0.003,2.93
ip_shuffle,20260623T072416_713493,of:000000000000000b:2 -> of:000000000000000c:2,0.002,0.0025,0.002,0.002,1.53,2026-06-23T07:24:16,0.002,1.53
ip_shuffle,20260623T072416_713493,of:0000000000000001:2 -> of:000000000000000c:1,0.001,0.00125,0.001,0.001,1.37,2026-06-23T07:24:16,0.001,1.37
ip_shuffle,20260623T072416_713493,of:0000000000000006:2 -> of:000000000000000a:2,0.001,0.00125,0.001,0.001,1.47,2026-06-23T07:24:16,0.001,1.47
ip_shuffle,20260623T072416_713493,of:0000000000000001:3 -> of:000000000000000d:1,0.002,0.0025,0.002,0.002,1.7,2026-06-23T07:24:16,0.002,1.66
ip_shuffle,20260623T072416_713493,of:0000000000000003:1 -> of:000000000000000b:5,0.002,0.0025,0.002,0.002,1.9,2026-06-23T07:24:16,0.002,1.9
ip_shuffle,20260623T072416_713493,of:0000000000000006:1 -> of:000000000000000d:4,0.002,0.0025,0.002,0.002,1.66,2026-06-23T07:24:16,0.002,1.66
ip_shuffle,20260623T072416_713493,of:0000000000000007:2 -> of:000000000000000a:3,0.002,0.0025,0.002,0.002,1.53,2026-06-23T07:24:16,0.002,1.53
ip_shuffle,20260623T072416_713493,of:0000000000000007:1 -> of:000000000000000d:5,0.002,0.0025,0.002,0.002,1.43,2026-06-23T07:24:16,0.002,1.43
ip_shuffle,20260623T072416_713493,of:0000000000000002:2 -> of:0000000000000008:2,0.001,0.00125,0.001,0.001,1.47,2026-06-23T07:24:16,0.001,1.47
ip_shuffle,20260623T072416_713493,of:0000000000000003:2 -> of:0000000000000008:3,0.001,0.00125,0.001,0.001,1.47,2026-06-23T07:24:16,0.001,1.47
ip_shuffle,20260623T072416_713493,of:0000000000000008:1 -> of:000000000000000b:6,0.002,0.0025,0.002,0.002,1.43,2026-06-23T07:24:16,0.002,1.43
ip_shuffle,20260623T072416_713493,of:0000000000000004:2 -> of:0000000000000009:2,0.001,0.00125,0.001,0.001,1.47,2026-06-23T07:24:16,0.001,1.47
ip_shuffle,20260623T072416_713493,of:0000000000000002:1 -> of:000000000000000b:4,0.002,0.0025,0.002,0.002,2.4,2026-06-23T07:24:16,0.002,2.4
ip_shuffle,20260623T072416_713493,of:0000000000000009:1 -> of:000000000000000c:6,0.002,0.0025,0.002,0.002,1.43,2026-06-23T07:24:16,0.002,1.43
route_mutation,20260623T072521_005553,of:0000000000000004:1 -> of:000000000000000c:4,0.002,0.0025,0.002,0.002,2.0,2026-06-23T07:25:21,0.002,1.96
route_mutation,20260623T072521_005553,of:0000000000000005:1 -> of:000000000000000c:5,0.002,0.0025,0.002,0.002,2.0,2026-06-23T07:25:21,0.002,1.96
route_mutation,20260623T072521_005553,of:000000000000000a:1 -> of:000000000000000d:6,0.002,0.0025,0.002,0.002,1.9,2026-06-23T07:25:21,0.002,1.8
route_mutation,20260623T072521_005553,of:000000000000000b:3 -> of:000000000000000d:2,0.002,0.0025,0.002,0.002,2.46,2026-06-23T07:25:21,0.002,2.43
route_mutation,20260623T072521_005553,of:000000000000000c:3 -> of:000000000000000d:3,0.002,0.0025,0.002,0.002,2.46,2026-06-23T07:25:21,0.002,2.43
route_mutation,20260623T072521_005553,of:0000000000000005:2 -> of:0000000000000009:3,0.002,0.0025,0.002,0.002,2.63,2026-06-23T07:25:21,0.002,2.63
route_mutation,20260623T072521_005553,of:0000000000000001:1 -> of:000000000000000b:1,0.002,0.0025,0.002,0.002,1.96,2026-06-23T07:25:21,0.002,2.03
route_mutation,20260623T072521_005553,of:000000000000000b:2 -> of:000000000000000c:2,0.002,0.0025,0.002,0.002,2.6,2026-06-23T07:25:21,0.002,2.6
route_mutation,20260623T072521_005553,of:0000000000000001:2 -> of:000000000000000c:1,0.002,0.0025,0.002,0.002,1.96,2026-06-23T07:25:21,0.002,2.03
route_mutation,20260623T072521_005553,of:0000000000000006:2 -> of:000000000000000a:2,0.002,0.0025,0.002,0.002,2.63,2026-06-23T07:25:21,0.002,2.63
route_mutation,20260623T072521_005553,of:0000000000000001:3 -> of:000000000000000d:1,0.003,0.00375,0.003,0.003,4.39,2026-06-23T07:25:21,0.003,4.33
route_mutation,20260623T072521_005553,of:0000000000000003:1 -> of:000000000000000b:5,0.002,0.0025,0.002,0.002,2.03,2026-06-23T07:25:21,0.002,1.96
route_mutation,20260623T072521_005553,of:0000000000000006:1 -> of:000000000000000d:4,0.002,0.0025,0.002,0.002,2.86,2026-06-23T07:25:21,0.002,2.9
route_mutation,20260623T072521_005553,of:0000000000000007:2 -> of:000000000000000a:3,0.002,0.0025,0.002,0.002,2.63,2026-06-23T07:25:21,0.002,2.63
route_mutation,20260623T072521_005553,of:0000000000000007:1 -> of:000000000000000d:5,0.003,0.00375,0.003,0.003,3.33,2026-06-23T07:25:21,0.003,3.23
route_mutation,20260623T072521_005553,of:0000000000000002:2 -> of:0000000000000008:2,0.002,0.0025,0.002,0.002,2.7,2026-06-23T07:25:21,0.002,2.7
route_mutation,20260623T072521_005553,of:0000000000000003:2 -> of:0000000000000008:3,0.002,0.0025,0.002,0.002,2.7,2026-06-23T07:25:21,0.002,2.7
route_mutation,20260623T072521_005553,of:0000000000000008:1 -> of:000000000000000b:6,0.002,0.0025,0.002,0.002,2.0,2026-06-23T07:25:21,0.002,1.96
route_mutation,20260623T072521_005553,of:0000000000000004:2 -> of:0000000000000009:2,0.002,0.0025,0.002,0.002,2.63,2026-06-23T07:25:21,0.002,2.63
route_mutation,20260623T072521_005553,of:0000000000000002:1 -> of:000000000000000b:4,0.002,0.0025,0.002,0.002,2.03,2026-06-23T07:25:21,0.002,1.96
route_mutation,20260623T072521_005553,of:0000000000000009:1 -> of:000000000000000c:6,0.002,0.0025,0.002,0.002,1.96,2026-06-23T07:25:21,0.002,1.96
ip_shuffle,20260623T072551_326174,of:0000000000000004:1 -> of:000000000000000c:4,0.001,0.00125,0.001,0.001,1.37,2026-06-23T07:25:51,0.001,1.37
ip_shuffle,20260623T072551_326174,of:0000000000000005:1 -> of:000000000000000c:5,0.001,0.00125,0.001,0.001,1.37,2026-06-23T07:25:51,0.001,1.37
ip_shuffle,20260623T072551_326174,of:000000000000000a:1 -> of:000000000000000d:6,0.002,0.0025,0.002,0.002,1.43,2026-06-23T07:25:51,0.002,1.43
ip_shuffle,20260623T072551_326174,of:000000000000000b:3 -> of:000000000000000d:2,0.002,0.0025,0.002,0.002,1.53,2026-06-23T07:25:51,0.002,1.53
ip_shuffle,20260623T072551_326174,of:000000000000000c:3 -> of:000000000000000d:3,0.002,0.0025,0.002,0.002,1.53,2026-06-23T07:25:51,0.002,1.53
ip_shuffle,20260623T072551_326174,of:0000000000000005:2 -> of:0000000000000009:3,0.001,0.00125,0.001,0.001,1.46,2026-06-23T07:25:51,0.001,1.46
ip_shuffle,20260623T072551_326174,of:0000000000000001:1 -> of:000000000000000b:1,0.002,0.0025,0.002,0.002,2.33,2026-06-23T07:25:51,0.002,2.33
ip_shuffle,20260623T072551_326174,of:000000000000000b:2 -> of:000000000000000c:2,0.002,0.0025,0.002,0.002,1.53,2026-06-23T07:25:51,0.002,1.53
ip_shuffle,20260623T072551_326174,of:0000000000000001:2 -> of:000000000000000c:1,0.001,0.00125,0.001,0.001,1.37,2026-06-23T07:25:51,0.001,1.37
ip_shuffle,20260623T072551_326174,of:0000000000000006:2 -> of:000000000000000a:2,0.002,0.0025,0.002,0.002,1.53,2026-06-23T07:25:51,0.002,1.53
ip_shuffle,20260623T072551_326174,of:0000000000000001:3 -> of:000000000000000d:1,0.001,0.00125,0.001,0.001,1.37,2026-06-23T07:25:51,0.001,1.37
ip_shuffle,20260623T072551_326174,of:0000000000000003:1 -> of:000000000000000b:5,0.001,0.00125,0.001,0.001,1.4,2026-06-23T07:25:51,0.001,1.4
ip_shuffle,20260623T072551_326174,of:0000000000000006:1 -> of:000000000000000d:4,0.002,0.0025,0.002,0.002,1.43,2026-06-23T07:25:51,0.002,1.43
ip_shuffle,20260623T072551_326174,of:0000000000000007:2 -> of:000000000000000a:3,0.002,0.0025,0.002,0.002,1.53,2026-06-23T07:25:51,0.002,1.53
ip_shuffle,20260623T072551_326174,of:0000000000000007:1 -> of:000000000000000d:5,0.002,0.0025,0.002,0.002,1.43,2026-06-23T07:25:51,0.002,1.43
ip_shuffle,20260623T072551_326174,of:0000000000000002:2 -> of:0000000000000008:2,0.001,0.00125,0.001,0.001,1.46,2026-06-23T07:25:51,0.001,1.46
ip_shuffle,20260623T072551_326174,of:0000000000000003:2 -> of:0000000000000008:3,0.001,0.00125,0.001,0.001,1.46,2026-06-23T07:25:51,0.001,1.46
ip_shuffle,20260623T072551_326174,of:0000000000000008:1 -> of:000000000000000b:6,0.002,0.0025,0.002,0.002,1.43,2026-06-23T07:25:51,0.002,1.43
ip_shuffle,20260623T072551_326174,of:0000000000000004:2 -> of:0000000000000009:2,0.001,0.00125,0.001,0.001,1.46,2026-06-23T07:25:51,0.001,1.46
ip_shuffle,20260623T072551_326174,of:0000000000000002:1 -> of:000000000000000b:4,0.002,0.0025,0.002,0.002,2.3,2026-06-23T07:25:51,0.002,2.3
ip_shuffle,20260623T072551_326174,of:0000000000000009:1 -> of:000000000000000c:6,0.002,0.0025,0.002,0.002,1.43,2026-06-23T07:25:51,0.002,1.43
ip_shuffle,20260623T072648_831995,of:0000000000000004:1 -> of:000000000000000c:4,0.002,0.0025,0.002,0.002,2.06,2026-06-23T07:26:48,0.002,2.1
ip_shuffle,20260623T072648_831995,of:0000000000000005:1 -> of:000000000000000c:5,0.002,0.0025,0.002,0.002,2.26,2026-06-23T07:26:48,0.002,2.3
ip_shuffle,20260623T072648_831995,of:000000000000000a:1 -> of:000000000000000d:6,0.002,0.0025,0.002,0.002,2.1,2026-06-23T07:26:48,0.002,2.13
ip_shuffle,20260623T072648_831995,of:000000000000000b:3 -> of:000000000000000d:2,0.002,0.0025,0.002,0.002,2.96,2026-06-23T07:26:48,0.002,2.96
ip_shuffle,20260623T072648_831995,of:000000000000000c:3 -> of:000000000000000d:3,0.002,0.0025,0.002,0.002,2.9,2026-06-23T07:26:48,0.002,2.9
ip_shuffle,20260623T072648_831995,of:0000000000000005:2 -> of:0000000000000009:3,0.002,0.0025,0.002,0.002,2.96,2026-06-23T07:26:48,0.002,2.96
ip_shuffle,20260623T072648_831995,of:0000000000000001:1 -> of:000000000000000b:1,0.002,0.0025,0.002,0.002,2.16,2026-06-23T07:26:48,0.002,2.16
ip_shuffle,20260623T072648_831995,of:000000000000000b:2 -> of:000000000000000c:2,0.002,0.0025,0.002,0.002,2.93,2026-06-23T07:26:48,0.002,2.93
ip_shuffle,20260623T072648_831995,of:0000000000000001:2 -> of:000000000000000c:1,0.002,0.0025,0.002,0.002,2.3,2026-06-23T07:26:48,0.002,2.33
ip_shuffle,20260623T072648_831995,of:0000000000000006:2 -> of:000000000000000a:2,0.002,0.0025,0.002,0.002,2.96,2026-06-23T07:26:48,0.002,2.96
ip_shuffle,20260623T072648_831995,of:0000000000000001:3 -> of:000000000000000d:1,0.004,0.005,0.004,0.004,4.83,2026-06-23T07:26:48,0.004,4.96
ip_shuffle,20260623T072648_831995,of:0000000000000003:1 -> of:000000000000000b:5,0.002,0.0025,0.002,0.002,2.16,2026-06-23T07:26:48,0.002,2.16
ip_shuffle,20260623T072648_831995,of:0000000000000006:1 -> of:000000000000000d:4,0.003,0.00375,0.003,0.003,3.36,2026-06-23T07:26:48,0.003,3.43
ip_shuffle,20260623T072648_831995,of:0000000000000007:2 -> of:000000000000000a:3,0.002,0.0025,0.002,0.002,2.99,2026-06-23T07:26:48,0.002,2.99
ip_shuffle,20260623T072648_831995,of:0000000000000007:1 -> of:000000000000000d:5,0.003,0.00375,0.003,0.003,3.59,2026-06-23T07:26:48,0.003,3.56
ip_shuffle,20260623T072648_831995,of:0000000000000002:2 -> of:0000000000000008:2,0.002,0.0025,0.002,0.002,2.99,2026-06-23T07:26:48,0.002,2.99
ip_shuffle,20260623T072648_831995,of:0000000000000003:2 -> of:0000000000000008:3,0.002,0.0025,0.002,0.002,2.99,2026-06-23T07:26:48,0.002,2.99
ip_shuffle,20260623T072648_831995,of:0000000000000008:1 -> of:000000000000000b:6,0.002,0.0025,0.002,0.002,2.16,2026-06-23T07:26:48,0.002,2.16
ip_shuffle,20260623T072648_831995,of:0000000000000004:2 -> of:0000000000000009:2,0.002,0.0025,0.002,0.002,2.96,2026-06-23T07:26:48,0.002,2.96
ip_shuffle,20260623T072648_831995,of:0000000000000002:1 -> of:000000000000000b:4,0.002,0.0025,0.002,0.002,2.16,2026-06-23T07:26:48,0.002,2.16
ip_shuffle,20260623T072648_831995,of:0000000000000009:1 -> of:000000000000000c:6,0.002,0.0025,0.002,0.002,2.1,2026-06-23T07:26:48,0.002,2.1
ip_shuffle,20260623T072746_575653,of:0000000000000004:1 -> of:000000000000000c:4,0.002,0.0025,0.002,0.002,1.5,2026-06-23T07:27:46,0.002,1.53
ip_shuffle,20260623T072746_575653,of:0000000000000005:1 -> of:000000000000000c:5,0.002,0.0025,0.002,0.002,1.47,2026-06-23T07:27:46,0.002,1.5
ip_shuffle,20260623T072746_575653,of:000000000000000a:1 -> of:000000000000000d:6,0.001,0.00125,0.001,0.001,1.43,2026-06-23T07:27:46,0.001,1.47
ip_shuffle,20260623T072746_575653,of:000000000000000b:3 -> of:000000000000000d:2,0.002,0.0025,0.002,0.002,1.63,2026-06-23T07:27:46,0.002,1.63
ip_shuffle,20260623T072746_575653,of:000000000000000c:3 -> of:000000000000000d:3,0.002,0.0025,0.002,0.002,1.7,2026-06-23T07:27:46,0.002,1.7
ip_shuffle,20260623T072746_575653,of:0000000000000005:2 -> of:0000000000000009:3,0.002,0.0025,0.002,0.002,1.57,2026-06-23T07:27:46,0.002,1.57
ip_shuffle,20260623T072746_575653,of:0000000000000001:1 -> of:000000000000000b:1,0.003,0.00375,0.003,0.003,3.23,2026-06-23T07:27:46,0.003,3.3
ip_shuffle,20260623T072746_575653,of:000000000000000b:2 -> of:000000000000000c:2,0.002,0.0025,0.002,0.002,1.6,2026-06-23T07:27:46,0.002,1.6
ip_shuffle,20260623T072746_575653,of:0000000000000001:2 -> of:000000000000000c:1,0.002,0.0025,0.002,0.002,1.5,2026-06-23T07:27:46,0.002,1.43
ip_shuffle,20260623T072746_575653,of:0000000000000006:2 -> of:000000000000000a:2,0.001,0.00125,0.001,0.001,1.5,2026-06-23T07:27:46,0.001,1.5
ip_shuffle,20260623T072746_575653,of:0000000000000001:3 -> of:000000000000000d:1,0.002,0.0025,0.002,0.002,1.83,2026-06-23T07:27:46,0.002,1.73
ip_shuffle,20260623T072746_575653,of:0000000000000003:1 -> of:000000000000000b:5,0.002,0.0025,0.002,0.002,2.3,2026-06-23T07:27:46,0.002,2.26
ip_shuffle,20260623T072746_575653,of:0000000000000006:1 -> of:000000000000000d:4,0.001,0.00125,0.001,0.001,1.4,2026-06-23T07:27:46,0.001,1.47
ip_shuffle,20260623T072746_575653,of:0000000000000007:2 -> of:000000000000000a:3,0.001,0.00125,0.001,0.001,1.53,2026-06-23T07:27:46,0.001,1.53
ip_shuffle,20260623T072746_575653,of:0000000000000007:1 -> of:000000000000000d:5,0.002,0.0025,0.002,0.002,1.67,2026-06-23T07:27:46,0.002,1.7
ip_shuffle,20260623T072746_575653,of:0000000000000002:2 -> of:0000000000000008:2,0.002,0.0025,0.002,0.002,1.57,2026-06-23T07:27:46,0.002,1.57
ip_shuffle,20260623T072746_575653,of:0000000000000003:2 -> of:0000000000000008:3,0.002,0.0025,0.002,0.002,1.57,2026-06-23T07:27:46,0.002,1.57
ip_shuffle,20260623T072746_575653,of:0000000000000008:1 -> of:000000000000000b:6,0.001,0.00125,0.001,0.001,1.4,2026-06-23T07:27:46,0.001,1.4
ip_shuffle,20260623T072746_575653,of:0000000000000004:2 -> of:0000000000000009:2,0.002,0.0025,0.002,0.002,1.57,2026-06-23T07:27:46,0.002,1.57
ip_shuffle,20260623T072746_575653,of:0000000000000002:1 -> of:000000000000000b:4,0.002,0.0025,0.002,0.002,2.4,2026-06-23T07:27:46,0.002,2.43
ip_shuffle,20260623T072746_575653,of:0000000000000009:1 -> of:000000000000000c:6,0.001,0.00125,0.001,0.001,1.43,2026-06-23T07:27:46,0.001,1.43
route_mutation,20260623T072857_399261,of:0000000000000004:1 -> of:000000000000000c:4,0.001,0.00125,0.001,0.001,1.27,2026-06-23T07:28:57,0.001,1.33
route_mutation,20260623T072857_399261,of:0000000000000005:1 -> of:000000000000000c:5,0.001,0.00125,0.001,0.001,1.27,2026-06-23T07:28:57,0.001,1.33
route_mutation,20260623T072857_399261,of:000000000000000a:1 -> of:000000000000000d:6,0.001,0.00125,0.001,0.001,1.3,2026-06-23T07:28:57,0.001,1.33
route_mutation,20260623T072857_399261,of:000000000000000b:3 -> of:000000000000000d:2,0.002,0.0025,0.002,0.002,1.43,2026-06-23T07:28:57,0.002,1.43
route_mutation,20260623T072857_399261,of:000000000000000c:3 -> of:000000000000000d:3,0.002,0.0025,0.002,0.002,1.46,2026-06-23T07:28:57,0.002,1.46
route_mutation,20260623T072857_399261,of:0000000000000005:2 -> of:0000000000000009:3,0.001,0.00125,0.001,0.001,1.23,2026-06-23T07:28:57,0.001,1.23
route_mutation,20260623T072857_399261,of:0000000000000001:1 -> of:000000000000000b:1,0.002,0.0025,0.002,0.002,1.36,2026-06-23T07:28:57,0.001,1.36
route_mutation,20260623T072857_399261,of:000000000000000b:2 -> of:000000000000000c:2,0.002,0.0025,0.002,0.002,1.43,2026-06-23T07:28:57,0.002,1.43
route_mutation,20260623T072857_399261,of:0000000000000001:2 -> of:000000000000000c:1,0.002,0.0025,0.002,0.002,1.4,2026-06-23T07:28:57,0.001,1.33
route_mutation,20260623T072857_399261,of:0000000000000006:2 -> of:000000000000000a:2,0.001,0.00125,0.001,0.001,1.27,2026-06-23T07:28:57,0.001,1.27
route_mutation,20260623T072857_399261,of:0000000000000001:3 -> of:000000000000000d:1,0.002,0.0025,0.002,0.002,1.53,2026-06-23T07:28:57,0.002,1.4
route_mutation,20260623T072857_399261,of:0000000000000003:1 -> of:000000000000000b:5,0.001,0.00125,0.001,0.001,1.33,2026-06-23T07:28:57,0.001,1.36
route_mutation,20260623T072857_399261,of:0000000000000006:1 -> of:000000000000000d:4,0.001,0.00125,0.001,0.001,1.3,2026-06-23T07:28:57,0.001,1.33
route_mutation,20260623T072857_399261,of:0000000000000007:2 -> of:000000000000000a:3,0.001,0.00125,0.001,0.001,1.27,2026-06-23T07:28:57,0.001,1.27
route_mutation,20260623T072857_399261,of:0000000000000007:1 -> of:000000000000000d:5,0.001,0.00125,0.001,0.001,1.36,2026-06-23T07:28:57,0.001,1.4
route_mutation,20260623T072857_399261,of:0000000000000002:2 -> of:0000000000000008:2,0.001,0.00125,0.001,0.001,1.3,2026-06-23T07:28:57,0.001,1.3
route_mutation,20260623T072857_399261,of:0000000000000003:2 -> of:0000000000000008:3,0.001,0.00125,0.001,0.001,1.3,2026-06-23T07:28:57,0.001,1.3
route_mutation,20260623T072857_399261,of:0000000000000008:1 -> of:000000000000000b:6,0.001,0.00125,0.001,0.001,1.3,2026-06-23T07:28:57,0.001,1.3
route_mutation,20260623T072857_399261,of:0000000000000004:2 -> of:0000000000000009:2,0.001,0.00125,0.001,0.001,1.23,2026-06-23T07:28:57,0.001,1.23
route_mutation,20260623T072857_399261,of:0000000000000002:1 -> of:000000000000000b:4,0.002,0.0025,0.002,0.001,1.36,2026-06-23T07:28:57,0.002,1.36
route_mutation,20260623T072857_399261,of:0000000000000009:1 -> of:000000000000000c:6,0.001,0.00125,0.001,0.001,1.3,2026-06-23T07:28:57,0.001,1.33
route_mutation,20260623T072927_730443,of:0000000000000004:1 -> of:000000000000000c:4,0.002,0.0025,0.002,0.002,2.25,2026-06-23T07:29:27,0.002,2.19
route_mutation,20260623T072927_730443,of:0000000000000005:1 -> of:000000000000000c:5,0.002,0.0025,0.002,0.002,1.96,2026-06-23T07:29:27,0.002,1.86
route_mutation,20260623T072927_730443,of:000000000000000a:1 -> of:000000000000000d:6,0.001,0.00125,0.001,0.001,1.43,2026-06-23T07:29:27,0.001,1.39
route_mutation,20260623T072927_730443,of:000000000000000b:3 -> of:000000000000000d:2,0.001,0.00125,0.001,0.001,1.49,2026-06-23T07:29:27,0.001,1.49
route_mutation,20260623T072927_730443,of:000000000000000c:3 -> of:000000000000000d:3,0.001,0.00125,0.001,0.001,1.46,2026-06-23T07:29:27,0.001,1.46
route_mutation,20260623T072927_730443,of:0000000000000005:2 -> of:0000000000000009:3,0.002,0.0025,0.002,0.002,1.69,2026-06-23T07:29:27,0.002,1.69
route_mutation,20260623T072927_730443,of:0000000000000001:1 -> of:000000000000000b:1,0.003,0.00375,0.003,0.003,3.48,2026-06-23T07:29:27,0.003,3.48
route_mutation,20260623T072927_730443,of:000000000000000b:2 -> of:000000000000000c:2,0.001,0.00125,0.001,0.001,1.49,2026-06-23T07:29:27,0.001,1.49
route_mutation,20260623T072927_730443,of:0000000000000001:2 -> of:000000000000000c:1,0.002,0.0025,0.002,0.002,2.65,2026-06-23T07:29:27,0.002,2.72
route_mutation,20260623T072927_730443,of:0000000000000006:2 -> of:000000000000000a:2,0.002,0.0025,0.002,0.002,1.66,2026-06-23T07:29:27,0.002,1.66
route_mutation,20260623T072927_730443,of:0000000000000001:3 -> of:000000000000000d:1,0.001,0.00125,0.001,0.001,1.39,2026-06-23T07:29:27,0.001,1.46
route_mutation,20260623T072927_730443,of:0000000000000003:1 -> of:000000000000000b:5,0.002,0.0025,0.002,0.002,2.49,2026-06-23T07:29:27,0.002,2.45
route_mutation,20260623T072927_730443,of:0000000000000006:1 -> of:000000000000000d:4,0.001,0.00125,0.001,0.001,1.43,2026-06-23T07:29:27,0.001,1.39
route_mutation,20260623T072927_730443,of:0000000000000007:2 -> of:000000000000000a:3,0.002,0.0025,0.002,0.002,1.66,2026-06-23T07:29:27,0.002,1.66
route_mutation,20260623T072927_730443,of:0000000000000007:1 -> of:000000000000000d:5,0.001,0.00125,0.001,0.001,1.43,2026-06-23T07:29:27,0.001,1.39
route_mutation,20260623T072927_730443,of:0000000000000002:2 -> of:0000000000000008:2,0.002,0.0025,0.002,0.002,1.69,2026-06-23T07:29:27,0.002,1.69
route_mutation,20260623T072927_730443,of:0000000000000003:2 -> of:0000000000000008:3,0.002,0.0025,0.002,0.002,1.69,2026-06-23T07:29:27,0.002,1.69
route_mutation,20260623T072927_730443,of:0000000000000008:1 -> of:000000000000000b:6,0.001,0.00125,0.001,0.001,1.43,2026-06-23T07:29:27,0.001,1.43
route_mutation,20260623T072927_730443,of:0000000000000004:2 -> of:0000000000000009:2,0.002,0.0025,0.002,0.002,1.69,2026-06-23T07:29:27,0.002,1.69
route_mutation,20260623T072927_730443,of:0000000000000002:1 -> of:000000000000000b:4,0.002,0.0025,0.002,0.002,2.45,2026-06-23T07:29:27,0.002,2.45
route_mutation,20260623T072927_730443,of:0000000000000009:1 -> of:000000000000000c:6,0.001,0.00125,0.001,0.001,1.43,2026-06-23T07:29:27,0.001,1.39
route_mutation,20260623T072958_149906,of:0000000000000004:1 -> of:000000000000000c:4,0.002,0.0025,0.002,0.002,2.13,2026-06-23T07:29:58,0.002,2.2
route_mutation,20260623T072958_149906,of:0000000000000005:1 -> of:000000000000000c:5,0.002,0.0025,0.002,0.002,2.43,2026-06-23T07:29:58,0.002,2.53
route_mutation,20260623T072958_149906,of:000000000000000a:1 -> of:000000000000000d:6,0.002,0.0025,0.002,0.002,2.16,2026-06-23T07:29:58,0.002,2.2
route_mutation,20260623T072958_149906,of:000000000000000b:3 -> of:000000000000000d:2,0.002,0.0025,0.002,0.002,3.03,2026-06-23T07:29:58,0.002,3.03
route_mutation,20260623T072958_149906,of:000000000000000c:3 -> of:000000000000000d:3,0.002,0.0025,0.002,0.002,3.06,2026-06-23T07:29:58,0.002,3.06
route_mutation,20260623T072958_149906,of:0000000000000005:2 -> of:0000000000000009:3,0.002,0.0025,0.002,0.002,2.96,2026-06-23T07:29:58,0.002,2.96
route_mutation,20260623T072958_149906,of:0000000000000001:1 -> of:000000000000000b:1,0.002,0.0025,0.002,0.002,2.1,2026-06-23T07:29:58,0.002,2.06
route_mutation,20260623T072958_149906,of:000000000000000b:2 -> of:000000000000000c:2,0.002,0.0025,0.002,0.002,3.03,2026-06-23T07:29:58,0.002,3.03
route_mutation,20260623T072958_149906,of:0000000000000001:2 -> of:000000000000000c:1,0.002,0.0025,0.002,0.002,2.46,2026-06-23T07:29:58,0.002,2.4
route_mutation,20260623T072958_149906,of:0000000000000006:2 -> of:000000000000000a:2,0.002,0.0025,0.002,0.002,2.96,2026-06-23T07:29:58,0.002,2.96
route_mutation,20260623T072958_149906,of:0000000000000001:3 -> of:000000000000000d:1,0.003,0.00375,0.003,0.003,3.96,2026-06-23T07:29:58,0.003,4.06
route_mutation,20260623T072958_149906,of:0000000000000003:1 -> of:000000000000000b:5,0.002,0.0025,0.002,0.002,2.06,2026-06-23T07:29:58,0.002,2.1
route_mutation,20260623T072958_149906,of:0000000000000006:1 -> of:000000000000000d:4,0.003,0.00375,0.003,0.003,3.46,2026-06-23T07:29:58,0.003,3.5
route_mutation,20260623T072958_149906,of:0000000000000007:2 -> of:000000000000000a:3,0.002,0.0025,0.002,0.002,3.0,2026-06-23T07:29:58,0.002,3.0
route_mutation,20260623T072958_149906,of:0000000000000007:1 -> of:000000000000000d:5,0.002,0.0025,0.002,0.002,2.9,2026-06-23T07:29:58,0.002,2.86
route_mutation,20260623T072958_149906,of:0000000000000002:2 -> of:0000000000000008:2,0.002,0.0025,0.002,0.002,2.9,2026-06-23T07:29:58,0.002,2.9
route_mutation,20260623T072958_149906,of:0000000000000003:2 -> of:0000000000000008:3,0.002,0.0025,0.002,0.002,2.9,2026-06-23T07:29:58,0.002,2.9
route_mutation,20260623T072958_149906,of:0000000000000008:1 -> of:000000000000000b:6,0.002,0.0025,0.002,0.002,2.16,2026-06-23T07:29:58,0.002,2.16
route_mutation,20260623T072958_149906,of:0000000000000004:2 -> of:0000000000000009:2,0.002,0.0025,0.002,0.002,2.96,2026-06-23T07:29:58,0.002,2.96
route_mutation,20260623T072958_149906,of:0000000000000002:1 -> of:000000000000000b:4,0.002,0.0025,0.002,0.002,2.06,2026-06-23T07:29:58,0.002,2.1
route_mutation,20260623T072958_149906,of:0000000000000009:1 -> of:000000000000000c:6,0.002,0.0025,0.002,0.002,2.16,2026-06-23T07:29:58,0.002,2.2
ip_shuffle,20260623T073028_355029,of:0000000000000004:1 -> of:000000000000000c:4,0.002,0.0025,0.002,0.002,1.56,2026-06-23T07:30:28,0.001,1.5
ip_shuffle,20260623T073028_355029,of:0000000000000005:1 -> of:000000000000000c:5,0.002,0.0025,0.002,0.002,1.56,2026-06-23T07:30:28,0.001,1.5
ip_shuffle,20260623T073028_355029,of:000000000000000a:1 -> of:000000000000000d:6,0.002,0.0025,0.002,0.002,1.6,2026-06-23T07:30:28,0.002,1.56
ip_shuffle,20260623T073028_355029,of:000000000000000b:3 -> of:000000000000000d:2,0.002,0.0025,0.002,0.002,1.83,2026-06-23T07:30:28,0.002,1.83
ip_shuffle,20260623T073028_355029,of:000000000000000c:3 -> of:000000000000000d:3,0.002,0.0025,0.002,0.002,1.8,2026-06-23T07:30:28,0.002,1.8
ip_shuffle,20260623T073028_355029,of:0000000000000005:2 -> of:0000000000000009:3,0.002,0.0025,0.002,0.002,1.76,2026-06-23T07:30:28,0.002,1.76
ip_shuffle,20260623T073028_355029,of:0000000000000001:1 -> of:000000000000000b:1,0.002,0.0025,0.002,0.002,1.6,2026-06-23T07:30:28,0.002,1.63
ip_shuffle,20260623T073028_355029,of:000000000000000b:2 -> of:000000000000000c:2,0.002,0.0025,0.002,0.002,1.83,2026-06-23T07:30:28,0.002,1.83
ip_shuffle,20260623T073028_355029,of:0000000000000001:2 -> of:000000000000000c:1,0.002,0.0025,0.002,0.002,1.56,2026-06-23T07:30:28,0.002,1.63
ip_shuffle,20260623T073028_355029,of:0000000000000006:2 -> of:000000000000000a:2,0.002,0.0025,0.002,0.002,1.83,2026-06-23T07:30:28,0.002,1.83
ip_shuffle,20260623T073028_355029,of:0000000000000001:3 -> of:000000000000000d:1,0.002,0.0025,0.002,0.002,2.43,2026-06-23T07:30:28,0.002,2.33
ip_shuffle,20260623T073028_355029,of:0000000000000003:1 -> of:000000000000000b:5,0.002,0.0025,0.002,0.002,1.63,2026-06-23T07:30:28,0.002,1.6
ip_shuffle,20260623T073028_355029,of:0000000000000006:1 -> of:000000000000000d:4,0.002,0.0025,0.002,0.002,1.53,2026-06-23T07:30:28,0.001,1.5
ip_shuffle,20260623T073028_355029,of:0000000000000007:2 -> of:000000000000000a:3,0.002,0.0025,0.002,0.002,1.8,2026-06-23T07:30:28,0.002,1.8
ip_shuffle,20260623T073028_355029,of:0000000000000007:1 -> of:000000000000000d:5,0.002,0.0025,0.002,0.002,2.2,2026-06-23T07:30:28,0.002,2.23
ip_shuffle,20260623T073028_355029,of:0000000000000002:2 -> of:0000000000000008:2,0.002,0.0025,0.002,0.002,1.83,2026-06-23T07:30:28,0.002,1.83
ip_shuffle,20260623T073028_355029,of:0000000000000003:2 -> of:0000000000000008:3,0.002,0.0025,0.002,0.002,1.83,2026-06-23T07:30:28,0.002,1.83
ip_shuffle,20260623T073028_355029,of:0000000000000008:1 -> of:000000000000000b:6,0.002,0.0025,0.002,0.002,1.53,2026-06-23T07:30:28,0.002,1.53
ip_shuffle,20260623T073028_355029,of:0000000000000004:2 -> of:0000000000000009:2,0.002,0.0025,0.002,0.002,1.76,2026-06-23T07:30:28,0.002,1.76
ip_shuffle,20260623T073028_355029,of:0000000000000002:1 -> of:000000000000000b:4,0.002,0.0025,0.002,0.002,1.63,2026-06-23T07:30:28,0.002,1.6
ip_shuffle,20260623T073028_355029,of:0000000000000009:1 -> of:000000000000000c:6,0.002,0.0025,0.002,0.002,1.53,2026-06-23T07:30:28,0.001,1.5
ip_shuffle,20260623T073126_145454,of:0000000000000004:1 -> of:000000000000000c:4,0.001,0.00125,0.001,0.001,1.43,2026-06-23T07:31:26,0.001,1.43
ip_shuffle,20260623T073126_145454,of:0000000000000005:1 -> of:000000000000000c:5,0.001,0.00125,0.001,0.001,1.43,2026-06-23T07:31:26,0.001,1.43
ip_shuffle,20260623T073126_145454,of:000000000000000a:1 -> of:000000000000000d:6,0.001,0.00125,0.001,0.001,1.36,2026-06-23T07:31:26,0.001,1.36
ip_shuffle,20260623T073126_145454,of:000000000000000b:3 -> of:000000000000000d:2,0.001,0.00125,0.001,0.001,1.53,2026-06-23T07:31:26,0.001,1.53
ip_shuffle,20260623T073126_145454,of:000000000000000c:3 -> of:000000000000000d:3,0.001,0.00125,0.001,0.001,1.53,2026-06-23T07:31:26,0.001,1.53
ip_shuffle,20260623T073126_145454,of:0000000000000005:2 -> of:0000000000000009:3,0.002,0.0025,0.002,0.002,1.66,2026-06-23T07:31:26,0.002,1.66
ip_shuffle,20260623T073126_145454,of:0000000000000001:1 -> of:000000000000000b:1,0.002,0.0025,0.002,0.002,2.7,2026-06-23T07:31:26,0.002,2.7
ip_shuffle,20260623T073126_145454,of:000000000000000b:2 -> of:000000000000000c:2,0.001,0.00125,0.001,0.001,1.53,2026-06-23T07:31:26,0.001,1.53
ip_shuffle,20260623T073126_145454,of:0000000000000001:2 -> of:000000000000000c:1,0.001,0.00125,0.001,0.001,1.43,2026-06-23T07:31:26,0.001,1.43
ip_shuffle,20260623T073126_145454,of:0000000000000006:2 -> of:000000000000000a:2,0.002,0.0025,0.002,0.002,1.6,2026-06-23T07:31:26,0.002,1.6
ip_shuffle,20260623T073126_145454,of:0000000000000001:3 -> of:000000000000000d:1,0.002,0.0025,0.002,0.002,2.03,2026-06-23T07:31:26,0.002,2.03
ip_shuffle,20260623T073126_145454,of:0000000000000003:1 -> of:000000000000000b:5,0.002,0.0025,0.002,0.002,1.7,2026-06-23T07:31:26,0.002,1.7
ip_shuffle,20260623T073126_145454,of:0000000000000006:1 -> of:000000000000000d:4,0.002,0.0025,0.002,0.002,2.03,2026-06-23T07:31:26,0.002,2.03
ip_shuffle,20260623T073126_145454,of:0000000000000007:2 -> of:000000000000000a:3,0.002,0.0025,0.002,0.002,1.6,2026-06-23T07:31:26,0.002,1.6
ip_shuffle,20260623T073126_145454,of:0000000000000007:1 -> of:000000000000000d:5,0.001,0.00125,0.001,0.001,1.43,2026-06-23T07:31:26,0.001,1.43
ip_shuffle,20260623T073126_145454,of:0000000000000002:2 -> of:0000000000000008:2,0.002,0.0025,0.002,0.002,1.66,2026-06-23T07:31:26,0.002,1.66
ip_shuffle,20260623T073126_145454,of:0000000000000003:2 -> of:0000000000000008:3,0.002,0.0025,0.002,0.002,1.66,2026-06-23T07:31:26,0.002,1.66
ip_shuffle,20260623T073126_145454,of:0000000000000008:1 -> of:000000000000000b:6,0.001,0.00125,0.001,0.001,1.43,2026-06-23T07:31:26,0.001,1.43
ip_shuffle,20260623T073126_145454,of:0000000000000004:2 -> of:0000000000000009:2,0.002,0.0025,0.002,0.002,1.66,2026-06-23T07:31:26,0.002,1.66
ip_shuffle,20260623T073126_145454,of:0000000000000002:1 -> of:000000000000000b:4,0.002,0.0025,0.002,0.002,2.43,2026-06-23T07:31:26,0.002,2.43
ip_shuffle,20260623T073126_145454,of:0000000000000009:1 -> of:000000000000000c:6,0.001,0.00125,0.001,0.001,1.43,2026-06-23T07:31:26,0.001,1.43
ip_shuffle,20260623T073223_859183,of:0000000000000004:1 -> of:000000000000000c:4,0.002,0.0025,0.002,0.002,1.96,2026-06-23T07:32:23,0.002,1.96
ip_shuffle,20260623T073223_859183,of:0000000000000005:1 -> of:000000000000000c:5,0.002,0.0025,0.002,0.002,1.96,2026-06-23T07:32:23,0.002,1.96
ip_shuffle,20260623T073223_859183,of:000000000000000a:1 -> of:000000000000000d:6,0.002,0.0025,0.002,0.002,2.06,2026-06-23T07:32:23,0.002,2.1
ip_shuffle,20260623T073223_859183,of:000000000000000b:3 -> of:000000000000000d:2,0.002,0.0025,0.002,0.002,2.76,2026-06-23T07:32:23,0.002,2.76
ip_shuffle,20260623T073223_859183,of:000000000000000c:3 -> of:000000000000000d:3,0.002,0.0025,0.002,0.002,2.76,2026-06-23T07:32:23,0.002,2.76
ip_shuffle,20260623T073223_859183,of:0000000000000005:2 -> of:0000000000000009:3,0.002,0.0025,0.002,0.002,2.66,2026-06-23T07:32:23,0.002,2.66
ip_shuffle,20260623T073223_859183,of:0000000000000001:1 -> of:000000000000000b:1,0.002,0.0025,0.002,0.002,2.03,2026-06-23T07:32:23,0.002,2.0
ip_shuffle,20260623T073223_859183,of:000000000000000b:2 -> of:000000000000000c:2,0.002,0.0025,0.002,0.002,2.73,2026-06-23T07:32:23,0.002,2.73
ip_shuffle,20260623T073223_859183,of:0000000000000001:2 -> of:000000000000000c:1,0.002,0.0025,0.002,0.002,2.03,2026-06-23T07:32:23,0.002,2.0
ip_shuffle,20260623T073223_859183,of:0000000000000006:2 -> of:000000000000000a:2,0.002,0.0025,0.002,0.002,2.63,2026-06-23T07:32:23,0.002,2.63
ip_shuffle,20260623T073223_859183,of:0000000000000001:3 -> of:000000000000000d:1,0.003,0.00375,0.003,0.003,4.13,2026-06-23T07:32:23,0.003,4.13
ip_shuffle,20260623T073223_859183,of:0000000000000003:1 -> of:000000000000000b:5,0.002,0.0025,0.002,0.002,2.03,2026-06-23T07:32:23,0.002,2.03
ip_shuffle,20260623T073223_859183,of:0000000000000006:1 -> of:000000000000000d:4,0.003,0.00375,0.003,0.002,3.13,2026-06-23T07:32:23,0.003,3.26
ip_shuffle,20260623T073223_859183,of:0000000000000007:2 -> of:000000000000000a:3,0.002,0.0025,0.002,0.002,2.63,2026-06-23T07:32:23,0.002,2.63
ip_shuffle,20260623T073223_859183,of:0000000000000007:1 -> of:000000000000000d:5,0.002,0.0025,0.002,0.002,3.06,2026-06-23T07:32:23,0.002,2.96
ip_shuffle,20260623T073223_859183,of:0000000000000002:2 -> of:0000000000000008:2,0.002,0.0025,0.002,0.002,2.7,2026-06-23T07:32:23,0.002,2.7
ip_shuffle,20260623T073223_859183,of:0000000000000003:2 -> of:0000000000000008:3,0.002,0.0025,0.002,0.002,2.66,2026-06-23T07:32:23,0.002,2.66
ip_shuffle,20260623T073223_859183,of:0000000000000008:1 -> of:000000000000000b:6,0.002,0.0025,0.002,0.002,1.96,2026-06-23T07:32:23,0.002,1.96
ip_shuffle,20260623T073223_859183,of:0000000000000004:2 -> of:0000000000000009:2,0.002,0.0025,0.002,0.002,2.66,2026-06-23T07:32:23,0.002,2.66
ip_shuffle,20260623T073223_859183,of:0000000000000002:1 -> of:000000000000000b:4,0.002,0.0025,0.002,0.002,2.03,2026-06-23T07:32:23,0.002,2.03
ip_shuffle,20260623T073223_859183,of:0000000000000009:1 -> of:000000000000000c:6,0.002,0.0025,0.002,0.002,2.06,2026-06-23T07:32:23,0.002,2.06
route_mutation,20260623T073321_526914,of:0000000000000004:1 -> of:000000000000000c:4,0.002,0.0025,0.002,0.002,2.13,2026-06-23T07:33:21,0.002,2.16
route_mutation,20260623T073321_526914,of:0000000000000005:1 -> of:000000000000000c:5,0.002,0.0025,0.002,0.002,1.6,2026-06-23T07:33:21,0.002,1.6
route_mutation,20260623T073321_526914,of:000000000000000a:1 -> of:000000000000000d:6,0.002,0.0025,0.002,0.002,1.6,2026-06-23T07:33:21,0.002,1.6
route_mutation,20260623T073321_526914,of:000000000000000b:3 -> of:000000000000000d:2,0.002,0.0025,0.002,0.002,1.86,2026-06-23T07:33:21,0.002,1.86
route_mutation,20260623T073321_526914,of:000000000000000c:3 -> of:000000000000000d:3,0.002,0.0025,0.002,0.002,1.86,2026-06-23T07:33:21,0.002,1.86
route_mutation,20260623T073321_526914,of:0000000000000005:2 -> of:0000000000000009:3,0.002,0.0025,0.002,0.002,1.86,2026-06-23T07:33:21,0.002,1.86
route_mutation,20260623T073321_526914,of:0000000000000001:1 -> of:000000000000000b:1,0.003,0.00375,0.003,0.003,3.66,2026-06-23T07:33:21,0.003,3.6
route_mutation,20260623T073321_526914,of:000000000000000b:2 -> of:000000000000000c:2,0.002,0.0025,0.002,0.002,1.86,2026-06-23T07:33:21,0.002,1.86
route_mutation,20260623T073321_526914,of:0000000000000001:2 -> of:000000000000000c:1,0.002,0.0025,0.002,0.002,2.43,2026-06-23T07:33:21,0.002,2.33
route_mutation,20260623T073321_526914,of:0000000000000006:2 -> of:000000000000000a:2,0.002,0.0025,0.002,0.002,1.86,2026-06-23T07:33:21,0.002,1.86
route_mutation,20260623T073321_526914,of:0000000000000001:3 -> of:000000000000000d:1,0.002,0.0025,0.002,0.002,2.06,2026-06-23T07:33:21,0.002,2.1
route_mutation,20260623T073321_526914,of:0000000000000003:1 -> of:000000000000000b:5,0.002,0.0025,0.002,0.002,2.56,2026-06-23T07:33:21,0.002,2.56
route_mutation,20260623T073321_526914,of:0000000000000006:1 -> of:000000000000000d:4,0.002,0.0025,0.002,0.002,1.6,2026-06-23T07:33:21,0.002,1.6
route_mutation,20260623T073321_526914,of:0000000000000007:2 -> of:000000000000000a:3,0.002,0.0025,0.002,0.002,1.86,2026-06-23T07:33:21,0.002,1.86
route_mutation,20260623T073321_526914,of:0000000000000007:1 -> of:000000000000000d:5,0.002,0.0025,0.002,0.002,2.23,2026-06-23T07:33:21,0.002,2.23
route_mutation,20260623T073321_526914,of:0000000000000002:2 -> of:0000000000000008:2,0.002,0.0025,0.002,0.002,1.8,2026-06-23T07:33:21,0.002,1.8
route_mutation,20260623T073321_526914,of:0000000000000003:2 -> of:0000000000000008:3,0.002,0.0025,0.002,0.002,1.8,2026-06-23T07:33:21,0.002,1.8
route_mutation,20260623T073321_526914,of:0000000000000008:1 -> of:000000000000000b:6,0.002,0.0025,0.002,0.002,1.6,2026-06-23T07:33:21,0.002,1.6
route_mutation,20260623T073321_526914,of:0000000000000004:2 -> of:0000000000000009:2,0.002,0.0025,0.002,0.002,1.86,2026-06-23T07:33:21,0.002,1.86
route_mutation,20260623T073321_526914,of:0000000000000002:1 -> of:000000000000000b:4,0.002,0.0025,0.002,0.002,2.56,2026-06-23T07:33:21,0.002,2.56
route_mutation,20260623T073321_526914,of:0000000000000009:1 -> of:000000000000000c:6,0.002,0.0025,0.002,0.002,1.6,2026-06-23T07:33:21,0.002,1.6
ip_shuffle,20260623T073351_867459,of:0000000000000004:1 -> of:000000000000000c:4,0.002,0.0025,0.002,0.002,2.16,2026-06-23T07:33:51,0.002,2.16
ip_shuffle,20260623T073351_867459,of:0000000000000005:1 -> of:000000000000000c:5,0.002,0.0025,0.002,0.002,2.7,2026-06-23T07:33:51,0.002,2.73
ip_shuffle,20260623T073351_867459,of:000000000000000a:1 -> of:000000000000000d:6,0.002,0.0025,0.002,0.002,2.0,2026-06-23T07:33:51,0.002,2.03
ip_shuffle,20260623T073351_867459,of:000000000000000b:3 -> of:000000000000000d:2,0.002,0.0025,0.002,0.002,2.7,2026-06-23T07:33:51,0.002,2.7
ip_shuffle,20260623T073351_867459,of:000000000000000c:3 -> of:000000000000000d:3,0.002,0.0025,0.002,0.002,2.7,2026-06-23T07:33:51,0.002,2.7
ip_shuffle,20260623T073351_867459,of:0000000000000005:2 -> of:0000000000000009:3,0.002,0.0025,0.002,0.002,2.56,2026-06-23T07:33:51,0.002,2.56
ip_shuffle,20260623T073351_867459,of:0000000000000001:1 -> of:000000000000000b:1,0.002,0.0025,0.002,0.002,2.0,2026-06-23T07:33:51,0.002,2.1
ip_shuffle,20260623T073351_867459,of:000000000000000b:2 -> of:000000000000000c:2,0.002,0.0025,0.002,0.002,2.66,2026-06-23T07:33:51,0.002,2.66
ip_shuffle,20260623T073351_867459,of:0000000000000001:2 -> of:000000000000000c:1,0.002,0.0025,0.002,0.002,2.76,2026-06-23T07:33:51,0.002,2.9
ip_shuffle,20260623T073351_867459,of:0000000000000006:2 -> of:000000000000000a:2,0.002,0.0025,0.002,0.002,2.56,2026-06-23T07:33:51,0.002,2.56
ip_shuffle,20260623T073351_867459,of:0000000000000001:3 -> of:000000000000000d:1,0.003,0.00375,0.003,0.003,3.8,2026-06-23T07:33:51,0.003,3.7
ip_shuffle,20260623T073351_867459,of:0000000000000003:1 -> of:000000000000000b:5,0.002,0.0025,0.002,0.002,1.93,2026-06-23T07:33:51,0.002,2.0
ip_shuffle,20260623T073351_867459,of:0000000000000006:1 -> of:000000000000000d:4,0.003,0.00375,0.003,0.003,3.2,2026-06-23T07:33:51,0.003,3.26
ip_shuffle,20260623T073351_867459,of:0000000000000007:2 -> of:000000000000000a:3,0.002,0.0025,0.002,0.002,2.56,2026-06-23T07:33:51,0.002,2.56
ip_shuffle,20260623T073351_867459,of:0000000000000007:1 -> of:000000000000000d:5,0.002,0.0025,0.002,0.002,2.2,2026-06-23T07:33:51,0.002,2.13
ip_shuffle,20260623T073351_867459,of:0000000000000002:2 -> of:0000000000000008:2,0.002,0.0025,0.002,0.002,2.53,2026-06-23T07:33:51,0.002,2.53
ip_shuffle,20260623T073351_867459,of:0000000000000003:2 -> of:0000000000000008:3,0.002,0.0025,0.002,0.002,2.53,2026-06-23T07:33:51,0.002,2.53
ip_shuffle,20260623T073351_867459,of:0000000000000008:1 -> of:000000000000000b:6,0.002,0.0025,0.002,0.002,1.93,2026-06-23T07:33:51,0.002,1.93
ip_shuffle,20260623T073351_867459,of:0000000000000004:2 -> of:0000000000000009:2,0.002,0.0025,0.002,0.002,2.56,2026-06-23T07:33:51,0.002,2.56
ip_shuffle,20260623T073351_867459,of:0000000000000002:1 -> of:000000000000000b:4,0.002,0.0025,0.002,0.002,1.93,2026-06-23T07:33:51,0.002,2.0
ip_shuffle,20260623T073351_867459,of:0000000000000009:1 -> of:000000000000000c:6,0.002,0.0025,0.002,0.002,2.0,2026-06-23T07:33:51,0.002,2.0
route_mutation,20260623T073502_514144,of:0000000000000004:1 -> of:000000000000000c:4,0.002,0.0025,0.002,0.002,2.26,2026-06-23T07:35:02,0.002,2.3
route_mutation,20260623T073502_514144,of:0000000000000005:1 -> of:000000000000000c:5,0.002,0.0025,0.002,0.002,2.26,2026-06-23T07:35:02,0.002,2.3
route_mutation,20260623T073502_514144,of:000000000000000a:1 -> of:000000000000000d:6,0.002,0.0025,0.002,0.002,1.56,2026-06-23T07:35:02,0.002,1.6
route_mutation,20260623T073502_514144,of:000000000000000b:3 -> of:000000000000000d:2,0.002,0.0025,0.002,0.002,1.83,2026-06-23T07:35:02,0.002,1.83
route_mutation,20260623T073502_514144,of:000000000000000c:3 -> of:000000000000000d:3,0.002,0.0025,0.002,0.002,1.83,2026-06-23T07:35:02,0.002,1.83
route_mutation,20260623T073502_514144,of:0000000000000005:2 -> of:0000000000000009:3,0.002,0.0025,0.002,0.002,1.7,2026-06-23T07:35:02,0.002,1.7
route_mutation,20260623T073502_514144,of:0000000000000001:1 -> of:000000000000000b:1,0.003,0.00375,0.003,0.002,2.73,2026-06-23T07:35:02,0.003,2.83
route_mutation,20260623T073502_514144,of:000000000000000b:2 -> of:000000000000000c:2,0.002,0.0025,0.002,0.002,1.8,2026-06-23T07:35:02,0.002,1.8
route_mutation,20260623T073502_514144,of:0000000000000001:2 -> of:000000000000000c:1,0.003,0.00375,0.003,0.003,3.16,2026-06-23T07:35:02,0.003,3.26
route_mutation,20260623T073502_514144,of:0000000000000006:2 -> of:000000000000000a:2,0.002,0.0025,0.002,0.002,1.7,2026-06-23T07:35:02,0.002,1.7
route_mutation,20260623T073502_514144,of:0000000000000001:3 -> of:000000000000000d:1,0.002,0.0025,0.002,0.002,2.03,2026-06-23T07:35:02,0.002,1.93
route_mutation,20260623T073502_514144,of:0000000000000003:1 -> of:000000000000000b:5,0.002,0.0025,0.002,0.002,2.56,2026-06-23T07:35:02,0.002,2.6
route_mutation,20260623T073502_514144,of:0000000000000006:1 -> of:000000000000000d:4,0.002,0.0025,0.002,0.002,1.73,2026-06-23T07:35:02,0.002,1.7
route_mutation,20260623T073502_514144,of:0000000000000007:2 -> of:000000000000000a:3,0.002,0.0025,0.002,0.002,1.73,2026-06-23T07:35:02,0.002,1.73
route_mutation,20260623T073502_514144,of:0000000000000007:1 -> of:000000000000000d:5,0.002,0.0025,0.002,0.001,1.5,2026-06-23T07:35:02,0.002,1.53
route_mutation,20260623T073502_514144,of:0000000000000002:2 -> of:0000000000000008:2,0.002,0.0025,0.002,0.002,1.76,2026-06-23T07:35:02,0.002,1.76
route_mutation,20260623T073502_514144,of:0000000000000003:2 -> of:0000000000000008:3,0.002,0.0025,0.002,0.002,1.76,2026-06-23T07:35:02,0.002,1.76
route_mutation,20260623T073502_514144,of:0000000000000008:1 -> of:000000000000000b:6,0.002,0.0025,0.002,0.002,1.56,2026-06-23T07:35:02,0.002,1.56
route_mutation,20260623T073502_514144,of:0000000000000004:2 -> of:0000000000000009:2,0.002,0.0025,0.002,0.002,1.7,2026-06-23T07:35:02,0.002,1.7
route_mutation,20260623T073502_514144,of:0000000000000002:1 -> of:000000000000000b:4,0.002,0.0025,0.002,0.002,1.93,2026-06-23T07:35:02,0.002,1.96
route_mutation,20260623T073502_514144,of:0000000000000009:1 -> of:000000000000000c:6,0.002,0.0025,0.002,0.002,1.56,2026-06-23T07:35:02,0.002,1.56
ip_shuffle,20260623T073532_836348,of:0000000000000004:1 -> of:000000000000000c:4,0.002,0.0025,0.002,0.002,2.16,2026-06-23T07:35:32,0.002,2.2
ip_shuffle,20260623T073532_836348,of:0000000000000005:1 -> of:000000000000000c:5,0.002,0.0025,0.002,0.002,2.16,2026-06-23T07:35:32,0.002,2.2
ip_shuffle,20260623T073532_836348,of:000000000000000a:1 -> of:000000000000000d:6,0.002,0.0025,0.002,0.002,2.16,2026-06-23T07:35:32,0.002,2.16
ip_shuffle,20260623T073532_836348,of:000000000000000b:3 -> of:000000000000000d:2,0.002,0.0025,0.002,0.002,3.06,2026-06-23T07:35:32,0.002,3.06
ip_shuffle,20260623T073532_836348,of:000000000000000c:3 -> of:000000000000000d:3,0.002,0.0025,0.002,0.002,3.1,2026-06-23T07:35:32,0.002,3.1
ip_shuffle,20260623T073532_836348,of:0000000000000005:2 -> of:0000000000000009:3,0.002,0.0025,0.002,0.002,3.06,2026-06-23T07:35:32,0.002,3.06
ip_shuffle,20260623T073532_836348,of:0000000000000001:1 -> of:000000000000000b:1,0.002,0.0025,0.002,0.002,2.1,2026-06-23T07:35:32,0.002,2.06
ip_shuffle,20260623T073532_836348,of:000000000000000b:2 -> of:000000000000000c:2,0.002,0.0025,0.002,0.002,3.03,2026-06-23T07:35:32,0.002,3.03
ip_shuffle,20260623T073532_836348,of:0000000000000001:2 -> of:000000000000000c:1,0.002,0.0025,0.002,0.002,2.13,2026-06-23T07:35:32,0.002,2.06
ip_shuffle,20260623T073532_836348,of:0000000000000006:2 -> of:000000000000000a:2,0.002,0.0025,0.002,0.002,3.1,2026-06-23T07:35:32,0.002,3.1
ip_shuffle,20260623T073532_836348,of:0000000000000001:3 -> of:000000000000000d:1,0.003,0.00375,0.003,0.003,4.36,2026-06-23T07:35:32,0.003,4.36
ip_shuffle,20260623T073532_836348,of:0000000000000003:1 -> of:000000000000000b:5,0.002,0.0025,0.002,0.002,2.16,2026-06-23T07:35:32,0.002,2.16
ip_shuffle,20260623T073532_836348,of:0000000000000006:1 -> of:000000000000000d:4,0.003,0.00375,0.003,0.003,3.3,2026-06-23T07:35:32,0.003,3.36
ip_shuffle,20260623T073532_836348,of:0000000000000007:2 -> of:000000000000000a:3,0.002,0.0025,0.002,0.002,3.06,2026-06-23T07:35:32,0.002,3.06
ip_shuffle,20260623T073532_836348,of:0000000000000007:1 -> of:000000000000000d:5,0.003,0.00375,0.003,0.003,3.43,2026-06-23T07:35:32,0.003,3.36
ip_shuffle,20260623T073532_836348,of:0000000000000002:2 -> of:0000000000000008:2,0.002,0.0025,0.002,0.002,3.06,2026-06-23T07:35:32,0.002,3.06
ip_shuffle,20260623T073532_836348,of:0000000000000003:2 -> of:0000000000000008:3,0.002,0.0025,0.002,0.002,3.06,2026-06-23T07:35:32,0.002,3.06
ip_shuffle,20260623T073532_836348,of:0000000000000008:1 -> of:000000000000000b:6,0.002,0.0025,0.002,0.002,2.1,2026-06-23T07:35:32,0.002,2.1
ip_shuffle,20260623T073532_836348,of:0000000000000004:2 -> of:0000000000000009:2,0.002,0.0025,0.002,0.002,3.06,2026-06-23T07:35:32,0.002,3.06
ip_shuffle,20260623T073532_836348,of:0000000000000002:1 -> of:000000000000000b:4,0.002,0.0025,0.002,0.002,2.16,2026-06-23T07:35:32,0.002,2.16
ip_shuffle,20260623T073532_836348,of:0000000000000009:1 -> of:000000000000000c:6,0.002,0.0025,0.002,0.002,2.1,2026-06-23T07:35:32,0.002,2.13
ip_shuffle,20260623T073630_557514,of:0000000000000004:1 -> of:000000000000000c:4,0.002,0.0025,0.002,0.002,2.26,2026-06-23T07:36:30,0.002,2.26
ip_shuffle,20260623T073630_557514,of:0000000000000005:1 -> of:000000000000000c:5,0.002,0.0025,0.002,0.002,1.6,2026-06-23T07:36:30,0.002,1.6
ip_shuffle,20260623T073630_557514,of:000000000000000a:1 -> of:000000000000000d:6,0.002,0.0025,0.002,0.002,1.53,2026-06-23T07:36:30,0.002,1.53
ip_shuffle,20260623T073630_557514,of:000000000000000b:3 -> of:000000000000000d:2,0.002,0.0025,0.002,0.002,1.73,2026-06-23T07:36:30,0.002,1.73
ip_shuffle,20260623T073630_557514,of:000000000000000c:3 -> of:000000000000000d:3,0.002,0.0025,0.002,0.002,1.73,2026-06-23T07:36:30,0.002,1.73
ip_shuffle,20260623T073630_557514,of:0000000000000005:2 -> of:0000000000000009:3,0.002,0.0025,0.002,0.002,1.66,2026-06-23T07:36:30,0.002,1.66
ip_shuffle,20260623T073630_557514,of:0000000000000001:1 -> of:000000000000000b:1,0.003,0.00375,0.003,0.003,3.56,2026-06-23T07:36:30,0.003,3.56
ip_shuffle,20260623T073630_557514,of:000000000000000b:2 -> of:000000000000000c:2,0.002,0.0025,0.002,0.002,1.73,2026-06-23T07:36:30,0.002,1.73
ip_shuffle,20260623T073630_557514,of:0000000000000001:2 -> of:000000000000000c:1,0.002,0.0025,0.002,0.002,2.7,2026-06-23T07:36:30,0.002,2.7
ip_shuffle,20260623T073630_557514,of:0000000000000006:2 -> of:000000000000000a:2,0.002,0.0025,0.002,0.002,1.66,2026-06-23T07:36:30,0.002,1.66
ip_shuffle,20260623T073630_557514,of:0000000000000001:3 -> of:000000000000000d:1,0.002,0.0025,0.002,0.002,1.53,2026-06-23T07:36:30,0.002,1.5
ip_shuffle,20260623T073630_557514,of:0000000000000003:1 -> of:000000000000000b:5,0.002,0.0025,0.002,0.002,2.5,2026-06-23T07:36:30,0.002,2.5
ip_shuffle,20260623T073630_557514,of:0000000000000006:1 -> of:000000000000000d:4,0.001,0.00125,0.001,0.001,1.46,2026-06-23T07:36:30,0.001,1.46
ip_shuffle,20260623T073630_557514,of:0000000000000007:2 -> of:000000000000000a:3,0.002,0.0025,0.002,0.002,1.66,2026-06-23T07:36:30,0.002,1.66
ip_shuffle,20260623T073630_557514,of:0000000000000007:1 -> of:000000000000000d:5,0.001,0.00125,0.001,0.001,1.46,2026-06-23T07:36:30,0.001,1.46
ip_shuffle,20260623T073630_557514,of:0000000000000002:2 -> of:0000000000000008:2,0.002,0.0025,0.002,0.002,1.66,2026-06-23T07:36:30,0.002,1.66
ip_shuffle,20260623T073630_557514,of:0000000000000003:2 -> of:0000000000000008:3,0.002,0.0025,0.002,0.002,1.66,2026-06-23T07:36:30,0.002,1.66
ip_shuffle,20260623T073630_557514,of:0000000000000008:1 -> of:000000000000000b:6,0.002,0.0025,0.002,0.002,1.53,2026-06-23T07:36:30,0.002,1.53
ip_shuffle,20260623T073630_557514,of:0000000000000004:2 -> of:0000000000000009:2,0.002,0.0025,0.002,0.002,1.66,2026-06-23T07:36:30,0.002,1.66
ip_shuffle,20260623T073630_557514,of:0000000000000002:1 -> of:000000000000000b:4,0.002,0.0025,0.002,0.002,2.5,2026-06-23T07:36:30,0.002,2.5
ip_shuffle,20260623T073630_557514,of:0000000000000009:1 -> of:000000000000000c:6,0.002,0.0025,0.002,0.002,1.53,2026-06-23T07:36:30,0.002,1.53
ip_shuffle,20260623T073728_300476,of:0000000000000004:1 -> of:000000000000000c:4,0.002,0.0025,0.002,0.002,1.96,2026-06-23T07:37:28,0.002,1.93
ip_shuffle,20260623T073728_300476,of:0000000000000005:1 -> of:000000000000000c:5,0.002,0.0025,0.002,0.002,1.96,2026-06-23T07:37:28,0.002,1.93
ip_shuffle,20260623T073728_300476,of:000000000000000a:1 -> of:000000000000000d:6,0.002,0.0025,0.002,0.002,1.86,2026-06-23T07:37:28,0.002,1.83
ip_shuffle,20260623T073728_300476,of:000000000000000b:3 -> of:000000000000000d:2,0.002,0.0025,0.002,0.002,2.43,2026-06-23T07:37:28,0.002,2.43
ip_shuffle,20260623T073728_300476,of:000000000000000c:3 -> of:000000000000000d:3,0.002,0.0025,0.002,0.002,2.43,2026-06-23T07:37:28,0.002,2.43
ip_shuffle,20260623T073728_300476,of:0000000000000005:2 -> of:0000000000000009:3,0.002,0.0025,0.002,0.002,2.56,2026-06-23T07:37:28,0.002,2.56
ip_shuffle,20260623T073728_300476,of:0000000000000001:1 -> of:000000000000000b:1,0.002,0.0025,0.002,0.002,1.93,2026-06-23T07:37:28,0.002,1.83
ip_shuffle,20260623T073728_300476,of:000000000000000b:2 -> of:000000000000000c:2,0.002,0.0025,0.002,0.002,2.53,2026-06-23T07:37:28,0.002,2.53
ip_shuffle,20260623T073728_300476,of:0000000000000001:2 -> of:000000000000000c:1,0.002,0.0025,0.002,0.002,1.93,2026-06-23T07:37:28,0.002,1.83
ip_shuffle,20260623T073728_300476,of:0000000000000006:2 -> of:000000000000000a:2,0.002,0.0025,0.002,0.002,2.56,2026-06-23T07:37:28,0.002,2.56
ip_shuffle,20260623T073728_300476,of:0000000000000001:3 -> of:000000000000000d:1,0.003,0.00375,0.003,0.003,3.16,2026-06-23T07:37:28,0.003,3.23
ip_shuffle,20260623T073728_300476,of:0000000000000003:1 -> of:000000000000000b:5,0.002,0.0025,0.002,0.002,1.83,2026-06-23T07:37:28,0.002,1.93
ip_shuffle,20260623T073728_300476,of:0000000000000006:1 -> of:000000000000000d:4,0.002,0.0025,0.002,0.002,1.96,2026-06-23T07:37:28,0.002,2.03
ip_shuffle,20260623T073728_300476,of:0000000000000007:2 -> of:000000000000000a:3,0.002,0.0025,0.002,0.002,2.53,2026-06-23T07:37:28,0.002,2.53
ip_shuffle,20260623T073728_300476,of:0000000000000007:1 -> of:000000000000000d:5,0.003,0.00375,0.003,0.003,3.23,2026-06-23T07:37:28,0.003,3.23
ip_shuffle,20260623T073728_300476,of:0000000000000002:2 -> of:0000000000000008:2,0.002,0.0025,0.002,0.002,2.43,2026-06-23T07:37:28,0.002,2.43
ip_shuffle,20260623T073728_300476,of:0000000000000003:2 -> of:0000000000000008:3,0.002,0.0025,0.002,0.002,2.43,2026-06-23T07:37:28,0.002,2.43
ip_shuffle,20260623T073728_300476,of:0000000000000008:1 -> of:000000000000000b:6,0.002,0.0025,0.002,0.002,1.93,2026-06-23T07:37:28,0.002,1.93
ip_shuffle,20260623T073728_300476,of:0000000000000004:2 -> of:0000000000000009:2,0.002,0.0025,0.002,0.002,2.56,2026-06-23T07:37:28,0.002,2.56
ip_shuffle,20260623T073728_300476,of:0000000000000002:1 -> of:000000000000000b:4,0.002,0.0025,0.002,0.002,1.83,2026-06-23T07:37:28,0.002,1.93
ip_shuffle,20260623T073728_300476,of:0000000000000009:1 -> of:000000000000000c:6,0.002,0.0025,0.002,0.002,1.93,2026-06-23T07:37:28,0.002,1.93
route_mutation,20260623T073832_459289,of:0000000000000004:1 -> of:000000000000000c:4,0.002,0.0025,0.002,0.002,1.9,2026-06-23T07:38:32,0.002,1.9
route_mutation,20260623T073832_459289,of:0000000000000005:1 -> of:000000000000000c:5,0.001,0.00125,0.001,0.001,1.37,2026-06-23T07:38:32,0.001,1.37
route_mutation,20260623T073832_459289,of:000000000000000a:1 -> of:000000000000000d:6,0.001,0.00125,0.001,0.001,1.37,2026-06-23T07:38:32,0.001,1.37
route_mutation,20260623T073832_459289,of:000000000000000b:3 -> of:000000000000000d:2,0.001,0.00125,0.001,0.001,1.47,2026-06-23T07:38:32,0.001,1.47
route_mutation,20260623T073832_459289,of:000000000000000c:3 -> of:000000000000000d:3,0.001,0.00125,0.001,0.001,1.47,2026-06-23T07:38:32,0.001,1.47
route_mutation,20260623T073832_459289,of:0000000000000005:2 -> of:0000000000000009:3,0.001,0.00125,0.001,0.001,1.47,2026-06-23T07:38:32,0.001,1.47
route_mutation,20260623T073832_459289,of:0000000000000001:1 -> of:000000000000000b:1,0.003,0.00375,0.003,0.003,2.93,2026-06-23T07:38:32,0.003,2.93
route_mutation,20260623T073832_459289,of:000000000000000b:2 -> of:000000000000000c:2,0.001,0.00125,0.001,0.001,1.4,2026-06-23T07:38:32,0.001,1.4
route_mutation,20260623T073832_459289,of:0000000000000001:2 -> of:000000000000000c:1,0.002,0.0025,0.002,0.002,2.06,2026-06-23T07:38:32,0.002,2.06
route_mutation,20260623T073832_459289,of:0000000000000006:2 -> of:000000000000000a:2,0.001,0.00125,0.001,0.001,1.47,2026-06-23T07:38:32,0.001,1.47
route_mutation,20260623T073832_459289,of:0000000000000001:3 -> of:000000000000000d:1,0.001,0.00125,0.001,0.001,1.37,2026-06-23T07:38:32,0.001,1.37
route_mutation,20260623T073832_459289,of:0000000000000003:1 -> of:000000000000000b:5,0.002,0.0025,0.002,0.002,2.3,2026-06-23T07:38:32,0.002,2.3
route_mutation,20260623T073832_459289,of:0000000000000006:1 -> of:000000000000000d:4,0.002,0.0025,0.002,0.002,1.43,2026-06-23T07:38:32,0.002,1.43
route_mutation,20260623T073832_459289,of:0000000000000007:2 -> of:000000000000000a:3,0.001,0.00125,0.001,0.001,1.4,2026-06-23T07:38:32,0.001,1.4
route_mutation,20260623T073832_459289,of:0000000000000007:1 -> of:000000000000000d:5,0.001,0.00125,0.001,0.001,1.37,2026-06-23T07:38:32,0.001,1.37
route_mutation,20260623T073832_459289,of:0000000000000002:2 -> of:0000000000000008:2,0.001,0.00125,0.001,0.001,1.4,2026-06-23T07:38:32,0.001,1.4
route_mutation,20260623T073832_459289,of:0000000000000003:2 -> of:0000000000000008:3,0.001,0.00125,0.001,0.001,1.4,2026-06-23T07:38:32,0.001,1.4
route_mutation,20260623T073832_459289,of:0000000000000008:1 -> of:000000000000000b:6,0.001,0.00125,0.001,0.001,1.3,2026-06-23T07:38:32,0.001,1.3
route_mutation,20260623T073832_459289,of:0000000000000004:2 -> of:0000000000000009:2,0.001,0.00125,0.001,0.001,1.47,2026-06-23T07:38:32,0.001,1.47
route_mutation,20260623T073832_459289,of:0000000000000002:1 -> of:000000000000000b:4,0.002,0.0025,0.002,0.002,1.93,2026-06-23T07:38:32,0.002,1.93
route_mutation,20260623T073832_459289,of:0000000000000009:1 -> of:000000000000000c:6,0.001,0.00125,0.001,0.001,1.3,2026-06-23T07:38:32,0.001,1.3
ip_shuffle,20260623T073902_766198,of:0000000000000004:1 -> of:000000000000000c:4,0.002,0.0025,0.002,0.002,2.0,2026-06-23T07:39:02,0.002,2.0
ip_shuffle,20260623T073902_766198,of:0000000000000005:1 -> of:000000000000000c:5,0.002,0.0025,0.002,0.002,2.53,2026-06-23T07:39:02,0.002,2.53
ip_shuffle,20260623T073902_766198,of:000000000000000a:1 -> of:000000000000000d:6,0.002,0.0025,0.002,0.002,1.66,2026-06-23T07:39:02,0.002,1.7
ip_shuffle,20260623T073902_766198,of:000000000000000b:3 -> of:000000000000000d:2,0.002,0.0025,0.002,0.002,2.1,2026-06-23T07:39:02,0.002,2.1
ip_shuffle,20260623T073902_766198,of:000000000000000c:3 -> of:000000000000000d:3,0.002,0.0025,0.002,0.002,2.1,2026-06-23T07:39:02,0.002,2.1
ip_shuffle,20260623T073902_766198,of:0000000000000005:2 -> of:0000000000000009:3,0.002,0.0025,0.002,0.002,2.13,2026-06-23T07:39:02,0.002,2.13
ip_shuffle,20260623T073902_766198,of:0000000000000001:1 -> of:000000000000000b:1,0.002,0.0025,0.002,0.002,1.73,2026-06-23T07:39:02,0.002,1.83
ip_shuffle,20260623T073902_766198,of:000000000000000b:2 -> of:000000000000000c:2,0.002,0.0025,0.002,0.002,2.13,2026-06-23T07:39:02,0.002,2.13
ip_shuffle,20260623T073902_766198,of:0000000000000001:2 -> of:000000000000000c:1,0.002,0.0025,0.002,0.002,2.56,2026-06-23T07:39:02,0.002,2.66
ip_shuffle,20260623T073902_766198,of:0000000000000006:2 -> of:000000000000000a:2,0.002,0.0025,0.002,0.002,2.13,2026-06-23T07:39:02,0.002,2.13
ip_shuffle,20260623T073902_766198,of:0000000000000001:3 -> of:000000000000000d:1,0.002,0.0025,0.002,0.002,2.86,2026-06-23T07:39:02,0.002,2.8
ip_shuffle,20260623T073902_766198,of:0000000000000003:1 -> of:000000000000000b:5,0.002,0.0025,0.002,0.002,1.83,2026-06-23T07:39:02,0.002,1.73
ip_shuffle,20260623T073902_766198,of:0000000000000006:1 -> of:000000000000000d:4,0.002,0.0025,0.002,0.002,2.73,2026-06-23T07:39:02,0.002,2.73
ip_shuffle,20260623T073902_766198,of:0000000000000007:2 -> of:000000000000000a:3,0.002,0.0025,0.002,0.002,2.13,2026-06-23T07:39:02,0.002,2.13
ip_shuffle,20260623T073902_766198,of:0000000000000007:1 -> of:000000000000000d:5,0.002,0.0025,0.002,0.002,1.66,2026-06-23T07:39:02,0.002,1.7
ip_shuffle,20260623T073902_766198,of:0000000000000002:2 -> of:0000000000000008:2,0.002,0.0025,0.002,0.002,2.23,2026-06-23T07:39:02,0.002,2.23
ip_shuffle,20260623T073902_766198,of:0000000000000003:2 -> of:0000000000000008:3,0.002,0.0025,0.002,0.002,2.23,2026-06-23T07:39:02,0.002,2.23
ip_shuffle,20260623T073902_766198,of:0000000000000008:1 -> of:000000000000000b:6,0.002,0.0025,0.002,0.002,1.73,2026-06-23T07:39:02,0.002,1.73
ip_shuffle,20260623T073902_766198,of:0000000000000004:2 -> of:0000000000000009:2,0.002,0.0025,0.002,0.002,2.13,2026-06-23T07:39:02,0.002,2.13
ip_shuffle,20260623T073902_766198,of:0000000000000002:1 -> of:000000000000000b:4,0.002,0.0025,0.002,0.002,1.83,2026-06-23T07:39:02,0.002,1.73
ip_shuffle,20260623T073902_766198,of:0000000000000009:1 -> of:000000000000000c:6,0.002,0.0025,0.002,0.002,1.73,2026-06-23T07:39:02,0.002,1.73
ip_shuffle,20260623T074000_542934,of:0000000000000004:1 -> of:000000000000000c:4,0.001,0.00125,0.001,0.001,1.37,2026-06-23T07:40:00,0.001,1.37
ip_shuffle,20260623T074000_542934,of:0000000000000005:1 -> of:000000000000000c:5,0.001,0.00125,0.001,0.001,1.37,2026-06-23T07:40:00,0.001,1.37
ip_shuffle,20260623T074000_542934,of:000000000000000a:1 -> of:000000000000000d:6,0.001,0.00125,0.001,0.001,1.37,2026-06-23T07:40:00,0.001,1.37
ip_shuffle,20260623T074000_542934,of:000000000000000b:3 -> of:000000000000000d:2,0.001,0.00125,0.001,0.001,1.46,2026-06-23T07:40:00,0.001,1.46
ip_shuffle,20260623T074000_542934,of:000000000000000c:3 -> of:000000000000000d:3,0.001,0.00125,0.001,0.001,1.46,2026-06-23T07:40:00,0.001,1.46
ip_shuffle,20260623T074000_542934,of:0000000000000005:2 -> of:0000000000000009:3,0.001,0.00125,0.001,0.001,1.46,2026-06-23T07:40:00,0.001,1.46
ip_shuffle,20260623T074000_542934,of:0000000000000001:1 -> of:000000000000000b:1,0.002,0.0025,0.002,0.002,2.2,2026-06-23T07:40:00,0.002,2.2
ip_shuffle,20260623T074000_542934,of:000000000000000b:2 -> of:000000000000000c:2,0.001,0.00125,0.001,0.001,1.4,2026-06-23T07:40:00,0.001,1.4
ip_shuffle,20260623T074000_542934,of:0000000000000001:2 -> of:000000000000000c:1,0.001,0.00125,0.001,0.001,1.3,2026-06-23T07:40:00,0.001,1.3
ip_shuffle,20260623T074000_542934,of:0000000000000006:2 -> of:000000000000000a:2,0.001,0.00125,0.001,0.001,1.46,2026-06-23T07:40:00,0.001,1.46
ip_shuffle,20260623T074000_542934,of:0000000000000001:3 -> of:000000000000000d:1,0.001,0.00125,0.001,0.001,1.37,2026-06-23T07:40:00,0.001,1.37
ip_shuffle,20260623T074000_542934,of:0000000000000003:1 -> of:000000000000000b:5,0.001,0.00125,0.001,0.001,1.4,2026-06-23T07:40:00,0.001,1.4
ip_shuffle,20260623T074000_542934,of:0000000000000006:1 -> of:000000000000000d:4,0.002,0.0025,0.002,0.002,1.43,2026-06-23T07:40:00,0.002,1.43
ip_shuffle,20260623T074000_542934,of:0000000000000007:2 -> of:000000000000000a:3,0.001,0.00125,0.001,0.001,1.4,2026-06-23T07:40:00,0.001,1.4
ip_shuffle,20260623T074000_542934,of:0000000000000007:1 -> of:000000000000000d:5,0.001,0.00125,0.001,0.001,1.37,2026-06-23T07:40:00,0.001,1.37
ip_shuffle,20260623T074000_542934,of:0000000000000002:2 -> of:0000000000000008:2,0.001,0.00125,0.001,0.001,1.46,2026-06-23T07:40:00,0.001,1.46
ip_shuffle,20260623T074000_542934,of:0000000000000003:2 -> of:0000000000000008:3,0.001,0.00125,0.001,0.001,1.46,2026-06-23T07:40:00,0.001,1.46
ip_shuffle,20260623T074000_542934,of:0000000000000008:1 -> of:000000000000000b:6,0.001,0.00125,0.001,0.001,1.3,2026-06-23T07:40:00,0.001,1.3
ip_shuffle,20260623T074000_542934,of:0000000000000004:2 -> of:0000000000000009:2,0.001,0.00125,0.001,0.001,1.46,2026-06-23T07:40:00,0.001,1.46
ip_shuffle,20260623T074000_542934,of:0000000000000002:1 -> of:000000000000000b:4,0.002,0.0025,0.002,0.002,2.23,2026-06-23T07:40:00,0.002,2.23
ip_shuffle,20260623T074000_542934,of:0000000000000009:1 -> of:000000000000000c:6,0.001,0.00125,0.001,0.001,1.3,2026-06-23T07:40:00,0.001,1.3
route_mutation,20260623T074058_231838,of:0000000000000004:1 -> of:000000000000000c:4,0.002,0.0025,0.002,0.002,2.13,2026-06-23T07:40:58,0.002,2.13
route_mutation,20260623T074058_231838,of:0000000000000005:1 -> of:000000000000000c:5,0.002,0.0025,0.002,0.002,2.13,2026-06-23T07:40:58,0.002,2.13
route_mutation,20260623T074058_231838,of:000000000000000a:1 -> of:000000000000000d:6,0.002,0.0025,0.002,0.002,2.2,2026-06-23T07:40:58,0.002,2.2
route_mutation,20260623T074058_231838,of:000000000000000b:3 -> of:000000000000000d:2,0.002,0.0025,0.002,0.002,3.06,2026-06-23T07:40:58,0.002,3.06
route_mutation,20260623T074058_231838,of:000000000000000c:3 -> of:000000000000000d:3,0.002,0.0025,0.002,0.002,3.06,2026-06-23T07:40:58,0.002,3.06
route_mutation,20260623T074058_231838,of:0000000000000005:2 -> of:0000000000000009:3,0.002,0.0025,0.002,0.002,3.0,2026-06-23T07:40:58,0.002,3.0
route_mutation,20260623T074058_231838,of:0000000000000001:1 -> of:000000000000000b:1,0.002,0.0025,0.002,0.002,2.2,2026-06-23T07:40:58,0.002,2.1
route_mutation,20260623T074058_231838,of:000000000000000b:2 -> of:000000000000000c:2,0.002,0.0025,0.002,0.002,3.06,2026-06-23T07:40:58,0.002,3.06
route_mutation,20260623T074058_231838,of:0000000000000001:2 -> of:000000000000000c:1,0.002,0.0025,0.002,0.002,2.2,2026-06-23T07:40:58,0.002,2.1
route_mutation,20260623T074058_231838,of:0000000000000006:2 -> of:000000000000000a:2,0.002,0.0025,0.002,0.002,3.0,2026-06-23T07:40:58,0.002,3.0
route_mutation,20260623T074058_231838,of:0000000000000001:3 -> of:000000000000000d:1,0.003,0.00375,0.003,0.003,4.33,2026-06-23T07:40:58,0.003,4.43
route_mutation,20260623T074058_231838,of:0000000000000003:1 -> of:000000000000000b:5,0.002,0.0025,0.002,0.002,2.1,2026-06-23T07:40:58,0.002,2.2
route_mutation,20260623T074058_231838,of:0000000000000006:1 -> of:000000000000000d:4,0.003,0.00375,0.003,0.003,3.23,2026-06-23T07:40:58,0.003,3.3
route_mutation,20260623T074058_231838,of:0000000000000007:2 -> of:000000000000000a:3,0.002,0.0025,0.002,0.002,3.06,2026-06-23T07:40:58,0.002,3.06
route_mutation,20260623T074058_231838,of:0000000000000007:1 -> of:000000000000000d:5,0.003,0.00375,0.003,0.003,3.43,2026-06-23T07:40:58,0.003,3.36
route_mutation,20260623T074058_231838,of:0000000000000002:2 -> of:0000000000000008:2,0.002,0.0025,0.002,0.002,2.96,2026-06-23T07:40:58,0.002,2.96
route_mutation,20260623T074058_231838,of:0000000000000003:2 -> of:0000000000000008:3,0.002,0.0025,0.002,0.002,2.96,2026-06-23T07:40:58,0.002,2.96
route_mutation,20260623T074058_231838,of:0000000000000008:1 -> of:000000000000000b:6,0.002,0.0025,0.002,0.002,2.2,2026-06-23T07:40:58,0.002,2.2
route_mutation,20260623T074058_231838,of:0000000000000004:2 -> of:0000000000000009:2,0.002,0.0025,0.002,0.002,3.0,2026-06-23T07:40:58,0.002,3.0
route_mutation,20260623T074058_231838,of:0000000000000002:1 -> of:000000000000000b:4,0.002,0.0025,0.002,0.002,2.1,2026-06-23T07:40:58,0.002,2.2
route_mutation,20260623T074058_231838,of:0000000000000009:1 -> of:000000000000000c:6,0.002,0.0025,0.002,0.002,2.2,2026-06-23T07:40:58,0.002,2.2
ip_shuffle,20260623T074128_590068,of:0000000000000004:1 -> of:000000000000000c:4,0.001,0.00125,0.001,0.001,1.3,2026-06-23T07:41:28,0.001,1.27
ip_shuffle,20260623T074128_590068,of:0000000000000005:1 -> of:000000000000000c:5,0.001,0.00125,0.001,0.001,1.3,2026-06-23T07:41:28,0.001,1.27
ip_shuffle,20260623T074128_590068,of:000000000000000a:1 -> of:000000000000000d:6,0.001,0.00125,0.001,0.001,1.27,2026-06-23T07:41:28,0.001,1.27
ip_shuffle,20260623T074128_590068,of:000000000000000b:3 -> of:000000000000000d:2,0.001,0.00125,0.001,0.001,1.27,2026-06-23T07:41:28,0.001,1.27
ip_shuffle,20260623T074128_590068,of:000000000000000c:3 -> of:000000000000000d:3,0.001,0.00125,0.001,0.001,1.27,2026-06-23T07:41:28,0.001,1.27
ip_shuffle,20260623T074128_590068,of:0000000000000005:2 -> of:0000000000000009:3,0.001,0.00125,0.001,0.001,1.33,2026-06-23T07:41:28,0.001,1.33
ip_shuffle,20260623T074128_590068,of:0000000000000001:1 -> of:000000000000000b:1,0.001,0.00125,0.001,0.001,1.33,2026-06-23T07:41:28,0.001,1.27
ip_shuffle,20260623T074128_590068,of:000000000000000b:2 -> of:000000000000000c:2,0.001,0.00125,0.001,0.001,1.2,2026-06-23T07:41:28,0.001,1.2
ip_shuffle,20260623T074128_590068,of:0000000000000001:2 -> of:000000000000000c:1,0.001,0.00125,0.001,0.001,1.2,2026-06-23T07:41:28,0.001,1.3
ip_shuffle,20260623T074128_590068,of:0000000000000006:2 -> of:000000000000000a:2,0.001,0.00125,0.001,0.001,1.3,2026-06-23T07:41:28,0.001,1.3
ip_shuffle,20260623T074128_590068,of:0000000000000001:3 -> of:000000000000000d:1,0.002,0.0025,0.002,0.001,1.37,2026-06-23T07:41:28,0.002,1.53
ip_shuffle,20260623T074128_590068,of:0000000000000003:1 -> of:000000000000000b:5,0.001,0.00125,0.001,0.001,1.37,2026-06-23T07:41:28,0.001,1.27
ip_shuffle,20260623T074128_590068,of:0000000000000006:1 -> of:000000000000000d:4,0.001,0.00125,0.001,0.001,1.37,2026-06-23T07:41:28,0.001,1.33
ip_shuffle,20260623T074128_590068,of:0000000000000007:2 -> of:000000000000000a:3,0.001,0.00125,0.001,0.001,1.23,2026-06-23T07:41:28,0.001,1.23
ip_shuffle,20260623T074128_590068,of:0000000000000007:1 -> of:000000000000000d:5,0.002,0.0025,0.002,0.002,1.46,2026-06-23T07:41:28,0.002,1.5
ip_shuffle,20260623T074128_590068,of:0000000000000002:2 -> of:0000000000000008:2,0.001,0.00125,0.001,0.001,1.4,2026-06-23T07:41:28,0.001,1.4
ip_shuffle,20260623T074128_590068,of:0000000000000003:2 -> of:0000000000000008:3,0.001,0.00125,0.001,0.001,1.4,2026-06-23T07:41:28,0.001,1.4
ip_shuffle,20260623T074128_590068,of:0000000000000008:1 -> of:000000000000000b:6,0.001,0.00125,0.001,0.001,1.23,2026-06-23T07:41:28,0.001,1.2
ip_shuffle,20260623T074128_590068,of:0000000000000004:2 -> of:0000000000000009:2,0.001,0.00125,0.001,0.001,1.33,2026-06-23T07:41:28,0.001,1.33
ip_shuffle,20260623T074128_590068,of:0000000000000002:1 -> of:000000000000000b:4,0.001,0.00125,0.001,0.001,1.33,2026-06-23T07:41:28,0.001,1.4
ip_shuffle,20260623T074128_590068,of:0000000000000009:1 -> of:000000000000000c:6,0.001,0.00125,0.001,0.001,1.23,2026-06-23T07:41:28,0.001,1.2
route_mutation,20260623T074232_752409,of:0000000000000004:1 -> of:000000000000000c:4,0.002,0.0025,0.002,0.002,1.96,2026-06-23T07:42:32,0.002,2.0
route_mutation,20260623T074232_752409,of:0000000000000005:1 -> of:000000000000000c:5,0.002,0.0025,0.002,0.002,2.5,2026-06-23T07:42:32,0.002,2.53
route_mutation,20260623T074232_752409,of:000000000000000a:1 -> of:000000000000000d:6,0.002,0.0025,0.002,0.002,2.03,2026-06-23T07:42:32,0.002,2.06
route_mutation,20260623T074232_752409,of:000000000000000b:3 -> of:000000000000000d:2,0.002,0.0025,0.002,0.002,2.8,2026-06-23T07:42:32,0.002,2.8
route_mutation,20260623T074232_752409,of:000000000000000c:3 -> of:000000000000000d:3,0.002,0.0025,0.002,0.002,2.8,2026-06-23T07:42:32,0.002,2.8
route_mutation,20260623T074232_752409,of:0000000000000005:2 -> of:0000000000000009:3,0.002,0.0025,0.002,0.002,2.66,2026-06-23T07:42:32,0.002,2.66
route_mutation,20260623T074232_752409,of:0000000000000001:1 -> of:000000000000000b:1,0.002,0.0025,0.002,0.002,2.06,2026-06-23T07:42:32,0.002,2.16
route_mutation,20260623T074232_752409,of:000000000000000b:2 -> of:000000000000000c:2,0.002,0.0025,0.002,0.002,2.8,2026-06-23T07:42:32,0.002,2.8
route_mutation,20260623T074232_752409,of:0000000000000001:2 -> of:000000000000000c:1,0.002,0.0025,0.002,0.002,2.33,2026-06-23T07:42:32,0.002,2.43
route_mutation,20260623T074232_752409,of:0000000000000006:2 -> of:000000000000000a:2,0.002,0.0025,0.002,0.002,2.73,2026-06-23T07:42:32,0.002,2.73
route_mutation,20260623T074232_752409,of:0000000000000001:3 -> of:000000000000000d:1,0.004,0.005,0.004,0.004,4.43,2026-06-23T07:42:32,0.003,4.29
route_mutation,20260623T074232_752409,of:0000000000000003:1 -> of:000000000000000b:5,0.002,0.0025,0.002,0.002,2.16,2026-06-23T07:42:32,0.002,2.06
route_mutation,20260623T074232_752409,of:0000000000000006:1 -> of:000000000000000d:4,0.003,0.00375,0.003,0.003,3.33,2026-06-23T07:42:32,0.003,3.36
route_mutation,20260623T074232_752409,of:0000000000000007:2 -> of:000000000000000a:3,0.002,0.0025,0.002,0.002,2.73,2026-06-23T07:42:32,0.002,2.73
route_mutation,20260623T074232_752409,of:0000000000000007:1 -> of:000000000000000d:5,0.002,0.0025,0.002,0.002,2.83,2026-06-23T07:42:32,0.002,2.8
route_mutation,20260623T074232_752409,of:0000000000000002:2 -> of:0000000000000008:2,0.002,0.0025,0.002,0.002,2.86,2026-06-23T07:42:32,0.002,2.86
route_mutation,20260623T074232_752409,of:0000000000000003:2 -> of:0000000000000008:3,0.002,0.0025,0.002,0.002,2.86,2026-06-23T07:42:32,0.002,2.86
route_mutation,20260623T074232_752409,of:0000000000000008:1 -> of:000000000000000b:6,0.002,0.0025,0.002,0.002,2.03,2026-06-23T07:42:32,0.002,2.06
route_mutation,20260623T074232_752409,of:0000000000000004:2 -> of:0000000000000009:2,0.002,0.0025,0.002,0.002,2.66,2026-06-23T07:42:32,0.002,2.66
route_mutation,20260623T074232_752409,of:0000000000000002:1 -> of:000000000000000b:4,0.002,0.0025,0.002,0.002,2.16,2026-06-23T07:42:32,0.002,2.06
route_mutation,20260623T074232_752409,of:0000000000000009:1 -> of:000000000000000c:6,0.002,0.0025,0.002,0.002,2.03,2026-06-23T07:42:32,0.002,2.06
route_mutation,20260623T074303_097265,of:0000000000000004:1 -> of:000000000000000c:4,0.002,0.0025,0.002,0.002,1.66,2026-06-23T07:43:03,0.002,1.63
route_mutation,20260623T074303_097265,of:0000000000000005:1 -> of:000000000000000c:5,0.002,0.0025,0.002,0.002,1.66,2026-06-23T07:43:03,0.002,1.63
route_mutation,20260623T074303_097265,of:000000000000000a:1 -> of:000000000000000d:6,0.001,0.00125,0.001,0.001,1.46,2026-06-23T07:43:03,0.001,1.43
route_mutation,20260623T074303_097265,of:000000000000000b:3 -> of:000000000000000d:2,0.002,0.0025,0.002,0.002,1.59,2026-06-23T07:43:03,0.002,1.59
route_mutation,20260623T074303_097265,of:000000000000000c:3 -> of:000000000000000d:3,0.002,0.0025,0.002,0.002,1.66,2026-06-23T07:43:03,0.002,1.66
route_mutation,20260623T074303_097265,of:0000000000000005:2 -> of:0000000000000009:3,0.002,0.0025,0.002,0.002,1.79,2026-06-23T07:43:03,0.002,1.79
route_mutation,20260623T074303_097265,of:0000000000000001:1 -> of:000000000000000b:1,0.001,0.00125,0.001,0.001,1.43,2026-06-23T07:43:03,0.001,1.33
route_mutation,20260623T074303_097265,of:000000000000000b:2 -> of:000000000000000c:2,0.002,0.0025,0.002,0.002,1.59,2026-06-23T07:43:03,0.002,1.59
route_mutation,20260623T074303_097265,of:0000000000000001:2 -> of:000000000000000c:1,0.002,0.0025,0.002,0.002,1.5,2026-06-23T07:43:03,0.002,1.4
route_mutation,20260623T074303_097265,of:0000000000000006:2 -> of:000000000000000a:2,0.001,0.00125,0.001,0.001,1.59,2026-06-23T07:43:03,0.001,1.59
route_mutation,20260623T074303_097265,of:0000000000000001:3 -> of:000000000000000d:1,0.002,0.0025,0.002,0.002,1.76,2026-06-23T07:43:03,0.002,1.89
route_mutation,20260623T074303_097265,of:0000000000000003:1 -> of:000000000000000b:5,0.001,0.00125,0.001,0.001,1.33,2026-06-23T07:43:03,0.001,1.43
route_mutation,20260623T074303_097265,of:0000000000000006:1 -> of:000000000000000d:4,0.001,0.00125,0.001,0.001,1.46,2026-06-23T07:43:03,0.001,1.43
route_mutation,20260623T074303_097265,of:0000000000000007:2 -> of:000000000000000a:3,0.001,0.00125,0.001,0.001,1.59,2026-06-23T07:43:03,0.001,1.59
route_mutation,20260623T074303_097265,of:0000000000000007:1 -> of:000000000000000d:5,0.002,0.0025,0.002,0.002,1.99,2026-06-23T07:43:03,0.002,2.03
route_mutation,20260623T074303_097265,of:0000000000000002:2 -> of:0000000000000008:2,0.001,0.00125,0.001,0.001,1.53,2026-06-23T07:43:03,0.001,1.53
route_mutation,20260623T074303_097265,of:0000000000000003:2 -> of:0000000000000008:3,0.001,0.00125,0.001,0.001,1.53,2026-06-23T07:43:03,0.001,1.53
route_mutation,20260623T074303_097265,of:0000000000000008:1 -> of:000000000000000b:6,0.001,0.00125,0.001,0.001,1.4,2026-06-23T07:43:03,0.001,1.36
route_mutation,20260623T074303_097265,of:0000000000000004:2 -> of:0000000000000009:2,0.002,0.0025,0.002,0.002,1.79,2026-06-23T07:43:03,0.002,1.79
route_mutation,20260623T074303_097265,of:0000000000000002:1 -> of:000000000000000b:4,0.001,0.00125,0.001,0.001,1.33,2026-06-23T07:43:03,0.001,1.43
route_mutation,20260623T074303_097265,of:0000000000000009:1 -> of:000000000000000c:6,0.001,0.00125,0.001,0.001,1.46,2026-06-23T07:43:03,0.001,1.43
ip_shuffle,20260623T074333_434708,of:0000000000000004:1 -> of:000000000000000c:4,0.002,0.0025,0.002,0.002,2.03,2026-06-23T07:43:33,0.002,2.03
ip_shuffle,20260623T074333_434708,of:0000000000000005:1 -> of:000000000000000c:5,0.001,0.00125,0.001,0.001,1.43,2026-06-23T07:43:33,0.001,1.43
ip_shuffle,20260623T074333_434708,of:000000000000000a:1 -> of:000000000000000d:6,0.001,0.00125,0.001,0.001,1.47,2026-06-23T07:43:33,0.001,1.47
ip_shuffle,20260623T074333_434708,of:000000000000000b:3 -> of:000000000000000d:2,0.002,0.0025,0.002,0.002,1.66,2026-06-23T07:43:33,0.002,1.66
ip_shuffle,20260623T074333_434708,of:000000000000000c:3 -> of:000000000000000d:3,0.001,0.00125,0.001,0.001,1.6,2026-06-23T07:43:33,0.001,1.6
ip_shuffle,20260623T074333_434708,of:0000000000000005:2 -> of:0000000000000009:3,0.002,0.0025,0.002,0.002,1.66,2026-06-23T07:43:33,0.002,1.66
ip_shuffle,20260623T074333_434708,of:0000000000000001:1 -> of:000000000000000b:1,0.003,0.00375,0.003,0.003,3.53,2026-06-23T07:43:33,0.003,3.53
ip_shuffle,20260623T074333_434708,of:000000000000000b:2 -> of:000000000000000c:2,0.002,0.0025,0.002,0.002,1.66,2026-06-23T07:43:33,0.002,1.66
ip_shuffle,20260623T074333_434708,of:0000000000000001:2 -> of:000000000000000c:1,0.002,0.0025,0.002,0.002,2.03,2026-06-23T07:43:33,0.002,2.06
ip_shuffle,20260623T074333_434708,of:0000000000000006:2 -> of:000000000000000a:2,0.002,0.0025,0.002,0.002,1.73,2026-06-23T07:43:33,0.002,1.73
ip_shuffle,20260623T074333_434708,of:0000000000000001:3 -> of:000000000000000d:1,0.001,0.00125,0.001,0.001,1.4,2026-06-23T07:43:33,0.001,1.4
ip_shuffle,20260623T074333_434708,of:0000000000000003:1 -> of:000000000000000b:5,0.002,0.0025,0.002,0.002,2.5,2026-06-23T07:43:33,0.002,2.5
ip_shuffle,20260623T074333_434708,of:0000000000000006:1 -> of:000000000000000d:4,0.001,0.00125,0.001,0.001,1.47,2026-06-23T07:43:33,0.001,1.47
ip_shuffle,20260623T074333_434708,of:0000000000000007:2 -> of:000000000000000a:3,0.002,0.0025,0.002,0.002,1.73,2026-06-23T07:43:33,0.002,1.73
ip_shuffle,20260623T074333_434708,of:0000000000000007:1 -> of:000000000000000d:5,0.001,0.00125,0.001,0.001,1.47,2026-06-23T07:43:33,0.001,1.47
ip_shuffle,20260623T074333_434708,of:0000000000000002:2 -> of:0000000000000008:2,0.002,0.0025,0.002,0.002,1.66,2026-06-23T07:43:33,0.002,1.66
ip_shuffle,20260623T074333_434708,of:0000000000000003:2 -> of:0000000000000008:3,0.002,0.0025,0.002,0.002,1.66,2026-06-23T07:43:33,0.002,1.66
ip_shuffle,20260623T074333_434708,of:0000000000000008:1 -> of:000000000000000b:6,0.002,0.0025,0.002,0.002,1.53,2026-06-23T07:43:33,0.002,1.53
ip_shuffle,20260623T074333_434708,of:0000000000000004:2 -> of:0000000000000009:2,0.002,0.0025,0.002,0.002,1.66,2026-06-23T07:43:33,0.002,1.66
ip_shuffle,20260623T074333_434708,of:0000000000000002:1 -> of:000000000000000b:4,0.002,0.0025,0.002,0.002,2.5,2026-06-23T07:43:33,0.002,2.5
ip_shuffle,20260623T074333_434708,of:0000000000000009:1 -> of:000000000000000c:6,0.001,0.00125,0.001,0.001,1.47,2026-06-23T07:43:33,0.001,1.47
ip_shuffle,20260623T074437_590511,of:0000000000000004:1 -> of:000000000000000c:4,0.002,0.0025,0.002,0.002,1.93,2026-06-23T07:44:37,0.002,1.93
ip_shuffle,20260623T074437_590511,of:0000000000000005:1 -> of:000000000000000c:5,0.002,0.0025,0.002,0.002,1.93,2026-06-23T07:44:37,0.002,1.93
ip_shuffle,20260623T074437_590511,of:000000000000000a:1 -> of:000000000000000d:6,0.002,0.0025,0.002,0.002,1.86,2026-06-23T07:44:37,0.002,1.86
ip_shuffle,20260623T074437_590511,of:000000000000000b:3 -> of:000000000000000d:2,0.002,0.0025,0.002,0.002,2.46,2026-06-23T07:44:37,0.002,2.46
ip_shuffle,20260623T074437_590511,of:000000000000000c:3 -> of:000000000000000d:3,0.002,0.0025,0.002,0.002,2.53,2026-06-23T07:44:37,0.002,2.53
ip_shuffle,20260623T074437_590511,of:0000000000000005:2 -> of:0000000000000009:3,0.002,0.0025,0.002,0.002,2.46,2026-06-23T07:44:37,0.002,2.46
ip_shuffle,20260623T074437_590511,of:0000000000000001:1 -> of:000000000000000b:1,0.002,0.0025,0.002,0.002,1.8,2026-06-23T07:44:37,0.002,1.8
ip_shuffle,20260623T074437_590511,of:000000000000000b:2 -> of:000000000000000c:2,0.002,0.0025,0.002,0.002,2.46,2026-06-23T07:44:37,0.002,2.46
ip_shuffle,20260623T074437_590511,of:0000000000000001:2 -> of:000000000000000c:1,0.002,0.0025,0.002,0.002,1.86,2026-06-23T07:44:37,0.002,1.86
ip_shuffle,20260623T074437_590511,of:0000000000000006:2 -> of:000000000000000a:2,0.002,0.0025,0.002,0.002,2.4,2026-06-23T07:44:37,0.002,2.4
ip_shuffle,20260623T074437_590511,of:0000000000000001:3 -> of:000000000000000d:1,0.003,0.00375,0.003,0.003,3.76,2026-06-23T07:44:37,0.003,3.76
ip_shuffle,20260623T074437_590511,of:0000000000000003:1 -> of:000000000000000b:5,0.002,0.0025,0.002,0.002,1.86,2026-06-23T07:44:37,0.002,1.86
ip_shuffle,20260623T074437_590511,of:0000000000000006:1 -> of:000000000000000d:4,0.002,0.0025,0.002,0.002,2.4,2026-06-23T07:44:37,0.002,2.4
ip_shuffle,20260623T074437_590511,of:0000000000000007:2 -> of:000000000000000a:3,0.002,0.0025,0.002,0.002,2.4,2026-06-23T07:44:37,0.002,2.4
ip_shuffle,20260623T074437_590511,of:0000000000000007:1 -> of:000000000000000d:5,0.003,0.00375,0.003,0.003,3.2,2026-06-23T07:44:37,0.003,3.2
ip_shuffle,20260623T074437_590511,of:0000000000000002:2 -> of:0000000000000008:2,0.002,0.0025,0.002,0.002,2.46,2026-06-23T07:44:37,0.002,2.46
ip_shuffle,20260623T074437_590511,of:0000000000000003:2 -> of:0000000000000008:3,0.002,0.0025,0.002,0.002,2.46,2026-06-23T07:44:37,0.002,2.46
ip_shuffle,20260623T074437_590511,of:0000000000000008:1 -> of:000000000000000b:6,0.002,0.0025,0.002,0.002,1.8,2026-06-23T07:44:37,0.002,1.8
ip_shuffle,20260623T074437_590511,of:0000000000000004:2 -> of:0000000000000009:2,0.002,0.0025,0.002,0.002,2.46,2026-06-23T07:44:37,0.002,2.46
ip_shuffle,20260623T074437_590511,of:0000000000000002:1 -> of:000000000000000b:4,0.002,0.0025,0.002,0.002,1.86,2026-06-23T07:44:37,0.002,1.86
ip_shuffle,20260623T074437_590511,of:0000000000000009:1 -> of:000000000000000c:6,0.002,0.0025,0.002,0.002,1.86,2026-06-23T07:44:37,0.002,1.86
route_mutation,20260623T074535_282275,of:0000000000000004:1 -> of:000000000000000c:4,0.002,0.0025,0.002,0.002,2.33,2026-06-23T07:45:35,0.002,2.26
route_mutation,20260623T074535_282275,of:0000000000000005:1 -> of:000000000000000c:5,0.002,0.0025,0.002,0.002,2.23,2026-06-23T07:45:35,0.002,2.2
route_mutation,20260623T074535_282275,of:000000000000000a:1 -> of:000000000000000d:6,0.002,0.0025,0.002,0.002,1.47,2026-06-23T07:45:35,0.002,1.43
route_mutation,20260623T074535_282275,of:000000000000000b:3 -> of:000000000000000d:2,0.002,0.0025,0.002,0.002,1.56,2026-06-23T07:45:35,0.002,1.56
route_mutation,20260623T074535_282275,of:000000000000000c:3 -> of:000000000000000d:3,0.002,0.0025,0.002,0.002,1.56,2026-06-23T07:45:35,0.002,1.56
route_mutation,20260623T074535_282275,of:0000000000000005:2 -> of:0000000000000009:3,0.002,0.0025,0.002,0.002,1.66,2026-06-23T07:45:35,0.002,1.66
route_mutation,20260623T074535_282275,of:0000000000000001:1 -> of:000000000000000b:1,0.003,0.00375,0.003,0.003,3.23,2026-06-23T07:45:35,0.003,3.4
route_mutation,20260623T074535_282275,of:000000000000000b:2 -> of:000000000000000c:2,0.002,0.0025,0.002,0.002,1.6,2026-06-23T07:45:35,0.002,1.6
route_mutation,20260623T074535_282275,of:0000000000000001:2 -> of:000000000000000c:1,0.003,0.00375,0.003,0.003,3.0,2026-06-23T07:45:35,0.003,3.0
route_mutation,20260623T074535_282275,of:0000000000000006:2 -> of:000000000000000a:2,0.002,0.0025,0.002,0.002,1.66,2026-06-23T07:45:35,0.002,1.66
route_mutation,20260623T074535_282275,of:0000000000000001:3 -> of:000000000000000d:1,0.002,0.0025,0.002,0.002,1.53,2026-06-23T07:45:35,0.002,1.5
route_mutation,20260623T074535_282275,of:0000000000000003:1 -> of:000000000000000b:5,0.002,0.0025,0.002,0.002,2.53,2026-06-23T07:45:35,0.002,2.5
route_mutation,20260623T074535_282275,of:0000000000000006:1 -> of:000000000000000d:4,0.002,0.0025,0.002,0.002,1.5,2026-06-23T07:45:35,0.002,1.56
route_mutation,20260623T074535_282275,of:0000000000000007:2 -> of:000000000000000a:3,0.002,0.0025,0.002,0.002,1.6,2026-06-23T07:45:35,0.002,1.6
route_mutation,20260623T074535_282275,of:0000000000000007:1 -> of:000000000000000d:5,0.002,0.0025,0.002,0.002,1.47,2026-06-23T07:45:35,0.002,1.43
route_mutation,20260623T074535_282275,of:0000000000000002:2 -> of:0000000000000008:2,0.002,0.0025,0.002,0.002,1.63,2026-06-23T07:45:35,0.002,1.63
route_mutation,20260623T074535_282275,of:0000000000000003:2 -> of:0000000000000008:3,0.002,0.0025,0.002,0.002,1.63,2026-06-23T07:45:35,0.002,1.63
route_mutation,20260623T074535_282275,of:0000000000000008:1 -> of:000000000000000b:6,0.002,0.0025,0.002,0.002,1.47,2026-06-23T07:45:35,0.002,1.47
route_mutation,20260623T074535_282275,of:0000000000000004:2 -> of:0000000000000009:2,0.002,0.0025,0.002,0.002,1.66,2026-06-23T07:45:35,0.002,1.66
route_mutation,20260623T074535_282275,of:0000000000000002:1 -> of:000000000000000b:4,0.002,0.0025,0.002,0.002,2.36,2026-06-23T07:45:35,0.002,2.2
route_mutation,20260623T074535_282275,of:0000000000000009:1 -> of:000000000000000c:6,0.002,0.0025,0.002,0.002,1.47,2026-06-23T07:45:35,0.002,1.47
ip_shuffle,20260623T074605_594474,of:0000000000000004:1 -> of:000000000000000c:4,0.002,0.0025,0.002,0.002,1.93,2026-06-23T07:46:05,0.002,1.93
ip_shuffle,20260623T074605_594474,of:0000000000000005:1 -> of:000000000000000c:5,0.002,0.0025,0.002,0.002,2.03,2026-06-23T07:46:05,0.002,2.0
ip_shuffle,20260623T074605_594474,of:000000000000000a:1 -> of:000000000000000d:6,0.002,0.0025,0.002,0.002,1.86,2026-06-23T07:46:05,0.002,1.86
ip_shuffle,20260623T074605_594474,of:000000000000000b:3 -> of:000000000000000d:2,0.002,0.0025,0.002,0.002,2.46,2026-06-23T07:46:05,0.002,2.46
ip_shuffle,20260623T074605_594474,of:000000000000000c:3 -> of:000000000000000d:3,0.002,0.0025,0.002,0.002,2.53,2026-06-23T07:46:05,0.002,2.53
ip_shuffle,20260623T074605_594474,of:0000000000000005:2 -> of:0000000000000009:3,0.002,0.0025,0.002,0.002,2.46,2026-06-23T07:46:05,0.002,2.46
ip_shuffle,20260623T074605_594474,of:0000000000000001:1 -> of:000000000000000b:1,0.002,0.0025,0.002,0.002,1.86,2026-06-23T07:46:05,0.002,1.9
ip_shuffle,20260623T074605_594474,of:000000000000000b:2 -> of:000000000000000c:2,0.002,0.0025,0.002,0.002,2.46,2026-06-23T07:46:05,0.002,2.46
ip_shuffle,20260623T074605_594474,of:0000000000000001:2 -> of:000000000000000c:1,0.002,0.0025,0.002,0.002,2.0,2026-06-23T07:46:05,0.002,2.06
ip_shuffle,20260623T074605_594474,of:0000000000000006:2 -> of:000000000000000a:2,0.002,0.0025,0.002,0.002,2.46,2026-06-23T07:46:05,0.002,2.46
ip_shuffle,20260623T074605_594474,of:0000000000000001:3 -> of:000000000000000d:1,0.003,0.00375,0.003,0.003,3.76,2026-06-23T07:46:05,0.003,3.73
ip_shuffle,20260623T074605_594474,of:0000000000000003:1 -> of:000000000000000b:5,0.002,0.0025,0.002,0.002,1.9,2026-06-23T07:46:05,0.002,1.86
ip_shuffle,20260623T074605_594474,of:0000000000000006:1 -> of:000000000000000d:4,0.003,0.00375,0.003,0.003,3.26,2026-06-23T07:46:05,0.003,3.1
ip_shuffle,20260623T074605_594474,of:0000000000000007:2 -> of:000000000000000a:3,0.002,0.0025,0.002,0.002,2.4,2026-06-23T07:46:05,0.002,2.4
ip_shuffle,20260623T074605_594474,of:0000000000000007:1 -> of:000000000000000d:5,0.002,0.0025,0.002,0.002,2.36,2026-06-23T07:46:05,0.002,2.36
ip_shuffle,20260623T074605_594474,of:0000000000000002:2 -> of:0000000000000008:2,0.002,0.0025,0.002,0.002,2.5,2026-06-23T07:46:05,0.002,2.5
ip_shuffle,20260623T074605_594474,of:0000000000000003:2 -> of:0000000000000008:3,0.002,0.0025,0.002,0.002,2.5,2026-06-23T07:46:05,0.002,2.5
ip_shuffle,20260623T074605_594474,of:0000000000000008:1 -> of:000000000000000b:6,0.002,0.0025,0.002,0.002,1.8,2026-06-23T07:46:05,0.002,1.8
ip_shuffle,20260623T074605_594474,of:0000000000000004:2 -> of:0000000000000009:2,0.002,0.0025,0.002,0.002,2.46,2026-06-23T07:46:05,0.002,2.46
ip_shuffle,20260623T074605_594474,of:0000000000000002:1 -> of:000000000000000b:4,0.002,0.0025,0.002,0.002,1.9,2026-06-23T07:46:05,0.002,1.86
ip_shuffle,20260623T074605_594474,of:0000000000000009:1 -> of:000000000000000c:6,0.002,0.0025,0.002,0.002,1.86,2026-06-23T07:46:05,0.002,1.86
route_mutation,20260623T074716_310995,of:0000000000000004:1 -> of:000000000000000c:4,0.002,0.0025,0.002,0.002,1.7,2026-06-23T07:47:16,0.002,1.63
route_mutation,20260623T074716_310995,of:0000000000000005:1 -> of:000000000000000c:5,0.002,0.0025,0.002,0.002,1.53,2026-06-23T07:47:16,0.002,1.5
route_mutation,20260623T074716_310995,of:000000000000000a:1 -> of:000000000000000d:6,0.002,0.0025,0.002,0.002,1.5,2026-06-23T07:47:16,0.002,1.53
route_mutation,20260623T074716_310995,of:000000000000000b:3 -> of:000000000000000d:2,0.002,0.0025,0.002,0.002,1.7,2026-06-23T07:47:16,0.002,1.7
route_mutation,20260623T074716_310995,of:000000000000000c:3 -> of:000000000000000d:3,0.002,0.0025,0.002,0.002,1.7,2026-06-23T07:47:16,0.002,1.7
route_mutation,20260623T074716_310995,of:0000000000000005:2 -> of:0000000000000009:3,0.002,0.0025,0.002,0.002,1.7,2026-06-23T07:47:16,0.002,1.7
route_mutation,20260623T074716_310995,of:0000000000000001:1 -> of:000000000000000b:1,0.003,0.00375,0.003,0.003,3.53,2026-06-23T07:47:16,0.003,3.43
route_mutation,20260623T074716_310995,of:000000000000000b:2 -> of:000000000000000c:2,0.002,0.0025,0.002,0.002,1.67,2026-06-23T07:47:16,0.002,1.67
route_mutation,20260623T074716_310995,of:0000000000000001:2 -> of:000000000000000c:1,0.002,0.0025,0.002,0.002,1.6,2026-06-23T07:47:16,0.002,1.63
route_mutation,20260623T074716_310995,of:0000000000000006:2 -> of:000000000000000a:2,0.002,0.0025,0.002,0.002,1.63,2026-06-23T07:47:16,0.002,1.63
route_mutation,20260623T074716_310995,of:0000000000000001:3 -> of:000000000000000d:1,0.002,0.0025,0.002,0.002,1.63,2026-06-23T07:47:16,0.002,1.63
route_mutation,20260623T074716_310995,of:0000000000000003:1 -> of:000000000000000b:5,0.002,0.0025,0.002,0.002,2.4,2026-06-23T07:47:16,0.002,2.5
route_mutation,20260623T074716_310995,of:0000000000000006:1 -> of:000000000000000d:4,0.001,0.00125,0.001,0.001,1.47,2026-06-23T07:47:16,0.001,1.47
route_mutation,20260623T074716_310995,of:0000000000000007:2 -> of:000000000000000a:3,0.002,0.0025,0.002,0.002,1.63,2026-06-23T07:47:16,0.002,1.63
route_mutation,20260623T074716_310995,of:0000000000000007:1 -> of:000000000000000d:5,0.002,0.0025,0.002,0.002,1.7,2026-06-23T07:47:16,0.002,1.77
route_mutation,20260623T074716_310995,of:0000000000000002:2 -> of:0000000000000008:2,0.002,0.0025,0.002,0.002,1.7,2026-06-23T07:47:16,0.002,1.7
route_mutation,20260623T074716_310995,of:0000000000000003:2 -> of:0000000000000008:3,0.002,0.0025,0.002,0.002,1.7,2026-06-23T07:47:16,0.002,1.7
route_mutation,20260623T074716_310995,of:0000000000000008:1 -> of:000000000000000b:6,0.002,0.0025,0.002,0.002,1.5,2026-06-23T07:47:16,0.002,1.5
route_mutation,20260623T074716_310995,of:0000000000000004:2 -> of:0000000000000009:2,0.002,0.0025,0.002,0.002,1.7,2026-06-23T07:47:16,0.002,1.7
route_mutation,20260623T074716_310995,of:0000000000000002:1 -> of:000000000000000b:4,0.002,0.0025,0.002,0.002,2.56,2026-06-23T07:47:16,0.002,2.53
route_mutation,20260623T074716_310995,of:0000000000000009:1 -> of:000000000000000c:6,0.002,0.0025,0.002,0.002,1.5,2026-06-23T07:47:16,0.002,1.5
ip_shuffle,20260623T074746_680728,of:0000000000000004:1 -> of:000000000000000c:4,0.002,0.0025,0.002,0.002,2.53,2026-06-23T07:47:46,0.002,2.5
ip_shuffle,20260623T074746_680728,of:0000000000000005:1 -> of:000000000000000c:5,0.002,0.0025,0.002,0.002,2.7,2026-06-23T07:47:46,0.002,2.63
ip_shuffle,20260623T074746_680728,of:000000000000000a:1 -> of:000000000000000d:6,0.002,0.0025,0.002,0.002,1.73,2026-06-23T07:47:46,0.002,1.73
ip_shuffle,20260623T074746_680728,of:000000000000000b:3 -> of:000000000000000d:2,0.002,0.0025,0.002,0.002,2.26,2026-06-23T07:47:46,0.002,2.26
ip_shuffle,20260623T074746_680728,of:000000000000000c:3 -> of:000000000000000d:3,0.002,0.0025,0.002,0.002,2.3,2026-06-23T07:47:46,0.002,2.3
ip_shuffle,20260623T074746_680728,of:0000000000000005:2 -> of:0000000000000009:3,0.002,0.0025,0.002,0.002,2.3,2026-06-23T07:47:46,0.002,2.3
ip_shuffle,20260623T074746_680728,of:0000000000000001:1 -> of:000000000000000b:1,0.002,0.0025,0.002,0.002,1.83,2026-06-23T07:47:46,0.002,2.03
ip_shuffle,20260623T074746_680728,of:000000000000000b:2 -> of:000000000000000c:2,0.002,0.0025,0.002,0.002,2.3,2026-06-23T07:47:46,0.002,2.3
ip_shuffle,20260623T074746_680728,of:0000000000000001:2 -> of:000000000000000c:1,0.003,0.00375,0.003,0.003,3.33,2026-06-23T07:47:46,0.003,3.36
ip_shuffle,20260623T074746_680728,of:0000000000000006:2 -> of:000000000000000a:2,0.002,0.0025,0.002,0.002,2.3,2026-06-23T07:47:46,0.002,2.3
ip_shuffle,20260623T074746_680728,of:0000000000000001:3 -> of:000000000000000d:1,0.003,0.00375,0.003,0.003,3.06,2026-06-23T07:47:46,0.003,2.96
ip_shuffle,20260623T074746_680728,of:0000000000000003:1 -> of:000000000000000b:5,0.002,0.0025,0.002,0.002,2.06,2026-06-23T07:47:46,0.002,1.83
ip_shuffle,20260623T074746_680728,of:0000000000000006:1 -> of:000000000000000d:4,0.003,0.00375,0.003,0.003,3.0,2026-06-23T07:47:46,0.003,3.03
ip_shuffle,20260623T074746_680728,of:0000000000000007:2 -> of:000000000000000a:3,0.002,0.0025,0.002,0.002,2.16,2026-06-23T07:47:46,0.002,2.16
ip_shuffle,20260623T074746_680728,of:0000000000000007:1 -> of:000000000000000d:5,0.002,0.0025,0.002,0.002,1.76,2026-06-23T07:47:46,0.002,1.73
ip_shuffle,20260623T074746_680728,of:0000000000000002:2 -> of:0000000000000008:2,0.002,0.0025,0.002,0.002,2.3,2026-06-23T07:47:46,0.002,2.3
ip_shuffle,20260623T074746_680728,of:0000000000000003:2 -> of:0000000000000008:3,0.002,0.0025,0.002,0.002,2.3,2026-06-23T07:47:46,0.002,2.3
ip_shuffle,20260623T074746_680728,of:0000000000000008:1 -> of:000000000000000b:6,0.002,0.0025,0.002,0.002,1.73,2026-06-23T07:47:46,0.002,1.73
ip_shuffle,20260623T074746_680728,of:0000000000000004:2 -> of:0000000000000009:2,0.002,0.0025,0.002,0.002,2.3,2026-06-23T07:47:46,0.002,2.3
ip_shuffle,20260623T074746_680728,of:0000000000000002:1 -> of:000000000000000b:4,0.002,0.0025,0.002,0.002,1.9,2026-06-23T07:47:46,0.002,1.8
ip_shuffle,20260623T074746_680728,of:0000000000000009:1 -> of:000000000000000c:6,0.002,0.0025,0.002,0.002,1.73,2026-06-23T07:47:46,0.002,1.76
ip_shuffle,20260623T074844_394082,of:0000000000000004:1 -> of:000000000000000c:4,0.002,0.0025,0.002,0.002,1.43,2026-06-23T07:48:44,0.002,1.43
ip_shuffle,20260623T074844_394082,of:0000000000000005:1 -> of:000000000000000c:5,0.002,0.0025,0.002,0.002,1.43,2026-06-23T07:48:44,0.002,1.43
ip_shuffle,20260623T074844_394082,of:000000000000000a:1 -> of:000000000000000d:6,0.002,0.0025,0.002,0.002,1.43,2026-06-23T07:48:44,0.002,1.43
ip_shuffle,20260623T074844_394082,of:000000000000000b:3 -> of:000000000000000d:2,0.002,0.0025,0.002,0.002,1.53,2026-06-23T07:48:44,0.002,1.53
ip_shuffle,20260623T074844_394082,of:000000000000000c:3 -> of:000000000000000d:3,0.002,0.0025,0.002,0.002,1.53,2026-06-23T07:48:44,0.002,1.53
ip_shuffle,20260623T074844_394082,of:0000000000000005:2 -> of:0000000000000009:3,0.002,0.0025,0.002,0.002,1.53,2026-06-23T07:48:44,0.002,1.53
ip_shuffle,20260623T074844_394082,of:0000000000000001:1 -> of:000000000000000b:1,0.003,0.00375,0.003,0.003,2.73,2026-06-23T07:48:44,0.003,2.73
ip_shuffle,20260623T074844_394082,of:000000000000000b:2 -> of:000000000000000c:2,0.002,0.0025,0.002,0.002,1.53,2026-06-23T07:48:44,0.002,1.53
ip_shuffle,20260623T074844_394082,of:0000000000000001:2 -> of:000000000000000c:1,0.002,0.0025,0.002,0.002,1.43,2026-06-23T07:48:44,0.002,1.43
ip_shuffle,20260623T074844_394082,of:0000000000000006:2 -> of:000000000000000a:2,0.001,0.00125,0.001,0.001,1.46,2026-06-23T07:48:44,0.001,1.46
ip_shuffle,20260623T074844_394082,of:0000000000000001:3 -> of:000000000000000d:1,0.002,0.0025,0.002,0.002,1.43,2026-06-23T07:48:44,0.002,1.43
ip_shuffle,20260623T074844_394082,of:0000000000000003:1 -> of:000000000000000b:5,0.002,0.0025,0.002,0.002,1.7,2026-06-23T07:48:44,0.002,1.7
ip_shuffle,20260623T074844_394082,of:0000000000000006:1 -> of:000000000000000d:4,0.001,0.00125,0.001,0.001,1.36,2026-06-23T07:48:44,0.001,1.36
ip_shuffle,20260623T074844_394082,of:0000000000000007:2 -> of:000000000000000a:3,0.002,0.0025,0.002,0.002,1.6,2026-06-23T07:48:44,0.002,1.6
ip_shuffle,20260623T074844_394082,of:0000000000000007:1 -> of:000000000000000d:5,0.002,0.0025,0.002,0.002,1.56,2026-06-23T07:48:44,0.002,1.56
ip_shuffle,20260623T074844_394082,of:0000000000000002:2 -> of:0000000000000008:2,0.002,0.0025,0.002,0.002,1.53,2026-06-23T07:48:44,0.002,1.53
ip_shuffle,20260623T074844_394082,of:0000000000000003:2 -> of:0000000000000008:3,0.002,0.0025,0.002,0.002,1.53,2026-06-23T07:48:44,0.002,1.53
ip_shuffle,20260623T074844_394082,of:0000000000000008:1 -> of:000000000000000b:6,0.002,0.0025,0.002,0.002,1.43,2026-06-23T07:48:44,0.002,1.43
ip_shuffle,20260623T074844_394082,of:0000000000000004:2 -> of:0000000000000009:2,0.002,0.0025,0.002,0.002,1.53,2026-06-23T07:48:44,0.002,1.53
ip_shuffle,20260623T074844_394082,of:0000000000000002:1 -> of:000000000000000b:4,0.002,0.0025,0.002,0.002,2.46,2026-06-23T07:48:44,0.002,2.46
ip_shuffle,20260623T074844_394082,of:0000000000000009:1 -> of:000000000000000c:6,0.002,0.0025,0.002,0.002,1.43,2026-06-23T07:48:44,0.002,1.43
ip_shuffle,20260623T074941_910661,of:0000000000000004:1 -> of:000000000000000c:4,0.002,0.0025,0.002,0.002,1.96,2026-06-23T07:49:41,0.002,2.03
ip_shuffle,20260623T074941_910661,of:0000000000000005:1 -> of:000000000000000c:5,0.002,0.0025,0.002,0.002,1.96,2026-06-23T07:49:41,0.002,2.03
ip_shuffle,20260623T074941_910661,of:000000000000000a:1 -> of:000000000000000d:6,0.002,0.0025,0.002,0.002,2.03,2026-06-23T07:49:41,0.002,2.03
ip_shuffle,20260623T074941_910661,of:000000000000000b:3 -> of:000000000000000d:2,0.002,0.0025,0.002,0.002,2.86,2026-06-23T07:49:41,0.002,2.86
ip_shuffle,20260623T074941_910661,of:000000000000000c:3 -> of:000000000000000d:3,0.002,0.0025,0.002,0.002,2.86,2026-06-23T07:49:41,0.002,2.86
ip_shuffle,20260623T074941_910661,of:0000000000000005:2 -> of:0000000000000009:3,0.002,0.0025,0.002,0.002,2.93,2026-06-23T07:49:41,0.002,2.9
ip_shuffle,20260623T074941_910661,of:0000000000000001:1 -> of:000000000000000b:1,0.002,0.0025,0.002,0.002,2.03,2026-06-23T07:49:41,0.002,2.0
ip_shuffle,20260623T074941_910661,of:000000000000000b:2 -> of:000000000000000c:2,0.002,0.0025,0.002,0.002,2.86,2026-06-23T07:49:41,0.002,2.86
ip_shuffle,20260623T074941_910661,of:0000000000000001:2 -> of:000000000000000c:1,0.002,0.0025,0.002,0.002,2.03,2026-06-23T07:49:41,0.002,2.0
ip_shuffle,20260623T074941_910661,of:0000000000000006:2 -> of:000000000000000a:2,0.002,0.0025,0.002,0.002,2.86,2026-06-23T07:49:41,0.002,2.86
ip_shuffle,20260623T074941_910661,of:0000000000000001:3 -> of:000000000000000d:1,0.003,0.00375,0.003,0.003,4.03,2026-06-23T07:49:41,0.003,4.09
ip_shuffle,20260623T074941_910661,of:0000000000000003:1 -> of:000000000000000b:5,0.002,0.0025,0.002,0.002,1.96,2026-06-23T07:49:41,0.002,2.03
ip_shuffle,20260623T074941_910661,of:0000000000000006:1 -> of:000000000000000d:4,0.002,0.0025,0.002,0.002,2.73,2026-06-23T07:49:41,0.002,2.66
ip_shuffle,20260623T074941_910661,of:0000000000000007:2 -> of:000000000000000a:3,0.002,0.0025,0.002,0.002,2.83,2026-06-23T07:49:41,0.002,2.86
ip_shuffle,20260623T074941_910661,of:0000000000000007:1 -> of:000000000000000d:5,0.003,0.00375,0.003,0.003,3.4,2026-06-23T07:49:41,0.003,3.5
ip_shuffle,20260623T074941_910661,of:0000000000000002:2 -> of:0000000000000008:2,0.002,0.0025,0.002,0.002,2.9,2026-06-23T07:49:41,0.002,2.93
ip_shuffle,20260623T074941_910661,of:0000000000000003:2 -> of:0000000000000008:3,0.002,0.0025,0.002,0.002,2.9,2026-06-23T07:49:41,0.002,2.9
ip_shuffle,20260623T074941_910661,of:0000000000000008:1 -> of:000000000000000b:6,0.002,0.0025,0.002,0.002,2.13,2026-06-23T07:49:41,0.002,2.1
ip_shuffle,20260623T074941_910661,of:0000000000000004:2 -> of:0000000000000009:2,0.002,0.0025,0.002,0.002,2.93,2026-06-23T07:49:41,0.002,2.9
ip_shuffle,20260623T074941_910661,of:0000000000000002:1 -> of:000000000000000b:4,0.002,0.0025,0.002,0.002,1.96,2026-06-23T07:49:41,0.002,2.06
ip_shuffle,20260623T074941_910661,of:0000000000000009:1 -> of:000000000000000c:6,0.002,0.0025,0.002,0.002,2.16,2026-06-23T07:49:41,0.002,2.13
route_mutation,20260623T075046_025284,of:0000000000000004:1 -> of:000000000000000c:4,0.002,0.0025,0.002,0.002,2.3,2026-06-23T07:50:46,0.002,2.26
route_mutation,20260623T075046_025284,of:0000000000000005:1 -> of:000000000000000c:5,0.002,0.0025,0.002,0.002,2.2,2026-06-23T07:50:46,0.002,2.16
route_mutation,20260623T075046_025284,of:000000000000000a:1 -> of:000000000000000d:6,0.002,0.0025,0.002,0.002,1.46,2026-06-23T07:50:46,0.002,1.46
route_mutation,20260623T075046_025284,of:000000000000000b:3 -> of:000000000000000d:2,0.002,0.0025,0.002,0.002,1.6,2026-06-23T07:50:46,0.002,1.6
route_mutation,20260623T075046_025284,of:000000000000000c:3 -> of:000000000000000d:3,0.002,0.0025,0.002,0.002,1.6,2026-06-23T07:50:46,0.002,1.6
route_mutation,20260623T075046_025284,of:0000000000000005:2 -> of:0000000000000009:3,0.002,0.0025,0.002,0.002,1.66,2026-06-23T07:50:46,0.002,1.66
route_mutation,20260623T075046_025284,of:0000000000000001:1 -> of:000000000000000b:1,0.003,0.00375,0.003,0.003,3.23,2026-06-23T07:50:46,0.003,3.36
route_mutation,20260623T075046_025284,of:000000000000000b:2 -> of:000000000000000c:2,0.002,0.0025,0.002,0.002,1.6,2026-06-23T07:50:46,0.002,1.6
route_mutation,20260623T075046_025284,of:0000000000000001:2 -> of:000000000000000c:1,0.003,0.00375,0.003,0.003,2.96,2026-06-23T07:50:46,0.003,2.96
route_mutation,20260623T075046_025284,of:0000000000000006:2 -> of:000000000000000a:2,0.002,0.0025,0.002,0.002,1.63,2026-06-23T07:50:46,0.002,1.63
route_mutation,20260623T075046_025284,of:0000000000000001:3 -> of:000000000000000d:1,0.002,0.0025,0.002,0.002,1.56,2026-06-23T07:50:46,0.002,1.56
route_mutation,20260623T075046_025284,of:0000000000000003:1 -> of:000000000000000b:5,0.002,0.0025,0.002,0.002,2.53,2026-06-23T07:50:46,0.002,2.5
route_mutation,20260623T075046_025284,of:0000000000000006:1 -> of:000000000000000d:4,0.002,0.0025,0.002,0.002,1.56,2026-06-23T07:50:46,0.002,1.63
route_mutation,20260623T075046_025284,of:0000000000000007:2 -> of:000000000000000a:3,0.002,0.0025,0.002,0.002,1.66,2026-06-23T07:50:46,0.002,1.66
route_mutation,20260623T075046_025284,of:0000000000000007:1 -> of:000000000000000d:5,0.002,0.0025,0.002,0.002,1.53,2026-06-23T07:50:46,0.002,1.46
route_mutation,20260623T075046_025284,of:0000000000000002:2 -> of:0000000000000008:2,0.002,0.0025,0.002,0.002,1.6,2026-06-23T07:50:46,0.002,1.6
route_mutation,20260623T075046_025284,of:0000000000000003:2 -> of:0000000000000008:3,0.002,0.0025,0.002,0.002,1.6,2026-06-23T07:50:46,0.002,1.6
route_mutation,20260623T075046_025284,of:0000000000000008:1 -> of:000000000000000b:6,0.001,0.00125,0.001,0.001,1.43,2026-06-23T07:50:46,0.001,1.4
route_mutation,20260623T075046_025284,of:0000000000000004:2 -> of:0000000000000009:2,0.002,0.0025,0.002,0.002,1.66,2026-06-23T07:50:46,0.002,1.66
route_mutation,20260623T075046_025284,of:0000000000000002:1 -> of:000000000000000b:4,0.002,0.0025,0.002,0.002,2.36,2026-06-23T07:50:46,0.002,2.2
route_mutation,20260623T075046_025284,of:0000000000000009:1 -> of:000000000000000c:6,0.002,0.0025,0.002,0.002,1.5,2026-06-23T07:50:46,0.002,1.46
route_mutation,20260623T075116_367842,of:0000000000000004:1 -> of:000000000000000c:4,0.002,0.0025,0.002,0.002,1.93,2026-06-23T07:51:16,0.002,1.86
route_mutation,20260623T075116_367842,of:0000000000000005:1 -> of:000000000000000c:5,0.002,0.0025,0.002,0.002,2.03,2026-06-23T07:51:16,0.002,1.96
route_mutation,20260623T075116_367842,of:000000000000000a:1 -> of:000000000000000d:6,0.002,0.0025,0.002,0.002,1.8,2026-06-23T07:51:16,0.002,1.83
route_mutation,20260623T075116_367842,of:000000000000000b:3 -> of:000000000000000d:2,0.002,0.0025,0.002,0.002,2.43,2026-06-23T07:51:16,0.002,2.43
route_mutation,20260623T075116_367842,of:000000000000000c:3 -> of:000000000000000d:3,0.002,0.0025,0.002,0.002,2.43,2026-06-23T07:51:16,0.002,2.43
route_mutation,20260623T075116_367842,of:0000000000000005:2 -> of:0000000000000009:3,0.002,0.0025,0.002,0.002,2.53,2026-06-23T07:51:16,0.002,2.53
route_mutation,20260623T075116_367842,of:0000000000000001:1 -> of:000000000000000b:1,0.002,0.0025,0.002,0.002,1.8,2026-06-23T07:51:16,0.002,1.86
route_mutation,20260623T075116_367842,of:000000000000000b:2 -> of:000000000000000c:2,0.002,0.0025,0.002,0.002,2.4,2026-06-23T07:51:16,0.002,2.4
route_mutation,20260623T075116_367842,of:0000000000000001:2 -> of:000000000000000c:1,0.002,0.0025,0.002,0.002,1.9,2026-06-23T07:51:16,0.002,1.96
route_mutation,20260623T075116_367842,of:0000000000000006:2 -> of:000000000000000a:2,0.002,0.0025,0.002,0.002,2.53,2026-06-23T07:51:16,0.002,2.53
route_mutation,20260623T075116_367842,of:0000000000000001:3 -> of:000000000000000d:1,0.003,0.00375,0.003,0.003,3.36,2026-06-23T07:51:16,0.003,3.26
route_mutation,20260623T075116_367842,of:0000000000000003:1 -> of:000000000000000b:5,0.002,0.0025,0.002,0.002,1.83,2026-06-23T07:51:16,0.002,1.8
route_mutation,20260623T075116_367842,of:0000000000000006:1 -> of:000000000000000d:4,0.003,0.00375,0.003,0.003,3.2,2026-06-23T07:51:16,0.003,3.06
route_mutation,20260623T075116_367842,of:0000000000000007:2 -> of:000000000000000a:3,0.002,0.0025,0.002,0.002,2.5,2026-06-23T07:51:16,0.002,2.5
route_mutation,20260623T075116_367842,of:0000000000000007:1 -> of:000000000000000d:5,0.002,0.0025,0.002,0.002,2.1,2026-06-23T07:51:16,0.002,2.33
route_mutation,20260623T075116_367842,of:0000000000000002:2 -> of:0000000000000008:2,0.002,0.0025,0.002,0.002,2.5,2026-06-23T07:51:16,0.002,2.5
route_mutation,20260623T075116_367842,of:0000000000000003:2 -> of:0000000000000008:3,0.002,0.0025,0.002,0.002,2.5,2026-06-23T07:51:16,0.002,2.5
route_mutation,20260623T075116_367842,of:0000000000000008:1 -> of:000000000000000b:6,0.002,0.0025,0.002,0.002,1.86,2026-06-23T07:51:16,0.002,1.86
route_mutation,20260623T075116_367842,of:0000000000000004:2 -> of:0000000000000009:2,0.002,0.0025,0.002,0.002,2.53,2026-06-23T07:51:16,0.002,2.53
route_mutation,20260623T075116_367842,of:0000000000000002:1 -> of:000000000000000b:4,0.002,0.0025,0.002,0.002,1.83,2026-06-23T07:51:16,0.002,1.8
route_mutation,20260623T075116_367842,of:0000000000000009:1 -> of:000000000000000c:6,0.002,0.0025,0.002,0.002,1.8,2026-06-23T07:51:16,0.002,1.8
route_mutation,20260623T075146_644434,of:0000000000000004:1 -> of:000000000000000c:4,0.002,0.0025,0.002,0.002,1.63,2026-06-23T07:51:46,0.002,1.76
route_mutation,20260623T075146_644434,of:0000000000000005:1 -> of:000000000000000c:5,0.002,0.0025,0.002,0.002,1.63,2026-06-23T07:51:46,0.002,1.76
route_mutation,20260623T075146_644434,of:000000000000000a:1 -> of:000000000000000d:6,0.002,0.0025,0.002,0.002,1.83,2026-06-23T07:51:46,0.002,1.8
route_mutation,20260623T075146_644434,of:000000000000000b:3 -> of:000000000000000d:2,0.002,0.0025,0.002,0.002,2.3,2026-06-23T07:51:46,0.002,2.3
route_mutation,20260623T075146_644434,of:000000000000000c:3 -> of:000000000000000d:3,0.002,0.0025,0.002,0.002,2.3,2026-06-23T07:51:46,0.002,2.3
route_mutation,20260623T075146_644434,of:0000000000000005:2 -> of:0000000000000009:3,0.002,0.0025,0.002,0.002,2.13,2026-06-23T07:51:46,0.002,2.13
route_mutation,20260623T075146_644434,of:0000000000000001:1 -> of:000000000000000b:1,0.002,0.0025,0.002,0.002,1.83,2026-06-23T07:51:46,0.002,1.73
route_mutation,20260623T075146_644434,of:000000000000000b:2 -> of:000000000000000c:2,0.002,0.0025,0.002,0.002,2.33,2026-06-23T07:51:46,0.002,2.33
route_mutation,20260623T075146_644434,of:0000000000000001:2 -> of:000000000000000c:1,0.002,0.0025,0.002,0.002,1.83,2026-06-23T07:51:46,0.002,1.73
route_mutation,20260623T075146_644434,of:0000000000000006:2 -> of:000000000000000a:2,0.002,0.0025,0.002,0.002,2.13,2026-06-23T07:51:46,0.002,2.13
route_mutation,20260623T075146_644434,of:0000000000000001:3 -> of:000000000000000d:1,0.002,0.0025,0.002,0.002,2.9,2026-06-23T07:51:46,0.002,2.96
route_mutation,20260623T075146_644434,of:0000000000000003:1 -> of:000000000000000b:5,0.002,0.0025,0.002,0.002,1.73,2026-06-23T07:51:46,0.002,1.83
route_mutation,20260623T075146_644434,of:0000000000000006:1 -> of:000000000000000d:4,0.002,0.0025,0.002,0.002,1.63,2026-06-23T07:51:46,0.002,1.73
route_mutation,20260623T075146_644434,of:0000000000000007:2 -> of:000000000000000a:3,0.002,0.0025,0.002,0.002,2.13,2026-06-23T07:51:46,0.002,2.13
route_mutation,20260623T075146_644434,of:0000000000000007:1 -> of:000000000000000d:5,0.002,0.0025,0.002,0.002,2.83,2026-06-23T07:51:46,0.002,2.7
route_mutation,20260623T075146_644434,of:0000000000000002:2 -> of:0000000000000008:2,0.002,0.0025,0.002,0.002,2.3,2026-06-23T07:51:46,0.002,2.3
route_mutation,20260623T075146_644434,of:0000000000000003:2 -> of:0000000000000008:3,0.002,0.0025,0.002,0.002,2.3,2026-06-23T07:51:46,0.002,2.3
route_mutation,20260623T075146_644434,of:0000000000000008:1 -> of:000000000000000b:6,0.002,0.0025,0.002,0.002,1.9,2026-06-23T07:51:46,0.002,1.9
route_mutation,20260623T075146_644434,of:0000000000000004:2 -> of:0000000000000009:2,0.002,0.0025,0.002,0.002,2.13,2026-06-23T07:51:46,0.002,2.13
route_mutation,20260623T075146_644434,of:0000000000000002:1 -> of:000000000000000b:4,0.002,0.0025,0.002,0.002,1.73,2026-06-23T07:51:46,0.002,1.83
route_mutation,20260623T075146_644434,of:0000000000000009:1 -> of:000000000000000c:6,0.002,0.0025,0.002,0.002,1.83,2026-06-23T07:51:46,0.002,1.83
route_mutation,20260623T075216_935497,of:0000000000000004:1 -> of:000000000000000c:4,0.002,0.0025,0.002,0.002,1.47,2026-06-23T07:52:16,0.002,1.43
route_mutation,20260623T075216_935497,of:0000000000000005:1 -> of:000000000000000c:5,0.002,0.0025,0.002,0.002,1.47,2026-06-23T07:52:16,0.002,1.43
route_mutation,20260623T075216_935497,of:000000000000000a:1 -> of:000000000000000d:6,0.002,0.0025,0.002,0.002,1.43,2026-06-23T07:52:16,0.002,1.43
route_mutation,20260623T075216_935497,of:000000000000000b:3 -> of:000000000000000d:2,0.002,0.0025,0.002,0.002,1.53,2026-06-23T07:52:16,0.002,1.53
route_mutation,20260623T075216_935497,of:000000000000000c:3 -> of:000000000000000d:3,0.002,0.0025,0.002,0.002,1.53,2026-06-23T07:52:16,0.002,1.53
route_mutation,20260623T075216_935497,of:0000000000000005:2 -> of:0000000000000009:3,0.002,0.0025,0.002,0.002,1.57,2026-06-23T07:52:16,0.002,1.57
route_mutation,20260623T075216_935497,of:0000000000000001:1 -> of:000000000000000b:1,0.003,0.00375,0.003,0.003,3.03,2026-06-23T07:52:16,0.003,3.03
route_mutation,20260623T075216_935497,of:000000000000000b:2 -> of:000000000000000c:2,0.002,0.0025,0.002,0.002,1.53,2026-06-23T07:52:16,0.002,1.53
route_mutation,20260623T075216_935497,of:0000000000000001:2 -> of:000000000000000c:1,0.002,0.0025,0.002,0.002,1.43,2026-06-23T07:52:16,0.002,1.43
route_mutation,20260623T075216_935497,of:0000000000000006:2 -> of:000000000000000a:2,0.002,0.0025,0.002,0.002,1.57,2026-06-23T07:52:16,0.002,1.57
route_mutation,20260623T075216_935497,of:0000000000000001:3 -> of:000000000000000d:1,0.002,0.0025,0.002,0.002,1.43,2026-06-23T07:52:16,0.002,1.43
route_mutation,20260623T075216_935497,of:0000000000000003:1 -> of:000000000000000b:5,0.002,0.0025,0.002,0.002,2.03,2026-06-23T07:52:16,0.002,2.0
route_mutation,20260623T075216_935497,of:0000000000000006:1 -> of:000000000000000d:4,0.002,0.0025,0.002,0.002,1.47,2026-06-23T07:52:16,0.002,1.43
route_mutation,20260623T075216_935497,of:0000000000000007:2 -> of:000000000000000a:3,0.002,0.0025,0.002,0.002,1.57,2026-06-23T07:52:16,0.002,1.57
route_mutation,20260623T075216_935497,of:0000000000000007:1 -> of:000000000000000d:5,0.002,0.0025,0.002,0.002,1.47,2026-06-23T07:52:16,0.002,1.43
route_mutation,20260623T075216_935497,of:0000000000000002:2 -> of:0000000000000008:2,0.002,0.0025,0.002,0.002,1.57,2026-06-23T07:52:16,0.002,1.57
route_mutation,20260623T075216_935497,of:0000000000000003:2 -> of:0000000000000008:3,0.002,0.0025,0.002,0.002,1.57,2026-06-23T07:52:16,0.002,1.57
route_mutation,20260623T075216_935497,of:0000000000000008:1 -> of:000000000000000b:6,0.002,0.0025,0.002,0.002,1.47,2026-06-23T07:52:16,0.002,1.43
route_mutation,20260623T075216_935497,of:0000000000000004:2 -> of:0000000000000009:2,0.002,0.0025,0.002,0.002,1.57,2026-06-23T07:52:16,0.002,1.57
route_mutation,20260623T075216_935497,of:0000000000000002:1 -> of:000000000000000b:4,0.002,0.0025,0.002,0.002,2.46,2026-06-23T07:52:16,0.002,2.46
route_mutation,20260623T075216_935497,of:0000000000000009:1 -> of:000000000000000c:6,0.002,0.0025,0.002,0.002,1.43,2026-06-23T07:52:16,0.002,1.43
ip_shuffle,20260623T075247_310165,of:0000000000000004:1 -> of:000000000000000c:4,0.002,0.0025,0.002,0.002,2.33,2026-06-23T07:52:47,0.002,2.23
ip_shuffle,20260623T075247_310165,of:0000000000000005:1 -> of:000000000000000c:5,0.002,0.0025,0.002,0.002,2.33,2026-06-23T07:52:47,0.002,2.23
ip_shuffle,20260623T075247_310165,of:000000000000000a:1 -> of:000000000000000d:6,0.001,0.00125,0.001,0.001,1.43,2026-06-23T07:52:47,0.001,1.46
ip_shuffle,20260623T075247_310165,of:000000000000000b:3 -> of:000000000000000d:2,0.002,0.0025,0.002,0.002,1.6,2026-06-23T07:52:47,0.002,1.63
ip_shuffle,20260623T075247_310165,of:000000000000000c:3 -> of:000000000000000d:3,0.002,0.0025,0.002,0.002,1.6,2026-06-23T07:52:47,0.002,1.63
ip_shuffle,20260623T075247_310165,of:0000000000000005:2 -> of:0000000000000009:3,0.002,0.0025,0.002,0.002,1.7,2026-06-23T07:52:47,0.002,1.7
ip_shuffle,20260623T075247_310165,of:0000000000000001:1 -> of:000000000000000b:1,0.002,0.0025,0.002,0.002,1.8,2026-06-23T07:52:47,0.002,1.9
ip_shuffle,20260623T075247_310165,of:000000000000000b:2 -> of:000000000000000c:2,0.001,0.00125,0.001,0.001,1.53,2026-06-23T07:52:47,0.001,1.53
ip_shuffle,20260623T075247_310165,of:0000000000000001:2 -> of:000000000000000c:1,0.003,0.00375,0.003,0.003,2.96,2026-06-23T07:52:47,0.003,3.06
ip_shuffle,20260623T075247_310165,of:0000000000000006:2 -> of:000000000000000a:2,0.002,0.0025,0.002,0.002,1.7,2026-06-23T07:52:47,0.002,1.7
ip_shuffle,20260623T075247_310165,of:0000000000000001:3 -> of:000000000000000d:1,0.002,0.0025,0.002,0.002,1.73,2026-06-23T07:52:47,0.002,1.63
ip_shuffle,20260623T075247_310165,of:0000000000000003:1 -> of:000000000000000b:5,0.002,0.0025,0.002,0.002,1.86,2026-06-23T07:52:47,0.002,1.8
ip_shuffle,20260623T075247_310165,of:0000000000000006:1 -> of:000000000000000d:4,0.002,0.0025,0.002,0.002,1.66,2026-06-23T07:52:47,0.002,1.83
ip_shuffle,20260623T075247_310165,of:0000000000000007:2 -> of:000000000000000a:3,0.002,0.0025,0.002,0.002,1.7,2026-06-23T07:52:47,0.002,1.7
ip_shuffle,20260623T075247_310165,of:0000000000000007:1 -> of:000000000000000d:5,0.002,0.0025,0.002,0.002,1.6,2026-06-23T07:52:47,0.002,1.53
ip_shuffle,20260623T075247_310165,of:0000000000000002:2 -> of:0000000000000008:2,0.002,0.0025,0.002,0.002,1.8,2026-06-23T07:52:47,0.002,1.8
ip_shuffle,20260623T075247_310165,of:0000000000000003:2 -> of:0000000000000008:3,0.002,0.0025,0.002,0.002,1.8,2026-06-23T07:52:47,0.002,1.8
ip_shuffle,20260623T075247_310165,of:0000000000000008:1 -> of:000000000000000b:6,0.002,0.0025,0.002,0.002,1.53,2026-06-23T07:52:47,0.001,1.43
ip_shuffle,20260623T075247_310165,of:0000000000000004:2 -> of:0000000000000009:2,0.002,0.0025,0.002,0.002,1.7,2026-06-23T07:52:47,0.002,1.7
ip_shuffle,20260623T075247_310165,of:0000000000000002:1 -> of:000000000000000b:4,0.001,0.00125,0.001,0.001,1.46,2026-06-23T07:52:47,0.001,1.37
ip_shuffle,20260623T075247_310165,of:0000000000000009:1 -> of:000000000000000c:6,0.001,0.00125,0.001,0.001,1.37,2026-06-23T07:52:47,0.001,1.37
route_mutation,20260623T075351_472530,of:0000000000000004:1 -> of:000000000000000c:4,0.002,0.0025,0.002,0.001,1.33,2026-06-23T07:53:51,0.002,1.53
route_mutation,20260623T075351_472530,of:0000000000000005:1 -> of:000000000000000c:5,0.002,0.0025,0.002,0.001,1.33,2026-06-23T07:53:51,0.002,1.53
route_mutation,20260623T075351_472530,of:000000000000000a:1 -> of:000000000000000d:6,0.002,0.0025,0.002,0.002,1.53,2026-06-23T07:53:51,0.002,1.5
route_mutation,20260623T075351_472530,of:000000000000000b:3 -> of:000000000000000d:2,0.002,0.0025,0.002,0.002,1.7,2026-06-23T07:53:51,0.002,1.7
route_mutation,20260623T075351_472530,of:000000000000000c:3 -> of:000000000000000d:3,0.002,0.0025,0.002,0.002,1.7,2026-06-23T07:53:51,0.002,1.7
route_mutation,20260623T075351_472530,of:0000000000000005:2 -> of:0000000000000009:3,0.002,0.0025,0.002,0.002,1.6,2026-06-23T07:53:51,0.002,1.6
route_mutation,20260623T075351_472530,of:0000000000000001:1 -> of:000000000000000b:1,0.002,0.0025,0.002,0.002,1.53,2026-06-23T07:53:51,0.001,1.37
route_mutation,20260623T075351_472530,of:000000000000000b:2 -> of:000000000000000c:2,0.002,0.0025,0.002,0.002,1.73,2026-06-23T07:53:51,0.002,1.73
route_mutation,20260623T075351_472530,of:0000000000000001:2 -> of:000000000000000c:1,0.002,0.0025,0.002,0.002,1.56,2026-06-23T07:53:51,0.002,1.4
route_mutation,20260623T075351_472530,of:0000000000000006:2 -> of:000000000000000a:2,0.002,0.0025,0.002,0.002,1.56,2026-06-23T07:53:51,0.002,1.56
route_mutation,20260623T075351_472530,of:0000000000000001:3 -> of:000000000000000d:1,0.002,0.0025,0.002,0.002,2.2,2026-06-23T07:53:51,0.002,2.33
route_mutation,20260623T075351_472530,of:0000000000000003:1 -> of:000000000000000b:5,0.002,0.0025,0.002,0.002,1.4,2026-06-23T07:53:51,0.002,1.56
route_mutation,20260623T075351_472530,of:0000000000000006:1 -> of:000000000000000d:4,0.002,0.0025,0.002,0.002,1.46,2026-06-23T07:53:51,0.002,1.6
route_mutation,20260623T075351_472530,of:0000000000000007:2 -> of:000000000000000a:3,0.002,0.0025,0.002,0.002,1.53,2026-06-23T07:53:51,0.002,1.53
route_mutation,20260623T075351_472530,of:0000000000000007:1 -> of:000000000000000d:5,0.002,0.0025,0.002,0.002,2.23,2026-06-23T07:53:51,0.002,2.1
route_mutation,20260623T075351_472530,of:0000000000000002:2 -> of:0000000000000008:2,0.001,0.00125,0.001,0.001,1.37,2026-06-23T07:53:51,0.001,1.37
route_mutation,20260623T075351_472530,of:0000000000000003:2 -> of:0000000000000008:3,0.001,0.00125,0.001,0.001,1.37,2026-06-23T07:53:51,0.001,1.37
route_mutation,20260623T075351_472530,of:0000000000000008:1 -> of:000000000000000b:6,0.002,0.0025,0.002,0.001,1.33,2026-06-23T07:53:51,0.002,1.53
route_mutation,20260623T075351_472530,of:0000000000000004:2 -> of:0000000000000009:2,0.002,0.0025,0.002,0.002,1.63,2026-06-23T07:53:51,0.002,1.63
route_mutation,20260623T075351_472530,of:0000000000000002:1 -> of:000000000000000b:4,0.002,0.0025,0.002,0.001,1.37,2026-06-23T07:53:51,0.002,1.53
route_mutation,20260623T075351_472530,of:0000000000000009:1 -> of:000000000000000c:6,0.002,0.0025,0.002,0.002,1.6,2026-06-23T07:53:51,0.002,1.6
ip_shuffle,20260623T075421_796325,of:0000000000000004:1 -> of:000000000000000c:4,0.002,0.0025,0.002,0.002,2.16,2026-06-23T07:54:21,0.002,2.2
ip_shuffle,20260623T075421_796325,of:0000000000000005:1 -> of:000000000000000c:5,0.002,0.0025,0.002,0.002,1.63,2026-06-23T07:54:21,0.002,1.63
ip_shuffle,20260623T075421_796325,of:000000000000000a:1 -> of:000000000000000d:6,0.001,0.00125,0.001,0.001,1.47,2026-06-23T07:54:21,0.001,1.47
ip_shuffle,20260623T075421_796325,of:000000000000000b:3 -> of:000000000000000d:2,0.002,0.0025,0.002,0.002,1.66,2026-06-23T07:54:21,0.002,1.66
ip_shuffle,20260623T075421_796325,of:000000000000000c:3 -> of:000000000000000d:3,0.002,0.0025,0.002,0.002,1.66,2026-06-23T07:54:21,0.002,1.66
ip_shuffle,20260623T075421_796325,of:0000000000000005:2 -> of:0000000000000009:3,0.002,0.0025,0.002,0.002,1.73,2026-06-23T07:54:21,0.002,1.73
ip_shuffle,20260623T075421_796325,of:0000000000000001:1 -> of:000000000000000b:1,0.003,0.00375,0.003,0.003,3.46,2026-06-23T07:54:21,0.003,3.46
ip_shuffle,20260623T075421_796325,of:000000000000000b:2 -> of:000000000000000c:2,0.001,0.00125,0.001,0.001,1.6,2026-06-23T07:54:21,0.001,1.6
ip_shuffle,20260623T075421_796325,of:0000000000000001:2 -> of:000000000000000c:1,0.002,0.0025,0.002,0.002,2.23,2026-06-23T07:54:21,0.002,2.2
ip_shuffle,20260623T075421_796325,of:0000000000000006:2 -> of:000000000000000a:2,0.002,0.0025,0.002,0.002,1.66,2026-06-23T07:54:21,0.002,1.66
ip_shuffle,20260623T075421_796325,of:0000000000000001:3 -> of:000000000000000d:1,0.001,0.00125,0.001,0.001,1.47,2026-06-23T07:54:21,0.001,1.47
ip_shuffle,20260623T075421_796325,of:0000000000000003:1 -> of:000000000000000b:5,0.002,0.0025,0.002,0.002,2.43,2026-06-23T07:54:21,0.002,2.43
ip_shuffle,20260623T075421_796325,of:0000000000000006:1 -> of:000000000000000d:4,0.002,0.0025,0.002,0.002,1.53,2026-06-23T07:54:21,0.002,1.53
ip_shuffle,20260623T075421_796325,of:0000000000000007:2 -> of:000000000000000a:3,0.002,0.0025,0.002,0.002,1.66,2026-06-23T07:54:21,0.002,1.66
ip_shuffle,20260623T075421_796325,of:0000000000000007:1 -> of:000000000000000d:5,0.002,0.0025,0.002,0.002,1.53,2026-06-23T07:54:21,0.002,1.53
ip_shuffle,20260623T075421_796325,of:0000000000000002:2 -> of:0000000000000008:2,0.002,0.0025,0.002,0.002,1.66,2026-06-23T07:54:21,0.002,1.66
ip_shuffle,20260623T075421_796325,of:0000000000000003:2 -> of:0000000000000008:3,0.002,0.0025,0.002,0.002,1.66,2026-06-23T07:54:21,0.002,1.66
ip_shuffle,20260623T075421_796325,of:0000000000000008:1 -> of:000000000000000b:6,0.001,0.00125,0.001,0.001,1.47,2026-06-23T07:54:21,0.001,1.47
ip_shuffle,20260623T075421_796325,of:0000000000000004:2 -> of:0000000000000009:2,0.002,0.0025,0.002,0.002,1.73,2026-06-23T07:54:21,0.002,1.73
ip_shuffle,20260623T075421_796325,of:0000000000000002:1 -> of:000000000000000b:4,0.002,0.0025,0.002,0.002,2.43,2026-06-23T07:54:21,0.002,2.43
ip_shuffle,20260623T075421_796325,of:0000000000000009:1 -> of:000000000000000c:6,0.001,0.00125,0.001,0.001,1.47,2026-06-23T07:54:21,0.001,1.47
ip_shuffle,20260623T075525_980292,of:0000000000000004:1 -> of:000000000000000c:4,0.002,0.0025,0.002,0.002,1.7,2026-06-23T07:55:25,0.002,1.83
ip_shuffle,20260623T075525_980292,of:0000000000000005:1 -> of:000000000000000c:5,0.002,0.0025,0.002,0.002,1.7,2026-06-23T07:55:25,0.002,1.83
ip_shuffle,20260623T075525_980292,of:000000000000000a:1 -> of:000000000000000d:6,0.002,0.0025,0.002,0.002,1.9,2026-06-23T07:55:25,0.002,1.86
ip_shuffle,20260623T075525_980292,of:000000000000000b:3 -> of:000000000000000d:2,0.002,0.0025,0.002,0.002,2.3,2026-06-23T07:55:25,0.002,2.3
ip_shuffle,20260623T075525_980292,of:000000000000000c:3 -> of:000000000000000d:3,0.002,0.0025,0.002,0.002,2.3,2026-06-23T07:55:25,0.002,2.3
ip_shuffle,20260623T075525_980292,of:0000000000000005:2 -> of:0000000000000009:3,0.002,0.0025,0.002,0.002,2.0,2026-06-23T07:55:25,0.002,2.0
ip_shuffle,20260623T075525_980292,of:0000000000000001:1 -> of:000000000000000b:1,0.002,0.0025,0.002,0.002,1.83,2026-06-23T07:55:25,0.002,1.73
ip_shuffle,20260623T075525_980292,of:000000000000000b:2 -> of:000000000000000c:2,0.002,0.0025,0.002,0.002,2.33,2026-06-23T07:55:25,0.002,2.33
ip_shuffle,20260623T075525_980292,of:0000000000000001:2 -> of:000000000000000c:1,0.002,0.0025,0.002,0.002,1.83,2026-06-23T07:55:25,0.002,1.73
ip_shuffle,20260623T075525_980292,of:0000000000000006:2 -> of:000000000000000a:2,0.002,0.0025,0.002,0.002,2.26,2026-06-23T07:55:25,0.002,2.26
ip_shuffle,20260623T075525_980292,of:0000000000000001:3 -> of:000000000000000d:1,0.003,0.00375,0.003,0.003,3.66,2026-06-23T07:55:25,0.003,3.76
ip_shuffle,20260623T075525_980292,of:0000000000000003:1 -> of:000000000000000b:5,0.002,0.0025,0.002,0.002,1.73,2026-06-23T07:55:25,0.002,1.83
ip_shuffle,20260623T075525_980292,of:0000000000000006:1 -> of:000000000000000d:4,0.002,0.0025,0.002,0.002,2.36,2026-06-23T07:55:25,0.002,2.46
ip_shuffle,20260623T075525_980292,of:0000000000000007:2 -> of:000000000000000a:3,0.002,0.0025,0.002,0.002,2.26,2026-06-23T07:55:25,0.002,2.26
ip_shuffle,20260623T075525_980292,of:0000000000000007:1 -> of:000000000000000d:5,0.003,0.00375,0.003,0.003,3.2,2026-06-23T07:55:25,0.003,3.06
ip_shuffle,20260623T075525_980292,of:0000000000000002:2 -> of:0000000000000008:2,0.002,0.0025,0.002,0.002,2.1,2026-06-23T07:55:25,0.002,2.1
ip_shuffle,20260623T075525_980292,of:0000000000000003:2 -> of:0000000000000008:3,0.002,0.0025,0.002,0.002,2.1,2026-06-23T07:55:25,0.002,2.1
ip_shuffle,20260623T075525_980292,of:0000000000000008:1 -> of:000000000000000b:6,0.002,0.0025,0.002,0.002,1.7,2026-06-23T07:55:25,0.002,1.83
ip_shuffle,20260623T075525_980292,of:0000000000000004:2 -> of:0000000000000009:2,0.002,0.0025,0.002,0.002,2.0,2026-06-23T07:55:25,0.002,2.0
ip_shuffle,20260623T075525_980292,of:0000000000000002:1 -> of:000000000000000b:4,0.002,0.0025,0.002,0.002,1.73,2026-06-23T07:55:25,0.002,1.83
ip_shuffle,20260623T075525_980292,of:0000000000000009:1 -> of:000000000000000c:6,0.002,0.0025,0.002,0.002,1.63,2026-06-23T07:55:25,0.002,1.76
route_mutation,20260623T075636_571097,of:0000000000000004:1 -> of:000000000000000c:4,0.002,0.0025,0.002,0.002,1.93,2026-06-23T07:56:36,0.002,2.06
route_mutation,20260623T075636_571097,of:0000000000000005:1 -> of:000000000000000c:5,0.002,0.0025,0.002,0.002,1.93,2026-06-23T07:56:36,0.002,2.06
route_mutation,20260623T075636_571097,of:000000000000000a:1 -> of:000000000000000d:6,0.002,0.0025,0.002,0.002,1.86,2026-06-23T07:56:36,0.002,2.0
route_mutation,20260623T075636_571097,of:000000000000000b:3 -> of:000000000000000d:2,0.002,0.0025,0.002,0.002,2.86,2026-06-23T07:56:36,0.002,2.86
route_mutation,20260623T075636_571097,of:000000000000000c:3 -> of:000000000000000d:3,0.002,0.0025,0.002,0.002,2.8,2026-06-23T07:56:36,0.002,2.8
route_mutation,20260623T075636_571097,of:0000000000000005:2 -> of:0000000000000009:3,0.002,0.0025,0.002,0.002,2.46,2026-06-23T07:56:36,0.002,2.46
route_mutation,20260623T075636_571097,of:0000000000000001:1 -> of:000000000000000b:1,0.002,0.0025,0.002,0.002,2.13,2026-06-23T07:56:36,0.002,2.03
route_mutation,20260623T075636_571097,of:000000000000000b:2 -> of:000000000000000c:2,0.002,0.0025,0.002,0.002,2.86,2026-06-23T07:56:36,0.002,2.86
route_mutation,20260623T075636_571097,of:0000000000000001:2 -> of:000000000000000c:1,0.002,0.0025,0.002,0.002,2.06,2026-06-23T07:56:36,0.002,1.96
route_mutation,20260623T075636_571097,of:0000000000000006:2 -> of:000000000000000a:2,0.002,0.0025,0.002,0.002,2.46,2026-06-23T07:56:36,0.002,2.46
route_mutation,20260623T075636_571097,of:0000000000000001:3 -> of:000000000000000d:1,0.003,0.00375,0.003,0.003,3.56,2026-06-23T07:56:36,0.003,3.69
route_mutation,20260623T075636_571097,of:0000000000000003:1 -> of:000000000000000b:5,0.002,0.0025,0.002,0.002,2.03,2026-06-23T07:56:36,0.002,2.13
route_mutation,20260623T075636_571097,of:0000000000000006:1 -> of:000000000000000d:4,0.002,0.0025,0.002,0.002,2.36,2026-06-23T07:56:36,0.002,2.2
route_mutation,20260623T075636_571097,of:0000000000000007:2 -> of:000000000000000a:3,0.002,0.0025,0.002,0.002,2.46,2026-06-23T07:56:36,0.002,2.46
route_mutation,20260623T075636_571097,of:0000000000000007:1 -> of:000000000000000d:5,0.003,0.00375,0.003,0.003,3.26,2026-06-23T07:56:36,0.003,3.39
route_mutation,20260623T075636_571097,of:0000000000000002:2 -> of:0000000000000008:2,0.002,0.0025,0.002,0.002,2.5,2026-06-23T07:56:36,0.002,2.5
route_mutation,20260623T075636_571097,of:0000000000000003:2 -> of:0000000000000008:3,0.002,0.0025,0.002,0.002,2.5,2026-06-23T07:56:36,0.002,2.5
route_mutation,20260623T075636_571097,of:0000000000000008:1 -> of:000000000000000b:6,0.002,0.0025,0.002,0.002,1.93,2026-06-23T07:56:36,0.002,2.06
route_mutation,20260623T075636_571097,of:0000000000000004:2 -> of:0000000000000009:2,0.002,0.0025,0.002,0.002,2.46,2026-06-23T07:56:36,0.002,2.46
route_mutation,20260623T075636_571097,of:0000000000000002:1 -> of:000000000000000b:4,0.002,0.0025,0.002,0.002,2.03,2026-06-23T07:56:36,0.002,2.13
route_mutation,20260623T075636_571097,of:0000000000000009:1 -> of:000000000000000c:6,0.002,0.0025,0.002,0.002,1.86,2026-06-23T07:56:36,0.002,2.0
route_mutation,20260623T075706_868319,of:0000000000000004:1 -> of:000000000000000c:4,0.001,0.00125,0.001,0.001,1.37,2026-06-23T07:57:06,0.001,1.37
route_mutation,20260623T075706_868319,of:0000000000000005:1 -> of:000000000000000c:5,0.001,0.00125,0.001,0.001,1.37,2026-06-23T07:57:06,0.001,1.37
route_mutation,20260623T075706_868319,of:000000000000000a:1 -> of:000000000000000d:6,0.002,0.0025,0.002,0.002,1.43,2026-06-23T07:57:06,0.002,1.43
route_mutation,20260623T075706_868319,of:000000000000000b:3 -> of:000000000000000d:2,0.002,0.0025,0.002,0.002,1.53,2026-06-23T07:57:06,0.002,1.53
route_mutation,20260623T075706_868319,of:000000000000000c:3 -> of:000000000000000d:3,0.001,0.00125,0.001,0.001,1.46,2026-06-23T07:57:06,0.001,1.46
route_mutation,20260623T075706_868319,of:0000000000000005:2 -> of:0000000000000009:3,0.002,0.0025,0.002,0.002,1.53,2026-06-23T07:57:06,0.002,1.53
route_mutation,20260623T075706_868319,of:0000000000000001:1 -> of:000000000000000b:1,0.002,0.0025,0.002,0.002,2.4,2026-06-23T07:57:06,0.002,2.4
route_mutation,20260623T075706_868319,of:000000000000000b:2 -> of:000000000000000c:2,0.001,0.00125,0.001,0.001,1.46,2026-06-23T07:57:06,0.001,1.46
route_mutation,20260623T075706_868319,of:0000000000000001:2 -> of:000000000000000c:1,0.001,0.00125,0.001,0.001,1.3,2026-06-23T07:57:06,0.001,1.3
route_mutation,20260623T075706_868319,of:0000000000000006:2 -> of:000000000000000a:2,0.002,0.0025,0.002,0.002,1.53,2026-06-23T07:57:06,0.002,1.53
route_mutation,20260623T075706_868319,of:0000000000000001:3 -> of:000000000000000d:1,0.001,0.00125,0.001,0.001,1.37,2026-06-23T07:57:06,0.001,1.37
route_mutation,20260623T075706_868319,of:0000000000000003:1 -> of:000000000000000b:5,0.002,0.0025,0.002,0.002,1.46,2026-06-23T07:57:06,0.002,1.46
route_mutation,20260623T075706_868319,of:0000000000000006:1 -> of:000000000000000d:4,0.002,0.0025,0.002,0.002,1.43,2026-06-23T07:57:06,0.002,1.43
route_mutation,20260623T075706_868319,of:0000000000000007:2 -> of:000000000000000a:3,0.002,0.0025,0.002,0.002,1.53,2026-06-23T07:57:06,0.002,1.53
route_mutation,20260623T075706_868319,of:0000000000000007:1 -> of:000000000000000d:5,0.002,0.0025,0.002,0.002,1.43,2026-06-23T07:57:06,0.002,1.43
route_mutation,20260623T075706_868319,of:0000000000000002:2 -> of:0000000000000008:2,0.002,0.0025,0.002,0.002,1.53,2026-06-23T07:57:06,0.002,1.53
route_mutation,20260623T075706_868319,of:0000000000000003:2 -> of:0000000000000008:3,0.002,0.0025,0.002,0.002,1.53,2026-06-23T07:57:06,0.002,1.53
route_mutation,20260623T075706_868319,of:0000000000000008:1 -> of:000000000000000b:6,0.002,0.0025,0.002,0.002,1.43,2026-06-23T07:57:06,0.002,1.43
route_mutation,20260623T075706_868319,of:0000000000000004:2 -> of:0000000000000009:2,0.002,0.0025,0.002,0.002,1.53,2026-06-23T07:57:06,0.002,1.53
route_mutation,20260623T075706_868319,of:0000000000000002:1 -> of:000000000000000b:4,0.002,0.0025,0.002,0.002,2.43,2026-06-23T07:57:06,0.002,2.43
route_mutation,20260623T075706_868319,of:0000000000000009:1 -> of:000000000000000c:6,0.001,0.00125,0.001,0.001,1.37,2026-06-23T07:57:06,0.001,1.37
ip_shuffle,20260623T075737_169210,of:0000000000000004:1 -> of:000000000000000c:4,0.002,0.0025,0.002,0.002,2.26,2026-06-23T07:57:37,0.002,2.26
ip_shuffle,20260623T075737_169210,of:0000000000000005:1 -> of:000000000000000c:5,0.002,0.0025,0.002,0.002,2.26,2026-06-23T07:57:37,0.002,2.26
ip_shuffle,20260623T075737_169210,of:000000000000000a:1 -> of:000000000000000d:6,0.001,0.00125,0.001,0.001,1.46,2026-06-23T07:57:37,0.001,1.46
ip_shuffle,20260623T075737_169210,of:000000000000000b:3 -> of:000000000000000d:2,0.002,0.0025,0.002,0.002,1.66,2026-06-23T07:57:37,0.002,1.66
ip_shuffle,20260623T075737_169210,of:000000000000000c:3 -> of:000000000000000d:3,0.002,0.0025,0.002,0.002,1.66,2026-06-23T07:57:37,0.002,1.66
ip_shuffle,20260623T075737_169210,of:0000000000000005:2 -> of:0000000000000009:3,0.002,0.0025,0.002,0.002,1.66,2026-06-23T07:57:37,0.002,1.66
ip_shuffle,20260623T075737_169210,of:0000000000000001:1 -> of:000000000000000b:1,0.002,0.0025,0.002,0.002,2.56,2026-06-23T07:57:37,0.002,2.56
ip_shuffle,20260623T075737_169210,of:000000000000000b:2 -> of:000000000000000c:2,0.002,0.0025,0.002,0.002,1.73,2026-06-23T07:57:37,0.002,1.73
ip_shuffle,20260623T075737_169210,of:0000000000000001:2 -> of:000000000000000c:1,0.003,0.00375,0.003,0.003,3.13,2026-06-23T07:57:37,0.003,3.13
ip_shuffle,20260623T075737_169210,of:0000000000000006:2 -> of:000000000000000a:2,0.002,0.0025,0.002,0.002,1.66,2026-06-23T07:57:37,0.002,1.66
ip_shuffle,20260623T075737_169210,of:0000000000000001:3 -> of:000000000000000d:1,0.002,0.0025,0.002,0.002,1.6,2026-06-23T07:57:37,0.002,1.56
ip_shuffle,20260623T075737_169210,of:0000000000000003:1 -> of:000000000000000b:5,0.002,0.0025,0.002,0.002,2.46,2026-06-23T07:57:37,0.002,2.46
ip_shuffle,20260623T075737_169210,of:0000000000000006:1 -> of:000000000000000d:4,0.002,0.0025,0.002,0.001,1.5,2026-06-23T07:57:37,0.002,1.56
ip_shuffle,20260623T075737_169210,of:0000000000000007:2 -> of:000000000000000a:3,0.002,0.0025,0.002,0.002,1.66,2026-06-23T07:57:37,0.002,1.66
ip_shuffle,20260623T075737_169210,of:0000000000000007:1 -> of:000000000000000d:5,0.001,0.00125,0.001,0.001,1.4,2026-06-23T07:57:37,0.001,1.4
ip_shuffle,20260623T075737_169210,of:0000000000000002:2 -> of:0000000000000008:2,0.002,0.0025,0.002,0.002,1.66,2026-06-23T07:57:37,0.002,1.66
ip_shuffle,20260623T075737_169210,of:0000000000000003:2 -> of:0000000000000008:3,0.002,0.0025,0.002,0.002,1.66,2026-06-23T07:57:37,0.002,1.66
ip_shuffle,20260623T075737_169210,of:0000000000000008:1 -> of:000000000000000b:6,0.002,0.0025,0.002,0.002,1.53,2026-06-23T07:57:37,0.002,1.53
ip_shuffle,20260623T075737_169210,of:0000000000000004:2 -> of:0000000000000009:2,0.002,0.0025,0.002,0.002,1.66,2026-06-23T07:57:37,0.002,1.66
ip_shuffle,20260623T075737_169210,of:0000000000000002:1 -> of:000000000000000b:4,0.002,0.0025,0.002,0.002,1.5,2026-06-23T07:57:37,0.002,1.5
ip_shuffle,20260623T075737_169210,of:0000000000000009:1 -> of:000000000000000c:6,0.002,0.0025,0.002,0.002,1.53,2026-06-23T07:57:37,0.002,1.53
ip_shuffle,20260623T075834_724924,of:0000000000000004:1 -> of:000000000000000c:4,0.001,0.00125,0.001,0.001,1.43,2026-06-23T07:58:34,0.001,1.53
ip_shuffle,20260623T075834_724924,of:0000000000000005:1 -> of:000000000000000c:5,0.001,0.00125,0.001,0.001,1.43,2026-06-23T07:58:34,0.001,1.53
ip_shuffle,20260623T075834_724924,of:000000000000000a:1 -> of:000000000000000d:6,0.002,0.0025,0.002,0.002,1.46,2026-06-23T07:58:34,0.002,1.6
ip_shuffle,20260623T075834_724924,of:000000000000000b:3 -> of:000000000000000d:2,0.002,0.0025,0.002,0.002,1.73,2026-06-23T07:58:34,0.002,1.73
ip_shuffle,20260623T075834_724924,of:000000000000000c:3 -> of:000000000000000d:3,0.002,0.0025,0.002,0.002,1.8,2026-06-23T07:58:34,0.002,1.8
ip_shuffle,20260623T075834_724924,of:0000000000000005:2 -> of:0000000000000009:3,0.002,0.0025,0.002,0.002,1.63,2026-06-23T07:58:34,0.002,1.63
ip_shuffle,20260623T075834_724924,of:0000000000000001:1 -> of:000000000000000b:1,0.001,0.00125,0.001,0.001,1.4,2026-06-23T07:58:34,0.001,1.46
ip_shuffle,20260623T075834_724924,of:000000000000000b:2 -> of:000000000000000c:2,0.002,0.0025,0.002,0.002,1.66,2026-06-23T07:58:34,0.002,1.66
ip_shuffle,20260623T075834_724924,of:0000000000000001:2 -> of:000000000000000c:1,0.001,0.00125,0.001,0.001,1.46,2026-06-23T07:58:34,0.001,1.4
ip_shuffle,20260623T075834_724924,of:0000000000000006:2 -> of:000000000000000a:2,0.002,0.0025,0.002,0.002,1.63,2026-06-23T07:58:34,0.002,1.63
ip_shuffle,20260623T075834_724924,of:0000000000000001:3 -> of:000000000000000d:1,0.002,0.0025,0.002,0.002,2.03,2026-06-23T07:58:34,0.002,2.16
ip_shuffle,20260623T075834_724924,of:0000000000000003:1 -> of:000000000000000b:5,0.002,0.0025,0.002,0.002,1.5,2026-06-23T07:58:34,0.002,1.46
ip_shuffle,20260623T075834_724924,of:0000000000000006:1 -> of:000000000000000d:4,0.002,0.0025,0.002,0.002,1.5,2026-06-23T07:58:34,0.002,1.6
ip_shuffle,20260623T075834_724924,of:0000000000000007:2 -> of:000000000000000a:3,0.002,0.0025,0.002,0.002,1.6,2026-06-23T07:58:34,0.002,1.6
ip_shuffle,20260623T075834_724924,of:0000000000000007:1 -> of:000000000000000d:5,0.002,0.0025,0.002,0.002,2.16,2026-06-23T07:58:34,0.002,2.0
ip_shuffle,20260623T075834_724924,of:0000000000000002:2 -> of:0000000000000008:2,0.002,0.0025,0.002,0.002,1.63,2026-06-23T07:58:34,0.002,1.63
ip_shuffle,20260623T075834_724924,of:0000000000000003:2 -> of:0000000000000008:3,0.002,0.0025,0.002,0.002,1.63,2026-06-23T07:58:34,0.002,1.63
ip_shuffle,20260623T075834_724924,of:0000000000000008:1 -> of:000000000000000b:6,0.002,0.0025,0.002,0.002,1.46,2026-06-23T07:58:34,0.002,1.46
ip_shuffle,20260623T075834_724924,of:0000000000000004:2 -> of:0000000000000009:2,0.002,0.0025,0.002,0.002,1.63,2026-06-23T07:58:34,0.002,1.63
ip_shuffle,20260623T075834_724924,of:0000000000000002:1 -> of:000000000000000b:4,0.002,0.0025,0.002,0.002,1.5,2026-06-23T07:58:34,0.002,1.46
ip_shuffle,20260623T075834_724924,of:0000000000000009:1 -> of:000000000000000c:6,0.001,0.00125,0.001,0.001,1.4,2026-06-23T07:58:34,0.001,1.53
route_mutation,20260623T075932_586494,of:0000000000000004:1 -> of:000000000000000c:4,0.002,0.0025,0.002,0.002,2.1,2026-06-23T07:59:32,0.002,2.1
route_mutation,20260623T075932_586494,of:0000000000000005:1 -> of:000000000000000c:5,0.002,0.0025,0.002,0.002,2.66,2026-06-23T07:59:32,0.002,2.7
route_mutation,20260623T075932_586494,of:000000000000000a:1 -> of:000000000000000d:6,0.002,0.0025,0.002,0.002,1.9,2026-06-23T07:59:32,0.002,1.76
route_mutation,20260623T075932_586494,of:000000000000000b:3 -> of:000000000000000d:2,0.002,0.0025,0.002,0.002,2.4,2026-06-23T07:59:32,0.002,2.4
route_mutation,20260623T075932_586494,of:000000000000000c:3 -> of:000000000000000d:3,0.002,0.0025,0.002,0.002,2.4,2026-06-23T07:59:32,0.002,2.4
route_mutation,20260623T075932_586494,of:0000000000000005:2 -> of:0000000000000009:3,0.002,0.0025,0.002,0.002,2.5,2026-06-23T07:59:32,0.002,2.5
route_mutation,20260623T075932_586494,of:0000000000000001:1 -> of:000000000000000b:1,0.002,0.0025,0.002,0.002,1.9,2026-06-23T07:59:32,0.002,1.83
route_mutation,20260623T075932_586494,of:000000000000000b:2 -> of:000000000000000c:2,0.002,0.0025,0.002,0.002,2.46,2026-06-23T07:59:32,0.002,2.46
route_mutation,20260623T075932_586494,of:0000000000000001:2 -> of:000000000000000c:1,0.002,0.0025,0.002,0.002,2.9,2026-06-23T07:59:32,0.002,2.86
route_mutation,20260623T075932_586494,of:0000000000000006:2 -> of:000000000000000a:2,0.002,0.0025,0.002,0.002,2.5,2026-06-23T07:59:32,0.002,2.5
route_mutation,20260623T075932_586494,of:0000000000000001:3 -> of:000000000000000d:1,0.003,0.00375,0.003,0.003,3.3,2026-06-23T07:59:32,0.003,3.23
route_mutation,20260623T075932_586494,of:0000000000000003:1 -> of:000000000000000b:5,0.002,0.0025,0.002,0.002,1.86,2026-06-23T07:59:32,0.002,1.9
route_mutation,20260623T075932_586494,of:0000000000000006:1 -> of:000000000000000d:4,0.003,0.00375,0.003,0.003,3.2,2026-06-23T07:59:32,0.003,3.1
route_mutation,20260623T075932_586494,of:0000000000000007:2 -> of:000000000000000a:3,0.002,0.0025,0.002,0.002,2.43,2026-06-23T07:59:32,0.002,2.43
route_mutation,20260623T075932_586494,of:0000000000000007:1 -> of:000000000000000d:5,0.002,0.0025,0.002,0.002,1.93,2026-06-23T07:59:32,0.002,2.1
route_mutation,20260623T075932_586494,of:0000000000000002:2 -> of:0000000000000008:2,0.002,0.0025,0.002,0.002,2.5,2026-06-23T07:59:32,0.002,2.5
route_mutation,20260623T075932_586494,of:0000000000000003:2 -> of:0000000000000008:3,0.002,0.0025,0.002,0.002,2.5,2026-06-23T07:59:32,0.002,2.5
route_mutation,20260623T075932_586494,of:0000000000000008:1 -> of:000000000000000b:6,0.002,0.0025,0.002,0.002,1.83,2026-06-23T07:59:32,0.002,1.83
route_mutation,20260623T075932_586494,of:0000000000000004:2 -> of:0000000000000009:2,0.002,0.0025,0.002,0.002,2.5,2026-06-23T07:59:32,0.002,2.5
route_mutation,20260623T075932_586494,of:0000000000000002:1 -> of:000000000000000b:4,0.002,0.0025,0.002,0.002,1.86,2026-06-23T07:59:32,0.002,1.9
route_mutation,20260623T075932_586494,of:0000000000000009:1 -> of:000000000000000c:6,0.002,0.0025,0.002,0.002,1.83,2026-06-23T07:59:32,0.002,1.83
ip_shuffle,20260623T080002_802464,of:0000000000000004:1 -> of:000000000000000c:4,0.002,0.0025,0.002,0.002,1.73,2026-06-23T08:00:02,0.002,1.7
ip_shuffle,20260623T080002_802464,of:0000000000000005:1 -> of:000000000000000c:5,0.002,0.0025,0.002,0.002,1.73,2026-06-23T08:00:02,0.002,1.7
ip_shuffle,20260623T080002_802464,of:000000000000000a:1 -> of:000000000000000d:6,0.002,0.0025,0.002,0.002,1.7,2026-06-23T08:00:02,0.002,1.83
ip_shuffle,20260623T080002_802464,of:000000000000000b:3 -> of:000000000000000d:2,0.002,0.0025,0.002,0.002,2.2,2026-06-23T08:00:02,0.002,2.2
ip_shuffle,20260623T080002_802464,of:000000000000000c:3 -> of:000000000000000d:3,0.002,0.0025,0.002,0.002,2.2,2026-06-23T08:00:02,0.002,2.2
ip_shuffle,20260623T080002_802464,of:0000000000000005:2 -> of:0000000000000009:3,0.002,0.0025,0.002,0.002,2.1,2026-06-23T08:00:02,0.002,2.1
ip_shuffle,20260623T080002_802464,of:0000000000000001:1 -> of:000000000000000b:1,0.002,0.0025,0.002,0.002,1.63,2026-06-23T08:00:02,0.002,1.7
ip_shuffle,20260623T080002_802464,of:000000000000000b:2 -> of:000000000000000c:2,0.002,0.0025,0.002,0.002,2.06,2026-06-23T08:00:02,0.002,2.06
ip_shuffle,20260623T080002_802464,of:0000000000000001:2 -> of:000000000000000c:1,0.002,0.0025,0.002,0.002,1.63,2026-06-23T08:00:02,0.002,1.7
ip_shuffle,20260623T080002_802464,of:0000000000000006:2 -> of:000000000000000a:2,0.002,0.0025,0.002,0.002,2.1,2026-06-23T08:00:02,0.002,2.1
ip_shuffle,20260623T080002_802464,of:0000000000000001:3 -> of:000000000000000d:1,0.003,0.00375,0.003,0.002,3.0,2026-06-23T08:00:02,0.003,3.06
ip_shuffle,20260623T080002_802464,of:0000000000000003:1 -> of:000000000000000b:5,0.002,0.0025,0.002,0.002,1.73,2026-06-23T08:00:02,0.002,1.7
ip_shuffle,20260623T080002_802464,of:0000000000000006:1 -> of:000000000000000d:4,0.002,0.0025,0.002,0.002,1.76,2026-06-23T08:00:02,0.002,1.86
ip_shuffle,20260623T080002_802464,of:0000000000000007:2 -> of:000000000000000a:3,0.002,0.0025,0.002,0.002,2.1,2026-06-23T08:00:02,0.002,2.1
ip_shuffle,20260623T080002_802464,of:0000000000000007:1 -> of:000000000000000d:5,0.003,0.00375,0.003,0.003,3.06,2026-06-23T08:00:02,0.002,2.9
ip_shuffle,20260623T080002_802464,of:0000000000000002:2 -> of:0000000000000008:2,0.002,0.0025,0.002,0.002,2.1,2026-06-23T08:00:02,0.002,2.1
ip_shuffle,20260623T080002_802464,of:0000000000000003:2 -> of:0000000000000008:3,0.002,0.0025,0.002,0.002,2.1,2026-06-23T08:00:02,0.002,2.1
ip_shuffle,20260623T080002_802464,of:0000000000000008:1 -> of:000000000000000b:6,0.002,0.0025,0.002,0.002,1.7,2026-06-23T08:00:02,0.002,1.7
ip_shuffle,20260623T080002_802464,of:0000000000000004:2 -> of:0000000000000009:2,0.002,0.0025,0.002,0.002,2.1,2026-06-23T08:00:02,0.002,2.1
ip_shuffle,20260623T080002_802464,of:0000000000000002:1 -> of:000000000000000b:4,0.002,0.0025,0.002,0.002,1.73,2026-06-23T08:00:02,0.002,1.7
ip_shuffle,20260623T080002_802464,of:0000000000000009:1 -> of:000000000000000c:6,0.002,0.0025,0.002,0.002,1.7,2026-06-23T08:00:02,0.002,1.7
ip_shuffle,20260623T080107_152357,of:0000000000000004:1 -> of:000000000000000c:4,0.002,0.0025,0.002,0.002,2.6,2026-06-23T08:01:07,0.002,2.6
ip_shuffle,20260623T080107_152357,of:0000000000000005:1 -> of:000000000000000c:5,0.002,0.0025,0.002,0.002,2.6,2026-06-23T08:01:07,0.002,2.6
ip_shuffle,20260623T080107_152357,of:000000000000000a:1 -> of:000000000000000d:6,0.002,0.0025,0.002,0.002,1.76,2026-06-23T08:01:07,0.002,1.66
ip_shuffle,20260623T080107_152357,of:000000000000000b:3 -> of:000000000000000d:2,0.002,0.0025,0.002,0.002,2.13,2026-06-23T08:01:07,0.002,2.13
ip_shuffle,20260623T080107_152357,of:000000000000000c:3 -> of:000000000000000d:3,0.002,0.0025,0.002,0.002,2.2,2026-06-23T08:01:07,0.002,2.2
ip_shuffle,20260623T080107_152357,of:0000000000000005:2 -> of:0000000000000009:3,0.002,0.0025,0.002,0.002,2.23,2026-06-23T08:01:07,0.002,2.23
ip_shuffle,20260623T080107_152357,of:0000000000000001:1 -> of:000000000000000b:1,0.002,0.0025,0.002,0.002,2.0,2026-06-23T08:01:07,0.002,1.9
ip_shuffle,20260623T080107_152357,of:000000000000000b:2 -> of:000000000000000c:2,0.002,0.0025,0.002,0.002,2.2,2026-06-23T08:01:07,0.002,2.2
ip_shuffle,20260623T080107_152357,of:0000000000000001:2 -> of:000000000000000c:1,0.003,0.00375,0.003,0.003,3.4,2026-06-23T08:01:07,0.003,3.4
ip_shuffle,20260623T080107_152357,of:0000000000000006:2 -> of:000000000000000a:2,0.002,0.0025,0.002,0.002,2.23,2026-06-23T08:01:07,0.002,2.23
ip_shuffle,20260623T080107_152357,of:0000000000000001:3 -> of:000000000000000d:1,0.002,0.0025,0.002,0.002,2.6,2026-06-23T08:01:07,0.002,2.56
ip_shuffle,20260623T080107_152357,of:0000000000000003:1 -> of:000000000000000b:5,0.002,0.0025,0.002,0.002,1.93,2026-06-23T08:01:07,0.002,2.0
ip_shuffle,20260623T080107_152357,of:0000000000000006:1 -> of:000000000000000d:4,0.002,0.0025,0.002,0.002,2.53,2026-06-23T08:01:07,0.002,2.63
ip_shuffle,20260623T080107_152357,of:0000000000000007:2 -> of:000000000000000a:3,0.002,0.0025,0.002,0.002,2.2,2026-06-23T08:01:07,0.002,2.2
ip_shuffle,20260623T080107_152357,of:0000000000000007:1 -> of:000000000000000d:5,0.002,0.0025,0.002,0.002,1.76,2026-06-23T08:01:07,0.002,1.66
ip_shuffle,20260623T080107_152357,of:0000000000000002:2 -> of:0000000000000008:2,0.002,0.0025,0.002,0.002,2.26,2026-06-23T08:01:07,0.002,2.26
ip_shuffle,20260623T080107_152357,of:0000000000000003:2 -> of:0000000000000008:3,0.002,0.0025,0.002,0.002,2.26,2026-06-23T08:01:07,0.002,2.26
ip_shuffle,20260623T080107_152357,of:0000000000000008:1 -> of:000000000000000b:6,0.002,0.0025,0.002,0.002,1.7,2026-06-23T08:01:07,0.001,1.66
ip_shuffle,20260623T080107_152357,of:0000000000000004:2 -> of:0000000000000009:2,0.002,0.0025,0.002,0.002,2.23,2026-06-23T08:01:07,0.002,2.23
ip_shuffle,20260623T080107_152357,of:0000000000000002:1 -> of:000000000000000b:4,0.002,0.0025,0.002,0.002,1.76,2026-06-23T08:01:07,0.002,1.73
ip_shuffle,20260623T080107_152357,of:0000000000000009:1 -> of:000000000000000c:6,0.002,0.0025,0.002,0.002,1.76,2026-06-23T08:01:07,0.002,1.73
ip_shuffle,20260623T080204_894517,of:0000000000000004:1 -> of:000000000000000c:4,0.001,0.00125,0.001,0.001,1.37,2026-06-23T08:02:04,0.001,1.37
ip_shuffle,20260623T080204_894517,of:0000000000000005:1 -> of:000000000000000c:5,0.001,0.00125,0.001,0.001,1.37,2026-06-23T08:02:04,0.001,1.37
ip_shuffle,20260623T080204_894517,of:000000000000000a:1 -> of:000000000000000d:6,0.001,0.00125,0.001,0.001,1.37,2026-06-23T08:02:04,0.001,1.37
ip_shuffle,20260623T080204_894517,of:000000000000000b:3 -> of:000000000000000d:2,0.001,0.00125,0.001,0.001,1.46,2026-06-23T08:02:04,0.001,1.46
ip_shuffle,20260623T080204_894517,of:000000000000000c:3 -> of:000000000000000d:3,0.001,0.00125,0.001,0.001,1.46,2026-06-23T08:02:04,0.001,1.46
ip_shuffle,20260623T080204_894517,of:0000000000000005:2 -> of:0000000000000009:3,0.001,0.00125,0.001,0.001,1.46,2026-06-23T08:02:04,0.001,1.46
ip_shuffle,20260623T080204_894517,of:0000000000000001:1 -> of:000000000000000b:1,0.002,0.0025,0.002,0.002,2.56,2026-06-23T08:02:04,0.002,2.56
ip_shuffle,20260623T080204_894517,of:000000000000000b:2 -> of:000000000000000c:2,0.002,0.0025,0.002,0.002,1.53,2026-06-23T08:02:04,0.002,1.53
ip_shuffle,20260623T080204_894517,of:0000000000000001:2 -> of:000000000000000c:1,0.001,0.00125,0.001,0.001,1.37,2026-06-23T08:02:04,0.001,1.37
ip_shuffle,20260623T080204_894517,of:0000000000000006:2 -> of:000000000000000a:2,0.002,0.0025,0.002,0.002,1.53,2026-06-23T08:02:04,0.002,1.53
ip_shuffle,20260623T080204_894517,of:0000000000000001:3 -> of:000000000000000d:1,0.001,0.00125,0.001,0.001,1.3,2026-06-23T08:02:04,0.001,1.3
ip_shuffle,20260623T080204_894517,of:0000000000000003:1 -> of:000000000000000b:5,0.002,0.0025,0.002,0.002,1.53,2026-06-23T08:02:04,0.002,1.53
ip_shuffle,20260623T080204_894517,of:0000000000000006:1 -> of:000000000000000d:4,0.001,0.00125,0.001,0.001,1.37,2026-06-23T08:02:04,0.001,1.37
ip_shuffle,20260623T080204_894517,of:0000000000000007:2 -> of:000000000000000a:3,0.002,0.0025,0.002,0.002,1.53,2026-06-23T08:02:04,0.002,1.53
ip_shuffle,20260623T080204_894517,of:0000000000000007:1 -> of:000000000000000d:5,0.001,0.00125,0.001,0.001,1.37,2026-06-23T08:02:04,0.001,1.37
ip_shuffle,20260623T080204_894517,of:0000000000000002:2 -> of:0000000000000008:2,0.001,0.00125,0.001,0.001,1.46,2026-06-23T08:02:04,0.001,1.46
ip_shuffle,20260623T080204_894517,of:0000000000000003:2 -> of:0000000000000008:3,0.001,0.00125,0.001,0.001,1.46,2026-06-23T08:02:04,0.001,1.46
ip_shuffle,20260623T080204_894517,of:0000000000000008:1 -> of:000000000000000b:6,0.002,0.0025,0.002,0.002,1.43,2026-06-23T08:02:04,0.002,1.43
ip_shuffle,20260623T080204_894517,of:0000000000000004:2 -> of:0000000000000009:2,0.001,0.00125,0.001,0.001,1.46,2026-06-23T08:02:04,0.001,1.46
ip_shuffle,20260623T080204_894517,of:0000000000000002:1 -> of:000000000000000b:4,0.002,0.0025,0.002,0.002,2.4,2026-06-23T08:02:04,0.002,2.4
ip_shuffle,20260623T080204_894517,of:0000000000000009:1 -> of:000000000000000c:6,0.002,0.0025,0.002,0.002,1.43,2026-06-23T08:02:04,0.002,1.43
route_mutation,20260623T080302_588243,of:0000000000000004:1 -> of:000000000000000c:4,0.002,0.0025,0.002,0.002,2.03,2026-06-23T08:03:02,0.002,2.06
route_mutation,20260623T080302_588243,of:0000000000000005:1 -> of:000000000000000c:5,0.002,0.0025,0.002,0.002,2.03,2026-06-23T08:03:02,0.002,2.06
route_mutation,20260623T080302_588243,of:000000000000000a:1 -> of:000000000000000d:6,0.002,0.0025,0.002,0.002,2.13,2026-06-23T08:03:02,0.002,2.0
route_mutation,20260623T080302_588243,of:000000000000000b:3 -> of:000000000000000d:2,0.002,0.0025,0.002,0.002,2.8,2026-06-23T08:03:02,0.002,2.8
route_mutation,20260623T080302_588243,of:000000000000000c:3 -> of:000000000000000d:3,0.002,0.0025,0.002,0.002,2.73,2026-06-23T08:03:02,0.002,2.73
route_mutation,20260623T080302_588243,of:0000000000000005:2 -> of:0000000000000009:3,0.002,0.0025,0.002,0.002,2.9,2026-06-23T08:03:02,0.002,2.9
route_mutation,20260623T080302_588243,of:0000000000000001:1 -> of:000000000000000b:1,0.002,0.0025,0.002,0.002,2.13,2026-06-23T08:03:02,0.002,2.06
route_mutation,20260623T080302_588243,of:000000000000000b:2 -> of:000000000000000c:2,0.002,0.0025,0.002,0.002,2.86,2026-06-23T08:03:02,0.002,2.86
route_mutation,20260623T080302_588243,of:0000000000000001:2 -> of:000000000000000c:1,0.002,0.0025,0.002,0.002,2.06,2026-06-23T08:03:02,0.002,2.0
route_mutation,20260623T080302_588243,of:0000000000000006:2 -> of:000000000000000a:2,0.002,0.0025,0.002,0.002,2.9,2026-06-23T08:03:02,0.002,2.9
route_mutation,20260623T080302_588243,of:0000000000000001:3 -> of:000000000000000d:1,0.003,0.00375,0.003,0.003,4.1,2026-06-23T08:03:02,0.003,4.03
route_mutation,20260623T080302_588243,of:0000000000000003:1 -> of:000000000000000b:5,0.002,0.0025,0.002,0.002,2.1,2026-06-23T08:03:02,0.002,2.13
route_mutation,20260623T080302_588243,of:0000000000000006:1 -> of:000000000000000d:4,0.003,0.00375,0.003,0.003,3.33,2026-06-23T08:03:02,0.003,3.23
route_mutation,20260623T080302_588243,of:0000000000000007:2 -> of:000000000000000a:3,0.002,0.0025,0.002,0.002,2.9,2026-06-23T08:03:02,0.002,2.9
route_mutation,20260623T080302_588243,of:0000000000000007:1 -> of:000000000000000d:5,0.003,0.00375,0.003,0.002,3.0,2026-06-23T08:03:02,0.003,3.13
route_mutation,20260623T080302_588243,of:0000000000000002:2 -> of:0000000000000008:2,0.002,0.0025,0.002,0.002,2.9,2026-06-23T08:03:02,0.002,2.9
route_mutation,20260623T080302_588243,of:0000000000000003:2 -> of:0000000000000008:3,0.002,0.0025,0.002,0.002,2.9,2026-06-23T08:03:02,0.002,2.9
route_mutation,20260623T080302_588243,of:0000000000000008:1 -> of:000000000000000b:6,0.002,0.0025,0.002,0.002,2.13,2026-06-23T08:03:02,0.002,2.13
route_mutation,20260623T080302_588243,of:0000000000000004:2 -> of:0000000000000009:2,0.002,0.0025,0.002,0.002,2.9,2026-06-23T08:03:02,0.002,2.9
route_mutation,20260623T080302_588243,of:0000000000000002:1 -> of:000000000000000b:4,0.002,0.0025,0.002,0.002,2.1,2026-06-23T08:03:02,0.002,2.13
route_mutation,20260623T080302_588243,of:0000000000000009:1 -> of:000000000000000c:6,0.002,0.0025,0.002,0.002,2.06,2026-06-23T08:03:02,0.002,2.06
ip_shuffle,20260623T080332_961611,of:0000000000000004:1 -> of:000000000000000c:4,0.001,0.00125,0.001,0.001,1.33,2026-06-23T08:03:32,0.001,1.3
ip_shuffle,20260623T080332_961611,of:0000000000000005:1 -> of:000000000000000c:5,0.001,0.00125,0.001,0.001,1.33,2026-06-23T08:03:32,0.001,1.3
ip_shuffle,20260623T080332_961611,of:000000000000000a:1 -> of:000000000000000d:6,0.002,0.0025,0.002,0.002,1.43,2026-06-23T08:03:32,0.002,1.56
ip_shuffle,20260623T080332_961611,of:000000000000000b:3 -> of:000000000000000d:2,0.002,0.0025,0.002,0.002,1.6,2026-06-23T08:03:32,0.002,1.6
ip_shuffle,20260623T080332_961611,of:000000000000000c:3 -> of:000000000000000d:3,0.002,0.0025,0.002,0.002,1.6,2026-06-23T08:03:32,0.002,1.6
ip_shuffle,20260623T080332_961611,of:0000000000000005:2 -> of:0000000000000009:3,0.001,0.00125,0.001,0.001,1.36,2026-06-23T08:03:32,0.001,1.36
ip_shuffle,20260623T080332_961611,of:0000000000000001:1 -> of:000000000000000b:1,0.001,0.00125,0.001,0.001,1.3,2026-06-23T08:03:32,0.001,1.36
ip_shuffle,20260623T080332_961611,of:000000000000000b:2 -> of:000000000000000c:2,0.002,0.0025,0.002,0.002,1.4,2026-06-23T08:03:32,0.002,1.4
ip_shuffle,20260623T080332_961611,of:0000000000000001:2 -> of:000000000000000c:1,0.001,0.00125,0.001,0.001,1.3,2026-06-23T08:03:32,0.001,1.36
ip_shuffle,20260623T080332_961611,of:0000000000000006:2 -> of:000000000000000a:2,0.002,0.0025,0.002,0.002,1.43,2026-06-23T08:03:32,0.002,1.43
ip_shuffle,20260623T080332_961611,of:0000000000000001:3 -> of:000000000000000d:1,0.002,0.0025,0.002,0.002,1.9,2026-06-23T08:03:32,0.002,1.96
ip_shuffle,20260623T080332_961611,of:0000000000000003:1 -> of:000000000000000b:5,0.001,0.00125,0.001,0.001,1.33,2026-06-23T08:03:32,0.001,1.3
ip_shuffle,20260623T080332_961611,of:0000000000000006:1 -> of:000000000000000d:4,0.002,0.0025,0.002,0.002,1.53,2026-06-23T08:03:32,0.002,1.63
ip_shuffle,20260623T080332_961611,of:0000000000000007:2 -> of:000000000000000a:3,0.002,0.0025,0.002,0.002,1.43,2026-06-23T08:03:32,0.002,1.43
ip_shuffle,20260623T080332_961611,of:0000000000000007:1 -> of:000000000000000d:5,0.002,0.0025,0.002,0.002,2.03,2026-06-23T08:03:32,0.002,1.9
ip_shuffle,20260623T080332_961611,of:0000000000000002:2 -> of:0000000000000008:2,0.001,0.00125,0.001,0.001,1.36,2026-06-23T08:03:32,0.001,1.36
ip_shuffle,20260623T080332_961611,of:0000000000000003:2 -> of:0000000000000008:3,0.001,0.00125,0.001,0.001,1.36,2026-06-23T08:03:32,0.001,1.36
ip_shuffle,20260623T080332_961611,of:0000000000000008:1 -> of:000000000000000b:6,0.001,0.00125,0.001,0.001,1.36,2026-06-23T08:03:32,0.001,1.36
ip_shuffle,20260623T080332_961611,of:0000000000000004:2 -> of:0000000000000009:2,0.001,0.00125,0.001,0.001,1.36,2026-06-23T08:03:32,0.001,1.36
ip_shuffle,20260623T080332_961611,of:0000000000000002:1 -> of:000000000000000b:4,0.001,0.00125,0.001,0.001,1.33,2026-06-23T08:03:32,0.001,1.3
ip_shuffle,20260623T080332_961611,of:0000000000000009:1 -> of:000000000000000c:6,0.001,0.00125,0.001,0.001,1.36,2026-06-23T08:03:32,0.001,1.36
route_mutation,20260623T080430_555179,of:0000000000000004:1 -> of:000000000000000c:4,0.002,0.0025,0.002,0.002,1.96,2026-06-23T08:04:30,0.002,1.96
route_mutation,20260623T080430_555179,of:0000000000000005:1 -> of:000000000000000c:5,0.002,0.0025,0.002,0.002,2.63,2026-06-23T08:04:30,0.002,2.63
route_mutation,20260623T080430_555179,of:000000000000000a:1 -> of:000000000000000d:6,0.002,0.0025,0.002,0.002,1.96,2026-06-23T08:04:30,0.002,1.96
route_mutation,20260623T080430_555179,of:000000000000000b:3 -> of:000000000000000d:2,0.002,0.0025,0.002,0.002,2.66,2026-06-23T08:04:30,0.002,2.66
route_mutation,20260623T080430_555179,of:000000000000000c:3 -> of:000000000000000d:3,0.002,0.0025,0.002,0.002,2.6,2026-06-23T08:04:30,0.002,2.6
route_mutation,20260623T080430_555179,of:0000000000000005:2 -> of:0000000000000009:3,0.002,0.0025,0.002,0.002,2.73,2026-06-23T08:04:30,0.002,2.73
route_mutation,20260623T080430_555179,of:0000000000000001:1 -> of:000000000000000b:1,0.002,0.0025,0.002,0.002,2.03,2026-06-23T08:04:30,0.002,2.0
route_mutation,20260623T080430_555179,of:000000000000000b:2 -> of:000000000000000c:2,0.002,0.0025,0.002,0.002,2.66,2026-06-23T08:04:30,0.002,2.66
route_mutation,20260623T080430_555179,of:0000000000000001:2 -> of:000000000000000c:1,0.002,0.0025,0.002,0.002,2.63,2026-06-23T08:04:30,0.002,2.6
route_mutation,20260623T080430_555179,of:0000000000000006:2 -> of:000000000000000a:2,0.002,0.0025,0.002,0.002,2.73,2026-06-23T08:04:30,0.002,2.73
route_mutation,20260623T080430_555179,of:0000000000000001:3 -> of:000000000000000d:1,0.003,0.00375,0.003,0.003,3.83,2026-06-23T08:04:30,0.003,3.93
route_mutation,20260623T080430_555179,of:0000000000000003:1 -> of:000000000000000b:5,0.002,0.0025,0.002,0.002,2.0,2026-06-23T08:04:30,0.002,2.03
route_mutation,20260623T080430_555179,of:0000000000000006:1 -> of:000000000000000d:4,0.003,0.00375,0.003,0.003,3.3,2026-06-23T08:04:30,0.003,3.3
route_mutation,20260623T080430_555179,of:0000000000000007:2 -> of:000000000000000a:3,0.002,0.0025,0.002,0.002,2.73,2026-06-23T08:04:30,0.002,2.73
route_mutation,20260623T080430_555179,of:0000000000000007:1 -> of:000000000000000d:5,0.002,0.0025,0.002,0.002,2.66,2026-06-23T08:04:30,0.002,2.6
route_mutation,20260623T080430_555179,of:0000000000000002:2 -> of:0000000000000008:2,0.002,0.0025,0.002,0.002,2.7,2026-06-23T08:04:30,0.002,2.7
route_mutation,20260623T080430_555179,of:0000000000000003:2 -> of:0000000000000008:3,0.002,0.0025,0.002,0.002,2.7,2026-06-23T08:04:30,0.002,2.7
route_mutation,20260623T080430_555179,of:0000000000000008:1 -> of:000000000000000b:6,0.002,0.0025,0.002,0.002,2.03,2026-06-23T08:04:30,0.002,2.03
route_mutation,20260623T080430_555179,of:0000000000000004:2 -> of:0000000000000009:2,0.002,0.0025,0.002,0.002,2.73,2026-06-23T08:04:30,0.002,2.73
route_mutation,20260623T080430_555179,of:0000000000000002:1 -> of:000000000000000b:4,0.002,0.0025,0.002,0.002,2.0,2026-06-23T08:04:30,0.002,2.03
route_mutation,20260623T080430_555179,of:0000000000000009:1 -> of:000000000000000c:6,0.002,0.0025,0.002,0.002,1.96,2026-06-23T08:04:30,0.002,1.96
route_mutation,20260623T080500_750323,of:0000000000000004:1 -> of:000000000000000c:4,0.001,0.00125,0.001,0.001,1.46,2026-06-23T08:05:00,0.001,1.46
route_mutation,20260623T080500_750323,of:0000000000000005:1 -> of:000000000000000c:5,0.001,0.00125,0.001,0.001,1.46,2026-06-23T08:05:00,0.001,1.46
route_mutation,20260623T080500_750323,of:000000000000000a:1 -> of:000000000000000d:6,0.002,0.0025,0.002,0.002,1.53,2026-06-23T08:05:00,0.002,1.53
route_mutation,20260623T080500_750323,of:000000000000000b:3 -> of:000000000000000d:2,0.002,0.0025,0.002,0.002,1.73,2026-06-23T08:05:00,0.002,1.73
route_mutation,20260623T080500_750323,of:000000000000000c:3 -> of:000000000000000d:3,0.002,0.0025,0.002,0.002,1.73,2026-06-23T08:05:00,0.002,1.73
route_mutation,20260623T080500_750323,of:0000000000000005:2 -> of:0000000000000009:3,0.002,0.0025,0.002,0.002,1.66,2026-06-23T08:05:00,0.002,1.66
route_mutation,20260623T080500_750323,of:0000000000000001:1 -> of:000000000000000b:1,0.001,0.00125,0.001,0.001,1.46,2026-06-23T08:05:00,0.001,1.5
route_mutation,20260623T080500_750323,of:000000000000000b:2 -> of:000000000000000c:2,0.002,0.0025,0.002,0.002,1.73,2026-06-23T08:05:00,0.002,1.73
route_mutation,20260623T080500_750323,of:0000000000000001:2 -> of:000000000000000c:1,0.001,0.00125,0.001,0.001,1.46,2026-06-23T08:05:00,0.001,1.5
route_mutation,20260623T080500_750323,of:0000000000000006:2 -> of:000000000000000a:2,0.002,0.0025,0.002,0.002,1.73,2026-06-23T08:05:00,0.002,1.73
route_mutation,20260623T080500_750323,of:0000000000000001:3 -> of:000000000000000d:1,0.002,0.0025,0.002,0.002,2.3,2026-06-23T08:05:00,0.002,2.2
route_mutation,20260623T080500_750323,of:0000000000000003:1 -> of:000000000000000b:5,0.001,0.00125,0.001,0.001,1.5,2026-06-23T08:05:00,0.001,1.46
route_mutation,20260623T080500_750323,of:0000000000000006:1 -> of:000000000000000d:4,0.002,0.0025,0.002,0.002,1.7,2026-06-23T08:05:00,0.002,1.7
route_mutation,20260623T080500_750323,of:0000000000000007:2 -> of:000000000000000a:3,0.002,0.0025,0.002,0.002,1.73,2026-06-23T08:05:00,0.002,1.73
route_mutation,20260623T080500_750323,of:0000000000000007:1 -> of:000000000000000d:5,0.002,0.0025,0.002,0.002,2.3,2026-06-23T08:05:00,0.002,2.36
route_mutation,20260623T080500_750323,of:0000000000000002:2 -> of:0000000000000008:2,0.002,0.0025,0.002,0.002,1.7,2026-06-23T08:05:00,0.002,1.7
route_mutation,20260623T080500_750323,of:0000000000000003:2 -> of:0000000000000008:3,0.002,0.0025,0.002,0.002,1.7,2026-06-23T08:05:00,0.002,1.7
route_mutation,20260623T080500_750323,of:0000000000000008:1 -> of:000000000000000b:6,0.002,0.0025,0.002,0.002,1.53,2026-06-23T08:05:00,0.002,1.53
route_mutation,20260623T080500_750323,of:0000000000000004:2 -> of:0000000000000009:2,0.002,0.0025,0.002,0.002,1.66,2026-06-23T08:05:00,0.002,1.66
route_mutation,20260623T080500_750323,of:0000000000000002:1 -> of:000000000000000b:4,0.001,0.00125,0.001,0.001,1.5,2026-06-23T08:05:00,0.001,1.46
route_mutation,20260623T080500_750323,of:0000000000000009:1 -> of:000000000000000c:6,0.002,0.0025,0.002,0.002,1.53,2026-06-23T08:05:00,0.002,1.53
ip_shuffle,20260623T080531_086417,of:0000000000000004:1 -> of:000000000000000c:4,0.002,0.0025,0.002,0.002,1.8,2026-06-23T08:05:31,0.002,1.8
ip_shuffle,20260623T080531_086417,of:0000000000000005:1 -> of:000000000000000c:5,0.002,0.0025,0.002,0.002,1.53,2026-06-23T08:05:31,0.002,1.53
ip_shuffle,20260623T080531_086417,of:000000000000000a:1 -> of:000000000000000d:6,0.001,0.00125,0.001,0.001,1.46,2026-06-23T08:05:31,0.001,1.46
ip_shuffle,20260623T080531_086417,of:000000000000000b:3 -> of:000000000000000d:2,0.002,0.0025,0.002,0.002,1.66,2026-06-23T08:05:31,0.002,1.66
ip_shuffle,20260623T080531_086417,of:000000000000000c:3 -> of:000000000000000d:3,0.002,0.0025,0.002,0.002,1.73,2026-06-23T08:05:31,0.002,1.73
ip_shuffle,20260623T080531_086417,of:0000000000000005:2 -> of:0000000000000009:3,0.002,0.0025,0.002,0.002,1.66,2026-06-23T08:05:31,0.002,1.66
ip_shuffle,20260623T080531_086417,of:0000000000000001:1 -> of:000000000000000b:1,0.003,0.00375,0.003,0.003,3.46,2026-06-23T08:05:31,0.003,3.46
ip_shuffle,20260623T080531_086417,of:000000000000000b:2 -> of:000000000000000c:2,0.002,0.0025,0.002,0.002,1.66,2026-06-23T08:05:31,0.002,1.66
ip_shuffle,20260623T080531_086417,of:0000000000000001:2 -> of:000000000000000c:1,0.002,0.0025,0.002,0.002,1.73,2026-06-23T08:05:31,0.002,1.73
ip_shuffle,20260623T080531_086417,of:0000000000000006:2 -> of:000000000000000a:2,0.001,0.00125,0.001,0.001,1.6,2026-06-23T08:05:31,0.001,1.6
ip_shuffle,20260623T080531_086417,of:0000000000000001:3 -> of:000000000000000d:1,0.002,0.0025,0.002,0.002,1.53,2026-06-23T08:05:31,0.002,1.53
ip_shuffle,20260623T080531_086417,of:0000000000000003:1 -> of:000000000000000b:5,0.002,0.0025,0.002,0.002,2.43,2026-06-23T08:05:31,0.002,2.43
ip_shuffle,20260623T080531_086417,of:0000000000000006:1 -> of:000000000000000d:4,0.001,0.00125,0.001,0.001,1.46,2026-06-23T08:05:31,0.001,1.46
ip_shuffle,20260623T080531_086417,of:0000000000000007:2 -> of:000000000000000a:3,0.001,0.00125,0.001,0.001,1.6,2026-06-23T08:05:31,0.001,1.6
ip_shuffle,20260623T080531_086417,of:0000000000000007:1 -> of:000000000000000d:5,0.001,0.00125,0.001,0.001,1.46,2026-06-23T08:05:31,0.001,1.46
ip_shuffle,20260623T080531_086417,of:0000000000000002:2 -> of:0000000000000008:2,0.002,0.0025,0.002,0.002,1.66,2026-06-23T08:05:31,0.002,1.66
ip_shuffle,20260623T080531_086417,of:0000000000000003:2 -> of:0000000000000008:3,0.002,0.0025,0.002,0.002,1.66,2026-06-23T08:05:31,0.002,1.66
ip_shuffle,20260623T080531_086417,of:0000000000000008:1 -> of:000000000000000b:6,0.001,0.00125,0.001,0.001,1.4,2026-06-23T08:05:31,0.001,1.4
ip_shuffle,20260623T080531_086417,of:0000000000000004:2 -> of:0000000000000009:2,0.002,0.0025,0.002,0.002,1.66,2026-06-23T08:05:31,0.002,1.66
ip_shuffle,20260623T080531_086417,of:0000000000000002:1 -> of:000000000000000b:4,0.002,0.0025,0.002,0.002,2.5,2026-06-23T08:05:31,0.002,2.5
ip_shuffle,20260623T080531_086417,of:0000000000000009:1 -> of:000000000000000c:6,0.001,0.00125,0.001,0.001,1.46,2026-06-23T08:05:31,0.001,1.46
ip_shuffle,20260623T080635_038742,of:0000000000000004:1 -> of:000000000000000c:4,0.002,0.0025,0.002,0.002,1.76,2026-06-23T08:06:35,0.002,1.7
ip_shuffle,20260623T080635_038742,of:0000000000000005:1 -> of:000000000000000c:5,0.002,0.0025,0.002,0.002,1.76,2026-06-23T08:06:35,0.002,1.7
ip_shuffle,20260623T080635_038742,of:000000000000000a:1 -> of:000000000000000d:6,0.002,0.0025,0.002,0.002,1.8,2026-06-23T08:06:35,0.002,1.76
ip_shuffle,20260623T080635_038742,of:000000000000000b:3 -> of:000000000000000d:2,0.002,0.0025,0.002,0.002,2.23,2026-06-23T08:06:35,0.002,2.23
ip_shuffle,20260623T080635_038742,of:000000000000000c:3 -> of:000000000000000d:3,0.002,0.0025,0.002,0.002,2.2,2026-06-23T08:06:35,0.002,2.2
ip_shuffle,20260623T080635_038742,of:0000000000000005:2 -> of:0000000000000009:3,0.002,0.0025,0.002,0.002,2.26,2026-06-23T08:06:35,0.002,2.26
ip_shuffle,20260623T080635_038742,of:0000000000000001:1 -> of:000000000000000b:1,0.002,0.0025,0.002,0.002,1.73,2026-06-23T08:06:35,0.002,1.76
ip_shuffle,20260623T080635_038742,of:000000000000000b:2 -> of:000000000000000c:2,0.002,0.0025,0.002,0.002,2.23,2026-06-23T08:06:35,0.002,2.23
ip_shuffle,20260623T080635_038742,of:0000000000000001:2 -> of:000000000000000c:1,0.002,0.0025,0.002,0.002,1.7,2026-06-23T08:06:35,0.002,1.76
ip_shuffle,20260623T080635_038742,of:0000000000000006:2 -> of:000000000000000a:2,0.002,0.0025,0.002,0.002,2.26,2026-06-23T08:06:35,0.002,2.26
ip_shuffle,20260623T080635_038742,of:0000000000000001:3 -> of:000000000000000d:1,0.003,0.00375,0.003,0.003,3.06,2026-06-23T08:06:35,0.002,3.0
ip_shuffle,20260623T080635_038742,of:0000000000000003:1 -> of:000000000000000b:5,0.002,0.0025,0.002,0.002,1.76,2026-06-23T08:06:35,0.002,1.73
ip_shuffle,20260623T080635_038742,of:0000000000000006:1 -> of:000000000000000d:4,0.002,0.0025,0.002,0.002,1.86,2026-06-23T08:06:35,0.002,1.83
ip_shuffle,20260623T080635_038742,of:0000000000000007:2 -> of:000000000000000a:3,0.002,0.0025,0.002,0.002,2.26,2026-06-23T08:06:35,0.002,2.26
ip_shuffle,20260623T080635_038742,of:0000000000000007:1 -> of:000000000000000d:5,0.002,0.0025,0.002,0.002,2.93,2026-06-23T08:06:35,0.002,2.96
ip_shuffle,20260623T080635_038742,of:0000000000000002:2 -> of:0000000000000008:2,0.002,0.0025,0.002,0.002,2.23,2026-06-23T08:06:35,0.002,2.23
ip_shuffle,20260623T080635_038742,of:0000000000000003:2 -> of:0000000000000008:3,0.002,0.0025,0.002,0.002,2.23,2026-06-23T08:06:35,0.002,2.23
ip_shuffle,20260623T080635_038742,of:0000000000000008:1 -> of:000000000000000b:6,0.002,0.0025,0.002,0.002,1.8,2026-06-23T08:06:35,0.002,1.8
ip_shuffle,20260623T080635_038742,of:0000000000000004:2 -> of:0000000000000009:2,0.002,0.0025,0.002,0.002,2.23,2026-06-23T08:06:35,0.002,2.23
ip_shuffle,20260623T080635_038742,of:0000000000000002:1 -> of:000000000000000b:4,0.002,0.0025,0.002,0.002,1.76,2026-06-23T08:06:35,0.002,1.73
ip_shuffle,20260623T080635_038742,of:0000000000000009:1 -> of:000000000000000c:6,0.002,0.0025,0.002,0.002,1.8,2026-06-23T08:06:35,0.002,1.76
ip_shuffle,20260623T080732_721692,of:0000000000000004:1 -> of:000000000000000c:4,0.002,0.0025,0.002,0.002,2.46,2026-06-23T08:07:32,0.002,2.53
ip_shuffle,20260623T080732_721692,of:0000000000000005:1 -> of:000000000000000c:5,0.002,0.0025,0.002,0.002,2.46,2026-06-23T08:07:32,0.002,2.53
ip_shuffle,20260623T080732_721692,of:000000000000000a:1 -> of:000000000000000d:6,0.002,0.0025,0.002,0.002,1.7,2026-06-23T08:07:32,0.002,1.73
ip_shuffle,20260623T080732_721692,of:000000000000000b:3 -> of:000000000000000d:2,0.002,0.0025,0.002,0.002,2.1,2026-06-23T08:07:32,0.002,2.1
ip_shuffle,20260623T080732_721692,of:000000000000000c:3 -> of:000000000000000d:3,0.002,0.0025,0.002,0.002,2.13,2026-06-23T08:07:32,0.002,2.13
ip_shuffle,20260623T080732_721692,of:0000000000000005:2 -> of:0000000000000009:3,0.002,0.0025,0.002,0.002,2.16,2026-06-23T08:07:32,0.002,2.16
ip_shuffle,20260623T080732_721692,of:0000000000000001:1 -> of:000000000000000b:1,0.002,0.0025,0.002,0.002,2.23,2026-06-23T08:07:32,0.002,2.16
ip_shuffle,20260623T080732_721692,of:000000000000000b:2 -> of:000000000000000c:2,0.002,0.0025,0.002,0.002,2.1,2026-06-23T08:07:32,0.002,2.1
ip_shuffle,20260623T080732_721692,of:0000000000000001:2 -> of:000000000000000c:1,0.003,0.00375,0.003,0.003,3.33,2026-06-23T08:07:32,0.003,3.26
ip_shuffle,20260623T080732_721692,of:0000000000000006:2 -> of:000000000000000a:2,0.002,0.0025,0.002,0.002,2.2,2026-06-23T08:07:32,0.002,2.2
ip_shuffle,20260623T080732_721692,of:0000000000000001:3 -> of:000000000000000d:1,0.002,0.0025,0.002,0.002,2.43,2026-06-23T08:07:32,0.002,2.46
ip_shuffle,20260623T080732_721692,of:0000000000000003:1 -> of:000000000000000b:5,0.002,0.0025,0.002,0.002,2.16,2026-06-23T08:07:32,0.002,2.2
ip_shuffle,20260623T080732_721692,of:0000000000000006:1 -> of:000000000000000d:4,0.002,0.0025,0.002,0.002,2.56,2026-06-23T08:07:32,0.002,2.53
ip_shuffle,20260623T080732_721692,of:0000000000000007:2 -> of:000000000000000a:3,0.002,0.0025,0.002,0.002,2.2,2026-06-23T08:07:32,0.002,2.2
ip_shuffle,20260623T080732_721692,of:0000000000000007:1 -> of:000000000000000d:5,0.002,0.0025,0.002,0.002,1.7,2026-06-23T08:07:32,0.002,1.73
ip_shuffle,20260623T080732_721692,of:0000000000000002:2 -> of:0000000000000008:2,0.002,0.0025,0.002,0.002,2.16,2026-06-23T08:07:32,0.002,2.16
ip_shuffle,20260623T080732_721692,of:0000000000000003:2 -> of:0000000000000008:3,0.002,0.0025,0.002,0.002,2.16,2026-06-23T08:07:32,0.002,2.16
ip_shuffle,20260623T080732_721692,of:0000000000000008:1 -> of:000000000000000b:6,0.002,0.0025,0.002,0.002,1.7,2026-06-23T08:07:32,0.002,1.7
ip_shuffle,20260623T080732_721692,of:0000000000000004:2 -> of:0000000000000009:2,0.002,0.0025,0.002,0.002,2.16,2026-06-23T08:07:32,0.002,2.16
ip_shuffle,20260623T080732_721692,of:0000000000000002:1 -> of:000000000000000b:4,0.002,0.0025,0.002,0.002,1.66,2026-06-23T08:07:32,0.002,1.7
ip_shuffle,20260623T080732_721692,of:0000000000000009:1 -> of:000000000000000c:6,0.002,0.0025,0.002,0.002,1.7,2026-06-23T08:07:32,0.002,1.73
ip_shuffle,20260623T080830_504683,of:0000000000000004:1 -> of:000000000000000c:4,0.001,0.00125,0.001,0.001,1.37,2026-06-23T08:08:30,0.001,1.37
ip_shuffle,20260623T080830_504683,of:0000000000000005:1 -> of:000000000000000c:5,0.001,0.00125,0.001,0.001,1.37,2026-06-23T08:08:30,0.001,1.37
ip_shuffle,20260623T080830_504683,of:000000000000000a:1 -> of:000000000000000d:6,0.002,0.0025,0.002,0.002,1.43,2026-06-23T08:08:30,0.002,1.43
ip_shuffle,20260623T080830_504683,of:000000000000000b:3 -> of:000000000000000d:2,0.002,0.0025,0.002,0.002,1.53,2026-06-23T08:08:30,0.002,1.53
ip_shuffle,20260623T080830_504683,of:000000000000000c:3 -> of:000000000000000d:3,0.002,0.0025,0.002,0.002,1.53,2026-06-23T08:08:30,0.002,1.53
ip_shuffle,20260623T080830_504683,of:0000000000000005:2 -> of:0000000000000009:3,0.001,0.00125,0.001,0.001,1.4,2026-06-23T08:08:30,0.001,1.4
ip_shuffle,20260623T080830_504683,of:0000000000000001:1 -> of:000000000000000b:1,0.002,0.0025,0.002,0.002,2.03,2026-06-23T08:08:30,0.002,2.03
ip_shuffle,20260623T080830_504683,of:000000000000000b:2 -> of:000000000000000c:2,0.002,0.0025,0.002,0.002,1.53,2026-06-23T08:08:30,0.002,1.53
ip_shuffle,20260623T080830_504683,of:0000000000000001:2 -> of:000000000000000c:1,0.002,0.0025,0.002,0.002,1.43,2026-06-23T08:08:30,0.002,1.43
ip_shuffle,20260623T080830_504683,of:0000000000000006:2 -> of:000000000000000a:2,0.001,0.00125,0.001,0.001,1.47,2026-06-23T08:08:30,0.001,1.47
ip_shuffle,20260623T080830_504683,of:0000000000000001:3 -> of:000000000000000d:1,0.002,0.0025,0.002,0.002,1.43,2026-06-23T08:08:30,0.002,1.43
ip_shuffle,20260623T080830_504683,of:0000000000000003:1 -> of:000000000000000b:5,0.002,0.0025,0.002,0.002,1.43,2026-06-23T08:08:30,0.002,1.43
ip_shuffle,20260623T080830_504683,of:0000000000000006:1 -> of:000000000000000d:4,0.001,0.00125,0.001,0.001,1.37,2026-06-23T08:08:30,0.001,1.37
ip_shuffle,20260623T080830_504683,of:0000000000000007:2 -> of:000000000000000a:3,0.001,0.00125,0.001,0.001,1.47,2026-06-23T08:08:30,0.001,1.47
ip_shuffle,20260623T080830_504683,of:0000000000000007:1 -> of:000000000000000d:5,0.001,0.00125,0.001,0.001,1.37,2026-06-23T08:08:30,0.001,1.37
ip_shuffle,20260623T080830_504683,of:0000000000000002:2 -> of:0000000000000008:2,0.001,0.00125,0.001,0.001,1.47,2026-06-23T08:08:30,0.001,1.47
ip_shuffle,20260623T080830_504683,of:0000000000000003:2 -> of:0000000000000008:3,0.001,0.00125,0.001,0.001,1.47,2026-06-23T08:08:30,0.001,1.47
ip_shuffle,20260623T080830_504683,of:0000000000000008:1 -> of:000000000000000b:6,0.001,0.00125,0.001,0.001,1.37,2026-06-23T08:08:30,0.001,1.37
ip_shuffle,20260623T080830_504683,of:0000000000000004:2 -> of:0000000000000009:2,0.001,0.00125,0.001,0.001,1.4,2026-06-23T08:08:30,0.001,1.4
ip_shuffle,20260623T080830_504683,of:0000000000000002:1 -> of:000000000000000b:4,0.002,0.0025,0.002,0.002,2.03,2026-06-23T08:08:30,0.002,2.03
ip_shuffle,20260623T080830_504683,of:0000000000000009:1 -> of:000000000000000c:6,0.001,0.00125,0.001,0.001,1.37,2026-06-23T08:08:30,0.001,1.37
ip_shuffle,20260623T080941_201498,of:0000000000000004:1 -> of:000000000000000c:4,0.002,0.0025,0.002,0.002,2.23,2026-06-23T08:09:41,0.002,2.23
ip_shuffle,20260623T080941_201498,of:0000000000000005:1 -> of:000000000000000c:5,0.002,0.0025,0.002,0.002,2.23,2026-06-23T08:09:41,0.002,2.23
ip_shuffle,20260623T080941_201498,of:000000000000000a:1 -> of:000000000000000d:6,0.002,0.0025,0.002,0.002,2.23,2026-06-23T08:09:41,0.002,2.23
ip_shuffle,20260623T080941_201498,of:000000000000000b:3 -> of:000000000000000d:2,0.002,0.0025,0.002,0.002,3.13,2026-06-23T08:09:41,0.002,3.13
ip_shuffle,20260623T080941_201498,of:000000000000000c:3 -> of:000000000000000d:3,0.002,0.0025,0.002,0.002,3.13,2026-06-23T08:09:41,0.002,3.13
ip_shuffle,20260623T080941_201498,of:0000000000000005:2 -> of:0000000000000009:3,0.002,0.0025,0.002,0.002,3.13,2026-06-23T08:09:41,0.002,3.13
ip_shuffle,20260623T080941_201498,of:0000000000000001:1 -> of:000000000000000b:1,0.002,0.0025,0.002,0.002,2.16,2026-06-23T08:09:41,0.002,2.16
ip_shuffle,20260623T080941_201498,of:000000000000000b:2 -> of:000000000000000c:2,0.002,0.0025,0.002,0.002,3.13,2026-06-23T08:09:41,0.002,3.13
ip_shuffle,20260623T080941_201498,of:0000000000000001:2 -> of:000000000000000c:1,0.002,0.0025,0.002,0.002,2.16,2026-06-23T08:09:41,0.002,2.16
ip_shuffle,20260623T080941_201498,of:0000000000000006:2 -> of:000000000000000a:2,0.002,0.0025,0.002,0.002,3.13,2026-06-23T08:09:41,0.002,3.13
ip_shuffle,20260623T080941_201498,of:0000000000000001:3 -> of:000000000000000d:1,0.003,0.00375,0.003,0.003,4.16,2026-06-23T08:09:41,0.003,4.16
ip_shuffle,20260623T080941_201498,of:0000000000000003:1 -> of:000000000000000b:5,0.002,0.0025,0.002,0.002,2.16,2026-06-23T08:09:41,0.002,2.16
ip_shuffle,20260623T080941_201498,of:0000000000000006:1 -> of:000000000000000d:4,0.003,0.00375,0.003,0.003,3.2,2026-06-23T08:09:41,0.003,3.26
ip_shuffle,20260623T080941_201498,of:0000000000000007:2 -> of:000000000000000a:3,0.002,0.0025,0.002,0.002,3.13,2026-06-23T08:09:41,0.002,3.13
ip_shuffle,20260623T080941_201498,of:0000000000000007:1 -> of:000000000000000d:5,0.003,0.00375,0.003,0.003,3.3,2026-06-23T08:09:41,0.003,3.23
ip_shuffle,20260623T080941_201498,of:0000000000000002:2 -> of:0000000000000008:2,0.002,0.0025,0.002,0.002,3.06,2026-06-23T08:09:41,0.002,3.06
ip_shuffle,20260623T080941_201498,of:0000000000000003:2 -> of:0000000000000008:3,0.002,0.0025,0.002,0.002,3.06,2026-06-23T08:09:41,0.002,3.06
ip_shuffle,20260623T080941_201498,of:0000000000000008:1 -> of:000000000000000b:6,0.002,0.0025,0.002,0.002,2.23,2026-06-23T08:09:41,0.002,2.23
ip_shuffle,20260623T080941_201498,of:0000000000000004:2 -> of:0000000000000009:2,0.002,0.0025,0.002,0.002,3.13,2026-06-23T08:09:41,0.002,3.13
ip_shuffle,20260623T080941_201498,of:0000000000000002:1 -> of:000000000000000b:4,0.002,0.0025,0.002,0.002,2.16,2026-06-23T08:09:41,0.002,2.16
ip_shuffle,20260623T080941_201498,of:0000000000000009:1 -> of:000000000000000c:6,0.002,0.0025,0.002,0.002,2.23,2026-06-23T08:09:41,0.002,2.23
ip_shuffle,20260623T081038_840268,of:0000000000000004:1 -> of:000000000000000c:4,0.002,0.0025,0.002,0.002,2.23,2026-06-23T08:10:38,0.002,2.23
ip_shuffle,20260623T081038_840268,of:0000000000000005:1 -> of:000000000000000c:5,0.002,0.0025,0.002,0.002,1.5,2026-06-23T08:10:38,0.002,1.53
ip_shuffle,20260623T081038_840268,of:000000000000000a:1 -> of:000000000000000d:6,0.001,0.00125,0.001,0.001,1.4,2026-06-23T08:10:38,0.001,1.4
ip_shuffle,20260623T081038_840268,of:000000000000000b:3 -> of:000000000000000d:2,0.001,0.00125,0.001,0.001,1.6,2026-06-23T08:10:38,0.001,1.6
ip_shuffle,20260623T081038_840268,of:000000000000000c:3 -> of:000000000000000d:3,0.001,0.00125,0.001,0.001,1.6,2026-06-23T08:10:38,0.001,1.6
ip_shuffle,20260623T081038_840268,of:0000000000000005:2 -> of:0000000000000009:3,0.002,0.0025,0.002,0.002,1.66,2026-06-23T08:10:38,0.002,1.66
ip_shuffle,20260623T081038_840268,of:0000000000000001:1 -> of:000000000000000b:1,0.003,0.00375,0.003,0.003,3.53,2026-06-23T08:10:38,0.003,3.53
ip_shuffle,20260623T081038_840268,of:000000000000000b:2 -> of:000000000000000c:2,0.001,0.00125,0.001,0.001,1.6,2026-06-23T08:10:38,0.001,1.6
ip_shuffle,20260623T081038_840268,of:0000000000000001:2 -> of:000000000000000c:1,0.002,0.0025,0.002,0.002,2.3,2026-06-23T08:10:38,0.002,2.26
ip_shuffle,20260623T081038_840268,of:0000000000000006:2 -> of:000000000000000a:2,0.002,0.0025,0.002,0.002,1.66,2026-06-23T08:10:38,0.002,1.66
ip_shuffle,20260623T081038_840268,of:0000000000000001:3 -> of:000000000000000d:1,0.001,0.00125,0.001,0.001,1.46,2026-06-23T08:10:38,0.001,1.46
ip_shuffle,20260623T081038_840268,of:0000000000000003:1 -> of:000000000000000b:5,0.002,0.0025,0.002,0.002,2.5,2026-06-23T08:10:38,0.002,2.5
ip_shuffle,20260623T081038_840268,of:0000000000000006:1 -> of:000000000000000d:4,0.001,0.00125,0.001,0.001,1.46,2026-06-23T08:10:38,0.001,1.46
ip_shuffle,20260623T081038_840268,of:0000000000000007:2 -> of:000000000000000a:3,0.002,0.0025,0.002,0.002,1.66,2026-06-23T08:10:38,0.002,1.66
ip_shuffle,20260623T081038_840268,of:0000000000000007:1 -> of:000000000000000d:5,0.001,0.00125,0.001,0.001,1.46,2026-06-23T08:10:38,0.001,1.46
ip_shuffle,20260623T081038_840268,of:0000000000000002:2 -> of:0000000000000008:2,0.002,0.0025,0.002,0.002,1.73,2026-06-23T08:10:38,0.002,1.73
ip_shuffle,20260623T081038_840268,of:0000000000000003:2 -> of:0000000000000008:3,0.002,0.0025,0.002,0.002,1.73,2026-06-23T08:10:38,0.002,1.73
ip_shuffle,20260623T081038_840268,of:0000000000000008:1 -> of:000000000000000b:6,0.001,0.00125,0.001,0.001,1.46,2026-06-23T08:10:38,0.001,1.46
ip_shuffle,20260623T081038_840268,of:0000000000000004:2 -> of:0000000000000009:2,0.002,0.0025,0.002,0.002,1.66,2026-06-23T08:10:38,0.002,1.66
ip_shuffle,20260623T081038_840268,of:0000000000000002:1 -> of:000000000000000b:4,0.002,0.0025,0.002,0.002,2.5,2026-06-23T08:10:38,0.002,2.5
ip_shuffle,20260623T081038_840268,of:0000000000000009:1 -> of:000000000000000c:6,0.001,0.00125,0.001,0.001,1.4,2026-06-23T08:10:38,0.001,1.4
route_mutation,20260623T081136_440956,of:0000000000000004:1 -> of:000000000000000c:4,0.002,0.0025,0.002,0.002,1.66,2026-06-23T08:11:36,0.002,1.63
route_mutation,20260623T081136_440956,of:0000000000000005:1 -> of:000000000000000c:5,0.002,0.0025,0.002,0.002,1.66,2026-06-23T08:11:36,0.002,1.63
route_mutation,20260623T081136_440956,of:000000000000000a:1 -> of:000000000000000d:6,0.002,0.0025,0.002,0.002,1.7,2026-06-23T08:11:36,0.002,1.7
route_mutation,20260623T081136_440956,of:000000000000000b:3 -> of:000000000000000d:2,0.002,0.0025,0.002,0.002,2.06,2026-06-23T08:11:36,0.002,2.06
route_mutation,20260623T081136_440956,of:000000000000000c:3 -> of:000000000000000d:3,0.002,0.0025,0.002,0.002,2.06,2026-06-23T08:11:36,0.002,2.06
route_mutation,20260623T081136_440956,of:0000000000000005:2 -> of:0000000000000009:3,0.002,0.0025,0.002,0.002,2.03,2026-06-23T08:11:36,0.002,2.03
route_mutation,20260623T081136_440956,of:0000000000000001:1 -> of:000000000000000b:1,0.002,0.0025,0.002,0.002,1.7,2026-06-23T08:11:36,0.002,1.76
route_mutation,20260623T081136_440956,of:000000000000000b:2 -> of:000000000000000c:2,0.002,0.0025,0.002,0.002,2.06,2026-06-23T08:11:36,0.002,2.06
route_mutation,20260623T081136_440956,of:0000000000000001:2 -> of:000000000000000c:1,0.002,0.0025,0.002,0.002,1.7,2026-06-23T08:11:36,0.002,1.76
route_mutation,20260623T081136_440956,of:0000000000000006:2 -> of:000000000000000a:2,0.002,0.0025,0.002,0.002,2.03,2026-06-23T08:11:36,0.002,2.03
route_mutation,20260623T081136_440956,of:0000000000000001:3 -> of:000000000000000d:1,0.002,0.0025,0.002,0.002,2.79,2026-06-23T08:11:36,0.002,2.73
route_mutation,20260623T081136_440956,of:0000000000000003:1 -> of:000000000000000b:5,0.002,0.0025,0.002,0.002,1.76,2026-06-23T08:11:36,0.002,1.7
route_mutation,20260623T081136_440956,of:0000000000000006:1 -> of:000000000000000d:4,0.002,0.0025,0.002,0.002,1.66,2026-06-23T08:11:36,0.002,1.63
route_mutation,20260623T081136_440956,of:0000000000000007:2 -> of:000000000000000a:3,0.002,0.0025,0.002,0.002,2.03,2026-06-23T08:11:36,0.002,2.03
route_mutation,20260623T081136_440956,of:0000000000000007:1 -> of:000000000000000d:5,0.002,0.0025,0.002,0.002,2.63,2026-06-23T08:11:36,0.002,2.69
route_mutation,20260623T081136_440956,of:0000000000000002:2 -> of:0000000000000008:2,0.002,0.0025,0.002,0.002,2.09,2026-06-23T08:11:36,0.002,2.09
route_mutation,20260623T081136_440956,of:0000000000000003:2 -> of:0000000000000008:3,0.002,0.0025,0.002,0.002,2.09,2026-06-23T08:11:36,0.002,2.09
route_mutation,20260623T081136_440956,of:0000000000000008:1 -> of:000000000000000b:6,0.002,0.0025,0.002,0.002,1.63,2026-06-23T08:11:36,0.002,1.63
route_mutation,20260623T081136_440956,of:0000000000000004:2 -> of:0000000000000009:2,0.002,0.0025,0.002,0.002,2.03,2026-06-23T08:11:36,0.002,2.03
route_mutation,20260623T081136_440956,of:0000000000000002:1 -> of:000000000000000b:4,0.002,0.0025,0.002,0.002,1.76,2026-06-23T08:11:36,0.002,1.7
route_mutation,20260623T081136_440956,of:0000000000000009:1 -> of:000000000000000c:6,0.002,0.0025,0.002,0.002,1.7,2026-06-23T08:11:36,0.002,1.7
ip_shuffle,20260623T081206_823458,of:0000000000000004:1 -> of:000000000000000c:4,0.001,0.00125,0.001,0.001,1.37,2026-06-23T08:12:06,0.001,1.4
ip_shuffle,20260623T081206_823458,of:0000000000000005:1 -> of:000000000000000c:5,0.001,0.00125,0.001,0.001,1.37,2026-06-23T08:12:06,0.001,1.4
ip_shuffle,20260623T081206_823458,of:000000000000000a:1 -> of:000000000000000d:6,0.001,0.00125,0.001,0.001,1.33,2026-06-23T08:12:06,0.001,1.37
ip_shuffle,20260623T081206_823458,of:000000000000000b:3 -> of:000000000000000d:2,0.001,0.00125,0.001,0.001,1.5,2026-06-23T08:12:06,0.001,1.5
ip_shuffle,20260623T081206_823458,of:000000000000000c:3 -> of:000000000000000d:3,0.001,0.00125,0.001,0.001,1.5,2026-06-23T08:12:06,0.001,1.5
ip_shuffle,20260623T081206_823458,of:0000000000000005:2 -> of:0000000000000009:3,0.001,0.00125,0.001,0.001,1.5,2026-06-23T08:12:06,0.001,1.5
ip_shuffle,20260623T081206_823458,of:0000000000000001:1 -> of:000000000000000b:1,0.003,0.00375,0.003,0.003,3.2,2026-06-23T08:12:06,0.003,3.2
ip_shuffle,20260623T081206_823458,of:000000000000000b:2 -> of:000000000000000c:2,0.001,0.00125,0.001,0.001,1.47,2026-06-23T08:12:06,0.001,1.47
ip_shuffle,20260623T081206_823458,of:0000000000000001:2 -> of:000000000000000c:1,0.001,0.00125,0.001,0.001,1.4,2026-06-23T08:12:06,0.001,1.37
ip_shuffle,20260623T081206_823458,of:0000000000000006:2 -> of:000000000000000a:2,0.001,0.00125,0.001,0.001,1.5,2026-06-23T08:12:06,0.001,1.5
ip_shuffle,20260623T081206_823458,of:0000000000000001:3 -> of:000000000000000d:1,0.001,0.00125,0.001,0.001,1.43,2026-06-23T08:12:06,0.001,1.37
ip_shuffle,20260623T081206_823458,of:0000000000000003:1 -> of:000000000000000b:5,0.002,0.0025,0.002,0.002,2.16,2026-06-23T08:12:06,0.002,2.16
ip_shuffle,20260623T081206_823458,of:0000000000000006:1 -> of:000000000000000d:4,0.001,0.00125,0.001,0.001,1.37,2026-06-23T08:12:06,0.001,1.43
ip_shuffle,20260623T081206_823458,of:0000000000000007:2 -> of:000000000000000a:3,0.002,0.0025,0.002,0.002,1.53,2026-06-23T08:12:06,0.002,1.53
ip_shuffle,20260623T081206_823458,of:0000000000000007:1 -> of:000000000000000d:5,0.001,0.00125,0.001,0.001,1.4,2026-06-23T08:12:06,0.001,1.43
ip_shuffle,20260623T081206_823458,of:0000000000000002:2 -> of:0000000000000008:2,0.002,0.0025,0.002,0.002,1.56,2026-06-23T08:12:06,0.002,1.56
ip_shuffle,20260623T081206_823458,of:0000000000000003:2 -> of:0000000000000008:3,0.002,0.0025,0.002,0.002,1.56,2026-06-23T08:12:06,0.002,1.56
ip_shuffle,20260623T081206_823458,of:0000000000000008:1 -> of:000000000000000b:6,0.001,0.00125,0.001,0.001,1.4,2026-06-23T08:12:06,0.001,1.4
ip_shuffle,20260623T081206_823458,of:0000000000000004:2 -> of:0000000000000009:2,0.001,0.00125,0.001,0.001,1.5,2026-06-23T08:12:06,0.001,1.5
ip_shuffle,20260623T081206_823458,of:0000000000000002:1 -> of:000000000000000b:4,0.002,0.0025,0.002,0.002,2.4,2026-06-23T08:12:06,0.002,2.43
ip_shuffle,20260623T081206_823458,of:0000000000000009:1 -> of:000000000000000c:6,0.001,0.00125,0.001,0.001,1.33,2026-06-23T08:12:06,0.001,1.33
ip_shuffle,20260623T081304_577182,of:0000000000000004:1 -> of:000000000000000c:4,0.002,0.0025,0.002,0.002,1.96,2026-06-23T08:13:04,0.002,1.93
ip_shuffle,20260623T081304_577182,of:0000000000000005:1 -> of:000000000000000c:5,0.002,0.0025,0.002,0.002,1.96,2026-06-23T08:13:04,0.002,1.93
ip_shuffle,20260623T081304_577182,of:000000000000000a:1 -> of:000000000000000d:6,0.002,0.0025,0.002,0.002,2.0,2026-06-23T08:13:04,0.002,2.0
ip_shuffle,20260623T081304_577182,of:000000000000000b:3 -> of:000000000000000d:2,0.002,0.0025,0.002,0.002,2.66,2026-06-23T08:13:04,0.002,2.66
ip_shuffle,20260623T081304_577182,of:000000000000000c:3 -> of:000000000000000d:3,0.002,0.0025,0.002,0.002,2.66,2026-06-23T08:13:04,0.002,2.66
ip_shuffle,20260623T081304_577182,of:0000000000000005:2 -> of:0000000000000009:3,0.002,0.0025,0.002,0.002,2.66,2026-06-23T08:13:04,0.002,2.66
ip_shuffle,20260623T081304_577182,of:0000000000000001:1 -> of:000000000000000b:1,0.002,0.0025,0.002,0.002,2.0,2026-06-23T08:13:04,0.002,2.06
ip_shuffle,20260623T081304_577182,of:000000000000000b:2 -> of:000000000000000c:2,0.002,0.0025,0.002,0.002,2.66,2026-06-23T08:13:04,0.002,2.66
ip_shuffle,20260623T081304_577182,of:0000000000000001:2 -> of:000000000000000c:1,0.002,0.0025,0.002,0.002,2.0,2026-06-23T08:13:04,0.002,2.06
ip_shuffle,20260623T081304_577182,of:0000000000000006:2 -> of:000000000000000a:2,0.002,0.0025,0.002,0.002,2.63,2026-06-23T08:13:04,0.002,2.63
ip_shuffle,20260623T081304_577182,of:0000000000000001:3 -> of:000000000000000d:1,0.003,0.00375,0.003,0.003,3.76,2026-06-23T08:13:04,0.003,3.66
ip_shuffle,20260623T081304_577182,of:0000000000000003:1 -> of:000000000000000b:5,0.002,0.0025,0.002,0.002,2.06,2026-06-23T08:13:04,0.002,2.0
ip_shuffle,20260623T081304_577182,of:0000000000000006:1 -> of:000000000000000d:4,0.002,0.0025,0.002,0.002,2.16,2026-06-23T08:13:04,0.002,2.23
ip_shuffle,20260623T081304_577182,of:0000000000000007:2 -> of:000000000000000a:3,0.002,0.0025,0.002,0.002,2.63,2026-06-23T08:13:04,0.002,2.63
ip_shuffle,20260623T081304_577182,of:0000000000000007:1 -> of:000000000000000d:5,0.003,0.00375,0.003,0.003,3.36,2026-06-23T08:13:04,0.003,3.33
ip_shuffle,20260623T081304_577182,of:0000000000000002:2 -> of:0000000000000008:2,0.002,0.0025,0.002,0.002,2.76,2026-06-23T08:13:04,0.002,2.76
ip_shuffle,20260623T081304_577182,of:0000000000000003:2 -> of:0000000000000008:3,0.002,0.0025,0.002,0.002,2.76,2026-06-23T08:13:04,0.002,2.76
ip_shuffle,20260623T081304_577182,of:0000000000000008:1 -> of:000000000000000b:6,0.002,0.0025,0.002,0.002,2.03,2026-06-23T08:13:04,0.002,2.0
ip_shuffle,20260623T081304_577182,of:0000000000000004:2 -> of:0000000000000009:2,0.002,0.0025,0.002,0.002,2.66,2026-06-23T08:13:04,0.002,2.66
ip_shuffle,20260623T081304_577182,of:0000000000000002:1 -> of:000000000000000b:4,0.002,0.0025,0.002,0.002,2.06,2026-06-23T08:13:04,0.002,2.0
ip_shuffle,20260623T081304_577182,of:0000000000000009:1 -> of:000000000000000c:6,0.002,0.0025,0.002,0.002,2.03,2026-06-23T08:13:04,0.002,2.0
route_mutation,20260623T081402_235226,of:0000000000000004:1 -> of:000000000000000c:4,0.002,0.0025,0.002,0.002,2.36,2026-06-23T08:14:02,0.002,2.43
route_mutation,20260623T081402_235226,of:0000000000000005:1 -> of:000000000000000c:5,0.002,0.0025,0.002,0.002,2.36,2026-06-23T08:14:02,0.002,2.43
route_mutation,20260623T081402_235226,of:000000000000000a:1 -> of:000000000000000d:6,0.002,0.0025,0.002,0.002,1.53,2026-06-23T08:14:02,0.002,1.53
route_mutation,20260623T081402_235226,of:000000000000000b:3 -> of:000000000000000d:2,0.002,0.0025,0.002,0.002,1.8,2026-06-23T08:14:02,0.002,1.8
route_mutation,20260623T081402_235226,of:000000000000000c:3 -> of:000000000000000d:3,0.002,0.0025,0.002,0.002,1.83,2026-06-23T08:14:02,0.002,1.83
route_mutation,20260623T081402_235226,of:0000000000000005:2 -> of:0000000000000009:3,0.002,0.0025,0.002,0.002,1.8,2026-06-23T08:14:02,0.002,1.8
route_mutation,20260623T081402_235226,of:0000000000000001:1 -> of:000000000000000b:1,0.003,0.00375,0.003,0.003,2.93,2026-06-23T08:14:02,0.003,2.9
route_mutation,20260623T081402_235226,of:000000000000000b:2 -> of:000000000000000c:2,0.002,0.0025,0.002,0.002,1.86,2026-06-23T08:14:02,0.002,1.86
route_mutation,20260623T081402_235226,of:0000000000000001:2 -> of:000000000000000c:1,0.003,0.00375,0.003,0.003,3.16,2026-06-23T08:14:02,0.003,3.1
route_mutation,20260623T081402_235226,of:0000000000000006:2 -> of:000000000000000a:2,0.002,0.0025,0.002,0.002,1.83,2026-06-23T08:14:02,0.002,1.83
route_mutation,20260623T081402_235226,of:0000000000000001:3 -> of:000000000000000d:1,0.002,0.0025,0.002,0.002,1.6,2026-06-23T08:14:02,0.002,1.7
route_mutation,20260623T081402_235226,of:0000000000000003:1 -> of:000000000000000b:5,0.002,0.0025,0.002,0.002,2.6,2026-06-23T08:14:02,0.002,2.63
route_mutation,20260623T081402_235226,of:0000000000000006:1 -> of:000000000000000d:4,0.002,0.0025,0.002,0.002,1.8,2026-06-23T08:14:02,0.002,1.76
route_mutation,20260623T081402_235226,of:0000000000000007:2 -> of:000000000000000a:3,0.002,0.0025,0.002,0.002,1.83,2026-06-23T08:14:02,0.002,1.8
route_mutation,20260623T081402_235226,of:0000000000000007:1 -> of:000000000000000d:5,0.002,0.0025,0.002,0.002,1.53,2026-06-23T08:14:02,0.002,1.56
route_mutation,20260623T081402_235226,of:0000000000000002:2 -> of:0000000000000008:2,0.002,0.0025,0.002,0.002,1.8,2026-06-23T08:14:02,0.002,1.8
route_mutation,20260623T081402_235226,of:0000000000000003:2 -> of:0000000000000008:3,0.002,0.0025,0.002,0.002,1.8,2026-06-23T08:14:02,0.002,1.8
route_mutation,20260623T081402_235226,of:0000000000000008:1 -> of:000000000000000b:6,0.002,0.0025,0.002,0.002,1.6,2026-06-23T08:14:02,0.002,1.6
route_mutation,20260623T081402_235226,of:0000000000000004:2 -> of:0000000000000009:2,0.002,0.0025,0.002,0.002,1.83,2026-06-23T08:14:02,0.002,1.8
route_mutation,20260623T081402_235226,of:0000000000000002:1 -> of:000000000000000b:4,0.002,0.0025,0.002,0.002,1.93,2026-06-23T08:14:02,0.002,1.96
route_mutation,20260623T081402_235226,of:0000000000000009:1 -> of:000000000000000c:6,0.002,0.0025,0.002,0.002,1.6,2026-06-23T08:14:02,0.002,1.63
ip_shuffle,20260623T081432_621720,of:0000000000000004:1 -> of:000000000000000c:4,0.002,0.0025,0.002,0.002,2.16,2026-06-23T08:14:32,0.002,2.16
ip_shuffle,20260623T081432_621720,of:0000000000000005:1 -> of:000000000000000c:5,0.002,0.0025,0.002,0.002,2.16,2026-06-23T08:14:32,0.002,2.16
ip_shuffle,20260623T081432_621720,of:000000000000000a:1 -> of:000000000000000d:6,0.002,0.0025,0.002,0.002,2.23,2026-06-23T08:14:32,0.002,2.23
ip_shuffle,20260623T081432_621720,of:000000000000000b:3 -> of:000000000000000d:2,0.002,0.0025,0.002,0.002,3.13,2026-06-23T08:14:32,0.002,3.13
ip_shuffle,20260623T081432_621720,of:000000000000000c:3 -> of:000000000000000d:3,0.002,0.0025,0.002,0.002,3.13,2026-06-23T08:14:32,0.002,3.13
ip_shuffle,20260623T081432_621720,of:0000000000000005:2 -> of:0000000000000009:3,0.002,0.0025,0.002,0.002,3.06,2026-06-23T08:14:32,0.002,3.06
ip_shuffle,20260623T081432_621720,of:0000000000000001:1 -> of:000000000000000b:1,0.002,0.0025,0.002,0.002,2.23,2026-06-23T08:14:32,0.002,2.23
ip_shuffle,20260623T081432_621720,of:000000000000000b:2 -> of:000000000000000c:2,0.002,0.0025,0.002,0.002,3.13,2026-06-23T08:14:32,0.002,3.13
ip_shuffle,20260623T081432_621720,of:0000000000000001:2 -> of:000000000000000c:1,0.002,0.0025,0.002,0.002,2.23,2026-06-23T08:14:32,0.002,2.23
ip_shuffle,20260623T081432_621720,of:0000000000000006:2 -> of:000000000000000a:2,0.002,0.0025,0.002,0.002,3.06,2026-06-23T08:14:32,0.002,3.06
ip_shuffle,20260623T081432_621720,of:0000000000000001:3 -> of:000000000000000d:1,0.003,0.00375,0.003,0.003,4.42,2026-06-23T08:14:32,0.003,4.42
ip_shuffle,20260623T081432_621720,of:0000000000000003:1 -> of:000000000000000b:5,0.002,0.0025,0.002,0.002,2.16,2026-06-23T08:14:32,0.002,2.16
ip_shuffle,20260623T081432_621720,of:0000000000000006:1 -> of:000000000000000d:4,0.002,0.0025,0.002,0.002,3.19,2026-06-23T08:14:32,0.002,3.26
ip_shuffle,20260623T081432_621720,of:0000000000000007:2 -> of:000000000000000a:3,0.002,0.0025,0.002,0.002,3.06,2026-06-23T08:14:32,0.002,3.06
ip_shuffle,20260623T081432_621720,of:0000000000000007:1 -> of:000000000000000d:5,0.003,0.00375,0.003,0.003,3.36,2026-06-23T08:14:32,0.003,3.29
ip_shuffle,20260623T081432_621720,of:0000000000000002:2 -> of:0000000000000008:2,0.002,0.0025,0.002,0.002,3.06,2026-06-23T08:14:32,0.002,3.06
ip_shuffle,20260623T081432_621720,of:0000000000000003:2 -> of:0000000000000008:3,0.002,0.0025,0.002,0.002,3.06,2026-06-23T08:14:32,0.002,3.06
ip_shuffle,20260623T081432_621720,of:0000000000000008:1 -> of:000000000000000b:6,0.002,0.0025,0.002,0.002,2.23,2026-06-23T08:14:32,0.002,2.23
ip_shuffle,20260623T081432_621720,of:0000000000000004:2 -> of:0000000000000009:2,0.002,0.0025,0.002,0.002,3.06,2026-06-23T08:14:32,0.002,3.06
ip_shuffle,20260623T081432_621720,of:0000000000000002:1 -> of:000000000000000b:4,0.002,0.0025,0.002,0.002,2.16,2026-06-23T08:14:32,0.002,2.16
ip_shuffle,20260623T081432_621720,of:0000000000000009:1 -> of:000000000000000c:6,0.002,0.0025,0.002,0.002,2.23,2026-06-23T08:14:32,0.002,2.23
ip_shuffle,20260623T081536_688195,of:0000000000000004:1 -> of:000000000000000c:4,0.002,0.0025,0.002,0.002,2.33,2026-06-23T08:15:36,0.002,2.33
ip_shuffle,20260623T081536_688195,of:0000000000000005:1 -> of:000000000000000c:5,0.002,0.0025,0.002,0.002,1.66,2026-06-23T08:15:36,0.002,1.66
ip_shuffle,20260623T081536_688195,of:000000000000000a:1 -> of:000000000000000d:6,0.001,0.00125,0.001,0.001,1.46,2026-06-23T08:15:36,0.001,1.46
ip_shuffle,20260623T081536_688195,of:000000000000000b:3 -> of:000000000000000d:2,0.002,0.0025,0.002,0.002,1.66,2026-06-23T08:15:36,0.002,1.66
ip_shuffle,20260623T081536_688195,of:000000000000000c:3 -> of:000000000000000d:3,0.002,0.0025,0.002,0.002,1.66,2026-06-23T08:15:36,0.002,1.66
ip_shuffle,20260623T081536_688195,of:0000000000000005:2 -> of:0000000000000009:3,0.002,0.0025,0.002,0.002,1.73,2026-06-23T08:15:36,0.002,1.73
ip_shuffle,20260623T081536_688195,of:0000000000000001:1 -> of:000000000000000b:1,0.003,0.00375,0.003,0.003,3.53,2026-06-23T08:15:36,0.003,3.53
ip_shuffle,20260623T081536_688195,of:000000000000000b:2 -> of:000000000000000c:2,0.002,0.0025,0.002,0.002,1.73,2026-06-23T08:15:36,0.002,1.73
ip_shuffle,20260623T081536_688195,of:0000000000000001:2 -> of:000000000000000c:1,0.002,0.0025,0.002,0.002,2.33,2026-06-23T08:15:36,0.002,2.33
ip_shuffle,20260623T081536_688195,of:0000000000000006:2 -> of:000000000000000a:2,0.002,0.0025,0.002,0.002,1.73,2026-06-23T08:15:36,0.002,1.73
ip_shuffle,20260623T081536_688195,of:0000000000000001:3 -> of:000000000000000d:1,0.001,0.00125,0.001,0.001,1.4,2026-06-23T08:15:36,0.001,1.4
ip_shuffle,20260623T081536_688195,of:0000000000000003:1 -> of:000000000000000b:5,0.002,0.0025,0.002,0.002,2.56,2026-06-23T08:15:36,0.002,2.56
ip_shuffle,20260623T081536_688195,of:0000000000000006:1 -> of:000000000000000d:4,0.001,0.00125,0.001,0.001,1.46,2026-06-23T08:15:36,0.001,1.46
ip_shuffle,20260623T081536_688195,of:0000000000000007:2 -> of:000000000000000a:3,0.002,0.0025,0.002,0.002,1.73,2026-06-23T08:15:36,0.002,1.73
ip_shuffle,20260623T081536_688195,of:0000000000000007:1 -> of:000000000000000d:5,0.001,0.00125,0.001,0.001,1.5,2026-06-23T08:15:36,0.001,1.5
ip_shuffle,20260623T081536_688195,of:0000000000000002:2 -> of:0000000000000008:2,0.002,0.0025,0.002,0.002,1.73,2026-06-23T08:15:36,0.002,1.73
ip_shuffle,20260623T081536_688195,of:0000000000000003:2 -> of:0000000000000008:3,0.002,0.0025,0.002,0.002,1.73,2026-06-23T08:15:36,0.002,1.73
ip_shuffle,20260623T081536_688195,of:0000000000000008:1 -> of:000000000000000b:6,0.002,0.0025,0.002,0.002,1.53,2026-06-23T08:15:36,0.002,1.53
ip_shuffle,20260623T081536_688195,of:0000000000000004:2 -> of:0000000000000009:2,0.002,0.0025,0.002,0.002,1.73,2026-06-23T08:15:36,0.002,1.73
ip_shuffle,20260623T081536_688195,of:0000000000000002:1 -> of:000000000000000b:4,0.002,0.0025,0.002,0.002,2.56,2026-06-23T08:15:36,0.002,2.56
ip_shuffle,20260623T081536_688195,of:0000000000000009:1 -> of:000000000000000c:6,0.002,0.0025,0.002,0.002,1.53,2026-06-23T08:15:36,0.002,1.53
route_mutation,20260623T081634_411282,of:0000000000000004:1 -> of:000000000000000c:4,0.002,0.0025,0.002,0.002,1.9,2026-06-23T08:16:34,0.002,1.86
route_mutation,20260623T081634_411282,of:0000000000000005:1 -> of:000000000000000c:5,0.002,0.0025,0.002,0.002,1.9,2026-06-23T08:16:34,0.002,1.86
route_mutation,20260623T081634_411282,of:000000000000000a:1 -> of:000000000000000d:6,0.002,0.0025,0.002,0.002,1.86,2026-06-23T08:16:34,0.002,1.83
route_mutation,20260623T081634_411282,of:000000000000000b:3 -> of:000000000000000d:2,0.002,0.0025,0.002,0.002,2.43,2026-06-23T08:16:34,0.002,2.43
route_mutation,20260623T081634_411282,of:000000000000000c:3 -> of:000000000000000d:3,0.002,0.0025,0.002,0.002,2.43,2026-06-23T08:16:34,0.002,2.43
route_mutation,20260623T081634_411282,of:0000000000000005:2 -> of:0000000000000009:3,0.002,0.0025,0.002,0.002,2.5,2026-06-23T08:16:34,0.002,2.5
route_mutation,20260623T081634_411282,of:0000000000000001:1 -> of:000000000000000b:1,0.002,0.0025,0.002,0.002,1.86,2026-06-23T08:16:34,0.002,1.93
route_mutation,20260623T081634_411282,of:000000000000000b:2 -> of:000000000000000c:2,0.002,0.0025,0.002,0.002,2.4,2026-06-23T08:16:34,0.002,2.4
route_mutation,20260623T081634_411282,of:0000000000000001:2 -> of:000000000000000c:1,0.002,0.0025,0.002,0.002,1.86,2026-06-23T08:16:34,0.002,1.93
route_mutation,20260623T081634_411282,of:0000000000000006:2 -> of:000000000000000a:2,0.002,0.0025,0.002,0.002,2.5,2026-06-23T08:16:34,0.002,2.5
route_mutation,20260623T081634_411282,of:0000000000000001:3 -> of:000000000000000d:1,0.003,0.00375,0.003,0.003,3.56,2026-06-23T08:16:34,0.003,3.43
route_mutation,20260623T081634_411282,of:0000000000000003:1 -> of:000000000000000b:5,0.002,0.0025,0.002,0.002,1.9,2026-06-23T08:16:34,0.002,1.86
route_mutation,20260623T081634_411282,of:0000000000000006:1 -> of:000000000000000d:4,0.002,0.0025,0.002,0.002,2.03,2026-06-23T08:16:34,0.002,2.1
route_mutation,20260623T081634_411282,of:0000000000000007:2 -> of:000000000000000a:3,0.002,0.0025,0.002,0.002,2.43,2026-06-23T08:16:34,0.002,2.43
route_mutation,20260623T081634_411282,of:0000000000000007:1 -> of:000000000000000d:5,0.003,0.00375,0.003,0.003,3.26,2026-06-23T08:16:34,0.003,3.23
route_mutation,20260623T081634_411282,of:0000000000000002:2 -> of:0000000000000008:2,0.002,0.0025,0.002,0.002,2.5,2026-06-23T08:16:34,0.002,2.5
route_mutation,20260623T081634_411282,of:0000000000000003:2 -> of:0000000000000008:3,0.002,0.0025,0.002,0.002,2.5,2026-06-23T08:16:34,0.002,2.5
route_mutation,20260623T081634_411282,of:0000000000000008:1 -> of:000000000000000b:6,0.002,0.0025,0.002,0.002,1.8,2026-06-23T08:16:34,0.002,1.8
route_mutation,20260623T081634_411282,of:0000000000000004:2 -> of:0000000000000009:2,0.002,0.0025,0.002,0.002,2.5,2026-06-23T08:16:34,0.002,2.5
route_mutation,20260623T081634_411282,of:0000000000000002:1 -> of:000000000000000b:4,0.002,0.0025,0.002,0.002,1.9,2026-06-23T08:16:34,0.002,1.86
route_mutation,20260623T081634_411282,of:0000000000000009:1 -> of:000000000000000c:6,0.002,0.0025,0.002,0.002,1.8,2026-06-23T08:16:34,0.002,1.8
ip_shuffle,20260623T081704_730022,of:0000000000000004:1 -> of:000000000000000c:4,0.002,0.0025,0.002,0.002,1.43,2026-06-23T08:17:04,0.002,1.43
ip_shuffle,20260623T081704_730022,of:0000000000000005:1 -> of:000000000000000c:5,0.002,0.0025,0.002,0.002,1.43,2026-06-23T08:17:04,0.002,1.43
ip_shuffle,20260623T081704_730022,of:000000000000000a:1 -> of:000000000000000d:6,0.001,0.00125,0.001,0.001,1.37,2026-06-23T08:17:04,0.001,1.37
ip_shuffle,20260623T081704_730022,of:000000000000000b:3 -> of:000000000000000d:2,0.001,0.00125,0.001,0.001,1.47,2026-06-23T08:17:04,0.001,1.47
ip_shuffle,20260623T081704_730022,of:000000000000000c:3 -> of:000000000000000d:3,0.001,0.00125,0.001,0.001,1.47,2026-06-23T08:17:04,0.001,1.47
ip_shuffle,20260623T081704_730022,of:0000000000000005:2 -> of:0000000000000009:3,0.002,0.0025,0.002,0.002,1.53,2026-06-23T08:17:04,0.002,1.53
ip_shuffle,20260623T081704_730022,of:0000000000000001:1 -> of:000000000000000b:1,0.002,0.0025,0.002,0.002,1.57,2026-06-23T08:17:04,0.002,1.57
ip_shuffle,20260623T081704_730022,of:000000000000000b:2 -> of:000000000000000c:2,0.002,0.0025,0.002,0.002,1.53,2026-06-23T08:17:04,0.002,1.53
ip_shuffle,20260623T081704_730022,of:0000000000000001:2 -> of:000000000000000c:1,0.001,0.00125,0.001,0.001,1.37,2026-06-23T08:17:04,0.001,1.37
ip_shuffle,20260623T081704_730022,of:0000000000000006:2 -> of:000000000000000a:2,0.002,0.0025,0.002,0.002,1.53,2026-06-23T08:17:04,0.002,1.53
ip_shuffle,20260623T081704_730022,of:0000000000000001:3 -> of:000000000000000d:1,0.001,0.00125,0.001,0.001,1.3,2026-06-23T08:17:04,0.001,1.3
ip_shuffle,20260623T081704_730022,of:0000000000000003:1 -> of:000000000000000b:5,0.002,0.0025,0.002,0.002,1.43,2026-06-23T08:17:04,0.002,1.43
ip_shuffle,20260623T081704_730022,of:0000000000000006:1 -> of:000000000000000d:4,0.001,0.00125,0.001,0.001,1.37,2026-06-23T08:17:04,0.001,1.37
ip_shuffle,20260623T081704_730022,of:0000000000000007:2 -> of:000000000000000a:3,0.002,0.0025,0.002,0.002,1.53,2026-06-23T08:17:04,0.002,1.53
ip_shuffle,20260623T081704_730022,of:0000000000000007:1 -> of:000000000000000d:5,0.001,0.00125,0.001,0.001,1.37,2026-06-23T08:17:04,0.001,1.37
ip_shuffle,20260623T081704_730022,of:0000000000000002:2 -> of:0000000000000008:2,0.002,0.0025,0.002,0.002,1.53,2026-06-23T08:17:04,0.002,1.53
ip_shuffle,20260623T081704_730022,of:0000000000000003:2 -> of:0000000000000008:3,0.002,0.0025,0.002,0.002,1.53,2026-06-23T08:17:04,0.002,1.53
ip_shuffle,20260623T081704_730022,of:0000000000000008:1 -> of:000000000000000b:6,0.002,0.0025,0.002,0.002,1.43,2026-06-23T08:17:04,0.002,1.43
ip_shuffle,20260623T081704_730022,of:0000000000000004:2 -> of:0000000000000009:2,0.002,0.0025,0.002,0.002,1.53,2026-06-23T08:17:04,0.002,1.53
ip_shuffle,20260623T081704_730022,of:0000000000000002:1 -> of:000000000000000b:4,0.002,0.0025,0.002,0.002,1.63,2026-06-23T08:17:04,0.002,1.63
ip_shuffle,20260623T081704_730022,of:0000000000000009:1 -> of:000000000000000c:6,0.002,0.0025,0.002,0.002,1.43,2026-06-23T08:17:04,0.002,1.43
ip_shuffle,20260623T081802_433797,of:0000000000000004:1 -> of:000000000000000c:4,0.002,0.0025,0.002,0.002,2.13,2026-06-23T08:18:02,0.002,2.16
ip_shuffle,20260623T081802_433797,of:0000000000000005:1 -> of:000000000000000c:5,0.002,0.0025,0.002,0.002,2.26,2026-06-23T08:18:02,0.002,2.29
ip_shuffle,20260623T081802_433797,of:000000000000000a:1 -> of:000000000000000d:6,0.002,0.0025,0.002,0.002,2.13,2026-06-23T08:18:02,0.002,2.16
ip_shuffle,20260623T081802_433797,of:000000000000000b:3 -> of:000000000000000d:2,0.002,0.0025,0.002,0.002,3.06,2026-06-23T08:18:02,0.002,3.06
ip_shuffle,20260623T081802_433797,of:000000000000000c:3 -> of:000000000000000d:3,0.002,0.0025,0.002,0.002,3.06,2026-06-23T08:18:02,0.002,3.06
ip_shuffle,20260623T081802_433797,of:0000000000000005:2 -> of:0000000000000009:3,0.002,0.0025,0.002,0.002,2.99,2026-06-23T08:18:02,0.002,2.99
ip_shuffle,20260623T081802_433797,of:0000000000000001:1 -> of:000000000000000b:1,0.002,0.0025,0.002,0.002,2.16,2026-06-23T08:18:02,0.002,2.09
ip_shuffle,20260623T081802_433797,of:000000000000000b:2 -> of:000000000000000c:2,0.002,0.0025,0.002,0.002,2.99,2026-06-23T08:18:02,0.002,2.99
ip_shuffle,20260623T081802_433797,of:0000000000000001:2 -> of:000000000000000c:1,0.002,0.0025,0.002,0.002,2.36,2026-06-23T08:18:02,0.002,2.29
ip_shuffle,20260623T081802_433797,of:0000000000000006:2 -> of:000000000000000a:2,0.002,0.0025,0.002,0.002,2.99,2026-06-23T08:18:02,0.002,2.99
ip_shuffle,20260623T081802_433797,of:0000000000000001:3 -> of:000000000000000d:1,0.003,0.00375,0.003,0.003,4.15,2026-06-23T08:18:02,0.003,4.22
ip_shuffle,20260623T081802_433797,of:0000000000000003:1 -> of:000000000000000b:5,0.002,0.0025,0.002,0.002,2.09,2026-06-23T08:18:02,0.002,2.16
ip_shuffle,20260623T081802_433797,of:0000000000000006:1 -> of:000000000000000d:4,0.003,0.00375,0.003,0.003,3.49,2026-06-23T08:18:02,0.003,3.52
ip_shuffle,20260623T081802_433797,of:0000000000000007:2 -> of:000000000000000a:3,0.002,0.0025,0.002,0.002,2.92,2026-06-23T08:18:02,0.002,2.92
ip_shuffle,20260623T081802_433797,of:0000000000000007:1 -> of:000000000000000d:5,0.002,0.0025,0.002,0.002,2.89,2026-06-23T08:18:02,0.002,2.86
ip_shuffle,20260623T081802_433797,of:0000000000000002:2 -> of:0000000000000008:2,0.002,0.0025,0.002,0.002,2.96,2026-06-23T08:18:02,0.002,2.96
ip_shuffle,20260623T081802_433797,of:0000000000000003:2 -> of:0000000000000008:3,0.002,0.0025,0.002,0.002,2.96,2026-06-23T08:18:02,0.002,2.96
ip_shuffle,20260623T081802_433797,of:0000000000000008:1 -> of:000000000000000b:6,0.002,0.0025,0.002,0.002,2.06,2026-06-23T08:18:02,0.002,2.09
ip_shuffle,20260623T081802_433797,of:0000000000000004:2 -> of:0000000000000009:2,0.002,0.0025,0.002,0.002,2.99,2026-06-23T08:18:02,0.002,2.99
ip_shuffle,20260623T081802_433797,of:0000000000000002:1 -> of:000000000000000b:4,0.002,0.0025,0.002,0.002,2.09,2026-06-23T08:18:02,0.002,2.16
ip_shuffle,20260623T081802_433797,of:0000000000000009:1 -> of:000000000000000c:6,0.002,0.0025,0.002,0.002,2.06,2026-06-23T08:18:02,0.002,2.09
route_mutation,20260623T081900_194593,of:0000000000000004:1 -> of:000000000000000c:4,0.002,0.0025,0.002,0.002,1.63,2026-06-23T08:19:00,0.002,1.6
route_mutation,20260623T081900_194593,of:0000000000000005:1 -> of:000000000000000c:5,0.002,0.0025,0.002,0.002,1.63,2026-06-23T08:19:00,0.002,1.6
route_mutation,20260623T081900_194593,of:000000000000000a:1 -> of:000000000000000d:6,0.002,0.0025,0.002,0.002,1.56,2026-06-23T08:19:00,0.002,1.53
route_mutation,20260623T081900_194593,of:000000000000000b:3 -> of:000000000000000d:2,0.002,0.0025,0.002,0.002,1.8,2026-06-23T08:19:00,0.002,1.8
route_mutation,20260623T081900_194593,of:000000000000000c:3 -> of:000000000000000d:3,0.002,0.0025,0.002,0.002,1.8,2026-06-23T08:19:00,0.002,1.8
route_mutation,20260623T081900_194593,of:0000000000000005:2 -> of:0000000000000009:3,0.002,0.0025,0.002,0.002,1.93,2026-06-23T08:19:00,0.002,1.93
route_mutation,20260623T081900_194593,of:0000000000000001:1 -> of:000000000000000b:1,0.002,0.0025,0.002,0.002,1.6,2026-06-23T08:19:00,0.002,1.66
route_mutation,20260623T081900_194593,of:000000000000000b:2 -> of:000000000000000c:2,0.002,0.0025,0.002,0.002,1.86,2026-06-23T08:19:00,0.002,1.86
route_mutation,20260623T081900_194593,of:0000000000000001:2 -> of:000000000000000c:1,0.002,0.0025,0.002,0.002,1.6,2026-06-23T08:19:00,0.002,1.66
route_mutation,20260623T081900_194593,of:0000000000000006:2 -> of:000000000000000a:2,0.002,0.0025,0.002,0.002,1.93,2026-06-23T08:19:00,0.002,1.93
route_mutation,20260623T081900_194593,of:0000000000000001:3 -> of:000000000000000d:1,0.002,0.0025,0.002,0.002,2.93,2026-06-23T08:19:00,0.002,2.86
route_mutation,20260623T081900_194593,of:0000000000000003:1 -> of:000000000000000b:5,0.002,0.0025,0.002,0.002,1.66,2026-06-23T08:19:00,0.002,1.6
route_mutation,20260623T081900_194593,of:0000000000000006:1 -> of:000000000000000d:4,0.002,0.0025,0.002,0.002,2.23,2026-06-23T08:19:00,0.002,2.2
route_mutation,20260623T081900_194593,of:0000000000000007:2 -> of:000000000000000a:3,0.002,0.0025,0.002,0.002,1.93,2026-06-23T08:19:00,0.002,1.93
route_mutation,20260623T081900_194593,of:0000000000000007:1 -> of:000000000000000d:5,0.002,0.0025,0.002,0.002,2.3,2026-06-23T08:19:00,0.002,2.33
route_mutation,20260623T081900_194593,of:0000000000000002:2 -> of:0000000000000008:2,0.002,0.0025,0.002,0.002,1.96,2026-06-23T08:19:00,0.002,1.96
route_mutation,20260623T081900_194593,of:0000000000000003:2 -> of:0000000000000008:3,0.002,0.0025,0.002,0.002,1.96,2026-06-23T08:19:00,0.002,1.96
route_mutation,20260623T081900_194593,of:0000000000000008:1 -> of:000000000000000b:6,0.002,0.0025,0.002,0.002,1.63,2026-06-23T08:19:00,0.002,1.6
route_mutation,20260623T081900_194593,of:0000000000000004:2 -> of:0000000000000009:2,0.002,0.0025,0.002,0.002,1.93,2026-06-23T08:19:00,0.002,1.93
route_mutation,20260623T081900_194593,of:0000000000000002:1 -> of:000000000000000b:4,0.002,0.0025,0.002,0.002,1.66,2026-06-23T08:19:00,0.002,1.6
route_mutation,20260623T081900_194593,of:0000000000000009:1 -> of:000000000000000c:6,0.002,0.0025,0.002,0.002,1.63,2026-06-23T08:19:00,0.002,1.6
route_mutation,20260623T081930_553309,of:0000000000000004:1 -> of:000000000000000c:4,0.002,0.0025,0.002,0.002,2.53,2026-06-23T08:19:30,0.002,2.56
route_mutation,20260623T081930_553309,of:0000000000000005:1 -> of:000000000000000c:5,0.002,0.0025,0.002,0.002,2.53,2026-06-23T08:19:30,0.002,2.56
route_mutation,20260623T081930_553309,of:000000000000000a:1 -> of:000000000000000d:6,0.002,0.0025,0.002,0.002,1.7,2026-06-23T08:19:30,0.002,1.73
route_mutation,20260623T081930_553309,of:000000000000000b:3 -> of:000000000000000d:2,0.002,0.0025,0.002,0.002,2.16,2026-06-23T08:19:30,0.002,2.16
route_mutation,20260623T081930_553309,of:000000000000000c:3 -> of:000000000000000d:3,0.002,0.0025,0.002,0.002,2.26,2026-06-23T08:19:30,0.002,2.23
route_mutation,20260623T081930_553309,of:0000000000000005:2 -> of:0000000000000009:3,0.002,0.0025,0.002,0.002,2.1,2026-06-23T08:19:30,0.002,2.1
route_mutation,20260623T081930_553309,of:0000000000000001:1 -> of:000000000000000b:1,0.002,0.0025,0.002,0.002,2.26,2026-06-23T08:19:30,0.002,2.23
route_mutation,20260623T081930_553309,of:000000000000000b:2 -> of:000000000000000c:2,0.002,0.0025,0.002,0.002,2.13,2026-06-23T08:19:30,0.002,2.13
route_mutation,20260623T081930_553309,of:0000000000000001:2 -> of:000000000000000c:1,0.003,0.00375,0.003,0.003,3.36,2026-06-23T08:19:30,0.003,3.33
route_mutation,20260623T081930_553309,of:0000000000000006:2 -> of:000000000000000a:2,0.002,0.0025,0.002,0.002,2.03,2026-06-23T08:19:30,0.002,2.03
route_mutation,20260623T081930_553309,of:0000000000000001:3 -> of:000000000000000d:1,0.002,0.0025,0.002,0.002,2.53,2026-06-23T08:19:30,0.002,2.56
route_mutation,20260623T081930_553309,of:0000000000000003:1 -> of:000000000000000b:5,0.002,0.0025,0.002,0.002,2.2,2026-06-23T08:19:30,0.002,2.23
route_mutation,20260623T081930_553309,of:0000000000000006:1 -> of:000000000000000d:4,0.002,0.0025,0.002,0.002,2.56,2026-06-23T08:19:30,0.002,2.5
route_mutation,20260623T081930_553309,of:0000000000000007:2 -> of:000000000000000a:3,0.002,0.0025,0.002,0.002,2.06,2026-06-23T08:19:30,0.002,2.06
route_mutation,20260623T081930_553309,of:0000000000000007:1 -> of:000000000000000d:5,0.002,0.0025,0.002,0.002,1.7,2026-06-23T08:19:30,0.002,1.73
route_mutation,20260623T081930_553309,of:0000000000000002:2 -> of:0000000000000008:2,0.002,0.0025,0.002,0.002,2.1,2026-06-23T08:19:30,0.002,2.1
route_mutation,20260623T081930_553309,of:0000000000000003:2 -> of:0000000000000008:3,0.002,0.0025,0.002,0.002,2.1,2026-06-23T08:19:30,0.002,2.1
route_mutation,20260623T081930_553309,of:0000000000000008:1 -> of:000000000000000b:6,0.001,0.00125,0.001,0.001,1.63,2026-06-23T08:19:30,0.001,1.63
route_mutation,20260623T081930_553309,of:0000000000000004:2 -> of:0000000000000009:2,0.002,0.0025,0.002,0.002,2.1,2026-06-23T08:19:30,0.002,2.1
route_mutation,20260623T081930_553309,of:0000000000000002:1 -> of:000000000000000b:4,0.002,0.0025,0.002,0.002,1.66,2026-06-23T08:19:30,0.002,1.7
route_mutation,20260623T081930_553309,of:0000000000000009:1 -> of:000000000000000c:6,0.002,0.0025,0.002,0.002,1.7,2026-06-23T08:19:30,0.002,1.7
ip_shuffle,20260623T082000_919480,of:0000000000000004:1 -> of:000000000000000c:4,0.002,0.0025,0.002,0.002,2.06,2026-06-23T08:20:00,0.002,2.03
ip_shuffle,20260623T082000_919480,of:0000000000000005:1 -> of:000000000000000c:5,0.002,0.0025,0.002,0.002,2.1,2026-06-23T08:20:00,0.002,2.06
ip_shuffle,20260623T082000_919480,of:000000000000000a:1 -> of:000000000000000d:6,0.002,0.0025,0.002,0.002,2.03,2026-06-23T08:20:00,0.002,2.0
ip_shuffle,20260623T082000_919480,of:000000000000000b:3 -> of:000000000000000d:2,0.002,0.0025,0.002,0.002,2.8,2026-06-23T08:20:00,0.002,2.8
ip_shuffle,20260623T082000_919480,of:000000000000000c:3 -> of:000000000000000d:3,0.002,0.0025,0.002,0.002,2.66,2026-06-23T08:20:00,0.002,2.7
ip_shuffle,20260623T082000_919480,of:0000000000000005:2 -> of:0000000000000009:3,0.002,0.0025,0.002,0.002,2.9,2026-06-23T08:20:00,0.002,2.9
ip_shuffle,20260623T082000_919480,of:0000000000000001:1 -> of:000000000000000b:1,0.002,0.0025,0.002,0.002,2.1,2026-06-23T08:20:00,0.002,2.13
ip_shuffle,20260623T082000_919480,of:000000000000000b:2 -> of:000000000000000c:2,0.002,0.0025,0.002,0.002,2.8,2026-06-23T08:20:00,0.002,2.8
ip_shuffle,20260623T082000_919480,of:0000000000000001:2 -> of:000000000000000c:1,0.002,0.0025,0.002,0.002,2.03,2026-06-23T08:20:00,0.002,2.06
ip_shuffle,20260623T082000_919480,of:0000000000000006:2 -> of:000000000000000a:2,0.002,0.0025,0.002,0.002,2.93,2026-06-23T08:20:00,0.002,2.93
ip_shuffle,20260623T082000_919480,of:0000000000000001:3 -> of:000000000000000d:1,0.003,0.00375,0.003,0.003,3.96,2026-06-23T08:20:00,0.003,3.93
ip_shuffle,20260623T082000_919480,of:0000000000000003:1 -> of:000000000000000b:5,0.002,0.0025,0.002,0.002,2.13,2026-06-23T08:20:00,0.002,2.1
ip_shuffle,20260623T082000_919480,of:0000000000000006:1 -> of:000000000000000d:4,0.002,0.0025,0.002,0.002,2.46,2026-06-23T08:20:00,0.002,2.53
ip_shuffle,20260623T082000_919480,of:0000000000000007:2 -> of:000000000000000a:3,0.002,0.0025,0.002,0.002,2.86,2026-06-23T08:20:00,0.002,2.86
ip_shuffle,20260623T082000_919480,of:0000000000000007:1 -> of:000000000000000d:5,0.003,0.00375,0.003,0.003,3.43,2026-06-23T08:20:00,0.003,3.4
ip_shuffle,20260623T082000_919480,of:0000000000000002:2 -> of:0000000000000008:2,0.002,0.0025,0.002,0.002,2.9,2026-06-23T08:20:00,0.002,2.9
ip_shuffle,20260623T082000_919480,of:0000000000000003:2 -> of:0000000000000008:3,0.002,0.0025,0.002,0.002,2.9,2026-06-23T08:20:00,0.002,2.9
ip_shuffle,20260623T082000_919480,of:0000000000000008:1 -> of:000000000000000b:6,0.002,0.0025,0.002,0.002,2.1,2026-06-23T08:20:00,0.002,2.1
ip_shuffle,20260623T082000_919480,of:0000000000000004:2 -> of:0000000000000009:2,0.002,0.0025,0.002,0.002,2.9,2026-06-23T08:20:00,0.002,2.9
ip_shuffle,20260623T082000_919480,of:0000000000000002:1 -> of:000000000000000b:4,0.002,0.0025,0.002,0.002,2.13,2026-06-23T08:20:00,0.002,2.1
ip_shuffle,20260623T082000_919480,of:0000000000000009:1 -> of:000000000000000c:6,0.002,0.0025,0.002,0.002,2.03,2026-06-23T08:20:00,0.002,2.03
ip_shuffle,20260623T082111_584380,of:0000000000000004:1 -> of:000000000000000c:4,0.002,0.0025,0.002,0.002,2.2,2026-06-23T08:21:11,0.002,2.2
ip_shuffle,20260623T082111_584380,of:0000000000000005:1 -> of:000000000000000c:5,0.002,0.0025,0.002,0.002,1.46,2026-06-23T08:21:11,0.002,1.46
ip_shuffle,20260623T082111_584380,of:000000000000000a:1 -> of:000000000000000d:6,0.001,0.00125,0.001,0.001,1.37,2026-06-23T08:21:11,0.001,1.37
ip_shuffle,20260623T082111_584380,of:000000000000000b:3 -> of:000000000000000d:2,0.001,0.00125,0.001,0.001,1.46,2026-06-23T08:21:11,0.001,1.46
ip_shuffle,20260623T082111_584380,of:000000000000000c:3 -> of:000000000000000d:3,0.002,0.0025,0.002,0.002,1.53,2026-06-23T08:21:11,0.002,1.53
ip_shuffle,20260623T082111_584380,of:0000000000000005:2 -> of:0000000000000009:3,0.001,0.00125,0.001,0.001,1.46,2026-06-23T08:21:11,0.001,1.46
ip_shuffle,20260623T082111_584380,of:0000000000000001:1 -> of:000000000000000b:1,0.003,0.00375,0.003,0.003,3.26,2026-06-23T08:21:11,0.003,3.26
ip_shuffle,20260623T082111_584380,of:000000000000000b:2 -> of:000000000000000c:2,0.001,0.00125,0.001,0.001,1.46,2026-06-23T08:21:11,0.001,1.46
ip_shuffle,20260623T082111_584380,of:0000000000000001:2 -> of:000000000000000c:1,0.002,0.0025,0.002,0.002,2.2,2026-06-23T08:21:11,0.002,2.2
ip_shuffle,20260623T082111_584380,of:0000000000000006:2 -> of:000000000000000a:2,0.001,0.00125,0.001,0.001,1.4,2026-06-23T08:21:11,0.001,1.4
ip_shuffle,20260623T082111_584380,of:0000000000000001:3 -> of:000000000000000d:1,0.002,0.0025,0.002,0.002,1.43,2026-06-23T08:21:11,0.002,1.43
ip_shuffle,20260623T082111_584380,of:0000000000000003:1 -> of:000000000000000b:5,0.002,0.0025,0.002,0.002,2.4,2026-06-23T08:21:11,0.002,2.4
ip_shuffle,20260623T082111_584380,of:0000000000000006:1 -> of:000000000000000d:4,0.001,0.00125,0.001,0.001,1.37,2026-06-23T08:21:11,0.001,1.37
ip_shuffle,20260623T082111_584380,of:0000000000000007:2 -> of:000000000000000a:3,0.001,0.00125,0.001,0.001,1.4,2026-06-23T08:21:11,0.001,1.4
ip_shuffle,20260623T082111_584380,of:0000000000000007:1 -> of:000000000000000d:5,0.001,0.00125,0.001,0.001,1.37,2026-06-23T08:21:11,0.001,1.37
ip_shuffle,20260623T082111_584380,of:0000000000000002:2 -> of:0000000000000008:2,0.001,0.00125,0.001,0.001,1.46,2026-06-23T08:21:11,0.001,1.46
ip_shuffle,20260623T082111_584380,of:0000000000000003:2 -> of:0000000000000008:3,0.001,0.00125,0.001,0.001,1.46,2026-06-23T08:21:11,0.001,1.46
ip_shuffle,20260623T082111_584380,of:0000000000000008:1 -> of:000000000000000b:6,0.001,0.00125,0.001,0.001,1.3,2026-06-23T08:21:11,0.001,1.3
ip_shuffle,20260623T082111_584380,of:0000000000000004:2 -> of:0000000000000009:2,0.001,0.00125,0.001,0.001,1.46,2026-06-23T08:21:11,0.001,1.46
ip_shuffle,20260623T082111_584380,of:0000000000000002:1 -> of:000000000000000b:4,0.002,0.0025,0.002,0.002,2.23,2026-06-23T08:21:11,0.002,2.23
ip_shuffle,20260623T082111_584380,of:0000000000000009:1 -> of:000000000000000c:6,0.001,0.00125,0.001,0.001,1.37,2026-06-23T08:21:11,0.001,1.37
ip_shuffle,20260623T082209_059590,of:0000000000000004:1 -> of:000000000000000c:4,0.002,0.0025,0.002,0.002,1.83,2026-06-23T08:22:09,0.002,1.76
ip_shuffle,20260623T082209_059590,of:0000000000000005:1 -> of:000000000000000c:5,0.002,0.0025,0.002,0.002,1.83,2026-06-23T08:22:09,0.002,1.76
ip_shuffle,20260623T082209_059590,of:000000000000000a:1 -> of:000000000000000d:6,0.002,0.0025,0.002,0.002,1.86,2026-06-23T08:22:09,0.002,1.83
ip_shuffle,20260623T082209_059590,of:000000000000000b:3 -> of:000000000000000d:2,0.002,0.0025,0.002,0.002,2.33,2026-06-23T08:22:09,0.002,2.36
ip_shuffle,20260623T082209_059590,of:000000000000000c:3 -> of:000000000000000d:3,0.002,0.0025,0.002,0.002,2.33,2026-06-23T08:22:09,0.002,2.33
ip_shuffle,20260623T082209_059590,of:0000000000000005:2 -> of:0000000000000009:3,0.002,0.0025,0.002,0.002,2.36,2026-06-23T08:22:09,0.002,2.36
ip_shuffle,20260623T082209_059590,of:0000000000000001:1 -> of:000000000000000b:1,0.002,0.0025,0.002,0.002,1.76,2026-06-23T08:22:09,0.002,1.83
ip_shuffle,20260623T082209_059590,of:000000000000000b:2 -> of:000000000000000c:2,0.002,0.0025,0.002,0.002,2.36,2026-06-23T08:22:09,0.002,2.36
ip_shuffle,20260623T082209_059590,of:0000000000000001:2 -> of:000000000000000c:1,0.002,0.0025,0.002,0.002,1.76,2026-06-23T08:22:09,0.002,1.83
ip_shuffle,20260623T082209_059590,of:0000000000000006:2 -> of:000000000000000a:2,0.002,0.0025,0.002,0.002,2.4,2026-06-23T08:22:09,0.002,2.4
ip_shuffle,20260623T082209_059590,of:0000000000000001:3 -> of:000000000000000d:1,0.003,0.00375,0.003,0.003,3.43,2026-06-23T08:22:09,0.003,3.36
ip_shuffle,20260623T082209_059590,of:0000000000000003:1 -> of:000000000000000b:5,0.002,0.0025,0.002,0.002,1.83,2026-06-23T08:22:09,0.002,1.8
ip_shuffle,20260623T082209_059590,of:0000000000000006:1 -> of:000000000000000d:4,0.002,0.0025,0.002,0.002,2.03,2026-06-23T08:22:09,0.002,2.06
ip_shuffle,20260623T082209_059590,of:0000000000000007:2 -> of:000000000000000a:3,0.002,0.0025,0.002,0.002,2.4,2026-06-23T08:22:09,0.002,2.4
ip_shuffle,20260623T082209_059590,of:0000000000000007:1 -> of:000000000000000d:5,0.003,0.00375,0.003,0.003,3.23,2026-06-23T08:22:09,0.003,3.2
ip_shuffle,20260623T082209_059590,of:0000000000000002:2 -> of:0000000000000008:2,0.002,0.0025,0.002,0.002,2.36,2026-06-23T08:22:09,0.002,2.36
ip_shuffle,20260623T082209_059590,of:0000000000000003:2 -> of:0000000000000008:3,0.002,0.0025,0.002,0.002,2.36,2026-06-23T08:22:09,0.002,2.36
ip_shuffle,20260623T082209_059590,of:0000000000000008:1 -> of:000000000000000b:6,0.002,0.0025,0.002,0.002,1.86,2026-06-23T08:22:09,0.002,1.86
ip_shuffle,20260623T082209_059590,of:0000000000000004:2 -> of:0000000000000009:2,0.002,0.0025,0.002,0.002,2.36,2026-06-23T08:22:09,0.002,2.36
ip_shuffle,20260623T082209_059590,of:0000000000000002:1 -> of:000000000000000b:4,0.002,0.0025,0.002,0.002,1.83,2026-06-23T08:22:09,0.002,1.8
ip_shuffle,20260623T082209_059590,of:0000000000000009:1 -> of:000000000000000c:6,0.002,0.0025,0.002,0.002,1.86,2026-06-23T08:22:09,0.002,1.83
route_mutation,20260623T082306_747170,of:0000000000000004:1 -> of:000000000000000c:4,0.002,0.0025,0.002,0.002,2.39,2026-06-23T08:23:06,0.002,2.43
route_mutation,20260623T082306_747170,of:0000000000000005:1 -> of:000000000000000c:5,0.002,0.0025,0.002,0.002,2.39,2026-06-23T08:23:06,0.002,2.43
route_mutation,20260623T082306_747170,of:000000000000000a:1 -> of:000000000000000d:6,0.002,0.0025,0.002,0.002,1.63,2026-06-23T08:23:06,0.002,1.63
route_mutation,20260623T082306_747170,of:000000000000000b:3 -> of:000000000000000d:2,0.002,0.0025,0.002,0.002,1.93,2026-06-23T08:23:06,0.002,1.93
route_mutation,20260623T082306_747170,of:000000000000000c:3 -> of:000000000000000d:3,0.002,0.0025,0.002,0.002,1.93,2026-06-23T08:23:06,0.002,1.93
route_mutation,20260623T082306_747170,of:0000000000000005:2 -> of:0000000000000009:3,0.002,0.0025,0.002,0.002,1.99,2026-06-23T08:23:06,0.002,1.99
route_mutation,20260623T082306_747170,of:0000000000000001:1 -> of:000000000000000b:1,0.002,0.0025,0.002,0.002,2.59,2026-06-23T08:23:06,0.002,2.53
route_mutation,20260623T082306_747170,of:000000000000000b:2 -> of:000000000000000c:2,0.002,0.0025,0.002,0.002,1.93,2026-06-23T08:23:06,0.002,1.93
route_mutation,20260623T082306_747170,of:0000000000000001:2 -> of:000000000000000c:1,0.003,0.00375,0.003,0.003,3.22,2026-06-23T08:23:06,0.003,3.16
route_mutation,20260623T082306_747170,of:0000000000000006:2 -> of:000000000000000a:2,0.002,0.0025,0.002,0.002,2.03,2026-06-23T08:23:06,0.002,2.03
route_mutation,20260623T082306_747170,of:0000000000000001:3 -> of:000000000000000d:1,0.002,0.0025,0.002,0.002,1.93,2026-06-23T08:23:06,0.002,2.03
route_mutation,20260623T082306_747170,of:0000000000000003:1 -> of:000000000000000b:5,0.002,0.0025,0.002,0.002,2.49,2026-06-23T08:23:06,0.002,2.56
route_mutation,20260623T082306_747170,of:0000000000000006:1 -> of:000000000000000d:4,0.002,0.0025,0.002,0.002,2.09,2026-06-23T08:23:06,0.002,2.06
route_mutation,20260623T082306_747170,of:0000000000000007:2 -> of:000000000000000a:3,0.002,0.0025,0.002,0.002,2.03,2026-06-23T08:23:06,0.002,2.03
route_mutation,20260623T082306_747170,of:0000000000000007:1 -> of:000000000000000d:5,0.002,0.0025,0.002,0.002,1.6,2026-06-23T08:23:06,0.002,1.63
route_mutation,20260623T082306_747170,of:0000000000000002:2 -> of:0000000000000008:2,0.002,0.0025,0.002,0.002,1.96,2026-06-23T08:23:06,0.002,1.96
route_mutation,20260623T082306_747170,of:0000000000000003:2 -> of:0000000000000008:3,0.002,0.0025,0.002,0.002,1.96,2026-06-23T08:23:06,0.002,1.96
route_mutation,20260623T082306_747170,of:0000000000000008:1 -> of:000000000000000b:6,0.002,0.0025,0.002,0.002,1.6,2026-06-23T08:23:06,0.002,1.63
route_mutation,20260623T082306_747170,of:0000000000000004:2 -> of:0000000000000009:2,0.002,0.0025,0.002,0.002,1.99,2026-06-23T08:23:06,0.002,1.99
route_mutation,20260623T082306_747170,of:0000000000000002:1 -> of:000000000000000b:4,0.002,0.0025,0.002,0.002,1.56,2026-06-23T08:23:06,0.002,1.63
route_mutation,20260623T082306_747170,of:0000000000000009:1 -> of:000000000000000c:6,0.002,0.0025,0.002,0.002,1.6,2026-06-23T08:23:06,0.002,1.63
ip_shuffle,20260623T082337_040023,of:0000000000000004:1 -> of:000000000000000c:4,0.002,0.0025,0.002,0.002,2.1,2026-06-23T08:23:37,0.002,2.06
ip_shuffle,20260623T082337_040023,of:0000000000000005:1 -> of:000000000000000c:5,0.002,0.0025,0.002,0.002,2.1,2026-06-23T08:23:37,0.002,2.06
ip_shuffle,20260623T082337_040023,of:000000000000000a:1 -> of:000000000000000d:6,0.002,0.0025,0.002,0.002,2.06,2026-06-23T08:23:37,0.002,2.06
ip_shuffle,20260623T082337_040023,of:000000000000000b:3 -> of:000000000000000d:2,0.002,0.0025,0.002,0.002,2.8,2026-06-23T08:23:37,0.002,2.8
ip_shuffle,20260623T082337_040023,of:000000000000000c:3 -> of:000000000000000d:3,0.002,0.0025,0.002,0.002,2.8,2026-06-23T08:23:37,0.002,2.8
ip_shuffle,20260623T082337_040023,of:0000000000000005:2 -> of:0000000000000009:3,0.002,0.0025,0.002,0.002,2.86,2026-06-23T08:23:37,0.002,2.86
ip_shuffle,20260623T082337_040023,of:0000000000000001:1 -> of:000000000000000b:1,0.002,0.0025,0.002,0.002,2.0,2026-06-23T08:23:37,0.002,2.06
ip_shuffle,20260623T082337_040023,of:000000000000000b:2 -> of:000000000000000c:2,0.002,0.0025,0.002,0.002,2.8,2026-06-23T08:23:37,0.002,2.8
ip_shuffle,20260623T082337_040023,of:0000000000000001:2 -> of:000000000000000c:1,0.002,0.0025,0.002,0.002,2.0,2026-06-23T08:23:37,0.002,2.06
ip_shuffle,20260623T082337_040023,of:0000000000000006:2 -> of:000000000000000a:2,0.002,0.0025,0.002,0.002,2.83,2026-06-23T08:23:37,0.002,2.83
ip_shuffle,20260623T082337_040023,of:0000000000000001:3 -> of:000000000000000d:1,0.003,0.00375,0.003,0.003,4.33,2026-06-23T08:23:37,0.003,4.23
ip_shuffle,20260623T082337_040023,of:0000000000000003:1 -> of:000000000000000b:5,0.002,0.0025,0.002,0.002,2.06,2026-06-23T08:23:37,0.002,2.0
ip_shuffle,20260623T082337_040023,of:0000000000000006:1 -> of:000000000000000d:4,0.002,0.0025,0.002,0.002,2.9,2026-06-23T08:23:37,0.002,2.93
ip_shuffle,20260623T082337_040023,of:0000000000000007:2 -> of:000000000000000a:3,0.002,0.0025,0.002,0.002,2.83,2026-06-23T08:23:37,0.002,2.83
ip_shuffle,20260623T082337_040023,of:0000000000000007:1 -> of:000000000000000d:5,0.003,0.00375,0.003,0.003,3.43,2026-06-23T08:23:37,0.003,3.4
ip_shuffle,20260623T082337_040023,of:0000000000000002:2 -> of:0000000000000008:2,0.002,0.0025,0.002,0.002,2.83,2026-06-23T08:23:37,0.002,2.83
ip_shuffle,20260623T082337_040023,of:0000000000000003:2 -> of:0000000000000008:3,0.002,0.0025,0.002,0.002,2.83,2026-06-23T08:23:37,0.002,2.83
ip_shuffle,20260623T082337_040023,of:0000000000000008:1 -> of:000000000000000b:6,0.002,0.0025,0.002,0.002,2.1,2026-06-23T08:23:37,0.002,2.06
ip_shuffle,20260623T082337_040023,of:0000000000000004:2 -> of:0000000000000009:2,0.002,0.0025,0.002,0.002,2.86,2026-06-23T08:23:37,0.002,2.86
ip_shuffle,20260623T082337_040023,of:0000000000000002:1 -> of:000000000000000b:4,0.002,0.0025,0.002,0.002,2.06,2026-06-23T08:23:37,0.002,2.0
ip_shuffle,20260623T082337_040023,of:0000000000000009:1 -> of:000000000000000c:6,0.002,0.0025,0.002,0.002,2.1,2026-06-23T08:23:37,0.002,2.06
route_mutation,20260623T082447_891546,of:0000000000000004:1 -> of:000000000000000c:4,0.002,0.0025,0.002,0.002,2.16,2026-06-23T08:24:47,0.002,2.2
route_mutation,20260623T082447_891546,of:0000000000000005:1 -> of:000000000000000c:5,0.002,0.0025,0.002,0.002,2.13,2026-06-23T08:24:47,0.002,2.16
route_mutation,20260623T082447_891546,of:000000000000000a:1 -> of:000000000000000d:6,0.001,0.00125,0.001,0.001,1.33,2026-06-23T08:24:47,0.001,1.33
route_mutation,20260623T082447_891546,of:000000000000000b:3 -> of:000000000000000d:2,0.001,0.00125,0.001,0.001,1.46,2026-06-23T08:24:47,0.001,1.46
route_mutation,20260623T082447_891546,of:000000000000000c:3 -> of:000000000000000d:3,0.001,0.00125,0.001,0.001,1.46,2026-06-23T08:24:47,0.001,1.46
route_mutation,20260623T082447_891546,of:0000000000000005:2 -> of:0000000000000009:3,0.002,0.0025,0.002,0.002,1.53,2026-06-23T08:24:47,0.002,1.53
route_mutation,20260623T082447_891546,of:0000000000000001:1 -> of:000000000000000b:1,0.003,0.00375,0.003,0.003,3.36,2026-06-23T08:24:47,0.003,3.23
route_mutation,20260623T082447_891546,of:000000000000000b:2 -> of:000000000000000c:2,0.001,0.00125,0.001,0.001,1.46,2026-06-23T08:24:47,0.001,1.46
route_mutation,20260623T082447_891546,of:0000000000000001:2 -> of:000000000000000c:1,0.003,0.00375,0.003,0.003,2.9,2026-06-23T08:24:47,0.003,2.9
route_mutation,20260623T082447_891546,of:0000000000000006:2 -> of:000000000000000a:2,0.001,0.00125,0.001,0.001,1.5,2026-06-23T08:24:47,0.001,1.5
route_mutation,20260623T082447_891546,of:0000000000000001:3 -> of:000000000000000d:1,0.002,0.0025,0.002,0.002,1.46,2026-06-23T08:24:47,0.002,1.5
route_mutation,20260623T082447_891546,of:0000000000000003:1 -> of:000000000000000b:5,0.002,0.0025,0.002,0.002,2.43,2026-06-23T08:24:47,0.002,2.43
route_mutation,20260623T082447_891546,of:0000000000000006:1 -> of:000000000000000d:4,0.001,0.00125,0.001,0.001,1.4,2026-06-23T08:24:47,0.001,1.4
route_mutation,20260623T082447_891546,of:0000000000000007:2 -> of:000000000000000a:3,0.001,0.00125,0.001,0.001,1.5,2026-06-23T08:24:47,0.001,1.5
route_mutation,20260623T082447_891546,of:0000000000000007:1 -> of:000000000000000d:5,0.001,0.00125,0.001,0.001,1.36,2026-06-23T08:24:47,0.001,1.4
route_mutation,20260623T082447_891546,of:0000000000000002:2 -> of:0000000000000008:2,0.002,0.0025,0.002,0.002,1.56,2026-06-23T08:24:47,0.002,1.56
route_mutation,20260623T082447_891546,of:0000000000000003:2 -> of:0000000000000008:3,0.002,0.0025,0.002,0.002,1.56,2026-06-23T08:24:47,0.002,1.56
route_mutation,20260623T082447_891546,of:0000000000000008:1 -> of:000000000000000b:6,0.001,0.00125,0.001,0.001,1.36,2026-06-23T08:24:47,0.001,1.4
route_mutation,20260623T082447_891546,of:0000000000000004:2 -> of:0000000000000009:2,0.002,0.0025,0.002,0.002,1.53,2026-06-23T08:24:47,0.002,1.53
route_mutation,20260623T082447_891546,of:0000000000000002:1 -> of:000000000000000b:4,0.002,0.0025,0.002,0.002,2.2,2026-06-23T08:24:47,0.002,2.33
route_mutation,20260623T082447_891546,of:0000000000000009:1 -> of:000000000000000c:6,0.001,0.00125,0.001,0.001,1.36,2026-06-23T08:24:47,0.001,1.4
ip_shuffle,20260623T082518_132695,of:0000000000000004:1 -> of:000000000000000c:4,0.002,0.0025,0.002,0.002,2.16,2026-06-23T08:25:18,0.002,2.16
ip_shuffle,20260623T082518_132695,of:0000000000000005:1 -> of:000000000000000c:5,0.002,0.0025,0.002,0.002,2.2,2026-06-23T08:25:18,0.002,2.2
ip_shuffle,20260623T082518_132695,of:000000000000000a:1 -> of:000000000000000d:6,0.002,0.0025,0.002,0.002,2.16,2026-06-23T08:25:18,0.002,2.16
ip_shuffle,20260623T082518_132695,of:000000000000000b:3 -> of:000000000000000d:2,0.002,0.0025,0.002,0.002,3.0,2026-06-23T08:25:18,0.002,3.0
ip_shuffle,20260623T082518_132695,of:000000000000000c:3 -> of:000000000000000d:3,0.002,0.0025,0.002,0.002,3.0,2026-06-23T08:25:18,0.002,3.0
ip_shuffle,20260623T082518_132695,of:0000000000000005:2 -> of:0000000000000009:3,0.002,0.0025,0.002,0.002,3.0,2026-06-23T08:25:18,0.002,3.0
ip_shuffle,20260623T082518_132695,of:0000000000000001:1 -> of:000000000000000b:1,0.002,0.0025,0.002,0.002,2.1,2026-06-23T08:25:18,0.002,2.06
ip_shuffle,20260623T082518_132695,of:000000000000000b:2 -> of:000000000000000c:2,0.002,0.0025,0.002,0.002,3.0,2026-06-23T08:25:18,0.002,3.0
ip_shuffle,20260623T082518_132695,of:0000000000000001:2 -> of:000000000000000c:1,0.002,0.0025,0.002,0.002,2.2,2026-06-23T08:25:18,0.002,2.16
ip_shuffle,20260623T082518_132695,of:0000000000000006:2 -> of:000000000000000a:2,0.002,0.0025,0.002,0.002,2.96,2026-06-23T08:25:18,0.002,2.96
ip_shuffle,20260623T082518_132695,of:0000000000000001:3 -> of:000000000000000d:1,0.003,0.00375,0.003,0.003,4.36,2026-06-23T08:25:18,0.003,4.46
ip_shuffle,20260623T082518_132695,of:0000000000000003:1 -> of:000000000000000b:5,0.002,0.0025,0.002,0.002,2.06,2026-06-23T08:25:18,0.002,2.1
ip_shuffle,20260623T082518_132695,of:0000000000000006:1 -> of:000000000000000d:4,0.003,0.00375,0.003,0.003,3.63,2026-06-23T08:25:18,0.003,3.66
ip_shuffle,20260623T082518_132695,of:0000000000000007:2 -> of:000000000000000a:3,0.002,0.0025,0.002,0.002,3.0,2026-06-23T08:25:18,0.002,2.96
ip_shuffle,20260623T082518_132695,of:0000000000000007:1 -> of:000000000000000d:5,0.003,0.00375,0.003,0.003,3.36,2026-06-23T08:25:18,0.003,3.3
ip_shuffle,20260623T082518_132695,of:0000000000000002:2 -> of:0000000000000008:2,0.002,0.0025,0.002,0.002,2.9,2026-06-23T08:25:18,0.002,2.9
ip_shuffle,20260623T082518_132695,of:0000000000000003:2 -> of:0000000000000008:3,0.002,0.0025,0.002,0.002,2.9,2026-06-23T08:25:18,0.002,2.9
ip_shuffle,20260623T082518_132695,of:0000000000000008:1 -> of:000000000000000b:6,0.002,0.0025,0.002,0.002,2.16,2026-06-23T08:25:18,0.002,2.16
ip_shuffle,20260623T082518_132695,of:0000000000000004:2 -> of:0000000000000009:2,0.002,0.0025,0.002,0.002,3.0,2026-06-23T08:25:18,0.002,3.0
ip_shuffle,20260623T082518_132695,of:0000000000000002:1 -> of:000000000000000b:4,0.002,0.0025,0.002,0.002,2.06,2026-06-23T08:25:18,0.002,2.1
ip_shuffle,20260623T082518_132695,of:0000000000000009:1 -> of:000000000000000c:6,0.002,0.0025,0.002,0.002,2.16,2026-06-23T08:25:18,0.002,2.16
route_mutation,20260623T082615_811973,of:0000000000000004:1 -> of:000000000000000c:4,0.002,0.0025,0.002,0.002,2.26,2026-06-23T08:26:15,0.002,2.26
route_mutation,20260623T082615_811973,of:0000000000000005:1 -> of:000000000000000c:5,0.002,0.0025,0.002,0.002,1.6,2026-06-23T08:26:15,0.002,1.6
route_mutation,20260623T082615_811973,of:000000000000000a:1 -> of:000000000000000d:6,0.001,0.00125,0.001,0.001,1.4,2026-06-23T08:26:15,0.001,1.4
route_mutation,20260623T082615_811973,of:000000000000000b:3 -> of:000000000000000d:2,0.001,0.00125,0.001,0.001,1.6,2026-06-23T08:26:15,0.001,1.6
route_mutation,20260623T082615_811973,of:000000000000000c:3 -> of:000000000000000d:3,0.001,0.00125,0.001,0.001,1.6,2026-06-23T08:26:15,0.001,1.6
route_mutation,20260623T082615_811973,of:0000000000000005:2 -> of:0000000000000009:3,0.002,0.0025,0.002,0.002,1.66,2026-06-23T08:26:15,0.002,1.66
route_mutation,20260623T082615_811973,of:0000000000000001:1 -> of:000000000000000b:1,0.003,0.00375,0.003,0.003,3.53,2026-06-23T08:26:15,0.003,3.53
route_mutation,20260623T082615_811973,of:000000000000000b:2 -> of:000000000000000c:2,0.001,0.00125,0.001,0.001,1.6,2026-06-23T08:26:15,0.001,1.6
route_mutation,20260623T082615_811973,of:0000000000000001:2 -> of:000000000000000c:1,0.002,0.0025,0.002,0.002,2.33,2026-06-23T08:26:15,0.002,2.33
route_mutation,20260623T082615_811973,of:0000000000000006:2 -> of:000000000000000a:2,0.002,0.0025,0.002,0.002,1.66,2026-06-23T08:26:15,0.002,1.66
route_mutation,20260623T082615_811973,of:0000000000000001:3 -> of:000000000000000d:1,0.001,0.00125,0.001,0.001,1.46,2026-06-23T08:26:15,0.001,1.46
route_mutation,20260623T082615_811973,of:0000000000000003:1 -> of:000000000000000b:5,0.002,0.0025,0.002,0.002,2.5,2026-06-23T08:26:15,0.002,2.5
route_mutation,20260623T082615_811973,of:0000000000000006:1 -> of:000000000000000d:4,0.001,0.00125,0.001,0.001,1.46,2026-06-23T08:26:15,0.001,1.46
route_mutation,20260623T082615_811973,of:0000000000000007:2 -> of:000000000000000a:3,0.002,0.0025,0.002,0.002,1.66,2026-06-23T08:26:15,0.002,1.66
route_mutation,20260623T082615_811973,of:0000000000000007:1 -> of:000000000000000d:5,0.001,0.00125,0.001,0.001,1.46,2026-06-23T08:26:15,0.001,1.46
route_mutation,20260623T082615_811973,of:0000000000000002:2 -> of:0000000000000008:2,0.002,0.0025,0.002,0.002,1.73,2026-06-23T08:26:15,0.002,1.73
route_mutation,20260623T082615_811973,of:0000000000000003:2 -> of:0000000000000008:3,0.002,0.0025,0.002,0.002,1.73,2026-06-23T08:26:15,0.002,1.73
route_mutation,20260623T082615_811973,of:0000000000000008:1 -> of:000000000000000b:6,0.001,0.00125,0.001,0.001,1.46,2026-06-23T08:26:15,0.001,1.46
route_mutation,20260623T082615_811973,of:0000000000000004:2 -> of:0000000000000009:2,0.002,0.0025,0.002,0.002,1.66,2026-06-23T08:26:15,0.002,1.66
route_mutation,20260623T082615_811973,of:0000000000000002:1 -> of:000000000000000b:4,0.002,0.0025,0.002,0.002,2.5,2026-06-23T08:26:15,0.002,2.5
route_mutation,20260623T082615_811973,of:0000000000000009:1 -> of:000000000000000c:6,0.001,0.00125,0.001,0.001,1.4,2026-06-23T08:26:15,0.001,1.4
ip_shuffle,20260623T082646_140464,of:0000000000000004:1 -> of:000000000000000c:4,0.002,0.0025,0.002,0.002,2.0,2026-06-23T08:26:46,0.002,2.03
ip_shuffle,20260623T082646_140464,of:0000000000000005:1 -> of:000000000000000c:5,0.002,0.0025,0.002,0.002,2.66,2026-06-23T08:26:46,0.002,2.7
ip_shuffle,20260623T082646_140464,of:000000000000000a:1 -> of:000000000000000d:6,0.002,0.0025,0.002,0.002,2.03,2026-06-23T08:26:46,0.002,2.03
ip_shuffle,20260623T082646_140464,of:000000000000000b:3 -> of:000000000000000d:2,0.002,0.0025,0.002,0.002,2.73,2026-06-23T08:26:46,0.002,2.73
ip_shuffle,20260623T082646_140464,of:000000000000000c:3 -> of:000000000000000d:3,0.002,0.0025,0.002,0.002,2.73,2026-06-23T08:26:46,0.002,2.73
ip_shuffle,20260623T082646_140464,of:0000000000000005:2 -> of:0000000000000009:3,0.002,0.0025,0.002,0.002,2.7,2026-06-23T08:26:46,0.002,2.7
ip_shuffle,20260623T082646_140464,of:0000000000000001:1 -> of:000000000000000b:1,0.002,0.0025,0.002,0.002,1.96,2026-06-23T08:26:46,0.002,1.9
ip_shuffle,20260623T082646_140464,of:000000000000000b:2 -> of:000000000000000c:2,0.002,0.0025,0.002,0.002,2.73,2026-06-23T08:26:46,0.002,2.73
ip_shuffle,20260623T082646_140464,of:0000000000000001:2 -> of:000000000000000c:1,0.002,0.0025,0.002,0.002,2.7,2026-06-23T08:26:46,0.002,2.63
ip_shuffle,20260623T082646_140464,of:0000000000000006:2 -> of:000000000000000a:2,0.002,0.0025,0.002,0.002,2.7,2026-06-23T08:26:46,0.002,2.7
ip_shuffle,20260623T082646_140464,of:0000000000000001:3 -> of:000000000000000d:1,0.003,0.00375,0.003,0.003,3.7,2026-06-23T08:26:46,0.003,3.83
ip_shuffle,20260623T082646_140464,of:0000000000000003:1 -> of:000000000000000b:5,0.002,0.0025,0.002,0.002,1.93,2026-06-23T08:26:46,0.002,1.96
ip_shuffle,20260623T082646_140464,of:0000000000000006:1 -> of:000000000000000d:4,0.003,0.00375,0.003,0.003,3.5,2026-06-23T08:26:46,0.003,3.53
ip_shuffle,20260623T082646_140464,of:0000000000000007:2 -> of:000000000000000a:3,0.002,0.0025,0.002,0.002,2.73,2026-06-23T08:26:46,0.002,2.73
ip_shuffle,20260623T082646_140464,of:0000000000000007:1 -> of:000000000000000d:5,0.002,0.0025,0.002,0.002,2.73,2026-06-23T08:26:46,0.002,2.66
ip_shuffle,20260623T082646_140464,of:0000000000000002:2 -> of:0000000000000008:2,0.002,0.0025,0.002,0.002,2.63,2026-06-23T08:26:46,0.002,2.63
ip_shuffle,20260623T082646_140464,of:0000000000000003:2 -> of:0000000000000008:3,0.002,0.0025,0.002,0.002,2.63,2026-06-23T08:26:46,0.002,2.63
ip_shuffle,20260623T082646_140464,of:0000000000000008:1 -> of:000000000000000b:6,0.002,0.0025,0.002,0.002,2.03,2026-06-23T08:26:46,0.002,2.03
ip_shuffle,20260623T082646_140464,of:0000000000000004:2 -> of:0000000000000009:2,0.002,0.0025,0.002,0.002,2.7,2026-06-23T08:26:46,0.002,2.7
ip_shuffle,20260623T082646_140464,of:0000000000000002:1 -> of:000000000000000b:4,0.002,0.0025,0.002,0.002,1.93,2026-06-23T08:26:46,0.002,1.96
ip_shuffle,20260623T082646_140464,of:0000000000000009:1 -> of:000000000000000c:6,0.002,0.0025,0.002,0.002,2.03,2026-06-23T08:26:46,0.002,2.03
ip_shuffle,20260623T082756_733132,of:0000000000000004:1 -> of:000000000000000c:4,0.002,0.0025,0.002,0.002,1.8,2026-06-23T08:27:56,0.002,1.8
ip_shuffle,20260623T082756_733132,of:0000000000000005:1 -> of:000000000000000c:5,0.002,0.0025,0.002,0.002,1.53,2026-06-23T08:27:56,0.002,1.53
ip_shuffle,20260623T082756_733132,of:000000000000000a:1 -> of:000000000000000d:6,0.002,0.0025,0.002,0.002,1.53,2026-06-23T08:27:56,0.002,1.53
ip_shuffle,20260623T082756_733132,of:000000000000000b:3 -> of:000000000000000d:2,0.002,0.0025,0.002,0.002,1.8,2026-06-23T08:27:56,0.002,1.8
ip_shuffle,20260623T082756_733132,of:000000000000000c:3 -> of:000000000000000d:3,0.002,0.0025,0.002,0.002,1.8,2026-06-23T08:27:56,0.002,1.8
ip_shuffle,20260623T082756_733132,of:0000000000000005:2 -> of:0000000000000009:3,0.002,0.0025,0.002,0.002,1.8,2026-06-23T08:27:56,0.002,1.8
ip_shuffle,20260623T082756_733132,of:0000000000000001:1 -> of:000000000000000b:1,0.003,0.00375,0.003,0.003,3.53,2026-06-23T08:27:56,0.003,3.53
ip_shuffle,20260623T082756_733132,of:000000000000000b:2 -> of:000000000000000c:2,0.002,0.0025,0.002,0.002,1.73,2026-06-23T08:27:56,0.002,1.73
ip_shuffle,20260623T082756_733132,of:0000000000000001:2 -> of:000000000000000c:1,0.002,0.0025,0.002,0.002,1.73,2026-06-23T08:27:56,0.002,1.73
ip_shuffle,20260623T082756_733132,of:0000000000000006:2 -> of:000000000000000a:2,0.002,0.0025,0.002,0.002,1.8,2026-06-23T08:27:56,0.002,1.8
ip_shuffle,20260623T082756_733132,of:0000000000000001:3 -> of:000000000000000d:1,0.002,0.0025,0.002,0.002,2.43,2026-06-23T08:27:56,0.002,2.43
ip_shuffle,20260623T082756_733132,of:0000000000000003:1 -> of:000000000000000b:5,0.002,0.0025,0.002,0.002,2.5,2026-06-23T08:27:56,0.002,2.5
ip_shuffle,20260623T082756_733132,of:0000000000000006:1 -> of:000000000000000d:4,0.002,0.0025,0.002,0.002,2.26,2026-06-23T08:27:56,0.002,2.26
ip_shuffle,20260623T082756_733132,of:0000000000000007:2 -> of:000000000000000a:3,0.002,0.0025,0.002,0.002,1.8,2026-06-23T08:27:56,0.002,1.8
ip_shuffle,20260623T082756_733132,of:0000000000000007:1 -> of:000000000000000d:5,0.002,0.0025,0.002,0.002,1.86,2026-06-23T08:27:56,0.002,1.86
ip_shuffle,20260623T082756_733132,of:0000000000000002:2 -> of:0000000000000008:2,0.002,0.0025,0.002,0.002,1.86,2026-06-23T08:27:56,0.002,1.86
ip_shuffle,20260623T082756_733132,of:0000000000000003:2 -> of:0000000000000008:3,0.002,0.0025,0.002,0.002,1.86,2026-06-23T08:27:56,0.002,1.86
ip_shuffle,20260623T082756_733132,of:0000000000000008:1 -> of:000000000000000b:6,0.002,0.0025,0.002,0.002,1.53,2026-06-23T08:27:56,0.002,1.53
ip_shuffle,20260623T082756_733132,of:0000000000000004:2 -> of:0000000000000009:2,0.002,0.0025,0.002,0.002,1.8,2026-06-23T08:27:56,0.002,1.8
ip_shuffle,20260623T082756_733132,of:0000000000000002:1 -> of:000000000000000b:4,0.002,0.0025,0.002,0.002,2.56,2026-06-23T08:27:56,0.002,2.56
ip_shuffle,20260623T082756_733132,of:0000000000000009:1 -> of:000000000000000c:6,0.001,0.00125,0.001,0.001,1.47,2026-06-23T08:27:56,0.001,1.47
route_mutation,20260623T082901_023109,of:0000000000000004:1 -> of:000000000000000c:4,0.002,0.0025,0.002,0.002,1.86,2026-06-23T08:29:01,0.002,1.8
route_mutation,20260623T082901_023109,of:0000000000000005:1 -> of:000000000000000c:5,0.002,0.0025,0.002,0.002,1.86,2026-06-23T08:29:01,0.002,1.8
route_mutation,20260623T082901_023109,of:000000000000000a:1 -> of:000000000000000d:6,0.002,0.0025,0.002,0.002,1.9,2026-06-23T08:29:01,0.002,1.86
route_mutation,20260623T082901_023109,of:000000000000000b:3 -> of:000000000000000d:2,0.002,0.0025,0.002,0.002,2.36,2026-06-23T08:29:01,0.002,2.36
route_mutation,20260623T082901_023109,of:000000000000000c:3 -> of:000000000000000d:3,0.002,0.0025,0.002,0.002,2.36,2026-06-23T08:29:01,0.002,2.36
route_mutation,20260623T082901_023109,of:0000000000000005:2 -> of:0000000000000009:3,0.002,0.0025,0.002,0.002,2.4,2026-06-23T08:29:01,0.002,2.4
route_mutation,20260623T082901_023109,of:0000000000000001:1 -> of:000000000000000b:1,0.002,0.0025,0.002,0.002,1.86,2026-06-23T08:29:01,0.002,1.96
route_mutation,20260623T082901_023109,of:000000000000000b:2 -> of:000000000000000c:2,0.002,0.0025,0.002,0.002,2.4,2026-06-23T08:29:01,0.002,2.4
route_mutation,20260623T082901_023109,of:0000000000000001:2 -> of:000000000000000c:1,0.002,0.0025,0.002,0.002,1.86,2026-06-23T08:29:01,0.002,1.96
route_mutation,20260623T082901_023109,of:0000000000000006:2 -> of:000000000000000a:2,0.002,0.0025,0.002,0.002,2.36,2026-06-23T08:29:01,0.002,2.36
route_mutation,20260623T082901_023109,of:0000000000000001:3 -> of:000000000000000d:1,0.004,0.005,0.004,0.004,4.46,2026-06-23T08:29:01,0.003,4.3
route_mutation,20260623T082901_023109,of:0000000000000003:1 -> of:000000000000000b:5,0.002,0.0025,0.002,0.002,1.96,2026-06-23T08:29:01,0.002,1.86
route_mutation,20260623T082901_023109,of:0000000000000006:1 -> of:000000000000000d:4,0.002,0.0025,0.002,0.002,2.0,2026-06-23T08:29:01,0.002,1.93
route_mutation,20260623T082901_023109,of:0000000000000007:2 -> of:000000000000000a:3,0.002,0.0025,0.002,0.002,2.36,2026-06-23T08:29:01,0.002,2.36
route_mutation,20260623T082901_023109,of:0000000000000007:1 -> of:000000000000000d:5,0.003,0.00375,0.003,0.003,4.03,2026-06-23T08:29:01,0.003,4.13
route_mutation,20260623T082901_023109,of:0000000000000002:2 -> of:0000000000000008:2,0.002,0.0025,0.002,0.002,2.5,2026-06-23T08:29:01,0.002,2.5
route_mutation,20260623T082901_023109,of:0000000000000003:2 -> of:0000000000000008:3,0.002,0.0025,0.002,0.002,2.5,2026-06-23T08:29:01,0.002,2.5
route_mutation,20260623T082901_023109,of:0000000000000008:1 -> of:000000000000000b:6,0.002,0.0025,0.002,0.002,1.9,2026-06-23T08:29:01,0.002,1.9
route_mutation,20260623T082901_023109,of:0000000000000004:2 -> of:0000000000000009:2,0.002,0.0025,0.002,0.002,2.4,2026-06-23T08:29:01,0.002,2.4
route_mutation,20260623T082901_023109,of:0000000000000002:1 -> of:000000000000000b:4,0.002,0.0025,0.002,0.002,1.96,2026-06-23T08:29:01,0.002,1.86
route_mutation,20260623T082901_023109,of:0000000000000009:1 -> of:000000000000000c:6,0.002,0.0025,0.002,0.002,1.9,2026-06-23T08:29:01,0.002,1.9
ip_shuffle,20260623T082931_378383,of:0000000000000004:1 -> of:000000000000000c:4,0.002,0.0025,0.002,0.002,2.29,2026-06-23T08:29:31,0.002,2.33
ip_shuffle,20260623T082931_378383,of:0000000000000005:1 -> of:000000000000000c:5,0.002,0.0025,0.002,0.002,2.29,2026-06-23T08:29:31,0.002,2.33
ip_shuffle,20260623T082931_378383,of:000000000000000a:1 -> of:000000000000000d:6,0.001,0.00125,0.001,0.001,1.46,2026-06-23T08:29:31,0.001,1.5
ip_shuffle,20260623T082931_378383,of:000000000000000b:3 -> of:000000000000000d:2,0.002,0.0025,0.002,0.002,1.7,2026-06-23T08:29:31,0.002,1.7
ip_shuffle,20260623T082931_378383,of:000000000000000c:3 -> of:000000000000000d:3,0.002,0.0025,0.002,0.002,1.7,2026-06-23T08:29:31,0.002,1.7
ip_shuffle,20260623T082931_378383,of:0000000000000005:2 -> of:0000000000000009:3,0.002,0.0025,0.002,0.002,1.7,2026-06-23T08:29:31,0.002,1.7
ip_shuffle,20260623T082931_378383,of:0000000000000001:1 -> of:000000000000000b:1,0.003,0.00375,0.003,0.003,2.96,2026-06-23T08:29:31,0.003,2.92
ip_shuffle,20260623T082931_378383,of:000000000000000b:2 -> of:000000000000000c:2,0.002,0.0025,0.002,0.002,1.73,2026-06-23T08:29:31,0.002,1.73
ip_shuffle,20260623T082931_378383,of:0000000000000001:2 -> of:000000000000000c:1,0.003,0.00375,0.003,0.003,3.06,2026-06-23T08:29:31,0.003,2.99
ip_shuffle,20260623T082931_378383,of:0000000000000006:2 -> of:000000000000000a:2,0.002,0.0025,0.002,0.002,1.7,2026-06-23T08:29:31,0.002,1.7
ip_shuffle,20260623T082931_378383,of:0000000000000001:3 -> of:000000000000000d:1,0.002,0.0025,0.002,0.001,1.43,2026-06-23T08:29:31,0.002,1.56
ip_shuffle,20260623T082931_378383,of:0000000000000003:1 -> of:000000000000000b:5,0.002,0.0025,0.002,0.002,2.53,2026-06-23T08:29:31,0.002,2.56
ip_shuffle,20260623T082931_378383,of:0000000000000006:1 -> of:000000000000000d:4,0.002,0.0025,0.002,0.002,1.66,2026-06-23T08:29:31,0.002,1.56
ip_shuffle,20260623T082931_378383,of:0000000000000007:2 -> of:000000000000000a:3,0.002,0.0025,0.002,0.002,1.73,2026-06-23T08:29:31,0.002,1.73
ip_shuffle,20260623T082931_378383,of:0000000000000007:1 -> of:000000000000000d:5,0.001,0.00125,0.001,0.001,1.46,2026-06-23T08:29:31,0.001,1.5
ip_shuffle,20260623T082931_378383,of:0000000000000002:2 -> of:0000000000000008:2,0.002,0.0025,0.002,0.002,1.7,2026-06-23T08:29:31,0.002,1.7
ip_shuffle,20260623T082931_378383,of:0000000000000003:2 -> of:0000000000000008:3,0.002,0.0025,0.002,0.002,1.7,2026-06-23T08:29:31,0.002,1.7
ip_shuffle,20260623T082931_378383,of:0000000000000008:1 -> of:000000000000000b:6,0.002,0.0025,0.002,0.002,1.53,2026-06-23T08:29:31,0.002,1.53
ip_shuffle,20260623T082931_378383,of:0000000000000004:2 -> of:0000000000000009:2,0.002,0.0025,0.002,0.002,1.7,2026-06-23T08:29:31,0.002,1.7
ip_shuffle,20260623T082931_378383,of:0000000000000002:1 -> of:000000000000000b:4,0.002,0.0025,0.002,0.002,1.99,2026-06-23T08:29:31,0.002,1.99
ip_shuffle,20260623T082931_378383,of:0000000000000009:1 -> of:000000000000000c:6,0.002,0.0025,0.002,0.002,1.53,2026-06-23T08:29:31,0.002,1.53
route_mutation,20260623T083035_503370,of:0000000000000004:1 -> of:000000000000000c:4,0.002,0.0025,0.002,0.002,1.86,2026-06-23T08:30:35,0.002,1.83
route_mutation,20260623T083035_503370,of:0000000000000005:1 -> of:000000000000000c:5,0.002,0.0025,0.002,0.002,1.86,2026-06-23T08:30:35,0.002,1.83
route_mutation,20260623T083035_503370,of:000000000000000a:1 -> of:000000000000000d:6,0.002,0.0025,0.002,0.002,1.86,2026-06-23T08:30:35,0.002,1.83
route_mutation,20260623T083035_503370,of:000000000000000b:3 -> of:000000000000000d:2,0.002,0.0025,0.002,0.002,2.43,2026-06-23T08:30:35,0.002,2.43
route_mutation,20260623T083035_503370,of:000000000000000c:3 -> of:000000000000000d:3,0.002,0.0025,0.002,0.002,2.4,2026-06-23T08:30:35,0.002,2.4
route_mutation,20260623T083035_503370,of:0000000000000005:2 -> of:0000000000000009:3,0.002,0.0025,0.002,0.002,2.46,2026-06-23T08:30:35,0.002,2.46
route_mutation,20260623T083035_503370,of:0000000000000001:1 -> of:000000000000000b:1,0.002,0.0025,0.002,0.002,1.86,2026-06-23T08:30:35,0.002,1.86
route_mutation,20260623T083035_503370,of:000000000000000b:2 -> of:000000000000000c:2,0.002,0.0025,0.002,0.002,2.36,2026-06-23T08:30:35,0.002,2.36
route_mutation,20260623T083035_503370,of:0000000000000001:2 -> of:000000000000000c:1,0.002,0.0025,0.002,0.002,1.83,2026-06-23T08:30:35,0.002,1.86
route_mutation,20260623T083035_503370,of:0000000000000006:2 -> of:000000000000000a:2,0.002,0.0025,0.002,0.002,2.46,2026-06-23T08:30:35,0.002,2.46
route_mutation,20260623T083035_503370,of:0000000000000001:3 -> of:000000000000000d:1,0.003,0.00375,0.003,0.003,3.4,2026-06-23T08:30:35,0.003,3.4
route_mutation,20260623T083035_503370,of:0000000000000003:1 -> of:000000000000000b:5,0.002,0.0025,0.002,0.002,1.86,2026-06-23T08:30:35,0.002,1.86
route_mutation,20260623T083035_503370,of:0000000000000006:1 -> of:000000000000000d:4,0.002,0.0025,0.002,0.002,2.23,2026-06-23T08:30:35,0.002,2.23
route_mutation,20260623T083035_503370,of:0000000000000007:2 -> of:000000000000000a:3,0.002,0.0025,0.002,0.002,2.46,2026-06-23T08:30:35,0.002,2.46
route_mutation,20260623T083035_503370,of:0000000000000007:1 -> of:000000000000000d:5,0.003,0.00375,0.003,0.003,3.4,2026-06-23T08:30:35,0.003,3.36
route_mutation,20260623T083035_503370,of:0000000000000002:2 -> of:0000000000000008:2,0.002,0.0025,0.002,0.002,2.46,2026-06-23T08:30:35,0.002,2.46
route_mutation,20260623T083035_503370,of:0000000000000003:2 -> of:0000000000000008:3,0.002,0.0025,0.002,0.002,2.46,2026-06-23T08:30:35,0.002,2.46
route_mutation,20260623T083035_503370,of:0000000000000008:1 -> of:000000000000000b:6,0.002,0.0025,0.002,0.002,1.8,2026-06-23T08:30:35,0.002,1.8
route_mutation,20260623T083035_503370,of:0000000000000004:2 -> of:0000000000000009:2,0.002,0.0025,0.002,0.002,2.46,2026-06-23T08:30:35,0.002,2.46
route_mutation,20260623T083035_503370,of:0000000000000002:1 -> of:000000000000000b:4,0.002,0.0025,0.002,0.002,1.86,2026-06-23T08:30:35,0.002,1.86
route_mutation,20260623T083035_503370,of:0000000000000009:1 -> of:000000000000000c:6,0.002,0.0025,0.002,0.002,1.8,2026-06-23T08:30:35,0.002,1.76
ip_shuffle,20260623T083105_813180,of:0000000000000004:1 -> of:000000000000000c:4,0.002,0.0025,0.002,0.002,1.43,2026-06-23T08:31:05,0.002,1.43
ip_shuffle,20260623T083105_813180,of:0000000000000005:1 -> of:000000000000000c:5,0.002,0.0025,0.002,0.002,1.43,2026-06-23T08:31:05,0.002,1.43
ip_shuffle,20260623T083105_813180,of:000000000000000a:1 -> of:000000000000000d:6,0.001,0.00125,0.001,0.001,1.36,2026-06-23T08:31:05,0.001,1.36
ip_shuffle,20260623T083105_813180,of:000000000000000b:3 -> of:000000000000000d:2,0.001,0.00125,0.001,0.001,1.46,2026-06-23T08:31:05,0.001,1.46
ip_shuffle,20260623T083105_813180,of:000000000000000c:3 -> of:000000000000000d:3,0.001,0.00125,0.001,0.001,1.46,2026-06-23T08:31:05,0.001,1.46
ip_shuffle,20260623T083105_813180,of:0000000000000005:2 -> of:0000000000000009:3,0.002,0.0025,0.002,0.002,1.53,2026-06-23T08:31:05,0.002,1.53
ip_shuffle,20260623T083105_813180,of:0000000000000001:1 -> of:000000000000000b:1,0.003,0.00375,0.003,0.003,2.8,2026-06-23T08:31:05,0.003,2.8
ip_shuffle,20260623T083105_813180,of:000000000000000b:2 -> of:000000000000000c:2,0.002,0.0025,0.002,0.002,1.53,2026-06-23T08:31:05,0.002,1.53
ip_shuffle,20260623T083105_813180,of:0000000000000001:2 -> of:000000000000000c:1,0.002,0.0025,0.002,0.002,1.5,2026-06-23T08:31:05,0.002,1.5
ip_shuffle,20260623T083105_813180,of:0000000000000006:2 -> of:000000000000000a:2,0.002,0.0025,0.002,0.002,1.53,2026-06-23T08:31:05,0.002,1.53
ip_shuffle,20260623T083105_813180,of:0000000000000001:3 -> of:000000000000000d:1,0.002,0.0025,0.002,0.002,1.43,2026-06-23T08:31:05,0.002,1.43
ip_shuffle,20260623T083105_813180,of:0000000000000003:1 -> of:000000000000000b:5,0.002,0.0025,0.002,0.002,1.46,2026-06-23T08:31:05,0.002,1.46
ip_shuffle,20260623T083105_813180,of:0000000000000006:1 -> of:000000000000000d:4,0.001,0.00125,0.001,0.001,1.36,2026-06-23T08:31:05,0.001,1.36
ip_shuffle,20260623T083105_813180,of:0000000000000007:2 -> of:000000000000000a:3,0.002,0.0025,0.002,0.002,1.53,2026-06-23T08:31:05,0.002,1.53
ip_shuffle,20260623T083105_813180,of:0000000000000007:1 -> of:000000000000000d:5,0.001,0.00125,0.001,0.001,1.36,2026-06-23T08:31:05,0.001,1.36
ip_shuffle,20260623T083105_813180,of:0000000000000002:2 -> of:0000000000000008:2,0.002,0.0025,0.002,0.002,1.53,2026-06-23T08:31:05,0.002,1.53
ip_shuffle,20260623T083105_813180,of:0000000000000003:2 -> of:0000000000000008:3,0.002,0.0025,0.002,0.002,1.53,2026-06-23T08:31:05,0.002,1.53
ip_shuffle,20260623T083105_813180,of:0000000000000008:1 -> of:000000000000000b:6,0.002,0.0025,0.002,0.002,1.43,2026-06-23T08:31:05,0.002,1.43
ip_shuffle,20260623T083105_813180,of:0000000000000004:2 -> of:0000000000000009:2,0.002,0.0025,0.002,0.002,1.53,2026-06-23T08:31:05,0.002,1.53
ip_shuffle,20260623T083105_813180,of:0000000000000002:1 -> of:000000000000000b:4,0.002,0.0025,0.002,0.002,2.43,2026-06-23T08:31:05,0.002,2.43
ip_shuffle,20260623T083105_813180,of:0000000000000009:1 -> of:000000000000000c:6,0.002,0.0025,0.002,0.002,1.43,2026-06-23T08:31:05,0.002,1.43
route_mutation,20260623T083203_520974,of:0000000000000004:1 -> of:000000000000000c:4,0.002,0.0025,0.002,0.002,2.16,2026-06-23T08:32:03,0.002,2.1
route_mutation,20260623T083203_520974,of:0000000000000005:1 -> of:000000000000000c:5,0.002,0.0025,0.002,0.002,2.16,2026-06-23T08:32:03,0.002,2.1
route_mutation,20260623T083203_520974,of:000000000000000a:1 -> of:000000000000000d:6,0.002,0.0025,0.002,0.002,2.13,2026-06-23T08:32:03,0.002,2.1
route_mutation,20260623T083203_520974,of:000000000000000b:3 -> of:000000000000000d:2,0.002,0.0025,0.002,0.002,2.93,2026-06-23T08:32:03,0.002,2.93
route_mutation,20260623T083203_520974,of:000000000000000c:3 -> of:000000000000000d:3,0.002,0.0025,0.002,0.002,2.93,2026-06-23T08:32:03,0.002,2.93
route_mutation,20260623T083203_520974,of:0000000000000005:2 -> of:0000000000000009:3,0.002,0.0025,0.002,0.002,3.03,2026-06-23T08:32:03,0.002,3.03
route_mutation,20260623T083203_520974,of:0000000000000001:1 -> of:000000000000000b:1,0.002,0.0025,0.002,0.002,2.03,2026-06-23T08:32:03,0.002,2.0
route_mutation,20260623T083203_520974,of:000000000000000b:2 -> of:000000000000000c:2,0.002,0.0025,0.002,0.002,2.86,2026-06-23T08:32:03,0.002,2.86
route_mutation,20260623T083203_520974,of:0000000000000001:2 -> of:000000000000000c:1,0.002,0.0025,0.002,0.002,2.03,2026-06-23T08:32:03,0.002,2.0
route_mutation,20260623T083203_520974,of:0000000000000006:2 -> of:000000000000000a:2,0.002,0.0025,0.002,0.002,3.0,2026-06-23T08:32:03,0.002,3.0
route_mutation,20260623T083203_520974,of:0000000000000001:3 -> of:000000000000000d:1,0.003,0.00375,0.003,0.003,4.06,2026-06-23T08:32:03,0.003,4.13
route_mutation,20260623T083203_520974,of:0000000000000003:1 -> of:000000000000000b:5,0.002,0.0025,0.002,0.002,2.16,2026-06-23T08:32:03,0.002,2.1
route_mutation,20260623T083203_520974,of:0000000000000006:1 -> of:000000000000000d:4,0.002,0.0025,0.002,0.002,3.0,2026-06-23T08:32:03,0.002,3.03
route_mutation,20260623T083203_520974,of:0000000000000007:2 -> of:000000000000000a:3,0.002,0.0025,0.002,0.002,2.93,2026-06-23T08:32:03,0.002,2.93
route_mutation,20260623T083203_520974,of:0000000000000007:1 -> of:000000000000000d:5,0.003,0.00375,0.003,0.003,3.46,2026-06-23T08:32:03,0.003,3.43
route_mutation,20260623T083203_520974,of:0000000000000002:2 -> of:0000000000000008:2,0.002,0.0025,0.002,0.002,3.03,2026-06-23T08:32:03,0.002,3.03
route_mutation,20260623T083203_520974,of:0000000000000003:2 -> of:0000000000000008:3,0.002,0.0025,0.002,0.002,3.03,2026-06-23T08:32:03,0.002,3.03
route_mutation,20260623T083203_520974,of:0000000000000008:1 -> of:000000000000000b:6,0.002,0.0025,0.002,0.002,2.06,2026-06-23T08:32:03,0.002,2.03
route_mutation,20260623T083203_520974,of:0000000000000004:2 -> of:0000000000000009:2,0.002,0.0025,0.002,0.002,3.03,2026-06-23T08:32:03,0.002,3.03
route_mutation,20260623T083203_520974,of:0000000000000002:1 -> of:000000000000000b:4,0.002,0.0025,0.002,0.002,2.16,2026-06-23T08:32:03,0.002,2.1
route_mutation,20260623T083203_520974,of:0000000000000009:1 -> of:000000000000000c:6,0.002,0.0025,0.002,0.002,2.06,2026-06-23T08:32:03,0.002,2.03
ip_shuffle,20260623T083233_846888,of:0000000000000004:1 -> of:000000000000000c:4,0.002,0.0025,0.002,0.001,1.33,2026-06-23T08:32:33,0.002,1.4
ip_shuffle,20260623T083233_846888,of:0000000000000005:1 -> of:000000000000000c:5,0.002,0.0025,0.002,0.001,1.33,2026-06-23T08:32:33,0.002,1.4
ip_shuffle,20260623T083233_846888,of:000000000000000a:1 -> of:000000000000000d:6,0.001,0.00125,0.001,0.001,1.3,2026-06-23T08:32:33,0.001,1.33
ip_shuffle,20260623T083233_846888,of:000000000000000b:3 -> of:000000000000000d:2,0.001,0.00125,0.001,0.001,1.4,2026-06-23T08:32:33,0.001,1.4
ip_shuffle,20260623T083233_846888,of:000000000000000c:3 -> of:000000000000000d:3,0.001,0.00125,0.001,0.001,1.4,2026-06-23T08:32:33,0.001,1.4
ip_shuffle,20260623T083233_846888,of:0000000000000005:2 -> of:0000000000000009:3,0.001,0.00125,0.001,0.001,1.36,2026-06-23T08:32:33,0.001,1.36
ip_shuffle,20260623T083233_846888,of:0000000000000001:1 -> of:000000000000000b:1,0.002,0.0025,0.002,0.002,1.63,2026-06-23T08:32:33,0.002,1.56
ip_shuffle,20260623T083233_846888,of:000000000000000b:2 -> of:000000000000000c:2,0.002,0.0025,0.002,0.002,1.46,2026-06-23T08:32:33,0.002,1.46
ip_shuffle,20260623T083233_846888,of:0000000000000001:2 -> of:000000000000000c:1,0.002,0.0025,0.002,0.002,1.4,2026-06-23T08:32:33,0.002,1.43
ip_shuffle,20260623T083233_846888,of:0000000000000006:2 -> of:000000000000000a:2,0.002,0.0025,0.002,0.002,1.4,2026-06-23T08:32:33,0.002,1.4
ip_shuffle,20260623T083233_846888,of:0000000000000001:3 -> of:000000000000000d:1,0.001,0.00125,0.001,0.001,1.36,2026-06-23T08:32:33,0.001,1.4
ip_shuffle,20260623T083233_846888,of:0000000000000003:1 -> of:000000000000000b:5,0.002,0.0025,0.002,0.001,1.33,2026-06-23T08:32:33,0.002,1.4
ip_shuffle,20260623T083233_846888,of:0000000000000006:1 -> of:000000000000000d:4,0.001,0.00125,0.001,0.001,1.3,2026-06-23T08:32:33,0.001,1.33
ip_shuffle,20260623T083233_846888,of:0000000000000007:2 -> of:000000000000000a:3,0.002,0.0025,0.002,0.002,1.4,2026-06-23T08:32:33,0.002,1.4
ip_shuffle,20260623T083233_846888,of:0000000000000007:1 -> of:000000000000000d:5,0.001,0.00125,0.001,0.001,1.36,2026-06-23T08:32:33,0.001,1.4
ip_shuffle,20260623T083233_846888,of:0000000000000002:2 -> of:0000000000000008:2,0.001,0.00125,0.001,0.001,1.36,2026-06-23T08:32:33,0.001,1.36
ip_shuffle,20260623T083233_846888,of:0000000000000003:2 -> of:0000000000000008:3,0.001,0.00125,0.001,0.001,1.36,2026-06-23T08:32:33,0.001,1.36
ip_shuffle,20260623T083233_846888,of:0000000000000008:1 -> of:000000000000000b:6,0.002,0.0025,0.002,0.001,1.36,2026-06-23T08:32:33,0.002,1.4
ip_shuffle,20260623T083233_846888,of:0000000000000004:2 -> of:0000000000000009:2,0.001,0.00125,0.001,0.001,1.36,2026-06-23T08:32:33,0.001,1.36
ip_shuffle,20260623T083233_846888,of:0000000000000002:1 -> of:000000000000000b:4,0.002,0.0025,0.002,0.002,1.43,2026-06-23T08:32:33,0.002,1.4
ip_shuffle,20260623T083233_846888,of:0000000000000009:1 -> of:000000000000000c:6,0.002,0.0025,0.002,0.001,1.36,2026-06-23T08:32:33,0.002,1.4
route_mutation,20260623T083337_892365,of:0000000000000004:1 -> of:000000000000000c:4,0.002,0.0025,0.002,0.002,1.83,2026-06-23T08:33:37,0.002,1.86
route_mutation,20260623T083337_892365,of:0000000000000005:1 -> of:000000000000000c:5,0.002,0.0025,0.002,0.002,2.16,2026-06-23T08:33:37,0.002,2.16
route_mutation,20260623T083337_892365,of:000000000000000a:1 -> of:000000000000000d:6,0.002,0.0025,0.002,0.002,1.86,2026-06-23T08:33:37,0.002,1.86
route_mutation,20260623T083337_892365,of:000000000000000b:3 -> of:000000000000000d:2,0.002,0.0025,0.002,0.002,2.46,2026-06-23T08:33:37,0.002,2.46
route_mutation,20260623T083337_892365,of:000000000000000c:3 -> of:000000000000000d:3,0.002,0.0025,0.002,0.002,2.46,2026-06-23T08:33:37,0.002,2.46
route_mutation,20260623T083337_892365,of:0000000000000005:2 -> of:0000000000000009:3,0.002,0.0025,0.002,0.002,2.43,2026-06-23T08:33:37,0.002,2.43
route_mutation,20260623T083337_892365,of:0000000000000001:1 -> of:000000000000000b:1,0.002,0.0025,0.002,0.002,1.8,2026-06-23T08:33:37,0.002,1.86
route_mutation,20260623T083337_892365,of:000000000000000b:2 -> of:000000000000000c:2,0.002,0.0025,0.002,0.002,2.4,2026-06-23T08:33:37,0.002,2.4
route_mutation,20260623T083337_892365,of:0000000000000001:2 -> of:000000000000000c:1,0.002,0.0025,0.002,0.002,1.9,2026-06-23T08:33:37,0.002,2.0
route_mutation,20260623T083337_892365,of:0000000000000006:2 -> of:000000000000000a:2,0.002,0.0025,0.002,0.002,2.43,2026-06-23T08:33:37,0.002,2.43
route_mutation,20260623T083337_892365,of:0000000000000001:3 -> of:000000000000000d:1,0.003,0.00375,0.003,0.003,3.43,2026-06-23T08:33:37,0.003,3.33
route_mutation,20260623T083337_892365,of:0000000000000003:1 -> of:000000000000000b:5,0.002,0.0025,0.002,0.002,1.8,2026-06-23T08:33:37,0.002,1.86
route_mutation,20260623T083337_892365,of:0000000000000006:1 -> of:000000000000000d:4,0.003,0.00375,0.003,0.003,3.13,2026-06-23T08:33:37,0.003,3.16
route_mutation,20260623T083337_892365,of:0000000000000007:2 -> of:000000000000000a:3,0.002,0.0025,0.002,0.002,2.36,2026-06-23T08:33:37,0.002,2.36
route_mutation,20260623T083337_892365,of:0000000000000007:1 -> of:000000000000000d:5,0.002,0.0025,0.002,0.002,2.06,2026-06-23T08:33:37,0.002,1.96
route_mutation,20260623T083337_892365,of:0000000000000002:2 -> of:0000000000000008:2,0.002,0.0025,0.002,0.002,2.4,2026-06-23T08:33:37,0.002,2.4
route_mutation,20260623T083337_892365,of:0000000000000003:2 -> of:0000000000000008:3,0.002,0.0025,0.002,0.002,2.4,2026-06-23T08:33:37,0.002,2.4
route_mutation,20260623T083337_892365,of:0000000000000008:1 -> of:000000000000000b:6,0.002,0.0025,0.002,0.002,1.8,2026-06-23T08:33:37,0.002,1.8
route_mutation,20260623T083337_892365,of:0000000000000004:2 -> of:0000000000000009:2,0.002,0.0025,0.002,0.002,2.43,2026-06-23T08:33:37,0.002,2.43
route_mutation,20260623T083337_892365,of:0000000000000002:1 -> of:000000000000000b:4,0.002,0.0025,0.002,0.002,1.8,2026-06-23T08:33:37,0.002,1.86
route_mutation,20260623T083337_892365,of:0000000000000009:1 -> of:000000000000000c:6,0.002,0.0025,0.002,0.002,1.8,2026-06-23T08:33:37,0.002,1.8
ip_shuffle,20260623T083408_065167,of:0000000000000004:1 -> of:000000000000000c:4,0.002,0.0025,0.002,0.002,1.86,2026-06-23T08:34:08,0.002,1.82
ip_shuffle,20260623T083408_065167,of:0000000000000005:1 -> of:000000000000000c:5,0.002,0.0025,0.002,0.002,1.86,2026-06-23T08:34:08,0.002,1.82
ip_shuffle,20260623T083408_065167,of:000000000000000a:1 -> of:000000000000000d:6,0.002,0.0025,0.002,0.002,1.76,2026-06-23T08:34:08,0.002,1.76
ip_shuffle,20260623T083408_065167,of:000000000000000b:3 -> of:000000000000000d:2,0.002,0.0025,0.002,0.002,2.26,2026-06-23T08:34:08,0.002,2.26
ip_shuffle,20260623T083408_065167,of:000000000000000c:3 -> of:000000000000000d:3,0.002,0.0025,0.002,0.002,2.26,2026-06-23T08:34:08,0.002,2.26
ip_shuffle,20260623T083408_065167,of:0000000000000005:2 -> of:0000000000000009:3,0.002,0.0025,0.002,0.002,2.35,2026-06-23T08:34:08,0.002,2.35
ip_shuffle,20260623T083408_065167,of:0000000000000001:1 -> of:000000000000000b:1,0.002,0.0025,0.002,0.002,1.82,2026-06-23T08:34:08,0.002,1.72
ip_shuffle,20260623T083408_065167,of:000000000000000b:2 -> of:000000000000000c:2,0.002,0.0025,0.002,0.002,2.32,2026-06-23T08:34:08,0.002,2.32
ip_shuffle,20260623T083408_065167,of:0000000000000001:2 -> of:000000000000000c:1,0.002,0.0025,0.002,0.002,1.82,2026-06-23T08:34:08,0.002,1.72
ip_shuffle,20260623T083408_065167,of:0000000000000006:2 -> of:000000000000000a:2,0.002,0.0025,0.002,0.002,2.35,2026-06-23T08:34:08,0.002,2.35
ip_shuffle,20260623T083408_065167,of:0000000000000001:3 -> of:000000000000000d:1,0.002,0.0025,0.002,0.002,2.82,2026-06-23T08:34:08,0.002,2.92
ip_shuffle,20260623T083408_065167,of:0000000000000003:1 -> of:000000000000000b:5,0.002,0.0025,0.002,0.002,1.96,2026-06-23T08:34:08,0.002,1.89
ip_shuffle,20260623T083408_065167,of:0000000000000006:1 -> of:000000000000000d:4,0.002,0.0025,0.002,0.002,1.82,2026-06-23T08:34:08,0.002,1.79
ip_shuffle,20260623T083408_065167,of:0000000000000007:2 -> of:000000000000000a:3,0.002,0.0025,0.002,0.002,2.35,2026-06-23T08:34:08,0.002,2.35
ip_shuffle,20260623T083408_065167,of:0000000000000007:1 -> of:000000000000000d:5,0.003,0.00375,0.003,0.002,2.95,2026-06-23T08:34:08,0.003,3.05
ip_shuffle,20260623T083408_065167,of:0000000000000002:2 -> of:0000000000000008:2,0.002,0.0025,0.002,0.002,2.45,2026-06-23T08:34:08,0.002,2.45
ip_shuffle,20260623T083408_065167,of:0000000000000003:2 -> of:0000000000000008:3,0.002,0.0025,0.002,0.002,2.45,2026-06-23T08:34:08,0.002,2.45
ip_shuffle,20260623T083408_065167,of:0000000000000008:1 -> of:000000000000000b:6,0.002,0.0025,0.002,0.002,1.82,2026-06-23T08:34:08,0.002,1.82
ip_shuffle,20260623T083408_065167,of:0000000000000004:2 -> of:0000000000000009:2,0.002,0.0025,0.002,0.002,2.35,2026-06-23T08:34:08,0.002,2.35
ip_shuffle,20260623T083408_065167,of:0000000000000002:1 -> of:000000000000000b:4,0.002,0.0025,0.002,0.002,1.96,2026-06-23T08:34:08,0.002,1.89
ip_shuffle,20260623T083408_065167,of:0000000000000009:1 -> of:000000000000000c:6,0.002,0.0025,0.002,0.002,1.82,2026-06-23T08:34:08,0.002,1.82
ip_shuffle,20260623T083505_756315,of:0000000000000004:1 -> of:000000000000000c:4,0.002,0.0025,0.002,0.002,2.43,2026-06-23T08:35:05,0.002,2.43
ip_shuffle,20260623T083505_756315,of:0000000000000005:1 -> of:000000000000000c:5,0.002,0.0025,0.002,0.002,2.43,2026-06-23T08:35:05,0.002,2.43
ip_shuffle,20260623T083505_756315,of:000000000000000a:1 -> of:000000000000000d:6,0.002,0.0025,0.002,0.002,1.56,2026-06-23T08:35:05,0.002,1.56
ip_shuffle,20260623T083505_756315,of:000000000000000b:3 -> of:000000000000000d:2,0.002,0.0025,0.002,0.002,1.86,2026-06-23T08:35:05,0.002,1.86
ip_shuffle,20260623T083505_756315,of:000000000000000c:3 -> of:000000000000000d:3,0.002,0.0025,0.002,0.002,1.93,2026-06-23T08:35:05,0.002,1.93
ip_shuffle,20260623T083505_756315,of:0000000000000005:2 -> of:0000000000000009:3,0.002,0.0025,0.002,0.002,1.86,2026-06-23T08:35:05,0.002,1.86
ip_shuffle,20260623T083505_756315,of:0000000000000001:1 -> of:000000000000000b:1,0.002,0.0025,0.002,0.002,1.9,2026-06-23T08:35:05,0.002,1.9
ip_shuffle,20260623T083505_756315,of:000000000000000b:2 -> of:000000000000000c:2,0.002,0.0025,0.002,0.002,1.86,2026-06-23T08:35:05,0.002,1.86
ip_shuffle,20260623T083505_756315,of:0000000000000001:2 -> of:000000000000000c:1,0.003,0.00375,0.003,0.003,3.16,2026-06-23T08:35:05,0.003,3.16
ip_shuffle,20260623T083505_756315,of:0000000000000006:2 -> of:000000000000000a:2,0.002,0.0025,0.002,0.002,1.8,2026-06-23T08:35:05,0.002,1.8
ip_shuffle,20260623T083505_756315,of:0000000000000001:3 -> of:000000000000000d:1,0.002,0.0025,0.002,0.002,2.0,2026-06-23T08:35:05,0.002,2.0
ip_shuffle,20260623T083505_756315,of:0000000000000003:1 -> of:000000000000000b:5,0.002,0.0025,0.002,0.002,1.93,2026-06-23T08:35:05,0.002,1.93
ip_shuffle,20260623T083505_756315,of:0000000000000006:1 -> of:000000000000000d:4,0.002,0.0025,0.002,0.002,1.96,2026-06-23T08:35:05,0.002,1.96
ip_shuffle,20260623T083505_756315,of:0000000000000007:2 -> of:000000000000000a:3,0.002,0.0025,0.002,0.002,1.8,2026-06-23T08:35:05,0.002,1.8
ip_shuffle,20260623T083505_756315,of:0000000000000007:1 -> of:000000000000000d:5,0.002,0.0025,0.002,0.002,1.56,2026-06-23T08:35:05,0.002,1.56
ip_shuffle,20260623T083505_756315,of:0000000000000002:2 -> of:0000000000000008:2,0.002,0.0025,0.002,0.002,1.83,2026-06-23T08:35:05,0.002,1.83
ip_shuffle,20260623T083505_756315,of:0000000000000003:2 -> of:0000000000000008:3,0.002,0.0025,0.002,0.002,1.83,2026-06-23T08:35:05,0.002,1.83
ip_shuffle,20260623T083505_756315,of:0000000000000008:1 -> of:000000000000000b:6,0.001,0.00125,0.001,0.001,1.5,2026-06-23T08:35:05,0.001,1.5
ip_shuffle,20260623T083505_756315,of:0000000000000004:2 -> of:0000000000000009:2,0.002,0.0025,0.002,0.002,1.86,2026-06-23T08:35:05,0.002,1.86
ip_shuffle,20260623T083505_756315,of:0000000000000002:1 -> of:000000000000000b:4,0.002,0.0025,0.002,0.001,1.53,2026-06-23T08:35:05,0.002,1.56
ip_shuffle,20260623T083505_756315,of:0000000000000009:1 -> of:000000000000000c:6,0.002,0.0025,0.002,0.002,1.56,2026-06-23T08:35:05,0.002,1.56
ip_shuffle,20260623T083610_132258,of:0000000000000004:1 -> of:000000000000000c:4,0.001,0.00125,0.001,0.001,1.43,2026-06-23T08:36:10,0.001,1.37
ip_shuffle,20260623T083610_132258,of:0000000000000005:1 -> of:000000000000000c:5,0.001,0.00125,0.001,0.001,1.43,2026-06-23T08:36:10,0.001,1.37
ip_shuffle,20260623T083610_132258,of:000000000000000a:1 -> of:000000000000000d:6,0.002,0.0025,0.002,0.002,1.47,2026-06-23T08:36:10,0.002,1.43
ip_shuffle,20260623T083610_132258,of:000000000000000b:3 -> of:000000000000000d:2,0.002,0.0025,0.002,0.002,1.53,2026-06-23T08:36:10,0.002,1.53
ip_shuffle,20260623T083610_132258,of:000000000000000c:3 -> of:000000000000000d:3,0.002,0.0025,0.002,0.002,1.53,2026-06-23T08:36:10,0.002,1.53
ip_shuffle,20260623T083610_132258,of:0000000000000005:2 -> of:0000000000000009:3,0.002,0.0025,0.002,0.002,1.56,2026-06-23T08:36:10,0.002,1.56
ip_shuffle,20260623T083610_132258,of:0000000000000001:1 -> of:000000000000000b:1,0.002,0.0025,0.002,0.002,1.43,2026-06-23T08:36:10,0.001,1.37
ip_shuffle,20260623T083610_132258,of:000000000000000b:2 -> of:000000000000000c:2,0.002,0.0025,0.002,0.002,1.53,2026-06-23T08:36:10,0.002,1.53
ip_shuffle,20260623T083610_132258,of:0000000000000001:2 -> of:000000000000000c:1,0.002,0.0025,0.002,0.002,1.43,2026-06-23T08:36:10,0.001,1.37
ip_shuffle,20260623T083610_132258,of:0000000000000006:2 -> of:000000000000000a:2,0.002,0.0025,0.002,0.002,1.6,2026-06-23T08:36:10,0.002,1.6
ip_shuffle,20260623T083610_132258,of:0000000000000001:3 -> of:000000000000000d:1,0.002,0.0025,0.002,0.002,1.56,2026-06-23T08:36:10,0.002,1.66
ip_shuffle,20260623T083610_132258,of:0000000000000003:1 -> of:000000000000000b:5,0.002,0.0025,0.002,0.001,1.33,2026-06-23T08:36:10,0.002,1.43
ip_shuffle,20260623T083610_132258,of:0000000000000006:1 -> of:000000000000000d:4,0.002,0.0025,0.002,0.002,1.47,2026-06-23T08:36:10,0.002,1.43
ip_shuffle,20260623T083610_132258,of:0000000000000007:2 -> of:000000000000000a:3,0.002,0.0025,0.002,0.002,1.6,2026-06-23T08:36:10,0.002,1.6
ip_shuffle,20260623T083610_132258,of:0000000000000007:1 -> of:000000000000000d:5,0.002,0.0025,0.002,0.002,1.73,2026-06-23T08:36:10,0.002,1.76
ip_shuffle,20260623T083610_132258,of:0000000000000002:2 -> of:0000000000000008:2,0.002,0.0025,0.002,0.002,1.47,2026-06-23T08:36:10,0.002,1.47
ip_shuffle,20260623T083610_132258,of:0000000000000003:2 -> of:0000000000000008:3,0.002,0.0025,0.002,0.002,1.47,2026-06-23T08:36:10,0.002,1.47
ip_shuffle,20260623T083610_132258,of:0000000000000008:1 -> of:000000000000000b:6,0.002,0.0025,0.002,0.002,1.47,2026-06-23T08:36:10,0.002,1.43
ip_shuffle,20260623T083610_132258,of:0000000000000004:2 -> of:0000000000000009:2,0.002,0.0025,0.002,0.002,1.56,2026-06-23T08:36:10,0.002,1.56
ip_shuffle,20260623T083610_132258,of:0000000000000002:1 -> of:000000000000000b:4,0.002,0.0025,0.002,0.001,1.33,2026-06-23T08:36:10,0.002,1.43
ip_shuffle,20260623T083610_132258,of:0000000000000009:1 -> of:000000000000000c:6,0.002,0.0025,0.002,0.002,1.47,2026-06-23T08:36:10,0.002,1.43
ip_shuffle,20260623T083714_226992,of:0000000000000004:1 -> of:000000000000000c:4,0.002,0.0025,0.002,0.002,2.03,2026-06-23T08:37:14,0.002,2.1
ip_shuffle,20260623T083714_226992,of:0000000000000005:1 -> of:000000000000000c:5,0.002,0.0025,0.002,0.002,2.7,2026-06-23T08:37:14,0.002,2.76
ip_shuffle,20260623T083714_226992,of:000000000000000a:1 -> of:000000000000000d:6,0.002,0.0025,0.002,0.002,1.93,2026-06-23T08:37:14,0.002,1.96
ip_shuffle,20260623T083714_226992,of:000000000000000b:3 -> of:000000000000000d:2,0.002,0.0025,0.002,0.002,2.63,2026-06-23T08:37:14,0.002,2.63
ip_shuffle,20260623T083714_226992,of:000000000000000c:3 -> of:000000000000000d:3,0.002,0.0025,0.002,0.002,2.6,2026-06-23T08:37:14,0.002,2.6
ip_shuffle,20260623T083714_226992,of:0000000000000005:2 -> of:0000000000000009:3,0.002,0.0025,0.002,0.002,2.63,2026-06-23T08:37:14,0.002,2.63
ip_shuffle,20260623T083714_226992,of:0000000000000001:1 -> of:000000000000000b:1,0.002,0.0025,0.002,0.002,1.93,2026-06-23T08:37:14,0.002,2.03
ip_shuffle,20260623T083714_226992,of:000000000000000b:2 -> of:000000000000000c:2,0.002,0.0025,0.002,0.002,2.63,2026-06-23T08:37:14,0.002,2.63
ip_shuffle,20260623T083714_226992,of:0000000000000001:2 -> of:000000000000000c:1,0.002,0.0025,0.002,0.002,2.63,2026-06-23T08:37:14,0.002,2.66
ip_shuffle,20260623T083714_226992,of:0000000000000006:2 -> of:000000000000000a:2,0.002,0.0025,0.002,0.002,2.66,2026-06-23T08:37:14,0.002,2.66
ip_shuffle,20260623T083714_226992,of:0000000000000001:3 -> of:000000000000000d:1,0.003,0.00375,0.003,0.003,3.63,2026-06-23T08:37:14,0.003,3.53
ip_shuffle,20260623T083714_226992,of:0000000000000003:1 -> of:000000000000000b:5,0.002,0.0025,0.002,0.002,2.06,2026-06-23T08:37:14,0.002,1.93
ip_shuffle,20260623T083714_226992,of:0000000000000006:1 -> of:000000000000000d:4,0.003,0.00375,0.003,0.003,3.23,2026-06-23T08:37:14,0.003,3.26
ip_shuffle,20260623T083714_226992,of:0000000000000007:2 -> of:000000000000000a:3,0.002,0.0025,0.002,0.002,2.66,2026-06-23T08:37:14,0.002,2.66
ip_shuffle,20260623T083714_226992,of:0000000000000007:1 -> of:000000000000000d:5,0.002,0.0025,0.002,0.002,2.23,2026-06-23T08:37:14,0.002,2.2
ip_shuffle,20260623T083714_226992,of:0000000000000002:2 -> of:0000000000000008:2,0.002,0.0025,0.002,0.002,2.73,2026-06-23T08:37:14,0.002,2.76
ip_shuffle,20260623T083714_226992,of:0000000000000003:2 -> of:0000000000000008:3,0.002,0.0025,0.002,0.002,2.73,2026-06-23T08:37:14,0.002,2.73
ip_shuffle,20260623T083714_226992,of:0000000000000008:1 -> of:000000000000000b:6,0.002,0.0025,0.002,0.002,2.0,2026-06-23T08:37:14,0.002,2.0
ip_shuffle,20260623T083714_226992,of:0000000000000004:2 -> of:0000000000000009:2,0.002,0.0025,0.002,0.002,2.63,2026-06-23T08:37:14,0.002,2.63
ip_shuffle,20260623T083714_226992,of:0000000000000002:1 -> of:000000000000000b:4,0.002,0.0025,0.002,0.002,2.06,2026-06-23T08:37:14,0.002,1.93
ip_shuffle,20260623T083714_226992,of:0000000000000009:1 -> of:000000000000000c:6,0.002,0.0025,0.002,0.002,1.93,2026-06-23T08:37:14,0.002,1.96
route_mutation,20260623T083811_876380,of:0000000000000004:1 -> of:000000000000000c:4,0.002,0.0025,0.002,0.002,1.56,2026-06-23T08:38:11,0.002,1.56
route_mutation,20260623T083811_876380,of:0000000000000005:1 -> of:000000000000000c:5,0.002,0.0025,0.002,0.002,1.56,2026-06-23T08:38:11,0.002,1.56
route_mutation,20260623T083811_876380,of:000000000000000a:1 -> of:000000000000000d:6,0.001,0.00125,0.001,0.001,1.36,2026-06-23T08:38:11,0.001,1.36
route_mutation,20260623T083811_876380,of:000000000000000b:3 -> of:000000000000000d:2,0.002,0.0025,0.002,0.002,1.53,2026-06-23T08:38:11,0.002,1.53
route_mutation,20260623T083811_876380,of:000000000000000c:3 -> of:000000000000000d:3,0.002,0.0025,0.002,0.002,1.53,2026-06-23T08:38:11,0.002,1.53
route_mutation,20260623T083811_876380,of:0000000000000005:2 -> of:0000000000000009:3,0.002,0.0025,0.002,0.002,1.6,2026-06-23T08:38:11,0.002,1.6
route_mutation,20260623T083811_876380,of:0000000000000001:1 -> of:000000000000000b:1,0.002,0.0025,0.002,0.002,2.43,2026-06-23T08:38:11,0.002,2.43
route_mutation,20260623T083811_876380,of:000000000000000b:2 -> of:000000000000000c:2,0.002,0.0025,0.002,0.002,1.53,2026-06-23T08:38:11,0.002,1.53
route_mutation,20260623T083811_876380,of:0000000000000001:2 -> of:000000000000000c:1,0.002,0.0025,0.002,0.002,1.43,2026-06-23T08:38:11,0.002,1.43
route_mutation,20260623T083811_876380,of:0000000000000006:2 -> of:000000000000000a:2,0.001,0.00125,0.001,0.001,1.4,2026-06-23T08:38:11,0.001,1.4
route_mutation,20260623T083811_876380,of:0000000000000001:3 -> of:000000000000000d:1,0.002,0.0025,0.002,0.002,1.43,2026-06-23T08:38:11,0.002,1.43
route_mutation,20260623T083811_876380,of:0000000000000003:1 -> of:000000000000000b:5,0.002,0.0025,0.002,0.002,1.53,2026-06-23T08:38:11,0.002,1.53
route_mutation,20260623T083811_876380,of:0000000000000006:1 -> of:000000000000000d:4,0.001,0.00125,0.001,0.001,1.36,2026-06-23T08:38:11,0.001,1.36
route_mutation,20260623T083811_876380,of:0000000000000007:2 -> of:000000000000000a:3,0.001,0.00125,0.001,0.001,1.4,2026-06-23T08:38:11,0.001,1.4
route_mutation,20260623T083811_876380,of:0000000000000007:1 -> of:000000000000000d:5,0.001,0.00125,0.001,0.001,1.36,2026-06-23T08:38:11,0.001,1.36
route_mutation,20260623T083811_876380,of:0000000000000002:2 -> of:0000000000000008:2,0.001,0.00125,0.001,0.001,1.46,2026-06-23T08:38:11,0.001,1.46
route_mutation,20260623T083811_876380,of:0000000000000003:2 -> of:0000000000000008:3,0.001,0.00125,0.001,0.001,1.46,2026-06-23T08:38:11,0.001,1.46
route_mutation,20260623T083811_876380,of:0000000000000008:1 -> of:000000000000000b:6,0.001,0.00125,0.001,0.001,1.36,2026-06-23T08:38:11,0.001,1.36
route_mutation,20260623T083811_876380,of:0000000000000004:2 -> of:0000000000000009:2,0.002,0.0025,0.002,0.002,1.6,2026-06-23T08:38:11,0.002,1.6
route_mutation,20260623T083811_876380,of:0000000000000002:1 -> of:000000000000000b:4,0.002,0.0025,0.002,0.002,2.33,2026-06-23T08:38:11,0.002,2.33
route_mutation,20260623T083811_876380,of:0000000000000009:1 -> of:000000000000000c:6,0.001,0.00125,0.001,0.001,1.36,2026-06-23T08:38:11,0.001,1.36
route_mutation,20260623T083842_189170,of:0000000000000004:1 -> of:000000000000000c:4,0.002,0.0025,0.002,0.002,2.4,2026-06-23T08:38:42,0.002,2.26
route_mutation,20260623T083842_189170,of:0000000000000005:1 -> of:000000000000000c:5,0.002,0.0025,0.002,0.002,2.4,2026-06-23T08:38:42,0.002,2.26
route_mutation,20260623T083842_189170,of:000000000000000a:1 -> of:000000000000000d:6,0.002,0.0025,0.002,0.002,1.53,2026-06-23T08:38:42,0.002,1.56
route_mutation,20260623T083842_189170,of:000000000000000b:3 -> of:000000000000000d:2,0.002,0.0025,0.002,0.002,1.73,2026-06-23T08:38:42,0.002,1.76
route_mutation,20260623T083842_189170,of:000000000000000c:3 -> of:000000000000000d:3,0.002,0.0025,0.002,0.002,1.73,2026-06-23T08:38:42,0.002,1.76
route_mutation,20260623T083842_189170,of:0000000000000005:2 -> of:0000000000000009:3,0.002,0.0025,0.002,0.002,1.93,2026-06-23T08:38:42,0.002,1.93
route_mutation,20260623T083842_189170,of:0000000000000001:1 -> of:000000000000000b:1,0.002,0.0025,0.002,0.002,2.5,2026-06-23T08:38:42,0.002,2.6
route_mutation,20260623T083842_189170,of:000000000000000b:2 -> of:000000000000000c:2,0.002,0.0025,0.002,0.002,1.73,2026-06-23T08:38:42,0.002,1.73
route_mutation,20260623T083842_189170,of:0000000000000001:2 -> of:000000000000000c:1,0.003,0.00375,0.003,0.003,3.06,2026-06-23T08:38:42,0.003,3.16
route_mutation,20260623T083842_189170,of:0000000000000006:2 -> of:000000000000000a:2,0.002,0.0025,0.002,0.002,1.83,2026-06-23T08:38:42,0.002,1.83
route_mutation,20260623T083842_189170,of:0000000000000001:3 -> of:000000000000000d:1,0.002,0.0025,0.002,0.002,1.96,2026-06-23T08:38:42,0.002,1.86
route_mutation,20260623T083842_189170,of:0000000000000003:1 -> of:000000000000000b:5,0.002,0.0025,0.002,0.002,2.5,2026-06-23T08:38:42,0.002,2.4
route_mutation,20260623T083842_189170,of:0000000000000006:1 -> of:000000000000000d:4,0.002,0.0025,0.002,0.002,1.8,2026-06-23T08:38:42,0.002,1.73
route_mutation,20260623T083842_189170,of:0000000000000007:2 -> of:000000000000000a:3,0.002,0.0025,0.002,0.002,1.83,2026-06-23T08:38:42,0.002,1.83
route_mutation,20260623T083842_189170,of:0000000000000007:1 -> of:000000000000000d:5,0.002,0.0025,0.002,0.001,1.5,2026-06-23T08:38:42,0.002,1.56
route_mutation,20260623T083842_189170,of:0000000000000002:2 -> of:0000000000000008:2,0.002,0.0025,0.002,0.002,1.86,2026-06-23T08:38:42,0.002,1.86
route_mutation,20260623T083842_189170,of:0000000000000003:2 -> of:0000000000000008:3,0.002,0.0025,0.002,0.002,1.86,2026-06-23T08:38:42,0.002,1.86
route_mutation,20260623T083842_189170,of:0000000000000008:1 -> of:000000000000000b:6,0.002,0.0025,0.002,0.001,1.5,2026-06-23T08:38:42,0.002,1.53
route_mutation,20260623T083842_189170,of:0000000000000004:2 -> of:0000000000000009:2,0.002,0.0025,0.002,0.002,1.93,2026-06-23T08:38:42,0.002,1.93
route_mutation,20260623T083842_189170,of:0000000000000002:1 -> of:000000000000000b:4,0.002,0.0025,0.002,0.002,1.66,2026-06-23T08:38:42,0.002,1.56
route_mutation,20260623T083842_189170,of:0000000000000009:1 -> of:000000000000000c:6,0.002,0.0025,0.002,0.002,1.53,2026-06-23T08:38:42,0.002,1.53
route_mutation,20260623T083912_554984,of:0000000000000004:1 -> of:000000000000000c:4,0.002,0.0025,0.002,0.002,2.13,2026-06-23T08:39:12,0.002,2.23
route_mutation,20260623T083912_554984,of:0000000000000005:1 -> of:000000000000000c:5,0.002,0.0025,0.002,0.002,2.13,2026-06-23T08:39:12,0.002,2.23
route_mutation,20260623T083912_554984,of:000000000000000a:1 -> of:000000000000000d:6,0.002,0.0025,0.002,0.002,2.23,2026-06-23T08:39:12,0.002,2.23
route_mutation,20260623T083912_554984,of:000000000000000b:3 -> of:000000000000000d:2,0.002,0.0025,0.002,0.002,3.16,2026-06-23T08:39:12,0.002,3.13
route_mutation,20260623T083912_554984,of:000000000000000c:3 -> of:000000000000000d:3,0.002,0.0025,0.002,0.002,3.16,2026-06-23T08:39:12,0.002,3.13
route_mutation,20260623T083912_554984,of:0000000000000005:2 -> of:0000000000000009:3,0.002,0.0025,0.002,0.002,3.03,2026-06-23T08:39:12,0.002,3.03
route_mutation,20260623T083912_554984,of:0000000000000001:1 -> of:000000000000000b:1,0.002,0.0025,0.002,0.002,2.23,2026-06-23T08:39:12,0.002,2.16
route_mutation,20260623T083912_554984,of:000000000000000b:2 -> of:000000000000000c:2,0.002,0.0025,0.002,0.002,3.13,2026-06-23T08:39:12,0.002,3.13
route_mutation,20260623T083912_554984,of:0000000000000001:2 -> of:000000000000000c:1,0.002,0.0025,0.002,0.002,2.23,2026-06-23T08:39:12,0.002,2.16
route_mutation,20260623T083912_554984,of:0000000000000006:2 -> of:000000000000000a:2,0.002,0.0025,0.002,0.002,3.13,2026-06-23T08:39:12,0.002,3.13
route_mutation,20260623T083912_554984,of:0000000000000001:3 -> of:000000000000000d:1,0.003,0.00375,0.003,0.003,4.36,2026-06-23T08:39:12,0.003,4.4
route_mutation,20260623T083912_554984,of:0000000000000003:1 -> of:000000000000000b:5,0.002,0.0025,0.002,0.002,2.16,2026-06-23T08:39:12,0.002,2.23
route_mutation,20260623T083912_554984,of:0000000000000006:1 -> of:000000000000000d:4,0.003,0.00375,0.003,0.003,3.23,2026-06-23T08:39:12,0.003,3.36
route_mutation,20260623T083912_554984,of:0000000000000007:2 -> of:000000000000000a:3,0.002,0.0025,0.002,0.002,3.13,2026-06-23T08:39:12,0.002,3.13
route_mutation,20260623T083912_554984,of:0000000000000007:1 -> of:000000000000000d:5,0.003,0.00375,0.003,0.003,3.46,2026-06-23T08:39:12,0.003,3.33
route_mutation,20260623T083912_554984,of:0000000000000002:2 -> of:0000000000000008:2,0.002,0.0025,0.002,0.002,3.1,2026-06-23T08:39:12,0.002,3.1
route_mutation,20260623T083912_554984,of:0000000000000003:2 -> of:0000000000000008:3,0.002,0.0025,0.002,0.002,3.1,2026-06-23T08:39:12,0.002,3.1
route_mutation,20260623T083912_554984,of:0000000000000008:1 -> of:000000000000000b:6,0.002,0.0025,0.002,0.002,2.26,2026-06-23T08:39:12,0.002,2.23
route_mutation,20260623T083912_554984,of:0000000000000004:2 -> of:0000000000000009:2,0.002,0.0025,0.002,0.002,3.03,2026-06-23T08:39:12,0.002,3.03
route_mutation,20260623T083912_554984,of:0000000000000002:1 -> of:000000000000000b:4,0.002,0.0025,0.002,0.002,2.16,2026-06-23T08:39:12,0.002,2.23
route_mutation,20260623T083912_554984,of:0000000000000009:1 -> of:000000000000000c:6,0.002,0.0025,0.002,0.002,2.23,2026-06-23T08:39:12,0.002,2.23
ip_shuffle,20260623T083942_858353,of:0000000000000004:1 -> of:000000000000000c:4,0.002,0.0025,0.002,0.002,1.43,2026-06-23T08:39:42,0.001,1.37
ip_shuffle,20260623T083942_858353,of:0000000000000005:1 -> of:000000000000000c:5,0.002,0.0025,0.002,0.002,1.43,2026-06-23T08:39:42,0.001,1.37
ip_shuffle,20260623T083942_858353,of:000000000000000a:1 -> of:000000000000000d:6,0.002,0.0025,0.002,0.002,1.37,2026-06-23T08:39:42,0.001,1.33
ip_shuffle,20260623T083942_858353,of:000000000000000b:3 -> of:000000000000000d:2,0.002,0.0025,0.002,0.002,1.37,2026-06-23T08:39:42,0.002,1.37
ip_shuffle,20260623T083942_858353,of:000000000000000c:3 -> of:000000000000000d:3,0.002,0.0025,0.002,0.002,1.37,2026-06-23T08:39:42,0.002,1.37
ip_shuffle,20260623T083942_858353,of:0000000000000005:2 -> of:0000000000000009:3,0.001,0.00125,0.001,0.001,1.4,2026-06-23T08:39:42,0.001,1.4
ip_shuffle,20260623T083942_858353,of:0000000000000001:1 -> of:000000000000000b:1,0.002,0.0025,0.002,0.002,1.46,2026-06-23T08:39:42,0.002,1.4
ip_shuffle,20260623T083942_858353,of:000000000000000b:2 -> of:000000000000000c:2,0.002,0.0025,0.002,0.002,1.4,2026-06-23T08:39:42,0.002,1.4
ip_shuffle,20260623T083942_858353,of:0000000000000001:2 -> of:000000000000000c:1,0.002,0.0025,0.002,0.001,1.37,2026-06-23T08:39:42,0.002,1.4
ip_shuffle,20260623T083942_858353,of:0000000000000006:2 -> of:000000000000000a:2,0.001,0.00125,0.001,0.001,1.37,2026-06-23T08:39:42,0.001,1.37
ip_shuffle,20260623T083942_858353,of:0000000000000001:3 -> of:000000000000000d:1,0.002,0.0025,0.002,0.002,1.43,2026-06-23T08:39:42,0.002,1.56
ip_shuffle,20260623T083942_858353,of:0000000000000003:1 -> of:000000000000000b:5,0.002,0.0025,0.002,0.002,1.4,2026-06-23T08:39:42,0.001,1.37
ip_shuffle,20260623T083942_858353,of:0000000000000006:1 -> of:000000000000000d:4,0.001,0.00125,0.001,0.001,1.33,2026-06-23T08:39:42,0.001,1.27
ip_shuffle,20260623T083942_858353,of:0000000000000007:2 -> of:000000000000000a:3,0.001,0.00125,0.001,0.001,1.37,2026-06-23T08:39:42,0.001,1.37
ip_shuffle,20260623T083942_858353,of:0000000000000007:1 -> of:000000000000000d:5,0.002,0.0025,0.002,0.002,1.5,2026-06-23T08:39:42,0.002,1.56
ip_shuffle,20260623T083942_858353,of:0000000000000002:2 -> of:0000000000000008:2,0.001,0.00125,0.001,0.001,1.37,2026-06-23T08:39:42,0.001,1.37
ip_shuffle,20260623T083942_858353,of:0000000000000003:2 -> of:0000000000000008:3,0.001,0.00125,0.001,0.001,1.37,2026-06-23T08:39:42,0.001,1.37
ip_shuffle,20260623T083942_858353,of:0000000000000008:1 -> of:000000000000000b:6,0.001,0.00125,0.001,0.001,1.3,2026-06-23T08:39:42,0.001,1.3
ip_shuffle,20260623T083942_858353,of:0000000000000004:2 -> of:0000000000000009:2,0.001,0.00125,0.001,0.001,1.4,2026-06-23T08:39:42,0.001,1.4
ip_shuffle,20260623T083942_858353,of:0000000000000002:1 -> of:000000000000000b:4,0.002,0.0025,0.002,0.002,1.4,2026-06-23T08:39:42,0.002,1.46
ip_shuffle,20260623T083942_858353,of:0000000000000009:1 -> of:000000000000000c:6,0.001,0.00125,0.001,0.001,1.3,2026-06-23T08:39:42,0.001,1.3
ip_shuffle,20260623T084040_504964,of:0000000000000004:1 -> of:000000000000000c:4,0.002,0.0025,0.002,0.002,2.19,2026-06-23T08:40:40,0.002,2.09
ip_shuffle,20260623T084040_504964,of:0000000000000005:1 -> of:000000000000000c:5,0.002,0.0025,0.002,0.002,2.59,2026-06-23T08:40:40,0.002,2.49
ip_shuffle,20260623T084040_504964,of:000000000000000a:1 -> of:000000000000000d:6,0.002,0.0025,0.002,0.002,2.09,2026-06-23T08:40:40,0.002,2.09
ip_shuffle,20260623T084040_504964,of:000000000000000b:3 -> of:000000000000000d:2,0.002,0.0025,0.002,0.002,2.86,2026-06-23T08:40:40,0.002,2.86
ip_shuffle,20260623T084040_504964,of:000000000000000c:3 -> of:000000000000000d:3,0.002,0.0025,0.002,0.002,2.86,2026-06-23T08:40:40,0.002,2.86
ip_shuffle,20260623T084040_504964,of:0000000000000005:2 -> of:0000000000000009:3,0.002,0.0025,0.002,0.002,2.92,2026-06-23T08:40:40,0.002,2.92
ip_shuffle,20260623T084040_504964,of:0000000000000001:1 -> of:000000000000000b:1,0.002,0.0025,0.002,0.002,2.09,2026-06-23T08:40:40,0.002,2.19
ip_shuffle,20260623T084040_504964,of:000000000000000b:2 -> of:000000000000000c:2,0.002,0.0025,0.002,0.002,2.86,2026-06-23T08:40:40,0.002,2.86
ip_shuffle,20260623T084040_504964,of:0000000000000001:2 -> of:000000000000000c:1,0.002,0.0025,0.002,0.002,2.49,2026-06-23T08:40:40,0.002,2.59
ip_shuffle,20260623T084040_504964,of:0000000000000006:2 -> of:000000000000000a:2,0.002,0.0025,0.002,0.002,3.06,2026-06-23T08:40:40,0.002,3.06
ip_shuffle,20260623T084040_504964,of:0000000000000001:3 -> of:000000000000000d:1,0.003,0.00375,0.003,0.003,4.05,2026-06-23T08:40:40,0.003,3.92
ip_shuffle,20260623T084040_504964,of:0000000000000003:1 -> of:000000000000000b:5,0.002,0.0025,0.002,0.002,2.19,2026-06-23T08:40:40,0.002,2.09
ip_shuffle,20260623T084040_504964,of:0000000000000006:1 -> of:000000000000000d:4,0.003,0.00375,0.003,0.003,3.52,2026-06-23T08:40:40,0.003,3.39
ip_shuffle,20260623T084040_504964,of:0000000000000007:2 -> of:000000000000000a:3,0.002,0.0025,0.002,0.002,2.82,2026-06-23T08:40:40,0.002,2.82
ip_shuffle,20260623T084040_504964,of:0000000000000007:1 -> of:000000000000000d:5,0.002,0.0025,0.002,0.002,2.56,2026-06-23T08:40:40,0.002,2.53
ip_shuffle,20260623T084040_504964,of:0000000000000002:2 -> of:0000000000000008:2,0.002,0.0025,0.002,0.002,2.92,2026-06-23T08:40:40,0.002,2.92
ip_shuffle,20260623T084040_504964,of:0000000000000003:2 -> of:0000000000000008:3,0.002,0.0025,0.002,0.002,2.92,2026-06-23T08:40:40,0.002,2.92
ip_shuffle,20260623T084040_504964,of:0000000000000008:1 -> of:000000000000000b:6,0.002,0.0025,0.002,0.002,2.06,2026-06-23T08:40:40,0.002,2.09
ip_shuffle,20260623T084040_504964,of:0000000000000004:2 -> of:0000000000000009:2,0.002,0.0025,0.002,0.002,2.92,2026-06-23T08:40:40,0.002,2.92
ip_shuffle,20260623T084040_504964,of:0000000000000002:1 -> of:000000000000000b:4,0.002,0.0025,0.002,0.002,2.19,2026-06-23T08:40:40,0.002,2.09
ip_shuffle,20260623T084040_504964,of:0000000000000009:1 -> of:000000000000000c:6,0.002,0.0025,0.002,0.002,2.06,2026-06-23T08:40:40,0.002,2.09
route_mutation,20260623T084144_753630,of:0000000000000004:1 -> of:000000000000000c:4,0.002,0.0025,0.002,0.002,1.63,2026-06-23T08:41:44,0.002,1.56
route_mutation,20260623T084144_753630,of:0000000000000005:1 -> of:000000000000000c:5,0.001,0.00125,0.001,0.001,1.46,2026-06-23T08:41:44,0.001,1.43
route_mutation,20260623T084144_753630,of:000000000000000a:1 -> of:000000000000000d:6,0.001,0.00125,0.001,0.001,1.36,2026-06-23T08:41:44,0.001,1.36
route_mutation,20260623T084144_753630,of:000000000000000b:3 -> of:000000000000000d:2,0.001,0.00125,0.001,0.001,1.53,2026-06-23T08:41:44,0.001,1.53
route_mutation,20260623T084144_753630,of:000000000000000c:3 -> of:000000000000000d:3,0.001,0.00125,0.001,0.001,1.56,2026-06-23T08:41:44,0.001,1.56
route_mutation,20260623T084144_753630,of:0000000000000005:2 -> of:0000000000000009:3,0.002,0.0025,0.002,0.002,1.63,2026-06-23T08:41:44,0.002,1.63
route_mutation,20260623T084144_753630,of:0000000000000001:1 -> of:000000000000000b:1,0.003,0.00375,0.003,0.003,3.43,2026-06-23T08:41:44,0.003,3.33
route_mutation,20260623T084144_753630,of:000000000000000b:2 -> of:000000000000000c:2,0.001,0.00125,0.001,0.001,1.53,2026-06-23T08:41:44,0.001,1.53
route_mutation,20260623T084144_753630,of:0000000000000001:2 -> of:000000000000000c:1,0.001,0.00125,0.001,0.001,1.46,2026-06-23T08:41:44,0.001,1.5
route_mutation,20260623T084144_753630,of:0000000000000006:2 -> of:000000000000000a:2,0.002,0.0025,0.002,0.002,1.63,2026-06-23T08:41:44,0.002,1.63
route_mutation,20260623T084144_753630,of:0000000000000001:3 -> of:000000000000000d:1,0.001,0.00125,0.001,0.001,1.36,2026-06-23T08:41:44,0.001,1.4
route_mutation,20260623T084144_753630,of:0000000000000003:1 -> of:000000000000000b:5,0.002,0.0025,0.002,0.002,2.26,2026-06-23T08:41:44,0.002,2.36
route_mutation,20260623T084144_753630,of:0000000000000006:1 -> of:000000000000000d:4,0.001,0.00125,0.001,0.001,1.46,2026-06-23T08:41:44,0.001,1.43
route_mutation,20260623T084144_753630,of:0000000000000007:2 -> of:000000000000000a:3,0.002,0.0025,0.002,0.002,1.6,2026-06-23T08:41:44,0.002,1.6
route_mutation,20260623T084144_753630,of:0000000000000007:1 -> of:000000000000000d:5,0.001,0.00125,0.001,0.001,1.43,2026-06-23T08:41:44,0.001,1.46
route_mutation,20260623T084144_753630,of:0000000000000002:2 -> of:0000000000000008:2,0.002,0.0025,0.002,0.002,1.6,2026-06-23T08:41:44,0.002,1.6
route_mutation,20260623T084144_753630,of:0000000000000003:2 -> of:0000000000000008:3,0.002,0.0025,0.002,0.002,1.63,2026-06-23T08:41:44,0.002,1.63
route_mutation,20260623T084144_753630,of:0000000000000008:1 -> of:000000000000000b:6,0.001,0.00125,0.001,0.001,1.4,2026-06-23T08:41:44,0.001,1.43
route_mutation,20260623T084144_753630,of:0000000000000004:2 -> of:0000000000000009:2,0.002,0.0025,0.002,0.002,1.63,2026-06-23T08:41:44,0.002,1.63
route_mutation,20260623T084144_753630,of:0000000000000002:1 -> of:000000000000000b:4,0.002,0.0025,0.002,0.002,2.43,2026-06-23T08:41:44,0.002,2.39
route_mutation,20260623T084144_753630,of:0000000000000009:1 -> of:000000000000000c:6,0.001,0.00125,0.001,0.001,1.36,2026-06-23T08:41:44,0.001,1.36
ip_shuffle,20260623T084215_066495,of:0000000000000004:1 -> of:000000000000000c:4,0.002,0.0025,0.002,0.002,2.5,2026-06-23T08:42:15,0.002,2.43
ip_shuffle,20260623T084215_066495,of:0000000000000005:1 -> of:000000000000000c:5,0.002,0.0025,0.002,0.002,2.63,2026-06-23T08:42:15,0.002,2.53
ip_shuffle,20260623T084215_066495,of:000000000000000a:1 -> of:000000000000000d:6,0.002,0.0025,0.002,0.002,1.8,2026-06-23T08:42:15,0.002,1.83
ip_shuffle,20260623T084215_066495,of:000000000000000b:3 -> of:000000000000000d:2,0.002,0.0025,0.002,0.002,2.3,2026-06-23T08:42:15,0.002,2.3
ip_shuffle,20260623T084215_066495,of:000000000000000c:3 -> of:000000000000000d:3,0.002,0.0025,0.002,0.002,2.3,2026-06-23T08:42:15,0.002,2.3
ip_shuffle,20260623T084215_066495,of:0000000000000005:2 -> of:0000000000000009:3,0.002,0.0025,0.002,0.002,2.3,2026-06-23T08:42:15,0.002,2.3
ip_shuffle,20260623T084215_066495,of:0000000000000001:1 -> of:000000000000000b:1,0.002,0.0025,0.002,0.002,1.83,2026-06-23T08:42:15,0.002,2.03
ip_shuffle,20260623T084215_066495,of:000000000000000b:2 -> of:000000000000000c:2,0.002,0.0025,0.002,0.002,2.26,2026-06-23T08:42:15,0.002,2.26
ip_shuffle,20260623T084215_066495,of:0000000000000001:2 -> of:000000000000000c:1,0.003,0.00375,0.003,0.003,3.29,2026-06-23T08:42:15,0.003,3.36
ip_shuffle,20260623T084215_066495,of:0000000000000006:2 -> of:000000000000000a:2,0.002,0.0025,0.002,0.002,2.3,2026-06-23T08:42:15,0.002,2.3
ip_shuffle,20260623T084215_066495,of:0000000000000001:3 -> of:000000000000000d:1,0.003,0.00375,0.003,0.003,3.09,2026-06-23T08:42:15,0.003,2.96
ip_shuffle,20260623T084215_066495,of:0000000000000003:1 -> of:000000000000000b:5,0.002,0.0025,0.002,0.002,2.03,2026-06-23T08:42:15,0.002,1.83
ip_shuffle,20260623T084215_066495,of:0000000000000006:1 -> of:000000000000000d:4,0.003,0.00375,0.003,0.002,2.93,2026-06-23T08:42:15,0.003,2.99
ip_shuffle,20260623T084215_066495,of:0000000000000007:2 -> of:000000000000000a:3,0.002,0.0025,0.002,0.002,2.3,2026-06-23T08:42:15,0.002,2.3
ip_shuffle,20260623T084215_066495,of:0000000000000007:1 -> of:000000000000000d:5,0.002,0.0025,0.002,0.002,1.83,2026-06-23T08:42:15,0.002,1.83
ip_shuffle,20260623T084215_066495,of:0000000000000002:2 -> of:0000000000000008:2,0.002,0.0025,0.002,0.002,2.36,2026-06-23T08:42:15,0.002,2.36
ip_shuffle,20260623T084215_066495,of:0000000000000003:2 -> of:0000000000000008:3,0.002,0.0025,0.002,0.002,2.36,2026-06-23T08:42:15,0.002,2.36
ip_shuffle,20260623T084215_066495,of:0000000000000008:1 -> of:000000000000000b:6,0.002,0.0025,0.002,0.002,1.83,2026-06-23T08:42:15,0.002,1.8
ip_shuffle,20260623T084215_066495,of:0000000000000004:2 -> of:0000000000000009:2,0.002,0.0025,0.002,0.002,2.3,2026-06-23T08:42:15,0.002,2.3
ip_shuffle,20260623T084215_066495,of:0000000000000002:1 -> of:000000000000000b:4,0.002,0.0025,0.002,0.002,1.86,2026-06-23T08:42:15,0.002,1.8
ip_shuffle,20260623T084215_066495,of:0000000000000009:1 -> of:000000000000000c:6,0.002,0.0025,0.002,0.002,1.8,2026-06-23T08:42:15,0.002,1.8
ip_shuffle,20260623T084319_262235,of:0000000000000004:1 -> of:000000000000000c:4,0.001,0.00125,0.001,0.001,1.36,2026-06-23T08:43:19,0.001,1.3
ip_shuffle,20260623T084319_262235,of:0000000000000005:1 -> of:000000000000000c:5,0.001,0.00125,0.001,0.001,1.36,2026-06-23T08:43:19,0.001,1.3
ip_shuffle,20260623T084319_262235,of:000000000000000a:1 -> of:000000000000000d:6,0.001,0.00125,0.001,0.001,1.3,2026-06-23T08:43:19,0.001,1.33
ip_shuffle,20260623T084319_262235,of:000000000000000b:3 -> of:000000000000000d:2,0.001,0.00125,0.001,0.001,1.36,2026-06-23T08:43:19,0.001,1.36
ip_shuffle,20260623T084319_262235,of:000000000000000c:3 -> of:000000000000000d:3,0.001,0.00125,0.001,0.001,1.36,2026-06-23T08:43:19,0.001,1.36
ip_shuffle,20260623T084319_262235,of:0000000000000005:2 -> of:0000000000000009:3,0.001,0.00125,0.001,0.001,1.4,2026-06-23T08:43:19,0.001,1.4
ip_shuffle,20260623T084319_262235,of:0000000000000001:1 -> of:000000000000000b:1,0.002,0.0025,0.002,0.002,1.46,2026-06-23T08:43:19,0.001,1.33
ip_shuffle,20260623T084319_262235,of:000000000000000b:2 -> of:000000000000000c:2,0.001,0.00125,0.001,0.001,1.26,2026-06-23T08:43:19,0.001,1.26
ip_shuffle,20260623T084319_262235,of:0000000000000001:2 -> of:000000000000000c:1,0.001,0.00125,0.001,0.001,1.23,2026-06-23T08:43:19,0.001,1.3
ip_shuffle,20260623T084319_262235,of:0000000000000006:2 -> of:000000000000000a:2,0.001,0.00125,0.001,0.001,1.4,2026-06-23T08:43:19,0.001,1.4
ip_shuffle,20260623T084319_262235,of:0000000000000001:3 -> of:000000000000000d:1,0.001,0.00125,0.001,0.001,1.36,2026-06-23T08:43:19,0.001,1.4
ip_shuffle,20260623T084319_262235,of:0000000000000003:1 -> of:000000000000000b:5,0.001,0.00125,0.001,0.001,1.3,2026-06-23T08:43:19,0.001,1.23
ip_shuffle,20260623T084319_262235,of:0000000000000006:1 -> of:000000000000000d:4,0.002,0.0025,0.002,0.002,1.43,2026-06-23T08:43:19,0.002,1.4
ip_shuffle,20260623T084319_262235,of:0000000000000007:2 -> of:000000000000000a:3,0.001,0.00125,0.001,0.001,1.4,2026-06-23T08:43:19,0.001,1.4
ip_shuffle,20260623T084319_262235,of:0000000000000007:1 -> of:000000000000000d:5,0.002,0.0025,0.002,0.002,1.46,2026-06-23T08:43:19,0.002,1.43
ip_shuffle,20260623T084319_262235,of:0000000000000002:2 -> of:0000000000000008:2,0.001,0.00125,0.001,0.001,1.4,2026-06-23T08:43:19,0.001,1.4
ip_shuffle,20260623T084319_262235,of:0000000000000003:2 -> of:0000000000000008:3,0.001,0.00125,0.001,0.001,1.4,2026-06-23T08:43:19,0.001,1.4
ip_shuffle,20260623T084319_262235,of:0000000000000008:1 -> of:000000000000000b:6,0.001,0.00125,0.001,0.001,1.3,2026-06-23T08:43:19,0.001,1.3
ip_shuffle,20260623T084319_262235,of:0000000000000004:2 -> of:0000000000000009:2,0.001,0.00125,0.001,0.001,1.4,2026-06-23T08:43:19,0.001,1.4
ip_shuffle,20260623T084319_262235,of:0000000000000002:1 -> of:000000000000000b:4,0.002,0.0025,0.002,0.001,1.33,2026-06-23T08:43:19,0.002,1.46
ip_shuffle,20260623T084319_262235,of:0000000000000009:1 -> of:000000000000000c:6,0.001,0.00125,0.001,0.001,1.23,2026-06-23T08:43:19,0.001,1.23
ip_shuffle,20260623T084423_328198,of:0000000000000004:1 -> of:000000000000000c:4,0.002,0.0025,0.002,0.002,2.2,2026-06-23T08:44:23,0.002,2.13
ip_shuffle,20260623T084423_328198,of:0000000000000005:1 -> of:000000000000000c:5,0.002,0.0025,0.002,0.002,2.36,2026-06-23T08:44:23,0.002,2.26
ip_shuffle,20260623T084423_328198,of:000000000000000a:1 -> of:000000000000000d:6,0.002,0.0025,0.002,0.002,2.13,2026-06-23T08:44:23,0.002,2.16
ip_shuffle,20260623T084423_328198,of:000000000000000b:3 -> of:000000000000000d:2,0.002,0.0025,0.002,0.002,2.96,2026-06-23T08:44:23,0.002,2.96
ip_shuffle,20260623T084423_328198,of:000000000000000c:3 -> of:000000000000000d:3,0.002,0.0025,0.002,0.002,2.96,2026-06-23T08:44:23,0.002,2.96
ip_shuffle,20260623T084423_328198,of:0000000000000005:2 -> of:0000000000000009:3,0.002,0.0025,0.002,0.002,3.0,2026-06-23T08:44:23,0.002,3.0
ip_shuffle,20260623T084423_328198,of:0000000000000001:1 -> of:000000000000000b:1,0.002,0.0025,0.002,0.002,2.13,2026-06-23T08:44:23,0.002,2.2
ip_shuffle,20260623T084423_328198,of:000000000000000b:2 -> of:000000000000000c:2,0.002,0.0025,0.002,0.002,2.93,2026-06-23T08:44:23,0.002,2.93
ip_shuffle,20260623T084423_328198,of:0000000000000001:2 -> of:000000000000000c:1,0.002,0.0025,0.002,0.002,2.26,2026-06-23T08:44:23,0.002,2.36
ip_shuffle,20260623T084423_328198,of:0000000000000006:2 -> of:000000000000000a:2,0.002,0.0025,0.002,0.002,3.0,2026-06-23T08:44:23,0.002,3.0
ip_shuffle,20260623T084423_328198,of:0000000000000001:3 -> of:000000000000000d:1,0.004,0.005,0.004,0.004,4.73,2026-06-23T08:44:23,0.004,4.63
ip_shuffle,20260623T084423_328198,of:0000000000000003:1 -> of:000000000000000b:5,0.002,0.0025,0.002,0.002,2.2,2026-06-23T08:44:23,0.002,2.13
ip_shuffle,20260623T084423_328198,of:0000000000000006:1 -> of:000000000000000d:4,0.003,0.00375,0.003,0.003,3.5,2026-06-23T08:44:23,0.003,3.36
ip_shuffle,20260623T084423_328198,of:0000000000000007:2 -> of:000000000000000a:3,0.002,0.0025,0.002,0.002,3.0,2026-06-23T08:44:23,0.002,3.0
ip_shuffle,20260623T084423_328198,of:0000000000000007:1 -> of:000000000000000d:5,0.003,0.00375,0.003,0.003,3.26,2026-06-23T08:44:23,0.003,3.46
ip_shuffle,20260623T084423_328198,of:0000000000000002:2 -> of:0000000000000008:2,0.002,0.0025,0.002,0.002,3.0,2026-06-23T08:44:23,0.002,3.0
ip_shuffle,20260623T084423_328198,of:0000000000000003:2 -> of:0000000000000008:3,0.002,0.0025,0.002,0.002,3.0,2026-06-23T08:44:23,0.002,3.0
ip_shuffle,20260623T084423_328198,of:0000000000000008:1 -> of:000000000000000b:6,0.002,0.0025,0.002,0.002,2.13,2026-06-23T08:44:23,0.002,2.13
ip_shuffle,20260623T084423_328198,of:0000000000000004:2 -> of:0000000000000009:2,0.002,0.0025,0.002,0.002,3.0,2026-06-23T08:44:23,0.002,3.0
ip_shuffle,20260623T084423_328198,of:0000000000000002:1 -> of:000000000000000b:4,0.002,0.0025,0.002,0.002,2.2,2026-06-23T08:44:23,0.002,2.13
ip_shuffle,20260623T084423_328198,of:0000000000000009:1 -> of:000000000000000c:6,0.002,0.0025,0.002,0.002,2.13,2026-06-23T08:44:23,0.002,2.13
route_mutation,20260623T084521_061443,of:0000000000000004:1 -> of:000000000000000c:4,0.002,0.0025,0.002,0.002,2.16,2026-06-23T08:45:21,0.002,2.16
route_mutation,20260623T084521_061443,of:0000000000000005:1 -> of:000000000000000c:5,0.002,0.0025,0.002,0.002,1.6,2026-06-23T08:45:21,0.002,1.6
route_mutation,20260623T084521_061443,of:000000000000000a:1 -> of:000000000000000d:6,0.001,0.00125,0.001,0.001,1.47,2026-06-23T08:45:21,0.001,1.47
route_mutation,20260623T084521_061443,of:000000000000000b:3 -> of:000000000000000d:2,0.002,0.0025,0.002,0.002,1.67,2026-06-23T08:45:21,0.002,1.67
route_mutation,20260623T084521_061443,of:000000000000000c:3 -> of:000000000000000d:3,0.002,0.0025,0.002,0.002,1.67,2026-06-23T08:45:21,0.002,1.67
route_mutation,20260623T084521_061443,of:0000000000000005:2 -> of:0000000000000009:3,0.002,0.0025,0.002,0.002,1.67,2026-06-23T08:45:21,0.002,1.67
route_mutation,20260623T084521_061443,of:0000000000000001:1 -> of:000000000000000b:1,0.003,0.00375,0.003,0.003,3.6,2026-06-23T08:45:21,0.003,3.6
route_mutation,20260623T084521_061443,of:000000000000000b:2 -> of:000000000000000c:2,0.002,0.0025,0.002,0.002,1.73,2026-06-23T08:45:21,0.002,1.73
route_mutation,20260623T084521_061443,of:0000000000000001:2 -> of:000000000000000c:1,0.002,0.0025,0.002,0.002,2.33,2026-06-23T08:45:21,0.002,2.33
route_mutation,20260623T084521_061443,of:0000000000000006:2 -> of:000000000000000a:2,0.002,0.0025,0.002,0.002,1.67,2026-06-23T08:45:21,0.002,1.67
route_mutation,20260623T084521_061443,of:0000000000000001:3 -> of:000000000000000d:1,0.002,0.0025,0.002,0.002,1.53,2026-06-23T08:45:21,0.002,1.53
route_mutation,20260623T084521_061443,of:0000000000000003:1 -> of:000000000000000b:5,0.002,0.0025,0.002,0.002,2.56,2026-06-23T08:45:21,0.002,2.56
route_mutation,20260623T084521_061443,of:0000000000000006:1 -> of:000000000000000d:4,0.001,0.00125,0.001,0.001,1.47,2026-06-23T08:45:21,0.001,1.47
route_mutation,20260623T084521_061443,of:0000000000000007:2 -> of:000000000000000a:3,0.002,0.0025,0.002,0.002,1.67,2026-06-23T08:45:21,0.002,1.67
route_mutation,20260623T084521_061443,of:0000000000000007:1 -> of:000000000000000d:5,0.001,0.00125,0.001,0.001,1.4,2026-06-23T08:45:21,0.001,1.4
route_mutation,20260623T084521_061443,of:0000000000000002:2 -> of:0000000000000008:2,0.002,0.0025,0.002,0.002,1.73,2026-06-23T08:45:21,0.002,1.73
route_mutation,20260623T084521_061443,of:0000000000000003:2 -> of:0000000000000008:3,0.002,0.0025,0.002,0.002,1.73,2026-06-23T08:45:21,0.002,1.73
route_mutation,20260623T084521_061443,of:0000000000000008:1 -> of:000000000000000b:6,0.002,0.0025,0.002,0.002,1.53,2026-06-23T08:45:21,0.002,1.53
route_mutation,20260623T084521_061443,of:0000000000000004:2 -> of:0000000000000009:2,0.002,0.0025,0.002,0.002,1.67,2026-06-23T08:45:21,0.002,1.67
route_mutation,20260623T084521_061443,of:0000000000000002:1 -> of:000000000000000b:4,0.002,0.0025,0.002,0.002,2.56,2026-06-23T08:45:21,0.002,2.56
route_mutation,20260623T084521_061443,of:0000000000000009:1 -> of:000000000000000c:6,0.002,0.0025,0.002,0.002,1.53,2026-06-23T08:45:21,0.002,1.53
route_mutation,20260623T084551_460338,of:0000000000000004:1 -> of:000000000000000c:4,0.002,0.0025,0.002,0.002,2.13,2026-06-23T08:45:51,0.002,2.06
route_mutation,20260623T084551_460338,of:0000000000000005:1 -> of:000000000000000c:5,0.002,0.0025,0.002,0.002,2.7,2026-06-23T08:45:51,0.002,2.63
route_mutation,20260623T084551_460338,of:000000000000000a:1 -> of:000000000000000d:6,0.002,0.0025,0.002,0.002,1.93,2026-06-23T08:45:51,0.002,1.96
route_mutation,20260623T084551_460338,of:000000000000000b:3 -> of:000000000000000d:2,0.002,0.0025,0.002,0.002,2.6,2026-06-23T08:45:51,0.002,2.56
route_mutation,20260623T084551_460338,of:000000000000000c:3 -> of:000000000000000d:3,0.002,0.0025,0.002,0.002,2.6,2026-06-23T08:45:51,0.002,2.6
route_mutation,20260623T084551_460338,of:0000000000000005:2 -> of:0000000000000009:3,0.002,0.0025,0.002,0.002,2.63,2026-06-23T08:45:51,0.002,2.63
route_mutation,20260623T084551_460338,of:0000000000000001:1 -> of:000000000000000b:1,0.002,0.0025,0.002,0.002,1.93,2026-06-23T08:45:51,0.002,2.03
route_mutation,20260623T084551_460338,of:000000000000000b:2 -> of:000000000000000c:2,0.002,0.0025,0.002,0.002,2.56,2026-06-23T08:45:51,0.002,2.56
route_mutation,20260623T084551_460338,of:0000000000000001:2 -> of:000000000000000c:1,0.002,0.0025,0.002,0.002,2.76,2026-06-23T08:45:51,0.002,2.83
route_mutation,20260623T084551_460338,of:0000000000000006:2 -> of:000000000000000a:2,0.002,0.0025,0.002,0.002,2.63,2026-06-23T08:45:51,0.002,2.63
route_mutation,20260623T084551_460338,of:0000000000000001:3 -> of:000000000000000d:1,0.003,0.00375,0.003,0.003,3.86,2026-06-23T08:45:51,0.003,3.76
route_mutation,20260623T084551_460338,of:0000000000000003:1 -> of:000000000000000b:5,0.002,0.0025,0.002,0.002,2.03,2026-06-23T08:45:51,0.002,1.93
route_mutation,20260623T084551_460338,of:0000000000000006:1 -> of:000000000000000d:4,0.003,0.00375,0.003,0.003,3.33,2026-06-23T08:45:51,0.003,3.26
route_mutation,20260623T084551_460338,of:0000000000000007:2 -> of:000000000000000a:3,0.002,0.0025,0.002,0.002,2.66,2026-06-23T08:45:51,0.002,2.66
route_mutation,20260623T084551_460338,of:0000000000000007:1 -> of:000000000000000d:5,0.002,0.0025,0.002,0.002,2.56,2026-06-23T08:45:51,0.002,2.73
route_mutation,20260623T084551_460338,of:0000000000000002:2 -> of:0000000000000008:2,0.002,0.0025,0.002,0.002,2.63,2026-06-23T08:45:51,0.002,2.63
route_mutation,20260623T084551_460338,of:0000000000000003:2 -> of:0000000000000008:3,0.002,0.0025,0.002,0.002,2.63,2026-06-23T08:45:51,0.002,2.63
route_mutation,20260623T084551_460338,of:0000000000000008:1 -> of:000000000000000b:6,0.002,0.0025,0.002,0.002,1.93,2026-06-23T08:45:51,0.002,1.93
route_mutation,20260623T084551_460338,of:0000000000000004:2 -> of:0000000000000009:2,0.002,0.0025,0.002,0.002,2.63,2026-06-23T08:45:51,0.002,2.63
route_mutation,20260623T084551_460338,of:0000000000000002:1 -> of:000000000000000b:4,0.002,0.0025,0.002,0.002,2.03,2026-06-23T08:45:51,0.002,1.93
route_mutation,20260623T084551_460338,of:0000000000000009:1 -> of:000000000000000c:6,0.002,0.0025,0.002,0.002,1.93,2026-06-23T08:45:51,0.002,1.96
ip_shuffle,20260623T084621_763796,of:0000000000000004:1 -> of:000000000000000c:4,0.002,0.0025,0.002,0.001,1.47,2026-06-23T08:46:21,0.002,1.53
ip_shuffle,20260623T084621_763796,of:0000000000000005:1 -> of:000000000000000c:5,0.002,0.0025,0.002,0.001,1.47,2026-06-23T08:46:21,0.002,1.53
ip_shuffle,20260623T084621_763796,of:000000000000000a:1 -> of:000000000000000d:6,0.002,0.0025,0.002,0.002,1.6,2026-06-23T08:46:21,0.002,1.56
ip_shuffle,20260623T084621_763796,of:000000000000000b:3 -> of:000000000000000d:2,0.002,0.0025,0.002,0.002,1.8,2026-06-23T08:46:21,0.002,1.83
ip_shuffle,20260623T084621_763796,of:000000000000000c:3 -> of:000000000000000d:3,0.002,0.0025,0.002,0.002,1.8,2026-06-23T08:46:21,0.002,1.8
ip_shuffle,20260623T084621_763796,of:0000000000000005:2 -> of:0000000000000009:3,0.002,0.0025,0.002,0.002,1.76,2026-06-23T08:46:21,0.002,1.76
ip_shuffle,20260623T084621_763796,of:0000000000000001:1 -> of:000000000000000b:1,0.001,0.00125,0.001,0.001,1.53,2026-06-23T08:46:21,0.001,1.43
ip_shuffle,20260623T084621_763796,of:000000000000000b:2 -> of:000000000000000c:2,0.002,0.0025,0.002,0.002,1.8,2026-06-23T08:46:21,0.002,1.8
ip_shuffle,20260623T084621_763796,of:0000000000000001:2 -> of:000000000000000c:1,0.001,0.00125,0.001,0.001,1.47,2026-06-23T08:46:21,0.001,1.4
ip_shuffle,20260623T084621_763796,of:0000000000000006:2 -> of:000000000000000a:2,0.002,0.0025,0.002,0.002,1.76,2026-06-23T08:46:21,0.002,1.76
ip_shuffle,20260623T084621_763796,of:0000000000000001:3 -> of:000000000000000d:1,0.002,0.0025,0.002,0.002,2.36,2026-06-23T08:46:21,0.002,2.46
ip_shuffle,20260623T084621_763796,of:0000000000000003:1 -> of:000000000000000b:5,0.001,0.00125,0.001,0.001,1.4,2026-06-23T08:46:21,0.001,1.5
ip_shuffle,20260623T084621_763796,of:0000000000000006:1 -> of:000000000000000d:4,0.002,0.0025,0.002,0.002,1.53,2026-06-23T08:46:21,0.002,1.6
ip_shuffle,20260623T084621_763796,of:0000000000000007:2 -> of:000000000000000a:3,0.002,0.0025,0.002,0.002,1.73,2026-06-23T08:46:21,0.002,1.73
ip_shuffle,20260623T084621_763796,of:0000000000000007:1 -> of:000000000000000d:5,0.002,0.0025,0.002,0.002,2.4,2026-06-23T08:46:21,0.002,2.23
ip_shuffle,20260623T084621_763796,of:0000000000000002:2 -> of:0000000000000008:2,0.002,0.0025,0.002,0.002,1.83,2026-06-23T08:46:21,0.002,1.83
ip_shuffle,20260623T084621_763796,of:0000000000000003:2 -> of:0000000000000008:3,0.002,0.0025,0.002,0.002,1.83,2026-06-23T08:46:21,0.002,1.83
ip_shuffle,20260623T084621_763796,of:0000000000000008:1 -> of:000000000000000b:6,0.002,0.0025,0.002,0.002,1.63,2026-06-23T08:46:21,0.002,1.63
ip_shuffle,20260623T084621_763796,of:0000000000000004:2 -> of:0000000000000009:2,0.002,0.0025,0.002,0.002,1.76,2026-06-23T08:46:21,0.002,1.76
ip_shuffle,20260623T084621_763796,of:0000000000000002:1 -> of:000000000000000b:4,0.001,0.00125,0.001,0.001,1.4,2026-06-23T08:46:21,0.001,1.5
ip_shuffle,20260623T084621_763796,of:0000000000000009:1 -> of:000000000000000c:6,0.001,0.00125,0.001,0.001,1.5,2026-06-23T08:46:21,0.001,1.47
ip_shuffle,20260623T084719_408688,of:0000000000000004:1 -> of:000000000000000c:4,0.002,0.0025,0.002,0.002,2.46,2026-06-23T08:47:19,0.002,2.4
ip_shuffle,20260623T084719_408688,of:0000000000000005:1 -> of:000000000000000c:5,0.002,0.0025,0.002,0.002,2.7,2026-06-23T08:47:19,0.002,2.63
ip_shuffle,20260623T084719_408688,of:000000000000000a:1 -> of:000000000000000d:6,0.002,0.0025,0.002,0.002,1.83,2026-06-23T08:47:19,0.002,1.83
ip_shuffle,20260623T084719_408688,of:000000000000000b:3 -> of:000000000000000d:2,0.002,0.0025,0.002,0.002,2.33,2026-06-23T08:47:19,0.002,2.33
ip_shuffle,20260623T084719_408688,of:000000000000000c:3 -> of:000000000000000d:3,0.002,0.0025,0.002,0.002,2.33,2026-06-23T08:47:19,0.002,2.33
ip_shuffle,20260623T084719_408688,of:0000000000000005:2 -> of:0000000000000009:3,0.002,0.0025,0.002,0.002,2.4,2026-06-23T08:47:19,0.002,2.4
ip_shuffle,20260623T084719_408688,of:0000000000000001:1 -> of:000000000000000b:1,0.002,0.0025,0.002,0.002,1.9,2026-06-23T08:47:19,0.002,2.03
ip_shuffle,20260623T084719_408688,of:000000000000000b:2 -> of:000000000000000c:2,0.002,0.0025,0.002,0.002,2.33,2026-06-23T08:47:19,0.002,2.33
ip_shuffle,20260623T084719_408688,of:0000000000000001:2 -> of:000000000000000c:1,0.003,0.00375,0.003,0.003,3.26,2026-06-23T08:47:19,0.003,3.33
ip_shuffle,20260623T084719_408688,of:0000000000000006:2 -> of:000000000000000a:2,0.002,0.0025,0.002,0.002,2.43,2026-06-23T08:47:19,0.002,2.43
ip_shuffle,20260623T084719_408688,of:0000000000000001:3 -> of:000000000000000d:1,0.003,0.00375,0.003,0.003,3.19,2026-06-23T08:47:19,0.003,3.06
ip_shuffle,20260623T084719_408688,of:0000000000000003:1 -> of:000000000000000b:5,0.002,0.0025,0.002,0.002,2.03,2026-06-23T08:47:19,0.002,1.9
ip_shuffle,20260623T084719_408688,of:0000000000000006:1 -> of:000000000000000d:4,0.003,0.00375,0.003,0.003,3.13,2026-06-23T08:47:19,0.003,3.03
ip_shuffle,20260623T084719_408688,of:0000000000000007:2 -> of:000000000000000a:3,0.002,0.0025,0.002,0.002,2.43,2026-06-23T08:47:19,0.002,2.43
ip_shuffle,20260623T084719_408688,of:0000000000000007:1 -> of:000000000000000d:5,0.002,0.0025,0.002,0.002,1.96,2026-06-23T08:47:19,0.002,2.06
ip_shuffle,20260623T084719_408688,of:0000000000000002:2 -> of:0000000000000008:2,0.002,0.0025,0.002,0.002,2.43,2026-06-23T08:47:19,0.002,2.43
ip_shuffle,20260623T084719_408688,of:0000000000000003:2 -> of:0000000000000008:3,0.002,0.0025,0.002,0.002,2.43,2026-06-23T08:47:19,0.002,2.43
ip_shuffle,20260623T084719_408688,of:0000000000000008:1 -> of:000000000000000b:6,0.002,0.0025,0.002,0.002,1.86,2026-06-23T08:47:19,0.002,1.76
ip_shuffle,20260623T084719_408688,of:0000000000000004:2 -> of:0000000000000009:2,0.002,0.0025,0.002,0.002,2.4,2026-06-23T08:47:19,0.002,2.4
ip_shuffle,20260623T084719_408688,of:0000000000000002:1 -> of:000000000000000b:4,0.002,0.0025,0.002,0.002,1.9,2026-06-23T08:47:19,0.002,1.83
ip_shuffle,20260623T084719_408688,of:0000000000000009:1 -> of:000000000000000c:6,0.002,0.0025,0.002,0.002,1.83,2026-06-23T08:47:19,0.002,1.83
route_mutation,20260623T084823_589579,of:0000000000000004:1 -> of:000000000000000c:4,0.001,0.00125,0.001,0.001,1.37,2026-06-23T08:48:23,0.001,1.37
route_mutation,20260623T084823_589579,of:0000000000000005:1 -> of:000000000000000c:5,0.001,0.00125,0.001,0.001,1.37,2026-06-23T08:48:23,0.001,1.37
route_mutation,20260623T084823_589579,of:000000000000000a:1 -> of:000000000000000d:6,0.001,0.00125,0.001,0.001,1.37,2026-06-23T08:48:23,0.001,1.37
route_mutation,20260623T084823_589579,of:000000000000000b:3 -> of:000000000000000d:2,0.001,0.00125,0.001,0.001,1.47,2026-06-23T08:48:23,0.001,1.47
route_mutation,20260623T084823_589579,of:000000000000000c:3 -> of:000000000000000d:3,0.001,0.00125,0.001,0.001,1.47,2026-06-23T08:48:23,0.001,1.47
route_mutation,20260623T084823_589579,of:0000000000000005:2 -> of:0000000000000009:3,0.002,0.0025,0.002,0.002,1.6,2026-06-23T08:48:23,0.002,1.6
route_mutation,20260623T084823_589579,of:0000000000000001:1 -> of:000000000000000b:1,0.002,0.0025,0.002,0.002,2.16,2026-06-23T08:48:23,0.002,2.16
route_mutation,20260623T084823_589579,of:000000000000000b:2 -> of:000000000000000c:2,0.002,0.0025,0.002,0.002,1.53,2026-06-23T08:48:23,0.002,1.53
route_mutation,20260623T084823_589579,of:0000000000000001:2 -> of:000000000000000c:1,0.002,0.0025,0.002,0.002,1.43,2026-06-23T08:48:23,0.002,1.43
route_mutation,20260623T084823_589579,of:0000000000000006:2 -> of:000000000000000a:2,0.001,0.00125,0.001,0.001,1.47,2026-06-23T08:48:23,0.001,1.47
route_mutation,20260623T084823_589579,of:0000000000000001:3 -> of:000000000000000d:1,0.002,0.0025,0.002,0.002,1.66,2026-06-23T08:48:23,0.002,1.66
route_mutation,20260623T084823_589579,of:0000000000000003:1 -> of:000000000000000b:5,0.002,0.0025,0.002,0.002,1.43,2026-06-23T08:48:23,0.002,1.43
route_mutation,20260623T084823_589579,of:0000000000000006:1 -> of:000000000000000d:4,0.001,0.00125,0.001,0.001,1.3,2026-06-23T08:48:23,0.001,1.3
route_mutation,20260623T084823_589579,of:0000000000000007:2 -> of:000000000000000a:3,0.001,0.00125,0.001,0.001,1.47,2026-06-23T08:48:23,0.001,1.47
route_mutation,20260623T084823_589579,of:0000000000000007:1 -> of:000000000000000d:5,0.002,0.0025,0.002,0.002,1.5,2026-06-23T08:48:23,0.002,1.5
route_mutation,20260623T084823_589579,of:0000000000000002:2 -> of:0000000000000008:2,0.002,0.0025,0.002,0.002,1.53,2026-06-23T08:48:23,0.002,1.53
route_mutation,20260623T084823_589579,of:0000000000000003:2 -> of:0000000000000008:3,0.002,0.0025,0.002,0.002,1.53,2026-06-23T08:48:23,0.002,1.53
route_mutation,20260623T084823_589579,of:0000000000000008:1 -> of:000000000000000b:6,0.002,0.0025,0.002,0.002,1.43,2026-06-23T08:48:23,0.002,1.43
route_mutation,20260623T084823_589579,of:0000000000000004:2 -> of:0000000000000009:2,0.002,0.0025,0.002,0.002,1.6,2026-06-23T08:48:23,0.002,1.6
route_mutation,20260623T084823_589579,of:0000000000000002:1 -> of:000000000000000b:4,0.002,0.0025,0.002,0.002,2.16,2026-06-23T08:48:23,0.002,2.16
route_mutation,20260623T084823_589579,of:0000000000000009:1 -> of:000000000000000c:6,0.002,0.0025,0.002,0.002,1.56,2026-06-23T08:48:23,0.002,1.56
route_mutation,20260623T084853_909099,of:0000000000000004:1 -> of:000000000000000c:4,0.002,0.0025,0.002,0.002,2.46,2026-06-23T08:48:53,0.002,2.33
route_mutation,20260623T084853_909099,of:0000000000000005:1 -> of:000000000000000c:5,0.002,0.0025,0.002,0.002,2.46,2026-06-23T08:48:53,0.002,2.33
route_mutation,20260623T084853_909099,of:000000000000000a:1 -> of:000000000000000d:6,0.002,0.0025,0.002,0.002,1.53,2026-06-23T08:48:53,0.002,1.56
route_mutation,20260623T084853_909099,of:000000000000000b:3 -> of:000000000000000d:2,0.002,0.0025,0.002,0.002,1.76,2026-06-23T08:48:53,0.002,1.76
route_mutation,20260623T084853_909099,of:000000000000000c:3 -> of:000000000000000d:3,0.002,0.0025,0.002,0.002,1.76,2026-06-23T08:48:53,0.002,1.76
route_mutation,20260623T084853_909099,of:0000000000000005:2 -> of:0000000000000009:3,0.002,0.0025,0.002,0.002,1.96,2026-06-23T08:48:53,0.002,1.96
route_mutation,20260623T084853_909099,of:0000000000000001:1 -> of:000000000000000b:1,0.003,0.00375,0.003,0.003,2.86,2026-06-23T08:48:53,0.003,2.96
route_mutation,20260623T084853_909099,of:000000000000000b:2 -> of:000000000000000c:2,0.002,0.0025,0.002,0.002,1.73,2026-06-23T08:48:53,0.002,1.73
route_mutation,20260623T084853_909099,of:0000000000000001:2 -> of:000000000000000c:1,0.003,0.00375,0.003,0.003,3.13,2026-06-23T08:48:53,0.003,3.23
route_mutation,20260623T084853_909099,of:0000000000000006:2 -> of:000000000000000a:2,0.002,0.0025,0.002,0.002,1.86,2026-06-23T08:48:53,0.002,1.86
route_mutation,20260623T084853_909099,of:0000000000000001:3 -> of:000000000000000d:1,0.002,0.0025,0.002,0.002,1.86,2026-06-23T08:48:53,0.002,1.8
route_mutation,20260623T084853_909099,of:0000000000000003:1 -> of:000000000000000b:5,0.002,0.0025,0.002,0.002,2.66,2026-06-23T08:48:53,0.002,2.56
route_mutation,20260623T084853_909099,of:0000000000000006:1 -> of:000000000000000d:4,0.002,0.0025,0.002,0.002,1.86,2026-06-23T08:48:53,0.002,2.0
route_mutation,20260623T084853_909099,of:0000000000000007:2 -> of:000000000000000a:3,0.002,0.0025,0.002,0.002,1.86,2026-06-23T08:48:53,0.002,1.86
route_mutation,20260623T084853_909099,of:0000000000000007:1 -> of:000000000000000d:5,0.002,0.0025,0.002,0.002,1.66,2026-06-23T08:48:53,0.002,1.56
route_mutation,20260623T084853_909099,of:0000000000000002:2 -> of:0000000000000008:2,0.002,0.0025,0.002,0.002,1.9,2026-06-23T08:48:53,0.002,1.9
route_mutation,20260623T084853_909099,of:0000000000000003:2 -> of:0000000000000008:3,0.002,0.0025,0.002,0.002,1.9,2026-06-23T08:48:53,0.002,1.9
route_mutation,20260623T084853_909099,of:0000000000000008:1 -> of:000000000000000b:6,0.002,0.0025,0.002,0.002,1.6,2026-06-23T08:48:53,0.001,1.46
route_mutation,20260623T084853_909099,of:0000000000000004:2 -> of:0000000000000009:2,0.002,0.0025,0.002,0.002,1.96,2026-06-23T08:48:53,0.002,1.96
route_mutation,20260623T084853_909099,of:0000000000000002:1 -> of:000000000000000b:4,0.002,0.0025,0.002,0.002,1.93,2026-06-23T08:48:53,0.002,1.83
route_mutation,20260623T084853_909099,of:0000000000000009:1 -> of:000000000000000c:6,0.002,0.0025,0.002,0.002,1.63,2026-06-23T08:48:53,0.001,1.46
ip_shuffle,20260623T084924_095238,of:0000000000000004:1 -> of:000000000000000c:4,0.002,0.0025,0.002,0.002,1.86,2026-06-23T08:49:24,0.002,2.0
ip_shuffle,20260623T084924_095238,of:0000000000000005:1 -> of:000000000000000c:5,0.002,0.0025,0.002,0.002,1.86,2026-06-23T08:49:24,0.002,2.0
ip_shuffle,20260623T084924_095238,of:000000000000000a:1 -> of:000000000000000d:6,0.002,0.0025,0.002,0.002,2.0,2026-06-23T08:49:24,0.002,1.96
ip_shuffle,20260623T084924_095238,of:000000000000000b:3 -> of:000000000000000d:2,0.002,0.0025,0.002,0.002,2.7,2026-06-23T08:49:24,0.002,2.7
ip_shuffle,20260623T084924_095238,of:000000000000000c:3 -> of:000000000000000d:3,0.002,0.0025,0.002,0.002,2.7,2026-06-23T08:49:24,0.002,2.7
ip_shuffle,20260623T084924_095238,of:0000000000000005:2 -> of:0000000000000009:3,0.002,0.0025,0.002,0.002,2.53,2026-06-23T08:49:24,0.002,2.53
ip_shuffle,20260623T084924_095238,of:0000000000000001:1 -> of:000000000000000b:1,0.002,0.0025,0.002,0.002,1.93,2026-06-23T08:49:24,0.002,1.83
ip_shuffle,20260623T084924_095238,of:000000000000000b:2 -> of:000000000000000c:2,0.002,0.0025,0.002,0.002,2.66,2026-06-23T08:49:24,0.002,2.66
ip_shuffle,20260623T084924_095238,of:0000000000000001:2 -> of:000000000000000c:1,0.002,0.0025,0.002,0.002,1.93,2026-06-23T08:49:24,0.002,1.83
ip_shuffle,20260623T084924_095238,of:0000000000000006:2 -> of:000000000000000a:2,0.002,0.0025,0.002,0.002,2.63,2026-06-23T08:49:24,0.002,2.63
ip_shuffle,20260623T084924_095238,of:0000000000000001:3 -> of:000000000000000d:1,0.003,0.00375,0.003,0.003,4.09,2026-06-23T08:49:24,0.003,4.16
ip_shuffle,20260623T084924_095238,of:0000000000000003:1 -> of:000000000000000b:5,0.002,0.0025,0.002,0.002,1.9,2026-06-23T08:49:24,0.002,2.0
ip_shuffle,20260623T084924_095238,of:0000000000000006:1 -> of:000000000000000d:4,0.002,0.0025,0.002,0.002,3.06,2026-06-23T08:49:24,0.002,2.9
ip_shuffle,20260623T084924_095238,of:0000000000000007:2 -> of:000000000000000a:3,0.002,0.0025,0.002,0.002,2.63,2026-06-23T08:49:24,0.002,2.63
ip_shuffle,20260623T084924_095238,of:0000000000000007:1 -> of:000000000000000d:5,0.003,0.00375,0.003,0.003,3.1,2026-06-23T08:49:24,0.003,3.2
ip_shuffle,20260623T084924_095238,of:0000000000000002:2 -> of:0000000000000008:2,0.002,0.0025,0.002,0.002,2.6,2026-06-23T08:49:24,0.002,2.6
ip_shuffle,20260623T084924_095238,of:0000000000000003:2 -> of:0000000000000008:3,0.002,0.0025,0.002,0.002,2.6,2026-06-23T08:49:24,0.002,2.6
ip_shuffle,20260623T084924_095238,of:0000000000000008:1 -> of:000000000000000b:6,0.002,0.0025,0.002,0.002,1.9,2026-06-23T08:49:24,0.002,2.0
ip_shuffle,20260623T084924_095238,of:0000000000000004:2 -> of:0000000000000009:2,0.002,0.0025,0.002,0.002,2.53,2026-06-23T08:49:24,0.002,2.53
ip_shuffle,20260623T084924_095238,of:0000000000000002:1 -> of:000000000000000b:4,0.002,0.0025,0.002,0.002,1.9,2026-06-23T08:49:24,0.002,2.0
ip_shuffle,20260623T084924_095238,of:0000000000000009:1 -> of:000000000000000c:6,0.002,0.0025,0.002,0.002,1.86,2026-06-23T08:49:24,0.002,2.0
ip_shuffle,20260623T085035_007033,of:0000000000000004:1 -> of:000000000000000c:4,0.002,0.0025,0.002,0.002,1.96,2026-06-23T08:50:35,0.002,1.9
ip_shuffle,20260623T085035_007033,of:0000000000000005:1 -> of:000000000000000c:5,0.002,0.0025,0.002,0.002,2.53,2026-06-23T08:50:35,0.002,2.46
ip_shuffle,20260623T085035_007033,of:000000000000000a:1 -> of:000000000000000d:6,0.002,0.0025,0.002,0.002,1.83,2026-06-23T08:50:35,0.002,1.73
ip_shuffle,20260623T085035_007033,of:000000000000000b:3 -> of:000000000000000d:2,0.002,0.0025,0.002,0.002,2.06,2026-06-23T08:50:35,0.002,2.06
ip_shuffle,20260623T085035_007033,of:000000000000000c:3 -> of:000000000000000d:3,0.002,0.0025,0.002,0.002,2.06,2026-06-23T08:50:35,0.002,2.06
ip_shuffle,20260623T085035_007033,of:0000000000000005:2 -> of:0000000000000009:3,0.002,0.0025,0.002,0.002,2.3,2026-06-23T08:50:35,0.002,2.3
ip_shuffle,20260623T085035_007033,of:0000000000000001:1 -> of:000000000000000b:1,0.001,0.00125,0.001,0.001,1.63,2026-06-23T08:50:35,0.001,1.63
ip_shuffle,20260623T085035_007033,of:000000000000000b:2 -> of:000000000000000c:2,0.002,0.0025,0.002,0.002,2.0,2026-06-23T08:50:35,0.002,2.0
ip_shuffle,20260623T085035_007033,of:0000000000000001:2 -> of:000000000000000c:1,0.002,0.0025,0.002,0.002,2.66,2026-06-23T08:50:35,0.002,2.7
ip_shuffle,20260623T085035_007033,of:0000000000000006:2 -> of:000000000000000a:2,0.002,0.0025,0.002,0.002,2.33,2026-06-23T08:50:35,0.002,2.33
ip_shuffle,20260623T085035_007033,of:0000000000000001:3 -> of:000000000000000d:1,0.002,0.0025,0.002,0.002,2.73,2026-06-23T08:50:35,0.002,2.73
ip_shuffle,20260623T085035_007033,of:0000000000000003:1 -> of:000000000000000b:5,0.002,0.0025,0.002,0.002,1.73,2026-06-23T08:50:35,0.002,1.7
ip_shuffle,20260623T085035_007033,of:0000000000000006:1 -> of:000000000000000d:4,0.002,0.0025,0.002,0.002,2.83,2026-06-23T08:50:35,0.002,2.86
ip_shuffle,20260623T085035_007033,of:0000000000000007:2 -> of:000000000000000a:3,0.002,0.0025,0.002,0.002,2.3,2026-06-23T08:50:35,0.002,2.3
ip_shuffle,20260623T085035_007033,of:0000000000000007:1 -> of:000000000000000d:5,0.002,0.0025,0.002,0.002,1.8,2026-06-23T08:50:35,0.002,1.73
ip_shuffle,20260623T085035_007033,of:0000000000000002:2 -> of:0000000000000008:2,0.002,0.0025,0.002,0.002,2.33,2026-06-23T08:50:35,0.002,2.33
ip_shuffle,20260623T085035_007033,of:0000000000000003:2 -> of:0000000000000008:3,0.002,0.0025,0.002,0.002,2.3,2026-06-23T08:50:35,0.002,2.3
ip_shuffle,20260623T085035_007033,of:0000000000000008:1 -> of:000000000000000b:6,0.002,0.0025,0.002,0.002,1.76,2026-06-23T08:50:35,0.002,1.66
ip_shuffle,20260623T085035_007033,of:0000000000000004:2 -> of:0000000000000009:2,0.002,0.0025,0.002,0.002,2.3,2026-06-23T08:50:35,0.002,2.3
ip_shuffle,20260623T085035_007033,of:0000000000000002:1 -> of:000000000000000b:4,0.002,0.0025,0.002,0.002,1.73,2026-06-23T08:50:35,0.002,1.66
ip_shuffle,20260623T085035_007033,of:0000000000000009:1 -> of:000000000000000c:6,0.002,0.0025,0.002,0.002,1.8,2026-06-23T08:50:35,0.002,1.7
ip_shuffle,20260623T085132_826535,of:0000000000000004:1 -> of:000000000000000c:4,0.002,0.0025,0.002,0.002,1.93,2026-06-23T08:51:32,0.002,2.0
ip_shuffle,20260623T085132_826535,of:0000000000000005:1 -> of:000000000000000c:5,0.002,0.0025,0.002,0.002,1.93,2026-06-23T08:51:32,0.002,2.0
ip_shuffle,20260623T085132_826535,of:000000000000000a:1 -> of:000000000000000d:6,0.002,0.0025,0.002,0.002,1.9,2026-06-23T08:51:32,0.002,2.0
ip_shuffle,20260623T085132_826535,of:000000000000000b:3 -> of:000000000000000d:2,0.002,0.0025,0.002,0.002,2.86,2026-06-23T08:51:32,0.002,2.86
ip_shuffle,20260623T085132_826535,of:000000000000000c:3 -> of:000000000000000d:3,0.002,0.0025,0.002,0.002,2.73,2026-06-23T08:51:32,0.002,2.73
ip_shuffle,20260623T085132_826535,of:0000000000000005:2 -> of:0000000000000009:3,0.002,0.0025,0.002,0.002,2.56,2026-06-23T08:51:32,0.002,2.56
ip_shuffle,20260623T085132_826535,of:0000000000000001:1 -> of:000000000000000b:1,0.002,0.0025,0.002,0.002,2.2,2026-06-23T08:51:32,0.002,2.16
ip_shuffle,20260623T085132_826535,of:000000000000000b:2 -> of:000000000000000c:2,0.002,0.0025,0.002,0.002,2.93,2026-06-23T08:51:32,0.002,2.93
ip_shuffle,20260623T085132_826535,of:0000000000000001:2 -> of:000000000000000c:1,0.002,0.0025,0.002,0.002,2.06,2026-06-23T08:51:32,0.002,2.03
ip_shuffle,20260623T085132_826535,of:0000000000000006:2 -> of:000000000000000a:2,0.002,0.0025,0.002,0.002,2.56,2026-06-23T08:51:32,0.002,2.56
ip_shuffle,20260623T085132_826535,of:0000000000000001:3 -> of:000000000000000d:1,0.003,0.00375,0.003,0.003,4.19,2026-06-23T08:51:32,0.003,4.19
ip_shuffle,20260623T085132_826535,of:0000000000000003:1 -> of:000000000000000b:5,0.002,0.0025,0.002,0.002,2.06,2026-06-23T08:51:32,0.002,2.13
ip_shuffle,20260623T085132_826535,of:0000000000000006:1 -> of:000000000000000d:4,0.002,0.0025,0.002,0.002,2.1,2026-06-23T08:51:32,0.002,2.06
ip_shuffle,20260623T085132_826535,of:0000000000000007:2 -> of:000000000000000a:3,0.002,0.0025,0.002,0.002,2.63,2026-06-23T08:51:32,0.002,2.63
ip_shuffle,20260623T085132_826535,of:0000000000000007:1 -> of:000000000000000d:5,0.003,0.00375,0.003,0.003,3.93,2026-06-23T08:51:32,0.003,3.99
ip_shuffle,20260623T085132_826535,of:0000000000000002:2 -> of:0000000000000008:2,0.002,0.0025,0.002,0.002,2.56,2026-06-23T08:51:32,0.002,2.56
ip_shuffle,20260623T085132_826535,of:0000000000000003:2 -> of:0000000000000008:3,0.002,0.0025,0.002,0.002,2.56,2026-06-23T08:51:32,0.002,2.56
ip_shuffle,20260623T085132_826535,of:0000000000000008:1 -> of:000000000000000b:6,0.002,0.0025,0.002,0.002,2.1,2026-06-23T08:51:32,0.002,2.2
ip_shuffle,20260623T085132_826535,of:0000000000000004:2 -> of:0000000000000009:2,0.002,0.0025,0.002,0.002,2.56,2026-06-23T08:51:32,0.002,2.56
ip_shuffle,20260623T085132_826535,of:0000000000000002:1 -> of:000000000000000b:4,0.002,0.0025,0.002,0.002,2.06,2026-06-23T08:51:32,0.002,2.13
ip_shuffle,20260623T085132_826535,of:0000000000000009:1 -> of:000000000000000c:6,0.002,0.0025,0.002,0.002,1.96,2026-06-23T08:51:32,0.002,2.06
ip_shuffle,20260623T085230_442086,of:0000000000000004:1 -> of:000000000000000c:4,0.002,0.0025,0.002,0.002,2.4,2026-06-23T08:52:30,0.002,2.4
ip_shuffle,20260623T085230_442086,of:0000000000000005:1 -> of:000000000000000c:5,0.002,0.0025,0.002,0.002,2.4,2026-06-23T08:52:30,0.002,2.4
ip_shuffle,20260623T085230_442086,of:000000000000000a:1 -> of:000000000000000d:6,0.002,0.0025,0.002,0.002,1.6,2026-06-23T08:52:30,0.002,1.6
ip_shuffle,20260623T085230_442086,of:000000000000000b:3 -> of:000000000000000d:2,0.002,0.0025,0.002,0.002,1.83,2026-06-23T08:52:30,0.002,1.83
ip_shuffle,20260623T085230_442086,of:000000000000000c:3 -> of:000000000000000d:3,0.002,0.0025,0.002,0.002,1.86,2026-06-23T08:52:30,0.002,1.86
ip_shuffle,20260623T085230_442086,of:0000000000000005:2 -> of:0000000000000009:3,0.002,0.0025,0.002,0.002,1.86,2026-06-23T08:52:30,0.002,1.86
ip_shuffle,20260623T085230_442086,of:0000000000000001:1 -> of:000000000000000b:1,0.002,0.0025,0.002,0.002,2.6,2026-06-23T08:52:30,0.002,2.63
ip_shuffle,20260623T085230_442086,of:000000000000000b:2 -> of:000000000000000c:2,0.002,0.0025,0.002,0.002,1.83,2026-06-23T08:52:30,0.002,1.83
ip_shuffle,20260623T085230_442086,of:0000000000000001:2 -> of:000000000000000c:1,0.003,0.00375,0.003,0.003,3.13,2026-06-23T08:52:30,0.003,3.13
ip_shuffle,20260623T085230_442086,of:0000000000000006:2 -> of:000000000000000a:2,0.002,0.0025,0.002,0.002,1.86,2026-06-23T08:52:30,0.002,1.86
ip_shuffle,20260623T085230_442086,of:0000000000000001:3 -> of:000000000000000d:1,0.002,0.0025,0.002,0.002,2.3,2026-06-23T08:52:30,0.002,2.26
ip_shuffle,20260623T085230_442086,of:0000000000000003:1 -> of:000000000000000b:5,0.002,0.0025,0.002,0.002,2.6,2026-06-23T08:52:30,0.002,2.56
ip_shuffle,20260623T085230_442086,of:0000000000000006:1 -> of:000000000000000d:4,0.002,0.0025,0.002,0.002,2.36,2026-06-23T08:52:30,0.002,2.4
ip_shuffle,20260623T085230_442086,of:0000000000000007:2 -> of:000000000000000a:3,0.002,0.0025,0.002,0.002,1.86,2026-06-23T08:52:30,0.002,1.86
ip_shuffle,20260623T085230_442086,of:0000000000000007:1 -> of:000000000000000d:5,0.002,0.0025,0.002,0.002,1.7,2026-06-23T08:52:30,0.002,1.7
ip_shuffle,20260623T085230_442086,of:0000000000000002:2 -> of:0000000000000008:2,0.002,0.0025,0.002,0.002,1.86,2026-06-23T08:52:30,0.002,1.86
ip_shuffle,20260623T085230_442086,of:0000000000000003:2 -> of:0000000000000008:3,0.002,0.0025,0.002,0.002,1.86,2026-06-23T08:52:30,0.002,1.86
ip_shuffle,20260623T085230_442086,of:0000000000000008:1 -> of:000000000000000b:6,0.002,0.0025,0.002,0.002,1.6,2026-06-23T08:52:30,0.002,1.57
ip_shuffle,20260623T085230_442086,of:0000000000000004:2 -> of:0000000000000009:2,0.002,0.0025,0.002,0.002,1.86,2026-06-23T08:52:30,0.002,1.86
ip_shuffle,20260623T085230_442086,of:0000000000000002:1 -> of:000000000000000b:4,0.002,0.0025,0.002,0.002,1.7,2026-06-23T08:52:30,0.002,1.67
ip_shuffle,20260623T085230_442086,of:0000000000000009:1 -> of:000000000000000c:6,0.002,0.0025,0.002,0.002,1.6,2026-06-23T08:52:30,0.002,1.6
route_mutation,20260623T085328_108996,of:0000000000000004:1 -> of:000000000000000c:4,0.002,0.0025,0.002,0.002,1.56,2026-06-23T08:53:28,0.002,1.73
route_mutation,20260623T085328_108996,of:0000000000000005:1 -> of:000000000000000c:5,0.002,0.0025,0.002,0.002,1.56,2026-06-23T08:53:28,0.002,1.73
route_mutation,20260623T085328_108996,of:000000000000000a:1 -> of:000000000000000d:6,0.002,0.0025,0.002,0.001,1.46,2026-06-23T08:53:28,0.002,1.63
route_mutation,20260623T085328_108996,of:000000000000000b:3 -> of:000000000000000d:2,0.002,0.0025,0.002,0.002,1.83,2026-06-23T08:53:28,0.002,1.83
route_mutation,20260623T085328_108996,of:000000000000000c:3 -> of:000000000000000d:3,0.002,0.0025,0.002,0.002,2.09,2026-06-23T08:53:28,0.002,2.09
route_mutation,20260623T085328_108996,of:0000000000000005:2 -> of:0000000000000009:3,0.002,0.0025,0.002,0.002,1.73,2026-06-23T08:53:28,0.002,1.73
route_mutation,20260623T085328_108996,of:0000000000000001:1 -> of:000000000000000b:1,0.001,0.00125,0.001,0.001,1.46,2026-06-23T08:53:28,0.001,1.53
route_mutation,20260623T085328_108996,of:000000000000000b:2 -> of:000000000000000c:2,0.002,0.0025,0.002,0.002,1.86,2026-06-23T08:53:28,0.002,1.86
route_mutation,20260623T085328_108996,of:0000000000000001:2 -> of:000000000000000c:1,0.002,0.0025,0.002,0.002,1.73,2026-06-23T08:53:28,0.002,1.6
route_mutation,20260623T085328_108996,of:0000000000000006:2 -> of:000000000000000a:2,0.002,0.0025,0.002,0.002,1.7,2026-06-23T08:53:28,0.002,1.7
route_mutation,20260623T085328_108996,of:0000000000000001:3 -> of:000000000000000d:1,0.003,0.00375,0.003,0.003,2.99,2026-06-23T08:53:28,0.003,3.09
route_mutation,20260623T085328_108996,of:0000000000000003:1 -> of:000000000000000b:5,0.001,0.00125,0.001,0.001,1.53,2026-06-23T08:53:28,0.001,1.46
route_mutation,20260623T085328_108996,of:0000000000000006:1 -> of:000000000000000d:4,0.002,0.0025,0.002,0.002,2.13,2026-06-23T08:53:28,0.002,2.23
route_mutation,20260623T085328_108996,of:0000000000000007:2 -> of:000000000000000a:3,0.001,0.00125,0.001,0.001,1.63,2026-06-23T08:53:28,0.001,1.63
route_mutation,20260623T085328_108996,of:0000000000000007:1 -> of:000000000000000d:5,0.002,0.0025,0.002,0.002,2.39,2026-06-23T08:53:28,0.002,2.29
route_mutation,20260623T085328_108996,of:0000000000000002:2 -> of:0000000000000008:2,0.002,0.0025,0.002,0.002,1.76,2026-06-23T08:53:28,0.002,1.76
route_mutation,20260623T085328_108996,of:0000000000000003:2 -> of:0000000000000008:3,0.002,0.0025,0.002,0.002,1.76,2026-06-23T08:53:28,0.002,1.76
route_mutation,20260623T085328_108996,of:0000000000000008:1 -> of:000000000000000b:6,0.001,0.00125,0.001,0.001,1.43,2026-06-23T08:53:28,0.001,1.4
route_mutation,20260623T085328_108996,of:0000000000000004:2 -> of:0000000000000009:2,0.002,0.0025,0.002,0.002,1.73,2026-06-23T08:53:28,0.002,1.73
route_mutation,20260623T085328_108996,of:0000000000000002:1 -> of:000000000000000b:4,0.001,0.00125,0.001,0.001,1.53,2026-06-23T08:53:28,0.001,1.46
route_mutation,20260623T085328_108996,of:0000000000000009:1 -> of:000000000000000c:6,0.002,0.0025,0.002,0.001,1.46,2026-06-23T08:53:28,0.002,1.66
ip_shuffle,20260623T085358_465185,of:0000000000000004:1 -> of:000000000000000c:4,0.002,0.0025,0.002,0.002,1.86,2026-06-23T08:53:58,0.002,1.86
ip_shuffle,20260623T085358_465185,of:0000000000000005:1 -> of:000000000000000c:5,0.002,0.0025,0.002,0.002,1.6,2026-06-23T08:53:58,0.002,1.6
ip_shuffle,20260623T085358_465185,of:000000000000000a:1 -> of:000000000000000d:6,0.002,0.0025,0.002,0.002,1.53,2026-06-23T08:53:58,0.002,1.5
ip_shuffle,20260623T085358_465185,of:000000000000000b:3 -> of:000000000000000d:2,0.002,0.0025,0.002,0.002,1.7,2026-06-23T08:53:58,0.002,1.7
ip_shuffle,20260623T085358_465185,of:000000000000000c:3 -> of:000000000000000d:3,0.002,0.0025,0.002,0.002,1.76,2026-06-23T08:53:58,0.002,1.76
ip_shuffle,20260623T085358_465185,of:0000000000000005:2 -> of:0000000000000009:3,0.002,0.0025,0.002,0.002,1.73,2026-06-23T08:53:58,0.002,1.73
ip_shuffle,20260623T085358_465185,of:0000000000000001:1 -> of:000000000000000b:1,0.003,0.00375,0.003,0.003,3.46,2026-06-23T08:53:58,0.003,3.46
ip_shuffle,20260623T085358_465185,of:000000000000000b:2 -> of:000000000000000c:2,0.002,0.0025,0.002,0.002,1.8,2026-06-23T08:53:58,0.002,1.8
ip_shuffle,20260623T085358_465185,of:0000000000000001:2 -> of:000000000000000c:1,0.002,0.0025,0.002,0.002,1.73,2026-06-23T08:53:58,0.002,1.73
ip_shuffle,20260623T085358_465185,of:0000000000000006:2 -> of:000000000000000a:2,0.002,0.0025,0.002,0.002,1.73,2026-06-23T08:53:58,0.002,1.73
ip_shuffle,20260623T085358_465185,of:0000000000000001:3 -> of:000000000000000d:1,0.001,0.00125,0.001,0.001,1.43,2026-06-23T08:53:58,0.001,1.46
ip_shuffle,20260623T085358_465185,of:0000000000000003:1 -> of:000000000000000b:5,0.002,0.0025,0.002,0.002,2.5,2026-06-23T08:53:58,0.002,2.5
ip_shuffle,20260623T085358_465185,of:0000000000000006:1 -> of:000000000000000d:4,0.002,0.0025,0.002,0.002,1.53,2026-06-23T08:53:58,0.002,1.5
ip_shuffle,20260623T085358_465185,of:0000000000000007:2 -> of:000000000000000a:3,0.002,0.0025,0.002,0.002,1.73,2026-06-23T08:53:58,0.002,1.73
ip_shuffle,20260623T085358_465185,of:0000000000000007:1 -> of:000000000000000d:5,0.002,0.0025,0.002,0.002,1.53,2026-06-23T08:53:58,0.002,1.5
ip_shuffle,20260623T085358_465185,of:0000000000000002:2 -> of:0000000000000008:2,0.002,0.0025,0.002,0.002,1.73,2026-06-23T08:53:58,0.002,1.73
ip_shuffle,20260623T085358_465185,of:0000000000000003:2 -> of:0000000000000008:3,0.002,0.0025,0.002,0.002,1.73,2026-06-23T08:53:58,0.002,1.73
ip_shuffle,20260623T085358_465185,of:0000000000000008:1 -> of:000000000000000b:6,0.002,0.0025,0.002,0.002,1.53,2026-06-23T08:53:58,0.002,1.53
ip_shuffle,20260623T085358_465185,of:0000000000000004:2 -> of:0000000000000009:2,0.002,0.0025,0.002,0.002,1.73,2026-06-23T08:53:58,0.002,1.73
ip_shuffle,20260623T085358_465185,of:0000000000000002:1 -> of:000000000000000b:4,0.002,0.0025,0.002,0.002,2.56,2026-06-23T08:53:58,0.002,2.56
ip_shuffle,20260623T085358_465185,of:0000000000000009:1 -> of:000000000000000c:6,0.002,0.0025,0.002,0.002,1.6,2026-06-23T08:53:58,0.002,1.6
ip_shuffle,20260623T085456_040211,of:0000000000000004:1 -> of:000000000000000c:4,0.002,0.0025,0.002,0.002,2.03,2026-06-23T08:54:56,0.002,2.03
ip_shuffle,20260623T085456_040211,of:0000000000000005:1 -> of:000000000000000c:5,0.002,0.0025,0.002,0.002,2.03,2026-06-23T08:54:56,0.002,2.03
ip_shuffle,20260623T085456_040211,of:000000000000000a:1 -> of:000000000000000d:6,0.002,0.0025,0.002,0.002,1.96,2026-06-23T08:54:56,0.002,2.0
ip_shuffle,20260623T085456_040211,of:000000000000000b:3 -> of:000000000000000d:2,0.002,0.0025,0.002,0.002,2.7,2026-06-23T08:54:56,0.002,2.7
ip_shuffle,20260623T085456_040211,of:000000000000000c:3 -> of:000000000000000d:3,0.002,0.0025,0.002,0.002,2.76,2026-06-23T08:54:56,0.002,2.76
ip_shuffle,20260623T085456_040211,of:0000000000000005:2 -> of:0000000000000009:3,0.002,0.0025,0.002,0.002,2.7,2026-06-23T08:54:56,0.002,2.7
ip_shuffle,20260623T085456_040211,of:0000000000000001:1 -> of:000000000000000b:1,0.002,0.0025,0.002,0.002,1.96,2026-06-23T08:54:56,0.002,1.96
ip_shuffle,20260623T085456_040211,of:000000000000000b:2 -> of:000000000000000c:2,0.002,0.0025,0.002,0.002,2.66,2026-06-23T08:54:56,0.002,2.66
ip_shuffle,20260623T085456_040211,of:0000000000000001:2 -> of:000000000000000c:1,0.002,0.0025,0.002,0.002,2.03,2026-06-23T08:54:56,0.002,2.03
ip_shuffle,20260623T085456_040211,of:0000000000000006:2 -> of:000000000000000a:2,0.002,0.0025,0.002,0.002,2.6,2026-06-23T08:54:56,0.002,2.6
ip_shuffle,20260623T085456_040211,of:0000000000000001:3 -> of:000000000000000d:1,0.003,0.00375,0.003,0.003,4.1,2026-06-23T08:54:56,0.003,4.13
ip_shuffle,20260623T085456_040211,of:0000000000000003:1 -> of:000000000000000b:5,0.002,0.0025,0.002,0.002,2.0,2026-06-23T08:54:56,0.002,2.0
ip_shuffle,20260623T085456_040211,of:0000000000000006:1 -> of:000000000000000d:4,0.002,0.0025,0.002,0.002,2.26,2026-06-23T08:54:56,0.002,2.3
ip_shuffle,20260623T085456_040211,of:0000000000000007:2 -> of:000000000000000a:3,0.002,0.0025,0.002,0.002,2.63,2026-06-23T08:54:56,0.002,2.63
ip_shuffle,20260623T085456_040211,of:0000000000000007:1 -> of:000000000000000d:5,0.003,0.00375,0.003,0.003,3.73,2026-06-23T08:54:56,0.003,3.7
ip_shuffle,20260623T085456_040211,of:0000000000000002:2 -> of:0000000000000008:2,0.002,0.0025,0.002,0.002,2.66,2026-06-23T08:54:56,0.002,2.66
ip_shuffle,20260623T085456_040211,of:0000000000000003:2 -> of:0000000000000008:3,0.002,0.0025,0.002,0.002,2.66,2026-06-23T08:54:56,0.002,2.66
ip_shuffle,20260623T085456_040211,of:0000000000000008:1 -> of:000000000000000b:6,0.002,0.0025,0.002,0.002,1.9,2026-06-23T08:54:56,0.002,1.9
ip_shuffle,20260623T085456_040211,of:0000000000000004:2 -> of:0000000000000009:2,0.002,0.0025,0.002,0.002,2.7,2026-06-23T08:54:56,0.002,2.7
ip_shuffle,20260623T085456_040211,of:0000000000000002:1 -> of:000000000000000b:4,0.002,0.0025,0.002,0.002,2.0,2026-06-23T08:54:56,0.002,2.0
ip_shuffle,20260623T085456_040211,of:0000000000000009:1 -> of:000000000000000c:6,0.002,0.0025,0.002,0.002,1.96,2026-06-23T08:54:56,0.002,1.96
ip_shuffle,20260623T085600_140587,of:0000000000000004:1 -> of:000000000000000c:4,0.002,0.0025,0.002,0.002,2.26,2026-06-23T08:56:00,0.002,2.23
ip_shuffle,20260623T085600_140587,of:0000000000000005:1 -> of:000000000000000c:5,0.002,0.0025,0.002,0.002,2.26,2026-06-23T08:56:00,0.002,2.23
ip_shuffle,20260623T085600_140587,of:000000000000000a:1 -> of:000000000000000d:6,0.002,0.0025,0.002,0.001,1.43,2026-06-23T08:56:00,0.002,1.5
ip_shuffle,20260623T085600_140587,of:000000000000000b:3 -> of:000000000000000d:2,0.002,0.0025,0.002,0.002,1.66,2026-06-23T08:56:00,0.002,1.66
ip_shuffle,20260623T085600_140587,of:000000000000000c:3 -> of:000000000000000d:3,0.002,0.0025,0.002,0.002,1.66,2026-06-23T08:56:00,0.002,1.66
ip_shuffle,20260623T085600_140587,of:0000000000000005:2 -> of:0000000000000009:3,0.002,0.0025,0.002,0.002,1.63,2026-06-23T08:56:00,0.002,1.63
ip_shuffle,20260623T085600_140587,of:0000000000000001:1 -> of:000000000000000b:1,0.003,0.00375,0.003,0.003,3.23,2026-06-23T08:56:00,0.003,3.2
ip_shuffle,20260623T085600_140587,of:000000000000000b:2 -> of:000000000000000c:2,0.002,0.0025,0.002,0.002,1.66,2026-06-23T08:56:00,0.002,1.66
ip_shuffle,20260623T085600_140587,of:0000000000000001:2 -> of:000000000000000c:1,0.003,0.00375,0.003,0.003,3.0,2026-06-23T08:56:00,0.003,3.0
ip_shuffle,20260623T085600_140587,of:0000000000000006:2 -> of:000000000000000a:2,0.002,0.0025,0.002,0.002,1.7,2026-06-23T08:56:00,0.002,1.7
ip_shuffle,20260623T085600_140587,of:0000000000000001:3 -> of:000000000000000d:1,0.002,0.0025,0.002,0.002,2.33,2026-06-23T08:56:00,0.002,2.26
ip_shuffle,20260623T085600_140587,of:0000000000000003:1 -> of:000000000000000b:5,0.002,0.0025,0.002,0.002,2.5,2026-06-23T08:56:00,0.002,2.46
ip_shuffle,20260623T085600_140587,of:0000000000000006:1 -> of:000000000000000d:4,0.002,0.0025,0.002,0.002,2.06,2026-06-23T08:56:00,0.002,2.13
ip_shuffle,20260623T085600_140587,of:0000000000000007:2 -> of:000000000000000a:3,0.002,0.0025,0.002,0.002,1.73,2026-06-23T08:56:00,0.002,1.73
ip_shuffle,20260623T085600_140587,of:0000000000000007:1 -> of:000000000000000d:5,0.002,0.0025,0.002,0.002,1.73,2026-06-23T08:56:00,0.002,1.73
ip_shuffle,20260623T085600_140587,of:0000000000000002:2 -> of:0000000000000008:2,0.002,0.0025,0.002,0.002,1.66,2026-06-23T08:56:00,0.002,1.66
ip_shuffle,20260623T085600_140587,of:0000000000000003:2 -> of:0000000000000008:3,0.002,0.0025,0.002,0.002,1.66,2026-06-23T08:56:00,0.002,1.66
ip_shuffle,20260623T085600_140587,of:0000000000000008:1 -> of:000000000000000b:6,0.002,0.0025,0.002,0.002,1.53,2026-06-23T08:56:00,0.002,1.5
ip_shuffle,20260623T085600_140587,of:0000000000000004:2 -> of:0000000000000009:2,0.002,0.0025,0.002,0.002,1.63,2026-06-23T08:56:00,0.002,1.63
ip_shuffle,20260623T085600_140587,of:0000000000000002:1 -> of:000000000000000b:4,0.002,0.0025,0.002,0.002,2.2,2026-06-23T08:56:00,0.002,2.16
ip_shuffle,20260623T085600_140587,of:0000000000000009:1 -> of:000000000000000c:6,0.002,0.0025,0.002,0.002,1.5,2026-06-23T08:56:00,0.002,1.5
ip_shuffle,20260623T085657_989681,of:0000000000000004:1 -> of:000000000000000c:4,0.001,0.00125,0.001,0.001,1.42,2026-06-23T08:56:57,0.001,1.39
ip_shuffle,20260623T085657_989681,of:0000000000000005:1 -> of:000000000000000c:5,0.001,0.00125,0.001,0.001,1.42,2026-06-23T08:56:57,0.001,1.39
ip_shuffle,20260623T085657_989681,of:000000000000000a:1 -> of:000000000000000d:6,0.002,0.0025,0.002,0.002,1.46,2026-06-23T08:56:57,0.002,1.62
ip_shuffle,20260623T085657_989681,of:000000000000000b:3 -> of:000000000000000d:2,0.002,0.0025,0.002,0.002,1.76,2026-06-23T08:56:57,0.002,1.76
ip_shuffle,20260623T085657_989681,of:000000000000000c:3 -> of:000000000000000d:3,0.002,0.0025,0.002,0.002,1.69,2026-06-23T08:56:57,0.002,1.69
ip_shuffle,20260623T085657_989681,of:0000000000000005:2 -> of:0000000000000009:3,0.002,0.0025,0.002,0.002,1.62,2026-06-23T08:56:57,0.002,1.62
ip_shuffle,20260623T085657_989681,of:0000000000000001:1 -> of:000000000000000b:1,0.002,0.0025,0.002,0.002,1.46,2026-06-23T08:56:57,0.002,1.52
ip_shuffle,20260623T085657_989681,of:000000000000000b:2 -> of:000000000000000c:2,0.001,0.00125,0.001,0.001,1.52,2026-06-23T08:56:57,0.001,1.52
ip_shuffle,20260623T085657_989681,of:0000000000000001:2 -> of:000000000000000c:1,0.001,0.00125,0.001,0.001,1.39,2026-06-23T08:56:57,0.001,1.46
ip_shuffle,20260623T085657_989681,of:0000000000000006:2 -> of:000000000000000a:2,0.002,0.0025,0.002,0.002,1.62,2026-06-23T08:56:57,0.002,1.62
ip_shuffle,20260623T085657_989681,of:0000000000000001:3 -> of:000000000000000d:1,0.002,0.0025,0.002,0.002,2.75,2026-06-23T08:56:57,0.002,2.82
ip_shuffle,20260623T085657_989681,of:0000000000000003:1 -> of:000000000000000b:5,0.002,0.0025,0.002,0.002,1.49,2026-06-23T08:56:57,0.002,1.46
ip_shuffle,20260623T085657_989681,of:0000000000000006:1 -> of:000000000000000d:4,0.002,0.0025,0.002,0.002,1.49,2026-06-23T08:56:57,0.002,1.62
ip_shuffle,20260623T085657_989681,of:0000000000000007:2 -> of:000000000000000a:3,0.002,0.0025,0.002,0.002,1.59,2026-06-23T08:56:57,0.002,1.59
ip_shuffle,20260623T085657_989681,of:0000000000000007:1 -> of:000000000000000d:5,0.002,0.0025,0.002,0.002,2.68,2026-06-23T08:56:57,0.002,2.52
ip_shuffle,20260623T085657_989681,of:0000000000000002:2 -> of:0000000000000008:2,0.002,0.0025,0.002,0.002,1.62,2026-06-23T08:56:57,0.002,1.62
ip_shuffle,20260623T085657_989681,of:0000000000000003:2 -> of:0000000000000008:3,0.002,0.0025,0.002,0.002,1.62,2026-06-23T08:56:57,0.002,1.62
ip_shuffle,20260623T085657_989681,of:0000000000000008:1 -> of:000000000000000b:6,0.002,0.0025,0.002,0.002,1.46,2026-06-23T08:56:57,0.002,1.46
ip_shuffle,20260623T085657_989681,of:0000000000000004:2 -> of:0000000000000009:2,0.002,0.0025,0.002,0.002,1.62,2026-06-23T08:56:57,0.002,1.62
ip_shuffle,20260623T085657_989681,of:0000000000000002:1 -> of:000000000000000b:4,0.002,0.0025,0.002,0.002,1.49,2026-06-23T08:56:57,0.002,1.46
ip_shuffle,20260623T085657_989681,of:0000000000000009:1 -> of:000000000000000c:6,0.001,0.00125,0.001,0.001,1.39,2026-06-23T08:56:57,0.001,1.39
route_mutation,20260623T085802_297157,of:0000000000000004:1 -> of:000000000000000c:4,0.002,0.0025,0.002,0.002,2.43,2026-06-23T08:58:02,0.002,2.43
route_mutation,20260623T085802_297157,of:0000000000000005:1 -> of:000000000000000c:5,0.002,0.0025,0.002,0.002,2.43,2026-06-23T08:58:02,0.002,2.43
route_mutation,20260623T085802_297157,of:000000000000000a:1 -> of:000000000000000d:6,0.002,0.0025,0.002,0.002,1.56,2026-06-23T08:58:02,0.002,1.6
route_mutation,20260623T085802_297157,of:000000000000000b:3 -> of:000000000000000d:2,0.002,0.0025,0.002,0.002,2.0,2026-06-23T08:58:02,0.002,2.03
route_mutation,20260623T085802_297157,of:000000000000000c:3 -> of:000000000000000d:3,0.002,0.0025,0.002,0.002,1.96,2026-06-23T08:58:02,0.002,1.96
route_mutation,20260623T085802_297157,of:0000000000000005:2 -> of:0000000000000009:3,0.002,0.0025,0.002,0.002,1.86,2026-06-23T08:58:02,0.002,1.86
route_mutation,20260623T085802_297157,of:0000000000000001:1 -> of:000000000000000b:1,0.002,0.0025,0.002,0.002,2.73,2026-06-23T08:58:02,0.002,2.63
route_mutation,20260623T085802_297157,of:000000000000000b:2 -> of:000000000000000c:2,0.002,0.0025,0.002,0.002,1.93,2026-06-23T08:58:02,0.002,1.93
route_mutation,20260623T085802_297157,of:0000000000000001:2 -> of:000000000000000c:1,0.003,0.00375,0.003,0.003,3.23,2026-06-23T08:58:02,0.003,3.2
route_mutation,20260623T085802_297157,of:0000000000000006:2 -> of:000000000000000a:2,0.002,0.0025,0.002,0.002,1.8,2026-06-23T08:58:02,0.002,1.8
route_mutation,20260623T085802_297157,of:0000000000000001:3 -> of:000000000000000d:1,0.002,0.0025,0.002,0.002,1.86,2026-06-23T08:58:02,0.002,2.03
route_mutation,20260623T085802_297157,of:0000000000000003:1 -> of:000000000000000b:5,0.002,0.0025,0.002,0.002,2.4,2026-06-23T08:58:02,0.002,2.43
route_mutation,20260623T085802_297157,of:0000000000000006:1 -> of:000000000000000d:4,0.002,0.0025,0.002,0.002,2.06,2026-06-23T08:58:02,0.002,1.93
route_mutation,20260623T085802_297157,of:0000000000000007:2 -> of:000000000000000a:3,0.002,0.0025,0.002,0.002,1.8,2026-06-23T08:58:02,0.002,1.8
route_mutation,20260623T085802_297157,of:0000000000000007:1 -> of:000000000000000d:5,0.002,0.0025,0.002,0.002,1.56,2026-06-23T08:58:02,0.002,1.6
route_mutation,20260623T085802_297157,of:0000000000000002:2 -> of:0000000000000008:2,0.002,0.0025,0.002,0.002,1.9,2026-06-23T08:58:02,0.002,1.9
route_mutation,20260623T085802_297157,of:0000000000000003:2 -> of:0000000000000008:3,0.002,0.0025,0.002,0.002,1.86,2026-06-23T08:58:02,0.002,1.9
route_mutation,20260623T085802_297157,of:0000000000000008:1 -> of:000000000000000b:6,0.002,0.0025,0.002,0.002,1.56,2026-06-23T08:58:02,0.002,1.56
route_mutation,20260623T085802_297157,of:0000000000000004:2 -> of:0000000000000009:2,0.002,0.0025,0.002,0.002,1.86,2026-06-23T08:58:02,0.002,1.86
route_mutation,20260623T085802_297157,of:0000000000000002:1 -> of:000000000000000b:4,0.002,0.0025,0.002,0.002,1.86,2026-06-23T08:58:02,0.002,1.86
route_mutation,20260623T085802_297157,of:0000000000000009:1 -> of:000000000000000c:6,0.002,0.0025,0.002,0.002,1.56,2026-06-23T08:58:02,0.002,1.56
route_mutation,20260623T085832_498866,of:0000000000000004:1 -> of:000000000000000c:4,0.002,0.0025,0.002,0.002,2.16,2026-06-23T08:58:32,0.002,2.16
route_mutation,20260623T085832_498866,of:0000000000000005:1 -> of:000000000000000c:5,0.002,0.0025,0.002,0.002,2.16,2026-06-23T08:58:32,0.002,2.16
route_mutation,20260623T085832_498866,of:000000000000000a:1 -> of:000000000000000d:6,0.002,0.0025,0.002,0.002,2.16,2026-06-23T08:58:32,0.002,2.13
route_mutation,20260623T085832_498866,of:000000000000000b:3 -> of:000000000000000d:2,0.002,0.0025,0.002,0.002,2.96,2026-06-23T08:58:32,0.002,2.96
route_mutation,20260623T085832_498866,of:000000000000000c:3 -> of:000000000000000d:3,0.002,0.0025,0.002,0.002,2.96,2026-06-23T08:58:32,0.002,2.96
route_mutation,20260623T085832_498866,of:0000000000000005:2 -> of:0000000000000009:3,0.002,0.0025,0.002,0.002,3.13,2026-06-23T08:58:32,0.002,3.13
route_mutation,20260623T085832_498866,of:0000000000000001:1 -> of:000000000000000b:1,0.002,0.0025,0.002,0.002,2.16,2026-06-23T08:58:32,0.002,2.16
route_mutation,20260623T085832_498866,of:000000000000000b:2 -> of:000000000000000c:2,0.002,0.0025,0.002,0.002,3.0,2026-06-23T08:58:32,0.002,3.0
route_mutation,20260623T085832_498866,of:0000000000000001:2 -> of:000000000000000c:1,0.002,0.0025,0.002,0.002,2.16,2026-06-23T08:58:32,0.002,2.16
route_mutation,20260623T085832_498866,of:0000000000000006:2 -> of:000000000000000a:2,0.002,0.0025,0.002,0.002,3.13,2026-06-23T08:58:32,0.002,3.13
route_mutation,20260623T085832_498866,of:0000000000000001:3 -> of:000000000000000d:1,0.003,0.00375,0.003,0.003,4.4,2026-06-23T08:58:32,0.003,4.4
route_mutation,20260623T085832_498866,of:0000000000000003:1 -> of:000000000000000b:5,0.002,0.0025,0.002,0.002,2.16,2026-06-23T08:58:32,0.002,2.16
route_mutation,20260623T085832_498866,of:0000000000000006:1 -> of:000000000000000d:4,0.002,0.0025,0.002,0.002,3.06,2026-06-23T08:58:32,0.002,3.2
route_mutation,20260623T085832_498866,of:0000000000000007:2 -> of:000000000000000a:3,0.002,0.0025,0.002,0.002,3.16,2026-06-23T08:58:32,0.002,3.16
route_mutation,20260623T085832_498866,of:0000000000000007:1 -> of:000000000000000d:5,0.003,0.00375,0.003,0.003,3.5,2026-06-23T08:58:32,0.003,3.36
route_mutation,20260623T085832_498866,of:0000000000000002:2 -> of:0000000000000008:2,0.002,0.0025,0.002,0.002,3.13,2026-06-23T08:58:32,0.002,3.13
route_mutation,20260623T085832_498866,of:0000000000000003:2 -> of:0000000000000008:3,0.002,0.0025,0.002,0.002,3.13,2026-06-23T08:58:32,0.002,3.13
route_mutation,20260623T085832_498866,of:0000000000000008:1 -> of:000000000000000b:6,0.002,0.0025,0.002,0.002,2.16,2026-06-23T08:58:32,0.002,2.16
route_mutation,20260623T085832_498866,of:0000000000000004:2 -> of:0000000000000009:2,0.002,0.0025,0.002,0.002,3.13,2026-06-23T08:58:32,0.002,3.13
route_mutation,20260623T085832_498866,of:0000000000000002:1 -> of:000000000000000b:4,0.002,0.0025,0.002,0.002,2.16,2026-06-23T08:58:32,0.002,2.16
route_mutation,20260623T085832_498866,of:0000000000000009:1 -> of:000000000000000c:6,0.002,0.0025,0.002,0.002,2.16,2026-06-23T08:58:32,0.002,2.16
ip_shuffle,20260623T085902_827999,of:0000000000000004:1 -> of:000000000000000c:4,0.001,0.00125,0.001,0.001,1.37,2026-06-23T08:59:02,0.001,1.33
ip_shuffle,20260623T085902_827999,of:0000000000000005:1 -> of:000000000000000c:5,0.001,0.00125,0.001,0.001,1.37,2026-06-23T08:59:02,0.001,1.33
ip_shuffle,20260623T085902_827999,of:000000000000000a:1 -> of:000000000000000d:6,0.002,0.0025,0.002,0.001,1.33,2026-06-23T08:59:02,0.002,1.37
ip_shuffle,20260623T085902_827999,of:000000000000000b:3 -> of:000000000000000d:2,0.002,0.0025,0.002,0.002,1.37,2026-06-23T08:59:02,0.002,1.37
ip_shuffle,20260623T085902_827999,of:000000000000000c:3 -> of:000000000000000d:3,0.002,0.0025,0.002,0.002,1.37,2026-06-23T08:59:02,0.002,1.37
ip_shuffle,20260623T085902_827999,of:0000000000000005:2 -> of:0000000000000009:3,0.001,0.00125,0.001,0.001,1.37,2026-06-23T08:59:02,0.001,1.37
ip_shuffle,20260623T085902_827999,of:0000000000000001:1 -> of:000000000000000b:1,0.001,0.00125,0.001,0.001,1.27,2026-06-23T08:59:02,0.001,1.33
ip_shuffle,20260623T085902_827999,of:000000000000000b:2 -> of:000000000000000c:2,0.001,0.00125,0.001,0.001,1.33,2026-06-23T08:59:02,0.001,1.33
ip_shuffle,20260623T085902_827999,of:0000000000000001:2 -> of:000000000000000c:1,0.001,0.00125,0.001,0.001,1.27,2026-06-23T08:59:02,0.001,1.33
ip_shuffle,20260623T085902_827999,of:0000000000000006:2 -> of:000000000000000a:2,0.001,0.00125,0.001,0.001,1.37,2026-06-23T08:59:02,0.001,1.37
ip_shuffle,20260623T085902_827999,of:0000000000000001:3 -> of:000000000000000d:1,0.002,0.0025,0.002,0.002,1.56,2026-06-23T08:59:02,0.001,1.4
ip_shuffle,20260623T085902_827999,of:0000000000000003:1 -> of:000000000000000b:5,0.001,0.00125,0.001,0.001,1.3,2026-06-23T08:59:02,0.001,1.27
ip_shuffle,20260623T085902_827999,of:0000000000000006:1 -> of:000000000000000d:4,0.001,0.00125,0.001,0.001,1.37,2026-06-23T08:59:02,0.001,1.37
ip_shuffle,20260623T085902_827999,of:0000000000000007:2 -> of:000000000000000a:3,0.001,0.00125,0.001,0.001,1.33,2026-06-23T08:59:02,0.001,1.33
ip_shuffle,20260623T085902_827999,of:0000000000000007:1 -> of:000000000000000d:5,0.002,0.0025,0.002,0.002,1.43,2026-06-23T08:59:02,0.002,1.53
ip_shuffle,20260623T085902_827999,of:0000000000000002:2 -> of:0000000000000008:2,0.001,0.00125,0.001,0.001,1.3,2026-06-23T08:59:02,0.001,1.3
ip_shuffle,20260623T085902_827999,of:0000000000000003:2 -> of:0000000000000008:3,0.001,0.00125,0.001,0.001,1.3,2026-06-23T08:59:02,0.001,1.3
ip_shuffle,20260623T085902_827999,of:0000000000000008:1 -> of:000000000000000b:6,0.001,0.00125,0.001,0.001,1.33,2026-06-23T08:59:02,0.001,1.33
ip_shuffle,20260623T085902_827999,of:0000000000000004:2 -> of:0000000000000009:2,0.001,0.00125,0.001,0.001,1.37,2026-06-23T08:59:02,0.001,1.37
ip_shuffle,20260623T085902_827999,of:0000000000000002:1 -> of:000000000000000b:4,0.001,0.00125,0.001,0.001,1.3,2026-06-23T08:59:02,0.001,1.27
ip_shuffle,20260623T085902_827999,of:0000000000000009:1 -> of:000000000000000c:6,0.001,0.00125,0.001,0.001,1.33,2026-06-23T08:59:02,0.001,1.33
ip_shuffle,20260623T090000_619700,of:0000000000000004:1 -> of:000000000000000c:4,0.002,0.0025,0.002,0.002,1.86,2026-06-23T09:00:00,0.002,1.83
ip_shuffle,20260623T090000_619700,of:0000000000000005:1 -> of:000000000000000c:5,0.002,0.0025,0.002,0.002,2.3,2026-06-23T09:00:00,0.002,2.26
ip_shuffle,20260623T090000_619700,of:000000000000000a:1 -> of:000000000000000d:6,0.002,0.0025,0.002,0.002,1.83,2026-06-23T09:00:00,0.002,1.8
ip_shuffle,20260623T090000_619700,of:000000000000000b:3 -> of:000000000000000d:2,0.002,0.0025,0.002,0.002,2.36,2026-06-23T09:00:00,0.002,2.36
ip_shuffle,20260623T090000_619700,of:000000000000000c:3 -> of:000000000000000d:3,0.002,0.0025,0.002,0.002,2.36,2026-06-23T09:00:00,0.002,2.36
ip_shuffle,20260623T090000_619700,of:0000000000000005:2 -> of:0000000000000009:3,0.002,0.0025,0.002,0.002,2.56,2026-06-23T09:00:00,0.002,2.56
ip_shuffle,20260623T090000_619700,of:0000000000000001:1 -> of:000000000000000b:1,0.002,0.0025,0.002,0.002,1.83,2026-06-23T09:00:00,0.002,1.83
ip_shuffle,20260623T090000_619700,of:000000000000000b:2 -> of:000000000000000c:2,0.002,0.0025,0.002,0.002,2.33,2026-06-23T09:00:00,0.002,2.33
ip_shuffle,20260623T090000_619700,of:0000000000000001:2 -> of:000000000000000c:1,0.002,0.0025,0.002,0.002,2.3,2026-06-23T09:00:00,0.002,2.3
ip_shuffle,20260623T090000_619700,of:0000000000000006:2 -> of:000000000000000a:2,0.002,0.0025,0.002,0.002,2.5,2026-06-23T09:00:00,0.002,2.5
ip_shuffle,20260623T090000_619700,of:0000000000000001:3 -> of:000000000000000d:1,0.003,0.00375,0.003,0.003,3.49,2026-06-23T09:00:00,0.003,3.63
ip_shuffle,20260623T090000_619700,of:0000000000000003:1 -> of:000000000000000b:5,0.002,0.0025,0.002,0.002,1.86,2026-06-23T09:00:00,0.002,1.83
ip_shuffle,20260623T090000_619700,of:0000000000000006:1 -> of:000000000000000d:4,0.003,0.00375,0.003,0.003,3.53,2026-06-23T09:00:00,0.003,3.59
ip_shuffle,20260623T090000_619700,of:0000000000000007:2 -> of:000000000000000a:3,0.002,0.0025,0.002,0.002,2.5,2026-06-23T09:00:00,0.002,2.5
ip_shuffle,20260623T090000_619700,of:0000000000000007:1 -> of:000000000000000d:5,0.002,0.0025,0.002,0.002,2.03,2026-06-23T09:00:00,0.002,1.86
ip_shuffle,20260623T090000_619700,of:0000000000000002:2 -> of:0000000000000008:2,0.002,0.0025,0.002,0.002,2.56,2026-06-23T09:00:00,0.002,2.56
ip_shuffle,20260623T090000_619700,of:0000000000000003:2 -> of:0000000000000008:3,0.002,0.0025,0.002,0.002,2.56,2026-06-23T09:00:00,0.002,2.56
ip_shuffle,20260623T090000_619700,of:0000000000000008:1 -> of:000000000000000b:6,0.002,0.0025,0.002,0.002,1.9,2026-06-23T09:00:00,0.002,1.83
ip_shuffle,20260623T090000_619700,of:0000000000000004:2 -> of:0000000000000009:2,0.002,0.0025,0.002,0.002,2.56,2026-06-23T09:00:00,0.002,2.56
ip_shuffle,20260623T090000_619700,of:0000000000000002:1 -> of:000000000000000b:4,0.002,0.0025,0.002,0.002,1.86,2026-06-23T09:00:00,0.002,1.83
ip_shuffle,20260623T090000_619700,of:0000000000000009:1 -> of:000000000000000c:6,0.002,0.0025,0.002,0.002,1.9,2026-06-23T09:00:00,0.002,1.83
route_mutation,20260623T090111_424112,of:0000000000000004:1 -> of:000000000000000c:4,0.002,0.0025,0.002,0.002,2.43,2026-06-23T09:01:11,0.002,2.46
route_mutation,20260623T090111_424112,of:0000000000000005:1 -> of:000000000000000c:5,0.002,0.0025,0.002,0.002,2.43,2026-06-23T09:01:11,0.002,2.46
route_mutation,20260623T090111_424112,of:000000000000000a:1 -> of:000000000000000d:6,0.001,0.00125,0.001,0.001,1.6,2026-06-23T09:01:11,0.001,1.6
route_mutation,20260623T090111_424112,of:000000000000000b:3 -> of:000000000000000d:2,0.002,0.0025,0.002,0.002,2.0,2026-06-23T09:01:11,0.002,2.0
route_mutation,20260623T090111_424112,of:000000000000000c:3 -> of:000000000000000d:3,0.002,0.0025,0.002,0.002,2.0,2026-06-23T09:01:11,0.002,2.0
route_mutation,20260623T090111_424112,of:0000000000000005:2 -> of:0000000000000009:3,0.002,0.0025,0.002,0.002,2.03,2026-06-23T09:01:11,0.002,2.03
route_mutation,20260623T090111_424112,of:0000000000000001:1 -> of:000000000000000b:1,0.002,0.0025,0.002,0.002,2.49,2026-06-23T09:01:11,0.002,2.43
route_mutation,20260623T090111_424112,of:000000000000000b:2 -> of:000000000000000c:2,0.002,0.0025,0.002,0.002,2.0,2026-06-23T09:01:11,0.002,2.0
route_mutation,20260623T090111_424112,of:0000000000000001:2 -> of:000000000000000c:1,0.003,0.00375,0.003,0.003,3.26,2026-06-23T09:01:11,0.003,3.19
route_mutation,20260623T090111_424112,of:0000000000000006:2 -> of:000000000000000a:2,0.002,0.0025,0.002,0.002,2.03,2026-06-23T09:01:11,0.002,2.03
route_mutation,20260623T090111_424112,of:0000000000000001:3 -> of:000000000000000d:1,0.002,0.0025,0.002,0.002,2.13,2026-06-23T09:01:11,0.002,2.26
route_mutation,20260623T090111_424112,of:0000000000000003:1 -> of:000000000000000b:5,0.002,0.0025,0.002,0.002,2.46,2026-06-23T09:01:11,0.002,2.49
route_mutation,20260623T090111_424112,of:0000000000000006:1 -> of:000000000000000d:4,0.002,0.0025,0.002,0.002,2.29,2026-06-23T09:01:11,0.002,2.2
route_mutation,20260623T090111_424112,of:0000000000000007:2 -> of:000000000000000a:3,0.002,0.0025,0.002,0.002,2.03,2026-06-23T09:01:11,0.002,2.03
route_mutation,20260623T090111_424112,of:0000000000000007:1 -> of:000000000000000d:5,0.002,0.0025,0.002,0.002,1.63,2026-06-23T09:01:11,0.002,1.66
route_mutation,20260623T090111_424112,of:0000000000000002:2 -> of:0000000000000008:2,0.002,0.0025,0.002,0.002,2.1,2026-06-23T09:01:11,0.002,2.1
route_mutation,20260623T090111_424112,of:0000000000000003:2 -> of:0000000000000008:3,0.002,0.0025,0.002,0.002,2.1,2026-06-23T09:01:11,0.002,2.1
route_mutation,20260623T090111_424112,of:0000000000000008:1 -> of:000000000000000b:6,0.002,0.0025,0.002,0.002,1.66,2026-06-23T09:01:11,0.002,1.66
route_mutation,20260623T090111_424112,of:0000000000000004:2 -> of:0000000000000009:2,0.002,0.0025,0.002,0.002,2.03,2026-06-23T09:01:11,0.002,2.03
route_mutation,20260623T090111_424112,of:0000000000000002:1 -> of:000000000000000b:4,0.002,0.0025,0.002,0.002,1.63,2026-06-23T09:01:11,0.002,1.66
route_mutation,20260623T090111_424112,of:0000000000000009:1 -> of:000000000000000c:6,0.001,0.00125,0.001,0.001,1.6,2026-06-23T09:01:11,0.001,1.6
ip_shuffle,20260623T090141_758797,of:0000000000000004:1 -> of:000000000000000c:4,0.002,0.0025,0.002,0.002,2.16,2026-06-23T09:01:41,0.002,2.13
ip_shuffle,20260623T090141_758797,of:0000000000000005:1 -> of:000000000000000c:5,0.002,0.0025,0.002,0.002,2.16,2026-06-23T09:01:41,0.002,2.13
ip_shuffle,20260623T090141_758797,of:000000000000000a:1 -> of:000000000000000d:6,0.002,0.0025,0.002,0.002,2.13,2026-06-23T09:01:41,0.002,2.13
ip_shuffle,20260623T090141_758797,of:000000000000000b:3 -> of:000000000000000d:2,0.002,0.0025,0.002,0.002,2.93,2026-06-23T09:01:41,0.002,2.93
ip_shuffle,20260623T090141_758797,of:000000000000000c:3 -> of:000000000000000d:3,0.002,0.0025,0.002,0.002,2.93,2026-06-23T09:01:41,0.002,2.93
ip_shuffle,20260623T090141_758797,of:0000000000000005:2 -> of:0000000000000009:3,0.002,0.0025,0.002,0.002,2.96,2026-06-23T09:01:41,0.002,2.96
ip_shuffle,20260623T090141_758797,of:0000000000000001:1 -> of:000000000000000b:1,0.002,0.0025,0.002,0.002,2.06,2026-06-23T09:01:41,0.002,2.13
ip_shuffle,20260623T090141_758797,of:000000000000000b:2 -> of:000000000000000c:2,0.002,0.0025,0.002,0.002,2.93,2026-06-23T09:01:41,0.002,2.93
ip_shuffle,20260623T090141_758797,of:0000000000000001:2 -> of:000000000000000c:1,0.002,0.0025,0.002,0.002,2.06,2026-06-23T09:01:41,0.002,2.13
ip_shuffle,20260623T090141_758797,of:0000000000000006:2 -> of:000000000000000a:2,0.002,0.0025,0.002,0.002,2.96,2026-06-23T09:01:41,0.002,2.96
ip_shuffle,20260623T090141_758797,of:0000000000000001:3 -> of:000000000000000d:1,0.003,0.00375,0.003,0.003,4.26,2026-06-23T09:01:41,0.003,4.13
ip_shuffle,20260623T090141_758797,of:0000000000000003:1 -> of:000000000000000b:5,0.002,0.0025,0.002,0.002,2.1,2026-06-23T09:01:41,0.002,2.06
ip_shuffle,20260623T090141_758797,of:0000000000000006:1 -> of:000000000000000d:4,0.002,0.0025,0.002,0.002,2.8,2026-06-23T09:01:41,0.002,2.9
ip_shuffle,20260623T090141_758797,of:0000000000000007:2 -> of:000000000000000a:3,0.002,0.0025,0.002,0.002,2.96,2026-06-23T09:01:41,0.002,2.96
ip_shuffle,20260623T090141_758797,of:0000000000000007:1 -> of:000000000000000d:5,0.003,0.00375,0.003,0.003,3.53,2026-06-23T09:01:41,0.003,3.49
ip_shuffle,20260623T090141_758797,of:0000000000000002:2 -> of:0000000000000008:2,0.002,0.0025,0.002,0.002,2.9,2026-06-23T09:01:41,0.002,2.9
ip_shuffle,20260623T090141_758797,of:0000000000000003:2 -> of:0000000000000008:3,0.002,0.0025,0.002,0.002,2.9,2026-06-23T09:01:41,0.002,2.9
ip_shuffle,20260623T090141_758797,of:0000000000000008:1 -> of:000000000000000b:6,0.002,0.0025,0.002,0.002,2.13,2026-06-23T09:01:41,0.002,2.13
ip_shuffle,20260623T090141_758797,of:0000000000000004:2 -> of:0000000000000009:2,0.002,0.0025,0.002,0.002,2.96,2026-06-23T09:01:41,0.002,2.96
ip_shuffle,20260623T090141_758797,of:0000000000000002:1 -> of:000000000000000b:4,0.002,0.0025,0.002,0.002,2.1,2026-06-23T09:01:41,0.002,2.06
ip_shuffle,20260623T090141_758797,of:0000000000000009:1 -> of:000000000000000c:6,0.002,0.0025,0.002,0.002,2.13,2026-06-23T09:01:41,0.002,2.13
ip_shuffle,20260623T090252_321320,of:0000000000000004:1 -> of:000000000000000c:4,0.002,0.0025,0.002,0.002,2.2,2026-06-23T09:02:52,0.002,2.16
ip_shuffle,20260623T090252_321320,of:0000000000000005:1 -> of:000000000000000c:5,0.002,0.0025,0.002,0.002,2.06,2026-06-23T09:02:52,0.002,2.03
ip_shuffle,20260623T090252_321320,of:000000000000000a:1 -> of:000000000000000d:6,0.001,0.00125,0.001,0.001,1.3,2026-06-23T09:02:52,0.001,1.3
ip_shuffle,20260623T090252_321320,of:000000000000000b:3 -> of:000000000000000d:2,0.001,0.00125,0.001,0.001,1.4,2026-06-23T09:02:52,0.001,1.4
ip_shuffle,20260623T090252_321320,of:000000000000000c:3 -> of:000000000000000d:3,0.001,0.00125,0.001,0.001,1.4,2026-06-23T09:02:52,0.001,1.4
ip_shuffle,20260623T090252_321320,of:0000000000000005:2 -> of:0000000000000009:3,0.001,0.00125,0.001,0.001,1.5,2026-06-23T09:02:52,0.001,1.5
ip_shuffle,20260623T090252_321320,of:0000000000000001:1 -> of:000000000000000b:1,0.003,0.00375,0.003,0.003,3.43,2026-06-23T09:02:52,0.003,3.36
ip_shuffle,20260623T090252_321320,of:000000000000000b:2 -> of:000000000000000c:2,0.001,0.00125,0.001,0.001,1.4,2026-06-23T09:02:52,0.001,1.4
ip_shuffle,20260623T090252_321320,of:0000000000000001:2 -> of:000000000000000c:1,0.003,0.00375,0.003,0.003,2.76,2026-06-23T09:02:52,0.003,2.83
ip_shuffle,20260623T090252_321320,of:0000000000000006:2 -> of:000000000000000a:2,0.001,0.00125,0.001,0.001,1.5,2026-06-23T09:02:52,0.001,1.5
ip_shuffle,20260623T090252_321320,of:0000000000000001:3 -> of:000000000000000d:1,0.001,0.00125,0.001,0.001,1.36,2026-06-23T09:02:52,0.001,1.43
ip_shuffle,20260623T090252_321320,of:0000000000000003:1 -> of:000000000000000b:5,0.002,0.0025,0.002,0.002,2.43,2026-06-23T09:02:52,0.002,2.4
ip_shuffle,20260623T090252_321320,of:0000000000000006:1 -> of:000000000000000d:4,0.001,0.00125,0.001,0.001,1.4,2026-06-23T09:02:52,0.001,1.36
ip_shuffle,20260623T090252_321320,of:0000000000000007:2 -> of:000000000000000a:3,0.001,0.00125,0.001,0.001,1.46,2026-06-23T09:02:52,0.001,1.46
ip_shuffle,20260623T090252_321320,of:0000000000000007:1 -> of:000000000000000d:5,0.001,0.00125,0.001,0.001,1.36,2026-06-23T09:02:52,0.001,1.36
ip_shuffle,20260623T090252_321320,of:0000000000000002:2 -> of:0000000000000008:2,0.002,0.0025,0.002,0.002,1.56,2026-06-23T09:02:52,0.002,1.56
ip_shuffle,20260623T090252_321320,of:0000000000000003:2 -> of:0000000000000008:3,0.002,0.0025,0.002,0.002,1.56,2026-06-23T09:02:52,0.002,1.56
ip_shuffle,20260623T090252_321320,of:0000000000000008:1 -> of:000000000000000b:6,0.001,0.00125,0.001,0.001,1.36,2026-06-23T09:02:52,0.001,1.36
ip_shuffle,20260623T090252_321320,of:0000000000000004:2 -> of:0000000000000009:2,0.001,0.00125,0.001,0.001,1.5,2026-06-23T09:02:52,0.001,1.5
ip_shuffle,20260623T090252_321320,of:0000000000000002:1 -> of:000000000000000b:4,0.002,0.0025,0.002,0.002,2.3,2026-06-23T09:02:52,0.002,2.33
ip_shuffle,20260623T090252_321320,of:0000000000000009:1 -> of:000000000000000c:6,0.001,0.00125,0.001,0.001,1.3,2026-06-23T09:02:52,0.001,1.3
route_mutation,20260623T090350_153383,of:0000000000000004:1 -> of:000000000000000c:4,0.001,0.00125,0.001,0.001,1.47,2026-06-23T09:03:50,0.001,1.4
route_mutation,20260623T090350_153383,of:0000000000000005:1 -> of:000000000000000c:5,0.001,0.00125,0.001,0.001,1.47,2026-06-23T09:03:50,0.001,1.4
route_mutation,20260623T090350_153383,of:000000000000000a:1 -> of:000000000000000d:6,0.002,0.0025,0.002,0.002,1.5,2026-06-23T09:03:50,0.002,1.47
route_mutation,20260623T090350_153383,of:000000000000000b:3 -> of:000000000000000d:2,0.002,0.0025,0.002,0.002,1.63,2026-06-23T09:03:50,0.002,1.63
route_mutation,20260623T090350_153383,of:000000000000000c:3 -> of:000000000000000d:3,0.002,0.0025,0.002,0.002,1.6,2026-06-23T09:03:50,0.002,1.6
route_mutation,20260623T090350_153383,of:0000000000000005:2 -> of:0000000000000009:3,0.002,0.0025,0.002,0.002,1.66,2026-06-23T09:03:50,0.002,1.66
route_mutation,20260623T090350_153383,of:0000000000000001:1 -> of:000000000000000b:1,0.002,0.0025,0.002,0.002,1.5,2026-06-23T09:03:50,0.002,1.53
route_mutation,20260623T090350_153383,of:000000000000000b:2 -> of:000000000000000c:2,0.002,0.0025,0.002,0.002,1.63,2026-06-23T09:03:50,0.002,1.63
route_mutation,20260623T090350_153383,of:0000000000000001:2 -> of:000000000000000c:1,0.002,0.0025,0.002,0.002,1.5,2026-06-23T09:03:50,0.002,1.56
route_mutation,20260623T090350_153383,of:0000000000000006:2 -> of:000000000000000a:2,0.002,0.0025,0.002,0.002,1.6,2026-06-23T09:03:50,0.002,1.6
route_mutation,20260623T090350_153383,of:0000000000000001:3 -> of:000000000000000d:1,0.002,0.0025,0.002,0.002,2.1,2026-06-23T09:03:50,0.002,2.0
route_mutation,20260623T090350_153383,of:0000000000000003:1 -> of:000000000000000b:5,0.002,0.0025,0.002,0.002,1.53,2026-06-23T09:03:50,0.002,1.5
route_mutation,20260623T090350_153383,of:0000000000000006:1 -> of:000000000000000d:4,0.001,0.00125,0.001,0.001,1.43,2026-06-23T09:03:50,0.001,1.4
route_mutation,20260623T090350_153383,of:0000000000000007:2 -> of:000000000000000a:3,0.002,0.0025,0.002,0.002,1.6,2026-06-23T09:03:50,0.002,1.6
route_mutation,20260623T090350_153383,of:0000000000000007:1 -> of:000000000000000d:5,0.002,0.0025,0.002,0.002,1.86,2026-06-23T09:03:50,0.002,1.9
route_mutation,20260623T090350_153383,of:0000000000000002:2 -> of:0000000000000008:2,0.002,0.0025,0.002,0.002,1.7,2026-06-23T09:03:50,0.002,1.7
route_mutation,20260623T090350_153383,of:0000000000000003:2 -> of:0000000000000008:3,0.002,0.0025,0.002,0.002,1.7,2026-06-23T09:03:50,0.002,1.7
route_mutation,20260623T090350_153383,of:0000000000000008:1 -> of:000000000000000b:6,0.002,0.0025,0.002,0.002,1.5,2026-06-23T09:03:50,0.002,1.5
route_mutation,20260623T090350_153383,of:0000000000000004:2 -> of:0000000000000009:2,0.002,0.0025,0.002,0.002,1.63,2026-06-23T09:03:50,0.002,1.63
route_mutation,20260623T090350_153383,of:0000000000000002:1 -> of:000000000000000b:4,0.002,0.0025,0.002,0.002,1.56,2026-06-23T09:03:50,0.002,1.53
route_mutation,20260623T090350_153383,of:0000000000000009:1 -> of:000000000000000c:6,0.002,0.0025,0.002,0.002,1.5,2026-06-23T09:03:50,0.002,1.47
route_mutation,20260623T090420_458672,of:0000000000000004:1 -> of:000000000000000c:4,0.002,0.0025,0.002,0.002,2.0,2026-06-23T09:04:20,0.002,2.0
route_mutation,20260623T090420_458672,of:0000000000000005:1 -> of:000000000000000c:5,0.001,0.00125,0.001,0.001,1.46,2026-06-23T09:04:20,0.001,1.46
route_mutation,20260623T090420_458672,of:000000000000000a:1 -> of:000000000000000d:6,0.001,0.00125,0.001,0.001,1.46,2026-06-23T09:04:20,0.001,1.46
route_mutation,20260623T090420_458672,of:000000000000000b:3 -> of:000000000000000d:2,0.002,0.0025,0.002,0.002,1.66,2026-06-23T09:04:20,0.002,1.66
route_mutation,20260623T090420_458672,of:000000000000000c:3 -> of:000000000000000d:3,0.002,0.0025,0.002,0.002,1.66,2026-06-23T09:04:20,0.002,1.66
route_mutation,20260623T090420_458672,of:0000000000000005:2 -> of:0000000000000009:3,0.002,0.0025,0.002,0.002,1.66,2026-06-23T09:04:20,0.002,1.66
route_mutation,20260623T090420_458672,of:0000000000000001:1 -> of:000000000000000b:1,0.003,0.00375,0.003,0.003,3.49,2026-06-23T09:04:20,0.003,3.49
route_mutation,20260623T090420_458672,of:000000000000000b:2 -> of:000000000000000c:2,0.001,0.00125,0.001,0.001,1.6,2026-06-23T09:04:20,0.001,1.6
route_mutation,20260623T090420_458672,of:0000000000000001:2 -> of:000000000000000c:1,0.002,0.0025,0.002,0.002,1.93,2026-06-23T09:04:20,0.002,1.93
route_mutation,20260623T090420_458672,of:0000000000000006:2 -> of:000000000000000a:2,0.002,0.0025,0.002,0.002,1.66,2026-06-23T09:04:20,0.002,1.66
route_mutation,20260623T090420_458672,of:0000000000000001:3 -> of:000000000000000d:1,0.002,0.0025,0.002,0.002,1.53,2026-06-23T09:04:20,0.002,1.53
route_mutation,20260623T090420_458672,of:0000000000000003:1 -> of:000000000000000b:5,0.002,0.0025,0.002,0.002,2.5,2026-06-23T09:04:20,0.002,2.5
route_mutation,20260623T090420_458672,of:0000000000000006:1 -> of:000000000000000d:4,0.002,0.0025,0.002,0.002,1.53,2026-06-23T09:04:20,0.002,1.53
route_mutation,20260623T090420_458672,of:0000000000000007:2 -> of:000000000000000a:3,0.002,0.0025,0.002,0.002,1.66,2026-06-23T09:04:20,0.002,1.66
route_mutation,20260623T090420_458672,of:0000000000000007:1 -> of:000000000000000d:5,0.002,0.0025,0.002,0.002,1.53,2026-06-23T09:04:20,0.002,1.53
route_mutation,20260623T090420_458672,of:0000000000000002:2 -> of:0000000000000008:2,0.002,0.0025,0.002,0.002,1.66,2026-06-23T09:04:20,0.002,1.66
route_mutation,20260623T090420_458672,of:0000000000000003:2 -> of:0000000000000008:3,0.002,0.0025,0.002,0.002,1.66,2026-06-23T09:04:20,0.002,1.66
route_mutation,20260623T090420_458672,of:0000000000000008:1 -> of:000000000000000b:6,0.001,0.00125,0.001,0.001,1.4,2026-06-23T09:04:20,0.001,1.4
route_mutation,20260623T090420_458672,of:0000000000000004:2 -> of:0000000000000009:2,0.002,0.0025,0.002,0.002,1.66,2026-06-23T09:04:20,0.002,1.66
route_mutation,20260623T090420_458672,of:0000000000000002:1 -> of:000000000000000b:4,0.002,0.0025,0.002,0.002,2.5,2026-06-23T09:04:20,0.002,2.5
route_mutation,20260623T090420_458672,of:0000000000000009:1 -> of:000000000000000c:6,0.001,0.00125,0.001,0.001,1.4,2026-06-23T09:04:20,0.001,1.4
ip_shuffle,20260623T090450_839405,of:0000000000000004:1 -> of:000000000000000c:4,0.002,0.0025,0.002,0.002,2.16,2026-06-23T09:04:50,0.002,2.2
ip_shuffle,20260623T090450_839405,of:0000000000000005:1 -> of:000000000000000c:5,0.002,0.0025,0.002,0.002,2.7,2026-06-23T09:04:50,0.002,2.73
ip_shuffle,20260623T090450_839405,of:000000000000000a:1 -> of:000000000000000d:6,0.002,0.0025,0.002,0.002,1.86,2026-06-23T09:04:50,0.002,1.9
ip_shuffle,20260623T090450_839405,of:000000000000000b:3 -> of:000000000000000d:2,0.002,0.0025,0.002,0.002,2.5,2026-06-23T09:04:50,0.002,2.5
ip_shuffle,20260623T090450_839405,of:000000000000000c:3 -> of:000000000000000d:3,0.002,0.0025,0.002,0.002,2.5,2026-06-23T09:04:50,0.002,2.5
ip_shuffle,20260623T090450_839405,of:0000000000000005:2 -> of:0000000000000009:3,0.002,0.0025,0.002,0.002,2.5,2026-06-23T09:04:50,0.002,2.5
ip_shuffle,20260623T090450_839405,of:0000000000000001:1 -> of:000000000000000b:1,0.002,0.0025,0.002,0.002,1.9,2026-06-23T09:04:50,0.002,1.83
ip_shuffle,20260623T090450_839405,of:000000000000000b:2 -> of:000000000000000c:2,0.002,0.0025,0.002,0.002,2.53,2026-06-23T09:04:50,0.002,2.53
ip_shuffle,20260623T090450_839405,of:0000000000000001:2 -> of:000000000000000c:1,0.003,0.00375,0.003,0.003,3.0,2026-06-23T09:04:50,0.002,2.93
ip_shuffle,20260623T090450_839405,of:0000000000000006:2 -> of:000000000000000a:2,0.002,0.0025,0.002,0.002,2.5,2026-06-23T09:04:50,0.002,2.5
ip_shuffle,20260623T090450_839405,of:0000000000000001:3 -> of:000000000000000d:1,0.003,0.00375,0.003,0.003,3.26,2026-06-23T09:04:50,0.003,3.43
ip_shuffle,20260623T090450_839405,of:0000000000000003:1 -> of:000000000000000b:5,0.002,0.0025,0.002,0.002,1.9,2026-06-23T09:04:50,0.002,1.93
ip_shuffle,20260623T090450_839405,of:0000000000000006:1 -> of:000000000000000d:4,0.003,0.00375,0.003,0.003,3.13,2026-06-23T09:04:50,0.003,3.2
ip_shuffle,20260623T090450_839405,of:0000000000000007:2 -> of:000000000000000a:3,0.002,0.0025,0.002,0.002,2.53,2026-06-23T09:04:50,0.002,2.53
ip_shuffle,20260623T090450_839405,of:0000000000000007:1 -> of:000000000000000d:5,0.002,0.0025,0.002,0.002,2.23,2026-06-23T09:04:50,0.002,2.16
ip_shuffle,20260623T090450_839405,of:0000000000000002:2 -> of:0000000000000008:2,0.002,0.0025,0.002,0.002,2.5,2026-06-23T09:04:50,0.002,2.5
ip_shuffle,20260623T090450_839405,of:0000000000000003:2 -> of:0000000000000008:3,0.002,0.0025,0.002,0.002,2.5,2026-06-23T09:04:50,0.002,2.5
ip_shuffle,20260623T090450_839405,of:0000000000000008:1 -> of:000000000000000b:6,0.002,0.0025,0.002,0.002,1.93,2026-06-23T09:04:50,0.002,1.93
ip_shuffle,20260623T090450_839405,of:0000000000000004:2 -> of:0000000000000009:2,0.002,0.0025,0.002,0.002,2.5,2026-06-23T09:04:50,0.002,2.5
ip_shuffle,20260623T090450_839405,of:0000000000000002:1 -> of:000000000000000b:4,0.002,0.0025,0.002,0.002,1.9,2026-06-23T09:04:50,0.002,1.93
ip_shuffle,20260623T090450_839405,of:0000000000000009:1 -> of:000000000000000c:6,0.002,0.0025,0.002,0.002,1.93,2026-06-23T09:04:50,0.002,1.93
route_mutation,20260623T090548_723973,of:0000000000000004:1 -> of:000000000000000c:4,0.001,0.00125,0.001,0.001,1.36,2026-06-23T09:05:48,0.001,1.4
route_mutation,20260623T090548_723973,of:0000000000000005:1 -> of:000000000000000c:5,0.001,0.00125,0.001,0.001,1.36,2026-06-23T09:05:48,0.001,1.4
route_mutation,20260623T090548_723973,of:000000000000000a:1 -> of:000000000000000d:6,0.001,0.00125,0.001,0.001,1.36,2026-06-23T09:05:48,0.001,1.4
route_mutation,20260623T090548_723973,of:000000000000000b:3 -> of:000000000000000d:2,0.001,0.00125,0.001,0.001,1.5,2026-06-23T09:05:48,0.001,1.5
route_mutation,20260623T090548_723973,of:000000000000000c:3 -> of:000000000000000d:3,0.002,0.0025,0.002,0.002,1.53,2026-06-23T09:05:48,0.002,1.53
route_mutation,20260623T090548_723973,of:0000000000000005:2 -> of:0000000000000009:3,0.001,0.00125,0.001,0.001,1.46,2026-06-23T09:05:48,0.001,1.46
route_mutation,20260623T090548_723973,of:0000000000000001:1 -> of:000000000000000b:1,0.003,0.00375,0.003,0.003,3.13,2026-06-23T09:05:48,0.003,3.09
route_mutation,20260623T090548_723973,of:000000000000000b:2 -> of:000000000000000c:2,0.001,0.00125,0.001,0.001,1.43,2026-06-23T09:05:48,0.001,1.43
route_mutation,20260623T090548_723973,of:0000000000000001:2 -> of:000000000000000c:1,0.001,0.00125,0.001,0.001,1.4,2026-06-23T09:05:48,0.001,1.36
route_mutation,20260623T090548_723973,of:0000000000000006:2 -> of:000000000000000a:2,0.001,0.00125,0.001,0.001,1.46,2026-06-23T09:05:48,0.001,1.46
route_mutation,20260623T090548_723973,of:0000000000000001:3 -> of:000000000000000d:1,0.002,0.0025,0.002,0.002,1.46,2026-06-23T09:05:48,0.002,1.43
route_mutation,20260623T090548_723973,of:0000000000000003:1 -> of:000000000000000b:5,0.002,0.0025,0.002,0.002,2.06,2026-06-23T09:05:48,0.002,2.1
route_mutation,20260623T090548_723973,of:0000000000000006:1 -> of:000000000000000d:4,0.002,0.0025,0.002,0.002,1.43,2026-06-23T09:05:48,0.002,1.46
route_mutation,20260623T090548_723973,of:0000000000000007:2 -> of:000000000000000a:3,0.001,0.00125,0.001,0.001,1.46,2026-06-23T09:05:48,0.001,1.46
route_mutation,20260623T090548_723973,of:0000000000000007:1 -> of:000000000000000d:5,0.002,0.0025,0.002,0.002,1.43,2026-06-23T09:05:48,0.002,1.46
route_mutation,20260623T090548_723973,of:0000000000000002:2 -> of:0000000000000008:2,0.001,0.00125,0.001,0.001,1.46,2026-06-23T09:05:48,0.001,1.46
route_mutation,20260623T090548_723973,of:0000000000000003:2 -> of:0000000000000008:3,0.001,0.00125,0.001,0.001,1.46,2026-06-23T09:05:48,0.001,1.46
route_mutation,20260623T090548_723973,of:0000000000000008:1 -> of:000000000000000b:6,0.001,0.00125,0.001,0.001,1.3,2026-06-23T09:05:48,0.001,1.3
route_mutation,20260623T090548_723973,of:0000000000000004:2 -> of:0000000000000009:2,0.001,0.00125,0.001,0.001,1.46,2026-06-23T09:05:48,0.001,1.46
route_mutation,20260623T090548_723973,of:0000000000000002:1 -> of:000000000000000b:4,0.002,0.0025,0.002,0.002,2.4,2026-06-23T09:05:48,0.002,2.4
route_mutation,20260623T090548_723973,of:0000000000000009:1 -> of:000000000000000c:6,0.001,0.00125,0.001,0.001,1.3,2026-06-23T09:05:48,0.001,1.33
ip_shuffle,20260623T090619_043169,of:0000000000000004:1 -> of:000000000000000c:4,0.002,0.0025,0.002,0.002,2.6,2026-06-23T09:06:19,0.002,2.6
ip_shuffle,20260623T090619_043169,of:0000000000000005:1 -> of:000000000000000c:5,0.002,0.0025,0.002,0.002,2.6,2026-06-23T09:06:19,0.002,2.6
ip_shuffle,20260623T090619_043169,of:000000000000000a:1 -> of:000000000000000d:6,0.002,0.0025,0.002,0.002,1.76,2026-06-23T09:06:19,0.002,1.73
ip_shuffle,20260623T090619_043169,of:000000000000000b:3 -> of:000000000000000d:2,0.002,0.0025,0.002,0.002,2.23,2026-06-23T09:06:19,0.002,2.23
ip_shuffle,20260623T090619_043169,of:000000000000000c:3 -> of:000000000000000d:3,0.002,0.0025,0.002,0.002,2.2,2026-06-23T09:06:19,0.002,2.2
ip_shuffle,20260623T090619_043169,of:0000000000000005:2 -> of:0000000000000009:3,0.002,0.0025,0.002,0.002,2.26,2026-06-23T09:06:19,0.002,2.26
ip_shuffle,20260623T090619_043169,of:0000000000000001:1 -> of:000000000000000b:1,0.002,0.0025,0.002,0.002,2.06,2026-06-23T09:06:19,0.002,2.03
ip_shuffle,20260623T090619_043169,of:000000000000000b:2 -> of:000000000000000c:2,0.002,0.0025,0.002,0.002,2.3,2026-06-23T09:06:19,0.002,2.3
ip_shuffle,20260623T090619_043169,of:0000000000000001:2 -> of:000000000000000c:1,0.003,0.00375,0.003,0.003,3.33,2026-06-23T09:06:19,0.003,3.3
ip_shuffle,20260623T090619_043169,of:0000000000000006:2 -> of:000000000000000a:2,0.002,0.0025,0.002,0.002,2.3,2026-06-23T09:06:19,0.002,2.3
ip_shuffle,20260623T090619_043169,of:0000000000000001:3 -> of:000000000000000d:1,0.002,0.0025,0.002,0.002,2.46,2026-06-23T09:06:19,0.002,2.56
ip_shuffle,20260623T090619_043169,of:0000000000000003:1 -> of:000000000000000b:5,0.002,0.0025,0.002,0.002,2.1,2026-06-23T09:06:19,0.002,2.13
ip_shuffle,20260623T090619_043169,of:0000000000000006:1 -> of:000000000000000d:4,0.002,0.0025,0.002,0.002,2.66,2026-06-23T09:06:19,0.002,2.6
ip_shuffle,20260623T090619_043169,of:0000000000000007:2 -> of:000000000000000a:3,0.002,0.0025,0.002,0.002,2.3,2026-06-23T09:06:19,0.002,2.3
ip_shuffle,20260623T090619_043169,of:0000000000000007:1 -> of:000000000000000d:5,0.002,0.0025,0.002,0.002,1.73,2026-06-23T09:06:19,0.002,1.73
ip_shuffle,20260623T090619_043169,of:0000000000000002:2 -> of:0000000000000008:2,0.002,0.0025,0.002,0.002,2.23,2026-06-23T09:06:19,0.002,2.23
ip_shuffle,20260623T090619_043169,of:0000000000000003:2 -> of:0000000000000008:3,0.002,0.0025,0.002,0.002,2.23,2026-06-23T09:06:19,0.002,2.23
ip_shuffle,20260623T090619_043169,of:0000000000000008:1 -> of:000000000000000b:6,0.002,0.0025,0.002,0.002,1.8,2026-06-23T09:06:19,0.002,1.83
ip_shuffle,20260623T090619_043169,of:0000000000000004:2 -> of:0000000000000009:2,0.002,0.0025,0.002,0.002,2.26,2026-06-23T09:06:19,0.002,2.26
ip_shuffle,20260623T090619_043169,of:0000000000000002:1 -> of:000000000000000b:4,0.002,0.0025,0.002,0.002,1.76,2026-06-23T09:06:19,0.002,1.83
ip_shuffle,20260623T090619_043169,of:0000000000000009:1 -> of:000000000000000c:6,0.002,0.0025,0.002,0.002,1.8,2026-06-23T09:06:19,0.002,1.8
ip_shuffle,20260623T090716_809220,of:0000000000000004:1 -> of:000000000000000c:4,0.001,0.00125,0.001,0.001,1.37,2026-06-23T09:07:16,0.001,1.37
ip_shuffle,20260623T090716_809220,of:0000000000000005:1 -> of:000000000000000c:5,0.001,0.00125,0.001,0.001,1.37,2026-06-23T09:07:16,0.001,1.37
ip_shuffle,20260623T090716_809220,of:000000000000000a:1 -> of:000000000000000d:6,0.001,0.00125,0.001,0.001,1.37,2026-06-23T09:07:16,0.001,1.37
ip_shuffle,20260623T090716_809220,of:000000000000000b:3 -> of:000000000000000d:2,0.001,0.00125,0.001,0.001,1.47,2026-06-23T09:07:16,0.001,1.47
ip_shuffle,20260623T090716_809220,of:000000000000000c:3 -> of:000000000000000d:3,0.001,0.00125,0.001,0.001,1.47,2026-06-23T09:07:16,0.001,1.47
ip_shuffle,20260623T090716_809220,of:0000000000000005:2 -> of:0000000000000009:3,0.001,0.00125,0.001,0.001,1.47,2026-06-23T09:07:16,0.001,1.47
ip_shuffle,20260623T090716_809220,of:0000000000000001:1 -> of:000000000000000b:1,0.001,0.00125,0.001,0.001,1.37,2026-06-23T09:07:16,0.001,1.37
ip_shuffle,20260623T090716_809220,of:000000000000000b:2 -> of:000000000000000c:2,0.001,0.00125,0.001,0.001,1.4,2026-06-23T09:07:16,0.001,1.4
ip_shuffle,20260623T090716_809220,of:0000000000000001:2 -> of:000000000000000c:1,0.001,0.00125,0.001,0.001,1.37,2026-06-23T09:07:16,0.001,1.37
ip_shuffle,20260623T090716_809220,of:0000000000000006:2 -> of:000000000000000a:2,0.001,0.00125,0.001,0.001,1.47,2026-06-23T09:07:16,0.001,1.47
ip_shuffle,20260623T090716_809220,of:0000000000000001:3 -> of:000000000000000d:1,0.002,0.0025,0.002,0.002,1.67,2026-06-23T09:07:16,0.002,1.67
ip_shuffle,20260623T090716_809220,of:0000000000000003:1 -> of:000000000000000b:5,0.001,0.00125,0.001,0.001,1.37,2026-06-23T09:07:16,0.001,1.37
ip_shuffle,20260623T090716_809220,of:0000000000000006:1 -> of:000000000000000d:4,0.002,0.0025,0.002,0.002,1.43,2026-06-23T09:07:16,0.002,1.43
ip_shuffle,20260623T090716_809220,of:0000000000000007:2 -> of:000000000000000a:3,0.001,0.00125,0.001,0.001,1.4,2026-06-23T09:07:16,0.001,1.4
ip_shuffle,20260623T090716_809220,of:0000000000000007:1 -> of:000000000000000d:5,0.002,0.0025,0.002,0.002,1.6,2026-06-23T09:07:16,0.002,1.6
ip_shuffle,20260623T090716_809220,of:0000000000000002:2 -> of:0000000000000008:2,0.001,0.00125,0.001,0.001,1.47,2026-06-23T09:07:16,0.001,1.47
ip_shuffle,20260623T090716_809220,of:0000000000000003:2 -> of:0000000000000008:3,0.001,0.00125,0.001,0.001,1.47,2026-06-23T09:07:16,0.001,1.47
ip_shuffle,20260623T090716_809220,of:0000000000000008:1 -> of:000000000000000b:6,0.001,0.00125,0.001,0.001,1.3,2026-06-23T09:07:16,0.001,1.3
ip_shuffle,20260623T090716_809220,of:0000000000000004:2 -> of:0000000000000009:2,0.001,0.00125,0.001,0.001,1.47,2026-06-23T09:07:16,0.001,1.47
ip_shuffle,20260623T090716_809220,of:0000000000000002:1 -> of:000000000000000b:4,0.001,0.00125,0.001,0.001,1.37,2026-06-23T09:07:16,0.001,1.37
ip_shuffle,20260623T090716_809220,of:0000000000000009:1 -> of:000000000000000c:6,0.001,0.00125,0.001,0.001,1.3,2026-06-23T09:07:16,0.001,1.3
ip_shuffle,20260623T090814_507355,of:0000000000000004:1 -> of:000000000000000c:4,0.002,0.0025,0.002,0.002,2.16,2026-06-23T09:08:14,0.002,2.16
ip_shuffle,20260623T090814_507355,of:0000000000000005:1 -> of:000000000000000c:5,0.002,0.0025,0.002,0.002,2.7,2026-06-23T09:08:14,0.002,2.7
ip_shuffle,20260623T090814_507355,of:000000000000000a:1 -> of:000000000000000d:6,0.002,0.0025,0.002,0.002,1.96,2026-06-23T09:08:14,0.002,1.96
ip_shuffle,20260623T090814_507355,of:000000000000000b:3 -> of:000000000000000d:2,0.002,0.0025,0.002,0.002,2.6,2026-06-23T09:08:14,0.002,2.6
ip_shuffle,20260623T090814_507355,of:000000000000000c:3 -> of:000000000000000d:3,0.002,0.0025,0.002,0.002,2.6,2026-06-23T09:08:14,0.002,2.6
ip_shuffle,20260623T090814_507355,of:0000000000000005:2 -> of:0000000000000009:3,0.002,0.0025,0.002,0.002,2.53,2026-06-23T09:08:14,0.002,2.53
ip_shuffle,20260623T090814_507355,of:0000000000000001:1 -> of:000000000000000b:1,0.002,0.0025,0.002,0.002,1.96,2026-06-23T09:08:14,0.002,1.93
ip_shuffle,20260623T090814_507355,of:000000000000000b:2 -> of:000000000000000c:2,0.002,0.0025,0.002,0.002,2.6,2026-06-23T09:08:14,0.002,2.6
ip_shuffle,20260623T090814_507355,of:0000000000000001:2 -> of:000000000000000c:1,0.003,0.00375,0.003,0.003,3.06,2026-06-23T09:08:14,0.003,3.0
ip_shuffle,20260623T090814_507355,of:0000000000000006:2 -> of:000000000000000a:2,0.002,0.0025,0.002,0.002,2.53,2026-06-23T09:08:14,0.002,2.53
ip_shuffle,20260623T090814_507355,of:0000000000000001:3 -> of:000000000000000d:1,0.003,0.00375,0.003,0.003,3.5,2026-06-23T09:08:14,0.003,3.56
ip_shuffle,20260623T090814_507355,of:0000000000000003:1 -> of:000000000000000b:5,0.002,0.0025,0.002,0.002,1.9,2026-06-23T09:08:14,0.002,1.9
ip_shuffle,20260623T090814_507355,of:0000000000000006:1 -> of:000000000000000d:4,0.003,0.00375,0.003,0.003,3.23,2026-06-23T09:08:14,0.003,3.2
ip_shuffle,20260623T090814_507355,of:0000000000000007:2 -> of:000000000000000a:3,0.002,0.0025,0.002,0.002,2.6,2026-06-23T09:08:14,0.002,2.6
ip_shuffle,20260623T090814_507355,of:0000000000000007:1 -> of:000000000000000d:5,0.002,0.0025,0.002,0.002,2.3,2026-06-23T09:08:14,0.002,2.26
ip_shuffle,20260623T090814_507355,of:0000000000000002:2 -> of:0000000000000008:2,0.002,0.0025,0.002,0.002,2.53,2026-06-23T09:08:14,0.002,2.53
ip_shuffle,20260623T090814_507355,of:0000000000000003:2 -> of:0000000000000008:3,0.002,0.0025,0.002,0.002,2.53,2026-06-23T09:08:14,0.002,2.53
ip_shuffle,20260623T090814_507355,of:0000000000000008:1 -> of:000000000000000b:6,0.002,0.0025,0.002,0.002,1.96,2026-06-23T09:08:14,0.002,1.96
ip_shuffle,20260623T090814_507355,of:0000000000000004:2 -> of:0000000000000009:2,0.002,0.0025,0.002,0.002,2.53,2026-06-23T09:08:14,0.002,2.53
ip_shuffle,20260623T090814_507355,of:0000000000000002:1 -> of:000000000000000b:4,0.002,0.0025,0.002,0.002,1.9,2026-06-23T09:08:14,0.002,1.9
ip_shuffle,20260623T090814_507355,of:0000000000000009:1 -> of:000000000000000c:6,0.002,0.0025,0.002,0.002,1.96,2026-06-23T09:08:14,0.002,1.96
route_mutation,20260623T090925_289619,of:0000000000000004:1 -> of:000000000000000c:4,0.002,0.0025,0.002,0.002,1.43,2026-06-23T09:09:25,0.002,1.43
route_mutation,20260623T090925_289619,of:0000000000000005:1 -> of:000000000000000c:5,0.002,0.0025,0.002,0.002,1.43,2026-06-23T09:09:25,0.002,1.43
route_mutation,20260623T090925_289619,of:000000000000000a:1 -> of:000000000000000d:6,0.001,0.00125,0.001,0.001,1.37,2026-06-23T09:09:25,0.001,1.37
route_mutation,20260623T090925_289619,of:000000000000000b:3 -> of:000000000000000d:2,0.001,0.00125,0.001,0.001,1.47,2026-06-23T09:09:25,0.001,1.47
route_mutation,20260623T090925_289619,of:000000000000000c:3 -> of:000000000000000d:3,0.001,0.00125,0.001,0.001,1.47,2026-06-23T09:09:25,0.001,1.47
route_mutation,20260623T090925_289619,of:0000000000000005:2 -> of:0000000000000009:3,0.002,0.0025,0.002,0.002,1.53,2026-06-23T09:09:25,0.002,1.53
route_mutation,20260623T090925_289619,of:0000000000000001:1 -> of:000000000000000b:1,0.002,0.0025,0.002,0.002,2.56,2026-06-23T09:09:25,0.002,2.6
route_mutation,20260623T090925_289619,of:000000000000000b:2 -> of:000000000000000c:2,0.002,0.0025,0.002,0.002,1.53,2026-06-23T09:09:25,0.002,1.53
route_mutation,20260623T090925_289619,of:0000000000000001:2 -> of:000000000000000c:1,0.002,0.0025,0.002,0.002,1.43,2026-06-23T09:09:25,0.002,1.43
route_mutation,20260623T090925_289619,of:0000000000000006:2 -> of:000000000000000a:2,0.002,0.0025,0.002,0.002,1.53,2026-06-23T09:09:25,0.002,1.53
route_mutation,20260623T090925_289619,of:0000000000000001:3 -> of:000000000000000d:1,0.002,0.0025,0.002,0.002,1.53,2026-06-23T09:09:25,0.002,1.57
route_mutation,20260623T090925_289619,of:0000000000000003:1 -> of:000000000000000b:5,0.002,0.0025,0.002,0.002,1.57,2026-06-23T09:09:25,0.002,1.57
route_mutation,20260623T090925_289619,of:0000000000000006:1 -> of:000000000000000d:4,0.001,0.00125,0.001,0.001,1.37,2026-06-23T09:09:25,0.001,1.37
route_mutation,20260623T090925_289619,of:0000000000000007:2 -> of:000000000000000a:3,0.002,0.0025,0.002,0.002,1.53,2026-06-23T09:09:25,0.002,1.53
route_mutation,20260623T090925_289619,of:0000000000000007:1 -> of:000000000000000d:5,0.002,0.0025,0.002,0.002,1.53,2026-06-23T09:09:25,0.002,1.5
route_mutation,20260623T090925_289619,of:0000000000000002:2 -> of:0000000000000008:2,0.002,0.0025,0.002,0.002,1.53,2026-06-23T09:09:25,0.002,1.53
route_mutation,20260623T090925_289619,of:0000000000000003:2 -> of:0000000000000008:3,0.002,0.0025,0.002,0.002,1.53,2026-06-23T09:09:25,0.002,1.53
route_mutation,20260623T090925_289619,of:0000000000000008:1 -> of:000000000000000b:6,0.002,0.0025,0.002,0.002,1.43,2026-06-23T09:09:25,0.002,1.43
route_mutation,20260623T090925_289619,of:0000000000000004:2 -> of:0000000000000009:2,0.002,0.0025,0.002,0.002,1.53,2026-06-23T09:09:25,0.002,1.53
route_mutation,20260623T090925_289619,of:0000000000000002:1 -> of:000000000000000b:4,0.002,0.0025,0.002,0.002,2.46,2026-06-23T09:09:25,0.002,2.46
route_mutation,20260623T090925_289619,of:0000000000000009:1 -> of:000000000000000c:6,0.002,0.0025,0.002,0.002,1.43,2026-06-23T09:09:25,0.002,1.43
route_mutation,20260623T090955_587045,of:0000000000000004:1 -> of:000000000000000c:4,0.002,0.0025,0.002,0.002,2.16,2026-06-23T09:09:55,0.002,2.2
route_mutation,20260623T090955_587045,of:0000000000000005:1 -> of:000000000000000c:5,0.002,0.0025,0.002,0.002,2.13,2026-06-23T09:09:55,0.002,2.16
route_mutation,20260623T090955_587045,of:000000000000000a:1 -> of:000000000000000d:6,0.002,0.0025,0.002,0.002,1.47,2026-06-23T09:09:55,0.002,1.47
route_mutation,20260623T090955_587045,of:000000000000000b:3 -> of:000000000000000d:2,0.002,0.0025,0.002,0.002,1.6,2026-06-23T09:09:55,0.002,1.6
route_mutation,20260623T090955_587045,of:000000000000000c:3 -> of:000000000000000d:3,0.002,0.0025,0.002,0.002,1.6,2026-06-23T09:09:55,0.002,1.6
route_mutation,20260623T090955_587045,of:0000000000000005:2 -> of:0000000000000009:3,0.001,0.00125,0.001,0.001,1.5,2026-06-23T09:09:55,0.001,1.5
route_mutation,20260623T090955_587045,of:0000000000000001:1 -> of:000000000000000b:1,0.002,0.0025,0.002,0.002,2.3,2026-06-23T09:09:55,0.002,2.23
route_mutation,20260623T090955_587045,of:000000000000000b:2 -> of:000000000000000c:2,0.002,0.0025,0.002,0.002,1.6,2026-06-23T09:09:55,0.002,1.6
route_mutation,20260623T090955_587045,of:0000000000000001:2 -> of:000000000000000c:1,0.003,0.00375,0.003,0.003,2.9,2026-06-23T09:09:55,0.003,2.86
route_mutation,20260623T090955_587045,of:0000000000000006:2 -> of:000000000000000a:2,0.002,0.0025,0.002,0.002,1.57,2026-06-23T09:09:55,0.002,1.57
route_mutation,20260623T090955_587045,of:0000000000000001:3 -> of:000000000000000d:1,0.001,0.00125,0.001,0.001,1.43,2026-06-23T09:09:55,0.001,1.4
route_mutation,20260623T090955_587045,of:0000000000000003:1 -> of:000000000000000b:5,0.002,0.0025,0.002,0.002,2.23,2026-06-23T09:09:55,0.002,2.26
route_mutation,20260623T090955_587045,of:0000000000000006:1 -> of:000000000000000d:4,0.002,0.0025,0.002,0.002,1.47,2026-06-23T09:09:55,0.002,1.5
route_mutation,20260623T090955_587045,of:0000000000000007:2 -> of:000000000000000a:3,0.002,0.0025,0.002,0.002,1.57,2026-06-23T09:09:55,0.002,1.57
route_mutation,20260623T090955_587045,of:0000000000000007:1 -> of:000000000000000d:5,0.002,0.0025,0.002,0.002,1.43,2026-06-23T09:09:55,0.002,1.47
route_mutation,20260623T090955_587045,of:0000000000000002:2 -> of:0000000000000008:2,0.001,0.00125,0.001,0.001,1.47,2026-06-23T09:09:55,0.001,1.47
route_mutation,20260623T090955_587045,of:0000000000000003:2 -> of:0000000000000008:3,0.001,0.00125,0.001,0.001,1.47,2026-06-23T09:09:55,0.001,1.47
route_mutation,20260623T090955_587045,of:0000000000000008:1 -> of:000000000000000b:6,0.002,0.0025,0.002,0.002,1.43,2026-06-23T09:09:55,0.002,1.47
route_mutation,20260623T090955_587045,of:0000000000000004:2 -> of:0000000000000009:2,0.001,0.00125,0.001,0.001,1.5,2026-06-23T09:09:55,0.001,1.5
route_mutation,20260623T090955_587045,of:0000000000000002:1 -> of:000000000000000b:4,0.001,0.00125,0.001,0.001,1.37,2026-06-23T09:09:55,0.001,1.4
route_mutation,20260623T090955_587045,of:0000000000000009:1 -> of:000000000000000c:6,0.002,0.0025,0.002,0.002,1.47,2026-06-23T09:09:55,0.002,1.47
route_mutation,20260623T091025_922440,of:0000000000000004:1 -> of:000000000000000c:4,0.002,0.0025,0.002,0.002,2.23,2026-06-23T09:10:25,0.002,2.23
route_mutation,20260623T091025_922440,of:0000000000000005:1 -> of:000000000000000c:5,0.002,0.0025,0.002,0.002,2.26,2026-06-23T09:10:25,0.002,2.26
route_mutation,20260623T091025_922440,of:000000000000000a:1 -> of:000000000000000d:6,0.002,0.0025,0.002,0.002,2.16,2026-06-23T09:10:25,0.002,2.16
route_mutation,20260623T091025_922440,of:000000000000000b:3 -> of:000000000000000d:2,0.002,0.0025,0.002,0.002,3.06,2026-06-23T09:10:25,0.002,3.06
route_mutation,20260623T091025_922440,of:000000000000000c:3 -> of:000000000000000d:3,0.002,0.0025,0.002,0.002,3.13,2026-06-23T09:10:25,0.002,3.13
route_mutation,20260623T091025_922440,of:0000000000000005:2 -> of:0000000000000009:3,0.002,0.0025,0.002,0.002,3.03,2026-06-23T09:10:25,0.002,3.03
route_mutation,20260623T091025_922440,of:0000000000000001:1 -> of:000000000000000b:1,0.002,0.0025,0.002,0.002,2.16,2026-06-23T09:10:25,0.002,2.13
route_mutation,20260623T091025_922440,of:000000000000000b:2 -> of:000000000000000c:2,0.002,0.0025,0.002,0.002,3.06,2026-06-23T09:10:25,0.002,3.06
route_mutation,20260623T091025_922440,of:0000000000000001:2 -> of:000000000000000c:1,0.002,0.0025,0.002,0.002,2.33,2026-06-23T09:10:25,0.002,2.3
route_mutation,20260623T091025_922440,of:0000000000000006:2 -> of:000000000000000a:2,0.002,0.0025,0.002,0.002,3.0,2026-06-23T09:10:25,0.002,3.0
route_mutation,20260623T091025_922440,of:0000000000000001:3 -> of:000000000000000d:1,0.004,0.005,0.004,0.003,4.36,2026-06-23T09:10:25,0.004,4.46
route_mutation,20260623T091025_922440,of:0000000000000003:1 -> of:000000000000000b:5,0.002,0.0025,0.002,0.002,2.13,2026-06-23T09:10:25,0.002,2.16
route_mutation,20260623T091025_922440,of:0000000000000006:1 -> of:000000000000000d:4,0.003,0.00375,0.003,0.003,3.6,2026-06-23T09:10:25,0.003,3.6
route_mutation,20260623T091025_922440,of:0000000000000007:2 -> of:000000000000000a:3,0.002,0.0025,0.002,0.002,3.0,2026-06-23T09:10:25,0.002,3.0
route_mutation,20260623T091025_922440,of:0000000000000007:1 -> of:000000000000000d:5,0.003,0.00375,0.003,0.003,3.2,2026-06-23T09:10:25,0.002,3.13
route_mutation,20260623T091025_922440,of:0000000000000002:2 -> of:0000000000000008:2,0.002,0.0025,0.002,0.002,3.03,2026-06-23T09:10:25,0.002,3.03
route_mutation,20260623T091025_922440,of:0000000000000003:2 -> of:0000000000000008:3,0.002,0.0025,0.002,0.002,3.03,2026-06-23T09:10:25,0.002,3.03
route_mutation,20260623T091025_922440,of:0000000000000008:1 -> of:000000000000000b:6,0.002,0.0025,0.002,0.002,2.1,2026-06-23T09:10:25,0.002,2.1
route_mutation,20260623T091025_922440,of:0000000000000004:2 -> of:0000000000000009:2,0.002,0.0025,0.002,0.002,3.03,2026-06-23T09:10:25,0.002,3.03
route_mutation,20260623T091025_922440,of:0000000000000002:1 -> of:000000000000000b:4,0.002,0.0025,0.002,0.002,2.13,2026-06-23T09:10:25,0.002,2.16
route_mutation,20260623T091025_922440,of:0000000000000009:1 -> of:000000000000000c:6,0.002,0.0025,0.002,0.002,2.13,2026-06-23T09:10:25,0.002,2.16
ip_shuffle,20260623T091056_227366,of:0000000000000004:1 -> of:000000000000000c:4,0.001,0.00125,0.001,0.001,1.4,2026-06-23T09:10:56,0.001,1.37
ip_shuffle,20260623T091056_227366,of:0000000000000005:1 -> of:000000000000000c:5,0.001,0.00125,0.001,0.001,1.4,2026-06-23T09:10:56,0.001,1.37
ip_shuffle,20260623T091056_227366,of:000000000000000a:1 -> of:000000000000000d:6,0.001,0.00125,0.001,0.001,1.37,2026-06-23T09:10:56,0.001,1.37
ip_shuffle,20260623T091056_227366,of:000000000000000b:3 -> of:000000000000000d:2,0.001,0.00125,0.001,0.001,1.47,2026-06-23T09:10:56,0.001,1.47
ip_shuffle,20260623T091056_227366,of:000000000000000c:3 -> of:000000000000000d:3,0.001,0.00125,0.001,0.001,1.4,2026-06-23T09:10:56,0.001,1.4
ip_shuffle,20260623T091056_227366,of:0000000000000005:2 -> of:0000000000000009:3,0.002,0.0025,0.002,0.002,1.6,2026-06-23T09:10:56,0.002,1.6
ip_shuffle,20260623T091056_227366,of:0000000000000001:1 -> of:000000000000000b:1,0.002,0.0025,0.002,0.002,1.43,2026-06-23T09:10:56,0.002,1.5
ip_shuffle,20260623T091056_227366,of:000000000000000b:2 -> of:000000000000000c:2,0.001,0.00125,0.001,0.001,1.47,2026-06-23T09:10:56,0.001,1.47
ip_shuffle,20260623T091056_227366,of:0000000000000001:2 -> of:000000000000000c:1,0.001,0.00125,0.001,0.001,1.37,2026-06-23T09:10:56,0.001,1.43
ip_shuffle,20260623T091056_227366,of:0000000000000006:2 -> of:000000000000000a:2,0.002,0.0025,0.002,0.002,1.56,2026-06-23T09:10:56,0.002,1.56
ip_shuffle,20260623T091056_227366,of:0000000000000001:3 -> of:000000000000000d:1,0.002,0.0025,0.002,0.002,1.93,2026-06-23T09:10:56,0.002,1.86
ip_shuffle,20260623T091056_227366,of:0000000000000003:1 -> of:000000000000000b:5,0.002,0.0025,0.002,0.002,1.5,2026-06-23T09:10:56,0.002,1.43
ip_shuffle,20260623T091056_227366,of:0000000000000006:1 -> of:000000000000000d:4,0.001,0.00125,0.001,0.001,1.4,2026-06-23T09:10:56,0.001,1.37
ip_shuffle,20260623T091056_227366,of:0000000000000007:2 -> of:000000000000000a:3,0.002,0.0025,0.002,0.002,1.56,2026-06-23T09:10:56,0.002,1.56
ip_shuffle,20260623T091056_227366,of:0000000000000007:1 -> of:000000000000000d:5,0.002,0.0025,0.002,0.002,1.83,2026-06-23T09:10:56,0.002,1.86
ip_shuffle,20260623T091056_227366,of:0000000000000002:2 -> of:0000000000000008:2,0.002,0.0025,0.002,0.002,1.63,2026-06-23T09:10:56,0.002,1.63
ip_shuffle,20260623T091056_227366,of:0000000000000003:2 -> of:0000000000000008:3,0.002,0.0025,0.002,0.002,1.63,2026-06-23T09:10:56,0.002,1.63
ip_shuffle,20260623T091056_227366,of:0000000000000008:1 -> of:000000000000000b:6,0.002,0.0025,0.002,0.002,1.47,2026-06-23T09:10:56,0.002,1.43
ip_shuffle,20260623T091056_227366,of:0000000000000004:2 -> of:0000000000000009:2,0.002,0.0025,0.002,0.002,1.6,2026-06-23T09:10:56,0.002,1.6
ip_shuffle,20260623T091056_227366,of:0000000000000002:1 -> of:000000000000000b:4,0.002,0.0025,0.002,0.002,1.5,2026-06-23T09:10:56,0.002,1.43
ip_shuffle,20260623T091056_227366,of:0000000000000009:1 -> of:000000000000000c:6,0.001,0.00125,0.001,0.001,1.4,2026-06-23T09:10:56,0.001,1.37
ip_shuffle,20260623T091153_900356,of:0000000000000004:1 -> of:000000000000000c:4,0.002,0.0025,0.002,0.002,2.13,2026-06-23T09:11:53,0.002,2.13
ip_shuffle,20260623T091153_900356,of:0000000000000005:1 -> of:000000000000000c:5,0.002,0.0025,0.002,0.002,2.8,2026-06-23T09:11:53,0.002,2.83
ip_shuffle,20260623T091153_900356,of:000000000000000a:1 -> of:000000000000000d:6,0.002,0.0025,0.002,0.002,1.96,2026-06-23T09:11:53,0.002,2.0
ip_shuffle,20260623T091153_900356,of:000000000000000b:3 -> of:000000000000000d:2,0.002,0.0025,0.002,0.002,2.7,2026-06-23T09:11:53,0.002,2.7
ip_shuffle,20260623T091153_900356,of:000000000000000c:3 -> of:000000000000000d:3,0.002,0.0025,0.002,0.002,2.76,2026-06-23T09:11:53,0.002,2.76
ip_shuffle,20260623T091153_900356,of:0000000000000005:2 -> of:0000000000000009:3,0.002,0.0025,0.002,0.002,2.63,2026-06-23T09:11:53,0.002,2.63
ip_shuffle,20260623T091153_900356,of:0000000000000001:1 -> of:000000000000000b:1,0.002,0.0025,0.002,0.002,1.96,2026-06-23T09:11:53,0.002,1.9
ip_shuffle,20260623T091153_900356,of:000000000000000b:2 -> of:000000000000000c:2,0.002,0.0025,0.002,0.002,2.66,2026-06-23T09:11:53,0.002,2.66
ip_shuffle,20260623T091153_900356,of:0000000000000001:2 -> of:000000000000000c:1,0.002,0.0025,0.002,0.002,2.93,2026-06-23T09:11:53,0.002,2.9
ip_shuffle,20260623T091153_900356,of:0000000000000006:2 -> of:000000000000000a:2,0.002,0.0025,0.002,0.002,2.56,2026-06-23T09:11:53,0.002,2.56
ip_shuffle,20260623T091153_900356,of:0000000000000001:3 -> of:000000000000000d:1,0.003,0.00375,0.003,0.003,3.59,2026-06-23T09:11:53,0.003,3.73
ip_shuffle,20260623T091153_900356,of:0000000000000003:1 -> of:000000000000000b:5,0.002,0.0025,0.002,0.002,1.93,2026-06-23T09:11:53,0.002,1.96
ip_shuffle,20260623T091153_900356,of:0000000000000006:1 -> of:000000000000000d:4,0.003,0.00375,0.003,0.003,3.23,2026-06-23T09:11:53,0.003,3.3
ip_shuffle,20260623T091153_900356,of:0000000000000007:2 -> of:000000000000000a:3,0.002,0.0025,0.002,0.002,2.6,2026-06-23T09:11:53,0.002,2.6
ip_shuffle,20260623T091153_900356,of:0000000000000007:1 -> of:000000000000000d:5,0.002,0.0025,0.002,0.002,2.36,2026-06-23T09:11:53,0.002,2.3
ip_shuffle,20260623T091153_900356,of:0000000000000002:2 -> of:0000000000000008:2,0.002,0.0025,0.002,0.002,2.63,2026-06-23T09:11:53,0.002,2.63
ip_shuffle,20260623T091153_900356,of:0000000000000003:2 -> of:0000000000000008:3,0.002,0.0025,0.002,0.002,2.63,2026-06-23T09:11:53,0.002,2.63
ip_shuffle,20260623T091153_900356,of:0000000000000008:1 -> of:000000000000000b:6,0.002,0.0025,0.002,0.002,1.9,2026-06-23T09:11:53,0.002,1.9
ip_shuffle,20260623T091153_900356,of:0000000000000004:2 -> of:0000000000000009:2,0.002,0.0025,0.002,0.002,2.63,2026-06-23T09:11:53,0.002,2.63
ip_shuffle,20260623T091153_900356,of:0000000000000002:1 -> of:000000000000000b:4,0.002,0.0025,0.002,0.002,1.93,2026-06-23T09:11:53,0.002,1.96
ip_shuffle,20260623T091153_900356,of:0000000000000009:1 -> of:000000000000000c:6,0.002,0.0025,0.002,0.002,1.96,2026-06-23T09:11:53,0.002,1.96
ip_shuffle,20260623T091251_581193,of:0000000000000004:1 -> of:000000000000000c:4,0.001,0.00125,0.001,0.001,1.36,2026-06-23T09:12:51,0.001,1.36
ip_shuffle,20260623T091251_581193,of:0000000000000005:1 -> of:000000000000000c:5,0.001,0.00125,0.001,0.001,1.36,2026-06-23T09:12:51,0.001,1.36
ip_shuffle,20260623T091251_581193,of:000000000000000a:1 -> of:000000000000000d:6,0.002,0.0025,0.002,0.002,1.43,2026-06-23T09:12:51,0.002,1.46
ip_shuffle,20260623T091251_581193,of:000000000000000b:3 -> of:000000000000000d:2,0.002,0.0025,0.002,0.002,1.56,2026-06-23T09:12:51,0.002,1.56
ip_shuffle,20260623T091251_581193,of:000000000000000c:3 -> of:000000000000000d:3,0.002,0.0025,0.002,0.002,1.56,2026-06-23T09:12:51,0.002,1.56
ip_shuffle,20260623T091251_581193,of:0000000000000005:2 -> of:0000000000000009:3,0.001,0.00125,0.001,0.001,1.46,2026-06-23T09:12:51,0.001,1.46
ip_shuffle,20260623T091251_581193,of:0000000000000001:1 -> of:000000000000000b:1,0.003,0.00375,0.003,0.003,3.06,2026-06-23T09:12:51,0.003,3.06
ip_shuffle,20260623T091251_581193,of:000000000000000b:2 -> of:000000000000000c:2,0.002,0.0025,0.002,0.002,1.53,2026-06-23T09:12:51,0.002,1.53
ip_shuffle,20260623T091251_581193,of:0000000000000001:2 -> of:000000000000000c:1,0.001,0.00125,0.001,0.001,1.36,2026-06-23T09:12:51,0.001,1.36
ip_shuffle,20260623T091251_581193,of:0000000000000006:2 -> of:000000000000000a:2,0.002,0.0025,0.002,0.002,1.53,2026-06-23T09:12:51,0.002,1.53
ip_shuffle,20260623T091251_581193,of:0000000000000001:3 -> of:000000000000000d:1,0.001,0.00125,0.001,0.001,1.4,2026-06-23T09:12:51,0.001,1.36
ip_shuffle,20260623T091251_581193,of:0000000000000003:1 -> of:000000000000000b:5,0.002,0.0025,0.002,0.002,2.03,2026-06-23T09:12:51,0.002,2.03
ip_shuffle,20260623T091251_581193,of:0000000000000006:1 -> of:000000000000000d:4,0.002,0.0025,0.002,0.002,1.43,2026-06-23T09:12:51,0.002,1.46
ip_shuffle,20260623T091251_581193,of:0000000000000007:2 -> of:000000000000000a:3,0.002,0.0025,0.002,0.002,1.53,2026-06-23T09:12:51,0.002,1.53
ip_shuffle,20260623T091251_581193,of:0000000000000007:1 -> of:000000000000000d:5,0.002,0.0025,0.002,0.002,1.43,2026-06-23T09:12:51,0.002,1.46
ip_shuffle,20260623T091251_581193,of:0000000000000002:2 -> of:0000000000000008:2,0.001,0.00125,0.001,0.001,1.46,2026-06-23T09:12:51,0.001,1.46
ip_shuffle,20260623T091251_581193,of:0000000000000003:2 -> of:0000000000000008:3,0.001,0.00125,0.001,0.001,1.46,2026-06-23T09:12:51,0.001,1.46
ip_shuffle,20260623T091251_581193,of:0000000000000008:1 -> of:000000000000000b:6,0.002,0.0025,0.002,0.002,1.43,2026-06-23T09:12:51,0.002,1.43
ip_shuffle,20260623T091251_581193,of:0000000000000004:2 -> of:0000000000000009:2,0.001,0.00125,0.001,0.001,1.46,2026-06-23T09:12:51,0.001,1.46
ip_shuffle,20260623T091251_581193,of:0000000000000002:1 -> of:000000000000000b:4,0.002,0.0025,0.002,0.002,2.4,2026-06-23T09:12:51,0.002,2.4
ip_shuffle,20260623T091251_581193,of:0000000000000009:1 -> of:000000000000000c:6,0.002,0.0025,0.002,0.002,1.43,2026-06-23T09:12:51,0.002,1.43
ip_shuffle,20260623T091355_609835,of:0000000000000004:1 -> of:000000000000000c:4,0.002,0.0025,0.002,0.002,2.06,2026-06-23T09:13:55,0.002,2.03
ip_shuffle,20260623T091355_609835,of:0000000000000005:1 -> of:000000000000000c:5,0.002,0.0025,0.002,0.002,2.06,2026-06-23T09:13:55,0.002,2.03
ip_shuffle,20260623T091355_609835,of:000000000000000a:1 -> of:000000000000000d:6,0.002,0.0025,0.002,0.002,2.03,2026-06-23T09:13:55,0.002,2.03
ip_shuffle,20260623T091355_609835,of:000000000000000b:3 -> of:000000000000000d:2,0.002,0.0025,0.002,0.002,2.66,2026-06-23T09:13:55,0.002,2.66
ip_shuffle,20260623T091355_609835,of:000000000000000c:3 -> of:000000000000000d:3,0.002,0.0025,0.002,0.002,2.66,2026-06-23T09:13:55,0.002,2.66
ip_shuffle,20260623T091355_609835,of:0000000000000005:2 -> of:0000000000000009:3,0.002,0.0025,0.002,0.002,2.86,2026-06-23T09:13:55,0.002,2.86
ip_shuffle,20260623T091355_609835,of:0000000000000001:1 -> of:000000000000000b:1,0.002,0.0025,0.002,0.002,2.03,2026-06-23T09:13:55,0.002,2.1
ip_shuffle,20260623T091355_609835,of:000000000000000b:2 -> of:000000000000000c:2,0.002,0.0025,0.002,0.002,2.66,2026-06-23T09:13:55,0.002,2.66
ip_shuffle,20260623T091355_609835,of:0000000000000001:2 -> of:000000000000000c:1,0.002,0.0025,0.002,0.002,2.03,2026-06-23T09:13:55,0.002,2.1
ip_shuffle,20260623T091355_609835,of:0000000000000006:2 -> of:000000000000000a:2,0.002,0.0025,0.002,0.002,2.83,2026-06-23T09:13:55,0.002,2.83
ip_shuffle,20260623T091355_609835,of:0000000000000001:3 -> of:000000000000000d:1,0.003,0.00375,0.003,0.003,4.06,2026-06-23T09:13:55,0.003,3.96
ip_shuffle,20260623T091355_609835,of:0000000000000003:1 -> of:000000000000000b:5,0.002,0.0025,0.002,0.002,2.1,2026-06-23T09:13:55,0.002,2.03
ip_shuffle,20260623T091355_609835,of:0000000000000006:1 -> of:000000000000000d:4,0.002,0.0025,0.002,0.002,2.43,2026-06-23T09:13:55,0.002,2.46
ip_shuffle,20260623T091355_609835,of:0000000000000007:2 -> of:000000000000000a:3,0.002,0.0025,0.002,0.002,2.83,2026-06-23T09:13:55,0.002,2.83
ip_shuffle,20260623T091355_609835,of:0000000000000007:1 -> of:000000000000000d:5,0.003,0.00375,0.003,0.003,3.5,2026-06-23T09:13:55,0.003,3.46
ip_shuffle,20260623T091355_609835,of:0000000000000002:2 -> of:0000000000000008:2,0.002,0.0025,0.002,0.002,2.9,2026-06-23T09:13:55,0.002,2.9
ip_shuffle,20260623T091355_609835,of:0000000000000003:2 -> of:0000000000000008:3,0.002,0.0025,0.002,0.002,2.9,2026-06-23T09:13:55,0.002,2.9
ip_shuffle,20260623T091355_609835,of:0000000000000008:1 -> of:000000000000000b:6,0.002,0.0025,0.002,0.002,2.06,2026-06-23T09:13:55,0.002,2.03
ip_shuffle,20260623T091355_609835,of:0000000000000004:2 -> of:0000000000000009:2,0.002,0.0025,0.002,0.002,2.86,2026-06-23T09:13:55,0.002,2.86
ip_shuffle,20260623T091355_609835,of:0000000000000002:1 -> of:000000000000000b:4,0.002,0.0025,0.002,0.002,2.1,2026-06-23T09:13:55,0.002,2.03
ip_shuffle,20260623T091355_609835,of:0000000000000009:1 -> of:000000000000000c:6,0.002,0.0025,0.002,0.002,2.06,2026-06-23T09:13:55,0.002,2.03
ip_shuffle,20260623T091453_295104,of:0000000000000004:1 -> of:000000000000000c:4,0.002,0.0025,0.002,0.002,2.26,2026-06-23T09:14:53,0.002,2.3
ip_shuffle,20260623T091453_295104,of:0000000000000005:1 -> of:000000000000000c:5,0.002,0.0025,0.002,0.002,2.26,2026-06-23T09:14:53,0.002,2.3
ip_shuffle,20260623T091453_295104,of:000000000000000a:1 -> of:000000000000000d:6,0.002,0.0025,0.002,0.002,1.56,2026-06-23T09:14:53,0.002,1.56
ip_shuffle,20260623T091453_295104,of:000000000000000b:3 -> of:000000000000000d:2,0.002,0.0025,0.002,0.002,1.8,2026-06-23T09:14:53,0.002,1.8
ip_shuffle,20260623T091453_295104,of:000000000000000c:3 -> of:000000000000000d:3,0.002,0.0025,0.002,0.002,1.8,2026-06-23T09:14:53,0.002,1.8
ip_shuffle,20260623T091453_295104,of:0000000000000005:2 -> of:0000000000000009:3,0.001,0.00125,0.001,0.001,1.6,2026-06-23T09:14:53,0.001,1.6
ip_shuffle,20260623T091453_295104,of:0000000000000001:1 -> of:000000000000000b:1,0.003,0.00375,0.003,0.003,3.1,2026-06-23T09:14:53,0.003,3.06
ip_shuffle,20260623T091453_295104,of:000000000000000b:2 -> of:000000000000000c:2,0.002,0.0025,0.002,0.002,1.8,2026-06-23T09:14:53,0.002,1.8
ip_shuffle,20260623T091453_295104,of:0000000000000001:2 -> of:000000000000000c:1,0.003,0.00375,0.003,0.003,3.16,2026-06-23T09:14:53,0.003,3.1
ip_shuffle,20260623T091453_295104,of:0000000000000006:2 -> of:000000000000000a:2,0.002,0.0025,0.002,0.002,1.7,2026-06-23T09:14:53,0.002,1.7
ip_shuffle,20260623T091453_295104,of:0000000000000001:3 -> of:000000000000000d:1,0.002,0.0025,0.002,0.002,1.7,2026-06-23T09:14:53,0.002,1.8
ip_shuffle,20260623T091453_295104,of:0000000000000003:1 -> of:000000000000000b:5,0.002,0.0025,0.002,0.002,2.53,2026-06-23T09:14:53,0.002,2.6
ip_shuffle,20260623T091453_295104,of:0000000000000006:1 -> of:000000000000000d:4,0.002,0.0025,0.002,0.002,1.66,2026-06-23T09:14:53,0.002,1.6
ip_shuffle,20260623T091453_295104,of:0000000000000007:2 -> of:000000000000000a:3,0.002,0.0025,0.002,0.002,1.7,2026-06-23T09:14:53,0.002,1.7
ip_shuffle,20260623T091453_295104,of:0000000000000007:1 -> of:000000000000000d:5,0.001,0.00125,0.001,0.001,1.47,2026-06-23T09:14:53,0.001,1.5
ip_shuffle,20260623T091453_295104,of:0000000000000002:2 -> of:0000000000000008:2,0.002,0.0025,0.002,0.002,1.63,2026-06-23T09:14:53,0.002,1.63
ip_shuffle,20260623T091453_295104,of:0000000000000003:2 -> of:0000000000000008:3,0.002,0.0025,0.002,0.002,1.63,2026-06-23T09:14:53,0.002,1.63
ip_shuffle,20260623T091453_295104,of:0000000000000008:1 -> of:000000000000000b:6,0.001,0.00125,0.001,0.001,1.47,2026-06-23T09:14:53,0.001,1.5
ip_shuffle,20260623T091453_295104,of:0000000000000004:2 -> of:0000000000000009:2,0.001,0.00125,0.001,0.001,1.6,2026-06-23T09:14:53,0.001,1.6
ip_shuffle,20260623T091453_295104,of:0000000000000002:1 -> of:000000000000000b:4,0.002,0.0025,0.002,0.002,2.0,2026-06-23T09:14:53,0.002,2.06
ip_shuffle,20260623T091453_295104,of:0000000000000009:1 -> of:000000000000000c:6,0.001,0.00125,0.001,0.001,1.5,2026-06-23T09:14:53,0.001,1.5
route_mutation,20260623T091557_584860,of:0000000000000004:1 -> of:000000000000000c:4,0.002,0.0025,0.002,0.002,1.43,2026-06-23T09:15:57,0.002,1.4
route_mutation,20260623T091557_584860,of:0000000000000005:1 -> of:000000000000000c:5,0.002,0.0025,0.002,0.002,1.43,2026-06-23T09:15:57,0.002,1.4
route_mutation,20260623T091557_584860,of:000000000000000a:1 -> of:000000000000000d:6,0.002,0.0025,0.002,0.002,1.4,2026-06-23T09:15:57,0.002,1.4
route_mutation,20260623T091557_584860,of:000000000000000b:3 -> of:000000000000000d:2,0.002,0.0025,0.002,0.002,1.46,2026-06-23T09:15:57,0.002,1.46
route_mutation,20260623T091557_584860,of:000000000000000c:3 -> of:000000000000000d:3,0.002,0.0025,0.002,0.002,1.46,2026-06-23T09:15:57,0.002,1.46
route_mutation,20260623T091557_584860,of:0000000000000005:2 -> of:0000000000000009:3,0.002,0.0025,0.002,0.002,1.5,2026-06-23T09:15:57,0.002,1.5
route_mutation,20260623T091557_584860,of:0000000000000001:1 -> of:000000000000000b:1,0.001,0.00125,0.001,0.001,1.33,2026-06-23T09:15:57,0.001,1.4
route_mutation,20260623T091557_584860,of:000000000000000b:2 -> of:000000000000000c:2,0.002,0.0025,0.002,0.002,1.46,2026-06-23T09:15:57,0.002,1.46
route_mutation,20260623T091557_584860,of:0000000000000001:2 -> of:000000000000000c:1,0.001,0.00125,0.001,0.001,1.33,2026-06-23T09:15:57,0.001,1.4
route_mutation,20260623T091557_584860,of:0000000000000006:2 -> of:000000000000000a:2,0.002,0.0025,0.002,0.002,1.5,2026-06-23T09:15:57,0.002,1.5
route_mutation,20260623T091557_584860,of:0000000000000001:3 -> of:000000000000000d:1,0.002,0.0025,0.002,0.002,2.1,2026-06-23T09:15:57,0.002,2.03
route_mutation,20260623T091557_584860,of:0000000000000003:1 -> of:000000000000000b:5,0.001,0.00125,0.001,0.001,1.4,2026-06-23T09:15:57,0.001,1.33
route_mutation,20260623T091557_584860,of:0000000000000006:1 -> of:000000000000000d:4,0.002,0.0025,0.002,0.002,1.76,2026-06-23T09:15:57,0.002,1.73
route_mutation,20260623T091557_584860,of:0000000000000007:2 -> of:000000000000000a:3,0.002,0.0025,0.002,0.002,1.5,2026-06-23T09:15:57,0.002,1.5
route_mutation,20260623T091557_584860,of:0000000000000007:1 -> of:000000000000000d:5,0.002,0.0025,0.002,0.002,1.73,2026-06-23T09:15:57,0.002,1.76
route_mutation,20260623T091557_584860,of:0000000000000002:2 -> of:0000000000000008:2,0.001,0.00125,0.001,0.001,1.5,2026-06-23T09:15:57,0.001,1.5
route_mutation,20260623T091557_584860,of:0000000000000003:2 -> of:0000000000000008:3,0.001,0.00125,0.001,0.001,1.5,2026-06-23T09:15:57,0.001,1.5
route_mutation,20260623T091557_584860,of:0000000000000008:1 -> of:000000000000000b:6,0.002,0.0025,0.002,0.002,1.43,2026-06-23T09:15:57,0.002,1.4
route_mutation,20260623T091557_584860,of:0000000000000004:2 -> of:0000000000000009:2,0.002,0.0025,0.002,0.002,1.5,2026-06-23T09:15:57,0.002,1.5
route_mutation,20260623T091557_584860,of:0000000000000002:1 -> of:000000000000000b:4,0.001,0.00125,0.001,0.001,1.4,2026-06-23T09:15:57,0.001,1.33
route_mutation,20260623T091557_584860,of:0000000000000009:1 -> of:000000000000000c:6,0.002,0.0025,0.002,0.002,1.4,2026-06-23T09:15:57,0.002,1.4
route_mutation,20260623T091627_904117,of:0000000000000004:1 -> of:000000000000000c:4,0.002,0.0025,0.002,0.002,2.23,2026-06-23T09:16:27,0.002,2.23
route_mutation,20260623T091627_904117,of:0000000000000005:1 -> of:000000000000000c:5,0.002,0.0025,0.002,0.002,1.5,2026-06-23T09:16:27,0.002,1.5
route_mutation,20260623T091627_904117,of:000000000000000a:1 -> of:000000000000000d:6,0.002,0.0025,0.002,0.002,1.53,2026-06-23T09:16:27,0.002,1.53
route_mutation,20260623T091627_904117,of:000000000000000b:3 -> of:000000000000000d:2,0.002,0.0025,0.002,0.002,1.73,2026-06-23T09:16:27,0.002,1.73
route_mutation,20260623T091627_904117,of:000000000000000c:3 -> of:000000000000000d:3,0.002,0.0025,0.002,0.002,1.73,2026-06-23T09:16:27,0.002,1.73
route_mutation,20260623T091627_904117,of:0000000000000005:2 -> of:0000000000000009:3,0.002,0.0025,0.002,0.002,1.66,2026-06-23T09:16:27,0.002,1.66
route_mutation,20260623T091627_904117,of:0000000000000001:1 -> of:000000000000000b:1,0.003,0.00375,0.003,0.003,3.6,2026-06-23T09:16:27,0.003,3.6
route_mutation,20260623T091627_904117,of:000000000000000b:2 -> of:000000000000000c:2,0.002,0.0025,0.002,0.002,1.73,2026-06-23T09:16:27,0.002,1.73
route_mutation,20260623T091627_904117,of:0000000000000001:2 -> of:000000000000000c:1,0.002,0.0025,0.002,0.002,2.26,2026-06-23T09:16:27,0.002,2.26
route_mutation,20260623T091627_904117,of:0000000000000006:2 -> of:000000000000000a:2,0.002,0.0025,0.002,0.002,1.66,2026-06-23T09:16:27,0.002,1.66
route_mutation,20260623T091627_904117,of:0000000000000001:3 -> of:000000000000000d:1,0.002,0.0025,0.002,0.002,1.53,2026-06-23T09:16:27,0.002,1.53
route_mutation,20260623T091627_904117,of:0000000000000003:1 -> of:000000000000000b:5,0.002,0.0025,0.002,0.002,2.56,2026-06-23T09:16:27,0.002,2.56
route_mutation,20260623T091627_904117,of:0000000000000006:1 -> of:000000000000000d:4,0.001,0.00125,0.001,0.001,1.47,2026-06-23T09:16:27,0.001,1.47
route_mutation,20260623T091627_904117,of:0000000000000007:2 -> of:000000000000000a:3,0.002,0.0025,0.002,0.002,1.66,2026-06-23T09:16:27,0.002,1.66
route_mutation,20260623T091627_904117,of:0000000000000007:1 -> of:000000000000000d:5,0.001,0.00125,0.001,0.001,1.47,2026-06-23T09:16:27,0.001,1.47
route_mutation,20260623T091627_904117,of:0000000000000002:2 -> of:0000000000000008:2,0.002,0.0025,0.002,0.002,1.66,2026-06-23T09:16:27,0.002,1.66
route_mutation,20260623T091627_904117,of:0000000000000003:2 -> of:0000000000000008:3,0.002,0.0025,0.002,0.002,1.66,2026-06-23T09:16:27,0.002,1.66
route_mutation,20260623T091627_904117,of:0000000000000008:1 -> of:000000000000000b:6,0.001,0.00125,0.001,0.001,1.47,2026-06-23T09:16:27,0.001,1.47
route_mutation,20260623T091627_904117,of:0000000000000004:2 -> of:0000000000000009:2,0.002,0.0025,0.002,0.002,1.66,2026-06-23T09:16:27,0.002,1.66
route_mutation,20260623T091627_904117,of:0000000000000002:1 -> of:000000000000000b:4,0.002,0.0025,0.002,0.002,2.56,2026-06-23T09:16:27,0.002,2.56
route_mutation,20260623T091627_904117,of:0000000000000009:1 -> of:000000000000000c:6,0.002,0.0025,0.002,0.002,1.53,2026-06-23T09:16:27,0.002,1.53
ip_shuffle,20260623T091658_241851,of:0000000000000004:1 -> of:000000000000000c:4,0.002,0.0025,0.002,0.002,2.0,2026-06-23T09:16:58,0.002,2.03
ip_shuffle,20260623T091658_241851,of:0000000000000005:1 -> of:000000000000000c:5,0.002,0.0025,0.002,0.002,2.73,2026-06-23T09:16:58,0.002,2.76
ip_shuffle,20260623T091658_241851,of:000000000000000a:1 -> of:000000000000000d:6,0.002,0.0025,0.002,0.002,1.9,2026-06-23T09:16:58,0.002,1.93
ip_shuffle,20260623T091658_241851,of:000000000000000b:3 -> of:000000000000000d:2,0.002,0.0025,0.002,0.002,2.66,2026-06-23T09:16:58,0.002,2.66
ip_shuffle,20260623T091658_241851,of:000000000000000c:3 -> of:000000000000000d:3,0.002,0.0025,0.002,0.002,2.66,2026-06-23T09:16:58,0.002,2.66
ip_shuffle,20260623T091658_241851,of:0000000000000005:2 -> of:0000000000000009:3,0.002,0.0025,0.002,0.002,2.66,2026-06-23T09:16:58,0.002,2.66
ip_shuffle,20260623T091658_241851,of:0000000000000001:1 -> of:000000000000000b:1,0.002,0.0025,0.002,0.002,2.0,2026-06-23T09:16:58,0.002,1.93
ip_shuffle,20260623T091658_241851,of:000000000000000b:2 -> of:000000000000000c:2,0.002,0.0025,0.002,0.002,2.66,2026-06-23T09:16:58,0.002,2.66
ip_shuffle,20260623T091658_241851,of:0000000000000001:2 -> of:000000000000000c:1,0.002,0.0025,0.002,0.002,2.86,2026-06-23T09:16:58,0.002,2.8
ip_shuffle,20260623T091658_241851,of:0000000000000006:2 -> of:000000000000000a:2,0.002,0.0025,0.002,0.002,2.66,2026-06-23T09:16:58,0.002,2.66
ip_shuffle,20260623T091658_241851,of:0000000000000001:3 -> of:000000000000000d:1,0.003,0.00375,0.003,0.003,3.56,2026-06-23T09:16:58,0.003,3.66
ip_shuffle,20260623T091658_241851,of:0000000000000003:1 -> of:000000000000000b:5,0.002,0.0025,0.002,0.002,1.93,2026-06-23T09:16:58,0.002,2.0
ip_shuffle,20260623T091658_241851,of:0000000000000006:1 -> of:000000000000000d:4,0.003,0.00375,0.003,0.003,3.26,2026-06-23T09:16:58,0.003,3.3
ip_shuffle,20260623T091658_241851,of:0000000000000007:2 -> of:000000000000000a:3,0.002,0.0025,0.002,0.002,2.66,2026-06-23T09:16:58,0.002,2.66
ip_shuffle,20260623T091658_241851,of:0000000000000007:1 -> of:000000000000000d:5,0.002,0.0025,0.002,0.002,2.4,2026-06-23T09:16:58,0.002,2.33
ip_shuffle,20260623T091658_241851,of:0000000000000002:2 -> of:0000000000000008:2,0.002,0.0025,0.002,0.002,2.7,2026-06-23T09:16:58,0.002,2.7
ip_shuffle,20260623T091658_241851,of:0000000000000003:2 -> of:0000000000000008:3,0.002,0.0025,0.002,0.002,2.7,2026-06-23T09:16:58,0.002,2.7
ip_shuffle,20260623T091658_241851,of:0000000000000008:1 -> of:000000000000000b:6,0.002,0.0025,0.002,0.002,1.96,2026-06-23T09:16:58,0.002,2.0
ip_shuffle,20260623T091658_241851,of:0000000000000004:2 -> of:0000000000000009:2,0.002,0.0025,0.002,0.002,2.66,2026-06-23T09:16:58,0.002,2.66
ip_shuffle,20260623T091658_241851,of:0000000000000002:1 -> of:000000000000000b:4,0.002,0.0025,0.002,0.002,1.93,2026-06-23T09:16:58,0.002,2.0
ip_shuffle,20260623T091658_241851,of:0000000000000009:1 -> of:000000000000000c:6,0.002,0.0025,0.002,0.002,1.9,2026-06-23T09:16:58,0.002,1.93
ip_shuffle,20260623T091755_961048,of:0000000000000004:1 -> of:000000000000000c:4,0.001,0.00125,0.001,0.001,1.37,2026-06-23T09:17:55,0.001,1.4
ip_shuffle,20260623T091755_961048,of:0000000000000005:1 -> of:000000000000000c:5,0.001,0.00125,0.001,0.001,1.37,2026-06-23T09:17:55,0.001,1.4
ip_shuffle,20260623T091755_961048,of:000000000000000a:1 -> of:000000000000000d:6,0.002,0.0025,0.002,0.002,1.47,2026-06-23T09:17:55,0.002,1.5
ip_shuffle,20260623T091755_961048,of:000000000000000b:3 -> of:000000000000000d:2,0.002,0.0025,0.002,0.002,1.63,2026-06-23T09:17:55,0.002,1.63
ip_shuffle,20260623T091755_961048,of:000000000000000c:3 -> of:000000000000000d:3,0.002,0.0025,0.002,0.002,1.63,2026-06-23T09:17:55,0.002,1.63
ip_shuffle,20260623T091755_961048,of:0000000000000005:2 -> of:0000000000000009:3,0.001,0.00125,0.001,0.001,1.5,2026-06-23T09:17:55,0.001,1.5
ip_shuffle,20260623T091755_961048,of:0000000000000001:1 -> of:000000000000000b:1,0.003,0.00375,0.003,0.003,3.26,2026-06-23T09:17:55,0.003,3.26
ip_shuffle,20260623T091755_961048,of:000000000000000b:2 -> of:000000000000000c:2,0.002,0.0025,0.002,0.002,1.6,2026-06-23T09:17:55,0.002,1.6
ip_shuffle,20260623T091755_961048,of:0000000000000001:2 -> of:000000000000000c:1,0.002,0.0025,0.002,0.002,1.47,2026-06-23T09:17:55,0.002,1.43
ip_shuffle,20260623T091755_961048,of:0000000000000006:2 -> of:000000000000000a:2,0.001,0.00125,0.001,0.001,1.5,2026-06-23T09:17:55,0.001,1.5
ip_shuffle,20260623T091755_961048,of:0000000000000001:3 -> of:000000000000000d:1,0.002,0.0025,0.002,0.002,1.76,2026-06-23T09:17:55,0.002,1.7
ip_shuffle,20260623T091755_961048,of:0000000000000003:1 -> of:000000000000000b:5,0.002,0.0025,0.002,0.002,2.23,2026-06-23T09:17:55,0.002,2.23
ip_shuffle,20260623T091755_961048,of:0000000000000006:1 -> of:000000000000000d:4,0.001,0.00125,0.001,0.001,1.37,2026-06-23T09:17:55,0.001,1.43
ip_shuffle,20260623T091755_961048,of:0000000000000007:2 -> of:000000000000000a:3,0.002,0.0025,0.002,0.002,1.53,2026-06-23T09:17:55,0.002,1.53
ip_shuffle,20260623T091755_961048,of:0000000000000007:1 -> of:000000000000000d:5,0.002,0.0025,0.002,0.002,1.6,2026-06-23T09:17:55,0.002,1.63
ip_shuffle,20260623T091755_961048,of:0000000000000002:2 -> of:0000000000000008:2,0.001,0.00125,0.001,0.001,1.5,2026-06-23T09:17:55,0.001,1.5
ip_shuffle,20260623T091755_961048,of:0000000000000003:2 -> of:0000000000000008:3,0.001,0.00125,0.001,0.001,1.5,2026-06-23T09:17:55,0.001,1.5
ip_shuffle,20260623T091755_961048,of:0000000000000008:1 -> of:000000000000000b:6,0.001,0.00125,0.001,0.001,1.4,2026-06-23T09:17:55,0.001,1.4
ip_shuffle,20260623T091755_961048,of:0000000000000004:2 -> of:0000000000000009:2,0.001,0.00125,0.001,0.001,1.5,2026-06-23T09:17:55,0.001,1.5
ip_shuffle,20260623T091755_961048,of:0000000000000002:1 -> of:000000000000000b:4,0.002,0.0025,0.002,0.002,2.46,2026-06-23T09:17:55,0.002,2.5
ip_shuffle,20260623T091755_961048,of:0000000000000009:1 -> of:000000000000000c:6,0.002,0.0025,0.002,0.002,1.47,2026-06-23T09:17:55,0.002,1.47
route_mutation,20260623T091853_540805,of:0000000000000004:1 -> of:000000000000000c:4,0.002,0.0025,0.002,0.002,2.03,2026-06-23T09:18:53,0.002,2.0
route_mutation,20260623T091853_540805,of:0000000000000005:1 -> of:000000000000000c:5,0.002,0.0025,0.002,0.002,2.03,2026-06-23T09:18:53,0.002,2.0
route_mutation,20260623T091853_540805,of:000000000000000a:1 -> of:000000000000000d:6,0.002,0.0025,0.002,0.002,2.03,2026-06-23T09:18:53,0.002,2.0
route_mutation,20260623T091853_540805,of:000000000000000b:3 -> of:000000000000000d:2,0.002,0.0025,0.002,0.002,2.66,2026-06-23T09:18:53,0.002,2.7
route_mutation,20260623T091853_540805,of:000000000000000c:3 -> of:000000000000000d:3,0.002,0.0025,0.002,0.002,2.66,2026-06-23T09:18:53,0.002,2.66
route_mutation,20260623T091853_540805,of:0000000000000005:2 -> of:0000000000000009:3,0.002,0.0025,0.002,0.002,2.73,2026-06-23T09:18:53,0.002,2.73
route_mutation,20260623T091853_540805,of:0000000000000001:1 -> of:000000000000000b:1,0.002,0.0025,0.002,0.002,1.96,2026-06-23T09:18:53,0.002,2.0
route_mutation,20260623T091853_540805,of:000000000000000b:2 -> of:000000000000000c:2,0.002,0.0025,0.002,0.002,2.7,2026-06-23T09:18:53,0.002,2.7
route_mutation,20260623T091853_540805,of:0000000000000001:2 -> of:000000000000000c:1,0.002,0.0025,0.002,0.002,1.93,2026-06-23T09:18:53,0.002,2.0
route_mutation,20260623T091853_540805,of:0000000000000006:2 -> of:000000000000000a:2,0.002,0.0025,0.002,0.002,2.73,2026-06-23T09:18:53,0.002,2.73
route_mutation,20260623T091853_540805,of:0000000000000001:3 -> of:000000000000000d:1,0.003,0.00375,0.003,0.003,3.8,2026-06-23T09:18:53,0.003,3.7
route_mutation,20260623T091853_540805,of:0000000000000003:1 -> of:000000000000000b:5,0.002,0.0025,0.002,0.002,2.0,2026-06-23T09:18:53,0.002,1.96
route_mutation,20260623T091853_540805,of:0000000000000006:1 -> of:000000000000000d:4,0.002,0.0025,0.002,0.002,2.26,2026-06-23T09:18:53,0.002,2.33
route_mutation,20260623T091853_540805,of:0000000000000007:2 -> of:000000000000000a:3,0.002,0.0025,0.002,0.002,2.73,2026-06-23T09:18:53,0.002,2.73
route_mutation,20260623T091853_540805,of:0000000000000007:1 -> of:000000000000000d:5,0.003,0.00375,0.003,0.003,3.43,2026-06-23T09:18:53,0.003,3.4
route_mutation,20260623T091853_540805,of:0000000000000002:2 -> of:0000000000000008:2,0.002,0.0025,0.002,0.002,2.7,2026-06-23T09:18:53,0.002,2.7
route_mutation,20260623T091853_540805,of:0000000000000003:2 -> of:0000000000000008:3,0.002,0.0025,0.002,0.002,2.7,2026-06-23T09:18:53,0.002,2.7
route_mutation,20260623T091853_540805,of:0000000000000008:1 -> of:000000000000000b:6,0.002,0.0025,0.002,0.002,2.03,2026-06-23T09:18:53,0.002,2.03
route_mutation,20260623T091853_540805,of:0000000000000004:2 -> of:0000000000000009:2,0.002,0.0025,0.002,0.002,2.73,2026-06-23T09:18:53,0.002,2.73
route_mutation,20260623T091853_540805,of:0000000000000002:1 -> of:000000000000000b:4,0.002,0.0025,0.002,0.002,2.0,2026-06-23T09:18:53,0.002,1.96
route_mutation,20260623T091853_540805,of:0000000000000009:1 -> of:000000000000000c:6,0.002,0.0025,0.002,0.002,2.03,2026-06-23T09:18:53,0.002,2.0
ip_shuffle,20260623T091924_035592,of:0000000000000004:1 -> of:000000000000000c:4,0.001,0.00125,0.001,0.001,1.37,2026-06-23T09:19:24,0.001,1.37
ip_shuffle,20260623T091924_035592,of:0000000000000005:1 -> of:000000000000000c:5,0.001,0.00125,0.001,0.001,1.37,2026-06-23T09:19:24,0.001,1.37
ip_shuffle,20260623T091924_035592,of:000000000000000a:1 -> of:000000000000000d:6,0.002,0.0025,0.002,0.002,1.43,2026-06-23T09:19:24,0.002,1.43
ip_shuffle,20260623T091924_035592,of:000000000000000b:3 -> of:000000000000000d:2,0.002,0.0025,0.002,0.002,1.53,2026-06-23T09:19:24,0.002,1.53
ip_shuffle,20260623T091924_035592,of:000000000000000c:3 -> of:000000000000000d:3,0.002,0.0025,0.002,0.002,1.53,2026-06-23T09:19:24,0.002,1.53
ip_shuffle,20260623T091924_035592,of:0000000000000005:2 -> of:0000000000000009:3,0.001,0.00125,0.001,0.001,1.47,2026-06-23T09:19:24,0.001,1.47
ip_shuffle,20260623T091924_035592,of:0000000000000001:1 -> of:000000000000000b:1,0.002,0.0025,0.002,0.002,2.1,2026-06-23T09:19:24,0.002,2.06
ip_shuffle,20260623T091924_035592,of:000000000000000b:2 -> of:000000000000000c:2,0.002,0.0025,0.002,0.002,1.53,2026-06-23T09:19:24,0.002,1.53
ip_shuffle,20260623T091924_035592,of:0000000000000001:2 -> of:000000000000000c:1,0.002,0.0025,0.002,0.002,1.43,2026-06-23T09:19:24,0.002,1.43
ip_shuffle,20260623T091924_035592,of:0000000000000006:2 -> of:000000000000000a:2,0.001,0.00125,0.001,0.001,1.47,2026-06-23T09:19:24,0.001,1.47
ip_shuffle,20260623T091924_035592,of:0000000000000001:3 -> of:000000000000000d:1,0.002,0.0025,0.002,0.002,1.43,2026-06-23T09:19:24,0.002,1.43
ip_shuffle,20260623T091924_035592,of:0000000000000003:1 -> of:000000000000000b:5,0.002,0.0025,0.002,0.002,1.43,2026-06-23T09:19:24,0.002,1.43
ip_shuffle,20260623T091924_035592,of:0000000000000006:1 -> of:000000000000000d:4,0.001,0.00125,0.001,0.001,1.37,2026-06-23T09:19:24,0.001,1.37
ip_shuffle,20260623T091924_035592,of:0000000000000007:2 -> of:000000000000000a:3,0.001,0.00125,0.001,0.001,1.47,2026-06-23T09:19:24,0.001,1.47
ip_shuffle,20260623T091924_035592,of:0000000000000007:1 -> of:000000000000000d:5,0.001,0.00125,0.001,0.001,1.37,2026-06-23T09:19:24,0.001,1.37
ip_shuffle,20260623T091924_035592,of:0000000000000002:2 -> of:0000000000000008:2,0.002,0.0025,0.002,0.002,1.53,2026-06-23T09:19:24,0.002,1.53
ip_shuffle,20260623T091924_035592,of:0000000000000003:2 -> of:0000000000000008:3,0.002,0.0025,0.002,0.002,1.53,2026-06-23T09:19:24,0.002,1.53
ip_shuffle,20260623T091924_035592,of:0000000000000008:1 -> of:000000000000000b:6,0.002,0.0025,0.002,0.002,1.43,2026-06-23T09:19:24,0.002,1.43
ip_shuffle,20260623T091924_035592,of:0000000000000004:2 -> of:0000000000000009:2,0.001,0.00125,0.001,0.001,1.47,2026-06-23T09:19:24,0.001,1.47
ip_shuffle,20260623T091924_035592,of:0000000000000002:1 -> of:000000000000000b:4,0.002,0.0025,0.002,0.002,2.06,2026-06-23T09:19:24,0.002,2.06
ip_shuffle,20260623T091924_035592,of:0000000000000009:1 -> of:000000000000000c:6,0.002,0.0025,0.002,0.002,1.43,2026-06-23T09:19:24,0.002,1.43
ip_shuffle,20260623T092021_781883,of:0000000000000004:1 -> of:000000000000000c:4,0.002,0.0025,0.002,0.002,2.23,2026-06-23T09:20:21,0.002,2.23
ip_shuffle,20260623T092021_781883,of:0000000000000005:1 -> of:000000000000000c:5,0.002,0.0025,0.002,0.002,2.23,2026-06-23T09:20:21,0.002,2.23
ip_shuffle,20260623T092021_781883,of:000000000000000a:1 -> of:000000000000000d:6,0.002,0.0025,0.002,0.002,2.16,2026-06-23T09:20:21,0.002,2.16
ip_shuffle,20260623T092021_781883,of:000000000000000b:3 -> of:000000000000000d:2,0.002,0.0025,0.002,0.002,3.06,2026-06-23T09:20:21,0.002,3.06
ip_shuffle,20260623T092021_781883,of:000000000000000c:3 -> of:000000000000000d:3,0.002,0.0025,0.002,0.002,3.06,2026-06-23T09:20:21,0.002,3.06
ip_shuffle,20260623T092021_781883,of:0000000000000005:2 -> of:0000000000000009:3,0.002,0.0025,0.002,0.002,3.16,2026-06-23T09:20:21,0.002,3.16
ip_shuffle,20260623T092021_781883,of:0000000000000001:1 -> of:000000000000000b:1,0.002,0.0025,0.002,0.002,2.16,2026-06-23T09:20:21,0.002,2.16
ip_shuffle,20260623T092021_781883,of:000000000000000b:2 -> of:000000000000000c:2,0.002,0.0025,0.002,0.002,3.13,2026-06-23T09:20:21,0.002,3.13
ip_shuffle,20260623T092021_781883,of:0000000000000001:2 -> of:000000000000000c:1,0.002,0.0025,0.002,0.002,2.16,2026-06-23T09:20:21,0.002,2.16
ip_shuffle,20260623T092021_781883,of:0000000000000006:2 -> of:000000000000000a:2,0.002,0.0025,0.002,0.002,3.13,2026-06-23T09:20:21,0.002,3.13
ip_shuffle,20260623T092021_781883,of:0000000000000001:3 -> of:000000000000000d:1,0.003,0.00375,0.003,0.003,4.23,2026-06-23T09:20:21,0.003,4.23
ip_shuffle,20260623T092021_781883,of:0000000000000003:1 -> of:000000000000000b:5,0.002,0.0025,0.002,0.002,2.23,2026-06-23T09:20:21,0.002,2.23
ip_shuffle,20260623T092021_781883,of:0000000000000006:1 -> of:000000000000000d:4,0.002,0.0025,0.002,0.002,3.13,2026-06-23T09:20:21,0.002,3.2
ip_shuffle,20260623T092021_781883,of:0000000000000007:2 -> of:000000000000000a:3,0.002,0.0025,0.002,0.002,3.13,2026-06-23T09:20:21,0.002,3.13
ip_shuffle,20260623T092021_781883,of:0000000000000007:1 -> of:000000000000000d:5,0.003,0.00375,0.003,0.003,3.36,2026-06-23T09:20:21,0.003,3.3
ip_shuffle,20260623T092021_781883,of:0000000000000002:2 -> of:0000000000000008:2,0.002,0.0025,0.002,0.002,3.13,2026-06-23T09:20:21,0.002,3.13
ip_shuffle,20260623T092021_781883,of:0000000000000003:2 -> of:0000000000000008:3,0.002,0.0025,0.002,0.002,3.13,2026-06-23T09:20:21,0.002,3.13
ip_shuffle,20260623T092021_781883,of:0000000000000008:1 -> of:000000000000000b:6,0.002,0.0025,0.002,0.002,2.23,2026-06-23T09:20:21,0.002,2.23
ip_shuffle,20260623T092021_781883,of:0000000000000004:2 -> of:0000000000000009:2,0.002,0.0025,0.002,0.002,3.16,2026-06-23T09:20:21,0.002,3.16
ip_shuffle,20260623T092021_781883,of:0000000000000002:1 -> of:000000000000000b:4,0.002,0.0025,0.002,0.002,2.23,2026-06-23T09:20:21,0.002,2.23
ip_shuffle,20260623T092021_781883,of:0000000000000009:1 -> of:000000000000000c:6,0.002,0.0025,0.002,0.002,2.26,2026-06-23T09:20:21,0.002,2.23
ip_shuffle,20260623T092119_539803,of:0000000000000004:1 -> of:000000000000000c:4,0.002,0.0025,0.002,0.002,1.5,2026-06-23T09:21:19,0.002,1.5
ip_shuffle,20260623T092119_539803,of:0000000000000005:1 -> of:000000000000000c:5,0.001,0.00125,0.001,0.001,1.5,2026-06-23T09:21:19,0.001,1.5
ip_shuffle,20260623T092119_539803,of:000000000000000a:1 -> of:000000000000000d:6,0.001,0.00125,0.001,0.001,1.47,2026-06-23T09:21:19,0.001,1.47
ip_shuffle,20260623T092119_539803,of:000000000000000b:3 -> of:000000000000000d:2,0.002,0.0025,0.002,0.002,1.7,2026-06-23T09:21:19,0.002,1.7
ip_shuffle,20260623T092119_539803,of:000000000000000c:3 -> of:000000000000000d:3,0.002,0.0025,0.002,0.002,1.67,2026-06-23T09:21:19,0.002,1.67
ip_shuffle,20260623T092119_539803,of:0000000000000005:2 -> of:0000000000000009:3,0.002,0.0025,0.002,0.002,1.67,2026-06-23T09:21:19,0.002,1.67
ip_shuffle,20260623T092119_539803,of:0000000000000001:1 -> of:000000000000000b:1,0.003,0.00375,0.003,0.003,3.5,2026-06-23T09:21:19,0.003,3.5
ip_shuffle,20260623T092119_539803,of:000000000000000b:2 -> of:000000000000000c:2,0.001,0.00125,0.001,0.001,1.6,2026-06-23T09:21:19,0.001,1.6
ip_shuffle,20260623T092119_539803,of:0000000000000001:2 -> of:000000000000000c:1,0.002,0.0025,0.002,0.002,1.5,2026-06-23T09:21:19,0.002,1.5
ip_shuffle,20260623T092119_539803,of:0000000000000006:2 -> of:000000000000000a:2,0.002,0.0025,0.002,0.002,1.7,2026-06-23T09:21:19,0.002,1.7
ip_shuffle,20260623T092119_539803,of:0000000000000001:3 -> of:000000000000000d:1,0.002,0.0025,0.002,0.002,1.53,2026-06-23T09:21:19,0.002,1.53
ip_shuffle,20260623T092119_539803,of:0000000000000003:1 -> of:000000000000000b:5,0.002,0.0025,0.002,0.002,2.46,2026-06-23T09:21:19,0.002,2.46
ip_shuffle,20260623T092119_539803,of:0000000000000006:1 -> of:000000000000000d:4,0.002,0.0025,0.002,0.002,1.53,2026-06-23T09:21:19,0.002,1.53
ip_shuffle,20260623T092119_539803,of:0000000000000007:2 -> of:000000000000000a:3,0.002,0.0025,0.002,0.002,1.67,2026-06-23T09:21:19,0.002,1.67
ip_shuffle,20260623T092119_539803,of:0000000000000007:1 -> of:000000000000000d:5,0.002,0.0025,0.002,0.002,1.53,2026-06-23T09:21:19,0.002,1.53
ip_shuffle,20260623T092119_539803,of:0000000000000002:2 -> of:0000000000000008:2,0.002,0.0025,0.002,0.002,1.67,2026-06-23T09:21:19,0.002,1.67
ip_shuffle,20260623T092119_539803,of:0000000000000003:2 -> of:0000000000000008:3,0.002,0.0025,0.002,0.002,1.67,2026-06-23T09:21:19,0.002,1.67
ip_shuffle,20260623T092119_539803,of:0000000000000008:1 -> of:000000000000000b:6,0.001,0.00125,0.001,0.001,1.4,2026-06-23T09:21:19,0.001,1.4
ip_shuffle,20260623T092119_539803,of:0000000000000004:2 -> of:0000000000000009:2,0.002,0.0025,0.002,0.002,1.67,2026-06-23T09:21:19,0.002,1.67
ip_shuffle,20260623T092119_539803,of:0000000000000002:1 -> of:000000000000000b:4,0.002,0.0025,0.002,0.002,2.5,2026-06-23T09:21:19,0.002,2.5
ip_shuffle,20260623T092119_539803,of:0000000000000009:1 -> of:000000000000000c:6,0.001,0.00125,0.001,0.001,1.4,2026-06-23T09:21:19,0.001,1.4
route_mutation,20260623T092217_217386,of:0000000000000004:1 -> of:000000000000000c:4,0.002,0.0025,0.002,0.002,1.8,2026-06-23T09:22:17,0.002,1.76
route_mutation,20260623T092217_217386,of:0000000000000005:1 -> of:000000000000000c:5,0.002,0.0025,0.002,0.002,1.8,2026-06-23T09:22:17,0.002,1.76
route_mutation,20260623T092217_217386,of:000000000000000a:1 -> of:000000000000000d:6,0.002,0.0025,0.002,0.002,1.83,2026-06-23T09:22:17,0.002,1.83
route_mutation,20260623T092217_217386,of:000000000000000b:3 -> of:000000000000000d:2,0.002,0.0025,0.002,0.002,2.33,2026-06-23T09:22:17,0.002,2.33
route_mutation,20260623T092217_217386,of:000000000000000c:3 -> of:000000000000000d:3,0.002,0.0025,0.002,0.002,2.33,2026-06-23T09:22:17,0.002,2.33
route_mutation,20260623T092217_217386,of:0000000000000005:2 -> of:0000000000000009:3,0.002,0.0025,0.002,0.002,2.3,2026-06-23T09:22:17,0.002,2.3
route_mutation,20260623T092217_217386,of:0000000000000001:1 -> of:000000000000000b:1,0.002,0.0025,0.002,0.002,1.83,2026-06-23T09:22:17,0.002,1.9
route_mutation,20260623T092217_217386,of:000000000000000b:2 -> of:000000000000000c:2,0.002,0.0025,0.002,0.002,2.33,2026-06-23T09:22:17,0.002,2.33
route_mutation,20260623T092217_217386,of:0000000000000001:2 -> of:000000000000000c:1,0.002,0.0025,0.002,0.002,1.83,2026-06-23T09:22:17,0.002,1.9
route_mutation,20260623T092217_217386,of:0000000000000006:2 -> of:000000000000000a:2,0.002,0.0025,0.002,0.002,2.3,2026-06-23T09:22:17,0.002,2.3
route_mutation,20260623T092217_217386,of:0000000000000001:3 -> of:000000000000000d:1,0.003,0.00375,0.003,0.003,3.33,2026-06-23T09:22:17,0.003,3.2
route_mutation,20260623T092217_217386,of:0000000000000003:1 -> of:000000000000000b:5,0.002,0.0025,0.002,0.002,1.83,2026-06-23T09:22:17,0.002,1.76
route_mutation,20260623T092217_217386,of:0000000000000006:1 -> of:000000000000000d:4,0.002,0.0025,0.002,0.002,1.93,2026-06-23T09:22:17,0.002,2.03
route_mutation,20260623T092217_217386,of:0000000000000007:2 -> of:000000000000000a:3,0.002,0.0025,0.002,0.002,2.3,2026-06-23T09:22:17,0.002,2.3
route_mutation,20260623T092217_217386,of:0000000000000007:1 -> of:000000000000000d:5,0.003,0.00375,0.003,0.003,3.1,2026-06-23T09:22:17,0.003,3.06
route_mutation,20260623T092217_217386,of:0000000000000002:2 -> of:0000000000000008:2,0.002,0.0025,0.002,0.002,2.33,2026-06-23T09:22:17,0.002,2.33
route_mutation,20260623T092217_217386,of:0000000000000003:2 -> of:0000000000000008:3,0.002,0.0025,0.002,0.002,2.33,2026-06-23T09:22:17,0.002,2.33
route_mutation,20260623T092217_217386,of:0000000000000008:1 -> of:000000000000000b:6,0.002,0.0025,0.002,0.002,1.83,2026-06-23T09:22:17,0.002,1.83
route_mutation,20260623T092217_217386,of:0000000000000004:2 -> of:0000000000000009:2,0.002,0.0025,0.002,0.002,2.3,2026-06-23T09:22:17,0.002,2.3
route_mutation,20260623T092217_217386,of:0000000000000002:1 -> of:000000000000000b:4,0.002,0.0025,0.002,0.002,1.83,2026-06-23T09:22:17,0.002,1.76
route_mutation,20260623T092217_217386,of:0000000000000009:1 -> of:000000000000000c:6,0.002,0.0025,0.002,0.002,1.83,2026-06-23T09:22:17,0.002,1.83
ip_shuffle,20260623T092247_546931,of:0000000000000004:1 -> of:000000000000000c:4,0.001,0.00125,0.001,0.001,1.37,2026-06-23T09:22:47,0.001,1.37
ip_shuffle,20260623T092247_546931,of:0000000000000005:1 -> of:000000000000000c:5,0.001,0.00125,0.001,0.001,1.37,2026-06-23T09:22:47,0.001,1.37
ip_shuffle,20260623T092247_546931,of:000000000000000a:1 -> of:000000000000000d:6,0.001,0.00125,0.001,0.001,1.37,2026-06-23T09:22:47,0.001,1.37
ip_shuffle,20260623T092247_546931,of:000000000000000b:3 -> of:000000000000000d:2,0.001,0.00125,0.001,0.001,1.47,2026-06-23T09:22:47,0.001,1.47
ip_shuffle,20260623T092247_546931,of:000000000000000c:3 -> of:000000000000000d:3,0.001,0.00125,0.001,0.001,1.47,2026-06-23T09:22:47,0.001,1.47
ip_shuffle,20260623T092247_546931,of:0000000000000005:2 -> of:0000000000000009:3,0.001,0.00125,0.001,0.001,1.47,2026-06-23T09:22:47,0.001,1.47
ip_shuffle,20260623T092247_546931,of:0000000000000001:1 -> of:000000000000000b:1,0.002,0.0025,0.002,0.002,1.63,2026-06-23T09:22:47,0.002,1.6
ip_shuffle,20260623T092247_546931,of:000000000000000b:2 -> of:000000000000000c:2,0.001,0.00125,0.001,0.001,1.4,2026-06-23T09:22:47,0.001,1.4
ip_shuffle,20260623T092247_546931,of:0000000000000001:2 -> of:000000000000000c:1,0.001,0.00125,0.001,0.001,1.37,2026-06-23T09:22:47,0.001,1.37
ip_shuffle,20260623T092247_546931,of:0000000000000006:2 -> of:000000000000000a:2,0.001,0.00125,0.001,0.001,1.47,2026-06-23T09:22:47,0.001,1.47
ip_shuffle,20260623T092247_546931,of:0000000000000001:3 -> of:000000000000000d:1,0.002,0.0025,0.002,0.002,1.43,2026-06-23T09:22:47,0.002,1.43
ip_shuffle,20260623T092247_546931,of:0000000000000003:1 -> of:000000000000000b:5,0.001,0.00125,0.001,0.001,1.37,2026-06-23T09:22:47,0.001,1.37
ip_shuffle,20260623T092247_546931,of:0000000000000006:1 -> of:000000000000000d:4,0.002,0.0025,0.002,0.002,1.43,2026-06-23T09:22:47,0.002,1.43
ip_shuffle,20260623T092247_546931,of:0000000000000007:2 -> of:000000000000000a:3,0.001,0.00125,0.001,0.001,1.47,2026-06-23T09:22:47,0.001,1.47
ip_shuffle,20260623T092247_546931,of:0000000000000007:1 -> of:000000000000000d:5,0.002,0.0025,0.002,0.002,1.43,2026-06-23T09:22:47,0.002,1.43
ip_shuffle,20260623T092247_546931,of:0000000000000002:2 -> of:0000000000000008:2,0.001,0.00125,0.001,0.001,1.47,2026-06-23T09:22:47,0.001,1.47
ip_shuffle,20260623T092247_546931,of:0000000000000003:2 -> of:0000000000000008:3,0.001,0.00125,0.001,0.001,1.47,2026-06-23T09:22:47,0.001,1.47
ip_shuffle,20260623T092247_546931,of:0000000000000008:1 -> of:000000000000000b:6,0.001,0.00125,0.001,0.001,1.3,2026-06-23T09:22:47,0.001,1.3
ip_shuffle,20260623T092247_546931,of:0000000000000004:2 -> of:0000000000000009:2,0.001,0.00125,0.001,0.001,1.47,2026-06-23T09:22:47,0.001,1.47
ip_shuffle,20260623T092247_546931,of:0000000000000002:1 -> of:000000000000000b:4,0.002,0.0025,0.002,0.002,1.6,2026-06-23T09:22:47,0.002,1.63
ip_shuffle,20260623T092247_546931,of:0000000000000009:1 -> of:000000000000000c:6,0.001,0.00125,0.001,0.001,1.3,2026-06-23T09:22:47,0.001,1.3
ip_shuffle,20260623T092358_106679,of:0000000000000004:1 -> of:000000000000000c:4,0.002,0.0025,0.002,0.002,2.16,2026-06-23T09:23:58,0.002,2.16
ip_shuffle,20260623T092358_106679,of:0000000000000005:1 -> of:000000000000000c:5,0.002,0.0025,0.002,0.002,2.16,2026-06-23T09:23:58,0.002,2.16
ip_shuffle,20260623T092358_106679,of:000000000000000a:1 -> of:000000000000000d:6,0.002,0.0025,0.002,0.002,2.23,2026-06-23T09:23:58,0.002,2.23
ip_shuffle,20260623T092358_106679,of:000000000000000b:3 -> of:000000000000000d:2,0.002,0.0025,0.002,0.002,3.13,2026-06-23T09:23:58,0.002,3.13
ip_shuffle,20260623T092358_106679,of:000000000000000c:3 -> of:000000000000000d:3,0.002,0.0025,0.002,0.002,3.13,2026-06-23T09:23:58,0.002,3.13
ip_shuffle,20260623T092358_106679,of:0000000000000005:2 -> of:0000000000000009:3,0.002,0.0025,0.002,0.002,3.06,2026-06-23T09:23:58,0.002,3.06
ip_shuffle,20260623T092358_106679,of:0000000000000001:1 -> of:000000000000000b:1,0.002,0.0025,0.002,0.002,2.23,2026-06-23T09:23:58,0.002,2.23
ip_shuffle,20260623T092358_106679,of:000000000000000b:2 -> of:000000000000000c:2,0.002,0.0025,0.002,0.002,3.13,2026-06-23T09:23:58,0.002,3.13
ip_shuffle,20260623T092358_106679,of:0000000000000001:2 -> of:000000000000000c:1,0.002,0.0025,0.002,0.002,2.26,2026-06-23T09:23:58,0.002,2.26
ip_shuffle,20260623T092358_106679,of:0000000000000006:2 -> of:000000000000000a:2,0.002,0.0025,0.002,0.002,3.06,2026-06-23T09:23:58,0.002,3.06
ip_shuffle,20260623T092358_106679,of:0000000000000001:3 -> of:000000000000000d:1,0.004,0.005,0.004,0.004,4.79,2026-06-23T09:23:58,0.004,4.89
ip_shuffle,20260623T092358_106679,of:0000000000000003:1 -> of:000000000000000b:5,0.002,0.0025,0.002,0.002,2.16,2026-06-23T09:23:58,0.002,2.16
ip_shuffle,20260623T092358_106679,of:0000000000000006:1 -> of:000000000000000d:4,0.003,0.00375,0.003,0.003,3.46,2026-06-23T09:23:58,0.003,3.53
ip_shuffle,20260623T092358_106679,of:0000000000000007:2 -> of:000000000000000a:3,0.002,0.0025,0.002,0.002,3.13,2026-06-23T09:23:58,0.002,3.13
ip_shuffle,20260623T092358_106679,of:0000000000000007:1 -> of:000000000000000d:5,0.003,0.00375,0.003,0.003,3.73,2026-06-23T09:23:58,0.003,3.6
ip_shuffle,20260623T092358_106679,of:0000000000000002:2 -> of:0000000000000008:2,0.002,0.0025,0.002,0.002,3.06,2026-06-23T09:23:58,0.002,3.06
ip_shuffle,20260623T092358_106679,of:0000000000000003:2 -> of:0000000000000008:3,0.002,0.0025,0.002,0.002,3.06,2026-06-23T09:23:58,0.002,3.06
ip_shuffle,20260623T092358_106679,of:0000000000000008:1 -> of:000000000000000b:6,0.002,0.0025,0.002,0.002,2.23,2026-06-23T09:23:58,0.002,2.23
ip_shuffle,20260623T092358_106679,of:0000000000000004:2 -> of:0000000000000009:2,0.002,0.0025,0.002,0.002,3.06,2026-06-23T09:23:58,0.002,3.06
ip_shuffle,20260623T092358_106679,of:0000000000000002:1 -> of:000000000000000b:4,0.002,0.0025,0.002,0.002,2.16,2026-06-23T09:23:58,0.002,2.16
ip_shuffle,20260623T092358_106679,of:0000000000000009:1 -> of:000000000000000c:6,0.002,0.0025,0.002,0.002,2.23,2026-06-23T09:23:58,0.002,2.23
ip_shuffle,20260623T092502_572684,of:0000000000000004:1 -> of:000000000000000c:4,0.002,0.0025,0.002,0.002,2.36,2026-06-23T09:25:02,0.002,2.33
ip_shuffle,20260623T092502_572684,of:0000000000000005:1 -> of:000000000000000c:5,0.002,0.0025,0.002,0.002,1.63,2026-06-23T09:25:02,0.002,1.63
ip_shuffle,20260623T092502_572684,of:000000000000000a:1 -> of:000000000000000d:6,0.002,0.0025,0.002,0.002,1.53,2026-06-23T09:25:02,0.002,1.53
ip_shuffle,20260623T092502_572684,of:000000000000000b:3 -> of:000000000000000d:2,0.002,0.0025,0.002,0.002,1.8,2026-06-23T09:25:02,0.002,1.8
ip_shuffle,20260623T092502_572684,of:000000000000000c:3 -> of:000000000000000d:3,0.002,0.0025,0.002,0.002,1.8,2026-06-23T09:25:02,0.002,1.8
ip_shuffle,20260623T092502_572684,of:0000000000000005:2 -> of:0000000000000009:3,0.002,0.0025,0.002,0.002,1.86,2026-06-23T09:25:02,0.002,1.86
ip_shuffle,20260623T092502_572684,of:0000000000000001:1 -> of:000000000000000b:1,0.003,0.00375,0.003,0.003,3.6,2026-06-23T09:25:02,0.003,3.6
ip_shuffle,20260623T092502_572684,of:000000000000000b:2 -> of:000000000000000c:2,0.002,0.0025,0.002,0.002,1.86,2026-06-23T09:25:02,0.002,1.86
ip_shuffle,20260623T092502_572684,of:0000000000000001:2 -> of:000000000000000c:1,0.002,0.0025,0.002,0.002,2.26,2026-06-23T09:25:02,0.002,2.26
ip_shuffle,20260623T092502_572684,of:0000000000000006:2 -> of:000000000000000a:2,0.002,0.0025,0.002,0.002,1.86,2026-06-23T09:25:02,0.002,1.86
ip_shuffle,20260623T092502_572684,of:0000000000000001:3 -> of:000000000000000d:1,0.002,0.0025,0.002,0.002,2.53,2026-06-23T09:25:02,0.002,2.53
ip_shuffle,20260623T092502_572684,of:0000000000000003:1 -> of:000000000000000b:5,0.002,0.0025,0.002,0.002,2.63,2026-06-23T09:25:02,0.002,2.63
ip_shuffle,20260623T092502_572684,of:0000000000000006:1 -> of:000000000000000d:4,0.002,0.0025,0.002,0.002,1.73,2026-06-23T09:25:02,0.002,1.73
ip_shuffle,20260623T092502_572684,of:0000000000000007:2 -> of:000000000000000a:3,0.002,0.0025,0.002,0.002,1.86,2026-06-23T09:25:02,0.002,1.86
ip_shuffle,20260623T092502_572684,of:0000000000000007:1 -> of:000000000000000d:5,0.002,0.0025,0.002,0.002,2.33,2026-06-23T09:25:02,0.002,2.33
ip_shuffle,20260623T092502_572684,of:0000000000000002:2 -> of:0000000000000008:2,0.002,0.0025,0.002,0.002,1.86,2026-06-23T09:25:02,0.002,1.86
ip_shuffle,20260623T092502_572684,of:0000000000000003:2 -> of:0000000000000008:3,0.002,0.0025,0.002,0.002,1.86,2026-06-23T09:25:02,0.002,1.86
ip_shuffle,20260623T092502_572684,of:0000000000000008:1 -> of:000000000000000b:6,0.002,0.0025,0.002,0.002,1.6,2026-06-23T09:25:02,0.002,1.6
ip_shuffle,20260623T092502_572684,of:0000000000000004:2 -> of:0000000000000009:2,0.002,0.0025,0.002,0.002,1.86,2026-06-23T09:25:02,0.002,1.86
ip_shuffle,20260623T092502_572684,of:0000000000000002:1 -> of:000000000000000b:4,0.002,0.0025,0.002,0.002,2.63,2026-06-23T09:25:02,0.002,2.63
ip_shuffle,20260623T092502_572684,of:0000000000000009:1 -> of:000000000000000c:6,0.002,0.0025,0.002,0.002,1.6,2026-06-23T09:25:02,0.002,1.6
ip_shuffle,20260623T092600_160417,of:0000000000000004:1 -> of:000000000000000c:4,0.002,0.0025,0.002,0.002,1.9,2026-06-23T09:26:00,0.002,1.8
ip_shuffle,20260623T092600_160417,of:0000000000000005:1 -> of:000000000000000c:5,0.002,0.0025,0.002,0.002,1.9,2026-06-23T09:26:00,0.002,1.8
ip_shuffle,20260623T092600_160417,of:000000000000000a:1 -> of:000000000000000d:6,0.002,0.0025,0.002,0.002,1.73,2026-06-23T09:26:00,0.002,1.73
ip_shuffle,20260623T092600_160417,of:000000000000000b:3 -> of:000000000000000d:2,0.002,0.0025,0.002,0.002,2.2,2026-06-23T09:26:00,0.002,2.2
ip_shuffle,20260623T092600_160417,of:000000000000000c:3 -> of:000000000000000d:3,0.002,0.0025,0.002,0.002,2.26,2026-06-23T09:26:00,0.002,2.26
ip_shuffle,20260623T092600_160417,of:0000000000000005:2 -> of:0000000000000009:3,0.002,0.0025,0.002,0.002,2.36,2026-06-23T09:26:00,0.002,2.36
ip_shuffle,20260623T092600_160417,of:0000000000000001:1 -> of:000000000000000b:1,0.002,0.0025,0.002,0.002,1.73,2026-06-23T09:26:00,0.002,1.86
ip_shuffle,20260623T092600_160417,of:000000000000000b:2 -> of:000000000000000c:2,0.002,0.0025,0.002,0.002,2.2,2026-06-23T09:26:00,0.002,2.2
ip_shuffle,20260623T092600_160417,of:0000000000000001:2 -> of:000000000000000c:1,0.002,0.0025,0.002,0.002,1.8,2026-06-23T09:26:00,0.002,1.93
ip_shuffle,20260623T092600_160417,of:0000000000000006:2 -> of:000000000000000a:2,0.002,0.0025,0.002,0.002,2.3,2026-06-23T09:26:00,0.002,2.3
ip_shuffle,20260623T092600_160417,of:0000000000000001:3 -> of:000000000000000d:1,0.003,0.00375,0.003,0.003,3.93,2026-06-23T09:26:00,0.003,3.9
ip_shuffle,20260623T092600_160417,of:0000000000000003:1 -> of:000000000000000b:5,0.002,0.0025,0.002,0.002,1.86,2026-06-23T09:26:00,0.002,1.73
ip_shuffle,20260623T092600_160417,of:0000000000000006:1 -> of:000000000000000d:4,0.002,0.0025,0.002,0.002,2.23,2026-06-23T09:26:00,0.002,2.2
ip_shuffle,20260623T092600_160417,of:0000000000000007:2 -> of:000000000000000a:3,0.002,0.0025,0.002,0.002,2.23,2026-06-23T09:26:00,0.002,2.23
ip_shuffle,20260623T092600_160417,of:0000000000000007:1 -> of:000000000000000d:5,0.003,0.00375,0.003,0.003,3.7,2026-06-23T09:26:00,0.003,3.7
ip_shuffle,20260623T092600_160417,of:0000000000000002:2 -> of:0000000000000008:2,0.002,0.0025,0.002,0.002,2.43,2026-06-23T09:26:00,0.002,2.43
ip_shuffle,20260623T092600_160417,of:0000000000000003:2 -> of:0000000000000008:3,0.002,0.0025,0.002,0.002,2.43,2026-06-23T09:26:00,0.002,2.43
ip_shuffle,20260623T092600_160417,of:0000000000000008:1 -> of:000000000000000b:6,0.002,0.0025,0.002,0.002,1.76,2026-06-23T09:26:00,0.001,1.66
ip_shuffle,20260623T092600_160417,of:0000000000000004:2 -> of:0000000000000009:2,0.002,0.0025,0.002,0.002,2.36,2026-06-23T09:26:00,0.002,2.36
ip_shuffle,20260623T092600_160417,of:0000000000000002:1 -> of:000000000000000b:4,0.002,0.0025,0.002,0.002,1.86,2026-06-23T09:26:00,0.002,1.73
ip_shuffle,20260623T092600_160417,of:0000000000000009:1 -> of:000000000000000c:6,0.002,0.0025,0.002,0.002,1.8,2026-06-23T09:26:00,0.002,1.73
route_mutation,20260623T092657_803903,of:0000000000000004:1 -> of:000000000000000c:4,0.002,0.0025,0.002,0.002,2.23,2026-06-23T09:26:57,0.002,2.23
route_mutation,20260623T092657_803903,of:0000000000000005:1 -> of:000000000000000c:5,0.002,0.0025,0.002,0.002,1.5,2026-06-23T09:26:57,0.002,1.5
route_mutation,20260623T092657_803903,of:000000000000000a:1 -> of:000000000000000d:6,0.002,0.0025,0.002,0.002,1.53,2026-06-23T09:26:57,0.002,1.53
route_mutation,20260623T092657_803903,of:000000000000000b:3 -> of:000000000000000d:2,0.002,0.0025,0.002,0.002,1.73,2026-06-23T09:26:57,0.002,1.73
route_mutation,20260623T092657_803903,of:000000000000000c:3 -> of:000000000000000d:3,0.002,0.0025,0.002,0.002,1.73,2026-06-23T09:26:57,0.002,1.73
route_mutation,20260623T092657_803903,of:0000000000000005:2 -> of:0000000000000009:3,0.002,0.0025,0.002,0.002,1.66,2026-06-23T09:26:57,0.002,1.66
route_mutation,20260623T092657_803903,of:0000000000000001:1 -> of:000000000000000b:1,0.003,0.00375,0.003,0.003,3.53,2026-06-23T09:26:57,0.003,3.53
route_mutation,20260623T092657_803903,of:000000000000000b:2 -> of:000000000000000c:2,0.002,0.0025,0.002,0.002,1.73,2026-06-23T09:26:57,0.002,1.73
route_mutation,20260623T092657_803903,of:0000000000000001:2 -> of:000000000000000c:1,0.002,0.0025,0.002,0.002,2.23,2026-06-23T09:26:57,0.002,2.26
route_mutation,20260623T092657_803903,of:0000000000000006:2 -> of:000000000000000a:2,0.002,0.0025,0.002,0.002,1.73,2026-06-23T09:26:57,0.002,1.73
route_mutation,20260623T092657_803903,of:0000000000000001:3 -> of:000000000000000d:1,0.002,0.0025,0.002,0.002,1.86,2026-06-23T09:26:57,0.002,1.86
route_mutation,20260623T092657_803903,of:0000000000000003:1 -> of:000000000000000b:5,0.002,0.0025,0.002,0.002,2.5,2026-06-23T09:26:57,0.002,2.5
route_mutation,20260623T092657_803903,of:0000000000000006:1 -> of:000000000000000d:4,0.002,0.0025,0.002,0.002,1.53,2026-06-23T09:26:57,0.002,1.53
route_mutation,20260623T092657_803903,of:0000000000000007:2 -> of:000000000000000a:3,0.002,0.0025,0.002,0.002,1.73,2026-06-23T09:26:57,0.002,1.73
route_mutation,20260623T092657_803903,of:0000000000000007:1 -> of:000000000000000d:5,0.002,0.0025,0.002,0.002,1.86,2026-06-23T09:26:57,0.002,1.86
route_mutation,20260623T092657_803903,of:0000000000000002:2 -> of:0000000000000008:2,0.002,0.0025,0.002,0.002,1.66,2026-06-23T09:26:57,0.002,1.66
route_mutation,20260623T092657_803903,of:0000000000000003:2 -> of:0000000000000008:3,0.002,0.0025,0.002,0.002,1.66,2026-06-23T09:26:57,0.002,1.66
route_mutation,20260623T092657_803903,of:0000000000000008:1 -> of:000000000000000b:6,0.002,0.0025,0.002,0.002,1.53,2026-06-23T09:26:57,0.002,1.53
route_mutation,20260623T092657_803903,of:0000000000000004:2 -> of:0000000000000009:2,0.002,0.0025,0.002,0.002,1.66,2026-06-23T09:26:57,0.002,1.66
route_mutation,20260623T092657_803903,of:0000000000000002:1 -> of:000000000000000b:4,0.002,0.0025,0.002,0.002,2.5,2026-06-23T09:26:57,0.002,2.5
route_mutation,20260623T092657_803903,of:0000000000000009:1 -> of:000000000000000c:6,0.002,0.0025,0.002,0.002,1.53,2026-06-23T09:26:57,0.002,1.53
ip_shuffle,20260623T092728_150922,of:0000000000000004:1 -> of:000000000000000c:4,0.002,0.0025,0.002,0.002,1.96,2026-06-23T09:27:28,0.002,1.96
ip_shuffle,20260623T092728_150922,of:0000000000000005:1 -> of:000000000000000c:5,0.002,0.0025,0.002,0.002,2.69,2026-06-23T09:27:28,0.002,2.69
ip_shuffle,20260623T092728_150922,of:000000000000000a:1 -> of:000000000000000d:6,0.002,0.0025,0.002,0.002,1.86,2026-06-23T09:27:28,0.002,1.86
ip_shuffle,20260623T092728_150922,of:000000000000000b:3 -> of:000000000000000d:2,0.002,0.0025,0.002,0.002,2.46,2026-06-23T09:27:28,0.002,2.46
ip_shuffle,20260623T092728_150922,of:000000000000000c:3 -> of:000000000000000d:3,0.002,0.0025,0.002,0.002,2.53,2026-06-23T09:27:28,0.002,2.53
ip_shuffle,20260623T092728_150922,of:0000000000000005:2 -> of:0000000000000009:3,0.002,0.0025,0.002,0.002,2.46,2026-06-23T09:27:28,0.002,2.46
ip_shuffle,20260623T092728_150922,of:0000000000000001:1 -> of:000000000000000b:1,0.002,0.0025,0.002,0.002,1.86,2026-06-23T09:27:28,0.002,1.86
ip_shuffle,20260623T092728_150922,of:000000000000000b:2 -> of:000000000000000c:2,0.002,0.0025,0.002,0.002,2.46,2026-06-23T09:27:28,0.002,2.46
ip_shuffle,20260623T092728_150922,of:0000000000000001:2 -> of:000000000000000c:1,0.002,0.0025,0.002,0.002,2.76,2026-06-23T09:27:28,0.002,2.73
ip_shuffle,20260623T092728_150922,of:0000000000000006:2 -> of:000000000000000a:2,0.002,0.0025,0.002,0.002,2.4,2026-06-23T09:27:28,0.002,2.4
ip_shuffle,20260623T092728_150922,of:0000000000000001:3 -> of:000000000000000d:1,0.003,0.00375,0.003,0.003,3.56,2026-06-23T09:27:28,0.003,3.59
ip_shuffle,20260623T092728_150922,of:0000000000000003:1 -> of:000000000000000b:5,0.002,0.0025,0.002,0.002,1.86,2026-06-23T09:27:28,0.002,1.86
ip_shuffle,20260623T092728_150922,of:0000000000000006:1 -> of:000000000000000d:4,0.003,0.00375,0.003,0.003,3.36,2026-06-23T09:27:28,0.003,3.36
ip_shuffle,20260623T092728_150922,of:0000000000000007:2 -> of:000000000000000a:3,0.002,0.0025,0.002,0.002,2.4,2026-06-23T09:27:28,0.002,2.4
ip_shuffle,20260623T092728_150922,of:0000000000000007:1 -> of:000000000000000d:5,0.002,0.0025,0.002,0.002,2.33,2026-06-23T09:27:28,0.002,2.3
ip_shuffle,20260623T092728_150922,of:0000000000000002:2 -> of:0000000000000008:2,0.002,0.0025,0.002,0.002,2.46,2026-06-23T09:27:28,0.002,2.46
ip_shuffle,20260623T092728_150922,of:0000000000000003:2 -> of:0000000000000008:3,0.002,0.0025,0.002,0.002,2.46,2026-06-23T09:27:28,0.002,2.46
ip_shuffle,20260623T092728_150922,of:0000000000000008:1 -> of:000000000000000b:6,0.002,0.0025,0.002,0.002,1.8,2026-06-23T09:27:28,0.002,1.8
ip_shuffle,20260623T092728_150922,of:0000000000000004:2 -> of:0000000000000009:2,0.002,0.0025,0.002,0.002,2.46,2026-06-23T09:27:28,0.002,2.46
ip_shuffle,20260623T092728_150922,of:0000000000000002:1 -> of:000000000000000b:4,0.002,0.0025,0.002,0.002,1.86,2026-06-23T09:27:28,0.002,1.86
ip_shuffle,20260623T092728_150922,of:0000000000000009:1 -> of:000000000000000c:6,0.002,0.0025,0.002,0.002,1.86,2026-06-23T09:27:28,0.002,1.86
ip_shuffle,20260623T092825_976844,of:0000000000000004:1 -> of:000000000000000c:4,0.001,0.00125,0.001,0.001,1.37,2026-06-23T09:28:25,0.001,1.37
ip_shuffle,20260623T092825_976844,of:0000000000000005:1 -> of:000000000000000c:5,0.001,0.00125,0.001,0.001,1.37,2026-06-23T09:28:25,0.001,1.37
ip_shuffle,20260623T092825_976844,of:000000000000000a:1 -> of:000000000000000d:6,0.002,0.0025,0.002,0.002,1.43,2026-06-23T09:28:25,0.002,1.43
ip_shuffle,20260623T092825_976844,of:000000000000000b:3 -> of:000000000000000d:2,0.002,0.0025,0.002,0.002,1.53,2026-06-23T09:28:25,0.002,1.53
ip_shuffle,20260623T092825_976844,of:000000000000000c:3 -> of:000000000000000d:3,0.002,0.0025,0.002,0.002,1.53,2026-06-23T09:28:25,0.002,1.53
ip_shuffle,20260623T092825_976844,of:0000000000000005:2 -> of:0000000000000009:3,0.001,0.00125,0.001,0.001,1.47,2026-06-23T09:28:25,0.001,1.47
ip_shuffle,20260623T092825_976844,of:0000000000000001:1 -> of:000000000000000b:1,0.003,0.00375,0.003,0.003,2.73,2026-06-23T09:28:25,0.003,2.73
ip_shuffle,20260623T092825_976844,of:000000000000000b:2 -> of:000000000000000c:2,0.002,0.0025,0.002,0.002,1.53,2026-06-23T09:28:25,0.002,1.53
ip_shuffle,20260623T092825_976844,of:0000000000000001:2 -> of:000000000000000c:1,0.001,0.00125,0.001,0.001,1.37,2026-06-23T09:28:25,0.001,1.37
ip_shuffle,20260623T092825_976844,of:0000000000000006:2 -> of:000000000000000a:2,0.002,0.0025,0.002,0.002,1.53,2026-06-23T09:28:25,0.002,1.53
ip_shuffle,20260623T092825_976844,of:0000000000000001:3 -> of:000000000000000d:1,0.002,0.0025,0.002,0.002,1.63,2026-06-23T09:28:25,0.002,1.63
ip_shuffle,20260623T092825_976844,of:0000000000000003:1 -> of:000000000000000b:5,0.002,0.0025,0.002,0.002,1.76,2026-06-23T09:28:25,0.002,1.73
ip_shuffle,20260623T092825_976844,of:0000000000000006:1 -> of:000000000000000d:4,0.002,0.0025,0.002,0.002,1.43,2026-06-23T09:28:25,0.002,1.43
ip_shuffle,20260623T092825_976844,of:0000000000000007:2 -> of:000000000000000a:3,0.002,0.0025,0.002,0.002,1.53,2026-06-23T09:28:25,0.002,1.53
ip_shuffle,20260623T092825_976844,of:0000000000000007:1 -> of:000000000000000d:5,0.002,0.0025,0.002,0.002,1.63,2026-06-23T09:28:25,0.002,1.63
ip_shuffle,20260623T092825_976844,of:0000000000000002:2 -> of:0000000000000008:2,0.001,0.00125,0.001,0.001,1.47,2026-06-23T09:28:25,0.001,1.47
ip_shuffle,20260623T092825_976844,of:0000000000000003:2 -> of:0000000000000008:3,0.001,0.00125,0.001,0.001,1.47,2026-06-23T09:28:25,0.001,1.47
ip_shuffle,20260623T092825_976844,of:0000000000000008:1 -> of:000000000000000b:6,0.002,0.0025,0.002,0.002,1.43,2026-06-23T09:28:25,0.002,1.43
ip_shuffle,20260623T092825_976844,of:0000000000000004:2 -> of:0000000000000009:2,0.001,0.00125,0.001,0.001,1.47,2026-06-23T09:28:25,0.001,1.47
ip_shuffle,20260623T092825_976844,of:0000000000000002:1 -> of:000000000000000b:4,0.002,0.0025,0.002,0.002,2.4,2026-06-23T09:28:25,0.002,2.4
ip_shuffle,20260623T092825_976844,of:0000000000000009:1 -> of:000000000000000c:6,0.002,0.0025,0.002,0.002,1.43,2026-06-23T09:28:25,0.002,1.43
ip_shuffle,20260623T092923_555309,of:0000000000000004:1 -> of:000000000000000c:4,0.002,0.0025,0.002,0.002,1.96,2026-06-23T09:29:23,0.002,1.96
ip_shuffle,20260623T092923_555309,of:0000000000000005:1 -> of:000000000000000c:5,0.002,0.0025,0.002,0.002,1.96,2026-06-23T09:29:23,0.002,1.96
ip_shuffle,20260623T092923_555309,of:000000000000000a:1 -> of:000000000000000d:6,0.002,0.0025,0.002,0.002,1.96,2026-06-23T09:29:23,0.002,1.93
ip_shuffle,20260623T092923_555309,of:000000000000000b:3 -> of:000000000000000d:2,0.002,0.0025,0.002,0.002,2.63,2026-06-23T09:29:23,0.002,2.63
ip_shuffle,20260623T092923_555309,of:000000000000000c:3 -> of:000000000000000d:3,0.002,0.0025,0.002,0.002,2.56,2026-06-23T09:29:23,0.002,2.56
ip_shuffle,20260623T092923_555309,of:0000000000000005:2 -> of:0000000000000009:3,0.002,0.0025,0.002,0.002,2.73,2026-06-23T09:29:23,0.002,2.73
ip_shuffle,20260623T092923_555309,of:0000000000000001:1 -> of:000000000000000b:1,0.002,0.0025,0.002,0.002,2.1,2026-06-23T09:29:23,0.002,2.13
ip_shuffle,20260623T092923_555309,of:000000000000000b:2 -> of:000000000000000c:2,0.002,0.0025,0.002,0.002,2.66,2026-06-23T09:29:23,0.002,2.66
ip_shuffle,20260623T092923_555309,of:0000000000000001:2 -> of:000000000000000c:1,0.002,0.0025,0.002,0.002,2.03,2026-06-23T09:29:23,0.002,2.06
ip_shuffle,20260623T092923_555309,of:0000000000000006:2 -> of:000000000000000a:2,0.002,0.0025,0.002,0.002,2.73,2026-06-23T09:29:23,0.002,2.73
ip_shuffle,20260623T092923_555309,of:0000000000000001:3 -> of:000000000000000d:1,0.003,0.00375,0.003,0.003,4.2,2026-06-23T09:29:23,0.003,4.1
ip_shuffle,20260623T092923_555309,of:0000000000000003:1 -> of:000000000000000b:5,0.002,0.0025,0.002,0.002,2.03,2026-06-23T09:29:23,0.002,2.03
ip_shuffle,20260623T092923_555309,of:0000000000000006:1 -> of:000000000000000d:4,0.002,0.0025,0.002,0.002,2.83,2026-06-23T09:29:23,0.002,2.9
ip_shuffle,20260623T092923_555309,of:0000000000000007:2 -> of:000000000000000a:3,0.002,0.0025,0.002,0.002,2.73,2026-06-23T09:29:23,0.002,2.73
ip_shuffle,20260623T092923_555309,of:0000000000000007:1 -> of:000000000000000d:5,0.003,0.00375,0.003,0.003,3.46,2026-06-23T09:29:23,0.003,3.43
ip_shuffle,20260623T092923_555309,of:0000000000000002:2 -> of:0000000000000008:2,0.002,0.0025,0.002,0.002,2.73,2026-06-23T09:29:23,0.002,2.73
ip_shuffle,20260623T092923_555309,of:0000000000000003:2 -> of:0000000000000008:3,0.002,0.0025,0.002,0.002,2.73,2026-06-23T09:29:23,0.002,2.73
ip_shuffle,20260623T092923_555309,of:0000000000000008:1 -> of:000000000000000b:6,0.002,0.0025,0.002,0.002,2.03,2026-06-23T09:29:23,0.002,2.03
ip_shuffle,20260623T092923_555309,of:0000000000000004:2 -> of:0000000000000009:2,0.002,0.0025,0.002,0.002,2.73,2026-06-23T09:29:23,0.002,2.73
ip_shuffle,20260623T092923_555309,of:0000000000000002:1 -> of:000000000000000b:4,0.002,0.0025,0.002,0.002,2.03,2026-06-23T09:29:23,0.002,2.03
ip_shuffle,20260623T092923_555309,of:0000000000000009:1 -> of:000000000000000c:6,0.002,0.0025,0.002,0.002,1.96,2026-06-23T09:29:23,0.002,1.96
route_mutation,20260623T093021_328170,of:0000000000000004:1 -> of:000000000000000c:4,0.002,0.0025,0.002,0.002,2.3,2026-06-23T09:30:21,0.002,2.33
route_mutation,20260623T093021_328170,of:0000000000000005:1 -> of:000000000000000c:5,0.002,0.0025,0.002,0.002,2.3,2026-06-23T09:30:21,0.002,2.33
route_mutation,20260623T093021_328170,of:000000000000000a:1 -> of:000000000000000d:6,0.001,0.00125,0.001,0.001,1.46,2026-06-23T09:30:21,0.001,1.5
route_mutation,20260623T093021_328170,of:000000000000000b:3 -> of:000000000000000d:2,0.002,0.0025,0.002,0.002,1.76,2026-06-23T09:30:21,0.002,1.76
route_mutation,20260623T093021_328170,of:000000000000000c:3 -> of:000000000000000d:3,0.002,0.0025,0.002,0.002,1.76,2026-06-23T09:30:21,0.002,1.76
route_mutation,20260623T093021_328170,of:0000000000000005:2 -> of:0000000000000009:3,0.002,0.0025,0.002,0.002,1.63,2026-06-23T09:30:21,0.002,1.63
route_mutation,20260623T093021_328170,of:0000000000000001:1 -> of:000000000000000b:1,0.003,0.00375,0.003,0.003,2.86,2026-06-23T09:30:21,0.003,2.96
route_mutation,20260623T093021_328170,of:000000000000000b:2 -> of:000000000000000c:2,0.002,0.0025,0.002,0.002,1.73,2026-06-23T09:30:21,0.002,1.73
route_mutation,20260623T093021_328170,of:0000000000000001:2 -> of:000000000000000c:1,0.003,0.00375,0.003,0.003,3.13,2026-06-23T09:30:21,0.003,3.23
route_mutation,20260623T093021_328170,of:0000000000000006:2 -> of:000000000000000a:2,0.001,0.00125,0.001,0.001,1.56,2026-06-23T09:30:21,0.001,1.56
route_mutation,20260623T093021_328170,of:0000000000000001:3 -> of:000000000000000d:1,0.002,0.0025,0.002,0.002,1.86,2026-06-23T09:30:21,0.002,1.8
route_mutation,20260623T093021_328170,of:0000000000000003:1 -> of:000000000000000b:5,0.002,0.0025,0.002,0.002,2.53,2026-06-23T09:30:21,0.002,2.56
route_mutation,20260623T093021_328170,of:0000000000000006:1 -> of:000000000000000d:4,0.002,0.0025,0.002,0.002,1.66,2026-06-23T09:30:21,0.002,1.56
route_mutation,20260623T093021_328170,of:0000000000000007:2 -> of:000000000000000a:3,0.001,0.00125,0.001,0.001,1.6,2026-06-23T09:30:21,0.001,1.6
route_mutation,20260623T093021_328170,of:0000000000000007:1 -> of:000000000000000d:5,0.001,0.00125,0.001,0.001,1.46,2026-06-23T09:30:21,0.001,1.5
route_mutation,20260623T093021_328170,of:0000000000000002:2 -> of:0000000000000008:2,0.002,0.0025,0.002,0.002,1.63,2026-06-23T09:30:21,0.002,1.63
route_mutation,20260623T093021_328170,of:0000000000000003:2 -> of:0000000000000008:3,0.002,0.0025,0.002,0.002,1.63,2026-06-23T09:30:21,0.002,1.63
route_mutation,20260623T093021_328170,of:0000000000000008:1 -> of:000000000000000b:6,0.001,0.00125,0.001,0.001,1.46,2026-06-23T09:30:21,0.001,1.46
route_mutation,20260623T093021_328170,of:0000000000000004:2 -> of:0000000000000009:2,0.002,0.0025,0.002,0.002,1.63,2026-06-23T09:30:21,0.002,1.63
route_mutation,20260623T093021_328170,of:0000000000000002:1 -> of:000000000000000b:4,0.002,0.0025,0.002,0.002,2.1,2026-06-23T09:30:21,0.002,2.13
route_mutation,20260623T093021_328170,of:0000000000000009:1 -> of:000000000000000c:6,0.001,0.00125,0.001,0.001,1.46,2026-06-23T09:30:21,0.001,1.46
route_mutation,20260623T093051_653710,of:0000000000000004:1 -> of:000000000000000c:4,0.002,0.0025,0.002,0.002,2.13,2026-06-23T09:30:51,0.002,2.13
route_mutation,20260623T093051_653710,of:0000000000000005:1 -> of:000000000000000c:5,0.002,0.0025,0.002,0.002,2.13,2026-06-23T09:30:51,0.002,2.13
route_mutation,20260623T093051_653710,of:000000000000000a:1 -> of:000000000000000d:6,0.002,0.0025,0.002,0.002,2.13,2026-06-23T09:30:51,0.002,2.13
route_mutation,20260623T093051_653710,of:000000000000000b:3 -> of:000000000000000d:2,0.002,0.0025,0.002,0.002,2.93,2026-06-23T09:30:51,0.002,2.93
route_mutation,20260623T093051_653710,of:000000000000000c:3 -> of:000000000000000d:3,0.002,0.0025,0.002,0.002,2.93,2026-06-23T09:30:51,0.002,2.93
route_mutation,20260623T093051_653710,of:0000000000000005:2 -> of:0000000000000009:3,0.002,0.0025,0.002,0.002,3.06,2026-06-23T09:30:51,0.002,3.06
route_mutation,20260623T093051_653710,of:0000000000000001:1 -> of:000000000000000b:1,0.002,0.0025,0.002,0.002,2.06,2026-06-23T09:30:51,0.002,2.0
route_mutation,20260623T093051_653710,of:000000000000000b:2 -> of:000000000000000c:2,0.002,0.0025,0.002,0.002,2.93,2026-06-23T09:30:51,0.002,2.93
route_mutation,20260623T093051_653710,of:0000000000000001:2 -> of:000000000000000c:1,0.002,0.0025,0.002,0.002,2.06,2026-06-23T09:30:51,0.002,2.0
route_mutation,20260623T093051_653710,of:0000000000000006:2 -> of:000000000000000a:2,0.002,0.0025,0.002,0.002,3.06,2026-06-23T09:30:51,0.002,3.06
route_mutation,20260623T093051_653710,of:0000000000000001:3 -> of:000000000000000d:1,0.003,0.00375,0.003,0.003,4.39,2026-06-23T09:30:51,0.003,4.39
route_mutation,20260623T093051_653710,of:0000000000000003:1 -> of:000000000000000b:5,0.002,0.0025,0.002,0.002,2.13,2026-06-23T09:30:51,0.002,2.13
route_mutation,20260623T093051_653710,of:0000000000000006:1 -> of:000000000000000d:4,0.003,0.00375,0.003,0.003,3.2,2026-06-23T09:30:51,0.003,3.36
route_mutation,20260623T093051_653710,of:0000000000000007:2 -> of:000000000000000a:3,0.002,0.0025,0.002,0.002,3.06,2026-06-23T09:30:51,0.002,3.06
route_mutation,20260623T093051_653710,of:0000000000000007:1 -> of:000000000000000d:5,0.003,0.00375,0.003,0.003,3.4,2026-06-23T09:30:51,0.003,3.33
route_mutation,20260623T093051_653710,of:0000000000000002:2 -> of:0000000000000008:2,0.002,0.0025,0.002,0.002,3.06,2026-06-23T09:30:51,0.002,3.06
route_mutation,20260623T093051_653710,of:0000000000000003:2 -> of:0000000000000008:3,0.002,0.0025,0.002,0.002,3.06,2026-06-23T09:30:51,0.002,3.06
route_mutation,20260623T093051_653710,of:0000000000000008:1 -> of:000000000000000b:6,0.002,0.0025,0.002,0.002,2.13,2026-06-23T09:30:51,0.002,2.13
route_mutation,20260623T093051_653710,of:0000000000000004:2 -> of:0000000000000009:2,0.002,0.0025,0.002,0.002,3.06,2026-06-23T09:30:51,0.002,3.06
route_mutation,20260623T093051_653710,of:0000000000000002:1 -> of:000000000000000b:4,0.002,0.0025,0.002,0.002,2.13,2026-06-23T09:30:51,0.002,2.13
route_mutation,20260623T093051_653710,of:0000000000000009:1 -> of:000000000000000c:6,0.002,0.0025,0.002,0.002,2.13,2026-06-23T09:30:51,0.002,2.13
ip_shuffle,20260623T093121_978474,of:0000000000000004:1 -> of:000000000000000c:4,0.002,0.0025,0.002,0.002,1.4,2026-06-23T09:31:21,0.001,1.37
ip_shuffle,20260623T093121_978474,of:0000000000000005:1 -> of:000000000000000c:5,0.002,0.0025,0.002,0.002,1.4,2026-06-23T09:31:21,0.001,1.37
ip_shuffle,20260623T093121_978474,of:000000000000000a:1 -> of:000000000000000d:6,0.002,0.0025,0.002,0.002,1.37,2026-06-23T09:31:21,0.001,1.33
ip_shuffle,20260623T093121_978474,of:000000000000000b:3 -> of:000000000000000d:2,0.002,0.0025,0.002,0.002,1.37,2026-06-23T09:31:21,0.002,1.37
ip_shuffle,20260623T093121_978474,of:000000000000000c:3 -> of:000000000000000d:3,0.002,0.0025,0.002,0.002,1.37,2026-06-23T09:31:21,0.002,1.37
ip_shuffle,20260623T093121_978474,of:0000000000000005:2 -> of:0000000000000009:3,0.002,0.0025,0.002,0.002,1.43,2026-06-23T09:31:21,0.002,1.43
ip_shuffle,20260623T093121_978474,of:0000000000000001:1 -> of:000000000000000b:1,0.002,0.0025,0.002,0.002,1.46,2026-06-23T09:31:21,0.002,1.4
ip_shuffle,20260623T093121_978474,of:000000000000000b:2 -> of:000000000000000c:2,0.002,0.0025,0.002,0.002,1.4,2026-06-23T09:31:21,0.002,1.4
ip_shuffle,20260623T093121_978474,of:0000000000000001:2 -> of:000000000000000c:1,0.002,0.0025,0.002,0.001,1.37,2026-06-23T09:31:21,0.002,1.4
ip_shuffle,20260623T093121_978474,of:0000000000000006:2 -> of:000000000000000a:2,0.002,0.0025,0.002,0.002,1.43,2026-06-23T09:31:21,0.002,1.43
ip_shuffle,20260623T093121_978474,of:0000000000000001:3 -> of:000000000000000d:1,0.002,0.0025,0.002,0.002,1.4,2026-06-23T09:31:21,0.002,1.53
ip_shuffle,20260623T093121_978474,of:0000000000000003:1 -> of:000000000000000b:5,0.001,0.00125,0.001,0.001,1.33,2026-06-23T09:31:21,0.001,1.3
ip_shuffle,20260623T093121_978474,of:0000000000000006:1 -> of:000000000000000d:4,0.002,0.0025,0.002,0.002,1.4,2026-06-23T09:31:21,0.001,1.33
ip_shuffle,20260623T093121_978474,of:0000000000000007:2 -> of:000000000000000a:3,0.002,0.0025,0.002,0.002,1.4,2026-06-23T09:31:21,0.002,1.4
ip_shuffle,20260623T093121_978474,of:0000000000000007:1 -> of:000000000000000d:5,0.002,0.0025,0.002,0.002,1.5,2026-06-23T09:31:21,0.002,1.53
ip_shuffle,20260623T093121_978474,of:0000000000000002:2 -> of:0000000000000008:2,0.001,0.00125,0.001,0.001,1.37,2026-06-23T09:31:21,0.001,1.37
ip_shuffle,20260623T093121_978474,of:0000000000000003:2 -> of:0000000000000008:3,0.001,0.00125,0.001,0.001,1.37,2026-06-23T09:31:21,0.001,1.37
ip_shuffle,20260623T093121_978474,of:0000000000000008:1 -> of:000000000000000b:6,0.001,0.00125,0.001,0.001,1.37,2026-06-23T09:31:21,0.001,1.37
ip_shuffle,20260623T093121_978474,of:0000000000000004:2 -> of:0000000000000009:2,0.002,0.0025,0.002,0.002,1.43,2026-06-23T09:31:21,0.002,1.43
ip_shuffle,20260623T093121_978474,of:0000000000000002:1 -> of:000000000000000b:4,0.001,0.00125,0.001,0.001,1.33,2026-06-23T09:31:21,0.001,1.3
ip_shuffle,20260623T093121_978474,of:0000000000000009:1 -> of:000000000000000c:6,0.001,0.00125,0.001,0.001,1.37,2026-06-23T09:31:21,0.001,1.37
ip_shuffle,20260623T093226_295061,of:0000000000000004:1 -> of:000000000000000c:4,0.002,0.0025,0.002,0.002,2.0,2026-06-23T09:32:26,0.002,2.03
ip_shuffle,20260623T093226_295061,of:0000000000000005:1 -> of:000000000000000c:5,0.002,0.0025,0.002,0.002,2.56,2026-06-23T09:32:26,0.002,2.6
ip_shuffle,20260623T093226_295061,of:000000000000000a:1 -> of:000000000000000d:6,0.002,0.0025,0.002,0.002,1.96,2026-06-23T09:32:26,0.002,2.0
ip_shuffle,20260623T093226_295061,of:000000000000000b:3 -> of:000000000000000d:2,0.002,0.0025,0.002,0.002,2.76,2026-06-23T09:32:26,0.002,2.76
ip_shuffle,20260623T093226_295061,of:000000000000000c:3 -> of:000000000000000d:3,0.002,0.0025,0.002,0.002,2.76,2026-06-23T09:32:26,0.002,2.76
ip_shuffle,20260623T093226_295061,of:0000000000000005:2 -> of:0000000000000009:3,0.002,0.0025,0.002,0.002,2.83,2026-06-23T09:32:26,0.002,2.83
ip_shuffle,20260623T093226_295061,of:0000000000000001:1 -> of:000000000000000b:1,0.002,0.0025,0.002,0.002,1.96,2026-06-23T09:32:26,0.002,2.06
ip_shuffle,20260623T093226_295061,of:000000000000000b:2 -> of:000000000000000c:2,0.002,0.0025,0.002,0.002,2.73,2026-06-23T09:32:26,0.002,2.73
ip_shuffle,20260623T093226_295061,of:0000000000000001:2 -> of:000000000000000c:1,0.002,0.0025,0.002,0.002,2.3,2026-06-23T09:32:26,0.002,2.4
ip_shuffle,20260623T093226_295061,of:0000000000000006:2 -> of:000000000000000a:2,0.002,0.0025,0.002,0.002,2.76,2026-06-23T09:32:26,0.002,2.76
ip_shuffle,20260623T093226_295061,of:0000000000000001:3 -> of:000000000000000d:1,0.003,0.00375,0.003,0.003,4.1,2026-06-23T09:32:26,0.003,4.0
ip_shuffle,20260623T093226_295061,of:0000000000000003:1 -> of:000000000000000b:5,0.002,0.0025,0.002,0.002,2.0,2026-06-23T09:32:26,0.002,2.03
ip_shuffle,20260623T093226_295061,of:0000000000000006:1 -> of:000000000000000d:4,0.003,0.00375,0.003,0.003,3.3,2026-06-23T09:32:26,0.003,3.36
ip_shuffle,20260623T093226_295061,of:0000000000000007:2 -> of:000000000000000a:3,0.002,0.0025,0.002,0.002,2.8,2026-06-23T09:32:26,0.002,2.8
ip_shuffle,20260623T093226_295061,of:0000000000000007:1 -> of:000000000000000d:5,0.002,0.0025,0.002,0.002,2.8,2026-06-23T09:32:26,0.002,2.76
ip_shuffle,20260623T093226_295061,of:0000000000000002:2 -> of:0000000000000008:2,0.002,0.0025,0.002,0.002,2.83,2026-06-23T09:32:26,0.002,2.83
ip_shuffle,20260623T093226_295061,of:0000000000000003:2 -> of:0000000000000008:3,0.002,0.0025,0.002,0.002,2.83,2026-06-23T09:32:26,0.002,2.83
ip_shuffle,20260623T093226_295061,of:0000000000000008:1 -> of:000000000000000b:6,0.002,0.0025,0.002,0.002,2.03,2026-06-23T09:32:26,0.002,2.03
ip_shuffle,20260623T093226_295061,of:0000000000000004:2 -> of:0000000000000009:2,0.002,0.0025,0.002,0.002,2.83,2026-06-23T09:32:26,0.002,2.83
ip_shuffle,20260623T093226_295061,of:0000000000000002:1 -> of:000000000000000b:4,0.002,0.0025,0.002,0.002,2.0,2026-06-23T09:32:26,0.002,2.03
ip_shuffle,20260623T093226_295061,of:0000000000000009:1 -> of:000000000000000c:6,0.002,0.0025,0.002,0.002,2.03,2026-06-23T09:32:26,0.002,2.03
ip_shuffle,20260623T093323_928964,of:0000000000000004:1 -> of:000000000000000c:4,0.001,0.00125,0.001,0.001,1.43,2026-06-23T09:33:23,0.001,1.47
ip_shuffle,20260623T093323_928964,of:0000000000000005:1 -> of:000000000000000c:5,0.001,0.00125,0.001,0.001,1.43,2026-06-23T09:33:23,0.001,1.47
ip_shuffle,20260623T093323_928964,of:000000000000000a:1 -> of:000000000000000d:6,0.002,0.0025,0.002,0.002,1.53,2026-06-23T09:33:23,0.002,1.53
ip_shuffle,20260623T093323_928964,of:000000000000000b:3 -> of:000000000000000d:2,0.002,0.0025,0.002,0.002,1.73,2026-06-23T09:33:23,0.002,1.73
ip_shuffle,20260623T093323_928964,of:000000000000000c:3 -> of:000000000000000d:3,0.002,0.0025,0.002,0.002,1.73,2026-06-23T09:33:23,0.002,1.73
ip_shuffle,20260623T093323_928964,of:0000000000000005:2 -> of:0000000000000009:3,0.002,0.0025,0.002,0.002,1.63,2026-06-23T09:33:23,0.002,1.63
ip_shuffle,20260623T093323_928964,of:0000000000000001:1 -> of:000000000000000b:1,0.003,0.00375,0.003,0.003,3.5,2026-06-23T09:33:23,0.003,3.46
ip_shuffle,20260623T093323_928964,of:000000000000000b:2 -> of:000000000000000c:2,0.002,0.0025,0.002,0.002,1.73,2026-06-23T09:33:23,0.002,1.73
ip_shuffle,20260623T093323_928964,of:0000000000000001:2 -> of:000000000000000c:1,0.002,0.0025,0.002,0.002,1.53,2026-06-23T09:33:23,0.002,1.53
ip_shuffle,20260623T093323_928964,of:0000000000000006:2 -> of:000000000000000a:2,0.002,0.0025,0.002,0.002,1.63,2026-06-23T09:33:23,0.002,1.63
ip_shuffle,20260623T093323_928964,of:0000000000000001:3 -> of:000000000000000d:1,0.002,0.0025,0.002,0.002,1.53,2026-06-23T09:33:23,0.002,1.53
ip_shuffle,20260623T093323_928964,of:0000000000000003:1 -> of:000000000000000b:5,0.002,0.0025,0.002,0.002,2.43,2026-06-23T09:33:23,0.002,2.36
ip_shuffle,20260623T093323_928964,of:0000000000000006:1 -> of:000000000000000d:4,0.002,0.0025,0.002,0.002,1.5,2026-06-23T09:33:23,0.002,1.53
ip_shuffle,20260623T093323_928964,of:0000000000000007:2 -> of:000000000000000a:3,0.002,0.0025,0.002,0.002,1.63,2026-06-23T09:33:23,0.002,1.63
ip_shuffle,20260623T093323_928964,of:0000000000000007:1 -> of:000000000000000d:5,0.001,0.00125,0.001,0.001,1.43,2026-06-23T09:33:23,0.001,1.47
ip_shuffle,20260623T093323_928964,of:0000000000000002:2 -> of:0000000000000008:2,0.002,0.0025,0.002,0.002,1.63,2026-06-23T09:33:23,0.002,1.63
ip_shuffle,20260623T093323_928964,of:0000000000000003:2 -> of:0000000000000008:3,0.002,0.0025,0.002,0.002,1.63,2026-06-23T09:33:23,0.002,1.63
ip_shuffle,20260623T093323_928964,of:0000000000000008:1 -> of:000000000000000b:6,0.001,0.00125,0.001,0.001,1.47,2026-06-23T09:33:23,0.001,1.47
ip_shuffle,20260623T093323_928964,of:0000000000000004:2 -> of:0000000000000009:2,0.002,0.0025,0.002,0.002,1.63,2026-06-23T09:33:23,0.002,1.63
ip_shuffle,20260623T093323_928964,of:0000000000000002:1 -> of:000000000000000b:4,0.002,0.0025,0.002,0.002,2.53,2026-06-23T09:33:23,0.002,2.56
ip_shuffle,20260623T093323_928964,of:0000000000000009:1 -> of:000000000000000c:6,0.002,0.0025,0.002,0.002,1.53,2026-06-23T09:33:23,0.002,1.53
ip_shuffle,20260623T093421_709243,of:0000000000000004:1 -> of:000000000000000c:4,0.002,0.0025,0.002,0.002,2.23,2026-06-23T09:34:21,0.002,2.2
ip_shuffle,20260623T093421_709243,of:0000000000000005:1 -> of:000000000000000c:5,0.002,0.0025,0.002,0.002,2.2,2026-06-23T09:34:21,0.002,2.16
ip_shuffle,20260623T093421_709243,of:000000000000000a:1 -> of:000000000000000d:6,0.002,0.0025,0.002,0.002,2.2,2026-06-23T09:34:21,0.002,2.2
ip_shuffle,20260623T093421_709243,of:000000000000000b:3 -> of:000000000000000d:2,0.002,0.0025,0.002,0.002,3.03,2026-06-23T09:34:21,0.002,3.03
ip_shuffle,20260623T093421_709243,of:000000000000000c:3 -> of:000000000000000d:3,0.002,0.0025,0.002,0.002,3.0,2026-06-23T09:34:21,0.002,3.0
ip_shuffle,20260623T093421_709243,of:0000000000000005:2 -> of:0000000000000009:3,0.002,0.0025,0.002,0.002,3.03,2026-06-23T09:34:21,0.002,3.03
ip_shuffle,20260623T093421_709243,of:0000000000000001:1 -> of:000000000000000b:1,0.002,0.0025,0.002,0.002,2.16,2026-06-23T09:34:21,0.002,2.1
ip_shuffle,20260623T093421_709243,of:000000000000000b:2 -> of:000000000000000c:2,0.002,0.0025,0.002,0.002,3.0,2026-06-23T09:34:21,0.002,3.0
ip_shuffle,20260623T093421_709243,of:0000000000000001:2 -> of:000000000000000c:1,0.002,0.0025,0.002,0.002,2.16,2026-06-23T09:34:21,0.002,2.1
ip_shuffle,20260623T093421_709243,of:0000000000000006:2 -> of:000000000000000a:2,0.002,0.0025,0.002,0.002,3.03,2026-06-23T09:34:21,0.002,3.03
ip_shuffle,20260623T093421_709243,of:0000000000000001:3 -> of:000000000000000d:1,0.003,0.00375,0.003,0.003,4.03,2026-06-23T09:34:21,0.003,4.13
ip_shuffle,20260623T093421_709243,of:0000000000000003:1 -> of:000000000000000b:5,0.002,0.0025,0.002,0.002,2.3,2026-06-23T09:34:21,0.002,2.23
ip_shuffle,20260623T093421_709243,of:0000000000000006:1 -> of:000000000000000d:4,0.002,0.0025,0.002,0.002,3.0,2026-06-23T09:34:21,0.002,3.03
ip_shuffle,20260623T093421_709243,of:0000000000000007:2 -> of:000000000000000a:3,0.002,0.0025,0.002,0.002,3.03,2026-06-23T09:34:21,0.002,3.03
ip_shuffle,20260623T093421_709243,of:0000000000000007:1 -> of:000000000000000d:5,0.003,0.00375,0.003,0.003,3.46,2026-06-23T09:34:21,0.003,3.43
ip_shuffle,20260623T093421_709243,of:0000000000000002:2 -> of:0000000000000008:2,0.002,0.0025,0.002,0.002,3.16,2026-06-23T09:34:21,0.002,3.16
ip_shuffle,20260623T093421_709243,of:0000000000000003:2 -> of:0000000000000008:3,0.002,0.0025,0.002,0.002,3.16,2026-06-23T09:34:21,0.002,3.16
ip_shuffle,20260623T093421_709243,of:0000000000000008:1 -> of:000000000000000b:6,0.002,0.0025,0.002,0.002,2.2,2026-06-23T09:34:21,0.002,2.16
ip_shuffle,20260623T093421_709243,of:0000000000000004:2 -> of:0000000000000009:2,0.002,0.0025,0.002,0.002,3.03,2026-06-23T09:34:21,0.002,3.03
ip_shuffle,20260623T093421_709243,of:0000000000000002:1 -> of:000000000000000b:4,0.002,0.0025,0.002,0.002,2.3,2026-06-23T09:34:21,0.002,2.23
ip_shuffle,20260623T093421_709243,of:0000000000000009:1 -> of:000000000000000c:6,0.002,0.0025,0.002,0.002,2.16,2026-06-23T09:34:21,0.002,2.16
ip_shuffle,20260623T093525_841727,of:0000000000000004:1 -> of:000000000000000c:4,0.002,0.0025,0.002,0.002,2.23,2026-06-23T09:35:25,0.002,2.2
ip_shuffle,20260623T093525_841727,of:0000000000000005:1 -> of:000000000000000c:5,0.002,0.0025,0.002,0.002,1.96,2026-06-23T09:35:25,0.002,1.93
ip_shuffle,20260623T093525_841727,of:000000000000000a:1 -> of:000000000000000d:6,0.001,0.00125,0.001,0.001,1.4,2026-06-23T09:35:25,0.001,1.4
ip_shuffle,20260623T093525_841727,of:000000000000000b:3 -> of:000000000000000d:2,0.002,0.0025,0.002,0.002,1.53,2026-06-23T09:35:25,0.002,1.53
ip_shuffle,20260623T093525_841727,of:000000000000000c:3 -> of:000000000000000d:3,0.002,0.0025,0.002,0.002,1.53,2026-06-23T09:35:25,0.002,1.53
ip_shuffle,20260623T093525_841727,of:0000000000000005:2 -> of:0000000000000009:3,0.002,0.0025,0.002,0.002,1.56,2026-06-23T09:35:25,0.002,1.56
ip_shuffle,20260623T093525_841727,of:0000000000000001:1 -> of:000000000000000b:1,0.003,0.00375,0.003,0.003,3.06,2026-06-23T09:35:25,0.003,3.23
ip_shuffle,20260623T093525_841727,of:000000000000000b:2 -> of:000000000000000c:2,0.001,0.00125,0.001,0.001,1.46,2026-06-23T09:35:25,0.001,1.46
ip_shuffle,20260623T093525_841727,of:0000000000000001:2 -> of:000000000000000c:1,0.003,0.00375,0.003,0.003,2.83,2026-06-23T09:35:25,0.003,2.86
ip_shuffle,20260623T093525_841727,of:0000000000000006:2 -> of:000000000000000a:2,0.002,0.0025,0.002,0.002,1.56,2026-06-23T09:35:25,0.002,1.56
ip_shuffle,20260623T093525_841727,of:0000000000000001:3 -> of:000000000000000d:1,0.002,0.0025,0.002,0.002,1.5,2026-06-23T09:35:25,0.001,1.43
ip_shuffle,20260623T093525_841727,of:0000000000000003:1 -> of:000000000000000b:5,0.002,0.0025,0.002,0.002,2.43,2026-06-23T09:35:25,0.002,2.4
ip_shuffle,20260623T093525_841727,of:0000000000000006:1 -> of:000000000000000d:4,0.002,0.0025,0.002,0.002,1.5,2026-06-23T09:35:25,0.002,1.46
ip_shuffle,20260623T093525_841727,of:0000000000000007:2 -> of:000000000000000a:3,0.002,0.0025,0.002,0.002,1.56,2026-06-23T09:35:25,0.002,1.56
ip_shuffle,20260623T093525_841727,of:0000000000000007:1 -> of:000000000000000d:5,0.002,0.0025,0.002,0.002,1.5,2026-06-23T09:35:25,0.002,1.46
ip_shuffle,20260623T093525_841727,of:0000000000000002:2 -> of:0000000000000008:2,0.002,0.0025,0.002,0.002,1.6,2026-06-23T09:35:25,0.002,1.6
ip_shuffle,20260623T093525_841727,of:0000000000000003:2 -> of:0000000000000008:3,0.002,0.0025,0.002,0.002,1.6,2026-06-23T09:35:25,0.002,1.6
ip_shuffle,20260623T093525_841727,of:0000000000000008:1 -> of:000000000000000b:6,0.001,0.00125,0.001,0.001,1.43,2026-06-23T09:35:25,0.001,1.4
ip_shuffle,20260623T093525_841727,of:0000000000000004:2 -> of:0000000000000009:2,0.002,0.0025,0.002,0.002,1.56,2026-06-23T09:35:25,0.002,1.56
ip_shuffle,20260623T093525_841727,of:0000000000000002:1 -> of:000000000000000b:4,0.002,0.0025,0.002,0.002,2.16,2026-06-23T09:35:25,0.002,2.0
ip_shuffle,20260623T093525_841727,of:0000000000000009:1 -> of:000000000000000c:6,0.001,0.00125,0.001,0.001,1.33,2026-06-23T09:35:25,0.001,1.33
ip_shuffle,20260623T093623_618531,of:0000000000000004:1 -> of:000000000000000c:4,0.002,0.0025,0.002,0.002,1.66,2026-06-23T09:36:23,0.002,1.66
ip_shuffle,20260623T093623_618531,of:0000000000000005:1 -> of:000000000000000c:5,0.002,0.0025,0.002,0.002,1.66,2026-06-23T09:36:23,0.002,1.66
ip_shuffle,20260623T093623_618531,of:000000000000000a:1 -> of:000000000000000d:6,0.002,0.0025,0.002,0.002,1.73,2026-06-23T09:36:23,0.002,1.73
ip_shuffle,20260623T093623_618531,of:000000000000000b:3 -> of:000000000000000d:2,0.002,0.0025,0.002,0.002,2.13,2026-06-23T09:36:23,0.002,2.13
ip_shuffle,20260623T093623_618531,of:000000000000000c:3 -> of:000000000000000d:3,0.002,0.0025,0.002,0.002,2.13,2026-06-23T09:36:23,0.002,2.13
ip_shuffle,20260623T093623_618531,of:0000000000000005:2 -> of:0000000000000009:3,0.002,0.0025,0.002,0.002,2.06,2026-06-23T09:36:23,0.002,2.06
ip_shuffle,20260623T093623_618531,of:0000000000000001:1 -> of:000000000000000b:1,0.002,0.0025,0.002,0.002,1.73,2026-06-23T09:36:23,0.002,1.73
ip_shuffle,20260623T093623_618531,of:000000000000000b:2 -> of:000000000000000c:2,0.002,0.0025,0.002,0.002,2.13,2026-06-23T09:36:23,0.002,2.13
ip_shuffle,20260623T093623_618531,of:0000000000000001:2 -> of:000000000000000c:1,0.002,0.0025,0.002,0.002,1.73,2026-06-23T09:36:23,0.002,1.73
ip_shuffle,20260623T093623_618531,of:0000000000000006:2 -> of:000000000000000a:2,0.002,0.0025,0.002,0.002,2.06,2026-06-23T09:36:23,0.002,2.06
ip_shuffle,20260623T093623_618531,of:0000000000000001:3 -> of:000000000000000d:1,0.002,0.0025,0.002,0.002,2.66,2026-06-23T09:36:23,0.002,2.66
ip_shuffle,20260623T093623_618531,of:0000000000000003:1 -> of:000000000000000b:5,0.002,0.0025,0.002,0.002,1.7,2026-06-23T09:36:23,0.002,1.73
ip_shuffle,20260623T093623_618531,of:0000000000000006:1 -> of:000000000000000d:4,0.002,0.0025,0.002,0.002,1.66,2026-06-23T09:36:23,0.002,1.66
ip_shuffle,20260623T093623_618531,of:0000000000000007:2 -> of:000000000000000a:3,0.002,0.0025,0.002,0.002,2.06,2026-06-23T09:36:23,0.002,2.06
ip_shuffle,20260623T093623_618531,of:0000000000000007:1 -> of:000000000000000d:5,0.002,0.0025,0.002,0.002,2.59,2026-06-23T09:36:23,0.002,2.59
ip_shuffle,20260623T093623_618531,of:0000000000000002:2 -> of:0000000000000008:2,0.002,0.0025,0.002,0.002,2.09,2026-06-23T09:36:23,0.002,2.09
ip_shuffle,20260623T093623_618531,of:0000000000000003:2 -> of:0000000000000008:3,0.002,0.0025,0.002,0.002,2.09,2026-06-23T09:36:23,0.002,2.09
ip_shuffle,20260623T093623_618531,of:0000000000000008:1 -> of:000000000000000b:6,0.002,0.0025,0.002,0.002,1.73,2026-06-23T09:36:23,0.002,1.73
ip_shuffle,20260623T093623_618531,of:0000000000000004:2 -> of:0000000000000009:2,0.002,0.0025,0.002,0.002,2.06,2026-06-23T09:36:23,0.002,2.06
ip_shuffle,20260623T093623_618531,of:0000000000000002:1 -> of:000000000000000b:4,0.002,0.0025,0.002,0.002,1.7,2026-06-23T09:36:23,0.002,1.73
ip_shuffle,20260623T093623_618531,of:0000000000000009:1 -> of:000000000000000c:6,0.002,0.0025,0.002,0.002,1.73,2026-06-23T09:36:23,0.002,1.73
route_mutation,20260623T093727_902533,of:0000000000000004:1 -> of:000000000000000c:4,0.002,0.0025,0.002,0.002,2.53,2026-06-23T09:37:27,0.002,2.53
route_mutation,20260623T093727_902533,of:0000000000000005:1 -> of:000000000000000c:5,0.002,0.0025,0.002,0.002,2.53,2026-06-23T09:37:27,0.002,2.53
route_mutation,20260623T093727_902533,of:000000000000000a:1 -> of:000000000000000d:6,0.002,0.0025,0.002,0.002,1.66,2026-06-23T09:37:27,0.002,1.7
route_mutation,20260623T093727_902533,of:000000000000000b:3 -> of:000000000000000d:2,0.002,0.0025,0.002,0.002,2.1,2026-06-23T09:37:27,0.002,2.1
route_mutation,20260623T093727_902533,of:000000000000000c:3 -> of:000000000000000d:3,0.002,0.0025,0.002,0.002,2.1,2026-06-23T09:37:27,0.002,2.1
route_mutation,20260623T093727_902533,of:0000000000000005:2 -> of:0000000000000009:3,0.002,0.0025,0.002,0.002,2.13,2026-06-23T09:37:27,0.002,2.13
route_mutation,20260623T093727_902533,of:0000000000000001:1 -> of:000000000000000b:1,0.002,0.0025,0.002,0.002,2.1,2026-06-23T09:37:27,0.002,2.2
route_mutation,20260623T093727_902533,of:000000000000000b:2 -> of:000000000000000c:2,0.002,0.0025,0.002,0.002,2.13,2026-06-23T09:37:27,0.002,2.13
route_mutation,20260623T093727_902533,of:0000000000000001:2 -> of:000000000000000c:1,0.003,0.00375,0.003,0.003,3.33,2026-06-23T09:37:27,0.003,3.4
route_mutation,20260623T093727_902533,of:0000000000000006:2 -> of:000000000000000a:2,0.002,0.0025,0.002,0.002,2.13,2026-06-23T09:37:27,0.002,2.13
route_mutation,20260623T093727_902533,of:0000000000000001:3 -> of:000000000000000d:1,0.002,0.0025,0.002,0.002,2.8,2026-06-23T09:37:27,0.002,2.7
route_mutation,20260623T093727_902533,of:0000000000000003:1 -> of:000000000000000b:5,0.002,0.0025,0.002,0.002,2.2,2026-06-23T09:37:27,0.002,2.1
route_mutation,20260623T093727_902533,of:0000000000000006:1 -> of:000000000000000d:4,0.002,0.0025,0.002,0.002,2.73,2026-06-23T09:37:27,0.002,2.66
route_mutation,20260623T093727_902533,of:0000000000000007:2 -> of:000000000000000a:3,0.002,0.0025,0.002,0.002,2.13,2026-06-23T09:37:27,0.002,2.13
route_mutation,20260623T093727_902533,of:0000000000000007:1 -> of:000000000000000d:5,0.002,0.0025,0.002,0.002,1.66,2026-06-23T09:37:27,0.002,1.7
route_mutation,20260623T093727_902533,of:0000000000000002:2 -> of:0000000000000008:2,0.002,0.0025,0.002,0.002,2.2,2026-06-23T09:37:27,0.002,2.2
route_mutation,20260623T093727_902533,of:0000000000000003:2 -> of:0000000000000008:3,0.002,0.0025,0.002,0.002,2.2,2026-06-23T09:37:27,0.002,2.2
route_mutation,20260623T093727_902533,of:0000000000000008:1 -> of:000000000000000b:6,0.002,0.0025,0.002,0.002,1.73,2026-06-23T09:37:27,0.002,1.73
route_mutation,20260623T093727_902533,of:0000000000000004:2 -> of:0000000000000009:2,0.002,0.0025,0.002,0.002,2.13,2026-06-23T09:37:27,0.002,2.13
route_mutation,20260623T093727_902533,of:0000000000000002:1 -> of:000000000000000b:4,0.002,0.0025,0.002,0.002,1.8,2026-06-23T09:37:27,0.002,1.73
route_mutation,20260623T093727_902533,of:0000000000000009:1 -> of:000000000000000c:6,0.002,0.0025,0.002,0.002,1.73,2026-06-23T09:37:27,0.002,1.73
route_mutation,20260623T093758_096811,of:0000000000000004:1 -> of:000000000000000c:4,0.002,0.0025,0.002,0.002,2.06,2026-06-23T09:37:58,0.002,2.06
route_mutation,20260623T093758_096811,of:0000000000000005:1 -> of:000000000000000c:5,0.002,0.0025,0.002,0.002,2.06,2026-06-23T09:37:58,0.002,2.06
route_mutation,20260623T093758_096811,of:000000000000000a:1 -> of:000000000000000d:6,0.002,0.0025,0.002,0.002,2.13,2026-06-23T09:37:58,0.002,2.1
route_mutation,20260623T093758_096811,of:000000000000000b:3 -> of:000000000000000d:2,0.002,0.0025,0.002,0.002,2.9,2026-06-23T09:37:58,0.002,2.9
route_mutation,20260623T093758_096811,of:000000000000000c:3 -> of:000000000000000d:3,0.002,0.0025,0.002,0.002,2.9,2026-06-23T09:37:58,0.002,2.9
route_mutation,20260623T093758_096811,of:0000000000000005:2 -> of:0000000000000009:3,0.002,0.0025,0.002,0.002,2.86,2026-06-23T09:37:58,0.002,2.86
route_mutation,20260623T093758_096811,of:0000000000000001:1 -> of:000000000000000b:1,0.002,0.0025,0.002,0.002,2.13,2026-06-23T09:37:58,0.002,2.03
route_mutation,20260623T093758_096811,of:000000000000000b:2 -> of:000000000000000c:2,0.002,0.0025,0.002,0.002,2.93,2026-06-23T09:37:58,0.002,2.93
route_mutation,20260623T093758_096811,of:0000000000000001:2 -> of:000000000000000c:1,0.002,0.0025,0.002,0.002,2.13,2026-06-23T09:37:58,0.002,2.03
route_mutation,20260623T093758_096811,of:0000000000000006:2 -> of:000000000000000a:2,0.002,0.0025,0.002,0.002,2.86,2026-06-23T09:37:58,0.002,2.86
route_mutation,20260623T093758_096811,of:0000000000000001:3 -> of:000000000000000d:1,0.003,0.00375,0.003,0.003,3.83,2026-06-23T09:37:58,0.003,3.9
route_mutation,20260623T093758_096811,of:0000000000000003:1 -> of:000000000000000b:5,0.002,0.0025,0.002,0.002,2.03,2026-06-23T09:37:58,0.002,2.13
route_mutation,20260623T093758_096811,of:0000000000000006:1 -> of:000000000000000d:4,0.002,0.0025,0.002,0.002,2.6,2026-06-23T09:37:58,0.002,2.66
route_mutation,20260623T093758_096811,of:0000000000000007:2 -> of:000000000000000a:3,0.002,0.0025,0.002,0.002,2.86,2026-06-23T09:37:58,0.002,2.86
route_mutation,20260623T093758_096811,of:0000000000000007:1 -> of:000000000000000d:5,0.003,0.00375,0.003,0.003,3.43,2026-06-23T09:37:58,0.003,3.43
route_mutation,20260623T093758_096811,of:0000000000000002:2 -> of:0000000000000008:2,0.002,0.0025,0.002,0.002,2.83,2026-06-23T09:37:58,0.002,2.83
route_mutation,20260623T093758_096811,of:0000000000000003:2 -> of:0000000000000008:3,0.002,0.0025,0.002,0.002,2.83,2026-06-23T09:37:58,0.002,2.83
route_mutation,20260623T093758_096811,of:0000000000000008:1 -> of:000000000000000b:6,0.002,0.0025,0.002,0.002,2.13,2026-06-23T09:37:58,0.002,2.13
route_mutation,20260623T093758_096811,of:0000000000000004:2 -> of:0000000000000009:2,0.002,0.0025,0.002,0.002,2.86,2026-06-23T09:37:58,0.002,2.86
route_mutation,20260623T093758_096811,of:0000000000000002:1 -> of:000000000000000b:4,0.002,0.0025,0.002,0.002,2.03,2026-06-23T09:37:58,0.002,2.13
route_mutation,20260623T093758_096811,of:0000000000000009:1 -> of:000000000000000c:6,0.002,0.0025,0.002,0.002,2.13,2026-06-23T09:37:58,0.002,2.13
route_mutation,20260623T093828_413222,of:0000000000000004:1 -> of:000000000000000c:4,0.001,0.00125,0.001,0.001,1.37,2026-06-23T09:38:28,0.001,1.37
route_mutation,20260623T093828_413222,of:0000000000000005:1 -> of:000000000000000c:5,0.001,0.00125,0.001,0.001,1.37,2026-06-23T09:38:28,0.001,1.37
route_mutation,20260623T093828_413222,of:000000000000000a:1 -> of:000000000000000d:6,0.001,0.00125,0.001,0.001,1.37,2026-06-23T09:38:28,0.001,1.37
route_mutation,20260623T093828_413222,of:000000000000000b:3 -> of:000000000000000d:2,0.001,0.00125,0.001,0.001,1.47,2026-06-23T09:38:28,0.001,1.47
route_mutation,20260623T093828_413222,of:000000000000000c:3 -> of:000000000000000d:3,0.001,0.00125,0.001,0.001,1.47,2026-06-23T09:38:28,0.001,1.47
route_mutation,20260623T093828_413222,of:0000000000000005:2 -> of:0000000000000009:3,0.001,0.00125,0.001,0.001,1.47,2026-06-23T09:38:28,0.001,1.47
route_mutation,20260623T093828_413222,of:0000000000000001:1 -> of:000000000000000b:1,0.002,0.0025,0.002,0.002,1.76,2026-06-23T09:38:28,0.002,1.76
route_mutation,20260623T093828_413222,of:000000000000000b:2 -> of:000000000000000c:2,0.001,0.00125,0.001,0.001,1.4,2026-06-23T09:38:28,0.001,1.4
route_mutation,20260623T093828_413222,of:0000000000000001:2 -> of:000000000000000c:1,0.001,0.00125,0.001,0.001,1.3,2026-06-23T09:38:28,0.001,1.3
route_mutation,20260623T093828_413222,of:0000000000000006:2 -> of:000000000000000a:2,0.001,0.00125,0.001,0.001,1.47,2026-06-23T09:38:28,0.001,1.47
route_mutation,20260623T093828_413222,of:0000000000000001:3 -> of:000000000000000d:1,0.001,0.00125,0.001,0.001,1.37,2026-06-23T09:38:28,0.001,1.37
route_mutation,20260623T093828_413222,of:0000000000000003:1 -> of:000000000000000b:5,0.001,0.00125,0.001,0.001,1.3,2026-06-23T09:38:28,0.001,1.3
route_mutation,20260623T093828_413222,of:0000000000000006:1 -> of:000000000000000d:4,0.002,0.0025,0.002,0.002,1.43,2026-06-23T09:38:28,0.002,1.43
route_mutation,20260623T093828_413222,of:0000000000000007:2 -> of:000000000000000a:3,0.001,0.00125,0.001,0.001,1.47,2026-06-23T09:38:28,0.001,1.47
route_mutation,20260623T093828_413222,of:0000000000000007:1 -> of:000000000000000d:5,0.002,0.0025,0.002,0.002,1.47,2026-06-23T09:38:28,0.002,1.43
route_mutation,20260623T093828_413222,of:0000000000000002:2 -> of:0000000000000008:2,0.001,0.00125,0.001,0.001,1.4,2026-06-23T09:38:28,0.001,1.4
route_mutation,20260623T093828_413222,of:0000000000000003:2 -> of:0000000000000008:3,0.001,0.00125,0.001,0.001,1.4,2026-06-23T09:38:28,0.001,1.4
route_mutation,20260623T093828_413222,of:0000000000000008:1 -> of:000000000000000b:6,0.001,0.00125,0.001,0.001,1.3,2026-06-23T09:38:28,0.001,1.3
route_mutation,20260623T093828_413222,of:0000000000000004:2 -> of:0000000000000009:2,0.001,0.00125,0.001,0.001,1.47,2026-06-23T09:38:28,0.001,1.47
route_mutation,20260623T093828_413222,of:0000000000000002:1 -> of:000000000000000b:4,0.002,0.0025,0.002,0.002,1.76,2026-06-23T09:38:28,0.002,1.76
route_mutation,20260623T093828_413222,of:0000000000000009:1 -> of:000000000000000c:6,0.001,0.00125,0.001,0.001,1.3,2026-06-23T09:38:28,0.001,1.3
ip_shuffle,20260623T093858_723554,of:0000000000000004:1 -> of:000000000000000c:4,0.002,0.0025,0.002,0.002,2.23,2026-06-23T09:38:58,0.002,2.26
ip_shuffle,20260623T093858_723554,of:0000000000000005:1 -> of:000000000000000c:5,0.002,0.0025,0.002,0.002,2.2,2026-06-23T09:38:58,0.002,2.23
ip_shuffle,20260623T093858_723554,of:000000000000000a:1 -> of:000000000000000d:6,0.001,0.00125,0.001,0.001,1.4,2026-06-23T09:38:58,0.001,1.43
ip_shuffle,20260623T093858_723554,of:000000000000000b:3 -> of:000000000000000d:2,0.002,0.0025,0.002,0.002,1.56,2026-06-23T09:38:58,0.002,1.56
ip_shuffle,20260623T093858_723554,of:000000000000000c:3 -> of:000000000000000d:3,0.002,0.0025,0.002,0.002,1.63,2026-06-23T09:38:58,0.002,1.63
ip_shuffle,20260623T093858_723554,of:0000000000000005:2 -> of:0000000000000009:3,0.002,0.0025,0.002,0.002,1.56,2026-06-23T09:38:58,0.002,1.56
ip_shuffle,20260623T093858_723554,of:0000000000000001:1 -> of:000000000000000b:1,0.003,0.00375,0.003,0.003,3.06,2026-06-23T09:38:58,0.003,3.13
ip_shuffle,20260623T093858_723554,of:000000000000000b:2 -> of:000000000000000c:2,0.002,0.0025,0.002,0.002,1.6,2026-06-23T09:38:58,0.002,1.6
ip_shuffle,20260623T093858_723554,of:0000000000000001:2 -> of:000000000000000c:1,0.003,0.00375,0.003,0.003,3.06,2026-06-23T09:38:58,0.003,3.13
ip_shuffle,20260623T093858_723554,of:0000000000000006:2 -> of:000000000000000a:2,0.002,0.0025,0.002,0.002,1.56,2026-06-23T09:38:58,0.002,1.56
ip_shuffle,20260623T093858_723554,of:0000000000000001:3 -> of:000000000000000d:1,0.002,0.0025,0.002,0.002,1.6,2026-06-23T09:38:58,0.002,1.53
ip_shuffle,20260623T093858_723554,of:0000000000000003:1 -> of:000000000000000b:5,0.002,0.0025,0.002,0.002,2.56,2026-06-23T09:38:58,0.002,2.5
ip_shuffle,20260623T093858_723554,of:0000000000000006:1 -> of:000000000000000d:4,0.002,0.0025,0.002,0.002,1.47,2026-06-23T09:38:58,0.001,1.43
ip_shuffle,20260623T093858_723554,of:0000000000000007:2 -> of:000000000000000a:3,0.002,0.0025,0.002,0.002,1.56,2026-06-23T09:38:58,0.002,1.56
ip_shuffle,20260623T093858_723554,of:0000000000000007:1 -> of:000000000000000d:5,0.001,0.00125,0.001,0.001,1.37,2026-06-23T09:38:58,0.001,1.43
ip_shuffle,20260623T093858_723554,of:0000000000000002:2 -> of:0000000000000008:2,0.002,0.0025,0.002,0.002,1.7,2026-06-23T09:38:58,0.002,1.7
ip_shuffle,20260623T093858_723554,of:0000000000000003:2 -> of:0000000000000008:3,0.002,0.0025,0.002,0.002,1.7,2026-06-23T09:38:58,0.002,1.7
ip_shuffle,20260623T093858_723554,of:0000000000000008:1 -> of:000000000000000b:6,0.002,0.0025,0.002,0.002,1.47,2026-06-23T09:38:58,0.002,1.47
ip_shuffle,20260623T093858_723554,of:0000000000000004:2 -> of:0000000000000009:2,0.002,0.0025,0.002,0.002,1.56,2026-06-23T09:38:58,0.002,1.56
ip_shuffle,20260623T093858_723554,of:0000000000000002:1 -> of:000000000000000b:4,0.002,0.0025,0.002,0.002,2.1,2026-06-23T09:38:58,0.002,2.03
ip_shuffle,20260623T093858_723554,of:0000000000000009:1 -> of:000000000000000c:6,0.002,0.0025,0.002,0.002,1.47,2026-06-23T09:38:58,0.002,1.47
route_mutation,20260623T093956_322008,of:0000000000000004:1 -> of:000000000000000c:4,0.002,0.0025,0.002,0.002,1.7,2026-06-23T09:39:56,0.002,1.67
route_mutation,20260623T093956_322008,of:0000000000000005:1 -> of:000000000000000c:5,0.002,0.0025,0.002,0.002,1.7,2026-06-23T09:39:56,0.002,1.67
route_mutation,20260623T093956_322008,of:000000000000000a:1 -> of:000000000000000d:6,0.002,0.0025,0.002,0.002,1.67,2026-06-23T09:39:56,0.002,1.67
route_mutation,20260623T093956_322008,of:000000000000000b:3 -> of:000000000000000d:2,0.002,0.0025,0.002,0.002,2.06,2026-06-23T09:39:56,0.002,2.06
route_mutation,20260623T093956_322008,of:000000000000000c:3 -> of:000000000000000d:3,0.002,0.0025,0.002,0.002,2.06,2026-06-23T09:39:56,0.002,2.06
route_mutation,20260623T093956_322008,of:0000000000000005:2 -> of:0000000000000009:3,0.002,0.0025,0.002,0.002,2.1,2026-06-23T09:39:56,0.002,2.1
route_mutation,20260623T093956_322008,of:0000000000000001:1 -> of:000000000000000b:1,0.001,0.00125,0.001,0.001,1.6,2026-06-23T09:39:56,0.001,1.5
route_mutation,20260623T093956_322008,of:000000000000000b:2 -> of:000000000000000c:2,0.002,0.0025,0.002,0.002,2.0,2026-06-23T09:39:56,0.002,2.0
route_mutation,20260623T093956_322008,of:0000000000000001:2 -> of:000000000000000c:1,0.001,0.00125,0.001,0.001,1.6,2026-06-23T09:39:56,0.001,1.5
route_mutation,20260623T093956_322008,of:0000000000000006:2 -> of:000000000000000a:2,0.002,0.0025,0.002,0.002,2.1,2026-06-23T09:39:56,0.002,2.1
route_mutation,20260623T093956_322008,of:0000000000000001:3 -> of:000000000000000d:1,0.002,0.0025,0.002,0.002,2.66,2026-06-23T09:39:56,0.002,2.76
route_mutation,20260623T093956_322008,of:0000000000000003:1 -> of:000000000000000b:5,0.002,0.0025,0.002,0.002,1.57,2026-06-23T09:39:56,0.002,1.67
route_mutation,20260623T093956_322008,of:0000000000000006:1 -> of:000000000000000d:4,0.002,0.0025,0.002,0.002,2.0,2026-06-23T09:39:56,0.002,1.96
route_mutation,20260623T093956_322008,of:0000000000000007:2 -> of:000000000000000a:3,0.002,0.0025,0.002,0.002,2.03,2026-06-23T09:39:56,0.002,2.03
route_mutation,20260623T093956_322008,of:0000000000000007:1 -> of:000000000000000d:5,0.002,0.0025,0.002,0.002,2.76,2026-06-23T09:39:56,0.002,2.83
route_mutation,20260623T093956_322008,of:0000000000000002:2 -> of:0000000000000008:2,0.002,0.0025,0.002,0.002,2.0,2026-06-23T09:39:56,0.002,2.0
route_mutation,20260623T093956_322008,of:0000000000000003:2 -> of:0000000000000008:3,0.002,0.0025,0.002,0.002,2.0,2026-06-23T09:39:56,0.002,2.0
route_mutation,20260623T093956_322008,of:0000000000000008:1 -> of:000000000000000b:6,0.001,0.00125,0.001,0.001,1.63,2026-06-23T09:39:56,0.001,1.6
route_mutation,20260623T093956_322008,of:0000000000000004:2 -> of:0000000000000009:2,0.002,0.0025,0.002,0.002,2.1,2026-06-23T09:39:56,0.002,2.1
route_mutation,20260623T093956_322008,of:0000000000000002:1 -> of:000000000000000b:4,0.002,0.0025,0.002,0.002,1.57,2026-06-23T09:39:56,0.002,1.67
route_mutation,20260623T093956_322008,of:0000000000000009:1 -> of:000000000000000c:6,0.001,0.00125,0.001,0.001,1.6,2026-06-23T09:39:56,0.001,1.6
ip_shuffle,20260623T094026_630184,of:0000000000000004:1 -> of:000000000000000c:4,0.002,0.0025,0.002,0.002,1.63,2026-06-23T09:40:26,0.002,1.53
ip_shuffle,20260623T094026_630184,of:0000000000000005:1 -> of:000000000000000c:5,0.002,0.0025,0.002,0.002,1.6,2026-06-23T09:40:26,0.002,1.5
ip_shuffle,20260623T094026_630184,of:000000000000000a:1 -> of:000000000000000d:6,0.001,0.00125,0.001,0.001,1.37,2026-06-23T09:40:26,0.001,1.37
ip_shuffle,20260623T094026_630184,of:000000000000000b:3 -> of:000000000000000d:2,0.001,0.00125,0.001,0.001,1.47,2026-06-23T09:40:26,0.001,1.47
ip_shuffle,20260623T094026_630184,of:000000000000000c:3 -> of:000000000000000d:3,0.001,0.00125,0.001,0.001,1.47,2026-06-23T09:40:26,0.001,1.47
ip_shuffle,20260623T094026_630184,of:0000000000000005:2 -> of:0000000000000009:3,0.002,0.0025,0.002,0.002,1.7,2026-06-23T09:40:26,0.002,1.7
ip_shuffle,20260623T094026_630184,of:0000000000000001:1 -> of:000000000000000b:1,0.003,0.00375,0.003,0.003,3.36,2026-06-23T09:40:26,0.003,3.3
ip_shuffle,20260623T094026_630184,of:000000000000000b:2 -> of:000000000000000c:2,0.002,0.0025,0.002,0.002,1.53,2026-06-23T09:40:26,0.002,1.53
ip_shuffle,20260623T094026_630184,of:0000000000000001:2 -> of:000000000000000c:1,0.002,0.0025,0.002,0.002,1.43,2026-06-23T09:40:26,0.002,1.53
ip_shuffle,20260623T094026_630184,of:0000000000000006:2 -> of:000000000000000a:2,0.002,0.0025,0.002,0.002,1.53,2026-06-23T09:40:26,0.002,1.53
ip_shuffle,20260623T094026_630184,of:0000000000000001:3 -> of:000000000000000d:1,0.001,0.00125,0.001,0.001,1.37,2026-06-23T09:40:26,0.001,1.47
ip_shuffle,20260623T094026_630184,of:0000000000000003:1 -> of:000000000000000b:5,0.002,0.0025,0.002,0.002,2.2,2026-06-23T09:40:26,0.002,2.26
ip_shuffle,20260623T094026_630184,of:0000000000000006:1 -> of:000000000000000d:4,0.001,0.00125,0.001,0.001,1.37,2026-06-23T09:40:26,0.001,1.37
ip_shuffle,20260623T094026_630184,of:0000000000000007:2 -> of:000000000000000a:3,0.002,0.0025,0.002,0.002,1.53,2026-06-23T09:40:26,0.002,1.53
ip_shuffle,20260623T094026_630184,of:0000000000000007:1 -> of:000000000000000d:5,0.001,0.00125,0.001,0.001,1.37,2026-06-23T09:40:26,0.001,1.37
ip_shuffle,20260623T094026_630184,of:0000000000000002:2 -> of:0000000000000008:2,0.002,0.0025,0.002,0.002,1.57,2026-06-23T09:40:26,0.002,1.57
ip_shuffle,20260623T094026_630184,of:0000000000000003:2 -> of:0000000000000008:3,0.002,0.0025,0.002,0.002,1.57,2026-06-23T09:40:26,0.002,1.57
ip_shuffle,20260623T094026_630184,of:0000000000000008:1 -> of:000000000000000b:6,0.002,0.0025,0.002,0.002,1.43,2026-06-23T09:40:26,0.002,1.43
ip_shuffle,20260623T094026_630184,of:0000000000000004:2 -> of:0000000000000009:2,0.002,0.0025,0.002,0.002,1.7,2026-06-23T09:40:26,0.002,1.7
ip_shuffle,20260623T094026_630184,of:0000000000000002:1 -> of:000000000000000b:4,0.002,0.0025,0.002,0.002,2.5,2026-06-23T09:40:26,0.002,2.4
ip_shuffle,20260623T094026_630184,of:0000000000000009:1 -> of:000000000000000c:6,0.002,0.0025,0.002,0.002,1.43,2026-06-23T09:40:26,0.002,1.43
ip_shuffle,20260623T094124_403697,of:0000000000000004:1 -> of:000000000000000c:4,0.002,0.0025,0.002,0.002,1.76,2026-06-23T09:41:24,0.002,1.86
ip_shuffle,20260623T094124_403697,of:0000000000000005:1 -> of:000000000000000c:5,0.002,0.0025,0.002,0.002,1.76,2026-06-23T09:41:24,0.002,1.86
ip_shuffle,20260623T094124_403697,of:000000000000000a:1 -> of:000000000000000d:6,0.002,0.0025,0.002,0.002,1.9,2026-06-23T09:41:24,0.002,1.86
ip_shuffle,20260623T094124_403697,of:000000000000000b:3 -> of:000000000000000d:2,0.002,0.0025,0.002,0.002,2.5,2026-06-23T09:41:24,0.002,2.5
ip_shuffle,20260623T094124_403697,of:000000000000000c:3 -> of:000000000000000d:3,0.002,0.0025,0.002,0.002,2.46,2026-06-23T09:41:24,0.002,2.46
ip_shuffle,20260623T094124_403697,of:0000000000000005:2 -> of:0000000000000009:3,0.002,0.0025,0.002,0.002,2.4,2026-06-23T09:41:24,0.002,2.4
ip_shuffle,20260623T094124_403697,of:0000000000000001:1 -> of:000000000000000b:1,0.002,0.0025,0.002,0.002,1.83,2026-06-23T09:41:24,0.002,1.73
ip_shuffle,20260623T094124_403697,of:000000000000000b:2 -> of:000000000000000c:2,0.002,0.0025,0.002,0.002,2.43,2026-06-23T09:41:24,0.002,2.43
ip_shuffle,20260623T094124_403697,of:0000000000000001:2 -> of:000000000000000c:1,0.002,0.0025,0.002,0.002,1.8,2026-06-23T09:41:24,0.002,1.73
ip_shuffle,20260623T094124_403697,of:0000000000000006:2 -> of:000000000000000a:2,0.002,0.0025,0.002,0.002,2.56,2026-06-23T09:41:24,0.002,2.53
ip_shuffle,20260623T094124_403697,of:0000000000000001:3 -> of:000000000000000d:1,0.003,0.00375,0.003,0.003,3.23,2026-06-23T09:41:24,0.003,3.33
ip_shuffle,20260623T094124_403697,of:0000000000000003:1 -> of:000000000000000b:5,0.002,0.0025,0.002,0.002,1.76,2026-06-23T09:41:24,0.002,1.9
ip_shuffle,20260623T094124_403697,of:0000000000000006:1 -> of:000000000000000d:4,0.002,0.0025,0.002,0.002,2.33,2026-06-23T09:41:24,0.002,2.36
ip_shuffle,20260623T094124_403697,of:0000000000000007:2 -> of:000000000000000a:3,0.002,0.0025,0.002,0.002,2.46,2026-06-23T09:41:24,0.002,2.46
ip_shuffle,20260623T094124_403697,of:0000000000000007:1 -> of:000000000000000d:5,0.003,0.00375,0.003,0.003,3.1,2026-06-23T09:41:24,0.002,3.0
ip_shuffle,20260623T094124_403697,of:0000000000000002:2 -> of:0000000000000008:2,0.002,0.0025,0.002,0.002,2.4,2026-06-23T09:41:24,0.002,2.4
ip_shuffle,20260623T094124_403697,of:0000000000000003:2 -> of:0000000000000008:3,0.002,0.0025,0.002,0.002,2.4,2026-06-23T09:41:24,0.002,2.4
ip_shuffle,20260623T094124_403697,of:0000000000000008:1 -> of:000000000000000b:6,0.002,0.0025,0.002,0.002,1.83,2026-06-23T09:41:24,0.002,1.83
ip_shuffle,20260623T094124_403697,of:0000000000000004:2 -> of:0000000000000009:2,0.002,0.0025,0.002,0.002,2.4,2026-06-23T09:41:24,0.002,2.4
ip_shuffle,20260623T094124_403697,of:0000000000000002:1 -> of:000000000000000b:4,0.002,0.0025,0.002,0.002,1.76,2026-06-23T09:41:24,0.002,1.9
ip_shuffle,20260623T094124_403697,of:0000000000000009:1 -> of:000000000000000c:6,0.002,0.0025,0.002,0.002,1.83,2026-06-23T09:41:24,0.002,1.8
ip_shuffle,20260623T094228_585063,of:0000000000000004:1 -> of:000000000000000c:4,0.002,0.0025,0.002,0.002,2.3,2026-06-23T09:42:28,0.002,2.3
ip_shuffle,20260623T094228_585063,of:0000000000000005:1 -> of:000000000000000c:5,0.002,0.0025,0.002,0.002,2.2,2026-06-23T09:42:28,0.002,2.2
ip_shuffle,20260623T094228_585063,of:000000000000000a:1 -> of:000000000000000d:6,0.002,0.0025,0.002,0.002,1.5,2026-06-23T09:42:28,0.002,1.46
ip_shuffle,20260623T094228_585063,of:000000000000000b:3 -> of:000000000000000d:2,0.002,0.0025,0.002,0.002,1.63,2026-06-23T09:42:28,0.002,1.63
ip_shuffle,20260623T094228_585063,of:000000000000000c:3 -> of:000000000000000d:3,0.002,0.0025,0.002,0.002,1.63,2026-06-23T09:42:28,0.002,1.63
ip_shuffle,20260623T094228_585063,of:0000000000000005:2 -> of:0000000000000009:3,0.002,0.0025,0.002,0.002,1.66,2026-06-23T09:42:28,0.002,1.66
ip_shuffle,20260623T094228_585063,of:0000000000000001:1 -> of:000000000000000b:1,0.003,0.00375,0.003,0.003,3.33,2026-06-23T09:42:28,0.003,3.5
ip_shuffle,20260623T094228_585063,of:000000000000000b:2 -> of:000000000000000c:2,0.002,0.0025,0.002,0.002,1.66,2026-06-23T09:42:28,0.002,1.66
ip_shuffle,20260623T094228_585063,of:0000000000000001:2 -> of:000000000000000c:1,0.003,0.00375,0.003,0.003,3.0,2026-06-23T09:42:28,0.003,2.93
ip_shuffle,20260623T094228_585063,of:0000000000000006:2 -> of:000000000000000a:2,0.002,0.0025,0.002,0.002,1.7,2026-06-23T09:42:28,0.002,1.7
ip_shuffle,20260623T094228_585063,of:0000000000000001:3 -> of:000000000000000d:1,0.002,0.0025,0.002,0.002,1.76,2026-06-23T09:42:28,0.002,1.76
ip_shuffle,20260623T094228_585063,of:0000000000000003:1 -> of:000000000000000b:5,0.002,0.0025,0.002,0.002,2.5,2026-06-23T09:42:28,0.002,2.53
ip_shuffle,20260623T094228_585063,of:0000000000000006:1 -> of:000000000000000d:4,0.002,0.0025,0.002,0.002,1.53,2026-06-23T09:42:28,0.002,1.46
ip_shuffle,20260623T094228_585063,of:0000000000000007:2 -> of:000000000000000a:3,0.002,0.0025,0.002,0.002,1.7,2026-06-23T09:42:28,0.002,1.7
ip_shuffle,20260623T094228_585063,of:0000000000000007:1 -> of:000000000000000d:5,0.002,0.0025,0.002,0.002,1.96,2026-06-23T09:42:28,0.002,1.9
ip_shuffle,20260623T094228_585063,of:0000000000000002:2 -> of:0000000000000008:2,0.002,0.0025,0.002,0.002,1.63,2026-06-23T09:42:28,0.002,1.63
ip_shuffle,20260623T094228_585063,of:0000000000000003:2 -> of:0000000000000008:3,0.002,0.0025,0.002,0.002,1.63,2026-06-23T09:42:28,0.002,1.63
ip_shuffle,20260623T094228_585063,of:0000000000000008:1 -> of:000000000000000b:6,0.002,0.0025,0.002,0.002,1.5,2026-06-23T09:42:28,0.002,1.5
ip_shuffle,20260623T094228_585063,of:0000000000000004:2 -> of:0000000000000009:2,0.002,0.0025,0.002,0.002,1.66,2026-06-23T09:42:28,0.002,1.66
ip_shuffle,20260623T094228_585063,of:0000000000000002:1 -> of:000000000000000b:4,0.002,0.0025,0.002,0.002,2.46,2026-06-23T09:42:28,0.002,2.3
ip_shuffle,20260623T094228_585063,of:0000000000000009:1 -> of:000000000000000c:6,0.002,0.0025,0.002,0.002,1.5,2026-06-23T09:42:28,0.002,1.5
ip_shuffle,20260623T094332_904173,of:0000000000000004:1 -> of:000000000000000c:4,0.001,0.00125,0.001,0.001,1.27,2026-06-23T09:43:32,0.001,1.46
ip_shuffle,20260623T094332_904173,of:0000000000000005:1 -> of:000000000000000c:5,0.001,0.00125,0.001,0.001,1.27,2026-06-23T09:43:32,0.001,1.46
ip_shuffle,20260623T094332_904173,of:000000000000000a:1 -> of:000000000000000d:6,0.002,0.0025,0.002,0.002,1.53,2026-06-23T09:43:32,0.001,1.5
ip_shuffle,20260623T094332_904173,of:000000000000000b:3 -> of:000000000000000d:2,0.002,0.0025,0.002,0.002,1.76,2026-06-23T09:43:32,0.002,1.76
ip_shuffle,20260623T094332_904173,of:000000000000000c:3 -> of:000000000000000d:3,0.002,0.0025,0.002,0.002,1.7,2026-06-23T09:43:32,0.002,1.7
ip_shuffle,20260623T094332_904173,of:0000000000000005:2 -> of:0000000000000009:3,0.002,0.0025,0.002,0.002,1.6,2026-06-23T09:43:32,0.002,1.6
ip_shuffle,20260623T094332_904173,of:0000000000000001:1 -> of:000000000000000b:1,0.002,0.0025,0.002,0.002,1.6,2026-06-23T09:43:32,0.002,1.43
ip_shuffle,20260623T094332_904173,of:000000000000000b:2 -> of:000000000000000c:2,0.002,0.0025,0.002,0.002,1.8,2026-06-23T09:43:32,0.002,1.8
ip_shuffle,20260623T094332_904173,of:0000000000000001:2 -> of:000000000000000c:1,0.002,0.0025,0.002,0.002,1.53,2026-06-23T09:43:32,0.001,1.36
ip_shuffle,20260623T094332_904173,of:0000000000000006:2 -> of:000000000000000a:2,0.002,0.0025,0.002,0.002,1.6,2026-06-23T09:43:32,0.002,1.6
ip_shuffle,20260623T094332_904173,of:0000000000000001:3 -> of:000000000000000d:1,0.002,0.0025,0.002,0.002,2.53,2026-06-23T09:43:32,0.002,2.63
ip_shuffle,20260623T094332_904173,of:0000000000000003:1 -> of:000000000000000b:5,0.002,0.0025,0.002,0.001,1.36,2026-06-23T09:43:32,0.002,1.53
ip_shuffle,20260623T094332_904173,of:0000000000000006:1 -> of:000000000000000d:4,0.002,0.0025,0.002,0.001,1.43,2026-06-23T09:43:32,0.002,1.56
ip_shuffle,20260623T094332_904173,of:0000000000000007:2 -> of:000000000000000a:3,0.002,0.0025,0.002,0.002,1.86,2026-06-23T09:43:32,0.002,1.86
ip_shuffle,20260623T094332_904173,of:0000000000000007:1 -> of:000000000000000d:5,0.002,0.0025,0.002,0.002,2.73,2026-06-23T09:43:32,0.002,2.8
ip_shuffle,20260623T094332_904173,of:0000000000000002:2 -> of:0000000000000008:2,0.002,0.0025,0.002,0.002,1.63,2026-06-23T09:43:32,0.002,1.63
ip_shuffle,20260623T094332_904173,of:0000000000000003:2 -> of:0000000000000008:3,0.002,0.0025,0.002,0.002,1.63,2026-06-23T09:43:32,0.002,1.63
ip_shuffle,20260623T094332_904173,of:0000000000000008:1 -> of:000000000000000b:6,0.002,0.0025,0.002,0.002,1.6,2026-06-23T09:43:32,0.002,1.6
ip_shuffle,20260623T094332_904173,of:0000000000000004:2 -> of:0000000000000009:2,0.002,0.0025,0.002,0.002,1.6,2026-06-23T09:43:32,0.002,1.6
ip_shuffle,20260623T094332_904173,of:0000000000000002:1 -> of:000000000000000b:4,0.002,0.0025,0.002,0.001,1.36,2026-06-23T09:43:32,0.002,1.53
ip_shuffle,20260623T094332_904173,of:0000000000000009:1 -> of:000000000000000c:6,0.002,0.0025,0.002,0.002,1.53,2026-06-23T09:43:32,0.002,1.53
route_mutation,20260623T094437_241402,of:0000000000000004:1 -> of:000000000000000c:4,0.002,0.0025,0.002,0.002,2.16,2026-06-23T09:44:37,0.002,2.13
route_mutation,20260623T094437_241402,of:0000000000000005:1 -> of:000000000000000c:5,0.002,0.0025,0.002,0.002,2.76,2026-06-23T09:44:37,0.002,2.73
route_mutation,20260623T094437_241402,of:000000000000000a:1 -> of:000000000000000d:6,0.002,0.0025,0.002,0.002,1.96,2026-06-23T09:44:37,0.002,1.93
route_mutation,20260623T094437_241402,of:000000000000000b:3 -> of:000000000000000d:2,0.002,0.0025,0.002,0.002,2.63,2026-06-23T09:44:37,0.002,2.63
route_mutation,20260623T094437_241402,of:000000000000000c:3 -> of:000000000000000d:3,0.002,0.0025,0.002,0.002,2.63,2026-06-23T09:44:37,0.002,2.63
route_mutation,20260623T094437_241402,of:0000000000000005:2 -> of:0000000000000009:3,0.002,0.0025,0.002,0.002,2.63,2026-06-23T09:44:37,0.002,2.63
route_mutation,20260623T094437_241402,of:0000000000000001:1 -> of:000000000000000b:1,0.002,0.0025,0.002,0.002,1.96,2026-06-23T09:44:37,0.002,1.93
route_mutation,20260623T094437_241402,of:000000000000000b:2 -> of:000000000000000c:2,0.002,0.0025,0.002,0.002,2.59,2026-06-23T09:44:37,0.002,2.59
route_mutation,20260623T094437_241402,of:0000000000000001:2 -> of:000000000000000c:1,0.002,0.0025,0.002,0.002,2.96,2026-06-23T09:44:37,0.002,2.99
route_mutation,20260623T094437_241402,of:0000000000000006:2 -> of:000000000000000a:2,0.002,0.0025,0.002,0.002,2.63,2026-06-23T09:44:37,0.002,2.63
route_mutation,20260623T094437_241402,of:0000000000000001:3 -> of:000000000000000d:1,0.004,0.005,0.004,0.004,4.66,2026-06-23T09:44:37,0.004,4.66
route_mutation,20260623T094437_241402,of:0000000000000003:1 -> of:000000000000000b:5,0.002,0.0025,0.002,0.002,1.93,2026-06-23T09:44:37,0.002,1.96
route_mutation,20260623T094437_241402,of:0000000000000006:1 -> of:000000000000000d:4,0.003,0.00375,0.003,0.003,3.79,2026-06-23T09:44:37,0.003,3.79
route_mutation,20260623T094437_241402,of:0000000000000007:2 -> of:000000000000000a:3,0.002,0.0025,0.002,0.002,2.56,2026-06-23T09:44:37,0.002,2.56
route_mutation,20260623T094437_241402,of:0000000000000007:1 -> of:000000000000000d:5,0.002,0.0025,0.002,0.002,2.89,2026-06-23T09:44:37,0.002,2.76
route_mutation,20260623T094437_241402,of:0000000000000002:2 -> of:0000000000000008:2,0.002,0.0025,0.002,0.002,2.63,2026-06-23T09:44:37,0.002,2.63
route_mutation,20260623T094437_241402,of:0000000000000003:2 -> of:0000000000000008:3,0.002,0.0025,0.002,0.002,2.63,2026-06-23T09:44:37,0.002,2.63
route_mutation,20260623T094437_241402,of:0000000000000008:1 -> of:000000000000000b:6,0.002,0.0025,0.002,0.002,1.9,2026-06-23T09:44:37,0.002,1.9
route_mutation,20260623T094437_241402,of:0000000000000004:2 -> of:0000000000000009:2,0.002,0.0025,0.002,0.002,2.63,2026-06-23T09:44:37,0.002,2.63
route_mutation,20260623T094437_241402,of:0000000000000002:1 -> of:000000000000000b:4,0.002,0.0025,0.002,0.002,1.93,2026-06-23T09:44:37,0.002,1.96
route_mutation,20260623T094437_241402,of:0000000000000009:1 -> of:000000000000000c:6,0.002,0.0025,0.002,0.002,1.96,2026-06-23T09:44:37,0.002,1.9
ip_shuffle,20260623T094507_567295,of:0000000000000004:1 -> of:000000000000000c:4,0.002,0.0025,0.002,0.002,1.43,2026-06-23T09:45:07,0.002,1.43
ip_shuffle,20260623T094507_567295,of:0000000000000005:1 -> of:000000000000000c:5,0.002,0.0025,0.002,0.002,1.43,2026-06-23T09:45:07,0.002,1.43
ip_shuffle,20260623T094507_567295,of:000000000000000a:1 -> of:000000000000000d:6,0.002,0.0025,0.002,0.002,1.43,2026-06-23T09:45:07,0.002,1.43
ip_shuffle,20260623T094507_567295,of:000000000000000b:3 -> of:000000000000000d:2,0.002,0.0025,0.002,0.002,1.53,2026-06-23T09:45:07,0.002,1.53
ip_shuffle,20260623T094507_567295,of:000000000000000c:3 -> of:000000000000000d:3,0.002,0.0025,0.002,0.002,1.53,2026-06-23T09:45:07,0.002,1.53
ip_shuffle,20260623T094507_567295,of:0000000000000005:2 -> of:0000000000000009:3,0.002,0.0025,0.002,0.002,1.53,2026-06-23T09:45:07,0.002,1.53
ip_shuffle,20260623T094507_567295,of:0000000000000001:1 -> of:000000000000000b:1,0.002,0.0025,0.002,0.002,2.4,2026-06-23T09:45:07,0.002,2.43
ip_shuffle,20260623T094507_567295,of:000000000000000b:2 -> of:000000000000000c:2,0.002,0.0025,0.002,0.002,1.53,2026-06-23T09:45:07,0.002,1.53
ip_shuffle,20260623T094507_567295,of:0000000000000001:2 -> of:000000000000000c:1,0.002,0.0025,0.002,0.002,1.43,2026-06-23T09:45:07,0.002,1.43
ip_shuffle,20260623T094507_567295,of:0000000000000006:2 -> of:000000000000000a:2,0.001,0.00125,0.001,0.001,1.46,2026-06-23T09:45:07,0.001,1.46
ip_shuffle,20260623T094507_567295,of:0000000000000001:3 -> of:000000000000000d:1,0.002,0.0025,0.002,0.002,1.43,2026-06-23T09:45:07,0.002,1.43
ip_shuffle,20260623T094507_567295,of:0000000000000003:1 -> of:000000000000000b:5,0.002,0.0025,0.002,0.002,1.53,2026-06-23T09:45:07,0.002,1.53
ip_shuffle,20260623T094507_567295,of:0000000000000006:1 -> of:000000000000000d:4,0.001,0.00125,0.001,0.001,1.36,2026-06-23T09:45:07,0.001,1.36
ip_shuffle,20260623T094507_567295,of:0000000000000007:2 -> of:000000000000000a:3,0.002,0.0025,0.002,0.002,1.53,2026-06-23T09:45:07,0.002,1.53
ip_shuffle,20260623T094507_567295,of:0000000000000007:1 -> of:000000000000000d:5,0.002,0.0025,0.002,0.002,1.43,2026-06-23T09:45:07,0.002,1.43
ip_shuffle,20260623T094507_567295,of:0000000000000002:2 -> of:0000000000000008:2,0.002,0.0025,0.002,0.002,1.53,2026-06-23T09:45:07,0.002,1.53
ip_shuffle,20260623T094507_567295,of:0000000000000003:2 -> of:0000000000000008:3,0.002,0.0025,0.002,0.002,1.53,2026-06-23T09:45:07,0.002,1.53
ip_shuffle,20260623T094507_567295,of:0000000000000008:1 -> of:000000000000000b:6,0.002,0.0025,0.002,0.002,1.43,2026-06-23T09:45:07,0.002,1.43
ip_shuffle,20260623T094507_567295,of:0000000000000004:2 -> of:0000000000000009:2,0.002,0.0025,0.002,0.002,1.53,2026-06-23T09:45:07,0.002,1.53
ip_shuffle,20260623T094507_567295,of:0000000000000002:1 -> of:000000000000000b:4,0.002,0.0025,0.002,0.002,2.36,2026-06-23T09:45:07,0.002,2.36
ip_shuffle,20260623T094507_567295,of:0000000000000009:1 -> of:000000000000000c:6,0.002,0.0025,0.002,0.002,1.43,2026-06-23T09:45:07,0.002,1.43
route_mutation,20260623T094605_345566,of:0000000000000004:1 -> of:000000000000000c:4,0.002,0.0025,0.002,0.002,2.56,2026-06-23T09:46:05,0.002,2.46
route_mutation,20260623T094605_345566,of:0000000000000005:1 -> of:000000000000000c:5,0.002,0.0025,0.002,0.002,2.56,2026-06-23T09:46:05,0.002,2.46
route_mutation,20260623T094605_345566,of:000000000000000a:1 -> of:000000000000000d:6,0.002,0.0025,0.002,0.002,1.6,2026-06-23T09:46:05,0.002,1.6
route_mutation,20260623T094605_345566,of:000000000000000b:3 -> of:000000000000000d:2,0.002,0.0025,0.002,0.002,2.0,2026-06-23T09:46:05,0.002,2.0
route_mutation,20260623T094605_345566,of:000000000000000c:3 -> of:000000000000000d:3,0.002,0.0025,0.002,0.002,2.0,2026-06-23T09:46:05,0.002,2.0
route_mutation,20260623T094605_345566,of:0000000000000005:2 -> of:0000000000000009:3,0.002,0.0025,0.002,0.002,2.0,2026-06-23T09:46:05,0.002,2.0
route_mutation,20260623T094605_345566,of:0000000000000001:1 -> of:000000000000000b:1,0.002,0.0025,0.002,0.002,2.76,2026-06-23T09:46:05,0.002,2.83
route_mutation,20260623T094605_345566,of:000000000000000b:2 -> of:000000000000000c:2,0.002,0.0025,0.002,0.002,2.0,2026-06-23T09:46:05,0.002,2.0
route_mutation,20260623T094605_345566,of:0000000000000001:2 -> of:000000000000000c:1,0.003,0.00375,0.003,0.003,3.26,2026-06-23T09:46:05,0.003,3.36
route_mutation,20260623T094605_345566,of:0000000000000006:2 -> of:000000000000000a:2,0.002,0.0025,0.002,0.002,2.06,2026-06-23T09:46:05,0.002,2.06
route_mutation,20260623T094605_345566,of:0000000000000001:3 -> of:000000000000000d:1,0.003,0.00375,0.003,0.003,2.96,2026-06-23T09:46:05,0.003,2.83
route_mutation,20260623T094605_345566,of:0000000000000003:1 -> of:000000000000000b:5,0.002,0.0025,0.002,0.002,2.7,2026-06-23T09:46:05,0.002,2.6
route_mutation,20260623T094605_345566,of:0000000000000006:1 -> of:000000000000000d:4,0.002,0.0025,0.002,0.002,2.63,2026-06-23T09:46:05,0.002,2.8
route_mutation,20260623T094605_345566,of:0000000000000007:2 -> of:000000000000000a:3,0.002,0.0025,0.002,0.002,2.13,2026-06-23T09:46:05,0.002,2.13
route_mutation,20260623T094605_345566,of:0000000000000007:1 -> of:000000000000000d:5,0.002,0.0025,0.002,0.002,2.66,2026-06-23T09:46:05,0.002,2.53
route_mutation,20260623T094605_345566,of:0000000000000002:2 -> of:0000000000000008:2,0.002,0.0025,0.002,0.002,2.0,2026-06-23T09:46:05,0.002,2.0
route_mutation,20260623T094605_345566,of:0000000000000003:2 -> of:0000000000000008:3,0.002,0.0025,0.002,0.002,2.0,2026-06-23T09:46:05,0.002,2.0
route_mutation,20260623T094605_345566,of:0000000000000008:1 -> of:000000000000000b:6,0.002,0.0025,0.002,0.002,1.56,2026-06-23T09:46:05,0.002,1.6
route_mutation,20260623T094605_345566,of:0000000000000004:2 -> of:0000000000000009:2,0.002,0.0025,0.002,0.002,2.0,2026-06-23T09:46:05,0.002,2.0
route_mutation,20260623T094605_345566,of:0000000000000002:1 -> of:000000000000000b:4,0.002,0.0025,0.002,0.002,1.86,2026-06-23T09:46:05,0.002,1.76
route_mutation,20260623T094605_345566,of:0000000000000009:1 -> of:000000000000000c:6,0.002,0.0025,0.002,0.002,1.56,2026-06-23T09:46:05,0.002,1.6
route_mutation,20260623T094635_744919,of:0000000000000004:1 -> of:000000000000000c:4,0.002,0.0025,0.002,0.002,1.83,2026-06-23T09:46:35,0.002,1.93
route_mutation,20260623T094635_744919,of:0000000000000005:1 -> of:000000000000000c:5,0.002,0.0025,0.002,0.002,1.83,2026-06-23T09:46:35,0.002,1.93
route_mutation,20260623T094635_744919,of:000000000000000a:1 -> of:000000000000000d:6,0.002,0.0025,0.002,0.002,2.0,2026-06-23T09:46:35,0.002,2.0
route_mutation,20260623T094635_744919,of:000000000000000b:3 -> of:000000000000000d:2,0.002,0.0025,0.002,0.002,2.66,2026-06-23T09:46:35,0.002,2.66
route_mutation,20260623T094635_744919,of:000000000000000c:3 -> of:000000000000000d:3,0.002,0.0025,0.002,0.002,2.66,2026-06-23T09:46:35,0.002,2.66
route_mutation,20260623T094635_744919,of:0000000000000005:2 -> of:0000000000000009:3,0.002,0.0025,0.002,0.002,2.66,2026-06-23T09:46:35,0.002,2.66
route_mutation,20260623T094635_744919,of:0000000000000001:1 -> of:000000000000000b:1,0.002,0.0025,0.002,0.002,1.93,2026-06-23T09:46:35,0.002,1.83
route_mutation,20260623T094635_744919,of:000000000000000b:2 -> of:000000000000000c:2,0.002,0.0025,0.002,0.002,2.66,2026-06-23T09:46:35,0.002,2.66
route_mutation,20260623T094635_744919,of:0000000000000001:2 -> of:000000000000000c:1,0.002,0.0025,0.002,0.002,1.93,2026-06-23T09:46:35,0.002,1.83
route_mutation,20260623T094635_744919,of:0000000000000006:2 -> of:000000000000000a:2,0.002,0.0025,0.002,0.002,2.66,2026-06-23T09:46:35,0.002,2.66
route_mutation,20260623T094635_744919,of:0000000000000001:3 -> of:000000000000000d:1,0.003,0.00375,0.003,0.003,4.03,2026-06-23T09:46:35,0.003,4.16
route_mutation,20260623T094635_744919,of:0000000000000003:1 -> of:000000000000000b:5,0.002,0.0025,0.002,0.002,1.83,2026-06-23T09:46:35,0.002,1.93
route_mutation,20260623T094635_744919,of:0000000000000006:1 -> of:000000000000000d:4,0.002,0.0025,0.002,0.002,3.13,2026-06-23T09:46:35,0.002,2.96
route_mutation,20260623T094635_744919,of:0000000000000007:2 -> of:000000000000000a:3,0.002,0.0025,0.002,0.002,2.66,2026-06-23T09:46:35,0.002,2.66
route_mutation,20260623T094635_744919,of:0000000000000007:1 -> of:000000000000000d:5,0.003,0.00375,0.003,0.003,3.23,2026-06-23T09:46:35,0.003,3.36
route_mutation,20260623T094635_744919,of:0000000000000002:2 -> of:0000000000000008:2,0.002,0.0025,0.002,0.002,2.66,2026-06-23T09:46:35,0.002,2.66
route_mutation,20260623T094635_744919,of:0000000000000003:2 -> of:0000000000000008:3,0.002,0.0025,0.002,0.002,2.66,2026-06-23T09:46:35,0.002,2.66
route_mutation,20260623T094635_744919,of:0000000000000008:1 -> of:000000000000000b:6,0.002,0.0025,0.002,0.002,2.03,2026-06-23T09:46:35,0.002,2.0
route_mutation,20260623T094635_744919,of:0000000000000004:2 -> of:0000000000000009:2,0.002,0.0025,0.002,0.002,2.66,2026-06-23T09:46:35,0.002,2.66
route_mutation,20260623T094635_744919,of:0000000000000002:1 -> of:000000000000000b:4,0.002,0.0025,0.002,0.002,1.83,2026-06-23T09:46:35,0.002,1.93
route_mutation,20260623T094635_744919,of:0000000000000009:1 -> of:000000000000000c:6,0.002,0.0025,0.002,0.002,2.03,2026-06-23T09:46:35,0.002,2.0
ip_shuffle,20260623T094706_147324,of:0000000000000004:1 -> of:000000000000000c:4,0.002,0.0025,0.002,0.002,1.43,2026-06-23T09:47:06,0.002,1.43
ip_shuffle,20260623T094706_147324,of:0000000000000005:1 -> of:000000000000000c:5,0.002,0.0025,0.002,0.002,1.43,2026-06-23T09:47:06,0.002,1.43
ip_shuffle,20260623T094706_147324,of:000000000000000a:1 -> of:000000000000000d:6,0.002,0.0025,0.002,0.002,1.4,2026-06-23T09:47:06,0.002,1.43
ip_shuffle,20260623T094706_147324,of:000000000000000b:3 -> of:000000000000000d:2,0.002,0.0025,0.002,0.002,1.53,2026-06-23T09:47:06,0.002,1.53
ip_shuffle,20260623T094706_147324,of:000000000000000c:3 -> of:000000000000000d:3,0.002,0.0025,0.002,0.002,1.53,2026-06-23T09:47:06,0.002,1.53
ip_shuffle,20260623T094706_147324,of:0000000000000005:2 -> of:0000000000000009:3,0.002,0.0025,0.002,0.002,1.5,2026-06-23T09:47:06,0.002,1.5
ip_shuffle,20260623T094706_147324,of:0000000000000001:1 -> of:000000000000000b:1,0.002,0.0025,0.002,0.002,1.7,2026-06-23T09:47:06,0.002,1.67
ip_shuffle,20260623T094706_147324,of:000000000000000b:2 -> of:000000000000000c:2,0.002,0.0025,0.002,0.002,1.53,2026-06-23T09:47:06,0.002,1.53
ip_shuffle,20260623T094706_147324,of:0000000000000001:2 -> of:000000000000000c:1,0.002,0.0025,0.002,0.002,1.43,2026-06-23T09:47:06,0.002,1.43
ip_shuffle,20260623T094706_147324,of:0000000000000006:2 -> of:000000000000000a:2,0.001,0.00125,0.001,0.001,1.43,2026-06-23T09:47:06,0.001,1.43
ip_shuffle,20260623T094706_147324,of:0000000000000001:3 -> of:000000000000000d:1,0.002,0.0025,0.002,0.002,1.47,2026-06-23T09:47:06,0.002,1.47
ip_shuffle,20260623T094706_147324,of:0000000000000003:1 -> of:000000000000000b:5,0.002,0.0025,0.002,0.002,1.43,2026-06-23T09:47:06,0.002,1.43
ip_shuffle,20260623T094706_147324,of:0000000000000006:1 -> of:000000000000000d:4,0.001,0.00125,0.001,0.001,1.37,2026-06-23T09:47:06,0.001,1.37
ip_shuffle,20260623T094706_147324,of:0000000000000007:2 -> of:000000000000000a:3,0.001,0.00125,0.001,0.001,1.43,2026-06-23T09:47:06,0.001,1.43
ip_shuffle,20260623T094706_147324,of:0000000000000007:1 -> of:000000000000000d:5,0.001,0.00125,0.001,0.001,1.4,2026-06-23T09:47:06,0.001,1.4
ip_shuffle,20260623T094706_147324,of:0000000000000002:2 -> of:0000000000000008:2,0.002,0.0025,0.002,0.002,1.5,2026-06-23T09:47:06,0.002,1.5
ip_shuffle,20260623T094706_147324,of:0000000000000003:2 -> of:0000000000000008:3,0.002,0.0025,0.002,0.002,1.5,2026-06-23T09:47:06,0.002,1.5
ip_shuffle,20260623T094706_147324,of:0000000000000008:1 -> of:000000000000000b:6,0.002,0.0025,0.002,0.002,1.4,2026-06-23T09:47:06,0.002,1.43
ip_shuffle,20260623T094706_147324,of:0000000000000004:2 -> of:0000000000000009:2,0.002,0.0025,0.002,0.002,1.5,2026-06-23T09:47:06,0.002,1.5
ip_shuffle,20260623T094706_147324,of:0000000000000002:1 -> of:000000000000000b:4,0.002,0.0025,0.002,0.002,1.7,2026-06-23T09:47:06,0.002,1.77
ip_shuffle,20260623T094706_147324,of:0000000000000009:1 -> of:000000000000000c:6,0.002,0.0025,0.002,0.002,1.4,2026-06-23T09:47:06,0.002,1.43
ip_shuffle,20260623T094803_792073,of:0000000000000004:1 -> of:000000000000000c:4,0.002,0.0025,0.002,0.002,2.0,2026-06-23T09:48:03,0.002,2.06
ip_shuffle,20260623T094803_792073,of:0000000000000005:1 -> of:000000000000000c:5,0.002,0.0025,0.002,0.002,2.03,2026-06-23T09:48:03,0.002,2.1
ip_shuffle,20260623T094803_792073,of:000000000000000a:1 -> of:000000000000000d:6,0.002,0.0025,0.002,0.002,2.06,2026-06-23T09:48:03,0.002,2.1
ip_shuffle,20260623T094803_792073,of:000000000000000b:3 -> of:000000000000000d:2,0.002,0.0025,0.002,0.002,2.96,2026-06-23T09:48:03,0.002,2.96
ip_shuffle,20260623T094803_792073,of:000000000000000c:3 -> of:000000000000000d:3,0.002,0.0025,0.002,0.002,2.96,2026-06-23T09:48:03,0.002,2.96
ip_shuffle,20260623T094803_792073,of:0000000000000005:2 -> of:0000000000000009:3,0.002,0.0025,0.002,0.002,2.93,2026-06-23T09:48:03,0.002,2.93
ip_shuffle,20260623T094803_792073,of:0000000000000001:1 -> of:000000000000000b:1,0.002,0.0025,0.002,0.002,2.06,2026-06-23T09:48:03,0.002,2.1
ip_shuffle,20260623T094803_792073,of:000000000000000b:2 -> of:000000000000000c:2,0.002,0.0025,0.002,0.002,2.93,2026-06-23T09:48:03,0.002,2.93
ip_shuffle,20260623T094803_792073,of:0000000000000001:2 -> of:000000000000000c:1,0.002,0.0025,0.002,0.002,2.1,2026-06-23T09:48:03,0.002,2.13
ip_shuffle,20260623T094803_792073,of:0000000000000006:2 -> of:000000000000000a:2,0.002,0.0025,0.002,0.002,2.93,2026-06-23T09:48:03,0.002,2.93
ip_shuffle,20260623T094803_792073,of:0000000000000001:3 -> of:000000000000000d:1,0.004,0.005,0.004,0.004,5.06,2026-06-23T09:48:03,0.004,5.03
ip_shuffle,20260623T094803_792073,of:0000000000000003:1 -> of:000000000000000b:5,0.002,0.0025,0.002,0.002,2.0,2026-06-23T09:48:03,0.002,2.06
ip_shuffle,20260623T094803_792073,of:0000000000000006:1 -> of:000000000000000d:4,0.003,0.00375,0.003,0.003,4.13,2026-06-23T09:48:03,0.003,3.96
ip_shuffle,20260623T094803_792073,of:0000000000000007:2 -> of:000000000000000a:3,0.002,0.0025,0.002,0.002,2.93,2026-06-23T09:48:03,0.002,2.93
ip_shuffle,20260623T094803_792073,of:0000000000000007:1 -> of:000000000000000d:5,0.003,0.00375,0.003,0.003,3.2,2026-06-23T09:48:03,0.003,3.5
ip_shuffle,20260623T094803_792073,of:0000000000000002:2 -> of:0000000000000008:2,0.002,0.0025,0.002,0.002,2.93,2026-06-23T09:48:03,0.002,2.93
ip_shuffle,20260623T094803_792073,of:0000000000000003:2 -> of:0000000000000008:3,0.002,0.0025,0.002,0.002,2.93,2026-06-23T09:48:03,0.002,2.93
ip_shuffle,20260623T094803_792073,of:0000000000000008:1 -> of:000000000000000b:6,0.002,0.0025,0.002,0.002,2.13,2026-06-23T09:48:03,0.002,2.13
ip_shuffle,20260623T094803_792073,of:0000000000000004:2 -> of:0000000000000009:2,0.002,0.0025,0.002,0.002,2.93,2026-06-23T09:48:03,0.002,2.93
ip_shuffle,20260623T094803_792073,of:0000000000000002:1 -> of:000000000000000b:4,0.002,0.0025,0.002,0.002,2.0,2026-06-23T09:48:03,0.002,2.06
ip_shuffle,20260623T094803_792073,of:0000000000000009:1 -> of:000000000000000c:6,0.002,0.0025,0.002,0.002,2.13,2026-06-23T09:48:03,0.002,2.13
ip_shuffle,20260623T094901_537868,of:0000000000000004:1 -> of:000000000000000c:4,0.002,0.0025,0.002,0.002,2.3,2026-06-23T09:49:01,0.002,2.4
ip_shuffle,20260623T094901_537868,of:0000000000000005:1 -> of:000000000000000c:5,0.002,0.0025,0.002,0.002,1.73,2026-06-23T09:49:01,0.002,1.86
ip_shuffle,20260623T094901_537868,of:000000000000000a:1 -> of:000000000000000d:6,0.002,0.0025,0.002,0.002,1.6,2026-06-23T09:49:01,0.002,1.6
ip_shuffle,20260623T094901_537868,of:000000000000000b:3 -> of:000000000000000d:2,0.002,0.0025,0.002,0.002,1.86,2026-06-23T09:49:01,0.002,1.86
ip_shuffle,20260623T094901_537868,of:000000000000000c:3 -> of:000000000000000d:3,0.002,0.0025,0.002,0.002,1.86,2026-06-23T09:49:01,0.002,1.86
ip_shuffle,20260623T094901_537868,of:0000000000000005:2 -> of:0000000000000009:3,0.002,0.0025,0.002,0.002,1.76,2026-06-23T09:49:01,0.002,1.76
ip_shuffle,20260623T094901_537868,of:0000000000000001:1 -> of:000000000000000b:1,0.003,0.00375,0.003,0.003,3.66,2026-06-23T09:49:01,0.003,3.6
ip_shuffle,20260623T094901_537868,of:000000000000000b:2 -> of:000000000000000c:2,0.002,0.0025,0.002,0.002,1.86,2026-06-23T09:49:01,0.002,1.86
ip_shuffle,20260623T094901_537868,of:0000000000000001:2 -> of:000000000000000c:1,0.002,0.0025,0.002,0.002,2.6,2026-06-23T09:49:01,0.002,2.5
ip_shuffle,20260623T094901_537868,of:0000000000000006:2 -> of:000000000000000a:2,0.002,0.0025,0.002,0.002,1.76,2026-06-23T09:49:01,0.002,1.76
ip_shuffle,20260623T094901_537868,of:0000000000000001:3 -> of:000000000000000d:1,0.002,0.0025,0.002,0.002,2.06,2026-06-23T09:49:01,0.002,2.1
ip_shuffle,20260623T094901_537868,of:0000000000000003:1 -> of:000000000000000b:5,0.002,0.0025,0.002,0.002,2.53,2026-06-23T09:49:01,0.002,2.63
ip_shuffle,20260623T094901_537868,of:0000000000000006:1 -> of:000000000000000d:4,0.002,0.0025,0.002,0.002,1.56,2026-06-23T09:49:01,0.002,1.63
ip_shuffle,20260623T094901_537868,of:0000000000000007:2 -> of:000000000000000a:3,0.002,0.0025,0.002,0.002,1.76,2026-06-23T09:49:01,0.002,1.76
ip_shuffle,20260623T094901_537868,of:0000000000000007:1 -> of:000000000000000d:5,0.002,0.0025,0.002,0.002,2.0,2026-06-23T09:49:01,0.002,2.03
ip_shuffle,20260623T094901_537868,of:0000000000000002:2 -> of:0000000000000008:2,0.002,0.0025,0.002,0.002,1.83,2026-06-23T09:49:01,0.002,1.83
ip_shuffle,20260623T094901_537868,of:0000000000000003:2 -> of:0000000000000008:3,0.002,0.0025,0.002,0.002,1.83,2026-06-23T09:49:01,0.002,1.83
ip_shuffle,20260623T094901_537868,of:0000000000000008:1 -> of:000000000000000b:6,0.002,0.0025,0.002,0.002,1.66,2026-06-23T09:49:01,0.002,1.66
ip_shuffle,20260623T094901_537868,of:0000000000000004:2 -> of:0000000000000009:2,0.002,0.0025,0.002,0.002,1.76,2026-06-23T09:49:01,0.002,1.76
ip_shuffle,20260623T094901_537868,of:0000000000000002:1 -> of:000000000000000b:4,0.002,0.0025,0.002,0.002,2.53,2026-06-23T09:49:01,0.002,2.6
ip_shuffle,20260623T094901_537868,of:0000000000000009:1 -> of:000000000000000c:6,0.002,0.0025,0.002,0.002,1.6,2026-06-23T09:49:01,0.002,1.6
ip_shuffle,20260623T094959_306545,of:0000000000000004:1 -> of:000000000000000c:4,0.002,0.0025,0.002,0.002,1.73,2026-06-23T09:49:59,0.002,1.83
ip_shuffle,20260623T094959_306545,of:0000000000000005:1 -> of:000000000000000c:5,0.002,0.0025,0.002,0.002,1.73,2026-06-23T09:49:59,0.002,1.83
ip_shuffle,20260623T094959_306545,of:000000000000000a:1 -> of:000000000000000d:6,0.002,0.0025,0.002,0.002,1.9,2026-06-23T09:49:59,0.002,1.9
ip_shuffle,20260623T094959_306545,of:000000000000000b:3 -> of:000000000000000d:2,0.002,0.0025,0.002,0.002,2.46,2026-06-23T09:49:59,0.002,2.46
ip_shuffle,20260623T094959_306545,of:000000000000000c:3 -> of:000000000000000d:3,0.002,0.0025,0.002,0.002,2.46,2026-06-23T09:49:59,0.002,2.46
ip_shuffle,20260623T094959_306545,of:0000000000000005:2 -> of:0000000000000009:3,0.002,0.0025,0.002,0.002,2.33,2026-06-23T09:49:59,0.002,2.33
ip_shuffle,20260623T094959_306545,of:0000000000000001:1 -> of:000000000000000b:1,0.002,0.0025,0.002,0.002,1.9,2026-06-23T09:49:59,0.002,1.8
ip_shuffle,20260623T094959_306545,of:000000000000000b:2 -> of:000000000000000c:2,0.002,0.0025,0.002,0.002,2.46,2026-06-23T09:49:59,0.002,2.46
ip_shuffle,20260623T094959_306545,of:0000000000000001:2 -> of:000000000000000c:1,0.002,0.0025,0.002,0.002,1.9,2026-06-23T09:49:59,0.002,1.8
ip_shuffle,20260623T094959_306545,of:0000000000000006:2 -> of:000000000000000a:2,0.002,0.0025,0.002,0.002,2.26,2026-06-23T09:49:59,0.002,2.26
ip_shuffle,20260623T094959_306545,of:0000000000000001:3 -> of:000000000000000d:1,0.003,0.00375,0.003,0.003,3.5,2026-06-23T09:49:59,0.003,3.66
ip_shuffle,20260623T094959_306545,of:0000000000000003:1 -> of:000000000000000b:5,0.002,0.0025,0.002,0.002,1.8,2026-06-23T09:49:59,0.002,1.9
ip_shuffle,20260623T094959_306545,of:0000000000000006:1 -> of:000000000000000d:4,0.002,0.0025,0.002,0.002,2.03,2026-06-23T09:49:59,0.002,2.03
ip_shuffle,20260623T094959_306545,of:0000000000000007:2 -> of:000000000000000a:3,0.002,0.0025,0.002,0.002,2.26,2026-06-23T09:49:59,0.002,2.26
ip_shuffle,20260623T094959_306545,of:0000000000000007:1 -> of:000000000000000d:5,0.003,0.00375,0.003,0.003,3.43,2026-06-23T09:49:59,0.003,3.36
ip_shuffle,20260623T094959_306545,of:0000000000000002:2 -> of:0000000000000008:2,0.002,0.0025,0.002,0.002,2.16,2026-06-23T09:49:59,0.002,2.16
ip_shuffle,20260623T094959_306545,of:0000000000000003:2 -> of:0000000000000008:3,0.002,0.0025,0.002,0.002,2.16,2026-06-23T09:49:59,0.002,2.16
ip_shuffle,20260623T094959_306545,of:0000000000000008:1 -> of:000000000000000b:6,0.002,0.0025,0.002,0.002,1.7,2026-06-23T09:49:59,0.002,1.83
ip_shuffle,20260623T094959_306545,of:0000000000000004:2 -> of:0000000000000009:2,0.002,0.0025,0.002,0.002,2.33,2026-06-23T09:49:59,0.002,2.33
ip_shuffle,20260623T094959_306545,of:0000000000000002:1 -> of:000000000000000b:4,0.002,0.0025,0.002,0.002,1.8,2026-06-23T09:49:59,0.002,1.9
ip_shuffle,20260623T094959_306545,of:0000000000000009:1 -> of:000000000000000c:6,0.002,0.0025,0.002,0.002,1.93,2026-06-23T09:49:59,0.002,1.9
ip_shuffle,20260623T095056_958226,of:0000000000000004:1 -> of:000000000000000c:4,0.002,0.0025,0.002,0.002,2.5,2026-06-23T09:50:56,0.002,2.43
ip_shuffle,20260623T095056_958226,of:0000000000000005:1 -> of:000000000000000c:5,0.002,0.0025,0.002,0.002,2.5,2026-06-23T09:50:56,0.002,2.43
ip_shuffle,20260623T095056_958226,of:000000000000000a:1 -> of:000000000000000d:6,0.002,0.0025,0.002,0.002,1.6,2026-06-23T09:50:56,0.002,1.63
ip_shuffle,20260623T095056_958226,of:000000000000000b:3 -> of:000000000000000d:2,0.002,0.0025,0.002,0.002,1.96,2026-06-23T09:50:56,0.002,1.96
ip_shuffle,20260623T095056_958226,of:000000000000000c:3 -> of:000000000000000d:3,0.002,0.0025,0.002,0.002,2.0,2026-06-23T09:50:56,0.002,2.0
ip_shuffle,20260623T095056_958226,of:0000000000000005:2 -> of:0000000000000009:3,0.002,0.0025,0.002,0.002,2.23,2026-06-23T09:50:56,0.002,2.23
ip_shuffle,20260623T095056_958226,of:0000000000000001:1 -> of:000000000000000b:1,0.002,0.0025,0.002,0.002,2.3,2026-06-23T09:50:56,0.002,2.36
ip_shuffle,20260623T095056_958226,of:000000000000000b:2 -> of:000000000000000c:2,0.002,0.0025,0.002,0.002,1.9,2026-06-23T09:50:56,0.002,1.9
ip_shuffle,20260623T095056_958226,of:0000000000000001:2 -> of:000000000000000c:1,0.003,0.00375,0.003,0.003,3.16,2026-06-23T09:50:56,0.003,3.2
ip_shuffle,20260623T095056_958226,of:0000000000000006:2 -> of:000000000000000a:2,0.002,0.0025,0.002,0.002,2.03,2026-06-23T09:50:56,0.002,2.03
ip_shuffle,20260623T095056_958226,of:0000000000000001:3 -> of:000000000000000d:1,0.002,0.0025,0.002,0.002,2.4,2026-06-23T09:50:56,0.002,2.3
ip_shuffle,20260623T095056_958226,of:0000000000000003:1 -> of:000000000000000b:5,0.002,0.0025,0.002,0.002,2.4,2026-06-23T09:50:56,0.002,2.3
ip_shuffle,20260623T095056_958226,of:0000000000000006:1 -> of:000000000000000d:4,0.002,0.0025,0.002,0.002,2.43,2026-06-23T09:50:56,0.002,2.53
ip_shuffle,20260623T095056_958226,of:0000000000000007:2 -> of:000000000000000a:3,0.002,0.0025,0.002,0.002,2.06,2026-06-23T09:50:56,0.002,2.06
ip_shuffle,20260623T095056_958226,of:0000000000000007:1 -> of:000000000000000d:5,0.002,0.0025,0.002,0.002,1.8,2026-06-23T09:50:56,0.002,1.7
ip_shuffle,20260623T095056_958226,of:0000000000000002:2 -> of:0000000000000008:2,0.002,0.0025,0.002,0.002,2.16,2026-06-23T09:50:56,0.002,2.16
ip_shuffle,20260623T095056_958226,of:0000000000000003:2 -> of:0000000000000008:3,0.002,0.0025,0.002,0.002,2.16,2026-06-23T09:50:56,0.002,2.16
ip_shuffle,20260623T095056_958226,of:0000000000000008:1 -> of:000000000000000b:6,0.002,0.0025,0.002,0.002,1.73,2026-06-23T09:50:56,0.002,1.6
ip_shuffle,20260623T095056_958226,of:0000000000000004:2 -> of:0000000000000009:2,0.002,0.0025,0.002,0.002,2.23,2026-06-23T09:50:56,0.002,2.23
ip_shuffle,20260623T095056_958226,of:0000000000000002:1 -> of:000000000000000b:4,0.001,0.00125,0.001,0.001,1.63,2026-06-23T09:50:56,0.001,1.53
ip_shuffle,20260623T095056_958226,of:0000000000000009:1 -> of:000000000000000c:6,0.002,0.0025,0.002,0.002,1.73,2026-06-23T09:50:56,0.002,1.63
route_mutation,20260623T095200_995712,of:0000000000000004:1 -> of:000000000000000c:4,0.002,0.0025,0.002,0.002,1.43,2026-06-23T09:52:00,0.002,1.46
route_mutation,20260623T095200_995712,of:0000000000000005:1 -> of:000000000000000c:5,0.002,0.0025,0.002,0.002,1.46,2026-06-23T09:52:00,0.002,1.5
route_mutation,20260623T095200_995712,of:000000000000000a:1 -> of:000000000000000d:6,0.002,0.0025,0.002,0.002,1.5,2026-06-23T09:52:00,0.002,1.46
route_mutation,20260623T095200_995712,of:000000000000000b:3 -> of:000000000000000d:2,0.002,0.0025,0.002,0.002,1.56,2026-06-23T09:52:00,0.002,1.56
route_mutation,20260623T095200_995712,of:000000000000000c:3 -> of:000000000000000d:3,0.002,0.0025,0.002,0.002,1.56,2026-06-23T09:52:00,0.002,1.56
route_mutation,20260623T095200_995712,of:0000000000000005:2 -> of:0000000000000009:3,0.001,0.00125,0.001,0.001,1.46,2026-06-23T09:52:00,0.001,1.46
route_mutation,20260623T095200_995712,of:0000000000000001:1 -> of:000000000000000b:1,0.002,0.0025,0.002,0.002,1.83,2026-06-23T09:52:00,0.002,1.76
route_mutation,20260623T095200_995712,of:000000000000000b:2 -> of:000000000000000c:2,0.002,0.0025,0.002,0.002,1.6,2026-06-23T09:52:00,0.002,1.6
route_mutation,20260623T095200_995712,of:0000000000000001:2 -> of:000000000000000c:1,0.002,0.0025,0.002,0.002,1.46,2026-06-23T09:52:00,0.002,1.43
route_mutation,20260623T095200_995712,of:0000000000000006:2 -> of:000000000000000a:2,0.002,0.0025,0.002,0.002,1.56,2026-06-23T09:52:00,0.002,1.56
route_mutation,20260623T095200_995712,of:0000000000000001:3 -> of:000000000000000d:1,0.002,0.0025,0.002,0.002,1.93,2026-06-23T09:52:00,0.002,1.93
route_mutation,20260623T095200_995712,of:0000000000000003:1 -> of:000000000000000b:5,0.002,0.0025,0.002,0.002,1.43,2026-06-23T09:52:00,0.002,1.46
route_mutation,20260623T095200_995712,of:0000000000000006:1 -> of:000000000000000d:4,0.002,0.0025,0.002,0.002,1.83,2026-06-23T09:52:00,0.002,1.83
route_mutation,20260623T095200_995712,of:0000000000000007:2 -> of:000000000000000a:3,0.002,0.0025,0.002,0.002,1.56,2026-06-23T09:52:00,0.002,1.56
route_mutation,20260623T095200_995712,of:0000000000000007:1 -> of:000000000000000d:5,0.002,0.0025,0.002,0.002,1.43,2026-06-23T09:52:00,0.002,1.43
route_mutation,20260623T095200_995712,of:0000000000000002:2 -> of:0000000000000008:2,0.002,0.0025,0.002,0.002,1.53,2026-06-23T09:52:00,0.002,1.53
route_mutation,20260623T095200_995712,of:0000000000000003:2 -> of:0000000000000008:3,0.002,0.0025,0.002,0.002,1.53,2026-06-23T09:52:00,0.002,1.53
route_mutation,20260623T095200_995712,of:0000000000000008:1 -> of:000000000000000b:6,0.002,0.0025,0.002,0.002,1.43,2026-06-23T09:52:00,0.002,1.46
route_mutation,20260623T095200_995712,of:0000000000000004:2 -> of:0000000000000009:2,0.001,0.00125,0.001,0.001,1.46,2026-06-23T09:52:00,0.001,1.46
route_mutation,20260623T095200_995712,of:0000000000000002:1 -> of:000000000000000b:4,0.002,0.0025,0.002,0.002,1.86,2026-06-23T09:52:00,0.002,1.9
route_mutation,20260623T095200_995712,of:0000000000000009:1 -> of:000000000000000c:6,0.001,0.00125,0.001,0.001,1.37,2026-06-23T09:52:00,0.001,1.4
ip_shuffle,20260623T095231_385712,of:0000000000000004:1 -> of:000000000000000c:4,0.002,0.0025,0.002,0.002,2.3,2026-06-23T09:52:31,0.002,2.16
ip_shuffle,20260623T095231_385712,of:0000000000000005:1 -> of:000000000000000c:5,0.002,0.0025,0.002,0.002,2.26,2026-06-23T09:52:31,0.002,2.13
ip_shuffle,20260623T095231_385712,of:000000000000000a:1 -> of:000000000000000d:6,0.002,0.0025,0.002,0.002,1.66,2026-06-23T09:52:31,0.002,1.53
ip_shuffle,20260623T095231_385712,of:000000000000000b:3 -> of:000000000000000d:2,0.001,0.00125,0.001,0.001,1.5,2026-06-23T09:52:31,0.001,1.5
ip_shuffle,20260623T095231_385712,of:000000000000000c:3 -> of:000000000000000d:3,0.001,0.00125,0.001,0.001,1.5,2026-06-23T09:52:31,0.001,1.5
ip_shuffle,20260623T095231_385712,of:0000000000000005:2 -> of:0000000000000009:3,0.002,0.0025,0.002,0.002,1.83,2026-06-23T09:52:31,0.002,1.83
ip_shuffle,20260623T095231_385712,of:0000000000000001:1 -> of:000000000000000b:1,0.003,0.00375,0.003,0.003,3.0,2026-06-23T09:52:31,0.003,3.13
ip_shuffle,20260623T095231_385712,of:000000000000000b:2 -> of:000000000000000c:2,0.001,0.00125,0.001,0.001,1.4,2026-06-23T09:52:31,0.001,1.4
ip_shuffle,20260623T095231_385712,of:0000000000000001:2 -> of:000000000000000c:1,0.003,0.00375,0.003,0.003,2.86,2026-06-23T09:52:31,0.003,2.96
ip_shuffle,20260623T095231_385712,of:0000000000000006:2 -> of:000000000000000a:2,0.002,0.0025,0.002,0.002,1.9,2026-06-23T09:52:31,0.002,1.9
ip_shuffle,20260623T095231_385712,of:0000000000000001:3 -> of:000000000000000d:1,0.002,0.0025,0.002,0.002,1.53,2026-06-23T09:52:31,0.002,1.46
ip_shuffle,20260623T095231_385712,of:0000000000000003:1 -> of:000000000000000b:5,0.002,0.0025,0.002,0.002,2.43,2026-06-23T09:52:31,0.002,2.33
ip_shuffle,20260623T095231_385712,of:0000000000000006:1 -> of:000000000000000d:4,0.002,0.0025,0.002,0.002,1.56,2026-06-23T09:52:31,0.002,1.7
ip_shuffle,20260623T095231_385712,of:0000000000000007:2 -> of:000000000000000a:3,0.002,0.0025,0.002,0.002,1.9,2026-06-23T09:52:31,0.002,1.9
ip_shuffle,20260623T095231_385712,of:0000000000000007:1 -> of:000000000000000d:5,0.002,0.0025,0.002,0.002,1.56,2026-06-23T09:52:31,0.002,1.46
ip_shuffle,20260623T095231_385712,of:0000000000000002:2 -> of:0000000000000008:2,0.002,0.0025,0.002,0.002,1.7,2026-06-23T09:52:31,0.002,1.7
ip_shuffle,20260623T095231_385712,of:0000000000000003:2 -> of:0000000000000008:3,0.002,0.0025,0.002,0.002,1.7,2026-06-23T09:52:31,0.002,1.7
ip_shuffle,20260623T095231_385712,of:0000000000000008:1 -> of:000000000000000b:6,0.001,0.00125,0.001,0.001,1.5,2026-06-23T09:52:31,0.001,1.36
ip_shuffle,20260623T095231_385712,of:0000000000000004:2 -> of:0000000000000009:2,0.002,0.0025,0.002,0.002,1.83,2026-06-23T09:52:31,0.002,1.83
ip_shuffle,20260623T095231_385712,of:0000000000000002:1 -> of:000000000000000b:4,0.002,0.0025,0.002,0.002,2.0,2026-06-23T09:52:31,0.002,1.9
ip_shuffle,20260623T095231_385712,of:0000000000000009:1 -> of:000000000000000c:6,0.002,0.0025,0.002,0.002,1.53,2026-06-23T09:52:31,0.001,1.36
route_mutation,20260623T095329_068740,of:0000000000000004:1 -> of:000000000000000c:4,0.002,0.0025,0.002,0.002,1.4,2026-06-23T09:53:29,0.002,1.53
route_mutation,20260623T095329_068740,of:0000000000000005:1 -> of:000000000000000c:5,0.002,0.0025,0.002,0.002,1.4,2026-06-23T09:53:29,0.002,1.53
route_mutation,20260623T095329_068740,of:000000000000000a:1 -> of:000000000000000d:6,0.001,0.00125,0.001,0.001,1.3,2026-06-23T09:53:29,0.001,1.43
route_mutation,20260623T095329_068740,of:000000000000000b:3 -> of:000000000000000d:2,0.002,0.0025,0.002,0.002,1.7,2026-06-23T09:53:29,0.002,1.7
route_mutation,20260623T095329_068740,of:000000000000000c:3 -> of:000000000000000d:3,0.002,0.0025,0.002,0.002,1.7,2026-06-23T09:53:29,0.002,1.7
route_mutation,20260623T095329_068740,of:0000000000000005:2 -> of:0000000000000009:3,0.001,0.00125,0.001,0.001,1.36,2026-06-23T09:53:29,0.001,1.36
route_mutation,20260623T095329_068740,of:0000000000000001:1 -> of:000000000000000b:1,0.002,0.0025,0.002,0.002,1.53,2026-06-23T09:53:29,0.002,1.43
route_mutation,20260623T095329_068740,of:000000000000000b:2 -> of:000000000000000c:2,0.002,0.0025,0.002,0.002,1.73,2026-06-23T09:53:29,0.002,1.73
route_mutation,20260623T095329_068740,of:0000000000000001:2 -> of:000000000000000c:1,0.002,0.0025,0.002,0.002,1.53,2026-06-23T09:53:29,0.002,1.43
route_mutation,20260623T095329_068740,of:0000000000000006:2 -> of:000000000000000a:2,0.001,0.00125,0.001,0.001,1.36,2026-06-23T09:53:29,0.001,1.36
route_mutation,20260623T095329_068740,of:0000000000000001:3 -> of:000000000000000d:1,0.002,0.0025,0.002,0.002,2.2,2026-06-23T09:53:29,0.002,2.26
route_mutation,20260623T095329_068740,of:0000000000000003:1 -> of:000000000000000b:5,0.002,0.0025,0.002,0.002,1.43,2026-06-23T09:53:29,0.002,1.53
route_mutation,20260623T095329_068740,of:0000000000000006:1 -> of:000000000000000d:4,0.002,0.0025,0.002,0.002,1.7,2026-06-23T09:53:29,0.002,1.86
route_mutation,20260623T095329_068740,of:0000000000000007:2 -> of:000000000000000a:3,0.001,0.00125,0.001,0.001,1.36,2026-06-23T09:53:29,0.001,1.36
route_mutation,20260623T095329_068740,of:0000000000000007:1 -> of:000000000000000d:5,0.002,0.0025,0.002,0.002,2.0,2026-06-23T09:53:29,0.002,1.8
route_mutation,20260623T095329_068740,of:0000000000000002:2 -> of:0000000000000008:2,0.002,0.0025,0.002,0.002,1.5,2026-06-23T09:53:29,0.002,1.5
route_mutation,20260623T095329_068740,of:0000000000000003:2 -> of:0000000000000008:3,0.002,0.0025,0.002,0.002,1.5,2026-06-23T09:53:29,0.002,1.5
route_mutation,20260623T095329_068740,of:0000000000000008:1 -> of:000000000000000b:6,0.002,0.0025,0.002,0.002,1.4,2026-06-23T09:53:29,0.002,1.53
route_mutation,20260623T095329_068740,of:0000000000000004:2 -> of:0000000000000009:2,0.001,0.00125,0.001,0.001,1.36,2026-06-23T09:53:29,0.001,1.36
route_mutation,20260623T095329_068740,of:0000000000000002:1 -> of:000000000000000b:4,0.002,0.0025,0.002,0.002,1.43,2026-06-23T09:53:29,0.002,1.53
route_mutation,20260623T095329_068740,of:0000000000000009:1 -> of:000000000000000c:6,0.001,0.00125,0.001,0.001,1.3,2026-06-23T09:53:29,0.001,1.46
route_mutation,20260623T095359_422170,of:0000000000000004:1 -> of:000000000000000c:4,0.002,0.0025,0.002,0.002,2.1,2026-06-23T09:53:59,0.002,2.1
route_mutation,20260623T095359_422170,of:0000000000000005:1 -> of:000000000000000c:5,0.002,0.0025,0.002,0.002,1.5,2026-06-23T09:53:59,0.002,1.5
route_mutation,20260623T095359_422170,of:000000000000000a:1 -> of:000000000000000d:6,0.002,0.0025,0.002,0.002,1.53,2026-06-23T09:53:59,0.002,1.53
route_mutation,20260623T095359_422170,of:000000000000000b:3 -> of:000000000000000d:2,0.002,0.0025,0.002,0.002,1.8,2026-06-23T09:53:59,0.002,1.8
route_mutation,20260623T095359_422170,of:000000000000000c:3 -> of:000000000000000d:3,0.002,0.0025,0.002,0.002,1.66,2026-06-23T09:53:59,0.002,1.66
route_mutation,20260623T095359_422170,of:0000000000000005:2 -> of:0000000000000009:3,0.002,0.0025,0.002,0.002,1.73,2026-06-23T09:53:59,0.002,1.73
route_mutation,20260623T095359_422170,of:0000000000000001:1 -> of:000000000000000b:1,0.003,0.00375,0.003,0.003,3.6,2026-06-23T09:53:59,0.003,3.6
route_mutation,20260623T095359_422170,of:000000000000000b:2 -> of:000000000000000c:2,0.002,0.0025,0.002,0.002,1.73,2026-06-23T09:53:59,0.002,1.73
route_mutation,20260623T095359_422170,of:0000000000000001:2 -> of:000000000000000c:1,0.002,0.0025,0.002,0.002,2.0,2026-06-23T09:53:59,0.002,2.0
route_mutation,20260623T095359_422170,of:0000000000000006:2 -> of:000000000000000a:2,0.002,0.0025,0.002,0.002,1.73,2026-06-23T09:53:59,0.002,1.73
route_mutation,20260623T095359_422170,of:0000000000000001:3 -> of:000000000000000d:1,0.001,0.00125,0.001,0.001,1.47,2026-06-23T09:53:59,0.001,1.47
route_mutation,20260623T095359_422170,of:0000000000000003:1 -> of:000000000000000b:5,0.002,0.0025,0.002,0.002,2.56,2026-06-23T09:53:59,0.002,2.56
route_mutation,20260623T095359_422170,of:0000000000000006:1 -> of:000000000000000d:4,0.002,0.0025,0.002,0.002,1.53,2026-06-23T09:53:59,0.002,1.53
route_mutation,20260623T095359_422170,of:0000000000000007:2 -> of:000000000000000a:3,0.002,0.0025,0.002,0.002,1.73,2026-06-23T09:53:59,0.002,1.73
route_mutation,20260623T095359_422170,of:0000000000000007:1 -> of:000000000000000d:5,0.002,0.0025,0.002,0.002,1.53,2026-06-23T09:53:59,0.002,1.53
route_mutation,20260623T095359_422170,of:0000000000000002:2 -> of:0000000000000008:2,0.002,0.0025,0.002,0.002,1.66,2026-06-23T09:53:59,0.002,1.66
route_mutation,20260623T095359_422170,of:0000000000000003:2 -> of:0000000000000008:3,0.002,0.0025,0.002,0.002,1.66,2026-06-23T09:53:59,0.002,1.66
route_mutation,20260623T095359_422170,of:0000000000000008:1 -> of:000000000000000b:6,0.002,0.0025,0.002,0.002,1.6,2026-06-23T09:53:59,0.002,1.6
route_mutation,20260623T095359_422170,of:0000000000000004:2 -> of:0000000000000009:2,0.002,0.0025,0.002,0.002,1.73,2026-06-23T09:53:59,0.002,1.73
route_mutation,20260623T095359_422170,of:0000000000000002:1 -> of:000000000000000b:4,0.002,0.0025,0.002,0.002,2.56,2026-06-23T09:53:59,0.002,2.56
route_mutation,20260623T095359_422170,of:0000000000000009:1 -> of:000000000000000c:6,0.001,0.00125,0.001,0.001,1.47,2026-06-23T09:53:59,0.001,1.47
ip_shuffle,20260623T095429_798228,of:0000000000000004:1 -> of:000000000000000c:4,0.002,0.0025,0.002,0.002,2.16,2026-06-23T09:54:29,0.002,2.03
ip_shuffle,20260623T095429_798228,of:0000000000000005:1 -> of:000000000000000c:5,0.002,0.0025,0.002,0.002,2.76,2026-06-23T09:54:29,0.002,2.63
ip_shuffle,20260623T095429_798228,of:000000000000000a:1 -> of:000000000000000d:6,0.002,0.0025,0.002,0.002,2.03,2026-06-23T09:54:29,0.002,1.9
ip_shuffle,20260623T095429_798228,of:000000000000000b:3 -> of:000000000000000d:2,0.002,0.0025,0.002,0.002,2.66,2026-06-23T09:54:29,0.002,2.66
ip_shuffle,20260623T095429_798228,of:000000000000000c:3 -> of:000000000000000d:3,0.002,0.0025,0.002,0.002,2.5,2026-06-23T09:54:29,0.002,2.5
ip_shuffle,20260623T095429_798228,of:0000000000000005:2 -> of:0000000000000009:3,0.002,0.0025,0.002,0.002,2.76,2026-06-23T09:54:29,0.002,2.76
ip_shuffle,20260623T095429_798228,of:0000000000000001:1 -> of:000000000000000b:1,0.002,0.0025,0.002,0.002,2.1,2026-06-23T09:54:29,0.002,2.03
ip_shuffle,20260623T095429_798228,of:000000000000000b:2 -> of:000000000000000c:2,0.002,0.0025,0.002,0.002,2.7,2026-06-23T09:54:29,0.002,2.7
ip_shuffle,20260623T095429_798228,of:0000000000000001:2 -> of:000000000000000c:1,0.003,0.00375,0.003,0.002,2.93,2026-06-23T09:54:29,0.003,3.03
ip_shuffle,20260623T095429_798228,of:0000000000000006:2 -> of:000000000000000a:2,0.002,0.0025,0.002,0.002,2.76,2026-06-23T09:54:29,0.002,2.76
ip_shuffle,20260623T095429_798228,of:0000000000000001:3 -> of:000000000000000d:1,0.003,0.00375,0.003,0.003,3.5,2026-06-23T09:54:29,0.003,3.43
ip_shuffle,20260623T095429_798228,of:0000000000000003:1 -> of:000000000000000b:5,0.002,0.0025,0.002,0.002,2.03,2026-06-23T09:54:29,0.002,2.1
ip_shuffle,20260623T095429_798228,of:0000000000000006:1 -> of:000000000000000d:4,0.003,0.00375,0.003,0.003,3.23,2026-06-23T09:54:29,0.003,3.13
ip_shuffle,20260623T095429_798228,of:0000000000000007:2 -> of:000000000000000a:3,0.002,0.0025,0.002,0.002,2.76,2026-06-23T09:54:29,0.002,2.76
ip_shuffle,20260623T095429_798228,of:0000000000000007:1 -> of:000000000000000d:5,0.002,0.0025,0.002,0.002,2.13,2026-06-23T09:54:29,0.002,2.26
ip_shuffle,20260623T095429_798228,of:0000000000000002:2 -> of:0000000000000008:2,0.002,0.0025,0.002,0.002,2.76,2026-06-23T09:54:29,0.002,2.76
ip_shuffle,20260623T095429_798228,of:0000000000000003:2 -> of:0000000000000008:3,0.002,0.0025,0.002,0.002,2.76,2026-06-23T09:54:29,0.002,2.76
ip_shuffle,20260623T095429_798228,of:0000000000000008:1 -> of:000000000000000b:6,0.002,0.0025,0.002,0.002,2.06,2026-06-23T09:54:29,0.002,2.1
ip_shuffle,20260623T095429_798228,of:0000000000000004:2 -> of:0000000000000009:2,0.002,0.0025,0.002,0.002,2.76,2026-06-23T09:54:29,0.002,2.76
ip_shuffle,20260623T095429_798228,of:0000000000000002:1 -> of:000000000000000b:4,0.002,0.0025,0.002,0.002,2.03,2026-06-23T09:54:29,0.002,2.1
ip_shuffle,20260623T095429_798228,of:0000000000000009:1 -> of:000000000000000c:6,0.002,0.0025,0.002,0.002,2.1,2026-06-23T09:54:29,0.002,1.93
ip_shuffle,20260623T095534_180843,of:0000000000000004:1 -> of:000000000000000c:4,0.001,0.00125,0.001,0.001,1.4,2026-06-23T09:55:34,0.001,1.43
ip_shuffle,20260623T095534_180843,of:0000000000000005:1 -> of:000000000000000c:5,0.001,0.00125,0.001,0.001,1.4,2026-06-23T09:55:34,0.001,1.43
ip_shuffle,20260623T095534_180843,of:000000000000000a:1 -> of:000000000000000d:6,0.002,0.0025,0.002,0.002,1.5,2026-06-23T09:55:34,0.002,1.5
ip_shuffle,20260623T095534_180843,of:000000000000000b:3 -> of:000000000000000d:2,0.002,0.0025,0.002,0.002,1.66,2026-06-23T09:55:34,0.002,1.66
ip_shuffle,20260623T095534_180843,of:000000000000000c:3 -> of:000000000000000d:3,0.002,0.0025,0.002,0.002,1.6,2026-06-23T09:55:34,0.002,1.6
ip_shuffle,20260623T095534_180843,of:0000000000000005:2 -> of:0000000000000009:3,0.002,0.0025,0.002,0.002,1.63,2026-06-23T09:55:34,0.002,1.63
ip_shuffle,20260623T095534_180843,of:0000000000000001:1 -> of:000000000000000b:1,0.003,0.00375,0.003,0.003,3.3,2026-06-23T09:55:34,0.003,3.4
ip_shuffle,20260623T095534_180843,of:000000000000000b:2 -> of:000000000000000c:2,0.002,0.0025,0.002,0.002,1.6,2026-06-23T09:55:34,0.002,1.6
ip_shuffle,20260623T095534_180843,of:0000000000000001:2 -> of:000000000000000c:1,0.001,0.00125,0.001,0.001,1.37,2026-06-23T09:55:34,0.001,1.4
ip_shuffle,20260623T095534_180843,of:0000000000000006:2 -> of:000000000000000a:2,0.002,0.0025,0.002,0.002,1.66,2026-06-23T09:55:34,0.002,1.66
ip_shuffle,20260623T095534_180843,of:0000000000000001:3 -> of:000000000000000d:1,0.002,0.0025,0.002,0.002,2.23,2026-06-23T09:55:34,0.002,2.26
ip_shuffle,20260623T095534_180843,of:0000000000000003:1 -> of:000000000000000b:5,0.002,0.0025,0.002,0.002,2.43,2026-06-23T09:55:34,0.002,2.33
ip_shuffle,20260623T095534_180843,of:0000000000000006:1 -> of:000000000000000d:4,0.002,0.0025,0.002,0.002,1.56,2026-06-23T09:55:34,0.002,1.53
ip_shuffle,20260623T095534_180843,of:0000000000000007:2 -> of:000000000000000a:3,0.002,0.0025,0.002,0.002,1.66,2026-06-23T09:55:34,0.002,1.66
ip_shuffle,20260623T095534_180843,of:0000000000000007:1 -> of:000000000000000d:5,0.002,0.0025,0.002,0.002,2.26,2026-06-23T09:55:34,0.002,2.2
ip_shuffle,20260623T095534_180843,of:0000000000000002:2 -> of:0000000000000008:2,0.002,0.0025,0.002,0.002,1.7,2026-06-23T09:55:34,0.002,1.7
ip_shuffle,20260623T095534_180843,of:0000000000000003:2 -> of:0000000000000008:3,0.002,0.0025,0.002,0.002,1.7,2026-06-23T09:55:34,0.002,1.7
ip_shuffle,20260623T095534_180843,of:0000000000000008:1 -> of:000000000000000b:6,0.002,0.0025,0.002,0.002,1.5,2026-06-23T09:55:34,0.002,1.5
ip_shuffle,20260623T095534_180843,of:0000000000000004:2 -> of:0000000000000009:2,0.002,0.0025,0.002,0.002,1.63,2026-06-23T09:55:34,0.002,1.63
ip_shuffle,20260623T095534_180843,of:0000000000000002:1 -> of:000000000000000b:4,0.002,0.0025,0.002,0.002,2.56,2026-06-23T09:55:34,0.002,2.53
ip_shuffle,20260623T095534_180843,of:0000000000000009:1 -> of:000000000000000c:6,0.001,0.00125,0.001,0.001,1.43,2026-06-23T09:55:34,0.001,1.43
ip_shuffle,20260623T095638_421156,of:0000000000000004:1 -> of:000000000000000c:4,0.002,0.0025,0.002,0.002,2.13,2026-06-23T09:56:38,0.002,2.33
ip_shuffle,20260623T095638_421156,of:0000000000000005:1 -> of:000000000000000c:5,0.002,0.0025,0.002,0.002,2.13,2026-06-23T09:56:38,0.002,2.33
ip_shuffle,20260623T095638_421156,of:000000000000000a:1 -> of:000000000000000d:6,0.002,0.0025,0.002,0.002,1.96,2026-06-23T09:56:38,0.002,2.16
ip_shuffle,20260623T095638_421156,of:000000000000000b:3 -> of:000000000000000d:2,0.002,0.0025,0.002,0.002,2.9,2026-06-23T09:56:38,0.002,2.86
ip_shuffle,20260623T095638_421156,of:000000000000000c:3 -> of:000000000000000d:3,0.002,0.0025,0.002,0.002,3.26,2026-06-23T09:56:38,0.002,3.23
ip_shuffle,20260623T095638_421156,of:0000000000000005:2 -> of:0000000000000009:3,0.002,0.0025,0.002,0.002,2.73,2026-06-23T09:56:38,0.002,2.73
ip_shuffle,20260623T095638_421156,of:0000000000000001:1 -> of:000000000000000b:1,0.002,0.0025,0.002,0.002,1.96,2026-06-23T09:56:38,0.002,2.03
ip_shuffle,20260623T095638_421156,of:000000000000000b:2 -> of:000000000000000c:2,0.002,0.0025,0.002,0.002,2.96,2026-06-23T09:56:38,0.002,2.96
ip_shuffle,20260623T095638_421156,of:0000000000000001:2 -> of:000000000000000c:1,0.002,0.0025,0.002,0.002,2.33,2026-06-23T09:56:38,0.002,2.16
ip_shuffle,20260623T095638_421156,of:0000000000000006:2 -> of:000000000000000a:2,0.002,0.0025,0.002,0.002,2.7,2026-06-23T09:56:38,0.002,2.73
ip_shuffle,20260623T095638_421156,of:0000000000000001:3 -> of:000000000000000d:1,0.004,0.005,0.004,0.004,5.06,2026-06-23T09:56:38,0.004,5.16
ip_shuffle,20260623T095638_421156,of:0000000000000003:1 -> of:000000000000000b:5,0.002,0.0025,0.002,0.002,2.03,2026-06-23T09:56:38,0.002,1.96
ip_shuffle,20260623T095638_421156,of:0000000000000006:1 -> of:000000000000000d:4,0.003,0.00375,0.003,0.003,3.33,2026-06-23T09:56:38,0.002,3.2
ip_shuffle,20260623T095638_421156,of:0000000000000007:2 -> of:000000000000000a:3,0.002,0.0025,0.002,0.002,2.73,2026-06-23T09:56:38,0.002,2.73
ip_shuffle,20260623T095638_421156,of:0000000000000007:1 -> of:000000000000000d:5,0.003,0.00375,0.003,0.003,4.03,2026-06-23T09:56:38,0.003,4.16
ip_shuffle,20260623T095638_421156,of:0000000000000002:2 -> of:0000000000000008:2,0.002,0.0025,0.002,0.002,2.76,2026-06-23T09:56:38,0.002,2.76
ip_shuffle,20260623T095638_421156,of:0000000000000003:2 -> of:0000000000000008:3,0.002,0.0025,0.002,0.002,2.76,2026-06-23T09:56:38,0.002,2.76
ip_shuffle,20260623T095638_421156,of:0000000000000008:1 -> of:000000000000000b:6,0.002,0.0025,0.002,0.002,1.93,2026-06-23T09:56:38,0.002,1.9
ip_shuffle,20260623T095638_421156,of:0000000000000004:2 -> of:0000000000000009:2,0.002,0.0025,0.002,0.002,2.73,2026-06-23T09:56:38,0.002,2.73
ip_shuffle,20260623T095638_421156,of:0000000000000002:1 -> of:000000000000000b:4,0.002,0.0025,0.002,0.002,2.06,2026-06-23T09:56:38,0.002,1.96
ip_shuffle,20260623T095638_421156,of:0000000000000009:1 -> of:000000000000000c:6,0.002,0.0025,0.002,0.002,2.06,2026-06-23T09:56:38,0.002,2.26
ip_shuffle,20260623T095736_123518,of:0000000000000004:1 -> of:000000000000000c:4,0.002,0.0025,0.002,0.002,2.23,2026-06-23T09:57:36,0.002,2.23
ip_shuffle,20260623T095736_123518,of:0000000000000005:1 -> of:000000000000000c:5,0.002,0.0025,0.002,0.002,1.93,2026-06-23T09:57:36,0.002,1.93
ip_shuffle,20260623T095736_123518,of:000000000000000a:1 -> of:000000000000000d:6,0.001,0.00125,0.001,0.001,1.43,2026-06-23T09:57:36,0.001,1.43
ip_shuffle,20260623T095736_123518,of:000000000000000b:3 -> of:000000000000000d:2,0.002,0.0025,0.002,0.002,1.6,2026-06-23T09:57:36,0.002,1.6
ip_shuffle,20260623T095736_123518,of:000000000000000c:3 -> of:000000000000000d:3,0.002,0.0025,0.002,0.002,1.6,2026-06-23T09:57:36,0.002,1.6
ip_shuffle,20260623T095736_123518,of:0000000000000005:2 -> of:0000000000000009:3,0.002,0.0025,0.002,0.002,1.6,2026-06-23T09:57:36,0.002,1.6
ip_shuffle,20260623T095736_123518,of:0000000000000001:1 -> of:000000000000000b:1,0.002,0.0025,0.002,0.002,2.7,2026-06-23T09:57:36,0.002,2.73
ip_shuffle,20260623T095736_123518,of:000000000000000b:2 -> of:000000000000000c:2,0.002,0.0025,0.002,0.002,1.66,2026-06-23T09:57:36,0.002,1.66
ip_shuffle,20260623T095736_123518,of:0000000000000001:2 -> of:000000000000000c:1,0.003,0.00375,0.003,0.003,2.76,2026-06-23T09:57:36,0.003,2.76
ip_shuffle,20260623T095736_123518,of:0000000000000006:2 -> of:000000000000000a:2,0.002,0.0025,0.002,0.002,1.6,2026-06-23T09:57:36,0.002,1.6
ip_shuffle,20260623T095736_123518,of:0000000000000001:3 -> of:000000000000000d:1,0.002,0.0025,0.002,0.002,2.06,2026-06-23T09:57:36,0.002,2.06
ip_shuffle,20260623T095736_123518,of:0000000000000003:1 -> of:000000000000000b:5,0.002,0.0025,0.002,0.002,2.43,2026-06-23T09:57:36,0.002,2.43
ip_shuffle,20260623T095736_123518,of:0000000000000006:1 -> of:000000000000000d:4,0.001,0.00125,0.001,0.001,1.37,2026-06-23T09:57:36,0.001,1.37
ip_shuffle,20260623T095736_123518,of:0000000000000007:2 -> of:000000000000000a:3,0.002,0.0025,0.002,0.002,1.66,2026-06-23T09:57:36,0.002,1.66
ip_shuffle,20260623T095736_123518,of:0000000000000007:1 -> of:000000000000000d:5,0.002,0.0025,0.002,0.002,2.06,2026-06-23T09:57:36,0.002,2.06
ip_shuffle,20260623T095736_123518,of:0000000000000002:2 -> of:0000000000000008:2,0.002,0.0025,0.002,0.002,1.6,2026-06-23T09:57:36,0.002,1.6
ip_shuffle,20260623T095736_123518,of:0000000000000003:2 -> of:0000000000000008:3,0.002,0.0025,0.002,0.002,1.6,2026-06-23T09:57:36,0.002,1.6
ip_shuffle,20260623T095736_123518,of:0000000000000008:1 -> of:000000000000000b:6,0.002,0.0025,0.002,0.002,1.5,2026-06-23T09:57:36,0.002,1.5
ip_shuffle,20260623T095736_123518,of:0000000000000004:2 -> of:0000000000000009:2,0.002,0.0025,0.002,0.002,1.6,2026-06-23T09:57:36,0.002,1.6
ip_shuffle,20260623T095736_123518,of:0000000000000002:1 -> of:000000000000000b:4,0.002,0.0025,0.002,0.002,1.66,2026-06-23T09:57:36,0.002,1.66
ip_shuffle,20260623T095736_123518,of:0000000000000009:1 -> of:000000000000000c:6,0.002,0.0025,0.002,0.002,1.5,2026-06-23T09:57:36,0.002,1.5
route_mutation,20260623T095840_282910,of:0000000000000004:1 -> of:000000000000000c:4,0.002,0.0025,0.002,0.002,1.43,2026-06-23T09:58:40,0.002,1.43
route_mutation,20260623T095840_282910,of:0000000000000005:1 -> of:000000000000000c:5,0.002,0.0025,0.002,0.002,1.43,2026-06-23T09:58:40,0.002,1.43
route_mutation,20260623T095840_282910,of:000000000000000a:1 -> of:000000000000000d:6,0.001,0.00125,0.001,0.001,1.36,2026-06-23T09:58:40,0.001,1.36
route_mutation,20260623T095840_282910,of:000000000000000b:3 -> of:000000000000000d:2,0.001,0.00125,0.001,0.001,1.46,2026-06-23T09:58:40,0.001,1.46
route_mutation,20260623T095840_282910,of:000000000000000c:3 -> of:000000000000000d:3,0.002,0.0025,0.002,0.002,1.53,2026-06-23T09:58:40,0.002,1.53
route_mutation,20260623T095840_282910,of:0000000000000005:2 -> of:0000000000000009:3,0.001,0.00125,0.001,0.001,1.46,2026-06-23T09:58:40,0.001,1.46
route_mutation,20260623T095840_282910,of:0000000000000001:1 -> of:000000000000000b:1,0.003,0.00375,0.003,0.003,2.8,2026-06-23T09:58:40,0.003,2.8
route_mutation,20260623T095840_282910,of:000000000000000b:2 -> of:000000000000000c:2,0.002,0.0025,0.002,0.002,1.6,2026-06-23T09:58:40,0.002,1.6
route_mutation,20260623T095840_282910,of:0000000000000001:2 -> of:000000000000000c:1,0.002,0.0025,0.002,0.002,1.5,2026-06-23T09:58:40,0.002,1.5
route_mutation,20260623T095840_282910,of:0000000000000006:2 -> of:000000000000000a:2,0.001,0.00125,0.001,0.001,1.46,2026-06-23T09:58:40,0.001,1.46
route_mutation,20260623T095840_282910,of:0000000000000001:3 -> of:000000000000000d:1,0.001,0.00125,0.001,0.001,1.36,2026-06-23T09:58:40,0.001,1.36
route_mutation,20260623T095840_282910,of:0000000000000003:1 -> of:000000000000000b:5,0.002,0.0025,0.002,0.002,1.7,2026-06-23T09:58:40,0.002,1.7
route_mutation,20260623T095840_282910,of:0000000000000006:1 -> of:000000000000000d:4,0.001,0.00125,0.001,0.001,1.3,2026-06-23T09:58:40,0.001,1.3
route_mutation,20260623T095840_282910,of:0000000000000007:2 -> of:000000000000000a:3,0.002,0.0025,0.002,0.002,1.53,2026-06-23T09:58:40,0.002,1.53
route_mutation,20260623T095840_282910,of:0000000000000007:1 -> of:000000000000000d:5,0.001,0.00125,0.001,0.001,1.36,2026-06-23T09:58:40,0.001,1.36
route_mutation,20260623T095840_282910,of:0000000000000002:2 -> of:0000000000000008:2,0.001,0.00125,0.001,0.001,1.46,2026-06-23T09:58:40,0.001,1.46
route_mutation,20260623T095840_282910,of:0000000000000003:2 -> of:0000000000000008:3,0.001,0.00125,0.001,0.001,1.46,2026-06-23T09:58:40,0.001,1.46
route_mutation,20260623T095840_282910,of:0000000000000008:1 -> of:000000000000000b:6,0.002,0.0025,0.002,0.002,1.43,2026-06-23T09:58:40,0.002,1.43
route_mutation,20260623T095840_282910,of:0000000000000004:2 -> of:0000000000000009:2,0.001,0.00125,0.001,0.001,1.46,2026-06-23T09:58:40,0.001,1.46
route_mutation,20260623T095840_282910,of:0000000000000002:1 -> of:000000000000000b:4,0.002,0.0025,0.002,0.002,2.4,2026-06-23T09:58:40,0.002,2.4
route_mutation,20260623T095840_282910,of:0000000000000009:1 -> of:000000000000000c:6,0.002,0.0025,0.002,0.002,1.5,2026-06-23T09:58:40,0.002,1.5
route_mutation,20260623T095910_608010,of:0000000000000004:1 -> of:000000000000000c:4,0.002,0.0025,0.002,0.002,2.46,2026-06-23T09:59:10,0.002,2.46
route_mutation,20260623T095910_608010,of:0000000000000005:1 -> of:000000000000000c:5,0.002,0.0025,0.002,0.002,2.46,2026-06-23T09:59:10,0.002,2.46
route_mutation,20260623T095910_608010,of:000000000000000a:1 -> of:000000000000000d:6,0.002,0.0025,0.002,0.002,1.66,2026-06-23T09:59:10,0.002,1.56
route_mutation,20260623T095910_608010,of:000000000000000b:3 -> of:000000000000000d:2,0.002,0.0025,0.002,0.002,1.96,2026-06-23T09:59:10,0.002,1.96
route_mutation,20260623T095910_608010,of:000000000000000c:3 -> of:000000000000000d:3,0.002,0.0025,0.002,0.002,1.96,2026-06-23T09:59:10,0.002,1.96
route_mutation,20260623T095910_608010,of:0000000000000005:2 -> of:0000000000000009:3,0.002,0.0025,0.002,0.002,2.06,2026-06-23T09:59:10,0.002,2.06
route_mutation,20260623T095910_608010,of:0000000000000001:1 -> of:000000000000000b:1,0.002,0.0025,0.002,0.002,2.36,2026-06-23T09:59:10,0.002,2.33
route_mutation,20260623T095910_608010,of:000000000000000b:2 -> of:000000000000000c:2,0.002,0.0025,0.002,0.002,2.0,2026-06-23T09:59:10,0.002,2.0
route_mutation,20260623T095910_608010,of:0000000000000001:2 -> of:000000000000000c:1,0.003,0.00375,0.003,0.003,3.26,2026-06-23T09:59:10,0.003,3.23
route_mutation,20260623T095910_608010,of:0000000000000006:2 -> of:000000000000000a:2,0.002,0.0025,0.002,0.002,2.06,2026-06-23T09:59:10,0.002,2.06
route_mutation,20260623T095910_608010,of:0000000000000001:3 -> of:000000000000000d:1,0.002,0.0025,0.002,0.002,2.1,2026-06-23T09:59:10,0.002,2.0
route_mutation,20260623T095910_608010,of:0000000000000003:1 -> of:000000000000000b:5,0.002,0.0025,0.002,0.002,2.33,2026-06-23T09:59:10,0.002,2.36
route_mutation,20260623T095910_608010,of:0000000000000006:1 -> of:000000000000000d:4,0.002,0.0025,0.002,0.002,2.0,2026-06-23T09:59:10,0.002,2.13
route_mutation,20260623T095910_608010,of:0000000000000007:2 -> of:000000000000000a:3,0.002,0.0025,0.002,0.002,2.0,2026-06-23T09:59:10,0.002,2.0
route_mutation,20260623T095910_608010,of:0000000000000007:1 -> of:000000000000000d:5,0.002,0.0025,0.002,0.002,1.66,2026-06-23T09:59:10,0.002,1.56
route_mutation,20260623T095910_608010,of:0000000000000002:2 -> of:0000000000000008:2,0.002,0.0025,0.002,0.002,2.03,2026-06-23T09:59:10,0.002,2.03
route_mutation,20260623T095910_608010,of:0000000000000003:2 -> of:0000000000000008:3,0.002,0.0025,0.002,0.002,2.03,2026-06-23T09:59:10,0.002,2.03
route_mutation,20260623T095910_608010,of:0000000000000008:1 -> of:000000000000000b:6,0.001,0.00125,0.001,0.001,1.6,2026-06-23T09:59:10,0.001,1.6
route_mutation,20260623T095910_608010,of:0000000000000004:2 -> of:0000000000000009:2,0.002,0.0025,0.002,0.002,2.06,2026-06-23T09:59:10,0.002,2.06
route_mutation,20260623T095910_608010,of:0000000000000002:1 -> of:000000000000000b:4,0.002,0.0025,0.002,0.002,1.63,2026-06-23T09:59:10,0.002,1.66
route_mutation,20260623T095910_608010,of:0000000000000009:1 -> of:000000000000000c:6,0.001,0.00125,0.001,0.001,1.6,2026-06-23T09:59:10,0.001,1.6
route_mutation,20260623T095940_994335,of:0000000000000004:1 -> of:000000000000000c:4,0.002,0.0025,0.002,0.002,2.13,2026-06-23T09:59:40,0.002,2.13
route_mutation,20260623T095940_994335,of:0000000000000005:1 -> of:000000000000000c:5,0.002,0.0025,0.002,0.002,2.13,2026-06-23T09:59:40,0.002,2.13
route_mutation,20260623T095940_994335,of:000000000000000a:1 -> of:000000000000000d:6,0.002,0.0025,0.002,0.002,2.13,2026-06-23T09:59:40,0.002,2.23
route_mutation,20260623T095940_994335,of:000000000000000b:3 -> of:000000000000000d:2,0.002,0.0025,0.002,0.002,3.03,2026-06-23T09:59:40,0.002,3.03
route_mutation,20260623T095940_994335,of:000000000000000c:3 -> of:000000000000000d:3,0.002,0.0025,0.002,0.002,3.03,2026-06-23T09:59:40,0.002,3.03
route_mutation,20260623T095940_994335,of:0000000000000005:2 -> of:0000000000000009:3,0.002,0.0025,0.002,0.002,2.93,2026-06-23T09:59:40,0.002,2.93
route_mutation,20260623T095940_994335,of:0000000000000001:1 -> of:000000000000000b:1,0.002,0.0025,0.002,0.002,2.13,2026-06-23T09:59:40,0.002,2.16
route_mutation,20260623T095940_994335,of:000000000000000b:2 -> of:000000000000000c:2,0.002,0.0025,0.002,0.002,2.93,2026-06-23T09:59:40,0.002,2.93
route_mutation,20260623T095940_994335,of:0000000000000001:2 -> of:000000000000000c:1,0.002,0.0025,0.002,0.002,2.13,2026-06-23T09:59:40,0.002,2.16
route_mutation,20260623T095940_994335,of:0000000000000006:2 -> of:000000000000000a:2,0.002,0.0025,0.002,0.002,2.93,2026-06-23T09:59:40,0.002,2.93
route_mutation,20260623T095940_994335,of:0000000000000001:3 -> of:000000000000000d:1,0.003,0.00375,0.003,0.003,4.36,2026-06-23T09:59:40,0.003,4.39
route_mutation,20260623T095940_994335,of:0000000000000003:1 -> of:000000000000000b:5,0.002,0.0025,0.002,0.002,2.16,2026-06-23T09:59:40,0.002,2.13
route_mutation,20260623T095940_994335,of:0000000000000006:1 -> of:000000000000000d:4,0.002,0.0025,0.002,0.002,3.16,2026-06-23T09:59:40,0.002,3.03
route_mutation,20260623T095940_994335,of:0000000000000007:2 -> of:000000000000000a:3,0.002,0.0025,0.002,0.002,2.93,2026-06-23T09:59:40,0.002,2.93
route_mutation,20260623T095940_994335,of:0000000000000007:1 -> of:000000000000000d:5,0.003,0.00375,0.003,0.003,3.36,2026-06-23T09:59:40,0.003,3.53
route_mutation,20260623T095940_994335,of:0000000000000002:2 -> of:0000000000000008:2,0.002,0.0025,0.002,0.002,2.96,2026-06-23T09:59:40,0.002,2.96
route_mutation,20260623T095940_994335,of:0000000000000003:2 -> of:0000000000000008:3,0.002,0.0025,0.002,0.002,2.96,2026-06-23T09:59:40,0.002,2.96
route_mutation,20260623T095940_994335,of:0000000000000008:1 -> of:000000000000000b:6,0.002,0.0025,0.002,0.002,2.13,2026-06-23T09:59:40,0.002,2.13
route_mutation,20260623T095940_994335,of:0000000000000004:2 -> of:0000000000000009:2,0.002,0.0025,0.002,0.002,2.93,2026-06-23T09:59:40,0.002,2.93
route_mutation,20260623T095940_994335,of:0000000000000002:1 -> of:000000000000000b:4,0.002,0.0025,0.002,0.002,2.16,2026-06-23T09:59:40,0.002,2.13
route_mutation,20260623T095940_994335,of:0000000000000009:1 -> of:000000000000000c:6,0.002,0.0025,0.002,0.002,2.13,2026-06-23T09:59:40,0.002,2.13
ip_shuffle,20260623T100011_350045,of:0000000000000004:1 -> of:000000000000000c:4,0.001,0.00125,0.001,0.001,1.36,2026-06-23T10:00:11,0.001,1.36
ip_shuffle,20260623T100011_350045,of:0000000000000005:1 -> of:000000000000000c:5,0.001,0.00125,0.001,0.001,1.36,2026-06-23T10:00:11,0.001,1.36
ip_shuffle,20260623T100011_350045,of:000000000000000a:1 -> of:000000000000000d:6,0.001,0.00125,0.001,0.001,1.36,2026-06-23T10:00:11,0.001,1.26
ip_shuffle,20260623T100011_350045,of:000000000000000b:3 -> of:000000000000000d:2,0.001,0.00125,0.001,0.001,1.36,2026-06-23T10:00:11,0.001,1.36
ip_shuffle,20260623T100011_350045,of:000000000000000c:3 -> of:000000000000000d:3,0.001,0.00125,0.001,0.001,1.36,2026-06-23T10:00:11,0.001,1.36
ip_shuffle,20260623T100011_350045,of:0000000000000005:2 -> of:0000000000000009:3,0.001,0.00125,0.001,0.001,1.46,2026-06-23T10:00:11,0.001,1.46
ip_shuffle,20260623T100011_350045,of:0000000000000001:1 -> of:000000000000000b:1,0.002,0.0025,0.002,0.002,1.46,2026-06-23T10:00:11,0.002,1.56
ip_shuffle,20260623T100011_350045,of:000000000000000b:2 -> of:000000000000000c:2,0.002,0.0025,0.002,0.002,1.53,2026-06-23T10:00:11,0.002,1.53
ip_shuffle,20260623T100011_350045,of:0000000000000001:2 -> of:000000000000000c:1,0.001,0.00125,0.001,0.001,1.4,2026-06-23T10:00:11,0.001,1.36
ip_shuffle,20260623T100011_350045,of:0000000000000006:2 -> of:000000000000000a:2,0.002,0.0025,0.002,0.002,1.53,2026-06-23T10:00:11,0.002,1.53
ip_shuffle,20260623T100011_350045,of:0000000000000001:3 -> of:000000000000000d:1,0.001,0.00125,0.001,0.001,1.3,2026-06-23T10:00:11,0.001,1.43
ip_shuffle,20260623T100011_350045,of:0000000000000003:1 -> of:000000000000000b:5,0.001,0.00125,0.001,0.001,1.36,2026-06-23T10:00:11,0.001,1.4
ip_shuffle,20260623T100011_350045,of:0000000000000006:1 -> of:000000000000000d:4,0.001,0.00125,0.001,0.001,1.36,2026-06-23T10:00:11,0.001,1.26
ip_shuffle,20260623T100011_350045,of:0000000000000007:2 -> of:000000000000000a:3,0.002,0.0025,0.002,0.002,1.56,2026-06-23T10:00:11,0.002,1.56
ip_shuffle,20260623T100011_350045,of:0000000000000007:1 -> of:000000000000000d:5,0.002,0.0025,0.002,0.002,1.53,2026-06-23T10:00:11,0.001,1.36
ip_shuffle,20260623T100011_350045,of:0000000000000002:2 -> of:0000000000000008:2,0.001,0.00125,0.001,0.001,1.43,2026-06-23T10:00:11,0.001,1.43
ip_shuffle,20260623T100011_350045,of:0000000000000003:2 -> of:0000000000000008:3,0.001,0.00125,0.001,0.001,1.43,2026-06-23T10:00:11,0.001,1.43
ip_shuffle,20260623T100011_350045,of:0000000000000008:1 -> of:000000000000000b:6,0.002,0.0025,0.002,0.002,1.43,2026-06-23T10:00:11,0.002,1.43
ip_shuffle,20260623T100011_350045,of:0000000000000004:2 -> of:0000000000000009:2,0.001,0.00125,0.001,0.001,1.5,2026-06-23T10:00:11,0.001,1.5
ip_shuffle,20260623T100011_350045,of:0000000000000002:1 -> of:000000000000000b:4,0.002,0.0025,0.002,0.002,1.56,2026-06-23T10:00:11,0.002,1.46
ip_shuffle,20260623T100011_350045,of:0000000000000009:1 -> of:000000000000000c:6,0.002,0.0025,0.002,0.002,1.43,2026-06-23T10:00:11,0.002,1.43
route_mutation,20260623T100115_400430,of:0000000000000004:1 -> of:000000000000000c:4,0.002,0.0025,0.002,0.002,2.16,2026-06-23T10:01:15,0.002,2.16
route_mutation,20260623T100115_400430,of:0000000000000005:1 -> of:000000000000000c:5,0.002,0.0025,0.002,0.002,2.2,2026-06-23T10:01:15,0.002,2.2
route_mutation,20260623T100115_400430,of:000000000000000a:1 -> of:000000000000000d:6,0.002,0.0025,0.002,0.002,2.3,2026-06-23T10:01:15,0.002,2.33
route_mutation,20260623T100115_400430,of:000000000000000b:3 -> of:000000000000000d:2,0.002,0.0025,0.002,0.002,3.23,2026-06-23T10:01:15,0.002,3.23
route_mutation,20260623T100115_400430,of:000000000000000c:3 -> of:000000000000000d:3,0.002,0.0025,0.002,0.002,3.16,2026-06-23T10:01:15,0.002,3.16
route_mutation,20260623T100115_400430,of:0000000000000005:2 -> of:0000000000000009:3,0.002,0.0025,0.002,0.002,3.13,2026-06-23T10:01:15,0.002,3.13
route_mutation,20260623T100115_400430,of:0000000000000001:1 -> of:000000000000000b:1,0.002,0.0025,0.002,0.002,2.23,2026-06-23T10:01:15,0.002,2.2
route_mutation,20260623T100115_400430,of:000000000000000b:2 -> of:000000000000000c:2,0.002,0.0025,0.002,0.002,3.06,2026-06-23T10:01:15,0.002,3.06
route_mutation,20260623T100115_400430,of:0000000000000001:2 -> of:000000000000000c:1,0.002,0.0025,0.002,0.002,2.26,2026-06-23T10:01:15,0.002,2.23
route_mutation,20260623T100115_400430,of:0000000000000006:2 -> of:000000000000000a:2,0.002,0.0025,0.002,0.002,3.13,2026-06-23T10:01:15,0.002,3.13
route_mutation,20260623T100115_400430,of:0000000000000001:3 -> of:000000000000000d:1,0.004,0.005,0.004,0.003,4.36,2026-06-23T10:01:15,0.004,4.46
route_mutation,20260623T100115_400430,of:0000000000000003:1 -> of:000000000000000b:5,0.002,0.0025,0.002,0.002,2.2,2026-06-23T10:01:15,0.002,2.23
route_mutation,20260623T100115_400430,of:0000000000000006:1 -> of:000000000000000d:4,0.003,0.00375,0.003,0.003,3.59,2026-06-23T10:01:15,0.003,3.63
route_mutation,20260623T100115_400430,of:0000000000000007:2 -> of:000000000000000a:3,0.002,0.0025,0.002,0.002,3.13,2026-06-23T10:01:15,0.002,3.13
route_mutation,20260623T100115_400430,of:0000000000000007:1 -> of:000000000000000d:5,0.003,0.00375,0.003,0.003,3.16,2026-06-23T10:01:15,0.002,3.1
route_mutation,20260623T100115_400430,of:0000000000000002:2 -> of:0000000000000008:2,0.002,0.0025,0.002,0.002,3.1,2026-06-23T10:01:15,0.002,3.1
route_mutation,20260623T100115_400430,of:0000000000000003:2 -> of:0000000000000008:3,0.002,0.0025,0.002,0.002,3.1,2026-06-23T10:01:15,0.002,3.1
route_mutation,20260623T100115_400430,of:0000000000000008:1 -> of:000000000000000b:6,0.002,0.0025,0.002,0.002,2.23,2026-06-23T10:01:15,0.002,2.23
route_mutation,20260623T100115_400430,of:0000000000000004:2 -> of:0000000000000009:2,0.002,0.0025,0.002,0.002,3.13,2026-06-23T10:01:15,0.002,3.13
route_mutation,20260623T100115_400430,of:0000000000000002:1 -> of:000000000000000b:4,0.002,0.0025,0.002,0.002,2.2,2026-06-23T10:01:15,0.002,2.23
route_mutation,20260623T100115_400430,of:0000000000000009:1 -> of:000000000000000c:6,0.002,0.0025,0.002,0.002,2.16,2026-06-23T10:01:15,0.002,2.16
ip_shuffle,20260623T100145_766151,of:0000000000000004:1 -> of:000000000000000c:4,0.001,0.00125,0.001,0.001,1.46,2026-06-23T10:01:45,0.001,1.43
ip_shuffle,20260623T100145_766151,of:0000000000000005:1 -> of:000000000000000c:5,0.001,0.00125,0.001,0.001,1.46,2026-06-23T10:01:45,0.001,1.43
ip_shuffle,20260623T100145_766151,of:000000000000000a:1 -> of:000000000000000d:6,0.002,0.0025,0.002,0.002,1.5,2026-06-23T10:01:45,0.002,1.5
ip_shuffle,20260623T100145_766151,of:000000000000000b:3 -> of:000000000000000d:2,0.002,0.0025,0.002,0.002,1.66,2026-06-23T10:01:45,0.002,1.66
ip_shuffle,20260623T100145_766151,of:000000000000000c:3 -> of:000000000000000d:3,0.002,0.0025,0.002,0.002,1.66,2026-06-23T10:01:45,0.002,1.66
ip_shuffle,20260623T100145_766151,of:0000000000000005:2 -> of:0000000000000009:3,0.002,0.0025,0.002,0.002,1.66,2026-06-23T10:01:45,0.002,1.66
ip_shuffle,20260623T100145_766151,of:0000000000000001:1 -> of:000000000000000b:1,0.001,0.00125,0.001,0.001,1.43,2026-06-23T10:01:45,0.001,1.5
ip_shuffle,20260623T100145_766151,of:000000000000000b:2 -> of:000000000000000c:2,0.002,0.0025,0.002,0.002,1.66,2026-06-23T10:01:45,0.002,1.66
ip_shuffle,20260623T100145_766151,of:0000000000000001:2 -> of:000000000000000c:1,0.001,0.00125,0.001,0.001,1.43,2026-06-23T10:01:45,0.001,1.5
ip_shuffle,20260623T100145_766151,of:0000000000000006:2 -> of:000000000000000a:2,0.002,0.0025,0.002,0.002,1.7,2026-06-23T10:01:45,0.002,1.7
ip_shuffle,20260623T100145_766151,of:0000000000000001:3 -> of:000000000000000d:1,0.002,0.0025,0.002,0.002,2.1,2026-06-23T10:01:45,0.002,2.0
ip_shuffle,20260623T100145_766151,of:0000000000000003:1 -> of:000000000000000b:5,0.001,0.00125,0.001,0.001,1.5,2026-06-23T10:01:45,0.001,1.43
ip_shuffle,20260623T100145_766151,of:0000000000000006:1 -> of:000000000000000d:4,0.002,0.0025,0.002,0.002,1.53,2026-06-23T10:01:45,0.002,1.5
ip_shuffle,20260623T100145_766151,of:0000000000000007:2 -> of:000000000000000a:3,0.002,0.0025,0.002,0.002,1.7,2026-06-23T10:01:45,0.002,1.7
ip_shuffle,20260623T100145_766151,of:0000000000000007:1 -> of:000000000000000d:5,0.002,0.0025,0.002,0.002,2.06,2026-06-23T10:01:45,0.002,2.13
ip_shuffle,20260623T100145_766151,of:0000000000000002:2 -> of:0000000000000008:2,0.002,0.0025,0.002,0.002,1.7,2026-06-23T10:01:45,0.002,1.7
ip_shuffle,20260623T100145_766151,of:0000000000000003:2 -> of:0000000000000008:3,0.002,0.0025,0.002,0.002,1.7,2026-06-23T10:01:45,0.002,1.7
ip_shuffle,20260623T100145_766151,of:0000000000000008:1 -> of:000000000000000b:6,0.002,0.0025,0.002,0.002,1.53,2026-06-23T10:01:45,0.002,1.5
ip_shuffle,20260623T100145_766151,of:0000000000000004:2 -> of:0000000000000009:2,0.002,0.0025,0.002,0.002,1.66,2026-06-23T10:01:45,0.002,1.66
ip_shuffle,20260623T100145_766151,of:0000000000000002:1 -> of:000000000000000b:4,0.001,0.00125,0.001,0.001,1.5,2026-06-23T10:01:45,0.001,1.43
ip_shuffle,20260623T100145_766151,of:0000000000000009:1 -> of:000000000000000c:6,0.002,0.0025,0.002,0.002,1.53,2026-06-23T10:01:45,0.002,1.5
route_mutation,20260623T100243_471308,of:0000000000000004:1 -> of:000000000000000c:4,0.002,0.0025,0.002,0.002,2.53,2026-06-23T10:02:43,0.002,2.56
route_mutation,20260623T100243_471308,of:0000000000000005:1 -> of:000000000000000c:5,0.002,0.0025,0.002,0.002,2.53,2026-06-23T10:02:43,0.002,2.56
route_mutation,20260623T100243_471308,of:000000000000000a:1 -> of:000000000000000d:6,0.002,0.0025,0.002,0.002,1.73,2026-06-23T10:02:43,0.002,1.76
route_mutation,20260623T100243_471308,of:000000000000000b:3 -> of:000000000000000d:2,0.002,0.0025,0.002,0.002,2.23,2026-06-23T10:02:43,0.002,2.26
route_mutation,20260623T100243_471308,of:000000000000000c:3 -> of:000000000000000d:3,0.002,0.0025,0.002,0.002,2.2,2026-06-23T10:02:43,0.002,2.2
route_mutation,20260623T100243_471308,of:0000000000000005:2 -> of:0000000000000009:3,0.002,0.0025,0.002,0.002,2.26,2026-06-23T10:02:43,0.002,2.26
route_mutation,20260623T100243_471308,of:0000000000000001:1 -> of:000000000000000b:1,0.002,0.0025,0.002,0.002,2.26,2026-06-23T10:02:43,0.002,2.2
route_mutation,20260623T100243_471308,of:000000000000000b:2 -> of:000000000000000c:2,0.002,0.0025,0.002,0.002,2.26,2026-06-23T10:02:43,0.002,2.26
route_mutation,20260623T100243_471308,of:0000000000000001:2 -> of:000000000000000c:1,0.003,0.00375,0.003,0.003,3.36,2026-06-23T10:02:43,0.003,3.3
route_mutation,20260623T100243_471308,of:0000000000000006:2 -> of:000000000000000a:2,0.002,0.0025,0.002,0.002,2.26,2026-06-23T10:02:43,0.002,2.26
route_mutation,20260623T100243_471308,of:0000000000000001:3 -> of:000000000000000d:1,0.002,0.0025,0.002,0.002,2.53,2026-06-23T10:02:43,0.002,2.63
route_mutation,20260623T100243_471308,of:0000000000000003:1 -> of:000000000000000b:5,0.002,0.0025,0.002,0.002,2.13,2026-06-23T10:02:43,0.002,2.2
route_mutation,20260623T100243_471308,of:0000000000000006:1 -> of:000000000000000d:4,0.002,0.0025,0.002,0.002,2.66,2026-06-23T10:02:43,0.002,2.63
route_mutation,20260623T100243_471308,of:0000000000000007:2 -> of:000000000000000a:3,0.002,0.0025,0.002,0.002,2.26,2026-06-23T10:02:43,0.002,2.26
route_mutation,20260623T100243_471308,of:0000000000000007:1 -> of:000000000000000d:5,0.002,0.0025,0.002,0.002,1.73,2026-06-23T10:02:43,0.002,1.76
route_mutation,20260623T100243_471308,of:0000000000000002:2 -> of:0000000000000008:2,0.002,0.0025,0.002,0.002,2.23,2026-06-23T10:02:43,0.002,2.23
route_mutation,20260623T100243_471308,of:0000000000000003:2 -> of:0000000000000008:3,0.002,0.0025,0.002,0.002,2.23,2026-06-23T10:02:43,0.002,2.23
route_mutation,20260623T100243_471308,of:0000000000000008:1 -> of:000000000000000b:6,0.002,0.0025,0.002,0.002,1.8,2026-06-23T10:02:43,0.002,1.83
route_mutation,20260623T100243_471308,of:0000000000000004:2 -> of:0000000000000009:2,0.002,0.0025,0.002,0.002,2.26,2026-06-23T10:02:43,0.002,2.26
route_mutation,20260623T100243_471308,of:0000000000000002:1 -> of:000000000000000b:4,0.002,0.0025,0.002,0.002,1.76,2026-06-23T10:02:43,0.002,1.83
route_mutation,20260623T100243_471308,of:0000000000000009:1 -> of:000000000000000c:6,0.002,0.0025,0.002,0.002,1.73,2026-06-23T10:02:43,0.002,1.76
ip_shuffle,20260623T100313_837946,of:0000000000000004:1 -> of:000000000000000c:4,0.002,0.0025,0.002,0.002,2.0,2026-06-23T10:03:13,0.002,1.96
ip_shuffle,20260623T100313_837946,of:0000000000000005:1 -> of:000000000000000c:5,0.002,0.0025,0.002,0.002,2.0,2026-06-23T10:03:13,0.002,1.96
ip_shuffle,20260623T100313_837946,of:000000000000000a:1 -> of:000000000000000d:6,0.002,0.0025,0.002,0.002,2.06,2026-06-23T10:03:13,0.002,2.03
ip_shuffle,20260623T100313_837946,of:000000000000000b:3 -> of:000000000000000d:2,0.002,0.0025,0.002,0.002,2.73,2026-06-23T10:03:13,0.002,2.73
ip_shuffle,20260623T100313_837946,of:000000000000000c:3 -> of:000000000000000d:3,0.002,0.0025,0.002,0.002,2.73,2026-06-23T10:03:13,0.002,2.73
ip_shuffle,20260623T100313_837946,of:0000000000000005:2 -> of:0000000000000009:3,0.002,0.0025,0.002,0.002,2.73,2026-06-23T10:03:13,0.002,2.73
ip_shuffle,20260623T100313_837946,of:0000000000000001:1 -> of:000000000000000b:1,0.002,0.0025,0.002,0.002,1.96,2026-06-23T10:03:13,0.002,2.03
ip_shuffle,20260623T100313_837946,of:000000000000000b:2 -> of:000000000000000c:2,0.002,0.0025,0.002,0.002,2.73,2026-06-23T10:03:13,0.002,2.73
ip_shuffle,20260623T100313_837946,of:0000000000000001:2 -> of:000000000000000c:1,0.002,0.0025,0.002,0.002,1.96,2026-06-23T10:03:13,0.002,2.03
ip_shuffle,20260623T100313_837946,of:0000000000000006:2 -> of:000000000000000a:2,0.002,0.0025,0.002,0.002,2.8,2026-06-23T10:03:13,0.002,2.8
ip_shuffle,20260623T100313_837946,of:0000000000000001:3 -> of:000000000000000d:1,0.003,0.00375,0.003,0.003,3.86,2026-06-23T10:03:13,0.003,3.79
ip_shuffle,20260623T100313_837946,of:0000000000000003:1 -> of:000000000000000b:5,0.002,0.0025,0.002,0.002,2.03,2026-06-23T10:03:13,0.002,1.96
ip_shuffle,20260623T100313_837946,of:0000000000000006:1 -> of:000000000000000d:4,0.002,0.0025,0.002,0.002,2.43,2026-06-23T10:03:13,0.002,2.46
ip_shuffle,20260623T100313_837946,of:0000000000000007:2 -> of:000000000000000a:3,0.002,0.0025,0.002,0.002,2.8,2026-06-23T10:03:13,0.002,2.8
ip_shuffle,20260623T100313_837946,of:0000000000000007:1 -> of:000000000000000d:5,0.003,0.00375,0.003,0.003,3.46,2026-06-23T10:03:13,0.003,3.43
ip_shuffle,20260623T100313_837946,of:0000000000000002:2 -> of:0000000000000008:2,0.002,0.0025,0.002,0.002,2.76,2026-06-23T10:03:13,0.002,2.76
ip_shuffle,20260623T100313_837946,of:0000000000000003:2 -> of:0000000000000008:3,0.002,0.0025,0.002,0.002,2.76,2026-06-23T10:03:13,0.002,2.76
ip_shuffle,20260623T100313_837946,of:0000000000000008:1 -> of:000000000000000b:6,0.002,0.0025,0.002,0.002,2.06,2026-06-23T10:03:13,0.002,2.03
ip_shuffle,20260623T100313_837946,of:0000000000000004:2 -> of:0000000000000009:2,0.002,0.0025,0.002,0.002,2.73,2026-06-23T10:03:13,0.002,2.73
ip_shuffle,20260623T100313_837946,of:0000000000000002:1 -> of:000000000000000b:4,0.002,0.0025,0.002,0.002,2.03,2026-06-23T10:03:13,0.002,1.96
ip_shuffle,20260623T100313_837946,of:0000000000000009:1 -> of:000000000000000c:6,0.002,0.0025,0.002,0.002,2.06,2026-06-23T10:03:13,0.002,2.03
ip_shuffle,20260623T100417_959519,of:0000000000000004:1 -> of:000000000000000c:4,0.002,0.0025,0.002,0.002,2.23,2026-06-23T10:04:17,0.002,2.26
ip_shuffle,20260623T100417_959519,of:0000000000000005:1 -> of:000000000000000c:5,0.002,0.0025,0.002,0.002,2.23,2026-06-23T10:04:17,0.002,2.26
ip_shuffle,20260623T100417_959519,of:000000000000000a:1 -> of:000000000000000d:6,0.001,0.00125,0.001,0.001,1.47,2026-06-23T10:04:17,0.001,1.47
ip_shuffle,20260623T100417_959519,of:000000000000000b:3 -> of:000000000000000d:2,0.001,0.00125,0.001,0.001,1.6,2026-06-23T10:04:17,0.001,1.6
ip_shuffle,20260623T100417_959519,of:000000000000000c:3 -> of:000000000000000d:3,0.001,0.00125,0.001,0.001,1.6,2026-06-23T10:04:17,0.001,1.6
ip_shuffle,20260623T100417_959519,of:0000000000000005:2 -> of:0000000000000009:3,0.002,0.0025,0.002,0.002,1.7,2026-06-23T10:04:17,0.002,1.7
ip_shuffle,20260623T100417_959519,of:0000000000000001:1 -> of:000000000000000b:1,0.003,0.00375,0.003,0.003,3.0,2026-06-23T10:04:17,0.003,2.93
ip_shuffle,20260623T100417_959519,of:000000000000000b:2 -> of:000000000000000c:2,0.001,0.00125,0.001,0.001,1.6,2026-06-23T10:04:17,0.001,1.6
ip_shuffle,20260623T100417_959519,of:0000000000000001:2 -> of:000000000000000c:1,0.003,0.00375,0.003,0.003,3.06,2026-06-23T10:04:17,0.003,3.0
ip_shuffle,20260623T100417_959519,of:0000000000000006:2 -> of:000000000000000a:2,0.002,0.0025,0.002,0.002,1.7,2026-06-23T10:04:17,0.002,1.7
ip_shuffle,20260623T100417_959519,of:0000000000000001:3 -> of:000000000000000d:1,0.002,0.0025,0.002,0.002,1.47,2026-06-23T10:04:17,0.002,1.53
ip_shuffle,20260623T100417_959519,of:0000000000000003:1 -> of:000000000000000b:5,0.002,0.0025,0.002,0.002,2.43,2026-06-23T10:04:17,0.002,2.5
ip_shuffle,20260623T100417_959519,of:0000000000000006:1 -> of:000000000000000d:4,0.002,0.0025,0.002,0.002,1.57,2026-06-23T10:04:17,0.002,1.53
ip_shuffle,20260623T100417_959519,of:0000000000000007:2 -> of:000000000000000a:3,0.002,0.0025,0.002,0.002,1.7,2026-06-23T10:04:17,0.002,1.7
ip_shuffle,20260623T100417_959519,of:0000000000000007:1 -> of:000000000000000d:5,0.001,0.00125,0.001,0.001,1.43,2026-06-23T10:04:17,0.001,1.47
ip_shuffle,20260623T100417_959519,of:0000000000000002:2 -> of:0000000000000008:2,0.002,0.0025,0.002,0.002,1.63,2026-06-23T10:04:17,0.002,1.63
ip_shuffle,20260623T100417_959519,of:0000000000000003:2 -> of:0000000000000008:3,0.002,0.0025,0.002,0.002,1.63,2026-06-23T10:04:17,0.002,1.63
ip_shuffle,20260623T100417_959519,of:0000000000000008:1 -> of:000000000000000b:6,0.001,0.00125,0.001,0.001,1.43,2026-06-23T10:04:17,0.001,1.47
ip_shuffle,20260623T100417_959519,of:0000000000000004:2 -> of:0000000000000009:2,0.002,0.0025,0.002,0.002,1.7,2026-06-23T10:04:17,0.002,1.7
ip_shuffle,20260623T100417_959519,of:0000000000000002:1 -> of:000000000000000b:4,0.002,0.0025,0.002,0.002,1.9,2026-06-23T10:04:17,0.002,1.96
ip_shuffle,20260623T100417_959519,of:0000000000000009:1 -> of:000000000000000c:6,0.001,0.00125,0.001,0.001,1.47,2026-06-23T10:04:17,0.001,1.47
route_mutation,20260623T100522_353199,of:0000000000000004:1 -> of:000000000000000c:4,0.001,0.00125,0.001,0.001,1.5,2026-06-23T10:05:22,0.001,1.46
route_mutation,20260623T100522_353199,of:0000000000000005:1 -> of:000000000000000c:5,0.001,0.00125,0.001,0.001,1.5,2026-06-23T10:05:22,0.001,1.46
route_mutation,20260623T100522_353199,of:000000000000000a:1 -> of:000000000000000d:6,0.002,0.0025,0.002,0.002,1.53,2026-06-23T10:05:22,0.002,1.53
route_mutation,20260623T100522_353199,of:000000000000000b:3 -> of:000000000000000d:2,0.002,0.0025,0.002,0.002,1.73,2026-06-23T10:05:22,0.002,1.73
route_mutation,20260623T100522_353199,of:000000000000000c:3 -> of:000000000000000d:3,0.002,0.0025,0.002,0.002,1.73,2026-06-23T10:05:22,0.002,1.73
route_mutation,20260623T100522_353199,of:0000000000000005:2 -> of:0000000000000009:3,0.001,0.00125,0.001,0.001,1.63,2026-06-23T10:05:22,0.001,1.63
route_mutation,20260623T100522_353199,of:0000000000000001:1 -> of:000000000000000b:1,0.002,0.0025,0.002,0.002,1.53,2026-06-23T10:05:22,0.002,1.56
route_mutation,20260623T100522_353199,of:000000000000000b:2 -> of:000000000000000c:2,0.002,0.0025,0.002,0.002,1.73,2026-06-23T10:05:22,0.002,1.73
route_mutation,20260623T100522_353199,of:0000000000000001:2 -> of:000000000000000c:1,0.002,0.0025,0.002,0.002,1.53,2026-06-23T10:05:22,0.002,1.56
route_mutation,20260623T100522_353199,of:0000000000000006:2 -> of:000000000000000a:2,0.002,0.0025,0.002,0.002,1.7,2026-06-23T10:05:22,0.002,1.7
route_mutation,20260623T100522_353199,of:0000000000000001:3 -> of:000000000000000d:1,0.002,0.0025,0.002,0.002,2.2,2026-06-23T10:05:22,0.002,2.1
route_mutation,20260623T100522_353199,of:0000000000000003:1 -> of:000000000000000b:5,0.002,0.0025,0.002,0.002,1.56,2026-06-23T10:05:22,0.002,1.53
route_mutation,20260623T100522_353199,of:0000000000000006:1 -> of:000000000000000d:4,0.001,0.00125,0.001,0.001,1.46,2026-06-23T10:05:22,0.001,1.46
route_mutation,20260623T100522_353199,of:0000000000000007:2 -> of:000000000000000a:3,0.002,0.0025,0.002,0.002,1.66,2026-06-23T10:05:22,0.002,1.66
route_mutation,20260623T100522_353199,of:0000000000000007:1 -> of:000000000000000d:5,0.002,0.0025,0.002,0.002,2.0,2026-06-23T10:05:22,0.002,2.06
route_mutation,20260623T100522_353199,of:0000000000000002:2 -> of:0000000000000008:2,0.002,0.0025,0.002,0.002,1.7,2026-06-23T10:05:22,0.002,1.7
route_mutation,20260623T100522_353199,of:0000000000000003:2 -> of:0000000000000008:3,0.002,0.0025,0.002,0.002,1.7,2026-06-23T10:05:22,0.002,1.7
route_mutation,20260623T100522_353199,of:0000000000000008:1 -> of:000000000000000b:6,0.001,0.00125,0.001,0.001,1.46,2026-06-23T10:05:22,0.001,1.46
route_mutation,20260623T100522_353199,of:0000000000000004:2 -> of:0000000000000009:2,0.001,0.00125,0.001,0.001,1.63,2026-06-23T10:05:22,0.001,1.63
route_mutation,20260623T100522_353199,of:0000000000000002:1 -> of:000000000000000b:4,0.002,0.0025,0.002,0.002,1.56,2026-06-23T10:05:22,0.002,1.53
route_mutation,20260623T100522_353199,of:0000000000000009:1 -> of:000000000000000c:6,0.001,0.00125,0.001,0.001,1.46,2026-06-23T10:05:22,0.001,1.46
ip_shuffle,20260623T100552_709012,of:0000000000000004:1 -> of:000000000000000c:4,0.002,0.0025,0.002,0.002,1.73,2026-06-23T10:05:52,0.002,1.73
ip_shuffle,20260623T100552_709012,of:0000000000000005:1 -> of:000000000000000c:5,0.001,0.00125,0.001,0.001,1.46,2026-06-23T10:05:52,0.001,1.46
ip_shuffle,20260623T100552_709012,of:000000000000000a:1 -> of:000000000000000d:6,0.001,0.00125,0.001,0.001,1.4,2026-06-23T10:05:52,0.001,1.4
ip_shuffle,20260623T100552_709012,of:000000000000000b:3 -> of:000000000000000d:2,0.001,0.00125,0.001,0.001,1.6,2026-06-23T10:05:52,0.001,1.6
ip_shuffle,20260623T100552_709012,of:000000000000000c:3 -> of:000000000000000d:3,0.001,0.00125,0.001,0.001,1.6,2026-06-23T10:05:52,0.001,1.6
ip_shuffle,20260623T100552_709012,of:0000000000000005:2 -> of:0000000000000009:3,0.002,0.0025,0.002,0.002,1.73,2026-06-23T10:05:52,0.002,1.73
ip_shuffle,20260623T100552_709012,of:0000000000000001:1 -> of:000000000000000b:1,0.003,0.00375,0.003,0.003,3.46,2026-06-23T10:05:52,0.003,3.46
ip_shuffle,20260623T100552_709012,of:000000000000000b:2 -> of:000000000000000c:2,0.001,0.00125,0.001,0.001,1.6,2026-06-23T10:05:52,0.001,1.6
ip_shuffle,20260623T100552_709012,of:0000000000000001:2 -> of:000000000000000c:1,0.002,0.0025,0.002,0.002,1.66,2026-06-23T10:05:52,0.002,1.66
ip_shuffle,20260623T100552_709012,of:0000000000000006:2 -> of:000000000000000a:2,0.002,0.0025,0.002,0.002,1.66,2026-06-23T10:05:52,0.002,1.66
ip_shuffle,20260623T100552_709012,of:0000000000000001:3 -> of:000000000000000d:1,0.001,0.00125,0.001,0.001,1.46,2026-06-23T10:05:52,0.001,1.46
ip_shuffle,20260623T100552_709012,of:0000000000000003:1 -> of:000000000000000b:5,0.002,0.0025,0.002,0.002,2.43,2026-06-23T10:05:52,0.002,2.43
ip_shuffle,20260623T100552_709012,of:0000000000000006:1 -> of:000000000000000d:4,0.001,0.00125,0.001,0.001,1.46,2026-06-23T10:05:52,0.001,1.46
ip_shuffle,20260623T100552_709012,of:0000000000000007:2 -> of:000000000000000a:3,0.002,0.0025,0.002,0.002,1.66,2026-06-23T10:05:52,0.002,1.66
ip_shuffle,20260623T100552_709012,of:0000000000000007:1 -> of:000000000000000d:5,0.001,0.00125,0.001,0.001,1.46,2026-06-23T10:05:52,0.001,1.46
ip_shuffle,20260623T100552_709012,of:0000000000000002:2 -> of:0000000000000008:2,0.002,0.0025,0.002,0.002,1.73,2026-06-23T10:05:52,0.002,1.73
ip_shuffle,20260623T100552_709012,of:0000000000000003:2 -> of:0000000000000008:3,0.002,0.0025,0.002,0.002,1.73,2026-06-23T10:05:52,0.002,1.73
ip_shuffle,20260623T100552_709012,of:0000000000000008:1 -> of:000000000000000b:6,0.001,0.00125,0.001,0.001,1.46,2026-06-23T10:05:52,0.001,1.46
ip_shuffle,20260623T100552_709012,of:0000000000000004:2 -> of:0000000000000009:2,0.002,0.0025,0.002,0.002,1.73,2026-06-23T10:05:52,0.002,1.73
ip_shuffle,20260623T100552_709012,of:0000000000000002:1 -> of:000000000000000b:4,0.002,0.0025,0.002,0.002,2.5,2026-06-23T10:05:52,0.002,2.5
ip_shuffle,20260623T100552_709012,of:0000000000000009:1 -> of:000000000000000c:6,0.001,0.00125,0.001,0.001,1.46,2026-06-23T10:05:52,0.001,1.46
ip_shuffle,20260623T100650_270164,of:0000000000000004:1 -> of:000000000000000c:4,0.002,0.0025,0.002,0.002,1.66,2026-06-23T10:06:50,0.002,1.6
ip_shuffle,20260623T100650_270164,of:0000000000000005:1 -> of:000000000000000c:5,0.002,0.0025,0.002,0.002,1.66,2026-06-23T10:06:50,0.002,1.6
ip_shuffle,20260623T100650_270164,of:000000000000000a:1 -> of:000000000000000d:6,0.002,0.0025,0.002,0.002,1.7,2026-06-23T10:06:50,0.002,1.66
ip_shuffle,20260623T100650_270164,of:000000000000000b:3 -> of:000000000000000d:2,0.002,0.0025,0.002,0.002,2.03,2026-06-23T10:06:50,0.002,2.03
ip_shuffle,20260623T100650_270164,of:000000000000000c:3 -> of:000000000000000d:3,0.002,0.0025,0.002,0.002,2.0,2026-06-23T10:06:50,0.002,2.0
ip_shuffle,20260623T100650_270164,of:0000000000000005:2 -> of:0000000000000009:3,0.002,0.0025,0.002,0.002,2.03,2026-06-23T10:06:50,0.002,2.03
ip_shuffle,20260623T100650_270164,of:0000000000000001:1 -> of:000000000000000b:1,0.002,0.0025,0.002,0.002,1.7,2026-06-23T10:06:50,0.002,1.73
ip_shuffle,20260623T100650_270164,of:000000000000000b:2 -> of:000000000000000c:2,0.002,0.0025,0.002,0.002,2.03,2026-06-23T10:06:50,0.002,2.03
ip_shuffle,20260623T100650_270164,of:0000000000000001:2 -> of:000000000000000c:1,0.002,0.0025,0.002,0.002,1.66,2026-06-23T10:06:50,0.002,1.73
ip_shuffle,20260623T100650_270164,of:0000000000000006:2 -> of:000000000000000a:2,0.002,0.0025,0.002,0.002,2.0,2026-06-23T10:06:50,0.002,2.0
ip_shuffle,20260623T100650_270164,of:0000000000000001:3 -> of:000000000000000d:1,0.003,0.00375,0.003,0.003,3.03,2026-06-23T10:06:50,0.002,2.96
ip_shuffle,20260623T100650_270164,of:0000000000000003:1 -> of:000000000000000b:5,0.002,0.0025,0.002,0.002,1.73,2026-06-23T10:06:50,0.002,1.7
ip_shuffle,20260623T100650_270164,of:0000000000000006:1 -> of:000000000000000d:4,0.002,0.0025,0.002,0.002,1.76,2026-06-23T10:06:50,0.002,1.73
ip_shuffle,20260623T100650_270164,of:0000000000000007:2 -> of:000000000000000a:3,0.002,0.0025,0.002,0.002,2.0,2026-06-23T10:06:50,0.002,2.0
ip_shuffle,20260623T100650_270164,of:0000000000000007:1 -> of:000000000000000d:5,0.002,0.0025,0.002,0.002,2.83,2026-06-23T10:06:50,0.002,2.86
ip_shuffle,20260623T100650_270164,of:0000000000000002:2 -> of:0000000000000008:2,0.002,0.0025,0.002,0.002,2.03,2026-06-23T10:06:50,0.002,2.03
ip_shuffle,20260623T100650_270164,of:0000000000000003:2 -> of:0000000000000008:3,0.002,0.0025,0.002,0.002,2.03,2026-06-23T10:06:50,0.002,2.03
ip_shuffle,20260623T100650_270164,of:0000000000000008:1 -> of:000000000000000b:6,0.002,0.0025,0.002,0.002,1.63,2026-06-23T10:06:50,0.002,1.63
ip_shuffle,20260623T100650_270164,of:0000000000000004:2 -> of:0000000000000009:2,0.002,0.0025,0.002,0.002,2.03,2026-06-23T10:06:50,0.002,2.03
ip_shuffle,20260623T100650_270164,of:0000000000000002:1 -> of:000000000000000b:4,0.002,0.0025,0.002,0.002,1.73,2026-06-23T10:06:50,0.002,1.7
ip_shuffle,20260623T100650_270164,of:0000000000000009:1 -> of:000000000000000c:6,0.002,0.0025,0.002,0.002,1.7,2026-06-23T10:06:50,0.002,1.66
ip_shuffle,20260623T100748_398098,of:0000000000000004:1 -> of:000000000000000c:4,0.002,0.0025,0.002,0.002,2.6,2026-06-23T10:07:48,0.002,2.6
ip_shuffle,20260623T100748_398098,of:0000000000000005:1 -> of:000000000000000c:5,0.002,0.0025,0.002,0.002,2.6,2026-06-23T10:07:48,0.002,2.6
ip_shuffle,20260623T100748_398098,of:000000000000000a:1 -> of:000000000000000d:6,0.002,0.0025,0.002,0.002,1.83,2026-06-23T10:07:48,0.002,1.8
ip_shuffle,20260623T100748_398098,of:000000000000000b:3 -> of:000000000000000d:2,0.002,0.0025,0.002,0.002,2.26,2026-06-23T10:07:48,0.002,2.26
ip_shuffle,20260623T100748_398098,of:000000000000000c:3 -> of:000000000000000d:3,0.002,0.0025,0.002,0.002,2.26,2026-06-23T10:07:48,0.002,2.26
ip_shuffle,20260623T100748_398098,of:0000000000000005:2 -> of:0000000000000009:3,0.002,0.0025,0.002,0.002,2.3,2026-06-23T10:07:48,0.002,2.3
ip_shuffle,20260623T100748_398098,of:0000000000000001:1 -> of:000000000000000b:1,0.002,0.0025,0.002,0.002,2.06,2026-06-23T10:07:48,0.002,2.0
ip_shuffle,20260623T100748_398098,of:000000000000000b:2 -> of:000000000000000c:2,0.002,0.0025,0.002,0.002,2.26,2026-06-23T10:07:48,0.002,2.26
ip_shuffle,20260623T100748_398098,of:0000000000000001:2 -> of:000000000000000c:1,0.003,0.00375,0.003,0.003,3.33,2026-06-23T10:07:48,0.003,3.3
ip_shuffle,20260623T100748_398098,of:0000000000000006:2 -> of:000000000000000a:2,0.002,0.0025,0.002,0.002,2.3,2026-06-23T10:07:48,0.002,2.3
ip_shuffle,20260623T100748_398098,of:0000000000000001:3 -> of:000000000000000d:1,0.002,0.0025,0.002,0.002,2.56,2026-06-23T10:07:48,0.002,2.7
ip_shuffle,20260623T100748_398098,of:0000000000000003:1 -> of:000000000000000b:5,0.002,0.0025,0.002,0.002,2.0,2026-06-23T10:07:48,0.002,2.06
ip_shuffle,20260623T100748_398098,of:0000000000000006:1 -> of:000000000000000d:4,0.002,0.0025,0.002,0.002,2.8,2026-06-23T10:07:48,0.002,2.7
ip_shuffle,20260623T100748_398098,of:0000000000000007:2 -> of:000000000000000a:3,0.002,0.0025,0.002,0.002,2.3,2026-06-23T10:07:48,0.002,2.3
ip_shuffle,20260623T100748_398098,of:0000000000000007:1 -> of:000000000000000d:5,0.002,0.0025,0.002,0.002,1.8,2026-06-23T10:07:48,0.002,1.8
ip_shuffle,20260623T100748_398098,of:0000000000000002:2 -> of:0000000000000008:2,0.002,0.0025,0.002,0.002,2.2,2026-06-23T10:07:48,0.002,2.2
ip_shuffle,20260623T100748_398098,of:0000000000000003:2 -> of:0000000000000008:3,0.002,0.0025,0.002,0.002,2.2,2026-06-23T10:07:48,0.002,2.2
ip_shuffle,20260623T100748_398098,of:0000000000000008:1 -> of:000000000000000b:6,0.002,0.0025,0.002,0.002,1.83,2026-06-23T10:07:48,0.002,1.8
ip_shuffle,20260623T100748_398098,of:0000000000000004:2 -> of:0000000000000009:2,0.002,0.0025,0.002,0.002,2.3,2026-06-23T10:07:48,0.002,2.3
ip_shuffle,20260623T100748_398098,of:0000000000000002:1 -> of:000000000000000b:4,0.002,0.0025,0.002,0.002,1.7,2026-06-23T10:07:48,0.002,1.73
ip_shuffle,20260623T100748_398098,of:0000000000000009:1 -> of:000000000000000c:6,0.002,0.0025,0.002,0.002,1.83,2026-06-23T10:07:48,0.002,1.8
ip_shuffle,20260623T100846_096466,of:0000000000000004:1 -> of:000000000000000c:4,0.001,0.00125,0.001,0.001,1.37,2026-06-23T10:08:46,0.001,1.37
ip_shuffle,20260623T100846_096466,of:0000000000000005:1 -> of:000000000000000c:5,0.001,0.00125,0.001,0.001,1.37,2026-06-23T10:08:46,0.001,1.37
ip_shuffle,20260623T100846_096466,of:000000000000000a:1 -> of:000000000000000d:6,0.001,0.00125,0.001,0.001,1.37,2026-06-23T10:08:46,0.001,1.37
ip_shuffle,20260623T100846_096466,of:000000000000000b:3 -> of:000000000000000d:2,0.001,0.00125,0.001,0.001,1.47,2026-06-23T10:08:46,0.001,1.47
ip_shuffle,20260623T100846_096466,of:000000000000000c:3 -> of:000000000000000d:3,0.001,0.00125,0.001,0.001,1.47,2026-06-23T10:08:46,0.001,1.47
ip_shuffle,20260623T100846_096466,of:0000000000000005:2 -> of:0000000000000009:3,0.001,0.00125,0.001,0.001,1.47,2026-06-23T10:08:46,0.001,1.47
ip_shuffle,20260623T100846_096466,of:0000000000000001:1 -> of:000000000000000b:1,0.002,0.0025,0.002,0.002,2.46,2026-06-23T10:08:46,0.002,2.43
ip_shuffle,20260623T100846_096466,of:000000000000000b:2 -> of:000000000000000c:2,0.001,0.00125,0.001,0.001,1.4,2026-06-23T10:08:46,0.001,1.4
ip_shuffle,20260623T100846_096466,of:0000000000000001:2 -> of:000000000000000c:1,0.001,0.00125,0.001,0.001,1.37,2026-06-23T10:08:46,0.001,1.37
ip_shuffle,20260623T100846_096466,of:0000000000000006:2 -> of:000000000000000a:2,0.001,0.00125,0.001,0.001,1.47,2026-06-23T10:08:46,0.001,1.47
ip_shuffle,20260623T100846_096466,of:0000000000000001:3 -> of:000000000000000d:1,0.002,0.0025,0.002,0.002,1.43,2026-06-23T10:08:46,0.002,1.43
ip_shuffle,20260623T100846_096466,of:0000000000000003:1 -> of:000000000000000b:5,0.002,0.0025,0.002,0.001,1.43,2026-06-23T10:08:46,0.002,1.47
ip_shuffle,20260623T100846_096466,of:0000000000000006:1 -> of:000000000000000d:4,0.002,0.0025,0.002,0.002,1.43,2026-06-23T10:08:46,0.002,1.43
ip_shuffle,20260623T100846_096466,of:0000000000000007:2 -> of:000000000000000a:3,0.001,0.00125,0.001,0.001,1.47,2026-06-23T10:08:46,0.001,1.47
ip_shuffle,20260623T100846_096466,of:0000000000000007:1 -> of:000000000000000d:5,0.002,0.0025,0.002,0.002,1.43,2026-06-23T10:08:46,0.002,1.43
ip_shuffle,20260623T100846_096466,of:0000000000000002:2 -> of:0000000000000008:2,0.002,0.0025,0.002,0.002,1.53,2026-06-23T10:08:46,0.002,1.53
ip_shuffle,20260623T100846_096466,of:0000000000000003:2 -> of:0000000000000008:3,0.002,0.0025,0.002,0.002,1.53,2026-06-23T10:08:46,0.002,1.53
ip_shuffle,20260623T100846_096466,of:0000000000000008:1 -> of:000000000000000b:6,0.001,0.00125,0.001,0.001,1.37,2026-06-23T10:08:46,0.001,1.37
ip_shuffle,20260623T100846_096466,of:0000000000000004:2 -> of:0000000000000009:2,0.001,0.00125,0.001,0.001,1.47,2026-06-23T10:08:46,0.001,1.47
ip_shuffle,20260623T100846_096466,of:0000000000000002:1 -> of:000000000000000b:4,0.002,0.0025,0.002,0.002,2.36,2026-06-23T10:08:46,0.002,2.36
ip_shuffle,20260623T100846_096466,of:0000000000000009:1 -> of:000000000000000c:6,0.001,0.00125,0.001,0.001,1.3,2026-06-23T10:08:46,0.001,1.3
route_mutation,20260623T100950_247489,of:0000000000000004:1 -> of:000000000000000c:4,0.002,0.0025,0.002,0.002,1.83,2026-06-23T10:09:50,0.002,1.86
route_mutation,20260623T100950_247489,of:0000000000000005:1 -> of:000000000000000c:5,0.002,0.0025,0.002,0.002,1.83,2026-06-23T10:09:50,0.002,1.86
route_mutation,20260623T100950_247489,of:000000000000000a:1 -> of:000000000000000d:6,0.002,0.0025,0.002,0.002,1.9,2026-06-23T10:09:50,0.002,1.93
route_mutation,20260623T100950_247489,of:000000000000000b:3 -> of:000000000000000d:2,0.002,0.0025,0.002,0.002,2.5,2026-06-23T10:09:50,0.002,2.5
route_mutation,20260623T100950_247489,of:000000000000000c:3 -> of:000000000000000d:3,0.002,0.0025,0.002,0.002,2.53,2026-06-23T10:09:50,0.002,2.53
route_mutation,20260623T100950_247489,of:0000000000000005:2 -> of:0000000000000009:3,0.002,0.0025,0.002,0.002,2.4,2026-06-23T10:09:50,0.002,2.4
route_mutation,20260623T100950_247489,of:0000000000000001:1 -> of:000000000000000b:1,0.002,0.0025,0.002,0.002,1.9,2026-06-23T10:09:50,0.002,1.93
route_mutation,20260623T100950_247489,of:000000000000000b:2 -> of:000000000000000c:2,0.002,0.0025,0.002,0.002,2.5,2026-06-23T10:09:50,0.002,2.5
route_mutation,20260623T100950_247489,of:0000000000000001:2 -> of:000000000000000c:1,0.002,0.0025,0.002,0.002,1.93,2026-06-23T10:09:50,0.002,1.93
route_mutation,20260623T100950_247489,of:0000000000000006:2 -> of:000000000000000a:2,0.002,0.0025,0.002,0.002,2.43,2026-06-23T10:09:50,0.002,2.43
route_mutation,20260623T100950_247489,of:0000000000000001:3 -> of:000000000000000d:1,0.003,0.00375,0.003,0.003,4.0,2026-06-23T10:09:50,0.003,3.93
route_mutation,20260623T100950_247489,of:0000000000000003:1 -> of:000000000000000b:5,0.002,0.0025,0.002,0.002,1.93,2026-06-23T10:09:50,0.002,1.9
route_mutation,20260623T100950_247489,of:0000000000000006:1 -> of:000000000000000d:4,0.002,0.0025,0.002,0.002,2.86,2026-06-23T10:09:50,0.002,2.93
route_mutation,20260623T100950_247489,of:0000000000000007:2 -> of:000000000000000a:3,0.002,0.0025,0.002,0.002,2.43,2026-06-23T10:09:50,0.002,2.43
route_mutation,20260623T100950_247489,of:0000000000000007:1 -> of:000000000000000d:5,0.002,0.0025,0.002,0.002,3.1,2026-06-23T10:09:50,0.002,3.03
route_mutation,20260623T100950_247489,of:0000000000000002:2 -> of:0000000000000008:2,0.002,0.0025,0.002,0.002,2.53,2026-06-23T10:09:50,0.002,2.53
route_mutation,20260623T100950_247489,of:0000000000000003:2 -> of:0000000000000008:3,0.002,0.0025,0.002,0.002,2.53,2026-06-23T10:09:50,0.002,2.53
route_mutation,20260623T100950_247489,of:0000000000000008:1 -> of:000000000000000b:6,0.002,0.0025,0.002,0.002,1.93,2026-06-23T10:09:50,0.002,1.9
route_mutation,20260623T100950_247489,of:0000000000000004:2 -> of:0000000000000009:2,0.002,0.0025,0.002,0.002,2.4,2026-06-23T10:09:50,0.002,2.4
route_mutation,20260623T100950_247489,of:0000000000000002:1 -> of:000000000000000b:4,0.002,0.0025,0.002,0.002,1.93,2026-06-23T10:09:50,0.002,1.9
route_mutation,20260623T100950_247489,of:0000000000000009:1 -> of:000000000000000c:6,0.002,0.0025,0.002,0.002,1.9,2026-06-23T10:09:50,0.002,1.93
ip_shuffle,20260623T101020_533691,of:0000000000000004:1 -> of:000000000000000c:4,0.001,0.00125,0.001,0.001,1.37,2026-06-23T10:10:20,0.001,1.3
ip_shuffle,20260623T101020_533691,of:0000000000000005:1 -> of:000000000000000c:5,0.001,0.00125,0.001,0.001,1.37,2026-06-23T10:10:20,0.001,1.3
ip_shuffle,20260623T101020_533691,of:000000000000000a:1 -> of:000000000000000d:6,0.001,0.00125,0.001,0.001,1.33,2026-06-23T10:10:20,0.001,1.3
ip_shuffle,20260623T101020_533691,of:000000000000000b:3 -> of:000000000000000d:2,0.001,0.00125,0.001,0.001,1.37,2026-06-23T10:10:20,0.001,1.37
ip_shuffle,20260623T101020_533691,of:000000000000000c:3 -> of:000000000000000d:3,0.001,0.00125,0.001,0.001,1.33,2026-06-23T10:10:20,0.001,1.33
ip_shuffle,20260623T101020_533691,of:0000000000000005:2 -> of:0000000000000009:3,0.001,0.00125,0.001,0.001,1.43,2026-06-23T10:10:20,0.001,1.43
ip_shuffle,20260623T101020_533691,of:0000000000000001:1 -> of:000000000000000b:1,0.001,0.00125,0.001,0.001,1.33,2026-06-23T10:10:20,0.001,1.37
ip_shuffle,20260623T101020_533691,of:000000000000000b:2 -> of:000000000000000c:2,0.001,0.00125,0.001,0.001,1.3,2026-06-23T10:10:20,0.001,1.3
ip_shuffle,20260623T101020_533691,of:0000000000000001:2 -> of:000000000000000c:1,0.001,0.00125,0.001,0.001,1.3,2026-06-23T10:10:20,0.001,1.37
ip_shuffle,20260623T101020_533691,of:0000000000000006:2 -> of:000000000000000a:2,0.001,0.00125,0.001,0.001,1.4,2026-06-23T10:10:20,0.001,1.4
ip_shuffle,20260623T101020_533691,of:0000000000000001:3 -> of:000000000000000d:1,0.002,0.0025,0.002,0.002,1.6,2026-06-23T10:10:20,0.002,1.57
ip_shuffle,20260623T101020_533691,of:0000000000000003:1 -> of:000000000000000b:5,0.001,0.00125,0.001,0.001,1.37,2026-06-23T10:10:20,0.001,1.33
ip_shuffle,20260623T101020_533691,of:0000000000000006:1 -> of:000000000000000d:4,0.002,0.0025,0.002,0.002,1.4,2026-06-23T10:10:20,0.001,1.37
ip_shuffle,20260623T101020_533691,of:0000000000000007:2 -> of:000000000000000a:3,0.001,0.00125,0.001,0.001,1.4,2026-06-23T10:10:20,0.001,1.4
ip_shuffle,20260623T101020_533691,of:0000000000000007:1 -> of:000000000000000d:5,0.002,0.0025,0.002,0.002,1.53,2026-06-23T10:10:20,0.002,1.57
ip_shuffle,20260623T101020_533691,of:0000000000000002:2 -> of:0000000000000008:2,0.001,0.00125,0.001,0.001,1.43,2026-06-23T10:10:20,0.001,1.43
ip_shuffle,20260623T101020_533691,of:0000000000000003:2 -> of:0000000000000008:3,0.001,0.00125,0.001,0.001,1.43,2026-06-23T10:10:20,0.001,1.43
ip_shuffle,20260623T101020_533691,of:0000000000000008:1 -> of:000000000000000b:6,0.001,0.00125,0.001,0.001,1.27,2026-06-23T10:10:20,0.001,1.27
ip_shuffle,20260623T101020_533691,of:0000000000000004:2 -> of:0000000000000009:2,0.001,0.00125,0.001,0.001,1.43,2026-06-23T10:10:20,0.001,1.43
ip_shuffle,20260623T101020_533691,of:0000000000000002:1 -> of:000000000000000b:4,0.001,0.00125,0.001,0.001,1.37,2026-06-23T10:10:20,0.001,1.33
ip_shuffle,20260623T101020_533691,of:0000000000000009:1 -> of:000000000000000c:6,0.001,0.00125,0.001,0.001,1.27,2026-06-23T10:10:20,0.001,1.23
ip_shuffle,20260623T101118_234884,of:0000000000000004:1 -> of:000000000000000c:4,0.002,0.0025,0.002,0.002,2.0,2026-06-23T10:11:18,0.002,2.03
ip_shuffle,20260623T101118_234884,of:0000000000000005:1 -> of:000000000000000c:5,0.002,0.0025,0.002,0.002,2.73,2026-06-23T10:11:18,0.002,2.73
ip_shuffle,20260623T101118_234884,of:000000000000000a:1 -> of:000000000000000d:6,0.002,0.0025,0.002,0.002,2.06,2026-06-23T10:11:18,0.002,2.1
ip_shuffle,20260623T101118_234884,of:000000000000000b:3 -> of:000000000000000d:2,0.002,0.0025,0.002,0.002,2.83,2026-06-23T10:11:18,0.002,2.83
ip_shuffle,20260623T101118_234884,of:000000000000000c:3 -> of:000000000000000d:3,0.002,0.0025,0.002,0.002,2.83,2026-06-23T10:11:18,0.002,2.83
ip_shuffle,20260623T101118_234884,of:0000000000000005:2 -> of:0000000000000009:3,0.002,0.0025,0.002,0.002,2.7,2026-06-23T10:11:18,0.002,2.7
ip_shuffle,20260623T101118_234884,of:0000000000000001:1 -> of:000000000000000b:1,0.002,0.0025,0.002,0.002,2.06,2026-06-23T10:11:18,0.002,2.0
ip_shuffle,20260623T101118_234884,of:000000000000000b:2 -> of:000000000000000c:2,0.002,0.0025,0.002,0.002,2.8,2026-06-23T10:11:18,0.002,2.8
ip_shuffle,20260623T101118_234884,of:0000000000000001:2 -> of:000000000000000c:1,0.002,0.0025,0.002,0.002,2.83,2026-06-23T10:11:18,0.002,2.8
ip_shuffle,20260623T101118_234884,of:0000000000000006:2 -> of:000000000000000a:2,0.002,0.0025,0.002,0.002,2.7,2026-06-23T10:11:18,0.002,2.7
ip_shuffle,20260623T101118_234884,of:0000000000000001:3 -> of:000000000000000d:1,0.003,0.00375,0.003,0.003,3.63,2026-06-23T10:11:18,0.003,3.76
ip_shuffle,20260623T101118_234884,of:0000000000000003:1 -> of:000000000000000b:5,0.002,0.0025,0.002,0.002,1.96,2026-06-23T10:11:18,0.002,2.0
ip_shuffle,20260623T101118_234884,of:0000000000000006:1 -> of:000000000000000d:4,0.003,0.00375,0.003,0.003,3.4,2026-06-23T10:11:18,0.003,3.53
ip_shuffle,20260623T101118_234884,of:0000000000000007:2 -> of:000000000000000a:3,0.002,0.0025,0.002,0.002,2.7,2026-06-23T10:11:18,0.002,2.7
ip_shuffle,20260623T101118_234884,of:0000000000000007:1 -> of:000000000000000d:5,0.002,0.0025,0.002,0.002,2.53,2026-06-23T10:11:18,0.002,2.36
ip_shuffle,20260623T101118_234884,of:0000000000000002:2 -> of:0000000000000008:2,0.002,0.0025,0.002,0.002,2.7,2026-06-23T10:11:18,0.002,2.7
ip_shuffle,20260623T101118_234884,of:0000000000000003:2 -> of:0000000000000008:3,0.002,0.0025,0.002,0.002,2.7,2026-06-23T10:11:18,0.002,2.7
ip_shuffle,20260623T101118_234884,of:0000000000000008:1 -> of:000000000000000b:6,0.002,0.0025,0.002,0.002,2.06,2026-06-23T10:11:18,0.002,2.06
ip_shuffle,20260623T101118_234884,of:0000000000000004:2 -> of:0000000000000009:2,0.002,0.0025,0.002,0.002,2.7,2026-06-23T10:11:18,0.002,2.7
ip_shuffle,20260623T101118_234884,of:0000000000000002:1 -> of:000000000000000b:4,0.002,0.0025,0.002,0.002,1.96,2026-06-23T10:11:18,0.002,2.0
ip_shuffle,20260623T101118_234884,of:0000000000000009:1 -> of:000000000000000c:6,0.002,0.0025,0.002,0.002,2.06,2026-06-23T10:11:18,0.002,2.06
route_mutation,20260623T101222_385465,of:0000000000000004:1 -> of:000000000000000c:4,0.002,0.0025,0.002,0.002,1.53,2026-06-23T10:12:22,0.002,1.56
route_mutation,20260623T101222_385465,of:0000000000000005:1 -> of:000000000000000c:5,0.002,0.0025,0.002,0.002,1.5,2026-06-23T10:12:22,0.002,1.53
route_mutation,20260623T101222_385465,of:000000000000000a:1 -> of:000000000000000d:6,0.001,0.00125,0.001,0.001,1.46,2026-06-23T10:12:22,0.001,1.46
route_mutation,20260623T101222_385465,of:000000000000000b:3 -> of:000000000000000d:2,0.002,0.0025,0.002,0.002,1.66,2026-06-23T10:12:22,0.002,1.66
route_mutation,20260623T101222_385465,of:000000000000000c:3 -> of:000000000000000d:3,0.002,0.0025,0.002,0.002,1.66,2026-06-23T10:12:22,0.002,1.66
route_mutation,20260623T101222_385465,of:0000000000000005:2 -> of:0000000000000009:3,0.002,0.0025,0.002,0.002,1.7,2026-06-23T10:12:22,0.002,1.7
route_mutation,20260623T101222_385465,of:0000000000000001:1 -> of:000000000000000b:1,0.003,0.00375,0.003,0.003,3.36,2026-06-23T10:12:22,0.003,3.46
route_mutation,20260623T101222_385465,of:000000000000000b:2 -> of:000000000000000c:2,0.002,0.0025,0.002,0.002,1.73,2026-06-23T10:12:22,0.002,1.73
route_mutation,20260623T101222_385465,of:0000000000000001:2 -> of:000000000000000c:1,0.002,0.0025,0.002,0.002,1.5,2026-06-23T10:12:22,0.001,1.46
route_mutation,20260623T101222_385465,of:0000000000000006:2 -> of:000000000000000a:2,0.002,0.0025,0.002,0.002,1.73,2026-06-23T10:12:22,0.002,1.73
route_mutation,20260623T101222_385465,of:0000000000000001:3 -> of:000000000000000d:1,0.001,0.00125,0.001,0.001,1.4,2026-06-23T10:12:22,0.001,1.37
route_mutation,20260623T101222_385465,of:0000000000000003:1 -> of:000000000000000b:5,0.002,0.0025,0.002,0.002,2.5,2026-06-23T10:12:22,0.002,2.4
route_mutation,20260623T101222_385465,of:0000000000000006:1 -> of:000000000000000d:4,0.001,0.00125,0.001,0.001,1.46,2026-06-23T10:12:22,0.001,1.46
route_mutation,20260623T101222_385465,of:0000000000000007:2 -> of:000000000000000a:3,0.002,0.0025,0.002,0.002,1.73,2026-06-23T10:12:22,0.002,1.73
route_mutation,20260623T101222_385465,of:0000000000000007:1 -> of:000000000000000d:5,0.001,0.00125,0.001,0.001,1.46,2026-06-23T10:12:22,0.001,1.46
route_mutation,20260623T101222_385465,of:0000000000000002:2 -> of:0000000000000008:2,0.002,0.0025,0.002,0.002,1.7,2026-06-23T10:12:22,0.002,1.7
route_mutation,20260623T101222_385465,of:0000000000000003:2 -> of:0000000000000008:3,0.002,0.0025,0.002,0.002,1.7,2026-06-23T10:12:22,0.002,1.7
route_mutation,20260623T101222_385465,of:0000000000000008:1 -> of:000000000000000b:6,0.002,0.0025,0.002,0.002,1.53,2026-06-23T10:12:22,0.002,1.53
route_mutation,20260623T101222_385465,of:0000000000000004:2 -> of:0000000000000009:2,0.002,0.0025,0.002,0.002,1.7,2026-06-23T10:12:22,0.002,1.7
route_mutation,20260623T101222_385465,of:0000000000000002:1 -> of:000000000000000b:4,0.002,0.0025,0.002,0.002,2.53,2026-06-23T10:12:22,0.002,2.56
route_mutation,20260623T101222_385465,of:0000000000000009:1 -> of:000000000000000c:6,0.002,0.0025,0.002,0.002,1.53,2026-06-23T10:12:22,0.002,1.53
route_mutation,20260623T101252_886510,of:0000000000000004:1 -> of:000000000000000c:4,0.002,0.0025,0.002,0.002,2.53,2026-06-23T10:12:52,0.002,2.53
route_mutation,20260623T101252_886510,of:0000000000000005:1 -> of:000000000000000c:5,0.002,0.0025,0.002,0.002,2.56,2026-06-23T10:12:52,0.002,2.56
route_mutation,20260623T101252_886510,of:000000000000000a:1 -> of:000000000000000d:6,0.002,0.0025,0.002,0.002,1.83,2026-06-23T10:12:52,0.002,1.86
route_mutation,20260623T101252_886510,of:000000000000000b:3 -> of:000000000000000d:2,0.002,0.0025,0.002,0.002,2.36,2026-06-23T10:12:52,0.002,2.36
route_mutation,20260623T101252_886510,of:000000000000000c:3 -> of:000000000000000d:3,0.002,0.0025,0.002,0.002,2.36,2026-06-23T10:12:52,0.002,2.36
route_mutation,20260623T101252_886510,of:0000000000000005:2 -> of:0000000000000009:3,0.002,0.0025,0.002,0.002,2.26,2026-06-23T10:12:52,0.002,2.26
route_mutation,20260623T101252_886510,of:0000000000000001:1 -> of:000000000000000b:1,0.002,0.0025,0.002,0.002,2.0,2026-06-23T10:12:52,0.002,1.83
route_mutation,20260623T101252_886510,of:000000000000000b:2 -> of:000000000000000c:2,0.002,0.0025,0.002,0.002,2.33,2026-06-23T10:12:52,0.002,2.33
route_mutation,20260623T101252_886510,of:0000000000000001:2 -> of:000000000000000c:1,0.003,0.00375,0.003,0.003,3.4,2026-06-23T10:12:52,0.003,3.36
route_mutation,20260623T101252_886510,of:0000000000000006:2 -> of:000000000000000a:2,0.002,0.0025,0.002,0.002,2.23,2026-06-23T10:12:52,0.002,2.23
route_mutation,20260623T101252_886510,of:0000000000000001:3 -> of:000000000000000d:1,0.003,0.00375,0.003,0.003,2.9,2026-06-23T10:12:52,0.003,3.06
route_mutation,20260623T101252_886510,of:0000000000000003:1 -> of:000000000000000b:5,0.002,0.0025,0.002,0.002,1.8,2026-06-23T10:12:52,0.002,1.93
route_mutation,20260623T101252_886510,of:0000000000000006:1 -> of:000000000000000d:4,0.003,0.00375,0.003,0.003,2.96,2026-06-23T10:12:52,0.002,2.9
route_mutation,20260623T101252_886510,of:0000000000000007:2 -> of:000000000000000a:3,0.002,0.0025,0.002,0.002,2.3,2026-06-23T10:12:52,0.002,2.3
route_mutation,20260623T101252_886510,of:0000000000000007:1 -> of:000000000000000d:5,0.002,0.0025,0.002,0.002,1.83,2026-06-23T10:12:52,0.002,1.86
route_mutation,20260623T101252_886510,of:0000000000000002:2 -> of:0000000000000008:2,0.002,0.0025,0.002,0.002,2.26,2026-06-23T10:12:52,0.002,2.26
route_mutation,20260623T101252_886510,of:0000000000000003:2 -> of:0000000000000008:3,0.002,0.0025,0.002,0.002,2.26,2026-06-23T10:12:52,0.002,2.26
route_mutation,20260623T101252_886510,of:0000000000000008:1 -> of:000000000000000b:6,0.002,0.0025,0.002,0.002,1.83,2026-06-23T10:12:52,0.002,1.83
route_mutation,20260623T101252_886510,of:0000000000000004:2 -> of:0000000000000009:2,0.002,0.0025,0.002,0.002,2.26,2026-06-23T10:12:52,0.002,2.26
route_mutation,20260623T101252_886510,of:0000000000000002:1 -> of:000000000000000b:4,0.002,0.0025,0.002,0.002,1.76,2026-06-23T10:12:52,0.002,1.76
route_mutation,20260623T101252_886510,of:0000000000000009:1 -> of:000000000000000c:6,0.002,0.0025,0.002,0.002,1.83,2026-06-23T10:12:52,0.002,1.83
route_mutation,20260623T101323_091985,of:0000000000000004:1 -> of:000000000000000c:4,0.002,0.0025,0.002,0.002,1.83,2026-06-23T10:13:23,0.002,1.8
route_mutation,20260623T101323_091985,of:0000000000000005:1 -> of:000000000000000c:5,0.002,0.0025,0.002,0.002,1.83,2026-06-23T10:13:23,0.002,1.8
route_mutation,20260623T101323_091985,of:000000000000000a:1 -> of:000000000000000d:6,0.002,0.0025,0.002,0.002,1.8,2026-06-23T10:13:23,0.002,1.76
route_mutation,20260623T101323_091985,of:000000000000000b:3 -> of:000000000000000d:2,0.002,0.0025,0.002,0.002,2.3,2026-06-23T10:13:23,0.002,2.3
route_mutation,20260623T101323_091985,of:000000000000000c:3 -> of:000000000000000d:3,0.002,0.0025,0.002,0.002,2.3,2026-06-23T10:13:23,0.002,2.3
route_mutation,20260623T101323_091985,of:0000000000000005:2 -> of:0000000000000009:3,0.002,0.0025,0.002,0.002,2.36,2026-06-23T10:13:23,0.002,2.36
route_mutation,20260623T101323_091985,of:0000000000000001:1 -> of:000000000000000b:1,0.002,0.0025,0.002,0.002,1.8,2026-06-23T10:13:23,0.002,1.86
route_mutation,20260623T101323_091985,of:000000000000000b:2 -> of:000000000000000c:2,0.002,0.0025,0.002,0.002,2.26,2026-06-23T10:13:23,0.002,2.26
route_mutation,20260623T101323_091985,of:0000000000000001:2 -> of:000000000000000c:1,0.002,0.0025,0.002,0.002,1.8,2026-06-23T10:13:23,0.002,1.86
route_mutation,20260623T101323_091985,of:0000000000000006:2 -> of:000000000000000a:2,0.002,0.0025,0.002,0.002,2.36,2026-06-23T10:13:23,0.002,2.36
route_mutation,20260623T101323_091985,of:0000000000000001:3 -> of:000000000000000d:1,0.003,0.00375,0.003,0.003,3.5,2026-06-23T10:13:23,0.003,3.36
route_mutation,20260623T101323_091985,of:0000000000000003:1 -> of:000000000000000b:5,0.002,0.0025,0.002,0.002,1.83,2026-06-23T10:13:23,0.002,1.8
route_mutation,20260623T101323_091985,of:0000000000000006:1 -> of:000000000000000d:4,0.002,0.0025,0.002,0.002,1.96,2026-06-23T10:13:23,0.002,2.03
route_mutation,20260623T101323_091985,of:0000000000000007:2 -> of:000000000000000a:3,0.002,0.0025,0.002,0.002,2.3,2026-06-23T10:13:23,0.002,2.3
route_mutation,20260623T101323_091985,of:0000000000000007:1 -> of:000000000000000d:5,0.003,0.00375,0.003,0.003,3.2,2026-06-23T10:13:23,0.003,3.16
route_mutation,20260623T101323_091985,of:0000000000000002:2 -> of:0000000000000008:2,0.002,0.0025,0.002,0.002,2.36,2026-06-23T10:13:23,0.002,2.36
route_mutation,20260623T101323_091985,of:0000000000000003:2 -> of:0000000000000008:3,0.002,0.0025,0.002,0.002,2.36,2026-06-23T10:13:23,0.002,2.36
route_mutation,20260623T101323_091985,of:0000000000000008:1 -> of:000000000000000b:6,0.002,0.0025,0.002,0.002,1.73,2026-06-23T10:13:23,0.002,1.73
route_mutation,20260623T101323_091985,of:0000000000000004:2 -> of:0000000000000009:2,0.002,0.0025,0.002,0.002,2.36,2026-06-23T10:13:23,0.002,2.36
route_mutation,20260623T101323_091985,of:0000000000000002:1 -> of:000000000000000b:4,0.002,0.0025,0.002,0.002,1.83,2026-06-23T10:13:23,0.002,1.8
route_mutation,20260623T101323_091985,of:0000000000000009:1 -> of:000000000000000c:6,0.002,0.0025,0.002,0.002,1.73,2026-06-23T10:13:23,0.002,1.73
ip_shuffle,20260623T101353_441510,of:0000000000000004:1 -> of:000000000000000c:4,0.002,0.0025,0.002,0.002,1.5,2026-06-23T10:13:53,0.002,1.5
ip_shuffle,20260623T101353_441510,of:0000000000000005:1 -> of:000000000000000c:5,0.002,0.0025,0.002,0.002,1.5,2026-06-23T10:13:53,0.002,1.5
ip_shuffle,20260623T101353_441510,of:000000000000000a:1 -> of:000000000000000d:6,0.002,0.0025,0.002,0.002,1.43,2026-06-23T10:13:53,0.002,1.43
ip_shuffle,20260623T101353_441510,of:000000000000000b:3 -> of:000000000000000d:2,0.002,0.0025,0.002,0.002,1.53,2026-06-23T10:13:53,0.002,1.53
ip_shuffle,20260623T101353_441510,of:000000000000000c:3 -> of:000000000000000d:3,0.002,0.0025,0.002,0.002,1.53,2026-06-23T10:13:53,0.002,1.53
ip_shuffle,20260623T101353_441510,of:0000000000000005:2 -> of:0000000000000009:3,0.002,0.0025,0.002,0.002,1.6,2026-06-23T10:13:53,0.002,1.6
ip_shuffle,20260623T101353_441510,of:0000000000000001:1 -> of:000000000000000b:1,0.002,0.0025,0.002,0.002,2.6,2026-06-23T10:13:53,0.002,2.6
ip_shuffle,20260623T101353_441510,of:000000000000000b:2 -> of:000000000000000c:2,0.002,0.0025,0.002,0.002,1.6,2026-06-23T10:13:53,0.002,1.6
ip_shuffle,20260623T101353_441510,of:0000000000000001:2 -> of:000000000000000c:1,0.002,0.0025,0.002,0.002,1.43,2026-06-23T10:13:53,0.002,1.43
ip_shuffle,20260623T101353_441510,of:0000000000000006:2 -> of:000000000000000a:2,0.002,0.0025,0.002,0.002,1.6,2026-06-23T10:13:53,0.002,1.6
ip_shuffle,20260623T101353_441510,of:0000000000000001:3 -> of:000000000000000d:1,0.001,0.00125,0.001,0.001,1.37,2026-06-23T10:13:53,0.001,1.37
ip_shuffle,20260623T101353_441510,of:0000000000000003:1 -> of:000000000000000b:5,0.002,0.0025,0.002,0.002,1.63,2026-06-23T10:13:53,0.002,1.63
ip_shuffle,20260623T101353_441510,of:0000000000000006:1 -> of:000000000000000d:4,0.002,0.0025,0.002,0.002,1.43,2026-06-23T10:13:53,0.002,1.43
ip_shuffle,20260623T101353_441510,of:0000000000000007:2 -> of:000000000000000a:3,0.002,0.0025,0.002,0.002,1.6,2026-06-23T10:13:53,0.002,1.6
ip_shuffle,20260623T101353_441510,of:0000000000000007:1 -> of:000000000000000d:5,0.002,0.0025,0.002,0.002,1.43,2026-06-23T10:13:53,0.002,1.43
ip_shuffle,20260623T101353_441510,of:0000000000000002:2 -> of:0000000000000008:2,0.002,0.0025,0.002,0.002,1.6,2026-06-23T10:13:53,0.002,1.6
ip_shuffle,20260623T101353_441510,of:0000000000000003:2 -> of:0000000000000008:3,0.002,0.0025,0.002,0.002,1.6,2026-06-23T10:13:53,0.002,1.6
ip_shuffle,20260623T101353_441510,of:0000000000000008:1 -> of:000000000000000b:6,0.002,0.0025,0.002,0.002,1.5,2026-06-23T10:13:53,0.002,1.5
ip_shuffle,20260623T101353_441510,of:0000000000000004:2 -> of:0000000000000009:2,0.002,0.0025,0.002,0.002,1.6,2026-06-23T10:13:53,0.002,1.6
ip_shuffle,20260623T101353_441510,of:0000000000000002:1 -> of:000000000000000b:4,0.002,0.0025,0.002,0.002,2.53,2026-06-23T10:13:53,0.002,2.53
ip_shuffle,20260623T101353_441510,of:0000000000000009:1 -> of:000000000000000c:6,0.002,0.0025,0.002,0.002,1.5,2026-06-23T10:13:53,0.002,1.5
ip_shuffle,20260623T101503_960982,of:0000000000000004:1 -> of:000000000000000c:4,0.002,0.0025,0.002,0.002,2.03,2026-06-23T10:15:03,0.002,2.0
ip_shuffle,20260623T101503_960982,of:0000000000000005:1 -> of:000000000000000c:5,0.002,0.0025,0.002,0.002,2.03,2026-06-23T10:15:03,0.002,2.0
ip_shuffle,20260623T101503_960982,of:000000000000000a:1 -> of:000000000000000d:6,0.002,0.0025,0.002,0.002,2.0,2026-06-23T10:15:03,0.002,1.96
ip_shuffle,20260623T101503_960982,of:000000000000000b:3 -> of:000000000000000d:2,0.002,0.0025,0.002,0.002,2.7,2026-06-23T10:15:03,0.002,2.7
ip_shuffle,20260623T101503_960982,of:000000000000000c:3 -> of:000000000000000d:3,0.002,0.0025,0.002,0.002,2.66,2026-06-23T10:15:03,0.002,2.7
ip_shuffle,20260623T101503_960982,of:0000000000000005:2 -> of:0000000000000009:3,0.002,0.0025,0.002,0.002,2.76,2026-06-23T10:15:03,0.002,2.76
ip_shuffle,20260623T101503_960982,of:0000000000000001:1 -> of:000000000000000b:1,0.002,0.0025,0.002,0.002,2.0,2026-06-23T10:15:03,0.002,2.1
ip_shuffle,20260623T101503_960982,of:000000000000000b:2 -> of:000000000000000c:2,0.002,0.0025,0.002,0.002,2.66,2026-06-23T10:15:03,0.002,2.66
ip_shuffle,20260623T101503_960982,of:0000000000000001:2 -> of:000000000000000c:1,0.002,0.0025,0.002,0.002,2.0,2026-06-23T10:15:03,0.002,2.1
ip_shuffle,20260623T101503_960982,of:0000000000000006:2 -> of:000000000000000a:2,0.002,0.0025,0.002,0.002,2.76,2026-06-23T10:15:03,0.002,2.76
ip_shuffle,20260623T101503_960982,of:0000000000000001:3 -> of:000000000000000d:1,0.004,0.005,0.004,0.004,4.83,2026-06-23T10:15:03,0.004,4.76
ip_shuffle,20260623T101503_960982,of:0000000000000003:1 -> of:000000000000000b:5,0.002,0.0025,0.002,0.002,2.06,2026-06-23T10:15:03,0.002,2.0
ip_shuffle,20260623T101503_960982,of:0000000000000006:1 -> of:000000000000000d:4,0.002,0.0025,0.002,0.002,2.76,2026-06-23T10:15:03,0.002,2.83
ip_shuffle,20260623T101503_960982,of:0000000000000007:2 -> of:000000000000000a:3,0.002,0.0025,0.002,0.002,2.66,2026-06-23T10:15:03,0.002,2.66
ip_shuffle,20260623T101503_960982,of:0000000000000007:1 -> of:000000000000000d:5,0.003,0.00375,0.003,0.003,3.86,2026-06-23T10:15:03,0.003,3.83
ip_shuffle,20260623T101503_960982,of:0000000000000002:2 -> of:0000000000000008:2,0.002,0.0025,0.002,0.002,2.8,2026-06-23T10:15:03,0.002,2.8
ip_shuffle,20260623T101503_960982,of:0000000000000003:2 -> of:0000000000000008:3,0.002,0.0025,0.002,0.002,2.8,2026-06-23T10:15:03,0.002,2.8
ip_shuffle,20260623T101503_960982,of:0000000000000008:1 -> of:000000000000000b:6,0.002,0.0025,0.002,0.002,1.93,2026-06-23T10:15:03,0.002,1.93
ip_shuffle,20260623T101503_960982,of:0000000000000004:2 -> of:0000000000000009:2,0.002,0.0025,0.002,0.002,2.76,2026-06-23T10:15:03,0.002,2.76
ip_shuffle,20260623T101503_960982,of:0000000000000002:1 -> of:000000000000000b:4,0.002,0.0025,0.002,0.002,2.06,2026-06-23T10:15:03,0.002,2.0
ip_shuffle,20260623T101503_960982,of:0000000000000009:1 -> of:000000000000000c:6,0.002,0.0025,0.002,0.002,1.93,2026-06-23T10:15:03,0.002,1.93
ip_shuffle,20260623T101601_578847,of:0000000000000004:1 -> of:000000000000000c:4,0.002,0.0025,0.002,0.002,2.16,2026-06-23T10:16:01,0.002,2.23
ip_shuffle,20260623T101601_578847,of:0000000000000005:1 -> of:000000000000000c:5,0.002,0.0025,0.002,0.002,2.16,2026-06-23T10:16:01,0.002,2.2
ip_shuffle,20260623T101601_578847,of:000000000000000a:1 -> of:000000000000000d:6,0.002,0.0025,0.002,0.002,1.46,2026-06-23T10:16:01,0.002,1.5
ip_shuffle,20260623T101601_578847,of:000000000000000b:3 -> of:000000000000000d:2,0.002,0.0025,0.002,0.002,1.63,2026-06-23T10:16:01,0.002,1.63
ip_shuffle,20260623T101601_578847,of:000000000000000c:3 -> of:000000000000000d:3,0.002,0.0025,0.002,0.002,1.66,2026-06-23T10:16:01,0.002,1.66
ip_shuffle,20260623T101601_578847,of:0000000000000005:2 -> of:0000000000000009:3,0.001,0.00125,0.001,0.001,1.5,2026-06-23T10:16:01,0.001,1.5
ip_shuffle,20260623T101601_578847,of:0000000000000001:1 -> of:000000000000000b:1,0.003,0.00375,0.003,0.003,3.33,2026-06-23T10:16:01,0.003,3.23
ip_shuffle,20260623T101601_578847,of:000000000000000b:2 -> of:000000000000000c:2,0.002,0.0025,0.002,0.002,1.63,2026-06-23T10:16:01,0.002,1.63
ip_shuffle,20260623T101601_578847,of:0000000000000001:2 -> of:000000000000000c:1,0.003,0.00375,0.003,0.003,3.0,2026-06-23T10:16:01,0.003,2.93
ip_shuffle,20260623T101601_578847,of:0000000000000006:2 -> of:000000000000000a:2,0.002,0.0025,0.002,0.002,1.6,2026-06-23T10:16:01,0.002,1.6
ip_shuffle,20260623T101601_578847,of:0000000000000001:3 -> of:000000000000000d:1,0.002,0.0025,0.002,0.002,1.73,2026-06-23T10:16:01,0.002,1.76
ip_shuffle,20260623T101601_578847,of:0000000000000003:1 -> of:000000000000000b:5,0.002,0.0025,0.002,0.002,2.4,2026-06-23T10:16:01,0.002,2.43
ip_shuffle,20260623T101601_578847,of:0000000000000006:1 -> of:000000000000000d:4,0.002,0.0025,0.002,0.002,1.56,2026-06-23T10:16:01,0.002,1.53
ip_shuffle,20260623T101601_578847,of:0000000000000007:2 -> of:000000000000000a:3,0.002,0.0025,0.002,0.002,1.6,2026-06-23T10:16:01,0.002,1.6
ip_shuffle,20260623T101601_578847,of:0000000000000007:1 -> of:000000000000000d:5,0.002,0.0025,0.002,0.002,1.7,2026-06-23T10:16:01,0.002,1.73
ip_shuffle,20260623T101601_578847,of:0000000000000002:2 -> of:0000000000000008:2,0.001,0.00125,0.001,0.001,1.5,2026-06-23T10:16:01,0.001,1.5
ip_shuffle,20260623T101601_578847,of:0000000000000003:2 -> of:0000000000000008:3,0.001,0.00125,0.001,0.001,1.5,2026-06-23T10:16:01,0.001,1.5
ip_shuffle,20260623T101601_578847,of:0000000000000008:1 -> of:000000000000000b:6,0.002,0.0025,0.002,0.002,1.46,2026-06-23T10:16:01,0.002,1.46
ip_shuffle,20260623T101601_578847,of:0000000000000004:2 -> of:0000000000000009:2,0.001,0.00125,0.001,0.001,1.5,2026-06-23T10:16:01,0.001,1.5
ip_shuffle,20260623T101601_578847,of:0000000000000002:1 -> of:000000000000000b:4,0.002,0.0025,0.002,0.002,2.2,2026-06-23T10:16:01,0.002,2.3
ip_shuffle,20260623T101601_578847,of:0000000000000009:1 -> of:000000000000000c:6,0.002,0.0025,0.002,0.002,1.46,2026-06-23T10:16:01,0.002,1.5
ip_shuffle,20260623T101659_404773,of:0000000000000004:1 -> of:000000000000000c:4,0.001,0.00125,0.001,0.001,1.47,2026-06-23T10:16:59,0.001,1.4
ip_shuffle,20260623T101659_404773,of:0000000000000005:1 -> of:000000000000000c:5,0.001,0.00125,0.001,0.001,1.47,2026-06-23T10:16:59,0.001,1.4
ip_shuffle,20260623T101659_404773,of:000000000000000a:1 -> of:000000000000000d:6,0.001,0.00125,0.001,0.001,1.43,2026-06-23T10:16:59,0.001,1.4
ip_shuffle,20260623T101659_404773,of:000000000000000b:3 -> of:000000000000000d:2,0.002,0.0025,0.002,0.002,1.57,2026-06-23T10:16:59,0.002,1.57
ip_shuffle,20260623T101659_404773,of:000000000000000c:3 -> of:000000000000000d:3,0.001,0.00125,0.001,0.001,1.47,2026-06-23T10:16:59,0.001,1.47
ip_shuffle,20260623T101659_404773,of:0000000000000005:2 -> of:0000000000000009:3,0.002,0.0025,0.002,0.002,1.7,2026-06-23T10:16:59,0.002,1.7
ip_shuffle,20260623T101659_404773,of:0000000000000001:1 -> of:000000000000000b:1,0.002,0.0025,0.002,0.002,1.5,2026-06-23T10:16:59,0.002,1.53
ip_shuffle,20260623T101659_404773,of:000000000000000b:2 -> of:000000000000000c:2,0.002,0.0025,0.002,0.002,1.57,2026-06-23T10:16:59,0.002,1.57
ip_shuffle,20260623T101659_404773,of:0000000000000001:2 -> of:000000000000000c:1,0.001,0.00125,0.001,0.001,1.4,2026-06-23T10:16:59,0.001,1.47
ip_shuffle,20260623T101659_404773,of:0000000000000006:2 -> of:000000000000000a:2,0.002,0.0025,0.002,0.002,1.66,2026-06-23T10:16:59,0.002,1.66
ip_shuffle,20260623T101659_404773,of:0000000000000001:3 -> of:000000000000000d:1,0.002,0.0025,0.002,0.002,2.13,2026-06-23T10:16:59,0.002,2.03
ip_shuffle,20260623T101659_404773,of:0000000000000003:1 -> of:000000000000000b:5,0.002,0.0025,0.002,0.002,1.53,2026-06-23T10:16:59,0.002,1.5
ip_shuffle,20260623T101659_404773,of:0000000000000006:1 -> of:000000000000000d:4,0.001,0.00125,0.001,0.001,1.47,2026-06-23T10:16:59,0.001,1.47
ip_shuffle,20260623T101659_404773,of:0000000000000007:2 -> of:000000000000000a:3,0.002,0.0025,0.002,0.002,1.66,2026-06-23T10:16:59,0.002,1.66
ip_shuffle,20260623T101659_404773,of:0000000000000007:1 -> of:000000000000000d:5,0.002,0.0025,0.002,0.002,1.86,2026-06-23T10:16:59,0.002,1.9
ip_shuffle,20260623T101659_404773,of:0000000000000002:2 -> of:0000000000000008:2,0.002,0.0025,0.002,0.002,1.7,2026-06-23T10:16:59,0.002,1.7
ip_shuffle,20260623T101659_404773,of:0000000000000003:2 -> of:0000000000000008:3,0.002,0.0025,0.002,0.002,1.7,2026-06-23T10:16:59,0.002,1.7
ip_shuffle,20260623T101659_404773,of:0000000000000008:1 -> of:000000000000000b:6,0.002,0.0025,0.002,0.002,1.5,2026-06-23T10:16:59,0.002,1.5
ip_shuffle,20260623T101659_404773,of:0000000000000004:2 -> of:0000000000000009:2,0.002,0.0025,0.002,0.002,1.7,2026-06-23T10:16:59,0.002,1.7
ip_shuffle,20260623T101659_404773,of:0000000000000002:1 -> of:000000000000000b:4,0.002,0.0025,0.002,0.002,1.53,2026-06-23T10:16:59,0.002,1.5
ip_shuffle,20260623T101659_404773,of:0000000000000009:1 -> of:000000000000000c:6,0.001,0.00125,0.001,0.001,1.43,2026-06-23T10:16:59,0.001,1.4
ip_shuffle,20260623T101757_151645,of:0000000000000004:1 -> of:000000000000000c:4,0.002,0.0025,0.002,0.002,2.2,2026-06-23T10:17:57,0.002,2.26
ip_shuffle,20260623T101757_151645,of:0000000000000005:1 -> of:000000000000000c:5,0.002,0.0025,0.002,0.002,2.76,2026-06-23T10:17:57,0.002,2.83
ip_shuffle,20260623T101757_151645,of:000000000000000a:1 -> of:000000000000000d:6,0.002,0.0025,0.002,0.002,1.9,2026-06-23T10:17:57,0.002,1.93
ip_shuffle,20260623T101757_151645,of:000000000000000b:3 -> of:000000000000000d:2,0.002,0.0025,0.002,0.002,2.56,2026-06-23T10:17:57,0.002,2.56
ip_shuffle,20260623T101757_151645,of:000000000000000c:3 -> of:000000000000000d:3,0.002,0.0025,0.002,0.002,2.66,2026-06-23T10:17:57,0.002,2.66
ip_shuffle,20260623T101757_151645,of:0000000000000005:2 -> of:0000000000000009:3,0.002,0.0025,0.002,0.002,2.5,2026-06-23T10:17:57,0.002,2.5
ip_shuffle,20260623T101757_151645,of:0000000000000001:1 -> of:000000000000000b:1,0.002,0.0025,0.002,0.002,1.93,2026-06-23T10:17:57,0.002,1.9
ip_shuffle,20260623T101757_151645,of:000000000000000b:2 -> of:000000000000000c:2,0.002,0.0025,0.002,0.002,2.56,2026-06-23T10:17:57,0.002,2.56
ip_shuffle,20260623T101757_151645,of:0000000000000001:2 -> of:000000000000000c:1,0.003,0.00375,0.003,0.003,3.13,2026-06-23T10:17:57,0.003,3.06
ip_shuffle,20260623T101757_151645,of:0000000000000006:2 -> of:000000000000000a:2,0.002,0.0025,0.002,0.002,2.43,2026-06-23T10:17:57,0.002,2.43
ip_shuffle,20260623T101757_151645,of:0000000000000001:3 -> of:000000000000000d:1,0.003,0.00375,0.003,0.003,3.3,2026-06-23T10:17:57,0.003,3.4
ip_shuffle,20260623T101757_151645,of:0000000000000003:1 -> of:000000000000000b:5,0.002,0.0025,0.002,0.002,1.9,2026-06-23T10:17:57,0.002,1.93
ip_shuffle,20260623T101757_151645,of:0000000000000006:1 -> of:000000000000000d:4,0.003,0.00375,0.003,0.003,3.06,2026-06-23T10:17:57,0.003,3.13
ip_shuffle,20260623T101757_151645,of:0000000000000007:2 -> of:000000000000000a:3,0.002,0.0025,0.002,0.002,2.46,2026-06-23T10:17:57,0.002,2.46
ip_shuffle,20260623T101757_151645,of:0000000000000007:1 -> of:000000000000000d:5,0.002,0.0025,0.002,0.002,2.16,2026-06-23T10:17:57,0.002,2.13
ip_shuffle,20260623T101757_151645,of:0000000000000002:2 -> of:0000000000000008:2,0.002,0.0025,0.002,0.002,2.5,2026-06-23T10:17:57,0.002,2.5
ip_shuffle,20260623T101757_151645,of:0000000000000003:2 -> of:0000000000000008:3,0.002,0.0025,0.002,0.002,2.5,2026-06-23T10:17:57,0.002,2.5
ip_shuffle,20260623T101757_151645,of:0000000000000008:1 -> of:000000000000000b:6,0.002,0.0025,0.002,0.002,1.83,2026-06-23T10:17:57,0.002,1.83
ip_shuffle,20260623T101757_151645,of:0000000000000004:2 -> of:0000000000000009:2,0.002,0.0025,0.002,0.002,2.5,2026-06-23T10:17:57,0.002,2.5
ip_shuffle,20260623T101757_151645,of:0000000000000002:1 -> of:000000000000000b:4,0.002,0.0025,0.002,0.002,1.86,2026-06-23T10:17:57,0.002,1.9
ip_shuffle,20260623T101757_151645,of:0000000000000009:1 -> of:000000000000000c:6,0.002,0.0025,0.002,0.002,1.9,2026-06-23T10:17:57,0.002,1.93
route_mutation,20260623T101854_853292,of:0000000000000004:1 -> of:000000000000000c:4,0.001,0.00125,0.001,0.001,1.37,2026-06-23T10:18:54,0.001,1.37
route_mutation,20260623T101854_853292,of:0000000000000005:1 -> of:000000000000000c:5,0.001,0.00125,0.001,0.001,1.37,2026-06-23T10:18:54,0.001,1.37
route_mutation,20260623T101854_853292,of:000000000000000a:1 -> of:000000000000000d:6,0.002,0.0025,0.002,0.002,1.43,2026-06-23T10:18:54,0.002,1.43
route_mutation,20260623T101854_853292,of:000000000000000b:3 -> of:000000000000000d:2,0.002,0.0025,0.002,0.002,1.53,2026-06-23T10:18:54,0.002,1.53
route_mutation,20260623T101854_853292,of:000000000000000c:3 -> of:000000000000000d:3,0.002,0.0025,0.002,0.002,1.53,2026-06-23T10:18:54,0.002,1.53
route_mutation,20260623T101854_853292,of:0000000000000005:2 -> of:0000000000000009:3,0.001,0.00125,0.001,0.001,1.47,2026-06-23T10:18:54,0.001,1.47
route_mutation,20260623T101854_853292,of:0000000000000001:1 -> of:000000000000000b:1,0.003,0.00375,0.003,0.003,2.86,2026-06-23T10:18:54,0.003,2.86
route_mutation,20260623T101854_853292,of:000000000000000b:2 -> of:000000000000000c:2,0.002,0.0025,0.002,0.002,1.53,2026-06-23T10:18:54,0.002,1.53
route_mutation,20260623T101854_853292,of:0000000000000001:2 -> of:000000000000000c:1,0.001,0.00125,0.001,0.001,1.37,2026-06-23T10:18:54,0.001,1.37
route_mutation,20260623T101854_853292,of:0000000000000006:2 -> of:000000000000000a:2,0.002,0.0025,0.002,0.002,1.53,2026-06-23T10:18:54,0.002,1.53
route_mutation,20260623T101854_853292,of:0000000000000001:3 -> of:000000000000000d:1,0.001,0.00125,0.001,0.001,1.37,2026-06-23T10:18:54,0.001,1.37
route_mutation,20260623T101854_853292,of:0000000000000003:1 -> of:000000000000000b:5,0.002,0.0025,0.002,0.002,1.9,2026-06-23T10:18:54,0.002,1.9
route_mutation,20260623T101854_853292,of:0000000000000006:1 -> of:000000000000000d:4,0.002,0.0025,0.002,0.002,1.43,2026-06-23T10:18:54,0.002,1.43
route_mutation,20260623T101854_853292,of:0000000000000007:2 -> of:000000000000000a:3,0.002,0.0025,0.002,0.002,1.53,2026-06-23T10:18:54,0.002,1.53
route_mutation,20260623T101854_853292,of:0000000000000007:1 -> of:000000000000000d:5,0.002,0.0025,0.002,0.002,1.43,2026-06-23T10:18:54,0.002,1.43
route_mutation,20260623T101854_853292,of:0000000000000002:2 -> of:0000000000000008:2,0.001,0.00125,0.001,0.001,1.47,2026-06-23T10:18:54,0.001,1.47
route_mutation,20260623T101854_853292,of:0000000000000003:2 -> of:0000000000000008:3,0.001,0.00125,0.001,0.001,1.47,2026-06-23T10:18:54,0.001,1.47
route_mutation,20260623T101854_853292,of:0000000000000008:1 -> of:000000000000000b:6,0.002,0.0025,0.002,0.002,1.43,2026-06-23T10:18:54,0.002,1.43
route_mutation,20260623T101854_853292,of:0000000000000004:2 -> of:0000000000000009:2,0.001,0.00125,0.001,0.001,1.47,2026-06-23T10:18:54,0.001,1.47
route_mutation,20260623T101854_853292,of:0000000000000002:1 -> of:000000000000000b:4,0.002,0.0025,0.002,0.002,2.4,2026-06-23T10:18:54,0.002,2.4
route_mutation,20260623T101854_853292,of:0000000000000009:1 -> of:000000000000000c:6,0.002,0.0025,0.002,0.002,1.43,2026-06-23T10:18:54,0.002,1.43
route_mutation,20260623T101925_144628,of:0000000000000004:1 -> of:000000000000000c:4,0.002,0.0025,0.002,0.002,2.53,2026-06-23T10:19:25,0.002,2.6
route_mutation,20260623T101925_144628,of:0000000000000005:1 -> of:000000000000000c:5,0.002,0.0025,0.002,0.002,2.53,2026-06-23T10:19:25,0.002,2.6
route_mutation,20260623T101925_144628,of:000000000000000a:1 -> of:000000000000000d:6,0.002,0.0025,0.002,0.002,1.7,2026-06-23T10:19:25,0.002,1.73
route_mutation,20260623T101925_144628,of:000000000000000b:3 -> of:000000000000000d:2,0.002,0.0025,0.002,0.002,2.23,2026-06-23T10:19:25,0.002,2.23
route_mutation,20260623T101925_144628,of:000000000000000c:3 -> of:000000000000000d:3,0.002,0.0025,0.002,0.002,2.26,2026-06-23T10:19:25,0.002,2.26
route_mutation,20260623T101925_144628,of:0000000000000005:2 -> of:0000000000000009:3,0.002,0.0025,0.002,0.002,2.1,2026-06-23T10:19:25,0.002,2.1
route_mutation,20260623T101925_144628,of:0000000000000001:1 -> of:000000000000000b:1,0.002,0.0025,0.002,0.002,2.33,2026-06-23T10:19:25,0.002,2.3
route_mutation,20260623T101925_144628,of:000000000000000b:2 -> of:000000000000000c:2,0.002,0.0025,0.002,0.002,2.23,2026-06-23T10:19:25,0.002,2.23
route_mutation,20260623T101925_144628,of:0000000000000001:2 -> of:000000000000000c:1,0.003,0.00375,0.003,0.003,3.4,2026-06-23T10:19:25,0.003,3.33
route_mutation,20260623T101925_144628,of:0000000000000006:2 -> of:000000000000000a:2,0.002,0.0025,0.002,0.002,2.06,2026-06-23T10:19:25,0.002,2.06
route_mutation,20260623T101925_144628,of:0000000000000001:3 -> of:000000000000000d:1,0.002,0.0025,0.002,0.002,2.53,2026-06-23T10:19:25,0.002,2.56
route_mutation,20260623T101925_144628,of:0000000000000003:1 -> of:000000000000000b:5,0.002,0.0025,0.002,0.002,2.23,2026-06-23T10:19:25,0.002,2.26
route_mutation,20260623T101925_144628,of:0000000000000006:1 -> of:000000000000000d:4,0.002,0.0025,0.002,0.002,2.56,2026-06-23T10:19:25,0.002,2.53
route_mutation,20260623T101925_144628,of:0000000000000007:2 -> of:000000000000000a:3,0.002,0.0025,0.002,0.002,2.06,2026-06-23T10:19:25,0.002,2.06
route_mutation,20260623T101925_144628,of:0000000000000007:1 -> of:000000000000000d:5,0.002,0.0025,0.002,0.002,1.7,2026-06-23T10:19:25,0.002,1.73
route_mutation,20260623T101925_144628,of:0000000000000002:2 -> of:0000000000000008:2,0.002,0.0025,0.002,0.002,2.1,2026-06-23T10:19:25,0.002,2.1
route_mutation,20260623T101925_144628,of:0000000000000003:2 -> of:0000000000000008:3,0.002,0.0025,0.002,0.002,2.1,2026-06-23T10:19:25,0.002,2.1
route_mutation,20260623T101925_144628,of:0000000000000008:1 -> of:000000000000000b:6,0.002,0.0025,0.002,0.002,1.7,2026-06-23T10:19:25,0.002,1.7
route_mutation,20260623T101925_144628,of:0000000000000004:2 -> of:0000000000000009:2,0.002,0.0025,0.002,0.002,2.1,2026-06-23T10:19:25,0.002,2.1
route_mutation,20260623T101925_144628,of:0000000000000002:1 -> of:000000000000000b:4,0.002,0.0025,0.002,0.002,1.73,2026-06-23T10:19:25,0.002,1.76
route_mutation,20260623T101925_144628,of:0000000000000009:1 -> of:000000000000000c:6,0.002,0.0025,0.002,0.002,1.7,2026-06-23T10:19:25,0.002,1.73
route_mutation,20260623T101955_326028,of:0000000000000004:1 -> of:000000000000000c:4,0.002,0.0025,0.002,0.002,2.06,2026-06-23T10:19:55,0.002,2.0
route_mutation,20260623T101955_326028,of:0000000000000005:1 -> of:000000000000000c:5,0.002,0.0025,0.002,0.002,2.06,2026-06-23T10:19:55,0.002,2.0
route_mutation,20260623T101955_326028,of:000000000000000a:1 -> of:000000000000000d:6,0.002,0.0025,0.002,0.002,2.03,2026-06-23T10:19:55,0.002,2.0
route_mutation,20260623T101955_326028,of:000000000000000b:3 -> of:000000000000000d:2,0.002,0.0025,0.002,0.002,2.7,2026-06-23T10:19:55,0.002,2.7
route_mutation,20260623T101955_326028,of:000000000000000c:3 -> of:000000000000000d:3,0.002,0.0025,0.002,0.002,2.66,2026-06-23T10:19:55,0.002,2.66
route_mutation,20260623T101955_326028,of:0000000000000005:2 -> of:0000000000000009:3,0.002,0.0025,0.002,0.002,2.9,2026-06-23T10:19:55,0.002,2.9
route_mutation,20260623T101955_326028,of:0000000000000001:1 -> of:000000000000000b:1,0.002,0.0025,0.002,0.002,2.03,2026-06-23T10:19:55,0.002,2.06
route_mutation,20260623T101955_326028,of:000000000000000b:2 -> of:000000000000000c:2,0.002,0.0025,0.002,0.002,2.7,2026-06-23T10:19:55,0.002,2.7
route_mutation,20260623T101955_326028,of:0000000000000001:2 -> of:000000000000000c:1,0.002,0.0025,0.002,0.002,2.0,2026-06-23T10:19:55,0.002,2.06
route_mutation,20260623T101955_326028,of:0000000000000006:2 -> of:000000000000000a:2,0.002,0.0025,0.002,0.002,2.86,2026-06-23T10:19:55,0.002,2.86
route_mutation,20260623T101955_326028,of:0000000000000001:3 -> of:000000000000000d:1,0.003,0.00375,0.003,0.003,3.96,2026-06-23T10:19:55,0.003,3.93
route_mutation,20260623T101955_326028,of:0000000000000003:1 -> of:000000000000000b:5,0.002,0.0025,0.002,0.002,2.06,2026-06-23T10:19:55,0.002,2.03
route_mutation,20260623T101955_326028,of:0000000000000006:1 -> of:000000000000000d:4,0.002,0.0025,0.002,0.002,2.46,2026-06-23T10:19:55,0.002,2.5
route_mutation,20260623T101955_326028,of:0000000000000007:2 -> of:000000000000000a:3,0.002,0.0025,0.002,0.002,2.86,2026-06-23T10:19:55,0.002,2.86
route_mutation,20260623T101955_326028,of:0000000000000007:1 -> of:000000000000000d:5,0.003,0.00375,0.003,0.003,3.43,2026-06-23T10:19:55,0.003,3.39
route_mutation,20260623T101955_326028,of:0000000000000002:2 -> of:0000000000000008:2,0.002,0.0025,0.002,0.002,2.9,2026-06-23T10:19:55,0.002,2.9
route_mutation,20260623T101955_326028,of:0000000000000003:2 -> of:0000000000000008:3,0.002,0.0025,0.002,0.002,2.9,2026-06-23T10:19:55,0.002,2.9
route_mutation,20260623T101955_326028,of:0000000000000008:1 -> of:000000000000000b:6,0.002,0.0025,0.002,0.002,2.03,2026-06-23T10:19:55,0.002,2.03
route_mutation,20260623T101955_326028,of:0000000000000004:2 -> of:0000000000000009:2,0.002,0.0025,0.002,0.002,2.9,2026-06-23T10:19:55,0.002,2.9
route_mutation,20260623T101955_326028,of:0000000000000002:1 -> of:000000000000000b:4,0.002,0.0025,0.002,0.002,2.06,2026-06-23T10:19:55,0.002,2.03
route_mutation,20260623T101955_326028,of:0000000000000009:1 -> of:000000000000000c:6,0.002,0.0025,0.002,0.002,2.03,2026-06-23T10:19:55,0.002,2.0
ip_shuffle,20260623T102025_637156,of:0000000000000004:1 -> of:000000000000000c:4,0.002,0.0025,0.002,0.002,1.43,2026-06-23T10:20:25,0.002,1.43
ip_shuffle,20260623T102025_637156,of:0000000000000005:1 -> of:000000000000000c:5,0.002,0.0025,0.002,0.002,1.43,2026-06-23T10:20:25,0.002,1.43
ip_shuffle,20260623T102025_637156,of:000000000000000a:1 -> of:000000000000000d:6,0.002,0.0025,0.002,0.002,1.43,2026-06-23T10:20:25,0.002,1.43
ip_shuffle,20260623T102025_637156,of:000000000000000b:3 -> of:000000000000000d:2,0.002,0.0025,0.002,0.002,1.53,2026-06-23T10:20:25,0.002,1.53
ip_shuffle,20260623T102025_637156,of:000000000000000c:3 -> of:000000000000000d:3,0.002,0.0025,0.002,0.002,1.53,2026-06-23T10:20:25,0.002,1.53
ip_shuffle,20260623T102025_637156,of:0000000000000005:2 -> of:0000000000000009:3,0.002,0.0025,0.002,0.002,1.53,2026-06-23T10:20:25,0.002,1.53
ip_shuffle,20260623T102025_637156,of:0000000000000001:1 -> of:000000000000000b:1,0.002,0.0025,0.002,0.002,1.66,2026-06-23T10:20:25,0.002,1.66
ip_shuffle,20260623T102025_637156,of:000000000000000b:2 -> of:000000000000000c:2,0.002,0.0025,0.002,0.002,1.53,2026-06-23T10:20:25,0.002,1.53
ip_shuffle,20260623T102025_637156,of:0000000000000001:2 -> of:000000000000000c:1,0.001,0.00125,0.001,0.001,1.37,2026-06-23T10:20:25,0.001,1.37
ip_shuffle,20260623T102025_637156,of:0000000000000006:2 -> of:000000000000000a:2,0.002,0.0025,0.002,0.002,1.53,2026-06-23T10:20:25,0.002,1.53
ip_shuffle,20260623T102025_637156,of:0000000000000001:3 -> of:000000000000000d:1,0.001,0.00125,0.001,0.001,1.37,2026-06-23T10:20:25,0.001,1.37
ip_shuffle,20260623T102025_637156,of:0000000000000003:1 -> of:000000000000000b:5,0.001,0.00125,0.001,0.001,1.37,2026-06-23T10:20:25,0.001,1.37
ip_shuffle,20260623T102025_637156,of:0000000000000006:1 -> of:000000000000000d:4,0.002,0.0025,0.002,0.002,1.43,2026-06-23T10:20:25,0.002,1.43
ip_shuffle,20260623T102025_637156,of:0000000000000007:2 -> of:000000000000000a:3,0.002,0.0025,0.002,0.002,1.53,2026-06-23T10:20:25,0.002,1.53
ip_shuffle,20260623T102025_637156,of:0000000000000007:1 -> of:000000000000000d:5,0.002,0.0025,0.002,0.002,1.43,2026-06-23T10:20:25,0.002,1.43
ip_shuffle,20260623T102025_637156,of:0000000000000002:2 -> of:0000000000000008:2,0.001,0.00125,0.001,0.001,1.47,2026-06-23T10:20:25,0.001,1.47
ip_shuffle,20260623T102025_637156,of:0000000000000003:2 -> of:0000000000000008:3,0.001,0.00125,0.001,0.001,1.47,2026-06-23T10:20:25,0.001,1.47
ip_shuffle,20260623T102025_637156,of:0000000000000008:1 -> of:000000000000000b:6,0.002,0.0025,0.002,0.002,1.43,2026-06-23T10:20:25,0.002,1.43
ip_shuffle,20260623T102025_637156,of:0000000000000004:2 -> of:0000000000000009:2,0.002,0.0025,0.002,0.002,1.53,2026-06-23T10:20:25,0.002,1.53
ip_shuffle,20260623T102025_637156,of:0000000000000002:1 -> of:000000000000000b:4,0.002,0.0025,0.002,0.002,1.66,2026-06-23T10:20:25,0.002,1.66
ip_shuffle,20260623T102025_637156,of:0000000000000009:1 -> of:000000000000000c:6,0.002,0.0025,0.002,0.002,1.43,2026-06-23T10:20:25,0.002,1.43
ip_shuffle,20260623T102136_187327,of:0000000000000004:1 -> of:000000000000000c:4,0.002,0.0025,0.002,0.002,2.23,2026-06-23T10:21:36,0.002,2.23
ip_shuffle,20260623T102136_187327,of:0000000000000005:1 -> of:000000000000000c:5,0.002,0.0025,0.002,0.002,2.23,2026-06-23T10:21:36,0.002,2.23
ip_shuffle,20260623T102136_187327,of:000000000000000a:1 -> of:000000000000000d:6,0.002,0.0025,0.002,0.002,2.16,2026-06-23T10:21:36,0.002,2.16
ip_shuffle,20260623T102136_187327,of:000000000000000b:3 -> of:000000000000000d:2,0.002,0.0025,0.002,0.002,3.13,2026-06-23T10:21:36,0.002,3.13
ip_shuffle,20260623T102136_187327,of:000000000000000c:3 -> of:000000000000000d:3,0.002,0.0025,0.002,0.002,3.13,2026-06-23T10:21:36,0.002,3.13
ip_shuffle,20260623T102136_187327,of:0000000000000005:2 -> of:0000000000000009:3,0.002,0.0025,0.002,0.002,3.26,2026-06-23T10:21:36,0.002,3.26
ip_shuffle,20260623T102136_187327,of:0000000000000001:1 -> of:000000000000000b:1,0.002,0.0025,0.002,0.002,2.23,2026-06-23T10:21:36,0.002,2.23
ip_shuffle,20260623T102136_187327,of:000000000000000b:2 -> of:000000000000000c:2,0.002,0.0025,0.002,0.002,3.13,2026-06-23T10:21:36,0.002,3.13
ip_shuffle,20260623T102136_187327,of:0000000000000001:2 -> of:000000000000000c:1,0.002,0.0025,0.002,0.002,2.23,2026-06-23T10:21:36,0.002,2.23
ip_shuffle,20260623T102136_187327,of:0000000000000006:2 -> of:000000000000000a:2,0.002,0.0025,0.002,0.002,3.2,2026-06-23T10:21:36,0.002,3.2
ip_shuffle,20260623T102136_187327,of:0000000000000001:3 -> of:000000000000000d:1,0.004,0.005,0.004,0.004,4.99,2026-06-23T10:21:36,0.004,5.03
ip_shuffle,20260623T102136_187327,of:0000000000000003:1 -> of:000000000000000b:5,0.002,0.0025,0.002,0.002,2.23,2026-06-23T10:21:36,0.002,2.23
ip_shuffle,20260623T102136_187327,of:0000000000000006:1 -> of:000000000000000d:4,0.003,0.00375,0.003,0.003,3.93,2026-06-23T10:21:36,0.003,4.06
ip_shuffle,20260623T102136_187327,of:0000000000000007:2 -> of:000000000000000a:3,0.002,0.0025,0.002,0.002,3.2,2026-06-23T10:21:36,0.002,3.2
ip_shuffle,20260623T102136_187327,of:0000000000000007:1 -> of:000000000000000d:5,0.003,0.00375,0.003,0.003,3.26,2026-06-23T10:21:36,0.003,3.2
ip_shuffle,20260623T102136_187327,of:0000000000000002:2 -> of:0000000000000008:2,0.002,0.0025,0.002,0.002,3.26,2026-06-23T10:21:36,0.002,3.26
ip_shuffle,20260623T102136_187327,of:0000000000000003:2 -> of:0000000000000008:3,0.002,0.0025,0.002,0.002,3.26,2026-06-23T10:21:36,0.002,3.26
ip_shuffle,20260623T102136_187327,of:0000000000000008:1 -> of:000000000000000b:6,0.002,0.0025,0.002,0.002,2.23,2026-06-23T10:21:36,0.002,2.23
ip_shuffle,20260623T102136_187327,of:0000000000000004:2 -> of:0000000000000009:2,0.002,0.0025,0.002,0.002,3.26,2026-06-23T10:21:36,0.002,3.26
ip_shuffle,20260623T102136_187327,of:0000000000000002:1 -> of:000000000000000b:4,0.002,0.0025,0.002,0.002,2.23,2026-06-23T10:21:36,0.002,2.23
ip_shuffle,20260623T102136_187327,of:0000000000000009:1 -> of:000000000000000c:6,0.002,0.0025,0.002,0.002,2.23,2026-06-23T10:21:36,0.002,2.23
route_mutation,20260623T102233_848771,of:0000000000000004:1 -> of:000000000000000c:4,0.002,0.0025,0.002,0.002,2.13,2026-06-23T10:22:33,0.002,2.13
route_mutation,20260623T102233_848771,of:0000000000000005:1 -> of:000000000000000c:5,0.001,0.00125,0.001,0.001,1.46,2026-06-23T10:22:33,0.001,1.46
route_mutation,20260623T102233_848771,of:000000000000000a:1 -> of:000000000000000d:6,0.002,0.0025,0.002,0.002,1.53,2026-06-23T10:22:33,0.002,1.53
route_mutation,20260623T102233_848771,of:000000000000000b:3 -> of:000000000000000d:2,0.002,0.0025,0.002,0.002,1.73,2026-06-23T10:22:33,0.002,1.73
route_mutation,20260623T102233_848771,of:000000000000000c:3 -> of:000000000000000d:3,0.002,0.0025,0.002,0.002,1.73,2026-06-23T10:22:33,0.002,1.73
route_mutation,20260623T102233_848771,of:0000000000000005:2 -> of:0000000000000009:3,0.002,0.0025,0.002,0.002,1.66,2026-06-23T10:22:33,0.002,1.66
route_mutation,20260623T102233_848771,of:0000000000000001:1 -> of:000000000000000b:1,0.003,0.00375,0.003,0.003,3.59,2026-06-23T10:22:33,0.003,3.66
route_mutation,20260623T102233_848771,of:000000000000000b:2 -> of:000000000000000c:2,0.002,0.0025,0.002,0.002,1.73,2026-06-23T10:22:33,0.002,1.73
route_mutation,20260623T102233_848771,of:0000000000000001:2 -> of:000000000000000c:1,0.002,0.0025,0.002,0.002,2.13,2026-06-23T10:22:33,0.002,2.2
route_mutation,20260623T102233_848771,of:0000000000000006:2 -> of:000000000000000a:2,0.002,0.0025,0.002,0.002,1.7,2026-06-23T10:22:33,0.002,1.7
route_mutation,20260623T102233_848771,of:0000000000000001:3 -> of:000000000000000d:1,0.002,0.0025,0.002,0.002,2.1,2026-06-23T10:22:33,0.002,2.06
route_mutation,20260623T102233_848771,of:0000000000000003:1 -> of:000000000000000b:5,0.002,0.0025,0.002,0.002,2.56,2026-06-23T10:22:33,0.002,2.56
route_mutation,20260623T102233_848771,of:0000000000000006:1 -> of:000000000000000d:4,0.002,0.0025,0.002,0.002,1.93,2026-06-23T10:22:33,0.002,1.93
route_mutation,20260623T102233_848771,of:0000000000000007:2 -> of:000000000000000a:3,0.002,0.0025,0.002,0.002,1.66,2026-06-23T10:22:33,0.002,1.66
route_mutation,20260623T102233_848771,of:0000000000000007:1 -> of:000000000000000d:5,0.001,0.00125,0.001,0.001,1.46,2026-06-23T10:22:33,0.001,1.46
route_mutation,20260623T102233_848771,of:0000000000000002:2 -> of:0000000000000008:2,0.002,0.0025,0.002,0.002,1.66,2026-06-23T10:22:33,0.002,1.66
route_mutation,20260623T102233_848771,of:0000000000000003:2 -> of:0000000000000008:3,0.002,0.0025,0.002,0.002,1.66,2026-06-23T10:22:33,0.002,1.66
route_mutation,20260623T102233_848771,of:0000000000000008:1 -> of:000000000000000b:6,0.001,0.00125,0.001,0.001,1.46,2026-06-23T10:22:33,0.001,1.46
route_mutation,20260623T102233_848771,of:0000000000000004:2 -> of:0000000000000009:2,0.002,0.0025,0.002,0.002,1.66,2026-06-23T10:22:33,0.002,1.66
route_mutation,20260623T102233_848771,of:0000000000000002:1 -> of:000000000000000b:4,0.002,0.0025,0.002,0.002,2.56,2026-06-23T10:22:33,0.002,2.56
route_mutation,20260623T102233_848771,of:0000000000000009:1 -> of:000000000000000c:6,0.002,0.0025,0.002,0.002,1.53,2026-06-23T10:22:33,0.002,1.53
ip_shuffle,20260623T102304_287364,of:0000000000000004:1 -> of:000000000000000c:4,0.002,0.0025,0.002,0.002,2.0,2026-06-23T10:23:04,0.002,2.06
ip_shuffle,20260623T102304_287364,of:0000000000000005:1 -> of:000000000000000c:5,0.002,0.0025,0.002,0.002,2.66,2026-06-23T10:23:04,0.002,2.73
ip_shuffle,20260623T102304_287364,of:000000000000000a:1 -> of:000000000000000d:6,0.002,0.0025,0.002,0.002,1.83,2026-06-23T10:23:04,0.002,1.86
ip_shuffle,20260623T102304_287364,of:000000000000000b:3 -> of:000000000000000d:2,0.002,0.0025,0.002,0.002,2.53,2026-06-23T10:23:04,0.002,2.53
ip_shuffle,20260623T102304_287364,of:000000000000000c:3 -> of:000000000000000d:3,0.002,0.0025,0.002,0.002,2.53,2026-06-23T10:23:04,0.002,2.53
ip_shuffle,20260623T102304_287364,of:0000000000000005:2 -> of:0000000000000009:3,0.002,0.0025,0.002,0.002,2.5,2026-06-23T10:23:04,0.002,2.5
ip_shuffle,20260623T102304_287364,of:0000000000000001:1 -> of:000000000000000b:1,0.002,0.0025,0.002,0.002,1.93,2026-06-23T10:23:04,0.002,1.86
ip_shuffle,20260623T102304_287364,of:000000000000000b:2 -> of:000000000000000c:2,0.002,0.0025,0.002,0.002,2.53,2026-06-23T10:23:04,0.002,2.53
ip_shuffle,20260623T102304_287364,of:0000000000000001:2 -> of:000000000000000c:1,0.002,0.0025,0.002,0.002,2.93,2026-06-23T10:23:04,0.002,2.86
ip_shuffle,20260623T102304_287364,of:0000000000000006:2 -> of:000000000000000a:2,0.002,0.0025,0.002,0.002,2.53,2026-06-23T10:23:04,0.002,2.53
ip_shuffle,20260623T102304_287364,of:0000000000000001:3 -> of:000000000000000d:1,0.003,0.00375,0.003,0.003,3.29,2026-06-23T10:23:04,0.003,3.39
ip_shuffle,20260623T102304_287364,of:0000000000000003:1 -> of:000000000000000b:5,0.002,0.0025,0.002,0.002,1.86,2026-06-23T10:23:04,0.002,1.93
ip_shuffle,20260623T102304_287364,of:0000000000000006:1 -> of:000000000000000d:4,0.003,0.00375,0.003,0.003,3.19,2026-06-23T10:23:04,0.003,3.23
ip_shuffle,20260623T102304_287364,of:0000000000000007:2 -> of:000000000000000a:3,0.002,0.0025,0.002,0.002,2.53,2026-06-23T10:23:04,0.002,2.53
ip_shuffle,20260623T102304_287364,of:0000000000000007:1 -> of:000000000000000d:5,0.002,0.0025,0.002,0.002,2.16,2026-06-23T10:23:04,0.002,2.13
ip_shuffle,20260623T102304_287364,of:0000000000000002:2 -> of:0000000000000008:2,0.002,0.0025,0.002,0.002,2.56,2026-06-23T10:23:04,0.002,2.56
ip_shuffle,20260623T102304_287364,of:0000000000000003:2 -> of:0000000000000008:3,0.002,0.0025,0.002,0.002,2.56,2026-06-23T10:23:04,0.002,2.56
ip_shuffle,20260623T102304_287364,of:0000000000000008:1 -> of:000000000000000b:6,0.002,0.0025,0.002,0.002,1.9,2026-06-23T10:23:04,0.002,1.93
ip_shuffle,20260623T102304_287364,of:0000000000000004:2 -> of:0000000000000009:2,0.002,0.0025,0.002,0.002,2.5,2026-06-23T10:23:04,0.002,2.5
ip_shuffle,20260623T102304_287364,of:0000000000000002:1 -> of:000000000000000b:4,0.002,0.0025,0.002,0.002,1.86,2026-06-23T10:23:04,0.002,1.93
ip_shuffle,20260623T102304_287364,of:0000000000000009:1 -> of:000000000000000c:6,0.002,0.0025,0.002,0.002,1.83,2026-06-23T10:23:04,0.002,1.86
ip_shuffle,20260623T102402_066152,of:0000000000000004:1 -> of:000000000000000c:4,0.001,0.00125,0.001,0.001,1.3,2026-06-23T10:24:02,0.001,1.26
ip_shuffle,20260623T102402_066152,of:0000000000000005:1 -> of:000000000000000c:5,0.001,0.00125,0.001,0.001,1.3,2026-06-23T10:24:02,0.001,1.26
ip_shuffle,20260623T102402_066152,of:000000000000000a:1 -> of:000000000000000d:6,0.001,0.00125,0.001,0.001,1.33,2026-06-23T10:24:02,0.001,1.33
ip_shuffle,20260623T102402_066152,of:000000000000000b:3 -> of:000000000000000d:2,0.001,0.00125,0.001,0.001,1.33,2026-06-23T10:24:02,0.001,1.33
ip_shuffle,20260623T102402_066152,of:000000000000000c:3 -> of:000000000000000d:3,0.001,0.00125,0.001,0.001,1.33,2026-06-23T10:24:02,0.001,1.33
ip_shuffle,20260623T102402_066152,of:0000000000000005:2 -> of:0000000000000009:3,0.001,0.00125,0.001,0.001,1.3,2026-06-23T10:24:02,0.001,1.3
ip_shuffle,20260623T102402_066152,of:0000000000000001:1 -> of:000000000000000b:1,0.002,0.0025,0.002,0.001,1.33,2026-06-23T10:24:02,0.002,1.4
ip_shuffle,20260623T102402_066152,of:000000000000000b:2 -> of:000000000000000c:2,0.001,0.00125,0.001,0.001,1.33,2026-06-23T10:24:02,0.001,1.33
ip_shuffle,20260623T102402_066152,of:0000000000000001:2 -> of:000000000000000c:1,0.002,0.0025,0.002,0.001,1.33,2026-06-23T10:24:02,0.002,1.4
ip_shuffle,20260623T102402_066152,of:0000000000000006:2 -> of:000000000000000a:2,0.001,0.00125,0.001,0.001,1.3,2026-06-23T10:24:02,0.001,1.3
ip_shuffle,20260623T102402_066152,of:0000000000000001:3 -> of:000000000000000d:1,0.002,0.0025,0.002,0.002,1.9,2026-06-23T10:24:02,0.002,1.83
ip_shuffle,20260623T102402_066152,of:0000000000000003:1 -> of:000000000000000b:5,0.002,0.0025,0.002,0.002,1.4,2026-06-23T10:24:02,0.001,1.33
ip_shuffle,20260623T102402_066152,of:0000000000000006:1 -> of:000000000000000d:4,0.002,0.0025,0.002,0.002,1.6,2026-06-23T10:24:02,0.002,1.56
ip_shuffle,20260623T102402_066152,of:0000000000000007:2 -> of:000000000000000a:3,0.001,0.00125,0.001,0.001,1.3,2026-06-23T10:24:02,0.001,1.3
ip_shuffle,20260623T102402_066152,of:0000000000000007:1 -> of:000000000000000d:5,0.002,0.0025,0.002,0.002,1.4,2026-06-23T10:24:02,0.002,1.43
ip_shuffle,20260623T102402_066152,of:0000000000000002:2 -> of:0000000000000008:2,0.002,0.0025,0.002,0.002,1.43,2026-06-23T10:24:02,0.002,1.43
ip_shuffle,20260623T102402_066152,of:0000000000000003:2 -> of:0000000000000008:3,0.002,0.0025,0.002,0.002,1.43,2026-06-23T10:24:02,0.002,1.43
ip_shuffle,20260623T102402_066152,of:0000000000000008:1 -> of:000000000000000b:6,0.001,0.00125,0.001,0.001,1.36,2026-06-23T10:24:02,0.001,1.33
ip_shuffle,20260623T102402_066152,of:0000000000000004:2 -> of:0000000000000009:2,0.001,0.00125,0.001,0.001,1.3,2026-06-23T10:24:02,0.001,1.3
ip_shuffle,20260623T102402_066152,of:0000000000000002:1 -> of:000000000000000b:4,0.002,0.0025,0.002,0.002,1.4,2026-06-23T10:24:02,0.001,1.33
ip_shuffle,20260623T102402_066152,of:0000000000000009:1 -> of:000000000000000c:6,0.001,0.00125,0.001,0.001,1.33,2026-06-23T10:24:02,0.001,1.33
ip_shuffle,20260623T102459_743219,of:0000000000000004:1 -> of:000000000000000c:4,0.002,0.0025,0.002,0.002,2.06,2026-06-23T10:24:59,0.002,2.1
ip_shuffle,20260623T102459_743219,of:0000000000000005:1 -> of:000000000000000c:5,0.002,0.0025,0.002,0.002,2.6,2026-06-23T10:24:59,0.002,2.63
ip_shuffle,20260623T102459_743219,of:000000000000000a:1 -> of:000000000000000d:6,0.002,0.0025,0.002,0.002,2.0,2026-06-23T10:24:59,0.002,2.03
ip_shuffle,20260623T102459_743219,of:000000000000000b:3 -> of:000000000000000d:2,0.002,0.0025,0.002,0.002,2.8,2026-06-23T10:24:59,0.002,2.8
ip_shuffle,20260623T102459_743219,of:000000000000000c:3 -> of:000000000000000d:3,0.002,0.0025,0.002,0.002,2.8,2026-06-23T10:24:59,0.002,2.8
ip_shuffle,20260623T102459_743219,of:0000000000000005:2 -> of:0000000000000009:3,0.002,0.0025,0.002,0.002,2.8,2026-06-23T10:24:59,0.002,2.8
ip_shuffle,20260623T102459_743219,of:0000000000000001:1 -> of:000000000000000b:1,0.002,0.0025,0.002,0.002,2.03,2026-06-23T10:24:59,0.002,1.96
ip_shuffle,20260623T102459_743219,of:000000000000000b:2 -> of:000000000000000c:2,0.002,0.0025,0.002,0.002,2.86,2026-06-23T10:24:59,0.002,2.86
ip_shuffle,20260623T102459_743219,of:0000000000000001:2 -> of:000000000000000c:1,0.002,0.0025,0.002,0.002,2.63,2026-06-23T10:24:59,0.002,2.56
ip_shuffle,20260623T102459_743219,of:0000000000000006:2 -> of:000000000000000a:2,0.002,0.0025,0.002,0.002,2.8,2026-06-23T10:24:59,0.002,2.8
ip_shuffle,20260623T102459_743219,of:0000000000000001:3 -> of:000000000000000d:1,0.003,0.00375,0.003,0.003,3.8,2026-06-23T10:24:59,0.003,3.9
ip_shuffle,20260623T102459_743219,of:0000000000000003:1 -> of:000000000000000b:5,0.002,0.0025,0.002,0.002,1.96,2026-06-23T10:24:59,0.002,2.03
ip_shuffle,20260623T102459_743219,of:0000000000000006:1 -> of:000000000000000d:4,0.003,0.00375,0.003,0.003,3.3,2026-06-23T10:24:59,0.003,3.33
ip_shuffle,20260623T102459_743219,of:0000000000000007:2 -> of:000000000000000a:3,0.002,0.0025,0.002,0.002,2.8,2026-06-23T10:24:59,0.002,2.8
ip_shuffle,20260623T102459_743219,of:0000000000000007:1 -> of:000000000000000d:5,0.002,0.0025,0.002,0.002,2.66,2026-06-23T10:24:59,0.002,2.63
ip_shuffle,20260623T102459_743219,of:0000000000000002:2 -> of:0000000000000008:2,0.002,0.0025,0.002,0.002,2.7,2026-06-23T10:24:59,0.002,2.7
ip_shuffle,20260623T102459_743219,of:0000000000000003:2 -> of:0000000000000008:3,0.002,0.0025,0.002,0.002,2.7,2026-06-23T10:24:59,0.002,2.7
ip_shuffle,20260623T102459_743219,of:0000000000000008:1 -> of:000000000000000b:6,0.002,0.0025,0.002,0.002,2.06,2026-06-23T10:24:59,0.002,2.1
ip_shuffle,20260623T102459_743219,of:0000000000000004:2 -> of:0000000000000009:2,0.002,0.0025,0.002,0.002,2.8,2026-06-23T10:24:59,0.002,2.8
ip_shuffle,20260623T102459_743219,of:0000000000000002:1 -> of:000000000000000b:4,0.002,0.0025,0.002,0.002,1.96,2026-06-23T10:24:59,0.002,2.03
ip_shuffle,20260623T102459_743219,of:0000000000000009:1 -> of:000000000000000c:6,0.002,0.0025,0.002,0.002,2.06,2026-06-23T10:24:59,0.002,2.1
ip_shuffle,20260623T102557_528529,of:0000000000000004:1 -> of:000000000000000c:4,0.002,0.0025,0.002,0.002,1.6,2026-06-23T10:25:57,0.002,1.6
ip_shuffle,20260623T102557_528529,of:0000000000000005:1 -> of:000000000000000c:5,0.001,0.00125,0.001,0.001,1.46,2026-06-23T10:25:57,0.001,1.46
ip_shuffle,20260623T102557_528529,of:000000000000000a:1 -> of:000000000000000d:6,0.001,0.00125,0.001,0.001,1.46,2026-06-23T10:25:57,0.001,1.46
ip_shuffle,20260623T102557_528529,of:000000000000000b:3 -> of:000000000000000d:2,0.002,0.0025,0.002,0.002,1.66,2026-06-23T10:25:57,0.002,1.66
ip_shuffle,20260623T102557_528529,of:000000000000000c:3 -> of:000000000000000d:3,0.002,0.0025,0.002,0.002,1.66,2026-06-23T10:25:57,0.002,1.66
ip_shuffle,20260623T102557_528529,of:0000000000000005:2 -> of:0000000000000009:3,0.002,0.0025,0.002,0.002,1.66,2026-06-23T10:25:57,0.002,1.66
ip_shuffle,20260623T102557_528529,of:0000000000000001:1 -> of:000000000000000b:1,0.003,0.00375,0.003,0.003,3.4,2026-06-23T10:25:57,0.003,3.46
ip_shuffle,20260623T102557_528529,of:000000000000000b:2 -> of:000000000000000c:2,0.001,0.00125,0.001,0.001,1.6,2026-06-23T10:25:57,0.001,1.6
ip_shuffle,20260623T102557_528529,of:0000000000000001:2 -> of:000000000000000c:1,0.002,0.0025,0.002,0.002,1.56,2026-06-23T10:25:57,0.002,1.56
ip_shuffle,20260623T102557_528529,of:0000000000000006:2 -> of:000000000000000a:2,0.002,0.0025,0.002,0.002,1.66,2026-06-23T10:25:57,0.002,1.66
ip_shuffle,20260623T102557_528529,of:0000000000000001:3 -> of:000000000000000d:1,0.002,0.0025,0.002,0.002,1.56,2026-06-23T10:25:57,0.002,1.56
ip_shuffle,20260623T102557_528529,of:0000000000000003:1 -> of:000000000000000b:5,0.002,0.0025,0.002,0.002,2.43,2026-06-23T10:25:57,0.002,2.43
ip_shuffle,20260623T102557_528529,of:0000000000000006:1 -> of:000000000000000d:4,0.002,0.0025,0.002,0.002,1.53,2026-06-23T10:25:57,0.002,1.53
ip_shuffle,20260623T102557_528529,of:0000000000000007:2 -> of:000000000000000a:3,0.002,0.0025,0.002,0.002,1.66,2026-06-23T10:25:57,0.002,1.66
ip_shuffle,20260623T102557_528529,of:0000000000000007:1 -> of:000000000000000d:5,0.002,0.0025,0.002,0.002,1.53,2026-06-23T10:25:57,0.002,1.53
ip_shuffle,20260623T102557_528529,of:0000000000000002:2 -> of:0000000000000008:2,0.002,0.0025,0.002,0.002,1.66,2026-06-23T10:25:57,0.002,1.66
ip_shuffle,20260623T102557_528529,of:0000000000000003:2 -> of:0000000000000008:3,0.002,0.0025,0.002,0.002,1.66,2026-06-23T10:25:57,0.002,1.66
ip_shuffle,20260623T102557_528529,of:0000000000000008:1 -> of:000000000000000b:6,0.001,0.00125,0.001,0.001,1.4,2026-06-23T10:25:57,0.001,1.4
ip_shuffle,20260623T102557_528529,of:0000000000000004:2 -> of:0000000000000009:2,0.002,0.0025,0.002,0.002,1.66,2026-06-23T10:25:57,0.002,1.66
ip_shuffle,20260623T102557_528529,of:0000000000000002:1 -> of:000000000000000b:4,0.002,0.0025,0.002,0.002,2.5,2026-06-23T10:25:57,0.002,2.5
ip_shuffle,20260623T102557_528529,of:0000000000000009:1 -> of:000000000000000c:6,0.001,0.00125,0.001,0.001,1.4,2026-06-23T10:25:57,0.001,1.4
ip_shuffle,20260623T102655_148510,of:0000000000000004:1 -> of:000000000000000c:4,0.002,0.0025,0.002,0.002,1.86,2026-06-23T10:26:55,0.002,1.86
ip_shuffle,20260623T102655_148510,of:0000000000000005:1 -> of:000000000000000c:5,0.002,0.0025,0.002,0.002,1.86,2026-06-23T10:26:55,0.002,1.86
ip_shuffle,20260623T102655_148510,of:000000000000000a:1 -> of:000000000000000d:6,0.002,0.0025,0.002,0.002,1.93,2026-06-23T10:26:55,0.002,1.93
ip_shuffle,20260623T102655_148510,of:000000000000000b:3 -> of:000000000000000d:2,0.002,0.0025,0.002,0.002,2.56,2026-06-23T10:26:55,0.002,2.56
ip_shuffle,20260623T102655_148510,of:000000000000000c:3 -> of:000000000000000d:3,0.002,0.0025,0.002,0.002,2.53,2026-06-23T10:26:55,0.002,2.53
ip_shuffle,20260623T102655_148510,of:0000000000000005:2 -> of:0000000000000009:3,0.002,0.0025,0.002,0.002,2.46,2026-06-23T10:26:55,0.002,2.46
ip_shuffle,20260623T102655_148510,of:0000000000000001:1 -> of:000000000000000b:1,0.002,0.0025,0.002,0.002,1.93,2026-06-23T10:26:55,0.002,1.93
ip_shuffle,20260623T102655_148510,of:000000000000000b:2 -> of:000000000000000c:2,0.002,0.0025,0.002,0.002,2.53,2026-06-23T10:26:55,0.002,2.53
ip_shuffle,20260623T102655_148510,of:0000000000000001:2 -> of:000000000000000c:1,0.002,0.0025,0.002,0.002,1.93,2026-06-23T10:26:55,0.002,1.93
ip_shuffle,20260623T102655_148510,of:0000000000000006:2 -> of:000000000000000a:2,0.002,0.0025,0.002,0.002,2.46,2026-06-23T10:26:55,0.002,2.46
ip_shuffle,20260623T102655_148510,of:0000000000000001:3 -> of:000000000000000d:1,0.003,0.00375,0.003,0.003,3.53,2026-06-23T10:26:55,0.003,3.53
ip_shuffle,20260623T102655_148510,of:0000000000000003:1 -> of:000000000000000b:5,0.002,0.0025,0.002,0.002,1.86,2026-06-23T10:26:55,0.002,1.86
ip_shuffle,20260623T102655_148510,of:0000000000000006:1 -> of:000000000000000d:4,0.002,0.0025,0.002,0.002,2.13,2026-06-23T10:26:55,0.002,2.13
ip_shuffle,20260623T102655_148510,of:0000000000000007:2 -> of:000000000000000a:3,0.002,0.0025,0.002,0.002,2.46,2026-06-23T10:26:55,0.002,2.46
ip_shuffle,20260623T102655_148510,of:0000000000000007:1 -> of:000000000000000d:5,0.003,0.00375,0.003,0.003,3.19,2026-06-23T10:26:55,0.003,3.19
ip_shuffle,20260623T102655_148510,of:0000000000000002:2 -> of:0000000000000008:2,0.002,0.0025,0.002,0.002,2.46,2026-06-23T10:26:55,0.002,2.46
ip_shuffle,20260623T102655_148510,of:0000000000000003:2 -> of:0000000000000008:3,0.002,0.0025,0.002,0.002,2.46,2026-06-23T10:26:55,0.002,2.46
ip_shuffle,20260623T102655_148510,of:0000000000000008:1 -> of:000000000000000b:6,0.002,0.0025,0.002,0.002,1.93,2026-06-23T10:26:55,0.002,1.93
ip_shuffle,20260623T102655_148510,of:0000000000000004:2 -> of:0000000000000009:2,0.002,0.0025,0.002,0.002,2.46,2026-06-23T10:26:55,0.002,2.46
ip_shuffle,20260623T102655_148510,of:0000000000000002:1 -> of:000000000000000b:4,0.002,0.0025,0.002,0.002,1.86,2026-06-23T10:26:55,0.002,1.86
ip_shuffle,20260623T102655_148510,of:0000000000000009:1 -> of:000000000000000c:6,0.002,0.0025,0.002,0.002,1.93,2026-06-23T10:26:55,0.002,1.93
ip_shuffle,20260623T102752_812517,of:0000000000000004:1 -> of:000000000000000c:4,0.002,0.0025,0.002,0.002,2.3,2026-06-23T10:27:52,0.002,2.33
ip_shuffle,20260623T102752_812517,of:0000000000000005:1 -> of:000000000000000c:5,0.002,0.0025,0.002,0.002,2.3,2026-06-23T10:27:52,0.002,2.33
ip_shuffle,20260623T102752_812517,of:000000000000000a:1 -> of:000000000000000d:6,0.001,0.00125,0.001,0.001,1.47,2026-06-23T10:27:52,0.001,1.47
ip_shuffle,20260623T102752_812517,of:000000000000000b:3 -> of:000000000000000d:2,0.002,0.0025,0.002,0.002,1.67,2026-06-23T10:27:52,0.002,1.67
ip_shuffle,20260623T102752_812517,of:000000000000000c:3 -> of:000000000000000d:3,0.002,0.0025,0.002,0.002,1.67,2026-06-23T10:27:52,0.002,1.67
ip_shuffle,20260623T102752_812517,of:0000000000000005:2 -> of:0000000000000009:3,0.002,0.0025,0.002,0.002,1.7,2026-06-23T10:27:52,0.002,1.7
ip_shuffle,20260623T102752_812517,of:0000000000000001:1 -> of:000000000000000b:1,0.003,0.00375,0.003,0.003,3.16,2026-06-23T10:27:52,0.003,3.1
ip_shuffle,20260623T102752_812517,of:000000000000000b:2 -> of:000000000000000c:2,0.002,0.0025,0.002,0.002,1.73,2026-06-23T10:27:52,0.002,1.73
ip_shuffle,20260623T102752_812517,of:0000000000000001:2 -> of:000000000000000c:1,0.003,0.00375,0.003,0.003,3.06,2026-06-23T10:27:52,0.003,3.0
ip_shuffle,20260623T102752_812517,of:0000000000000006:2 -> of:000000000000000a:2,0.002,0.0025,0.002,0.002,1.7,2026-06-23T10:27:52,0.002,1.7
ip_shuffle,20260623T102752_812517,of:0000000000000001:3 -> of:000000000000000d:1,0.002,0.0025,0.002,0.001,1.43,2026-06-23T10:27:52,0.002,1.53
ip_shuffle,20260623T102752_812517,of:0000000000000003:1 -> of:000000000000000b:5,0.002,0.0025,0.002,0.002,2.5,2026-06-23T10:27:52,0.002,2.56
ip_shuffle,20260623T102752_812517,of:0000000000000006:1 -> of:000000000000000d:4,0.002,0.0025,0.002,0.002,1.63,2026-06-23T10:27:52,0.002,1.57
ip_shuffle,20260623T102752_812517,of:0000000000000007:2 -> of:000000000000000a:3,0.002,0.0025,0.002,0.002,1.7,2026-06-23T10:27:52,0.002,1.7
ip_shuffle,20260623T102752_812517,of:0000000000000007:1 -> of:000000000000000d:5,0.001,0.00125,0.001,0.001,1.43,2026-06-23T10:27:52,0.001,1.47
ip_shuffle,20260623T102752_812517,of:0000000000000002:2 -> of:0000000000000008:2,0.002,0.0025,0.002,0.002,1.67,2026-06-23T10:27:52,0.002,1.67
ip_shuffle,20260623T102752_812517,of:0000000000000003:2 -> of:0000000000000008:3,0.002,0.0025,0.002,0.002,1.67,2026-06-23T10:27:52,0.002,1.67
ip_shuffle,20260623T102752_812517,of:0000000000000008:1 -> of:000000000000000b:6,0.002,0.0025,0.002,0.002,1.53,2026-06-23T10:27:52,0.002,1.53
ip_shuffle,20260623T102752_812517,of:0000000000000004:2 -> of:0000000000000009:2,0.002,0.0025,0.002,0.002,1.7,2026-06-23T10:27:52,0.002,1.7
ip_shuffle,20260623T102752_812517,of:0000000000000002:1 -> of:000000000000000b:4,0.002,0.0025,0.002,0.002,2.06,2026-06-23T10:27:52,0.002,2.16
ip_shuffle,20260623T102752_812517,of:0000000000000009:1 -> of:000000000000000c:6,0.002,0.0025,0.002,0.002,1.53,2026-06-23T10:27:52,0.002,1.53
route_mutation,20260623T102850_505164,of:0000000000000004:1 -> of:000000000000000c:4,0.001,0.00125,0.001,0.001,1.27,2026-06-23T10:28:50,0.001,1.3
route_mutation,20260623T102850_505164,of:0000000000000005:1 -> of:000000000000000c:5,0.001,0.00125,0.001,0.001,1.27,2026-06-23T10:28:50,0.001,1.3
route_mutation,20260623T102850_505164,of:000000000000000a:1 -> of:000000000000000d:6,0.001,0.00125,0.001,0.001,1.3,2026-06-23T10:28:50,0.001,1.3
route_mutation,20260623T102850_505164,of:000000000000000b:3 -> of:000000000000000d:2,0.001,0.00125,0.001,0.001,1.33,2026-06-23T10:28:50,0.001,1.33
route_mutation,20260623T102850_505164,of:000000000000000c:3 -> of:000000000000000d:3,0.001,0.00125,0.001,0.001,1.33,2026-06-23T10:28:50,0.001,1.33
route_mutation,20260623T102850_505164,of:0000000000000005:2 -> of:0000000000000009:3,0.001,0.00125,0.001,0.001,1.3,2026-06-23T10:28:50,0.001,1.3
route_mutation,20260623T102850_505164,of:0000000000000001:1 -> of:000000000000000b:1,0.001,0.00125,0.001,0.001,1.3,2026-06-23T10:28:50,0.001,1.33
route_mutation,20260623T102850_505164,of:000000000000000b:2 -> of:000000000000000c:2,0.001,0.00125,0.001,0.001,1.27,2026-06-23T10:28:50,0.001,1.27
route_mutation,20260623T102850_505164,of:0000000000000001:2 -> of:000000000000000c:1,0.001,0.00125,0.001,0.001,1.3,2026-06-23T10:28:50,0.001,1.3
route_mutation,20260623T102850_505164,of:0000000000000006:2 -> of:000000000000000a:2,0.001,0.00125,0.001,0.001,1.3,2026-06-23T10:28:50,0.001,1.3
route_mutation,20260623T102850_505164,of:0000000000000001:3 -> of:000000000000000d:1,0.002,0.0025,0.002,0.002,1.57,2026-06-23T10:28:50,0.002,1.43
route_mutation,20260623T102850_505164,of:0000000000000003:1 -> of:000000000000000b:5,0.001,0.00125,0.001,0.001,1.3,2026-06-23T10:28:50,0.001,1.3
route_mutation,20260623T102850_505164,of:0000000000000006:1 -> of:000000000000000d:4,0.001,0.00125,0.001,0.001,1.33,2026-06-23T10:28:50,0.001,1.37
route_mutation,20260623T102850_505164,of:0000000000000007:2 -> of:000000000000000a:3,0.001,0.00125,0.001,0.001,1.23,2026-06-23T10:28:50,0.001,1.23
route_mutation,20260623T102850_505164,of:0000000000000007:1 -> of:000000000000000d:5,0.002,0.0025,0.002,0.001,1.37,2026-06-23T10:28:50,0.002,1.47
route_mutation,20260623T102850_505164,of:0000000000000002:2 -> of:0000000000000008:2,0.001,0.00125,0.001,0.001,1.3,2026-06-23T10:28:50,0.001,1.3
route_mutation,20260623T102850_505164,of:0000000000000003:2 -> of:0000000000000008:3,0.001,0.00125,0.001,0.001,1.3,2026-06-23T10:28:50,0.001,1.3
route_mutation,20260623T102850_505164,of:0000000000000008:1 -> of:000000000000000b:6,0.001,0.00125,0.001,0.001,1.2,2026-06-23T10:28:50,0.001,1.23
route_mutation,20260623T102850_505164,of:0000000000000004:2 -> of:0000000000000009:2,0.001,0.00125,0.001,0.001,1.3,2026-06-23T10:28:50,0.001,1.3
route_mutation,20260623T102850_505164,of:0000000000000002:1 -> of:000000000000000b:4,0.001,0.00125,0.001,0.001,1.33,2026-06-23T10:28:50,0.001,1.3
route_mutation,20260623T102850_505164,of:0000000000000009:1 -> of:000000000000000c:6,0.001,0.00125,0.001,0.001,1.23,2026-06-23T10:28:50,0.001,1.23
route_mutation,20260623T102920_840466,of:0000000000000004:1 -> of:000000000000000c:4,0.002,0.0025,0.002,0.002,2.33,2026-06-23T10:29:20,0.002,2.3
route_mutation,20260623T102920_840466,of:0000000000000005:1 -> of:000000000000000c:5,0.002,0.0025,0.002,0.002,1.93,2026-06-23T10:29:20,0.002,1.9
route_mutation,20260623T102920_840466,of:000000000000000a:1 -> of:000000000000000d:6,0.001,0.00125,0.001,0.001,1.43,2026-06-23T10:29:20,0.001,1.43
route_mutation,20260623T102920_840466,of:000000000000000b:3 -> of:000000000000000d:2,0.002,0.0025,0.002,0.002,1.6,2026-06-23T10:29:20,0.002,1.6
route_mutation,20260623T102920_840466,of:000000000000000c:3 -> of:000000000000000d:3,0.002,0.0025,0.002,0.002,1.6,2026-06-23T10:29:20,0.002,1.6
route_mutation,20260623T102920_840466,of:0000000000000005:2 -> of:0000000000000009:3,0.002,0.0025,0.002,0.002,1.7,2026-06-23T10:29:20,0.002,1.7
route_mutation,20260623T102920_840466,of:0000000000000001:1 -> of:000000000000000b:1,0.003,0.00375,0.003,0.003,3.5,2026-06-23T10:29:20,0.003,3.5
route_mutation,20260623T102920_840466,of:000000000000000b:2 -> of:000000000000000c:2,0.002,0.0025,0.002,0.002,1.66,2026-06-23T10:29:20,0.002,1.66
route_mutation,20260623T102920_840466,of:0000000000000001:2 -> of:000000000000000c:1,0.002,0.0025,0.002,0.002,2.56,2026-06-23T10:29:20,0.002,2.6
route_mutation,20260623T102920_840466,of:0000000000000006:2 -> of:000000000000000a:2,0.002,0.0025,0.002,0.002,1.7,2026-06-23T10:29:20,0.002,1.7
route_mutation,20260623T102920_840466,of:0000000000000001:3 -> of:000000000000000d:1,0.001,0.00125,0.001,0.001,1.37,2026-06-23T10:29:20,0.001,1.4
route_mutation,20260623T102920_840466,of:0000000000000003:1 -> of:000000000000000b:5,0.002,0.0025,0.002,0.002,2.56,2026-06-23T10:29:20,0.002,2.53
route_mutation,20260623T102920_840466,of:0000000000000006:1 -> of:000000000000000d:4,0.001,0.00125,0.001,0.001,1.46,2026-06-23T10:29:20,0.001,1.43
route_mutation,20260623T102920_840466,of:0000000000000007:2 -> of:000000000000000a:3,0.002,0.0025,0.002,0.002,1.7,2026-06-23T10:29:20,0.002,1.7
route_mutation,20260623T102920_840466,of:0000000000000007:1 -> of:000000000000000d:5,0.001,0.00125,0.001,0.001,1.46,2026-06-23T10:29:20,0.001,1.43
route_mutation,20260623T102920_840466,of:0000000000000002:2 -> of:0000000000000008:2,0.002,0.0025,0.002,0.002,1.73,2026-06-23T10:29:20,0.002,1.73
route_mutation,20260623T102920_840466,of:0000000000000003:2 -> of:0000000000000008:3,0.002,0.0025,0.002,0.002,1.73,2026-06-23T10:29:20,0.002,1.73
route_mutation,20260623T102920_840466,of:0000000000000008:1 -> of:000000000000000b:6,0.002,0.0025,0.002,0.002,1.53,2026-06-23T10:29:20,0.002,1.5
route_mutation,20260623T102920_840466,of:0000000000000004:2 -> of:0000000000000009:2,0.002,0.0025,0.002,0.002,1.7,2026-06-23T10:29:20,0.002,1.7
route_mutation,20260623T102920_840466,of:0000000000000002:1 -> of:000000000000000b:4,0.002,0.0025,0.002,0.002,2.53,2026-06-23T10:29:20,0.002,2.53
route_mutation,20260623T102920_840466,of:0000000000000009:1 -> of:000000000000000c:6,0.002,0.0025,0.002,0.002,1.5,2026-06-23T10:29:20,0.002,1.5
ip_shuffle,20260623T102951_193073,of:0000000000000004:1 -> of:000000000000000c:4,0.002,0.0025,0.002,0.002,1.86,2026-06-23T10:29:51,0.002,1.86
ip_shuffle,20260623T102951_193073,of:0000000000000005:1 -> of:000000000000000c:5,0.002,0.0025,0.002,0.002,2.26,2026-06-23T10:29:51,0.002,2.26
ip_shuffle,20260623T102951_193073,of:000000000000000a:1 -> of:000000000000000d:6,0.002,0.0025,0.002,0.002,1.93,2026-06-23T10:29:51,0.002,1.93
ip_shuffle,20260623T102951_193073,of:000000000000000b:3 -> of:000000000000000d:2,0.002,0.0025,0.002,0.002,2.53,2026-06-23T10:29:51,0.002,2.53
ip_shuffle,20260623T102951_193073,of:000000000000000c:3 -> of:000000000000000d:3,0.002,0.0025,0.002,0.002,2.53,2026-06-23T10:29:51,0.002,2.53
ip_shuffle,20260623T102951_193073,of:0000000000000005:2 -> of:0000000000000009:3,0.002,0.0025,0.002,0.002,2.46,2026-06-23T10:29:51,0.002,2.46
ip_shuffle,20260623T102951_193073,of:0000000000000001:1 -> of:000000000000000b:1,0.002,0.0025,0.002,0.002,1.93,2026-06-23T10:29:51,0.002,1.93
ip_shuffle,20260623T102951_193073,of:000000000000000b:2 -> of:000000000000000c:2,0.002,0.0025,0.002,0.002,2.53,2026-06-23T10:29:51,0.002,2.53
ip_shuffle,20260623T102951_193073,of:0000000000000001:2 -> of:000000000000000c:1,0.002,0.0025,0.002,0.002,2.4,2026-06-23T10:29:51,0.002,2.4
ip_shuffle,20260623T102951_193073,of:0000000000000006:2 -> of:000000000000000a:2,0.002,0.0025,0.002,0.002,2.46,2026-06-23T10:29:51,0.002,2.46
ip_shuffle,20260623T102951_193073,of:0000000000000001:3 -> of:000000000000000d:1,0.003,0.00375,0.003,0.003,3.63,2026-06-23T10:29:51,0.003,3.63
ip_shuffle,20260623T102951_193073,of:0000000000000003:1 -> of:000000000000000b:5,0.002,0.0025,0.002,0.002,1.86,2026-06-23T10:29:51,0.002,1.86
ip_shuffle,20260623T102951_193073,of:0000000000000006:1 -> of:000000000000000d:4,0.003,0.00375,0.003,0.003,3.16,2026-06-23T10:29:51,0.003,3.16
ip_shuffle,20260623T102951_193073,of:0000000000000007:2 -> of:000000000000000a:3,0.002,0.0025,0.002,0.002,2.53,2026-06-23T10:29:51,0.002,2.53
ip_shuffle,20260623T102951_193073,of:0000000000000007:1 -> of:000000000000000d:5,0.002,0.0025,0.002,0.002,2.33,2026-06-23T10:29:51,0.002,2.33
ip_shuffle,20260623T102951_193073,of:0000000000000002:2 -> of:0000000000000008:2,0.002,0.0025,0.002,0.002,2.46,2026-06-23T10:29:51,0.002,2.46
ip_shuffle,20260623T102951_193073,of:0000000000000003:2 -> of:0000000000000008:3,0.002,0.0025,0.002,0.002,2.46,2026-06-23T10:29:51,0.002,2.46
ip_shuffle,20260623T102951_193073,of:0000000000000008:1 -> of:000000000000000b:6,0.002,0.0025,0.002,0.002,1.93,2026-06-23T10:29:51,0.002,1.93
ip_shuffle,20260623T102951_193073,of:0000000000000004:2 -> of:0000000000000009:2,0.002,0.0025,0.002,0.002,2.46,2026-06-23T10:29:51,0.002,2.46
ip_shuffle,20260623T102951_193073,of:0000000000000002:1 -> of:000000000000000b:4,0.002,0.0025,0.002,0.002,1.86,2026-06-23T10:29:51,0.002,1.86
ip_shuffle,20260623T102951_193073,of:0000000000000009:1 -> of:000000000000000c:6,0.002,0.0025,0.002,0.002,1.93,2026-06-23T10:29:51,0.002,1.93
ip_shuffle,20260623T103048_828887,of:0000000000000004:1 -> of:000000000000000c:4,0.002,0.0025,0.002,0.002,1.43,2026-06-23T10:30:48,0.002,1.47
ip_shuffle,20260623T103048_828887,of:0000000000000005:1 -> of:000000000000000c:5,0.002,0.0025,0.002,0.002,1.43,2026-06-23T10:30:48,0.002,1.47
ip_shuffle,20260623T103048_828887,of:000000000000000a:1 -> of:000000000000000d:6,0.001,0.00125,0.001,0.001,1.4,2026-06-23T10:30:48,0.001,1.4
ip_shuffle,20260623T103048_828887,of:000000000000000b:3 -> of:000000000000000d:2,0.002,0.0025,0.002,0.002,1.53,2026-06-23T10:30:48,0.002,1.53
ip_shuffle,20260623T103048_828887,of:000000000000000c:3 -> of:000000000000000d:3,0.002,0.0025,0.002,0.002,1.53,2026-06-23T10:30:48,0.002,1.53
ip_shuffle,20260623T103048_828887,of:0000000000000005:2 -> of:0000000000000009:3,0.002,0.0025,0.002,0.002,1.53,2026-06-23T10:30:48,0.002,1.53
ip_shuffle,20260623T103048_828887,of:0000000000000001:1 -> of:000000000000000b:1,0.003,0.00375,0.003,0.003,3.46,2026-06-23T10:30:48,0.003,3.36
ip_shuffle,20260623T103048_828887,of:000000000000000b:2 -> of:000000000000000c:2,0.002,0.0025,0.002,0.002,1.6,2026-06-23T10:30:48,0.002,1.6
ip_shuffle,20260623T103048_828887,of:0000000000000001:2 -> of:000000000000000c:1,0.002,0.0025,0.002,0.002,1.47,2026-06-23T10:30:48,0.002,1.53
ip_shuffle,20260623T103048_828887,of:0000000000000006:2 -> of:000000000000000a:2,0.002,0.0025,0.002,0.002,1.56,2026-06-23T10:30:48,0.002,1.56
ip_shuffle,20260623T103048_828887,of:0000000000000001:3 -> of:000000000000000d:1,0.001,0.00125,0.001,0.001,1.4,2026-06-23T10:30:48,0.001,1.47
ip_shuffle,20260623T103048_828887,of:0000000000000003:1 -> of:000000000000000b:5,0.002,0.0025,0.002,0.002,2.2,2026-06-23T10:30:48,0.002,2.16
ip_shuffle,20260623T103048_828887,of:0000000000000006:1 -> of:000000000000000d:4,0.001,0.00125,0.001,0.001,1.37,2026-06-23T10:30:48,0.001,1.4
ip_shuffle,20260623T103048_828887,of:0000000000000007:2 -> of:000000000000000a:3,0.002,0.0025,0.002,0.002,1.56,2026-06-23T10:30:48,0.002,1.56
ip_shuffle,20260623T103048_828887,of:0000000000000007:1 -> of:000000000000000d:5,0.001,0.00125,0.001,0.001,1.37,2026-06-23T10:30:48,0.001,1.4
ip_shuffle,20260623T103048_828887,of:0000000000000002:2 -> of:0000000000000008:2,0.002,0.0025,0.002,0.002,1.53,2026-06-23T10:30:48,0.002,1.53
ip_shuffle,20260623T103048_828887,of:0000000000000003:2 -> of:0000000000000008:3,0.002,0.0025,0.002,0.002,1.53,2026-06-23T10:30:48,0.002,1.53
ip_shuffle,20260623T103048_828887,of:0000000000000008:1 -> of:000000000000000b:6,0.002,0.0025,0.002,0.002,1.43,2026-06-23T10:30:48,0.002,1.47
ip_shuffle,20260623T103048_828887,of:0000000000000004:2 -> of:0000000000000009:2,0.002,0.0025,0.002,0.002,1.53,2026-06-23T10:30:48,0.002,1.53
ip_shuffle,20260623T103048_828887,of:0000000000000002:1 -> of:000000000000000b:4,0.002,0.0025,0.002,0.002,2.46,2026-06-23T10:30:48,0.002,2.5
ip_shuffle,20260623T103048_828887,of:0000000000000009:1 -> of:000000000000000c:6,0.002,0.0025,0.002,0.002,1.47,2026-06-23T10:30:48,0.002,1.47
route_mutation,20260623T103146_468857,of:0000000000000004:1 -> of:000000000000000c:4,0.002,0.0025,0.002,0.002,1.96,2026-06-23T10:31:46,0.002,1.93
route_mutation,20260623T103146_468857,of:0000000000000005:1 -> of:000000000000000c:5,0.002,0.0025,0.002,0.002,1.96,2026-06-23T10:31:46,0.002,1.93
route_mutation,20260623T103146_468857,of:000000000000000a:1 -> of:000000000000000d:6,0.002,0.0025,0.002,0.002,1.9,2026-06-23T10:31:46,0.002,1.86
route_mutation,20260623T103146_468857,of:000000000000000b:3 -> of:000000000000000d:2,0.002,0.0025,0.002,0.002,2.5,2026-06-23T10:31:46,0.002,2.5
route_mutation,20260623T103146_468857,of:000000000000000c:3 -> of:000000000000000d:3,0.002,0.0025,0.002,0.002,2.53,2026-06-23T10:31:46,0.002,2.53
route_mutation,20260623T103146_468857,of:0000000000000005:2 -> of:0000000000000009:3,0.002,0.0025,0.002,0.002,2.53,2026-06-23T10:31:46,0.002,2.53
route_mutation,20260623T103146_468857,of:0000000000000001:1 -> of:000000000000000b:1,0.002,0.0025,0.002,0.002,1.83,2026-06-23T10:31:46,0.002,1.83
route_mutation,20260623T103146_468857,of:000000000000000b:2 -> of:000000000000000c:2,0.002,0.0025,0.002,0.002,2.5,2026-06-23T10:31:46,0.002,2.5
route_mutation,20260623T103146_468857,of:0000000000000001:2 -> of:000000000000000c:1,0.002,0.0025,0.002,0.002,1.86,2026-06-23T10:31:46,0.002,1.9
route_mutation,20260623T103146_468857,of:0000000000000006:2 -> of:000000000000000a:2,0.002,0.0025,0.002,0.002,2.5,2026-06-23T10:31:46,0.002,2.5
route_mutation,20260623T103146_468857,of:0000000000000001:3 -> of:000000000000000d:1,0.003,0.00375,0.003,0.003,3.8,2026-06-23T10:31:46,0.003,3.76
route_mutation,20260623T103146_468857,of:0000000000000003:1 -> of:000000000000000b:5,0.002,0.0025,0.002,0.002,1.86,2026-06-23T10:31:46,0.002,1.9
route_mutation,20260623T103146_468857,of:0000000000000006:1 -> of:000000000000000d:4,0.002,0.0025,0.002,0.002,2.93,2026-06-23T10:31:46,0.002,3.0
route_mutation,20260623T103146_468857,of:0000000000000007:2 -> of:000000000000000a:3,0.002,0.0025,0.002,0.002,2.43,2026-06-23T10:31:46,0.002,2.43
route_mutation,20260623T103146_468857,of:0000000000000007:1 -> of:000000000000000d:5,0.002,0.0025,0.002,0.002,2.76,2026-06-23T10:31:46,0.002,2.66
route_mutation,20260623T103146_468857,of:0000000000000002:2 -> of:0000000000000008:2,0.002,0.0025,0.002,0.002,2.46,2026-06-23T10:31:46,0.002,2.46
route_mutation,20260623T103146_468857,of:0000000000000003:2 -> of:0000000000000008:3,0.002,0.0025,0.002,0.002,2.46,2026-06-23T10:31:46,0.002,2.46
route_mutation,20260623T103146_468857,of:0000000000000008:1 -> of:000000000000000b:6,0.002,0.0025,0.002,0.002,1.8,2026-06-23T10:31:46,0.002,1.83
route_mutation,20260623T103146_468857,of:0000000000000004:2 -> of:0000000000000009:2,0.002,0.0025,0.002,0.002,2.53,2026-06-23T10:31:46,0.002,2.53
route_mutation,20260623T103146_468857,of:0000000000000002:1 -> of:000000000000000b:4,0.002,0.0025,0.002,0.002,1.86,2026-06-23T10:31:46,0.002,1.9
route_mutation,20260623T103146_468857,of:0000000000000009:1 -> of:000000000000000c:6,0.002,0.0025,0.002,0.002,1.9,2026-06-23T10:31:46,0.002,1.86
ip_shuffle,20260623T103216_774486,of:0000000000000004:1 -> of:000000000000000c:4,0.001,0.00125,0.001,0.001,1.43,2026-06-23T10:32:16,0.001,1.4
ip_shuffle,20260623T103216_774486,of:0000000000000005:1 -> of:000000000000000c:5,0.001,0.00125,0.001,0.001,1.43,2026-06-23T10:32:16,0.001,1.4
ip_shuffle,20260623T103216_774486,of:000000000000000a:1 -> of:000000000000000d:6,0.001,0.00125,0.001,0.001,1.4,2026-06-23T10:32:16,0.001,1.4
ip_shuffle,20260623T103216_774486,of:000000000000000b:3 -> of:000000000000000d:2,0.002,0.0025,0.002,0.002,1.53,2026-06-23T10:32:16,0.002,1.53
ip_shuffle,20260623T103216_774486,of:000000000000000c:3 -> of:000000000000000d:3,0.001,0.00125,0.001,0.001,1.47,2026-06-23T10:32:16,0.001,1.47
ip_shuffle,20260623T103216_774486,of:0000000000000005:2 -> of:0000000000000009:3,0.002,0.0025,0.002,0.002,1.63,2026-06-23T10:32:16,0.002,1.63
ip_shuffle,20260623T103216_774486,of:0000000000000001:1 -> of:000000000000000b:1,0.002,0.0025,0.002,0.002,1.47,2026-06-23T10:32:16,0.001,1.37
ip_shuffle,20260623T103216_774486,of:000000000000000b:2 -> of:000000000000000c:2,0.002,0.0025,0.002,0.002,1.53,2026-06-23T10:32:16,0.002,1.53
ip_shuffle,20260623T103216_774486,of:0000000000000001:2 -> of:000000000000000c:1,0.001,0.00125,0.001,0.001,1.4,2026-06-23T10:32:16,0.001,1.3
ip_shuffle,20260623T103216_774486,of:0000000000000006:2 -> of:000000000000000a:2,0.002,0.0025,0.002,0.002,1.63,2026-06-23T10:32:16,0.002,1.63
ip_shuffle,20260623T103216_774486,of:0000000000000001:3 -> of:000000000000000d:1,0.002,0.0025,0.002,0.002,1.63,2026-06-23T10:32:16,0.002,1.77
ip_shuffle,20260623T103216_774486,of:0000000000000003:1 -> of:000000000000000b:5,0.002,0.0025,0.002,0.002,1.53,2026-06-23T10:32:16,0.002,1.47
ip_shuffle,20260623T103216_774486,of:0000000000000006:1 -> of:000000000000000d:4,0.001,0.00125,0.001,0.001,1.43,2026-06-23T10:32:16,0.001,1.4
ip_shuffle,20260623T103216_774486,of:0000000000000007:2 -> of:000000000000000a:3,0.002,0.0025,0.002,0.002,1.63,2026-06-23T10:32:16,0.002,1.63
ip_shuffle,20260623T103216_774486,of:0000000000000007:1 -> of:000000000000000d:5,0.002,0.0025,0.002,0.002,1.86,2026-06-23T10:32:16,0.002,1.93
ip_shuffle,20260623T103216_774486,of:0000000000000002:2 -> of:0000000000000008:2,0.002,0.0025,0.002,0.002,1.7,2026-06-23T10:32:16,0.002,1.7
ip_shuffle,20260623T103216_774486,of:0000000000000003:2 -> of:0000000000000008:3,0.002,0.0025,0.002,0.002,1.7,2026-06-23T10:32:16,0.002,1.7
ip_shuffle,20260623T103216_774486,of:0000000000000008:1 -> of:000000000000000b:6,0.002,0.0025,0.002,0.002,1.5,2026-06-23T10:32:16,0.002,1.47
ip_shuffle,20260623T103216_774486,of:0000000000000004:2 -> of:0000000000000009:2,0.002,0.0025,0.002,0.002,1.63,2026-06-23T10:32:16,0.002,1.63
ip_shuffle,20260623T103216_774486,of:0000000000000002:1 -> of:000000000000000b:4,0.002,0.0025,0.002,0.002,1.53,2026-06-23T10:32:16,0.002,1.47
ip_shuffle,20260623T103216_774486,of:0000000000000009:1 -> of:000000000000000c:6,0.001,0.00125,0.001,0.001,1.4,2026-06-23T10:32:16,0.001,1.4
ip_shuffle,20260623T103320_874379,of:0000000000000004:1 -> of:000000000000000c:4,0.002,0.0025,0.002,0.002,2.2,2026-06-23T10:33:20,0.002,2.23
ip_shuffle,20260623T103320_874379,of:0000000000000005:1 -> of:000000000000000c:5,0.002,0.0025,0.002,0.002,2.73,2026-06-23T10:33:20,0.002,2.76
ip_shuffle,20260623T103320_874379,of:000000000000000a:1 -> of:000000000000000d:6,0.002,0.0025,0.002,0.002,1.86,2026-06-23T10:33:20,0.002,1.9
ip_shuffle,20260623T103320_874379,of:000000000000000b:3 -> of:000000000000000d:2,0.002,0.0025,0.002,0.002,2.53,2026-06-23T10:33:20,0.002,2.53
ip_shuffle,20260623T103320_874379,of:000000000000000c:3 -> of:000000000000000d:3,0.002,0.0025,0.002,0.002,2.6,2026-06-23T10:33:20,0.002,2.6
ip_shuffle,20260623T103320_874379,of:0000000000000005:2 -> of:0000000000000009:3,0.002,0.0025,0.002,0.002,2.46,2026-06-23T10:33:20,0.002,2.46
ip_shuffle,20260623T103320_874379,of:0000000000000001:1 -> of:000000000000000b:1,0.002,0.0025,0.002,0.002,1.9,2026-06-23T10:33:20,0.002,1.96
ip_shuffle,20260623T103320_874379,of:000000000000000b:2 -> of:000000000000000c:2,0.002,0.0025,0.002,0.002,2.53,2026-06-23T10:33:20,0.002,2.53
ip_shuffle,20260623T103320_874379,of:0000000000000001:2 -> of:000000000000000c:1,0.002,0.0025,0.002,0.002,2.76,2026-06-23T10:33:20,0.002,2.83
ip_shuffle,20260623T103320_874379,of:0000000000000006:2 -> of:000000000000000a:2,0.002,0.0025,0.002,0.002,2.4,2026-06-23T10:33:20,0.002,2.4
ip_shuffle,20260623T103320_874379,of:0000000000000001:3 -> of:000000000000000d:1,0.003,0.00375,0.003,0.003,3.89,2026-06-23T10:33:20,0.003,3.73
ip_shuffle,20260623T103320_874379,of:0000000000000003:1 -> of:000000000000000b:5,0.002,0.0025,0.002,0.002,1.83,2026-06-23T10:33:20,0.002,1.9
ip_shuffle,20260623T103320_874379,of:0000000000000006:1 -> of:000000000000000d:4,0.003,0.00375,0.003,0.003,3.16,2026-06-23T10:33:20,0.003,3.2
ip_shuffle,20260623T103320_874379,of:0000000000000007:2 -> of:000000000000000a:3,0.002,0.0025,0.002,0.002,2.43,2026-06-23T10:33:20,0.002,2.4
ip_shuffle,20260623T103320_874379,of:0000000000000007:1 -> of:000000000000000d:5,0.002,0.0025,0.002,0.002,2.23,2026-06-23T10:33:20,0.002,2.16
ip_shuffle,20260623T103320_874379,of:0000000000000002:2 -> of:0000000000000008:2,0.002,0.0025,0.002,0.002,2.43,2026-06-23T10:33:20,0.002,2.43
ip_shuffle,20260623T103320_874379,of:0000000000000003:2 -> of:0000000000000008:3,0.002,0.0025,0.002,0.002,2.43,2026-06-23T10:33:20,0.002,2.43
ip_shuffle,20260623T103320_874379,of:0000000000000008:1 -> of:000000000000000b:6,0.002,0.0025,0.002,0.002,1.8,2026-06-23T10:33:20,0.002,1.83
ip_shuffle,20260623T103320_874379,of:0000000000000004:2 -> of:0000000000000009:2,0.002,0.0025,0.002,0.002,2.46,2026-06-23T10:33:20,0.002,2.46
ip_shuffle,20260623T103320_874379,of:0000000000000002:1 -> of:000000000000000b:4,0.002,0.0025,0.002,0.002,1.83,2026-06-23T10:33:20,0.002,1.9
ip_shuffle,20260623T103320_874379,of:0000000000000009:1 -> of:000000000000000c:6,0.002,0.0025,0.002,0.002,1.86,2026-06-23T10:33:20,0.002,1.9
ip_shuffle,20260623T103418_463923,of:0000000000000004:1 -> of:000000000000000c:4,0.001,0.00125,0.001,0.001,1.36,2026-06-23T10:34:18,0.001,1.36
ip_shuffle,20260623T103418_463923,of:0000000000000005:1 -> of:000000000000000c:5,0.001,0.00125,0.001,0.001,1.36,2026-06-23T10:34:18,0.001,1.36
ip_shuffle,20260623T103418_463923,of:000000000000000a:1 -> of:000000000000000d:6,0.002,0.0025,0.002,0.002,1.43,2026-06-23T10:34:18,0.002,1.43
ip_shuffle,20260623T103418_463923,of:000000000000000b:3 -> of:000000000000000d:2,0.002,0.0025,0.002,0.002,1.53,2026-06-23T10:34:18,0.002,1.53
ip_shuffle,20260623T103418_463923,of:000000000000000c:3 -> of:000000000000000d:3,0.002,0.0025,0.002,0.002,1.53,2026-06-23T10:34:18,0.002,1.53
ip_shuffle,20260623T103418_463923,of:0000000000000005:2 -> of:0000000000000009:3,0.001,0.00125,0.001,0.001,1.46,2026-06-23T10:34:18,0.001,1.46
ip_shuffle,20260623T103418_463923,of:0000000000000001:1 -> of:000000000000000b:1,0.003,0.00375,0.003,0.003,2.79,2026-06-23T10:34:18,0.003,2.83
ip_shuffle,20260623T103418_463923,of:000000000000000b:2 -> of:000000000000000c:2,0.002,0.0025,0.002,0.002,1.53,2026-06-23T10:34:18,0.002,1.53
ip_shuffle,20260623T103418_463923,of:0000000000000001:2 -> of:000000000000000c:1,0.002,0.0025,0.002,0.002,1.43,2026-06-23T10:34:18,0.002,1.43
ip_shuffle,20260623T103418_463923,of:0000000000000006:2 -> of:000000000000000a:2,0.002,0.0025,0.002,0.002,1.53,2026-06-23T10:34:18,0.002,1.53
ip_shuffle,20260623T103418_463923,of:0000000000000001:3 -> of:000000000000000d:1,0.002,0.0025,0.002,0.002,1.43,2026-06-23T10:34:18,0.002,1.43
ip_shuffle,20260623T103418_463923,of:0000000000000003:1 -> of:000000000000000b:5,0.002,0.0025,0.002,0.002,1.9,2026-06-23T10:34:18,0.002,1.9
ip_shuffle,20260623T103418_463923,of:0000000000000006:1 -> of:000000000000000d:4,0.002,0.0025,0.002,0.002,1.43,2026-06-23T10:34:18,0.002,1.43
ip_shuffle,20260623T103418_463923,of:0000000000000007:2 -> of:000000000000000a:3,0.002,0.0025,0.002,0.002,1.53,2026-06-23T10:34:18,0.002,1.53
ip_shuffle,20260623T103418_463923,of:0000000000000007:1 -> of:000000000000000d:5,0.002,0.0025,0.002,0.002,1.43,2026-06-23T10:34:18,0.002,1.43
ip_shuffle,20260623T103418_463923,of:0000000000000002:2 -> of:0000000000000008:2,0.002,0.0025,0.002,0.002,1.6,2026-06-23T10:34:18,0.002,1.6
ip_shuffle,20260623T103418_463923,of:0000000000000003:2 -> of:0000000000000008:3,0.002,0.0025,0.002,0.002,1.6,2026-06-23T10:34:18,0.002,1.6
ip_shuffle,20260623T103418_463923,of:0000000000000008:1 -> of:000000000000000b:6,0.002,0.0025,0.002,0.002,1.43,2026-06-23T10:34:18,0.002,1.43
ip_shuffle,20260623T103418_463923,of:0000000000000004:2 -> of:0000000000000009:2,0.001,0.00125,0.001,0.001,1.46,2026-06-23T10:34:18,0.001,1.46
ip_shuffle,20260623T103418_463923,of:0000000000000002:1 -> of:000000000000000b:4,0.002,0.0025,0.002,0.002,2.53,2026-06-23T10:34:18,0.002,2.53
ip_shuffle,20260623T103418_463923,of:0000000000000009:1 -> of:000000000000000c:6,0.002,0.0025,0.002,0.002,1.43,2026-06-23T10:34:18,0.002,1.43
route_mutation,20260623T103522_668158,of:0000000000000004:1 -> of:000000000000000c:4,0.002,0.0025,0.002,0.002,2.13,2026-06-23T10:35:22,0.002,2.16
route_mutation,20260623T103522_668158,of:0000000000000005:1 -> of:000000000000000c:5,0.002,0.0025,0.002,0.002,2.26,2026-06-23T10:35:22,0.002,2.3
route_mutation,20260623T103522_668158,of:000000000000000a:1 -> of:000000000000000d:6,0.002,0.0025,0.002,0.002,2.2,2026-06-23T10:35:22,0.002,2.2
route_mutation,20260623T103522_668158,of:000000000000000b:3 -> of:000000000000000d:2,0.002,0.0025,0.002,0.002,3.03,2026-06-23T10:35:22,0.002,3.03
route_mutation,20260623T103522_668158,of:000000000000000c:3 -> of:000000000000000d:3,0.002,0.0025,0.002,0.002,3.0,2026-06-23T10:35:22,0.002,3.0
route_mutation,20260623T103522_668158,of:0000000000000005:2 -> of:0000000000000009:3,0.002,0.0025,0.002,0.002,3.1,2026-06-23T10:35:22,0.002,3.1
route_mutation,20260623T103522_668158,of:0000000000000001:1 -> of:000000000000000b:1,0.002,0.0025,0.002,0.002,2.1,2026-06-23T10:35:22,0.002,2.1
route_mutation,20260623T103522_668158,of:000000000000000b:2 -> of:000000000000000c:2,0.002,0.0025,0.002,0.002,3.0,2026-06-23T10:35:22,0.002,3.0
route_mutation,20260623T103522_668158,of:0000000000000001:2 -> of:000000000000000c:1,0.002,0.0025,0.002,0.002,2.13,2026-06-23T10:35:22,0.002,2.13
route_mutation,20260623T103522_668158,of:0000000000000006:2 -> of:000000000000000a:2,0.002,0.0025,0.002,0.002,3.1,2026-06-23T10:35:22,0.002,3.1
route_mutation,20260623T103522_668158,of:0000000000000001:3 -> of:000000000000000d:1,0.003,0.00375,0.003,0.003,4.23,2026-06-23T10:35:22,0.003,4.23
route_mutation,20260623T103522_668158,of:0000000000000003:1 -> of:000000000000000b:5,0.002,0.0025,0.002,0.002,2.1,2026-06-23T10:35:22,0.002,2.1
route_mutation,20260623T103522_668158,of:0000000000000006:1 -> of:000000000000000d:4,0.003,0.00375,0.003,0.003,3.33,2026-06-23T10:35:22,0.003,3.4
route_mutation,20260623T103522_668158,of:0000000000000007:2 -> of:000000000000000a:3,0.002,0.0025,0.002,0.002,3.13,2026-06-23T10:35:22,0.002,3.13
route_mutation,20260623T103522_668158,of:0000000000000007:1 -> of:000000000000000d:5,0.002,0.0025,0.002,0.002,3.06,2026-06-23T10:35:22,0.002,2.96
route_mutation,20260623T103522_668158,of:0000000000000002:2 -> of:0000000000000008:2,0.002,0.0025,0.002,0.002,3.06,2026-06-23T10:35:22,0.002,3.06
route_mutation,20260623T103522_668158,of:0000000000000003:2 -> of:0000000000000008:3,0.002,0.0025,0.002,0.002,3.1,2026-06-23T10:35:22,0.002,3.1
route_mutation,20260623T103522_668158,of:0000000000000008:1 -> of:000000000000000b:6,0.002,0.0025,0.002,0.002,2.2,2026-06-23T10:35:22,0.002,2.2
route_mutation,20260623T103522_668158,of:0000000000000004:2 -> of:0000000000000009:2,0.002,0.0025,0.002,0.002,3.1,2026-06-23T10:35:22,0.002,3.1
route_mutation,20260623T103522_668158,of:0000000000000002:1 -> of:000000000000000b:4,0.002,0.0025,0.002,0.002,2.1,2026-06-23T10:35:22,0.002,2.1
route_mutation,20260623T103522_668158,of:0000000000000009:1 -> of:000000000000000c:6,0.002,0.0025,0.002,0.002,2.2,2026-06-23T10:35:22,0.002,2.2
ip_shuffle,20260623T103552_996517,of:0000000000000004:1 -> of:000000000000000c:4,0.002,0.0025,0.002,0.002,1.56,2026-06-23T10:35:52,0.002,1.53
ip_shuffle,20260623T103552_996517,of:0000000000000005:1 -> of:000000000000000c:5,0.002,0.0025,0.002,0.002,1.56,2026-06-23T10:35:52,0.002,1.53
ip_shuffle,20260623T103552_996517,of:000000000000000a:1 -> of:000000000000000d:6,0.002,0.0025,0.002,0.002,1.53,2026-06-23T10:35:52,0.002,1.5
ip_shuffle,20260623T103552_996517,of:000000000000000b:3 -> of:000000000000000d:2,0.002,0.0025,0.002,0.002,1.7,2026-06-23T10:35:52,0.002,1.7
ip_shuffle,20260623T103552_996517,of:000000000000000c:3 -> of:000000000000000d:3,0.002,0.0025,0.002,0.002,1.7,2026-06-23T10:35:52,0.002,1.7
ip_shuffle,20260623T103552_996517,of:0000000000000005:2 -> of:0000000000000009:3,0.002,0.0025,0.002,0.002,1.76,2026-06-23T10:35:52,0.002,1.76
ip_shuffle,20260623T103552_996517,of:0000000000000001:1 -> of:000000000000000b:1,0.002,0.0025,0.002,0.002,1.53,2026-06-23T10:35:52,0.002,1.43
ip_shuffle,20260623T103552_996517,of:000000000000000b:2 -> of:000000000000000c:2,0.002,0.0025,0.002,0.002,1.73,2026-06-23T10:35:52,0.002,1.73
ip_shuffle,20260623T103552_996517,of:0000000000000001:2 -> of:000000000000000c:1,0.002,0.0025,0.002,0.002,1.53,2026-06-23T10:35:52,0.002,1.43
ip_shuffle,20260623T103552_996517,of:0000000000000006:2 -> of:000000000000000a:2,0.002,0.0025,0.002,0.002,1.76,2026-06-23T10:35:52,0.002,1.76
ip_shuffle,20260623T103552_996517,of:0000000000000001:3 -> of:000000000000000d:1,0.002,0.0025,0.002,0.002,1.9,2026-06-23T10:35:52,0.002,1.96
ip_shuffle,20260623T103552_996517,of:0000000000000003:1 -> of:000000000000000b:5,0.002,0.0025,0.002,0.002,1.43,2026-06-23T10:35:52,0.002,1.53
ip_shuffle,20260623T103552_996517,of:0000000000000006:1 -> of:000000000000000d:4,0.002,0.0025,0.002,0.002,1.56,2026-06-23T10:35:52,0.002,1.5
ip_shuffle,20260623T103552_996517,of:0000000000000007:2 -> of:000000000000000a:3,0.002,0.0025,0.002,0.002,1.73,2026-06-23T10:35:52,0.002,1.73
ip_shuffle,20260623T103552_996517,of:0000000000000007:1 -> of:000000000000000d:5,0.002,0.0025,0.002,0.002,2.06,2026-06-23T10:35:52,0.002,2.13
ip_shuffle,20260623T103552_996517,of:0000000000000002:2 -> of:0000000000000008:2,0.002,0.0025,0.002,0.002,1.63,2026-06-23T10:35:52,0.002,1.63
ip_shuffle,20260623T103552_996517,of:0000000000000003:2 -> of:0000000000000008:3,0.002,0.0025,0.002,0.002,1.63,2026-06-23T10:35:52,0.002,1.63
ip_shuffle,20260623T103552_996517,of:0000000000000008:1 -> of:000000000000000b:6,0.002,0.0025,0.002,0.002,1.53,2026-06-23T10:35:52,0.002,1.53
ip_shuffle,20260623T103552_996517,of:0000000000000004:2 -> of:0000000000000009:2,0.002,0.0025,0.002,0.002,1.76,2026-06-23T10:35:52,0.002,1.76
ip_shuffle,20260623T103552_996517,of:0000000000000002:1 -> of:000000000000000b:4,0.002,0.0025,0.002,0.002,1.43,2026-06-23T10:35:52,0.002,1.53
ip_shuffle,20260623T103552_996517,of:0000000000000009:1 -> of:000000000000000c:6,0.002,0.0025,0.002,0.002,1.53,2026-06-23T10:35:52,0.002,1.53
route_mutation,20260623T103657_090436,of:0000000000000004:1 -> of:000000000000000c:4,0.002,0.0025,0.002,0.002,2.23,2026-06-23T10:36:57,0.002,2.3
route_mutation,20260623T103657_090436,of:0000000000000005:1 -> of:000000000000000c:5,0.002,0.0025,0.002,0.002,2.63,2026-06-23T10:36:57,0.002,2.66
route_mutation,20260623T103657_090436,of:000000000000000a:1 -> of:000000000000000d:6,0.002,0.0025,0.002,0.002,1.8,2026-06-23T10:36:57,0.002,1.83
route_mutation,20260623T103657_090436,of:000000000000000b:3 -> of:000000000000000d:2,0.002,0.0025,0.002,0.002,2.43,2026-06-23T10:36:57,0.002,2.43
route_mutation,20260623T103657_090436,of:000000000000000c:3 -> of:000000000000000d:3,0.002,0.0025,0.002,0.002,2.43,2026-06-23T10:36:57,0.002,2.43
route_mutation,20260623T103657_090436,of:0000000000000005:2 -> of:0000000000000009:3,0.002,0.0025,0.002,0.002,2.5,2026-06-23T10:36:57,0.002,2.5
route_mutation,20260623T103657_090436,of:0000000000000001:1 -> of:000000000000000b:1,0.002,0.0025,0.002,0.002,1.8,2026-06-23T10:36:57,0.002,1.9
route_mutation,20260623T103657_090436,of:000000000000000b:2 -> of:000000000000000c:2,0.002,0.0025,0.002,0.002,2.4,2026-06-23T10:36:57,0.002,2.4
route_mutation,20260623T103657_090436,of:0000000000000001:2 -> of:000000000000000c:1,0.002,0.0025,0.002,0.002,2.8,2026-06-23T10:36:57,0.002,2.9
route_mutation,20260623T103657_090436,of:0000000000000006:2 -> of:000000000000000a:2,0.002,0.0025,0.002,0.002,2.43,2026-06-23T10:36:57,0.002,2.43
route_mutation,20260623T103657_090436,of:0000000000000001:3 -> of:000000000000000d:1,0.003,0.00375,0.003,0.003,3.36,2026-06-23T10:36:57,0.003,3.3
route_mutation,20260623T103657_090436,of:0000000000000003:1 -> of:000000000000000b:5,0.002,0.0025,0.002,0.002,1.9,2026-06-23T10:36:57,0.002,1.8
route_mutation,20260623T103657_090436,of:0000000000000006:1 -> of:000000000000000d:4,0.003,0.00375,0.003,0.003,3.03,2026-06-23T10:36:57,0.003,3.1
route_mutation,20260623T103657_090436,of:0000000000000007:2 -> of:000000000000000a:3,0.002,0.0025,0.002,0.002,2.43,2026-06-23T10:36:57,0.002,2.46
route_mutation,20260623T103657_090436,of:0000000000000007:1 -> of:000000000000000d:5,0.002,0.0025,0.002,0.002,2.06,2026-06-23T10:36:57,0.002,2.0
route_mutation,20260623T103657_090436,of:0000000000000002:2 -> of:0000000000000008:2,0.002,0.0025,0.002,0.002,2.56,2026-06-23T10:36:57,0.002,2.56
route_mutation,20260623T103657_090436,of:0000000000000003:2 -> of:0000000000000008:3,0.002,0.0025,0.002,0.002,2.56,2026-06-23T10:36:57,0.002,2.56
route_mutation,20260623T103657_090436,of:0000000000000008:1 -> of:000000000000000b:6,0.002,0.0025,0.002,0.002,1.86,2026-06-23T10:36:57,0.002,1.86
route_mutation,20260623T103657_090436,of:0000000000000004:2 -> of:0000000000000009:2,0.002,0.0025,0.002,0.002,2.5,2026-06-23T10:36:57,0.002,2.5
route_mutation,20260623T103657_090436,of:0000000000000002:1 -> of:000000000000000b:4,0.002,0.0025,0.002,0.002,1.9,2026-06-23T10:36:57,0.002,1.8
route_mutation,20260623T103657_090436,of:0000000000000009:1 -> of:000000000000000c:6,0.002,0.0025,0.002,0.002,1.86,2026-06-23T10:36:57,0.002,1.86
ip_shuffle,20260623T103727_373456,of:0000000000000004:1 -> of:000000000000000c:4,0.002,0.0025,0.002,0.002,1.86,2026-06-23T10:37:27,0.002,1.83
ip_shuffle,20260623T103727_373456,of:0000000000000005:1 -> of:000000000000000c:5,0.002,0.0025,0.002,0.002,1.86,2026-06-23T10:37:27,0.002,1.83
ip_shuffle,20260623T103727_373456,of:000000000000000a:1 -> of:000000000000000d:6,0.002,0.0025,0.002,0.002,1.83,2026-06-23T10:37:27,0.002,1.8
ip_shuffle,20260623T103727_373456,of:000000000000000b:3 -> of:000000000000000d:2,0.002,0.0025,0.002,0.002,2.29,2026-06-23T10:37:27,0.002,2.29
ip_shuffle,20260623T103727_373456,of:000000000000000c:3 -> of:000000000000000d:3,0.002,0.0025,0.002,0.002,2.29,2026-06-23T10:37:27,0.002,2.29
ip_shuffle,20260623T103727_373456,of:0000000000000005:2 -> of:0000000000000009:3,0.002,0.0025,0.002,0.002,2.36,2026-06-23T10:37:27,0.002,2.36
ip_shuffle,20260623T103727_373456,of:0000000000000001:1 -> of:000000000000000b:1,0.002,0.0025,0.002,0.002,1.83,2026-06-23T10:37:27,0.002,1.73
ip_shuffle,20260623T103727_373456,of:000000000000000b:2 -> of:000000000000000c:2,0.002,0.0025,0.002,0.002,2.33,2026-06-23T10:37:27,0.002,2.33
ip_shuffle,20260623T103727_373456,of:0000000000000001:2 -> of:000000000000000c:1,0.002,0.0025,0.002,0.002,1.83,2026-06-23T10:37:27,0.002,1.73
ip_shuffle,20260623T103727_373456,of:0000000000000006:2 -> of:000000000000000a:2,0.002,0.0025,0.002,0.002,2.36,2026-06-23T10:37:27,0.002,2.36
ip_shuffle,20260623T103727_373456,of:0000000000000001:3 -> of:000000000000000d:1,0.002,0.0025,0.002,0.002,2.89,2026-06-23T10:37:27,0.002,2.96
ip_shuffle,20260623T103727_373456,of:0000000000000003:1 -> of:000000000000000b:5,0.002,0.0025,0.002,0.002,1.73,2026-06-23T10:37:27,0.002,1.83
ip_shuffle,20260623T103727_373456,of:0000000000000006:1 -> of:000000000000000d:4,0.002,0.0025,0.002,0.002,1.9,2026-06-23T10:37:27,0.002,1.83
ip_shuffle,20260623T103727_373456,of:0000000000000007:2 -> of:000000000000000a:3,0.002,0.0025,0.002,0.002,2.36,2026-06-23T10:37:27,0.002,2.33
ip_shuffle,20260623T103727_373456,of:0000000000000007:1 -> of:000000000000000d:5,0.003,0.00375,0.003,0.003,3.03,2026-06-23T10:37:27,0.003,3.09
ip_shuffle,20260623T103727_373456,of:0000000000000002:2 -> of:0000000000000008:2,0.002,0.0025,0.002,0.002,2.23,2026-06-23T10:37:27,0.002,2.23
ip_shuffle,20260623T103727_373456,of:0000000000000003:2 -> of:0000000000000008:3,0.002,0.0025,0.002,0.002,2.23,2026-06-23T10:37:27,0.002,2.23
ip_shuffle,20260623T103727_373456,of:0000000000000008:1 -> of:000000000000000b:6,0.002,0.0025,0.002,0.002,1.83,2026-06-23T10:37:27,0.002,1.83
ip_shuffle,20260623T103727_373456,of:0000000000000004:2 -> of:0000000000000009:2,0.002,0.0025,0.002,0.002,2.36,2026-06-23T10:37:27,0.002,2.36
ip_shuffle,20260623T103727_373456,of:0000000000000002:1 -> of:000000000000000b:4,0.002,0.0025,0.002,0.002,1.73,2026-06-23T10:37:27,0.002,1.83
ip_shuffle,20260623T103727_373456,of:0000000000000009:1 -> of:000000000000000c:6,0.002,0.0025,0.002,0.002,1.83,2026-06-23T10:37:27,0.002,1.83
route_mutation,20260623T103825_178846,of:0000000000000004:1 -> of:000000000000000c:4,0.002,0.0025,0.002,0.002,2.2,2026-06-23T10:38:25,0.002,2.23
route_mutation,20260623T103825_178846,of:0000000000000005:1 -> of:000000000000000c:5,0.002,0.0025,0.002,0.002,2.2,2026-06-23T10:38:25,0.002,2.23
route_mutation,20260623T103825_178846,of:000000000000000a:1 -> of:000000000000000d:6,0.001,0.00125,0.001,0.001,1.36,2026-06-23T10:38:25,0.001,1.4
route_mutation,20260623T103825_178846,of:000000000000000b:3 -> of:000000000000000d:2,0.001,0.00125,0.001,0.001,1.56,2026-06-23T10:38:25,0.001,1.56
route_mutation,20260623T103825_178846,of:000000000000000c:3 -> of:000000000000000d:3,0.001,0.00125,0.001,0.001,1.56,2026-06-23T10:38:25,0.001,1.56
route_mutation,20260623T103825_178846,of:0000000000000005:2 -> of:0000000000000009:3,0.002,0.0025,0.002,0.002,1.56,2026-06-23T10:38:25,0.002,1.56
route_mutation,20260623T103825_178846,of:0000000000000001:1 -> of:000000000000000b:1,0.002,0.0025,0.002,0.002,1.76,2026-06-23T10:38:25,0.002,1.9
route_mutation,20260623T103825_178846,of:000000000000000b:2 -> of:000000000000000c:2,0.001,0.00125,0.001,0.001,1.53,2026-06-23T10:38:25,0.001,1.53
route_mutation,20260623T103825_178846,of:0000000000000001:2 -> of:000000000000000c:1,0.003,0.00375,0.003,0.003,2.96,2026-06-23T10:38:25,0.003,3.06
route_mutation,20260623T103825_178846,of:0000000000000006:2 -> of:000000000000000a:2,0.002,0.0025,0.002,0.002,1.56,2026-06-23T10:38:25,0.002,1.56
route_mutation,20260623T103825_178846,of:0000000000000001:3 -> of:000000000000000d:1,0.002,0.0025,0.002,0.002,1.66,2026-06-23T10:38:25,0.002,1.56
route_mutation,20260623T103825_178846,of:0000000000000003:1 -> of:000000000000000b:5,0.002,0.0025,0.002,0.002,1.83,2026-06-23T10:38:25,0.002,1.7
route_mutation,20260623T103825_178846,of:0000000000000006:1 -> of:000000000000000d:4,0.002,0.0025,0.002,0.002,1.53,2026-06-23T10:38:25,0.002,1.46
route_mutation,20260623T103825_178846,of:0000000000000007:2 -> of:000000000000000a:3,0.002,0.0025,0.002,0.002,1.6,2026-06-23T10:38:25,0.002,1.6
route_mutation,20260623T103825_178846,of:0000000000000007:1 -> of:000000000000000d:5,0.001,0.00125,0.001,0.001,1.43,2026-06-23T10:38:25,0.001,1.46
route_mutation,20260623T103825_178846,of:0000000000000002:2 -> of:0000000000000008:2,0.002,0.0025,0.002,0.002,1.66,2026-06-23T10:38:25,0.002,1.66
route_mutation,20260623T103825_178846,of:0000000000000003:2 -> of:0000000000000008:3,0.002,0.0025,0.002,0.002,1.66,2026-06-23T10:38:25,0.002,1.66
route_mutation,20260623T103825_178846,of:0000000000000008:1 -> of:000000000000000b:6,0.001,0.00125,0.001,0.001,1.43,2026-06-23T10:38:25,0.001,1.43
route_mutation,20260623T103825_178846,of:0000000000000004:2 -> of:0000000000000009:2,0.002,0.0025,0.002,0.002,1.56,2026-06-23T10:38:25,0.002,1.56
route_mutation,20260623T103825_178846,of:0000000000000002:1 -> of:000000000000000b:4,0.001,0.00125,0.001,0.001,1.43,2026-06-23T10:38:25,0.001,1.36
route_mutation,20260623T103825_178846,of:0000000000000009:1 -> of:000000000000000c:6,0.001,0.00125,0.001,0.001,1.36,2026-06-23T10:38:25,0.001,1.36
route_mutation,20260623T103855_579608,of:0000000000000004:1 -> of:000000000000000c:4,0.002,0.0025,0.002,0.002,2.23,2026-06-23T10:38:55,0.002,2.23
route_mutation,20260623T103855_579608,of:0000000000000005:1 -> of:000000000000000c:5,0.002,0.0025,0.002,0.002,2.23,2026-06-23T10:38:55,0.002,2.23
route_mutation,20260623T103855_579608,of:000000000000000a:1 -> of:000000000000000d:6,0.002,0.0025,0.002,0.002,2.23,2026-06-23T10:38:55,0.002,2.23
route_mutation,20260623T103855_579608,of:000000000000000b:3 -> of:000000000000000d:2,0.002,0.0025,0.002,0.002,3.13,2026-06-23T10:38:55,0.002,3.13
route_mutation,20260623T103855_579608,of:000000000000000c:3 -> of:000000000000000d:3,0.002,0.0025,0.002,0.002,3.13,2026-06-23T10:38:55,0.002,3.13
route_mutation,20260623T103855_579608,of:0000000000000005:2 -> of:0000000000000009:3,0.002,0.0025,0.002,0.002,3.13,2026-06-23T10:38:55,0.002,3.13
route_mutation,20260623T103855_579608,of:0000000000000001:1 -> of:000000000000000b:1,0.002,0.0025,0.002,0.002,2.23,2026-06-23T10:38:55,0.002,2.23
route_mutation,20260623T103855_579608,of:000000000000000b:2 -> of:000000000000000c:2,0.002,0.0025,0.002,0.002,3.13,2026-06-23T10:38:55,0.002,3.13
route_mutation,20260623T103855_579608,of:0000000000000001:2 -> of:000000000000000c:1,0.002,0.0025,0.002,0.002,2.23,2026-06-23T10:38:55,0.002,2.23
route_mutation,20260623T103855_579608,of:0000000000000006:2 -> of:000000000000000a:2,0.002,0.0025,0.002,0.002,3.13,2026-06-23T10:38:55,0.002,3.13
route_mutation,20260623T103855_579608,of:0000000000000001:3 -> of:000000000000000d:1,0.003,0.00375,0.003,0.003,4.43,2026-06-23T10:38:55,0.003,4.43
route_mutation,20260623T103855_579608,of:0000000000000003:1 -> of:000000000000000b:5,0.002,0.0025,0.002,0.002,2.23,2026-06-23T10:38:55,0.002,2.23
route_mutation,20260623T103855_579608,of:0000000000000006:1 -> of:000000000000000d:4,0.003,0.00375,0.003,0.003,3.4,2026-06-23T10:38:55,0.003,3.53
route_mutation,20260623T103855_579608,of:0000000000000007:2 -> of:000000000000000a:3,0.002,0.0025,0.002,0.002,3.13,2026-06-23T10:38:55,0.002,3.13
route_mutation,20260623T103855_579608,of:0000000000000007:1 -> of:000000000000000d:5,0.003,0.00375,0.003,0.003,3.23,2026-06-23T10:38:55,0.003,3.16
route_mutation,20260623T103855_579608,of:0000000000000002:2 -> of:0000000000000008:2,0.002,0.0025,0.002,0.002,3.13,2026-06-23T10:38:55,0.002,3.13
route_mutation,20260623T103855_579608,of:0000000000000003:2 -> of:0000000000000008:3,0.002,0.0025,0.002,0.002,3.13,2026-06-23T10:38:55,0.002,3.13
route_mutation,20260623T103855_579608,of:0000000000000008:1 -> of:000000000000000b:6,0.002,0.0025,0.002,0.002,2.23,2026-06-23T10:38:55,0.002,2.23
route_mutation,20260623T103855_579608,of:0000000000000004:2 -> of:0000000000000009:2,0.002,0.0025,0.002,0.002,3.13,2026-06-23T10:38:55,0.002,3.13
route_mutation,20260623T103855_579608,of:0000000000000002:1 -> of:000000000000000b:4,0.002,0.0025,0.002,0.002,2.23,2026-06-23T10:38:55,0.002,2.23
route_mutation,20260623T103855_579608,of:0000000000000009:1 -> of:000000000000000c:6,0.002,0.0025,0.002,0.002,2.23,2026-06-23T10:38:55,0.002,2.23
ip_shuffle,20260623T103925_919645,of:0000000000000004:1 -> of:000000000000000c:4,0.002,0.0025,0.002,0.002,1.56,2026-06-23T10:39:25,0.002,1.53
ip_shuffle,20260623T103925_919645,of:0000000000000005:1 -> of:000000000000000c:5,0.002,0.0025,0.002,0.002,1.56,2026-06-23T10:39:25,0.002,1.53
ip_shuffle,20260623T103925_919645,of:000000000000000a:1 -> of:000000000000000d:6,0.002,0.0025,0.002,0.002,1.46,2026-06-23T10:39:25,0.002,1.43
ip_shuffle,20260623T103925_919645,of:000000000000000b:3 -> of:000000000000000d:2,0.002,0.0025,0.002,0.002,1.56,2026-06-23T10:39:25,0.002,1.56
ip_shuffle,20260623T103925_919645,of:000000000000000c:3 -> of:000000000000000d:3,0.002,0.0025,0.002,0.002,1.56,2026-06-23T10:39:25,0.002,1.56
ip_shuffle,20260623T103925_919645,of:0000000000000005:2 -> of:0000000000000009:3,0.002,0.0025,0.002,0.002,1.7,2026-06-23T10:39:25,0.002,1.7
ip_shuffle,20260623T103925_919645,of:0000000000000001:1 -> of:000000000000000b:1,0.002,0.0025,0.002,0.002,1.46,2026-06-23T10:39:25,0.001,1.37
ip_shuffle,20260623T103925_919645,of:000000000000000b:2 -> of:000000000000000c:2,0.002,0.0025,0.002,0.002,1.6,2026-06-23T10:39:25,0.002,1.6
ip_shuffle,20260623T103925_919645,of:0000000000000001:2 -> of:000000000000000c:1,0.002,0.0025,0.002,0.002,1.46,2026-06-23T10:39:25,0.001,1.37
ip_shuffle,20260623T103925_919645,of:0000000000000006:2 -> of:000000000000000a:2,0.002,0.0025,0.002,0.002,1.56,2026-06-23T10:39:25,0.002,1.56
ip_shuffle,20260623T103925_919645,of:0000000000000001:3 -> of:000000000000000d:1,0.002,0.0025,0.002,0.002,1.66,2026-06-23T10:39:25,0.002,1.76
ip_shuffle,20260623T103925_919645,of:0000000000000003:1 -> of:000000000000000b:5,0.002,0.0025,0.002,0.001,1.37,2026-06-23T10:39:25,0.002,1.46
ip_shuffle,20260623T103925_919645,of:0000000000000006:1 -> of:000000000000000d:4,0.001,0.00125,0.001,0.001,1.43,2026-06-23T10:39:25,0.001,1.37
ip_shuffle,20260623T103925_919645,of:0000000000000007:2 -> of:000000000000000a:3,0.002,0.0025,0.002,0.002,1.53,2026-06-23T10:39:25,0.002,1.53
ip_shuffle,20260623T103925_919645,of:0000000000000007:1 -> of:000000000000000d:5,0.002,0.0025,0.002,0.002,1.8,2026-06-23T10:39:25,0.002,1.83
ip_shuffle,20260623T103925_919645,of:0000000000000002:2 -> of:0000000000000008:2,0.001,0.00125,0.001,0.001,1.43,2026-06-23T10:39:25,0.001,1.43
ip_shuffle,20260623T103925_919645,of:0000000000000003:2 -> of:0000000000000008:3,0.001,0.00125,0.001,0.001,1.43,2026-06-23T10:39:25,0.001,1.43
ip_shuffle,20260623T103925_919645,of:0000000000000008:1 -> of:000000000000000b:6,0.001,0.00125,0.001,0.001,1.4,2026-06-23T10:39:25,0.001,1.4
ip_shuffle,20260623T103925_919645,of:0000000000000004:2 -> of:0000000000000009:2,0.002,0.0025,0.002,0.002,1.7,2026-06-23T10:39:25,0.002,1.7
ip_shuffle,20260623T103925_919645,of:0000000000000002:1 -> of:000000000000000b:4,0.002,0.0025,0.002,0.001,1.37,2026-06-23T10:39:25,0.002,1.46
ip_shuffle,20260623T103925_919645,of:0000000000000009:1 -> of:000000000000000c:6,0.002,0.0025,0.002,0.002,1.46,2026-06-23T10:39:25,0.002,1.46
route_mutation,20260623T104029_967290,of:0000000000000004:1 -> of:000000000000000c:4,0.002,0.0025,0.002,0.002,2.09,2026-06-23T10:40:29,0.002,1.96
route_mutation,20260623T104029_967290,of:0000000000000005:1 -> of:000000000000000c:5,0.002,0.0025,0.002,0.002,2.69,2026-06-23T10:40:29,0.002,2.56
route_mutation,20260623T104029_967290,of:000000000000000a:1 -> of:000000000000000d:6,0.002,0.0025,0.002,0.002,1.93,2026-06-23T10:40:29,0.002,1.96
route_mutation,20260623T104029_967290,of:000000000000000b:3 -> of:000000000000000d:2,0.002,0.0025,0.002,0.002,2.62,2026-06-23T10:40:29,0.002,2.62
route_mutation,20260623T104029_967290,of:000000000000000c:3 -> of:000000000000000d:3,0.002,0.0025,0.002,0.002,2.66,2026-06-23T10:40:29,0.002,2.62
route_mutation,20260623T104029_967290,of:0000000000000005:2 -> of:0000000000000009:3,0.002,0.0025,0.002,0.002,2.72,2026-06-23T10:40:29,0.002,2.72
route_mutation,20260623T104029_967290,of:0000000000000001:1 -> of:000000000000000b:1,0.002,0.0025,0.002,0.002,1.99,2026-06-23T10:40:29,0.002,2.09
route_mutation,20260623T104029_967290,of:000000000000000b:2 -> of:000000000000000c:2,0.002,0.0025,0.002,0.002,2.66,2026-06-23T10:40:29,0.002,2.66
route_mutation,20260623T104029_967290,of:0000000000000001:2 -> of:000000000000000c:1,0.002,0.0025,0.002,0.002,2.72,2026-06-23T10:40:29,0.002,2.79
route_mutation,20260623T104029_967290,of:0000000000000006:2 -> of:000000000000000a:2,0.002,0.0025,0.002,0.002,2.62,2026-06-23T10:40:29,0.002,2.62
route_mutation,20260623T104029_967290,of:0000000000000001:3 -> of:000000000000000d:1,0.003,0.00375,0.003,0.003,3.75,2026-06-23T10:40:29,0.003,3.65
route_mutation,20260623T104029_967290,of:0000000000000003:1 -> of:000000000000000b:5,0.002,0.0025,0.002,0.002,2.09,2026-06-23T10:40:29,0.002,1.99
route_mutation,20260623T104029_967290,of:0000000000000006:1 -> of:000000000000000d:4,0.003,0.00375,0.003,0.003,3.29,2026-06-23T10:40:29,0.003,3.35
route_mutation,20260623T104029_967290,of:0000000000000007:2 -> of:000000000000000a:3,0.002,0.0025,0.002,0.002,2.66,2026-06-23T10:40:29,0.002,2.66
route_mutation,20260623T104029_967290,of:0000000000000007:1 -> of:000000000000000d:5,0.002,0.0025,0.002,0.002,2.22,2026-06-23T10:40:29,0.002,2.19
route_mutation,20260623T104029_967290,of:0000000000000002:2 -> of:0000000000000008:2,0.002,0.0025,0.002,0.002,2.75,2026-06-23T10:40:29,0.002,2.75
route_mutation,20260623T104029_967290,of:0000000000000003:2 -> of:0000000000000008:3,0.002,0.0025,0.002,0.002,2.75,2026-06-23T10:40:29,0.002,2.75
route_mutation,20260623T104029_967290,of:0000000000000008:1 -> of:000000000000000b:6,0.002,0.0025,0.002,0.002,1.99,2026-06-23T10:40:29,0.002,1.99
route_mutation,20260623T104029_967290,of:0000000000000004:2 -> of:0000000000000009:2,0.002,0.0025,0.002,0.002,2.72,2026-06-23T10:40:29,0.002,2.72
route_mutation,20260623T104029_967290,of:0000000000000002:1 -> of:000000000000000b:4,0.002,0.0025,0.002,0.002,2.09,2026-06-23T10:40:29,0.002,1.99
route_mutation,20260623T104029_967290,of:0000000000000009:1 -> of:000000000000000c:6,0.002,0.0025,0.002,0.002,1.99,2026-06-23T10:40:29,0.002,1.99
ip_shuffle,20260623T104100_280691,of:0000000000000004:1 -> of:000000000000000c:4,0.002,0.0025,0.002,0.002,1.63,2026-06-23T10:41:00,0.002,1.76
ip_shuffle,20260623T104100_280691,of:0000000000000005:1 -> of:000000000000000c:5,0.002,0.0025,0.002,0.002,1.63,2026-06-23T10:41:00,0.002,1.76
ip_shuffle,20260623T104100_280691,of:000000000000000a:1 -> of:000000000000000d:6,0.002,0.0025,0.002,0.002,1.76,2026-06-23T10:41:00,0.002,1.73
ip_shuffle,20260623T104100_280691,of:000000000000000b:3 -> of:000000000000000d:2,0.002,0.0025,0.002,0.002,2.16,2026-06-23T10:41:00,0.002,2.16
ip_shuffle,20260623T104100_280691,of:000000000000000c:3 -> of:000000000000000d:3,0.002,0.0025,0.002,0.002,2.13,2026-06-23T10:41:00,0.002,2.16
ip_shuffle,20260623T104100_280691,of:0000000000000005:2 -> of:0000000000000009:3,0.002,0.0025,0.002,0.002,2.06,2026-06-23T10:41:00,0.002,2.06
ip_shuffle,20260623T104100_280691,of:0000000000000001:1 -> of:000000000000000b:1,0.002,0.0025,0.002,0.002,1.76,2026-06-23T10:41:00,0.002,1.66
ip_shuffle,20260623T104100_280691,of:000000000000000b:2 -> of:000000000000000c:2,0.002,0.0025,0.002,0.002,2.2,2026-06-23T10:41:00,0.002,2.2
ip_shuffle,20260623T104100_280691,of:0000000000000001:2 -> of:000000000000000c:1,0.002,0.0025,0.002,0.002,1.76,2026-06-23T10:41:00,0.002,1.66
ip_shuffle,20260623T104100_280691,of:0000000000000006:2 -> of:000000000000000a:2,0.002,0.0025,0.002,0.002,2.16,2026-06-23T10:41:00,0.002,2.16
ip_shuffle,20260623T104100_280691,of:0000000000000001:3 -> of:000000000000000d:1,0.002,0.0025,0.002,0.002,2.6,2026-06-23T10:41:00,0.002,2.7
ip_shuffle,20260623T104100_280691,of:0000000000000003:1 -> of:000000000000000b:5,0.002,0.0025,0.002,0.002,1.66,2026-06-23T10:41:00,0.002,1.76
ip_shuffle,20260623T104100_280691,of:0000000000000006:1 -> of:000000000000000d:4,0.002,0.0025,0.002,0.002,1.76,2026-06-23T10:41:00,0.002,1.7
ip_shuffle,20260623T104100_280691,of:0000000000000007:2 -> of:000000000000000a:3,0.002,0.0025,0.002,0.002,2.13,2026-06-23T10:41:00,0.002,2.13
ip_shuffle,20260623T104100_280691,of:0000000000000007:1 -> of:000000000000000d:5,0.002,0.0025,0.002,0.002,2.73,2026-06-23T10:41:00,0.002,2.76
ip_shuffle,20260623T104100_280691,of:0000000000000002:2 -> of:0000000000000008:2,0.002,0.0025,0.002,0.002,2.1,2026-06-23T10:41:00,0.002,2.1
ip_shuffle,20260623T104100_280691,of:0000000000000003:2 -> of:0000000000000008:3,0.002,0.0025,0.002,0.002,2.1,2026-06-23T10:41:00,0.002,2.1
ip_shuffle,20260623T104100_280691,of:0000000000000008:1 -> of:000000000000000b:6,0.002,0.0025,0.002,0.002,1.76,2026-06-23T10:41:00,0.002,1.76
ip_shuffle,20260623T104100_280691,of:0000000000000004:2 -> of:0000000000000009:2,0.002,0.0025,0.002,0.002,2.06,2026-06-23T10:41:00,0.002,2.06
ip_shuffle,20260623T104100_280691,of:0000000000000002:1 -> of:000000000000000b:4,0.002,0.0025,0.002,0.002,1.66,2026-06-23T10:41:00,0.002,1.76
ip_shuffle,20260623T104100_280691,of:0000000000000009:1 -> of:000000000000000c:6,0.002,0.0025,0.002,0.002,1.76,2026-06-23T10:41:00,0.002,1.76
ip_shuffle,20260623T104157_937698,of:0000000000000004:1 -> of:000000000000000c:4,0.002,0.0025,0.002,0.002,2.56,2026-06-23T10:41:57,0.002,2.53
ip_shuffle,20260623T104157_937698,of:0000000000000005:1 -> of:000000000000000c:5,0.002,0.0025,0.002,0.002,2.56,2026-06-23T10:41:57,0.002,2.53
ip_shuffle,20260623T104157_937698,of:000000000000000a:1 -> of:000000000000000d:6,0.002,0.0025,0.002,0.002,1.73,2026-06-23T10:41:57,0.002,1.76
ip_shuffle,20260623T104157_937698,of:000000000000000b:3 -> of:000000000000000d:2,0.002,0.0025,0.002,0.002,2.23,2026-06-23T10:41:57,0.002,2.23
ip_shuffle,20260623T104157_937698,of:000000000000000c:3 -> of:000000000000000d:3,0.002,0.0025,0.002,0.002,2.23,2026-06-23T10:41:57,0.002,2.23
ip_shuffle,20260623T104157_937698,of:0000000000000005:2 -> of:0000000000000009:3,0.002,0.0025,0.002,0.002,2.23,2026-06-23T10:41:57,0.002,2.23
ip_shuffle,20260623T104157_937698,of:0000000000000001:1 -> of:000000000000000b:1,0.002,0.0025,0.002,0.002,1.93,2026-06-23T10:41:57,0.002,2.1
ip_shuffle,20260623T104157_937698,of:000000000000000b:2 -> of:000000000000000c:2,0.002,0.0025,0.002,0.002,2.26,2026-06-23T10:41:57,0.002,2.26
ip_shuffle,20260623T104157_937698,of:0000000000000001:2 -> of:000000000000000c:1,0.003,0.00375,0.003,0.003,3.4,2026-06-23T10:41:57,0.003,3.4
ip_shuffle,20260623T104157_937698,of:0000000000000006:2 -> of:000000000000000a:2,0.002,0.0025,0.002,0.002,2.23,2026-06-23T10:41:57,0.002,2.23
ip_shuffle,20260623T104157_937698,of:0000000000000001:3 -> of:000000000000000d:1,0.002,0.0025,0.002,0.002,2.86,2026-06-23T10:41:57,0.002,2.66
ip_shuffle,20260623T104157_937698,of:0000000000000003:1 -> of:000000000000000b:5,0.002,0.0025,0.002,0.002,2.1,2026-06-23T10:41:57,0.002,1.93
ip_shuffle,20260623T104157_937698,of:0000000000000006:1 -> of:000000000000000d:4,0.002,0.0025,0.002,0.002,2.6,2026-06-23T10:41:57,0.002,2.83
ip_shuffle,20260623T104157_937698,of:0000000000000007:2 -> of:000000000000000a:3,0.002,0.0025,0.002,0.002,2.26,2026-06-23T10:41:57,0.002,2.26
ip_shuffle,20260623T104157_937698,of:0000000000000007:1 -> of:000000000000000d:5,0.002,0.0025,0.002,0.002,1.73,2026-06-23T10:41:57,0.002,1.76
ip_shuffle,20260623T104157_937698,of:0000000000000002:2 -> of:0000000000000008:2,0.002,0.0025,0.002,0.002,2.26,2026-06-23T10:41:57,0.002,2.26
ip_shuffle,20260623T104157_937698,of:0000000000000003:2 -> of:0000000000000008:3,0.002,0.0025,0.002,0.002,2.26,2026-06-23T10:41:57,0.002,2.26
ip_shuffle,20260623T104157_937698,of:0000000000000008:1 -> of:000000000000000b:6,0.002,0.0025,0.002,0.002,1.8,2026-06-23T10:41:57,0.002,1.8
ip_shuffle,20260623T104157_937698,of:0000000000000004:2 -> of:0000000000000009:2,0.002,0.0025,0.002,0.002,2.23,2026-06-23T10:41:57,0.002,2.23
ip_shuffle,20260623T104157_937698,of:0000000000000002:1 -> of:000000000000000b:4,0.002,0.0025,0.002,0.002,1.8,2026-06-23T10:41:57,0.002,1.8
ip_shuffle,20260623T104157_937698,of:0000000000000009:1 -> of:000000000000000c:6,0.002,0.0025,0.002,0.002,1.8,2026-06-23T10:41:57,0.002,1.8
route_mutation,20260623T104302_048821,of:0000000000000004:1 -> of:000000000000000c:4,0.001,0.00125,0.001,0.001,1.37,2026-06-23T10:43:02,0.001,1.37
route_mutation,20260623T104302_048821,of:0000000000000005:1 -> of:000000000000000c:5,0.001,0.00125,0.001,0.001,1.37,2026-06-23T10:43:02,0.001,1.37
route_mutation,20260623T104302_048821,of:000000000000000a:1 -> of:000000000000000d:6,0.001,0.00125,0.001,0.001,1.37,2026-06-23T10:43:02,0.001,1.37
route_mutation,20260623T104302_048821,of:000000000000000b:3 -> of:000000000000000d:2,0.001,0.00125,0.001,0.001,1.47,2026-06-23T10:43:02,0.001,1.47
route_mutation,20260623T104302_048821,of:000000000000000c:3 -> of:000000000000000d:3,0.001,0.00125,0.001,0.001,1.47,2026-06-23T10:43:02,0.001,1.47
route_mutation,20260623T104302_048821,of:0000000000000005:2 -> of:0000000000000009:3,0.001,0.00125,0.001,0.001,1.47,2026-06-23T10:43:02,0.001,1.47
route_mutation,20260623T104302_048821,of:0000000000000001:1 -> of:000000000000000b:1,0.002,0.0025,0.002,0.002,2.06,2026-06-23T10:43:02,0.002,2.06
route_mutation,20260623T104302_048821,of:000000000000000b:2 -> of:000000000000000c:2,0.001,0.00125,0.001,0.001,1.4,2026-06-23T10:43:02,0.001,1.4
route_mutation,20260623T104302_048821,of:0000000000000001:2 -> of:000000000000000c:1,0.001,0.00125,0.001,0.001,1.3,2026-06-23T10:43:02,0.001,1.3
route_mutation,20260623T104302_048821,of:0000000000000006:2 -> of:000000000000000a:2,0.001,0.00125,0.001,0.001,1.47,2026-06-23T10:43:02,0.001,1.47
route_mutation,20260623T104302_048821,of:0000000000000001:3 -> of:000000000000000d:1,0.002,0.0025,0.002,0.002,1.47,2026-06-23T10:43:02,0.002,1.47
route_mutation,20260623T104302_048821,of:0000000000000003:1 -> of:000000000000000b:5,0.001,0.00125,0.001,0.001,1.3,2026-06-23T10:43:02,0.001,1.3
route_mutation,20260623T104302_048821,of:0000000000000006:1 -> of:000000000000000d:4,0.002,0.0025,0.002,0.002,1.43,2026-06-23T10:43:02,0.002,1.43
route_mutation,20260623T104302_048821,of:0000000000000007:2 -> of:000000000000000a:3,0.001,0.00125,0.001,0.001,1.47,2026-06-23T10:43:02,0.001,1.47
route_mutation,20260623T104302_048821,of:0000000000000007:1 -> of:000000000000000d:5,0.002,0.0025,0.002,0.002,1.73,2026-06-23T10:43:02,0.002,1.73
route_mutation,20260623T104302_048821,of:0000000000000002:2 -> of:0000000000000008:2,0.001,0.00125,0.001,0.001,1.4,2026-06-23T10:43:02,0.001,1.4
route_mutation,20260623T104302_048821,of:0000000000000003:2 -> of:0000000000000008:3,0.001,0.00125,0.001,0.001,1.4,2026-06-23T10:43:02,0.001,1.4
route_mutation,20260623T104302_048821,of:0000000000000008:1 -> of:000000000000000b:6,0.001,0.00125,0.001,0.001,1.3,2026-06-23T10:43:02,0.001,1.3
route_mutation,20260623T104302_048821,of:0000000000000004:2 -> of:0000000000000009:2,0.001,0.00125,0.001,0.001,1.47,2026-06-23T10:43:02,0.001,1.47
route_mutation,20260623T104302_048821,of:0000000000000002:1 -> of:000000000000000b:4,0.002,0.0025,0.002,0.002,2.06,2026-06-23T10:43:02,0.002,2.06
route_mutation,20260623T104302_048821,of:0000000000000009:1 -> of:000000000000000c:6,0.001,0.00125,0.001,0.001,1.3,2026-06-23T10:43:02,0.001,1.3
ip_shuffle,20260623T104332_400532,of:0000000000000004:1 -> of:000000000000000c:4,0.002,0.0025,0.002,0.002,2.4,2026-06-23T10:43:32,0.002,2.26
ip_shuffle,20260623T104332_400532,of:0000000000000005:1 -> of:000000000000000c:5,0.002,0.0025,0.002,0.002,2.4,2026-06-23T10:43:32,0.002,2.26
ip_shuffle,20260623T104332_400532,of:000000000000000a:1 -> of:000000000000000d:6,0.001,0.00125,0.001,0.001,1.46,2026-06-23T10:43:32,0.001,1.5
ip_shuffle,20260623T104332_400532,of:000000000000000b:3 -> of:000000000000000d:2,0.002,0.0025,0.002,0.002,1.7,2026-06-23T10:43:32,0.002,1.7
ip_shuffle,20260623T104332_400532,of:000000000000000c:3 -> of:000000000000000d:3,0.002,0.0025,0.002,0.002,1.7,2026-06-23T10:43:32,0.002,1.7
ip_shuffle,20260623T104332_400532,of:0000000000000005:2 -> of:0000000000000009:3,0.002,0.0025,0.002,0.002,1.8,2026-06-23T10:43:32,0.002,1.8
ip_shuffle,20260623T104332_400532,of:0000000000000001:1 -> of:000000000000000b:1,0.003,0.00375,0.003,0.003,2.83,2026-06-23T10:43:32,0.003,2.93
ip_shuffle,20260623T104332_400532,of:000000000000000b:2 -> of:000000000000000c:2,0.002,0.0025,0.002,0.002,1.73,2026-06-23T10:43:32,0.002,1.73
ip_shuffle,20260623T104332_400532,of:0000000000000001:2 -> of:000000000000000c:1,0.003,0.00375,0.003,0.003,3.13,2026-06-23T10:43:32,0.003,3.23
ip_shuffle,20260623T104332_400532,of:0000000000000006:2 -> of:000000000000000a:2,0.002,0.0025,0.002,0.002,1.8,2026-06-23T10:43:32,0.002,1.8
ip_shuffle,20260623T104332_400532,of:0000000000000001:3 -> of:000000000000000d:1,0.002,0.0025,0.002,0.002,1.8,2026-06-23T10:43:32,0.002,1.73
ip_shuffle,20260623T104332_400532,of:0000000000000003:1 -> of:000000000000000b:5,0.002,0.0025,0.002,0.002,2.66,2026-06-23T10:43:32,0.002,2.56
ip_shuffle,20260623T104332_400532,of:0000000000000006:1 -> of:000000000000000d:4,0.002,0.0025,0.002,0.002,1.73,2026-06-23T10:43:32,0.002,1.86
ip_shuffle,20260623T104332_400532,of:0000000000000007:2 -> of:000000000000000a:3,0.002,0.0025,0.002,0.002,1.73,2026-06-23T10:43:32,0.002,1.73
ip_shuffle,20260623T104332_400532,of:0000000000000007:1 -> of:000000000000000d:5,0.001,0.00125,0.001,0.001,1.46,2026-06-23T10:43:32,0.001,1.5
ip_shuffle,20260623T104332_400532,of:0000000000000002:2 -> of:0000000000000008:2,0.002,0.0025,0.002,0.002,1.83,2026-06-23T10:43:32,0.002,1.83
ip_shuffle,20260623T104332_400532,of:0000000000000003:2 -> of:0000000000000008:3,0.002,0.0025,0.002,0.002,1.83,2026-06-23T10:43:32,0.002,1.83
ip_shuffle,20260623T104332_400532,of:0000000000000008:1 -> of:000000000000000b:6,0.002,0.0025,0.002,0.002,1.53,2026-06-23T10:43:32,0.002,1.53
ip_shuffle,20260623T104332_400532,of:0000000000000004:2 -> of:0000000000000009:2,0.002,0.0025,0.002,0.002,1.8,2026-06-23T10:43:32,0.002,1.8
ip_shuffle,20260623T104332_400532,of:0000000000000002:1 -> of:000000000000000b:4,0.002,0.0025,0.002,0.002,1.9,2026-06-23T10:43:32,0.002,1.8
ip_shuffle,20260623T104332_400532,of:0000000000000009:1 -> of:000000000000000c:6,0.002,0.0025,0.002,0.002,1.53,2026-06-23T10:43:32,0.002,1.53
route_mutation,20260623T104430_109793,of:0000000000000004:1 -> of:000000000000000c:4,0.002,0.0025,0.002,0.002,1.53,2026-06-23T10:44:30,0.002,1.6
route_mutation,20260623T104430_109793,of:0000000000000005:1 -> of:000000000000000c:5,0.002,0.0025,0.002,0.001,1.5,2026-06-23T10:44:30,0.002,1.6
route_mutation,20260623T104430_109793,of:000000000000000a:1 -> of:000000000000000d:6,0.002,0.0025,0.002,0.002,1.6,2026-06-23T10:44:30,0.002,1.6
route_mutation,20260623T104430_109793,of:000000000000000b:3 -> of:000000000000000d:2,0.002,0.0025,0.002,0.002,1.93,2026-06-23T10:44:30,0.002,1.93
route_mutation,20260623T104430_109793,of:000000000000000c:3 -> of:000000000000000d:3,0.002,0.0025,0.002,0.002,1.96,2026-06-23T10:44:30,0.002,1.96
route_mutation,20260623T104430_109793,of:0000000000000005:2 -> of:0000000000000009:3,0.002,0.0025,0.002,0.002,1.86,2026-06-23T10:44:30,0.002,1.86
route_mutation,20260623T104430_109793,of:0000000000000001:1 -> of:000000000000000b:1,0.001,0.00125,0.001,0.001,1.53,2026-06-23T10:44:30,0.001,1.43
route_mutation,20260623T104430_109793,of:000000000000000b:2 -> of:000000000000000c:2,0.002,0.0025,0.002,0.002,1.9,2026-06-23T10:44:30,0.002,1.9
route_mutation,20260623T104430_109793,of:0000000000000001:2 -> of:000000000000000c:1,0.001,0.00125,0.001,0.001,1.53,2026-06-23T10:44:30,0.001,1.43
route_mutation,20260623T104430_109793,of:0000000000000006:2 -> of:000000000000000a:2,0.002,0.0025,0.002,0.002,1.8,2026-06-23T10:44:30,0.002,1.8
route_mutation,20260623T104430_109793,of:0000000000000001:3 -> of:000000000000000d:1,0.002,0.0025,0.002,0.002,2.23,2026-06-23T10:44:30,0.002,2.33
route_mutation,20260623T104430_109793,of:0000000000000003:1 -> of:000000000000000b:5,0.002,0.0025,0.002,0.001,1.5,2026-06-23T10:44:30,0.002,1.6
route_mutation,20260623T104430_109793,of:0000000000000006:1 -> of:000000000000000d:4,0.002,0.0025,0.002,0.002,1.53,2026-06-23T10:44:30,0.002,1.66
route_mutation,20260623T104430_109793,of:0000000000000007:2 -> of:000000000000000a:3,0.002,0.0025,0.002,0.002,1.93,2026-06-23T10:44:30,0.002,1.93
route_mutation,20260623T104430_109793,of:0000000000000007:1 -> of:000000000000000d:5,0.002,0.0025,0.002,0.002,2.56,2026-06-23T10:44:30,0.002,2.63
route_mutation,20260623T104430_109793,of:0000000000000002:2 -> of:0000000000000008:2,0.002,0.0025,0.002,0.002,1.86,2026-06-23T10:44:30,0.002,1.86
route_mutation,20260623T104430_109793,of:0000000000000003:2 -> of:0000000000000008:3,0.002,0.0025,0.002,0.002,1.86,2026-06-23T10:44:30,0.002,1.86
route_mutation,20260623T104430_109793,of:0000000000000008:1 -> of:000000000000000b:6,0.001,0.00125,0.001,0.001,1.6,2026-06-23T10:44:30,0.001,1.56
route_mutation,20260623T104430_109793,of:0000000000000004:2 -> of:0000000000000009:2,0.002,0.0025,0.002,0.002,1.86,2026-06-23T10:44:30,0.002,1.86
route_mutation,20260623T104430_109793,of:0000000000000002:1 -> of:000000000000000b:4,0.002,0.0025,0.002,0.001,1.5,2026-06-23T10:44:30,0.002,1.6
route_mutation,20260623T104430_109793,of:0000000000000009:1 -> of:000000000000000c:6,0.001,0.00125,0.001,0.001,1.56,2026-06-23T10:44:30,0.001,1.53
ip_shuffle,20260623T104500_421156,of:0000000000000004:1 -> of:000000000000000c:4,0.001,0.00125,0.001,0.001,1.37,2026-06-23T10:45:00,0.001,1.37
ip_shuffle,20260623T104500_421156,of:0000000000000005:1 -> of:000000000000000c:5,0.001,0.00125,0.001,0.001,1.37,2026-06-23T10:45:00,0.001,1.37
ip_shuffle,20260623T104500_421156,of:000000000000000a:1 -> of:000000000000000d:6,0.001,0.00125,0.001,0.001,1.37,2026-06-23T10:45:00,0.001,1.37
ip_shuffle,20260623T104500_421156,of:000000000000000b:3 -> of:000000000000000d:2,0.001,0.00125,0.001,0.001,1.47,2026-06-23T10:45:00,0.001,1.47
ip_shuffle,20260623T104500_421156,of:000000000000000c:3 -> of:000000000000000d:3,0.001,0.00125,0.001,0.001,1.47,2026-06-23T10:45:00,0.001,1.47
ip_shuffle,20260623T104500_421156,of:0000000000000005:2 -> of:0000000000000009:3,0.001,0.00125,0.001,0.001,1.47,2026-06-23T10:45:00,0.001,1.47
ip_shuffle,20260623T104500_421156,of:0000000000000001:1 -> of:000000000000000b:1,0.002,0.0025,0.002,0.002,2.7,2026-06-23T10:45:00,0.002,2.7
ip_shuffle,20260623T104500_421156,of:000000000000000b:2 -> of:000000000000000c:2,0.002,0.0025,0.002,0.002,1.53,2026-06-23T10:45:00,0.002,1.53
ip_shuffle,20260623T104500_421156,of:0000000000000001:2 -> of:000000000000000c:1,0.002,0.0025,0.002,0.002,1.43,2026-06-23T10:45:00,0.002,1.43
ip_shuffle,20260623T104500_421156,of:0000000000000006:2 -> of:000000000000000a:2,0.001,0.00125,0.001,0.001,1.47,2026-06-23T10:45:00,0.001,1.47
ip_shuffle,20260623T104500_421156,of:0000000000000001:3 -> of:000000000000000d:1,0.001,0.00125,0.001,0.001,1.37,2026-06-23T10:45:00,0.001,1.37
ip_shuffle,20260623T104500_421156,of:0000000000000003:1 -> of:000000000000000b:5,0.002,0.0025,0.002,0.002,1.63,2026-06-23T10:45:00,0.002,1.63
ip_shuffle,20260623T104500_421156,of:0000000000000006:1 -> of:000000000000000d:4,0.001,0.00125,0.001,0.001,1.3,2026-06-23T10:45:00,0.001,1.3
ip_shuffle,20260623T104500_421156,of:0000000000000007:2 -> of:000000000000000a:3,0.002,0.0025,0.002,0.002,1.6,2026-06-23T10:45:00,0.002,1.6
ip_shuffle,20260623T104500_421156,of:0000000000000007:1 -> of:000000000000000d:5,0.002,0.0025,0.002,0.002,1.43,2026-06-23T10:45:00,0.002,1.43
ip_shuffle,20260623T104500_421156,of:0000000000000002:2 -> of:0000000000000008:2,0.001,0.00125,0.001,0.001,1.47,2026-06-23T10:45:00,0.001,1.47
ip_shuffle,20260623T104500_421156,of:0000000000000003:2 -> of:0000000000000008:3,0.001,0.00125,0.001,0.001,1.47,2026-06-23T10:45:00,0.001,1.47
ip_shuffle,20260623T104500_421156,of:0000000000000008:1 -> of:000000000000000b:6,0.002,0.0025,0.002,0.002,1.43,2026-06-23T10:45:00,0.002,1.43
ip_shuffle,20260623T104500_421156,of:0000000000000004:2 -> of:0000000000000009:2,0.001,0.00125,0.001,0.001,1.47,2026-06-23T10:45:00,0.001,1.47
ip_shuffle,20260623T104500_421156,of:0000000000000002:1 -> of:000000000000000b:4,0.002,0.0025,0.002,0.002,2.36,2026-06-23T10:45:00,0.002,2.36
ip_shuffle,20260623T104500_421156,of:0000000000000009:1 -> of:000000000000000c:6,0.002,0.0025,0.002,0.002,1.43,2026-06-23T10:45:00,0.002,1.43
ip_shuffle,20260623T104557_967744,of:0000000000000004:1 -> of:000000000000000c:4,0.002,0.0025,0.002,0.002,2.0,2026-06-23T10:45:57,0.002,2.06
ip_shuffle,20260623T104557_967744,of:0000000000000005:1 -> of:000000000000000c:5,0.002,0.0025,0.002,0.002,2.0,2026-06-23T10:45:57,0.002,2.06
ip_shuffle,20260623T104557_967744,of:000000000000000a:1 -> of:000000000000000d:6,0.002,0.0025,0.002,0.002,2.03,2026-06-23T10:45:57,0.002,2.0
ip_shuffle,20260623T104557_967744,of:000000000000000b:3 -> of:000000000000000d:2,0.002,0.0025,0.002,0.002,2.76,2026-06-23T10:45:57,0.002,2.76
ip_shuffle,20260623T104557_967744,of:000000000000000c:3 -> of:000000000000000d:3,0.002,0.0025,0.002,0.002,2.8,2026-06-23T10:45:57,0.002,2.8
ip_shuffle,20260623T104557_967744,of:0000000000000005:2 -> of:0000000000000009:3,0.002,0.0025,0.002,0.002,2.7,2026-06-23T10:45:57,0.002,2.7
ip_shuffle,20260623T104557_967744,of:0000000000000001:1 -> of:000000000000000b:1,0.002,0.0025,0.002,0.002,1.96,2026-06-23T10:45:57,0.002,1.9
ip_shuffle,20260623T104557_967744,of:000000000000000b:2 -> of:000000000000000c:2,0.002,0.0025,0.002,0.002,2.76,2026-06-23T10:45:57,0.002,2.76
ip_shuffle,20260623T104557_967744,of:0000000000000001:2 -> of:000000000000000c:1,0.002,0.0025,0.002,0.002,2.0,2026-06-23T10:45:57,0.002,1.96
ip_shuffle,20260623T104557_967744,of:0000000000000006:2 -> of:000000000000000a:2,0.002,0.0025,0.002,0.002,2.7,2026-06-23T10:45:57,0.002,2.7
ip_shuffle,20260623T104557_967744,of:0000000000000001:3 -> of:000000000000000d:1,0.003,0.00375,0.003,0.003,3.93,2026-06-23T10:45:57,0.003,4.03
ip_shuffle,20260623T104557_967744,of:0000000000000003:1 -> of:000000000000000b:5,0.002,0.0025,0.002,0.002,1.93,2026-06-23T10:45:57,0.002,2.03
ip_shuffle,20260623T104557_967744,of:0000000000000006:1 -> of:000000000000000d:4,0.002,0.0025,0.002,0.002,2.73,2026-06-23T10:45:57,0.002,2.63
ip_shuffle,20260623T104557_967744,of:0000000000000007:2 -> of:000000000000000a:3,0.002,0.0025,0.002,0.002,2.7,2026-06-23T10:45:57,0.002,2.7
ip_shuffle,20260623T104557_967744,of:0000000000000007:1 -> of:000000000000000d:5,0.003,0.00375,0.003,0.003,3.3,2026-06-23T10:45:57,0.003,3.36
ip_shuffle,20260623T104557_967744,of:0000000000000002:2 -> of:0000000000000008:2,0.002,0.0025,0.002,0.002,2.73,2026-06-23T10:45:57,0.002,2.73
ip_shuffle,20260623T104557_967744,of:0000000000000003:2 -> of:0000000000000008:3,0.002,0.0025,0.002,0.002,2.73,2026-06-23T10:45:57,0.002,2.73
ip_shuffle,20260623T104557_967744,of:0000000000000008:1 -> of:000000000000000b:6,0.002,0.0025,0.002,0.002,1.96,2026-06-23T10:45:57,0.002,1.96
ip_shuffle,20260623T104557_967744,of:0000000000000004:2 -> of:0000000000000009:2,0.002,0.0025,0.002,0.002,2.7,2026-06-23T10:45:57,0.002,2.7
ip_shuffle,20260623T104557_967744,of:0000000000000002:1 -> of:000000000000000b:4,0.002,0.0025,0.002,0.002,1.93,2026-06-23T10:45:57,0.002,2.03
ip_shuffle,20260623T104557_967744,of:0000000000000009:1 -> of:000000000000000c:6,0.002,0.0025,0.002,0.002,2.03,2026-06-23T10:45:57,0.002,2.0
ip_shuffle,20260623T104655_667375,of:0000000000000004:1 -> of:000000000000000c:4,0.002,0.0025,0.002,0.002,2.36,2026-06-23T10:46:55,0.002,2.23
ip_shuffle,20260623T104655_667375,of:0000000000000005:1 -> of:000000000000000c:5,0.002,0.0025,0.002,0.002,2.33,2026-06-23T10:46:55,0.002,2.2
ip_shuffle,20260623T104655_667375,of:000000000000000a:1 -> of:000000000000000d:6,0.002,0.0025,0.002,0.002,1.43,2026-06-23T10:46:55,0.002,1.43
ip_shuffle,20260623T104655_667375,of:000000000000000b:3 -> of:000000000000000d:2,0.002,0.0025,0.002,0.002,1.53,2026-06-23T10:46:55,0.002,1.53
ip_shuffle,20260623T104655_667375,of:000000000000000c:3 -> of:000000000000000d:3,0.002,0.0025,0.002,0.002,1.53,2026-06-23T10:46:55,0.002,1.53
ip_shuffle,20260623T104655_667375,of:0000000000000005:2 -> of:0000000000000009:3,0.002,0.0025,0.002,0.002,1.67,2026-06-23T10:46:55,0.002,1.67
ip_shuffle,20260623T104655_667375,of:0000000000000001:1 -> of:000000000000000b:1,0.003,0.00375,0.003,0.003,3.16,2026-06-23T10:46:55,0.003,3.33
ip_shuffle,20260623T104655_667375,of:000000000000000b:2 -> of:000000000000000c:2,0.002,0.0025,0.002,0.002,1.53,2026-06-23T10:46:55,0.002,1.53
ip_shuffle,20260623T104655_667375,of:0000000000000001:2 -> of:000000000000000c:1,0.003,0.00375,0.003,0.003,3.0,2026-06-23T10:46:55,0.003,3.1
ip_shuffle,20260623T104655_667375,of:0000000000000006:2 -> of:000000000000000a:2,0.002,0.0025,0.002,0.002,1.67,2026-06-23T10:46:55,0.002,1.67
ip_shuffle,20260623T104655_667375,of:0000000000000001:3 -> of:000000000000000d:1,0.002,0.0025,0.002,0.002,1.6,2026-06-23T10:46:55,0.002,1.5
ip_shuffle,20260623T104655_667375,of:0000000000000003:1 -> of:000000000000000b:5,0.002,0.0025,0.002,0.002,2.56,2026-06-23T10:46:55,0.002,2.46
ip_shuffle,20260623T104655_667375,of:0000000000000006:1 -> of:000000000000000d:4,0.002,0.0025,0.002,0.002,1.53,2026-06-23T10:46:55,0.002,1.67
ip_shuffle,20260623T104655_667375,of:0000000000000007:2 -> of:000000000000000a:3,0.002,0.0025,0.002,0.002,1.6,2026-06-23T10:46:55,0.002,1.6
ip_shuffle,20260623T104655_667375,of:0000000000000007:1 -> of:000000000000000d:5,0.001,0.00125,0.001,0.001,1.5,2026-06-23T10:46:55,0.001,1.37
ip_shuffle,20260623T104655_667375,of:0000000000000002:2 -> of:0000000000000008:2,0.002,0.0025,0.002,0.002,1.63,2026-06-23T10:46:55,0.002,1.63
ip_shuffle,20260623T104655_667375,of:0000000000000003:2 -> of:0000000000000008:3,0.002,0.0025,0.002,0.002,1.63,2026-06-23T10:46:55,0.002,1.63
ip_shuffle,20260623T104655_667375,of:0000000000000008:1 -> of:000000000000000b:6,0.002,0.0025,0.002,0.002,1.43,2026-06-23T10:46:55,0.002,1.43
ip_shuffle,20260623T104655_667375,of:0000000000000004:2 -> of:0000000000000009:2,0.002,0.0025,0.002,0.002,1.67,2026-06-23T10:46:55,0.002,1.67
ip_shuffle,20260623T104655_667375,of:0000000000000002:1 -> of:000000000000000b:4,0.002,0.0025,0.002,0.002,2.23,2026-06-23T10:46:55,0.002,2.06
ip_shuffle,20260623T104655_667375,of:0000000000000009:1 -> of:000000000000000c:6,0.002,0.0025,0.002,0.002,1.43,2026-06-23T10:46:55,0.002,1.43
ip_shuffle,20260623T104753_539605,of:0000000000000004:1 -> of:000000000000000c:4,0.001,0.00125,0.001,0.001,1.23,2026-06-23T10:47:53,0.001,1.27
ip_shuffle,20260623T104753_539605,of:0000000000000005:1 -> of:000000000000000c:5,0.001,0.00125,0.001,0.001,1.23,2026-06-23T10:47:53,0.001,1.27
ip_shuffle,20260623T104753_539605,of:000000000000000a:1 -> of:000000000000000d:6,0.001,0.00125,0.001,0.001,1.33,2026-06-23T10:47:53,0.001,1.33
ip_shuffle,20260623T104753_539605,of:000000000000000b:3 -> of:000000000000000d:2,0.001,0.00125,0.001,0.001,1.4,2026-06-23T10:47:53,0.001,1.4
ip_shuffle,20260623T104753_539605,of:000000000000000c:3 -> of:000000000000000d:3,0.001,0.00125,0.001,0.001,1.33,2026-06-23T10:47:53,0.001,1.33
ip_shuffle,20260623T104753_539605,of:0000000000000005:2 -> of:0000000000000009:3,0.001,0.00125,0.001,0.001,1.37,2026-06-23T10:47:53,0.001,1.37
ip_shuffle,20260623T104753_539605,of:0000000000000001:1 -> of:000000000000000b:1,0.002,0.0025,0.002,0.002,1.43,2026-06-23T10:47:53,0.002,1.37
ip_shuffle,20260623T104753_539605,of:000000000000000b:2 -> of:000000000000000c:2,0.001,0.00125,0.001,0.001,1.4,2026-06-23T10:47:53,0.001,1.4
ip_shuffle,20260623T104753_539605,of:0000000000000001:2 -> of:000000000000000c:1,0.001,0.00125,0.001,0.001,1.33,2026-06-23T10:47:53,0.001,1.3
ip_shuffle,20260623T104753_539605,of:0000000000000006:2 -> of:000000000000000a:2,0.001,0.00125,0.001,0.001,1.4,2026-06-23T10:47:53,0.001,1.4
ip_shuffle,20260623T104753_539605,of:0000000000000001:3 -> of:000000000000000d:1,0.002,0.0025,0.002,0.001,1.43,2026-06-23T10:47:53,0.002,1.6
ip_shuffle,20260623T104753_539605,of:0000000000000003:1 -> of:000000000000000b:5,0.001,0.00125,0.001,0.001,1.3,2026-06-23T10:47:53,0.001,1.33
ip_shuffle,20260623T104753_539605,of:0000000000000006:1 -> of:000000000000000d:4,0.001,0.00125,0.001,0.001,1.27,2026-06-23T10:47:53,0.001,1.27
ip_shuffle,20260623T104753_539605,of:0000000000000007:2 -> of:000000000000000a:3,0.002,0.0025,0.002,0.002,1.47,2026-06-23T10:47:53,0.002,1.47
ip_shuffle,20260623T104753_539605,of:0000000000000007:1 -> of:000000000000000d:5,0.002,0.0025,0.002,0.002,1.63,2026-06-23T10:47:53,0.001,1.43
ip_shuffle,20260623T104753_539605,of:0000000000000002:2 -> of:0000000000000008:2,0.001,0.00125,0.001,0.001,1.4,2026-06-23T10:47:53,0.001,1.4
ip_shuffle,20260623T104753_539605,of:0000000000000003:2 -> of:0000000000000008:3,0.001,0.00125,0.001,0.001,1.4,2026-06-23T10:47:53,0.001,1.4
ip_shuffle,20260623T104753_539605,of:0000000000000008:1 -> of:000000000000000b:6,0.002,0.0025,0.002,0.002,1.43,2026-06-23T10:47:53,0.002,1.4
ip_shuffle,20260623T104753_539605,of:0000000000000004:2 -> of:0000000000000009:2,0.001,0.00125,0.001,0.001,1.37,2026-06-23T10:47:53,0.001,1.37
ip_shuffle,20260623T104753_539605,of:0000000000000002:1 -> of:000000000000000b:4,0.001,0.00125,0.001,0.001,1.3,2026-06-23T10:47:53,0.001,1.37
ip_shuffle,20260623T104753_539605,of:0000000000000009:1 -> of:000000000000000c:6,0.001,0.00125,0.001,0.001,1.33,2026-06-23T10:47:53,0.001,1.33
route_mutation,20260623T104857_713582,of:0000000000000004:1 -> of:000000000000000c:4,0.002,0.0025,0.002,0.002,2.13,2026-06-23T10:48:57,0.002,2.03
route_mutation,20260623T104857_713582,of:0000000000000005:1 -> of:000000000000000c:5,0.002,0.0025,0.002,0.002,2.6,2026-06-23T10:48:57,0.002,2.53
route_mutation,20260623T104857_713582,of:000000000000000a:1 -> of:000000000000000d:6,0.002,0.0025,0.002,0.002,1.96,2026-06-23T10:48:57,0.002,1.96
route_mutation,20260623T104857_713582,of:000000000000000b:3 -> of:000000000000000d:2,0.002,0.0025,0.002,0.002,2.66,2026-06-23T10:48:57,0.002,2.66
route_mutation,20260623T104857_713582,of:000000000000000c:3 -> of:000000000000000d:3,0.002,0.0025,0.002,0.002,2.73,2026-06-23T10:48:57,0.002,2.73
route_mutation,20260623T104857_713582,of:0000000000000005:2 -> of:0000000000000009:3,0.002,0.0025,0.002,0.002,2.76,2026-06-23T10:48:57,0.002,2.76
route_mutation,20260623T104857_713582,of:0000000000000001:1 -> of:000000000000000b:1,0.002,0.0025,0.002,0.002,1.96,2026-06-23T10:48:57,0.002,2.03
route_mutation,20260623T104857_713582,of:000000000000000b:2 -> of:000000000000000c:2,0.002,0.0025,0.002,0.002,2.66,2026-06-23T10:48:57,0.002,2.66
route_mutation,20260623T104857_713582,of:0000000000000001:2 -> of:000000000000000c:1,0.002,0.0025,0.002,0.002,2.56,2026-06-23T10:48:57,0.002,2.63
route_mutation,20260623T104857_713582,of:0000000000000006:2 -> of:000000000000000a:2,0.002,0.0025,0.002,0.002,2.76,2026-06-23T10:48:57,0.002,2.76
route_mutation,20260623T104857_713582,of:0000000000000001:3 -> of:000000000000000d:1,0.003,0.00375,0.003,0.003,4.06,2026-06-23T10:48:57,0.003,4.03
route_mutation,20260623T104857_713582,of:0000000000000003:1 -> of:000000000000000b:5,0.002,0.0025,0.002,0.002,2.03,2026-06-23T10:48:57,0.002,1.96
route_mutation,20260623T104857_713582,of:0000000000000006:1 -> of:000000000000000d:4,0.003,0.00375,0.003,0.003,3.36,2026-06-23T10:48:57,0.003,3.26
route_mutation,20260623T104857_713582,of:0000000000000007:2 -> of:000000000000000a:3,0.002,0.0025,0.002,0.002,2.76,2026-06-23T10:48:57,0.002,2.76
route_mutation,20260623T104857_713582,of:0000000000000007:1 -> of:000000000000000d:5,0.002,0.0025,0.002,0.002,2.83,2026-06-23T10:48:57,0.002,2.9
route_mutation,20260623T104857_713582,of:0000000000000002:2 -> of:0000000000000008:2,0.002,0.0025,0.002,0.002,2.9,2026-06-23T10:48:57,0.002,2.9
route_mutation,20260623T104857_713582,of:0000000000000003:2 -> of:0000000000000008:3,0.002,0.0025,0.002,0.002,2.9,2026-06-23T10:48:57,0.002,2.9
route_mutation,20260623T104857_713582,of:0000000000000008:1 -> of:000000000000000b:6,0.002,0.0025,0.002,0.002,2.06,2026-06-23T10:48:57,0.002,1.96
route_mutation,20260623T104857_713582,of:0000000000000004:2 -> of:0000000000000009:2,0.002,0.0025,0.002,0.002,2.76,2026-06-23T10:48:57,0.002,2.76
route_mutation,20260623T104857_713582,of:0000000000000002:1 -> of:000000000000000b:4,0.002,0.0025,0.002,0.002,2.03,2026-06-23T10:48:57,0.002,1.96
route_mutation,20260623T104857_713582,of:0000000000000009:1 -> of:000000000000000c:6,0.002,0.0025,0.002,0.002,1.96,2026-06-23T10:48:57,0.002,1.96
ip_shuffle,20260623T104928_001955,of:0000000000000004:1 -> of:000000000000000c:4,0.001,0.00125,0.001,0.001,1.3,2026-06-23T10:49:28,0.001,1.4
ip_shuffle,20260623T104928_001955,of:0000000000000005:1 -> of:000000000000000c:5,0.001,0.00125,0.001,0.001,1.3,2026-06-23T10:49:28,0.001,1.4
ip_shuffle,20260623T104928_001955,of:000000000000000a:1 -> of:000000000000000d:6,0.001,0.00125,0.001,0.001,1.47,2026-06-23T10:49:28,0.001,1.47
ip_shuffle,20260623T104928_001955,of:000000000000000b:3 -> of:000000000000000d:2,0.002,0.0025,0.002,0.002,1.66,2026-06-23T10:49:28,0.002,1.66
ip_shuffle,20260623T104928_001955,of:000000000000000c:3 -> of:000000000000000d:3,0.001,0.00125,0.001,0.001,1.6,2026-06-23T10:49:28,0.001,1.6
ip_shuffle,20260623T104928_001955,of:0000000000000005:2 -> of:0000000000000009:3,0.002,0.0025,0.002,0.002,1.57,2026-06-23T10:49:28,0.002,1.57
ip_shuffle,20260623T104928_001955,of:0000000000000001:1 -> of:000000000000000b:1,0.001,0.00125,0.001,0.001,1.47,2026-06-23T10:49:28,0.001,1.4
ip_shuffle,20260623T104928_001955,of:000000000000000b:2 -> of:000000000000000c:2,0.002,0.0025,0.002,0.002,1.66,2026-06-23T10:49:28,0.002,1.66
ip_shuffle,20260623T104928_001955,of:0000000000000001:2 -> of:000000000000000c:1,0.001,0.00125,0.001,0.001,1.4,2026-06-23T10:49:28,0.001,1.33
ip_shuffle,20260623T104928_001955,of:0000000000000006:2 -> of:000000000000000a:2,0.002,0.0025,0.002,0.002,1.57,2026-06-23T10:49:28,0.002,1.57
ip_shuffle,20260623T104928_001955,of:0000000000000001:3 -> of:000000000000000d:1,0.002,0.0025,0.002,0.002,1.96,2026-06-23T10:49:28,0.002,2.0
ip_shuffle,20260623T104928_001955,of:0000000000000003:1 -> of:000000000000000b:5,0.001,0.00125,0.001,0.001,1.4,2026-06-23T10:49:28,0.001,1.47
ip_shuffle,20260623T104928_001955,of:0000000000000006:1 -> of:000000000000000d:4,0.001,0.00125,0.001,0.001,1.3,2026-06-23T10:49:28,0.001,1.4
ip_shuffle,20260623T104928_001955,of:0000000000000007:2 -> of:000000000000000a:3,0.002,0.0025,0.002,0.002,1.63,2026-06-23T10:49:28,0.002,1.63
ip_shuffle,20260623T104928_001955,of:0000000000000007:1 -> of:000000000000000d:5,0.002,0.0025,0.002,0.002,2.03,2026-06-23T10:49:28,0.002,1.96
ip_shuffle,20260623T104928_001955,of:0000000000000002:2 -> of:0000000000000008:2,0.001,0.00125,0.001,0.001,1.5,2026-06-23T10:49:28,0.001,1.5
ip_shuffle,20260623T104928_001955,of:0000000000000003:2 -> of:0000000000000008:3,0.001,0.00125,0.001,0.001,1.5,2026-06-23T10:49:28,0.001,1.5
ip_shuffle,20260623T104928_001955,of:0000000000000008:1 -> of:000000000000000b:6,0.002,0.0025,0.002,0.002,1.43,2026-06-23T10:49:28,0.002,1.53
ip_shuffle,20260623T104928_001955,of:0000000000000004:2 -> of:0000000000000009:2,0.002,0.0025,0.002,0.002,1.57,2026-06-23T10:49:28,0.002,1.57
ip_shuffle,20260623T104928_001955,of:0000000000000002:1 -> of:000000000000000b:4,0.001,0.00125,0.001,0.001,1.4,2026-06-23T10:49:28,0.001,1.47
ip_shuffle,20260623T104928_001955,of:0000000000000009:1 -> of:000000000000000c:6,0.001,0.00125,0.001,0.001,1.47,2026-06-23T10:49:28,0.001,1.47
ip_shuffle,20260623T105025_742111,of:0000000000000004:1 -> of:000000000000000c:4,0.002,0.0025,0.002,0.002,2.3,2026-06-23T10:50:25,0.002,2.2
ip_shuffle,20260623T105025_742111,of:0000000000000005:1 -> of:000000000000000c:5,0.002,0.0025,0.002,0.002,2.76,2026-06-23T10:50:25,0.002,2.66
ip_shuffle,20260623T105025_742111,of:000000000000000a:1 -> of:000000000000000d:6,0.002,0.0025,0.002,0.002,1.83,2026-06-23T10:50:25,0.002,1.86
ip_shuffle,20260623T105025_742111,of:000000000000000b:3 -> of:000000000000000d:2,0.002,0.0025,0.002,0.002,2.36,2026-06-23T10:50:25,0.002,2.36
ip_shuffle,20260623T105025_742111,of:000000000000000c:3 -> of:000000000000000d:3,0.002,0.0025,0.002,0.002,2.4,2026-06-23T10:50:25,0.002,2.4
ip_shuffle,20260623T105025_742111,of:0000000000000005:2 -> of:0000000000000009:3,0.002,0.0025,0.002,0.002,2.4,2026-06-23T10:50:25,0.002,2.4
ip_shuffle,20260623T105025_742111,of:0000000000000001:1 -> of:000000000000000b:1,0.002,0.0025,0.002,0.002,1.86,2026-06-23T10:50:25,0.002,1.96
ip_shuffle,20260623T105025_742111,of:000000000000000b:2 -> of:000000000000000c:2,0.002,0.0025,0.002,0.002,2.36,2026-06-23T10:50:25,0.002,2.36
ip_shuffle,20260623T105025_742111,of:0000000000000001:2 -> of:000000000000000c:1,0.003,0.00375,0.003,0.003,3.06,2026-06-23T10:50:25,0.003,3.13
ip_shuffle,20260623T105025_742111,of:0000000000000006:2 -> of:000000000000000a:2,0.002,0.0025,0.002,0.002,2.46,2026-06-23T10:50:25,0.002,2.46
ip_shuffle,20260623T105025_742111,of:0000000000000001:3 -> of:000000000000000d:1,0.003,0.00375,0.003,0.003,3.43,2026-06-23T10:50:25,0.003,3.36
ip_shuffle,20260623T105025_742111,of:0000000000000003:1 -> of:000000000000000b:5,0.002,0.0025,0.002,0.002,2.0,2026-06-23T10:50:25,0.002,1.86
ip_shuffle,20260623T105025_742111,of:0000000000000006:1 -> of:000000000000000d:4,0.003,0.00375,0.003,0.003,3.23,2026-06-23T10:50:25,0.003,3.13
ip_shuffle,20260623T105025_742111,of:0000000000000007:2 -> of:000000000000000a:3,0.002,0.0025,0.002,0.002,2.5,2026-06-23T10:50:25,0.002,2.5
ip_shuffle,20260623T105025_742111,of:0000000000000007:1 -> of:000000000000000d:5,0.002,0.0025,0.002,0.002,2.2,2026-06-23T10:50:25,0.002,2.36
ip_shuffle,20260623T105025_742111,of:0000000000000002:2 -> of:0000000000000008:2,0.002,0.0025,0.002,0.002,2.63,2026-06-23T10:50:25,0.002,2.63
ip_shuffle,20260623T105025_742111,of:0000000000000003:2 -> of:0000000000000008:3,0.002,0.0025,0.002,0.002,2.63,2026-06-23T10:50:25,0.002,2.63
ip_shuffle,20260623T105025_742111,of:0000000000000008:1 -> of:000000000000000b:6,0.002,0.0025,0.002,0.002,2.0,2026-06-23T10:50:25,0.002,1.83
ip_shuffle,20260623T105025_742111,of:0000000000000004:2 -> of:0000000000000009:2,0.002,0.0025,0.002,0.002,2.4,2026-06-23T10:50:25,0.002,2.4
ip_shuffle,20260623T105025_742111,of:0000000000000002:1 -> of:000000000000000b:4,0.002,0.0025,0.002,0.002,1.96,2026-06-23T10:50:25,0.002,1.83
ip_shuffle,20260623T105025_742111,of:0000000000000009:1 -> of:000000000000000c:6,0.002,0.0025,0.002,0.002,1.76,2026-06-23T10:50:25,0.002,1.8
route_mutation,20260623T105123_423230,of:0000000000000004:1 -> of:000000000000000c:4,0.002,0.0025,0.002,0.002,1.56,2026-06-23T10:51:23,0.002,1.46
route_mutation,20260623T105123_423230,of:0000000000000005:1 -> of:000000000000000c:5,0.002,0.0025,0.002,0.002,1.53,2026-06-23T10:51:23,0.002,1.43
route_mutation,20260623T105123_423230,of:000000000000000a:1 -> of:000000000000000d:6,0.002,0.0025,0.002,0.002,1.43,2026-06-23T10:51:23,0.002,1.43
route_mutation,20260623T105123_423230,of:000000000000000b:3 -> of:000000000000000d:2,0.002,0.0025,0.002,0.002,1.53,2026-06-23T10:51:23,0.002,1.53
route_mutation,20260623T105123_423230,of:000000000000000c:3 -> of:000000000000000d:3,0.002,0.0025,0.002,0.002,1.53,2026-06-23T10:51:23,0.002,1.53
route_mutation,20260623T105123_423230,of:0000000000000005:2 -> of:0000000000000009:3,0.002,0.0025,0.002,0.002,1.66,2026-06-23T10:51:23,0.002,1.66
route_mutation,20260623T105123_423230,of:0000000000000001:1 -> of:000000000000000b:1,0.003,0.00375,0.003,0.003,3.36,2026-06-23T10:51:23,0.003,3.3
route_mutation,20260623T105123_423230,of:000000000000000b:2 -> of:000000000000000c:2,0.002,0.0025,0.002,0.002,1.53,2026-06-23T10:51:23,0.002,1.53
route_mutation,20260623T105123_423230,of:0000000000000001:2 -> of:000000000000000c:1,0.002,0.0025,0.002,0.002,1.43,2026-06-23T10:51:23,0.002,1.53
route_mutation,20260623T105123_423230,of:0000000000000006:2 -> of:000000000000000a:2,0.002,0.0025,0.002,0.002,1.56,2026-06-23T10:51:23,0.002,1.56
route_mutation,20260623T105123_423230,of:0000000000000001:3 -> of:000000000000000d:1,0.002,0.0025,0.002,0.002,1.43,2026-06-23T10:51:23,0.002,1.53
route_mutation,20260623T105123_423230,of:0000000000000003:1 -> of:000000000000000b:5,0.002,0.0025,0.002,0.002,2.26,2026-06-23T10:51:23,0.002,2.33
route_mutation,20260623T105123_423230,of:0000000000000006:1 -> of:000000000000000d:4,0.001,0.00125,0.001,0.001,1.46,2026-06-23T10:51:23,0.001,1.36
route_mutation,20260623T105123_423230,of:0000000000000007:2 -> of:000000000000000a:3,0.002,0.0025,0.002,0.002,1.56,2026-06-23T10:51:23,0.002,1.56
route_mutation,20260623T105123_423230,of:0000000000000007:1 -> of:000000000000000d:5,0.001,0.00125,0.001,0.001,1.46,2026-06-23T10:51:23,0.001,1.36
route_mutation,20260623T105123_423230,of:0000000000000002:2 -> of:0000000000000008:2,0.002,0.0025,0.002,0.002,1.66,2026-06-23T10:51:23,0.002,1.66
route_mutation,20260623T105123_423230,of:0000000000000003:2 -> of:0000000000000008:3,0.002,0.0025,0.002,0.002,1.66,2026-06-23T10:51:23,0.002,1.66
route_mutation,20260623T105123_423230,of:0000000000000008:1 -> of:000000000000000b:6,0.001,0.00125,0.001,0.001,1.46,2026-06-23T10:51:23,0.001,1.36
route_mutation,20260623T105123_423230,of:0000000000000004:2 -> of:0000000000000009:2,0.002,0.0025,0.002,0.002,1.66,2026-06-23T10:51:23,0.002,1.66
route_mutation,20260623T105123_423230,of:0000000000000002:1 -> of:000000000000000b:4,0.002,0.0025,0.002,0.002,2.56,2026-06-23T10:51:23,0.002,2.46
route_mutation,20260623T105123_423230,of:0000000000000009:1 -> of:000000000000000c:6,0.001,0.00125,0.001,0.001,1.46,2026-06-23T10:51:23,0.001,1.36
ip_shuffle,20260623T105153_734608,of:0000000000000004:1 -> of:000000000000000c:4,0.002,0.0025,0.002,0.002,2.6,2026-06-23T10:51:53,0.002,2.6
ip_shuffle,20260623T105153_734608,of:0000000000000005:1 -> of:000000000000000c:5,0.002,0.0025,0.002,0.002,2.63,2026-06-23T10:51:53,0.002,2.63
ip_shuffle,20260623T105153_734608,of:000000000000000a:1 -> of:000000000000000d:6,0.002,0.0025,0.002,0.002,1.8,2026-06-23T10:51:53,0.002,1.83
ip_shuffle,20260623T105153_734608,of:000000000000000b:3 -> of:000000000000000d:2,0.002,0.0025,0.002,0.002,2.3,2026-06-23T10:51:53,0.002,2.3
ip_shuffle,20260623T105153_734608,of:000000000000000c:3 -> of:000000000000000d:3,0.002,0.0025,0.002,0.002,2.33,2026-06-23T10:51:53,0.002,2.33
ip_shuffle,20260623T105153_734608,of:0000000000000005:2 -> of:0000000000000009:3,0.002,0.0025,0.002,0.002,2.36,2026-06-23T10:51:53,0.002,2.36
ip_shuffle,20260623T105153_734608,of:0000000000000001:1 -> of:000000000000000b:1,0.002,0.0025,0.002,0.002,1.93,2026-06-23T10:51:53,0.002,2.1
ip_shuffle,20260623T105153_734608,of:000000000000000b:2 -> of:000000000000000c:2,0.002,0.0025,0.002,0.002,2.3,2026-06-23T10:51:53,0.002,2.3
ip_shuffle,20260623T105153_734608,of:0000000000000001:2 -> of:000000000000000c:1,0.003,0.00375,0.003,0.003,3.43,2026-06-23T10:51:53,0.003,3.4
ip_shuffle,20260623T105153_734608,of:0000000000000006:2 -> of:000000000000000a:2,0.002,0.0025,0.002,0.002,2.3,2026-06-23T10:51:53,0.002,2.3
ip_shuffle,20260623T105153_734608,of:0000000000000001:3 -> of:000000000000000d:1,0.002,0.0025,0.002,0.002,2.93,2026-06-23T10:51:53,0.002,2.73
ip_shuffle,20260623T105153_734608,of:0000000000000003:1 -> of:000000000000000b:5,0.002,0.0025,0.002,0.002,2.13,2026-06-23T10:51:53,0.002,1.93
ip_shuffle,20260623T105153_734608,of:0000000000000006:1 -> of:000000000000000d:4,0.003,0.00375,0.003,0.002,2.73,2026-06-23T10:51:53,0.003,2.96
ip_shuffle,20260623T105153_734608,of:0000000000000007:2 -> of:000000000000000a:3,0.002,0.0025,0.002,0.002,2.3,2026-06-23T10:51:53,0.002,2.33
ip_shuffle,20260623T105153_734608,of:0000000000000007:1 -> of:000000000000000d:5,0.002,0.0025,0.002,0.002,1.86,2026-06-23T10:51:53,0.002,1.86
ip_shuffle,20260623T105153_734608,of:0000000000000002:2 -> of:0000000000000008:2,0.002,0.0025,0.002,0.002,2.36,2026-06-23T10:51:53,0.002,2.36
ip_shuffle,20260623T105153_734608,of:0000000000000003:2 -> of:0000000000000008:3,0.002,0.0025,0.002,0.002,2.36,2026-06-23T10:51:53,0.002,2.36
ip_shuffle,20260623T105153_734608,of:0000000000000008:1 -> of:000000000000000b:6,0.002,0.0025,0.002,0.002,1.86,2026-06-23T10:51:53,0.002,1.8
ip_shuffle,20260623T105153_734608,of:0000000000000004:2 -> of:0000000000000009:2,0.002,0.0025,0.002,0.002,2.36,2026-06-23T10:51:53,0.002,2.36
ip_shuffle,20260623T105153_734608,of:0000000000000002:1 -> of:000000000000000b:4,0.002,0.0025,0.002,0.002,1.83,2026-06-23T10:51:53,0.002,1.8
ip_shuffle,20260623T105153_734608,of:0000000000000009:1 -> of:000000000000000c:6,0.002,0.0025,0.002,0.002,1.86,2026-06-23T10:51:53,0.002,1.83
ip_shuffle,20260623T105251_486681,of:0000000000000004:1 -> of:000000000000000c:4,0.002,0.0025,0.002,0.002,1.43,2026-06-23T10:52:51,0.002,1.43
ip_shuffle,20260623T105251_486681,of:0000000000000005:1 -> of:000000000000000c:5,0.002,0.0025,0.002,0.002,1.47,2026-06-23T10:52:51,0.002,1.47
ip_shuffle,20260623T105251_486681,of:000000000000000a:1 -> of:000000000000000d:6,0.001,0.00125,0.001,0.001,1.4,2026-06-23T10:52:51,0.001,1.4
ip_shuffle,20260623T105251_486681,of:000000000000000b:3 -> of:000000000000000d:2,0.002,0.0025,0.002,0.002,1.53,2026-06-23T10:52:51,0.002,1.53
ip_shuffle,20260623T105251_486681,of:000000000000000c:3 -> of:000000000000000d:3,0.002,0.0025,0.002,0.002,1.53,2026-06-23T10:52:51,0.002,1.53
ip_shuffle,20260623T105251_486681,of:0000000000000005:2 -> of:0000000000000009:3,0.001,0.00125,0.001,0.001,1.47,2026-06-23T10:52:51,0.001,1.47
ip_shuffle,20260623T105251_486681,of:0000000000000001:1 -> of:000000000000000b:1,0.002,0.0025,0.002,0.002,1.76,2026-06-23T10:52:51,0.002,1.7
ip_shuffle,20260623T105251_486681,of:000000000000000b:2 -> of:000000000000000c:2,0.002,0.0025,0.002,0.002,1.53,2026-06-23T10:52:51,0.002,1.53
ip_shuffle,20260623T105251_486681,of:0000000000000001:2 -> of:000000000000000c:1,0.002,0.0025,0.002,0.002,1.43,2026-06-23T10:52:51,0.002,1.43
ip_shuffle,20260623T105251_486681,of:0000000000000006:2 -> of:000000000000000a:2,0.001,0.00125,0.001,0.001,1.43,2026-06-23T10:52:51,0.001,1.43
ip_shuffle,20260623T105251_486681,of:0000000000000001:3 -> of:000000000000000d:1,0.002,0.0025,0.002,0.002,1.43,2026-06-23T10:52:51,0.002,1.43
ip_shuffle,20260623T105251_486681,of:0000000000000003:1 -> of:000000000000000b:5,0.002,0.0025,0.002,0.002,1.43,2026-06-23T10:52:51,0.002,1.43
ip_shuffle,20260623T105251_486681,of:0000000000000006:1 -> of:000000000000000d:4,0.001,0.00125,0.001,0.001,1.37,2026-06-23T10:52:51,0.001,1.37
ip_shuffle,20260623T105251_486681,of:0000000000000007:2 -> of:000000000000000a:3,0.001,0.00125,0.001,0.001,1.4,2026-06-23T10:52:51,0.001,1.4
ip_shuffle,20260623T105251_486681,of:0000000000000007:1 -> of:000000000000000d:5,0.001,0.00125,0.001,0.001,1.37,2026-06-23T10:52:51,0.001,1.37
ip_shuffle,20260623T105251_486681,of:0000000000000002:2 -> of:0000000000000008:2,0.001,0.00125,0.001,0.001,1.5,2026-06-23T10:52:51,0.001,1.5
ip_shuffle,20260623T105251_486681,of:0000000000000003:2 -> of:0000000000000008:3,0.001,0.00125,0.001,0.001,1.47,2026-06-23T10:52:51,0.001,1.47
ip_shuffle,20260623T105251_486681,of:0000000000000008:1 -> of:000000000000000b:6,0.001,0.00125,0.001,0.001,1.37,2026-06-23T10:52:51,0.001,1.37
ip_shuffle,20260623T105251_486681,of:0000000000000004:2 -> of:0000000000000009:2,0.001,0.00125,0.001,0.001,1.5,2026-06-23T10:52:51,0.001,1.5
ip_shuffle,20260623T105251_486681,of:0000000000000002:1 -> of:000000000000000b:4,0.002,0.0025,0.002,0.002,1.73,2026-06-23T10:52:51,0.002,1.8
ip_shuffle,20260623T105251_486681,of:0000000000000009:1 -> of:000000000000000c:6,0.001,0.00125,0.001,0.001,1.37,2026-06-23T10:52:51,0.001,1.37
ip_shuffle,20260623T105349_144682,of:0000000000000004:1 -> of:000000000000000c:4,0.002,0.0025,0.002,0.002,2.13,2026-06-23T10:53:49,0.002,2.13
ip_shuffle,20260623T105349_144682,of:0000000000000005:1 -> of:000000000000000c:5,0.002,0.0025,0.002,0.002,2.16,2026-06-23T10:53:49,0.002,2.16
ip_shuffle,20260623T105349_144682,of:000000000000000a:1 -> of:000000000000000d:6,0.002,0.0025,0.002,0.002,2.13,2026-06-23T10:53:49,0.002,2.13
ip_shuffle,20260623T105349_144682,of:000000000000000b:3 -> of:000000000000000d:2,0.002,0.0025,0.002,0.002,2.93,2026-06-23T10:53:49,0.002,2.93
ip_shuffle,20260623T105349_144682,of:000000000000000c:3 -> of:000000000000000d:3,0.002,0.0025,0.002,0.002,2.93,2026-06-23T10:53:49,0.002,2.93
ip_shuffle,20260623T105349_144682,of:0000000000000005:2 -> of:0000000000000009:3,0.002,0.0025,0.002,0.002,3.06,2026-06-23T10:53:49,0.002,3.06
ip_shuffle,20260623T105349_144682,of:0000000000000001:1 -> of:000000000000000b:1,0.002,0.0025,0.002,0.002,2.06,2026-06-23T10:53:49,0.002,2.1
ip_shuffle,20260623T105349_144682,of:000000000000000b:2 -> of:000000000000000c:2,0.002,0.0025,0.002,0.002,2.93,2026-06-23T10:53:49,0.002,2.93
ip_shuffle,20260623T105349_144682,of:0000000000000001:2 -> of:000000000000000c:1,0.002,0.0025,0.002,0.002,2.1,2026-06-23T10:53:49,0.002,2.13
ip_shuffle,20260623T105349_144682,of:0000000000000006:2 -> of:000000000000000a:2,0.002,0.0025,0.002,0.002,3.1,2026-06-23T10:53:49,0.002,3.1
ip_shuffle,20260623T105349_144682,of:0000000000000001:3 -> of:000000000000000d:1,0.003,0.00375,0.003,0.003,4.39,2026-06-23T10:53:49,0.003,4.33
ip_shuffle,20260623T105349_144682,of:0000000000000003:1 -> of:000000000000000b:5,0.002,0.0025,0.002,0.002,2.06,2026-06-23T10:53:49,0.002,2.06
ip_shuffle,20260623T105349_144682,of:0000000000000006:1 -> of:000000000000000d:4,0.003,0.00375,0.003,0.003,3.5,2026-06-23T10:53:49,0.003,3.23
ip_shuffle,20260623T105349_144682,of:0000000000000007:2 -> of:000000000000000a:3,0.002,0.0025,0.002,0.002,3.06,2026-06-23T10:53:49,0.002,3.06
ip_shuffle,20260623T105349_144682,of:0000000000000007:1 -> of:000000000000000d:5,0.003,0.00375,0.003,0.002,3.03,2026-06-23T10:53:49,0.003,3.33
ip_shuffle,20260623T105349_144682,of:0000000000000002:2 -> of:0000000000000008:2,0.002,0.0025,0.002,0.002,3.0,2026-06-23T10:53:49,0.002,3.0
ip_shuffle,20260623T105349_144682,of:0000000000000003:2 -> of:0000000000000008:3,0.002,0.0025,0.002,0.002,3.0,2026-06-23T10:53:49,0.002,3.0
ip_shuffle,20260623T105349_144682,of:0000000000000008:1 -> of:000000000000000b:6,0.002,0.0025,0.002,0.002,2.13,2026-06-23T10:53:49,0.002,2.13
ip_shuffle,20260623T105349_144682,of:0000000000000004:2 -> of:0000000000000009:2,0.002,0.0025,0.002,0.002,3.06,2026-06-23T10:53:49,0.002,3.06
ip_shuffle,20260623T105349_144682,of:0000000000000002:1 -> of:000000000000000b:4,0.002,0.0025,0.002,0.002,2.06,2026-06-23T10:53:49,0.002,2.06
ip_shuffle,20260623T105349_144682,of:0000000000000009:1 -> of:000000000000000c:6,0.002,0.0025,0.002,0.002,2.13,2026-06-23T10:53:49,0.002,2.13
ip_shuffle,20260623T105446_870927,of:0000000000000004:1 -> of:000000000000000c:4,0.002,0.0025,0.002,0.002,2.23,2026-06-23T10:54:46,0.002,2.23
ip_shuffle,20260623T105446_870927,of:0000000000000005:1 -> of:000000000000000c:5,0.002,0.0025,0.002,0.002,1.7,2026-06-23T10:54:46,0.002,1.7
ip_shuffle,20260623T105446_870927,of:000000000000000a:1 -> of:000000000000000d:6,0.001,0.00125,0.001,0.001,1.46,2026-06-23T10:54:46,0.001,1.46
ip_shuffle,20260623T105446_870927,of:000000000000000b:3 -> of:000000000000000d:2,0.002,0.0025,0.002,0.002,1.66,2026-06-23T10:54:46,0.002,1.66
ip_shuffle,20260623T105446_870927,of:000000000000000c:3 -> of:000000000000000d:3,0.002,0.0025,0.002,0.002,1.73,2026-06-23T10:54:46,0.002,1.73
ip_shuffle,20260623T105446_870927,of:0000000000000005:2 -> of:0000000000000009:3,0.002,0.0025,0.002,0.002,1.73,2026-06-23T10:54:46,0.002,1.73
ip_shuffle,20260623T105446_870927,of:0000000000000001:1 -> of:000000000000000b:1,0.003,0.00375,0.003,0.003,3.53,2026-06-23T10:54:46,0.003,3.53
ip_shuffle,20260623T105446_870927,of:000000000000000b:2 -> of:000000000000000c:2,0.002,0.0025,0.002,0.002,1.66,2026-06-23T10:54:46,0.002,1.66
ip_shuffle,20260623T105446_870927,of:0000000000000001:2 -> of:000000000000000c:1,0.002,0.0025,0.002,0.002,2.33,2026-06-23T10:54:46,0.002,2.33
ip_shuffle,20260623T105446_870927,of:0000000000000006:2 -> of:000000000000000a:2,0.002,0.0025,0.002,0.002,1.66,2026-06-23T10:54:46,0.002,1.66
ip_shuffle,20260623T105446_870927,of:0000000000000001:3 -> of:000000000000000d:1,0.002,0.0025,0.002,0.002,1.53,2026-06-23T10:54:46,0.002,1.53
ip_shuffle,20260623T105446_870927,of:0000000000000003:1 -> of:000000000000000b:5,0.002,0.0025,0.002,0.002,2.5,2026-06-23T10:54:46,0.002,2.5
ip_shuffle,20260623T105446_870927,of:0000000000000006:1 -> of:000000000000000d:4,0.002,0.0025,0.002,0.002,1.53,2026-06-23T10:54:46,0.002,1.53
ip_shuffle,20260623T105446_870927,of:0000000000000007:2 -> of:000000000000000a:3,0.002,0.0025,0.002,0.002,1.66,2026-06-23T10:54:46,0.002,1.66
ip_shuffle,20260623T105446_870927,of:0000000000000007:1 -> of:000000000000000d:5,0.002,0.0025,0.002,0.002,1.53,2026-06-23T10:54:46,0.002,1.53
ip_shuffle,20260623T105446_870927,of:0000000000000002:2 -> of:0000000000000008:2,0.002,0.0025,0.002,0.002,1.73,2026-06-23T10:54:46,0.002,1.73
ip_shuffle,20260623T105446_870927,of:0000000000000003:2 -> of:0000000000000008:3,0.002,0.0025,0.002,0.002,1.73,2026-06-23T10:54:46,0.002,1.73
ip_shuffle,20260623T105446_870927,of:0000000000000008:1 -> of:000000000000000b:6,0.001,0.00125,0.001,0.001,1.46,2026-06-23T10:54:46,0.001,1.46
ip_shuffle,20260623T105446_870927,of:0000000000000004:2 -> of:0000000000000009:2,0.002,0.0025,0.002,0.002,1.73,2026-06-23T10:54:46,0.002,1.73
ip_shuffle,20260623T105446_870927,of:0000000000000002:1 -> of:000000000000000b:4,0.002,0.0025,0.002,0.002,2.5,2026-06-23T10:54:46,0.002,2.5
ip_shuffle,20260623T105446_870927,of:0000000000000009:1 -> of:000000000000000c:6,0.002,0.0025,0.002,0.002,1.53,2026-06-23T10:54:46,0.002,1.53
route_mutation,20260623T105557_823795,of:0000000000000004:1 -> of:000000000000000c:4,0.002,0.0025,0.002,0.002,1.56,2026-06-23T10:55:57,0.002,1.7
route_mutation,20260623T105557_823795,of:0000000000000005:1 -> of:000000000000000c:5,0.002,0.0025,0.002,0.002,1.56,2026-06-23T10:55:57,0.002,1.7
route_mutation,20260623T105557_823795,of:000000000000000a:1 -> of:000000000000000d:6,0.002,0.0025,0.002,0.002,1.56,2026-06-23T10:55:57,0.002,1.66
route_mutation,20260623T105557_823795,of:000000000000000b:3 -> of:000000000000000d:2,0.002,0.0025,0.002,0.002,1.96,2026-06-23T10:55:57,0.002,1.93
route_mutation,20260623T105557_823795,of:000000000000000c:3 -> of:000000000000000d:3,0.002,0.0025,0.002,0.002,2.13,2026-06-23T10:55:57,0.002,2.09
route_mutation,20260623T105557_823795,of:0000000000000005:2 -> of:0000000000000009:3,0.002,0.0025,0.002,0.002,1.8,2026-06-23T10:55:57,0.002,1.8
route_mutation,20260623T105557_823795,of:0000000000000001:1 -> of:000000000000000b:1,0.002,0.0025,0.002,0.002,1.6,2026-06-23T10:55:57,0.002,1.66
route_mutation,20260623T105557_823795,of:000000000000000b:2 -> of:000000000000000c:2,0.002,0.0025,0.002,0.002,2.03,2026-06-23T10:55:57,0.002,2.03
route_mutation,20260623T105557_823795,of:0000000000000001:2 -> of:000000000000000c:1,0.002,0.0025,0.002,0.002,1.76,2026-06-23T10:55:57,0.002,1.66
route_mutation,20260623T105557_823795,of:0000000000000006:2 -> of:000000000000000a:2,0.002,0.0025,0.002,0.002,1.86,2026-06-23T10:55:57,0.002,1.86
route_mutation,20260623T105557_823795,of:0000000000000001:3 -> of:000000000000000d:1,0.002,0.0025,0.002,0.002,2.53,2026-06-23T10:55:57,0.002,2.63
route_mutation,20260623T105557_823795,of:0000000000000003:1 -> of:000000000000000b:5,0.002,0.0025,0.002,0.002,1.66,2026-06-23T10:55:57,0.002,1.6
route_mutation,20260623T105557_823795,of:0000000000000006:1 -> of:000000000000000d:4,0.001,0.00125,0.001,0.001,1.5,2026-06-23T10:55:57,0.001,1.6
route_mutation,20260623T105557_823795,of:0000000000000007:2 -> of:000000000000000a:3,0.002,0.0025,0.002,0.002,1.86,2026-06-23T10:55:57,0.002,1.86
route_mutation,20260623T105557_823795,of:0000000000000007:1 -> of:000000000000000d:5,0.002,0.0025,0.002,0.002,2.56,2026-06-23T10:55:57,0.002,2.43
route_mutation,20260623T105557_823795,of:0000000000000002:2 -> of:0000000000000008:2,0.002,0.0025,0.002,0.002,1.89,2026-06-23T10:55:57,0.002,1.89
route_mutation,20260623T105557_823795,of:0000000000000003:2 -> of:0000000000000008:3,0.002,0.0025,0.002,0.002,1.89,2026-06-23T10:55:57,0.002,1.89
route_mutation,20260623T105557_823795,of:0000000000000008:1 -> of:000000000000000b:6,0.002,0.0025,0.002,0.002,1.56,2026-06-23T10:55:57,0.001,1.53
route_mutation,20260623T105557_823795,of:0000000000000004:2 -> of:0000000000000009:2,0.002,0.0025,0.002,0.002,1.8,2026-06-23T10:55:57,0.002,1.8
route_mutation,20260623T105557_823795,of:0000000000000002:1 -> of:000000000000000b:4,0.002,0.0025,0.002,0.002,1.66,2026-06-23T10:55:57,0.002,1.6
route_mutation,20260623T105557_823795,of:0000000000000009:1 -> of:000000000000000c:6,0.002,0.0025,0.002,0.002,1.56,2026-06-23T10:55:57,0.002,1.7
route_mutation,20260623T105628_147418,of:0000000000000004:1 -> of:000000000000000c:4,0.002,0.0025,0.002,0.002,1.63,2026-06-23T10:56:28,0.002,1.63
route_mutation,20260623T105628_147418,of:0000000000000005:1 -> of:000000000000000c:5,0.002,0.0025,0.002,0.002,1.6,2026-06-23T10:56:28,0.002,1.6
route_mutation,20260623T105628_147418,of:000000000000000a:1 -> of:000000000000000d:6,0.001,0.00125,0.001,0.001,1.46,2026-06-23T10:56:28,0.001,1.36
route_mutation,20260623T105628_147418,of:000000000000000b:3 -> of:000000000000000d:2,0.002,0.0025,0.002,0.002,1.56,2026-06-23T10:56:28,0.002,1.56
route_mutation,20260623T105628_147418,of:000000000000000c:3 -> of:000000000000000d:3,0.002,0.0025,0.002,0.002,1.7,2026-06-23T10:56:28,0.002,1.7
route_mutation,20260623T105628_147418,of:0000000000000005:2 -> of:0000000000000009:3,0.002,0.0025,0.002,0.002,1.73,2026-06-23T10:56:28,0.002,1.73
route_mutation,20260623T105628_147418,of:0000000000000001:1 -> of:000000000000000b:1,0.003,0.00375,0.003,0.003,3.36,2026-06-23T10:56:28,0.003,3.46
route_mutation,20260623T105628_147418,of:000000000000000b:2 -> of:000000000000000c:2,0.002,0.0025,0.002,0.002,1.73,2026-06-23T10:56:28,0.002,1.73
route_mutation,20260623T105628_147418,of:0000000000000001:2 -> of:000000000000000c:1,0.002,0.0025,0.002,0.002,1.63,2026-06-23T10:56:28,0.002,1.6
route_mutation,20260623T105628_147418,of:0000000000000006:2 -> of:000000000000000a:2,0.002,0.0025,0.002,0.002,1.66,2026-06-23T10:56:28,0.002,1.66
route_mutation,20260623T105628_147418,of:0000000000000001:3 -> of:000000000000000d:1,0.002,0.0025,0.002,0.002,1.43,2026-06-23T10:56:28,0.002,1.5
route_mutation,20260623T105628_147418,of:0000000000000003:1 -> of:000000000000000b:5,0.002,0.0025,0.002,0.002,2.43,2026-06-23T10:56:28,0.002,2.36
route_mutation,20260623T105628_147418,of:0000000000000006:1 -> of:000000000000000d:4,0.002,0.0025,0.002,0.002,1.53,2026-06-23T10:56:28,0.002,1.43
route_mutation,20260623T105628_147418,of:0000000000000007:2 -> of:000000000000000a:3,0.002,0.0025,0.002,0.002,1.66,2026-06-23T10:56:28,0.002,1.66
route_mutation,20260623T105628_147418,of:0000000000000007:1 -> of:000000000000000d:5,0.002,0.0025,0.002,0.002,1.53,2026-06-23T10:56:28,0.002,1.43
route_mutation,20260623T105628_147418,of:0000000000000002:2 -> of:0000000000000008:2,0.002,0.0025,0.002,0.002,1.73,2026-06-23T10:56:28,0.002,1.73
route_mutation,20260623T105628_147418,of:0000000000000003:2 -> of:0000000000000008:3,0.002,0.0025,0.002,0.002,1.73,2026-06-23T10:56:28,0.002,1.73
route_mutation,20260623T105628_147418,of:0000000000000008:1 -> of:000000000000000b:6,0.001,0.00125,0.001,0.001,1.46,2026-06-23T10:56:28,0.001,1.46
route_mutation,20260623T105628_147418,of:0000000000000004:2 -> of:0000000000000009:2,0.002,0.0025,0.002,0.002,1.73,2026-06-23T10:56:28,0.002,1.73
route_mutation,20260623T105628_147418,of:0000000000000002:1 -> of:000000000000000b:4,0.002,0.0025,0.002,0.002,2.5,2026-06-23T10:56:28,0.002,2.5
route_mutation,20260623T105628_147418,of:0000000000000009:1 -> of:000000000000000c:6,0.002,0.0025,0.002,0.002,1.6,2026-06-23T10:56:28,0.002,1.6
ip_shuffle,20260623T105658_440830,of:0000000000000004:1 -> of:000000000000000c:4,0.002,0.0025,0.002,0.002,2.6,2026-06-23T10:56:58,0.002,2.63
ip_shuffle,20260623T105658_440830,of:0000000000000005:1 -> of:000000000000000c:5,0.002,0.0025,0.002,0.002,2.63,2026-06-23T10:56:58,0.002,2.66
ip_shuffle,20260623T105658_440830,of:000000000000000a:1 -> of:000000000000000d:6,0.002,0.0025,0.002,0.002,1.83,2026-06-23T10:56:58,0.002,1.83
ip_shuffle,20260623T105658_440830,of:000000000000000b:3 -> of:000000000000000d:2,0.002,0.0025,0.002,0.002,2.33,2026-06-23T10:56:58,0.002,2.36
ip_shuffle,20260623T105658_440830,of:000000000000000c:3 -> of:000000000000000d:3,0.002,0.0025,0.002,0.002,2.33,2026-06-23T10:56:58,0.002,2.36
ip_shuffle,20260623T105658_440830,of:0000000000000005:2 -> of:0000000000000009:3,0.002,0.0025,0.002,0.002,2.33,2026-06-23T10:56:58,0.002,2.33
ip_shuffle,20260623T105658_440830,of:0000000000000001:1 -> of:000000000000000b:1,0.002,0.0025,0.002,0.002,1.96,2026-06-23T10:56:58,0.002,1.8
ip_shuffle,20260623T105658_440830,of:000000000000000b:2 -> of:000000000000000c:2,0.002,0.0025,0.002,0.002,2.4,2026-06-23T10:56:58,0.002,2.4
ip_shuffle,20260623T105658_440830,of:0000000000000001:2 -> of:000000000000000c:1,0.003,0.00375,0.003,0.003,3.36,2026-06-23T10:56:58,0.003,3.33
ip_shuffle,20260623T105658_440830,of:0000000000000006:2 -> of:000000000000000a:2,0.002,0.0025,0.002,0.002,2.33,2026-06-23T10:56:58,0.002,2.33
ip_shuffle,20260623T105658_440830,of:0000000000000001:3 -> of:000000000000000d:1,0.002,0.0025,0.002,0.002,2.83,2026-06-23T10:56:58,0.002,2.7
ip_shuffle,20260623T105658_440830,of:0000000000000003:1 -> of:000000000000000b:5,0.002,0.0025,0.002,0.002,1.8,2026-06-23T10:56:58,0.002,1.93
ip_shuffle,20260623T105658_440830,of:0000000000000006:1 -> of:000000000000000d:4,0.002,0.0025,0.002,0.002,2.73,2026-06-23T10:56:58,0.002,2.93
ip_shuffle,20260623T105658_440830,of:0000000000000007:2 -> of:000000000000000a:3,0.002,0.0025,0.002,0.002,2.33,2026-06-23T10:56:58,0.002,2.33
ip_shuffle,20260623T105658_440830,of:0000000000000007:1 -> of:000000000000000d:5,0.002,0.0025,0.002,0.002,1.83,2026-06-23T10:56:58,0.002,1.83
ip_shuffle,20260623T105658_440830,of:0000000000000002:2 -> of:0000000000000008:2,0.002,0.0025,0.002,0.002,2.23,2026-06-23T10:56:58,0.002,2.23
ip_shuffle,20260623T105658_440830,of:0000000000000003:2 -> of:0000000000000008:3,0.002,0.0025,0.002,0.002,2.23,2026-06-23T10:56:58,0.002,2.23
ip_shuffle,20260623T105658_440830,of:0000000000000008:1 -> of:000000000000000b:6,0.002,0.0025,0.002,0.002,1.83,2026-06-23T10:56:58,0.002,1.86
ip_shuffle,20260623T105658_440830,of:0000000000000004:2 -> of:0000000000000009:2,0.002,0.0025,0.002,0.002,2.33,2026-06-23T10:56:58,0.002,2.33
ip_shuffle,20260623T105658_440830,of:0000000000000002:1 -> of:000000000000000b:4,0.002,0.0025,0.002,0.002,1.73,2026-06-23T10:56:58,0.002,1.8
ip_shuffle,20260623T105658_440830,of:0000000000000009:1 -> of:000000000000000c:6,0.002,0.0025,0.002,0.002,1.83,2026-06-23T10:56:58,0.002,1.86
ip_shuffle,20260623T105756_098166,of:0000000000000004:1 -> of:000000000000000c:4,0.001,0.00125,0.001,0.001,1.36,2026-06-23T10:57:56,0.001,1.36
ip_shuffle,20260623T105756_098166,of:0000000000000005:1 -> of:000000000000000c:5,0.001,0.00125,0.001,0.001,1.36,2026-06-23T10:57:56,0.001,1.36
ip_shuffle,20260623T105756_098166,of:000000000000000a:1 -> of:000000000000000d:6,0.001,0.00125,0.001,0.001,1.36,2026-06-23T10:57:56,0.001,1.36
ip_shuffle,20260623T105756_098166,of:000000000000000b:3 -> of:000000000000000d:2,0.001,0.00125,0.001,0.001,1.46,2026-06-23T10:57:56,0.001,1.46
ip_shuffle,20260623T105756_098166,of:000000000000000c:3 -> of:000000000000000d:3,0.001,0.00125,0.001,0.001,1.46,2026-06-23T10:57:56,0.001,1.46
ip_shuffle,20260623T105756_098166,of:0000000000000005:2 -> of:0000000000000009:3,0.001,0.00125,0.001,0.001,1.46,2026-06-23T10:57:56,0.001,1.46
ip_shuffle,20260623T105756_098166,of:0000000000000001:1 -> of:000000000000000b:1,0.002,0.0025,0.002,0.002,2.43,2026-06-23T10:57:56,0.002,2.43
ip_shuffle,20260623T105756_098166,of:000000000000000b:2 -> of:000000000000000c:2,0.001,0.00125,0.001,0.001,1.4,2026-06-23T10:57:56,0.001,1.4
ip_shuffle,20260623T105756_098166,of:0000000000000001:2 -> of:000000000000000c:1,0.001,0.00125,0.001,0.001,1.36,2026-06-23T10:57:56,0.001,1.36
ip_shuffle,20260623T105756_098166,of:0000000000000006:2 -> of:000000000000000a:2,0.001,0.00125,0.001,0.001,1.46,2026-06-23T10:57:56,0.001,1.46
ip_shuffle,20260623T105756_098166,of:0000000000000001:3 -> of:000000000000000d:1,0.002,0.0025,0.002,0.002,1.43,2026-06-23T10:57:56,0.002,1.43
ip_shuffle,20260623T105756_098166,of:0000000000000003:1 -> of:000000000000000b:5,0.001,0.00125,0.001,0.001,1.43,2026-06-23T10:57:56,0.001,1.43
ip_shuffle,20260623T105756_098166,of:0000000000000006:1 -> of:000000000000000d:4,0.002,0.0025,0.002,0.002,1.43,2026-06-23T10:57:56,0.002,1.43
ip_shuffle,20260623T105756_098166,of:0000000000000007:2 -> of:000000000000000a:3,0.001,0.00125,0.001,0.001,1.46,2026-06-23T10:57:56,0.001,1.46
ip_shuffle,20260623T105756_098166,of:0000000000000007:1 -> of:000000000000000d:5,0.002,0.0025,0.002,0.002,1.43,2026-06-23T10:57:56,0.002,1.43
ip_shuffle,20260623T105756_098166,of:0000000000000002:2 -> of:0000000000000008:2,0.002,0.0025,0.002,0.002,1.53,2026-06-23T10:57:56,0.002,1.53
ip_shuffle,20260623T105756_098166,of:0000000000000003:2 -> of:0000000000000008:3,0.002,0.0025,0.002,0.002,1.53,2026-06-23T10:57:56,0.002,1.53
ip_shuffle,20260623T105756_098166,of:0000000000000008:1 -> of:000000000000000b:6,0.001,0.00125,0.001,0.001,1.36,2026-06-23T10:57:56,0.001,1.36
ip_shuffle,20260623T105756_098166,of:0000000000000004:2 -> of:0000000000000009:2,0.001,0.00125,0.001,0.001,1.46,2026-06-23T10:57:56,0.001,1.46
ip_shuffle,20260623T105756_098166,of:0000000000000002:1 -> of:000000000000000b:4,0.002,0.0025,0.002,0.002,2.36,2026-06-23T10:57:56,0.002,2.36
ip_shuffle,20260623T105756_098166,of:0000000000000009:1 -> of:000000000000000c:6,0.001,0.00125,0.001,0.001,1.3,2026-06-23T10:57:56,0.001,1.3
ip_shuffle,20260623T105853_810294,of:0000000000000004:1 -> of:000000000000000c:4,0.002,0.0025,0.002,0.002,2.16,2026-06-23T10:58:53,0.002,2.1
ip_shuffle,20260623T105853_810294,of:0000000000000005:1 -> of:000000000000000c:5,0.002,0.0025,0.002,0.002,2.16,2026-06-23T10:58:53,0.002,2.1
ip_shuffle,20260623T105853_810294,of:000000000000000a:1 -> of:000000000000000d:6,0.002,0.0025,0.002,0.002,2.13,2026-06-23T10:58:53,0.002,2.16
ip_shuffle,20260623T105853_810294,of:000000000000000b:3 -> of:000000000000000d:2,0.002,0.0025,0.002,0.002,3.03,2026-06-23T10:58:53,0.002,3.03
ip_shuffle,20260623T105853_810294,of:000000000000000c:3 -> of:000000000000000d:3,0.002,0.0025,0.002,0.002,3.0,2026-06-23T10:58:53,0.002,3.0
ip_shuffle,20260623T105853_810294,of:0000000000000005:2 -> of:0000000000000009:3,0.002,0.0025,0.002,0.002,3.03,2026-06-23T10:58:53,0.002,3.03
ip_shuffle,20260623T105853_810294,of:0000000000000001:1 -> of:000000000000000b:1,0.002,0.0025,0.002,0.002,2.2,2026-06-23T10:58:53,0.002,2.23
ip_shuffle,20260623T105853_810294,of:000000000000000b:2 -> of:000000000000000c:2,0.002,0.0025,0.002,0.002,3.03,2026-06-23T10:58:53,0.002,3.03
ip_shuffle,20260623T105853_810294,of:0000000000000001:2 -> of:000000000000000c:1,0.002,0.0025,0.002,0.002,2.16,2026-06-23T10:58:53,0.002,2.23
ip_shuffle,20260623T105853_810294,of:0000000000000006:2 -> of:000000000000000a:2,0.002,0.0025,0.002,0.002,3.0,2026-06-23T10:58:53,0.002,3.0
ip_shuffle,20260623T105853_810294,of:0000000000000001:3 -> of:000000000000000d:1,0.003,0.00375,0.003,0.003,4.33,2026-06-23T10:58:53,0.003,4.33
ip_shuffle,20260623T105853_810294,of:0000000000000003:1 -> of:000000000000000b:5,0.002,0.0025,0.002,0.002,2.23,2026-06-23T10:58:53,0.002,2.2
ip_shuffle,20260623T105853_810294,of:0000000000000006:1 -> of:000000000000000d:4,0.002,0.0025,0.002,0.002,3.2,2026-06-23T10:58:53,0.002,2.9
ip_shuffle,20260623T105853_810294,of:0000000000000007:2 -> of:000000000000000a:3,0.002,0.0025,0.002,0.002,3.0,2026-06-23T10:58:53,0.002,3.0
ip_shuffle,20260623T105853_810294,of:0000000000000007:1 -> of:000000000000000d:5,0.003,0.00375,0.003,0.002,3.1,2026-06-23T10:58:53,0.003,3.43
ip_shuffle,20260623T105853_810294,of:0000000000000002:2 -> of:0000000000000008:2,0.002,0.0025,0.002,0.002,3.03,2026-06-23T10:58:53,0.002,3.03
ip_shuffle,20260623T105853_810294,of:0000000000000003:2 -> of:0000000000000008:3,0.002,0.0025,0.002,0.002,3.03,2026-06-23T10:58:53,0.002,3.03
ip_shuffle,20260623T105853_810294,of:0000000000000008:1 -> of:000000000000000b:6,0.002,0.0025,0.002,0.002,2.13,2026-06-23T10:58:53,0.002,2.13
ip_shuffle,20260623T105853_810294,of:0000000000000004:2 -> of:0000000000000009:2,0.002,0.0025,0.002,0.002,3.03,2026-06-23T10:58:53,0.002,3.03
ip_shuffle,20260623T105853_810294,of:0000000000000002:1 -> of:000000000000000b:4,0.002,0.0025,0.002,0.002,2.23,2026-06-23T10:58:53,0.002,2.2
ip_shuffle,20260623T105853_810294,of:0000000000000009:1 -> of:000000000000000c:6,0.002,0.0025,0.002,0.002,2.2,2026-06-23T10:58:53,0.002,2.16
ip_shuffle,20260623T105951_521096,of:0000000000000004:1 -> of:000000000000000c:4,0.002,0.0025,0.002,0.002,1.93,2026-06-23T10:59:51,0.002,1.86
ip_shuffle,20260623T105951_521096,of:0000000000000005:1 -> of:000000000000000c:5,0.002,0.0025,0.002,0.002,1.53,2026-06-23T10:59:51,0.002,1.46
ip_shuffle,20260623T105951_521096,of:000000000000000a:1 -> of:000000000000000d:6,0.002,0.0025,0.002,0.002,1.5,2026-06-23T10:59:51,0.002,1.53
ip_shuffle,20260623T105951_521096,of:000000000000000b:3 -> of:000000000000000d:2,0.002,0.0025,0.002,0.002,1.7,2026-06-23T10:59:51,0.002,1.7
ip_shuffle,20260623T105951_521096,of:000000000000000c:3 -> of:000000000000000d:3,0.002,0.0025,0.002,0.002,1.66,2026-06-23T10:59:51,0.002,1.66
ip_shuffle,20260623T105951_521096,of:0000000000000005:2 -> of:0000000000000009:3,0.002,0.0025,0.002,0.002,1.7,2026-06-23T10:59:51,0.002,1.7
ip_shuffle,20260623T105951_521096,of:0000000000000001:1 -> of:000000000000000b:1,0.003,0.00375,0.003,0.003,3.43,2026-06-23T10:59:51,0.003,3.46
ip_shuffle,20260623T105951_521096,of:000000000000000b:2 -> of:000000000000000c:2,0.002,0.0025,0.002,0.002,1.63,2026-06-23T10:59:51,0.002,1.63
ip_shuffle,20260623T105951_521096,of:0000000000000001:2 -> of:000000000000000c:1,0.002,0.0025,0.002,0.002,1.73,2026-06-23T10:59:51,0.002,1.8
ip_shuffle,20260623T105951_521096,of:0000000000000006:2 -> of:000000000000000a:2,0.002,0.0025,0.002,0.002,1.66,2026-06-23T10:59:51,0.002,1.66
ip_shuffle,20260623T105951_521096,of:0000000000000001:3 -> of:000000000000000d:1,0.001,0.00125,0.001,0.001,1.46,2026-06-23T10:59:51,0.001,1.46
ip_shuffle,20260623T105951_521096,of:0000000000000003:1 -> of:000000000000000b:5,0.002,0.0025,0.002,0.002,2.46,2026-06-23T10:59:51,0.002,2.43
ip_shuffle,20260623T105951_521096,of:0000000000000006:1 -> of:000000000000000d:4,0.002,0.0025,0.002,0.002,1.5,2026-06-23T10:59:51,0.002,1.53
ip_shuffle,20260623T105951_521096,of:0000000000000007:2 -> of:000000000000000a:3,0.002,0.0025,0.002,0.002,1.66,2026-06-23T10:59:51,0.002,1.66
ip_shuffle,20260623T105951_521096,of:0000000000000007:1 -> of:000000000000000d:5,0.002,0.0025,0.002,0.002,1.5,2026-06-23T10:59:51,0.002,1.53
ip_shuffle,20260623T105951_521096,of:0000000000000002:2 -> of:0000000000000008:2,0.002,0.0025,0.002,0.002,1.63,2026-06-23T10:59:51,0.002,1.63
ip_shuffle,20260623T105951_521096,of:0000000000000003:2 -> of:0000000000000008:3,0.002,0.0025,0.002,0.002,1.63,2026-06-23T10:59:51,0.002,1.63
ip_shuffle,20260623T105951_521096,of:0000000000000008:1 -> of:000000000000000b:6,0.002,0.0025,0.002,0.002,1.5,2026-06-23T10:59:51,0.002,1.5
ip_shuffle,20260623T105951_521096,of:0000000000000004:2 -> of:0000000000000009:2,0.002,0.0025,0.002,0.002,1.7,2026-06-23T10:59:51,0.002,1.7
ip_shuffle,20260623T105951_521096,of:0000000000000002:1 -> of:000000000000000b:4,0.002,0.0025,0.002,0.002,2.46,2026-06-23T10:59:51,0.002,2.43
ip_shuffle,20260623T105951_521096,of:0000000000000009:1 -> of:000000000000000c:6,0.002,0.0025,0.002,0.002,1.5,2026-06-23T10:59:51,0.002,1.46
ip_shuffle,20260623T110055_511114,of:0000000000000004:1 -> of:000000000000000c:4,0.002,0.0025,0.002,0.002,1.8,2026-06-23T11:00:55,0.002,1.76
ip_shuffle,20260623T110055_511114,of:0000000000000005:1 -> of:000000000000000c:5,0.002,0.0025,0.002,0.002,1.8,2026-06-23T11:00:55,0.002,1.76
ip_shuffle,20260623T110055_511114,of:000000000000000a:1 -> of:000000000000000d:6,0.002,0.0025,0.002,0.002,1.76,2026-06-23T11:00:55,0.002,1.9
ip_shuffle,20260623T110055_511114,of:000000000000000b:3 -> of:000000000000000d:2,0.002,0.0025,0.002,0.002,2.4,2026-06-23T11:00:55,0.002,2.4
ip_shuffle,20260623T110055_511114,of:000000000000000c:3 -> of:000000000000000d:3,0.002,0.0025,0.002,0.002,2.4,2026-06-23T11:00:55,0.002,2.4
ip_shuffle,20260623T110055_511114,of:0000000000000005:2 -> of:0000000000000009:3,0.002,0.0025,0.002,0.002,2.3,2026-06-23T11:00:55,0.002,2.3
ip_shuffle,20260623T110055_511114,of:0000000000000001:1 -> of:000000000000000b:1,0.002,0.0025,0.002,0.002,1.76,2026-06-23T11:00:55,0.002,1.83
ip_shuffle,20260623T110055_511114,of:000000000000000b:2 -> of:000000000000000c:2,0.002,0.0025,0.002,0.002,2.2,2026-06-23T11:00:55,0.002,2.2
ip_shuffle,20260623T110055_511114,of:0000000000000001:2 -> of:000000000000000c:1,0.002,0.0025,0.002,0.002,1.76,2026-06-23T11:00:55,0.002,1.83
ip_shuffle,20260623T110055_511114,of:0000000000000006:2 -> of:000000000000000a:2,0.002,0.0025,0.002,0.002,2.3,2026-06-23T11:00:55,0.002,2.3
ip_shuffle,20260623T110055_511114,of:0000000000000001:3 -> of:000000000000000d:1,0.003,0.00375,0.003,0.003,3.33,2026-06-23T11:00:55,0.003,3.4
ip_shuffle,20260623T110055_511114,of:0000000000000003:1 -> of:000000000000000b:5,0.002,0.0025,0.002,0.002,1.8,2026-06-23T11:00:55,0.002,1.76
ip_shuffle,20260623T110055_511114,of:0000000000000006:1 -> of:000000000000000d:4,0.002,0.0025,0.002,0.002,2.06,2026-06-23T11:00:55,0.002,2.03
ip_shuffle,20260623T110055_511114,of:0000000000000007:2 -> of:000000000000000a:3,0.002,0.0025,0.002,0.002,2.26,2026-06-23T11:00:55,0.002,2.26
ip_shuffle,20260623T110055_511114,of:0000000000000007:1 -> of:000000000000000d:5,0.003,0.00375,0.003,0.003,3.2,2026-06-23T11:00:55,0.003,3.16
ip_shuffle,20260623T110055_511114,of:0000000000000002:2 -> of:0000000000000008:2,0.002,0.0025,0.002,0.002,2.3,2026-06-23T11:00:55,0.002,2.3
ip_shuffle,20260623T110055_511114,of:0000000000000003:2 -> of:0000000000000008:3,0.002,0.0025,0.002,0.002,2.3,2026-06-23T11:00:55,0.002,2.3
ip_shuffle,20260623T110055_511114,of:0000000000000008:1 -> of:000000000000000b:6,0.002,0.0025,0.002,0.002,1.7,2026-06-23T11:00:55,0.002,1.7
ip_shuffle,20260623T110055_511114,of:0000000000000004:2 -> of:0000000000000009:2,0.002,0.0025,0.002,0.002,2.3,2026-06-23T11:00:55,0.002,2.3
ip_shuffle,20260623T110055_511114,of:0000000000000002:1 -> of:000000000000000b:4,0.002,0.0025,0.002,0.002,1.8,2026-06-23T11:00:55,0.002,1.76
ip_shuffle,20260623T110055_511114,of:0000000000000009:1 -> of:000000000000000c:6,0.002,0.0025,0.002,0.002,1.7,2026-06-23T11:00:55,0.002,1.7
route_mutation,20260623T110153_323856,of:0000000000000004:1 -> of:000000000000000c:4,0.002,0.0025,0.002,0.002,2.2,2026-06-23T11:01:53,0.002,2.26
route_mutation,20260623T110153_323856,of:0000000000000005:1 -> of:000000000000000c:5,0.002,0.0025,0.002,0.002,2.2,2026-06-23T11:01:53,0.002,2.26
route_mutation,20260623T110153_323856,of:000000000000000a:1 -> of:000000000000000d:6,0.002,0.0025,0.002,0.002,1.56,2026-06-23T11:01:53,0.002,1.6
route_mutation,20260623T110153_323856,of:000000000000000b:3 -> of:000000000000000d:2,0.002,0.0025,0.002,0.002,1.8,2026-06-23T11:01:53,0.002,1.76
route_mutation,20260623T110153_323856,of:000000000000000c:3 -> of:000000000000000d:3,0.002,0.0025,0.002,0.002,1.8,2026-06-23T11:01:53,0.002,1.8
route_mutation,20260623T110153_323856,of:0000000000000005:2 -> of:0000000000000009:3,0.002,0.0025,0.002,0.002,1.56,2026-06-23T11:01:53,0.002,1.56
route_mutation,20260623T110153_323856,of:0000000000000001:1 -> of:000000000000000b:1,0.002,0.0025,0.002,0.002,2.16,2026-06-23T11:01:53,0.002,2.13
route_mutation,20260623T110153_323856,of:000000000000000b:2 -> of:000000000000000c:2,0.002,0.0025,0.002,0.002,1.7,2026-06-23T11:01:53,0.002,1.7
route_mutation,20260623T110153_323856,of:0000000000000001:2 -> of:000000000000000c:1,0.003,0.00375,0.003,0.003,3.13,2026-06-23T11:01:53,0.003,3.06
route_mutation,20260623T110153_323856,of:0000000000000006:2 -> of:000000000000000a:2,0.002,0.0025,0.002,0.002,1.6,2026-06-23T11:01:53,0.002,1.6
route_mutation,20260623T110153_323856,of:0000000000000001:3 -> of:000000000000000d:1,0.002,0.0025,0.002,0.002,1.6,2026-06-23T11:01:53,0.002,1.66
route_mutation,20260623T110153_323856,of:0000000000000003:1 -> of:000000000000000b:5,0.002,0.0025,0.002,0.002,2.03,2026-06-23T11:01:53,0.002,2.06
route_mutation,20260623T110153_323856,of:0000000000000006:1 -> of:000000000000000d:4,0.002,0.0025,0.002,0.002,1.66,2026-06-23T11:01:53,0.002,1.6
route_mutation,20260623T110153_323856,of:0000000000000007:2 -> of:000000000000000a:3,0.002,0.0025,0.002,0.002,1.6,2026-06-23T11:01:53,0.002,1.6
route_mutation,20260623T110153_323856,of:0000000000000007:1 -> of:000000000000000d:5,0.002,0.0025,0.002,0.002,1.5,2026-06-23T11:01:53,0.002,1.53
route_mutation,20260623T110153_323856,of:0000000000000002:2 -> of:0000000000000008:2,0.002,0.0025,0.002,0.002,1.56,2026-06-23T11:01:53,0.002,1.56
route_mutation,20260623T110153_323856,of:0000000000000003:2 -> of:0000000000000008:3,0.002,0.0025,0.002,0.002,1.56,2026-06-23T11:01:53,0.002,1.56
route_mutation,20260623T110153_323856,of:0000000000000008:1 -> of:000000000000000b:6,0.002,0.0025,0.002,0.002,1.5,2026-06-23T11:01:53,0.002,1.5
route_mutation,20260623T110153_323856,of:0000000000000004:2 -> of:0000000000000009:2,0.002,0.0025,0.002,0.002,1.56,2026-06-23T11:01:53,0.002,1.56
route_mutation,20260623T110153_323856,of:0000000000000002:1 -> of:000000000000000b:4,0.001,0.00125,0.001,0.001,1.4,2026-06-23T11:01:53,0.001,1.43
route_mutation,20260623T110153_323856,of:0000000000000009:1 -> of:000000000000000c:6,0.002,0.0025,0.002,0.002,1.5,2026-06-23T11:01:53,0.002,1.53
ip_shuffle,20260623T110223_736780,of:0000000000000004:1 -> of:000000000000000c:4,0.002,0.0025,0.002,0.002,2.16,2026-06-23T11:02:23,0.002,2.16
ip_shuffle,20260623T110223_736780,of:0000000000000005:1 -> of:000000000000000c:5,0.002,0.0025,0.002,0.002,2.16,2026-06-23T11:02:23,0.002,2.16
ip_shuffle,20260623T110223_736780,of:000000000000000a:1 -> of:000000000000000d:6,0.002,0.0025,0.002,0.002,2.16,2026-06-23T11:02:23,0.002,2.16
ip_shuffle,20260623T110223_736780,of:000000000000000b:3 -> of:000000000000000d:2,0.002,0.0025,0.002,0.002,3.06,2026-06-23T11:02:23,0.002,3.1
ip_shuffle,20260623T110223_736780,of:000000000000000c:3 -> of:000000000000000d:3,0.002,0.0025,0.002,0.002,3.06,2026-06-23T11:02:23,0.002,3.06
ip_shuffle,20260623T110223_736780,of:0000000000000005:2 -> of:0000000000000009:3,0.002,0.0025,0.002,0.002,3.06,2026-06-23T11:02:23,0.002,3.06
ip_shuffle,20260623T110223_736780,of:0000000000000001:1 -> of:000000000000000b:1,0.002,0.0025,0.002,0.002,2.2,2026-06-23T11:02:23,0.002,2.16
ip_shuffle,20260623T110223_736780,of:000000000000000b:2 -> of:000000000000000c:2,0.002,0.0025,0.002,0.002,3.03,2026-06-23T11:02:23,0.002,3.03
ip_shuffle,20260623T110223_736780,of:0000000000000001:2 -> of:000000000000000c:1,0.002,0.0025,0.002,0.002,2.16,2026-06-23T11:02:23,0.002,2.16
ip_shuffle,20260623T110223_736780,of:0000000000000006:2 -> of:000000000000000a:2,0.002,0.0025,0.002,0.002,3.06,2026-06-23T11:02:23,0.002,3.06
ip_shuffle,20260623T110223_736780,of:0000000000000001:3 -> of:000000000000000d:1,0.003,0.00375,0.003,0.003,4.4,2026-06-23T11:02:23,0.003,4.4
ip_shuffle,20260623T110223_736780,of:0000000000000003:1 -> of:000000000000000b:5,0.002,0.0025,0.002,0.002,2.16,2026-06-23T11:02:23,0.002,2.2
ip_shuffle,20260623T110223_736780,of:0000000000000006:1 -> of:000000000000000d:4,0.003,0.00375,0.003,0.003,3.4,2026-06-23T11:02:23,0.003,3.46
ip_shuffle,20260623T110223_736780,of:0000000000000007:2 -> of:000000000000000a:3,0.002,0.0025,0.002,0.002,3.06,2026-06-23T11:02:23,0.002,3.06
ip_shuffle,20260623T110223_736780,of:0000000000000007:1 -> of:000000000000000d:5,0.003,0.00375,0.003,0.003,3.23,2026-06-23T11:02:23,0.003,3.16
ip_shuffle,20260623T110223_736780,of:0000000000000002:2 -> of:0000000000000008:2,0.002,0.0025,0.002,0.002,3.06,2026-06-23T11:02:23,0.002,3.06
ip_shuffle,20260623T110223_736780,of:0000000000000003:2 -> of:0000000000000008:3,0.002,0.0025,0.002,0.002,3.06,2026-06-23T11:02:23,0.002,3.06
ip_shuffle,20260623T110223_736780,of:0000000000000008:1 -> of:000000000000000b:6,0.002,0.0025,0.002,0.002,2.1,2026-06-23T11:02:23,0.002,2.13
ip_shuffle,20260623T110223_736780,of:0000000000000004:2 -> of:0000000000000009:2,0.002,0.0025,0.002,0.002,3.06,2026-06-23T11:02:23,0.002,3.06
ip_shuffle,20260623T110223_736780,of:0000000000000002:1 -> of:000000000000000b:4,0.002,0.0025,0.002,0.002,2.16,2026-06-23T11:02:23,0.002,2.2
ip_shuffle,20260623T110223_736780,of:0000000000000009:1 -> of:000000000000000c:6,0.002,0.0025,0.002,0.002,2.1,2026-06-23T11:02:23,0.002,2.1
ip_shuffle,20260623T110321_422094,of:0000000000000004:1 -> of:000000000000000c:4,0.002,0.0025,0.002,0.002,2.13,2026-06-23T11:03:21,0.002,2.13
ip_shuffle,20260623T110321_422094,of:0000000000000005:1 -> of:000000000000000c:5,0.001,0.00125,0.001,0.001,1.46,2026-06-23T11:03:21,0.001,1.46
ip_shuffle,20260623T110321_422094,of:000000000000000a:1 -> of:000000000000000d:6,0.002,0.0025,0.002,0.002,1.53,2026-06-23T11:03:21,0.002,1.53
ip_shuffle,20260623T110321_422094,of:000000000000000b:3 -> of:000000000000000d:2,0.002,0.0025,0.002,0.002,1.73,2026-06-23T11:03:21,0.002,1.73
ip_shuffle,20260623T110321_422094,of:000000000000000c:3 -> of:000000000000000d:3,0.002,0.0025,0.002,0.002,1.73,2026-06-23T11:03:21,0.002,1.73
ip_shuffle,20260623T110321_422094,of:0000000000000005:2 -> of:0000000000000009:3,0.002,0.0025,0.002,0.002,1.66,2026-06-23T11:03:21,0.002,1.66
ip_shuffle,20260623T110321_422094,of:0000000000000001:1 -> of:000000000000000b:1,0.003,0.00375,0.003,0.003,3.59,2026-06-23T11:03:21,0.003,3.59
ip_shuffle,20260623T110321_422094,of:000000000000000b:2 -> of:000000000000000c:2,0.002,0.0025,0.002,0.002,1.73,2026-06-23T11:03:21,0.002,1.73
ip_shuffle,20260623T110321_422094,of:0000000000000001:2 -> of:000000000000000c:1,0.002,0.0025,0.002,0.002,2.13,2026-06-23T11:03:21,0.002,2.13
ip_shuffle,20260623T110321_422094,of:0000000000000006:2 -> of:000000000000000a:2,0.002,0.0025,0.002,0.002,1.66,2026-06-23T11:03:21,0.002,1.66
ip_shuffle,20260623T110321_422094,of:0000000000000001:3 -> of:000000000000000d:1,0.002,0.0025,0.002,0.002,1.53,2026-06-23T11:03:21,0.002,1.53
ip_shuffle,20260623T110321_422094,of:0000000000000003:1 -> of:000000000000000b:5,0.002,0.0025,0.002,0.002,2.5,2026-06-23T11:03:21,0.002,2.5
ip_shuffle,20260623T110321_422094,of:0000000000000006:1 -> of:000000000000000d:4,0.001,0.00125,0.001,0.001,1.46,2026-06-23T11:03:21,0.001,1.46
ip_shuffle,20260623T110321_422094,of:0000000000000007:2 -> of:000000000000000a:3,0.002,0.0025,0.002,0.002,1.73,2026-06-23T11:03:21,0.002,1.73
ip_shuffle,20260623T110321_422094,of:0000000000000007:1 -> of:000000000000000d:5,0.002,0.0025,0.002,0.002,1.53,2026-06-23T11:03:21,0.002,1.53
ip_shuffle,20260623T110321_422094,of:0000000000000002:2 -> of:0000000000000008:2,0.002,0.0025,0.002,0.002,1.66,2026-06-23T11:03:21,0.002,1.66
ip_shuffle,20260623T110321_422094,of:0000000000000003:2 -> of:0000000000000008:3,0.002,0.0025,0.002,0.002,1.66,2026-06-23T11:03:21,0.002,1.66
ip_shuffle,20260623T110321_422094,of:0000000000000008:1 -> of:000000000000000b:6,0.002,0.0025,0.002,0.002,1.53,2026-06-23T11:03:21,0.002,1.53
ip_shuffle,20260623T110321_422094,of:0000000000000004:2 -> of:0000000000000009:2,0.002,0.0025,0.002,0.002,1.66,2026-06-23T11:03:21,0.002,1.66
ip_shuffle,20260623T110321_422094,of:0000000000000002:1 -> of:000000000000000b:4,0.002,0.0025,0.002,0.002,2.5,2026-06-23T11:03:21,0.002,2.5
ip_shuffle,20260623T110321_422094,of:0000000000000009:1 -> of:000000000000000c:6,0.002,0.0025,0.002,0.002,1.53,2026-06-23T11:03:21,0.002,1.53
ip_shuffle,20260623T110418_958307,of:0000000000000004:1 -> of:000000000000000c:4,0.002,0.0025,0.002,0.002,1.8,2026-06-23T11:04:18,0.002,1.73
ip_shuffle,20260623T110418_958307,of:0000000000000005:1 -> of:000000000000000c:5,0.002,0.0025,0.002,0.002,1.8,2026-06-23T11:04:18,0.002,1.73
ip_shuffle,20260623T110418_958307,of:000000000000000a:1 -> of:000000000000000d:6,0.002,0.0025,0.002,0.002,1.7,2026-06-23T11:04:18,0.002,1.66
ip_shuffle,20260623T110418_958307,of:000000000000000b:3 -> of:000000000000000d:2,0.002,0.0025,0.002,0.002,2.06,2026-06-23T11:04:18,0.002,2.06
ip_shuffle,20260623T110418_958307,of:000000000000000c:3 -> of:000000000000000d:3,0.002,0.0025,0.002,0.002,2.06,2026-06-23T11:04:18,0.002,2.06
ip_shuffle,20260623T110418_958307,of:0000000000000005:2 -> of:0000000000000009:3,0.002,0.0025,0.002,0.002,2.23,2026-06-23T11:04:18,0.002,2.23
ip_shuffle,20260623T110418_958307,of:0000000000000001:1 -> of:000000000000000b:1,0.002,0.0025,0.002,0.002,1.66,2026-06-23T11:04:18,0.002,1.73
ip_shuffle,20260623T110418_958307,of:000000000000000b:2 -> of:000000000000000c:2,0.002,0.0025,0.002,0.002,2.13,2026-06-23T11:04:18,0.002,2.13
ip_shuffle,20260623T110418_958307,of:0000000000000001:2 -> of:000000000000000c:1,0.002,0.0025,0.002,0.002,1.66,2026-06-23T11:04:18,0.002,1.73
ip_shuffle,20260623T110418_958307,of:0000000000000006:2 -> of:000000000000000a:2,0.002,0.0025,0.002,0.002,2.2,2026-06-23T11:04:18,0.002,2.2
ip_shuffle,20260623T110418_958307,of:0000000000000001:3 -> of:000000000000000d:1,0.002,0.0025,0.002,0.002,2.83,2026-06-23T11:04:18,0.002,2.76
ip_shuffle,20260623T110418_958307,of:0000000000000003:1 -> of:000000000000000b:5,0.002,0.0025,0.002,0.002,1.8,2026-06-23T11:04:18,0.002,1.73
ip_shuffle,20260623T110418_958307,of:0000000000000006:1 -> of:000000000000000d:4,0.002,0.0025,0.002,0.002,1.7,2026-06-23T11:04:18,0.002,1.66
ip_shuffle,20260623T110418_958307,of:0000000000000007:2 -> of:000000000000000a:3,0.002,0.0025,0.002,0.002,2.2,2026-06-23T11:04:18,0.002,2.2
ip_shuffle,20260623T110418_958307,of:0000000000000007:1 -> of:000000000000000d:5,0.002,0.0025,0.002,0.002,2.8,2026-06-23T11:04:18,0.002,2.83
ip_shuffle,20260623T110418_958307,of:0000000000000002:2 -> of:0000000000000008:2,0.002,0.0025,0.002,0.002,2.23,2026-06-23T11:04:18,0.002,2.23
ip_shuffle,20260623T110418_958307,of:0000000000000003:2 -> of:0000000000000008:3,0.002,0.0025,0.002,0.002,2.23,2026-06-23T11:04:18,0.002,2.23
ip_shuffle,20260623T110418_958307,of:0000000000000008:1 -> of:000000000000000b:6,0.002,0.0025,0.002,0.002,1.76,2026-06-23T11:04:18,0.002,1.73
ip_shuffle,20260623T110418_958307,of:0000000000000004:2 -> of:0000000000000009:2,0.002,0.0025,0.002,0.002,2.23,2026-06-23T11:04:18,0.002,2.23
ip_shuffle,20260623T110418_958307,of:0000000000000002:1 -> of:000000000000000b:4,0.002,0.0025,0.002,0.002,1.8,2026-06-23T11:04:18,0.002,1.73
ip_shuffle,20260623T110418_958307,of:0000000000000009:1 -> of:000000000000000c:6,0.002,0.0025,0.002,0.002,1.76,2026-06-23T11:04:18,0.002,1.73
route_mutation,20260623T110516_636956,of:0000000000000004:1 -> of:000000000000000c:4,0.002,0.0025,0.002,0.002,2.5,2026-06-23T11:05:16,0.002,2.53
route_mutation,20260623T110516_636956,of:0000000000000005:1 -> of:000000000000000c:5,0.002,0.0025,0.002,0.002,2.5,2026-06-23T11:05:16,0.002,2.53
route_mutation,20260623T110516_636956,of:000000000000000a:1 -> of:000000000000000d:6,0.002,0.0025,0.002,0.002,1.73,2026-06-23T11:05:16,0.002,1.76
route_mutation,20260623T110516_636956,of:000000000000000b:3 -> of:000000000000000d:2,0.002,0.0025,0.002,0.002,2.23,2026-06-23T11:05:16,0.002,2.23
route_mutation,20260623T110516_636956,of:000000000000000c:3 -> of:000000000000000d:3,0.002,0.0025,0.002,0.002,2.23,2026-06-23T11:05:16,0.002,2.23
route_mutation,20260623T110516_636956,of:0000000000000005:2 -> of:0000000000000009:3,0.002,0.0025,0.002,0.002,2.16,2026-06-23T11:05:16,0.002,2.16
route_mutation,20260623T110516_636956,of:0000000000000001:1 -> of:000000000000000b:1,0.002,0.0025,0.002,0.002,2.16,2026-06-23T11:05:16,0.002,2.1
route_mutation,20260623T110516_636956,of:000000000000000b:2 -> of:000000000000000c:2,0.002,0.0025,0.002,0.002,2.13,2026-06-23T11:05:16,0.002,2.13
route_mutation,20260623T110516_636956,of:0000000000000001:2 -> of:000000000000000c:1,0.003,0.00375,0.003,0.003,3.33,2026-06-23T11:05:16,0.003,3.26
route_mutation,20260623T110516_636956,of:0000000000000006:2 -> of:000000000000000a:2,0.002,0.0025,0.002,0.002,2.16,2026-06-23T11:05:16,0.002,2.16
route_mutation,20260623T110516_636956,of:0000000000000001:3 -> of:000000000000000d:1,0.002,0.0025,0.002,0.002,2.53,2026-06-23T11:05:16,0.002,2.6
route_mutation,20260623T110516_636956,of:0000000000000003:1 -> of:000000000000000b:5,0.002,0.0025,0.002,0.002,2.03,2026-06-23T11:05:16,0.002,2.1
route_mutation,20260623T110516_636956,of:0000000000000006:1 -> of:000000000000000d:4,0.002,0.0025,0.002,0.002,2.66,2026-06-23T11:05:16,0.002,2.6
route_mutation,20260623T110516_636956,of:0000000000000007:2 -> of:000000000000000a:3,0.002,0.0025,0.002,0.002,2.1,2026-06-23T11:05:16,0.002,2.1
route_mutation,20260623T110516_636956,of:0000000000000007:1 -> of:000000000000000d:5,0.002,0.0025,0.002,0.002,1.7,2026-06-23T11:05:16,0.002,1.76
route_mutation,20260623T110516_636956,of:0000000000000002:2 -> of:0000000000000008:2,0.002,0.0025,0.002,0.002,2.13,2026-06-23T11:05:16,0.002,2.13
route_mutation,20260623T110516_636956,of:0000000000000003:2 -> of:0000000000000008:3,0.002,0.0025,0.002,0.002,2.13,2026-06-23T11:05:16,0.002,2.13
route_mutation,20260623T110516_636956,of:0000000000000008:1 -> of:000000000000000b:6,0.001,0.00125,0.001,0.001,1.66,2026-06-23T11:05:16,0.001,1.66
route_mutation,20260623T110516_636956,of:0000000000000004:2 -> of:0000000000000009:2,0.002,0.0025,0.002,0.002,2.16,2026-06-23T11:05:16,0.002,2.16
route_mutation,20260623T110516_636956,of:0000000000000002:1 -> of:000000000000000b:4,0.002,0.0025,0.002,0.002,1.66,2026-06-23T11:05:16,0.002,1.73
route_mutation,20260623T110516_636956,of:0000000000000009:1 -> of:000000000000000c:6,0.001,0.00125,0.001,0.001,1.66,2026-06-23T11:05:16,0.001,1.66
ip_shuffle,20260623T110546_938491,of:0000000000000004:1 -> of:000000000000000c:4,0.002,0.0025,0.002,0.002,2.1,2026-06-23T11:05:46,0.002,2.06
ip_shuffle,20260623T110546_938491,of:0000000000000005:1 -> of:000000000000000c:5,0.002,0.0025,0.002,0.002,2.1,2026-06-23T11:05:46,0.002,2.06
ip_shuffle,20260623T110546_938491,of:000000000000000a:1 -> of:000000000000000d:6,0.002,0.0025,0.002,0.002,2.0,2026-06-23T11:05:46,0.002,1.96
ip_shuffle,20260623T110546_938491,of:000000000000000b:3 -> of:000000000000000d:2,0.002,0.0025,0.002,0.002,2.7,2026-06-23T11:05:46,0.002,2.7
ip_shuffle,20260623T110546_938491,of:000000000000000c:3 -> of:000000000000000d:3,0.002,0.0025,0.002,0.002,2.7,2026-06-23T11:05:46,0.002,2.7
ip_shuffle,20260623T110546_938491,of:0000000000000005:2 -> of:0000000000000009:3,0.002,0.0025,0.002,0.002,2.86,2026-06-23T11:05:46,0.002,2.86
ip_shuffle,20260623T110546_938491,of:0000000000000001:1 -> of:000000000000000b:1,0.002,0.0025,0.002,0.002,2.06,2026-06-23T11:05:46,0.002,2.13
ip_shuffle,20260623T110546_938491,of:000000000000000b:2 -> of:000000000000000c:2,0.002,0.0025,0.002,0.002,2.8,2026-06-23T11:05:46,0.002,2.8
ip_shuffle,20260623T110546_938491,of:0000000000000001:2 -> of:000000000000000c:1,0.002,0.0025,0.002,0.002,2.1,2026-06-23T11:05:46,0.002,2.16
ip_shuffle,20260623T110546_938491,of:0000000000000006:2 -> of:000000000000000a:2,0.002,0.0025,0.002,0.002,2.83,2026-06-23T11:05:46,0.002,2.83
ip_shuffle,20260623T110546_938491,of:0000000000000001:3 -> of:000000000000000d:1,0.003,0.00375,0.003,0.003,3.96,2026-06-23T11:05:46,0.003,3.89
ip_shuffle,20260623T110546_938491,of:0000000000000003:1 -> of:000000000000000b:5,0.002,0.0025,0.002,0.002,2.16,2026-06-23T11:05:46,0.002,2.1
ip_shuffle,20260623T110546_938491,of:0000000000000006:1 -> of:000000000000000d:4,0.002,0.0025,0.002,0.002,2.43,2026-06-23T11:05:46,0.002,2.5
ip_shuffle,20260623T110546_938491,of:0000000000000007:2 -> of:000000000000000a:3,0.002,0.0025,0.002,0.002,2.86,2026-06-23T11:05:46,0.002,2.86
ip_shuffle,20260623T110546_938491,of:0000000000000007:1 -> of:000000000000000d:5,0.003,0.00375,0.003,0.003,3.43,2026-06-23T11:05:46,0.003,3.36
ip_shuffle,20260623T110546_938491,of:0000000000000002:2 -> of:0000000000000008:2,0.002,0.0025,0.002,0.002,2.86,2026-06-23T11:05:46,0.002,2.86
ip_shuffle,20260623T110546_938491,of:0000000000000003:2 -> of:0000000000000008:3,0.002,0.0025,0.002,0.002,2.86,2026-06-23T11:05:46,0.002,2.86
ip_shuffle,20260623T110546_938491,of:0000000000000008:1 -> of:000000000000000b:6,0.002,0.0025,0.002,0.002,2.06,2026-06-23T11:05:46,0.002,2.06
ip_shuffle,20260623T110546_938491,of:0000000000000004:2 -> of:0000000000000009:2,0.002,0.0025,0.002,0.002,2.83,2026-06-23T11:05:46,0.002,2.83
ip_shuffle,20260623T110546_938491,of:0000000000000002:1 -> of:000000000000000b:4,0.002,0.0025,0.002,0.002,2.13,2026-06-23T11:05:46,0.002,2.06
ip_shuffle,20260623T110546_938491,of:0000000000000009:1 -> of:000000000000000c:6,0.002,0.0025,0.002,0.002,2.06,2026-06-23T11:05:46,0.002,2.06
ip_shuffle,20260623T110651_137149,of:0000000000000004:1 -> of:000000000000000c:4,0.002,0.0025,0.002,0.002,2.23,2026-06-23T11:06:51,0.002,2.26
ip_shuffle,20260623T110651_137149,of:0000000000000005:1 -> of:000000000000000c:5,0.002,0.0025,0.002,0.002,2.23,2026-06-23T11:06:51,0.002,2.26
ip_shuffle,20260623T110651_137149,of:000000000000000a:1 -> of:000000000000000d:6,0.001,0.00125,0.001,0.001,1.47,2026-06-23T11:06:51,0.001,1.5
ip_shuffle,20260623T110651_137149,of:000000000000000b:3 -> of:000000000000000d:2,0.002,0.0025,0.002,0.002,1.7,2026-06-23T11:06:51,0.002,1.7
ip_shuffle,20260623T110651_137149,of:000000000000000c:3 -> of:000000000000000d:3,0.002,0.0025,0.002,0.002,1.7,2026-06-23T11:06:51,0.002,1.7
ip_shuffle,20260623T110651_137149,of:0000000000000005:2 -> of:0000000000000009:3,0.002,0.0025,0.002,0.002,1.63,2026-06-23T11:06:51,0.002,1.63
ip_shuffle,20260623T110651_137149,of:0000000000000001:1 -> of:000000000000000b:1,0.003,0.00375,0.003,0.003,3.16,2026-06-23T11:06:51,0.003,3.1
ip_shuffle,20260623T110651_137149,of:000000000000000b:2 -> of:000000000000000c:2,0.001,0.00125,0.001,0.001,1.6,2026-06-23T11:06:51,0.001,1.6
ip_shuffle,20260623T110651_137149,of:0000000000000001:2 -> of:000000000000000c:1,0.003,0.00375,0.003,0.003,3.06,2026-06-23T11:06:51,0.003,3.0
ip_shuffle,20260623T110651_137149,of:0000000000000006:2 -> of:000000000000000a:2,0.002,0.0025,0.002,0.002,1.63,2026-06-23T11:06:51,0.002,1.63
ip_shuffle,20260623T110651_137149,of:0000000000000001:3 -> of:000000000000000d:1,0.002,0.0025,0.002,0.002,1.57,2026-06-23T11:06:51,0.002,1.7
ip_shuffle,20260623T110651_137149,of:0000000000000003:1 -> of:000000000000000b:5,0.002,0.0025,0.002,0.002,2.46,2026-06-23T11:06:51,0.002,2.5
ip_shuffle,20260623T110651_137149,of:0000000000000006:1 -> of:000000000000000d:4,0.002,0.0025,0.002,0.002,1.73,2026-06-23T11:06:51,0.002,1.63
ip_shuffle,20260623T110651_137149,of:0000000000000007:2 -> of:000000000000000a:3,0.001,0.00125,0.001,0.001,1.57,2026-06-23T11:06:51,0.001,1.57
ip_shuffle,20260623T110651_137149,of:0000000000000007:1 -> of:000000000000000d:5,0.001,0.00125,0.001,0.001,1.47,2026-06-23T11:06:51,0.001,1.5
ip_shuffle,20260623T110651_137149,of:0000000000000002:2 -> of:0000000000000008:2,0.002,0.0025,0.002,0.002,1.63,2026-06-23T11:06:51,0.002,1.63
ip_shuffle,20260623T110651_137149,of:0000000000000003:2 -> of:0000000000000008:3,0.002,0.0025,0.002,0.002,1.63,2026-06-23T11:06:51,0.002,1.63
ip_shuffle,20260623T110651_137149,of:0000000000000008:1 -> of:000000000000000b:6,0.001,0.00125,0.001,0.001,1.4,2026-06-23T11:06:51,0.001,1.4
ip_shuffle,20260623T110651_137149,of:0000000000000004:2 -> of:0000000000000009:2,0.002,0.0025,0.002,0.002,1.63,2026-06-23T11:06:51,0.002,1.63
ip_shuffle,20260623T110651_137149,of:0000000000000002:1 -> of:000000000000000b:4,0.002,0.0025,0.002,0.002,2.03,2026-06-23T11:06:51,0.002,2.06
ip_shuffle,20260623T110651_137149,of:0000000000000009:1 -> of:000000000000000c:6,0.001,0.00125,0.001,0.001,1.4,2026-06-23T11:06:51,0.001,1.4
route_mutation,20260623T110748_879335,of:0000000000000004:1 -> of:000000000000000c:4,0.001,0.00125,0.001,0.001,1.26,2026-06-23T11:07:48,0.001,1.3
route_mutation,20260623T110748_879335,of:0000000000000005:1 -> of:000000000000000c:5,0.001,0.00125,0.001,0.001,1.26,2026-06-23T11:07:48,0.001,1.3
route_mutation,20260623T110748_879335,of:000000000000000a:1 -> of:000000000000000d:6,0.002,0.0025,0.002,0.002,1.36,2026-06-23T11:07:48,0.002,1.36
route_mutation,20260623T110748_879335,of:000000000000000b:3 -> of:000000000000000d:2,0.002,0.0025,0.002,0.002,1.4,2026-06-23T11:07:48,0.002,1.4
route_mutation,20260623T110748_879335,of:000000000000000c:3 -> of:000000000000000d:3,0.002,0.0025,0.002,0.002,1.4,2026-06-23T11:07:48,0.002,1.4
route_mutation,20260623T110748_879335,of:0000000000000005:2 -> of:0000000000000009:3,0.001,0.00125,0.001,0.001,1.3,2026-06-23T11:07:48,0.001,1.3
route_mutation,20260623T110748_879335,of:0000000000000001:1 -> of:000000000000000b:1,0.001,0.00125,0.001,0.001,1.3,2026-06-23T11:07:48,0.001,1.33
route_mutation,20260623T110748_879335,of:000000000000000b:2 -> of:000000000000000c:2,0.002,0.0025,0.002,0.002,1.4,2026-06-23T11:07:48,0.002,1.4
route_mutation,20260623T110748_879335,of:0000000000000001:2 -> of:000000000000000c:1,0.001,0.00125,0.001,0.001,1.3,2026-06-23T11:07:48,0.001,1.3
route_mutation,20260623T110748_879335,of:0000000000000006:2 -> of:000000000000000a:2,0.001,0.00125,0.001,0.001,1.36,2026-06-23T11:07:48,0.001,1.36
route_mutation,20260623T110748_879335,of:0000000000000001:3 -> of:000000000000000d:1,0.002,0.0025,0.002,0.002,1.5,2026-06-23T11:07:48,0.001,1.36
route_mutation,20260623T110748_879335,of:0000000000000003:1 -> of:000000000000000b:5,0.001,0.00125,0.001,0.001,1.26,2026-06-23T11:07:48,0.001,1.3
route_mutation,20260623T110748_879335,of:0000000000000006:1 -> of:000000000000000d:4,0.001,0.00125,0.001,0.001,1.33,2026-06-23T11:07:48,0.001,1.36
route_mutation,20260623T110748_879335,of:0000000000000007:2 -> of:000000000000000a:3,0.001,0.00125,0.001,0.001,1.36,2026-06-23T11:07:48,0.001,1.36
route_mutation,20260623T110748_879335,of:0000000000000007:1 -> of:000000000000000d:5,0.002,0.0025,0.002,0.002,1.43,2026-06-23T11:07:48,0.002,1.53
route_mutation,20260623T110748_879335,of:0000000000000002:2 -> of:0000000000000008:2,0.001,0.00125,0.001,0.001,1.3,2026-06-23T11:07:48,0.001,1.3
route_mutation,20260623T110748_879335,of:0000000000000003:2 -> of:0000000000000008:3,0.001,0.00125,0.001,0.001,1.3,2026-06-23T11:07:48,0.001,1.3
route_mutation,20260623T110748_879335,of:0000000000000008:1 -> of:000000000000000b:6,0.001,0.00125,0.001,0.001,1.36,2026-06-23T11:07:48,0.001,1.36
route_mutation,20260623T110748_879335,of:0000000000000004:2 -> of:0000000000000009:2,0.001,0.00125,0.001,0.001,1.3,2026-06-23T11:07:48,0.001,1.3
route_mutation,20260623T110748_879335,of:0000000000000002:1 -> of:000000000000000b:4,0.001,0.00125,0.001,0.001,1.3,2026-06-23T11:07:48,0.001,1.3
route_mutation,20260623T110748_879335,of:0000000000000009:1 -> of:000000000000000c:6,0.001,0.00125,0.001,0.001,1.36,2026-06-23T11:07:48,0.001,1.36
ip_shuffle,20260623T110819_194279,of:0000000000000004:1 -> of:000000000000000c:4,0.002,0.0025,0.002,0.002,1.8,2026-06-23T11:08:19,0.002,1.77
ip_shuffle,20260623T110819_194279,of:0000000000000005:1 -> of:000000000000000c:5,0.002,0.0025,0.002,0.002,1.53,2026-06-23T11:08:19,0.002,1.5
ip_shuffle,20260623T110819_194279,of:000000000000000a:1 -> of:000000000000000d:6,0.001,0.00125,0.001,0.001,1.43,2026-06-23T11:08:19,0.001,1.43
ip_shuffle,20260623T110819_194279,of:000000000000000b:3 -> of:000000000000000d:2,0.002,0.0025,0.002,0.002,1.6,2026-06-23T11:08:19,0.002,1.6
ip_shuffle,20260623T110819_194279,of:000000000000000c:3 -> of:000000000000000d:3,0.002,0.0025,0.002,0.002,1.67,2026-06-23T11:08:19,0.002,1.67
ip_shuffle,20260623T110819_194279,of:0000000000000005:2 -> of:0000000000000009:3,0.002,0.0025,0.002,0.002,1.63,2026-06-23T11:08:19,0.002,1.63
ip_shuffle,20260623T110819_194279,of:0000000000000001:1 -> of:000000000000000b:1,0.003,0.00375,0.003,0.003,3.46,2026-06-23T11:08:19,0.003,3.46
ip_shuffle,20260623T110819_194279,of:000000000000000b:2 -> of:000000000000000c:2,0.002,0.0025,0.002,0.002,1.6,2026-06-23T11:08:19,0.002,1.6
ip_shuffle,20260623T110819_194279,of:0000000000000001:2 -> of:000000000000000c:1,0.002,0.0025,0.002,0.002,1.7,2026-06-23T11:08:19,0.002,1.73
ip_shuffle,20260623T110819_194279,of:0000000000000006:2 -> of:000000000000000a:2,0.001,0.00125,0.001,0.001,1.57,2026-06-23T11:08:19,0.001,1.57
ip_shuffle,20260623T110819_194279,of:0000000000000001:3 -> of:000000000000000d:1,0.002,0.0025,0.002,0.002,1.5,2026-06-23T11:08:19,0.002,1.53
ip_shuffle,20260623T110819_194279,of:0000000000000003:1 -> of:000000000000000b:5,0.002,0.0025,0.002,0.002,2.46,2026-06-23T11:08:19,0.002,2.43
ip_shuffle,20260623T110819_194279,of:0000000000000006:1 -> of:000000000000000d:4,0.001,0.00125,0.001,0.001,1.47,2026-06-23T11:08:19,0.001,1.43
ip_shuffle,20260623T110819_194279,of:0000000000000007:2 -> of:000000000000000a:3,0.001,0.00125,0.001,0.001,1.57,2026-06-23T11:08:19,0.001,1.57
ip_shuffle,20260623T110819_194279,of:0000000000000007:1 -> of:000000000000000d:5,0.001,0.00125,0.001,0.001,1.47,2026-06-23T11:08:19,0.001,1.43
ip_shuffle,20260623T110819_194279,of:0000000000000002:2 -> of:0000000000000008:2,0.002,0.0025,0.002,0.002,1.63,2026-06-23T11:08:19,0.002,1.63
ip_shuffle,20260623T110819_194279,of:0000000000000003:2 -> of:0000000000000008:3,0.002,0.0025,0.002,0.002,1.63,2026-06-23T11:08:19,0.002,1.63
ip_shuffle,20260623T110819_194279,of:0000000000000008:1 -> of:000000000000000b:6,0.001,0.00125,0.001,0.001,1.37,2026-06-23T11:08:19,0.001,1.37
ip_shuffle,20260623T110819_194279,of:0000000000000004:2 -> of:0000000000000009:2,0.002,0.0025,0.002,0.002,1.63,2026-06-23T11:08:19,0.002,1.63
ip_shuffle,20260623T110819_194279,of:0000000000000002:1 -> of:000000000000000b:4,0.002,0.0025,0.002,0.002,2.46,2026-06-23T11:08:19,0.002,2.46
ip_shuffle,20260623T110819_194279,of:0000000000000009:1 -> of:000000000000000c:6,0.001,0.00125,0.001,0.001,1.43,2026-06-23T11:08:19,0.001,1.43
route_mutation,20260623T110916_834366,of:0000000000000004:1 -> of:000000000000000c:4,0.002,0.0025,0.002,0.002,1.86,2026-06-23T11:09:16,0.002,1.83
route_mutation,20260623T110916_834366,of:0000000000000005:1 -> of:000000000000000c:5,0.002,0.0025,0.002,0.002,1.86,2026-06-23T11:09:16,0.002,1.83
route_mutation,20260623T110916_834366,of:000000000000000a:1 -> of:000000000000000d:6,0.002,0.0025,0.002,0.002,1.9,2026-06-23T11:09:16,0.002,1.86
route_mutation,20260623T110916_834366,of:000000000000000b:3 -> of:000000000000000d:2,0.002,0.0025,0.002,0.002,2.43,2026-06-23T11:09:16,0.002,2.43
route_mutation,20260623T110916_834366,of:000000000000000c:3 -> of:000000000000000d:3,0.002,0.0025,0.002,0.002,2.43,2026-06-23T11:09:16,0.002,2.43
route_mutation,20260623T110916_834366,of:0000000000000005:2 -> of:0000000000000009:3,0.002,0.0025,0.002,0.002,2.43,2026-06-23T11:09:16,0.002,2.43
route_mutation,20260623T110916_834366,of:0000000000000001:1 -> of:000000000000000b:1,0.002,0.0025,0.002,0.002,1.83,2026-06-23T11:09:16,0.002,1.86
route_mutation,20260623T110916_834366,of:000000000000000b:2 -> of:000000000000000c:2,0.002,0.0025,0.002,0.002,2.46,2026-06-23T11:09:16,0.002,2.46
route_mutation,20260623T110916_834366,of:0000000000000001:2 -> of:000000000000000c:1,0.002,0.0025,0.002,0.002,1.83,2026-06-23T11:09:16,0.002,1.86
route_mutation,20260623T110916_834366,of:0000000000000006:2 -> of:000000000000000a:2,0.002,0.0025,0.002,0.002,2.49,2026-06-23T11:09:16,0.002,2.49
route_mutation,20260623T110916_834366,of:0000000000000001:3 -> of:000000000000000d:1,0.003,0.00375,0.003,0.003,3.79,2026-06-23T11:09:16,0.003,3.69
route_mutation,20260623T110916_834366,of:0000000000000003:1 -> of:000000000000000b:5,0.002,0.0025,0.002,0.002,1.86,2026-06-23T11:09:16,0.002,1.83
route_mutation,20260623T110916_834366,of:0000000000000006:1 -> of:000000000000000d:4,0.002,0.0025,0.002,0.002,2.59,2026-06-23T11:09:16,0.002,2.63
route_mutation,20260623T110916_834366,of:0000000000000007:2 -> of:000000000000000a:3,0.002,0.0025,0.002,0.002,2.49,2026-06-23T11:09:16,0.002,2.49
route_mutation,20260623T110916_834366,of:0000000000000007:1 -> of:000000000000000d:5,0.003,0.00375,0.003,0.003,3.29,2026-06-23T11:09:16,0.003,3.26
route_mutation,20260623T110916_834366,of:0000000000000002:2 -> of:0000000000000008:2,0.002,0.0025,0.002,0.002,2.43,2026-06-23T11:09:16,0.002,2.43
route_mutation,20260623T110916_834366,of:0000000000000003:2 -> of:0000000000000008:3,0.002,0.0025,0.002,0.002,2.43,2026-06-23T11:09:16,0.002,2.43
route_mutation,20260623T110916_834366,of:0000000000000008:1 -> of:000000000000000b:6,0.002,0.0025,0.002,0.002,1.9,2026-06-23T11:09:16,0.002,1.9
route_mutation,20260623T110916_834366,of:0000000000000004:2 -> of:0000000000000009:2,0.002,0.0025,0.002,0.002,2.43,2026-06-23T11:09:16,0.002,2.43
route_mutation,20260623T110916_834366,of:0000000000000002:1 -> of:000000000000000b:4,0.002,0.0025,0.002,0.002,1.86,2026-06-23T11:09:16,0.002,1.83
route_mutation,20260623T110916_834366,of:0000000000000009:1 -> of:000000000000000c:6,0.002,0.0025,0.002,0.002,1.9,2026-06-23T11:09:16,0.002,1.9
ip_shuffle,20260623T110947_216080,of:0000000000000004:1 -> of:000000000000000c:4,0.002,0.0025,0.002,0.002,1.43,2026-06-23T11:09:47,0.002,1.43
ip_shuffle,20260623T110947_216080,of:0000000000000005:1 -> of:000000000000000c:5,0.002,0.0025,0.002,0.002,1.43,2026-06-23T11:09:47,0.002,1.43
ip_shuffle,20260623T110947_216080,of:000000000000000a:1 -> of:000000000000000d:6,0.001,0.00125,0.001,0.001,1.36,2026-06-23T11:09:47,0.001,1.36
ip_shuffle,20260623T110947_216080,of:000000000000000b:3 -> of:000000000000000d:2,0.002,0.0025,0.002,0.002,1.53,2026-06-23T11:09:47,0.002,1.53
ip_shuffle,20260623T110947_216080,of:000000000000000c:3 -> of:000000000000000d:3,0.002,0.0025,0.002,0.002,1.53,2026-06-23T11:09:47,0.002,1.53
ip_shuffle,20260623T110947_216080,of:0000000000000005:2 -> of:0000000000000009:3,0.001,0.00125,0.001,0.001,1.46,2026-06-23T11:09:47,0.001,1.46
ip_shuffle,20260623T110947_216080,of:0000000000000001:1 -> of:000000000000000b:1,0.002,0.0025,0.002,0.002,2.26,2026-06-23T11:09:47,0.002,2.26
ip_shuffle,20260623T110947_216080,of:000000000000000b:2 -> of:000000000000000c:2,0.002,0.0025,0.002,0.002,1.53,2026-06-23T11:09:47,0.002,1.53
ip_shuffle,20260623T110947_216080,of:0000000000000001:2 -> of:000000000000000c:1,0.002,0.0025,0.002,0.002,1.43,2026-06-23T11:09:47,0.002,1.43
ip_shuffle,20260623T110947_216080,of:0000000000000006:2 -> of:000000000000000a:2,0.001,0.00125,0.001,0.001,1.4,2026-06-23T11:09:47,0.001,1.4
ip_shuffle,20260623T110947_216080,of:0000000000000001:3 -> of:000000000000000d:1,0.002,0.0025,0.002,0.002,1.43,2026-06-23T11:09:47,0.002,1.43
ip_shuffle,20260623T110947_216080,of:0000000000000003:1 -> of:000000000000000b:5,0.002,0.0025,0.002,0.002,1.43,2026-06-23T11:09:47,0.002,1.43
ip_shuffle,20260623T110947_216080,of:0000000000000006:1 -> of:000000000000000d:4,0.001,0.00125,0.001,0.001,1.36,2026-06-23T11:09:47,0.001,1.36
ip_shuffle,20260623T110947_216080,of:0000000000000007:2 -> of:000000000000000a:3,0.001,0.00125,0.001,0.001,1.4,2026-06-23T11:09:47,0.001,1.4
ip_shuffle,20260623T110947_216080,of:0000000000000007:1 -> of:000000000000000d:5,0.001,0.00125,0.001,0.001,1.36,2026-06-23T11:09:47,0.001,1.36
ip_shuffle,20260623T110947_216080,of:0000000000000002:2 -> of:0000000000000008:2,0.001,0.00125,0.001,0.001,1.46,2026-06-23T11:09:47,0.001,1.46
ip_shuffle,20260623T110947_216080,of:0000000000000003:2 -> of:0000000000000008:3,0.001,0.00125,0.001,0.001,1.46,2026-06-23T11:09:47,0.001,1.46
ip_shuffle,20260623T110947_216080,of:0000000000000008:1 -> of:000000000000000b:6,0.001,0.00125,0.001,0.001,1.36,2026-06-23T11:09:47,0.001,1.36
ip_shuffle,20260623T110947_216080,of:0000000000000004:2 -> of:0000000000000009:2,0.001,0.00125,0.001,0.001,1.46,2026-06-23T11:09:47,0.001,1.46
ip_shuffle,20260623T110947_216080,of:0000000000000002:1 -> of:000000000000000b:4,0.002,0.0025,0.002,0.002,2.33,2026-06-23T11:09:47,0.002,2.33
ip_shuffle,20260623T110947_216080,of:0000000000000009:1 -> of:000000000000000c:6,0.001,0.00125,0.001,0.001,1.36,2026-06-23T11:09:47,0.001,1.36
ip_shuffle,20260623T111045_013372,of:0000000000000004:1 -> of:000000000000000c:4,0.002,0.0025,0.002,0.002,2.1,2026-06-23T11:10:45,0.002,2.06
ip_shuffle,20260623T111045_013372,of:0000000000000005:1 -> of:000000000000000c:5,0.002,0.0025,0.002,0.002,2.1,2026-06-23T11:10:45,0.002,2.06
ip_shuffle,20260623T111045_013372,of:000000000000000a:1 -> of:000000000000000d:6,0.002,0.0025,0.002,0.002,2.06,2026-06-23T11:10:45,0.002,2.06
ip_shuffle,20260623T111045_013372,of:000000000000000b:3 -> of:000000000000000d:2,0.002,0.0025,0.002,0.002,2.79,2026-06-23T11:10:45,0.002,2.79
ip_shuffle,20260623T111045_013372,of:000000000000000c:3 -> of:000000000000000d:3,0.002,0.0025,0.002,0.002,2.79,2026-06-23T11:10:45,0.002,2.79
ip_shuffle,20260623T111045_013372,of:0000000000000005:2 -> of:0000000000000009:3,0.002,0.0025,0.002,0.002,2.83,2026-06-23T11:10:45,0.002,2.83
ip_shuffle,20260623T111045_013372,of:0000000000000001:1 -> of:000000000000000b:1,0.002,0.0025,0.002,0.002,2.0,2026-06-23T11:10:45,0.002,2.06
ip_shuffle,20260623T111045_013372,of:000000000000000b:2 -> of:000000000000000c:2,0.002,0.0025,0.002,0.002,2.79,2026-06-23T11:10:45,0.002,2.79
ip_shuffle,20260623T111045_013372,of:0000000000000001:2 -> of:000000000000000c:1,0.002,0.0025,0.002,0.002,2.0,2026-06-23T11:10:45,0.002,2.06
ip_shuffle,20260623T111045_013372,of:0000000000000006:2 -> of:000000000000000a:2,0.002,0.0025,0.002,0.002,2.83,2026-06-23T11:10:45,0.002,2.83
ip_shuffle,20260623T111045_013372,of:0000000000000001:3 -> of:000000000000000d:1,0.003,0.00375,0.003,0.003,4.49,2026-06-23T11:10:45,0.003,4.42
ip_shuffle,20260623T111045_013372,of:0000000000000003:1 -> of:000000000000000b:5,0.002,0.0025,0.002,0.002,2.06,2026-06-23T11:10:45,0.002,2.0
ip_shuffle,20260623T111045_013372,of:0000000000000006:1 -> of:000000000000000d:4,0.003,0.00375,0.003,0.003,3.29,2026-06-23T11:10:45,0.003,3.33
ip_shuffle,20260623T111045_013372,of:0000000000000007:2 -> of:000000000000000a:3,0.002,0.0025,0.002,0.002,2.83,2026-06-23T11:10:45,0.002,2.83
ip_shuffle,20260623T111045_013372,of:0000000000000007:1 -> of:000000000000000d:5,0.003,0.00375,0.003,0.003,3.53,2026-06-23T11:10:45,0.003,3.49
ip_shuffle,20260623T111045_013372,of:0000000000000002:2 -> of:0000000000000008:2,0.002,0.0025,0.002,0.002,2.83,2026-06-23T11:10:45,0.002,2.83
ip_shuffle,20260623T111045_013372,of:0000000000000003:2 -> of:0000000000000008:3,0.002,0.0025,0.002,0.002,2.83,2026-06-23T11:10:45,0.002,2.83
ip_shuffle,20260623T111045_013372,of:0000000000000008:1 -> of:000000000000000b:6,0.002,0.0025,0.002,0.002,2.1,2026-06-23T11:10:45,0.002,2.06
ip_shuffle,20260623T111045_013372,of:0000000000000004:2 -> of:0000000000000009:2,0.002,0.0025,0.002,0.002,2.83,2026-06-23T11:10:45,0.002,2.83
ip_shuffle,20260623T111045_013372,of:0000000000000002:1 -> of:000000000000000b:4,0.002,0.0025,0.002,0.002,2.06,2026-06-23T11:10:45,0.002,2.0
ip_shuffle,20260623T111045_013372,of:0000000000000009:1 -> of:000000000000000c:6,0.002,0.0025,0.002,0.002,2.06,2026-06-23T11:10:45,0.002,2.06
ip_shuffle,20260623T111142_777290,of:0000000000000004:1 -> of:000000000000000c:4,0.001,0.00125,0.001,0.001,1.43,2026-06-23T11:11:42,0.001,1.43
ip_shuffle,20260623T111142_777290,of:0000000000000005:1 -> of:000000000000000c:5,0.001,0.00125,0.001,0.001,1.43,2026-06-23T11:11:42,0.001,1.43
ip_shuffle,20260623T111142_777290,of:000000000000000a:1 -> of:000000000000000d:6,0.002,0.0025,0.002,0.002,1.5,2026-06-23T11:11:42,0.002,1.5
ip_shuffle,20260623T111142_777290,of:000000000000000b:3 -> of:000000000000000d:2,0.002,0.0025,0.002,0.002,1.66,2026-06-23T11:11:42,0.002,1.66
ip_shuffle,20260623T111142_777290,of:000000000000000c:3 -> of:000000000000000d:3,0.002,0.0025,0.002,0.002,1.66,2026-06-23T11:11:42,0.002,1.66
ip_shuffle,20260623T111142_777290,of:0000000000000005:2 -> of:0000000000000009:3,0.001,0.00125,0.001,0.001,1.53,2026-06-23T11:11:42,0.001,1.53
ip_shuffle,20260623T111142_777290,of:0000000000000001:1 -> of:000000000000000b:1,0.002,0.0025,0.002,0.002,1.6,2026-06-23T11:11:42,0.002,1.7
ip_shuffle,20260623T111142_777290,of:000000000000000b:2 -> of:000000000000000c:2,0.002,0.0025,0.002,0.002,1.66,2026-06-23T11:11:42,0.002,1.66
ip_shuffle,20260623T111142_777290,of:0000000000000001:2 -> of:000000000000000c:1,0.002,0.0025,0.002,0.002,1.5,2026-06-23T11:11:42,0.002,1.46
ip_shuffle,20260623T111142_777290,of:0000000000000006:2 -> of:000000000000000a:2,0.002,0.0025,0.002,0.002,1.6,2026-06-23T11:11:42,0.002,1.6
ip_shuffle,20260623T111142_777290,of:0000000000000001:3 -> of:000000000000000d:1,0.002,0.0025,0.002,0.002,2.16,2026-06-23T11:11:42,0.002,2.13
ip_shuffle,20260623T111142_777290,of:0000000000000003:1 -> of:000000000000000b:5,0.002,0.0025,0.002,0.002,1.46,2026-06-23T11:11:42,0.002,1.5
ip_shuffle,20260623T111142_777290,of:0000000000000006:1 -> of:000000000000000d:4,0.002,0.0025,0.002,0.002,1.53,2026-06-23T11:11:42,0.002,1.53
ip_shuffle,20260623T111142_777290,of:0000000000000007:2 -> of:000000000000000a:3,0.002,0.0025,0.002,0.002,1.6,2026-06-23T11:11:42,0.002,1.6
ip_shuffle,20260623T111142_777290,of:0000000000000007:1 -> of:000000000000000d:5,0.002,0.0025,0.002,0.002,2.13,2026-06-23T11:11:42,0.002,2.13
ip_shuffle,20260623T111142_777290,of:0000000000000002:2 -> of:0000000000000008:2,0.002,0.0025,0.002,0.002,1.56,2026-06-23T11:11:42,0.002,1.56
ip_shuffle,20260623T111142_777290,of:0000000000000003:2 -> of:0000000000000008:3,0.002,0.0025,0.002,0.002,1.56,2026-06-23T11:11:42,0.002,1.56
ip_shuffle,20260623T111142_777290,of:0000000000000008:1 -> of:000000000000000b:6,0.001,0.00125,0.001,0.001,1.43,2026-06-23T11:11:42,0.001,1.43
ip_shuffle,20260623T111142_777290,of:0000000000000004:2 -> of:0000000000000009:2,0.001,0.00125,0.001,0.001,1.53,2026-06-23T11:11:42,0.001,1.53
ip_shuffle,20260623T111142_777290,of:0000000000000002:1 -> of:000000000000000b:4,0.002,0.0025,0.002,0.002,1.7,2026-06-23T11:11:42,0.002,1.6
ip_shuffle,20260623T111142_777290,of:0000000000000009:1 -> of:000000000000000c:6,0.001,0.00125,0.001,0.001,1.43,2026-06-23T11:11:42,0.001,1.43
ip_shuffle,20260623T111240_280250,of:0000000000000004:1 -> of:000000000000000c:4,0.002,0.0025,0.002,0.002,2.26,2026-06-23T11:12:40,0.002,2.2
ip_shuffle,20260623T111240_280250,of:0000000000000005:1 -> of:000000000000000c:5,0.002,0.0025,0.002,0.002,2.3,2026-06-23T11:12:40,0.002,2.23
ip_shuffle,20260623T111240_280250,of:000000000000000a:1 -> of:000000000000000d:6,0.002,0.0025,0.002,0.002,2.23,2026-06-23T11:12:40,0.002,2.2
ip_shuffle,20260623T111240_280250,of:000000000000000b:3 -> of:000000000000000d:2,0.002,0.0025,0.002,0.002,3.06,2026-06-23T11:12:40,0.002,3.06
ip_shuffle,20260623T111240_280250,of:000000000000000c:3 -> of:000000000000000d:3,0.002,0.0025,0.002,0.002,3.06,2026-06-23T11:12:40,0.002,3.06
ip_shuffle,20260623T111240_280250,of:0000000000000005:2 -> of:0000000000000009:3,0.002,0.0025,0.002,0.002,3.2,2026-06-23T11:12:40,0.002,3.2
ip_shuffle,20260623T111240_280250,of:0000000000000001:1 -> of:000000000000000b:1,0.002,0.0025,0.002,0.002,2.13,2026-06-23T11:12:40,0.002,2.16
ip_shuffle,20260623T111240_280250,of:000000000000000b:2 -> of:000000000000000c:2,0.002,0.0025,0.002,0.002,3.06,2026-06-23T11:12:40,0.002,3.06
ip_shuffle,20260623T111240_280250,of:0000000000000001:2 -> of:000000000000000c:1,0.002,0.0025,0.002,0.002,2.23,2026-06-23T11:12:40,0.002,2.26
ip_shuffle,20260623T111240_280250,of:0000000000000006:2 -> of:000000000000000a:2,0.002,0.0025,0.002,0.002,3.16,2026-06-23T11:12:40,0.002,3.16
ip_shuffle,20260623T111240_280250,of:0000000000000001:3 -> of:000000000000000d:1,0.004,0.005,0.004,0.004,4.86,2026-06-23T11:12:40,0.004,4.89
ip_shuffle,20260623T111240_280250,of:0000000000000003:1 -> of:000000000000000b:5,0.002,0.0025,0.002,0.002,2.16,2026-06-23T11:12:40,0.002,2.13
ip_shuffle,20260623T111240_280250,of:0000000000000006:1 -> of:000000000000000d:4,0.003,0.00375,0.003,0.003,4.26,2026-06-23T11:12:40,0.003,4.33
ip_shuffle,20260623T111240_280250,of:0000000000000007:2 -> of:000000000000000a:3,0.002,0.0025,0.002,0.002,3.2,2026-06-23T11:12:40,0.002,3.16
ip_shuffle,20260623T111240_280250,of:0000000000000007:1 -> of:000000000000000d:5,0.003,0.00375,0.003,0.003,3.33,2026-06-23T11:12:40,0.003,3.2
ip_shuffle,20260623T111240_280250,of:0000000000000002:2 -> of:0000000000000008:2,0.002,0.0025,0.002,0.002,3.1,2026-06-23T11:12:40,0.002,3.1
ip_shuffle,20260623T111240_280250,of:0000000000000003:2 -> of:0000000000000008:3,0.002,0.0025,0.002,0.002,3.1,2026-06-23T11:12:40,0.002,3.1
ip_shuffle,20260623T111240_280250,of:0000000000000008:1 -> of:000000000000000b:6,0.002,0.0025,0.002,0.002,2.26,2026-06-23T11:12:40,0.002,2.2
ip_shuffle,20260623T111240_280250,of:0000000000000004:2 -> of:0000000000000009:2,0.002,0.0025,0.002,0.002,3.2,2026-06-23T11:12:40,0.002,3.2
ip_shuffle,20260623T111240_280250,of:0000000000000002:1 -> of:000000000000000b:4,0.002,0.0025,0.002,0.002,2.16,2026-06-23T11:12:40,0.002,2.13
ip_shuffle,20260623T111240_280250,of:0000000000000009:1 -> of:000000000000000c:6,0.002,0.0025,0.002,0.002,2.26,2026-06-23T11:12:40,0.002,2.2
route_mutation,20260623T111344_495406,of:0000000000000004:1 -> of:000000000000000c:4,0.002,0.0025,0.002,0.002,2.2,2026-06-23T11:13:44,0.002,2.16
route_mutation,20260623T111344_495406,of:0000000000000005:1 -> of:000000000000000c:5,0.002,0.0025,0.002,0.002,1.53,2026-06-23T11:13:44,0.002,1.53
route_mutation,20260623T111344_495406,of:000000000000000a:1 -> of:000000000000000d:6,0.001,0.00125,0.001,0.001,1.46,2026-06-23T11:13:44,0.001,1.46
route_mutation,20260623T111344_495406,of:000000000000000b:3 -> of:000000000000000d:2,0.002,0.0025,0.002,0.002,1.73,2026-06-23T11:13:44,0.002,1.73
route_mutation,20260623T111344_495406,of:000000000000000c:3 -> of:000000000000000d:3,0.002,0.0025,0.002,0.002,1.73,2026-06-23T11:13:44,0.002,1.73
route_mutation,20260623T111344_495406,of:0000000000000005:2 -> of:0000000000000009:3,0.002,0.0025,0.002,0.002,1.8,2026-06-23T11:13:44,0.002,1.8
route_mutation,20260623T111344_495406,of:0000000000000001:1 -> of:000000000000000b:1,0.003,0.00375,0.003,0.003,3.6,2026-06-23T11:13:44,0.003,3.6
route_mutation,20260623T111344_495406,of:000000000000000b:2 -> of:000000000000000c:2,0.002,0.0025,0.002,0.002,1.73,2026-06-23T11:13:44,0.002,1.73
route_mutation,20260623T111344_495406,of:0000000000000001:2 -> of:000000000000000c:1,0.002,0.0025,0.002,0.002,2.13,2026-06-23T11:13:44,0.002,2.13
route_mutation,20260623T111344_495406,of:0000000000000006:2 -> of:000000000000000a:2,0.002,0.0025,0.002,0.002,1.8,2026-06-23T11:13:44,0.002,1.8
route_mutation,20260623T111344_495406,of:0000000000000001:3 -> of:000000000000000d:1,0.002,0.0025,0.002,0.002,2.56,2026-06-23T11:13:44,0.002,2.56
route_mutation,20260623T111344_495406,of:0000000000000003:1 -> of:000000000000000b:5,0.002,0.0025,0.002,0.002,2.56,2026-06-23T11:13:44,0.002,2.56
route_mutation,20260623T111344_495406,of:0000000000000006:1 -> of:000000000000000d:4,0.002,0.0025,0.002,0.002,2.16,2026-06-23T11:13:44,0.002,2.16
route_mutation,20260623T111344_495406,of:0000000000000007:2 -> of:000000000000000a:3,0.002,0.0025,0.002,0.002,1.8,2026-06-23T11:13:44,0.002,1.8
route_mutation,20260623T111344_495406,of:0000000000000007:1 -> of:000000000000000d:5,0.002,0.0025,0.002,0.002,1.86,2026-06-23T11:13:44,0.002,1.9
route_mutation,20260623T111344_495406,of:0000000000000002:2 -> of:0000000000000008:2,0.002,0.0025,0.002,0.002,1.86,2026-06-23T11:13:44,0.002,1.86
route_mutation,20260623T111344_495406,of:0000000000000003:2 -> of:0000000000000008:3,0.002,0.0025,0.002,0.002,1.86,2026-06-23T11:13:44,0.002,1.86
route_mutation,20260623T111344_495406,of:0000000000000008:1 -> of:000000000000000b:6,0.002,0.0025,0.002,0.002,1.53,2026-06-23T11:13:44,0.002,1.53
route_mutation,20260623T111344_495406,of:0000000000000004:2 -> of:0000000000000009:2,0.002,0.0025,0.002,0.002,1.8,2026-06-23T11:13:44,0.002,1.8
route_mutation,20260623T111344_495406,of:0000000000000002:1 -> of:000000000000000b:4,0.002,0.0025,0.002,0.002,2.56,2026-06-23T11:13:44,0.002,2.56
route_mutation,20260623T111344_495406,of:0000000000000009:1 -> of:000000000000000c:6,0.001,0.00125,0.001,0.001,1.46,2026-06-23T11:13:44,0.001,1.46
ip_shuffle,20260623T111414_861453,of:0000000000000004:1 -> of:000000000000000c:4,0.002,0.0025,0.002,0.002,2.16,2026-06-23T11:14:14,0.002,2.23
ip_shuffle,20260623T111414_861453,of:0000000000000005:1 -> of:000000000000000c:5,0.002,0.0025,0.002,0.002,2.83,2026-06-23T11:14:14,0.002,2.86
ip_shuffle,20260623T111414_861453,of:000000000000000a:1 -> of:000000000000000d:6,0.002,0.0025,0.002,0.002,2.06,2026-06-23T11:14:14,0.002,2.1
ip_shuffle,20260623T111414_861453,of:000000000000000b:3 -> of:000000000000000d:2,0.002,0.0025,0.002,0.002,2.76,2026-06-23T11:14:14,0.002,2.76
ip_shuffle,20260623T111414_861453,of:000000000000000c:3 -> of:000000000000000d:3,0.002,0.0025,0.002,0.002,2.76,2026-06-23T11:14:14,0.002,2.76
ip_shuffle,20260623T111414_861453,of:0000000000000005:2 -> of:0000000000000009:3,0.002,0.0025,0.002,0.002,2.7,2026-06-23T11:14:14,0.002,2.7
ip_shuffle,20260623T111414_861453,of:0000000000000001:1 -> of:000000000000000b:1,0.002,0.0025,0.002,0.002,2.0,2026-06-23T11:14:14,0.002,1.93
ip_shuffle,20260623T111414_861453,of:000000000000000b:2 -> of:000000000000000c:2,0.002,0.0025,0.002,0.002,2.73,2026-06-23T11:14:14,0.002,2.73
ip_shuffle,20260623T111414_861453,of:0000000000000001:2 -> of:000000000000000c:1,0.002,0.0025,0.002,0.002,3.0,2026-06-23T11:14:14,0.002,2.93
ip_shuffle,20260623T111414_861453,of:0000000000000006:2 -> of:000000000000000a:2,0.002,0.0025,0.002,0.002,2.7,2026-06-23T11:14:14,0.002,2.7
ip_shuffle,20260623T111414_861453,of:0000000000000001:3 -> of:000000000000000d:1,0.003,0.00375,0.003,0.003,3.36,2026-06-23T11:14:14,0.003,3.5
ip_shuffle,20260623T111414_861453,of:0000000000000003:1 -> of:000000000000000b:5,0.002,0.0025,0.002,0.002,1.93,2026-06-23T11:14:14,0.002,2.0
ip_shuffle,20260623T111414_861453,of:0000000000000006:1 -> of:000000000000000d:4,0.003,0.00375,0.003,0.003,3.33,2026-06-23T11:14:14,0.003,3.4
ip_shuffle,20260623T111414_861453,of:0000000000000007:2 -> of:000000000000000a:3,0.002,0.0025,0.002,0.002,2.7,2026-06-23T11:14:14,0.002,2.7
ip_shuffle,20260623T111414_861453,of:0000000000000007:1 -> of:000000000000000d:5,0.002,0.0025,0.002,0.002,2.33,2026-06-23T11:14:14,0.002,2.26
ip_shuffle,20260623T111414_861453,of:0000000000000002:2 -> of:0000000000000008:2,0.002,0.0025,0.002,0.002,2.6,2026-06-23T11:14:14,0.002,2.6
ip_shuffle,20260623T111414_861453,of:0000000000000003:2 -> of:0000000000000008:3,0.002,0.0025,0.002,0.002,2.6,2026-06-23T11:14:14,0.002,2.6
ip_shuffle,20260623T111414_861453,of:0000000000000008:1 -> of:000000000000000b:6,0.002,0.0025,0.002,0.002,2.06,2026-06-23T11:14:14,0.002,2.06
ip_shuffle,20260623T111414_861453,of:0000000000000004:2 -> of:0000000000000009:2,0.002,0.0025,0.002,0.002,2.7,2026-06-23T11:14:14,0.002,2.7
ip_shuffle,20260623T111414_861453,of:0000000000000002:1 -> of:000000000000000b:4,0.002,0.0025,0.002,0.002,1.96,2026-06-23T11:14:14,0.002,2.0
ip_shuffle,20260623T111414_861453,of:0000000000000009:1 -> of:000000000000000c:6,0.002,0.0025,0.002,0.002,2.06,2026-06-23T11:14:14,0.002,2.06
route_mutation,20260623T111512_511608,of:0000000000000004:1 -> of:000000000000000c:4,0.001,0.00125,0.001,0.001,1.43,2026-06-23T11:15:12,0.001,1.43
route_mutation,20260623T111512_511608,of:0000000000000005:1 -> of:000000000000000c:5,0.001,0.00125,0.001,0.001,1.43,2026-06-23T11:15:12,0.001,1.43
route_mutation,20260623T111512_511608,of:000000000000000a:1 -> of:000000000000000d:6,0.001,0.00125,0.001,0.001,1.43,2026-06-23T11:15:12,0.001,1.43
route_mutation,20260623T111512_511608,of:000000000000000b:3 -> of:000000000000000d:2,0.002,0.0025,0.002,0.002,1.6,2026-06-23T11:15:12,0.002,1.6
route_mutation,20260623T111512_511608,of:000000000000000c:3 -> of:000000000000000d:3,0.002,0.0025,0.002,0.002,1.6,2026-06-23T11:15:12,0.002,1.6
route_mutation,20260623T111512_511608,of:0000000000000005:2 -> of:0000000000000009:3,0.002,0.0025,0.002,0.002,1.63,2026-06-23T11:15:12,0.002,1.63
route_mutation,20260623T111512_511608,of:0000000000000001:1 -> of:000000000000000b:1,0.003,0.00375,0.003,0.003,3.06,2026-06-23T11:15:12,0.003,3.06
route_mutation,20260623T111512_511608,of:000000000000000b:2 -> of:000000000000000c:2,0.001,0.00125,0.001,0.001,1.53,2026-06-23T11:15:12,0.001,1.53
route_mutation,20260623T111512_511608,of:0000000000000001:2 -> of:000000000000000c:1,0.001,0.00125,0.001,0.001,1.43,2026-06-23T11:15:12,0.001,1.43
route_mutation,20260623T111512_511608,of:0000000000000006:2 -> of:000000000000000a:2,0.002,0.0025,0.002,0.002,1.6,2026-06-23T11:15:12,0.002,1.6
route_mutation,20260623T111512_511608,of:0000000000000001:3 -> of:000000000000000d:1,0.002,0.0025,0.002,0.002,2.13,2026-06-23T11:15:12,0.002,2.13
route_mutation,20260623T111512_511608,of:0000000000000003:1 -> of:000000000000000b:5,0.002,0.0025,0.002,0.002,2.03,2026-06-23T11:15:12,0.002,2.03
route_mutation,20260623T111512_511608,of:0000000000000006:1 -> of:000000000000000d:4,0.002,0.0025,0.002,0.002,2.16,2026-06-23T11:15:12,0.002,2.16
route_mutation,20260623T111512_511608,of:0000000000000007:2 -> of:000000000000000a:3,0.002,0.0025,0.002,0.002,1.6,2026-06-23T11:15:12,0.002,1.6
route_mutation,20260623T111512_511608,of:0000000000000007:1 -> of:000000000000000d:5,0.002,0.0025,0.002,0.002,1.6,2026-06-23T11:15:12,0.002,1.6
route_mutation,20260623T111512_511608,of:0000000000000002:2 -> of:0000000000000008:2,0.002,0.0025,0.002,0.002,1.66,2026-06-23T11:15:12,0.002,1.66
route_mutation,20260623T111512_511608,of:0000000000000003:2 -> of:0000000000000008:3,0.002,0.0025,0.002,0.002,1.66,2026-06-23T11:15:12,0.002,1.66
route_mutation,20260623T111512_511608,of:0000000000000008:1 -> of:000000000000000b:6,0.001,0.00125,0.001,0.001,1.43,2026-06-23T11:15:12,0.001,1.43
route_mutation,20260623T111512_511608,of:0000000000000004:2 -> of:0000000000000009:2,0.002,0.0025,0.002,0.002,1.6,2026-06-23T11:15:12,0.002,1.6
route_mutation,20260623T111512_511608,of:0000000000000002:1 -> of:000000000000000b:4,0.002,0.0025,0.002,0.002,2.46,2026-06-23T11:15:12,0.002,2.46
route_mutation,20260623T111512_511608,of:0000000000000009:1 -> of:000000000000000c:6,0.001,0.00125,0.001,0.001,1.37,2026-06-23T11:15:12,0.001,1.37
ip_shuffle,20260623T111542_874058,of:0000000000000004:1 -> of:000000000000000c:4,0.002,0.0025,0.002,0.002,2.56,2026-06-23T11:15:42,0.002,2.6
ip_shuffle,20260623T111542_874058,of:0000000000000005:1 -> of:000000000000000c:5,0.002,0.0025,0.002,0.002,2.56,2026-06-23T11:15:42,0.002,2.6
ip_shuffle,20260623T111542_874058,of:000000000000000a:1 -> of:000000000000000d:6,0.002,0.0025,0.002,0.002,1.73,2026-06-23T11:15:42,0.002,1.76
ip_shuffle,20260623T111542_874058,of:000000000000000b:3 -> of:000000000000000d:2,0.002,0.0025,0.002,0.002,2.23,2026-06-23T11:15:42,0.002,2.23
ip_shuffle,20260623T111542_874058,of:000000000000000c:3 -> of:000000000000000d:3,0.002,0.0025,0.002,0.002,2.23,2026-06-23T11:15:42,0.002,2.23
ip_shuffle,20260623T111542_874058,of:0000000000000005:2 -> of:0000000000000009:3,0.002,0.0025,0.002,0.002,2.23,2026-06-23T11:15:42,0.002,2.23
ip_shuffle,20260623T111542_874058,of:0000000000000001:1 -> of:000000000000000b:1,0.002,0.0025,0.002,0.002,2.16,2026-06-23T11:15:42,0.002,2.1
ip_shuffle,20260623T111542_874058,of:000000000000000b:2 -> of:000000000000000c:2,0.002,0.0025,0.002,0.002,2.26,2026-06-23T11:15:42,0.002,2.26
ip_shuffle,20260623T111542_874058,of:0000000000000001:2 -> of:000000000000000c:1,0.003,0.00375,0.003,0.003,3.33,2026-06-23T11:15:42,0.003,3.26
ip_shuffle,20260623T111542_874058,of:0000000000000006:2 -> of:000000000000000a:2,0.002,0.0025,0.002,0.002,2.23,2026-06-23T11:15:42,0.002,2.23
ip_shuffle,20260623T111542_874058,of:0000000000000001:3 -> of:000000000000000d:1,0.002,0.0025,0.002,0.002,2.4,2026-06-23T11:15:42,0.002,2.46
ip_shuffle,20260623T111542_874058,of:0000000000000003:1 -> of:000000000000000b:5,0.002,0.0025,0.002,0.002,2.1,2026-06-23T11:15:42,0.002,2.16
ip_shuffle,20260623T111542_874058,of:0000000000000006:1 -> of:000000000000000d:4,0.002,0.0025,0.002,0.002,2.6,2026-06-23T11:15:42,0.002,2.53
ip_shuffle,20260623T111542_874058,of:0000000000000007:2 -> of:000000000000000a:3,0.002,0.0025,0.002,0.002,2.23,2026-06-23T11:15:42,0.002,2.23
ip_shuffle,20260623T111542_874058,of:0000000000000007:1 -> of:000000000000000d:5,0.002,0.0025,0.002,0.002,1.7,2026-06-23T11:15:42,0.002,1.76
ip_shuffle,20260623T111542_874058,of:0000000000000002:2 -> of:0000000000000008:2,0.002,0.0025,0.002,0.002,2.13,2026-06-23T11:15:42,0.002,2.13
ip_shuffle,20260623T111542_874058,of:0000000000000003:2 -> of:0000000000000008:3,0.002,0.0025,0.002,0.002,2.13,2026-06-23T11:15:42,0.002,2.13
ip_shuffle,20260623T111542_874058,of:0000000000000008:1 -> of:000000000000000b:6,0.002,0.0025,0.002,0.002,1.8,2026-06-23T11:15:42,0.002,1.8
ip_shuffle,20260623T111542_874058,of:0000000000000004:2 -> of:0000000000000009:2,0.002,0.0025,0.002,0.002,2.23,2026-06-23T11:15:42,0.002,2.23
ip_shuffle,20260623T111542_874058,of:0000000000000002:1 -> of:000000000000000b:4,0.002,0.0025,0.002,0.002,1.66,2026-06-23T11:15:42,0.002,1.73
ip_shuffle,20260623T111542_874058,of:0000000000000009:1 -> of:000000000000000c:6,0.002,0.0025,0.002,0.002,1.8,2026-06-23T11:15:42,0.002,1.8
route_mutation,20260623T111640_599081,of:0000000000000004:1 -> of:000000000000000c:4,0.001,0.00125,0.001,0.001,1.43,2026-06-23T11:16:40,0.001,1.36
route_mutation,20260623T111640_599081,of:0000000000000005:1 -> of:000000000000000c:5,0.001,0.00125,0.001,0.001,1.43,2026-06-23T11:16:40,0.001,1.36
route_mutation,20260623T111640_599081,of:000000000000000a:1 -> of:000000000000000d:6,0.001,0.00125,0.001,0.001,1.43,2026-06-23T11:16:40,0.001,1.36
route_mutation,20260623T111640_599081,of:000000000000000b:3 -> of:000000000000000d:2,0.002,0.0025,0.002,0.001,1.5,2026-06-23T11:16:40,0.002,1.53
route_mutation,20260623T111640_599081,of:000000000000000c:3 -> of:000000000000000d:3,0.001,0.00125,0.001,0.001,1.46,2026-06-23T11:16:40,0.001,1.46
route_mutation,20260623T111640_599081,of:0000000000000005:2 -> of:0000000000000009:3,0.002,0.0025,0.002,0.002,1.6,2026-06-23T11:16:40,0.002,1.6
route_mutation,20260623T111640_599081,of:0000000000000001:1 -> of:000000000000000b:1,0.002,0.0025,0.002,0.002,1.8,2026-06-23T11:16:40,0.002,1.8
route_mutation,20260623T111640_599081,of:000000000000000b:2 -> of:000000000000000c:2,0.001,0.00125,0.001,0.001,1.46,2026-06-23T11:16:40,0.001,1.46
route_mutation,20260623T111640_599081,of:0000000000000001:2 -> of:000000000000000c:1,0.001,0.00125,0.001,0.001,1.36,2026-06-23T11:16:40,0.001,1.43
route_mutation,20260623T111640_599081,of:0000000000000006:2 -> of:000000000000000a:2,0.002,0.0025,0.002,0.002,1.6,2026-06-23T11:16:40,0.002,1.6
route_mutation,20260623T111640_599081,of:0000000000000001:3 -> of:000000000000000d:1,0.002,0.0025,0.002,0.002,2.06,2026-06-23T11:16:40,0.002,2.03
route_mutation,20260623T111640_599081,of:0000000000000003:1 -> of:000000000000000b:5,0.001,0.00125,0.001,0.001,1.43,2026-06-23T11:16:40,0.001,1.43
route_mutation,20260623T111640_599081,of:0000000000000006:1 -> of:000000000000000d:4,0.002,0.0025,0.002,0.002,2.03,2026-06-23T11:16:40,0.002,2.06
route_mutation,20260623T111640_599081,of:0000000000000007:2 -> of:000000000000000a:3,0.002,0.0025,0.002,0.002,1.6,2026-06-23T11:16:40,0.002,1.6
route_mutation,20260623T111640_599081,of:0000000000000007:1 -> of:000000000000000d:5,0.002,0.0025,0.002,0.002,1.5,2026-06-23T11:16:40,0.002,1.43
route_mutation,20260623T111640_599081,of:0000000000000002:2 -> of:0000000000000008:2,0.002,0.0025,0.002,0.002,1.6,2026-06-23T11:16:40,0.002,1.6
route_mutation,20260623T111640_599081,of:0000000000000003:2 -> of:0000000000000008:3,0.002,0.0025,0.002,0.002,1.6,2026-06-23T11:16:40,0.002,1.6
route_mutation,20260623T111640_599081,of:0000000000000008:1 -> of:000000000000000b:6,0.001,0.00125,0.001,0.001,1.36,2026-06-23T11:16:40,0.001,1.36
route_mutation,20260623T111640_599081,of:0000000000000004:2 -> of:0000000000000009:2,0.002,0.0025,0.002,0.002,1.6,2026-06-23T11:16:40,0.002,1.6
route_mutation,20260623T111640_599081,of:0000000000000002:1 -> of:000000000000000b:4,0.002,0.0025,0.002,0.002,1.86,2026-06-23T11:16:40,0.002,1.86
route_mutation,20260623T111640_599081,of:0000000000000009:1 -> of:000000000000000c:6,0.001,0.00125,0.001,0.001,1.36,2026-06-23T11:16:40,0.001,1.3
ip_shuffle,20260623T111710_900159,of:0000000000000004:1 -> of:000000000000000c:4,0.002,0.0025,0.002,0.002,2.3,2026-06-23T11:17:10,0.002,2.33
ip_shuffle,20260623T111710_900159,of:0000000000000005:1 -> of:000000000000000c:5,0.002,0.0025,0.002,0.002,2.3,2026-06-23T11:17:10,0.002,2.33
ip_shuffle,20260623T111710_900159,of:000000000000000a:1 -> of:000000000000000d:6,0.001,0.00125,0.001,0.001,1.47,2026-06-23T11:17:10,0.001,1.47
ip_shuffle,20260623T111710_900159,of:000000000000000b:3 -> of:000000000000000d:2,0.002,0.0025,0.002,0.002,1.66,2026-06-23T11:17:10,0.002,1.66
ip_shuffle,20260623T111710_900159,of:000000000000000c:3 -> of:000000000000000d:3,0.002,0.0025,0.002,0.002,1.66,2026-06-23T11:17:10,0.002,1.66
ip_shuffle,20260623T111710_900159,of:0000000000000005:2 -> of:0000000000000009:3,0.002,0.0025,0.002,0.002,1.66,2026-06-23T11:17:10,0.002,1.66
ip_shuffle,20260623T111710_900159,of:0000000000000001:1 -> of:000000000000000b:1,0.003,0.00375,0.003,0.003,3.16,2026-06-23T11:17:10,0.003,3.1
ip_shuffle,20260623T111710_900159,of:000000000000000b:2 -> of:000000000000000c:2,0.002,0.0025,0.002,0.002,1.73,2026-06-23T11:17:10,0.002,1.73
ip_shuffle,20260623T111710_900159,of:0000000000000001:2 -> of:000000000000000c:1,0.003,0.00375,0.003,0.003,3.06,2026-06-23T11:17:10,0.003,3.0
ip_shuffle,20260623T111710_900159,of:0000000000000006:2 -> of:000000000000000a:2,0.002,0.0025,0.002,0.002,1.7,2026-06-23T11:17:10,0.002,1.7
ip_shuffle,20260623T111710_900159,of:0000000000000001:3 -> of:000000000000000d:1,0.001,0.00125,0.001,0.001,1.4,2026-06-23T11:17:10,0.001,1.47
ip_shuffle,20260623T111710_900159,of:0000000000000003:1 -> of:000000000000000b:5,0.002,0.0025,0.002,0.002,2.5,2026-06-23T11:17:10,0.002,2.56
ip_shuffle,20260623T111710_900159,of:0000000000000006:1 -> of:000000000000000d:4,0.002,0.0025,0.002,0.002,1.57,2026-06-23T11:17:10,0.002,1.53
ip_shuffle,20260623T111710_900159,of:0000000000000007:2 -> of:000000000000000a:3,0.002,0.0025,0.002,0.002,1.7,2026-06-23T11:17:10,0.002,1.7
ip_shuffle,20260623T111710_900159,of:0000000000000007:1 -> of:000000000000000d:5,0.001,0.00125,0.001,0.001,1.43,2026-06-23T11:17:10,0.001,1.47
ip_shuffle,20260623T111710_900159,of:0000000000000002:2 -> of:0000000000000008:2,0.002,0.0025,0.002,0.002,1.63,2026-06-23T11:17:10,0.002,1.63
ip_shuffle,20260623T111710_900159,of:0000000000000003:2 -> of:0000000000000008:3,0.002,0.0025,0.002,0.002,1.63,2026-06-23T11:17:10,0.002,1.63
ip_shuffle,20260623T111710_900159,of:0000000000000008:1 -> of:000000000000000b:6,0.002,0.0025,0.002,0.002,1.5,2026-06-23T11:17:10,0.002,1.53
ip_shuffle,20260623T111710_900159,of:0000000000000004:2 -> of:0000000000000009:2,0.002,0.0025,0.002,0.002,1.66,2026-06-23T11:17:10,0.002,1.66
ip_shuffle,20260623T111710_900159,of:0000000000000002:1 -> of:000000000000000b:4,0.002,0.0025,0.002,0.002,2.06,2026-06-23T11:17:10,0.002,2.13
ip_shuffle,20260623T111710_900159,of:0000000000000009:1 -> of:000000000000000c:6,0.002,0.0025,0.002,0.002,1.5,2026-06-23T11:17:10,0.002,1.53
route_mutation,20260623T111808_533701,of:0000000000000004:1 -> of:000000000000000c:4,0.001,0.00125,0.001,0.001,1.4,2026-06-23T11:18:08,0.001,1.37
route_mutation,20260623T111808_533701,of:0000000000000005:1 -> of:000000000000000c:5,0.001,0.00125,0.001,0.001,1.4,2026-06-23T11:18:08,0.001,1.37
route_mutation,20260623T111808_533701,of:000000000000000a:1 -> of:000000000000000d:6,0.001,0.00125,0.001,0.001,1.37,2026-06-23T11:18:08,0.001,1.37
route_mutation,20260623T111808_533701,of:000000000000000b:3 -> of:000000000000000d:2,0.001,0.00125,0.001,0.001,1.47,2026-06-23T11:18:08,0.001,1.47
route_mutation,20260623T111808_533701,of:000000000000000c:3 -> of:000000000000000d:3,0.001,0.00125,0.001,0.001,1.47,2026-06-23T11:18:08,0.001,1.47
route_mutation,20260623T111808_533701,of:0000000000000005:2 -> of:0000000000000009:3,0.001,0.00125,0.001,0.001,1.53,2026-06-23T11:18:08,0.001,1.53
route_mutation,20260623T111808_533701,of:0000000000000001:1 -> of:000000000000000b:1,0.001,0.00125,0.001,0.001,1.37,2026-06-23T11:18:08,0.001,1.43
route_mutation,20260623T111808_533701,of:000000000000000b:2 -> of:000000000000000c:2,0.001,0.00125,0.001,0.001,1.4,2026-06-23T11:18:08,0.001,1.4
route_mutation,20260623T111808_533701,of:0000000000000001:2 -> of:000000000000000c:1,0.001,0.00125,0.001,0.001,1.37,2026-06-23T11:18:08,0.001,1.43
route_mutation,20260623T111808_533701,of:0000000000000006:2 -> of:000000000000000a:2,0.001,0.00125,0.001,0.001,1.5,2026-06-23T11:18:08,0.001,1.5
route_mutation,20260623T111808_533701,of:0000000000000001:3 -> of:000000000000000d:1,0.002,0.0025,0.002,0.002,2.43,2026-06-23T11:18:08,0.002,2.33
route_mutation,20260623T111808_533701,of:0000000000000003:1 -> of:000000000000000b:5,0.001,0.00125,0.001,0.001,1.43,2026-06-23T11:18:08,0.001,1.37
route_mutation,20260623T111808_533701,of:0000000000000006:1 -> of:000000000000000d:4,0.002,0.0025,0.002,0.002,1.47,2026-06-23T11:18:08,0.002,1.43
route_mutation,20260623T111808_533701,of:0000000000000007:2 -> of:000000000000000a:3,0.001,0.00125,0.001,0.001,1.5,2026-06-23T11:18:08,0.001,1.5
route_mutation,20260623T111808_533701,of:0000000000000007:1 -> of:000000000000000d:5,0.002,0.0025,0.002,0.002,2.26,2026-06-23T11:18:08,0.002,2.3
route_mutation,20260623T111808_533701,of:0000000000000002:2 -> of:0000000000000008:2,0.002,0.0025,0.002,0.002,1.57,2026-06-23T11:18:08,0.002,1.57
route_mutation,20260623T111808_533701,of:0000000000000003:2 -> of:0000000000000008:3,0.002,0.0025,0.002,0.002,1.57,2026-06-23T11:18:08,0.002,1.57
route_mutation,20260623T111808_533701,of:0000000000000008:1 -> of:000000000000000b:6,0.001,0.00125,0.001,0.001,1.33,2026-06-23T11:18:08,0.001,1.3
route_mutation,20260623T111808_533701,of:0000000000000004:2 -> of:0000000000000009:2,0.001,0.00125,0.001,0.001,1.53,2026-06-23T11:18:08,0.001,1.53
route_mutation,20260623T111808_533701,of:0000000000000002:1 -> of:000000000000000b:4,0.001,0.00125,0.001,0.001,1.43,2026-06-23T11:18:08,0.001,1.37
route_mutation,20260623T111808_533701,of:0000000000000009:1 -> of:000000000000000c:6,0.001,0.00125,0.001,0.001,1.33,2026-06-23T11:18:08,0.001,1.3
ip_shuffle,20260623T111838_837947,of:0000000000000004:1 -> of:000000000000000c:4,0.002,0.0025,0.002,0.002,2.2,2026-06-23T11:18:38,0.002,2.2
ip_shuffle,20260623T111838_837947,of:0000000000000005:1 -> of:000000000000000c:5,0.002,0.0025,0.002,0.002,1.53,2026-06-23T11:18:38,0.002,1.53
ip_shuffle,20260623T111838_837947,of:000000000000000a:1 -> of:000000000000000d:6,0.001,0.00125,0.001,0.001,1.47,2026-06-23T11:18:38,0.001,1.47
ip_shuffle,20260623T111838_837947,of:000000000000000b:3 -> of:000000000000000d:2,0.002,0.0025,0.002,0.002,1.67,2026-06-23T11:18:38,0.002,1.67
ip_shuffle,20260623T111838_837947,of:000000000000000c:3 -> of:000000000000000d:3,0.002,0.0025,0.002,0.002,1.67,2026-06-23T11:18:38,0.002,1.67
ip_shuffle,20260623T111838_837947,of:0000000000000005:2 -> of:0000000000000009:3,0.002,0.0025,0.002,0.002,1.73,2026-06-23T11:18:38,0.002,1.73
ip_shuffle,20260623T111838_837947,of:0000000000000001:1 -> of:000000000000000b:1,0.003,0.00375,0.003,0.003,3.53,2026-06-23T11:18:38,0.003,3.53
ip_shuffle,20260623T111838_837947,of:000000000000000b:2 -> of:000000000000000c:2,0.002,0.0025,0.002,0.002,1.73,2026-06-23T11:18:38,0.002,1.73
ip_shuffle,20260623T111838_837947,of:0000000000000001:2 -> of:000000000000000c:1,0.002,0.0025,0.002,0.002,2.06,2026-06-23T11:18:38,0.002,2.06
ip_shuffle,20260623T111838_837947,of:0000000000000006:2 -> of:000000000000000a:2,0.002,0.0025,0.002,0.002,1.73,2026-06-23T11:18:38,0.002,1.73
ip_shuffle,20260623T111838_837947,of:0000000000000001:3 -> of:000000000000000d:1,0.001,0.00125,0.001,0.001,1.4,2026-06-23T11:18:38,0.001,1.4
ip_shuffle,20260623T111838_837947,of:0000000000000003:1 -> of:000000000000000b:5,0.002,0.0025,0.002,0.002,2.56,2026-06-23T11:18:38,0.002,2.56
ip_shuffle,20260623T111838_837947,of:0000000000000006:1 -> of:000000000000000d:4,0.001,0.00125,0.001,0.001,1.47,2026-06-23T11:18:38,0.001,1.47
ip_shuffle,20260623T111838_837947,of:0000000000000007:2 -> of:000000000000000a:3,0.002,0.0025,0.002,0.002,1.73,2026-06-23T11:18:38,0.002,1.73
ip_shuffle,20260623T111838_837947,of:0000000000000007:1 -> of:000000000000000d:5,0.001,0.00125,0.001,0.001,1.47,2026-06-23T11:18:38,0.001,1.47
ip_shuffle,20260623T111838_837947,of:0000000000000002:2 -> of:0000000000000008:2,0.002,0.0025,0.002,0.002,1.73,2026-06-23T11:18:38,0.002,1.73
ip_shuffle,20260623T111838_837947,of:0000000000000003:2 -> of:0000000000000008:3,0.002,0.0025,0.002,0.002,1.73,2026-06-23T11:18:38,0.002,1.73
ip_shuffle,20260623T111838_837947,of:0000000000000008:1 -> of:000000000000000b:6,0.002,0.0025,0.002,0.002,1.53,2026-06-23T11:18:38,0.002,1.53
ip_shuffle,20260623T111838_837947,of:0000000000000004:2 -> of:0000000000000009:2,0.002,0.0025,0.002,0.002,1.73,2026-06-23T11:18:38,0.002,1.73
ip_shuffle,20260623T111838_837947,of:0000000000000002:1 -> of:000000000000000b:4,0.002,0.0025,0.002,0.002,2.56,2026-06-23T11:18:38,0.002,2.56
ip_shuffle,20260623T111838_837947,of:0000000000000009:1 -> of:000000000000000c:6,0.002,0.0025,0.002,0.002,1.53,2026-06-23T11:18:38,0.002,1.53
ip_shuffle,20260623T111949_710991,of:0000000000000004:1 -> of:000000000000000c:4,0.002,0.0025,0.002,0.002,1.43,2026-06-23T11:19:49,0.002,1.43
ip_shuffle,20260623T111949_710991,of:0000000000000005:1 -> of:000000000000000c:5,0.002,0.0025,0.002,0.002,1.43,2026-06-23T11:19:49,0.002,1.43
ip_shuffle,20260623T111949_710991,of:000000000000000a:1 -> of:000000000000000d:6,0.001,0.00125,0.001,0.001,1.36,2026-06-23T11:19:49,0.001,1.36
ip_shuffle,20260623T111949_710991,of:000000000000000b:3 -> of:000000000000000d:2,0.001,0.00125,0.001,0.001,1.46,2026-06-23T11:19:49,0.001,1.46
ip_shuffle,20260623T111949_710991,of:000000000000000c:3 -> of:000000000000000d:3,0.001,0.00125,0.001,0.001,1.46,2026-06-23T11:19:49,0.001,1.46
ip_shuffle,20260623T111949_710991,of:0000000000000005:2 -> of:0000000000000009:3,0.002,0.0025,0.002,0.002,1.53,2026-06-23T11:19:49,0.002,1.53
ip_shuffle,20260623T111949_710991,of:0000000000000001:1 -> of:000000000000000b:1,0.002,0.0025,0.002,0.002,2.06,2026-06-23T11:19:49,0.002,2.06
ip_shuffle,20260623T111949_710991,of:000000000000000b:2 -> of:000000000000000c:2,0.002,0.0025,0.002,0.002,1.53,2026-06-23T11:19:49,0.002,1.53
ip_shuffle,20260623T111949_710991,of:0000000000000001:2 -> of:000000000000000c:1,0.001,0.00125,0.001,0.001,1.36,2026-06-23T11:19:49,0.001,1.36
ip_shuffle,20260623T111949_710991,of:0000000000000006:2 -> of:000000000000000a:2,0.002,0.0025,0.002,0.002,1.53,2026-06-23T11:19:49,0.002,1.53
ip_shuffle,20260623T111949_710991,of:0000000000000001:3 -> of:000000000000000d:1,0.001,0.00125,0.001,0.001,1.3,2026-06-23T11:19:49,0.001,1.3
ip_shuffle,20260623T111949_710991,of:0000000000000003:1 -> of:000000000000000b:5,0.002,0.0025,0.002,0.002,1.43,2026-06-23T11:19:49,0.002,1.43
ip_shuffle,20260623T111949_710991,of:0000000000000006:1 -> of:000000000000000d:4,0.001,0.00125,0.001,0.001,1.36,2026-06-23T11:19:49,0.001,1.36
ip_shuffle,20260623T111949_710991,of:0000000000000007:2 -> of:000000000000000a:3,0.002,0.0025,0.002,0.002,1.53,2026-06-23T11:19:49,0.002,1.53
ip_shuffle,20260623T111949_710991,of:0000000000000007:1 -> of:000000000000000d:5,0.001,0.00125,0.001,0.001,1.36,2026-06-23T11:19:49,0.001,1.36
ip_shuffle,20260623T111949_710991,of:0000000000000002:2 -> of:0000000000000008:2,0.002,0.0025,0.002,0.002,1.53,2026-06-23T11:19:49,0.002,1.53
ip_shuffle,20260623T111949_710991,of:0000000000000003:2 -> of:0000000000000008:3,0.002,0.0025,0.002,0.002,1.53,2026-06-23T11:19:49,0.002,1.53
ip_shuffle,20260623T111949_710991,of:0000000000000008:1 -> of:000000000000000b:6,0.002,0.0025,0.002,0.002,1.43,2026-06-23T11:19:49,0.002,1.43
ip_shuffle,20260623T111949_710991,of:0000000000000004:2 -> of:0000000000000009:2,0.002,0.0025,0.002,0.002,1.53,2026-06-23T11:19:49,0.002,1.53
ip_shuffle,20260623T111949_710991,of:0000000000000002:1 -> of:000000000000000b:4,0.002,0.0025,0.002,0.002,2.2,2026-06-23T11:19:49,0.002,2.2
ip_shuffle,20260623T111949_710991,of:0000000000000009:1 -> of:000000000000000c:6,0.002,0.0025,0.002,0.002,1.43,2026-06-23T11:19:49,0.002,1.43
ip_shuffle,20260623T112053_832530,of:0000000000000004:1 -> of:000000000000000c:4,0.002,0.0025,0.002,0.002,2.16,2026-06-23T11:20:53,0.002,2.16
ip_shuffle,20260623T112053_832530,of:0000000000000005:1 -> of:000000000000000c:5,0.002,0.0025,0.002,0.002,2.16,2026-06-23T11:20:53,0.002,2.16
ip_shuffle,20260623T112053_832530,of:000000000000000a:1 -> of:000000000000000d:6,0.002,0.0025,0.002,0.002,2.16,2026-06-23T11:20:53,0.002,2.16
ip_shuffle,20260623T112053_832530,of:000000000000000b:3 -> of:000000000000000d:2,0.002,0.0025,0.002,0.002,3.06,2026-06-23T11:20:53,0.002,3.06
ip_shuffle,20260623T112053_832530,of:000000000000000c:3 -> of:000000000000000d:3,0.002,0.0025,0.002,0.002,3.06,2026-06-23T11:20:53,0.002,3.06
ip_shuffle,20260623T112053_832530,of:0000000000000005:2 -> of:0000000000000009:3,0.002,0.0025,0.002,0.002,3.06,2026-06-23T11:20:53,0.002,3.06
ip_shuffle,20260623T112053_832530,of:0000000000000001:1 -> of:000000000000000b:1,0.002,0.0025,0.002,0.002,2.16,2026-06-23T11:20:53,0.002,2.16
ip_shuffle,20260623T112053_832530,of:000000000000000b:2 -> of:000000000000000c:2,0.002,0.0025,0.002,0.002,3.0,2026-06-23T11:20:53,0.002,3.0
ip_shuffle,20260623T112053_832530,of:0000000000000001:2 -> of:000000000000000c:1,0.002,0.0025,0.002,0.002,2.16,2026-06-23T11:20:53,0.002,2.16
ip_shuffle,20260623T112053_832530,of:0000000000000006:2 -> of:000000000000000a:2,0.002,0.0025,0.002,0.002,3.06,2026-06-23T11:20:53,0.002,3.06
ip_shuffle,20260623T112053_832530,of:0000000000000001:3 -> of:000000000000000d:1,0.003,0.00375,0.003,0.003,4.4,2026-06-23T11:20:53,0.003,4.43
ip_shuffle,20260623T112053_832530,of:0000000000000003:1 -> of:000000000000000b:5,0.002,0.0025,0.002,0.002,2.16,2026-06-23T11:20:53,0.002,2.16
ip_shuffle,20260623T112053_832530,of:0000000000000006:1 -> of:000000000000000d:4,0.003,0.00375,0.003,0.003,3.23,2026-06-23T11:20:53,0.003,3.36
ip_shuffle,20260623T112053_832530,of:0000000000000007:2 -> of:000000000000000a:3,0.002,0.0025,0.002,0.002,3.0,2026-06-23T11:20:53,0.002,3.0
ip_shuffle,20260623T112053_832530,of:0000000000000007:1 -> of:000000000000000d:5,0.003,0.00375,0.003,0.003,3.33,2026-06-23T11:20:53,0.003,3.26
ip_shuffle,20260623T112053_832530,of:0000000000000002:2 -> of:0000000000000008:2,0.002,0.0025,0.002,0.002,3.06,2026-06-23T11:20:53,0.002,3.06
ip_shuffle,20260623T112053_832530,of:0000000000000003:2 -> of:0000000000000008:3,0.002,0.0025,0.002,0.002,3.06,2026-06-23T11:20:53,0.002,3.06
ip_shuffle,20260623T112053_832530,of:0000000000000008:1 -> of:000000000000000b:6,0.002,0.0025,0.002,0.002,2.1,2026-06-23T11:20:53,0.002,2.1
ip_shuffle,20260623T112053_832530,of:0000000000000004:2 -> of:0000000000000009:2,0.002,0.0025,0.002,0.002,3.06,2026-06-23T11:20:53,0.002,3.06
ip_shuffle,20260623T112053_832530,of:0000000000000002:1 -> of:000000000000000b:4,0.002,0.0025,0.002,0.002,2.16,2026-06-23T11:20:53,0.002,2.16
ip_shuffle,20260623T112053_832530,of:0000000000000009:1 -> of:000000000000000c:6,0.002,0.0025,0.002,0.002,2.1,2026-06-23T11:20:53,0.002,2.1
route_mutation,20260623T112157_918972,of:0000000000000004:1 -> of:000000000000000c:4,0.002,0.0025,0.002,0.002,2.26,2026-06-23T11:21:57,0.002,2.26
route_mutation,20260623T112157_918972,of:0000000000000005:1 -> of:000000000000000c:5,0.002,0.0025,0.002,0.002,1.6,2026-06-23T11:21:57,0.002,1.63
route_mutation,20260623T112157_918972,of:000000000000000a:1 -> of:000000000000000d:6,0.002,0.0025,0.002,0.002,1.53,2026-06-23T11:21:57,0.002,1.53
route_mutation,20260623T112157_918972,of:000000000000000b:3 -> of:000000000000000d:2,0.002,0.0025,0.002,0.002,1.73,2026-06-23T11:21:57,0.002,1.73
route_mutation,20260623T112157_918972,of:000000000000000c:3 -> of:000000000000000d:3,0.002,0.0025,0.002,0.002,1.73,2026-06-23T11:21:57,0.002,1.73
route_mutation,20260623T112157_918972,of:0000000000000005:2 -> of:0000000000000009:3,0.002,0.0025,0.002,0.002,1.66,2026-06-23T11:21:57,0.002,1.66
route_mutation,20260623T112157_918972,of:0000000000000001:1 -> of:000000000000000b:1,0.003,0.00375,0.003,0.003,3.6,2026-06-23T11:21:57,0.003,3.6
route_mutation,20260623T112157_918972,of:000000000000000b:2 -> of:000000000000000c:2,0.002,0.0025,0.002,0.002,1.73,2026-06-23T11:21:57,0.002,1.73
route_mutation,20260623T112157_918972,of:0000000000000001:2 -> of:000000000000000c:1,0.002,0.0025,0.002,0.002,2.5,2026-06-23T11:21:57,0.002,2.46
route_mutation,20260623T112157_918972,of:0000000000000006:2 -> of:000000000000000a:2,0.002,0.0025,0.002,0.002,1.66,2026-06-23T11:21:57,0.002,1.66
route_mutation,20260623T112157_918972,of:0000000000000001:3 -> of:000000000000000d:1,0.002,0.0025,0.002,0.002,1.53,2026-06-23T11:21:57,0.002,1.53
route_mutation,20260623T112157_918972,of:0000000000000003:1 -> of:000000000000000b:5,0.002,0.0025,0.002,0.002,2.5,2026-06-23T11:21:57,0.002,2.5
route_mutation,20260623T112157_918972,of:0000000000000006:1 -> of:000000000000000d:4,0.001,0.00125,0.001,0.001,1.47,2026-06-23T11:21:57,0.001,1.47
route_mutation,20260623T112157_918972,of:0000000000000007:2 -> of:000000000000000a:3,0.002,0.0025,0.002,0.002,1.73,2026-06-23T11:21:57,0.002,1.73
route_mutation,20260623T112157_918972,of:0000000000000007:1 -> of:000000000000000d:5,0.002,0.0025,0.002,0.002,1.53,2026-06-23T11:21:57,0.002,1.53
route_mutation,20260623T112157_918972,of:0000000000000002:2 -> of:0000000000000008:2,0.002,0.0025,0.002,0.002,1.66,2026-06-23T11:21:57,0.002,1.66
route_mutation,20260623T112157_918972,of:0000000000000003:2 -> of:0000000000000008:3,0.002,0.0025,0.002,0.002,1.66,2026-06-23T11:21:57,0.002,1.66
route_mutation,20260623T112157_918972,of:0000000000000008:1 -> of:000000000000000b:6,0.002,0.0025,0.002,0.002,1.53,2026-06-23T11:21:57,0.002,1.53
route_mutation,20260623T112157_918972,of:0000000000000004:2 -> of:0000000000000009:2,0.002,0.0025,0.002,0.002,1.66,2026-06-23T11:21:57,0.002,1.66
route_mutation,20260623T112157_918972,of:0000000000000002:1 -> of:000000000000000b:4,0.002,0.0025,0.002,0.002,2.5,2026-06-23T11:21:57,0.002,2.5
route_mutation,20260623T112157_918972,of:0000000000000009:1 -> of:000000000000000c:6,0.002,0.0025,0.002,0.002,1.53,2026-06-23T11:21:57,0.002,1.53
route_mutation,20260623T112228_228635,of:0000000000000004:1 -> of:000000000000000c:4,0.002,0.0025,0.002,0.002,1.99,2026-06-23T11:22:28,0.002,2.03
route_mutation,20260623T112228_228635,of:0000000000000005:1 -> of:000000000000000c:5,0.002,0.0025,0.002,0.002,2.66,2026-06-23T11:22:28,0.002,2.66
route_mutation,20260623T112228_228635,of:000000000000000a:1 -> of:000000000000000d:6,0.002,0.0025,0.002,0.002,2.03,2026-06-23T11:22:28,0.002,2.06
route_mutation,20260623T112228_228635,of:000000000000000b:3 -> of:000000000000000d:2,0.002,0.0025,0.002,0.002,2.82,2026-06-23T11:22:28,0.002,2.82
route_mutation,20260623T112228_228635,of:000000000000000c:3 -> of:000000000000000d:3,0.002,0.0025,0.002,0.002,2.82,2026-06-23T11:22:28,0.002,2.82
route_mutation,20260623T112228_228635,of:0000000000000005:2 -> of:0000000000000009:3,0.002,0.0025,0.002,0.002,2.76,2026-06-23T11:22:28,0.002,2.76
route_mutation,20260623T112228_228635,of:0000000000000001:1 -> of:000000000000000b:1,0.002,0.0025,0.002,0.002,2.03,2026-06-23T11:22:28,0.002,1.96
route_mutation,20260623T112228_228635,of:000000000000000b:2 -> of:000000000000000c:2,0.002,0.0025,0.002,0.002,2.72,2026-06-23T11:22:28,0.002,2.72
route_mutation,20260623T112228_228635,of:0000000000000001:2 -> of:000000000000000c:1,0.002,0.0025,0.002,0.002,2.66,2026-06-23T11:22:28,0.002,2.62
route_mutation,20260623T112228_228635,of:0000000000000006:2 -> of:000000000000000a:2,0.002,0.0025,0.002,0.002,2.76,2026-06-23T11:22:28,0.002,2.76
route_mutation,20260623T112228_228635,of:0000000000000001:3 -> of:000000000000000d:1,0.003,0.00375,0.003,0.003,3.72,2026-06-23T11:22:28,0.003,3.85
route_mutation,20260623T112228_228635,of:0000000000000003:1 -> of:000000000000000b:5,0.002,0.0025,0.002,0.002,1.99,2026-06-23T11:22:28,0.002,2.03
route_mutation,20260623T112228_228635,of:0000000000000006:1 -> of:000000000000000d:4,0.003,0.00375,0.003,0.003,3.35,2026-06-23T11:22:28,0.003,3.42
route_mutation,20260623T112228_228635,of:0000000000000007:2 -> of:000000000000000a:3,0.002,0.0025,0.002,0.002,2.69,2026-06-23T11:22:28,0.002,2.69
route_mutation,20260623T112228_228635,of:0000000000000007:1 -> of:000000000000000d:5,0.002,0.0025,0.002,0.002,2.56,2026-06-23T11:22:28,0.002,2.46
route_mutation,20260623T112228_228635,of:0000000000000002:2 -> of:0000000000000008:2,0.002,0.0025,0.002,0.002,2.76,2026-06-23T11:22:28,0.002,2.76
route_mutation,20260623T112228_228635,of:0000000000000003:2 -> of:0000000000000008:3,0.002,0.0025,0.002,0.002,2.76,2026-06-23T11:22:28,0.002,2.76
route_mutation,20260623T112228_228635,of:0000000000000008:1 -> of:000000000000000b:6,0.002,0.0025,0.002,0.002,1.96,2026-06-23T11:22:28,0.002,1.96
route_mutation,20260623T112228_228635,of:0000000000000004:2 -> of:0000000000000009:2,0.002,0.0025,0.002,0.002,2.76,2026-06-23T11:22:28,0.002,2.76
route_mutation,20260623T112228_228635,of:0000000000000002:1 -> of:000000000000000b:4,0.002,0.0025,0.002,0.002,1.99,2026-06-23T11:22:28,0.002,2.03
route_mutation,20260623T112228_228635,of:0000000000000009:1 -> of:000000000000000c:6,0.002,0.0025,0.002,0.002,1.96,2026-06-23T11:22:28,0.002,1.96
ip_shuffle,20260623T112258_536143,of:0000000000000004:1 -> of:000000000000000c:4,0.002,0.0025,0.002,0.002,1.7,2026-06-23T11:22:58,0.002,1.66
ip_shuffle,20260623T112258_536143,of:0000000000000005:1 -> of:000000000000000c:5,0.002,0.0025,0.002,0.002,1.7,2026-06-23T11:22:58,0.002,1.66
ip_shuffle,20260623T112258_536143,of:000000000000000a:1 -> of:000000000000000d:6,0.002,0.0025,0.002,0.002,1.6,2026-06-23T11:22:58,0.002,1.56
ip_shuffle,20260623T112258_536143,of:000000000000000b:3 -> of:000000000000000d:2,0.002,0.0025,0.002,0.002,1.89,2026-06-23T11:22:58,0.002,1.89
ip_shuffle,20260623T112258_536143,of:000000000000000c:3 -> of:000000000000000d:3,0.002,0.0025,0.002,0.002,1.89,2026-06-23T11:22:58,0.002,1.89
ip_shuffle,20260623T112258_536143,of:0000000000000005:2 -> of:0000000000000009:3,0.002,0.0025,0.002,0.002,2.03,2026-06-23T11:22:58,0.002,2.03
ip_shuffle,20260623T112258_536143,of:0000000000000001:1 -> of:000000000000000b:1,0.002,0.0025,0.002,0.002,1.66,2026-06-23T11:22:58,0.002,1.73
ip_shuffle,20260623T112258_536143,of:000000000000000b:2 -> of:000000000000000c:2,0.002,0.0025,0.002,0.002,1.99,2026-06-23T11:22:58,0.002,1.99
ip_shuffle,20260623T112258_536143,of:0000000000000001:2 -> of:000000000000000c:1,0.002,0.0025,0.002,0.002,1.66,2026-06-23T11:22:58,0.002,1.73
ip_shuffle,20260623T112258_536143,of:0000000000000006:2 -> of:000000000000000a:2,0.002,0.0025,0.002,0.002,2.03,2026-06-23T11:22:58,0.002,2.03
ip_shuffle,20260623T112258_536143,of:0000000000000001:3 -> of:000000000000000d:1,0.002,0.0025,0.002,0.002,2.66,2026-06-23T11:22:58,0.002,2.53
ip_shuffle,20260623T112258_536143,of:0000000000000003:1 -> of:000000000000000b:5,0.002,0.0025,0.002,0.002,1.7,2026-06-23T11:22:58,0.002,1.66
ip_shuffle,20260623T112258_536143,of:0000000000000006:1 -> of:000000000000000d:4,0.002,0.0025,0.002,0.002,1.63,2026-06-23T11:22:58,0.002,1.56
ip_shuffle,20260623T112258_536143,of:0000000000000007:2 -> of:000000000000000a:3,0.002,0.0025,0.002,0.002,2.03,2026-06-23T11:22:58,0.002,2.03
ip_shuffle,20260623T112258_536143,of:0000000000000007:1 -> of:000000000000000d:5,0.002,0.0025,0.002,0.002,2.46,2026-06-23T11:22:58,0.002,2.56
ip_shuffle,20260623T112258_536143,of:0000000000000002:2 -> of:0000000000000008:2,0.002,0.0025,0.002,0.002,2.03,2026-06-23T11:22:58,0.002,2.03
ip_shuffle,20260623T112258_536143,of:0000000000000003:2 -> of:0000000000000008:3,0.002,0.0025,0.002,0.002,2.03,2026-06-23T11:22:58,0.002,2.03
ip_shuffle,20260623T112258_536143,of:0000000000000008:1 -> of:000000000000000b:6,0.002,0.0025,0.002,0.002,1.66,2026-06-23T11:22:58,0.002,1.66
ip_shuffle,20260623T112258_536143,of:0000000000000004:2 -> of:0000000000000009:2,0.002,0.0025,0.002,0.002,2.03,2026-06-23T11:22:58,0.002,2.03
ip_shuffle,20260623T112258_536143,of:0000000000000002:1 -> of:000000000000000b:4,0.002,0.0025,0.002,0.002,1.7,2026-06-23T11:22:58,0.002,1.66
ip_shuffle,20260623T112258_536143,of:0000000000000009:1 -> of:000000000000000c:6,0.002,0.0025,0.002,0.002,1.66,2026-06-23T11:22:58,0.002,1.66
route_mutation,20260623T112356_175160,of:0000000000000004:1 -> of:000000000000000c:4,0.002,0.0025,0.002,0.002,2.63,2026-06-23T11:23:56,0.002,2.6
route_mutation,20260623T112356_175160,of:0000000000000005:1 -> of:000000000000000c:5,0.002,0.0025,0.002,0.002,2.63,2026-06-23T11:23:56,0.002,2.6
route_mutation,20260623T112356_175160,of:000000000000000a:1 -> of:000000000000000d:6,0.002,0.0025,0.002,0.002,1.76,2026-06-23T11:23:56,0.002,1.76
route_mutation,20260623T112356_175160,of:000000000000000b:3 -> of:000000000000000d:2,0.002,0.0025,0.002,0.002,2.23,2026-06-23T11:23:56,0.002,2.23
route_mutation,20260623T112356_175160,of:000000000000000c:3 -> of:000000000000000d:3,0.002,0.0025,0.002,0.002,2.26,2026-06-23T11:23:56,0.002,2.3
route_mutation,20260623T112356_175160,of:0000000000000005:2 -> of:0000000000000009:3,0.002,0.0025,0.002,0.002,2.26,2026-06-23T11:23:56,0.002,2.26
route_mutation,20260623T112356_175160,of:0000000000000001:1 -> of:000000000000000b:1,0.002,0.0025,0.002,0.002,1.96,2026-06-23T11:23:56,0.002,1.83
route_mutation,20260623T112356_175160,of:000000000000000b:2 -> of:000000000000000c:2,0.002,0.0025,0.002,0.002,2.23,2026-06-23T11:23:56,0.002,2.2
route_mutation,20260623T112356_175160,of:0000000000000001:2 -> of:000000000000000c:1,0.003,0.00375,0.003,0.003,3.4,2026-06-23T11:23:56,0.003,3.4
route_mutation,20260623T112356_175160,of:0000000000000006:2 -> of:000000000000000a:2,0.002,0.0025,0.002,0.002,2.16,2026-06-23T11:23:56,0.002,2.16
route_mutation,20260623T112356_175160,of:0000000000000001:3 -> of:000000000000000d:1,0.002,0.0025,0.002,0.002,2.7,2026-06-23T11:23:56,0.002,2.9
route_mutation,20260623T112356_175160,of:0000000000000003:1 -> of:000000000000000b:5,0.002,0.0025,0.002,0.002,1.83,2026-06-23T11:23:56,0.002,1.96
route_mutation,20260623T112356_175160,of:0000000000000006:1 -> of:000000000000000d:4,0.002,0.0025,0.002,0.002,2.83,2026-06-23T11:23:56,0.002,2.73
route_mutation,20260623T112356_175160,of:0000000000000007:2 -> of:000000000000000a:3,0.002,0.0025,0.002,0.002,2.16,2026-06-23T11:23:56,0.002,2.16
route_mutation,20260623T112356_175160,of:0000000000000007:1 -> of:000000000000000d:5,0.002,0.0025,0.002,0.002,1.73,2026-06-23T11:23:56,0.002,1.76
route_mutation,20260623T112356_175160,of:0000000000000002:2 -> of:0000000000000008:2,0.002,0.0025,0.002,0.002,2.2,2026-06-23T11:23:56,0.002,2.2
route_mutation,20260623T112356_175160,of:0000000000000003:2 -> of:0000000000000008:3,0.002,0.0025,0.002,0.002,2.2,2026-06-23T11:23:56,0.002,2.2
route_mutation,20260623T112356_175160,of:0000000000000008:1 -> of:000000000000000b:6,0.001,0.00125,0.001,0.001,1.66,2026-06-23T11:23:56,0.001,1.66
route_mutation,20260623T112356_175160,of:0000000000000004:2 -> of:0000000000000009:2,0.002,0.0025,0.002,0.002,2.26,2026-06-23T11:23:56,0.002,2.26
route_mutation,20260623T112356_175160,of:0000000000000002:1 -> of:000000000000000b:4,0.002,0.0025,0.002,0.002,1.73,2026-06-23T11:23:56,0.002,1.73
route_mutation,20260623T112356_175160,of:0000000000000009:1 -> of:000000000000000c:6,0.002,0.0025,0.002,0.002,1.76,2026-06-23T11:23:56,0.002,1.73
ip_shuffle,20260623T112426_387768,of:0000000000000004:1 -> of:000000000000000c:4,0.002,0.0025,0.002,0.002,1.93,2026-06-23T11:24:26,0.002,1.9
ip_shuffle,20260623T112426_387768,of:0000000000000005:1 -> of:000000000000000c:5,0.002,0.0025,0.002,0.002,1.93,2026-06-23T11:24:26,0.002,1.9
ip_shuffle,20260623T112426_387768,of:000000000000000a:1 -> of:000000000000000d:6,0.002,0.0025,0.002,0.002,1.9,2026-06-23T11:24:26,0.002,1.86
ip_shuffle,20260623T112426_387768,of:000000000000000b:3 -> of:000000000000000d:2,0.002,0.0025,0.002,0.002,2.53,2026-06-23T11:24:26,0.002,2.5
ip_shuffle,20260623T112426_387768,of:000000000000000c:3 -> of:000000000000000d:3,0.002,0.0025,0.002,0.002,2.46,2026-06-23T11:24:26,0.002,2.43
ip_shuffle,20260623T112426_387768,of:0000000000000005:2 -> of:0000000000000009:3,0.002,0.0025,0.002,0.002,2.63,2026-06-23T11:24:26,0.002,2.63
ip_shuffle,20260623T112426_387768,of:0000000000000001:1 -> of:000000000000000b:1,0.002,0.0025,0.002,0.002,1.96,2026-06-23T11:24:26,0.002,2.03
ip_shuffle,20260623T112426_387768,of:000000000000000b:2 -> of:000000000000000c:2,0.002,0.0025,0.002,0.002,2.53,2026-06-23T11:24:26,0.002,2.53
ip_shuffle,20260623T112426_387768,of:0000000000000001:2 -> of:000000000000000c:1,0.002,0.0025,0.002,0.002,1.9,2026-06-23T11:24:26,0.002,1.96
ip_shuffle,20260623T112426_387768,of:0000000000000006:2 -> of:000000000000000a:2,0.002,0.0025,0.002,0.002,2.63,2026-06-23T11:24:26,0.002,2.63
ip_shuffle,20260623T112426_387768,of:0000000000000001:3 -> of:000000000000000d:1,0.003,0.00375,0.003,0.003,3.7,2026-06-23T11:24:26,0.003,3.56
ip_shuffle,20260623T112426_387768,of:0000000000000003:1 -> of:000000000000000b:5,0.002,0.0025,0.002,0.002,2.03,2026-06-23T11:24:26,0.002,1.96
ip_shuffle,20260623T112426_387768,of:0000000000000006:1 -> of:000000000000000d:4,0.002,0.0025,0.002,0.002,2.13,2026-06-23T11:24:26,0.002,2.2
ip_shuffle,20260623T112426_387768,of:0000000000000007:2 -> of:000000000000000a:3,0.002,0.0025,0.002,0.002,2.63,2026-06-23T11:24:26,0.002,2.63
ip_shuffle,20260623T112426_387768,of:0000000000000007:1 -> of:000000000000000d:5,0.003,0.00375,0.003,0.003,3.33,2026-06-23T11:24:26,0.003,3.26
ip_shuffle,20260623T112426_387768,of:0000000000000002:2 -> of:0000000000000008:2,0.002,0.0025,0.002,0.002,2.7,2026-06-23T11:24:26,0.002,2.7
ip_shuffle,20260623T112426_387768,of:0000000000000003:2 -> of:0000000000000008:3,0.002,0.0025,0.002,0.002,2.7,2026-06-23T11:24:26,0.002,2.7
ip_shuffle,20260623T112426_387768,of:0000000000000008:1 -> of:000000000000000b:6,0.002,0.0025,0.002,0.002,2.0,2026-06-23T11:24:26,0.002,1.96
ip_shuffle,20260623T112426_387768,of:0000000000000004:2 -> of:0000000000000009:2,0.002,0.0025,0.002,0.002,2.63,2026-06-23T11:24:26,0.002,2.63
ip_shuffle,20260623T112426_387768,of:0000000000000002:1 -> of:000000000000000b:4,0.002,0.0025,0.002,0.002,2.03,2026-06-23T11:24:26,0.002,1.96
ip_shuffle,20260623T112426_387768,of:0000000000000009:1 -> of:000000000000000c:6,0.002,0.0025,0.002,0.002,1.9,2026-06-23T11:24:26,0.002,1.9
ip_shuffle,20260623T112530_506588,of:0000000000000004:1 -> of:000000000000000c:4,0.002,0.0025,0.002,0.002,2.36,2026-06-23T11:25:30,0.002,2.43
ip_shuffle,20260623T112530_506588,of:0000000000000005:1 -> of:000000000000000c:5,0.002,0.0025,0.002,0.002,2.36,2026-06-23T11:25:30,0.002,2.43
ip_shuffle,20260623T112530_506588,of:000000000000000a:1 -> of:000000000000000d:6,0.002,0.0025,0.002,0.002,1.53,2026-06-23T11:25:30,0.002,1.56
ip_shuffle,20260623T112530_506588,of:000000000000000b:3 -> of:000000000000000d:2,0.002,0.0025,0.002,0.002,1.83,2026-06-23T11:25:30,0.002,1.83
ip_shuffle,20260623T112530_506588,of:000000000000000c:3 -> of:000000000000000d:3,0.002,0.0025,0.002,0.002,1.93,2026-06-23T11:25:30,0.002,1.93
ip_shuffle,20260623T112530_506588,of:0000000000000005:2 -> of:0000000000000009:3,0.002,0.0025,0.002,0.002,1.76,2026-06-23T11:25:30,0.002,1.76
ip_shuffle,20260623T112530_506588,of:0000000000000001:1 -> of:000000000000000b:1,0.002,0.0025,0.002,0.002,2.76,2026-06-23T11:25:30,0.002,2.73
ip_shuffle,20260623T112530_506588,of:000000000000000b:2 -> of:000000000000000c:2,0.002,0.0025,0.002,0.002,1.83,2026-06-23T11:25:30,0.002,1.83
ip_shuffle,20260623T112530_506588,of:0000000000000001:2 -> of:000000000000000c:1,0.003,0.00375,0.003,0.003,3.23,2026-06-23T11:25:30,0.003,3.16
ip_shuffle,20260623T112530_506588,of:0000000000000006:2 -> of:000000000000000a:2,0.002,0.0025,0.002,0.002,1.7,2026-06-23T11:25:30,0.002,1.73
ip_shuffle,20260623T112530_506588,of:0000000000000001:3 -> of:000000000000000d:1,0.002,0.0025,0.002,0.002,1.8,2026-06-23T11:25:30,0.002,1.86
ip_shuffle,20260623T112530_506588,of:0000000000000003:1 -> of:000000000000000b:5,0.002,0.0025,0.002,0.002,2.53,2026-06-23T11:25:30,0.002,2.56
ip_shuffle,20260623T112530_506588,of:0000000000000006:1 -> of:000000000000000d:4,0.002,0.0025,0.002,0.002,1.83,2026-06-23T11:25:30,0.002,1.8
ip_shuffle,20260623T112530_506588,of:0000000000000007:2 -> of:000000000000000a:3,0.002,0.0025,0.002,0.002,1.73,2026-06-23T11:25:30,0.002,1.73
ip_shuffle,20260623T112530_506588,of:0000000000000007:1 -> of:000000000000000d:5,0.002,0.0025,0.002,0.001,1.53,2026-06-23T11:25:30,0.002,1.56
ip_shuffle,20260623T112530_506588,of:0000000000000002:2 -> of:0000000000000008:2,0.002,0.0025,0.002,0.002,1.76,2026-06-23T11:25:30,0.002,1.76
ip_shuffle,20260623T112530_506588,of:0000000000000003:2 -> of:0000000000000008:3,0.002,0.0025,0.002,0.002,1.76,2026-06-23T11:25:30,0.002,1.76
ip_shuffle,20260623T112530_506588,of:0000000000000008:1 -> of:000000000000000b:6,0.001,0.00125,0.001,0.001,1.46,2026-06-23T11:25:30,0.001,1.46
ip_shuffle,20260623T112530_506588,of:0000000000000004:2 -> of:0000000000000009:2,0.002,0.0025,0.002,0.002,1.76,2026-06-23T11:25:30,0.002,1.76
ip_shuffle,20260623T112530_506588,of:0000000000000002:1 -> of:000000000000000b:4,0.002,0.0025,0.002,0.002,1.7,2026-06-23T11:25:30,0.002,1.73
ip_shuffle,20260623T112530_506588,of:0000000000000009:1 -> of:000000000000000c:6,0.002,0.0025,0.002,0.001,1.53,2026-06-23T11:25:30,0.002,1.56
route_mutation,20260623T112634_891810,of:0000000000000004:1 -> of:000000000000000c:4,0.002,0.0025,0.002,0.002,1.56,2026-06-23T11:26:34,0.002,1.56
route_mutation,20260623T112634_891810,of:0000000000000005:1 -> of:000000000000000c:5,0.002,0.0025,0.002,0.002,1.56,2026-06-23T11:26:34,0.002,1.56
route_mutation,20260623T112634_891810,of:000000000000000a:1 -> of:000000000000000d:6,0.002,0.0025,0.002,0.002,1.63,2026-06-23T11:26:34,0.002,1.63
route_mutation,20260623T112634_891810,of:000000000000000b:3 -> of:000000000000000d:2,0.002,0.0025,0.002,0.002,1.93,2026-06-23T11:26:34,0.002,1.93
route_mutation,20260623T112634_891810,of:000000000000000c:3 -> of:000000000000000d:3,0.002,0.0025,0.002,0.002,1.93,2026-06-23T11:26:34,0.002,1.93
route_mutation,20260623T112634_891810,of:0000000000000005:2 -> of:0000000000000009:3,0.002,0.0025,0.002,0.002,1.86,2026-06-23T11:26:34,0.002,1.86
route_mutation,20260623T112634_891810,of:0000000000000001:1 -> of:000000000000000b:1,0.002,0.0025,0.002,0.002,1.56,2026-06-23T11:26:34,0.002,1.6
route_mutation,20260623T112634_891810,of:000000000000000b:2 -> of:000000000000000c:2,0.002,0.0025,0.002,0.002,1.93,2026-06-23T11:26:34,0.002,1.93
route_mutation,20260623T112634_891810,of:0000000000000001:2 -> of:000000000000000c:1,0.002,0.0025,0.002,0.002,1.56,2026-06-23T11:26:34,0.002,1.6
route_mutation,20260623T112634_891810,of:0000000000000006:2 -> of:000000000000000a:2,0.002,0.0025,0.002,0.002,1.93,2026-06-23T11:26:34,0.002,1.93
route_mutation,20260623T112634_891810,of:0000000000000001:3 -> of:000000000000000d:1,0.002,0.0025,0.002,0.002,2.46,2026-06-23T11:26:34,0.002,2.36
route_mutation,20260623T112634_891810,of:0000000000000003:1 -> of:000000000000000b:5,0.002,0.0025,0.002,0.002,1.6,2026-06-23T11:26:34,0.002,1.56
route_mutation,20260623T112634_891810,of:0000000000000006:1 -> of:000000000000000d:4,0.002,0.0025,0.002,0.002,1.63,2026-06-23T11:26:34,0.002,1.63
route_mutation,20260623T112634_891810,of:0000000000000007:2 -> of:000000000000000a:3,0.002,0.0025,0.002,0.002,1.93,2026-06-23T11:26:34,0.002,1.93
route_mutation,20260623T112634_891810,of:0000000000000007:1 -> of:000000000000000d:5,0.002,0.0025,0.002,0.002,2.39,2026-06-23T11:26:34,0.002,2.43
route_mutation,20260623T112634_891810,of:0000000000000002:2 -> of:0000000000000008:2,0.002,0.0025,0.002,0.002,1.89,2026-06-23T11:26:34,0.002,1.89
route_mutation,20260623T112634_891810,of:0000000000000003:2 -> of:0000000000000008:3,0.002,0.0025,0.002,0.002,1.89,2026-06-23T11:26:34,0.002,1.89
route_mutation,20260623T112634_891810,of:0000000000000008:1 -> of:000000000000000b:6,0.002,0.0025,0.002,0.002,1.63,2026-06-23T11:26:34,0.002,1.63
route_mutation,20260623T112634_891810,of:0000000000000004:2 -> of:0000000000000009:2,0.002,0.0025,0.002,0.002,1.86,2026-06-23T11:26:34,0.002,1.86
route_mutation,20260623T112634_891810,of:0000000000000002:1 -> of:000000000000000b:4,0.002,0.0025,0.002,0.002,1.6,2026-06-23T11:26:34,0.002,1.56
route_mutation,20260623T112634_891810,of:0000000000000009:1 -> of:000000000000000c:6,0.002,0.0025,0.002,0.002,1.63,2026-06-23T11:26:34,0.002,1.63
ip_shuffle,20260623T112705_213354,of:0000000000000004:1 -> of:000000000000000c:4,0.002,0.0025,0.002,0.002,1.43,2026-06-23T11:27:05,0.002,1.43
ip_shuffle,20260623T112705_213354,of:0000000000000005:1 -> of:000000000000000c:5,0.002,0.0025,0.002,0.002,1.43,2026-06-23T11:27:05,0.002,1.43
ip_shuffle,20260623T112705_213354,of:000000000000000a:1 -> of:000000000000000d:6,0.001,0.00125,0.001,0.001,1.36,2026-06-23T11:27:05,0.001,1.36
ip_shuffle,20260623T112705_213354,of:000000000000000b:3 -> of:000000000000000d:2,0.002,0.0025,0.002,0.002,1.53,2026-06-23T11:27:05,0.002,1.53
ip_shuffle,20260623T112705_213354,of:000000000000000c:3 -> of:000000000000000d:3,0.002,0.0025,0.002,0.002,1.53,2026-06-23T11:27:05,0.002,1.53
ip_shuffle,20260623T112705_213354,of:0000000000000005:2 -> of:0000000000000009:3,0.001,0.00125,0.001,0.001,1.46,2026-06-23T11:27:05,0.001,1.46
ip_shuffle,20260623T112705_213354,of:0000000000000001:1 -> of:000000000000000b:1,0.002,0.0025,0.002,0.002,2.66,2026-06-23T11:27:05,0.002,2.66
ip_shuffle,20260623T112705_213354,of:000000000000000b:2 -> of:000000000000000c:2,0.002,0.0025,0.002,0.002,1.53,2026-06-23T11:27:05,0.002,1.53
ip_shuffle,20260623T112705_213354,of:0000000000000001:2 -> of:000000000000000c:1,0.002,0.0025,0.002,0.002,1.43,2026-06-23T11:27:05,0.002,1.43
ip_shuffle,20260623T112705_213354,of:0000000000000006:2 -> of:000000000000000a:2,0.001,0.00125,0.001,0.001,1.4,2026-06-23T11:27:05,0.001,1.4
ip_shuffle,20260623T112705_213354,of:0000000000000001:3 -> of:000000000000000d:1,0.002,0.0025,0.002,0.002,1.43,2026-06-23T11:27:05,0.002,1.43
ip_shuffle,20260623T112705_213354,of:0000000000000003:1 -> of:000000000000000b:5,0.002,0.0025,0.002,0.002,1.7,2026-06-23T11:27:05,0.002,1.7
ip_shuffle,20260623T112705_213354,of:0000000000000006:1 -> of:000000000000000d:4,0.001,0.00125,0.001,0.001,1.36,2026-06-23T11:27:05,0.001,1.36
ip_shuffle,20260623T112705_213354,of:0000000000000007:2 -> of:000000000000000a:3,0.001,0.00125,0.001,0.001,1.4,2026-06-23T11:27:05,0.001,1.4
ip_shuffle,20260623T112705_213354,of:0000000000000007:1 -> of:000000000000000d:5,0.001,0.00125,0.001,0.001,1.36,2026-06-23T11:27:05,0.001,1.36
ip_shuffle,20260623T112705_213354,of:0000000000000002:2 -> of:0000000000000008:2,0.001,0.00125,0.001,0.001,1.46,2026-06-23T11:27:05,0.001,1.46
ip_shuffle,20260623T112705_213354,of:0000000000000003:2 -> of:0000000000000008:3,0.001,0.00125,0.001,0.001,1.46,2026-06-23T11:27:05,0.001,1.46
ip_shuffle,20260623T112705_213354,of:0000000000000008:1 -> of:000000000000000b:6,0.001,0.00125,0.001,0.001,1.36,2026-06-23T11:27:05,0.001,1.36
ip_shuffle,20260623T112705_213354,of:0000000000000004:2 -> of:0000000000000009:2,0.001,0.00125,0.001,0.001,1.46,2026-06-23T11:27:05,0.001,1.46
ip_shuffle,20260623T112705_213354,of:0000000000000002:1 -> of:000000000000000b:4,0.002,0.0025,0.002,0.002,2.46,2026-06-23T11:27:05,0.002,2.46
ip_shuffle,20260623T112705_213354,of:0000000000000009:1 -> of:000000000000000c:6,0.001,0.00125,0.001,0.001,1.36,2026-06-23T11:27:05,0.001,1.36
route_mutation,20260623T112802_945879,of:0000000000000004:1 -> of:000000000000000c:4,0.002,0.0025,0.002,0.002,1.96,2026-06-23T11:28:02,0.002,1.93
route_mutation,20260623T112802_945879,of:0000000000000005:1 -> of:000000000000000c:5,0.002,0.0025,0.002,0.002,1.96,2026-06-23T11:28:02,0.002,1.93
route_mutation,20260623T112802_945879,of:000000000000000a:1 -> of:000000000000000d:6,0.002,0.0025,0.002,0.002,1.93,2026-06-23T11:28:02,0.002,1.93
route_mutation,20260623T112802_945879,of:000000000000000b:3 -> of:000000000000000d:2,0.002,0.0025,0.002,0.002,2.53,2026-06-23T11:28:02,0.002,2.53
route_mutation,20260623T112802_945879,of:000000000000000c:3 -> of:000000000000000d:3,0.002,0.0025,0.002,0.002,2.53,2026-06-23T11:28:02,0.002,2.53
route_mutation,20260623T112802_945879,of:0000000000000005:2 -> of:0000000000000009:3,0.002,0.0025,0.002,0.002,2.56,2026-06-23T11:28:02,0.002,2.56
route_mutation,20260623T112802_945879,of:0000000000000001:1 -> of:000000000000000b:1,0.002,0.0025,0.002,0.002,1.86,2026-06-23T11:28:02,0.002,1.9
route_mutation,20260623T112802_945879,of:000000000000000b:2 -> of:000000000000000c:2,0.002,0.0025,0.002,0.002,2.53,2026-06-23T11:28:02,0.002,2.53
route_mutation,20260623T112802_945879,of:0000000000000001:2 -> of:000000000000000c:1,0.002,0.0025,0.002,0.002,1.86,2026-06-23T11:28:02,0.002,1.9
route_mutation,20260623T112802_945879,of:0000000000000006:2 -> of:000000000000000a:2,0.002,0.0025,0.002,0.002,2.56,2026-06-23T11:28:02,0.002,2.56
route_mutation,20260623T112802_945879,of:0000000000000001:3 -> of:000000000000000d:1,0.003,0.00375,0.003,0.003,3.96,2026-06-23T11:28:02,0.003,3.86
route_mutation,20260623T112802_945879,of:0000000000000003:1 -> of:000000000000000b:5,0.002,0.0025,0.002,0.002,1.9,2026-06-23T11:28:02,0.002,1.86
route_mutation,20260623T112802_945879,of:0000000000000006:1 -> of:000000000000000d:4,0.002,0.0025,0.002,0.002,2.66,2026-06-23T11:28:02,0.002,2.73
route_mutation,20260623T112802_945879,of:0000000000000007:2 -> of:000000000000000a:3,0.002,0.0025,0.002,0.002,2.53,2026-06-23T11:28:02,0.002,2.53
route_mutation,20260623T112802_945879,of:0000000000000007:1 -> of:000000000000000d:5,0.003,0.00375,0.003,0.003,3.23,2026-06-23T11:28:02,0.003,3.23
route_mutation,20260623T112802_945879,of:0000000000000002:2 -> of:0000000000000008:2,0.002,0.0025,0.002,0.002,2.5,2026-06-23T11:28:02,0.002,2.5
route_mutation,20260623T112802_945879,of:0000000000000003:2 -> of:0000000000000008:3,0.002,0.0025,0.002,0.002,2.5,2026-06-23T11:28:02,0.002,2.5
route_mutation,20260623T112802_945879,of:0000000000000008:1 -> of:000000000000000b:6,0.002,0.0025,0.002,0.002,1.93,2026-06-23T11:28:02,0.002,1.93
route_mutation,20260623T112802_945879,of:0000000000000004:2 -> of:0000000000000009:2,0.002,0.0025,0.002,0.002,2.56,2026-06-23T11:28:02,0.002,2.56
route_mutation,20260623T112802_945879,of:0000000000000002:1 -> of:000000000000000b:4,0.002,0.0025,0.002,0.002,1.9,2026-06-23T11:28:02,0.002,1.86
route_mutation,20260623T112802_945879,of:0000000000000009:1 -> of:000000000000000c:6,0.002,0.0025,0.002,0.002,1.93,2026-06-23T11:28:02,0.002,1.93
route_mutation,20260623T112833_254001,of:0000000000000004:1 -> of:000000000000000c:4,0.001,0.00125,0.001,0.001,1.36,2026-06-23T11:28:33,0.001,1.36
route_mutation,20260623T112833_254001,of:0000000000000005:1 -> of:000000000000000c:5,0.001,0.00125,0.001,0.001,1.36,2026-06-23T11:28:33,0.001,1.36
route_mutation,20260623T112833_254001,of:000000000000000a:1 -> of:000000000000000d:6,0.002,0.0025,0.002,0.002,1.43,2026-06-23T11:28:33,0.002,1.43
route_mutation,20260623T112833_254001,of:000000000000000b:3 -> of:000000000000000d:2,0.002,0.0025,0.002,0.002,1.53,2026-06-23T11:28:33,0.002,1.53
route_mutation,20260623T112833_254001,of:000000000000000c:3 -> of:000000000000000d:3,0.002,0.0025,0.002,0.002,1.53,2026-06-23T11:28:33,0.002,1.53
route_mutation,20260623T112833_254001,of:0000000000000005:2 -> of:0000000000000009:3,0.001,0.00125,0.001,0.001,1.4,2026-06-23T11:28:33,0.001,1.4
route_mutation,20260623T112833_254001,of:0000000000000001:1 -> of:000000000000000b:1,0.002,0.0025,0.002,0.002,2.0,2026-06-23T11:28:33,0.002,2.03
route_mutation,20260623T112833_254001,of:000000000000000b:2 -> of:000000000000000c:2,0.002,0.0025,0.002,0.002,1.53,2026-06-23T11:28:33,0.002,1.53
route_mutation,20260623T112833_254001,of:0000000000000001:2 -> of:000000000000000c:1,0.002,0.0025,0.002,0.002,1.43,2026-06-23T11:28:33,0.002,1.43
route_mutation,20260623T112833_254001,of:0000000000000006:2 -> of:000000000000000a:2,0.001,0.00125,0.001,0.001,1.46,2026-06-23T11:28:33,0.001,1.46
route_mutation,20260623T112833_254001,of:0000000000000001:3 -> of:000000000000000d:1,0.002,0.0025,0.002,0.002,1.43,2026-06-23T11:28:33,0.002,1.43
route_mutation,20260623T112833_254001,of:0000000000000003:1 -> of:000000000000000b:5,0.002,0.0025,0.002,0.002,1.43,2026-06-23T11:28:33,0.002,1.43
route_mutation,20260623T112833_254001,of:0000000000000006:1 -> of:000000000000000d:4,0.001,0.00125,0.001,0.001,1.36,2026-06-23T11:28:33,0.001,1.36
route_mutation,20260623T112833_254001,of:0000000000000007:2 -> of:000000000000000a:3,0.001,0.00125,0.001,0.001,1.46,2026-06-23T11:28:33,0.001,1.46
route_mutation,20260623T112833_254001,of:0000000000000007:1 -> of:000000000000000d:5,0.001,0.00125,0.001,0.001,1.36,2026-06-23T11:28:33,0.001,1.36
route_mutation,20260623T112833_254001,of:0000000000000002:2 -> of:0000000000000008:2,0.001,0.00125,0.001,0.001,1.46,2026-06-23T11:28:33,0.001,1.46
route_mutation,20260623T112833_254001,of:0000000000000003:2 -> of:0000000000000008:3,0.001,0.00125,0.001,0.001,1.46,2026-06-23T11:28:33,0.001,1.46
route_mutation,20260623T112833_254001,of:0000000000000008:1 -> of:000000000000000b:6,0.001,0.00125,0.001,0.001,1.36,2026-06-23T11:28:33,0.001,1.36
route_mutation,20260623T112833_254001,of:0000000000000004:2 -> of:0000000000000009:2,0.001,0.00125,0.001,0.001,1.4,2026-06-23T11:28:33,0.001,1.4
route_mutation,20260623T112833_254001,of:0000000000000002:1 -> of:000000000000000b:4,0.002,0.0025,0.002,0.002,2.03,2026-06-23T11:28:33,0.002,2.03
route_mutation,20260623T112833_254001,of:0000000000000009:1 -> of:000000000000000c:6,0.001,0.00125,0.001,0.001,1.36,2026-06-23T11:28:33,0.001,1.36
ip_shuffle,20260623T112903_557249,of:0000000000000004:1 -> of:000000000000000c:4,0.002,0.0025,0.002,0.002,2.26,2026-06-23T11:29:03,0.002,2.3
ip_shuffle,20260623T112903_557249,of:0000000000000005:1 -> of:000000000000000c:5,0.002,0.0025,0.002,0.002,2.26,2026-06-23T11:29:03,0.002,2.3
ip_shuffle,20260623T112903_557249,of:000000000000000a:1 -> of:000000000000000d:6,0.001,0.00125,0.001,0.001,1.43,2026-06-23T11:29:03,0.001,1.43
ip_shuffle,20260623T112903_557249,of:000000000000000b:3 -> of:000000000000000d:2,0.001,0.00125,0.001,0.001,1.66,2026-06-23T11:29:03,0.001,1.66
ip_shuffle,20260623T112903_557249,of:000000000000000c:3 -> of:000000000000000d:3,0.001,0.00125,0.001,0.001,1.66,2026-06-23T11:29:03,0.001,1.66
ip_shuffle,20260623T112903_557249,of:0000000000000005:2 -> of:0000000000000009:3,0.002,0.0025,0.002,0.002,1.73,2026-06-23T11:29:03,0.002,1.73
ip_shuffle,20260623T112903_557249,of:0000000000000001:1 -> of:000000000000000b:1,0.003,0.00375,0.003,0.003,3.0,2026-06-23T11:29:03,0.003,2.9
ip_shuffle,20260623T112903_557249,of:000000000000000b:2 -> of:000000000000000c:2,0.001,0.00125,0.001,0.001,1.66,2026-06-23T11:29:03,0.001,1.66
ip_shuffle,20260623T112903_557249,of:0000000000000001:2 -> of:000000000000000c:1,0.003,0.00375,0.003,0.003,3.1,2026-06-23T11:29:03,0.003,3.03
ip_shuffle,20260623T112903_557249,of:0000000000000006:2 -> of:000000000000000a:2,0.002,0.0025,0.002,0.002,1.7,2026-06-23T11:29:03,0.002,1.7
ip_shuffle,20260623T112903_557249,of:0000000000000001:3 -> of:000000000000000d:1,0.002,0.0025,0.002,0.002,1.56,2026-06-23T11:29:03,0.002,1.66
ip_shuffle,20260623T112903_557249,of:0000000000000003:1 -> of:000000000000000b:5,0.002,0.0025,0.002,0.002,2.46,2026-06-23T11:29:03,0.002,2.53
ip_shuffle,20260623T112903_557249,of:0000000000000006:1 -> of:000000000000000d:4,0.002,0.0025,0.002,0.002,1.66,2026-06-23T11:29:03,0.002,1.6
ip_shuffle,20260623T112903_557249,of:0000000000000007:2 -> of:000000000000000a:3,0.002,0.0025,0.002,0.002,1.66,2026-06-23T11:29:03,0.002,1.7
ip_shuffle,20260623T112903_557249,of:0000000000000007:1 -> of:000000000000000d:5,0.001,0.00125,0.001,0.001,1.46,2026-06-23T11:29:03,0.001,1.5
ip_shuffle,20260623T112903_557249,of:0000000000000002:2 -> of:0000000000000008:2,0.002,0.0025,0.002,0.002,1.7,2026-06-23T11:29:03,0.002,1.7
ip_shuffle,20260623T112903_557249,of:0000000000000003:2 -> of:0000000000000008:3,0.002,0.0025,0.002,0.002,1.7,2026-06-23T11:29:03,0.002,1.7
ip_shuffle,20260623T112903_557249,of:0000000000000008:1 -> of:000000000000000b:6,0.001,0.00125,0.001,0.001,1.46,2026-06-23T11:29:03,0.001,1.5
ip_shuffle,20260623T112903_557249,of:0000000000000004:2 -> of:0000000000000009:2,0.002,0.0025,0.002,0.002,1.73,2026-06-23T11:29:03,0.002,1.73
ip_shuffle,20260623T112903_557249,of:0000000000000002:1 -> of:000000000000000b:4,0.002,0.0025,0.002,0.002,1.86,2026-06-23T11:29:03,0.002,1.93
ip_shuffle,20260623T112903_557249,of:0000000000000009:1 -> of:000000000000000c:6,0.001,0.00125,0.001,0.001,1.46,2026-06-23T11:29:03,0.001,1.5
route_mutation,20260623T113001_175252,of:0000000000000004:1 -> of:000000000000000c:4,0.001,0.00125,0.001,0.001,1.46,2026-06-23T11:30:01,0.001,1.46
route_mutation,20260623T113001_175252,of:0000000000000005:1 -> of:000000000000000c:5,0.001,0.00125,0.001,0.001,1.46,2026-06-23T11:30:01,0.001,1.46
route_mutation,20260623T113001_175252,of:000000000000000a:1 -> of:000000000000000d:6,0.002,0.0025,0.002,0.002,1.53,2026-06-23T11:30:01,0.002,1.5
route_mutation,20260623T113001_175252,of:000000000000000b:3 -> of:000000000000000d:2,0.002,0.0025,0.002,0.002,1.69,2026-06-23T11:30:01,0.002,1.69
route_mutation,20260623T113001_175252,of:000000000000000c:3 -> of:000000000000000d:3,0.002,0.0025,0.002,0.002,1.69,2026-06-23T11:30:01,0.002,1.69
route_mutation,20260623T113001_175252,of:0000000000000005:2 -> of:0000000000000009:3,0.002,0.0025,0.002,0.002,1.66,2026-06-23T11:30:01,0.002,1.66
route_mutation,20260623T113001_175252,of:0000000000000001:1 -> of:000000000000000b:1,0.002,0.0025,0.002,0.002,1.66,2026-06-23T11:30:01,0.002,1.69
route_mutation,20260623T113001_175252,of:000000000000000b:2 -> of:000000000000000c:2,0.002,0.0025,0.002,0.002,1.73,2026-06-23T11:30:01,0.002,1.73
route_mutation,20260623T113001_175252,of:0000000000000001:2 -> of:000000000000000c:1,0.002,0.0025,0.002,0.002,1.66,2026-06-23T11:30:01,0.002,1.69
route_mutation,20260623T113001_175252,of:0000000000000006:2 -> of:000000000000000a:2,0.002,0.0025,0.002,0.002,1.66,2026-06-23T11:30:01,0.002,1.66
route_mutation,20260623T113001_175252,of:0000000000000001:3 -> of:000000000000000d:1,0.002,0.0025,0.002,0.002,2.36,2026-06-23T11:30:01,0.002,2.23
route_mutation,20260623T113001_175252,of:0000000000000003:1 -> of:000000000000000b:5,0.002,0.0025,0.002,0.002,1.53,2026-06-23T11:30:01,0.002,1.53
route_mutation,20260623T113001_175252,of:0000000000000006:1 -> of:000000000000000d:4,0.002,0.0025,0.002,0.002,1.6,2026-06-23T11:30:01,0.002,1.56
route_mutation,20260623T113001_175252,of:0000000000000007:2 -> of:000000000000000a:3,0.002,0.0025,0.002,0.002,1.66,2026-06-23T11:30:01,0.002,1.66
route_mutation,20260623T113001_175252,of:0000000000000007:1 -> of:000000000000000d:5,0.002,0.0025,0.002,0.002,2.06,2026-06-23T11:30:01,0.002,2.09
route_mutation,20260623T113001_175252,of:0000000000000002:2 -> of:0000000000000008:2,0.002,0.0025,0.002,0.002,1.66,2026-06-23T11:30:01,0.002,1.66
route_mutation,20260623T113001_175252,of:0000000000000003:2 -> of:0000000000000008:3,0.002,0.0025,0.002,0.002,1.66,2026-06-23T11:30:01,0.002,1.66
route_mutation,20260623T113001_175252,of:0000000000000008:1 -> of:000000000000000b:6,0.001,0.00125,0.001,0.001,1.46,2026-06-23T11:30:01,0.001,1.46
route_mutation,20260623T113001_175252,of:0000000000000004:2 -> of:0000000000000009:2,0.002,0.0025,0.002,0.002,1.66,2026-06-23T11:30:01,0.002,1.66
route_mutation,20260623T113001_175252,of:0000000000000002:1 -> of:000000000000000b:4,0.002,0.0025,0.002,0.002,1.53,2026-06-23T11:30:01,0.002,1.53
route_mutation,20260623T113001_175252,of:0000000000000009:1 -> of:000000000000000c:6,0.002,0.0025,0.002,0.002,1.53,2026-06-23T11:30:01,0.002,1.53
ip_shuffle,20260623T113031_486645,of:0000000000000004:1 -> of:000000000000000c:4,0.002,0.0025,0.002,0.002,1.73,2026-06-23T11:30:31,0.002,1.73
ip_shuffle,20260623T113031_486645,of:0000000000000005:1 -> of:000000000000000c:5,0.001,0.00125,0.001,0.001,1.47,2026-06-23T11:30:31,0.001,1.47
ip_shuffle,20260623T113031_486645,of:000000000000000a:1 -> of:000000000000000d:6,0.001,0.00125,0.001,0.001,1.4,2026-06-23T11:30:31,0.001,1.4
ip_shuffle,20260623T113031_486645,of:000000000000000b:3 -> of:000000000000000d:2,0.001,0.00125,0.001,0.001,1.6,2026-06-23T11:30:31,0.001,1.6
ip_shuffle,20260623T113031_486645,of:000000000000000c:3 -> of:000000000000000d:3,0.001,0.00125,0.001,0.001,1.6,2026-06-23T11:30:31,0.001,1.6
ip_shuffle,20260623T113031_486645,of:0000000000000005:2 -> of:0000000000000009:3,0.002,0.0025,0.002,0.002,1.67,2026-06-23T11:30:31,0.002,1.67
ip_shuffle,20260623T113031_486645,of:0000000000000001:1 -> of:000000000000000b:1,0.003,0.00375,0.003,0.003,3.43,2026-06-23T11:30:31,0.003,3.43
ip_shuffle,20260623T113031_486645,of:000000000000000b:2 -> of:000000000000000c:2,0.001,0.00125,0.001,0.001,1.6,2026-06-23T11:30:31,0.001,1.6
ip_shuffle,20260623T113031_486645,of:0000000000000001:2 -> of:000000000000000c:1,0.002,0.0025,0.002,0.002,1.93,2026-06-23T11:30:31,0.002,1.93
ip_shuffle,20260623T113031_486645,of:0000000000000006:2 -> of:000000000000000a:2,0.002,0.0025,0.002,0.002,1.67,2026-06-23T11:30:31,0.002,1.67
ip_shuffle,20260623T113031_486645,of:0000000000000001:3 -> of:000000000000000d:1,0.001,0.00125,0.001,0.001,1.4,2026-06-23T11:30:31,0.001,1.4
ip_shuffle,20260623T113031_486645,of:0000000000000003:1 -> of:000000000000000b:5,0.002,0.0025,0.002,0.002,2.43,2026-06-23T11:30:31,0.002,2.43
ip_shuffle,20260623T113031_486645,of:0000000000000006:1 -> of:000000000000000d:4,0.001,0.00125,0.001,0.001,1.47,2026-06-23T11:30:31,0.001,1.47
ip_shuffle,20260623T113031_486645,of:0000000000000007:2 -> of:000000000000000a:3,0.002,0.0025,0.002,0.002,1.67,2026-06-23T11:30:31,0.002,1.67
ip_shuffle,20260623T113031_486645,of:0000000000000007:1 -> of:000000000000000d:5,0.001,0.00125,0.001,0.001,1.47,2026-06-23T11:30:31,0.001,1.47
ip_shuffle,20260623T113031_486645,of:0000000000000002:2 -> of:0000000000000008:2,0.002,0.0025,0.002,0.002,1.73,2026-06-23T11:30:31,0.002,1.73
ip_shuffle,20260623T113031_486645,of:0000000000000003:2 -> of:0000000000000008:3,0.002,0.0025,0.002,0.002,1.73,2026-06-23T11:30:31,0.002,1.73
ip_shuffle,20260623T113031_486645,of:0000000000000008:1 -> of:000000000000000b:6,0.001,0.00125,0.001,0.001,1.47,2026-06-23T11:30:31,0.001,1.47
ip_shuffle,20260623T113031_486645,of:0000000000000004:2 -> of:0000000000000009:2,0.002,0.0025,0.002,0.002,1.67,2026-06-23T11:30:31,0.002,1.67
ip_shuffle,20260623T113031_486645,of:0000000000000002:1 -> of:000000000000000b:4,0.002,0.0025,0.002,0.002,2.5,2026-06-23T11:30:31,0.002,2.5
ip_shuffle,20260623T113031_486645,of:0000000000000009:1 -> of:000000000000000c:6,0.001,0.00125,0.001,0.001,1.4,2026-06-23T11:30:31,0.001,1.4
ip_shuffle,20260623T113135_639533,of:0000000000000004:1 -> of:000000000000000c:4,0.002,0.0025,0.002,0.002,1.9,2026-06-23T11:31:35,0.002,1.86
ip_shuffle,20260623T113135_639533,of:0000000000000005:1 -> of:000000000000000c:5,0.002,0.0025,0.002,0.002,1.9,2026-06-23T11:31:35,0.002,1.86
ip_shuffle,20260623T113135_639533,of:000000000000000a:1 -> of:000000000000000d:6,0.002,0.0025,0.002,0.002,1.93,2026-06-23T11:31:35,0.002,1.9
ip_shuffle,20260623T113135_639533,of:000000000000000b:3 -> of:000000000000000d:2,0.002,0.0025,0.002,0.002,2.5,2026-06-23T11:31:35,0.002,2.5
ip_shuffle,20260623T113135_639533,of:000000000000000c:3 -> of:000000000000000d:3,0.002,0.0025,0.002,0.002,2.46,2026-06-23T11:31:35,0.002,2.5
ip_shuffle,20260623T113135_639533,of:0000000000000005:2 -> of:0000000000000009:3,0.002,0.0025,0.002,0.002,2.5,2026-06-23T11:31:35,0.002,2.5
ip_shuffle,20260623T113135_639533,of:0000000000000001:1 -> of:000000000000000b:1,0.002,0.0025,0.002,0.002,1.93,2026-06-23T11:31:35,0.002,1.86
ip_shuffle,20260623T113135_639533,of:000000000000000b:2 -> of:000000000000000c:2,0.002,0.0025,0.002,0.002,2.53,2026-06-23T11:31:35,0.002,2.53
ip_shuffle,20260623T113135_639533,of:0000000000000001:2 -> of:000000000000000c:1,0.002,0.0025,0.002,0.002,1.93,2026-06-23T11:31:35,0.002,1.86
ip_shuffle,20260623T113135_639533,of:0000000000000006:2 -> of:000000000000000a:2,0.002,0.0025,0.002,0.002,2.5,2026-06-23T11:31:35,0.002,2.5
ip_shuffle,20260623T113135_639533,of:0000000000000001:3 -> of:000000000000000d:1,0.003,0.00375,0.003,0.003,3.49,2026-06-23T11:31:35,0.003,3.56
ip_shuffle,20260623T113135_639533,of:0000000000000003:1 -> of:000000000000000b:5,0.002,0.0025,0.002,0.002,1.96,2026-06-23T11:31:35,0.002,1.93
ip_shuffle,20260623T113135_639533,of:0000000000000006:1 -> of:000000000000000d:4,0.002,0.0025,0.002,0.002,2.5,2026-06-23T11:31:35,0.002,2.53
ip_shuffle,20260623T113135_639533,of:0000000000000007:2 -> of:000000000000000a:3,0.002,0.0025,0.002,0.002,2.46,2026-06-23T11:31:35,0.002,2.46
ip_shuffle,20260623T113135_639533,of:0000000000000007:1 -> of:000000000000000d:5,0.003,0.00375,0.003,0.003,3.29,2026-06-23T11:31:35,0.003,3.26
ip_shuffle,20260623T113135_639533,of:0000000000000002:2 -> of:0000000000000008:2,0.002,0.0025,0.002,0.002,2.5,2026-06-23T11:31:35,0.002,2.5
ip_shuffle,20260623T113135_639533,of:0000000000000003:2 -> of:0000000000000008:3,0.002,0.0025,0.002,0.002,2.5,2026-06-23T11:31:35,0.002,2.5
ip_shuffle,20260623T113135_639533,of:0000000000000008:1 -> of:000000000000000b:6,0.002,0.0025,0.002,0.002,1.86,2026-06-23T11:31:35,0.002,1.86
ip_shuffle,20260623T113135_639533,of:0000000000000004:2 -> of:0000000000000009:2,0.002,0.0025,0.002,0.002,2.5,2026-06-23T11:31:35,0.002,2.5
ip_shuffle,20260623T113135_639533,of:0000000000000002:1 -> of:000000000000000b:4,0.002,0.0025,0.002,0.002,1.96,2026-06-23T11:31:35,0.002,1.93
ip_shuffle,20260623T113135_639533,of:0000000000000009:1 -> of:000000000000000c:6,0.002,0.0025,0.002,0.002,1.93,2026-06-23T11:31:35,0.002,1.93
route_mutation,20260623T113246_210646,of:0000000000000004:1 -> of:000000000000000c:4,0.002,0.0025,0.002,0.002,2.43,2026-06-23T11:32:46,0.002,2.33
route_mutation,20260623T113246_210646,of:0000000000000005:1 -> of:000000000000000c:5,0.002,0.0025,0.002,0.002,2.16,2026-06-23T11:32:46,0.002,2.06
route_mutation,20260623T113246_210646,of:000000000000000a:1 -> of:000000000000000d:6,0.002,0.0025,0.002,0.002,1.5,2026-06-23T11:32:46,0.002,1.5
route_mutation,20260623T113246_210646,of:000000000000000b:3 -> of:000000000000000d:2,0.002,0.0025,0.002,0.002,1.73,2026-06-23T11:32:46,0.002,1.73
route_mutation,20260623T113246_210646,of:000000000000000c:3 -> of:000000000000000d:3,0.002,0.0025,0.002,0.002,1.66,2026-06-23T11:32:46,0.002,1.66
route_mutation,20260623T113246_210646,of:0000000000000005:2 -> of:0000000000000009:3,0.002,0.0025,0.002,0.002,1.83,2026-06-23T11:32:46,0.002,1.83
route_mutation,20260623T113246_210646,of:0000000000000001:1 -> of:000000000000000b:1,0.003,0.00375,0.003,0.003,3.3,2026-06-23T11:32:46,0.003,3.46
route_mutation,20260623T113246_210646,of:000000000000000b:2 -> of:000000000000000c:2,0.002,0.0025,0.002,0.002,1.73,2026-06-23T11:32:46,0.002,1.73
route_mutation,20260623T113246_210646,of:0000000000000001:2 -> of:000000000000000c:1,0.003,0.00375,0.003,0.003,3.03,2026-06-23T11:32:46,0.003,3.06
route_mutation,20260623T113246_210646,of:0000000000000006:2 -> of:000000000000000a:2,0.002,0.0025,0.002,0.002,1.83,2026-06-23T11:32:46,0.002,1.83
route_mutation,20260623T113246_210646,of:0000000000000001:3 -> of:000000000000000d:1,0.002,0.0025,0.002,0.002,2.56,2026-06-23T11:32:46,0.002,2.5
route_mutation,20260623T113246_210646,of:0000000000000003:1 -> of:000000000000000b:5,0.002,0.0025,0.002,0.002,2.63,2026-06-23T11:32:46,0.002,2.5
route_mutation,20260623T113246_210646,of:0000000000000006:1 -> of:000000000000000d:4,0.002,0.0025,0.002,0.002,1.66,2026-06-23T11:32:46,0.002,1.56
route_mutation,20260623T113246_210646,of:0000000000000007:2 -> of:000000000000000a:3,0.002,0.0025,0.002,0.002,1.76,2026-06-23T11:32:46,0.002,1.76
route_mutation,20260623T113246_210646,of:0000000000000007:1 -> of:000000000000000d:5,0.002,0.0025,0.002,0.002,2.66,2026-06-23T11:32:46,0.002,2.63
route_mutation,20260623T113246_210646,of:0000000000000002:2 -> of:0000000000000008:2,0.002,0.0025,0.002,0.002,1.83,2026-06-23T11:32:46,0.002,1.83
route_mutation,20260623T113246_210646,of:0000000000000003:2 -> of:0000000000000008:3,0.002,0.0025,0.002,0.002,1.83,2026-06-23T11:32:46,0.002,1.83
route_mutation,20260623T113246_210646,of:0000000000000008:1 -> of:000000000000000b:6,0.002,0.0025,0.002,0.002,1.56,2026-06-23T11:32:46,0.002,1.53
route_mutation,20260623T113246_210646,of:0000000000000004:2 -> of:0000000000000009:2,0.002,0.0025,0.002,0.002,1.83,2026-06-23T11:32:46,0.002,1.83
route_mutation,20260623T113246_210646,of:0000000000000002:1 -> of:000000000000000b:4,0.002,0.0025,0.002,0.002,2.53,2026-06-23T11:32:46,0.002,2.5
route_mutation,20260623T113246_210646,of:0000000000000009:1 -> of:000000000000000c:6,0.002,0.0025,0.002,0.002,1.53,2026-06-23T11:32:46,0.002,1.53
route_mutation,20260623T113316_539110,of:0000000000000004:1 -> of:000000000000000c:4,0.002,0.0025,0.002,0.002,1.83,2026-06-23T11:33:16,0.002,1.9
route_mutation,20260623T113316_539110,of:0000000000000005:1 -> of:000000000000000c:5,0.002,0.0025,0.002,0.002,2.1,2026-06-23T11:33:16,0.002,2.16
route_mutation,20260623T113316_539110,of:000000000000000a:1 -> of:000000000000000d:6,0.002,0.0025,0.002,0.002,1.93,2026-06-23T11:33:16,0.002,1.96
route_mutation,20260623T113316_539110,of:000000000000000b:3 -> of:000000000000000d:2,0.002,0.0025,0.002,0.002,2.56,2026-06-23T11:33:16,0.002,2.56
route_mutation,20260623T113316_539110,of:000000000000000c:3 -> of:000000000000000d:3,0.002,0.0025,0.002,0.002,2.6,2026-06-23T11:33:16,0.002,2.6
route_mutation,20260623T113316_539110,of:0000000000000005:2 -> of:0000000000000009:3,0.002,0.0025,0.002,0.002,2.43,2026-06-23T11:33:16,0.002,2.43
route_mutation,20260623T113316_539110,of:0000000000000001:1 -> of:000000000000000b:1,0.002,0.0025,0.002,0.002,1.93,2026-06-23T11:33:16,0.002,1.96
route_mutation,20260623T113316_539110,of:000000000000000b:2 -> of:000000000000000c:2,0.002,0.0025,0.002,0.002,2.56,2026-06-23T11:33:16,0.002,2.56
route_mutation,20260623T113316_539110,of:0000000000000001:2 -> of:000000000000000c:1,0.002,0.0025,0.002,0.002,2.06,2026-06-23T11:33:16,0.002,2.06
route_mutation,20260623T113316_539110,of:0000000000000006:2 -> of:000000000000000a:2,0.002,0.0025,0.002,0.002,2.46,2026-06-23T11:33:16,0.002,2.46
route_mutation,20260623T113316_539110,of:0000000000000001:3 -> of:000000000000000d:1,0.003,0.00375,0.003,0.003,3.46,2026-06-23T11:33:16,0.003,3.43
route_mutation,20260623T113316_539110,of:0000000000000003:1 -> of:000000000000000b:5,0.002,0.0025,0.002,0.002,1.9,2026-06-23T11:33:16,0.002,1.93
route_mutation,20260623T113316_539110,of:0000000000000006:1 -> of:000000000000000d:4,0.003,0.00375,0.003,0.003,3.1,2026-06-23T11:33:16,0.003,3.13
route_mutation,20260623T113316_539110,of:0000000000000007:2 -> of:000000000000000a:3,0.002,0.0025,0.002,0.002,2.46,2026-06-23T11:33:16,0.002,2.46
route_mutation,20260623T113316_539110,of:0000000000000007:1 -> of:000000000000000d:5,0.002,0.0025,0.002,0.002,2.1,2026-06-23T11:33:16,0.002,2.03
route_mutation,20260623T113316_539110,of:0000000000000002:2 -> of:0000000000000008:2,0.002,0.0025,0.002,0.002,2.5,2026-06-23T11:33:16,0.002,2.5
route_mutation,20260623T113316_539110,of:0000000000000003:2 -> of:0000000000000008:3,0.002,0.0025,0.002,0.002,2.5,2026-06-23T11:33:16,0.002,2.5
route_mutation,20260623T113316_539110,of:0000000000000008:1 -> of:000000000000000b:6,0.002,0.0025,0.002,0.002,1.93,2026-06-23T11:33:16,0.002,1.93
route_mutation,20260623T113316_539110,of:0000000000000004:2 -> of:0000000000000009:2,0.002,0.0025,0.002,0.002,2.43,2026-06-23T11:33:16,0.002,2.43
route_mutation,20260623T113316_539110,of:0000000000000002:1 -> of:000000000000000b:4,0.002,0.0025,0.002,0.002,1.9,2026-06-23T11:33:16,0.002,1.93
route_mutation,20260623T113316_539110,of:0000000000000009:1 -> of:000000000000000c:6,0.002,0.0025,0.002,0.002,1.93,2026-06-23T11:33:16,0.002,1.96
ip_shuffle,20260623T113346_891431,of:0000000000000004:1 -> of:000000000000000c:4,0.002,0.0025,0.002,0.002,1.43,2026-06-23T11:33:46,0.002,1.43
ip_shuffle,20260623T113346_891431,of:0000000000000005:1 -> of:000000000000000c:5,0.002,0.0025,0.002,0.002,1.43,2026-06-23T11:33:46,0.002,1.43
ip_shuffle,20260623T113346_891431,of:000000000000000a:1 -> of:000000000000000d:6,0.001,0.00125,0.001,0.001,1.37,2026-06-23T11:33:46,0.001,1.37
ip_shuffle,20260623T113346_891431,of:000000000000000b:3 -> of:000000000000000d:2,0.001,0.00125,0.001,0.001,1.46,2026-06-23T11:33:46,0.001,1.46
ip_shuffle,20260623T113346_891431,of:000000000000000c:3 -> of:000000000000000d:3,0.001,0.00125,0.001,0.001,1.46,2026-06-23T11:33:46,0.001,1.46
ip_shuffle,20260623T113346_891431,of:0000000000000005:2 -> of:0000000000000009:3,0.002,0.0025,0.002,0.002,1.53,2026-06-23T11:33:46,0.002,1.53
ip_shuffle,20260623T113346_891431,of:0000000000000001:1 -> of:000000000000000b:1,0.003,0.00375,0.003,0.003,3.36,2026-06-23T11:33:46,0.003,3.3
ip_shuffle,20260623T113346_891431,of:000000000000000b:2 -> of:000000000000000c:2,0.002,0.0025,0.002,0.002,1.53,2026-06-23T11:33:46,0.002,1.53
ip_shuffle,20260623T113346_891431,of:0000000000000001:2 -> of:000000000000000c:1,0.002,0.0025,0.002,0.002,1.43,2026-06-23T11:33:46,0.002,1.53
ip_shuffle,20260623T113346_891431,of:0000000000000006:2 -> of:000000000000000a:2,0.002,0.0025,0.002,0.002,1.53,2026-06-23T11:33:46,0.002,1.53
ip_shuffle,20260623T113346_891431,of:0000000000000001:3 -> of:000000000000000d:1,0.001,0.00125,0.001,0.001,1.37,2026-06-23T11:33:46,0.001,1.46
ip_shuffle,20260623T113346_891431,of:0000000000000003:1 -> of:000000000000000b:5,0.002,0.0025,0.002,0.002,2.26,2026-06-23T11:33:46,0.002,2.33
ip_shuffle,20260623T113346_891431,of:0000000000000006:1 -> of:000000000000000d:4,0.001,0.00125,0.001,0.001,1.37,2026-06-23T11:33:46,0.001,1.37
ip_shuffle,20260623T113346_891431,of:0000000000000007:2 -> of:000000000000000a:3,0.002,0.0025,0.002,0.002,1.53,2026-06-23T11:33:46,0.002,1.53
ip_shuffle,20260623T113346_891431,of:0000000000000007:1 -> of:000000000000000d:5,0.001,0.00125,0.001,0.001,1.37,2026-06-23T11:33:46,0.001,1.37
ip_shuffle,20260623T113346_891431,of:0000000000000002:2 -> of:0000000000000008:2,0.002,0.0025,0.002,0.002,1.63,2026-06-23T11:33:46,0.002,1.63
ip_shuffle,20260623T113346_891431,of:0000000000000003:2 -> of:0000000000000008:3,0.002,0.0025,0.002,0.002,1.63,2026-06-23T11:33:46,0.002,1.63
ip_shuffle,20260623T113346_891431,of:0000000000000008:1 -> of:000000000000000b:6,0.002,0.0025,0.002,0.002,1.43,2026-06-23T11:33:46,0.002,1.43
ip_shuffle,20260623T113346_891431,of:0000000000000004:2 -> of:0000000000000009:2,0.002,0.0025,0.002,0.002,1.53,2026-06-23T11:33:46,0.002,1.53
ip_shuffle,20260623T113346_891431,of:0000000000000002:1 -> of:000000000000000b:4,0.002,0.0025,0.002,0.002,2.56,2026-06-23T11:33:46,0.002,2.46
ip_shuffle,20260623T113346_891431,of:0000000000000009:1 -> of:000000000000000c:6,0.002,0.0025,0.002,0.002,1.43,2026-06-23T11:33:46,0.002,1.43
ip_shuffle,20260623T113451_118920,of:0000000000000004:1 -> of:000000000000000c:4,0.002,0.0025,0.002,0.002,2.03,2026-06-23T11:34:51,0.002,2.0
ip_shuffle,20260623T113451_118920,of:0000000000000005:1 -> of:000000000000000c:5,0.002,0.0025,0.002,0.002,2.03,2026-06-23T11:34:51,0.002,2.0
ip_shuffle,20260623T113451_118920,of:000000000000000a:1 -> of:000000000000000d:6,0.002,0.0025,0.002,0.002,2.0,2026-06-23T11:34:51,0.002,2.0
ip_shuffle,20260623T113451_118920,of:000000000000000b:3 -> of:000000000000000d:2,0.002,0.0025,0.002,0.002,2.73,2026-06-23T11:34:51,0.002,2.73
ip_shuffle,20260623T113451_118920,of:000000000000000c:3 -> of:000000000000000d:3,0.002,0.0025,0.002,0.002,2.73,2026-06-23T11:34:51,0.002,2.73
ip_shuffle,20260623T113451_118920,of:0000000000000005:2 -> of:0000000000000009:3,0.002,0.0025,0.002,0.002,2.8,2026-06-23T11:34:51,0.002,2.8
ip_shuffle,20260623T113451_118920,of:0000000000000001:1 -> of:000000000000000b:1,0.002,0.0025,0.002,0.002,1.93,2026-06-23T11:34:51,0.002,1.83
ip_shuffle,20260623T113451_118920,of:000000000000000b:2 -> of:000000000000000c:2,0.002,0.0025,0.002,0.002,2.66,2026-06-23T11:34:51,0.002,2.66
ip_shuffle,20260623T113451_118920,of:0000000000000001:2 -> of:000000000000000c:1,0.002,0.0025,0.002,0.002,1.93,2026-06-23T11:34:51,0.002,1.83
ip_shuffle,20260623T113451_118920,of:0000000000000006:2 -> of:000000000000000a:2,0.002,0.0025,0.002,0.002,2.76,2026-06-23T11:34:51,0.002,2.76
ip_shuffle,20260623T113451_118920,of:0000000000000001:3 -> of:000000000000000d:1,0.003,0.00375,0.003,0.003,3.6,2026-06-23T11:34:51,0.003,3.73
ip_shuffle,20260623T113451_118920,of:0000000000000003:1 -> of:000000000000000b:5,0.002,0.0025,0.002,0.002,1.83,2026-06-23T11:34:51,0.002,1.93
ip_shuffle,20260623T113451_118920,of:0000000000000006:1 -> of:000000000000000d:4,0.002,0.0025,0.002,0.002,2.73,2026-06-23T11:34:51,0.002,2.76
ip_shuffle,20260623T113451_118920,of:0000000000000007:2 -> of:000000000000000a:3,0.002,0.0025,0.002,0.002,2.76,2026-06-23T11:34:51,0.002,2.76
ip_shuffle,20260623T113451_118920,of:0000000000000007:1 -> of:000000000000000d:5,0.003,0.00375,0.003,0.003,3.6,2026-06-23T11:34:51,0.003,3.56
ip_shuffle,20260623T113451_118920,of:0000000000000002:2 -> of:0000000000000008:2,0.002,0.0025,0.002,0.002,2.6,2026-06-23T11:34:51,0.002,2.6
ip_shuffle,20260623T113451_118920,of:0000000000000003:2 -> of:0000000000000008:3,0.002,0.0025,0.002,0.002,2.6,2026-06-23T11:34:51,0.002,2.6
ip_shuffle,20260623T113451_118920,of:0000000000000008:1 -> of:000000000000000b:6,0.002,0.0025,0.002,0.002,1.96,2026-06-23T11:34:51,0.002,1.93
ip_shuffle,20260623T113451_118920,of:0000000000000004:2 -> of:0000000000000009:2,0.002,0.0025,0.002,0.002,2.8,2026-06-23T11:34:51,0.002,2.8
ip_shuffle,20260623T113451_118920,of:0000000000000002:1 -> of:000000000000000b:4,0.002,0.0025,0.002,0.002,1.83,2026-06-23T11:34:51,0.002,1.93
ip_shuffle,20260623T113451_118920,of:0000000000000009:1 -> of:000000000000000c:6,0.002,0.0025,0.002,0.002,1.96,2026-06-23T11:34:51,0.002,1.93
route_mutation,20260623T113555_189034,of:0000000000000004:1 -> of:000000000000000c:4,0.002,0.0025,0.002,0.002,2.2,2026-06-23T11:35:55,0.002,2.26
route_mutation,20260623T113555_189034,of:0000000000000005:1 -> of:000000000000000c:5,0.002,0.0025,0.002,0.002,2.2,2026-06-23T11:35:55,0.002,2.26
route_mutation,20260623T113555_189034,of:000000000000000a:1 -> of:000000000000000d:6,0.002,0.0025,0.002,0.002,1.5,2026-06-23T11:35:55,0.002,1.53
route_mutation,20260623T113555_189034,of:000000000000000b:3 -> of:000000000000000d:2,0.002,0.0025,0.002,0.002,1.73,2026-06-23T11:35:55,0.002,1.7
route_mutation,20260623T113555_189034,of:000000000000000c:3 -> of:000000000000000d:3,0.002,0.0025,0.002,0.002,1.73,2026-06-23T11:35:55,0.002,1.73
route_mutation,20260623T113555_189034,of:0000000000000005:2 -> of:0000000000000009:3,0.002,0.0025,0.002,0.002,1.56,2026-06-23T11:35:55,0.002,1.56
route_mutation,20260623T113555_189034,of:0000000000000001:1 -> of:000000000000000b:1,0.003,0.00375,0.003,0.003,2.9,2026-06-23T11:35:55,0.003,3.0
route_mutation,20260623T113555_189034,of:000000000000000b:2 -> of:000000000000000c:2,0.002,0.0025,0.002,0.002,1.7,2026-06-23T11:35:55,0.002,1.7
route_mutation,20260623T113555_189034,of:0000000000000001:2 -> of:000000000000000c:1,0.003,0.00375,0.003,0.003,3.13,2026-06-23T11:35:55,0.003,3.2
route_mutation,20260623T113555_189034,of:0000000000000006:2 -> of:000000000000000a:2,0.002,0.0025,0.002,0.002,1.6,2026-06-23T11:35:55,0.002,1.6
route_mutation,20260623T113555_189034,of:0000000000000001:3 -> of:000000000000000d:1,0.002,0.0025,0.002,0.002,1.8,2026-06-23T11:35:55,0.002,1.7
route_mutation,20260623T113555_189034,of:0000000000000003:1 -> of:000000000000000b:5,0.002,0.0025,0.002,0.002,2.66,2026-06-23T11:35:55,0.002,2.53
route_mutation,20260623T113555_189034,of:0000000000000006:1 -> of:000000000000000d:4,0.002,0.0025,0.002,0.002,1.56,2026-06-23T11:35:55,0.002,1.53
route_mutation,20260623T113555_189034,of:0000000000000007:2 -> of:000000000000000a:3,0.002,0.0025,0.002,0.002,1.66,2026-06-23T11:35:55,0.002,1.66
route_mutation,20260623T113555_189034,of:0000000000000007:1 -> of:000000000000000d:5,0.002,0.0025,0.002,0.002,1.5,2026-06-23T11:35:55,0.002,1.53
route_mutation,20260623T113555_189034,of:0000000000000002:2 -> of:0000000000000008:2,0.002,0.0025,0.002,0.002,1.8,2026-06-23T11:35:55,0.002,1.8
route_mutation,20260623T113555_189034,of:0000000000000003:2 -> of:0000000000000008:3,0.002,0.0025,0.002,0.002,1.8,2026-06-23T11:35:55,0.002,1.8
route_mutation,20260623T113555_189034,of:0000000000000008:1 -> of:000000000000000b:6,0.002,0.0025,0.002,0.002,1.5,2026-06-23T11:35:55,0.002,1.5
route_mutation,20260623T113555_189034,of:0000000000000004:2 -> of:0000000000000009:2,0.002,0.0025,0.002,0.002,1.56,2026-06-23T11:35:55,0.002,1.56
route_mutation,20260623T113555_189034,of:0000000000000002:1 -> of:000000000000000b:4,0.002,0.0025,0.002,0.002,1.93,2026-06-23T11:35:55,0.002,1.8
route_mutation,20260623T113555_189034,of:0000000000000009:1 -> of:000000000000000c:6,0.002,0.0025,0.002,0.002,1.5,2026-06-23T11:35:55,0.002,1.53
route_mutation,20260623T113625_497241,of:0000000000000004:1 -> of:000000000000000c:4,0.002,0.0025,0.002,0.002,2.23,2026-06-23T11:36:25,0.002,2.2
route_mutation,20260623T113625_497241,of:0000000000000005:1 -> of:000000000000000c:5,0.002,0.0025,0.002,0.002,2.2,2026-06-23T11:36:25,0.002,2.16
route_mutation,20260623T113625_497241,of:000000000000000a:1 -> of:000000000000000d:6,0.002,0.0025,0.002,0.002,2.16,2026-06-23T11:36:25,0.002,2.16
route_mutation,20260623T113625_497241,of:000000000000000b:3 -> of:000000000000000d:2,0.002,0.0025,0.002,0.002,3.06,2026-06-23T11:36:25,0.002,3.1
route_mutation,20260623T113625_497241,of:000000000000000c:3 -> of:000000000000000d:3,0.002,0.0025,0.002,0.002,3.1,2026-06-23T11:36:25,0.002,3.1
route_mutation,20260623T113625_497241,of:0000000000000005:2 -> of:0000000000000009:3,0.002,0.0025,0.002,0.002,3.1,2026-06-23T11:36:25,0.002,3.1
route_mutation,20260623T113625_497241,of:0000000000000001:1 -> of:000000000000000b:1,0.002,0.0025,0.002,0.002,2.13,2026-06-23T11:36:25,0.002,2.13
route_mutation,20260623T113625_497241,of:000000000000000b:2 -> of:000000000000000c:2,0.002,0.0025,0.002,0.002,3.03,2026-06-23T11:36:25,0.002,3.03
route_mutation,20260623T113625_497241,of:0000000000000001:2 -> of:000000000000000c:1,0.002,0.0025,0.002,0.002,2.1,2026-06-23T11:36:25,0.002,2.13
route_mutation,20260623T113625_497241,of:0000000000000006:2 -> of:000000000000000a:2,0.002,0.0025,0.002,0.002,3.06,2026-06-23T11:36:25,0.002,3.06
route_mutation,20260623T113625_497241,of:0000000000000001:3 -> of:000000000000000d:1,0.003,0.00375,0.003,0.003,4.4,2026-06-23T11:36:25,0.003,4.36
route_mutation,20260623T113625_497241,of:0000000000000003:1 -> of:000000000000000b:5,0.002,0.0025,0.002,0.002,2.16,2026-06-23T11:36:25,0.002,2.2
route_mutation,20260623T113625_497241,of:0000000000000006:1 -> of:000000000000000d:4,0.003,0.00375,0.003,0.003,3.4,2026-06-23T11:36:25,0.003,3.46
route_mutation,20260623T113625_497241,of:0000000000000007:2 -> of:000000000000000a:3,0.002,0.0025,0.002,0.002,3.03,2026-06-23T11:36:25,0.002,3.0
route_mutation,20260623T113625_497241,of:0000000000000007:1 -> of:000000000000000d:5,0.002,0.0025,0.002,0.002,3.16,2026-06-23T11:36:25,0.002,3.1
route_mutation,20260623T113625_497241,of:0000000000000002:2 -> of:0000000000000008:2,0.002,0.0025,0.002,0.002,3.1,2026-06-23T11:36:25,0.002,3.1
route_mutation,20260623T113625_497241,of:0000000000000003:2 -> of:0000000000000008:3,0.002,0.0025,0.002,0.002,3.1,2026-06-23T11:36:25,0.002,3.1
route_mutation,20260623T113625_497241,of:0000000000000008:1 -> of:000000000000000b:6,0.002,0.0025,0.002,0.002,2.1,2026-06-23T11:36:25,0.002,2.13
route_mutation,20260623T113625_497241,of:0000000000000004:2 -> of:0000000000000009:2,0.002,0.0025,0.002,0.002,3.1,2026-06-23T11:36:25,0.002,3.1
route_mutation,20260623T113625_497241,of:0000000000000002:1 -> of:000000000000000b:4,0.002,0.0025,0.002,0.002,2.16,2026-06-23T11:36:25,0.002,2.2
route_mutation,20260623T113625_497241,of:0000000000000009:1 -> of:000000000000000c:6,0.002,0.0025,0.002,0.002,2.13,2026-06-23T11:36:25,0.002,2.13
ip_shuffle,20260623T113655_799560,of:0000000000000004:1 -> of:000000000000000c:4,0.002,0.0025,0.002,0.002,1.46,2026-06-23T11:36:55,0.002,1.43
ip_shuffle,20260623T113655_799560,of:0000000000000005:1 -> of:000000000000000c:5,0.002,0.0025,0.002,0.002,1.46,2026-06-23T11:36:55,0.002,1.43
ip_shuffle,20260623T113655_799560,of:000000000000000a:1 -> of:000000000000000d:6,0.001,0.00125,0.001,0.001,1.4,2026-06-23T11:36:55,0.001,1.37
ip_shuffle,20260623T113655_799560,of:000000000000000b:3 -> of:000000000000000d:2,0.001,0.00125,0.001,0.001,1.46,2026-06-23T11:36:55,0.001,1.46
ip_shuffle,20260623T113655_799560,of:000000000000000c:3 -> of:000000000000000d:3,0.001,0.00125,0.001,0.001,1.46,2026-06-23T11:36:55,0.001,1.46
ip_shuffle,20260623T113655_799560,of:0000000000000005:2 -> of:0000000000000009:3,0.002,0.0025,0.002,0.002,1.6,2026-06-23T11:36:55,0.002,1.6
ip_shuffle,20260623T113655_799560,of:0000000000000001:1 -> of:000000000000000b:1,0.002,0.0025,0.002,0.002,1.43,2026-06-23T11:36:55,0.001,1.33
ip_shuffle,20260623T113655_799560,of:000000000000000b:2 -> of:000000000000000c:2,0.002,0.0025,0.002,0.002,1.53,2026-06-23T11:36:55,0.002,1.53
ip_shuffle,20260623T113655_799560,of:0000000000000001:2 -> of:000000000000000c:1,0.002,0.0025,0.002,0.002,1.43,2026-06-23T11:36:55,0.001,1.33
ip_shuffle,20260623T113655_799560,of:0000000000000006:2 -> of:000000000000000a:2,0.002,0.0025,0.002,0.002,1.6,2026-06-23T11:36:55,0.002,1.6
ip_shuffle,20260623T113655_799560,of:0000000000000001:3 -> of:000000000000000d:1,0.002,0.0025,0.002,0.002,1.56,2026-06-23T11:36:55,0.002,1.7
ip_shuffle,20260623T113655_799560,of:0000000000000003:1 -> of:000000000000000b:5,0.001,0.00125,0.001,0.001,1.27,2026-06-23T11:36:55,0.001,1.37
ip_shuffle,20260623T113655_799560,of:0000000000000006:1 -> of:000000000000000d:4,0.001,0.00125,0.001,0.001,1.4,2026-06-23T11:36:55,0.001,1.37
ip_shuffle,20260623T113655_799560,of:0000000000000007:2 -> of:000000000000000a:3,0.002,0.0025,0.002,0.002,1.56,2026-06-23T11:36:55,0.002,1.6
ip_shuffle,20260623T113655_799560,of:0000000000000007:1 -> of:000000000000000d:5,0.002,0.0025,0.002,0.002,1.8,2026-06-23T11:36:55,0.002,1.83
ip_shuffle,20260623T113655_799560,of:0000000000000002:2 -> of:0000000000000008:2,0.001,0.00125,0.001,0.001,1.4,2026-06-23T11:36:55,0.001,1.4
ip_shuffle,20260623T113655_799560,of:0000000000000003:2 -> of:0000000000000008:3,0.001,0.00125,0.001,0.001,1.4,2026-06-23T11:36:55,0.001,1.4
ip_shuffle,20260623T113655_799560,of:0000000000000008:1 -> of:000000000000000b:6,0.002,0.0025,0.002,0.002,1.46,2026-06-23T11:36:55,0.002,1.43
ip_shuffle,20260623T113655_799560,of:0000000000000004:2 -> of:0000000000000009:2,0.002,0.0025,0.002,0.002,1.6,2026-06-23T11:36:55,0.002,1.6
ip_shuffle,20260623T113655_799560,of:0000000000000002:1 -> of:000000000000000b:4,0.001,0.00125,0.001,0.001,1.27,2026-06-23T11:36:55,0.001,1.37
ip_shuffle,20260623T113655_799560,of:0000000000000009:1 -> of:000000000000000c:6,0.002,0.0025,0.002,0.002,1.46,2026-06-23T11:36:55,0.002,1.43
ip_shuffle,20260623T113753_488357,of:0000000000000004:1 -> of:000000000000000c:4,0.002,0.0025,0.002,0.002,2.03,2026-06-23T11:37:53,0.002,2.1
ip_shuffle,20260623T113753_488357,of:0000000000000005:1 -> of:000000000000000c:5,0.002,0.0025,0.002,0.002,2.7,2026-06-23T11:37:53,0.002,2.76
ip_shuffle,20260623T113753_488357,of:000000000000000a:1 -> of:000000000000000d:6,0.002,0.0025,0.002,0.002,1.93,2026-06-23T11:37:53,0.002,1.96
ip_shuffle,20260623T113753_488357,of:000000000000000b:3 -> of:000000000000000d:2,0.002,0.0025,0.002,0.002,2.63,2026-06-23T11:37:53,0.002,2.63
ip_shuffle,20260623T113753_488357,of:000000000000000c:3 -> of:000000000000000d:3,0.002,0.0025,0.002,0.002,2.66,2026-06-23T11:37:53,0.002,2.66
ip_shuffle,20260623T113753_488357,of:0000000000000005:2 -> of:0000000000000009:3,0.002,0.0025,0.002,0.002,2.56,2026-06-23T11:37:53,0.002,2.56
ip_shuffle,20260623T113753_488357,of:0000000000000001:1 -> of:000000000000000b:1,0.002,0.0025,0.002,0.002,1.86,2026-06-23T11:37:53,0.002,1.96
ip_shuffle,20260623T113753_488357,of:000000000000000b:2 -> of:000000000000000c:2,0.002,0.0025,0.002,0.002,2.56,2026-06-23T11:37:53,0.002,2.56
ip_shuffle,20260623T113753_488357,of:0000000000000001:2 -> of:000000000000000c:1,0.002,0.0025,0.002,0.002,2.6,2026-06-23T11:37:53,0.002,2.63
ip_shuffle,20260623T113753_488357,of:0000000000000006:2 -> of:000000000000000a:2,0.002,0.0025,0.002,0.002,2.6,2026-06-23T11:37:53,0.002,2.6
ip_shuffle,20260623T113753_488357,of:0000000000000001:3 -> of:000000000000000d:1,0.003,0.00375,0.003,0.003,3.73,2026-06-23T11:37:53,0.003,3.63
ip_shuffle,20260623T113753_488357,of:0000000000000003:1 -> of:000000000000000b:5,0.002,0.0025,0.002,0.002,2.06,2026-06-23T11:37:53,0.002,1.93
ip_shuffle,20260623T113753_488357,of:0000000000000006:1 -> of:000000000000000d:4,0.003,0.00375,0.003,0.003,3.3,2026-06-23T11:37:53,0.003,3.33
ip_shuffle,20260623T113753_488357,of:0000000000000007:2 -> of:000000000000000a:3,0.002,0.0025,0.002,0.002,2.53,2026-06-23T11:37:53,0.002,2.53
ip_shuffle,20260623T113753_488357,of:0000000000000007:1 -> of:000000000000000d:5,0.002,0.0025,0.002,0.002,2.23,2026-06-23T11:37:53,0.002,2.2
ip_shuffle,20260623T113753_488357,of:0000000000000002:2 -> of:0000000000000008:2,0.002,0.0025,0.002,0.002,2.73,2026-06-23T11:37:53,0.002,2.73
ip_shuffle,20260623T113753_488357,of:0000000000000003:2 -> of:0000000000000008:3,0.002,0.0025,0.002,0.002,2.73,2026-06-23T11:37:53,0.002,2.73
ip_shuffle,20260623T113753_488357,of:0000000000000008:1 -> of:000000000000000b:6,0.002,0.0025,0.002,0.002,1.86,2026-06-23T11:37:53,0.002,1.86
ip_shuffle,20260623T113753_488357,of:0000000000000004:2 -> of:0000000000000009:2,0.002,0.0025,0.002,0.002,2.56,2026-06-23T11:37:53,0.002,2.56
ip_shuffle,20260623T113753_488357,of:0000000000000002:1 -> of:000000000000000b:4,0.002,0.0025,0.002,0.002,2.06,2026-06-23T11:37:53,0.002,1.93
ip_shuffle,20260623T113753_488357,of:0000000000000009:1 -> of:000000000000000c:6,0.002,0.0025,0.002,0.002,1.86,2026-06-23T11:37:53,0.002,1.9
ip_shuffle,20260623T113851_158114,of:0000000000000004:1 -> of:000000000000000c:4,0.001,0.00125,0.001,0.001,1.36,2026-06-23T11:38:51,0.001,1.36
ip_shuffle,20260623T113851_158114,of:0000000000000005:1 -> of:000000000000000c:5,0.001,0.00125,0.001,0.001,1.36,2026-06-23T11:38:51,0.001,1.36
ip_shuffle,20260623T113851_158114,of:000000000000000a:1 -> of:000000000000000d:6,0.002,0.0025,0.002,0.002,1.43,2026-06-23T11:38:51,0.002,1.43
ip_shuffle,20260623T113851_158114,of:000000000000000b:3 -> of:000000000000000d:2,0.002,0.0025,0.002,0.002,1.53,2026-06-23T11:38:51,0.002,1.53
ip_shuffle,20260623T113851_158114,of:000000000000000c:3 -> of:000000000000000d:3,0.002,0.0025,0.002,0.002,1.53,2026-06-23T11:38:51,0.002,1.53
ip_shuffle,20260623T113851_158114,of:0000000000000005:2 -> of:0000000000000009:3,0.001,0.00125,0.001,0.001,1.46,2026-06-23T11:38:51,0.001,1.46
ip_shuffle,20260623T113851_158114,of:0000000000000001:1 -> of:000000000000000b:1,0.003,0.00375,0.003,0.003,3.36,2026-06-23T11:38:51,0.003,3.3
ip_shuffle,20260623T113851_158114,of:000000000000000b:2 -> of:000000000000000c:2,0.002,0.0025,0.002,0.002,1.53,2026-06-23T11:38:51,0.002,1.53
ip_shuffle,20260623T113851_158114,of:0000000000000001:2 -> of:000000000000000c:1,0.002,0.0025,0.002,0.002,1.43,2026-06-23T11:38:51,0.002,1.53
ip_shuffle,20260623T113851_158114,of:0000000000000006:2 -> of:000000000000000a:2,0.001,0.00125,0.001,0.001,1.46,2026-06-23T11:38:51,0.001,1.46
ip_shuffle,20260623T113851_158114,of:0000000000000001:3 -> of:000000000000000d:1,0.002,0.0025,0.002,0.002,1.43,2026-06-23T11:38:51,0.002,1.53
ip_shuffle,20260623T113851_158114,of:0000000000000003:1 -> of:000000000000000b:5,0.002,0.0025,0.002,0.002,2.26,2026-06-23T11:38:51,0.002,2.33
ip_shuffle,20260623T113851_158114,of:0000000000000006:1 -> of:000000000000000d:4,0.001,0.00125,0.001,0.001,1.36,2026-06-23T11:38:51,0.001,1.36
ip_shuffle,20260623T113851_158114,of:0000000000000007:2 -> of:000000000000000a:3,0.002,0.0025,0.002,0.002,1.53,2026-06-23T11:38:51,0.002,1.53
ip_shuffle,20260623T113851_158114,of:0000000000000007:1 -> of:000000000000000d:5,0.002,0.0025,0.002,0.002,1.43,2026-06-23T11:38:51,0.002,1.43
ip_shuffle,20260623T113851_158114,of:0000000000000002:2 -> of:0000000000000008:2,0.002,0.0025,0.002,0.002,1.63,2026-06-23T11:38:51,0.002,1.63
ip_shuffle,20260623T113851_158114,of:0000000000000003:2 -> of:0000000000000008:3,0.002,0.0025,0.002,0.002,1.63,2026-06-23T11:38:51,0.002,1.63
ip_shuffle,20260623T113851_158114,of:0000000000000008:1 -> of:000000000000000b:6,0.002,0.0025,0.002,0.002,1.43,2026-06-23T11:38:51,0.002,1.43
ip_shuffle,20260623T113851_158114,of:0000000000000004:2 -> of:0000000000000009:2,0.001,0.00125,0.001,0.001,1.46,2026-06-23T11:38:51,0.001,1.46
ip_shuffle,20260623T113851_158114,of:0000000000000002:1 -> of:000000000000000b:4,0.002,0.0025,0.002,0.002,2.56,2026-06-23T11:38:51,0.002,2.46
ip_shuffle,20260623T113851_158114,of:0000000000000009:1 -> of:000000000000000c:6,0.002,0.0025,0.002,0.002,1.43,2026-06-23T11:38:51,0.002,1.43
ip_shuffle,20260623T113948_834439,of:0000000000000004:1 -> of:000000000000000c:4,0.002,0.0025,0.002,0.002,1.8,2026-06-23T11:39:48,0.002,1.9
ip_shuffle,20260623T113948_834439,of:0000000000000005:1 -> of:000000000000000c:5,0.002,0.0025,0.002,0.002,1.8,2026-06-23T11:39:48,0.002,1.9
ip_shuffle,20260623T113948_834439,of:000000000000000a:1 -> of:000000000000000d:6,0.002,0.0025,0.002,0.002,2.0,2026-06-23T11:39:48,0.002,1.96
ip_shuffle,20260623T113948_834439,of:000000000000000b:3 -> of:000000000000000d:2,0.002,0.0025,0.002,0.002,2.7,2026-06-23T11:39:48,0.002,2.7
ip_shuffle,20260623T113948_834439,of:000000000000000c:3 -> of:000000000000000d:3,0.002,0.0025,0.002,0.002,2.6,2026-06-23T11:39:48,0.002,2.6
ip_shuffle,20260623T113948_834439,of:0000000000000005:2 -> of:0000000000000009:3,0.002,0.0025,0.002,0.002,2.6,2026-06-23T11:39:48,0.002,2.6
ip_shuffle,20260623T113948_834439,of:0000000000000001:1 -> of:000000000000000b:1,0.002,0.0025,0.002,0.002,2.06,2026-06-23T11:39:48,0.002,1.96
ip_shuffle,20260623T113948_834439,of:000000000000000b:2 -> of:000000000000000c:2,0.002,0.0025,0.002,0.002,2.7,2026-06-23T11:39:48,0.002,2.7
ip_shuffle,20260623T113948_834439,of:0000000000000001:2 -> of:000000000000000c:1,0.002,0.0025,0.002,0.002,1.96,2026-06-23T11:39:48,0.002,1.9
ip_shuffle,20260623T113948_834439,of:0000000000000006:2 -> of:000000000000000a:2,0.002,0.0025,0.002,0.002,2.83,2026-06-23T11:39:48,0.002,2.8
ip_shuffle,20260623T113948_834439,of:0000000000000001:3 -> of:000000000000000d:1,0.003,0.00375,0.003,0.003,3.56,2026-06-23T11:39:48,0.003,3.66
ip_shuffle,20260623T113948_834439,of:0000000000000003:1 -> of:000000000000000b:5,0.002,0.0025,0.002,0.002,1.86,2026-06-23T11:39:48,0.002,2.0
ip_shuffle,20260623T113948_834439,of:0000000000000006:1 -> of:000000000000000d:4,0.002,0.0025,0.002,0.002,2.36,2026-06-23T11:39:48,0.002,2.4
ip_shuffle,20260623T113948_834439,of:0000000000000007:2 -> of:000000000000000a:3,0.002,0.0025,0.002,0.002,2.8,2026-06-23T11:39:48,0.002,2.8
ip_shuffle,20260623T113948_834439,of:0000000000000007:1 -> of:000000000000000d:5,0.003,0.00375,0.003,0.003,3.39,2026-06-23T11:39:48,0.003,3.36
ip_shuffle,20260623T113948_834439,of:0000000000000002:2 -> of:0000000000000008:2,0.002,0.0025,0.002,0.002,2.6,2026-06-23T11:39:48,0.002,2.6
ip_shuffle,20260623T113948_834439,of:0000000000000003:2 -> of:0000000000000008:3,0.002,0.0025,0.002,0.002,2.6,2026-06-23T11:39:48,0.002,2.6
ip_shuffle,20260623T113948_834439,of:0000000000000008:1 -> of:000000000000000b:6,0.002,0.0025,0.002,0.002,2.06,2026-06-23T11:39:48,0.002,2.06
ip_shuffle,20260623T113948_834439,of:0000000000000004:2 -> of:0000000000000009:2,0.002,0.0025,0.002,0.002,2.6,2026-06-23T11:39:48,0.002,2.6
ip_shuffle,20260623T113948_834439,of:0000000000000002:1 -> of:000000000000000b:4,0.002,0.0025,0.002,0.002,1.86,2026-06-23T11:39:48,0.002,2.0
ip_shuffle,20260623T113948_834439,of:0000000000000009:1 -> of:000000000000000c:6,0.002,0.0025,0.002,0.002,2.0,2026-06-23T11:39:48,0.002,1.96
ip_shuffle,20260623T114046_487549,of:0000000000000004:1 -> of:000000000000000c:4,0.002,0.0025,0.002,0.002,1.5,2026-06-23T11:40:46,0.002,1.5
ip_shuffle,20260623T114046_487549,of:0000000000000005:1 -> of:000000000000000c:5,0.002,0.0025,0.002,0.002,1.5,2026-06-23T11:40:46,0.002,1.5
ip_shuffle,20260623T114046_487549,of:000000000000000a:1 -> of:000000000000000d:6,0.002,0.0025,0.002,0.002,1.5,2026-06-23T11:40:46,0.002,1.5
ip_shuffle,20260623T114046_487549,of:000000000000000b:3 -> of:000000000000000d:2,0.002,0.0025,0.002,0.002,1.66,2026-06-23T11:40:46,0.002,1.66
ip_shuffle,20260623T114046_487549,of:000000000000000c:3 -> of:000000000000000d:3,0.002,0.0025,0.002,0.002,1.66,2026-06-23T11:40:46,0.002,1.66
ip_shuffle,20260623T114046_487549,of:0000000000000005:2 -> of:0000000000000009:3,0.002,0.0025,0.002,0.002,1.66,2026-06-23T11:40:46,0.002,1.66
ip_shuffle,20260623T114046_487549,of:0000000000000001:1 -> of:000000000000000b:1,0.002,0.0025,0.002,0.002,2.26,2026-06-23T11:40:46,0.002,2.26
ip_shuffle,20260623T114046_487549,of:000000000000000b:2 -> of:000000000000000c:2,0.002,0.0025,0.002,0.002,1.66,2026-06-23T11:40:46,0.002,1.66
ip_shuffle,20260623T114046_487549,of:0000000000000001:2 -> of:000000000000000c:1,0.002,0.0025,0.002,0.002,1.5,2026-06-23T11:40:46,0.002,1.5
ip_shuffle,20260623T114046_487549,of:0000000000000006:2 -> of:000000000000000a:2,0.002,0.0025,0.002,0.002,1.66,2026-06-23T11:40:46,0.002,1.66
ip_shuffle,20260623T114046_487549,of:0000000000000001:3 -> of:000000000000000d:1,0.002,0.0025,0.002,0.002,2.13,2026-06-23T11:40:46,0.002,2.13
ip_shuffle,20260623T114046_487549,of:0000000000000003:1 -> of:000000000000000b:5,0.002,0.0025,0.002,0.002,1.5,2026-06-23T11:40:46,0.002,1.5
ip_shuffle,20260623T114046_487549,of:0000000000000006:1 -> of:000000000000000d:4,0.002,0.0025,0.002,0.002,2.13,2026-06-23T11:40:46,0.002,2.13
ip_shuffle,20260623T114046_487549,of:0000000000000007:2 -> of:000000000000000a:3,0.002,0.0025,0.002,0.002,1.66,2026-06-23T11:40:46,0.002,1.66
ip_shuffle,20260623T114046_487549,of:0000000000000007:1 -> of:000000000000000d:5,0.002,0.0025,0.002,0.002,1.5,2026-06-23T11:40:46,0.002,1.5
ip_shuffle,20260623T114046_487549,of:0000000000000002:2 -> of:0000000000000008:2,0.002,0.0025,0.002,0.002,1.66,2026-06-23T11:40:46,0.002,1.66
ip_shuffle,20260623T114046_487549,of:0000000000000003:2 -> of:0000000000000008:3,0.002,0.0025,0.002,0.002,1.66,2026-06-23T11:40:46,0.002,1.66
ip_shuffle,20260623T114046_487549,of:0000000000000008:1 -> of:000000000000000b:6,0.002,0.0025,0.002,0.002,1.5,2026-06-23T11:40:46,0.002,1.5
ip_shuffle,20260623T114046_487549,of:0000000000000004:2 -> of:0000000000000009:2,0.002,0.0025,0.002,0.002,1.66,2026-06-23T11:40:46,0.002,1.66
ip_shuffle,20260623T114046_487549,of:0000000000000002:1 -> of:000000000000000b:4,0.002,0.0025,0.002,0.002,2.26,2026-06-23T11:40:46,0.002,2.26
ip_shuffle,20260623T114046_487549,of:0000000000000009:1 -> of:000000000000000c:6,0.002,0.0025,0.002,0.002,1.5,2026-06-23T11:40:46,0.002,1.5
route_mutation,20260623T114150_829738,of:0000000000000004:1 -> of:000000000000000c:4,0.002,0.0025,0.002,0.001,1.36,2026-06-23T11:41:50,0.002,1.43
route_mutation,20260623T114150_829738,of:0000000000000005:1 -> of:000000000000000c:5,0.002,0.0025,0.002,0.001,1.36,2026-06-23T11:41:50,0.002,1.43
route_mutation,20260623T114150_829738,of:000000000000000a:1 -> of:000000000000000d:6,0.002,0.0025,0.002,0.002,1.43,2026-06-23T11:41:50,0.002,1.43
route_mutation,20260623T114150_829738,of:000000000000000b:3 -> of:000000000000000d:2,0.002,0.0025,0.002,0.002,1.53,2026-06-23T11:41:50,0.002,1.53
route_mutation,20260623T114150_829738,of:000000000000000c:3 -> of:000000000000000d:3,0.002,0.0025,0.002,0.002,1.53,2026-06-23T11:41:50,0.002,1.53
route_mutation,20260623T114150_829738,of:0000000000000005:2 -> of:0000000000000009:3,0.002,0.0025,0.002,0.002,1.46,2026-06-23T11:41:50,0.002,1.46
route_mutation,20260623T114150_829738,of:0000000000000001:1 -> of:000000000000000b:1,0.002,0.0025,0.002,0.002,1.43,2026-06-23T11:41:50,0.001,1.33
route_mutation,20260623T114150_829738,of:000000000000000b:2 -> of:000000000000000c:2,0.002,0.0025,0.002,0.002,1.53,2026-06-23T11:41:50,0.002,1.53
route_mutation,20260623T114150_829738,of:0000000000000001:2 -> of:000000000000000c:1,0.002,0.0025,0.002,0.002,1.43,2026-06-23T11:41:50,0.001,1.33
route_mutation,20260623T114150_829738,of:0000000000000006:2 -> of:000000000000000a:2,0.002,0.0025,0.002,0.002,1.66,2026-06-23T11:41:50,0.002,1.66
route_mutation,20260623T114150_829738,of:0000000000000001:3 -> of:000000000000000d:1,0.002,0.0025,0.002,0.002,1.6,2026-06-23T11:41:50,0.002,1.7
route_mutation,20260623T114150_829738,of:0000000000000003:1 -> of:000000000000000b:5,0.002,0.0025,0.002,0.001,1.33,2026-06-23T11:41:50,0.002,1.43
route_mutation,20260623T114150_829738,of:0000000000000006:1 -> of:000000000000000d:4,0.002,0.0025,0.002,0.002,1.56,2026-06-23T11:41:50,0.002,1.5
route_mutation,20260623T114150_829738,of:0000000000000007:2 -> of:000000000000000a:3,0.002,0.0025,0.002,0.002,1.56,2026-06-23T11:41:50,0.002,1.56
route_mutation,20260623T114150_829738,of:0000000000000007:1 -> of:000000000000000d:5,0.002,0.0025,0.002,0.002,1.8,2026-06-23T11:41:50,0.002,1.86
route_mutation,20260623T114150_829738,of:0000000000000002:2 -> of:0000000000000008:2,0.002,0.0025,0.002,0.002,1.43,2026-06-23T11:41:50,0.002,1.43
route_mutation,20260623T114150_829738,of:0000000000000003:2 -> of:0000000000000008:3,0.002,0.0025,0.002,0.002,1.43,2026-06-23T11:41:50,0.002,1.43
route_mutation,20260623T114150_829738,of:0000000000000008:1 -> of:000000000000000b:6,0.002,0.0025,0.002,0.002,1.43,2026-06-23T11:41:50,0.002,1.43
route_mutation,20260623T114150_829738,of:0000000000000004:2 -> of:0000000000000009:2,0.002,0.0025,0.002,0.002,1.46,2026-06-23T11:41:50,0.002,1.46
route_mutation,20260623T114150_829738,of:0000000000000002:1 -> of:000000000000000b:4,0.002,0.0025,0.002,0.001,1.33,2026-06-23T11:41:50,0.002,1.43
route_mutation,20260623T114150_829738,of:0000000000000009:1 -> of:000000000000000c:6,0.002,0.0025,0.002,0.002,1.43,2026-06-23T11:41:50,0.002,1.43
ip_shuffle,20260623T114221_124449,of:0000000000000004:1 -> of:000000000000000c:4,0.002,0.0025,0.002,0.002,2.26,2026-06-23T11:42:21,0.002,2.3
ip_shuffle,20260623T114221_124449,of:0000000000000005:1 -> of:000000000000000c:5,0.002,0.0025,0.002,0.002,1.73,2026-06-23T11:42:21,0.002,1.76
ip_shuffle,20260623T114221_124449,of:000000000000000a:1 -> of:000000000000000d:6,0.001,0.00125,0.001,0.001,1.47,2026-06-23T11:42:21,0.001,1.47
ip_shuffle,20260623T114221_124449,of:000000000000000b:3 -> of:000000000000000d:2,0.002,0.0025,0.002,0.002,1.73,2026-06-23T11:42:21,0.002,1.73
ip_shuffle,20260623T114221_124449,of:000000000000000c:3 -> of:000000000000000d:3,0.002,0.0025,0.002,0.002,1.73,2026-06-23T11:42:21,0.002,1.73
ip_shuffle,20260623T114221_124449,of:0000000000000005:2 -> of:0000000000000009:3,0.002,0.0025,0.002,0.002,1.63,2026-06-23T11:42:21,0.002,1.63
ip_shuffle,20260623T114221_124449,of:0000000000000001:1 -> of:000000000000000b:1,0.003,0.00375,0.003,0.003,3.6,2026-06-23T11:42:21,0.003,3.6
ip_shuffle,20260623T114221_124449,of:000000000000000b:2 -> of:000000000000000c:2,0.002,0.0025,0.002,0.002,1.73,2026-06-23T11:42:21,0.002,1.73
ip_shuffle,20260623T114221_124449,of:0000000000000001:2 -> of:000000000000000c:1,0.002,0.0025,0.002,0.002,2.46,2026-06-23T11:42:21,0.002,2.46
ip_shuffle,20260623T114221_124449,of:0000000000000006:2 -> of:000000000000000a:2,0.002,0.0025,0.002,0.002,1.63,2026-06-23T11:42:21,0.002,1.63
ip_shuffle,20260623T114221_124449,of:0000000000000001:3 -> of:000000000000000d:1,0.002,0.0025,0.002,0.002,1.53,2026-06-23T11:42:21,0.002,1.53
ip_shuffle,20260623T114221_124449,of:0000000000000003:1 -> of:000000000000000b:5,0.002,0.0025,0.002,0.002,2.56,2026-06-23T11:42:21,0.002,2.56
ip_shuffle,20260623T114221_124449,of:0000000000000006:1 -> of:000000000000000d:4,0.002,0.0025,0.002,0.002,1.5,2026-06-23T11:42:21,0.002,1.53
ip_shuffle,20260623T114221_124449,of:0000000000000007:2 -> of:000000000000000a:3,0.001,0.00125,0.001,0.001,1.6,2026-06-23T11:42:21,0.001,1.6
ip_shuffle,20260623T114221_124449,of:0000000000000007:1 -> of:000000000000000d:5,0.001,0.00125,0.001,0.001,1.47,2026-06-23T11:42:21,0.001,1.47
ip_shuffle,20260623T114221_124449,of:0000000000000002:2 -> of:0000000000000008:2,0.002,0.0025,0.002,0.002,1.66,2026-06-23T11:42:21,0.002,1.66
ip_shuffle,20260623T114221_124449,of:0000000000000003:2 -> of:0000000000000008:3,0.002,0.0025,0.002,0.002,1.66,2026-06-23T11:42:21,0.002,1.66
ip_shuffle,20260623T114221_124449,of:0000000000000008:1 -> of:000000000000000b:6,0.001,0.00125,0.001,0.001,1.47,2026-06-23T11:42:21,0.001,1.47
ip_shuffle,20260623T114221_124449,of:0000000000000004:2 -> of:0000000000000009:2,0.002,0.0025,0.002,0.002,1.63,2026-06-23T11:42:21,0.002,1.63
ip_shuffle,20260623T114221_124449,of:0000000000000002:1 -> of:000000000000000b:4,0.002,0.0025,0.002,0.002,2.56,2026-06-23T11:42:21,0.002,2.56
ip_shuffle,20260623T114221_124449,of:0000000000000009:1 -> of:000000000000000c:6,0.001,0.00125,0.001,0.001,1.47,2026-06-23T11:42:21,0.001,1.47
ip_shuffle,20260623T114318_734481,of:0000000000000004:1 -> of:000000000000000c:4,0.002,0.0025,0.002,0.002,1.6,2026-06-23T11:43:18,0.002,1.73
ip_shuffle,20260623T114318_734481,of:0000000000000005:1 -> of:000000000000000c:5,0.002,0.0025,0.002,0.002,1.6,2026-06-23T11:43:18,0.002,1.73
ip_shuffle,20260623T114318_734481,of:000000000000000a:1 -> of:000000000000000d:6,0.002,0.0025,0.002,0.002,1.73,2026-06-23T11:43:18,0.002,1.73
ip_shuffle,20260623T114318_734481,of:000000000000000b:3 -> of:000000000000000d:2,0.002,0.0025,0.002,0.002,2.13,2026-06-23T11:43:18,0.002,2.13
ip_shuffle,20260623T114318_734481,of:000000000000000c:3 -> of:000000000000000d:3,0.002,0.0025,0.002,0.002,2.13,2026-06-23T11:43:18,0.002,2.13
ip_shuffle,20260623T114318_734481,of:0000000000000005:2 -> of:0000000000000009:3,0.002,0.0025,0.002,0.002,2.0,2026-06-23T11:43:18,0.002,2.0
ip_shuffle,20260623T114318_734481,of:0000000000000001:1 -> of:000000000000000b:1,0.002,0.0025,0.002,0.002,1.73,2026-06-23T11:43:18,0.002,1.63
ip_shuffle,20260623T114318_734481,of:000000000000000b:2 -> of:000000000000000c:2,0.002,0.0025,0.002,0.002,2.13,2026-06-23T11:43:18,0.002,2.13
ip_shuffle,20260623T114318_734481,of:0000000000000001:2 -> of:000000000000000c:1,0.002,0.0025,0.002,0.002,1.73,2026-06-23T11:43:18,0.002,1.63
ip_shuffle,20260623T114318_734481,of:0000000000000006:2 -> of:000000000000000a:2,0.002,0.0025,0.002,0.002,1.93,2026-06-23T11:43:18,0.002,1.93
ip_shuffle,20260623T114318_734481,of:0000000000000001:3 -> of:000000000000000d:1,0.002,0.0025,0.002,0.002,2.5,2026-06-23T11:43:18,0.002,2.6
ip_shuffle,20260623T114318_734481,of:0000000000000003:1 -> of:000000000000000b:5,0.002,0.0025,0.002,0.002,1.63,2026-06-23T11:43:18,0.002,1.73
ip_shuffle,20260623T114318_734481,of:0000000000000006:1 -> of:000000000000000d:4,0.002,0.0025,0.002,0.002,1.53,2026-06-23T11:43:18,0.002,1.66
ip_shuffle,20260623T114318_734481,of:0000000000000007:2 -> of:000000000000000a:3,0.002,0.0025,0.002,0.002,2.16,2026-06-23T11:43:18,0.002,2.16
ip_shuffle,20260623T114318_734481,of:0000000000000007:1 -> of:000000000000000d:5,0.002,0.0025,0.002,0.002,2.7,2026-06-23T11:43:18,0.002,2.76
ip_shuffle,20260623T114318_734481,of:0000000000000002:2 -> of:0000000000000008:2,0.002,0.0025,0.002,0.002,2.03,2026-06-23T11:43:18,0.002,2.03
ip_shuffle,20260623T114318_734481,of:0000000000000003:2 -> of:0000000000000008:3,0.002,0.0025,0.002,0.002,2.03,2026-06-23T11:43:18,0.002,2.03
ip_shuffle,20260623T114318_734481,of:0000000000000008:1 -> of:000000000000000b:6,0.002,0.0025,0.002,0.002,1.73,2026-06-23T11:43:18,0.002,1.73
ip_shuffle,20260623T114318_734481,of:0000000000000004:2 -> of:0000000000000009:2,0.002,0.0025,0.002,0.002,2.0,2026-06-23T11:43:18,0.002,2.0
ip_shuffle,20260623T114318_734481,of:0000000000000002:1 -> of:000000000000000b:4,0.002,0.0025,0.002,0.002,1.63,2026-06-23T11:43:18,0.002,1.73
ip_shuffle,20260623T114318_734481,of:0000000000000009:1 -> of:000000000000000c:6,0.002,0.0025,0.002,0.002,1.73,2026-06-23T11:43:18,0.002,1.73
route_mutation,20260623T114416_543509,of:0000000000000004:1 -> of:000000000000000c:4,0.002,0.0025,0.002,0.002,1.63,2026-06-23T11:44:16,0.002,1.53
route_mutation,20260623T114416_543509,of:0000000000000005:1 -> of:000000000000000c:5,0.002,0.0025,0.002,0.002,1.6,2026-06-23T11:44:16,0.002,1.5
route_mutation,20260623T114416_543509,of:000000000000000a:1 -> of:000000000000000d:6,0.002,0.0025,0.002,0.002,1.5,2026-06-23T11:44:16,0.002,1.53
route_mutation,20260623T114416_543509,of:000000000000000b:3 -> of:000000000000000d:2,0.002,0.0025,0.002,0.002,1.7,2026-06-23T11:44:16,0.002,1.7
route_mutation,20260623T114416_543509,of:000000000000000c:3 -> of:000000000000000d:3,0.002,0.0025,0.002,0.002,1.7,2026-06-23T11:44:16,0.002,1.7
route_mutation,20260623T114416_543509,of:0000000000000005:2 -> of:0000000000000009:3,0.002,0.0025,0.002,0.002,1.7,2026-06-23T11:44:16,0.002,1.7
route_mutation,20260623T114416_543509,of:0000000000000001:1 -> of:000000000000000b:1,0.003,0.00375,0.003,0.003,3.43,2026-06-23T11:44:16,0.003,3.36
route_mutation,20260623T114416_543509,of:000000000000000b:2 -> of:000000000000000c:2,0.002,0.0025,0.002,0.002,1.66,2026-06-23T11:44:16,0.002,1.66
route_mutation,20260623T114416_543509,of:0000000000000001:2 -> of:000000000000000c:1,0.002,0.0025,0.002,0.002,1.5,2026-06-23T11:44:16,0.002,1.6
route_mutation,20260623T114416_543509,of:0000000000000006:2 -> of:000000000000000a:2,0.002,0.0025,0.002,0.002,1.76,2026-06-23T11:44:16,0.002,1.76
route_mutation,20260623T114416_543509,of:0000000000000001:3 -> of:000000000000000d:1,0.002,0.0025,0.002,0.002,2.16,2026-06-23T11:44:16,0.002,2.23
route_mutation,20260623T114416_543509,of:0000000000000003:1 -> of:000000000000000b:5,0.002,0.0025,0.002,0.002,2.33,2026-06-23T11:44:16,0.002,2.46
route_mutation,20260623T114416_543509,of:0000000000000006:1 -> of:000000000000000d:4,0.002,0.0025,0.002,0.002,2.26,2026-06-23T11:44:16,0.002,2.2
route_mutation,20260623T114416_543509,of:0000000000000007:2 -> of:000000000000000a:3,0.002,0.0025,0.002,0.002,1.83,2026-06-23T11:44:16,0.002,1.83
route_mutation,20260623T114416_543509,of:0000000000000007:1 -> of:000000000000000d:5,0.002,0.0025,0.002,0.002,1.76,2026-06-23T11:44:16,0.002,1.7
route_mutation,20260623T114416_543509,of:0000000000000002:2 -> of:0000000000000008:2,0.002,0.0025,0.002,0.002,1.7,2026-06-23T11:44:16,0.002,1.7
route_mutation,20260623T114416_543509,of:0000000000000003:2 -> of:0000000000000008:3,0.002,0.0025,0.002,0.002,1.7,2026-06-23T11:44:16,0.002,1.7
route_mutation,20260623T114416_543509,of:0000000000000008:1 -> of:000000000000000b:6,0.001,0.00125,0.001,0.001,1.43,2026-06-23T11:44:16,0.001,1.43
route_mutation,20260623T114416_543509,of:0000000000000004:2 -> of:0000000000000009:2,0.002,0.0025,0.002,0.002,1.7,2026-06-23T11:44:16,0.002,1.7
route_mutation,20260623T114416_543509,of:0000000000000002:1 -> of:000000000000000b:4,0.002,0.0025,0.002,0.002,2.63,2026-06-23T11:44:16,0.002,2.53
route_mutation,20260623T114416_543509,of:0000000000000009:1 -> of:000000000000000c:6,0.001,0.00125,0.001,0.001,1.43,2026-06-23T11:44:16,0.001,1.43
ip_shuffle,20260623T114446_869089,of:0000000000000004:1 -> of:000000000000000c:4,0.002,0.0025,0.002,0.002,2.53,2026-06-23T11:44:46,0.002,2.53
ip_shuffle,20260623T114446_869089,of:0000000000000005:1 -> of:000000000000000c:5,0.002,0.0025,0.002,0.002,2.56,2026-06-23T11:44:46,0.002,2.56
ip_shuffle,20260623T114446_869089,of:000000000000000a:1 -> of:000000000000000d:6,0.002,0.0025,0.002,0.002,1.7,2026-06-23T11:44:46,0.001,1.66
ip_shuffle,20260623T114446_869089,of:000000000000000b:3 -> of:000000000000000d:2,0.002,0.0025,0.002,0.002,2.16,2026-06-23T11:44:46,0.002,2.16
ip_shuffle,20260623T114446_869089,of:000000000000000c:3 -> of:000000000000000d:3,0.002,0.0025,0.002,0.002,2.16,2026-06-23T11:44:46,0.002,2.16
ip_shuffle,20260623T114446_869089,of:0000000000000005:2 -> of:0000000000000009:3,0.002,0.0025,0.002,0.002,2.3,2026-06-23T11:44:46,0.002,2.3
ip_shuffle,20260623T114446_869089,of:0000000000000001:1 -> of:000000000000000b:1,0.002,0.0025,0.002,0.002,1.83,2026-06-23T11:44:46,0.002,2.0
ip_shuffle,20260623T114446_869089,of:000000000000000b:2 -> of:000000000000000c:2,0.002,0.0025,0.002,0.002,2.2,2026-06-23T11:44:46,0.002,2.2
ip_shuffle,20260623T114446_869089,of:0000000000000001:2 -> of:000000000000000c:1,0.003,0.00375,0.003,0.003,3.3,2026-06-23T11:44:46,0.003,3.3
ip_shuffle,20260623T114446_869089,of:0000000000000006:2 -> of:000000000000000a:2,0.002,0.0025,0.002,0.002,2.26,2026-06-23T11:44:46,0.002,2.26
ip_shuffle,20260623T114446_869089,of:0000000000000001:3 -> of:000000000000000d:1,0.002,0.0025,0.002,0.002,2.8,2026-06-23T11:44:46,0.002,2.6
ip_shuffle,20260623T114446_869089,of:0000000000000003:1 -> of:000000000000000b:5,0.002,0.0025,0.002,0.002,2.0,2026-06-23T11:44:46,0.002,1.76
ip_shuffle,20260623T114446_869089,of:0000000000000006:1 -> of:000000000000000d:4,0.002,0.0025,0.002,0.002,2.66,2026-06-23T11:44:46,0.002,2.96
ip_shuffle,20260623T114446_869089,of:0000000000000007:2 -> of:000000000000000a:3,0.002,0.0025,0.002,0.002,2.3,2026-06-23T11:44:46,0.002,2.3
ip_shuffle,20260623T114446_869089,of:0000000000000007:1 -> of:000000000000000d:5,0.002,0.0025,0.002,0.002,1.8,2026-06-23T11:44:46,0.002,1.76
ip_shuffle,20260623T114446_869089,of:0000000000000002:2 -> of:0000000000000008:2,0.002,0.0025,0.002,0.002,2.23,2026-06-23T11:44:46,0.002,2.23
ip_shuffle,20260623T114446_869089,of:0000000000000003:2 -> of:0000000000000008:3,0.002,0.0025,0.002,0.002,2.23,2026-06-23T11:44:46,0.002,2.23
ip_shuffle,20260623T114446_869089,of:0000000000000008:1 -> of:000000000000000b:6,0.002,0.0025,0.002,0.002,1.73,2026-06-23T11:44:46,0.002,1.76
ip_shuffle,20260623T114446_869089,of:0000000000000004:2 -> of:0000000000000009:2,0.002,0.0025,0.002,0.002,2.3,2026-06-23T11:44:46,0.002,2.3
ip_shuffle,20260623T114446_869089,of:0000000000000002:1 -> of:000000000000000b:4,0.002,0.0025,0.002,0.002,1.7,2026-06-23T11:44:46,0.002,1.7
ip_shuffle,20260623T114446_869089,of:0000000000000009:1 -> of:000000000000000c:6,0.002,0.0025,0.002,0.002,1.73,2026-06-23T11:44:46,0.002,1.76
route_mutation,20260623T114544_638629,of:0000000000000004:1 -> of:000000000000000c:4,0.002,0.0025,0.002,0.002,1.53,2026-06-23T11:45:44,0.002,1.53
route_mutation,20260623T114544_638629,of:0000000000000005:1 -> of:000000000000000c:5,0.002,0.0025,0.002,0.002,1.5,2026-06-23T11:45:44,0.002,1.5
route_mutation,20260623T114544_638629,of:000000000000000a:1 -> of:000000000000000d:6,0.002,0.0025,0.002,0.002,1.5,2026-06-23T11:45:44,0.002,1.5
route_mutation,20260623T114544_638629,of:000000000000000b:3 -> of:000000000000000d:2,0.002,0.0025,0.002,0.002,1.66,2026-06-23T11:45:44,0.002,1.66
route_mutation,20260623T114544_638629,of:000000000000000c:3 -> of:000000000000000d:3,0.002,0.0025,0.002,0.002,1.7,2026-06-23T11:45:44,0.002,1.7
route_mutation,20260623T114544_638629,of:0000000000000005:2 -> of:0000000000000009:3,0.002,0.0025,0.002,0.002,1.66,2026-06-23T11:45:44,0.002,1.66
route_mutation,20260623T114544_638629,of:0000000000000001:1 -> of:000000000000000b:1,0.002,0.0025,0.002,0.002,1.7,2026-06-23T11:45:44,0.002,1.7
route_mutation,20260623T114544_638629,of:000000000000000b:2 -> of:000000000000000c:2,0.002,0.0025,0.002,0.002,1.66,2026-06-23T11:45:44,0.002,1.66
route_mutation,20260623T114544_638629,of:0000000000000001:2 -> of:000000000000000c:1,0.002,0.0025,0.002,0.002,1.5,2026-06-23T11:45:44,0.002,1.5
route_mutation,20260623T114544_638629,of:0000000000000006:2 -> of:000000000000000a:2,0.002,0.0025,0.002,0.002,1.6,2026-06-23T11:45:44,0.002,1.6
route_mutation,20260623T114544_638629,of:0000000000000001:3 -> of:000000000000000d:1,0.002,0.0025,0.002,0.002,2.3,2026-06-23T11:45:44,0.002,2.3
route_mutation,20260623T114544_638629,of:0000000000000003:1 -> of:000000000000000b:5,0.002,0.0025,0.002,0.002,1.5,2026-06-23T11:45:44,0.002,1.5
route_mutation,20260623T114544_638629,of:0000000000000006:1 -> of:000000000000000d:4,0.002,0.0025,0.002,0.002,1.43,2026-06-23T11:45:44,0.002,1.5
route_mutation,20260623T114544_638629,of:0000000000000007:2 -> of:000000000000000a:3,0.002,0.0025,0.002,0.002,1.6,2026-06-23T11:45:44,0.002,1.6
route_mutation,20260623T114544_638629,of:0000000000000007:1 -> of:000000000000000d:5,0.002,0.0025,0.002,0.002,2.26,2026-06-23T11:45:44,0.002,2.23
route_mutation,20260623T114544_638629,of:0000000000000002:2 -> of:0000000000000008:2,0.002,0.0025,0.002,0.002,1.6,2026-06-23T11:45:44,0.002,1.6
route_mutation,20260623T114544_638629,of:0000000000000003:2 -> of:0000000000000008:3,0.002,0.0025,0.002,0.002,1.6,2026-06-23T11:45:44,0.002,1.6
route_mutation,20260623T114544_638629,of:0000000000000008:1 -> of:000000000000000b:6,0.001,0.00125,0.001,0.001,1.43,2026-06-23T11:45:44,0.001,1.43
route_mutation,20260623T114544_638629,of:0000000000000004:2 -> of:0000000000000009:2,0.002,0.0025,0.002,0.002,1.66,2026-06-23T11:45:44,0.002,1.66
route_mutation,20260623T114544_638629,of:0000000000000002:1 -> of:000000000000000b:4,0.002,0.0025,0.002,0.002,1.7,2026-06-23T11:45:44,0.002,1.7
route_mutation,20260623T114544_638629,of:0000000000000009:1 -> of:000000000000000c:6,0.002,0.0025,0.002,0.002,1.5,2026-06-23T11:45:44,0.002,1.5
ip_shuffle,20260623T114614_952994,of:0000000000000004:1 -> of:000000000000000c:4,0.002,0.0025,0.002,0.002,2.16,2026-06-23T11:46:14,0.002,2.16
ip_shuffle,20260623T114614_952994,of:0000000000000005:1 -> of:000000000000000c:5,0.002,0.0025,0.002,0.002,1.79,2026-06-23T11:46:14,0.002,1.79
ip_shuffle,20260623T114614_952994,of:000000000000000a:1 -> of:000000000000000d:6,0.001,0.00125,0.001,0.001,1.3,2026-06-23T11:46:14,0.001,1.3
ip_shuffle,20260623T114614_952994,of:000000000000000b:3 -> of:000000000000000d:2,0.001,0.00125,0.001,0.001,1.39,2026-06-23T11:46:14,0.001,1.39
ip_shuffle,20260623T114614_952994,of:000000000000000c:3 -> of:000000000000000d:3,0.001,0.00125,0.001,0.001,1.39,2026-06-23T11:46:14,0.001,1.39
ip_shuffle,20260623T114614_952994,of:0000000000000005:2 -> of:0000000000000009:3,0.001,0.00125,0.001,0.001,1.46,2026-06-23T11:46:14,0.001,1.46
ip_shuffle,20260623T114614_952994,of:0000000000000001:1 -> of:000000000000000b:1,0.003,0.00375,0.003,0.003,3.12,2026-06-23T11:46:14,0.003,3.12
ip_shuffle,20260623T114614_952994,of:000000000000000b:2 -> of:000000000000000c:2,0.001,0.00125,0.001,0.001,1.39,2026-06-23T11:46:14,0.001,1.39
ip_shuffle,20260623T114614_952994,of:0000000000000001:2 -> of:000000000000000c:1,0.002,0.0025,0.002,0.002,2.49,2026-06-23T11:46:14,0.002,2.49
ip_shuffle,20260623T114614_952994,of:0000000000000006:2 -> of:000000000000000a:2,0.001,0.00125,0.001,0.001,1.46,2026-06-23T11:46:14,0.001,1.46
ip_shuffle,20260623T114614_952994,of:0000000000000001:3 -> of:000000000000000d:1,0.001,0.00125,0.001,0.001,1.3,2026-06-23T11:46:14,0.001,1.3
ip_shuffle,20260623T114614_952994,of:0000000000000003:1 -> of:000000000000000b:5,0.002,0.0025,0.002,0.002,2.32,2026-06-23T11:46:14,0.002,2.32
ip_shuffle,20260623T114614_952994,of:0000000000000006:1 -> of:000000000000000d:4,0.001,0.00125,0.001,0.001,1.36,2026-06-23T11:46:14,0.001,1.36
ip_shuffle,20260623T114614_952994,of:0000000000000007:2 -> of:000000000000000a:3,0.001,0.00125,0.001,0.001,1.46,2026-06-23T11:46:14,0.001,1.46
ip_shuffle,20260623T114614_952994,of:0000000000000007:1 -> of:000000000000000d:5,0.001,0.00125,0.001,0.001,1.36,2026-06-23T11:46:14,0.001,1.36
ip_shuffle,20260623T114614_952994,of:0000000000000002:2 -> of:0000000000000008:2,0.002,0.0025,0.002,0.002,1.59,2026-06-23T11:46:14,0.002,1.59
ip_shuffle,20260623T114614_952994,of:0000000000000003:2 -> of:0000000000000008:3,0.002,0.0025,0.002,0.002,1.59,2026-06-23T11:46:14,0.002,1.59
ip_shuffle,20260623T114614_952994,of:0000000000000008:1 -> of:000000000000000b:6,0.002,0.0025,0.002,0.002,1.49,2026-06-23T11:46:14,0.002,1.49
ip_shuffle,20260623T114614_952994,of:0000000000000004:2 -> of:0000000000000009:2,0.001,0.00125,0.001,0.001,1.46,2026-06-23T11:46:14,0.001,1.46
ip_shuffle,20260623T114614_952994,of:0000000000000002:1 -> of:000000000000000b:4,0.002,0.0025,0.002,0.002,2.09,2026-06-23T11:46:14,0.002,2.09
ip_shuffle,20260623T114614_952994,of:0000000000000009:1 -> of:000000000000000c:6,0.001,0.00125,0.001,0.001,1.3,2026-06-23T11:46:14,0.001,1.3
ip_shuffle,20260623T114719_151532,of:0000000000000004:1 -> of:000000000000000c:4,0.001,0.00125,0.001,0.001,1.36,2026-06-23T11:47:19,0.001,1.36
ip_shuffle,20260623T114719_151532,of:0000000000000005:1 -> of:000000000000000c:5,0.001,0.00125,0.001,0.001,1.36,2026-06-23T11:47:19,0.001,1.36
ip_shuffle,20260623T114719_151532,of:000000000000000a:1 -> of:000000000000000d:6,0.001,0.00125,0.001,0.001,1.36,2026-06-23T11:47:19,0.001,1.36
ip_shuffle,20260623T114719_151532,of:000000000000000b:3 -> of:000000000000000d:2,0.001,0.00125,0.001,0.001,1.46,2026-06-23T11:47:19,0.001,1.46
ip_shuffle,20260623T114719_151532,of:000000000000000c:3 -> of:000000000000000d:3,0.001,0.00125,0.001,0.001,1.46,2026-06-23T11:47:19,0.001,1.46
ip_shuffle,20260623T114719_151532,of:0000000000000005:2 -> of:0000000000000009:3,0.002,0.0025,0.002,0.002,1.63,2026-06-23T11:47:19,0.002,1.63
ip_shuffle,20260623T114719_151532,of:0000000000000001:1 -> of:000000000000000b:1,0.003,0.00375,0.003,0.003,2.86,2026-06-23T11:47:19,0.003,2.86
ip_shuffle,20260623T114719_151532,of:000000000000000b:2 -> of:000000000000000c:2,0.001,0.00125,0.001,0.001,1.4,2026-06-23T11:47:19,0.001,1.4
ip_shuffle,20260623T114719_151532,of:0000000000000001:2 -> of:000000000000000c:1,0.001,0.00125,0.001,0.001,1.3,2026-06-23T11:47:19,0.001,1.3
ip_shuffle,20260623T114719_151532,of:0000000000000006:2 -> of:000000000000000a:2,0.001,0.00125,0.001,0.001,1.5,2026-06-23T11:47:19,0.001,1.5
ip_shuffle,20260623T114719_151532,of:0000000000000001:3 -> of:000000000000000d:1,0.001,0.00125,0.001,0.001,1.36,2026-06-23T11:47:19,0.001,1.36
ip_shuffle,20260623T114719_151532,of:0000000000000003:1 -> of:000000000000000b:5,0.002,0.0025,0.002,0.002,1.83,2026-06-23T11:47:19,0.002,1.83
ip_shuffle,20260623T114719_151532,of:0000000000000006:1 -> of:000000000000000d:4,0.002,0.0025,0.002,0.002,1.46,2026-06-23T11:47:19,0.002,1.43
ip_shuffle,20260623T114719_151532,of:0000000000000007:2 -> of:000000000000000a:3,0.001,0.00125,0.001,0.001,1.5,2026-06-23T11:47:19,0.001,1.5
ip_shuffle,20260623T114719_151532,of:0000000000000007:1 -> of:000000000000000d:5,0.002,0.0025,0.002,0.002,1.46,2026-06-23T11:47:19,0.002,1.43
ip_shuffle,20260623T114719_151532,of:0000000000000002:2 -> of:0000000000000008:2,0.001,0.00125,0.001,0.001,1.5,2026-06-23T11:47:19,0.001,1.5
ip_shuffle,20260623T114719_151532,of:0000000000000003:2 -> of:0000000000000008:3,0.001,0.00125,0.001,0.001,1.5,2026-06-23T11:47:19,0.001,1.5
ip_shuffle,20260623T114719_151532,of:0000000000000008:1 -> of:000000000000000b:6,0.001,0.00125,0.001,0.001,1.4,2026-06-23T11:47:19,0.001,1.36
ip_shuffle,20260623T114719_151532,of:0000000000000004:2 -> of:0000000000000009:2,0.002,0.0025,0.002,0.002,1.63,2026-06-23T11:47:19,0.002,1.63
ip_shuffle,20260623T114719_151532,of:0000000000000002:1 -> of:000000000000000b:4,0.002,0.0025,0.002,0.002,2.33,2026-06-23T11:47:19,0.002,2.33
ip_shuffle,20260623T114719_151532,of:0000000000000009:1 -> of:000000000000000c:6,0.002,0.0025,0.002,0.002,1.46,2026-06-23T11:47:19,0.002,1.43
ip_shuffle,20260623T114816_820359,of:0000000000000004:1 -> of:000000000000000c:4,0.002,0.0025,0.002,0.002,2.43,2026-06-23T11:48:16,0.002,2.33
ip_shuffle,20260623T114816_820359,of:0000000000000005:1 -> of:000000000000000c:5,0.002,0.0025,0.002,0.002,2.43,2026-06-23T11:48:16,0.002,2.33
ip_shuffle,20260623T114816_820359,of:000000000000000a:1 -> of:000000000000000d:6,0.002,0.0025,0.002,0.002,1.53,2026-06-23T11:48:16,0.002,1.53
ip_shuffle,20260623T114816_820359,of:000000000000000b:3 -> of:000000000000000d:2,0.002,0.0025,0.002,0.002,1.8,2026-06-23T11:48:16,0.002,1.8
ip_shuffle,20260623T114816_820359,of:000000000000000c:3 -> of:000000000000000d:3,0.002,0.0025,0.002,0.002,1.8,2026-06-23T11:48:16,0.002,1.8
ip_shuffle,20260623T114816_820359,of:0000000000000005:2 -> of:0000000000000009:3,0.002,0.0025,0.002,0.002,1.96,2026-06-23T11:48:16,0.002,1.96
ip_shuffle,20260623T114816_820359,of:0000000000000001:1 -> of:000000000000000b:1,0.002,0.0025,0.002,0.002,2.1,2026-06-23T11:48:16,0.002,2.16
ip_shuffle,20260623T114816_820359,of:000000000000000b:2 -> of:000000000000000c:2,0.002,0.0025,0.002,0.002,1.86,2026-06-23T11:48:16,0.002,1.86
ip_shuffle,20260623T114816_820359,of:0000000000000001:2 -> of:000000000000000c:1,0.003,0.00375,0.003,0.003,3.2,2026-06-23T11:48:16,0.003,3.26
ip_shuffle,20260623T114816_820359,of:0000000000000006:2 -> of:000000000000000a:2,0.002,0.0025,0.002,0.002,1.86,2026-06-23T11:48:16,0.002,1.86
ip_shuffle,20260623T114816_820359,of:0000000000000001:3 -> of:000000000000000d:1,0.002,0.0025,0.002,0.002,2.63,2026-06-23T11:48:16,0.002,2.6
ip_shuffle,20260623T114816_820359,of:0000000000000003:1 -> of:000000000000000b:5,0.002,0.0025,0.002,0.002,2.16,2026-06-23T11:48:16,0.002,2.1
ip_shuffle,20260623T114816_820359,of:0000000000000006:1 -> of:000000000000000d:4,0.002,0.0025,0.002,0.002,1.7,2026-06-23T11:48:16,0.002,1.8
ip_shuffle,20260623T114816_820359,of:0000000000000007:2 -> of:000000000000000a:3,0.002,0.0025,0.002,0.002,1.86,2026-06-23T11:48:16,0.002,1.86
ip_shuffle,20260623T114816_820359,of:0000000000000007:1 -> of:000000000000000d:5,0.002,0.0025,0.002,0.002,2.33,2026-06-23T11:48:16,0.002,2.26
ip_shuffle,20260623T114816_820359,of:0000000000000002:2 -> of:0000000000000008:2,0.002,0.0025,0.002,0.002,1.93,2026-06-23T11:48:16,0.002,1.93
ip_shuffle,20260623T114816_820359,of:0000000000000003:2 -> of:0000000000000008:3,0.002,0.0025,0.002,0.002,1.93,2026-06-23T11:48:16,0.002,1.93
ip_shuffle,20260623T114816_820359,of:0000000000000008:1 -> of:000000000000000b:6,0.002,0.0025,0.002,0.002,1.6,2026-06-23T11:48:16,0.002,1.53
ip_shuffle,20260623T114816_820359,of:0000000000000004:2 -> of:0000000000000009:2,0.002,0.0025,0.002,0.002,1.96,2026-06-23T11:48:16,0.002,1.96
ip_shuffle,20260623T114816_820359,of:0000000000000002:1 -> of:000000000000000b:4,0.002,0.0025,0.002,0.002,1.66,2026-06-23T11:48:16,0.002,1.6
ip_shuffle,20260623T114816_820359,of:0000000000000009:1 -> of:000000000000000c:6,0.002,0.0025,0.002,0.002,1.66,2026-06-23T11:48:16,0.002,1.6
ip_shuffle,20260623T114914_671024,of:0000000000000004:1 -> of:000000000000000c:4,0.002,0.0025,0.002,0.001,1.46,2026-06-23T11:49:14,0.002,1.53
ip_shuffle,20260623T114914_671024,of:0000000000000005:1 -> of:000000000000000c:5,0.002,0.0025,0.002,0.001,1.46,2026-06-23T11:49:14,0.002,1.53
ip_shuffle,20260623T114914_671024,of:000000000000000a:1 -> of:000000000000000d:6,0.002,0.0025,0.002,0.002,1.56,2026-06-23T11:49:14,0.002,1.53
ip_shuffle,20260623T114914_671024,of:000000000000000b:3 -> of:000000000000000d:2,0.002,0.0025,0.002,0.002,1.8,2026-06-23T11:49:14,0.002,1.8
ip_shuffle,20260623T114914_671024,of:000000000000000c:3 -> of:000000000000000d:3,0.002,0.0025,0.002,0.002,1.8,2026-06-23T11:49:14,0.002,1.8
ip_shuffle,20260623T114914_671024,of:0000000000000005:2 -> of:0000000000000009:3,0.002,0.0025,0.002,0.002,1.63,2026-06-23T11:49:14,0.002,1.63
ip_shuffle,20260623T114914_671024,of:0000000000000001:1 -> of:000000000000000b:1,0.001,0.00125,0.001,0.001,1.46,2026-06-23T11:49:14,0.001,1.43
ip_shuffle,20260623T114914_671024,of:000000000000000b:2 -> of:000000000000000c:2,0.002,0.0025,0.002,0.002,1.73,2026-06-23T11:49:14,0.002,1.73
ip_shuffle,20260623T114914_671024,of:0000000000000001:2 -> of:000000000000000c:1,0.001,0.00125,0.001,0.001,1.46,2026-06-23T11:49:14,0.001,1.43
ip_shuffle,20260623T114914_671024,of:0000000000000006:2 -> of:000000000000000a:2,0.002,0.0025,0.002,0.002,1.7,2026-06-23T11:49:14,0.002,1.7
ip_shuffle,20260623T114914_671024,of:0000000000000001:3 -> of:000000000000000d:1,0.002,0.0025,0.002,0.002,2.8,2026-06-23T11:49:14,0.002,2.86
ip_shuffle,20260623T114914_671024,of:0000000000000003:1 -> of:000000000000000b:5,0.001,0.00125,0.001,0.001,1.4,2026-06-23T11:49:14,0.001,1.46
ip_shuffle,20260623T114914_671024,of:0000000000000006:1 -> of:000000000000000d:4,0.002,0.0025,0.002,0.002,2.1,2026-06-23T11:49:14,0.002,2.2
ip_shuffle,20260623T114914_671024,of:0000000000000007:2 -> of:000000000000000a:3,0.002,0.0025,0.002,0.002,1.63,2026-06-23T11:49:14,0.002,1.66
ip_shuffle,20260623T114914_671024,of:0000000000000007:1 -> of:000000000000000d:5,0.002,0.0025,0.002,0.002,2.26,2026-06-23T11:49:14,0.002,2.13
ip_shuffle,20260623T114914_671024,of:0000000000000002:2 -> of:0000000000000008:2,0.002,0.0025,0.002,0.002,1.56,2026-06-23T11:49:14,0.002,1.56
ip_shuffle,20260623T114914_671024,of:0000000000000003:2 -> of:0000000000000008:3,0.002,0.0025,0.002,0.002,1.56,2026-06-23T11:49:14,0.002,1.56
ip_shuffle,20260623T114914_671024,of:0000000000000008:1 -> of:000000000000000b:6,0.002,0.0025,0.002,0.001,1.37,2026-06-23T11:49:14,0.002,1.53
ip_shuffle,20260623T114914_671024,of:0000000000000004:2 -> of:0000000000000009:2,0.002,0.0025,0.002,0.002,1.63,2026-06-23T11:49:14,0.002,1.63
ip_shuffle,20260623T114914_671024,of:0000000000000002:1 -> of:000000000000000b:4,0.001,0.00125,0.001,0.001,1.4,2026-06-23T11:49:14,0.001,1.46
ip_shuffle,20260623T114914_671024,of:0000000000000009:1 -> of:000000000000000c:6,0.002,0.0025,0.002,0.001,1.37,2026-06-23T11:49:14,0.002,1.53
ip_shuffle,20260623T115018_659210,of:0000000000000004:1 -> of:000000000000000c:4,0.002,0.0025,0.002,0.002,1.57,2026-06-23T11:50:18,0.002,1.7
ip_shuffle,20260623T115018_659210,of:0000000000000005:1 -> of:000000000000000c:5,0.002,0.0025,0.002,0.002,1.57,2026-06-23T11:50:18,0.002,1.7
ip_shuffle,20260623T115018_659210,of:000000000000000a:1 -> of:000000000000000d:6,0.002,0.0025,0.002,0.002,1.6,2026-06-23T11:50:18,0.002,1.76
ip_shuffle,20260623T115018_659210,of:000000000000000b:3 -> of:000000000000000d:2,0.002,0.0025,0.002,0.002,2.13,2026-06-23T11:50:18,0.002,2.13
ip_shuffle,20260623T115018_659210,of:000000000000000c:3 -> of:000000000000000d:3,0.002,0.0025,0.002,0.002,2.13,2026-06-23T11:50:18,0.002,2.13
ip_shuffle,20260623T115018_659210,of:0000000000000005:2 -> of:0000000000000009:3,0.002,0.0025,0.002,0.002,1.93,2026-06-23T11:50:18,0.002,1.93
ip_shuffle,20260623T115018_659210,of:0000000000000001:1 -> of:000000000000000b:1,0.001,0.00125,0.001,0.001,1.63,2026-06-23T11:50:18,0.001,1.53
ip_shuffle,20260623T115018_659210,of:000000000000000b:2 -> of:000000000000000c:2,0.002,0.0025,0.002,0.002,2.06,2026-06-23T11:50:18,0.002,2.06
ip_shuffle,20260623T115018_659210,of:0000000000000001:2 -> of:000000000000000c:1,0.001,0.00125,0.001,0.001,1.63,2026-06-23T11:50:18,0.001,1.53
ip_shuffle,20260623T115018_659210,of:0000000000000006:2 -> of:000000000000000a:2,0.002,0.0025,0.002,0.002,1.9,2026-06-23T11:50:18,0.002,1.9
ip_shuffle,20260623T115018_659210,of:0000000000000001:3 -> of:000000000000000d:1,0.002,0.0025,0.002,0.002,2.8,2026-06-23T11:50:18,0.002,2.9
ip_shuffle,20260623T115018_659210,of:0000000000000003:1 -> of:000000000000000b:5,0.001,0.00125,0.001,0.001,1.53,2026-06-23T11:50:18,0.001,1.63
ip_shuffle,20260623T115018_659210,of:0000000000000006:1 -> of:000000000000000d:4,0.002,0.0025,0.002,0.002,1.66,2026-06-23T11:50:18,0.002,1.8
ip_shuffle,20260623T115018_659210,of:0000000000000007:2 -> of:000000000000000a:3,0.002,0.0025,0.002,0.002,1.9,2026-06-23T11:50:18,0.002,1.9
ip_shuffle,20260623T115018_659210,of:0000000000000007:1 -> of:000000000000000d:5,0.002,0.0025,0.002,0.002,2.9,2026-06-23T11:50:18,0.002,2.73
ip_shuffle,20260623T115018_659210,of:0000000000000002:2 -> of:0000000000000008:2,0.002,0.0025,0.002,0.002,1.9,2026-06-23T11:50:18,0.002,1.9
ip_shuffle,20260623T115018_659210,of:0000000000000003:2 -> of:0000000000000008:3,0.002,0.0025,0.002,0.002,1.9,2026-06-23T11:50:18,0.002,1.9
ip_shuffle,20260623T115018_659210,of:0000000000000008:1 -> of:000000000000000b:6,0.002,0.0025,0.002,0.002,1.57,2026-06-23T11:50:18,0.002,1.7
ip_shuffle,20260623T115018_659210,of:0000000000000004:2 -> of:0000000000000009:2,0.002,0.0025,0.002,0.002,1.93,2026-06-23T11:50:18,0.002,1.93
ip_shuffle,20260623T115018_659210,of:0000000000000002:1 -> of:000000000000000b:4,0.001,0.00125,0.001,0.001,1.53,2026-06-23T11:50:18,0.001,1.63
ip_shuffle,20260623T115018_659210,of:0000000000000009:1 -> of:000000000000000c:6,0.002,0.0025,0.002,0.002,1.57,2026-06-23T11:50:18,0.002,1.7
route_mutation,20260623T115116_279176,of:0000000000000004:1 -> of:000000000000000c:4,0.002,0.0025,0.002,0.002,1.53,2026-06-23T11:51:16,0.001,1.43
route_mutation,20260623T115116_279176,of:0000000000000005:1 -> of:000000000000000c:5,0.002,0.0025,0.002,0.002,1.53,2026-06-23T11:51:16,0.001,1.43
route_mutation,20260623T115116_279176,of:000000000000000a:1 -> of:000000000000000d:6,0.002,0.0025,0.002,0.002,1.53,2026-06-23T11:51:16,0.001,1.43
route_mutation,20260623T115116_279176,of:000000000000000b:3 -> of:000000000000000d:2,0.002,0.0025,0.002,0.002,1.6,2026-06-23T11:51:16,0.002,1.6
route_mutation,20260623T115116_279176,of:000000000000000c:3 -> of:000000000000000d:3,0.002,0.0025,0.002,0.002,1.6,2026-06-23T11:51:16,0.002,1.6
route_mutation,20260623T115116_279176,of:0000000000000005:2 -> of:0000000000000009:3,0.002,0.0025,0.002,0.002,1.8,2026-06-23T11:51:16,0.002,1.8
route_mutation,20260623T115116_279176,of:0000000000000001:1 -> of:000000000000000b:1,0.003,0.00375,0.003,0.003,3.4,2026-06-23T11:51:16,0.003,3.33
route_mutation,20260623T115116_279176,of:000000000000000b:2 -> of:000000000000000c:2,0.002,0.0025,0.002,0.002,1.67,2026-06-23T11:51:16,0.002,1.67
route_mutation,20260623T115116_279176,of:0000000000000001:2 -> of:000000000000000c:1,0.002,0.0025,0.002,0.002,1.5,2026-06-23T11:51:16,0.002,1.57
route_mutation,20260623T115116_279176,of:0000000000000006:2 -> of:000000000000000a:2,0.002,0.0025,0.002,0.002,1.8,2026-06-23T11:51:16,0.002,1.8
route_mutation,20260623T115116_279176,of:0000000000000001:3 -> of:000000000000000d:1,0.002,0.0025,0.002,0.002,2.06,2026-06-23T11:51:16,0.002,2.13
route_mutation,20260623T115116_279176,of:0000000000000003:1 -> of:000000000000000b:5,0.002,0.0025,0.002,0.002,2.3,2026-06-23T11:51:16,0.002,2.36
route_mutation,20260623T115116_279176,of:0000000000000006:1 -> of:000000000000000d:4,0.002,0.0025,0.002,0.002,2.1,2026-06-23T11:51:16,0.002,2.0
route_mutation,20260623T115116_279176,of:0000000000000007:2 -> of:000000000000000a:3,0.002,0.0025,0.002,0.002,1.8,2026-06-23T11:51:16,0.002,1.8
route_mutation,20260623T115116_279176,of:0000000000000007:1 -> of:000000000000000d:5,0.001,0.00125,0.001,0.001,1.47,2026-06-23T11:51:16,0.001,1.37
route_mutation,20260623T115116_279176,of:0000000000000002:2 -> of:0000000000000008:2,0.002,0.0025,0.002,0.002,1.87,2026-06-23T11:51:16,0.002,1.87
route_mutation,20260623T115116_279176,of:0000000000000003:2 -> of:0000000000000008:3,0.002,0.0025,0.002,0.002,1.87,2026-06-23T11:51:16,0.002,1.87
route_mutation,20260623T115116_279176,of:0000000000000008:1 -> of:000000000000000b:6,0.002,0.0025,0.002,0.002,1.6,2026-06-23T11:51:16,0.002,1.5
route_mutation,20260623T115116_279176,of:0000000000000004:2 -> of:0000000000000009:2,0.002,0.0025,0.002,0.002,1.8,2026-06-23T11:51:16,0.002,1.8
route_mutation,20260623T115116_279176,of:0000000000000002:1 -> of:000000000000000b:4,0.002,0.0025,0.002,0.002,2.63,2026-06-23T11:51:16,0.002,2.53
route_mutation,20260623T115116_279176,of:0000000000000009:1 -> of:000000000000000c:6,0.002,0.0025,0.002,0.002,1.6,2026-06-23T11:51:16,0.002,1.5
ip_shuffle,20260623T115146_589140,of:0000000000000004:1 -> of:000000000000000c:4,0.002,0.0025,0.002,0.002,2.63,2026-06-23T11:51:46,0.002,2.6
ip_shuffle,20260623T115146_589140,of:0000000000000005:1 -> of:000000000000000c:5,0.002,0.0025,0.002,0.002,2.63,2026-06-23T11:51:46,0.002,2.6
ip_shuffle,20260623T115146_589140,of:000000000000000a:1 -> of:000000000000000d:6,0.002,0.0025,0.002,0.002,1.76,2026-06-23T11:51:46,0.002,1.76
ip_shuffle,20260623T115146_589140,of:000000000000000b:3 -> of:000000000000000d:2,0.002,0.0025,0.002,0.002,2.5,2026-06-23T11:51:46,0.002,2.5
ip_shuffle,20260623T115146_589140,of:000000000000000c:3 -> of:000000000000000d:3,0.002,0.0025,0.002,0.002,2.3,2026-06-23T11:51:46,0.002,2.3
ip_shuffle,20260623T115146_589140,of:0000000000000005:2 -> of:0000000000000009:3,0.002,0.0025,0.002,0.002,2.26,2026-06-23T11:51:46,0.002,2.26
ip_shuffle,20260623T115146_589140,of:0000000000000001:1 -> of:000000000000000b:1,0.002,0.0025,0.002,0.002,2.16,2026-06-23T11:51:46,0.002,2.2
ip_shuffle,20260623T115146_589140,of:000000000000000b:2 -> of:000000000000000c:2,0.002,0.0025,0.002,0.002,2.46,2026-06-23T11:51:46,0.002,2.46
ip_shuffle,20260623T115146_589140,of:0000000000000001:2 -> of:000000000000000c:1,0.003,0.00375,0.003,0.003,3.39,2026-06-23T11:51:46,0.003,3.43
ip_shuffle,20260623T115146_589140,of:0000000000000006:2 -> of:000000000000000a:2,0.002,0.0025,0.002,0.002,2.26,2026-06-23T11:51:46,0.002,2.26
ip_shuffle,20260623T115146_589140,of:0000000000000001:3 -> of:000000000000000d:1,0.002,0.0025,0.002,0.002,2.93,2026-06-23T11:51:46,0.002,2.76
ip_shuffle,20260623T115146_589140,of:0000000000000003:1 -> of:000000000000000b:5,0.002,0.0025,0.002,0.002,2.2,2026-06-23T11:51:46,0.002,2.16
ip_shuffle,20260623T115146_589140,of:0000000000000006:1 -> of:000000000000000d:4,0.003,0.00375,0.003,0.002,2.73,2026-06-23T11:51:46,0.003,2.96
ip_shuffle,20260623T115146_589140,of:0000000000000007:2 -> of:000000000000000a:3,0.002,0.0025,0.002,0.002,2.26,2026-06-23T11:51:46,0.002,2.26
ip_shuffle,20260623T115146_589140,of:0000000000000007:1 -> of:000000000000000d:5,0.002,0.0025,0.002,0.002,1.83,2026-06-23T11:51:46,0.002,1.83
ip_shuffle,20260623T115146_589140,of:0000000000000002:2 -> of:0000000000000008:2,0.002,0.0025,0.002,0.002,2.23,2026-06-23T11:51:46,0.002,2.23
ip_shuffle,20260623T115146_589140,of:0000000000000003:2 -> of:0000000000000008:3,0.002,0.0025,0.002,0.002,2.23,2026-06-23T11:51:46,0.002,2.23
ip_shuffle,20260623T115146_589140,of:0000000000000008:1 -> of:000000000000000b:6,0.002,0.0025,0.002,0.002,1.83,2026-06-23T11:51:46,0.002,1.93
ip_shuffle,20260623T115146_589140,of:0000000000000004:2 -> of:0000000000000009:2,0.002,0.0025,0.002,0.002,2.26,2026-06-23T11:51:46,0.002,2.26
ip_shuffle,20260623T115146_589140,of:0000000000000002:1 -> of:000000000000000b:4,0.002,0.0025,0.002,0.002,1.86,2026-06-23T11:51:46,0.002,2.0
ip_shuffle,20260623T115146_589140,of:0000000000000009:1 -> of:000000000000000c:6,0.002,0.0025,0.002,0.002,1.76,2026-06-23T11:51:46,0.002,1.73
route_mutation,20260623T115244_292715,of:0000000000000004:1 -> of:000000000000000c:4,0.001,0.00125,0.001,0.001,1.36,2026-06-23T11:52:44,0.001,1.43
route_mutation,20260623T115244_292715,of:0000000000000005:1 -> of:000000000000000c:5,0.001,0.00125,0.001,0.001,1.36,2026-06-23T11:52:44,0.001,1.43
route_mutation,20260623T115244_292715,of:000000000000000a:1 -> of:000000000000000d:6,0.001,0.00125,0.001,0.001,1.36,2026-06-23T11:52:44,0.001,1.43
route_mutation,20260623T115244_292715,of:000000000000000b:3 -> of:000000000000000d:2,0.002,0.0025,0.002,0.002,1.53,2026-06-23T11:52:44,0.002,1.53
route_mutation,20260623T115244_292715,of:000000000000000c:3 -> of:000000000000000d:3,0.002,0.0025,0.002,0.002,1.6,2026-06-23T11:52:44,0.002,1.6
route_mutation,20260623T115244_292715,of:0000000000000005:2 -> of:0000000000000009:3,0.001,0.00125,0.001,0.001,1.46,2026-06-23T11:52:44,0.001,1.46
route_mutation,20260623T115244_292715,of:0000000000000001:1 -> of:000000000000000b:1,0.002,0.0025,0.002,0.002,1.96,2026-06-23T11:52:44,0.002,2.06
route_mutation,20260623T115244_292715,of:000000000000000b:2 -> of:000000000000000c:2,0.002,0.0025,0.002,0.002,1.6,2026-06-23T11:52:44,0.002,1.6
route_mutation,20260623T115244_292715,of:0000000000000001:2 -> of:000000000000000c:1,0.002,0.0025,0.002,0.002,1.5,2026-06-23T11:52:44,0.002,1.5
route_mutation,20260623T115244_292715,of:0000000000000006:2 -> of:000000000000000a:2,0.001,0.00125,0.001,0.001,1.46,2026-06-23T11:52:44,0.001,1.46
route_mutation,20260623T115244_292715,of:0000000000000001:3 -> of:000000000000000d:1,0.002,0.0025,0.002,0.002,2.06,2026-06-23T11:52:44,0.002,2.06
route_mutation,20260623T115244_292715,of:0000000000000003:1 -> of:000000000000000b:5,0.002,0.0025,0.002,0.002,1.5,2026-06-23T11:52:44,0.002,1.43
route_mutation,20260623T115244_292715,of:0000000000000006:1 -> of:000000000000000d:4,0.001,0.00125,0.001,0.001,1.3,2026-06-23T11:52:44,0.001,1.36
route_mutation,20260623T115244_292715,of:0000000000000007:2 -> of:000000000000000a:3,0.001,0.00125,0.001,0.001,1.46,2026-06-23T11:52:44,0.001,1.46
route_mutation,20260623T115244_292715,of:0000000000000007:1 -> of:000000000000000d:5,0.002,0.0025,0.002,0.002,1.93,2026-06-23T11:52:44,0.002,1.93
route_mutation,20260623T115244_292715,of:0000000000000002:2 -> of:0000000000000008:2,0.002,0.0025,0.002,0.002,1.6,2026-06-23T11:52:44,0.002,1.6
route_mutation,20260623T115244_292715,of:0000000000000003:2 -> of:0000000000000008:3,0.002,0.0025,0.002,0.002,1.6,2026-06-23T11:52:44,0.002,1.6
route_mutation,20260623T115244_292715,of:0000000000000008:1 -> of:000000000000000b:6,0.002,0.0025,0.002,0.002,1.43,2026-06-23T11:52:44,0.002,1.43
route_mutation,20260623T115244_292715,of:0000000000000004:2 -> of:0000000000000009:2,0.001,0.00125,0.001,0.001,1.46,2026-06-23T11:52:44,0.001,1.46
route_mutation,20260623T115244_292715,of:0000000000000002:1 -> of:000000000000000b:4,0.002,0.0025,0.002,0.002,2.1,2026-06-23T11:52:44,0.002,2.03
route_mutation,20260623T115244_292715,of:0000000000000009:1 -> of:000000000000000c:6,0.002,0.0025,0.002,0.002,1.43,2026-06-23T11:52:44,0.002,1.5
ip_shuffle,20260623T115314_581029,of:0000000000000004:1 -> of:000000000000000c:4,0.002,0.0025,0.002,0.002,2.33,2026-06-23T11:53:14,0.002,2.23
ip_shuffle,20260623T115314_581029,of:0000000000000005:1 -> of:000000000000000c:5,0.002,0.0025,0.002,0.002,2.3,2026-06-23T11:53:14,0.002,2.2
ip_shuffle,20260623T115314_581029,of:000000000000000a:1 -> of:000000000000000d:6,0.001,0.00125,0.001,0.001,1.5,2026-06-23T11:53:14,0.001,1.36
ip_shuffle,20260623T115314_581029,of:000000000000000b:3 -> of:000000000000000d:2,0.002,0.0025,0.002,0.002,1.6,2026-06-23T11:53:14,0.002,1.6
ip_shuffle,20260623T115314_581029,of:000000000000000c:3 -> of:000000000000000d:3,0.002,0.0025,0.002,0.002,1.53,2026-06-23T11:53:14,0.002,1.53
ip_shuffle,20260623T115314_581029,of:0000000000000005:2 -> of:0000000000000009:3,0.002,0.0025,0.002,0.002,1.7,2026-06-23T11:53:14,0.002,1.7
ip_shuffle,20260623T115314_581029,of:0000000000000001:1 -> of:000000000000000b:1,0.003,0.00375,0.003,0.003,3.03,2026-06-23T11:53:14,0.003,2.93
ip_shuffle,20260623T115314_581029,of:000000000000000b:2 -> of:000000000000000c:2,0.002,0.0025,0.002,0.002,1.6,2026-06-23T11:53:14,0.002,1.6
ip_shuffle,20260623T115314_581029,of:0000000000000001:2 -> of:000000000000000c:1,0.003,0.00375,0.003,0.003,3.0,2026-06-23T11:53:14,0.003,3.06
ip_shuffle,20260623T115314_581029,of:0000000000000006:2 -> of:000000000000000a:2,0.002,0.0025,0.002,0.002,1.7,2026-06-23T11:53:14,0.002,1.7
ip_shuffle,20260623T115314_581029,of:0000000000000001:3 -> of:000000000000000d:1,0.002,0.0025,0.002,0.002,1.53,2026-06-23T11:53:14,0.002,1.5
ip_shuffle,20260623T115314_581029,of:0000000000000003:1 -> of:000000000000000b:5,0.002,0.0025,0.002,0.002,2.5,2026-06-23T11:53:14,0.002,2.53
ip_shuffle,20260623T115314_581029,of:0000000000000006:1 -> of:000000000000000d:4,0.002,0.0025,0.002,0.002,1.5,2026-06-23T11:53:14,0.002,1.56
ip_shuffle,20260623T115314_581029,of:0000000000000007:2 -> of:000000000000000a:3,0.002,0.0025,0.002,0.002,1.7,2026-06-23T11:53:14,0.002,1.7
ip_shuffle,20260623T115314_581029,of:0000000000000007:1 -> of:000000000000000d:5,0.002,0.0025,0.002,0.002,1.53,2026-06-23T11:53:14,0.002,1.43
ip_shuffle,20260623T115314_581029,of:0000000000000002:2 -> of:0000000000000008:2,0.002,0.0025,0.002,0.002,1.7,2026-06-23T11:53:14,0.002,1.7
ip_shuffle,20260623T115314_581029,of:0000000000000003:2 -> of:0000000000000008:3,0.002,0.0025,0.002,0.002,1.7,2026-06-23T11:53:14,0.002,1.7
ip_shuffle,20260623T115314_581029,of:0000000000000008:1 -> of:000000000000000b:6,0.001,0.00125,0.001,0.001,1.43,2026-06-23T11:53:14,0.001,1.43
ip_shuffle,20260623T115314_581029,of:0000000000000004:2 -> of:0000000000000009:2,0.002,0.0025,0.002,0.002,1.7,2026-06-23T11:53:14,0.002,1.7
ip_shuffle,20260623T115314_581029,of:0000000000000002:1 -> of:000000000000000b:4,0.002,0.0025,0.002,0.002,1.9,2026-06-23T11:53:14,0.002,1.93
ip_shuffle,20260623T115314_581029,of:0000000000000009:1 -> of:000000000000000c:6,0.001,0.00125,0.001,0.001,1.5,2026-06-23T11:53:14,0.001,1.36
ip_shuffle,20260623T115418_684131,of:0000000000000004:1 -> of:000000000000000c:4,0.002,0.0025,0.002,0.002,2.26,2026-06-23T11:54:18,0.002,2.26
ip_shuffle,20260623T115418_684131,of:0000000000000005:1 -> of:000000000000000c:5,0.002,0.0025,0.002,0.002,1.83,2026-06-23T11:54:18,0.002,1.83
ip_shuffle,20260623T115418_684131,of:000000000000000a:1 -> of:000000000000000d:6,0.001,0.00125,0.001,0.001,1.47,2026-06-23T11:54:18,0.001,1.47
ip_shuffle,20260623T115418_684131,of:000000000000000b:3 -> of:000000000000000d:2,0.002,0.0025,0.002,0.002,1.67,2026-06-23T11:54:18,0.002,1.67
ip_shuffle,20260623T115418_684131,of:000000000000000c:3 -> of:000000000000000d:3,0.002,0.0025,0.002,0.002,1.67,2026-06-23T11:54:18,0.002,1.67
ip_shuffle,20260623T115418_684131,of:0000000000000005:2 -> of:0000000000000009:3,0.002,0.0025,0.002,0.002,1.67,2026-06-23T11:54:18,0.002,1.67
ip_shuffle,20260623T115418_684131,of:0000000000000001:1 -> of:000000000000000b:1,0.003,0.00375,0.003,0.003,3.53,2026-06-23T11:54:18,0.003,3.53
ip_shuffle,20260623T115418_684131,of:000000000000000b:2 -> of:000000000000000c:2,0.001,0.00125,0.001,0.001,1.6,2026-06-23T11:54:18,0.001,1.6
ip_shuffle,20260623T115418_684131,of:0000000000000001:2 -> of:000000000000000c:1,0.002,0.0025,0.002,0.002,2.6,2026-06-23T11:54:18,0.002,2.6
ip_shuffle,20260623T115418_684131,of:0000000000000006:2 -> of:000000000000000a:2,0.002,0.0025,0.002,0.002,1.67,2026-06-23T11:54:18,0.002,1.67
ip_shuffle,20260623T115418_684131,of:0000000000000001:3 -> of:000000000000000d:1,0.002,0.0025,0.002,0.002,1.53,2026-06-23T11:54:18,0.002,1.53
ip_shuffle,20260623T115418_684131,of:0000000000000003:1 -> of:000000000000000b:5,0.002,0.0025,0.002,0.002,2.5,2026-06-23T11:54:18,0.002,2.5
ip_shuffle,20260623T115418_684131,of:0000000000000006:1 -> of:000000000000000d:4,0.002,0.0025,0.002,0.002,1.53,2026-06-23T11:54:18,0.002,1.53
ip_shuffle,20260623T115418_684131,of:0000000000000007:2 -> of:000000000000000a:3,0.002,0.0025,0.002,0.002,1.67,2026-06-23T11:54:18,0.002,1.67
ip_shuffle,20260623T115418_684131,of:0000000000000007:1 -> of:000000000000000d:5,0.002,0.0025,0.002,0.002,1.53,2026-06-23T11:54:18,0.002,1.53
ip_shuffle,20260623T115418_684131,of:0000000000000002:2 -> of:0000000000000008:2,0.002,0.0025,0.002,0.002,1.67,2026-06-23T11:54:18,0.002,1.67
ip_shuffle,20260623T115418_684131,of:0000000000000003:2 -> of:0000000000000008:3,0.002,0.0025,0.002,0.002,1.67,2026-06-23T11:54:18,0.002,1.67
ip_shuffle,20260623T115418_684131,of:0000000000000008:1 -> of:000000000000000b:6,0.001,0.00125,0.001,0.001,1.4,2026-06-23T11:54:18,0.001,1.4
ip_shuffle,20260623T115418_684131,of:0000000000000004:2 -> of:0000000000000009:2,0.002,0.0025,0.002,0.002,1.67,2026-06-23T11:54:18,0.002,1.67
ip_shuffle,20260623T115418_684131,of:0000000000000002:1 -> of:000000000000000b:4,0.002,0.0025,0.002,0.002,2.5,2026-06-23T11:54:18,0.002,2.5
ip_shuffle,20260623T115418_684131,of:0000000000000009:1 -> of:000000000000000c:6,0.001,0.00125,0.001,0.001,1.4,2026-06-23T11:54:18,0.001,1.4
ip_shuffle,20260623T115516_332699,of:0000000000000004:1 -> of:000000000000000c:4,0.002,0.0025,0.002,0.002,2.16,2026-06-23T11:55:16,0.002,2.2
ip_shuffle,20260623T115516_332699,of:0000000000000005:1 -> of:000000000000000c:5,0.002,0.0025,0.002,0.002,2.6,2026-06-23T11:55:16,0.002,2.63
ip_shuffle,20260623T115516_332699,of:000000000000000a:1 -> of:000000000000000d:6,0.002,0.0025,0.002,0.002,2.2,2026-06-23T11:55:16,0.002,2.06
ip_shuffle,20260623T115516_332699,of:000000000000000b:3 -> of:000000000000000d:2,0.002,0.0025,0.002,0.002,2.93,2026-06-23T11:55:16,0.002,2.93
ip_shuffle,20260623T115516_332699,of:000000000000000c:3 -> of:000000000000000d:3,0.002,0.0025,0.002,0.002,2.93,2026-06-23T11:55:16,0.002,2.93
ip_shuffle,20260623T115516_332699,of:0000000000000005:2 -> of:0000000000000009:3,0.002,0.0025,0.002,0.002,3.03,2026-06-23T11:55:16,0.002,3.03
ip_shuffle,20260623T115516_332699,of:0000000000000001:1 -> of:000000000000000b:1,0.002,0.0025,0.002,0.002,2.13,2026-06-23T11:55:16,0.002,2.06
ip_shuffle,20260623T115516_332699,of:000000000000000b:2 -> of:000000000000000c:2,0.002,0.0025,0.002,0.002,3.06,2026-06-23T11:55:16,0.002,3.06
ip_shuffle,20260623T115516_332699,of:0000000000000001:2 -> of:000000000000000c:1,0.002,0.0025,0.002,0.002,2.6,2026-06-23T11:55:16,0.002,2.53
ip_shuffle,20260623T115516_332699,of:0000000000000006:2 -> of:000000000000000a:2,0.002,0.0025,0.002,0.002,3.03,2026-06-23T11:55:16,0.002,3.03
ip_shuffle,20260623T115516_332699,of:0000000000000001:3 -> of:000000000000000d:1,0.003,0.00375,0.003,0.003,4.33,2026-06-23T11:55:16,0.003,4.26
ip_shuffle,20260623T115516_332699,of:0000000000000003:1 -> of:000000000000000b:5,0.002,0.0025,0.002,0.002,2.16,2026-06-23T11:55:16,0.002,2.2
ip_shuffle,20260623T115516_332699,of:0000000000000006:1 -> of:000000000000000d:4,0.003,0.00375,0.003,0.003,3.46,2026-06-23T11:55:16,0.003,3.36
ip_shuffle,20260623T115516_332699,of:0000000000000007:2 -> of:000000000000000a:3,0.002,0.0025,0.002,0.002,3.06,2026-06-23T11:55:16,0.002,3.06
ip_shuffle,20260623T115516_332699,of:0000000000000007:1 -> of:000000000000000d:5,0.003,0.00375,0.003,0.002,3.03,2026-06-23T11:55:16,0.003,3.2
ip_shuffle,20260623T115516_332699,of:0000000000000002:2 -> of:0000000000000008:2,0.002,0.0025,0.002,0.002,3.03,2026-06-23T11:55:16,0.002,3.03
ip_shuffle,20260623T115516_332699,of:0000000000000003:2 -> of:0000000000000008:3,0.002,0.0025,0.002,0.002,3.03,2026-06-23T11:55:16,0.002,3.03
ip_shuffle,20260623T115516_332699,of:0000000000000008:1 -> of:000000000000000b:6,0.002,0.0025,0.002,0.002,2.2,2026-06-23T11:55:16,0.002,2.2
ip_shuffle,20260623T115516_332699,of:0000000000000004:2 -> of:0000000000000009:2,0.002,0.0025,0.002,0.002,3.03,2026-06-23T11:55:16,0.002,3.03
ip_shuffle,20260623T115516_332699,of:0000000000000002:1 -> of:000000000000000b:4,0.002,0.0025,0.002,0.002,2.16,2026-06-23T11:55:16,0.002,2.2
ip_shuffle,20260623T115516_332699,of:0000000000000009:1 -> of:000000000000000c:6,0.002,0.0025,0.002,0.002,2.2,2026-06-23T11:55:16,0.002,2.2
route_mutation,20260623T115614_061999,of:0000000000000004:1 -> of:000000000000000c:4,0.001,0.00125,0.001,0.001,1.43,2026-06-23T11:56:14,0.001,1.46
route_mutation,20260623T115614_061999,of:0000000000000005:1 -> of:000000000000000c:5,0.001,0.00125,0.001,0.001,1.43,2026-06-23T11:56:14,0.001,1.46
route_mutation,20260623T115614_061999,of:000000000000000a:1 -> of:000000000000000d:6,0.001,0.00125,0.001,0.001,1.46,2026-06-23T11:56:14,0.001,1.43
route_mutation,20260623T115614_061999,of:000000000000000b:3 -> of:000000000000000d:2,0.002,0.0025,0.002,0.002,1.63,2026-06-23T11:56:14,0.002,1.63
route_mutation,20260623T115614_061999,of:000000000000000c:3 -> of:000000000000000d:3,0.002,0.0025,0.002,0.002,1.63,2026-06-23T11:56:14,0.002,1.63
route_mutation,20260623T115614_061999,of:0000000000000005:2 -> of:0000000000000009:3,0.002,0.0025,0.002,0.002,1.63,2026-06-23T11:56:14,0.002,1.63
route_mutation,20260623T115614_061999,of:0000000000000001:1 -> of:000000000000000b:1,0.003,0.00375,0.003,0.003,3.36,2026-06-23T11:56:14,0.003,3.46
route_mutation,20260623T115614_061999,of:000000000000000b:2 -> of:000000000000000c:2,0.001,0.00125,0.001,0.001,1.6,2026-06-23T11:56:14,0.001,1.6
route_mutation,20260623T115614_061999,of:0000000000000001:2 -> of:000000000000000c:1,0.001,0.00125,0.001,0.001,1.46,2026-06-23T11:56:14,0.001,1.5
route_mutation,20260623T115614_061999,of:0000000000000006:2 -> of:000000000000000a:2,0.002,0.0025,0.002,0.002,1.63,2026-06-23T11:56:14,0.002,1.63
route_mutation,20260623T115614_061999,of:0000000000000001:3 -> of:000000000000000d:1,0.002,0.0025,0.002,0.002,2.13,2026-06-23T11:56:14,0.002,2.2
route_mutation,20260623T115614_061999,of:0000000000000003:1 -> of:000000000000000b:5,0.002,0.0025,0.002,0.002,2.4,2026-06-23T11:56:14,0.002,2.33
route_mutation,20260623T115614_061999,of:0000000000000006:1 -> of:000000000000000d:4,0.002,0.0025,0.002,0.002,2.13,2026-06-23T11:56:14,0.002,2.06
route_mutation,20260623T115614_061999,of:0000000000000007:2 -> of:000000000000000a:3,0.001,0.00125,0.001,0.001,1.6,2026-06-23T11:56:14,0.001,1.6
route_mutation,20260623T115614_061999,of:0000000000000007:1 -> of:000000000000000d:5,0.002,0.0025,0.002,0.002,1.53,2026-06-23T11:56:14,0.001,1.46
route_mutation,20260623T115614_061999,of:0000000000000002:2 -> of:0000000000000008:2,0.002,0.0025,0.002,0.002,1.66,2026-06-23T11:56:14,0.002,1.66
route_mutation,20260623T115614_061999,of:0000000000000003:2 -> of:0000000000000008:3,0.002,0.0025,0.002,0.002,1.66,2026-06-23T11:56:14,0.002,1.66
route_mutation,20260623T115614_061999,of:0000000000000008:1 -> of:000000000000000b:6,0.001,0.00125,0.001,0.001,1.4,2026-06-23T11:56:14,0.001,1.4
route_mutation,20260623T115614_061999,of:0000000000000004:2 -> of:0000000000000009:2,0.002,0.0025,0.002,0.002,1.63,2026-06-23T11:56:14,0.002,1.63
route_mutation,20260623T115614_061999,of:0000000000000002:1 -> of:000000000000000b:4,0.002,0.0025,0.002,0.002,2.5,2026-06-23T11:56:14,0.002,2.5
route_mutation,20260623T115614_061999,of:0000000000000009:1 -> of:000000000000000c:6,0.001,0.00125,0.001,0.001,1.4,2026-06-23T11:56:14,0.001,1.4
ip_shuffle,20260623T115644_348320,of:0000000000000004:1 -> of:000000000000000c:4,0.002,0.0025,0.002,0.002,2.63,2026-06-23T11:56:44,0.002,2.63
ip_shuffle,20260623T115644_348320,of:0000000000000005:1 -> of:000000000000000c:5,0.002,0.0025,0.002,0.002,2.63,2026-06-23T11:56:44,0.002,2.63
ip_shuffle,20260623T115644_348320,of:000000000000000a:1 -> of:000000000000000d:6,0.002,0.0025,0.002,0.002,1.83,2026-06-23T11:56:44,0.002,1.76
ip_shuffle,20260623T115644_348320,of:000000000000000b:3 -> of:000000000000000d:2,0.002,0.0025,0.002,0.002,2.26,2026-06-23T11:56:44,0.002,2.26
ip_shuffle,20260623T115644_348320,of:000000000000000c:3 -> of:000000000000000d:3,0.002,0.0025,0.002,0.002,2.26,2026-06-23T11:56:44,0.002,2.26
ip_shuffle,20260623T115644_348320,of:0000000000000005:2 -> of:0000000000000009:3,0.002,0.0025,0.002,0.002,2.29,2026-06-23T11:56:44,0.002,2.29
ip_shuffle,20260623T115644_348320,of:0000000000000001:1 -> of:000000000000000b:1,0.002,0.0025,0.002,0.002,1.93,2026-06-23T11:56:44,0.002,1.83
ip_shuffle,20260623T115644_348320,of:000000000000000b:2 -> of:000000000000000c:2,0.002,0.0025,0.002,0.002,2.33,2026-06-23T11:56:44,0.002,2.33
ip_shuffle,20260623T115644_348320,of:0000000000000001:2 -> of:000000000000000c:1,0.003,0.00375,0.003,0.003,3.36,2026-06-23T11:56:44,0.003,3.33
ip_shuffle,20260623T115644_348320,of:0000000000000006:2 -> of:000000000000000a:2,0.002,0.0025,0.002,0.002,2.33,2026-06-23T11:56:44,0.002,2.29
ip_shuffle,20260623T115644_348320,of:0000000000000001:3 -> of:000000000000000d:1,0.002,0.0025,0.002,0.002,2.76,2026-06-23T11:56:44,0.002,2.53
ip_shuffle,20260623T115644_348320,of:0000000000000003:1 -> of:000000000000000b:5,0.002,0.0025,0.002,0.002,1.9,2026-06-23T11:56:44,0.002,2.0
ip_shuffle,20260623T115644_348320,of:0000000000000006:1 -> of:000000000000000d:4,0.002,0.0025,0.002,0.002,2.66,2026-06-23T11:56:44,0.002,2.89
ip_shuffle,20260623T115644_348320,of:0000000000000007:2 -> of:000000000000000a:3,0.002,0.0025,0.002,0.002,2.26,2026-06-23T11:56:44,0.002,2.26
ip_shuffle,20260623T115644_348320,of:0000000000000007:1 -> of:000000000000000d:5,0.002,0.0025,0.002,0.002,1.8,2026-06-23T11:56:44,0.002,1.76
ip_shuffle,20260623T115644_348320,of:0000000000000002:2 -> of:0000000000000008:2,0.002,0.0025,0.002,0.002,2.26,2026-06-23T11:56:44,0.002,2.26
ip_shuffle,20260623T115644_348320,of:0000000000000003:2 -> of:0000000000000008:3,0.002,0.0025,0.002,0.002,2.26,2026-06-23T11:56:44,0.002,2.26
ip_shuffle,20260623T115644_348320,of:0000000000000008:1 -> of:000000000000000b:6,0.002,0.0025,0.002,0.002,1.8,2026-06-23T11:56:44,0.002,1.83
ip_shuffle,20260623T115644_348320,of:0000000000000004:2 -> of:0000000000000009:2,0.002,0.0025,0.002,0.002,2.29,2026-06-23T11:56:44,0.002,2.29
ip_shuffle,20260623T115644_348320,of:0000000000000002:1 -> of:000000000000000b:4,0.002,0.0025,0.002,0.002,1.8,2026-06-23T11:56:44,0.002,1.83
ip_shuffle,20260623T115644_348320,of:0000000000000009:1 -> of:000000000000000c:6,0.002,0.0025,0.002,0.002,1.8,2026-06-23T11:56:44,0.002,1.83
route_mutation,20260623T115748_577901,of:0000000000000004:1 -> of:000000000000000c:4,0.001,0.00125,0.001,0.001,1.43,2026-06-23T11:57:48,0.001,1.43
route_mutation,20260623T115748_577901,of:0000000000000005:1 -> of:000000000000000c:5,0.001,0.00125,0.001,0.001,1.43,2026-06-23T11:57:48,0.001,1.43
route_mutation,20260623T115748_577901,of:000000000000000a:1 -> of:000000000000000d:6,0.001,0.00125,0.001,0.001,1.43,2026-06-23T11:57:48,0.001,1.5
route_mutation,20260623T115748_577901,of:000000000000000b:3 -> of:000000000000000d:2,0.002,0.0025,0.002,0.002,1.66,2026-06-23T11:57:48,0.002,1.66
route_mutation,20260623T115748_577901,of:000000000000000c:3 -> of:000000000000000d:3,0.002,0.0025,0.002,0.002,1.66,2026-06-23T11:57:48,0.002,1.66
route_mutation,20260623T115748_577901,of:0000000000000005:2 -> of:0000000000000009:3,0.002,0.0025,0.002,0.002,1.6,2026-06-23T11:57:48,0.002,1.6
route_mutation,20260623T115748_577901,of:0000000000000001:1 -> of:000000000000000b:1,0.002,0.0025,0.002,0.002,2.36,2026-06-23T11:57:48,0.002,2.33
route_mutation,20260623T115748_577901,of:000000000000000b:2 -> of:000000000000000c:2,0.001,0.00125,0.001,0.001,1.53,2026-06-23T11:57:48,0.001,1.53
route_mutation,20260623T115748_577901,of:0000000000000001:2 -> of:000000000000000c:1,0.001,0.00125,0.001,0.001,1.43,2026-06-23T11:57:48,0.001,1.43
route_mutation,20260623T115748_577901,of:0000000000000006:2 -> of:000000000000000a:2,0.002,0.0025,0.002,0.002,1.6,2026-06-23T11:57:48,0.002,1.6
route_mutation,20260623T115748_577901,of:0000000000000001:3 -> of:000000000000000d:1,0.002,0.0025,0.002,0.002,2.7,2026-06-23T11:57:48,0.002,2.73
route_mutation,20260623T115748_577901,of:0000000000000003:1 -> of:000000000000000b:5,0.001,0.00125,0.001,0.001,1.43,2026-06-23T11:57:48,0.001,1.43
route_mutation,20260623T115748_577901,of:0000000000000006:1 -> of:000000000000000d:4,0.002,0.0025,0.002,0.002,2.16,2026-06-23T11:57:48,0.002,2.16
route_mutation,20260623T115748_577901,of:0000000000000007:2 -> of:000000000000000a:3,0.001,0.00125,0.001,0.001,1.53,2026-06-23T11:57:48,0.001,1.53
route_mutation,20260623T115748_577901,of:0000000000000007:1 -> of:000000000000000d:5,0.002,0.0025,0.002,0.002,2.16,2026-06-23T11:57:48,0.002,2.2
route_mutation,20260623T115748_577901,of:0000000000000002:2 -> of:0000000000000008:2,0.002,0.0025,0.002,0.002,1.6,2026-06-23T11:57:48,0.002,1.6
route_mutation,20260623T115748_577901,of:0000000000000003:2 -> of:0000000000000008:3,0.002,0.0025,0.002,0.002,1.6,2026-06-23T11:57:48,0.002,1.6
route_mutation,20260623T115748_577901,of:0000000000000008:1 -> of:000000000000000b:6,0.001,0.00125,0.001,0.001,1.36,2026-06-23T11:57:48,0.001,1.36
route_mutation,20260623T115748_577901,of:0000000000000004:2 -> of:0000000000000009:2,0.002,0.0025,0.002,0.002,1.6,2026-06-23T11:57:48,0.002,1.6
route_mutation,20260623T115748_577901,of:0000000000000002:1 -> of:000000000000000b:4,0.002,0.0025,0.002,0.002,2.36,2026-06-23T11:57:48,0.002,2.36
route_mutation,20260623T115748_577901,of:0000000000000009:1 -> of:000000000000000c:6,0.001,0.00125,0.001,0.001,1.36,2026-06-23T11:57:48,0.001,1.36
ip_shuffle,20260623T115818_867511,of:0000000000000004:1 -> of:000000000000000c:4,0.002,0.0025,0.002,0.002,2.4,2026-06-23T11:58:18,0.002,2.46
ip_shuffle,20260623T115818_867511,of:0000000000000005:1 -> of:000000000000000c:5,0.002,0.0025,0.002,0.002,2.4,2026-06-23T11:58:18,0.002,2.46
ip_shuffle,20260623T115818_867511,of:000000000000000a:1 -> of:000000000000000d:6,0.002,0.0025,0.002,0.002,1.63,2026-06-23T11:58:18,0.002,1.5
ip_shuffle,20260623T115818_867511,of:000000000000000b:3 -> of:000000000000000d:2,0.002,0.0025,0.002,0.002,1.8,2026-06-23T11:58:18,0.002,1.8
ip_shuffle,20260623T115818_867511,of:000000000000000c:3 -> of:000000000000000d:3,0.002,0.0025,0.002,0.002,1.83,2026-06-23T11:58:18,0.002,1.83
ip_shuffle,20260623T115818_867511,of:0000000000000005:2 -> of:0000000000000009:3,0.002,0.0025,0.002,0.002,1.9,2026-06-23T11:58:18,0.002,1.9
ip_shuffle,20260623T115818_867511,of:0000000000000001:1 -> of:000000000000000b:1,0.002,0.0025,0.002,0.002,2.7,2026-06-23T11:58:18,0.002,2.7
ip_shuffle,20260623T115818_867511,of:000000000000000b:2 -> of:000000000000000c:2,0.002,0.0025,0.002,0.002,1.96,2026-06-23T11:58:18,0.002,1.96
ip_shuffle,20260623T115818_867511,of:0000000000000001:2 -> of:000000000000000c:1,0.003,0.00375,0.003,0.003,3.2,2026-06-23T11:58:18,0.003,3.13
ip_shuffle,20260623T115818_867511,of:0000000000000006:2 -> of:000000000000000a:2,0.002,0.0025,0.002,0.002,1.93,2026-06-23T11:58:18,0.002,1.93
ip_shuffle,20260623T115818_867511,of:0000000000000001:3 -> of:000000000000000d:1,0.002,0.0025,0.002,0.002,1.73,2026-06-23T11:58:18,0.002,1.6
ip_shuffle,20260623T115818_867511,of:0000000000000003:1 -> of:000000000000000b:5,0.002,0.0025,0.002,0.002,2.63,2026-06-23T11:58:18,0.002,2.66
ip_shuffle,20260623T115818_867511,of:0000000000000006:1 -> of:000000000000000d:4,0.002,0.0025,0.002,0.002,1.66,2026-06-23T11:58:18,0.002,1.83
ip_shuffle,20260623T115818_867511,of:0000000000000007:2 -> of:000000000000000a:3,0.002,0.0025,0.002,0.002,1.93,2026-06-23T11:58:18,0.002,1.93
ip_shuffle,20260623T115818_867511,of:0000000000000007:1 -> of:000000000000000d:5,0.002,0.0025,0.002,0.002,1.63,2026-06-23T11:58:18,0.002,1.5
ip_shuffle,20260623T115818_867511,of:0000000000000002:2 -> of:0000000000000008:2,0.002,0.0025,0.002,0.002,1.9,2026-06-23T11:58:18,0.002,1.9
ip_shuffle,20260623T115818_867511,of:0000000000000003:2 -> of:0000000000000008:3,0.002,0.0025,0.002,0.002,1.9,2026-06-23T11:58:18,0.002,1.9
ip_shuffle,20260623T115818_867511,of:0000000000000008:1 -> of:000000000000000b:6,0.002,0.0025,0.002,0.002,1.63,2026-06-23T11:58:18,0.002,1.63
ip_shuffle,20260623T115818_867511,of:0000000000000004:2 -> of:0000000000000009:2,0.002,0.0025,0.002,0.002,1.9,2026-06-23T11:58:18,0.002,1.9
ip_shuffle,20260623T115818_867511,of:0000000000000002:1 -> of:000000000000000b:4,0.002,0.0025,0.002,0.002,1.7,2026-06-23T11:58:18,0.002,1.73
ip_shuffle,20260623T115818_867511,of:0000000000000009:1 -> of:000000000000000c:6,0.002,0.0025,0.002,0.002,1.63,2026-06-23T11:58:18,0.002,1.66
ip_shuffle,20260623T115916_636773,of:0000000000000004:1 -> of:000000000000000c:4,0.002,0.0025,0.002,0.002,1.56,2026-06-23T11:59:16,0.002,1.53
ip_shuffle,20260623T115916_636773,of:0000000000000005:1 -> of:000000000000000c:5,0.002,0.0025,0.002,0.002,1.56,2026-06-23T11:59:16,0.002,1.53
ip_shuffle,20260623T115916_636773,of:000000000000000a:1 -> of:000000000000000d:6,0.002,0.0025,0.002,0.002,1.53,2026-06-23T11:59:16,0.001,1.5
ip_shuffle,20260623T115916_636773,of:000000000000000b:3 -> of:000000000000000d:2,0.002,0.0025,0.002,0.002,1.76,2026-06-23T11:59:16,0.002,1.76
ip_shuffle,20260623T115916_636773,of:000000000000000c:3 -> of:000000000000000d:3,0.002,0.0025,0.002,0.002,1.76,2026-06-23T11:59:16,0.002,1.76
ip_shuffle,20260623T115916_636773,of:0000000000000005:2 -> of:0000000000000009:3,0.002,0.0025,0.002,0.002,1.83,2026-06-23T11:59:16,0.002,1.83
ip_shuffle,20260623T115916_636773,of:0000000000000001:1 -> of:000000000000000b:1,0.002,0.0025,0.002,0.002,1.53,2026-06-23T11:59:16,0.002,1.6
ip_shuffle,20260623T115916_636773,of:000000000000000b:2 -> of:000000000000000c:2,0.002,0.0025,0.002,0.002,1.73,2026-06-23T11:59:16,0.002,1.73
ip_shuffle,20260623T115916_636773,of:0000000000000001:2 -> of:000000000000000c:1,0.002,0.0025,0.002,0.002,1.53,2026-06-23T11:59:16,0.002,1.6
ip_shuffle,20260623T115916_636773,of:0000000000000006:2 -> of:000000000000000a:2,0.002,0.0025,0.002,0.002,1.83,2026-06-23T11:59:16,0.002,1.83
ip_shuffle,20260623T115916_636773,of:0000000000000001:3 -> of:000000000000000d:1,0.003,0.00375,0.003,0.003,3.09,2026-06-23T11:59:16,0.003,2.96
ip_shuffle,20260623T115916_636773,of:0000000000000003:1 -> of:000000000000000b:5,0.002,0.0025,0.002,0.002,1.56,2026-06-23T11:59:16,0.002,1.53
ip_shuffle,20260623T115916_636773,of:0000000000000006:1 -> of:000000000000000d:4,0.002,0.0025,0.002,0.002,1.63,2026-06-23T11:59:16,0.002,1.56
ip_shuffle,20260623T115916_636773,of:0000000000000007:2 -> of:000000000000000a:3,0.002,0.0025,0.002,0.002,1.76,2026-06-23T11:59:16,0.002,1.76
ip_shuffle,20260623T115916_636773,of:0000000000000007:1 -> of:000000000000000d:5,0.002,0.0025,0.002,0.002,2.79,2026-06-23T11:59:16,0.002,2.89
ip_shuffle,20260623T115916_636773,of:0000000000000002:2 -> of:0000000000000008:2,0.002,0.0025,0.002,0.002,1.83,2026-06-23T11:59:16,0.002,1.83
ip_shuffle,20260623T115916_636773,of:0000000000000003:2 -> of:0000000000000008:3,0.002,0.0025,0.002,0.002,1.83,2026-06-23T11:59:16,0.002,1.83
ip_shuffle,20260623T115916_636773,of:0000000000000008:1 -> of:000000000000000b:6,0.001,0.00125,0.001,0.001,1.46,2026-06-23T11:59:16,0.001,1.46
ip_shuffle,20260623T115916_636773,of:0000000000000004:2 -> of:0000000000000009:2,0.002,0.0025,0.002,0.002,1.83,2026-06-23T11:59:16,0.002,1.83
ip_shuffle,20260623T115916_636773,of:0000000000000002:1 -> of:000000000000000b:4,0.002,0.0025,0.002,0.002,1.56,2026-06-23T11:59:16,0.002,1.53
ip_shuffle,20260623T115916_636773,of:0000000000000009:1 -> of:000000000000000c:6,0.001,0.00125,0.001,0.001,1.46,2026-06-23T11:59:16,0.001,1.46
ip_shuffle,20260623T120014_263733,of:0000000000000004:1 -> of:000000000000000c:4,0.002,0.0025,0.002,0.002,2.32,2026-06-23T12:00:14,0.002,2.35
ip_shuffle,20260623T120014_263733,of:0000000000000005:1 -> of:000000000000000c:5,0.002,0.0025,0.002,0.002,2.59,2026-06-23T12:00:14,0.002,2.62
ip_shuffle,20260623T120014_263733,of:000000000000000a:1 -> of:000000000000000d:6,0.002,0.0025,0.002,0.002,1.89,2026-06-23T12:00:14,0.002,1.92
ip_shuffle,20260623T120014_263733,of:000000000000000b:3 -> of:000000000000000d:2,0.002,0.0025,0.002,0.002,2.49,2026-06-23T12:00:14,0.002,2.49
ip_shuffle,20260623T120014_263733,of:000000000000000c:3 -> of:000000000000000d:3,0.002,0.0025,0.002,0.002,2.49,2026-06-23T12:00:14,0.002,2.49
ip_shuffle,20260623T120014_263733,of:0000000000000005:2 -> of:0000000000000009:3,0.002,0.0025,0.002,0.002,2.35,2026-06-23T12:00:14,0.002,2.35
ip_shuffle,20260623T120014_263733,of:0000000000000001:1 -> of:000000000000000b:1,0.002,0.0025,0.002,0.002,1.96,2026-06-23T12:00:14,0.002,1.96
ip_shuffle,20260623T120014_263733,of:000000000000000b:2 -> of:000000000000000c:2,0.002,0.0025,0.002,0.002,2.45,2026-06-23T12:00:14,0.002,2.45
ip_shuffle,20260623T120014_263733,of:0000000000000001:2 -> of:000000000000000c:1,0.003,0.00375,0.003,0.003,3.28,2026-06-23T12:00:14,0.003,3.28
ip_shuffle,20260623T120014_263733,of:0000000000000006:2 -> of:000000000000000a:2,0.002,0.0025,0.002,0.002,2.35,2026-06-23T12:00:14,0.002,2.35
ip_shuffle,20260623T120014_263733,of:0000000000000001:3 -> of:000000000000000d:1,0.003,0.00375,0.003,0.003,3.58,2026-06-23T12:00:14,0.003,3.71
ip_shuffle,20260623T120014_263733,of:0000000000000003:1 -> of:000000000000000b:5,0.002,0.0025,0.002,0.002,1.89,2026-06-23T12:00:14,0.002,1.89
ip_shuffle,20260623T120014_263733,of:0000000000000006:1 -> of:000000000000000d:4,0.003,0.00375,0.003,0.003,3.02,2026-06-23T12:00:14,0.003,3.08
ip_shuffle,20260623T120014_263733,of:0000000000000007:2 -> of:000000000000000a:3,0.002,0.0025,0.002,0.002,2.42,2026-06-23T12:00:14,0.002,2.42
ip_shuffle,20260623T120014_263733,of:0000000000000007:1 -> of:000000000000000d:5,0.002,0.0025,0.002,0.002,2.49,2026-06-23T12:00:14,0.002,2.42
ip_shuffle,20260623T120014_263733,of:0000000000000002:2 -> of:0000000000000008:2,0.002,0.0025,0.002,0.002,2.39,2026-06-23T12:00:14,0.002,2.39
ip_shuffle,20260623T120014_263733,of:0000000000000003:2 -> of:0000000000000008:3,0.002,0.0025,0.002,0.002,2.39,2026-06-23T12:00:14,0.002,2.39
ip_shuffle,20260623T120014_263733,of:0000000000000008:1 -> of:000000000000000b:6,0.002,0.0025,0.002,0.002,1.89,2026-06-23T12:00:14,0.002,1.89
ip_shuffle,20260623T120014_263733,of:0000000000000004:2 -> of:0000000000000009:2,0.002,0.0025,0.002,0.002,2.35,2026-06-23T12:00:14,0.002,2.35
ip_shuffle,20260623T120014_263733,of:0000000000000002:1 -> of:000000000000000b:4,0.002,0.0025,0.002,0.002,1.82,2026-06-23T12:00:14,0.002,1.82
ip_shuffle,20260623T120014_263733,of:0000000000000009:1 -> of:000000000000000c:6,0.002,0.0025,0.002,0.002,1.89,2026-06-23T12:00:14,0.002,1.89
ip_shuffle,20260623T120111_879821,of:0000000000000004:1 -> of:000000000000000c:4,0.001,0.00125,0.001,0.001,1.36,2026-06-23T12:01:11,0.001,1.36
ip_shuffle,20260623T120111_879821,of:0000000000000005:1 -> of:000000000000000c:5,0.001,0.00125,0.001,0.001,1.36,2026-06-23T12:01:11,0.001,1.36
ip_shuffle,20260623T120111_879821,of:000000000000000a:1 -> of:000000000000000d:6,0.001,0.00125,0.001,0.001,1.36,2026-06-23T12:01:11,0.001,1.36
ip_shuffle,20260623T120111_879821,of:000000000000000b:3 -> of:000000000000000d:2,0.001,0.00125,0.001,0.001,1.46,2026-06-23T12:01:11,0.001,1.46
ip_shuffle,20260623T120111_879821,of:000000000000000c:3 -> of:000000000000000d:3,0.001,0.00125,0.001,0.001,1.4,2026-06-23T12:01:11,0.001,1.4
ip_shuffle,20260623T120111_879821,of:0000000000000005:2 -> of:0000000000000009:3,0.002,0.0025,0.002,0.002,1.53,2026-06-23T12:01:11,0.002,1.53
ip_shuffle,20260623T120111_879821,of:0000000000000001:1 -> of:000000000000000b:1,0.002,0.0025,0.002,0.002,2.66,2026-06-23T12:01:11,0.002,2.66
ip_shuffle,20260623T120111_879821,of:000000000000000b:2 -> of:000000000000000c:2,0.001,0.00125,0.001,0.001,1.46,2026-06-23T12:01:11,0.001,1.46
ip_shuffle,20260623T120111_879821,of:0000000000000001:2 -> of:000000000000000c:1,0.001,0.00125,0.001,0.001,1.36,2026-06-23T12:01:11,0.001,1.36
ip_shuffle,20260623T120111_879821,of:0000000000000006:2 -> of:000000000000000a:2,0.002,0.0025,0.002,0.002,1.53,2026-06-23T12:01:11,0.002,1.53
ip_shuffle,20260623T120111_879821,of:0000000000000001:3 -> of:000000000000000d:1,0.002,0.0025,0.002,0.002,1.7,2026-06-23T12:01:11,0.002,1.7
ip_shuffle,20260623T120111_879821,of:0000000000000003:1 -> of:000000000000000b:5,0.002,0.0025,0.002,0.002,1.63,2026-06-23T12:01:11,0.002,1.63
ip_shuffle,20260623T120111_879821,of:0000000000000006:1 -> of:000000000000000d:4,0.002,0.0025,0.002,0.002,1.66,2026-06-23T12:01:11,0.002,1.66
ip_shuffle,20260623T120111_879821,of:0000000000000007:2 -> of:000000000000000a:3,0.002,0.0025,0.002,0.002,1.53,2026-06-23T12:01:11,0.002,1.53
ip_shuffle,20260623T120111_879821,of:0000000000000007:1 -> of:000000000000000d:5,0.001,0.00125,0.001,0.001,1.36,2026-06-23T12:01:11,0.001,1.36
ip_shuffle,20260623T120111_879821,of:0000000000000002:2 -> of:0000000000000008:2,0.002,0.0025,0.002,0.002,1.53,2026-06-23T12:01:11,0.002,1.53
ip_shuffle,20260623T120111_879821,of:0000000000000003:2 -> of:0000000000000008:3,0.002,0.0025,0.002,0.002,1.53,2026-06-23T12:01:11,0.002,1.53
ip_shuffle,20260623T120111_879821,of:0000000000000008:1 -> of:000000000000000b:6,0.002,0.0025,0.002,0.002,1.43,2026-06-23T12:01:11,0.002,1.43
ip_shuffle,20260623T120111_879821,of:0000000000000004:2 -> of:0000000000000009:2,0.002,0.0025,0.002,0.002,1.53,2026-06-23T12:01:11,0.002,1.53
ip_shuffle,20260623T120111_879821,of:0000000000000002:1 -> of:000000000000000b:4,0.002,0.0025,0.002,0.002,2.46,2026-06-23T12:01:11,0.002,2.46
ip_shuffle,20260623T120111_879821,of:0000000000000009:1 -> of:000000000000000c:6,0.001,0.00125,0.001,0.001,1.36,2026-06-23T12:01:11,0.001,1.36
route_mutation,20260623T120209_433260,of:0000000000000004:1 -> of:000000000000000c:4,0.002,0.0025,0.002,0.002,2.16,2026-06-23T12:02:09,0.002,2.13
route_mutation,20260623T120209_433260,of:0000000000000005:1 -> of:000000000000000c:5,0.002,0.0025,0.002,0.002,2.16,2026-06-23T12:02:09,0.002,2.13
route_mutation,20260623T120209_433260,of:000000000000000a:1 -> of:000000000000000d:6,0.002,0.0025,0.002,0.002,2.1,2026-06-23T12:02:09,0.002,2.06
route_mutation,20260623T120209_433260,of:000000000000000b:3 -> of:000000000000000d:2,0.002,0.0025,0.002,0.002,2.86,2026-06-23T12:02:09,0.002,2.86
route_mutation,20260623T120209_433260,of:000000000000000c:3 -> of:000000000000000d:3,0.002,0.0025,0.002,0.002,2.93,2026-06-23T12:02:09,0.002,2.93
route_mutation,20260623T120209_433260,of:0000000000000005:2 -> of:0000000000000009:3,0.002,0.0025,0.002,0.002,2.93,2026-06-23T12:02:09,0.002,2.93
route_mutation,20260623T120209_433260,of:0000000000000001:1 -> of:000000000000000b:1,0.002,0.0025,0.002,0.002,2.06,2026-06-23T12:02:09,0.002,2.13
route_mutation,20260623T120209_433260,of:000000000000000b:2 -> of:000000000000000c:2,0.002,0.0025,0.002,0.002,2.86,2026-06-23T12:02:09,0.002,2.86
route_mutation,20260623T120209_433260,of:0000000000000001:2 -> of:000000000000000c:1,0.002,0.0025,0.002,0.002,2.13,2026-06-23T12:02:09,0.002,2.2
route_mutation,20260623T120209_433260,of:0000000000000006:2 -> of:000000000000000a:2,0.002,0.0025,0.002,0.002,2.86,2026-06-23T12:02:09,0.002,2.86
route_mutation,20260623T120209_433260,of:0000000000000001:3 -> of:000000000000000d:1,0.003,0.00375,0.003,0.003,4.39,2026-06-23T12:02:09,0.003,4.33
route_mutation,20260623T120209_433260,of:0000000000000003:1 -> of:000000000000000b:5,0.002,0.0025,0.002,0.002,2.13,2026-06-23T12:02:09,0.002,2.06
route_mutation,20260623T120209_433260,of:0000000000000006:1 -> of:000000000000000d:4,0.002,0.0025,0.002,0.002,2.86,2026-06-23T12:02:09,0.002,2.9
route_mutation,20260623T120209_433260,of:0000000000000007:2 -> of:000000000000000a:3,0.002,0.0025,0.002,0.002,2.86,2026-06-23T12:02:09,0.002,2.86
route_mutation,20260623T120209_433260,of:0000000000000007:1 -> of:000000000000000d:5,0.003,0.00375,0.003,0.003,3.43,2026-06-23T12:02:09,0.003,3.4
route_mutation,20260623T120209_433260,of:0000000000000002:2 -> of:0000000000000008:2,0.002,0.0025,0.002,0.002,2.96,2026-06-23T12:02:09,0.002,2.96
route_mutation,20260623T120209_433260,of:0000000000000003:2 -> of:0000000000000008:3,0.002,0.0025,0.002,0.002,2.96,2026-06-23T12:02:09,0.002,2.96
route_mutation,20260623T120209_433260,of:0000000000000008:1 -> of:000000000000000b:6,0.002,0.0025,0.002,0.002,2.03,2026-06-23T12:02:09,0.002,2.0
route_mutation,20260623T120209_433260,of:0000000000000004:2 -> of:0000000000000009:2,0.002,0.0025,0.002,0.002,2.93,2026-06-23T12:02:09,0.002,2.93
route_mutation,20260623T120209_433260,of:0000000000000002:1 -> of:000000000000000b:4,0.002,0.0025,0.002,0.002,2.13,2026-06-23T12:02:09,0.002,2.06
route_mutation,20260623T120209_433260,of:0000000000000009:1 -> of:000000000000000c:6,0.002,0.0025,0.002,0.002,2.1,2026-06-23T12:02:09,0.002,2.06
ip_shuffle,20260623T120239_749793,of:0000000000000004:1 -> of:000000000000000c:4,0.001,0.00125,0.001,0.001,1.3,2026-06-23T12:02:39,0.001,1.37
ip_shuffle,20260623T120239_749793,of:0000000000000005:1 -> of:000000000000000c:5,0.001,0.00125,0.001,0.001,1.3,2026-06-23T12:02:39,0.001,1.37
ip_shuffle,20260623T120239_749793,of:000000000000000a:1 -> of:000000000000000d:6,0.001,0.00125,0.001,0.001,1.33,2026-06-23T12:02:39,0.001,1.37
ip_shuffle,20260623T120239_749793,of:000000000000000b:3 -> of:000000000000000d:2,0.001,0.00125,0.001,0.001,1.47,2026-06-23T12:02:39,0.001,1.47
ip_shuffle,20260623T120239_749793,of:000000000000000c:3 -> of:000000000000000d:3,0.001,0.00125,0.001,0.001,1.4,2026-06-23T12:02:39,0.001,1.4
ip_shuffle,20260623T120239_749793,of:0000000000000005:2 -> of:0000000000000009:3,0.002,0.0025,0.002,0.002,1.43,2026-06-23T12:02:39,0.002,1.43
ip_shuffle,20260623T120239_749793,of:0000000000000001:1 -> of:000000000000000b:1,0.002,0.0025,0.002,0.002,1.43,2026-06-23T12:02:39,0.002,1.5
ip_shuffle,20260623T120239_749793,of:000000000000000b:2 -> of:000000000000000c:2,0.001,0.00125,0.001,0.001,1.47,2026-06-23T12:02:39,0.001,1.47
ip_shuffle,20260623T120239_749793,of:0000000000000001:2 -> of:000000000000000c:1,0.001,0.00125,0.001,0.001,1.37,2026-06-23T12:02:39,0.001,1.3
ip_shuffle,20260623T120239_749793,of:0000000000000006:2 -> of:000000000000000a:2,0.002,0.0025,0.002,0.002,1.47,2026-06-23T12:02:39,0.002,1.47
ip_shuffle,20260623T120239_749793,of:0000000000000001:3 -> of:000000000000000d:1,0.001,0.00125,0.001,0.001,1.43,2026-06-23T12:02:39,0.001,1.37
ip_shuffle,20260623T120239_749793,of:0000000000000003:1 -> of:000000000000000b:5,0.002,0.0025,0.002,0.001,1.37,2026-06-23T12:02:39,0.002,1.43
ip_shuffle,20260623T120239_749793,of:0000000000000006:1 -> of:000000000000000d:4,0.001,0.00125,0.001,0.001,1.33,2026-06-23T12:02:39,0.001,1.37
ip_shuffle,20260623T120239_749793,of:0000000000000007:2 -> of:000000000000000a:3,0.002,0.0025,0.002,0.002,1.47,2026-06-23T12:02:39,0.002,1.47
ip_shuffle,20260623T120239_749793,of:0000000000000007:1 -> of:000000000000000d:5,0.001,0.00125,0.001,0.001,1.4,2026-06-23T12:02:39,0.001,1.43
ip_shuffle,20260623T120239_749793,of:0000000000000002:2 -> of:0000000000000008:2,0.002,0.0025,0.002,0.002,1.43,2026-06-23T12:02:39,0.002,1.43
ip_shuffle,20260623T120239_749793,of:0000000000000003:2 -> of:0000000000000008:3,0.002,0.0025,0.002,0.002,1.43,2026-06-23T12:02:39,0.002,1.43
ip_shuffle,20260623T120239_749793,of:0000000000000008:1 -> of:000000000000000b:6,0.002,0.0025,0.002,0.002,1.4,2026-06-23T12:02:39,0.002,1.43
ip_shuffle,20260623T120239_749793,of:0000000000000004:2 -> of:0000000000000009:2,0.002,0.0025,0.002,0.002,1.43,2026-06-23T12:02:39,0.002,1.43
ip_shuffle,20260623T120239_749793,of:0000000000000002:1 -> of:000000000000000b:4,0.002,0.0025,0.002,0.002,1.5,2026-06-23T12:02:39,0.002,1.43
ip_shuffle,20260623T120239_749793,of:0000000000000009:1 -> of:000000000000000c:6,0.001,0.00125,0.001,0.001,1.33,2026-06-23T12:02:39,0.001,1.37
ip_shuffle,20260623T120350_255926,of:0000000000000004:1 -> of:000000000000000c:4,0.001,0.00125,0.001,0.001,1.5,2026-06-23T12:03:50,0.001,1.46
ip_shuffle,20260623T120350_255926,of:0000000000000005:1 -> of:000000000000000c:5,0.001,0.00125,0.001,0.001,1.5,2026-06-23T12:03:50,0.001,1.46
ip_shuffle,20260623T120350_255926,of:000000000000000a:1 -> of:000000000000000d:6,0.001,0.00125,0.001,0.001,1.46,2026-06-23T12:03:50,0.001,1.46
ip_shuffle,20260623T120350_255926,of:000000000000000b:3 -> of:000000000000000d:2,0.001,0.00125,0.001,0.001,1.6,2026-06-23T12:03:50,0.001,1.6
ip_shuffle,20260623T120350_255926,of:000000000000000c:3 -> of:000000000000000d:3,0.001,0.00125,0.001,0.001,1.6,2026-06-23T12:03:50,0.001,1.6
ip_shuffle,20260623T120350_255926,of:0000000000000005:2 -> of:0000000000000009:3,0.002,0.0025,0.002,0.002,1.8,2026-06-23T12:03:50,0.002,1.8
ip_shuffle,20260623T120350_255926,of:0000000000000001:1 -> of:000000000000000b:1,0.001,0.00125,0.001,0.001,1.46,2026-06-23T12:03:50,0.001,1.53
ip_shuffle,20260623T120350_255926,of:000000000000000b:2 -> of:000000000000000c:2,0.001,0.00125,0.001,0.001,1.6,2026-06-23T12:03:50,0.001,1.6
ip_shuffle,20260623T120350_255926,of:0000000000000001:2 -> of:000000000000000c:1,0.001,0.00125,0.001,0.001,1.46,2026-06-23T12:03:50,0.001,1.53
ip_shuffle,20260623T120350_255926,of:0000000000000006:2 -> of:000000000000000a:2,0.002,0.0025,0.002,0.002,1.76,2026-06-23T12:03:50,0.002,1.76
ip_shuffle,20260623T120350_255926,of:0000000000000001:3 -> of:000000000000000d:1,0.002,0.0025,0.002,0.002,2.23,2026-06-23T12:03:50,0.002,2.16
ip_shuffle,20260623T120350_255926,of:0000000000000003:1 -> of:000000000000000b:5,0.001,0.00125,0.001,0.001,1.53,2026-06-23T12:03:50,0.001,1.46
ip_shuffle,20260623T120350_255926,of:0000000000000006:1 -> of:000000000000000d:4,0.001,0.00125,0.001,0.001,1.5,2026-06-23T12:03:50,0.001,1.46
ip_shuffle,20260623T120350_255926,of:0000000000000007:2 -> of:000000000000000a:3,0.002,0.0025,0.002,0.002,1.76,2026-06-23T12:03:50,0.002,1.76
ip_shuffle,20260623T120350_255926,of:0000000000000007:1 -> of:000000000000000d:5,0.002,0.0025,0.002,0.002,2.13,2026-06-23T12:03:50,0.002,2.16
ip_shuffle,20260623T120350_255926,of:0000000000000002:2 -> of:0000000000000008:2,0.002,0.0025,0.002,0.002,1.83,2026-06-23T12:03:50,0.002,1.83
ip_shuffle,20260623T120350_255926,of:0000000000000003:2 -> of:0000000000000008:3,0.002,0.0025,0.002,0.002,1.83,2026-06-23T12:03:50,0.002,1.83
ip_shuffle,20260623T120350_255926,of:0000000000000008:1 -> of:000000000000000b:6,0.001,0.00125,0.001,0.001,1.5,2026-06-23T12:03:50,0.001,1.46
ip_shuffle,20260623T120350_255926,of:0000000000000004:2 -> of:0000000000000009:2,0.002,0.0025,0.002,0.002,1.8,2026-06-23T12:03:50,0.002,1.8
ip_shuffle,20260623T120350_255926,of:0000000000000002:1 -> of:000000000000000b:4,0.001,0.00125,0.001,0.001,1.53,2026-06-23T12:03:50,0.001,1.46
ip_shuffle,20260623T120350_255926,of:0000000000000009:1 -> of:000000000000000c:6,0.001,0.00125,0.001,0.001,1.5,2026-06-23T12:03:50,0.001,1.46
route_mutation,20260623T120500_941238,of:0000000000000004:1 -> of:000000000000000c:4,0.002,0.0025,0.002,0.002,2.33,2026-06-23T12:05:00,0.002,2.4
route_mutation,20260623T120500_941238,of:0000000000000005:1 -> of:000000000000000c:5,0.002,0.0025,0.002,0.002,2.6,2026-06-23T12:05:00,0.002,2.66
route_mutation,20260623T120500_941238,of:000000000000000a:1 -> of:000000000000000d:6,0.002,0.0025,0.002,0.002,1.9,2026-06-23T12:05:00,0.002,1.93
route_mutation,20260623T120500_941238,of:000000000000000b:3 -> of:000000000000000d:2,0.002,0.0025,0.002,0.002,2.5,2026-06-23T12:05:00,0.002,2.5
route_mutation,20260623T120500_941238,of:000000000000000c:3 -> of:000000000000000d:3,0.002,0.0025,0.002,0.002,2.53,2026-06-23T12:05:00,0.002,2.53
route_mutation,20260623T120500_941238,of:0000000000000005:2 -> of:0000000000000009:3,0.002,0.0025,0.002,0.002,2.3,2026-06-23T12:05:00,0.002,2.3
route_mutation,20260623T120500_941238,of:0000000000000001:1 -> of:000000000000000b:1,0.002,0.0025,0.002,0.002,1.96,2026-06-23T12:05:00,0.002,1.93
route_mutation,20260623T120500_941238,of:000000000000000b:2 -> of:000000000000000c:2,0.002,0.0025,0.002,0.002,2.5,2026-06-23T12:05:00,0.002,2.5
route_mutation,20260623T120500_941238,of:0000000000000001:2 -> of:000000000000000c:1,0.003,0.00375,0.003,0.003,3.33,2026-06-23T12:05:00,0.003,3.26
route_mutation,20260623T120500_941238,of:0000000000000006:2 -> of:000000000000000a:2,0.002,0.0025,0.002,0.002,2.4,2026-06-23T12:05:00,0.002,2.4
route_mutation,20260623T120500_941238,of:0000000000000001:3 -> of:000000000000000d:1,0.003,0.00375,0.003,0.003,3.16,2026-06-23T12:05:00,0.003,3.23
route_mutation,20260623T120500_941238,of:0000000000000003:1 -> of:000000000000000b:5,0.002,0.0025,0.002,0.002,1.93,2026-06-23T12:05:00,0.002,1.96
route_mutation,20260623T120500_941238,of:0000000000000006:1 -> of:000000000000000d:4,0.003,0.00375,0.003,0.003,3.06,2026-06-23T12:05:00,0.003,3.1
route_mutation,20260623T120500_941238,of:0000000000000007:2 -> of:000000000000000a:3,0.002,0.0025,0.002,0.002,2.4,2026-06-23T12:05:00,0.002,2.4
route_mutation,20260623T120500_941238,of:0000000000000007:1 -> of:000000000000000d:5,0.002,0.0025,0.002,0.002,1.96,2026-06-23T12:05:00,0.002,1.93
route_mutation,20260623T120500_941238,of:0000000000000002:2 -> of:0000000000000008:2,0.002,0.0025,0.002,0.002,2.36,2026-06-23T12:05:00,0.002,2.36
route_mutation,20260623T120500_941238,of:0000000000000003:2 -> of:0000000000000008:3,0.002,0.0025,0.002,0.002,2.36,2026-06-23T12:05:00,0.002,2.36
route_mutation,20260623T120500_941238,of:0000000000000008:1 -> of:000000000000000b:6,0.002,0.0025,0.002,0.002,1.83,2026-06-23T12:05:00,0.002,1.83
route_mutation,20260623T120500_941238,of:0000000000000004:2 -> of:0000000000000009:2,0.002,0.0025,0.002,0.002,2.3,2026-06-23T12:05:00,0.002,2.3
route_mutation,20260623T120500_941238,of:0000000000000002:1 -> of:000000000000000b:4,0.002,0.0025,0.002,0.002,1.86,2026-06-23T12:05:00,0.002,1.9
route_mutation,20260623T120500_941238,of:0000000000000009:1 -> of:000000000000000c:6,0.002,0.0025,0.002,0.002,1.83,2026-06-23T12:05:00,0.002,1.86
ip_shuffle,20260623T120531_174008,of:0000000000000004:1 -> of:000000000000000c:4,0.002,0.0025,0.002,0.002,1.83,2026-06-23T12:05:31,0.002,1.76
ip_shuffle,20260623T120531_174008,of:0000000000000005:1 -> of:000000000000000c:5,0.002,0.0025,0.002,0.002,1.83,2026-06-23T12:05:31,0.002,1.76
ip_shuffle,20260623T120531_174008,of:000000000000000a:1 -> of:000000000000000d:6,0.002,0.0025,0.002,0.002,1.73,2026-06-23T12:05:31,0.002,1.7
ip_shuffle,20260623T120531_174008,of:000000000000000b:3 -> of:000000000000000d:2,0.002,0.0025,0.002,0.002,2.23,2026-06-23T12:05:31,0.002,2.23
ip_shuffle,20260623T120531_174008,of:000000000000000c:3 -> of:000000000000000d:3,0.002,0.0025,0.002,0.002,2.19,2026-06-23T12:05:31,0.002,2.19
ip_shuffle,20260623T120531_174008,of:0000000000000005:2 -> of:0000000000000009:3,0.002,0.0025,0.002,0.002,2.43,2026-06-23T12:05:31,0.002,2.43
ip_shuffle,20260623T120531_174008,of:0000000000000001:1 -> of:000000000000000b:1,0.002,0.0025,0.002,0.002,1.8,2026-06-23T12:05:31,0.002,1.83
ip_shuffle,20260623T120531_174008,of:000000000000000b:2 -> of:000000000000000c:2,0.002,0.0025,0.002,0.002,2.23,2026-06-23T12:05:31,0.002,2.23
ip_shuffle,20260623T120531_174008,of:0000000000000001:2 -> of:000000000000000c:1,0.002,0.0025,0.002,0.002,1.76,2026-06-23T12:05:31,0.002,1.83
ip_shuffle,20260623T120531_174008,of:0000000000000006:2 -> of:000000000000000a:2,0.002,0.0025,0.002,0.002,2.33,2026-06-23T12:05:31,0.002,2.33
ip_shuffle,20260623T120531_174008,of:0000000000000001:3 -> of:000000000000000d:1,0.003,0.00375,0.003,0.003,3.23,2026-06-23T12:05:31,0.003,3.16
ip_shuffle,20260623T120531_174008,of:0000000000000003:1 -> of:000000000000000b:5,0.002,0.0025,0.002,0.002,1.83,2026-06-23T12:05:31,0.002,1.8
ip_shuffle,20260623T120531_174008,of:0000000000000006:1 -> of:000000000000000d:4,0.002,0.0025,0.002,0.002,1.86,2026-06-23T12:05:31,0.002,1.83
ip_shuffle,20260623T120531_174008,of:0000000000000007:2 -> of:000000000000000a:3,0.002,0.0025,0.002,0.002,2.33,2026-06-23T12:05:31,0.002,2.33
ip_shuffle,20260623T120531_174008,of:0000000000000007:1 -> of:000000000000000d:5,0.003,0.00375,0.003,0.003,3.06,2026-06-23T12:05:31,0.003,3.09
ip_shuffle,20260623T120531_174008,of:0000000000000002:2 -> of:0000000000000008:2,0.002,0.0025,0.002,0.002,2.43,2026-06-23T12:05:31,0.002,2.43
ip_shuffle,20260623T120531_174008,of:0000000000000003:2 -> of:0000000000000008:3,0.002,0.0025,0.002,0.002,2.43,2026-06-23T12:05:31,0.002,2.43
ip_shuffle,20260623T120531_174008,of:0000000000000008:1 -> of:000000000000000b:6,0.002,0.0025,0.002,0.002,1.8,2026-06-23T12:05:31,0.002,1.8
ip_shuffle,20260623T120531_174008,of:0000000000000004:2 -> of:0000000000000009:2,0.002,0.0025,0.002,0.002,2.43,2026-06-23T12:05:31,0.002,2.43
ip_shuffle,20260623T120531_174008,of:0000000000000002:1 -> of:000000000000000b:4,0.002,0.0025,0.002,0.002,1.83,2026-06-23T12:05:31,0.002,1.8
ip_shuffle,20260623T120531_174008,of:0000000000000009:1 -> of:000000000000000c:6,0.002,0.0025,0.002,0.002,1.8,2026-06-23T12:05:31,0.002,1.76
route_mutation,20260623T120641_819832,of:0000000000000004:1 -> of:000000000000000c:4,0.002,0.0025,0.002,0.002,2.26,2026-06-23T12:06:41,0.002,2.26
route_mutation,20260623T120641_819832,of:0000000000000005:1 -> of:000000000000000c:5,0.002,0.0025,0.002,0.002,2.26,2026-06-23T12:06:41,0.002,2.26
route_mutation,20260623T120641_819832,of:000000000000000a:1 -> of:000000000000000d:6,0.002,0.0025,0.002,0.002,1.53,2026-06-23T12:06:41,0.002,1.53
route_mutation,20260623T120641_819832,of:000000000000000b:3 -> of:000000000000000d:2,0.002,0.0025,0.002,0.002,1.73,2026-06-23T12:06:41,0.002,1.73
route_mutation,20260623T120641_819832,of:000000000000000c:3 -> of:000000000000000d:3,0.002,0.0025,0.002,0.002,1.73,2026-06-23T12:06:41,0.002,1.73
route_mutation,20260623T120641_819832,of:0000000000000005:2 -> of:0000000000000009:3,0.002,0.0025,0.002,0.002,1.66,2026-06-23T12:06:41,0.002,1.66
route_mutation,20260623T120641_819832,of:0000000000000001:1 -> of:000000000000000b:1,0.002,0.0025,0.002,0.002,2.36,2026-06-23T12:06:41,0.002,2.36
route_mutation,20260623T120641_819832,of:000000000000000b:2 -> of:000000000000000c:2,0.002,0.0025,0.002,0.002,1.73,2026-06-23T12:06:41,0.002,1.73
route_mutation,20260623T120641_819832,of:0000000000000001:2 -> of:000000000000000c:1,0.003,0.00375,0.003,0.003,3.13,2026-06-23T12:06:41,0.003,3.13
route_mutation,20260623T120641_819832,of:0000000000000006:2 -> of:000000000000000a:2,0.002,0.0025,0.002,0.002,1.66,2026-06-23T12:06:41,0.002,1.66
route_mutation,20260623T120641_819832,of:0000000000000001:3 -> of:000000000000000d:1,0.002,0.0025,0.002,0.002,2.06,2026-06-23T12:06:41,0.002,2.06
route_mutation,20260623T120641_819832,of:0000000000000003:1 -> of:000000000000000b:5,0.002,0.0025,0.002,0.002,2.3,2026-06-23T12:06:41,0.002,2.3
route_mutation,20260623T120641_819832,of:0000000000000006:1 -> of:000000000000000d:4,0.002,0.0025,0.002,0.002,1.66,2026-06-23T12:06:41,0.002,1.66
route_mutation,20260623T120641_819832,of:0000000000000007:2 -> of:000000000000000a:3,0.002,0.0025,0.002,0.002,1.66,2026-06-23T12:06:41,0.002,1.66
route_mutation,20260623T120641_819832,of:0000000000000007:1 -> of:000000000000000d:5,0.002,0.0025,0.002,0.002,1.7,2026-06-23T12:06:41,0.002,1.7
route_mutation,20260623T120641_819832,of:0000000000000002:2 -> of:0000000000000008:2,0.002,0.0025,0.002,0.002,1.66,2026-06-23T12:06:41,0.002,1.66
route_mutation,20260623T120641_819832,of:0000000000000003:2 -> of:0000000000000008:3,0.002,0.0025,0.002,0.002,1.66,2026-06-23T12:06:41,0.002,1.66
route_mutation,20260623T120641_819832,of:0000000000000008:1 -> of:000000000000000b:6,0.001,0.00125,0.001,0.001,1.46,2026-06-23T12:06:41,0.001,1.46
route_mutation,20260623T120641_819832,of:0000000000000004:2 -> of:0000000000000009:2,0.002,0.0025,0.002,0.002,1.66,2026-06-23T12:06:41,0.002,1.66
route_mutation,20260623T120641_819832,of:0000000000000002:1 -> of:000000000000000b:4,0.002,0.0025,0.002,0.002,1.53,2026-06-23T12:06:41,0.002,1.53
route_mutation,20260623T120641_819832,of:0000000000000009:1 -> of:000000000000000c:6,0.002,0.0025,0.002,0.002,1.53,2026-06-23T12:06:41,0.002,1.53
route_mutation,20260623T120712_015193,of:0000000000000004:1 -> of:000000000000000c:4,0.002,0.0025,0.002,0.002,2.06,2026-06-23T12:07:12,0.002,2.1
route_mutation,20260623T120712_015193,of:0000000000000005:1 -> of:000000000000000c:5,0.002,0.0025,0.002,0.002,2.06,2026-06-23T12:07:12,0.002,2.1
route_mutation,20260623T120712_015193,of:000000000000000a:1 -> of:000000000000000d:6,0.002,0.0025,0.002,0.002,2.03,2026-06-23T12:07:12,0.002,2.06
route_mutation,20260623T120712_015193,of:000000000000000b:3 -> of:000000000000000d:2,0.002,0.0025,0.002,0.002,2.9,2026-06-23T12:07:12,0.002,2.9
route_mutation,20260623T120712_015193,of:000000000000000c:3 -> of:000000000000000d:3,0.002,0.0025,0.002,0.002,2.9,2026-06-23T12:07:12,0.002,2.9
route_mutation,20260623T120712_015193,of:0000000000000005:2 -> of:0000000000000009:3,0.002,0.0025,0.002,0.002,2.9,2026-06-23T12:07:12,0.002,2.9
route_mutation,20260623T120712_015193,of:0000000000000001:1 -> of:000000000000000b:1,0.002,0.0025,0.002,0.002,2.1,2026-06-23T12:07:12,0.002,2.03
route_mutation,20260623T120712_015193,of:000000000000000b:2 -> of:000000000000000c:2,0.002,0.0025,0.002,0.002,2.86,2026-06-23T12:07:12,0.002,2.86
route_mutation,20260623T120712_015193,of:0000000000000001:2 -> of:000000000000000c:1,0.002,0.0025,0.002,0.002,2.1,2026-06-23T12:07:12,0.002,2.03
route_mutation,20260623T120712_015193,of:0000000000000006:2 -> of:000000000000000a:2,0.002,0.0025,0.002,0.002,2.9,2026-06-23T12:07:12,0.002,2.9
route_mutation,20260623T120712_015193,of:0000000000000001:3 -> of:000000000000000d:1,0.003,0.00375,0.003,0.003,4.16,2026-06-23T12:07:12,0.003,4.3
route_mutation,20260623T120712_015193,of:0000000000000003:1 -> of:000000000000000b:5,0.002,0.0025,0.002,0.002,2.06,2026-06-23T12:07:12,0.002,2.1
route_mutation,20260623T120712_015193,of:0000000000000006:1 -> of:000000000000000d:4,0.003,0.00375,0.003,0.002,3.13,2026-06-23T12:07:12,0.003,3.2
route_mutation,20260623T120712_015193,of:0000000000000007:2 -> of:000000000000000a:3,0.002,0.0025,0.002,0.002,2.93,2026-06-23T12:07:12,0.002,2.93
route_mutation,20260623T120712_015193,of:0000000000000007:1 -> of:000000000000000d:5,0.003,0.00375,0.003,0.003,3.26,2026-06-23T12:07:12,0.003,3.23
route_mutation,20260623T120712_015193,of:0000000000000002:2 -> of:0000000000000008:2,0.002,0.0025,0.002,0.002,2.96,2026-06-23T12:07:12,0.002,2.96
route_mutation,20260623T120712_015193,of:0000000000000003:2 -> of:0000000000000008:3,0.002,0.0025,0.002,0.002,2.96,2026-06-23T12:07:12,0.002,2.96
route_mutation,20260623T120712_015193,of:0000000000000008:1 -> of:000000000000000b:6,0.002,0.0025,0.002,0.002,2.1,2026-06-23T12:07:12,0.002,2.1
route_mutation,20260623T120712_015193,of:0000000000000004:2 -> of:0000000000000009:2,0.002,0.0025,0.002,0.002,2.9,2026-06-23T12:07:12,0.002,2.9
route_mutation,20260623T120712_015193,of:0000000000000002:1 -> of:000000000000000b:4,0.002,0.0025,0.002,0.002,2.06,2026-06-23T12:07:12,0.002,2.1
route_mutation,20260623T120712_015193,of:0000000000000009:1 -> of:000000000000000c:6,0.002,0.0025,0.002,0.002,2.03,2026-06-23T12:07:12,0.002,2.03
route_mutation,20260623T120742_302509,of:0000000000000004:1 -> of:000000000000000c:4,0.002,0.0025,0.002,0.002,1.43,2026-06-23T12:07:42,0.002,1.4
route_mutation,20260623T120742_302509,of:0000000000000005:1 -> of:000000000000000c:5,0.002,0.0025,0.002,0.002,1.43,2026-06-23T12:07:42,0.002,1.4
route_mutation,20260623T120742_302509,of:000000000000000a:1 -> of:000000000000000d:6,0.002,0.0025,0.002,0.002,1.4,2026-06-23T12:07:42,0.002,1.36
route_mutation,20260623T120742_302509,of:000000000000000b:3 -> of:000000000000000d:2,0.002,0.0025,0.002,0.002,1.43,2026-06-23T12:07:42,0.002,1.43
route_mutation,20260623T120742_302509,of:000000000000000c:3 -> of:000000000000000d:3,0.002,0.0025,0.002,0.002,1.43,2026-06-23T12:07:42,0.002,1.43
route_mutation,20260623T120742_302509,of:0000000000000005:2 -> of:0000000000000009:3,0.002,0.0025,0.002,0.002,1.5,2026-06-23T12:07:42,0.002,1.5
route_mutation,20260623T120742_302509,of:0000000000000001:1 -> of:000000000000000b:1,0.001,0.00125,0.001,0.001,1.33,2026-06-23T12:07:42,0.001,1.4
route_mutation,20260623T120742_302509,of:000000000000000b:2 -> of:000000000000000c:2,0.002,0.0025,0.002,0.002,1.46,2026-06-23T12:07:42,0.002,1.46
route_mutation,20260623T120742_302509,of:0000000000000001:2 -> of:000000000000000c:1,0.001,0.00125,0.001,0.001,1.33,2026-06-23T12:07:42,0.001,1.4
route_mutation,20260623T120742_302509,of:0000000000000006:2 -> of:000000000000000a:2,0.002,0.0025,0.002,0.002,1.5,2026-06-23T12:07:42,0.002,1.5
route_mutation,20260623T120742_302509,of:0000000000000001:3 -> of:000000000000000d:1,0.002,0.0025,0.002,0.002,1.73,2026-06-23T12:07:42,0.002,1.6
route_mutation,20260623T120742_302509,of:0000000000000003:1 -> of:000000000000000b:5,0.001,0.00125,0.001,0.001,1.36,2026-06-23T12:07:42,0.001,1.33
route_mutation,20260623T120742_302509,of:0000000000000006:1 -> of:000000000000000d:4,0.002,0.0025,0.002,0.002,1.43,2026-06-23T12:07:42,0.001,1.36
route_mutation,20260623T120742_302509,of:0000000000000007:2 -> of:000000000000000a:3,0.002,0.0025,0.002,0.002,1.5,2026-06-23T12:07:42,0.002,1.5
route_mutation,20260623T120742_302509,of:0000000000000007:1 -> of:000000000000000d:5,0.002,0.0025,0.002,0.002,1.63,2026-06-23T12:07:42,0.002,1.66
route_mutation,20260623T120742_302509,of:0000000000000002:2 -> of:0000000000000008:2,0.001,0.00125,0.001,0.001,1.43,2026-06-23T12:07:42,0.001,1.43
route_mutation,20260623T120742_302509,of:0000000000000003:2 -> of:0000000000000008:3,0.001,0.00125,0.001,0.001,1.43,2026-06-23T12:07:42,0.001,1.43
route_mutation,20260623T120742_302509,of:0000000000000008:1 -> of:000000000000000b:6,0.002,0.0025,0.002,0.002,1.4,2026-06-23T12:07:42,0.002,1.4
route_mutation,20260623T120742_302509,of:0000000000000004:2 -> of:0000000000000009:2,0.002,0.0025,0.002,0.002,1.5,2026-06-23T12:07:42,0.002,1.5
route_mutation,20260623T120742_302509,of:0000000000000002:1 -> of:000000000000000b:4,0.001,0.00125,0.001,0.001,1.36,2026-06-23T12:07:42,0.001,1.33
route_mutation,20260623T120742_302509,of:0000000000000009:1 -> of:000000000000000c:6,0.002,0.0025,0.002,0.002,1.4,2026-06-23T12:07:42,0.002,1.4
ip_shuffle,20260623T120812_622318,of:0000000000000004:1 -> of:000000000000000c:4,0.002,0.0025,0.002,0.002,2.23,2026-06-23T12:08:12,0.002,2.23
ip_shuffle,20260623T120812_622318,of:0000000000000005:1 -> of:000000000000000c:5,0.002,0.0025,0.002,0.002,1.5,2026-06-23T12:08:12,0.002,1.5
ip_shuffle,20260623T120812_622318,of:000000000000000a:1 -> of:000000000000000d:6,0.002,0.0025,0.002,0.002,1.53,2026-06-23T12:08:12,0.002,1.53
ip_shuffle,20260623T120812_622318,of:000000000000000b:3 -> of:000000000000000d:2,0.002,0.0025,0.002,0.002,1.73,2026-06-23T12:08:12,0.002,1.73
ip_shuffle,20260623T120812_622318,of:000000000000000c:3 -> of:000000000000000d:3,0.002,0.0025,0.002,0.002,1.73,2026-06-23T12:08:12,0.002,1.73
ip_shuffle,20260623T120812_622318,of:0000000000000005:2 -> of:0000000000000009:3,0.002,0.0025,0.002,0.002,1.66,2026-06-23T12:08:12,0.002,1.66
ip_shuffle,20260623T120812_622318,of:0000000000000001:1 -> of:000000000000000b:1,0.003,0.00375,0.003,0.003,3.6,2026-06-23T12:08:12,0.003,3.6
ip_shuffle,20260623T120812_622318,of:000000000000000b:2 -> of:000000000000000c:2,0.002,0.0025,0.002,0.002,1.73,2026-06-23T12:08:12,0.002,1.73
ip_shuffle,20260623T120812_622318,of:0000000000000001:2 -> of:000000000000000c:1,0.002,0.0025,0.002,0.002,2.26,2026-06-23T12:08:12,0.002,2.26
ip_shuffle,20260623T120812_622318,of:0000000000000006:2 -> of:000000000000000a:2,0.002,0.0025,0.002,0.002,1.66,2026-06-23T12:08:12,0.002,1.66
ip_shuffle,20260623T120812_622318,of:0000000000000001:3 -> of:000000000000000d:1,0.002,0.0025,0.002,0.002,1.53,2026-06-23T12:08:12,0.002,1.53
ip_shuffle,20260623T120812_622318,of:0000000000000003:1 -> of:000000000000000b:5,0.002,0.0025,0.002,0.002,2.56,2026-06-23T12:08:12,0.002,2.56
ip_shuffle,20260623T120812_622318,of:0000000000000006:1 -> of:000000000000000d:4,0.001,0.00125,0.001,0.001,1.47,2026-06-23T12:08:12,0.001,1.47
ip_shuffle,20260623T120812_622318,of:0000000000000007:2 -> of:000000000000000a:3,0.002,0.0025,0.002,0.002,1.66,2026-06-23T12:08:12,0.002,1.66
ip_shuffle,20260623T120812_622318,of:0000000000000007:1 -> of:000000000000000d:5,0.001,0.00125,0.001,0.001,1.47,2026-06-23T12:08:12,0.001,1.47
ip_shuffle,20260623T120812_622318,of:0000000000000002:2 -> of:0000000000000008:2,0.002,0.0025,0.002,0.002,1.66,2026-06-23T12:08:12,0.002,1.66
ip_shuffle,20260623T120812_622318,of:0000000000000003:2 -> of:0000000000000008:3,0.002,0.0025,0.002,0.002,1.66,2026-06-23T12:08:12,0.002,1.66
ip_shuffle,20260623T120812_622318,of:0000000000000008:1 -> of:000000000000000b:6,0.001,0.00125,0.001,0.001,1.47,2026-06-23T12:08:12,0.001,1.47
ip_shuffle,20260623T120812_622318,of:0000000000000004:2 -> of:0000000000000009:2,0.002,0.0025,0.002,0.002,1.66,2026-06-23T12:08:12,0.002,1.66
ip_shuffle,20260623T120812_622318,of:0000000000000002:1 -> of:000000000000000b:4,0.002,0.0025,0.002,0.002,2.56,2026-06-23T12:08:12,0.002,2.56
ip_shuffle,20260623T120812_622318,of:0000000000000009:1 -> of:000000000000000c:6,0.002,0.0025,0.002,0.002,1.53,2026-06-23T12:08:12,0.002,1.53
ip_shuffle,20260623T120917_054596,of:0000000000000004:1 -> of:000000000000000c:4,0.002,0.0025,0.002,0.002,1.9,2026-06-23T12:09:17,0.002,1.86
ip_shuffle,20260623T120917_054596,of:0000000000000005:1 -> of:000000000000000c:5,0.002,0.0025,0.002,0.002,1.9,2026-06-23T12:09:17,0.002,1.86
ip_shuffle,20260623T120917_054596,of:000000000000000a:1 -> of:000000000000000d:6,0.002,0.0025,0.002,0.002,1.86,2026-06-23T12:09:17,0.002,1.83
ip_shuffle,20260623T120917_054596,of:000000000000000b:3 -> of:000000000000000d:2,0.002,0.0025,0.002,0.002,2.36,2026-06-23T12:09:17,0.002,2.36
ip_shuffle,20260623T120917_054596,of:000000000000000c:3 -> of:000000000000000d:3,0.002,0.0025,0.002,0.002,2.33,2026-06-23T12:09:17,0.002,2.36
ip_shuffle,20260623T120917_054596,of:0000000000000005:2 -> of:0000000000000009:3,0.002,0.0025,0.002,0.002,2.43,2026-06-23T12:09:17,0.002,2.43
ip_shuffle,20260623T120917_054596,of:0000000000000001:1 -> of:000000000000000b:1,0.002,0.0025,0.002,0.002,1.8,2026-06-23T12:09:17,0.002,1.83
ip_shuffle,20260623T120917_054596,of:000000000000000b:2 -> of:000000000000000c:2,0.002,0.0025,0.002,0.002,2.4,2026-06-23T12:09:17,0.002,2.4
ip_shuffle,20260623T120917_054596,of:0000000000000001:2 -> of:000000000000000c:1,0.002,0.0025,0.002,0.002,1.76,2026-06-23T12:09:17,0.002,1.83
ip_shuffle,20260623T120917_054596,of:0000000000000006:2 -> of:000000000000000a:2,0.002,0.0025,0.002,0.002,2.43,2026-06-23T12:09:17,0.002,2.43
ip_shuffle,20260623T120917_054596,of:0000000000000001:3 -> of:000000000000000d:1,0.003,0.00375,0.003,0.003,4.16,2026-06-23T12:09:17,0.003,4.09
ip_shuffle,20260623T120917_054596,of:0000000000000003:1 -> of:000000000000000b:5,0.002,0.0025,0.002,0.002,1.83,2026-06-23T12:09:17,0.002,1.8
ip_shuffle,20260623T120917_054596,of:0000000000000006:1 -> of:000000000000000d:4,0.002,0.0025,0.002,0.002,2.63,2026-06-23T12:09:17,0.002,2.73
ip_shuffle,20260623T120917_054596,of:0000000000000007:2 -> of:000000000000000a:3,0.002,0.0025,0.002,0.002,2.4,2026-06-23T12:09:17,0.002,2.4
ip_shuffle,20260623T120917_054596,of:0000000000000007:1 -> of:000000000000000d:5,0.003,0.00375,0.003,0.003,4.06,2026-06-23T12:09:17,0.003,4.03
ip_shuffle,20260623T120917_054596,of:0000000000000002:2 -> of:0000000000000008:2,0.002,0.0025,0.002,0.002,2.36,2026-06-23T12:09:17,0.002,2.36
ip_shuffle,20260623T120917_054596,of:0000000000000003:2 -> of:0000000000000008:3,0.002,0.0025,0.002,0.002,2.36,2026-06-23T12:09:17,0.002,2.36
ip_shuffle,20260623T120917_054596,of:0000000000000008:1 -> of:000000000000000b:6,0.002,0.0025,0.002,0.002,1.86,2026-06-23T12:09:17,0.002,1.86
ip_shuffle,20260623T120917_054596,of:0000000000000004:2 -> of:0000000000000009:2,0.002,0.0025,0.002,0.002,2.43,2026-06-23T12:09:17,0.002,2.43
ip_shuffle,20260623T120917_054596,of:0000000000000002:1 -> of:000000000000000b:4,0.002,0.0025,0.002,0.002,1.83,2026-06-23T12:09:17,0.002,1.8
ip_shuffle,20260623T120917_054596,of:0000000000000009:1 -> of:000000000000000c:6,0.002,0.0025,0.002,0.002,1.86,2026-06-23T12:09:17,0.002,1.86
ip_shuffle,20260623T121014_758144,of:0000000000000004:1 -> of:000000000000000c:4,0.002,0.0025,0.002,0.002,2.2,2026-06-23T12:10:14,0.002,2.16
ip_shuffle,20260623T121014_758144,of:0000000000000005:1 -> of:000000000000000c:5,0.002,0.0025,0.002,0.002,1.53,2026-06-23T12:10:14,0.002,1.5
ip_shuffle,20260623T121014_758144,of:000000000000000a:1 -> of:000000000000000d:6,0.001,0.00125,0.001,0.001,1.37,2026-06-23T12:10:14,0.001,1.37
ip_shuffle,20260623T121014_758144,of:000000000000000b:3 -> of:000000000000000d:2,0.001,0.00125,0.001,0.001,1.46,2026-06-23T12:10:14,0.001,1.46
ip_shuffle,20260623T121014_758144,of:000000000000000c:3 -> of:000000000000000d:3,0.001,0.00125,0.001,0.001,1.46,2026-06-23T12:10:14,0.001,1.46
ip_shuffle,20260623T121014_758144,of:0000000000000005:2 -> of:0000000000000009:3,0.001,0.00125,0.001,0.001,1.5,2026-06-23T12:10:14,0.001,1.5
ip_shuffle,20260623T121014_758144,of:0000000000000001:1 -> of:000000000000000b:1,0.003,0.00375,0.003,0.003,3.26,2026-06-23T12:10:14,0.003,3.3
ip_shuffle,20260623T121014_758144,of:000000000000000b:2 -> of:000000000000000c:2,0.001,0.00125,0.001,0.001,1.4,2026-06-23T12:10:14,0.001,1.4
ip_shuffle,20260623T121014_758144,of:0000000000000001:2 -> of:000000000000000c:1,0.002,0.0025,0.002,0.002,2.23,2026-06-23T12:10:14,0.002,2.26
ip_shuffle,20260623T121014_758144,of:0000000000000006:2 -> of:000000000000000a:2,0.001,0.00125,0.001,0.001,1.46,2026-06-23T12:10:14,0.001,1.46
ip_shuffle,20260623T121014_758144,of:0000000000000001:3 -> of:000000000000000d:1,0.002,0.0025,0.002,0.002,2.0,2026-06-23T12:10:14,0.002,2.0
ip_shuffle,20260623T121014_758144,of:0000000000000003:1 -> of:000000000000000b:5,0.002,0.0025,0.002,0.002,2.43,2026-06-23T12:10:14,0.002,2.4
ip_shuffle,20260623T121014_758144,of:0000000000000006:1 -> of:000000000000000d:4,0.002,0.0025,0.002,0.002,1.96,2026-06-23T12:10:14,0.002,2.0
ip_shuffle,20260623T121014_758144,of:0000000000000007:2 -> of:000000000000000a:3,0.001,0.00125,0.001,0.001,1.46,2026-06-23T12:10:14,0.001,1.46
ip_shuffle,20260623T121014_758144,of:0000000000000007:1 -> of:000000000000000d:5,0.002,0.0025,0.002,0.002,1.43,2026-06-23T12:10:14,0.002,1.43
ip_shuffle,20260623T121014_758144,of:0000000000000002:2 -> of:0000000000000008:2,0.001,0.00125,0.001,0.001,1.5,2026-06-23T12:10:14,0.001,1.5
ip_shuffle,20260623T121014_758144,of:0000000000000003:2 -> of:0000000000000008:3,0.001,0.00125,0.001,0.001,1.5,2026-06-23T12:10:14,0.001,1.5
ip_shuffle,20260623T121014_758144,of:0000000000000008:1 -> of:000000000000000b:6,0.001,0.00125,0.001,0.001,1.3,2026-06-23T12:10:14,0.001,1.3
ip_shuffle,20260623T121014_758144,of:0000000000000004:2 -> of:0000000000000009:2,0.001,0.00125,0.001,0.001,1.5,2026-06-23T12:10:14,0.001,1.5
ip_shuffle,20260623T121014_758144,of:0000000000000002:1 -> of:000000000000000b:4,0.002,0.0025,0.002,0.002,2.26,2026-06-23T12:10:14,0.002,2.23
ip_shuffle,20260623T121014_758144,of:0000000000000009:1 -> of:000000000000000c:6,0.001,0.00125,0.001,0.001,1.3,2026-06-23T12:10:14,0.001,1.3
ip_shuffle,20260623T121112_469238,of:0000000000000004:1 -> of:000000000000000c:4,0.002,0.0025,0.002,0.002,1.56,2026-06-23T12:11:12,0.002,1.56
ip_shuffle,20260623T121112_469238,of:0000000000000005:1 -> of:000000000000000c:5,0.002,0.0025,0.002,0.002,1.56,2026-06-23T12:11:12,0.002,1.56
ip_shuffle,20260623T121112_469238,of:000000000000000a:1 -> of:000000000000000d:6,0.002,0.0025,0.002,0.002,1.63,2026-06-23T12:11:12,0.002,1.63
ip_shuffle,20260623T121112_469238,of:000000000000000b:3 -> of:000000000000000d:2,0.002,0.0025,0.002,0.002,1.93,2026-06-23T12:11:12,0.002,1.93
ip_shuffle,20260623T121112_469238,of:000000000000000c:3 -> of:000000000000000d:3,0.002,0.0025,0.002,0.002,1.93,2026-06-23T12:11:12,0.002,1.93
ip_shuffle,20260623T121112_469238,of:0000000000000005:2 -> of:0000000000000009:3,0.002,0.0025,0.002,0.002,1.86,2026-06-23T12:11:12,0.002,1.86
ip_shuffle,20260623T121112_469238,of:0000000000000001:1 -> of:000000000000000b:1,0.002,0.0025,0.002,0.002,1.63,2026-06-23T12:11:12,0.002,1.63
ip_shuffle,20260623T121112_469238,of:000000000000000b:2 -> of:000000000000000c:2,0.002,0.0025,0.002,0.002,1.93,2026-06-23T12:11:12,0.002,1.93
ip_shuffle,20260623T121112_469238,of:0000000000000001:2 -> of:000000000000000c:1,0.002,0.0025,0.002,0.002,1.63,2026-06-23T12:11:12,0.002,1.63
ip_shuffle,20260623T121112_469238,of:0000000000000006:2 -> of:000000000000000a:2,0.002,0.0025,0.002,0.002,1.86,2026-06-23T12:11:12,0.002,1.86
ip_shuffle,20260623T121112_469238,of:0000000000000001:3 -> of:000000000000000d:1,0.003,0.00375,0.003,0.003,3.0,2026-06-23T12:11:12,0.003,3.0
ip_shuffle,20260623T121112_469238,of:0000000000000003:1 -> of:000000000000000b:5,0.002,0.0025,0.002,0.002,1.63,2026-06-23T12:11:12,0.002,1.63
ip_shuffle,20260623T121112_469238,of:0000000000000006:1 -> of:000000000000000d:4,0.002,0.0025,0.002,0.002,2.1,2026-06-23T12:11:12,0.002,2.1
ip_shuffle,20260623T121112_469238,of:0000000000000007:2 -> of:000000000000000a:3,0.002,0.0025,0.002,0.002,1.86,2026-06-23T12:11:12,0.002,1.86
ip_shuffle,20260623T121112_469238,of:0000000000000007:1 -> of:000000000000000d:5,0.002,0.0025,0.002,0.002,2.56,2026-06-23T12:11:12,0.002,2.56
ip_shuffle,20260623T121112_469238,of:0000000000000002:2 -> of:0000000000000008:2,0.002,0.0025,0.002,0.002,1.93,2026-06-23T12:11:12,0.002,1.93
ip_shuffle,20260623T121112_469238,of:0000000000000003:2 -> of:0000000000000008:3,0.002,0.0025,0.002,0.002,1.93,2026-06-23T12:11:12,0.002,1.93
ip_shuffle,20260623T121112_469238,of:0000000000000008:1 -> of:000000000000000b:6,0.002,0.0025,0.002,0.002,1.63,2026-06-23T12:11:12,0.002,1.63
ip_shuffle,20260623T121112_469238,of:0000000000000004:2 -> of:0000000000000009:2,0.002,0.0025,0.002,0.002,1.86,2026-06-23T12:11:12,0.002,1.86
ip_shuffle,20260623T121112_469238,of:0000000000000002:1 -> of:000000000000000b:4,0.002,0.0025,0.002,0.002,1.63,2026-06-23T12:11:12,0.002,1.63
ip_shuffle,20260623T121112_469238,of:0000000000000009:1 -> of:000000000000000c:6,0.002,0.0025,0.002,0.002,1.63,2026-06-23T12:11:12,0.002,1.63
ip_shuffle,20260623T121216_652399,of:0000000000000004:1 -> of:000000000000000c:4,0.002,0.0025,0.002,0.002,2.6,2026-06-23T12:12:16,0.002,2.63
ip_shuffle,20260623T121216_652399,of:0000000000000005:1 -> of:000000000000000c:5,0.002,0.0025,0.002,0.002,2.6,2026-06-23T12:12:16,0.002,2.63
ip_shuffle,20260623T121216_652399,of:000000000000000a:1 -> of:000000000000000d:6,0.002,0.0025,0.002,0.002,1.76,2026-06-23T12:12:16,0.002,1.76
ip_shuffle,20260623T121216_652399,of:000000000000000b:3 -> of:000000000000000d:2,0.002,0.0025,0.002,0.002,2.26,2026-06-23T12:12:16,0.002,2.26
ip_shuffle,20260623T121216_652399,of:000000000000000c:3 -> of:000000000000000d:3,0.002,0.0025,0.002,0.002,2.26,2026-06-23T12:12:16,0.002,2.26
ip_shuffle,20260623T121216_652399,of:0000000000000005:2 -> of:0000000000000009:3,0.002,0.0025,0.002,0.002,2.3,2026-06-23T12:12:16,0.002,2.3
ip_shuffle,20260623T121216_652399,of:0000000000000001:1 -> of:000000000000000b:1,0.002,0.0025,0.002,0.002,2.36,2026-06-23T12:12:16,0.002,2.36
ip_shuffle,20260623T121216_652399,of:000000000000000b:2 -> of:000000000000000c:2,0.002,0.0025,0.002,0.002,2.33,2026-06-23T12:12:16,0.002,2.33
ip_shuffle,20260623T121216_652399,of:0000000000000001:2 -> of:000000000000000c:1,0.003,0.00375,0.003,0.003,3.36,2026-06-23T12:12:16,0.003,3.33
ip_shuffle,20260623T121216_652399,of:0000000000000006:2 -> of:000000000000000a:2,0.002,0.0025,0.002,0.002,2.3,2026-06-23T12:12:16,0.002,2.3
ip_shuffle,20260623T121216_652399,of:0000000000000001:3 -> of:000000000000000d:1,0.003,0.00375,0.003,0.003,3.1,2026-06-23T12:12:16,0.003,3.16
ip_shuffle,20260623T121216_652399,of:0000000000000003:1 -> of:000000000000000b:5,0.002,0.0025,0.002,0.002,2.4,2026-06-23T12:12:16,0.002,2.43
ip_shuffle,20260623T121216_652399,of:0000000000000006:1 -> of:000000000000000d:4,0.002,0.0025,0.002,0.002,2.5,2026-06-23T12:12:16,0.002,2.53
ip_shuffle,20260623T121216_652399,of:0000000000000007:2 -> of:000000000000000a:3,0.002,0.0025,0.002,0.002,2.3,2026-06-23T12:12:16,0.002,2.3
ip_shuffle,20260623T121216_652399,of:0000000000000007:1 -> of:000000000000000d:5,0.002,0.0025,0.002,0.002,2.5,2026-06-23T12:12:16,0.002,2.5
ip_shuffle,20260623T121216_652399,of:0000000000000002:2 -> of:0000000000000008:2,0.002,0.0025,0.002,0.002,2.26,2026-06-23T12:12:16,0.002,2.26
ip_shuffle,20260623T121216_652399,of:0000000000000003:2 -> of:0000000000000008:3,0.002,0.0025,0.002,0.002,2.26,2026-06-23T12:12:16,0.002,2.26
ip_shuffle,20260623T121216_652399,of:0000000000000008:1 -> of:000000000000000b:6,0.002,0.0025,0.002,0.002,1.8,2026-06-23T12:12:16,0.002,1.83
ip_shuffle,20260623T121216_652399,of:0000000000000004:2 -> of:0000000000000009:2,0.002,0.0025,0.002,0.002,2.3,2026-06-23T12:12:16,0.002,2.3
ip_shuffle,20260623T121216_652399,of:0000000000000002:1 -> of:000000000000000b:4,0.002,0.0025,0.002,0.002,1.8,2026-06-23T12:12:16,0.002,1.83
ip_shuffle,20260623T121216_652399,of:0000000000000009:1 -> of:000000000000000c:6,0.002,0.0025,0.002,0.002,1.83,2026-06-23T12:12:16,0.002,1.83
route_mutation,20260623T121314_358523,of:0000000000000004:1 -> of:000000000000000c:4,0.001,0.00125,0.001,0.001,1.36,2026-06-23T12:13:14,0.001,1.36
route_mutation,20260623T121314_358523,of:0000000000000005:1 -> of:000000000000000c:5,0.001,0.00125,0.001,0.001,1.36,2026-06-23T12:13:14,0.001,1.36
route_mutation,20260623T121314_358523,of:000000000000000a:1 -> of:000000000000000d:6,0.001,0.00125,0.001,0.001,1.36,2026-06-23T12:13:14,0.001,1.36
route_mutation,20260623T121314_358523,of:000000000000000b:3 -> of:000000000000000d:2,0.001,0.00125,0.001,0.001,1.46,2026-06-23T12:13:14,0.001,1.46
route_mutation,20260623T121314_358523,of:000000000000000c:3 -> of:000000000000000d:3,0.001,0.00125,0.001,0.001,1.46,2026-06-23T12:13:14,0.001,1.46
route_mutation,20260623T121314_358523,of:0000000000000005:2 -> of:0000000000000009:3,0.001,0.00125,0.001,0.001,1.46,2026-06-23T12:13:14,0.001,1.46
route_mutation,20260623T121314_358523,of:0000000000000001:1 -> of:000000000000000b:1,0.002,0.0025,0.002,0.002,1.9,2026-06-23T12:13:14,0.002,1.96
route_mutation,20260623T121314_358523,of:000000000000000b:2 -> of:000000000000000c:2,0.001,0.00125,0.001,0.001,1.4,2026-06-23T12:13:14,0.001,1.4
route_mutation,20260623T121314_358523,of:0000000000000001:2 -> of:000000000000000c:1,0.001,0.00125,0.001,0.001,1.36,2026-06-23T12:13:14,0.001,1.43
route_mutation,20260623T121314_358523,of:0000000000000006:2 -> of:000000000000000a:2,0.001,0.00125,0.001,0.001,1.46,2026-06-23T12:13:14,0.001,1.46
route_mutation,20260623T121314_358523,of:0000000000000001:3 -> of:000000000000000d:1,0.002,0.0025,0.002,0.002,2.03,2026-06-23T12:13:14,0.002,2.0
route_mutation,20260623T121314_358523,of:0000000000000003:1 -> of:000000000000000b:5,0.001,0.00125,0.001,0.001,1.43,2026-06-23T12:13:14,0.001,1.36
route_mutation,20260623T121314_358523,of:0000000000000006:1 -> of:000000000000000d:4,0.002,0.0025,0.002,0.002,1.43,2026-06-23T12:13:14,0.002,1.43
route_mutation,20260623T121314_358523,of:0000000000000007:2 -> of:000000000000000a:3,0.001,0.00125,0.001,0.001,1.46,2026-06-23T12:13:14,0.001,1.46
route_mutation,20260623T121314_358523,of:0000000000000007:1 -> of:000000000000000d:5,0.002,0.0025,0.002,0.002,1.93,2026-06-23T12:13:14,0.002,1.93
route_mutation,20260623T121314_358523,of:0000000000000002:2 -> of:0000000000000008:2,0.001,0.00125,0.001,0.001,1.53,2026-06-23T12:13:14,0.001,1.53
route_mutation,20260623T121314_358523,of:0000000000000003:2 -> of:0000000000000008:3,0.001,0.00125,0.001,0.001,1.53,2026-06-23T12:13:14,0.001,1.53
route_mutation,20260623T121314_358523,of:0000000000000008:1 -> of:000000000000000b:6,0.001,0.00125,0.001,0.001,1.3,2026-06-23T12:13:14,0.001,1.3
route_mutation,20260623T121314_358523,of:0000000000000004:2 -> of:0000000000000009:2,0.001,0.00125,0.001,0.001,1.46,2026-06-23T12:13:14,0.001,1.46
route_mutation,20260623T121314_358523,of:0000000000000002:1 -> of:000000000000000b:4,0.002,0.0025,0.002,0.002,1.96,2026-06-23T12:13:14,0.002,1.9
route_mutation,20260623T121314_358523,of:0000000000000009:1 -> of:000000000000000c:6,0.001,0.00125,0.001,0.001,1.3,2026-06-23T12:13:14,0.001,1.3
route_mutation,20260623T121344_693579,of:0000000000000004:1 -> of:000000000000000c:4,0.002,0.0025,0.002,0.002,2.3,2026-06-23T12:13:44,0.002,2.36
route_mutation,20260623T121344_693579,of:0000000000000005:1 -> of:000000000000000c:5,0.002,0.0025,0.002,0.002,2.3,2026-06-23T12:13:44,0.002,2.36
route_mutation,20260623T121344_693579,of:000000000000000a:1 -> of:000000000000000d:6,0.001,0.00125,0.001,0.001,1.47,2026-06-23T12:13:44,0.001,1.5
route_mutation,20260623T121344_693579,of:000000000000000b:3 -> of:000000000000000d:2,0.002,0.0025,0.002,0.002,1.7,2026-06-23T12:13:44,0.002,1.7
route_mutation,20260623T121344_693579,of:000000000000000c:3 -> of:000000000000000d:3,0.002,0.0025,0.002,0.002,1.73,2026-06-23T12:13:44,0.002,1.73
route_mutation,20260623T121344_693579,of:0000000000000005:2 -> of:0000000000000009:3,0.002,0.0025,0.002,0.002,1.7,2026-06-23T12:13:44,0.002,1.7
route_mutation,20260623T121344_693579,of:0000000000000001:1 -> of:000000000000000b:1,0.003,0.00375,0.003,0.003,3.0,2026-06-23T12:13:44,0.003,2.96
route_mutation,20260623T121344_693579,of:000000000000000b:2 -> of:000000000000000c:2,0.002,0.0025,0.002,0.002,1.76,2026-06-23T12:13:44,0.002,1.76
route_mutation,20260623T121344_693579,of:0000000000000001:2 -> of:000000000000000c:1,0.003,0.00375,0.003,0.003,3.1,2026-06-23T12:13:44,0.003,3.03
route_mutation,20260623T121344_693579,of:0000000000000006:2 -> of:000000000000000a:2,0.002,0.0025,0.002,0.002,1.73,2026-06-23T12:13:44,0.002,1.73
route_mutation,20260623T121344_693579,of:0000000000000001:3 -> of:000000000000000d:1,0.002,0.0025,0.002,0.002,1.5,2026-06-23T12:13:44,0.002,1.6
route_mutation,20260623T121344_693579,of:0000000000000003:1 -> of:000000000000000b:5,0.002,0.0025,0.002,0.002,2.53,2026-06-23T12:13:44,0.002,2.56
route_mutation,20260623T121344_693579,of:0000000000000006:1 -> of:000000000000000d:4,0.002,0.0025,0.002,0.002,1.67,2026-06-23T12:13:44,0.002,1.6
route_mutation,20260623T121344_693579,of:0000000000000007:2 -> of:000000000000000a:3,0.002,0.0025,0.002,0.002,1.73,2026-06-23T12:13:44,0.002,1.73
route_mutation,20260623T121344_693579,of:0000000000000007:1 -> of:000000000000000d:5,0.001,0.00125,0.001,0.001,1.47,2026-06-23T12:13:44,0.001,1.5
route_mutation,20260623T121344_693579,of:0000000000000002:2 -> of:0000000000000008:2,0.002,0.0025,0.002,0.002,1.7,2026-06-23T12:13:44,0.002,1.7
route_mutation,20260623T121344_693579,of:0000000000000003:2 -> of:0000000000000008:3,0.002,0.0025,0.002,0.002,1.7,2026-06-23T12:13:44,0.002,1.7
route_mutation,20260623T121344_693579,of:0000000000000008:1 -> of:000000000000000b:6,0.002,0.0025,0.002,0.002,1.53,2026-06-23T12:13:44,0.002,1.53
route_mutation,20260623T121344_693579,of:0000000000000004:2 -> of:0000000000000009:2,0.002,0.0025,0.002,0.002,1.7,2026-06-23T12:13:44,0.002,1.7
route_mutation,20260623T121344_693579,of:0000000000000002:1 -> of:000000000000000b:4,0.002,0.0025,0.002,0.002,2.0,2026-06-23T12:13:44,0.002,2.03
route_mutation,20260623T121344_693579,of:0000000000000009:1 -> of:000000000000000c:6,0.002,0.0025,0.002,0.002,1.53,2026-06-23T12:13:44,0.002,1.57
ip_shuffle,20260623T121414_847975,of:0000000000000004:1 -> of:000000000000000c:4,0.002,0.0025,0.002,0.002,2.2,2026-06-23T12:14:14,0.002,2.16
ip_shuffle,20260623T121414_847975,of:0000000000000005:1 -> of:000000000000000c:5,0.002,0.0025,0.002,0.002,2.2,2026-06-23T12:14:14,0.002,2.16
ip_shuffle,20260623T121414_847975,of:000000000000000a:1 -> of:000000000000000d:6,0.002,0.0025,0.002,0.002,2.26,2026-06-23T12:14:14,0.002,2.26
ip_shuffle,20260623T121414_847975,of:000000000000000b:3 -> of:000000000000000d:2,0.002,0.0025,0.002,0.002,3.13,2026-06-23T12:14:14,0.002,3.13
ip_shuffle,20260623T121414_847975,of:000000000000000c:3 -> of:000000000000000d:3,0.002,0.0025,0.002,0.002,3.1,2026-06-23T12:14:14,0.002,3.1
ip_shuffle,20260623T121414_847975,of:0000000000000005:2 -> of:0000000000000009:3,0.002,0.0025,0.002,0.002,3.06,2026-06-23T12:14:14,0.002,3.06
ip_shuffle,20260623T121414_847975,of:0000000000000001:1 -> of:000000000000000b:1,0.002,0.0025,0.002,0.002,2.26,2026-06-23T12:14:14,0.002,2.23
ip_shuffle,20260623T121414_847975,of:000000000000000b:2 -> of:000000000000000c:2,0.002,0.0025,0.002,0.002,3.1,2026-06-23T12:14:14,0.002,3.1
ip_shuffle,20260623T121414_847975,of:0000000000000001:2 -> of:000000000000000c:1,0.002,0.0025,0.002,0.002,2.23,2026-06-23T12:14:14,0.002,2.23
ip_shuffle,20260623T121414_847975,of:0000000000000006:2 -> of:000000000000000a:2,0.002,0.0025,0.002,0.002,3.03,2026-06-23T12:14:14,0.002,3.03
ip_shuffle,20260623T121414_847975,of:0000000000000001:3 -> of:000000000000000d:1,0.004,0.005,0.004,0.004,4.46,2026-06-23T12:14:14,0.004,4.5
ip_shuffle,20260623T121414_847975,of:0000000000000003:1 -> of:000000000000000b:5,0.002,0.0025,0.002,0.002,2.2,2026-06-23T12:14:14,0.002,2.2
ip_shuffle,20260623T121414_847975,of:0000000000000006:1 -> of:000000000000000d:4,0.003,0.00375,0.003,0.003,3.46,2026-06-23T12:14:14,0.003,3.6
ip_shuffle,20260623T121414_847975,of:0000000000000007:2 -> of:000000000000000a:3,0.002,0.0025,0.002,0.002,3.13,2026-06-23T12:14:14,0.002,3.13
ip_shuffle,20260623T121414_847975,of:0000000000000007:1 -> of:000000000000000d:5,0.003,0.00375,0.003,0.003,3.53,2026-06-23T12:14:14,0.003,3.46
ip_shuffle,20260623T121414_847975,of:0000000000000002:2 -> of:0000000000000008:2,0.002,0.0025,0.002,0.002,3.06,2026-06-23T12:14:14,0.002,3.06
ip_shuffle,20260623T121414_847975,of:0000000000000003:2 -> of:0000000000000008:3,0.002,0.0025,0.002,0.002,3.06,2026-06-23T12:14:14,0.002,3.06
ip_shuffle,20260623T121414_847975,of:0000000000000008:1 -> of:000000000000000b:6,0.002,0.0025,0.002,0.002,2.26,2026-06-23T12:14:14,0.002,2.26
ip_shuffle,20260623T121414_847975,of:0000000000000004:2 -> of:0000000000000009:2,0.002,0.0025,0.002,0.002,3.06,2026-06-23T12:14:14,0.002,3.06
ip_shuffle,20260623T121414_847975,of:0000000000000002:1 -> of:000000000000000b:4,0.002,0.0025,0.002,0.002,2.2,2026-06-23T12:14:14,0.002,2.2
ip_shuffle,20260623T121414_847975,of:0000000000000009:1 -> of:000000000000000c:6,0.002,0.0025,0.002,0.002,2.26,2026-06-23T12:14:14,0.002,2.23
ip_shuffle,20260623T121512_593282,of:0000000000000004:1 -> of:000000000000000c:4,0.002,0.0025,0.002,0.002,2.33,2026-06-23T12:15:12,0.002,2.33
ip_shuffle,20260623T121512_593282,of:0000000000000005:1 -> of:000000000000000c:5,0.002,0.0025,0.002,0.002,1.66,2026-06-23T12:15:12,0.002,1.7
ip_shuffle,20260623T121512_593282,of:000000000000000a:1 -> of:000000000000000d:6,0.001,0.00125,0.001,0.001,1.47,2026-06-23T12:15:12,0.001,1.47
ip_shuffle,20260623T121512_593282,of:000000000000000b:3 -> of:000000000000000d:2,0.002,0.0025,0.002,0.002,1.66,2026-06-23T12:15:12,0.002,1.66
ip_shuffle,20260623T121512_593282,of:000000000000000c:3 -> of:000000000000000d:3,0.002,0.0025,0.002,0.002,1.66,2026-06-23T12:15:12,0.002,1.66
ip_shuffle,20260623T121512_593282,of:0000000000000005:2 -> of:0000000000000009:3,0.002,0.0025,0.002,0.002,1.73,2026-06-23T12:15:12,0.002,1.73
ip_shuffle,20260623T121512_593282,of:0000000000000001:1 -> of:000000000000000b:1,0.003,0.00375,0.003,0.003,3.53,2026-06-23T12:15:12,0.003,3.53
ip_shuffle,20260623T121512_593282,of:000000000000000b:2 -> of:000000000000000c:2,0.002,0.0025,0.002,0.002,1.73,2026-06-23T12:15:12,0.002,1.73
ip_shuffle,20260623T121512_593282,of:0000000000000001:2 -> of:000000000000000c:1,0.002,0.0025,0.002,0.002,2.43,2026-06-23T12:15:12,0.002,2.4
ip_shuffle,20260623T121512_593282,of:0000000000000006:2 -> of:000000000000000a:2,0.002,0.0025,0.002,0.002,1.73,2026-06-23T12:15:12,0.002,1.73
ip_shuffle,20260623T121512_593282,of:0000000000000001:3 -> of:000000000000000d:1,0.002,0.0025,0.002,0.002,1.76,2026-06-23T12:15:12,0.002,1.76
ip_shuffle,20260623T121512_593282,of:0000000000000003:1 -> of:000000000000000b:5,0.002,0.0025,0.002,0.002,2.56,2026-06-23T12:15:12,0.002,2.56
ip_shuffle,20260623T121512_593282,of:0000000000000006:1 -> of:000000000000000d:4,0.001,0.00125,0.001,0.001,1.47,2026-06-23T12:15:12,0.001,1.47
ip_shuffle,20260623T121512_593282,of:0000000000000007:2 -> of:000000000000000a:3,0.002,0.0025,0.002,0.002,1.73,2026-06-23T12:15:12,0.002,1.73
ip_shuffle,20260623T121512_593282,of:0000000000000007:1 -> of:000000000000000d:5,0.002,0.0025,0.002,0.002,1.8,2026-06-23T12:15:12,0.002,1.8
ip_shuffle,20260623T121512_593282,of:0000000000000002:2 -> of:0000000000000008:2,0.002,0.0025,0.002,0.002,1.73,2026-06-23T12:15:12,0.002,1.73
ip_shuffle,20260623T121512_593282,of:0000000000000003:2 -> of:0000000000000008:3,0.002,0.0025,0.002,0.002,1.73,2026-06-23T12:15:12,0.002,1.73
ip_shuffle,20260623T121512_593282,of:0000000000000008:1 -> of:000000000000000b:6,0.002,0.0025,0.002,0.002,1.53,2026-06-23T12:15:12,0.002,1.53
ip_shuffle,20260623T121512_593282,of:0000000000000004:2 -> of:0000000000000009:2,0.002,0.0025,0.002,0.002,1.73,2026-06-23T12:15:12,0.002,1.73
ip_shuffle,20260623T121512_593282,of:0000000000000002:1 -> of:000000000000000b:4,0.002,0.0025,0.002,0.002,2.56,2026-06-23T12:15:12,0.002,2.56
ip_shuffle,20260623T121512_593282,of:0000000000000009:1 -> of:000000000000000c:6,0.002,0.0025,0.002,0.002,1.53,2026-06-23T12:15:12,0.002,1.53
ip_shuffle,20260623T121610_314831,of:0000000000000004:1 -> of:000000000000000c:4,0.002,0.0025,0.002,0.002,1.63,2026-06-23T12:16:10,0.002,1.6
ip_shuffle,20260623T121610_314831,of:0000000000000005:1 -> of:000000000000000c:5,0.002,0.0025,0.002,0.002,1.66,2026-06-23T12:16:10,0.002,1.63
ip_shuffle,20260623T121610_314831,of:000000000000000a:1 -> of:000000000000000d:6,0.002,0.0025,0.002,0.002,1.6,2026-06-23T12:16:10,0.002,1.56
ip_shuffle,20260623T121610_314831,of:000000000000000b:3 -> of:000000000000000d:2,0.002,0.0025,0.002,0.002,1.9,2026-06-23T12:16:10,0.002,1.9
ip_shuffle,20260623T121610_314831,of:000000000000000c:3 -> of:000000000000000d:3,0.002,0.0025,0.002,0.002,1.9,2026-06-23T12:16:10,0.002,1.9
ip_shuffle,20260623T121610_314831,of:0000000000000005:2 -> of:0000000000000009:3,0.002,0.0025,0.002,0.002,1.96,2026-06-23T12:16:10,0.002,1.96
ip_shuffle,20260623T121610_314831,of:0000000000000001:1 -> of:000000000000000b:1,0.002,0.0025,0.002,0.002,1.6,2026-06-23T12:16:10,0.002,1.66
ip_shuffle,20260623T121610_314831,of:000000000000000b:2 -> of:000000000000000c:2,0.002,0.0025,0.002,0.002,1.86,2026-06-23T12:16:10,0.002,1.86
ip_shuffle,20260623T121610_314831,of:0000000000000001:2 -> of:000000000000000c:1,0.002,0.0025,0.002,0.002,1.6,2026-06-23T12:16:10,0.002,1.66
ip_shuffle,20260623T121610_314831,of:0000000000000006:2 -> of:000000000000000a:2,0.002,0.0025,0.002,0.002,1.96,2026-06-23T12:16:10,0.002,1.96
ip_shuffle,20260623T121610_314831,of:0000000000000001:3 -> of:000000000000000d:1,0.003,0.00375,0.003,0.003,3.0,2026-06-23T12:16:10,0.002,2.86
ip_shuffle,20260623T121610_314831,of:0000000000000003:1 -> of:000000000000000b:5,0.002,0.0025,0.002,0.002,1.63,2026-06-23T12:16:10,0.002,1.6
ip_shuffle,20260623T121610_314831,of:0000000000000006:1 -> of:000000000000000d:4,0.002,0.0025,0.002,0.002,2.16,2026-06-23T12:16:10,0.002,2.1
ip_shuffle,20260623T121610_314831,of:0000000000000007:2 -> of:000000000000000a:3,0.002,0.0025,0.002,0.002,1.9,2026-06-23T12:16:10,0.002,1.9
ip_shuffle,20260623T121610_314831,of:0000000000000007:1 -> of:000000000000000d:5,0.002,0.0025,0.002,0.002,2.6,2026-06-23T12:16:10,0.002,2.66
ip_shuffle,20260623T121610_314831,of:0000000000000002:2 -> of:0000000000000008:2,0.002,0.0025,0.002,0.002,1.96,2026-06-23T12:16:10,0.002,1.96
ip_shuffle,20260623T121610_314831,of:0000000000000003:2 -> of:0000000000000008:3,0.002,0.0025,0.002,0.002,1.96,2026-06-23T12:16:10,0.002,1.96
ip_shuffle,20260623T121610_314831,of:0000000000000008:1 -> of:000000000000000b:6,0.001,0.00125,0.001,0.001,1.53,2026-06-23T12:16:10,0.001,1.53
ip_shuffle,20260623T121610_314831,of:0000000000000004:2 -> of:0000000000000009:2,0.002,0.0025,0.002,0.002,1.96,2026-06-23T12:16:10,0.002,1.96
ip_shuffle,20260623T121610_314831,of:0000000000000002:1 -> of:000000000000000b:4,0.002,0.0025,0.002,0.002,1.63,2026-06-23T12:16:10,0.002,1.6
ip_shuffle,20260623T121610_314831,of:0000000000000009:1 -> of:000000000000000c:6,0.001,0.00125,0.001,0.001,1.53,2026-06-23T12:16:10,0.001,1.53
ip_shuffle,20260623T121708_080992,of:0000000000000004:1 -> of:000000000000000c:4,0.002,0.0025,0.002,0.002,2.53,2026-06-23T12:17:08,0.002,2.53
ip_shuffle,20260623T121708_080992,of:0000000000000005:1 -> of:000000000000000c:5,0.002,0.0025,0.002,0.002,2.53,2026-06-23T12:17:08,0.002,2.53
ip_shuffle,20260623T121708_080992,of:000000000000000a:1 -> of:000000000000000d:6,0.002,0.0025,0.002,0.002,1.8,2026-06-23T12:17:08,0.002,1.8
ip_shuffle,20260623T121708_080992,of:000000000000000b:3 -> of:000000000000000d:2,0.002,0.0025,0.002,0.002,2.3,2026-06-23T12:17:08,0.002,2.3
ip_shuffle,20260623T121708_080992,of:000000000000000c:3 -> of:000000000000000d:3,0.002,0.0025,0.002,0.002,2.26,2026-06-23T12:17:08,0.002,2.26
ip_shuffle,20260623T121708_080992,of:0000000000000005:2 -> of:0000000000000009:3,0.002,0.0025,0.002,0.002,2.2,2026-06-23T12:17:08,0.002,2.2
ip_shuffle,20260623T121708_080992,of:0000000000000001:1 -> of:000000000000000b:1,0.002,0.0025,0.002,0.002,1.96,2026-06-23T12:17:08,0.002,1.86
ip_shuffle,20260623T121708_080992,of:000000000000000b:2 -> of:000000000000000c:2,0.002,0.0025,0.002,0.002,2.3,2026-06-23T12:17:08,0.002,2.3
ip_shuffle,20260623T121708_080992,of:0000000000000001:2 -> of:000000000000000c:1,0.003,0.00375,0.003,0.003,3.33,2026-06-23T12:17:08,0.003,3.33
ip_shuffle,20260623T121708_080992,of:0000000000000006:2 -> of:000000000000000a:2,0.002,0.0025,0.002,0.002,2.2,2026-06-23T12:17:08,0.002,2.2
ip_shuffle,20260623T121708_080992,of:0000000000000001:3 -> of:000000000000000d:1,0.002,0.0025,0.002,0.002,2.73,2026-06-23T12:17:08,0.002,2.89
ip_shuffle,20260623T121708_080992,of:0000000000000003:1 -> of:000000000000000b:5,0.002,0.0025,0.002,0.002,1.86,2026-06-23T12:17:08,0.002,1.96
ip_shuffle,20260623T121708_080992,of:0000000000000006:1 -> of:000000000000000d:4,0.002,0.0025,0.002,0.002,2.83,2026-06-23T12:17:08,0.002,2.76
ip_shuffle,20260623T121708_080992,of:0000000000000007:2 -> of:000000000000000a:3,0.002,0.0025,0.002,0.002,2.26,2026-06-23T12:17:08,0.002,2.26
ip_shuffle,20260623T121708_080992,of:0000000000000007:1 -> of:000000000000000d:5,0.002,0.0025,0.002,0.002,1.8,2026-06-23T12:17:08,0.002,1.8
ip_shuffle,20260623T121708_080992,of:0000000000000002:2 -> of:0000000000000008:2,0.002,0.0025,0.002,0.002,2.2,2026-06-23T12:17:08,0.002,2.2
ip_shuffle,20260623T121708_080992,of:0000000000000003:2 -> of:0000000000000008:3,0.002,0.0025,0.002,0.002,2.2,2026-06-23T12:17:08,0.002,2.2
ip_shuffle,20260623T121708_080992,of:0000000000000008:1 -> of:000000000000000b:6,0.002,0.0025,0.002,0.002,1.8,2026-06-23T12:17:08,0.002,1.83
ip_shuffle,20260623T121708_080992,of:0000000000000004:2 -> of:0000000000000009:2,0.002,0.0025,0.002,0.002,2.2,2026-06-23T12:17:08,0.002,2.2
ip_shuffle,20260623T121708_080992,of:0000000000000002:1 -> of:000000000000000b:4,0.002,0.0025,0.002,0.002,1.73,2026-06-23T12:17:08,0.002,1.76
ip_shuffle,20260623T121708_080992,of:0000000000000009:1 -> of:000000000000000c:6,0.002,0.0025,0.002,0.002,1.8,2026-06-23T12:17:08,0.002,1.8
ip_shuffle,20260623T121818_714107,of:0000000000000004:1 -> of:000000000000000c:4,0.001,0.00125,0.001,0.001,1.43,2026-06-23T12:18:18,0.001,1.43
ip_shuffle,20260623T121818_714107,of:0000000000000005:1 -> of:000000000000000c:5,0.001,0.00125,0.001,0.001,1.43,2026-06-23T12:18:18,0.001,1.43
ip_shuffle,20260623T121818_714107,of:000000000000000a:1 -> of:000000000000000d:6,0.001,0.00125,0.001,0.001,1.43,2026-06-23T12:18:18,0.001,1.43
ip_shuffle,20260623T121818_714107,of:000000000000000b:3 -> of:000000000000000d:2,0.002,0.0025,0.002,0.002,1.6,2026-06-23T12:18:18,0.002,1.6
ip_shuffle,20260623T121818_714107,of:000000000000000c:3 -> of:000000000000000d:3,0.001,0.00125,0.001,0.001,1.53,2026-06-23T12:18:18,0.001,1.53
ip_shuffle,20260623T121818_714107,of:0000000000000005:2 -> of:0000000000000009:3,0.002,0.0025,0.002,0.002,1.66,2026-06-23T12:18:18,0.002,1.66
ip_shuffle,20260623T121818_714107,of:0000000000000001:1 -> of:000000000000000b:1,0.002,0.0025,0.002,0.002,2.3,2026-06-23T12:18:18,0.002,2.26
ip_shuffle,20260623T121818_714107,of:000000000000000b:2 -> of:000000000000000c:2,0.002,0.0025,0.002,0.002,1.6,2026-06-23T12:18:18,0.002,1.6
ip_shuffle,20260623T121818_714107,of:0000000000000001:2 -> of:000000000000000c:1,0.001,0.00125,0.001,0.001,1.43,2026-06-23T12:18:18,0.001,1.43
ip_shuffle,20260623T121818_714107,of:0000000000000006:2 -> of:000000000000000a:2,0.002,0.0025,0.002,0.002,1.66,2026-06-23T12:18:18,0.002,1.66
ip_shuffle,20260623T121818_714107,of:0000000000000001:3 -> of:000000000000000d:1,0.002,0.0025,0.002,0.002,2.43,2026-06-23T12:18:18,0.002,2.43
ip_shuffle,20260623T121818_714107,of:0000000000000003:1 -> of:000000000000000b:5,0.002,0.0025,0.002,0.002,1.5,2026-06-23T12:18:18,0.002,1.5
ip_shuffle,20260623T121818_714107,of:0000000000000006:1 -> of:000000000000000d:4,0.002,0.0025,0.002,0.002,1.53,2026-06-23T12:18:18,0.002,1.53
ip_shuffle,20260623T121818_714107,of:0000000000000007:2 -> of:000000000000000a:3,0.002,0.0025,0.002,0.002,1.66,2026-06-23T12:18:18,0.002,1.66
ip_shuffle,20260623T121818_714107,of:0000000000000007:1 -> of:000000000000000d:5,0.002,0.0025,0.002,0.002,2.43,2026-06-23T12:18:18,0.002,2.43
ip_shuffle,20260623T121818_714107,of:0000000000000002:2 -> of:0000000000000008:2,0.002,0.0025,0.002,0.002,1.66,2026-06-23T12:18:18,0.002,1.66
ip_shuffle,20260623T121818_714107,of:0000000000000003:2 -> of:0000000000000008:3,0.002,0.0025,0.002,0.002,1.66,2026-06-23T12:18:18,0.002,1.66
ip_shuffle,20260623T121818_714107,of:0000000000000008:1 -> of:000000000000000b:6,0.002,0.0025,0.002,0.002,1.5,2026-06-23T12:18:18,0.002,1.5
ip_shuffle,20260623T121818_714107,of:0000000000000004:2 -> of:0000000000000009:2,0.002,0.0025,0.002,0.002,1.66,2026-06-23T12:18:18,0.002,1.66
ip_shuffle,20260623T121818_714107,of:0000000000000002:1 -> of:000000000000000b:4,0.002,0.0025,0.002,0.002,2.26,2026-06-23T12:18:18,0.002,2.3
ip_shuffle,20260623T121818_714107,of:0000000000000009:1 -> of:000000000000000c:6,0.001,0.00125,0.001,0.001,1.43,2026-06-23T12:18:18,0.001,1.43
route_mutation,20260623T121916_210555,of:0000000000000004:1 -> of:000000000000000c:4,0.002,0.0025,0.002,0.002,2.33,2026-06-23T12:19:16,0.002,2.29
route_mutation,20260623T121916_210555,of:0000000000000005:1 -> of:000000000000000c:5,0.002,0.0025,0.002,0.002,2.33,2026-06-23T12:19:16,0.002,2.29
route_mutation,20260623T121916_210555,of:000000000000000a:1 -> of:000000000000000d:6,0.002,0.0025,0.002,0.002,2.26,2026-06-23T12:19:16,0.002,2.23
route_mutation,20260623T121916_210555,of:000000000000000b:3 -> of:000000000000000d:2,0.002,0.0025,0.002,0.002,3.19,2026-06-23T12:19:16,0.002,3.19
route_mutation,20260623T121916_210555,of:000000000000000c:3 -> of:000000000000000d:3,0.002,0.0025,0.002,0.002,3.26,2026-06-23T12:19:16,0.002,3.26
route_mutation,20260623T121916_210555,of:0000000000000005:2 -> of:0000000000000009:3,0.002,0.0025,0.002,0.002,3.23,2026-06-23T12:19:16,0.002,3.23
route_mutation,20260623T121916_210555,of:0000000000000001:1 -> of:000000000000000b:1,0.002,0.0025,0.002,0.002,2.23,2026-06-23T12:19:16,0.002,2.23
route_mutation,20260623T121916_210555,of:000000000000000b:2 -> of:000000000000000c:2,0.002,0.0025,0.002,0.002,3.19,2026-06-23T12:19:16,0.002,3.19
route_mutation,20260623T121916_210555,of:0000000000000001:2 -> of:000000000000000c:1,0.002,0.0025,0.002,0.002,2.29,2026-06-23T12:19:16,0.002,2.29
route_mutation,20260623T121916_210555,of:0000000000000006:2 -> of:000000000000000a:2,0.002,0.0025,0.002,0.002,3.16,2026-06-23T12:19:16,0.002,3.16
route_mutation,20260623T121916_210555,of:0000000000000001:3 -> of:000000000000000d:1,0.004,0.005,0.004,0.004,5.09,2026-06-23T12:19:16,0.004,5.09
route_mutation,20260623T121916_210555,of:0000000000000003:1 -> of:000000000000000b:5,0.002,0.0025,0.002,0.002,2.23,2026-06-23T12:19:16,0.002,2.23
route_mutation,20260623T121916_210555,of:0000000000000006:1 -> of:000000000000000d:4,0.003,0.00375,0.003,0.003,3.33,2026-06-23T12:19:16,0.003,3.39
route_mutation,20260623T121916_210555,of:0000000000000007:2 -> of:000000000000000a:3,0.002,0.0025,0.002,0.002,3.16,2026-06-23T12:19:16,0.002,3.16
route_mutation,20260623T121916_210555,of:0000000000000007:1 -> of:000000000000000d:5,0.003,0.00375,0.003,0.003,4.06,2026-06-23T12:19:16,0.003,3.99
route_mutation,20260623T121916_210555,of:0000000000000002:2 -> of:0000000000000008:2,0.002,0.0025,0.002,0.002,3.19,2026-06-23T12:19:16,0.002,3.19
route_mutation,20260623T121916_210555,of:0000000000000003:2 -> of:0000000000000008:3,0.002,0.0025,0.002,0.002,3.19,2026-06-23T12:19:16,0.002,3.19
route_mutation,20260623T121916_210555,of:0000000000000008:1 -> of:000000000000000b:6,0.002,0.0025,0.002,0.002,2.16,2026-06-23T12:19:16,0.002,2.16
route_mutation,20260623T121916_210555,of:0000000000000004:2 -> of:0000000000000009:2,0.002,0.0025,0.002,0.002,3.23,2026-06-23T12:19:16,0.002,3.23
route_mutation,20260623T121916_210555,of:0000000000000002:1 -> of:000000000000000b:4,0.002,0.0025,0.002,0.002,2.23,2026-06-23T12:19:16,0.002,2.23
route_mutation,20260623T121916_210555,of:0000000000000009:1 -> of:000000000000000c:6,0.002,0.0025,0.002,0.002,2.23,2026-06-23T12:19:16,0.002,2.23
route_mutation,20260623T121946_517034,of:0000000000000004:1 -> of:000000000000000c:4,0.001,0.00125,0.001,0.001,1.3,2026-06-23T12:19:46,0.001,1.27
route_mutation,20260623T121946_517034,of:0000000000000005:1 -> of:000000000000000c:5,0.001,0.00125,0.001,0.001,1.3,2026-06-23T12:19:46,0.001,1.27
route_mutation,20260623T121946_517034,of:000000000000000a:1 -> of:000000000000000d:6,0.001,0.00125,0.001,0.001,1.27,2026-06-23T12:19:46,0.001,1.27
route_mutation,20260623T121946_517034,of:000000000000000b:3 -> of:000000000000000d:2,0.001,0.00125,0.001,0.001,1.27,2026-06-23T12:19:46,0.001,1.27
route_mutation,20260623T121946_517034,of:000000000000000c:3 -> of:000000000000000d:3,0.001,0.00125,0.001,0.001,1.2,2026-06-23T12:19:46,0.001,1.2
route_mutation,20260623T121946_517034,of:0000000000000005:2 -> of:0000000000000009:3,0.002,0.0025,0.002,0.002,1.4,2026-06-23T12:19:46,0.002,1.4
route_mutation,20260623T121946_517034,of:0000000000000001:1 -> of:000000000000000b:1,0.002,0.0025,0.002,0.001,1.33,2026-06-23T12:19:46,0.002,1.4
route_mutation,20260623T121946_517034,of:000000000000000b:2 -> of:000000000000000c:2,0.001,0.00125,0.001,0.001,1.27,2026-06-23T12:19:46,0.001,1.27
route_mutation,20260623T121946_517034,of:0000000000000001:2 -> of:000000000000000c:1,0.001,0.00125,0.001,0.001,1.27,2026-06-23T12:19:46,0.001,1.33
route_mutation,20260623T121946_517034,of:0000000000000006:2 -> of:000000000000000a:2,0.001,0.00125,0.001,0.001,1.37,2026-06-23T12:19:46,0.001,1.37
route_mutation,20260623T121946_517034,of:0000000000000001:3 -> of:000000000000000d:1,0.002,0.0025,0.002,0.002,1.57,2026-06-23T12:19:46,0.002,1.5
route_mutation,20260623T121946_517034,of:0000000000000003:1 -> of:000000000000000b:5,0.002,0.0025,0.002,0.002,1.4,2026-06-23T12:19:46,0.001,1.33
route_mutation,20260623T121946_517034,of:0000000000000006:1 -> of:000000000000000d:4,0.001,0.00125,0.001,0.001,1.3,2026-06-23T12:19:46,0.001,1.27
route_mutation,20260623T121946_517034,of:0000000000000007:2 -> of:000000000000000a:3,0.001,0.00125,0.001,0.001,1.37,2026-06-23T12:19:46,0.001,1.37
route_mutation,20260623T121946_517034,of:0000000000000007:1 -> of:000000000000000d:5,0.002,0.0025,0.002,0.002,1.47,2026-06-23T12:19:46,0.002,1.5
route_mutation,20260623T121946_517034,of:0000000000000002:2 -> of:0000000000000008:2,0.002,0.0025,0.002,0.002,1.43,2026-06-23T12:19:46,0.002,1.43
route_mutation,20260623T121946_517034,of:0000000000000003:2 -> of:0000000000000008:3,0.002,0.0025,0.002,0.002,1.43,2026-06-23T12:19:46,0.002,1.43
route_mutation,20260623T121946_517034,of:0000000000000008:1 -> of:000000000000000b:6,0.001,0.00125,0.001,0.001,1.37,2026-06-23T12:19:46,0.001,1.33
route_mutation,20260623T121946_517034,of:0000000000000004:2 -> of:0000000000000009:2,0.002,0.0025,0.002,0.002,1.4,2026-06-23T12:19:46,0.002,1.4
route_mutation,20260623T121946_517034,of:0000000000000002:1 -> of:000000000000000b:4,0.002,0.0025,0.002,0.002,1.4,2026-06-23T12:19:46,0.001,1.33
route_mutation,20260623T121946_517034,of:0000000000000009:1 -> of:000000000000000c:6,0.001,0.00125,0.001,0.001,1.3,2026-06-23T12:19:46,0.001,1.27
ip_shuffle,20260623T122016_861116,of:0000000000000004:1 -> of:000000000000000c:4,0.002,0.0025,0.002,0.002,2.26,2026-06-23T12:20:16,0.002,2.26
ip_shuffle,20260623T122016_861116,of:0000000000000005:1 -> of:000000000000000c:5,0.002,0.0025,0.002,0.002,1.67,2026-06-23T12:20:16,0.002,1.67
ip_shuffle,20260623T122016_861116,of:000000000000000a:1 -> of:000000000000000d:6,0.002,0.0025,0.002,0.002,1.53,2026-06-23T12:20:16,0.002,1.53
ip_shuffle,20260623T122016_861116,of:000000000000000b:3 -> of:000000000000000d:2,0.002,0.0025,0.002,0.002,1.73,2026-06-23T12:20:16,0.002,1.73
ip_shuffle,20260623T122016_861116,of:000000000000000c:3 -> of:000000000000000d:3,0.002,0.0025,0.002,0.002,1.73,2026-06-23T12:20:16,0.002,1.73
ip_shuffle,20260623T122016_861116,of:0000000000000005:2 -> of:0000000000000009:3,0.002,0.0025,0.002,0.002,1.67,2026-06-23T12:20:16,0.002,1.67
ip_shuffle,20260623T122016_861116,of:0000000000000001:1 -> of:000000000000000b:1,0.003,0.00375,0.003,0.003,3.53,2026-06-23T12:20:16,0.003,3.53
ip_shuffle,20260623T122016_861116,of:000000000000000b:2 -> of:000000000000000c:2,0.002,0.0025,0.002,0.002,1.73,2026-06-23T12:20:16,0.002,1.73
ip_shuffle,20260623T122016_861116,of:0000000000000001:2 -> of:000000000000000c:1,0.002,0.0025,0.002,0.002,2.46,2026-06-23T12:20:16,0.002,2.43
ip_shuffle,20260623T122016_861116,of:0000000000000006:2 -> of:000000000000000a:2,0.002,0.0025,0.002,0.002,1.73,2026-06-23T12:20:16,0.002,1.73
ip_shuffle,20260623T122016_861116,of:0000000000000001:3 -> of:000000000000000d:1,0.001,0.00125,0.001,0.001,1.47,2026-06-23T12:20:16,0.001,1.47
ip_shuffle,20260623T122016_861116,of:0000000000000003:1 -> of:000000000000000b:5,0.002,0.0025,0.002,0.002,2.5,2026-06-23T12:20:16,0.002,2.5
ip_shuffle,20260623T122016_861116,of:0000000000000006:1 -> of:000000000000000d:4,0.002,0.0025,0.002,0.002,1.53,2026-06-23T12:20:16,0.002,1.53
ip_shuffle,20260623T122016_861116,of:0000000000000007:2 -> of:000000000000000a:3,0.002,0.0025,0.002,0.002,1.73,2026-06-23T12:20:16,0.002,1.73
ip_shuffle,20260623T122016_861116,of:0000000000000007:1 -> of:000000000000000d:5,0.002,0.0025,0.002,0.002,1.57,2026-06-23T12:20:16,0.002,1.53
ip_shuffle,20260623T122016_861116,of:0000000000000002:2 -> of:0000000000000008:2,0.002,0.0025,0.002,0.002,1.67,2026-06-23T12:20:16,0.002,1.67
ip_shuffle,20260623T122016_861116,of:0000000000000003:2 -> of:0000000000000008:3,0.002,0.0025,0.002,0.002,1.67,2026-06-23T12:20:16,0.002,1.67
ip_shuffle,20260623T122016_861116,of:0000000000000008:1 -> of:000000000000000b:6,0.002,0.0025,0.002,0.002,1.53,2026-06-23T12:20:16,0.002,1.53
ip_shuffle,20260623T122016_861116,of:0000000000000004:2 -> of:0000000000000009:2,0.002,0.0025,0.002,0.002,1.67,2026-06-23T12:20:16,0.002,1.67
ip_shuffle,20260623T122016_861116,of:0000000000000002:1 -> of:000000000000000b:4,0.002,0.0025,0.002,0.002,2.5,2026-06-23T12:20:16,0.002,2.5
ip_shuffle,20260623T122016_861116,of:0000000000000009:1 -> of:000000000000000c:6,0.002,0.0025,0.002,0.002,1.53,2026-06-23T12:20:16,0.002,1.53
route_mutation,20260623T122114_383280,of:0000000000000004:1 -> of:000000000000000c:4,0.002,0.0025,0.002,0.002,1.93,2026-06-23T12:21:14,0.002,1.86
route_mutation,20260623T122114_383280,of:0000000000000005:1 -> of:000000000000000c:5,0.002,0.0025,0.002,0.002,1.93,2026-06-23T12:21:14,0.002,1.86
route_mutation,20260623T122114_383280,of:000000000000000a:1 -> of:000000000000000d:6,0.002,0.0025,0.002,0.002,1.86,2026-06-23T12:21:14,0.002,1.86
route_mutation,20260623T122114_383280,of:000000000000000b:3 -> of:000000000000000d:2,0.002,0.0025,0.002,0.002,2.4,2026-06-23T12:21:14,0.002,2.4
route_mutation,20260623T122114_383280,of:000000000000000c:3 -> of:000000000000000d:3,0.002,0.0025,0.002,0.002,2.4,2026-06-23T12:21:14,0.002,2.4
route_mutation,20260623T122114_383280,of:0000000000000005:2 -> of:0000000000000009:3,0.002,0.0025,0.002,0.002,2.6,2026-06-23T12:21:14,0.002,2.6
route_mutation,20260623T122114_383280,of:0000000000000001:1 -> of:000000000000000b:1,0.002,0.0025,0.002,0.002,1.86,2026-06-23T12:21:14,0.002,1.96
route_mutation,20260623T122114_383280,of:000000000000000b:2 -> of:000000000000000c:2,0.002,0.0025,0.002,0.002,2.4,2026-06-23T12:21:14,0.002,2.4
route_mutation,20260623T122114_383280,of:0000000000000001:2 -> of:000000000000000c:1,0.002,0.0025,0.002,0.002,1.86,2026-06-23T12:21:14,0.002,1.96
route_mutation,20260623T122114_383280,of:0000000000000006:2 -> of:000000000000000a:2,0.002,0.0025,0.002,0.002,2.53,2026-06-23T12:21:14,0.002,2.53
route_mutation,20260623T122114_383280,of:0000000000000001:3 -> of:000000000000000d:1,0.003,0.00375,0.003,0.003,3.93,2026-06-23T12:21:14,0.003,3.83
route_mutation,20260623T122114_383280,of:0000000000000003:1 -> of:000000000000000b:5,0.002,0.0025,0.002,0.002,1.96,2026-06-23T12:21:14,0.002,1.86
route_mutation,20260623T122114_383280,of:0000000000000006:1 -> of:000000000000000d:4,0.002,0.0025,0.002,0.002,1.96,2026-06-23T12:21:14,0.002,2.0
route_mutation,20260623T122114_383280,of:0000000000000007:2 -> of:000000000000000a:3,0.002,0.0025,0.002,0.002,2.53,2026-06-23T12:21:14,0.002,2.53
route_mutation,20260623T122114_383280,of:0000000000000007:1 -> of:000000000000000d:5,0.003,0.00375,0.003,0.003,3.66,2026-06-23T12:21:14,0.003,3.66
route_mutation,20260623T122114_383280,of:0000000000000002:2 -> of:0000000000000008:2,0.002,0.0025,0.002,0.002,2.63,2026-06-23T12:21:14,0.002,2.63
route_mutation,20260623T122114_383280,of:0000000000000003:2 -> of:0000000000000008:3,0.002,0.0025,0.002,0.002,2.63,2026-06-23T12:21:14,0.002,2.63
route_mutation,20260623T122114_383280,of:0000000000000008:1 -> of:000000000000000b:6,0.002,0.0025,0.002,0.002,1.86,2026-06-23T12:21:14,0.002,1.86
route_mutation,20260623T122114_383280,of:0000000000000004:2 -> of:0000000000000009:2,0.002,0.0025,0.002,0.002,2.6,2026-06-23T12:21:14,0.002,2.6
route_mutation,20260623T122114_383280,of:0000000000000002:1 -> of:000000000000000b:4,0.002,0.0025,0.002,0.002,1.96,2026-06-23T12:21:14,0.002,1.86
route_mutation,20260623T122114_383280,of:0000000000000009:1 -> of:000000000000000c:6,0.002,0.0025,0.002,0.002,1.86,2026-06-23T12:21:14,0.002,1.86
ip_shuffle,20260623T122144_692600,of:0000000000000004:1 -> of:000000000000000c:4,0.002,0.0025,0.002,0.002,1.43,2026-06-23T12:21:44,0.002,1.43
ip_shuffle,20260623T122144_692600,of:0000000000000005:1 -> of:000000000000000c:5,0.002,0.0025,0.002,0.002,1.43,2026-06-23T12:21:44,0.002,1.43
ip_shuffle,20260623T122144_692600,of:000000000000000a:1 -> of:000000000000000d:6,0.002,0.0025,0.002,0.002,1.43,2026-06-23T12:21:44,0.002,1.43
ip_shuffle,20260623T122144_692600,of:000000000000000b:3 -> of:000000000000000d:2,0.002,0.0025,0.002,0.002,1.53,2026-06-23T12:21:44,0.002,1.53
ip_shuffle,20260623T122144_692600,of:000000000000000c:3 -> of:000000000000000d:3,0.002,0.0025,0.002,0.002,1.53,2026-06-23T12:21:44,0.002,1.53
ip_shuffle,20260623T122144_692600,of:0000000000000005:2 -> of:0000000000000009:3,0.002,0.0025,0.002,0.002,1.53,2026-06-23T12:21:44,0.002,1.53
ip_shuffle,20260623T122144_692600,of:0000000000000001:1 -> of:000000000000000b:1,0.002,0.0025,0.002,0.002,1.46,2026-06-23T12:21:44,0.002,1.53
ip_shuffle,20260623T122144_692600,of:000000000000000b:2 -> of:000000000000000c:2,0.002,0.0025,0.002,0.002,1.53,2026-06-23T12:21:44,0.002,1.53
ip_shuffle,20260623T122144_692600,of:0000000000000001:2 -> of:000000000000000c:1,0.001,0.00125,0.001,0.001,1.36,2026-06-23T12:21:44,0.001,1.33
ip_shuffle,20260623T122144_692600,of:0000000000000006:2 -> of:000000000000000a:2,0.002,0.0025,0.002,0.002,1.53,2026-06-23T12:21:44,0.002,1.53
ip_shuffle,20260623T122144_692600,of:0000000000000001:3 -> of:000000000000000d:1,0.001,0.00125,0.001,0.001,1.4,2026-06-23T12:21:44,0.001,1.36
ip_shuffle,20260623T122144_692600,of:0000000000000003:1 -> of:000000000000000b:5,0.001,0.00125,0.001,0.001,1.33,2026-06-23T12:21:44,0.001,1.36
ip_shuffle,20260623T122144_692600,of:0000000000000006:1 -> of:000000000000000d:4,0.002,0.0025,0.002,0.002,1.43,2026-06-23T12:21:44,0.002,1.43
ip_shuffle,20260623T122144_692600,of:0000000000000007:2 -> of:000000000000000a:3,0.002,0.0025,0.002,0.002,1.53,2026-06-23T12:21:44,0.002,1.53
ip_shuffle,20260623T122144_692600,of:0000000000000007:1 -> of:000000000000000d:5,0.002,0.0025,0.002,0.002,1.46,2026-06-23T12:21:44,0.002,1.46
ip_shuffle,20260623T122144_692600,of:0000000000000002:2 -> of:0000000000000008:2,0.001,0.00125,0.001,0.001,1.43,2026-06-23T12:21:44,0.001,1.43
ip_shuffle,20260623T122144_692600,of:0000000000000003:2 -> of:0000000000000008:3,0.001,0.00125,0.001,0.001,1.43,2026-06-23T12:21:44,0.001,1.43
ip_shuffle,20260623T122144_692600,of:0000000000000008:1 -> of:000000000000000b:6,0.002,0.0025,0.002,0.002,1.43,2026-06-23T12:21:44,0.002,1.43
ip_shuffle,20260623T122144_692600,of:0000000000000004:2 -> of:0000000000000009:2,0.002,0.0025,0.002,0.002,1.53,2026-06-23T12:21:44,0.002,1.53
ip_shuffle,20260623T122144_692600,of:0000000000000002:1 -> of:000000000000000b:4,0.002,0.0025,0.002,0.002,1.56,2026-06-23T12:21:44,0.002,1.46
ip_shuffle,20260623T122144_692600,of:0000000000000009:1 -> of:000000000000000c:6,0.002,0.0025,0.002,0.002,1.43,2026-06-23T12:21:44,0.002,1.43
ip_shuffle,20260623T122242_376111,of:0000000000000004:1 -> of:000000000000000c:4,0.002,0.0025,0.002,0.002,2.13,2026-06-23T12:22:42,0.002,2.16
ip_shuffle,20260623T122242_376111,of:0000000000000005:1 -> of:000000000000000c:5,0.002,0.0025,0.002,0.002,2.26,2026-06-23T12:22:42,0.002,2.3
ip_shuffle,20260623T122242_376111,of:000000000000000a:1 -> of:000000000000000d:6,0.002,0.0025,0.002,0.002,2.1,2026-06-23T12:22:42,0.002,2.1
ip_shuffle,20260623T122242_376111,of:000000000000000b:3 -> of:000000000000000d:2,0.002,0.0025,0.002,0.002,3.0,2026-06-23T12:22:42,0.002,3.0
ip_shuffle,20260623T122242_376111,of:000000000000000c:3 -> of:000000000000000d:3,0.002,0.0025,0.002,0.002,3.0,2026-06-23T12:22:42,0.002,3.0
ip_shuffle,20260623T122242_376111,of:0000000000000005:2 -> of:0000000000000009:3,0.002,0.0025,0.002,0.002,3.1,2026-06-23T12:22:42,0.002,3.1
ip_shuffle,20260623T122242_376111,of:0000000000000001:1 -> of:000000000000000b:1,0.002,0.0025,0.002,0.002,2.16,2026-06-23T12:22:42,0.002,2.1
ip_shuffle,20260623T122242_376111,of:000000000000000b:2 -> of:000000000000000c:2,0.002,0.0025,0.002,0.002,3.0,2026-06-23T12:22:42,0.002,3.0
ip_shuffle,20260623T122242_376111,of:0000000000000001:2 -> of:000000000000000c:1,0.002,0.0025,0.002,0.002,2.33,2026-06-23T12:22:42,0.002,2.26
ip_shuffle,20260623T122242_376111,of:0000000000000006:2 -> of:000000000000000a:2,0.002,0.0025,0.002,0.002,3.03,2026-06-23T12:22:42,0.002,3.03
ip_shuffle,20260623T122242_376111,of:0000000000000001:3 -> of:000000000000000d:1,0.004,0.005,0.004,0.003,4.43,2026-06-23T12:22:42,0.004,4.56
ip_shuffle,20260623T122242_376111,of:0000000000000003:1 -> of:000000000000000b:5,0.002,0.0025,0.002,0.002,2.13,2026-06-23T12:22:42,0.002,2.16
ip_shuffle,20260623T122242_376111,of:0000000000000006:1 -> of:000000000000000d:4,0.003,0.00375,0.003,0.003,3.66,2026-06-23T12:22:42,0.003,3.73
ip_shuffle,20260623T122242_376111,of:0000000000000007:2 -> of:000000000000000a:3,0.002,0.0025,0.002,0.002,3.06,2026-06-23T12:22:42,0.002,3.06
ip_shuffle,20260623T122242_376111,of:0000000000000007:1 -> of:000000000000000d:5,0.002,0.0025,0.002,0.002,3.03,2026-06-23T12:22:42,0.002,2.93
ip_shuffle,20260623T122242_376111,of:0000000000000002:2 -> of:0000000000000008:2,0.002,0.0025,0.002,0.002,3.1,2026-06-23T12:22:42,0.002,3.1
ip_shuffle,20260623T122242_376111,of:0000000000000003:2 -> of:0000000000000008:3,0.002,0.0025,0.002,0.002,3.1,2026-06-23T12:22:42,0.002,3.1
ip_shuffle,20260623T122242_376111,of:0000000000000008:1 -> of:000000000000000b:6,0.002,0.0025,0.002,0.002,2.16,2026-06-23T12:22:42,0.002,2.16
ip_shuffle,20260623T122242_376111,of:0000000000000004:2 -> of:0000000000000009:2,0.002,0.0025,0.002,0.002,3.1,2026-06-23T12:22:42,0.002,3.1
ip_shuffle,20260623T122242_376111,of:0000000000000002:1 -> of:000000000000000b:4,0.002,0.0025,0.002,0.002,2.13,2026-06-23T12:22:42,0.002,2.16
ip_shuffle,20260623T122242_376111,of:0000000000000009:1 -> of:000000000000000c:6,0.002,0.0025,0.002,0.002,2.16,2026-06-23T12:22:42,0.002,2.16
ip_shuffle,20260623T122346_378464,of:0000000000000004:1 -> of:000000000000000c:4,0.002,0.0025,0.002,0.002,1.53,2026-06-23T12:23:46,0.002,1.53
ip_shuffle,20260623T122346_378464,of:0000000000000005:1 -> of:000000000000000c:5,0.002,0.0025,0.002,0.002,1.53,2026-06-23T12:23:46,0.002,1.53
ip_shuffle,20260623T122346_378464,of:000000000000000a:1 -> of:000000000000000d:6,0.002,0.0025,0.002,0.002,1.6,2026-06-23T12:23:46,0.002,1.6
ip_shuffle,20260623T122346_378464,of:000000000000000b:3 -> of:000000000000000d:2,0.002,0.0025,0.002,0.002,1.87,2026-06-23T12:23:46,0.002,1.87
ip_shuffle,20260623T122346_378464,of:000000000000000c:3 -> of:000000000000000d:3,0.002,0.0025,0.002,0.002,1.87,2026-06-23T12:23:46,0.002,1.87
ip_shuffle,20260623T122346_378464,of:0000000000000005:2 -> of:0000000000000009:3,0.002,0.0025,0.002,0.002,1.8,2026-06-23T12:23:46,0.002,1.8
ip_shuffle,20260623T122346_378464,of:0000000000000001:1 -> of:000000000000000b:1,0.003,0.00375,0.003,0.003,3.56,2026-06-23T12:23:46,0.003,3.6
ip_shuffle,20260623T122346_378464,of:000000000000000b:2 -> of:000000000000000c:2,0.002,0.0025,0.002,0.002,1.87,2026-06-23T12:23:46,0.002,1.87
ip_shuffle,20260623T122346_378464,of:0000000000000001:2 -> of:000000000000000c:1,0.002,0.0025,0.002,0.002,1.6,2026-06-23T12:23:46,0.002,1.6
ip_shuffle,20260623T122346_378464,of:0000000000000006:2 -> of:000000000000000a:2,0.002,0.0025,0.002,0.002,1.8,2026-06-23T12:23:46,0.002,1.8
ip_shuffle,20260623T122346_378464,of:0000000000000001:3 -> of:000000000000000d:1,0.002,0.0025,0.002,0.002,2.4,2026-06-23T12:23:46,0.002,2.4
ip_shuffle,20260623T122346_378464,of:0000000000000003:1 -> of:000000000000000b:5,0.002,0.0025,0.002,0.002,2.56,2026-06-23T12:23:46,0.002,2.53
ip_shuffle,20260623T122346_378464,of:0000000000000006:1 -> of:000000000000000d:4,0.002,0.0025,0.002,0.002,2.3,2026-06-23T12:23:46,0.002,2.3
ip_shuffle,20260623T122346_378464,of:0000000000000007:2 -> of:000000000000000a:3,0.002,0.0025,0.002,0.002,1.8,2026-06-23T12:23:46,0.002,1.8
ip_shuffle,20260623T122346_378464,of:0000000000000007:1 -> of:000000000000000d:5,0.002,0.0025,0.002,0.002,1.53,2026-06-23T12:23:46,0.002,1.53
ip_shuffle,20260623T122346_378464,of:0000000000000002:2 -> of:0000000000000008:2,0.002,0.0025,0.002,0.002,1.8,2026-06-23T12:23:46,0.002,1.8
ip_shuffle,20260623T122346_378464,of:0000000000000003:2 -> of:0000000000000008:3,0.002,0.0025,0.002,0.002,1.8,2026-06-23T12:23:46,0.002,1.8
ip_shuffle,20260623T122346_378464,of:0000000000000008:1 -> of:000000000000000b:6,0.002,0.0025,0.002,0.002,1.53,2026-06-23T12:23:46,0.002,1.53
ip_shuffle,20260623T122346_378464,of:0000000000000004:2 -> of:0000000000000009:2,0.002,0.0025,0.002,0.002,1.8,2026-06-23T12:23:46,0.002,1.8
ip_shuffle,20260623T122346_378464,of:0000000000000002:1 -> of:000000000000000b:4,0.002,0.0025,0.002,0.002,2.63,2026-06-23T12:23:46,0.002,2.63
ip_shuffle,20260623T122346_378464,of:0000000000000009:1 -> of:000000000000000c:6,0.002,0.0025,0.002,0.002,1.6,2026-06-23T12:23:46,0.002,1.6
route_mutation,20260623T122443_899485,of:0000000000000004:1 -> of:000000000000000c:4,0.002,0.0025,0.002,0.002,2.09,2026-06-23T12:24:43,0.002,2.06
route_mutation,20260623T122443_899485,of:0000000000000005:1 -> of:000000000000000c:5,0.002,0.0025,0.002,0.002,2.09,2026-06-23T12:24:43,0.002,2.06
route_mutation,20260623T122443_899485,of:000000000000000a:1 -> of:000000000000000d:6,0.002,0.0025,0.002,0.002,2.09,2026-06-23T12:24:43,0.002,2.06
route_mutation,20260623T122443_899485,of:000000000000000b:3 -> of:000000000000000d:2,0.002,0.0025,0.002,0.002,2.79,2026-06-23T12:24:43,0.002,2.79
route_mutation,20260623T122443_899485,of:000000000000000c:3 -> of:000000000000000d:3,0.002,0.0025,0.002,0.002,2.79,2026-06-23T12:24:43,0.002,2.79
route_mutation,20260623T122443_899485,of:0000000000000005:2 -> of:0000000000000009:3,0.002,0.0025,0.002,0.002,2.89,2026-06-23T12:24:43,0.002,2.89
route_mutation,20260623T122443_899485,of:0000000000000001:1 -> of:000000000000000b:1,0.002,0.0025,0.002,0.002,1.99,2026-06-23T12:24:43,0.002,2.13
route_mutation,20260623T122443_899485,of:000000000000000b:2 -> of:000000000000000c:2,0.002,0.0025,0.002,0.002,2.79,2026-06-23T12:24:43,0.002,2.79
route_mutation,20260623T122443_899485,of:0000000000000001:2 -> of:000000000000000c:1,0.002,0.0025,0.002,0.002,1.99,2026-06-23T12:24:43,0.002,2.13
route_mutation,20260623T122443_899485,of:0000000000000006:2 -> of:000000000000000a:2,0.002,0.0025,0.002,0.002,2.86,2026-06-23T12:24:43,0.002,2.86
route_mutation,20260623T122443_899485,of:0000000000000001:3 -> of:000000000000000d:1,0.003,0.00375,0.003,0.003,4.42,2026-06-23T12:24:43,0.003,4.39
route_mutation,20260623T122443_899485,of:0000000000000003:1 -> of:000000000000000b:5,0.002,0.0025,0.002,0.002,2.06,2026-06-23T12:24:43,0.002,1.99
route_mutation,20260623T122443_899485,of:0000000000000006:1 -> of:000000000000000d:4,0.002,0.0025,0.002,0.002,2.53,2026-06-23T12:24:43,0.002,2.56
route_mutation,20260623T122443_899485,of:0000000000000007:2 -> of:000000000000000a:3,0.002,0.0025,0.002,0.002,2.86,2026-06-23T12:24:43,0.002,2.86
route_mutation,20260623T122443_899485,of:0000000000000007:1 -> of:000000000000000d:5,0.003,0.00375,0.003,0.003,3.89,2026-06-23T12:24:43,0.003,3.85
route_mutation,20260623T122443_899485,of:0000000000000002:2 -> of:0000000000000008:2,0.002,0.0025,0.002,0.002,2.86,2026-06-23T12:24:43,0.002,2.86
route_mutation,20260623T122443_899485,of:0000000000000003:2 -> of:0000000000000008:3,0.002,0.0025,0.002,0.002,2.86,2026-06-23T12:24:43,0.002,2.86
route_mutation,20260623T122443_899485,of:0000000000000008:1 -> of:000000000000000b:6,0.002,0.0025,0.002,0.002,2.09,2026-06-23T12:24:43,0.002,2.06
route_mutation,20260623T122443_899485,of:0000000000000004:2 -> of:0000000000000009:2,0.002,0.0025,0.002,0.002,2.89,2026-06-23T12:24:43,0.002,2.89
route_mutation,20260623T122443_899485,of:0000000000000002:1 -> of:000000000000000b:4,0.002,0.0025,0.002,0.002,2.06,2026-06-23T12:24:43,0.002,1.99
route_mutation,20260623T122443_899485,of:0000000000000009:1 -> of:000000000000000c:6,0.002,0.0025,0.002,0.002,2.09,2026-06-23T12:24:43,0.002,2.06
ip_shuffle,20260623T122514_181623,of:0000000000000004:1 -> of:000000000000000c:4,0.001,0.00125,0.001,0.001,1.37,2026-06-23T12:25:14,0.001,1.37
ip_shuffle,20260623T122514_181623,of:0000000000000005:1 -> of:000000000000000c:5,0.001,0.00125,0.001,0.001,1.37,2026-06-23T12:25:14,0.001,1.37
ip_shuffle,20260623T122514_181623,of:000000000000000a:1 -> of:000000000000000d:6,0.002,0.0025,0.002,0.002,1.43,2026-06-23T12:25:14,0.002,1.43
ip_shuffle,20260623T122514_181623,of:000000000000000b:3 -> of:000000000000000d:2,0.002,0.0025,0.002,0.002,1.53,2026-06-23T12:25:14,0.002,1.53
ip_shuffle,20260623T122514_181623,of:000000000000000c:3 -> of:000000000000000d:3,0.002,0.0025,0.002,0.002,1.53,2026-06-23T12:25:14,0.002,1.53
ip_shuffle,20260623T122514_181623,of:0000000000000005:2 -> of:0000000000000009:3,0.001,0.00125,0.001,0.001,1.47,2026-06-23T12:25:14,0.001,1.47
ip_shuffle,20260623T122514_181623,of:0000000000000001:1 -> of:000000000000000b:1,0.002,0.0025,0.002,0.002,1.8,2026-06-23T12:25:14,0.002,1.8
ip_shuffle,20260623T122514_181623,of:000000000000000b:2 -> of:000000000000000c:2,0.002,0.0025,0.002,0.002,1.53,2026-06-23T12:25:14,0.002,1.53
ip_shuffle,20260623T122514_181623,of:0000000000000001:2 -> of:000000000000000c:1,0.002,0.0025,0.002,0.002,1.43,2026-06-23T12:25:14,0.002,1.43
ip_shuffle,20260623T122514_181623,of:0000000000000006:2 -> of:000000000000000a:2,0.001,0.00125,0.001,0.001,1.47,2026-06-23T12:25:14,0.001,1.47
ip_shuffle,20260623T122514_181623,of:0000000000000001:3 -> of:000000000000000d:1,0.002,0.0025,0.002,0.002,1.43,2026-06-23T12:25:14,0.002,1.43
ip_shuffle,20260623T122514_181623,of:0000000000000003:1 -> of:000000000000000b:5,0.002,0.0025,0.002,0.002,1.43,2026-06-23T12:25:14,0.002,1.43
ip_shuffle,20260623T122514_181623,of:0000000000000006:1 -> of:000000000000000d:4,0.001,0.00125,0.001,0.001,1.37,2026-06-23T12:25:14,0.001,1.37
ip_shuffle,20260623T122514_181623,of:0000000000000007:2 -> of:000000000000000a:3,0.001,0.00125,0.001,0.001,1.47,2026-06-23T12:25:14,0.001,1.47
ip_shuffle,20260623T122514_181623,of:0000000000000007:1 -> of:000000000000000d:5,0.001,0.00125,0.001,0.001,1.37,2026-06-23T12:25:14,0.001,1.37
ip_shuffle,20260623T122514_181623,of:0000000000000002:2 -> of:0000000000000008:2,0.002,0.0025,0.002,0.002,1.53,2026-06-23T12:25:14,0.002,1.53
ip_shuffle,20260623T122514_181623,of:0000000000000003:2 -> of:0000000000000008:3,0.002,0.0025,0.002,0.002,1.53,2026-06-23T12:25:14,0.002,1.53
ip_shuffle,20260623T122514_181623,of:0000000000000008:1 -> of:000000000000000b:6,0.002,0.0025,0.002,0.002,1.43,2026-06-23T12:25:14,0.002,1.43
ip_shuffle,20260623T122514_181623,of:0000000000000004:2 -> of:0000000000000009:2,0.001,0.00125,0.001,0.001,1.47,2026-06-23T12:25:14,0.001,1.47
ip_shuffle,20260623T122514_181623,of:0000000000000002:1 -> of:000000000000000b:4,0.002,0.0025,0.002,0.002,1.8,2026-06-23T12:25:14,0.002,1.8
ip_shuffle,20260623T122514_181623,of:0000000000000009:1 -> of:000000000000000c:6,0.002,0.0025,0.002,0.002,1.43,2026-06-23T12:25:14,0.002,1.43
ip_shuffle,20260623T122611_824018,of:0000000000000004:1 -> of:000000000000000c:4,0.002,0.0025,0.002,0.002,2.06,2026-06-23T12:26:11,0.002,2.1
ip_shuffle,20260623T122611_824018,of:0000000000000005:1 -> of:000000000000000c:5,0.002,0.0025,0.002,0.002,2.8,2026-06-23T12:26:11,0.002,2.83
ip_shuffle,20260623T122611_824018,of:000000000000000a:1 -> of:000000000000000d:6,0.002,0.0025,0.002,0.002,2.03,2026-06-23T12:26:11,0.002,2.06
ip_shuffle,20260623T122611_824018,of:000000000000000b:3 -> of:000000000000000d:2,0.002,0.0025,0.002,0.002,2.8,2026-06-23T12:26:11,0.002,2.8
ip_shuffle,20260623T122611_824018,of:000000000000000c:3 -> of:000000000000000d:3,0.002,0.0025,0.002,0.002,2.8,2026-06-23T12:26:11,0.002,2.8
ip_shuffle,20260623T122611_824018,of:0000000000000005:2 -> of:0000000000000009:3,0.002,0.0025,0.002,0.002,2.73,2026-06-23T12:26:11,0.002,2.73
ip_shuffle,20260623T122611_824018,of:0000000000000001:1 -> of:000000000000000b:1,0.002,0.0025,0.002,0.002,2.06,2026-06-23T12:26:11,0.002,2.13
ip_shuffle,20260623T122611_824018,of:000000000000000b:2 -> of:000000000000000c:2,0.002,0.0025,0.002,0.002,2.8,2026-06-23T12:26:11,0.002,2.8
ip_shuffle,20260623T122611_824018,of:0000000000000001:2 -> of:000000000000000c:1,0.002,0.0025,0.002,0.002,2.6,2026-06-23T12:26:11,0.002,2.66
ip_shuffle,20260623T122611_824018,of:0000000000000006:2 -> of:000000000000000a:2,0.002,0.0025,0.002,0.002,2.73,2026-06-23T12:26:11,0.002,2.73
ip_shuffle,20260623T122611_824018,of:0000000000000001:3 -> of:000000000000000d:1,0.003,0.00375,0.003,0.003,4.1,2026-06-23T12:26:11,0.003,4.0
ip_shuffle,20260623T122611_824018,of:0000000000000003:1 -> of:000000000000000b:5,0.002,0.0025,0.002,0.002,1.93,2026-06-23T12:26:11,0.002,2.0
ip_shuffle,20260623T122611_824018,of:0000000000000006:1 -> of:000000000000000d:4,0.003,0.00375,0.003,0.003,3.33,2026-06-23T12:26:11,0.003,3.36
ip_shuffle,20260623T122611_824018,of:0000000000000007:2 -> of:000000000000000a:3,0.002,0.0025,0.002,0.002,2.73,2026-06-23T12:26:11,0.002,2.73
ip_shuffle,20260623T122611_824018,of:0000000000000007:1 -> of:000000000000000d:5,0.002,0.0025,0.002,0.002,2.66,2026-06-23T12:26:11,0.002,2.6
ip_shuffle,20260623T122611_824018,of:0000000000000002:2 -> of:0000000000000008:2,0.002,0.0025,0.002,0.002,2.63,2026-06-23T12:26:11,0.002,2.63
ip_shuffle,20260623T122611_824018,of:0000000000000003:2 -> of:0000000000000008:3,0.002,0.0025,0.002,0.002,2.63,2026-06-23T12:26:11,0.002,2.63
ip_shuffle,20260623T122611_824018,of:0000000000000008:1 -> of:000000000000000b:6,0.002,0.0025,0.002,0.002,2.03,2026-06-23T12:26:11,0.002,2.06
ip_shuffle,20260623T122611_824018,of:0000000000000004:2 -> of:0000000000000009:2,0.002,0.0025,0.002,0.002,2.73,2026-06-23T12:26:11,0.002,2.73
ip_shuffle,20260623T122611_824018,of:0000000000000002:1 -> of:000000000000000b:4,0.002,0.0025,0.002,0.002,1.93,2026-06-23T12:26:11,0.002,2.0
ip_shuffle,20260623T122611_824018,of:0000000000000009:1 -> of:000000000000000c:6,0.002,0.0025,0.002,0.002,2.03,2026-06-23T12:26:11,0.002,2.06
ip_shuffle,20260623T122709_579760,of:0000000000000004:1 -> of:000000000000000c:4,0.001,0.00125,0.001,0.001,1.36,2026-06-23T12:27:09,0.001,1.4
ip_shuffle,20260623T122709_579760,of:0000000000000005:1 -> of:000000000000000c:5,0.001,0.00125,0.001,0.001,1.36,2026-06-23T12:27:09,0.001,1.4
ip_shuffle,20260623T122709_579760,of:000000000000000a:1 -> of:000000000000000d:6,0.001,0.00125,0.001,0.001,1.4,2026-06-23T12:27:09,0.001,1.43
ip_shuffle,20260623T122709_579760,of:000000000000000b:3 -> of:000000000000000d:2,0.002,0.0025,0.002,0.002,1.56,2026-06-23T12:27:09,0.002,1.56
ip_shuffle,20260623T122709_579760,of:000000000000000c:3 -> of:000000000000000d:3,0.002,0.0025,0.002,0.002,1.56,2026-06-23T12:27:09,0.002,1.56
ip_shuffle,20260623T122709_579760,of:0000000000000005:2 -> of:0000000000000009:3,0.001,0.00125,0.001,0.001,1.5,2026-06-23T12:27:09,0.001,1.5
ip_shuffle,20260623T122709_579760,of:0000000000000001:1 -> of:000000000000000b:1,0.003,0.00375,0.003,0.003,3.36,2026-06-23T12:27:09,0.003,3.23
ip_shuffle,20260623T122709_579760,of:000000000000000b:2 -> of:000000000000000c:2,0.001,0.00125,0.001,0.001,1.46,2026-06-23T12:27:09,0.001,1.46
ip_shuffle,20260623T122709_579760,of:0000000000000001:2 -> of:000000000000000c:1,0.001,0.00125,0.001,0.001,1.36,2026-06-23T12:27:09,0.001,1.43
ip_shuffle,20260623T122709_579760,of:0000000000000006:2 -> of:000000000000000a:2,0.001,0.00125,0.001,0.001,1.5,2026-06-23T12:27:09,0.001,1.5
ip_shuffle,20260623T122709_579760,of:0000000000000001:3 -> of:000000000000000d:1,0.001,0.00125,0.001,0.001,1.43,2026-06-23T12:27:09,0.001,1.46
ip_shuffle,20260623T122709_579760,of:0000000000000003:1 -> of:000000000000000b:5,0.002,0.0025,0.002,0.002,2.16,2026-06-23T12:27:09,0.002,2.16
ip_shuffle,20260623T122709_579760,of:0000000000000006:1 -> of:000000000000000d:4,0.002,0.0025,0.002,0.002,1.43,2026-06-23T12:27:09,0.002,1.5
ip_shuffle,20260623T122709_579760,of:0000000000000007:2 -> of:000000000000000a:3,0.001,0.00125,0.001,0.001,1.5,2026-06-23T12:27:09,0.001,1.5
ip_shuffle,20260623T122709_579760,of:0000000000000007:1 -> of:000000000000000d:5,0.002,0.0025,0.002,0.002,1.5,2026-06-23T12:27:09,0.002,1.56
ip_shuffle,20260623T122709_579760,of:0000000000000002:2 -> of:0000000000000008:2,0.001,0.00125,0.001,0.001,1.5,2026-06-23T12:27:09,0.001,1.5
ip_shuffle,20260623T122709_579760,of:0000000000000003:2 -> of:0000000000000008:3,0.001,0.00125,0.001,0.001,1.5,2026-06-23T12:27:09,0.001,1.5
ip_shuffle,20260623T122709_579760,of:0000000000000008:1 -> of:000000000000000b:6,0.001,0.00125,0.001,0.001,1.33,2026-06-23T12:27:09,0.001,1.33
ip_shuffle,20260623T122709_579760,of:0000000000000004:2 -> of:0000000000000009:2,0.001,0.00125,0.001,0.001,1.5,2026-06-23T12:27:09,0.001,1.5
ip_shuffle,20260623T122709_579760,of:0000000000000002:1 -> of:000000000000000b:4,0.002,0.0025,0.002,0.002,2.4,2026-06-23T12:27:09,0.002,2.43
ip_shuffle,20260623T122709_579760,of:0000000000000009:1 -> of:000000000000000c:6,0.001,0.00125,0.001,0.001,1.33,2026-06-23T12:27:09,0.001,1.33
route_mutation,20260623T122813_693792,of:0000000000000004:1 -> of:000000000000000c:4,0.002,0.0025,0.002,0.002,1.86,2026-06-23T12:28:13,0.002,1.83
route_mutation,20260623T122813_693792,of:0000000000000005:1 -> of:000000000000000c:5,0.002,0.0025,0.002,0.002,1.86,2026-06-23T12:28:13,0.002,1.83
route_mutation,20260623T122813_693792,of:000000000000000a:1 -> of:000000000000000d:6,0.002,0.0025,0.002,0.002,1.9,2026-06-23T12:28:13,0.002,1.9
route_mutation,20260623T122813_693792,of:000000000000000b:3 -> of:000000000000000d:2,0.002,0.0025,0.002,0.002,2.46,2026-06-23T12:28:13,0.002,2.46
route_mutation,20260623T122813_693792,of:000000000000000c:3 -> of:000000000000000d:3,0.002,0.0025,0.002,0.002,2.46,2026-06-23T12:28:13,0.002,2.46
route_mutation,20260623T122813_693792,of:0000000000000005:2 -> of:0000000000000009:3,0.002,0.0025,0.002,0.002,2.46,2026-06-23T12:28:13,0.002,2.46
route_mutation,20260623T122813_693792,of:0000000000000001:1 -> of:000000000000000b:1,0.002,0.0025,0.002,0.002,1.9,2026-06-23T12:28:13,0.002,1.83
route_mutation,20260623T122813_693792,of:000000000000000b:2 -> of:000000000000000c:2,0.002,0.0025,0.002,0.002,2.46,2026-06-23T12:28:13,0.002,2.46
route_mutation,20260623T122813_693792,of:0000000000000001:2 -> of:000000000000000c:1,0.002,0.0025,0.002,0.002,1.9,2026-06-23T12:28:13,0.002,1.83
route_mutation,20260623T122813_693792,of:0000000000000006:2 -> of:000000000000000a:2,0.002,0.0025,0.002,0.002,2.43,2026-06-23T12:28:13,0.002,2.46
route_mutation,20260623T122813_693792,of:0000000000000001:3 -> of:000000000000000d:1,0.003,0.00375,0.003,0.003,3.43,2026-06-23T12:28:13,0.003,3.63
route_mutation,20260623T122813_693792,of:0000000000000003:1 -> of:000000000000000b:5,0.002,0.0025,0.002,0.002,1.9,2026-06-23T12:28:13,0.002,1.83
route_mutation,20260623T122813_693792,of:0000000000000006:1 -> of:000000000000000d:4,0.002,0.0025,0.002,0.002,2.06,2026-06-23T12:28:13,0.002,2.13
route_mutation,20260623T122813_693792,of:0000000000000007:2 -> of:000000000000000a:3,0.002,0.0025,0.002,0.002,2.46,2026-06-23T12:28:13,0.002,2.46
route_mutation,20260623T122813_693792,of:0000000000000007:1 -> of:000000000000000d:5,0.003,0.00375,0.003,0.003,3.59,2026-06-23T12:28:13,0.003,3.59
route_mutation,20260623T122813_693792,of:0000000000000002:2 -> of:0000000000000008:2,0.002,0.0025,0.002,0.002,2.5,2026-06-23T12:28:13,0.002,2.5
route_mutation,20260623T122813_693792,of:0000000000000003:2 -> of:0000000000000008:3,0.002,0.0025,0.002,0.002,2.5,2026-06-23T12:28:13,0.002,2.5
route_mutation,20260623T122813_693792,of:0000000000000008:1 -> of:000000000000000b:6,0.002,0.0025,0.002,0.002,1.93,2026-06-23T12:28:13,0.002,1.9
route_mutation,20260623T122813_693792,of:0000000000000004:2 -> of:0000000000000009:2,0.002,0.0025,0.002,0.002,2.46,2026-06-23T12:28:13,0.002,2.46
route_mutation,20260623T122813_693792,of:0000000000000002:1 -> of:000000000000000b:4,0.002,0.0025,0.002,0.002,1.9,2026-06-23T12:28:13,0.002,1.83
route_mutation,20260623T122813_693792,of:0000000000000009:1 -> of:000000000000000c:6,0.002,0.0025,0.002,0.002,1.93,2026-06-23T12:28:13,0.002,1.9
route_mutation,20260623T122844_000269,of:0000000000000004:1 -> of:000000000000000c:4,0.001,0.00125,0.001,0.001,1.36,2026-06-23T12:28:44,0.001,1.36
route_mutation,20260623T122844_000269,of:0000000000000005:1 -> of:000000000000000c:5,0.001,0.00125,0.001,0.001,1.36,2026-06-23T12:28:44,0.001,1.36
route_mutation,20260623T122844_000269,of:000000000000000a:1 -> of:000000000000000d:6,0.001,0.00125,0.001,0.001,1.36,2026-06-23T12:28:44,0.001,1.36
route_mutation,20260623T122844_000269,of:000000000000000b:3 -> of:000000000000000d:2,0.001,0.00125,0.001,0.001,1.46,2026-06-23T12:28:44,0.001,1.46
route_mutation,20260623T122844_000269,of:000000000000000c:3 -> of:000000000000000d:3,0.001,0.00125,0.001,0.001,1.46,2026-06-23T12:28:44,0.001,1.46
route_mutation,20260623T122844_000269,of:0000000000000005:2 -> of:0000000000000009:3,0.001,0.00125,0.001,0.001,1.46,2026-06-23T12:28:44,0.001,1.46
route_mutation,20260623T122844_000269,of:0000000000000001:1 -> of:000000000000000b:1,0.002,0.0025,0.002,0.002,1.6,2026-06-23T12:28:44,0.002,1.6
route_mutation,20260623T122844_000269,of:000000000000000b:2 -> of:000000000000000c:2,0.001,0.00125,0.001,0.001,1.4,2026-06-23T12:28:44,0.001,1.4
route_mutation,20260623T122844_000269,of:0000000000000001:2 -> of:000000000000000c:1,0.001,0.00125,0.001,0.001,1.3,2026-06-23T12:28:44,0.001,1.3
route_mutation,20260623T122844_000269,of:0000000000000006:2 -> of:000000000000000a:2,0.001,0.00125,0.001,0.001,1.46,2026-06-23T12:28:44,0.001,1.46
route_mutation,20260623T122844_000269,of:0000000000000001:3 -> of:000000000000000d:1,0.001,0.00125,0.001,0.001,1.36,2026-06-23T12:28:44,0.001,1.36
route_mutation,20260623T122844_000269,of:0000000000000003:1 -> of:000000000000000b:5,0.001,0.00125,0.001,0.001,1.36,2026-06-23T12:28:44,0.001,1.36
route_mutation,20260623T122844_000269,of:0000000000000006:1 -> of:000000000000000d:4,0.002,0.0025,0.002,0.002,1.43,2026-06-23T12:28:44,0.002,1.43
route_mutation,20260623T122844_000269,of:0000000000000007:2 -> of:000000000000000a:3,0.001,0.00125,0.001,0.001,1.46,2026-06-23T12:28:44,0.001,1.46
route_mutation,20260623T122844_000269,of:0000000000000007:1 -> of:000000000000000d:5,0.002,0.0025,0.002,0.002,1.43,2026-06-23T12:28:44,0.002,1.43
route_mutation,20260623T122844_000269,of:0000000000000002:2 -> of:0000000000000008:2,0.001,0.00125,0.001,0.001,1.46,2026-06-23T12:28:44,0.001,1.46
route_mutation,20260623T122844_000269,of:0000000000000003:2 -> of:0000000000000008:3,0.001,0.00125,0.001,0.001,1.46,2026-06-23T12:28:44,0.001,1.46
route_mutation,20260623T122844_000269,of:0000000000000008:1 -> of:000000000000000b:6,0.001,0.00125,0.001,0.001,1.3,2026-06-23T12:28:44,0.001,1.3
route_mutation,20260623T122844_000269,of:0000000000000004:2 -> of:0000000000000009:2,0.001,0.00125,0.001,0.001,1.46,2026-06-23T12:28:44,0.001,1.46
route_mutation,20260623T122844_000269,of:0000000000000002:1 -> of:000000000000000b:4,0.002,0.0025,0.002,0.002,1.56,2026-06-23T12:28:44,0.002,1.56
route_mutation,20260623T122844_000269,of:0000000000000009:1 -> of:000000000000000c:6,0.001,0.00125,0.001,0.001,1.3,2026-06-23T12:28:44,0.001,1.3
ip_shuffle,20260623T122914_351576,of:0000000000000004:1 -> of:000000000000000c:4,0.002,0.0025,0.002,0.002,1.83,2026-06-23T12:29:14,0.002,1.83
ip_shuffle,20260623T122914_351576,of:0000000000000005:1 -> of:000000000000000c:5,0.002,0.0025,0.002,0.002,1.43,2026-06-23T12:29:14,0.002,1.43
ip_shuffle,20260623T122914_351576,of:000000000000000a:1 -> of:000000000000000d:6,0.001,0.00125,0.001,0.001,1.37,2026-06-23T12:29:14,0.001,1.37
ip_shuffle,20260623T122914_351576,of:000000000000000b:3 -> of:000000000000000d:2,0.001,0.00125,0.001,0.001,1.47,2026-06-23T12:29:14,0.001,1.47
ip_shuffle,20260623T122914_351576,of:000000000000000c:3 -> of:000000000000000d:3,0.001,0.00125,0.001,0.001,1.47,2026-06-23T12:29:14,0.001,1.47
ip_shuffle,20260623T122914_351576,of:0000000000000005:2 -> of:0000000000000009:3,0.002,0.0025,0.002,0.002,1.53,2026-06-23T12:29:14,0.002,1.53
ip_shuffle,20260623T122914_351576,of:0000000000000001:1 -> of:000000000000000b:1,0.003,0.00375,0.003,0.003,3.13,2026-06-23T12:29:14,0.003,3.13
ip_shuffle,20260623T122914_351576,of:000000000000000b:2 -> of:000000000000000c:2,0.002,0.0025,0.002,0.002,1.53,2026-06-23T12:29:14,0.002,1.53
ip_shuffle,20260623T122914_351576,of:0000000000000001:2 -> of:000000000000000c:1,0.002,0.0025,0.002,0.002,2.1,2026-06-23T12:29:14,0.002,2.1
ip_shuffle,20260623T122914_351576,of:0000000000000006:2 -> of:000000000000000a:2,0.002,0.0025,0.002,0.002,1.57,2026-06-23T12:29:14,0.002,1.57
ip_shuffle,20260623T122914_351576,of:0000000000000001:3 -> of:000000000000000d:1,0.001,0.00125,0.001,0.001,1.37,2026-06-23T12:29:14,0.001,1.37
ip_shuffle,20260623T122914_351576,of:0000000000000003:1 -> of:000000000000000b:5,0.002,0.0025,0.002,0.002,2.43,2026-06-23T12:29:14,0.002,2.43
ip_shuffle,20260623T122914_351576,of:0000000000000006:1 -> of:000000000000000d:4,0.001,0.00125,0.001,0.001,1.37,2026-06-23T12:29:14,0.001,1.37
ip_shuffle,20260623T122914_351576,of:0000000000000007:2 -> of:000000000000000a:3,0.002,0.0025,0.002,0.002,1.53,2026-06-23T12:29:14,0.002,1.53
ip_shuffle,20260623T122914_351576,of:0000000000000007:1 -> of:000000000000000d:5,0.001,0.00125,0.001,0.001,1.37,2026-06-23T12:29:14,0.001,1.37
ip_shuffle,20260623T122914_351576,of:0000000000000002:2 -> of:0000000000000008:2,0.002,0.0025,0.002,0.002,1.53,2026-06-23T12:29:14,0.002,1.53
ip_shuffle,20260623T122914_351576,of:0000000000000003:2 -> of:0000000000000008:3,0.002,0.0025,0.002,0.002,1.53,2026-06-23T12:29:14,0.002,1.53
ip_shuffle,20260623T122914_351576,of:0000000000000008:1 -> of:000000000000000b:6,0.002,0.0025,0.002,0.002,1.43,2026-06-23T12:29:14,0.002,1.43
ip_shuffle,20260623T122914_351576,of:0000000000000004:2 -> of:0000000000000009:2,0.002,0.0025,0.002,0.002,1.53,2026-06-23T12:29:14,0.002,1.53
ip_shuffle,20260623T122914_351576,of:0000000000000002:1 -> of:000000000000000b:4,0.002,0.0025,0.002,0.002,2.23,2026-06-23T12:29:14,0.002,2.23
ip_shuffle,20260623T122914_351576,of:0000000000000009:1 -> of:000000000000000c:6,0.002,0.0025,0.002,0.002,1.43,2026-06-23T12:29:14,0.002,1.43
route_mutation,20260623T123018_408446,of:0000000000000004:1 -> of:000000000000000c:4,0.002,0.0025,0.002,0.002,1.8,2026-06-23T12:30:18,0.002,1.73
route_mutation,20260623T123018_408446,of:0000000000000005:1 -> of:000000000000000c:5,0.002,0.0025,0.002,0.002,1.8,2026-06-23T12:30:18,0.002,1.73
route_mutation,20260623T123018_408446,of:000000000000000a:1 -> of:000000000000000d:6,0.002,0.0025,0.002,0.002,1.76,2026-06-23T12:30:18,0.002,1.73
route_mutation,20260623T123018_408446,of:000000000000000b:3 -> of:000000000000000d:2,0.002,0.0025,0.002,0.002,2.23,2026-06-23T12:30:18,0.002,2.23
route_mutation,20260623T123018_408446,of:000000000000000c:3 -> of:000000000000000d:3,0.002,0.0025,0.002,0.002,2.2,2026-06-23T12:30:18,0.002,2.2
route_mutation,20260623T123018_408446,of:0000000000000005:2 -> of:0000000000000009:3,0.002,0.0025,0.002,0.002,2.3,2026-06-23T12:30:18,0.002,2.3
route_mutation,20260623T123018_408446,of:0000000000000001:1 -> of:000000000000000b:1,0.002,0.0025,0.002,0.002,1.7,2026-06-23T12:30:18,0.001,1.53
route_mutation,20260623T123018_408446,of:000000000000000b:2 -> of:000000000000000c:2,0.002,0.0025,0.002,0.002,2.16,2026-06-23T12:30:18,0.002,2.16
route_mutation,20260623T123018_408446,of:0000000000000001:2 -> of:000000000000000c:1,0.001,0.00125,0.001,0.001,1.66,2026-06-23T12:30:18,0.001,1.53
route_mutation,20260623T123018_408446,of:0000000000000006:2 -> of:000000000000000a:2,0.002,0.0025,0.002,0.002,2.26,2026-06-23T12:30:18,0.002,2.26
route_mutation,20260623T123018_408446,of:0000000000000001:3 -> of:000000000000000d:1,0.003,0.00375,0.003,0.003,3.2,2026-06-23T12:30:18,0.003,3.33
route_mutation,20260623T123018_408446,of:0000000000000003:1 -> of:000000000000000b:5,0.002,0.0025,0.002,0.002,1.56,2026-06-23T12:30:18,0.002,1.76
route_mutation,20260623T123018_408446,of:0000000000000006:1 -> of:000000000000000d:4,0.002,0.0025,0.002,0.002,2.53,2026-06-23T12:30:18,0.002,2.5
route_mutation,20260623T123018_408446,of:0000000000000007:2 -> of:000000000000000a:3,0.002,0.0025,0.002,0.002,2.26,2026-06-23T12:30:18,0.002,2.26
route_mutation,20260623T123018_408446,of:0000000000000007:1 -> of:000000000000000d:5,0.003,0.00375,0.003,0.003,3.26,2026-06-23T12:30:18,0.003,3.3
route_mutation,20260623T123018_408446,of:0000000000000002:2 -> of:0000000000000008:2,0.002,0.0025,0.002,0.002,2.06,2026-06-23T12:30:18,0.002,2.06
route_mutation,20260623T123018_408446,of:0000000000000003:2 -> of:0000000000000008:3,0.002,0.0025,0.002,0.002,2.06,2026-06-23T12:30:18,0.002,2.06
route_mutation,20260623T123018_408446,of:0000000000000008:1 -> of:000000000000000b:6,0.002,0.0025,0.002,0.002,1.7,2026-06-23T12:30:18,0.002,1.7
route_mutation,20260623T123018_408446,of:0000000000000004:2 -> of:0000000000000009:2,0.002,0.0025,0.002,0.002,2.3,2026-06-23T12:30:18,0.002,2.3
route_mutation,20260623T123018_408446,of:0000000000000002:1 -> of:000000000000000b:4,0.002,0.0025,0.002,0.002,1.56,2026-06-23T12:30:18,0.002,1.76
route_mutation,20260623T123018_408446,of:0000000000000009:1 -> of:000000000000000c:6,0.002,0.0025,0.002,0.002,1.7,2026-06-23T12:30:18,0.001,1.66
ip_shuffle,20260623T123048_780083,of:0000000000000004:1 -> of:000000000000000c:4,0.002,0.0025,0.002,0.002,1.43,2026-06-23T12:30:48,0.002,1.43
ip_shuffle,20260623T123048_780083,of:0000000000000005:1 -> of:000000000000000c:5,0.002,0.0025,0.002,0.002,1.43,2026-06-23T12:30:48,0.002,1.43
ip_shuffle,20260623T123048_780083,of:000000000000000a:1 -> of:000000000000000d:6,0.001,0.00125,0.001,0.001,1.36,2026-06-23T12:30:48,0.001,1.36
ip_shuffle,20260623T123048_780083,of:000000000000000b:3 -> of:000000000000000d:2,0.001,0.00125,0.001,0.001,1.46,2026-06-23T12:30:48,0.001,1.46
ip_shuffle,20260623T123048_780083,of:000000000000000c:3 -> of:000000000000000d:3,0.001,0.00125,0.001,0.001,1.46,2026-06-23T12:30:48,0.001,1.46
ip_shuffle,20260623T123048_780083,of:0000000000000005:2 -> of:0000000000000009:3,0.002,0.0025,0.002,0.002,1.53,2026-06-23T12:30:48,0.002,1.53
ip_shuffle,20260623T123048_780083,of:0000000000000001:1 -> of:000000000000000b:1,0.003,0.00375,0.003,0.003,3.36,2026-06-23T12:30:48,0.003,3.3
ip_shuffle,20260623T123048_780083,of:000000000000000b:2 -> of:000000000000000c:2,0.002,0.0025,0.002,0.002,1.53,2026-06-23T12:30:48,0.002,1.53
ip_shuffle,20260623T123048_780083,of:0000000000000001:2 -> of:000000000000000c:1,0.002,0.0025,0.002,0.002,1.43,2026-06-23T12:30:48,0.002,1.53
ip_shuffle,20260623T123048_780083,of:0000000000000006:2 -> of:000000000000000a:2,0.002,0.0025,0.002,0.002,1.53,2026-06-23T12:30:48,0.002,1.53
ip_shuffle,20260623T123048_780083,of:0000000000000001:3 -> of:000000000000000d:1,0.001,0.00125,0.001,0.001,1.36,2026-06-23T12:30:48,0.001,1.46
ip_shuffle,20260623T123048_780083,of:0000000000000003:1 -> of:000000000000000b:5,0.002,0.0025,0.002,0.002,2.2,2026-06-23T12:30:48,0.002,2.26
ip_shuffle,20260623T123048_780083,of:0000000000000006:1 -> of:000000000000000d:4,0.001,0.00125,0.001,0.001,1.36,2026-06-23T12:30:48,0.001,1.36
ip_shuffle,20260623T123048_780083,of:0000000000000007:2 -> of:000000000000000a:3,0.002,0.0025,0.002,0.002,1.53,2026-06-23T12:30:48,0.002,1.53
ip_shuffle,20260623T123048_780083,of:0000000000000007:1 -> of:000000000000000d:5,0.001,0.00125,0.001,0.001,1.36,2026-06-23T12:30:48,0.001,1.36
ip_shuffle,20260623T123048_780083,of:0000000000000002:2 -> of:0000000000000008:2,0.002,0.0025,0.002,0.002,1.56,2026-06-23T12:30:48,0.002,1.56
ip_shuffle,20260623T123048_780083,of:0000000000000003:2 -> of:0000000000000008:3,0.002,0.0025,0.002,0.002,1.56,2026-06-23T12:30:48,0.002,1.56
ip_shuffle,20260623T123048_780083,of:0000000000000008:1 -> of:000000000000000b:6,0.002,0.0025,0.002,0.002,1.43,2026-06-23T12:30:48,0.002,1.43
ip_shuffle,20260623T123048_780083,of:0000000000000004:2 -> of:0000000000000009:2,0.002,0.0025,0.002,0.002,1.53,2026-06-23T12:30:48,0.002,1.53
ip_shuffle,20260623T123048_780083,of:0000000000000002:1 -> of:000000000000000b:4,0.002,0.0025,0.002,0.002,2.5,2026-06-23T12:30:48,0.002,2.4
ip_shuffle,20260623T123048_780083,of:0000000000000009:1 -> of:000000000000000c:6,0.002,0.0025,0.002,0.002,1.43,2026-06-23T12:30:48,0.002,1.43
ip_shuffle,20260623T123146_447147,of:0000000000000004:1 -> of:000000000000000c:4,0.002,0.0025,0.002,0.002,2.0,2026-06-23T12:31:46,0.002,1.96
ip_shuffle,20260623T123146_447147,of:0000000000000005:1 -> of:000000000000000c:5,0.002,0.0025,0.002,0.002,2.0,2026-06-23T12:31:46,0.002,1.96
ip_shuffle,20260623T123146_447147,of:000000000000000a:1 -> of:000000000000000d:6,0.002,0.0025,0.002,0.002,1.96,2026-06-23T12:31:46,0.002,1.96
ip_shuffle,20260623T123146_447147,of:000000000000000b:3 -> of:000000000000000d:2,0.002,0.0025,0.002,0.002,2.66,2026-06-23T12:31:46,0.002,2.66
ip_shuffle,20260623T123146_447147,of:000000000000000c:3 -> of:000000000000000d:3,0.002,0.0025,0.002,0.002,2.66,2026-06-23T12:31:46,0.002,2.66
ip_shuffle,20260623T123146_447147,of:0000000000000005:2 -> of:0000000000000009:3,0.002,0.0025,0.002,0.002,2.73,2026-06-23T12:31:46,0.002,2.73
ip_shuffle,20260623T123146_447147,of:0000000000000001:1 -> of:000000000000000b:1,0.002,0.0025,0.002,0.002,1.9,2026-06-23T12:31:46,0.002,1.73
ip_shuffle,20260623T123146_447147,of:000000000000000b:2 -> of:000000000000000c:2,0.002,0.0025,0.002,0.002,2.6,2026-06-23T12:31:46,0.002,2.6
ip_shuffle,20260623T123146_447147,of:0000000000000001:2 -> of:000000000000000c:1,0.002,0.0025,0.002,0.002,1.9,2026-06-23T12:31:46,0.002,1.73
ip_shuffle,20260623T123146_447147,of:0000000000000006:2 -> of:000000000000000a:2,0.002,0.0025,0.002,0.002,2.7,2026-06-23T12:31:46,0.002,2.7
ip_shuffle,20260623T123146_447147,of:0000000000000001:3 -> of:000000000000000d:1,0.003,0.00375,0.003,0.003,3.96,2026-06-23T12:31:46,0.003,4.13
ip_shuffle,20260623T123146_447147,of:0000000000000003:1 -> of:000000000000000b:5,0.002,0.0025,0.002,0.002,1.8,2026-06-23T12:31:46,0.002,1.96
ip_shuffle,20260623T123146_447147,of:0000000000000006:1 -> of:000000000000000d:4,0.002,0.0025,0.002,0.002,3.1,2026-06-23T12:31:46,0.002,3.13
ip_shuffle,20260623T123146_447147,of:0000000000000007:2 -> of:000000000000000a:3,0.002,0.0025,0.002,0.002,2.63,2026-06-23T12:31:46,0.002,2.63
ip_shuffle,20260623T123146_447147,of:0000000000000007:1 -> of:000000000000000d:5,0.003,0.00375,0.003,0.003,3.5,2026-06-23T12:31:46,0.003,3.46
ip_shuffle,20260623T123146_447147,of:0000000000000002:2 -> of:0000000000000008:2,0.002,0.0025,0.002,0.002,2.53,2026-06-23T12:31:46,0.002,2.53
ip_shuffle,20260623T123146_447147,of:0000000000000003:2 -> of:0000000000000008:3,0.002,0.0025,0.002,0.002,2.53,2026-06-23T12:31:46,0.002,2.53
ip_shuffle,20260623T123146_447147,of:0000000000000008:1 -> of:000000000000000b:6,0.002,0.0025,0.002,0.002,1.93,2026-06-23T12:31:46,0.002,1.9
ip_shuffle,20260623T123146_447147,of:0000000000000004:2 -> of:0000000000000009:2,0.002,0.0025,0.002,0.002,2.73,2026-06-23T12:31:46,0.002,2.73
ip_shuffle,20260623T123146_447147,of:0000000000000002:1 -> of:000000000000000b:4,0.002,0.0025,0.002,0.002,1.8,2026-06-23T12:31:46,0.002,1.96
ip_shuffle,20260623T123146_447147,of:0000000000000009:1 -> of:000000000000000c:6,0.002,0.0025,0.002,0.002,1.93,2026-06-23T12:31:46,0.002,1.9
ip_shuffle,20260623T123244_170156,of:0000000000000004:1 -> of:000000000000000c:4,0.002,0.0025,0.002,0.002,2.16,2026-06-23T12:32:44,0.002,2.16
ip_shuffle,20260623T123244_170156,of:0000000000000005:1 -> of:000000000000000c:5,0.002,0.0025,0.002,0.002,1.73,2026-06-23T12:32:44,0.002,1.73
ip_shuffle,20260623T123244_170156,of:000000000000000a:1 -> of:000000000000000d:6,0.002,0.0025,0.002,0.002,1.43,2026-06-23T12:32:44,0.002,1.43
ip_shuffle,20260623T123244_170156,of:000000000000000b:3 -> of:000000000000000d:2,0.002,0.0025,0.002,0.002,1.53,2026-06-23T12:32:44,0.002,1.53
ip_shuffle,20260623T123244_170156,of:000000000000000c:3 -> of:000000000000000d:3,0.002,0.0025,0.002,0.002,1.53,2026-06-23T12:32:44,0.002,1.53
ip_shuffle,20260623T123244_170156,of:0000000000000005:2 -> of:0000000000000009:3,0.001,0.00125,0.001,0.001,1.46,2026-06-23T12:32:44,0.001,1.46
ip_shuffle,20260623T123244_170156,of:0000000000000001:1 -> of:000000000000000b:1,0.002,0.0025,0.002,0.002,2.53,2026-06-23T12:32:44,0.002,2.53
ip_shuffle,20260623T123244_170156,of:000000000000000b:2 -> of:000000000000000c:2,0.002,0.0025,0.002,0.002,1.53,2026-06-23T12:32:44,0.002,1.53
ip_shuffle,20260623T123244_170156,of:0000000000000001:2 -> of:000000000000000c:1,0.003,0.00375,0.003,0.003,2.83,2026-06-23T12:32:44,0.003,2.83
ip_shuffle,20260623T123244_170156,of:0000000000000006:2 -> of:000000000000000a:2,0.002,0.0025,0.002,0.002,1.53,2026-06-23T12:32:44,0.002,1.53
ip_shuffle,20260623T123244_170156,of:0000000000000001:3 -> of:000000000000000d:1,0.002,0.0025,0.002,0.002,1.66,2026-06-23T12:32:44,0.002,1.7
ip_shuffle,20260623T123244_170156,of:0000000000000003:1 -> of:000000000000000b:5,0.002,0.0025,0.002,0.002,2.33,2026-06-23T12:32:44,0.002,2.33
ip_shuffle,20260623T123244_170156,of:0000000000000006:1 -> of:000000000000000d:4,0.002,0.0025,0.002,0.002,1.43,2026-06-23T12:32:44,0.002,1.43
ip_shuffle,20260623T123244_170156,of:0000000000000007:2 -> of:000000000000000a:3,0.002,0.0025,0.002,0.002,1.53,2026-06-23T12:32:44,0.002,1.53
ip_shuffle,20260623T123244_170156,of:0000000000000007:1 -> of:000000000000000d:5,0.002,0.0025,0.002,0.002,1.83,2026-06-23T12:32:44,0.002,1.83
ip_shuffle,20260623T123244_170156,of:0000000000000002:2 -> of:0000000000000008:2,0.002,0.0025,0.002,0.002,1.53,2026-06-23T12:32:44,0.002,1.53
ip_shuffle,20260623T123244_170156,of:0000000000000003:2 -> of:0000000000000008:3,0.002,0.0025,0.002,0.002,1.53,2026-06-23T12:32:44,0.002,1.53
ip_shuffle,20260623T123244_170156,of:0000000000000008:1 -> of:000000000000000b:6,0.002,0.0025,0.002,0.002,1.43,2026-06-23T12:32:44,0.002,1.43
ip_shuffle,20260623T123244_170156,of:0000000000000004:2 -> of:0000000000000009:2,0.001,0.00125,0.001,0.001,1.46,2026-06-23T12:32:44,0.001,1.46
ip_shuffle,20260623T123244_170156,of:0000000000000002:1 -> of:000000000000000b:4,0.002,0.0025,0.002,0.002,1.56,2026-06-23T12:32:44,0.002,1.56
ip_shuffle,20260623T123244_170156,of:0000000000000009:1 -> of:000000000000000c:6,0.002,0.0025,0.002,0.002,1.43,2026-06-23T12:32:44,0.002,1.43
ip_shuffle,20260623T123354_804060,of:0000000000000004:1 -> of:000000000000000c:4,0.002,0.0025,0.002,0.002,1.86,2026-06-23T12:33:54,0.002,1.86
ip_shuffle,20260623T123354_804060,of:0000000000000005:1 -> of:000000000000000c:5,0.001,0.00125,0.001,0.001,1.46,2026-06-23T12:33:54,0.001,1.46
ip_shuffle,20260623T123354_804060,of:000000000000000a:1 -> of:000000000000000d:6,0.002,0.0025,0.002,0.002,1.53,2026-06-23T12:33:54,0.002,1.53
ip_shuffle,20260623T123354_804060,of:000000000000000b:3 -> of:000000000000000d:2,0.002,0.0025,0.002,0.002,1.73,2026-06-23T12:33:54,0.002,1.73
ip_shuffle,20260623T123354_804060,of:000000000000000c:3 -> of:000000000000000d:3,0.002,0.0025,0.002,0.002,1.73,2026-06-23T12:33:54,0.002,1.73
ip_shuffle,20260623T123354_804060,of:0000000000000005:2 -> of:0000000000000009:3,0.002,0.0025,0.002,0.002,1.66,2026-06-23T12:33:54,0.002,1.66
ip_shuffle,20260623T123354_804060,of:0000000000000001:1 -> of:000000000000000b:1,0.003,0.00375,0.003,0.003,3.53,2026-06-23T12:33:54,0.003,3.53
ip_shuffle,20260623T123354_804060,of:000000000000000b:2 -> of:000000000000000c:2,0.002,0.0025,0.002,0.002,1.73,2026-06-23T12:33:54,0.002,1.73
ip_shuffle,20260623T123354_804060,of:0000000000000001:2 -> of:000000000000000c:1,0.002,0.0025,0.002,0.002,2.2,2026-06-23T12:33:54,0.002,2.2
ip_shuffle,20260623T123354_804060,of:0000000000000006:2 -> of:000000000000000a:2,0.002,0.0025,0.002,0.002,1.73,2026-06-23T12:33:54,0.002,1.73
ip_shuffle,20260623T123354_804060,of:0000000000000001:3 -> of:000000000000000d:1,0.002,0.0025,0.002,0.002,1.53,2026-06-23T12:33:54,0.002,1.53
ip_shuffle,20260623T123354_804060,of:0000000000000003:1 -> of:000000000000000b:5,0.002,0.0025,0.002,0.002,2.56,2026-06-23T12:33:54,0.002,2.56
ip_shuffle,20260623T123354_804060,of:0000000000000006:1 -> of:000000000000000d:4,0.002,0.0025,0.002,0.002,1.53,2026-06-23T12:33:54,0.002,1.53
ip_shuffle,20260623T123354_804060,of:0000000000000007:2 -> of:000000000000000a:3,0.002,0.0025,0.002,0.002,1.73,2026-06-23T12:33:54,0.002,1.73
ip_shuffle,20260623T123354_804060,of:0000000000000007:1 -> of:000000000000000d:5,0.002,0.0025,0.002,0.002,1.53,2026-06-23T12:33:54,0.002,1.53
ip_shuffle,20260623T123354_804060,of:0000000000000002:2 -> of:0000000000000008:2,0.002,0.0025,0.002,0.002,1.73,2026-06-23T12:33:54,0.002,1.73
ip_shuffle,20260623T123354_804060,of:0000000000000003:2 -> of:0000000000000008:3,0.002,0.0025,0.002,0.002,1.73,2026-06-23T12:33:54,0.002,1.73
ip_shuffle,20260623T123354_804060,of:0000000000000008:1 -> of:000000000000000b:6,0.002,0.0025,0.002,0.002,1.53,2026-06-23T12:33:54,0.002,1.53
ip_shuffle,20260623T123354_804060,of:0000000000000004:2 -> of:0000000000000009:2,0.002,0.0025,0.002,0.002,1.66,2026-06-23T12:33:54,0.002,1.66
ip_shuffle,20260623T123354_804060,of:0000000000000002:1 -> of:000000000000000b:4,0.002,0.0025,0.002,0.002,2.5,2026-06-23T12:33:54,0.002,2.5
ip_shuffle,20260623T123354_804060,of:0000000000000009:1 -> of:000000000000000c:6,0.002,0.0025,0.002,0.002,1.53,2026-06-23T12:33:54,0.002,1.53
route_mutation,20260623T123452_329388,of:0000000000000004:1 -> of:000000000000000c:4,0.002,0.0025,0.002,0.002,1.7,2026-06-23T12:34:52,0.002,1.66
route_mutation,20260623T123452_329388,of:0000000000000005:1 -> of:000000000000000c:5,0.002,0.0025,0.002,0.002,1.7,2026-06-23T12:34:52,0.002,1.66
route_mutation,20260623T123452_329388,of:000000000000000a:1 -> of:000000000000000d:6,0.002,0.0025,0.002,0.002,1.6,2026-06-23T12:34:52,0.002,1.56
route_mutation,20260623T123452_329388,of:000000000000000b:3 -> of:000000000000000d:2,0.002,0.0025,0.002,0.002,1.9,2026-06-23T12:34:52,0.002,1.9
route_mutation,20260623T123452_329388,of:000000000000000c:3 -> of:000000000000000d:3,0.002,0.0025,0.002,0.002,1.83,2026-06-23T12:34:52,0.002,1.83
route_mutation,20260623T123452_329388,of:0000000000000005:2 -> of:0000000000000009:3,0.002,0.0025,0.002,0.002,2.1,2026-06-23T12:34:52,0.002,2.1
route_mutation,20260623T123452_329388,of:0000000000000001:1 -> of:000000000000000b:1,0.002,0.0025,0.002,0.002,1.6,2026-06-23T12:34:52,0.001,1.5
route_mutation,20260623T123452_329388,of:000000000000000b:2 -> of:000000000000000c:2,0.002,0.0025,0.002,0.002,1.93,2026-06-23T12:34:52,0.002,1.93
route_mutation,20260623T123452_329388,of:0000000000000001:2 -> of:000000000000000c:1,0.001,0.00125,0.001,0.001,1.53,2026-06-23T12:34:52,0.001,1.43
route_mutation,20260623T123452_329388,of:0000000000000006:2 -> of:000000000000000a:2,0.002,0.0025,0.002,0.002,2.03,2026-06-23T12:34:52,0.002,2.03
route_mutation,20260623T123452_329388,of:0000000000000001:3 -> of:000000000000000d:1,0.002,0.0025,0.002,0.002,2.4,2026-06-23T12:34:52,0.002,2.5
route_mutation,20260623T123452_329388,of:0000000000000003:1 -> of:000000000000000b:5,0.002,0.0025,0.002,0.001,1.5,2026-06-23T12:34:52,0.002,1.6
route_mutation,20260623T123452_329388,of:0000000000000006:1 -> of:000000000000000d:4,0.002,0.0025,0.002,0.002,1.66,2026-06-23T12:34:52,0.002,1.6
route_mutation,20260623T123452_329388,of:0000000000000007:2 -> of:000000000000000a:3,0.002,0.0025,0.002,0.002,2.0,2026-06-23T12:34:52,0.002,2.0
route_mutation,20260623T123452_329388,of:0000000000000007:1 -> of:000000000000000d:5,0.002,0.0025,0.002,0.002,2.66,2026-06-23T12:34:52,0.002,2.7
route_mutation,20260623T123452_329388,of:0000000000000002:2 -> of:0000000000000008:2,0.002,0.0025,0.002,0.002,1.83,2026-06-23T12:34:52,0.002,1.83
route_mutation,20260623T123452_329388,of:0000000000000003:2 -> of:0000000000000008:3,0.002,0.0025,0.002,0.002,1.83,2026-06-23T12:34:52,0.002,1.83
route_mutation,20260623T123452_329388,of:0000000000000008:1 -> of:000000000000000b:6,0.002,0.0025,0.002,0.002,1.66,2026-06-23T12:34:52,0.002,1.66
route_mutation,20260623T123452_329388,of:0000000000000004:2 -> of:0000000000000009:2,0.002,0.0025,0.002,0.002,2.1,2026-06-23T12:34:52,0.002,2.1
route_mutation,20260623T123452_329388,of:0000000000000002:1 -> of:000000000000000b:4,0.002,0.0025,0.002,0.001,1.5,2026-06-23T12:34:52,0.002,1.6
route_mutation,20260623T123452_329388,of:0000000000000009:1 -> of:000000000000000c:6,0.002,0.0025,0.002,0.002,1.6,2026-06-23T12:34:52,0.002,1.6
route_mutation,20260623T123522_637375,of:0000000000000004:1 -> of:000000000000000c:4,0.002,0.0025,0.002,0.002,1.63,2026-06-23T12:35:22,0.002,1.6
route_mutation,20260623T123522_637375,of:0000000000000005:1 -> of:000000000000000c:5,0.002,0.0025,0.002,0.002,1.53,2026-06-23T12:35:22,0.002,1.5
route_mutation,20260623T123522_637375,of:000000000000000a:1 -> of:000000000000000d:6,0.002,0.0025,0.002,0.002,1.47,2026-06-23T12:35:22,0.002,1.5
route_mutation,20260623T123522_637375,of:000000000000000b:3 -> of:000000000000000d:2,0.002,0.0025,0.002,0.002,1.67,2026-06-23T12:35:22,0.002,1.67
route_mutation,20260623T123522_637375,of:000000000000000c:3 -> of:000000000000000d:3,0.002,0.0025,0.002,0.002,1.67,2026-06-23T12:35:22,0.002,1.67
route_mutation,20260623T123522_637375,of:0000000000000005:2 -> of:0000000000000009:3,0.002,0.0025,0.002,0.002,1.67,2026-06-23T12:35:22,0.002,1.67
route_mutation,20260623T123522_637375,of:0000000000000001:1 -> of:000000000000000b:1,0.003,0.00375,0.003,0.003,3.53,2026-06-23T12:35:22,0.003,3.43
route_mutation,20260623T123522_637375,of:000000000000000b:2 -> of:000000000000000c:2,0.002,0.0025,0.002,0.002,1.67,2026-06-23T12:35:22,0.002,1.67
route_mutation,20260623T123522_637375,of:0000000000000001:2 -> of:000000000000000c:1,0.002,0.0025,0.002,0.002,1.57,2026-06-23T12:35:22,0.002,1.63
route_mutation,20260623T123522_637375,of:0000000000000006:2 -> of:000000000000000a:2,0.002,0.0025,0.002,0.002,1.6,2026-06-23T12:35:22,0.002,1.6
route_mutation,20260623T123522_637375,of:0000000000000001:3 -> of:000000000000000d:1,0.002,0.0025,0.002,0.002,1.5,2026-06-23T12:35:22,0.002,1.53
route_mutation,20260623T123522_637375,of:0000000000000003:1 -> of:000000000000000b:5,0.002,0.0025,0.002,0.002,2.4,2026-06-23T12:35:22,0.002,2.5
route_mutation,20260623T123522_637375,of:0000000000000006:1 -> of:000000000000000d:4,0.002,0.0025,0.002,0.002,1.47,2026-06-23T12:35:22,0.002,1.5
route_mutation,20260623T123522_637375,of:0000000000000007:2 -> of:000000000000000a:3,0.002,0.0025,0.002,0.002,1.6,2026-06-23T12:35:22,0.002,1.6
route_mutation,20260623T123522_637375,of:0000000000000007:1 -> of:000000000000000d:5,0.002,0.0025,0.002,0.002,1.47,2026-06-23T12:35:22,0.002,1.5
route_mutation,20260623T123522_637375,of:0000000000000002:2 -> of:0000000000000008:2,0.002,0.0025,0.002,0.002,1.67,2026-06-23T12:35:22,0.002,1.67
route_mutation,20260623T123522_637375,of:0000000000000003:2 -> of:0000000000000008:3,0.002,0.0025,0.002,0.002,1.67,2026-06-23T12:35:22,0.002,1.67
route_mutation,20260623T123522_637375,of:0000000000000008:1 -> of:000000000000000b:6,0.002,0.0025,0.002,0.002,1.47,2026-06-23T12:35:22,0.002,1.5
route_mutation,20260623T123522_637375,of:0000000000000004:2 -> of:0000000000000009:2,0.002,0.0025,0.002,0.002,1.67,2026-06-23T12:35:22,0.002,1.67
route_mutation,20260623T123522_637375,of:0000000000000002:1 -> of:000000000000000b:4,0.002,0.0025,0.002,0.002,2.56,2026-06-23T12:35:22,0.002,2.53
route_mutation,20260623T123522_637375,of:0000000000000009:1 -> of:000000000000000c:6,0.002,0.0025,0.002,0.002,1.47,2026-06-23T12:35:22,0.002,1.5
ip_shuffle,20260623T123552_932415,of:0000000000000004:1 -> of:000000000000000c:4,0.002,0.0025,0.002,0.002,2.56,2026-06-23T12:35:52,0.002,2.5
ip_shuffle,20260623T123552_932415,of:0000000000000005:1 -> of:000000000000000c:5,0.002,0.0025,0.002,0.002,2.66,2026-06-23T12:35:52,0.002,2.6
ip_shuffle,20260623T123552_932415,of:000000000000000a:1 -> of:000000000000000d:6,0.002,0.0025,0.002,0.002,1.77,2026-06-23T12:35:52,0.002,1.77
ip_shuffle,20260623T123552_932415,of:000000000000000b:3 -> of:000000000000000d:2,0.002,0.0025,0.002,0.002,2.3,2026-06-23T12:35:52,0.002,2.3
ip_shuffle,20260623T123552_932415,of:000000000000000c:3 -> of:000000000000000d:3,0.002,0.0025,0.002,0.002,2.3,2026-06-23T12:35:52,0.002,2.3
ip_shuffle,20260623T123552_932415,of:0000000000000005:2 -> of:0000000000000009:3,0.002,0.0025,0.002,0.002,2.3,2026-06-23T12:35:52,0.002,2.3
ip_shuffle,20260623T123552_932415,of:0000000000000001:1 -> of:000000000000000b:1,0.002,0.0025,0.002,0.002,1.83,2026-06-23T12:35:52,0.002,2.0
ip_shuffle,20260623T123552_932415,of:000000000000000b:2 -> of:000000000000000c:2,0.002,0.0025,0.002,0.002,2.26,2026-06-23T12:35:52,0.002,2.26
ip_shuffle,20260623T123552_932415,of:0000000000000001:2 -> of:000000000000000c:1,0.003,0.00375,0.003,0.003,3.33,2026-06-23T12:35:52,0.003,3.33
ip_shuffle,20260623T123552_932415,of:0000000000000006:2 -> of:000000000000000a:2,0.002,0.0025,0.002,0.002,2.16,2026-06-23T12:35:52,0.002,2.16
ip_shuffle,20260623T123552_932415,of:0000000000000001:3 -> of:000000000000000d:1,0.003,0.00375,0.003,0.003,3.1,2026-06-23T12:35:52,0.003,2.96
ip_shuffle,20260623T123552_932415,of:0000000000000003:1 -> of:000000000000000b:5,0.002,0.0025,0.002,0.002,2.0,2026-06-23T12:35:52,0.002,1.83
ip_shuffle,20260623T123552_932415,of:0000000000000006:1 -> of:000000000000000d:4,0.002,0.0025,0.002,0.002,2.83,2026-06-23T12:35:52,0.002,2.7
ip_shuffle,20260623T123552_932415,of:0000000000000007:2 -> of:000000000000000a:3,0.002,0.0025,0.002,0.002,2.16,2026-06-23T12:35:52,0.002,2.16
ip_shuffle,20260623T123552_932415,of:0000000000000007:1 -> of:000000000000000d:5,0.002,0.0025,0.002,0.002,1.73,2026-06-23T12:35:52,0.002,1.77
ip_shuffle,20260623T123552_932415,of:0000000000000002:2 -> of:0000000000000008:2,0.002,0.0025,0.002,0.002,2.26,2026-06-23T12:35:52,0.002,2.26
ip_shuffle,20260623T123552_932415,of:0000000000000003:2 -> of:0000000000000008:3,0.002,0.0025,0.002,0.002,2.26,2026-06-23T12:35:52,0.002,2.26
ip_shuffle,20260623T123552_932415,of:0000000000000008:1 -> of:000000000000000b:6,0.002,0.0025,0.002,0.002,1.77,2026-06-23T12:35:52,0.002,1.73
ip_shuffle,20260623T123552_932415,of:0000000000000004:2 -> of:0000000000000009:2,0.002,0.0025,0.002,0.002,2.3,2026-06-23T12:35:52,0.002,2.3
ip_shuffle,20260623T123552_932415,of:0000000000000002:1 -> of:000000000000000b:4,0.002,0.0025,0.002,0.002,1.83,2026-06-23T12:35:52,0.002,1.8
ip_shuffle,20260623T123552_932415,of:0000000000000009:1 -> of:000000000000000c:6,0.002,0.0025,0.002,0.002,1.77,2026-06-23T12:35:52,0.002,1.73
ip_shuffle,20260623T123650_595818,of:0000000000000004:1 -> of:000000000000000c:4,0.002,0.0025,0.002,0.001,1.6,2026-06-23T12:36:50,0.002,1.7
ip_shuffle,20260623T123650_595818,of:0000000000000005:1 -> of:000000000000000c:5,0.002,0.0025,0.002,0.001,1.6,2026-06-23T12:36:50,0.002,1.7
ip_shuffle,20260623T123650_595818,of:000000000000000a:1 -> of:000000000000000d:6,0.002,0.0025,0.002,0.002,1.76,2026-06-23T12:36:50,0.002,1.73
ip_shuffle,20260623T123650_595818,of:000000000000000b:3 -> of:000000000000000d:2,0.002,0.0025,0.002,0.002,2.16,2026-06-23T12:36:50,0.002,2.16
ip_shuffle,20260623T123650_595818,of:000000000000000c:3 -> of:000000000000000d:3,0.002,0.0025,0.002,0.002,2.16,2026-06-23T12:36:50,0.002,2.16
ip_shuffle,20260623T123650_595818,of:0000000000000005:2 -> of:0000000000000009:3,0.002,0.0025,0.002,0.002,2.16,2026-06-23T12:36:50,0.002,2.16
ip_shuffle,20260623T123650_595818,of:0000000000000001:1 -> of:000000000000000b:1,0.002,0.0025,0.002,0.002,1.7,2026-06-23T12:36:50,0.001,1.63
ip_shuffle,20260623T123650_595818,of:000000000000000b:2 -> of:000000000000000c:2,0.002,0.0025,0.002,0.002,2.2,2026-06-23T12:36:50,0.002,2.2
ip_shuffle,20260623T123650_595818,of:0000000000000001:2 -> of:000000000000000c:1,0.002,0.0025,0.002,0.002,1.7,2026-06-23T12:36:50,0.001,1.63
ip_shuffle,20260623T123650_595818,of:0000000000000006:2 -> of:000000000000000a:2,0.002,0.0025,0.002,0.002,2.36,2026-06-23T12:36:50,0.002,2.36
ip_shuffle,20260623T123650_595818,of:0000000000000001:3 -> of:000000000000000d:1,0.003,0.00375,0.003,0.003,3.7,2026-06-23T12:36:50,0.003,3.8
ip_shuffle,20260623T123650_595818,of:0000000000000003:1 -> of:000000000000000b:5,0.002,0.0025,0.002,0.001,1.63,2026-06-23T12:36:50,0.002,1.7
ip_shuffle,20260623T123650_595818,of:0000000000000006:1 -> of:000000000000000d:4,0.002,0.0025,0.002,0.002,2.63,2026-06-23T12:36:50,0.002,2.73
ip_shuffle,20260623T123650_595818,of:0000000000000007:2 -> of:000000000000000a:3,0.002,0.0025,0.002,0.002,2.36,2026-06-23T12:36:50,0.002,2.36
ip_shuffle,20260623T123650_595818,of:0000000000000007:1 -> of:000000000000000d:5,0.003,0.00375,0.003,0.003,3.16,2026-06-23T12:36:50,0.003,3.1
ip_shuffle,20260623T123650_595818,of:0000000000000002:2 -> of:0000000000000008:2,0.002,0.0025,0.002,0.002,2.2,2026-06-23T12:36:50,0.002,2.2
ip_shuffle,20260623T123650_595818,of:0000000000000003:2 -> of:0000000000000008:3,0.002,0.0025,0.002,0.002,2.2,2026-06-23T12:36:50,0.002,2.2
ip_shuffle,20260623T123650_595818,of:0000000000000008:1 -> of:000000000000000b:6,0.002,0.0025,0.002,0.002,1.76,2026-06-23T12:36:50,0.002,1.76
ip_shuffle,20260623T123650_595818,of:0000000000000004:2 -> of:0000000000000009:2,0.002,0.0025,0.002,0.002,2.16,2026-06-23T12:36:50,0.002,2.16
ip_shuffle,20260623T123650_595818,of:0000000000000002:1 -> of:000000000000000b:4,0.002,0.0025,0.002,0.001,1.63,2026-06-23T12:36:50,0.002,1.7
ip_shuffle,20260623T123650_595818,of:0000000000000009:1 -> of:000000000000000c:6,0.002,0.0025,0.002,0.002,1.76,2026-06-23T12:36:50,0.002,1.76
ip_shuffle,20260623T123801_847647,of:0000000000000004:1 -> of:000000000000000c:4,0.002,0.0025,0.002,0.002,1.8,2026-06-23T12:38:01,0.002,1.83
ip_shuffle,20260623T123801_847647,of:0000000000000005:1 -> of:000000000000000c:5,0.002,0.0025,0.002,0.002,1.8,2026-06-23T12:38:01,0.002,1.83
ip_shuffle,20260623T123801_847647,of:000000000000000a:1 -> of:000000000000000d:6,0.002,0.0025,0.002,0.002,1.83,2026-06-23T12:38:01,0.002,1.83
ip_shuffle,20260623T123801_847647,of:000000000000000b:3 -> of:000000000000000d:2,0.002,0.0025,0.002,0.002,2.43,2026-06-23T12:38:01,0.002,2.46
ip_shuffle,20260623T123801_847647,of:000000000000000c:3 -> of:000000000000000d:3,0.002,0.0025,0.002,0.002,2.43,2026-06-23T12:38:01,0.002,2.46
ip_shuffle,20260623T123801_847647,of:0000000000000005:2 -> of:0000000000000009:3,0.002,0.0025,0.002,0.002,2.46,2026-06-23T12:38:01,0.002,2.46
ip_shuffle,20260623T123801_847647,of:0000000000000001:1 -> of:000000000000000b:1,0.002,0.0025,0.002,0.002,1.83,2026-06-23T12:38:01,0.002,1.8
ip_shuffle,20260623T123801_847647,of:000000000000000b:2 -> of:000000000000000c:2,0.002,0.0025,0.002,0.002,2.46,2026-06-23T12:38:01,0.002,2.46
ip_shuffle,20260623T123801_847647,of:0000000000000001:2 -> of:000000000000000c:1,0.002,0.0025,0.002,0.002,1.83,2026-06-23T12:38:01,0.002,1.8
ip_shuffle,20260623T123801_847647,of:0000000000000006:2 -> of:000000000000000a:2,0.002,0.0025,0.002,0.002,2.53,2026-06-23T12:38:01,0.002,2.53
ip_shuffle,20260623T123801_847647,of:0000000000000001:3 -> of:000000000000000d:1,0.003,0.00375,0.003,0.003,3.63,2026-06-23T12:38:01,0.003,3.66
ip_shuffle,20260623T123801_847647,of:0000000000000003:1 -> of:000000000000000b:5,0.002,0.0025,0.002,0.002,1.76,2026-06-23T12:38:01,0.002,1.83
ip_shuffle,20260623T123801_847647,of:0000000000000006:1 -> of:000000000000000d:4,0.003,0.00375,0.003,0.003,3.06,2026-06-23T12:38:01,0.003,3.16
ip_shuffle,20260623T123801_847647,of:0000000000000007:2 -> of:000000000000000a:3,0.002,0.0025,0.002,0.002,2.5,2026-06-23T12:38:01,0.002,2.5
ip_shuffle,20260623T123801_847647,of:0000000000000007:1 -> of:000000000000000d:5,0.002,0.0025,0.002,0.002,2.4,2026-06-23T12:38:01,0.002,2.33
ip_shuffle,20260623T123801_847647,of:0000000000000002:2 -> of:0000000000000008:2,0.002,0.0025,0.002,0.002,2.43,2026-06-23T12:38:01,0.002,2.43
ip_shuffle,20260623T123801_847647,of:0000000000000003:2 -> of:0000000000000008:3,0.002,0.0025,0.002,0.002,2.43,2026-06-23T12:38:01,0.002,2.43
ip_shuffle,20260623T123801_847647,of:0000000000000008:1 -> of:000000000000000b:6,0.002,0.0025,0.002,0.002,1.86,2026-06-23T12:38:01,0.002,1.9
ip_shuffle,20260623T123801_847647,of:0000000000000004:2 -> of:0000000000000009:2,0.002,0.0025,0.002,0.002,2.46,2026-06-23T12:38:01,0.002,2.46
ip_shuffle,20260623T123801_847647,of:0000000000000002:1 -> of:000000000000000b:4,0.002,0.0025,0.002,0.002,1.76,2026-06-23T12:38:01,0.002,1.83
ip_shuffle,20260623T123801_847647,of:0000000000000009:1 -> of:000000000000000c:6,0.002,0.0025,0.002,0.002,1.9,2026-06-23T12:38:01,0.002,1.9
ip_shuffle,20260623T123859_566329,of:0000000000000004:1 -> of:000000000000000c:4,0.002,0.0025,0.002,0.002,1.47,2026-06-23T12:38:59,0.002,1.43
ip_shuffle,20260623T123859_566329,of:0000000000000005:1 -> of:000000000000000c:5,0.002,0.0025,0.002,0.002,1.47,2026-06-23T12:38:59,0.002,1.43
ip_shuffle,20260623T123859_566329,of:000000000000000a:1 -> of:000000000000000d:6,0.002,0.0025,0.002,0.002,1.43,2026-06-23T12:38:59,0.002,1.43
ip_shuffle,20260623T123859_566329,of:000000000000000b:3 -> of:000000000000000d:2,0.002,0.0025,0.002,0.002,1.53,2026-06-23T12:38:59,0.002,1.53
ip_shuffle,20260623T123859_566329,of:000000000000000c:3 -> of:000000000000000d:3,0.002,0.0025,0.002,0.002,1.53,2026-06-23T12:38:59,0.002,1.53
ip_shuffle,20260623T123859_566329,of:0000000000000005:2 -> of:0000000000000009:3,0.002,0.0025,0.002,0.002,1.57,2026-06-23T12:38:59,0.002,1.57
ip_shuffle,20260623T123859_566329,of:0000000000000001:1 -> of:000000000000000b:1,0.003,0.00375,0.003,0.003,2.96,2026-06-23T12:38:59,0.003,2.96
ip_shuffle,20260623T123859_566329,of:000000000000000b:2 -> of:000000000000000c:2,0.002,0.0025,0.002,0.002,1.53,2026-06-23T12:38:59,0.002,1.53
ip_shuffle,20260623T123859_566329,of:0000000000000001:2 -> of:000000000000000c:1,0.002,0.0025,0.002,0.002,1.43,2026-06-23T12:38:59,0.002,1.43
ip_shuffle,20260623T123859_566329,of:0000000000000006:2 -> of:000000000000000a:2,0.002,0.0025,0.002,0.002,1.57,2026-06-23T12:38:59,0.002,1.57
ip_shuffle,20260623T123859_566329,of:0000000000000001:3 -> of:000000000000000d:1,0.002,0.0025,0.002,0.002,1.43,2026-06-23T12:38:59,0.002,1.43
ip_shuffle,20260623T123859_566329,of:0000000000000003:1 -> of:000000000000000b:5,0.002,0.0025,0.002,0.002,1.96,2026-06-23T12:38:59,0.002,1.96
ip_shuffle,20260623T123859_566329,of:0000000000000006:1 -> of:000000000000000d:4,0.002,0.0025,0.002,0.002,1.47,2026-06-23T12:38:59,0.002,1.43
ip_shuffle,20260623T123859_566329,of:0000000000000007:2 -> of:000000000000000a:3,0.001,0.00125,0.001,0.001,1.47,2026-06-23T12:38:59,0.001,1.47
ip_shuffle,20260623T123859_566329,of:0000000000000007:1 -> of:000000000000000d:5,0.001,0.00125,0.001,0.001,1.37,2026-06-23T12:38:59,0.001,1.37
ip_shuffle,20260623T123859_566329,of:0000000000000002:2 -> of:0000000000000008:2,0.001,0.00125,0.001,0.001,1.47,2026-06-23T12:38:59,0.001,1.47
ip_shuffle,20260623T123859_566329,of:0000000000000003:2 -> of:0000000000000008:3,0.001,0.00125,0.001,0.001,1.47,2026-06-23T12:38:59,0.001,1.47
ip_shuffle,20260623T123859_566329,of:0000000000000008:1 -> of:000000000000000b:6,0.001,0.00125,0.001,0.001,1.37,2026-06-23T12:38:59,0.001,1.37
ip_shuffle,20260623T123859_566329,of:0000000000000004:2 -> of:0000000000000009:2,0.002,0.0025,0.002,0.002,1.57,2026-06-23T12:38:59,0.002,1.57
ip_shuffle,20260623T123859_566329,of:0000000000000002:1 -> of:000000000000000b:4,0.002,0.0025,0.002,0.002,2.43,2026-06-23T12:38:59,0.002,2.43
ip_shuffle,20260623T123859_566329,of:0000000000000009:1 -> of:000000000000000c:6,0.002,0.0025,0.002,0.002,1.43,2026-06-23T12:38:59,0.002,1.43
ip_shuffle,20260623T123957_308229,of:0000000000000004:1 -> of:000000000000000c:4,0.002,0.0025,0.002,0.002,2.06,2026-06-23T12:39:57,0.002,2.1
ip_shuffle,20260623T123957_308229,of:0000000000000005:1 -> of:000000000000000c:5,0.002,0.0025,0.002,0.002,2.06,2026-06-23T12:39:57,0.002,2.1
ip_shuffle,20260623T123957_308229,of:000000000000000a:1 -> of:000000000000000d:6,0.002,0.0025,0.002,0.002,2.16,2026-06-23T12:39:57,0.002,2.2
ip_shuffle,20260623T123957_308229,of:000000000000000b:3 -> of:000000000000000d:2,0.002,0.0025,0.002,0.002,3.03,2026-06-23T12:39:57,0.002,3.03
ip_shuffle,20260623T123957_308229,of:000000000000000c:3 -> of:000000000000000d:3,0.002,0.0025,0.002,0.002,3.03,2026-06-23T12:39:57,0.002,3.03
ip_shuffle,20260623T123957_308229,of:0000000000000005:2 -> of:0000000000000009:3,0.002,0.0025,0.002,0.002,2.9,2026-06-23T12:39:57,0.002,2.9
ip_shuffle,20260623T123957_308229,of:0000000000000001:1 -> of:000000000000000b:1,0.002,0.0025,0.002,0.002,2.16,2026-06-23T12:39:57,0.002,2.16
ip_shuffle,20260623T123957_308229,of:000000000000000b:2 -> of:000000000000000c:2,0.002,0.0025,0.002,0.002,3.0,2026-06-23T12:39:57,0.002,3.0
ip_shuffle,20260623T123957_308229,of:0000000000000001:2 -> of:000000000000000c:1,0.002,0.0025,0.002,0.002,2.16,2026-06-23T12:39:57,0.002,2.16
ip_shuffle,20260623T123957_308229,of:0000000000000006:2 -> of:000000000000000a:2,0.002,0.0025,0.002,0.002,2.9,2026-06-23T12:39:57,0.002,2.9
ip_shuffle,20260623T123957_308229,of:0000000000000001:3 -> of:000000000000000d:1,0.004,0.005,0.004,0.004,4.5,2026-06-23T12:39:57,0.003,4.43
ip_shuffle,20260623T123957_308229,of:0000000000000003:1 -> of:000000000000000b:5,0.002,0.0025,0.002,0.002,2.16,2026-06-23T12:39:57,0.002,2.16
ip_shuffle,20260623T123957_308229,of:0000000000000006:1 -> of:000000000000000d:4,0.002,0.0025,0.002,0.002,3.16,2026-06-23T12:39:57,0.002,3.06
ip_shuffle,20260623T123957_308229,of:0000000000000007:2 -> of:000000000000000a:3,0.002,0.0025,0.002,0.002,3.0,2026-06-23T12:39:57,0.002,3.0
ip_shuffle,20260623T123957_308229,of:0000000000000007:1 -> of:000000000000000d:5,0.003,0.00375,0.003,0.003,3.33,2026-06-23T12:39:57,0.003,3.3
ip_shuffle,20260623T123957_308229,of:0000000000000002:2 -> of:0000000000000008:2,0.002,0.0025,0.002,0.002,3.0,2026-06-23T12:39:57,0.002,3.0
ip_shuffle,20260623T123957_308229,of:0000000000000003:2 -> of:0000000000000008:3,0.002,0.0025,0.002,0.002,3.0,2026-06-23T12:39:57,0.002,3.0
ip_shuffle,20260623T123957_308229,of:0000000000000008:1 -> of:000000000000000b:6,0.002,0.0025,0.002,0.002,2.16,2026-06-23T12:39:57,0.002,2.16
ip_shuffle,20260623T123957_308229,of:0000000000000004:2 -> of:0000000000000009:2,0.002,0.0025,0.002,0.002,2.9,2026-06-23T12:39:57,0.002,2.9
ip_shuffle,20260623T123957_308229,of:0000000000000002:1 -> of:000000000000000b:4,0.002,0.0025,0.002,0.002,2.16,2026-06-23T12:39:57,0.002,2.16
ip_shuffle,20260623T123957_308229,of:0000000000000009:1 -> of:000000000000000c:6,0.002,0.0025,0.002,0.002,2.16,2026-06-23T12:39:57,0.002,2.16
route_mutation,20260623T124054_990969,of:0000000000000004:1 -> of:000000000000000c:4,0.002,0.0025,0.002,0.002,2.2,2026-06-23T12:40:54,0.002,2.26
route_mutation,20260623T124054_990969,of:0000000000000005:1 -> of:000000000000000c:5,0.002,0.0025,0.002,0.002,1.76,2026-06-23T12:40:54,0.002,1.83
route_mutation,20260623T124054_990969,of:000000000000000a:1 -> of:000000000000000d:6,0.001,0.00125,0.001,0.001,1.47,2026-06-23T12:40:54,0.001,1.47
route_mutation,20260623T124054_990969,of:000000000000000b:3 -> of:000000000000000d:2,0.002,0.0025,0.002,0.002,1.67,2026-06-23T12:40:54,0.002,1.67
route_mutation,20260623T124054_990969,of:000000000000000c:3 -> of:000000000000000d:3,0.002,0.0025,0.002,0.002,1.67,2026-06-23T12:40:54,0.002,1.67
route_mutation,20260623T124054_990969,of:0000000000000005:2 -> of:0000000000000009:3,0.002,0.0025,0.002,0.002,1.6,2026-06-23T12:40:54,0.002,1.6
route_mutation,20260623T124054_990969,of:0000000000000001:1 -> of:000000000000000b:1,0.003,0.00375,0.003,0.003,3.43,2026-06-23T12:40:54,0.003,3.43
route_mutation,20260623T124054_990969,of:000000000000000b:2 -> of:000000000000000c:2,0.001,0.00125,0.001,0.001,1.6,2026-06-23T12:40:54,0.001,1.6
route_mutation,20260623T124054_990969,of:0000000000000001:2 -> of:000000000000000c:1,0.002,0.0025,0.002,0.002,2.5,2026-06-23T12:40:54,0.002,2.43
route_mutation,20260623T124054_990969,of:0000000000000006:2 -> of:000000000000000a:2,0.002,0.0025,0.002,0.002,1.6,2026-06-23T12:40:54,0.002,1.6
route_mutation,20260623T124054_990969,of:0000000000000001:3 -> of:000000000000000d:1,0.001,0.00125,0.001,0.001,1.47,2026-06-23T12:40:54,0.001,1.43
route_mutation,20260623T124054_990969,of:0000000000000003:1 -> of:000000000000000b:5,0.002,0.0025,0.002,0.002,2.4,2026-06-23T12:40:54,0.002,2.43
route_mutation,20260623T124054_990969,of:0000000000000006:1 -> of:000000000000000d:4,0.002,0.0025,0.002,0.002,1.47,2026-06-23T12:40:54,0.002,1.53
route_mutation,20260623T124054_990969,of:0000000000000007:2 -> of:000000000000000a:3,0.002,0.0025,0.002,0.002,1.67,2026-06-23T12:40:54,0.002,1.67
route_mutation,20260623T124054_990969,of:0000000000000007:1 -> of:000000000000000d:5,0.002,0.0025,0.002,0.002,1.53,2026-06-23T12:40:54,0.002,1.53
route_mutation,20260623T124054_990969,of:0000000000000002:2 -> of:0000000000000008:2,0.002,0.0025,0.002,0.002,1.63,2026-06-23T12:40:54,0.002,1.63
route_mutation,20260623T124054_990969,of:0000000000000003:2 -> of:0000000000000008:3,0.002,0.0025,0.002,0.002,1.63,2026-06-23T12:40:54,0.002,1.63
route_mutation,20260623T124054_990969,of:0000000000000008:1 -> of:000000000000000b:6,0.001,0.00125,0.001,0.001,1.47,2026-06-23T12:40:54,0.001,1.47
route_mutation,20260623T124054_990969,of:0000000000000004:2 -> of:0000000000000009:2,0.002,0.0025,0.002,0.002,1.6,2026-06-23T12:40:54,0.002,1.6
route_mutation,20260623T124054_990969,of:0000000000000002:1 -> of:000000000000000b:4,0.002,0.0025,0.002,0.002,2.4,2026-06-23T12:40:54,0.002,2.4
route_mutation,20260623T124054_990969,of:0000000000000009:1 -> of:000000000000000c:6,0.001,0.00125,0.001,0.001,1.4,2026-06-23T12:40:54,0.001,1.4
ip_shuffle,20260623T124125_357150,of:0000000000000004:1 -> of:000000000000000c:4,0.002,0.0025,0.002,0.002,2.1,2026-06-23T12:41:25,0.002,2.0
ip_shuffle,20260623T124125_357150,of:0000000000000005:1 -> of:000000000000000c:5,0.002,0.0025,0.002,0.002,2.53,2026-06-23T12:41:25,0.002,2.43
ip_shuffle,20260623T124125_357150,of:000000000000000a:1 -> of:000000000000000d:6,0.002,0.0025,0.002,0.002,2.0,2026-06-23T12:41:25,0.002,2.03
ip_shuffle,20260623T124125_357150,of:000000000000000b:3 -> of:000000000000000d:2,0.002,0.0025,0.002,0.002,2.76,2026-06-23T12:41:25,0.002,2.76
ip_shuffle,20260623T124125_357150,of:000000000000000c:3 -> of:000000000000000d:3,0.002,0.0025,0.002,0.002,2.76,2026-06-23T12:41:25,0.002,2.76
ip_shuffle,20260623T124125_357150,of:0000000000000005:2 -> of:0000000000000009:3,0.002,0.0025,0.002,0.002,2.83,2026-06-23T12:41:25,0.002,2.83
ip_shuffle,20260623T124125_357150,of:0000000000000001:1 -> of:000000000000000b:1,0.002,0.0025,0.002,0.002,2.06,2026-06-23T12:41:25,0.002,2.13
ip_shuffle,20260623T124125_357150,of:000000000000000b:2 -> of:000000000000000c:2,0.002,0.0025,0.002,0.002,2.8,2026-06-23T12:41:25,0.002,2.8
ip_shuffle,20260623T124125_357150,of:0000000000000001:2 -> of:000000000000000c:1,0.002,0.0025,0.002,0.002,2.56,2026-06-23T12:41:25,0.002,2.66
ip_shuffle,20260623T124125_357150,of:0000000000000006:2 -> of:000000000000000a:2,0.002,0.0025,0.002,0.002,2.83,2026-06-23T12:41:25,0.002,2.83
ip_shuffle,20260623T124125_357150,of:0000000000000001:3 -> of:000000000000000d:1,0.003,0.00375,0.003,0.003,3.99,2026-06-23T12:41:25,0.003,3.89
ip_shuffle,20260623T124125_357150,of:0000000000000003:1 -> of:000000000000000b:5,0.002,0.0025,0.002,0.002,2.13,2026-06-23T12:41:25,0.002,2.06
ip_shuffle,20260623T124125_357150,of:0000000000000006:1 -> of:000000000000000d:4,0.003,0.00375,0.003,0.003,3.33,2026-06-23T12:41:25,0.003,3.26
ip_shuffle,20260623T124125_357150,of:0000000000000007:2 -> of:000000000000000a:3,0.002,0.0025,0.002,0.002,2.76,2026-06-23T12:41:25,0.002,2.76
ip_shuffle,20260623T124125_357150,of:0000000000000007:1 -> of:000000000000000d:5,0.002,0.0025,0.002,0.002,2.5,2026-06-23T12:41:25,0.002,2.43
ip_shuffle,20260623T124125_357150,of:0000000000000002:2 -> of:0000000000000008:2,0.002,0.0025,0.002,0.002,2.86,2026-06-23T12:41:25,0.002,2.86
ip_shuffle,20260623T124125_357150,of:0000000000000003:2 -> of:0000000000000008:3,0.002,0.0025,0.002,0.002,2.86,2026-06-23T12:41:25,0.002,2.86
ip_shuffle,20260623T124125_357150,of:0000000000000008:1 -> of:000000000000000b:6,0.002,0.0025,0.002,0.002,2.06,2026-06-23T12:41:25,0.002,2.06
ip_shuffle,20260623T124125_357150,of:0000000000000004:2 -> of:0000000000000009:2,0.002,0.0025,0.002,0.002,2.83,2026-06-23T12:41:25,0.002,2.83
ip_shuffle,20260623T124125_357150,of:0000000000000002:1 -> of:000000000000000b:4,0.002,0.0025,0.002,0.002,2.13,2026-06-23T12:41:25,0.002,2.06
ip_shuffle,20260623T124125_357150,of:0000000000000009:1 -> of:000000000000000c:6,0.002,0.0025,0.002,0.002,2.06,2026-06-23T12:41:25,0.002,2.06
route_mutation,20260623T124229_547288,of:0000000000000004:1 -> of:000000000000000c:4,0.002,0.0025,0.002,0.002,1.73,2026-06-23T12:42:29,0.002,1.73
route_mutation,20260623T124229_547288,of:0000000000000005:1 -> of:000000000000000c:5,0.001,0.00125,0.001,0.001,1.46,2026-06-23T12:42:29,0.001,1.46
route_mutation,20260623T124229_547288,of:000000000000000a:1 -> of:000000000000000d:6,0.001,0.00125,0.001,0.001,1.46,2026-06-23T12:42:29,0.001,1.46
route_mutation,20260623T124229_547288,of:000000000000000b:3 -> of:000000000000000d:2,0.002,0.0025,0.002,0.002,1.66,2026-06-23T12:42:29,0.002,1.66
route_mutation,20260623T124229_547288,of:000000000000000c:3 -> of:000000000000000d:3,0.002,0.0025,0.002,0.002,1.66,2026-06-23T12:42:29,0.002,1.66
route_mutation,20260623T124229_547288,of:0000000000000005:2 -> of:0000000000000009:3,0.002,0.0025,0.002,0.002,1.66,2026-06-23T12:42:29,0.002,1.66
route_mutation,20260623T124229_547288,of:0000000000000001:1 -> of:000000000000000b:1,0.003,0.00375,0.003,0.003,3.4,2026-06-23T12:42:29,0.003,3.4
route_mutation,20260623T124229_547288,of:000000000000000b:2 -> of:000000000000000c:2,0.001,0.00125,0.001,0.001,1.6,2026-06-23T12:42:29,0.001,1.6
route_mutation,20260623T124229_547288,of:0000000000000001:2 -> of:000000000000000c:1,0.002,0.0025,0.002,0.002,1.6,2026-06-23T12:42:29,0.002,1.6
route_mutation,20260623T124229_547288,of:0000000000000006:2 -> of:000000000000000a:2,0.002,0.0025,0.002,0.002,1.66,2026-06-23T12:42:29,0.002,1.66
route_mutation,20260623T124229_547288,of:0000000000000001:3 -> of:000000000000000d:1,0.001,0.00125,0.001,0.001,1.46,2026-06-23T12:42:29,0.001,1.46
route_mutation,20260623T124229_547288,of:0000000000000003:1 -> of:000000000000000b:5,0.002,0.0025,0.002,0.002,2.4,2026-06-23T12:42:29,0.002,2.4
route_mutation,20260623T124229_547288,of:0000000000000006:1 -> of:000000000000000d:4,0.002,0.0025,0.002,0.002,1.53,2026-06-23T12:42:29,0.002,1.53
route_mutation,20260623T124229_547288,of:0000000000000007:2 -> of:000000000000000a:3,0.002,0.0025,0.002,0.002,1.66,2026-06-23T12:42:29,0.002,1.66
route_mutation,20260623T124229_547288,of:0000000000000007:1 -> of:000000000000000d:5,0.002,0.0025,0.002,0.002,1.53,2026-06-23T12:42:29,0.002,1.53
route_mutation,20260623T124229_547288,of:0000000000000002:2 -> of:0000000000000008:2,0.001,0.00125,0.001,0.001,1.6,2026-06-23T12:42:29,0.001,1.6
route_mutation,20260623T124229_547288,of:0000000000000003:2 -> of:0000000000000008:3,0.001,0.00125,0.001,0.001,1.6,2026-06-23T12:42:29,0.001,1.6
route_mutation,20260623T124229_547288,of:0000000000000008:1 -> of:000000000000000b:6,0.001,0.00125,0.001,0.001,1.4,2026-06-23T12:42:29,0.001,1.4
route_mutation,20260623T124229_547288,of:0000000000000004:2 -> of:0000000000000009:2,0.002,0.0025,0.002,0.002,1.66,2026-06-23T12:42:29,0.002,1.66
route_mutation,20260623T124229_547288,of:0000000000000002:1 -> of:000000000000000b:4,0.002,0.0025,0.002,0.002,2.43,2026-06-23T12:42:29,0.002,2.43
route_mutation,20260623T124229_547288,of:0000000000000009:1 -> of:000000000000000c:6,0.001,0.00125,0.001,0.001,1.4,2026-06-23T12:42:29,0.001,1.4
route_mutation,20260623T124259_860138,of:0000000000000004:1 -> of:000000000000000c:4,0.002,0.0025,0.002,0.002,2.43,2026-06-23T12:42:59,0.002,2.3
route_mutation,20260623T124259_860138,of:0000000000000005:1 -> of:000000000000000c:5,0.002,0.0025,0.002,0.002,2.7,2026-06-23T12:42:59,0.002,2.56
route_mutation,20260623T124259_860138,of:000000000000000a:1 -> of:000000000000000d:6,0.002,0.0025,0.002,0.002,1.76,2026-06-23T12:42:59,0.002,1.8
route_mutation,20260623T124259_860138,of:000000000000000b:3 -> of:000000000000000d:2,0.002,0.0025,0.002,0.002,2.26,2026-06-23T12:42:59,0.002,2.3
route_mutation,20260623T124259_860138,of:000000000000000c:3 -> of:000000000000000d:3,0.002,0.0025,0.002,0.002,2.26,2026-06-23T12:42:59,0.002,2.3
route_mutation,20260623T124259_860138,of:0000000000000005:2 -> of:0000000000000009:3,0.002,0.0025,0.002,0.002,2.4,2026-06-23T12:42:59,0.002,2.4
route_mutation,20260623T124259_860138,of:0000000000000001:1 -> of:000000000000000b:1,0.002,0.0025,0.002,0.002,1.9,2026-06-23T12:42:59,0.002,2.0
route_mutation,20260623T124259_860138,of:000000000000000b:2 -> of:000000000000000c:2,0.002,0.0025,0.002,0.002,2.33,2026-06-23T12:42:59,0.002,2.33
route_mutation,20260623T124259_860138,of:0000000000000001:2 -> of:000000000000000c:1,0.003,0.00375,0.003,0.003,3.23,2026-06-23T12:42:59,0.003,3.33
route_mutation,20260623T124259_860138,of:0000000000000006:2 -> of:000000000000000a:2,0.002,0.0025,0.002,0.002,2.4,2026-06-23T12:42:59,0.002,2.4
route_mutation,20260623T124259_860138,of:0000000000000001:3 -> of:000000000000000d:1,0.003,0.00375,0.003,0.003,3.16,2026-06-23T12:42:59,0.003,3.1
route_mutation,20260623T124259_860138,of:0000000000000003:1 -> of:000000000000000b:5,0.002,0.0025,0.002,0.002,1.96,2026-06-23T12:42:59,0.002,1.86
route_mutation,20260623T124259_860138,of:0000000000000006:1 -> of:000000000000000d:4,0.003,0.00375,0.003,0.003,3.1,2026-06-23T12:42:59,0.002,3.0
route_mutation,20260623T124259_860138,of:0000000000000007:2 -> of:000000000000000a:3,0.002,0.0025,0.002,0.002,2.4,2026-06-23T12:42:59,0.002,2.4
route_mutation,20260623T124259_860138,of:0000000000000007:1 -> of:000000000000000d:5,0.002,0.0025,0.002,0.002,1.83,2026-06-23T12:42:59,0.002,1.96
route_mutation,20260623T124259_860138,of:0000000000000002:2 -> of:0000000000000008:2,0.002,0.0025,0.002,0.002,2.43,2026-06-23T12:42:59,0.002,2.43
route_mutation,20260623T124259_860138,of:0000000000000003:2 -> of:0000000000000008:3,0.002,0.0025,0.002,0.002,2.43,2026-06-23T12:42:59,0.002,2.43
route_mutation,20260623T124259_860138,of:0000000000000008:1 -> of:000000000000000b:6,0.002,0.0025,0.002,0.002,1.83,2026-06-23T12:42:59,0.002,1.83
route_mutation,20260623T124259_860138,of:0000000000000004:2 -> of:0000000000000009:2,0.002,0.0025,0.002,0.002,2.4,2026-06-23T12:42:59,0.002,2.4
route_mutation,20260623T124259_860138,of:0000000000000002:1 -> of:000000000000000b:4,0.002,0.0025,0.002,0.002,1.93,2026-06-23T12:42:59,0.002,1.83
route_mutation,20260623T124259_860138,of:0000000000000009:1 -> of:000000000000000c:6,0.002,0.0025,0.002,0.002,1.83,2026-06-23T12:42:59,0.002,1.83
ip_shuffle,20260623T124330_072096,of:0000000000000004:1 -> of:000000000000000c:4,0.002,0.0025,0.002,0.002,1.8,2026-06-23T12:43:30,0.002,1.93
ip_shuffle,20260623T124330_072096,of:0000000000000005:1 -> of:000000000000000c:5,0.002,0.0025,0.002,0.002,1.8,2026-06-23T12:43:30,0.002,1.93
ip_shuffle,20260623T124330_072096,of:000000000000000a:1 -> of:000000000000000d:6,0.002,0.0025,0.002,0.002,1.93,2026-06-23T12:43:30,0.002,1.9
ip_shuffle,20260623T124330_072096,of:000000000000000b:3 -> of:000000000000000d:2,0.002,0.0025,0.002,0.002,2.53,2026-06-23T12:43:30,0.002,2.5
ip_shuffle,20260623T124330_072096,of:000000000000000c:3 -> of:000000000000000d:3,0.002,0.0025,0.002,0.002,2.53,2026-06-23T12:43:30,0.002,2.5
ip_shuffle,20260623T124330_072096,of:0000000000000005:2 -> of:0000000000000009:3,0.002,0.0025,0.002,0.002,2.4,2026-06-23T12:43:30,0.002,2.4
ip_shuffle,20260623T124330_072096,of:0000000000000001:1 -> of:000000000000000b:1,0.002,0.0025,0.002,0.002,1.93,2026-06-23T12:43:30,0.002,1.83
ip_shuffle,20260623T124330_072096,of:000000000000000b:2 -> of:000000000000000c:2,0.002,0.0025,0.002,0.002,2.53,2026-06-23T12:43:30,0.002,2.53
ip_shuffle,20260623T124330_072096,of:0000000000000001:2 -> of:000000000000000c:1,0.002,0.0025,0.002,0.002,1.93,2026-06-23T12:43:30,0.002,1.83
ip_shuffle,20260623T124330_072096,of:0000000000000006:2 -> of:000000000000000a:2,0.002,0.0025,0.002,0.002,2.4,2026-06-23T12:43:30,0.002,2.4
ip_shuffle,20260623T124330_072096,of:0000000000000001:3 -> of:000000000000000d:1,0.003,0.00375,0.003,0.003,3.23,2026-06-23T12:43:30,0.003,3.3
ip_shuffle,20260623T124330_072096,of:0000000000000003:1 -> of:000000000000000b:5,0.002,0.0025,0.002,0.002,1.83,2026-06-23T12:43:30,0.002,1.93
ip_shuffle,20260623T124330_072096,of:0000000000000006:1 -> of:000000000000000d:4,0.002,0.0025,0.002,0.002,1.83,2026-06-23T12:43:30,0.002,1.93
ip_shuffle,20260623T124330_072096,of:0000000000000007:2 -> of:000000000000000a:3,0.002,0.0025,0.002,0.002,2.4,2026-06-23T12:43:30,0.002,2.4
ip_shuffle,20260623T124330_072096,of:0000000000000007:1 -> of:000000000000000d:5,0.003,0.00375,0.003,0.003,3.2,2026-06-23T12:43:30,0.003,3.06
ip_shuffle,20260623T124330_072096,of:0000000000000002:2 -> of:0000000000000008:2,0.002,0.0025,0.002,0.002,2.43,2026-06-23T12:43:30,0.002,2.43
ip_shuffle,20260623T124330_072096,of:0000000000000003:2 -> of:0000000000000008:3,0.002,0.0025,0.002,0.002,2.43,2026-06-23T12:43:30,0.002,2.43
ip_shuffle,20260623T124330_072096,of:0000000000000008:1 -> of:000000000000000b:6,0.002,0.0025,0.002,0.002,1.93,2026-06-23T12:43:30,0.002,1.93
ip_shuffle,20260623T124330_072096,of:0000000000000004:2 -> of:0000000000000009:2,0.002,0.0025,0.002,0.002,2.4,2026-06-23T12:43:30,0.002,2.4
ip_shuffle,20260623T124330_072096,of:0000000000000002:1 -> of:000000000000000b:4,0.002,0.0025,0.002,0.002,1.83,2026-06-23T12:43:30,0.002,1.93
ip_shuffle,20260623T124330_072096,of:0000000000000009:1 -> of:000000000000000c:6,0.002,0.0025,0.002,0.002,1.93,2026-06-23T12:43:30,0.002,1.93
ip_shuffle,20260623T124434_290808,of:0000000000000004:1 -> of:000000000000000c:4,0.002,0.0025,0.002,0.002,2.46,2026-06-23T12:44:34,0.002,2.4
ip_shuffle,20260623T124434_290808,of:0000000000000005:1 -> of:000000000000000c:5,0.002,0.0025,0.002,0.002,2.46,2026-06-23T12:44:34,0.002,2.4
ip_shuffle,20260623T124434_290808,of:000000000000000a:1 -> of:000000000000000d:6,0.002,0.0025,0.002,0.002,1.6,2026-06-23T12:44:34,0.002,1.6
ip_shuffle,20260623T124434_290808,of:000000000000000b:3 -> of:000000000000000d:2,0.002,0.0025,0.002,0.002,1.93,2026-06-23T12:44:34,0.002,1.93
ip_shuffle,20260623T124434_290808,of:000000000000000c:3 -> of:000000000000000d:3,0.002,0.0025,0.002,0.002,1.93,2026-06-23T12:44:34,0.002,1.93
ip_shuffle,20260623T124434_290808,of:0000000000000005:2 -> of:0000000000000009:3,0.002,0.0025,0.002,0.002,1.96,2026-06-23T12:44:34,0.002,1.96
ip_shuffle,20260623T124434_290808,of:0000000000000001:1 -> of:000000000000000b:1,0.002,0.0025,0.002,0.002,2.5,2026-06-23T12:44:34,0.002,2.53
ip_shuffle,20260623T124434_290808,of:000000000000000b:2 -> of:000000000000000c:2,0.002,0.0025,0.002,0.002,2.0,2026-06-23T12:44:34,0.002,2.0
ip_shuffle,20260623T124434_290808,of:0000000000000001:2 -> of:000000000000000c:1,0.003,0.00375,0.003,0.003,3.26,2026-06-23T12:44:34,0.003,3.33
ip_shuffle,20260623T124434_290808,of:0000000000000006:2 -> of:000000000000000a:2,0.002,0.0025,0.002,0.002,2.03,2026-06-23T12:44:34,0.002,2.03
ip_shuffle,20260623T124434_290808,of:0000000000000001:3 -> of:000000000000000d:1,0.002,0.0025,0.002,0.002,2.26,2026-06-23T12:44:34,0.002,2.13
ip_shuffle,20260623T124434_290808,of:0000000000000003:1 -> of:000000000000000b:5,0.002,0.0025,0.002,0.002,2.5,2026-06-23T12:44:34,0.002,2.43
ip_shuffle,20260623T124434_290808,of:0000000000000006:1 -> of:000000000000000d:4,0.002,0.0025,0.002,0.002,2.13,2026-06-23T12:44:34,0.002,2.26
ip_shuffle,20260623T124434_290808,of:0000000000000007:2 -> of:000000000000000a:3,0.002,0.0025,0.002,0.002,2.03,2026-06-23T12:44:34,0.002,2.03
ip_shuffle,20260623T124434_290808,of:0000000000000007:1 -> of:000000000000000d:5,0.001,0.00125,0.001,0.001,1.63,2026-06-23T12:44:34,0.001,1.53
ip_shuffle,20260623T124434_290808,of:0000000000000002:2 -> of:0000000000000008:2,0.002,0.0025,0.002,0.002,2.03,2026-06-23T12:44:34,0.002,2.03
ip_shuffle,20260623T124434_290808,of:0000000000000003:2 -> of:0000000000000008:3,0.002,0.0025,0.002,0.002,2.03,2026-06-23T12:44:34,0.002,2.03
ip_shuffle,20260623T124434_290808,of:0000000000000008:1 -> of:000000000000000b:6,0.002,0.0025,0.002,0.002,1.63,2026-06-23T12:44:34,0.002,1.66
ip_shuffle,20260623T124434_290808,of:0000000000000004:2 -> of:0000000000000009:2,0.002,0.0025,0.002,0.002,1.96,2026-06-23T12:44:34,0.002,1.96
ip_shuffle,20260623T124434_290808,of:0000000000000002:1 -> of:000000000000000b:4,0.002,0.0025,0.002,0.002,1.73,2026-06-23T12:44:34,0.002,1.66
ip_shuffle,20260623T124434_290808,of:0000000000000009:1 -> of:000000000000000c:6,0.002,0.0025,0.002,0.002,1.66,2026-06-23T12:44:34,0.002,1.66
ip_shuffle,20260623T124532_005937,of:0000000000000004:1 -> of:000000000000000c:4,0.001,0.00125,0.001,0.001,1.37,2026-06-23T12:45:32,0.001,1.3
ip_shuffle,20260623T124532_005937,of:0000000000000005:1 -> of:000000000000000c:5,0.001,0.00125,0.001,0.001,1.37,2026-06-23T12:45:32,0.001,1.3
ip_shuffle,20260623T124532_005937,of:000000000000000a:1 -> of:000000000000000d:6,0.001,0.00125,0.001,0.001,1.3,2026-06-23T12:45:32,0.001,1.3
ip_shuffle,20260623T124532_005937,of:000000000000000b:3 -> of:000000000000000d:2,0.001,0.00125,0.001,0.001,1.33,2026-06-23T12:45:32,0.001,1.33
ip_shuffle,20260623T124532_005937,of:000000000000000c:3 -> of:000000000000000d:3,0.001,0.00125,0.001,0.001,1.33,2026-06-23T12:45:32,0.001,1.33
ip_shuffle,20260623T124532_005937,of:0000000000000005:2 -> of:0000000000000009:3,0.001,0.00125,0.001,0.001,1.4,2026-06-23T12:45:32,0.001,1.4
ip_shuffle,20260623T124532_005937,of:0000000000000001:1 -> of:000000000000000b:1,0.002,0.0025,0.002,0.002,1.47,2026-06-23T12:45:32,0.001,1.33
ip_shuffle,20260623T124532_005937,of:000000000000000b:2 -> of:000000000000000c:2,0.001,0.00125,0.001,0.001,1.27,2026-06-23T12:45:32,0.001,1.27
ip_shuffle,20260623T124532_005937,of:0000000000000001:2 -> of:000000000000000c:1,0.001,0.00125,0.001,0.001,1.23,2026-06-23T12:45:32,0.001,1.3
ip_shuffle,20260623T124532_005937,of:0000000000000006:2 -> of:000000000000000a:2,0.001,0.00125,0.001,0.001,1.4,2026-06-23T12:45:32,0.001,1.4
ip_shuffle,20260623T124532_005937,of:0000000000000001:3 -> of:000000000000000d:1,0.001,0.00125,0.001,0.001,1.33,2026-06-23T12:45:32,0.001,1.4
ip_shuffle,20260623T124532_005937,of:0000000000000003:1 -> of:000000000000000b:5,0.001,0.00125,0.001,0.001,1.37,2026-06-23T12:45:32,0.001,1.3
ip_shuffle,20260623T124532_005937,of:0000000000000006:1 -> of:000000000000000d:4,0.002,0.0025,0.002,0.002,1.43,2026-06-23T12:45:32,0.001,1.37
ip_shuffle,20260623T124532_005937,of:0000000000000007:2 -> of:000000000000000a:3,0.001,0.00125,0.001,0.001,1.4,2026-06-23T12:45:32,0.001,1.4
ip_shuffle,20260623T124532_005937,of:0000000000000007:1 -> of:000000000000000d:5,0.002,0.0025,0.002,0.002,1.47,2026-06-23T12:45:32,0.002,1.4
ip_shuffle,20260623T124532_005937,of:0000000000000002:2 -> of:0000000000000008:2,0.002,0.0025,0.002,0.002,1.6,2026-06-23T12:45:32,0.002,1.6
ip_shuffle,20260623T124532_005937,of:0000000000000003:2 -> of:0000000000000008:3,0.002,0.0025,0.002,0.002,1.6,2026-06-23T12:45:32,0.002,1.6
ip_shuffle,20260623T124532_005937,of:0000000000000008:1 -> of:000000000000000b:6,0.002,0.0025,0.002,0.002,1.43,2026-06-23T12:45:32,0.001,1.37
ip_shuffle,20260623T124532_005937,of:0000000000000004:2 -> of:0000000000000009:2,0.001,0.00125,0.001,0.001,1.4,2026-06-23T12:45:32,0.001,1.4
ip_shuffle,20260623T124532_005937,of:0000000000000002:1 -> of:000000000000000b:4,0.002,0.0025,0.002,0.002,1.4,2026-06-23T12:45:32,0.002,1.53
ip_shuffle,20260623T124532_005937,of:0000000000000009:1 -> of:000000000000000c:6,0.001,0.00125,0.001,0.001,1.23,2026-06-23T12:45:32,0.001,1.23
route_mutation,20260623T124629_616493,of:0000000000000004:1 -> of:000000000000000c:4,0.002,0.0025,0.002,0.002,2.0,2026-06-23T12:46:29,0.002,1.9
route_mutation,20260623T124629_616493,of:0000000000000005:1 -> of:000000000000000c:5,0.002,0.0025,0.002,0.002,2.16,2026-06-23T12:46:29,0.002,2.06
route_mutation,20260623T124629_616493,of:000000000000000a:1 -> of:000000000000000d:6,0.002,0.0025,0.002,0.002,1.9,2026-06-23T12:46:29,0.002,1.93
route_mutation,20260623T124629_616493,of:000000000000000b:3 -> of:000000000000000d:2,0.002,0.0025,0.002,0.002,2.5,2026-06-23T12:46:29,0.002,2.5
route_mutation,20260623T124629_616493,of:000000000000000c:3 -> of:000000000000000d:3,0.002,0.0025,0.002,0.002,2.53,2026-06-23T12:46:29,0.002,2.53
route_mutation,20260623T124629_616493,of:0000000000000005:2 -> of:0000000000000009:3,0.002,0.0025,0.002,0.002,2.56,2026-06-23T12:46:29,0.002,2.56
route_mutation,20260623T124629_616493,of:0000000000000001:1 -> of:000000000000000b:1,0.002,0.0025,0.002,0.002,1.9,2026-06-23T12:46:29,0.002,2.0
route_mutation,20260623T124629_616493,of:000000000000000b:2 -> of:000000000000000c:2,0.002,0.0025,0.002,0.002,2.46,2026-06-23T12:46:29,0.002,2.46
route_mutation,20260623T124629_616493,of:0000000000000001:2 -> of:000000000000000c:1,0.002,0.0025,0.002,0.002,2.06,2026-06-23T12:46:29,0.002,2.16
route_mutation,20260623T124629_616493,of:0000000000000006:2 -> of:000000000000000a:2,0.002,0.0025,0.002,0.002,2.56,2026-06-23T12:46:29,0.002,2.56
route_mutation,20260623T124629_616493,of:0000000000000001:3 -> of:000000000000000d:1,0.003,0.00375,0.003,0.003,3.36,2026-06-23T12:46:29,0.003,3.23
route_mutation,20260623T124629_616493,of:0000000000000003:1 -> of:000000000000000b:5,0.002,0.0025,0.002,0.002,1.96,2026-06-23T12:46:29,0.002,1.9
route_mutation,20260623T124629_616493,of:0000000000000006:1 -> of:000000000000000d:4,0.003,0.00375,0.003,0.003,3.16,2026-06-23T12:46:29,0.003,3.06
route_mutation,20260623T124629_616493,of:0000000000000007:2 -> of:000000000000000a:3,0.002,0.0025,0.002,0.002,2.53,2026-06-23T12:46:29,0.002,2.53
route_mutation,20260623T124629_616493,of:0000000000000007:1 -> of:000000000000000d:5,0.002,0.0025,0.002,0.002,2.03,2026-06-23T12:46:29,0.002,2.23
route_mutation,20260623T124629_616493,of:0000000000000002:2 -> of:0000000000000008:2,0.002,0.0025,0.002,0.002,2.53,2026-06-23T12:46:29,0.002,2.53
route_mutation,20260623T124629_616493,of:0000000000000003:2 -> of:0000000000000008:3,0.002,0.0025,0.002,0.002,2.53,2026-06-23T12:46:29,0.002,2.53
route_mutation,20260623T124629_616493,of:0000000000000008:1 -> of:000000000000000b:6,0.002,0.0025,0.002,0.002,1.93,2026-06-23T12:46:29,0.002,1.86
route_mutation,20260623T124629_616493,of:0000000000000004:2 -> of:0000000000000009:2,0.002,0.0025,0.002,0.002,2.56,2026-06-23T12:46:29,0.002,2.56
route_mutation,20260623T124629_616493,of:0000000000000002:1 -> of:000000000000000b:4,0.002,0.0025,0.002,0.002,1.96,2026-06-23T12:46:29,0.002,1.9
route_mutation,20260623T124629_616493,of:0000000000000009:1 -> of:000000000000000c:6,0.002,0.0025,0.002,0.002,1.9,2026-06-23T12:46:29,0.002,1.9
route_mutation,20260623T124659_810888,of:0000000000000004:1 -> of:000000000000000c:4,0.002,0.0025,0.002,0.002,1.67,2026-06-23T12:46:59,0.002,1.8
route_mutation,20260623T124659_810888,of:0000000000000005:1 -> of:000000000000000c:5,0.002,0.0025,0.002,0.002,1.67,2026-06-23T12:46:59,0.002,1.8
route_mutation,20260623T124659_810888,of:000000000000000a:1 -> of:000000000000000d:6,0.002,0.0025,0.002,0.002,1.8,2026-06-23T12:46:59,0.002,1.76
route_mutation,20260623T124659_810888,of:000000000000000b:3 -> of:000000000000000d:2,0.002,0.0025,0.002,0.002,2.3,2026-06-23T12:46:59,0.002,2.3
route_mutation,20260623T124659_810888,of:000000000000000c:3 -> of:000000000000000d:3,0.002,0.0025,0.002,0.002,2.3,2026-06-23T12:46:59,0.002,2.3
route_mutation,20260623T124659_810888,of:0000000000000005:2 -> of:0000000000000009:3,0.002,0.0025,0.002,0.002,2.2,2026-06-23T12:46:59,0.002,2.2
route_mutation,20260623T124659_810888,of:0000000000000001:1 -> of:000000000000000b:1,0.002,0.0025,0.002,0.002,1.73,2026-06-23T12:46:59,0.001,1.63
route_mutation,20260623T124659_810888,of:000000000000000b:2 -> of:000000000000000c:2,0.002,0.0025,0.002,0.002,2.26,2026-06-23T12:46:59,0.002,2.26
route_mutation,20260623T124659_810888,of:0000000000000001:2 -> of:000000000000000c:1,0.002,0.0025,0.002,0.002,1.73,2026-06-23T12:46:59,0.001,1.63
route_mutation,20260623T124659_810888,of:0000000000000006:2 -> of:000000000000000a:2,0.002,0.0025,0.002,0.002,2.2,2026-06-23T12:46:59,0.002,2.2
route_mutation,20260623T124659_810888,of:0000000000000001:3 -> of:000000000000000d:1,0.003,0.00375,0.003,0.002,2.93,2026-06-23T12:46:59,0.003,3.03
route_mutation,20260623T124659_810888,of:0000000000000003:1 -> of:000000000000000b:5,0.002,0.0025,0.002,0.002,1.7,2026-06-23T12:46:59,0.002,1.8
route_mutation,20260623T124659_810888,of:0000000000000006:1 -> of:000000000000000d:4,0.002,0.0025,0.002,0.002,1.76,2026-06-23T12:46:59,0.002,1.86
route_mutation,20260623T124659_810888,of:0000000000000007:2 -> of:000000000000000a:3,0.002,0.0025,0.002,0.002,2.2,2026-06-23T12:46:59,0.002,2.2
route_mutation,20260623T124659_810888,of:0000000000000007:1 -> of:000000000000000d:5,0.003,0.00375,0.003,0.003,3.06,2026-06-23T12:46:59,0.002,2.93
route_mutation,20260623T124659_810888,of:0000000000000002:2 -> of:0000000000000008:2,0.002,0.0025,0.002,0.002,2.16,2026-06-23T12:46:59,0.002,2.16
route_mutation,20260623T124659_810888,of:0000000000000003:2 -> of:0000000000000008:3,0.002,0.0025,0.002,0.002,2.16,2026-06-23T12:46:59,0.002,2.16
route_mutation,20260623T124659_810888,of:0000000000000008:1 -> of:000000000000000b:6,0.002,0.0025,0.002,0.002,1.67,2026-06-23T12:46:59,0.002,1.8
route_mutation,20260623T124659_810888,of:0000000000000004:2 -> of:0000000000000009:2,0.002,0.0025,0.002,0.002,2.2,2026-06-23T12:46:59,0.002,2.2
route_mutation,20260623T124659_810888,of:0000000000000002:1 -> of:000000000000000b:4,0.002,0.0025,0.002,0.002,1.7,2026-06-23T12:46:59,0.002,1.8
route_mutation,20260623T124659_810888,of:0000000000000009:1 -> of:000000000000000c:6,0.002,0.0025,0.002,0.002,1.73,2026-06-23T12:46:59,0.002,1.73
route_mutation,20260623T124730_163502,of:0000000000000004:1 -> of:000000000000000c:4,0.001,0.00125,0.001,0.001,1.36,2026-06-23T12:47:30,0.001,1.36
route_mutation,20260623T124730_163502,of:0000000000000005:1 -> of:000000000000000c:5,0.001,0.00125,0.001,0.001,1.36,2026-06-23T12:47:30,0.001,1.36
route_mutation,20260623T124730_163502,of:000000000000000a:1 -> of:000000000000000d:6,0.001,0.00125,0.001,0.001,1.36,2026-06-23T12:47:30,0.001,1.36
route_mutation,20260623T124730_163502,of:000000000000000b:3 -> of:000000000000000d:2,0.001,0.00125,0.001,0.001,1.46,2026-06-23T12:47:30,0.001,1.46
route_mutation,20260623T124730_163502,of:000000000000000c:3 -> of:000000000000000d:3,0.001,0.00125,0.001,0.001,1.46,2026-06-23T12:47:30,0.001,1.46
route_mutation,20260623T124730_163502,of:0000000000000005:2 -> of:0000000000000009:3,0.002,0.0025,0.002,0.002,1.63,2026-06-23T12:47:30,0.002,1.63
route_mutation,20260623T124730_163502,of:0000000000000001:1 -> of:000000000000000b:1,0.003,0.00375,0.003,0.003,3.0,2026-06-23T12:47:30,0.003,3.0
route_mutation,20260623T124730_163502,of:000000000000000b:2 -> of:000000000000000c:2,0.002,0.0025,0.002,0.002,1.53,2026-06-23T12:47:30,0.002,1.53
route_mutation,20260623T124730_163502,of:0000000000000001:2 -> of:000000000000000c:1,0.002,0.0025,0.002,0.002,1.43,2026-06-23T12:47:30,0.002,1.43
route_mutation,20260623T124730_163502,of:0000000000000006:2 -> of:000000000000000a:2,0.001,0.00125,0.001,0.001,1.46,2026-06-23T12:47:30,0.001,1.46
route_mutation,20260623T124730_163502,of:0000000000000001:3 -> of:000000000000000d:1,0.001,0.00125,0.001,0.001,1.36,2026-06-23T12:47:30,0.001,1.36
route_mutation,20260623T124730_163502,of:0000000000000003:1 -> of:000000000000000b:5,0.002,0.0025,0.002,0.002,1.9,2026-06-23T12:47:30,0.002,1.9
route_mutation,20260623T124730_163502,of:0000000000000006:1 -> of:000000000000000d:4,0.001,0.00125,0.001,0.001,1.33,2026-06-23T12:47:30,0.001,1.3
route_mutation,20260623T124730_163502,of:0000000000000007:2 -> of:000000000000000a:3,0.002,0.0025,0.002,0.002,1.56,2026-06-23T12:47:30,0.002,1.56
route_mutation,20260623T124730_163502,of:0000000000000007:1 -> of:000000000000000d:5,0.001,0.00125,0.001,0.001,1.4,2026-06-23T12:47:30,0.001,1.36
route_mutation,20260623T124730_163502,of:0000000000000002:2 -> of:0000000000000008:2,0.001,0.00125,0.001,0.001,1.5,2026-06-23T12:47:30,0.001,1.5
route_mutation,20260623T124730_163502,of:0000000000000003:2 -> of:0000000000000008:3,0.001,0.00125,0.001,0.001,1.5,2026-06-23T12:47:30,0.001,1.5
route_mutation,20260623T124730_163502,of:0000000000000008:1 -> of:000000000000000b:6,0.002,0.0025,0.002,0.002,1.46,2026-06-23T12:47:30,0.002,1.43
route_mutation,20260623T124730_163502,of:0000000000000004:2 -> of:0000000000000009:2,0.002,0.0025,0.002,0.002,1.63,2026-06-23T12:47:30,0.002,1.63
route_mutation,20260623T124730_163502,of:0000000000000002:1 -> of:000000000000000b:4,0.002,0.0025,0.002,0.002,2.4,2026-06-23T12:47:30,0.002,2.4
route_mutation,20260623T124730_163502,of:0000000000000009:1 -> of:000000000000000c:6,0.002,0.0025,0.002,0.002,1.6,2026-06-23T12:47:30,0.002,1.56
route_mutation,20260623T124800_490959,of:0000000000000004:1 -> of:000000000000000c:4,0.002,0.0025,0.002,0.002,2.63,2026-06-23T12:48:00,0.002,2.53
route_mutation,20260623T124800_490959,of:0000000000000005:1 -> of:000000000000000c:5,0.002,0.0025,0.002,0.002,2.63,2026-06-23T12:48:00,0.002,2.53
route_mutation,20260623T124800_490959,of:000000000000000a:1 -> of:000000000000000d:6,0.002,0.0025,0.002,0.002,1.73,2026-06-23T12:48:00,0.002,1.73
route_mutation,20260623T124800_490959,of:000000000000000b:3 -> of:000000000000000d:2,0.002,0.0025,0.002,0.002,2.13,2026-06-23T12:48:00,0.002,2.13
route_mutation,20260623T124800_490959,of:000000000000000c:3 -> of:000000000000000d:3,0.002,0.0025,0.002,0.002,2.13,2026-06-23T12:48:00,0.002,2.13
route_mutation,20260623T124800_490959,of:0000000000000005:2 -> of:0000000000000009:3,0.002,0.0025,0.002,0.002,2.26,2026-06-23T12:48:00,0.002,2.26
route_mutation,20260623T124800_490959,of:0000000000000001:1 -> of:000000000000000b:1,0.002,0.0025,0.002,0.002,2.23,2026-06-23T12:48:00,0.002,2.3
route_mutation,20260623T124800_490959,of:000000000000000b:2 -> of:000000000000000c:2,0.002,0.0025,0.002,0.002,2.13,2026-06-23T12:48:00,0.002,2.13
route_mutation,20260623T124800_490959,of:0000000000000001:2 -> of:000000000000000c:1,0.003,0.00375,0.003,0.003,3.33,2026-06-23T12:48:00,0.003,3.4
route_mutation,20260623T124800_490959,of:0000000000000006:2 -> of:000000000000000a:2,0.002,0.0025,0.002,0.002,2.23,2026-06-23T12:48:00,0.002,2.23
route_mutation,20260623T124800_490959,of:0000000000000001:3 -> of:000000000000000d:1,0.002,0.0025,0.002,0.002,2.56,2026-06-23T12:48:00,0.002,2.53
route_mutation,20260623T124800_490959,of:0000000000000003:1 -> of:000000000000000b:5,0.002,0.0025,0.002,0.002,2.3,2026-06-23T12:48:00,0.002,2.23
route_mutation,20260623T124800_490959,of:0000000000000006:1 -> of:000000000000000d:4,0.002,0.0025,0.002,0.002,2.53,2026-06-23T12:48:00,0.002,2.63
route_mutation,20260623T124800_490959,of:0000000000000007:2 -> of:000000000000000a:3,0.002,0.0025,0.002,0.002,2.13,2026-06-23T12:48:00,0.002,2.13
route_mutation,20260623T124800_490959,of:0000000000000007:1 -> of:000000000000000d:5,0.002,0.0025,0.002,0.002,1.73,2026-06-23T12:48:00,0.002,1.66
route_mutation,20260623T124800_490959,of:0000000000000002:2 -> of:0000000000000008:2,0.002,0.0025,0.002,0.002,2.2,2026-06-23T12:48:00,0.002,2.2
route_mutation,20260623T124800_490959,of:0000000000000003:2 -> of:0000000000000008:3,0.002,0.0025,0.002,0.002,2.2,2026-06-23T12:48:00,0.002,2.2
route_mutation,20260623T124800_490959,of:0000000000000008:1 -> of:000000000000000b:6,0.002,0.0025,0.002,0.002,1.73,2026-06-23T12:48:00,0.002,1.66
route_mutation,20260623T124800_490959,of:0000000000000004:2 -> of:0000000000000009:2,0.002,0.0025,0.002,0.002,2.26,2026-06-23T12:48:00,0.002,2.26
route_mutation,20260623T124800_490959,of:0000000000000002:1 -> of:000000000000000b:4,0.002,0.0025,0.002,0.002,1.8,2026-06-23T12:48:00,0.002,1.73
route_mutation,20260623T124800_490959,of:0000000000000009:1 -> of:000000000000000c:6,0.002,0.0025,0.002,0.002,1.76,2026-06-23T12:48:00,0.002,1.66
ip_shuffle,20260623T124830_852099,of:0000000000000004:1 -> of:000000000000000c:4,0.002,0.0025,0.002,0.002,2.03,2026-06-23T12:48:30,0.002,2.13
ip_shuffle,20260623T124830_852099,of:0000000000000005:1 -> of:000000000000000c:5,0.002,0.0025,0.002,0.002,2.03,2026-06-23T12:48:30,0.002,2.13
ip_shuffle,20260623T124830_852099,of:000000000000000a:1 -> of:000000000000000d:6,0.002,0.0025,0.002,0.002,2.06,2026-06-23T12:48:30,0.002,2.06
ip_shuffle,20260623T124830_852099,of:000000000000000b:3 -> of:000000000000000d:2,0.002,0.0025,0.002,0.002,2.86,2026-06-23T12:48:30,0.002,2.86
ip_shuffle,20260623T124830_852099,of:000000000000000c:3 -> of:000000000000000d:3,0.002,0.0025,0.002,0.002,2.93,2026-06-23T12:48:30,0.002,2.93
ip_shuffle,20260623T124830_852099,of:0000000000000005:2 -> of:0000000000000009:3,0.002,0.0025,0.002,0.002,2.7,2026-06-23T12:48:30,0.002,2.7
ip_shuffle,20260623T124830_852099,of:0000000000000001:1 -> of:000000000000000b:1,0.002,0.0025,0.002,0.002,2.0,2026-06-23T12:48:30,0.002,1.93
ip_shuffle,20260623T124830_852099,of:000000000000000b:2 -> of:000000000000000c:2,0.002,0.0025,0.002,0.002,2.86,2026-06-23T12:48:30,0.002,2.86
ip_shuffle,20260623T124830_852099,of:0000000000000001:2 -> of:000000000000000c:1,0.002,0.0025,0.002,0.002,2.06,2026-06-23T12:48:30,0.002,2.0
ip_shuffle,20260623T124830_852099,of:0000000000000006:2 -> of:000000000000000a:2,0.002,0.0025,0.002,0.002,2.76,2026-06-23T12:48:30,0.002,2.76
ip_shuffle,20260623T124830_852099,of:0000000000000001:3 -> of:000000000000000d:1,0.003,0.00375,0.003,0.003,3.93,2026-06-23T12:48:30,0.003,3.96
ip_shuffle,20260623T124830_852099,of:0000000000000003:1 -> of:000000000000000b:5,0.002,0.0025,0.002,0.002,2.0,2026-06-23T12:48:30,0.002,2.06
ip_shuffle,20260623T124830_852099,of:0000000000000006:1 -> of:000000000000000d:4,0.002,0.0025,0.002,0.002,2.6,2026-06-23T12:48:30,0.002,2.53
ip_shuffle,20260623T124830_852099,of:0000000000000007:2 -> of:000000000000000a:3,0.002,0.0025,0.002,0.002,2.76,2026-06-23T12:48:30,0.002,2.76
ip_shuffle,20260623T124830_852099,of:0000000000000007:1 -> of:000000000000000d:5,0.003,0.00375,0.003,0.003,3.43,2026-06-23T12:48:30,0.003,3.53
ip_shuffle,20260623T124830_852099,of:0000000000000002:2 -> of:0000000000000008:2,0.002,0.0025,0.002,0.002,2.76,2026-06-23T12:48:30,0.002,2.76
ip_shuffle,20260623T124830_852099,of:0000000000000003:2 -> of:0000000000000008:3,0.002,0.0025,0.002,0.002,2.76,2026-06-23T12:48:30,0.002,2.76
ip_shuffle,20260623T124830_852099,of:0000000000000008:1 -> of:000000000000000b:6,0.002,0.0025,0.002,0.002,1.96,2026-06-23T12:48:30,0.002,2.06
ip_shuffle,20260623T124830_852099,of:0000000000000004:2 -> of:0000000000000009:2,0.002,0.0025,0.002,0.002,2.7,2026-06-23T12:48:30,0.002,2.7
ip_shuffle,20260623T124830_852099,of:0000000000000002:1 -> of:000000000000000b:4,0.002,0.0025,0.002,0.002,2.0,2026-06-23T12:48:30,0.002,2.06
ip_shuffle,20260623T124830_852099,of:0000000000000009:1 -> of:000000000000000c:6,0.002,0.0025,0.002,0.002,2.0,2026-06-23T12:48:30,0.002,2.13
ip_shuffle,20260623T124928_780539,of:0000000000000004:1 -> of:000000000000000c:4,0.002,0.0025,0.002,0.002,2.33,2026-06-23T12:49:28,0.002,2.23
ip_shuffle,20260623T124928_780539,of:0000000000000005:1 -> of:000000000000000c:5,0.002,0.0025,0.002,0.002,2.3,2026-06-23T12:49:28,0.002,2.2
ip_shuffle,20260623T124928_780539,of:000000000000000a:1 -> of:000000000000000d:6,0.001,0.00125,0.001,0.001,1.5,2026-06-23T12:49:28,0.001,1.36
ip_shuffle,20260623T124928_780539,of:000000000000000b:3 -> of:000000000000000d:2,0.002,0.0025,0.002,0.002,1.53,2026-06-23T12:49:28,0.002,1.53
ip_shuffle,20260623T124928_780539,of:000000000000000c:3 -> of:000000000000000d:3,0.002,0.0025,0.002,0.002,1.53,2026-06-23T12:49:28,0.002,1.53
ip_shuffle,20260623T124928_780539,of:0000000000000005:2 -> of:0000000000000009:3,0.002,0.0025,0.002,0.002,1.7,2026-06-23T12:49:28,0.002,1.7
ip_shuffle,20260623T124928_780539,of:0000000000000001:1 -> of:000000000000000b:1,0.003,0.00375,0.003,0.003,3.16,2026-06-23T12:49:28,0.003,3.33
ip_shuffle,20260623T124928_780539,of:000000000000000b:2 -> of:000000000000000c:2,0.002,0.0025,0.002,0.002,1.53,2026-06-23T12:49:28,0.002,1.53
ip_shuffle,20260623T124928_780539,of:0000000000000001:2 -> of:000000000000000c:1,0.003,0.00375,0.003,0.003,3.0,2026-06-23T12:49:28,0.003,3.1
ip_shuffle,20260623T124928_780539,of:0000000000000006:2 -> of:000000000000000a:2,0.002,0.0025,0.002,0.002,1.73,2026-06-23T12:49:28,0.002,1.73
ip_shuffle,20260623T124928_780539,of:0000000000000001:3 -> of:000000000000000d:1,0.002,0.0025,0.002,0.002,1.56,2026-06-23T12:49:28,0.002,1.5
ip_shuffle,20260623T124928_780539,of:0000000000000003:1 -> of:000000000000000b:5,0.002,0.0025,0.002,0.002,2.56,2026-06-23T12:49:28,0.002,2.46
ip_shuffle,20260623T124928_780539,of:0000000000000006:1 -> of:000000000000000d:4,0.002,0.0025,0.002,0.002,1.53,2026-06-23T12:49:28,0.002,1.66
ip_shuffle,20260623T124928_780539,of:0000000000000007:2 -> of:000000000000000a:3,0.001,0.00125,0.001,0.001,1.66,2026-06-23T12:49:28,0.001,1.66
ip_shuffle,20260623T124928_780539,of:0000000000000007:1 -> of:000000000000000d:5,0.001,0.00125,0.001,0.001,1.5,2026-06-23T12:49:28,0.001,1.36
ip_shuffle,20260623T124928_780539,of:0000000000000002:2 -> of:0000000000000008:2,0.002,0.0025,0.002,0.002,1.7,2026-06-23T12:49:28,0.002,1.7
ip_shuffle,20260623T124928_780539,of:0000000000000003:2 -> of:0000000000000008:3,0.002,0.0025,0.002,0.002,1.7,2026-06-23T12:49:28,0.002,1.7
ip_shuffle,20260623T124928_780539,of:0000000000000008:1 -> of:000000000000000b:6,0.001,0.00125,0.001,0.001,1.5,2026-06-23T12:49:28,0.001,1.36
ip_shuffle,20260623T124928_780539,of:0000000000000004:2 -> of:0000000000000009:2,0.002,0.0025,0.002,0.002,1.7,2026-06-23T12:49:28,0.002,1.7
ip_shuffle,20260623T124928_780539,of:0000000000000002:1 -> of:000000000000000b:4,0.002,0.0025,0.002,0.002,2.23,2026-06-23T12:49:28,0.002,2.06
ip_shuffle,20260623T124928_780539,of:0000000000000009:1 -> of:000000000000000c:6,0.001,0.00125,0.001,0.001,1.5,2026-06-23T12:49:28,0.001,1.36
ip_shuffle,20260623T125033_120563,of:0000000000000004:1 -> of:000000000000000c:4,0.001,0.00125,0.001,0.001,1.23,2026-06-23T12:50:33,0.001,1.33
ip_shuffle,20260623T125033_120563,of:0000000000000005:1 -> of:000000000000000c:5,0.001,0.00125,0.001,0.001,1.23,2026-06-23T12:50:33,0.001,1.33
ip_shuffle,20260623T125033_120563,of:000000000000000a:1 -> of:000000000000000d:6,0.001,0.00125,0.001,0.001,1.26,2026-06-23T12:50:33,0.001,1.4
ip_shuffle,20260623T125033_120563,of:000000000000000b:3 -> of:000000000000000d:2,0.002,0.0025,0.002,0.002,1.66,2026-06-23T12:50:33,0.002,1.66
ip_shuffle,20260623T125033_120563,of:000000000000000c:3 -> of:000000000000000d:3,0.001,0.00125,0.001,0.001,1.46,2026-06-23T12:50:33,0.001,1.46
ip_shuffle,20260623T125033_120563,of:0000000000000005:2 -> of:0000000000000009:3,0.001,0.00125,0.001,0.001,1.3,2026-06-23T12:50:33,0.001,1.3
ip_shuffle,20260623T125033_120563,of:0000000000000001:1 -> of:000000000000000b:1,0.002,0.0025,0.002,0.002,1.53,2026-06-23T12:50:33,0.002,1.46
ip_shuffle,20260623T125033_120563,of:000000000000000b:2 -> of:000000000000000c:2,0.002,0.0025,0.002,0.002,1.7,2026-06-23T12:50:33,0.002,1.66
ip_shuffle,20260623T125033_120563,of:0000000000000001:2 -> of:000000000000000c:1,0.001,0.00125,0.001,0.001,1.33,2026-06-23T12:50:33,0.001,1.23
ip_shuffle,20260623T125033_120563,of:0000000000000006:2 -> of:000000000000000a:2,0.001,0.00125,0.001,0.001,1.33,2026-06-23T12:50:33,0.001,1.33
ip_shuffle,20260623T125033_120563,of:0000000000000001:3 -> of:000000000000000d:1,0.002,0.0025,0.002,0.002,1.53,2026-06-23T12:50:33,0.002,1.66
ip_shuffle,20260623T125033_120563,of:0000000000000003:1 -> of:000000000000000b:5,0.002,0.0025,0.002,0.002,1.43,2026-06-23T12:50:33,0.002,1.53
ip_shuffle,20260623T125033_120563,of:0000000000000006:1 -> of:000000000000000d:4,0.001,0.00125,0.001,0.001,1.26,2026-06-23T12:50:33,0.001,1.4
ip_shuffle,20260623T125033_120563,of:0000000000000007:2 -> of:000000000000000a:3,0.001,0.00125,0.001,0.001,1.33,2026-06-23T12:50:33,0.001,1.33
ip_shuffle,20260623T125033_120563,of:0000000000000007:1 -> of:000000000000000d:5,0.002,0.0025,0.002,0.002,1.73,2026-06-23T12:50:33,0.002,1.56
ip_shuffle,20260623T125033_120563,of:0000000000000002:2 -> of:0000000000000008:2,0.001,0.00125,0.001,0.001,1.3,2026-06-23T12:50:33,0.001,1.3
ip_shuffle,20260623T125033_120563,of:0000000000000003:2 -> of:0000000000000008:3,0.001,0.00125,0.001,0.001,1.3,2026-06-23T12:50:33,0.001,1.3
ip_shuffle,20260623T125033_120563,of:0000000000000008:1 -> of:000000000000000b:6,0.002,0.0025,0.002,0.002,1.46,2026-06-23T12:50:33,0.002,1.6
ip_shuffle,20260623T125033_120563,of:0000000000000004:2 -> of:0000000000000009:2,0.001,0.00125,0.001,0.001,1.3,2026-06-23T12:50:33,0.001,1.3
ip_shuffle,20260623T125033_120563,of:0000000000000002:1 -> of:000000000000000b:4,0.002,0.0025,0.002,0.002,1.43,2026-06-23T12:50:33,0.002,1.53
ip_shuffle,20260623T125033_120563,of:0000000000000009:1 -> of:000000000000000c:6,0.001,0.00125,0.001,0.001,1.26,2026-06-23T12:50:33,0.001,1.4
ip_shuffle,20260623T125143_738625,of:0000000000000004:1 -> of:000000000000000c:4,0.002,0.0025,0.002,0.002,1.93,2026-06-23T12:51:43,0.002,1.86
ip_shuffle,20260623T125143_738625,of:0000000000000005:1 -> of:000000000000000c:5,0.002,0.0025,0.002,0.002,2.46,2026-06-23T12:51:43,0.002,2.4
ip_shuffle,20260623T125143_738625,of:000000000000000a:1 -> of:000000000000000d:6,0.002,0.0025,0.002,0.002,1.86,2026-06-23T12:51:43,0.002,1.76
ip_shuffle,20260623T125143_738625,of:000000000000000b:3 -> of:000000000000000d:2,0.002,0.0025,0.002,0.002,2.3,2026-06-23T12:51:43,0.002,2.3
ip_shuffle,20260623T125143_738625,of:000000000000000c:3 -> of:000000000000000d:3,0.002,0.0025,0.002,0.002,2.2,2026-06-23T12:51:43,0.002,2.2
ip_shuffle,20260623T125143_738625,of:0000000000000005:2 -> of:0000000000000009:3,0.002,0.0025,0.002,0.002,2.36,2026-06-23T12:51:43,0.002,2.36
ip_shuffle,20260623T125143_738625,of:0000000000000001:1 -> of:000000000000000b:1,0.002,0.0025,0.002,0.002,1.86,2026-06-23T12:51:43,0.002,1.83
ip_shuffle,20260623T125143_738625,of:000000000000000b:2 -> of:000000000000000c:2,0.002,0.0025,0.002,0.002,2.3,2026-06-23T12:51:43,0.002,2.3
ip_shuffle,20260623T125143_738625,of:0000000000000001:2 -> of:000000000000000c:1,0.002,0.0025,0.002,0.002,2.56,2026-06-23T12:51:43,0.002,2.63
ip_shuffle,20260623T125143_738625,of:0000000000000006:2 -> of:000000000000000a:2,0.002,0.0025,0.002,0.002,2.36,2026-06-23T12:51:43,0.002,2.36
ip_shuffle,20260623T125143_738625,of:0000000000000001:3 -> of:000000000000000d:1,0.003,0.00375,0.003,0.003,3.26,2026-06-23T12:51:43,0.003,3.13
ip_shuffle,20260623T125143_738625,of:0000000000000003:1 -> of:000000000000000b:5,0.002,0.0025,0.002,0.002,1.83,2026-06-23T12:51:43,0.002,1.86
ip_shuffle,20260623T125143_738625,of:0000000000000006:1 -> of:000000000000000d:4,0.003,0.00375,0.003,0.002,2.86,2026-06-23T12:51:43,0.003,2.99
ip_shuffle,20260623T125143_738625,of:0000000000000007:2 -> of:000000000000000a:3,0.002,0.0025,0.002,0.002,2.36,2026-06-23T12:51:43,0.002,2.36
ip_shuffle,20260623T125143_738625,of:0000000000000007:1 -> of:000000000000000d:5,0.002,0.0025,0.002,0.002,2.1,2026-06-23T12:51:43,0.002,2.06
ip_shuffle,20260623T125143_738625,of:0000000000000002:2 -> of:0000000000000008:2,0.002,0.0025,0.002,0.002,2.36,2026-06-23T12:51:43,0.002,2.36
ip_shuffle,20260623T125143_738625,of:0000000000000003:2 -> of:0000000000000008:3,0.002,0.0025,0.002,0.002,2.36,2026-06-23T12:51:43,0.002,2.36
ip_shuffle,20260623T125143_738625,of:0000000000000008:1 -> of:000000000000000b:6,0.002,0.0025,0.002,0.002,1.86,2026-06-23T12:51:43,0.002,1.86
ip_shuffle,20260623T125143_738625,of:0000000000000004:2 -> of:0000000000000009:2,0.002,0.0025,0.002,0.002,2.36,2026-06-23T12:51:43,0.002,2.36
ip_shuffle,20260623T125143_738625,of:0000000000000002:1 -> of:000000000000000b:4,0.002,0.0025,0.002,0.002,1.83,2026-06-23T12:51:43,0.002,1.86
ip_shuffle,20260623T125143_738625,of:0000000000000009:1 -> of:000000000000000c:6,0.002,0.0025,0.002,0.002,1.86,2026-06-23T12:51:43,0.002,1.76
route_mutation,20260623T125241_480379,of:0000000000000004:1 -> of:000000000000000c:4,0.002,0.0025,0.002,0.002,1.43,2026-06-23T12:52:41,0.002,1.43
route_mutation,20260623T125241_480379,of:0000000000000005:1 -> of:000000000000000c:5,0.002,0.0025,0.002,0.002,1.43,2026-06-23T12:52:41,0.002,1.43
route_mutation,20260623T125241_480379,of:000000000000000a:1 -> of:000000000000000d:6,0.001,0.00125,0.001,0.001,1.37,2026-06-23T12:52:41,0.001,1.37
route_mutation,20260623T125241_480379,of:000000000000000b:3 -> of:000000000000000d:2,0.001,0.00125,0.001,0.001,1.47,2026-06-23T12:52:41,0.001,1.47
route_mutation,20260623T125241_480379,of:000000000000000c:3 -> of:000000000000000d:3,0.002,0.0025,0.002,0.002,1.53,2026-06-23T12:52:41,0.002,1.53
route_mutation,20260623T125241_480379,of:0000000000000005:2 -> of:0000000000000009:3,0.001,0.00125,0.001,0.001,1.47,2026-06-23T12:52:41,0.001,1.47
route_mutation,20260623T125241_480379,of:0000000000000001:1 -> of:000000000000000b:1,0.003,0.00375,0.003,0.003,2.83,2026-06-23T12:52:41,0.003,2.83
route_mutation,20260623T125241_480379,of:000000000000000b:2 -> of:000000000000000c:2,0.001,0.00125,0.001,0.001,1.47,2026-06-23T12:52:41,0.001,1.47
route_mutation,20260623T125241_480379,of:0000000000000001:2 -> of:000000000000000c:1,0.002,0.0025,0.002,0.002,1.43,2026-06-23T12:52:41,0.002,1.43
route_mutation,20260623T125241_480379,of:0000000000000006:2 -> of:000000000000000a:2,0.001,0.00125,0.001,0.001,1.4,2026-06-23T12:52:41,0.001,1.4
route_mutation,20260623T125241_480379,of:0000000000000001:3 -> of:000000000000000d:1,0.002,0.0025,0.002,0.002,1.53,2026-06-23T12:52:41,0.002,1.53
route_mutation,20260623T125241_480379,of:0000000000000003:1 -> of:000000000000000b:5,0.002,0.0025,0.002,0.002,1.8,2026-06-23T12:52:41,0.002,1.8
route_mutation,20260623T125241_480379,of:0000000000000006:1 -> of:000000000000000d:4,0.002,0.0025,0.002,0.002,1.47,2026-06-23T12:52:41,0.002,1.47
route_mutation,20260623T125241_480379,of:0000000000000007:2 -> of:000000000000000a:3,0.001,0.00125,0.001,0.001,1.4,2026-06-23T12:52:41,0.001,1.4
route_mutation,20260623T125241_480379,of:0000000000000007:1 -> of:000000000000000d:5,0.001,0.00125,0.001,0.001,1.37,2026-06-23T12:52:41,0.001,1.37
route_mutation,20260623T125241_480379,of:0000000000000002:2 -> of:0000000000000008:2,0.001,0.00125,0.001,0.001,1.47,2026-06-23T12:52:41,0.001,1.47
route_mutation,20260623T125241_480379,of:0000000000000003:2 -> of:0000000000000008:3,0.001,0.00125,0.001,0.001,1.47,2026-06-23T12:52:41,0.001,1.47
route_mutation,20260623T125241_480379,of:0000000000000008:1 -> of:000000000000000b:6,0.001,0.00125,0.001,0.001,1.3,2026-06-23T12:52:41,0.001,1.3
route_mutation,20260623T125241_480379,of:0000000000000004:2 -> of:0000000000000009:2,0.001,0.00125,0.001,0.001,1.47,2026-06-23T12:52:41,0.001,1.47
route_mutation,20260623T125241_480379,of:0000000000000002:1 -> of:000000000000000b:4,0.002,0.0025,0.002,0.002,2.4,2026-06-23T12:52:41,0.002,2.4
route_mutation,20260623T125241_480379,of:0000000000000009:1 -> of:000000000000000c:6,0.001,0.00125,0.001,0.001,1.37,2026-06-23T12:52:41,0.001,1.37
route_mutation,20260623T125311_850120,of:0000000000000004:1 -> of:000000000000000c:4,0.002,0.0025,0.002,0.002,2.53,2026-06-23T12:53:11,0.002,2.43
route_mutation,20260623T125311_850120,of:0000000000000005:1 -> of:000000000000000c:5,0.002,0.0025,0.002,0.002,2.53,2026-06-23T12:53:11,0.002,2.43
route_mutation,20260623T125311_850120,of:000000000000000a:1 -> of:000000000000000d:6,0.002,0.0025,0.002,0.002,1.73,2026-06-23T12:53:11,0.002,1.66
route_mutation,20260623T125311_850120,of:000000000000000b:3 -> of:000000000000000d:2,0.002,0.0025,0.002,0.002,2.1,2026-06-23T12:53:11,0.002,2.1
route_mutation,20260623T125311_850120,of:000000000000000c:3 -> of:000000000000000d:3,0.002,0.0025,0.002,0.002,1.96,2026-06-23T12:53:11,0.002,1.96
route_mutation,20260623T125311_850120,of:0000000000000005:2 -> of:0000000000000009:3,0.002,0.0025,0.002,0.002,2.13,2026-06-23T12:53:11,0.002,2.13
route_mutation,20260623T125311_850120,of:0000000000000001:1 -> of:000000000000000b:1,0.002,0.0025,0.002,0.002,2.36,2026-06-23T12:53:11,0.002,2.33
route_mutation,20260623T125311_850120,of:000000000000000b:2 -> of:000000000000000c:2,0.002,0.0025,0.002,0.002,2.06,2026-06-23T12:53:11,0.002,2.06
route_mutation,20260623T125311_850120,of:0000000000000001:2 -> of:000000000000000c:1,0.003,0.00375,0.003,0.003,3.23,2026-06-23T12:53:11,0.003,3.33
route_mutation,20260623T125311_850120,of:0000000000000006:2 -> of:000000000000000a:2,0.002,0.0025,0.002,0.002,2.16,2026-06-23T12:53:11,0.002,2.13
route_mutation,20260623T125311_850120,of:0000000000000001:3 -> of:000000000000000d:1,0.002,0.0025,0.002,0.002,2.2,2026-06-23T12:53:11,0.002,2.13
route_mutation,20260623T125311_850120,of:0000000000000003:1 -> of:000000000000000b:5,0.002,0.0025,0.002,0.002,2.33,2026-06-23T12:53:11,0.002,2.36
route_mutation,20260623T125311_850120,of:0000000000000006:1 -> of:000000000000000d:4,0.002,0.0025,0.002,0.002,2.2,2026-06-23T12:53:11,0.002,2.33
route_mutation,20260623T125311_850120,of:0000000000000007:2 -> of:000000000000000a:3,0.002,0.0025,0.002,0.002,2.13,2026-06-23T12:53:11,0.002,2.13
route_mutation,20260623T125311_850120,of:0000000000000007:1 -> of:000000000000000d:5,0.002,0.0025,0.002,0.002,1.73,2026-06-23T12:53:11,0.002,1.66
route_mutation,20260623T125311_850120,of:0000000000000002:2 -> of:0000000000000008:2,0.002,0.0025,0.002,0.002,2.13,2026-06-23T12:53:11,0.002,2.13
route_mutation,20260623T125311_850120,of:0000000000000003:2 -> of:0000000000000008:3,0.002,0.0025,0.002,0.002,2.13,2026-06-23T12:53:11,0.002,2.13
route_mutation,20260623T125311_850120,of:0000000000000008:1 -> of:000000000000000b:6,0.002,0.0025,0.002,0.002,1.73,2026-06-23T12:53:11,0.002,1.76
route_mutation,20260623T125311_850120,of:0000000000000004:2 -> of:0000000000000009:2,0.002,0.0025,0.002,0.002,2.13,2026-06-23T12:53:11,0.002,2.13
route_mutation,20260623T125311_850120,of:0000000000000002:1 -> of:000000000000000b:4,0.002,0.0025,0.002,0.002,1.73,2026-06-23T12:53:11,0.002,1.76
route_mutation,20260623T125311_850120,of:0000000000000009:1 -> of:000000000000000c:6,0.002,0.0025,0.002,0.002,1.73,2026-06-23T12:53:11,0.002,1.63
ip_shuffle,20260623T125342_196819,of:0000000000000004:1 -> of:000000000000000c:4,0.002,0.0025,0.002,0.002,1.73,2026-06-23T12:53:42,0.002,1.86
ip_shuffle,20260623T125342_196819,of:0000000000000005:1 -> of:000000000000000c:5,0.002,0.0025,0.002,0.002,1.73,2026-06-23T12:53:42,0.002,1.86
ip_shuffle,20260623T125342_196819,of:000000000000000a:1 -> of:000000000000000d:6,0.002,0.0025,0.002,0.002,1.7,2026-06-23T12:53:42,0.002,1.63
ip_shuffle,20260623T125342_196819,of:000000000000000b:3 -> of:000000000000000d:2,0.002,0.0025,0.002,0.002,2.03,2026-06-23T12:53:42,0.002,2.03
ip_shuffle,20260623T125342_196819,of:000000000000000c:3 -> of:000000000000000d:3,0.002,0.0025,0.002,0.002,2.23,2026-06-23T12:53:42,0.002,2.23
ip_shuffle,20260623T125342_196819,of:0000000000000005:2 -> of:0000000000000009:3,0.002,0.0025,0.002,0.002,2.1,2026-06-23T12:53:42,0.002,2.1
ip_shuffle,20260623T125342_196819,of:0000000000000001:1 -> of:000000000000000b:1,0.002,0.0025,0.002,0.002,1.66,2026-06-23T12:53:42,0.002,1.63
ip_shuffle,20260623T125342_196819,of:000000000000000b:2 -> of:000000000000000c:2,0.002,0.0025,0.002,0.002,2.33,2026-06-23T12:53:42,0.002,2.33
ip_shuffle,20260623T125342_196819,of:0000000000000001:2 -> of:000000000000000c:1,0.002,0.0025,0.002,0.002,1.86,2026-06-23T12:53:42,0.002,1.7
ip_shuffle,20260623T125342_196819,of:0000000000000006:2 -> of:000000000000000a:2,0.002,0.0025,0.002,0.002,2.13,2026-06-23T12:53:42,0.002,2.16
ip_shuffle,20260623T125342_196819,of:0000000000000001:3 -> of:000000000000000d:1,0.002,0.0025,0.002,0.002,2.7,2026-06-23T12:53:42,0.002,2.66
ip_shuffle,20260623T125342_196819,of:0000000000000003:1 -> of:000000000000000b:5,0.002,0.0025,0.002,0.002,1.63,2026-06-23T12:53:42,0.002,1.66
ip_shuffle,20260623T125342_196819,of:0000000000000006:1 -> of:000000000000000d:4,0.002,0.0025,0.002,0.002,2.6,2026-06-23T12:53:42,0.002,2.36
ip_shuffle,20260623T125342_196819,of:0000000000000007:2 -> of:000000000000000a:3,0.002,0.0025,0.002,0.002,2.16,2026-06-23T12:53:42,0.002,2.16
ip_shuffle,20260623T125342_196819,of:0000000000000007:1 -> of:000000000000000d:5,0.002,0.0025,0.002,0.002,1.96,2026-06-23T12:53:42,0.002,2.16
ip_shuffle,20260623T125342_196819,of:0000000000000002:2 -> of:0000000000000008:2,0.002,0.0025,0.002,0.002,2.03,2026-06-23T12:53:42,0.002,2.03
ip_shuffle,20260623T125342_196819,of:0000000000000003:2 -> of:0000000000000008:3,0.002,0.0025,0.002,0.002,2.03,2026-06-23T12:53:42,0.002,2.03
ip_shuffle,20260623T125342_196819,of:0000000000000008:1 -> of:000000000000000b:6,0.002,0.0025,0.002,0.002,1.73,2026-06-23T12:53:42,0.002,1.73
ip_shuffle,20260623T125342_196819,of:0000000000000004:2 -> of:0000000000000009:2,0.002,0.0025,0.002,0.002,2.1,2026-06-23T12:53:42,0.002,2.1
ip_shuffle,20260623T125342_196819,of:0000000000000002:1 -> of:000000000000000b:4,0.002,0.0025,0.002,0.002,1.63,2026-06-23T12:53:42,0.002,1.66
ip_shuffle,20260623T125342_196819,of:0000000000000009:1 -> of:000000000000000c:6,0.002,0.0025,0.002,0.002,1.83,2026-06-23T12:53:42,0.002,1.93
ip_shuffle,20260623T125439_999277,of:0000000000000004:1 -> of:000000000000000c:4,0.001,0.00125,0.001,0.001,1.46,2026-06-23T12:54:39,0.001,1.46
ip_shuffle,20260623T125439_999277,of:0000000000000005:1 -> of:000000000000000c:5,0.001,0.00125,0.001,0.001,1.46,2026-06-23T12:54:39,0.001,1.46
ip_shuffle,20260623T125439_999277,of:000000000000000a:1 -> of:000000000000000d:6,0.002,0.0025,0.002,0.002,1.53,2026-06-23T12:54:39,0.002,1.43
ip_shuffle,20260623T125439_999277,of:000000000000000b:3 -> of:000000000000000d:2,0.002,0.0025,0.002,0.002,1.56,2026-06-23T12:54:39,0.002,1.56
ip_shuffle,20260623T125439_999277,of:000000000000000c:3 -> of:000000000000000d:3,0.002,0.0025,0.002,0.002,1.56,2026-06-23T12:54:39,0.002,1.56
ip_shuffle,20260623T125439_999277,of:0000000000000005:2 -> of:0000000000000009:3,0.002,0.0025,0.002,0.002,1.73,2026-06-23T12:54:39,0.002,1.73
ip_shuffle,20260623T125439_999277,of:0000000000000001:1 -> of:000000000000000b:1,0.003,0.00375,0.003,0.003,3.4,2026-06-23T12:54:39,0.003,3.43
ip_shuffle,20260623T125439_999277,of:000000000000000b:2 -> of:000000000000000c:2,0.001,0.00125,0.001,0.001,1.6,2026-06-23T12:54:39,0.001,1.6
ip_shuffle,20260623T125439_999277,of:0000000000000001:2 -> of:000000000000000c:1,0.001,0.00125,0.001,0.001,1.46,2026-06-23T12:54:39,0.001,1.46
ip_shuffle,20260623T125439_999277,of:0000000000000006:2 -> of:000000000000000a:2,0.002,0.0025,0.002,0.002,1.73,2026-06-23T12:54:39,0.002,1.73
ip_shuffle,20260623T125439_999277,of:0000000000000001:3 -> of:000000000000000d:1,0.002,0.0025,0.002,0.002,1.43,2026-06-23T12:54:39,0.002,1.53
ip_shuffle,20260623T125439_999277,of:0000000000000003:1 -> of:000000000000000b:5,0.002,0.0025,0.002,0.002,2.4,2026-06-23T12:54:39,0.002,2.36
ip_shuffle,20260623T125439_999277,of:0000000000000006:1 -> of:000000000000000d:4,0.002,0.0025,0.002,0.002,1.53,2026-06-23T12:54:39,0.002,1.43
ip_shuffle,20260623T125439_999277,of:0000000000000007:2 -> of:000000000000000a:3,0.002,0.0025,0.002,0.002,1.73,2026-06-23T12:54:39,0.002,1.73
ip_shuffle,20260623T125439_999277,of:0000000000000007:1 -> of:000000000000000d:5,0.002,0.0025,0.002,0.002,1.53,2026-06-23T12:54:39,0.002,1.43
ip_shuffle,20260623T125439_999277,of:0000000000000002:2 -> of:0000000000000008:2,0.002,0.0025,0.002,0.002,1.73,2026-06-23T12:54:39,0.002,1.73
ip_shuffle,20260623T125439_999277,of:0000000000000003:2 -> of:0000000000000008:3,0.002,0.0025,0.002,0.002,1.73,2026-06-23T12:54:39,0.002,1.73
ip_shuffle,20260623T125439_999277,of:0000000000000008:1 -> of:000000000000000b:6,0.001,0.00125,0.001,0.001,1.46,2026-06-23T12:54:39,0.001,1.46
ip_shuffle,20260623T125439_999277,of:0000000000000004:2 -> of:0000000000000009:2,0.002,0.0025,0.002,0.002,1.73,2026-06-23T12:54:39,0.002,1.73
ip_shuffle,20260623T125439_999277,of:0000000000000002:1 -> of:000000000000000b:4,0.002,0.0025,0.002,0.002,2.5,2026-06-23T12:54:39,0.002,2.5
ip_shuffle,20260623T125439_999277,of:0000000000000009:1 -> of:000000000000000c:6,0.001,0.00125,0.001,0.001,1.46,2026-06-23T12:54:39,0.001,1.46
ip_shuffle,20260623T125537_602900,of:0000000000000004:1 -> of:000000000000000c:4,0.002,0.0025,0.002,0.002,1.9,2026-06-23T12:55:37,0.002,1.86
ip_shuffle,20260623T125537_602900,of:0000000000000005:1 -> of:000000000000000c:5,0.002,0.0025,0.002,0.002,1.9,2026-06-23T12:55:37,0.002,1.86
ip_shuffle,20260623T125537_602900,of:000000000000000a:1 -> of:000000000000000d:6,0.002,0.0025,0.002,0.002,1.93,2026-06-23T12:55:37,0.002,2.06
ip_shuffle,20260623T125537_602900,of:000000000000000b:3 -> of:000000000000000d:2,0.002,0.0025,0.002,0.002,2.66,2026-06-23T12:55:37,0.002,2.66
ip_shuffle,20260623T125537_602900,of:000000000000000c:3 -> of:000000000000000d:3,0.002,0.0025,0.002,0.002,2.66,2026-06-23T12:55:37,0.002,2.66
ip_shuffle,20260623T125537_602900,of:0000000000000005:2 -> of:0000000000000009:3,0.002,0.0025,0.002,0.002,2.43,2026-06-23T12:55:37,0.002,2.43
ip_shuffle,20260623T125537_602900,of:0000000000000001:1 -> of:000000000000000b:1,0.002,0.0025,0.002,0.002,1.93,2026-06-23T12:55:37,0.002,2.0
ip_shuffle,20260623T125537_602900,of:000000000000000b:2 -> of:000000000000000c:2,0.002,0.0025,0.002,0.002,2.53,2026-06-23T12:55:37,0.002,2.53
ip_shuffle,20260623T125537_602900,of:0000000000000001:2 -> of:000000000000000c:1,0.002,0.0025,0.002,0.002,1.93,2026-06-23T12:55:37,0.002,2.0
ip_shuffle,20260623T125537_602900,of:0000000000000006:2 -> of:000000000000000a:2,0.002,0.0025,0.002,0.002,2.5,2026-06-23T12:55:37,0.002,2.5
ip_shuffle,20260623T125537_602900,of:0000000000000001:3 -> of:000000000000000d:1,0.003,0.00375,0.003,0.003,4.23,2026-06-23T12:55:37,0.003,4.33
ip_shuffle,20260623T125537_602900,of:0000000000000003:1 -> of:000000000000000b:5,0.002,0.0025,0.002,0.002,1.96,2026-06-23T12:55:37,0.002,1.93
ip_shuffle,20260623T125537_602900,of:0000000000000006:1 -> of:000000000000000d:4,0.002,0.0025,0.002,0.002,3.06,2026-06-23T12:55:37,0.002,2.93
ip_shuffle,20260623T125537_602900,of:0000000000000007:2 -> of:000000000000000a:3,0.002,0.0025,0.002,0.002,2.46,2026-06-23T12:55:37,0.002,2.46
ip_shuffle,20260623T125537_602900,of:0000000000000007:1 -> of:000000000000000d:5,0.003,0.00375,0.003,0.003,3.3,2026-06-23T12:55:37,0.003,3.43
ip_shuffle,20260623T125537_602900,of:0000000000000002:2 -> of:0000000000000008:2,0.002,0.0025,0.002,0.002,2.5,2026-06-23T12:55:37,0.002,2.5
ip_shuffle,20260623T125537_602900,of:0000000000000003:2 -> of:0000000000000008:3,0.002,0.0025,0.002,0.002,2.5,2026-06-23T12:55:37,0.002,2.5
ip_shuffle,20260623T125537_602900,of:0000000000000008:1 -> of:000000000000000b:6,0.002,0.0025,0.002,0.002,1.86,2026-06-23T12:55:37,0.002,1.86
ip_shuffle,20260623T125537_602900,of:0000000000000004:2 -> of:0000000000000009:2,0.002,0.0025,0.002,0.002,2.43,2026-06-23T12:55:37,0.002,2.43
ip_shuffle,20260623T125537_602900,of:0000000000000002:1 -> of:000000000000000b:4,0.002,0.0025,0.002,0.002,1.96,2026-06-23T12:55:37,0.002,1.93
ip_shuffle,20260623T125537_602900,of:0000000000000009:1 -> of:000000000000000c:6,0.002,0.0025,0.002,0.002,1.86,2026-06-23T12:55:37,0.002,1.86
route_mutation,20260623T125641_697520,of:0000000000000004:1 -> of:000000000000000c:4,0.002,0.0025,0.002,0.002,2.33,2026-06-23T12:56:41,0.002,2.36
route_mutation,20260623T125641_697520,of:0000000000000005:1 -> of:000000000000000c:5,0.002,0.0025,0.002,0.002,2.33,2026-06-23T12:56:41,0.002,2.36
route_mutation,20260623T125641_697520,of:000000000000000a:1 -> of:000000000000000d:6,0.001,0.00125,0.001,0.001,1.5,2026-06-23T12:56:41,0.001,1.36
route_mutation,20260623T125641_697520,of:000000000000000b:3 -> of:000000000000000d:2,0.002,0.0025,0.002,0.002,1.6,2026-06-23T12:56:41,0.002,1.6
route_mutation,20260623T125641_697520,of:000000000000000c:3 -> of:000000000000000d:3,0.002,0.0025,0.002,0.002,1.6,2026-06-23T12:56:41,0.002,1.6
route_mutation,20260623T125641_697520,of:0000000000000005:2 -> of:0000000000000009:3,0.002,0.0025,0.002,0.002,1.76,2026-06-23T12:56:41,0.002,1.76
route_mutation,20260623T125641_697520,of:0000000000000001:1 -> of:000000000000000b:1,0.003,0.00375,0.003,0.003,3.03,2026-06-23T12:56:41,0.003,2.96
route_mutation,20260623T125641_697520,of:000000000000000b:2 -> of:000000000000000c:2,0.002,0.0025,0.002,0.002,1.8,2026-06-23T12:56:41,0.002,1.8
route_mutation,20260623T125641_697520,of:0000000000000001:2 -> of:000000000000000c:1,0.003,0.00375,0.003,0.003,3.1,2026-06-23T12:56:41,0.003,3.03
route_mutation,20260623T125641_697520,of:0000000000000006:2 -> of:000000000000000a:2,0.002,0.0025,0.002,0.002,1.76,2026-06-23T12:56:41,0.002,1.76
route_mutation,20260623T125641_697520,of:0000000000000001:3 -> of:000000000000000d:1,0.001,0.00125,0.001,0.001,1.5,2026-06-23T12:56:41,0.001,1.46
route_mutation,20260623T125641_697520,of:0000000000000003:1 -> of:000000000000000b:5,0.002,0.0025,0.002,0.002,2.5,2026-06-23T12:56:41,0.002,2.53
route_mutation,20260623T125641_697520,of:0000000000000006:1 -> of:000000000000000d:4,0.002,0.0025,0.002,0.002,1.53,2026-06-23T12:56:41,0.002,1.6
route_mutation,20260623T125641_697520,of:0000000000000007:2 -> of:000000000000000a:3,0.002,0.0025,0.002,0.002,1.76,2026-06-23T12:56:41,0.002,1.76
route_mutation,20260623T125641_697520,of:0000000000000007:1 -> of:000000000000000d:5,0.001,0.00125,0.001,0.001,1.46,2026-06-23T12:56:41,0.001,1.36
route_mutation,20260623T125641_697520,of:0000000000000002:2 -> of:0000000000000008:2,0.002,0.0025,0.002,0.002,1.66,2026-06-23T12:56:41,0.002,1.66
route_mutation,20260623T125641_697520,of:0000000000000003:2 -> of:0000000000000008:3,0.002,0.0025,0.002,0.002,1.66,2026-06-23T12:56:41,0.002,1.66
route_mutation,20260623T125641_697520,of:0000000000000008:1 -> of:000000000000000b:6,0.002,0.0025,0.002,0.002,1.56,2026-06-23T12:56:41,0.002,1.56
route_mutation,20260623T125641_697520,of:0000000000000004:2 -> of:0000000000000009:2,0.002,0.0025,0.002,0.002,1.76,2026-06-23T12:56:41,0.002,1.76
route_mutation,20260623T125641_697520,of:0000000000000002:1 -> of:000000000000000b:4,0.002,0.0025,0.002,0.002,1.93,2026-06-23T12:56:41,0.002,1.96
route_mutation,20260623T125641_697520,of:0000000000000009:1 -> of:000000000000000c:6,0.002,0.0025,0.002,0.002,1.56,2026-06-23T12:56:41,0.002,1.56
ip_shuffle,20260623T125711_998945,of:0000000000000004:1 -> of:000000000000000c:4,0.002,0.0025,0.002,0.002,2.13,2026-06-23T12:57:11,0.002,2.13
ip_shuffle,20260623T125711_998945,of:0000000000000005:1 -> of:000000000000000c:5,0.002,0.0025,0.002,0.002,2.13,2026-06-23T12:57:11,0.002,2.13
ip_shuffle,20260623T125711_998945,of:000000000000000a:1 -> of:000000000000000d:6,0.002,0.0025,0.002,0.002,2.2,2026-06-23T12:57:11,0.002,2.2
ip_shuffle,20260623T125711_998945,of:000000000000000b:3 -> of:000000000000000d:2,0.002,0.0025,0.002,0.002,3.06,2026-06-23T12:57:11,0.002,3.06
ip_shuffle,20260623T125711_998945,of:000000000000000c:3 -> of:000000000000000d:3,0.002,0.0025,0.002,0.002,3.06,2026-06-23T12:57:11,0.002,3.06
ip_shuffle,20260623T125711_998945,of:0000000000000005:2 -> of:0000000000000009:3,0.002,0.0025,0.002,0.002,2.99,2026-06-23T12:57:11,0.002,2.99
ip_shuffle,20260623T125711_998945,of:0000000000000001:1 -> of:000000000000000b:1,0.002,0.0025,0.002,0.002,2.2,2026-06-23T12:57:11,0.002,2.2
ip_shuffle,20260623T125711_998945,of:000000000000000b:2 -> of:000000000000000c:2,0.002,0.0025,0.002,0.002,3.06,2026-06-23T12:57:11,0.002,3.06
ip_shuffle,20260623T125711_998945,of:0000000000000001:2 -> of:000000000000000c:1,0.002,0.0025,0.002,0.002,2.2,2026-06-23T12:57:11,0.002,2.2
ip_shuffle,20260623T125711_998945,of:0000000000000006:2 -> of:000000000000000a:2,0.002,0.0025,0.002,0.002,2.99,2026-06-23T12:57:11,0.002,2.99
ip_shuffle,20260623T125711_998945,of:0000000000000001:3 -> of:000000000000000d:1,0.004,0.005,0.004,0.004,4.46,2026-06-23T12:57:11,0.003,4.39
ip_shuffle,20260623T125711_998945,of:0000000000000003:1 -> of:000000000000000b:5,0.002,0.0025,0.002,0.002,2.16,2026-06-23T12:57:11,0.002,2.2
ip_shuffle,20260623T125711_998945,of:0000000000000006:1 -> of:000000000000000d:4,0.003,0.00375,0.003,0.003,3.46,2026-06-23T12:57:11,0.003,3.29
ip_shuffle,20260623T125711_998945,of:0000000000000007:2 -> of:000000000000000a:3,0.002,0.0025,0.002,0.002,2.99,2026-06-23T12:57:11,0.002,2.99
ip_shuffle,20260623T125711_998945,of:0000000000000007:1 -> of:000000000000000d:5,0.003,0.00375,0.003,0.002,3.06,2026-06-23T12:57:11,0.003,3.29
ip_shuffle,20260623T125711_998945,of:0000000000000002:2 -> of:0000000000000008:2,0.002,0.0025,0.002,0.002,2.99,2026-06-23T12:57:11,0.002,2.99
ip_shuffle,20260623T125711_998945,of:0000000000000003:2 -> of:0000000000000008:3,0.002,0.0025,0.002,0.002,2.99,2026-06-23T12:57:11,0.002,2.99
ip_shuffle,20260623T125711_998945,of:0000000000000008:1 -> of:000000000000000b:6,0.002,0.0025,0.002,0.002,2.13,2026-06-23T12:57:11,0.002,2.13
ip_shuffle,20260623T125711_998945,of:0000000000000004:2 -> of:0000000000000009:2,0.002,0.0025,0.002,0.002,2.99,2026-06-23T12:57:11,0.002,2.99
ip_shuffle,20260623T125711_998945,of:0000000000000002:1 -> of:000000000000000b:4,0.002,0.0025,0.002,0.002,2.16,2026-06-23T12:57:11,0.002,2.2
ip_shuffle,20260623T125711_998945,of:0000000000000009:1 -> of:000000000000000c:6,0.002,0.0025,0.002,0.002,2.2,2026-06-23T12:57:11,0.002,2.2
ip_shuffle,20260623T125809_841204,of:0000000000000004:1 -> of:000000000000000c:4,0.002,0.0025,0.002,0.002,1.66,2026-06-23T12:58:09,0.002,1.66
ip_shuffle,20260623T125809_841204,of:0000000000000005:1 -> of:000000000000000c:5,0.002,0.0025,0.002,0.002,1.53,2026-06-23T12:58:09,0.002,1.53
ip_shuffle,20260623T125809_841204,of:000000000000000a:1 -> of:000000000000000d:6,0.002,0.0025,0.002,0.002,1.53,2026-06-23T12:58:09,0.002,1.46
ip_shuffle,20260623T125809_841204,of:000000000000000b:3 -> of:000000000000000d:2,0.002,0.0025,0.002,0.002,1.66,2026-06-23T12:58:09,0.002,1.66
ip_shuffle,20260623T125809_841204,of:000000000000000c:3 -> of:000000000000000d:3,0.002,0.0025,0.002,0.002,1.66,2026-06-23T12:58:09,0.002,1.66
ip_shuffle,20260623T125809_841204,of:0000000000000005:2 -> of:0000000000000009:3,0.002,0.0025,0.002,0.002,1.73,2026-06-23T12:58:09,0.002,1.73
ip_shuffle,20260623T125809_841204,of:0000000000000001:1 -> of:000000000000000b:1,0.003,0.00375,0.003,0.003,3.36,2026-06-23T12:58:09,0.003,3.43
ip_shuffle,20260623T125809_841204,of:000000000000000b:2 -> of:000000000000000c:2,0.002,0.0025,0.002,0.002,1.73,2026-06-23T12:58:09,0.002,1.73
ip_shuffle,20260623T125809_841204,of:0000000000000001:2 -> of:000000000000000c:1,0.002,0.0025,0.002,0.002,1.56,2026-06-23T12:58:09,0.002,1.56
ip_shuffle,20260623T125809_841204,of:0000000000000006:2 -> of:000000000000000a:2,0.002,0.0025,0.002,0.002,1.73,2026-06-23T12:58:09,0.002,1.73
ip_shuffle,20260623T125809_841204,of:0000000000000001:3 -> of:000000000000000d:1,0.001,0.00125,0.001,0.001,1.4,2026-06-23T12:58:09,0.001,1.46
ip_shuffle,20260623T125809_841204,of:0000000000000003:1 -> of:000000000000000b:5,0.002,0.0025,0.002,0.002,2.43,2026-06-23T12:58:09,0.002,2.36
ip_shuffle,20260623T125809_841204,of:0000000000000006:1 -> of:000000000000000d:4,0.002,0.0025,0.002,0.002,1.53,2026-06-23T12:58:09,0.002,1.46
ip_shuffle,20260623T125809_841204,of:0000000000000007:2 -> of:000000000000000a:3,0.002,0.0025,0.002,0.002,1.73,2026-06-23T12:58:09,0.002,1.73
ip_shuffle,20260623T125809_841204,of:0000000000000007:1 -> of:000000000000000d:5,0.002,0.0025,0.002,0.002,1.53,2026-06-23T12:58:09,0.002,1.46
ip_shuffle,20260623T125809_841204,of:0000000000000002:2 -> of:0000000000000008:2,0.002,0.0025,0.002,0.002,1.66,2026-06-23T12:58:09,0.002,1.66
ip_shuffle,20260623T125809_841204,of:0000000000000003:2 -> of:0000000000000008:3,0.002,0.0025,0.002,0.002,1.66,2026-06-23T12:58:09,0.002,1.66
ip_shuffle,20260623T125809_841204,of:0000000000000008:1 -> of:000000000000000b:6,0.002,0.0025,0.002,0.002,1.53,2026-06-23T12:58:09,0.002,1.53
ip_shuffle,20260623T125809_841204,of:0000000000000004:2 -> of:0000000000000009:2,0.002,0.0025,0.002,0.002,1.73,2026-06-23T12:58:09,0.002,1.73
ip_shuffle,20260623T125809_841204,of:0000000000000002:1 -> of:000000000000000b:4,0.002,0.0025,0.002,0.002,2.46,2026-06-23T12:58:09,0.002,2.46
ip_shuffle,20260623T125809_841204,of:0000000000000009:1 -> of:000000000000000c:6,0.002,0.0025,0.002,0.002,1.53,2026-06-23T12:58:09,0.002,1.53
ip_shuffle,20260623T125907_465454,of:0000000000000004:1 -> of:000000000000000c:4,0.002,0.0025,0.002,0.002,1.8,2026-06-23T12:59:07,0.002,1.77
ip_shuffle,20260623T125907_465454,of:0000000000000005:1 -> of:000000000000000c:5,0.002,0.0025,0.002,0.002,1.8,2026-06-23T12:59:07,0.002,1.77
ip_shuffle,20260623T125907_465454,of:000000000000000a:1 -> of:000000000000000d:6,0.002,0.0025,0.002,0.002,1.9,2026-06-23T12:59:07,0.002,2.03
ip_shuffle,20260623T125907_465454,of:000000000000000b:3 -> of:000000000000000d:2,0.002,0.0025,0.002,0.002,2.53,2026-06-23T12:59:07,0.002,2.53
ip_shuffle,20260623T125907_465454,of:000000000000000c:3 -> of:000000000000000d:3,0.002,0.0025,0.002,0.002,2.53,2026-06-23T12:59:07,0.002,2.53
ip_shuffle,20260623T125907_465454,of:0000000000000005:2 -> of:0000000000000009:3,0.002,0.0025,0.002,0.002,2.3,2026-06-23T12:59:07,0.002,2.3
ip_shuffle,20260623T125907_465454,of:0000000000000001:1 -> of:000000000000000b:1,0.002,0.0025,0.002,0.002,1.77,2026-06-23T12:59:07,0.002,1.83
ip_shuffle,20260623T125907_465454,of:000000000000000b:2 -> of:000000000000000c:2,0.002,0.0025,0.002,0.002,2.2,2026-06-23T12:59:07,0.002,2.2
ip_shuffle,20260623T125907_465454,of:0000000000000001:2 -> of:000000000000000c:1,0.002,0.0025,0.002,0.002,1.77,2026-06-23T12:59:07,0.002,1.83
ip_shuffle,20260623T125907_465454,of:0000000000000006:2 -> of:000000000000000a:2,0.002,0.0025,0.002,0.002,2.3,2026-06-23T12:59:07,0.002,2.3
ip_shuffle,20260623T125907_465454,of:0000000000000001:3 -> of:000000000000000d:1,0.003,0.00375,0.003,0.003,3.6,2026-06-23T12:59:07,0.003,3.7
ip_shuffle,20260623T125907_465454,of:0000000000000003:1 -> of:000000000000000b:5,0.002,0.0025,0.002,0.002,1.83,2026-06-23T12:59:07,0.002,1.77
ip_shuffle,20260623T125907_465454,of:0000000000000006:1 -> of:000000000000000d:4,0.002,0.0025,0.002,0.002,2.4,2026-06-23T12:59:07,0.002,2.26
ip_shuffle,20260623T125907_465454,of:0000000000000007:2 -> of:000000000000000a:3,0.002,0.0025,0.002,0.002,2.3,2026-06-23T12:59:07,0.002,2.3
ip_shuffle,20260623T125907_465454,of:0000000000000007:1 -> of:000000000000000d:5,0.003,0.00375,0.003,0.003,3.3,2026-06-23T12:59:07,0.003,3.4
ip_shuffle,20260623T125907_465454,of:0000000000000002:2 -> of:0000000000000008:2,0.002,0.0025,0.002,0.002,2.43,2026-06-23T12:59:07,0.002,2.43
ip_shuffle,20260623T125907_465454,of:0000000000000003:2 -> of:0000000000000008:3,0.002,0.0025,0.002,0.002,2.43,2026-06-23T12:59:07,0.002,2.43
ip_shuffle,20260623T125907_465454,of:0000000000000008:1 -> of:000000000000000b:6,0.002,0.0025,0.002,0.002,1.8,2026-06-23T12:59:07,0.002,1.77
ip_shuffle,20260623T125907_465454,of:0000000000000004:2 -> of:0000000000000009:2,0.002,0.0025,0.002,0.002,2.3,2026-06-23T12:59:07,0.002,2.3
ip_shuffle,20260623T125907_465454,of:0000000000000002:1 -> of:000000000000000b:4,0.002,0.0025,0.002,0.002,1.83,2026-06-23T12:59:07,0.002,1.77
ip_shuffle,20260623T125907_465454,of:0000000000000009:1 -> of:000000000000000c:6,0.002,0.0025,0.002,0.002,1.7,2026-06-23T12:59:07,0.002,1.7
route_mutation,20260623T130005_194394,of:0000000000000004:1 -> of:000000000000000c:4,0.002,0.0025,0.002,0.002,2.13,2026-06-23T13:00:05,0.002,2.13
route_mutation,20260623T130005_194394,of:0000000000000005:1 -> of:000000000000000c:5,0.002,0.0025,0.002,0.001,1.43,2026-06-23T13:00:05,0.002,1.47
route_mutation,20260623T130005_194394,of:000000000000000a:1 -> of:000000000000000d:6,0.002,0.0025,0.002,0.002,1.43,2026-06-23T13:00:05,0.002,1.43
route_mutation,20260623T130005_194394,of:000000000000000b:3 -> of:000000000000000d:2,0.002,0.0025,0.002,0.002,1.53,2026-06-23T13:00:05,0.002,1.53
route_mutation,20260623T130005_194394,of:000000000000000c:3 -> of:000000000000000d:3,0.002,0.0025,0.002,0.002,1.53,2026-06-23T13:00:05,0.002,1.53
route_mutation,20260623T130005_194394,of:0000000000000005:2 -> of:0000000000000009:3,0.001,0.00125,0.001,0.001,1.47,2026-06-23T13:00:05,0.001,1.47
route_mutation,20260623T130005_194394,of:0000000000000001:1 -> of:000000000000000b:1,0.003,0.00375,0.003,0.003,3.33,2026-06-23T13:00:05,0.003,3.33
route_mutation,20260623T130005_194394,of:000000000000000b:2 -> of:000000000000000c:2,0.002,0.0025,0.002,0.002,1.53,2026-06-23T13:00:05,0.002,1.53
route_mutation,20260623T130005_194394,of:0000000000000001:2 -> of:000000000000000c:1,0.002,0.0025,0.002,0.002,2.3,2026-06-23T13:00:05,0.002,2.26
route_mutation,20260623T130005_194394,of:0000000000000006:2 -> of:000000000000000a:2,0.001,0.00125,0.001,0.001,1.47,2026-06-23T13:00:05,0.001,1.47
route_mutation,20260623T130005_194394,of:0000000000000001:3 -> of:000000000000000d:1,0.002,0.0025,0.002,0.002,1.43,2026-06-23T13:00:05,0.002,1.43
route_mutation,20260623T130005_194394,of:0000000000000003:1 -> of:000000000000000b:5,0.002,0.0025,0.002,0.002,2.46,2026-06-23T13:00:05,0.002,2.46
route_mutation,20260623T130005_194394,of:0000000000000006:1 -> of:000000000000000d:4,0.001,0.00125,0.001,0.001,1.37,2026-06-23T13:00:05,0.001,1.37
route_mutation,20260623T130005_194394,of:0000000000000007:2 -> of:000000000000000a:3,0.001,0.00125,0.001,0.001,1.47,2026-06-23T13:00:05,0.001,1.47
route_mutation,20260623T130005_194394,of:0000000000000007:1 -> of:000000000000000d:5,0.001,0.00125,0.001,0.001,1.37,2026-06-23T13:00:05,0.001,1.37
route_mutation,20260623T130005_194394,of:0000000000000002:2 -> of:0000000000000008:2,0.002,0.0025,0.002,0.002,1.53,2026-06-23T13:00:05,0.002,1.53
route_mutation,20260623T130005_194394,of:0000000000000003:2 -> of:0000000000000008:3,0.002,0.0025,0.002,0.002,1.53,2026-06-23T13:00:05,0.002,1.53
route_mutation,20260623T130005_194394,of:0000000000000008:1 -> of:000000000000000b:6,0.002,0.0025,0.002,0.002,1.43,2026-06-23T13:00:05,0.002,1.43
route_mutation,20260623T130005_194394,of:0000000000000004:2 -> of:0000000000000009:2,0.001,0.00125,0.001,0.001,1.47,2026-06-23T13:00:05,0.001,1.47
route_mutation,20260623T130005_194394,of:0000000000000002:1 -> of:000000000000000b:4,0.002,0.0025,0.002,0.002,2.3,2026-06-23T13:00:05,0.002,2.3
route_mutation,20260623T130005_194394,of:0000000000000009:1 -> of:000000000000000c:6,0.002,0.0025,0.002,0.002,1.43,2026-06-23T13:00:05,0.002,1.43
route_mutation,20260623T130035_584027,of:0000000000000004:1 -> of:000000000000000c:4,0.002,0.0025,0.002,0.002,2.0,2026-06-23T13:00:35,0.002,2.03
route_mutation,20260623T130035_584027,of:0000000000000005:1 -> of:000000000000000c:5,0.002,0.0025,0.002,0.002,2.7,2026-06-23T13:00:35,0.002,2.7
route_mutation,20260623T130035_584027,of:000000000000000a:1 -> of:000000000000000d:6,0.002,0.0025,0.002,0.002,2.0,2026-06-23T13:00:35,0.002,2.03
route_mutation,20260623T130035_584027,of:000000000000000b:3 -> of:000000000000000d:2,0.002,0.0025,0.002,0.002,2.76,2026-06-23T13:00:35,0.002,2.76
route_mutation,20260623T130035_584027,of:000000000000000c:3 -> of:000000000000000d:3,0.002,0.0025,0.002,0.002,2.76,2026-06-23T13:00:35,0.002,2.76
route_mutation,20260623T130035_584027,of:0000000000000005:2 -> of:0000000000000009:3,0.002,0.0025,0.002,0.002,2.7,2026-06-23T13:00:35,0.002,2.7
route_mutation,20260623T130035_584027,of:0000000000000001:1 -> of:000000000000000b:1,0.002,0.0025,0.002,0.002,2.0,2026-06-23T13:00:35,0.002,1.96
route_mutation,20260623T130035_584027,of:000000000000000b:2 -> of:000000000000000c:2,0.002,0.0025,0.002,0.002,2.66,2026-06-23T13:00:35,0.002,2.66
route_mutation,20260623T130035_584027,of:0000000000000001:2 -> of:000000000000000c:1,0.002,0.0025,0.002,0.002,2.73,2026-06-23T13:00:35,0.002,2.73
route_mutation,20260623T130035_584027,of:0000000000000006:2 -> of:000000000000000a:2,0.002,0.0025,0.002,0.002,2.7,2026-06-23T13:00:35,0.002,2.7
route_mutation,20260623T130035_584027,of:0000000000000001:3 -> of:000000000000000d:1,0.003,0.00375,0.003,0.003,3.7,2026-06-23T13:00:35,0.003,3.8
route_mutation,20260623T130035_584027,of:0000000000000003:1 -> of:000000000000000b:5,0.002,0.0025,0.002,0.002,1.96,2026-06-23T13:00:35,0.002,2.0
route_mutation,20260623T130035_584027,of:0000000000000006:1 -> of:000000000000000d:4,0.003,0.00375,0.003,0.003,3.33,2026-06-23T13:00:35,0.003,3.4
route_mutation,20260623T130035_584027,of:0000000000000007:2 -> of:000000000000000a:3,0.002,0.0025,0.002,0.002,2.73,2026-06-23T13:00:35,0.002,2.73
route_mutation,20260623T130035_584027,of:0000000000000007:1 -> of:000000000000000d:5,0.002,0.0025,0.002,0.002,2.56,2026-06-23T13:00:35,0.002,2.53
route_mutation,20260623T130035_584027,of:0000000000000002:2 -> of:0000000000000008:2,0.002,0.0025,0.002,0.002,2.7,2026-06-23T13:00:35,0.002,2.7
route_mutation,20260623T130035_584027,of:0000000000000003:2 -> of:0000000000000008:3,0.002,0.0025,0.002,0.002,2.7,2026-06-23T13:00:35,0.002,2.7
route_mutation,20260623T130035_584027,of:0000000000000008:1 -> of:000000000000000b:6,0.002,0.0025,0.002,0.002,1.93,2026-06-23T13:00:35,0.002,1.93
route_mutation,20260623T130035_584027,of:0000000000000004:2 -> of:0000000000000009:2,0.002,0.0025,0.002,0.002,2.7,2026-06-23T13:00:35,0.002,2.7
route_mutation,20260623T130035_584027,of:0000000000000002:1 -> of:000000000000000b:4,0.002,0.0025,0.002,0.002,1.96,2026-06-23T13:00:35,0.002,2.0
route_mutation,20260623T130035_584027,of:0000000000000009:1 -> of:000000000000000c:6,0.002,0.0025,0.002,0.002,1.93,2026-06-23T13:00:35,0.002,1.93
ip_shuffle,20260623T130105_923072,of:0000000000000004:1 -> of:000000000000000c:4,0.002,0.0025,0.002,0.002,1.62,2026-06-23T13:01:05,0.002,1.59
ip_shuffle,20260623T130105_923072,of:0000000000000005:1 -> of:000000000000000c:5,0.002,0.0025,0.002,0.002,1.62,2026-06-23T13:01:05,0.002,1.59
ip_shuffle,20260623T130105_923072,of:000000000000000a:1 -> of:000000000000000d:6,0.001,0.00125,0.001,0.001,1.52,2026-06-23T13:01:05,0.001,1.49
ip_shuffle,20260623T130105_923072,of:000000000000000b:3 -> of:000000000000000d:2,0.002,0.0025,0.002,0.002,1.76,2026-06-23T13:01:05,0.002,1.76
ip_shuffle,20260623T130105_923072,of:000000000000000c:3 -> of:000000000000000d:3,0.002,0.0025,0.002,0.002,1.76,2026-06-23T13:01:05,0.002,1.76
ip_shuffle,20260623T130105_923072,of:0000000000000005:2 -> of:0000000000000009:3,0.002,0.0025,0.002,0.002,1.89,2026-06-23T13:01:05,0.002,1.89
ip_shuffle,20260623T130105_923072,of:0000000000000001:1 -> of:000000000000000b:1,0.002,0.0025,0.002,0.001,1.52,2026-06-23T13:01:05,0.002,1.56
ip_shuffle,20260623T130105_923072,of:000000000000000b:2 -> of:000000000000000c:2,0.002,0.0025,0.002,0.002,1.86,2026-06-23T13:01:05,0.002,1.86
ip_shuffle,20260623T130105_923072,of:0000000000000001:2 -> of:000000000000000c:1,0.002,0.0025,0.002,0.001,1.52,2026-06-23T13:01:05,0.002,1.56
ip_shuffle,20260623T130105_923072,of:0000000000000006:2 -> of:000000000000000a:2,0.002,0.0025,0.002,0.002,1.89,2026-06-23T13:01:05,0.002,1.89
ip_shuffle,20260623T130105_923072,of:0000000000000001:3 -> of:000000000000000d:1,0.002,0.0025,0.002,0.002,2.52,2026-06-23T13:01:05,0.002,2.42
ip_shuffle,20260623T130105_923072,of:0000000000000003:1 -> of:000000000000000b:5,0.002,0.0025,0.002,0.002,1.56,2026-06-23T13:01:05,0.001,1.52
ip_shuffle,20260623T130105_923072,of:0000000000000006:1 -> of:000000000000000d:4,0.002,0.0025,0.002,0.002,1.56,2026-06-23T13:01:05,0.001,1.49
ip_shuffle,20260623T130105_923072,of:0000000000000007:2 -> of:000000000000000a:3,0.002,0.0025,0.002,0.002,1.86,2026-06-23T13:01:05,0.002,1.86
ip_shuffle,20260623T130105_923072,of:0000000000000007:1 -> of:000000000000000d:5,0.002,0.0025,0.002,0.002,2.42,2026-06-23T13:01:05,0.002,2.45
ip_shuffle,20260623T130105_923072,of:0000000000000002:2 -> of:0000000000000008:2,0.002,0.0025,0.002,0.002,1.82,2026-06-23T13:01:05,0.002,1.82
ip_shuffle,20260623T130105_923072,of:0000000000000003:2 -> of:0000000000000008:3,0.002,0.0025,0.002,0.002,1.82,2026-06-23T13:01:05,0.002,1.82
ip_shuffle,20260623T130105_923072,of:0000000000000008:1 -> of:000000000000000b:6,0.002,0.0025,0.002,0.002,1.59,2026-06-23T13:01:05,0.002,1.59
ip_shuffle,20260623T130105_923072,of:0000000000000004:2 -> of:0000000000000009:2,0.002,0.0025,0.002,0.002,1.89,2026-06-23T13:01:05,0.002,1.89
ip_shuffle,20260623T130105_923072,of:0000000000000002:1 -> of:000000000000000b:4,0.002,0.0025,0.002,0.002,1.56,2026-06-23T13:01:05,0.001,1.52
ip_shuffle,20260623T130105_923072,of:0000000000000009:1 -> of:000000000000000c:6,0.002,0.0025,0.002,0.002,1.59,2026-06-23T13:01:05,0.002,1.59
ip_shuffle,20260623T130203_637145,of:0000000000000004:1 -> of:000000000000000c:4,0.002,0.0025,0.002,0.002,2.53,2026-06-23T13:02:03,0.002,2.53
ip_shuffle,20260623T130203_637145,of:0000000000000005:1 -> of:000000000000000c:5,0.002,0.0025,0.002,0.002,2.56,2026-06-23T13:02:03,0.002,2.56
ip_shuffle,20260623T130203_637145,of:000000000000000a:1 -> of:000000000000000d:6,0.002,0.0025,0.002,0.002,1.76,2026-06-23T13:02:03,0.002,1.76
ip_shuffle,20260623T130203_637145,of:000000000000000b:3 -> of:000000000000000d:2,0.002,0.0025,0.002,0.002,2.26,2026-06-23T13:02:03,0.002,2.26
ip_shuffle,20260623T130203_637145,of:000000000000000c:3 -> of:000000000000000d:3,0.002,0.0025,0.002,0.002,2.26,2026-06-23T13:02:03,0.002,2.26
ip_shuffle,20260623T130203_637145,of:0000000000000005:2 -> of:0000000000000009:3,0.002,0.0025,0.002,0.002,2.26,2026-06-23T13:02:03,0.002,2.26
ip_shuffle,20260623T130203_637145,of:0000000000000001:1 -> of:000000000000000b:1,0.002,0.0025,0.002,0.002,1.93,2026-06-23T13:02:03,0.002,1.83
ip_shuffle,20260623T130203_637145,of:000000000000000b:2 -> of:000000000000000c:2,0.002,0.0025,0.002,0.002,2.2,2026-06-23T13:02:03,0.002,2.2
ip_shuffle,20260623T130203_637145,of:0000000000000001:2 -> of:000000000000000c:1,0.003,0.00375,0.003,0.003,3.33,2026-06-23T13:02:03,0.003,3.3
ip_shuffle,20260623T130203_637145,of:0000000000000006:2 -> of:000000000000000a:2,0.002,0.0025,0.002,0.002,2.23,2026-06-23T13:02:03,0.002,2.23
ip_shuffle,20260623T130203_637145,of:0000000000000001:3 -> of:000000000000000d:1,0.003,0.00375,0.003,0.002,2.76,2026-06-23T13:02:03,0.003,2.93
ip_shuffle,20260623T130203_637145,of:0000000000000003:1 -> of:000000000000000b:5,0.002,0.0025,0.002,0.002,1.83,2026-06-23T13:02:03,0.002,1.93
ip_shuffle,20260623T130203_637145,of:0000000000000006:1 -> of:000000000000000d:4,0.003,0.00375,0.003,0.003,2.93,2026-06-23T13:02:03,0.002,2.83
ip_shuffle,20260623T130203_637145,of:0000000000000007:2 -> of:000000000000000a:3,0.002,0.0025,0.002,0.002,2.23,2026-06-23T13:02:03,0.002,2.23
ip_shuffle,20260623T130203_637145,of:0000000000000007:1 -> of:000000000000000d:5,0.002,0.0025,0.002,0.002,1.8,2026-06-23T13:02:03,0.002,1.83
ip_shuffle,20260623T130203_637145,of:0000000000000002:2 -> of:0000000000000008:2,0.002,0.0025,0.002,0.002,2.2,2026-06-23T13:02:03,0.002,2.2
ip_shuffle,20260623T130203_637145,of:0000000000000003:2 -> of:0000000000000008:3,0.002,0.0025,0.002,0.002,2.2,2026-06-23T13:02:03,0.002,2.2
ip_shuffle,20260623T130203_637145,of:0000000000000008:1 -> of:000000000000000b:6,0.002,0.0025,0.002,0.002,1.7,2026-06-23T13:02:03,0.002,1.7
ip_shuffle,20260623T130203_637145,of:0000000000000004:2 -> of:0000000000000009:2,0.002,0.0025,0.002,0.002,2.26,2026-06-23T13:02:03,0.002,2.26
ip_shuffle,20260623T130203_637145,of:0000000000000002:1 -> of:000000000000000b:4,0.002,0.0025,0.002,0.002,1.73,2026-06-23T13:02:03,0.002,1.76
ip_shuffle,20260623T130203_637145,of:0000000000000009:1 -> of:000000000000000c:6,0.002,0.0025,0.002,0.002,1.7,2026-06-23T13:02:03,0.002,1.7
route_mutation,20260623T130314_244065,of:0000000000000004:1 -> of:000000000000000c:4,0.001,0.00125,0.001,0.001,1.37,2026-06-23T13:03:14,0.001,1.37
route_mutation,20260623T130314_244065,of:0000000000000005:1 -> of:000000000000000c:5,0.001,0.00125,0.001,0.001,1.37,2026-06-23T13:03:14,0.001,1.37
route_mutation,20260623T130314_244065,of:000000000000000a:1 -> of:000000000000000d:6,0.002,0.0025,0.002,0.002,1.43,2026-06-23T13:03:14,0.002,1.43
route_mutation,20260623T130314_244065,of:000000000000000b:3 -> of:000000000000000d:2,0.002,0.0025,0.002,0.002,1.53,2026-06-23T13:03:14,0.002,1.53
route_mutation,20260623T130314_244065,of:000000000000000c:3 -> of:000000000000000d:3,0.002,0.0025,0.002,0.002,1.53,2026-06-23T13:03:14,0.002,1.53
route_mutation,20260623T130314_244065,of:0000000000000005:2 -> of:0000000000000009:3,0.001,0.00125,0.001,0.001,1.46,2026-06-23T13:03:14,0.001,1.46
route_mutation,20260623T130314_244065,of:0000000000000001:1 -> of:000000000000000b:1,0.002,0.0025,0.002,0.002,2.63,2026-06-23T13:03:14,0.002,2.63
route_mutation,20260623T130314_244065,of:000000000000000b:2 -> of:000000000000000c:2,0.002,0.0025,0.002,0.002,1.53,2026-06-23T13:03:14,0.002,1.53
route_mutation,20260623T130314_244065,of:0000000000000001:2 -> of:000000000000000c:1,0.002,0.0025,0.002,0.002,1.43,2026-06-23T13:03:14,0.002,1.43
route_mutation,20260623T130314_244065,of:0000000000000006:2 -> of:000000000000000a:2,0.001,0.00125,0.001,0.001,1.46,2026-06-23T13:03:14,0.001,1.46
route_mutation,20260623T130314_244065,of:0000000000000001:3 -> of:000000000000000d:1,0.002,0.0025,0.002,0.002,1.43,2026-06-23T13:03:14,0.002,1.43
route_mutation,20260623T130314_244065,of:0000000000000003:1 -> of:000000000000000b:5,0.002,0.0025,0.002,0.002,1.46,2026-06-23T13:03:14,0.002,1.46
route_mutation,20260623T130314_244065,of:0000000000000006:1 -> of:000000000000000d:4,0.001,0.00125,0.001,0.001,1.37,2026-06-23T13:03:14,0.001,1.37
route_mutation,20260623T130314_244065,of:0000000000000007:2 -> of:000000000000000a:3,0.001,0.00125,0.001,0.001,1.46,2026-06-23T13:03:14,0.001,1.46
route_mutation,20260623T130314_244065,of:0000000000000007:1 -> of:000000000000000d:5,0.001,0.00125,0.001,0.001,1.37,2026-06-23T13:03:14,0.001,1.37
route_mutation,20260623T130314_244065,of:0000000000000002:2 -> of:0000000000000008:2,0.001,0.00125,0.001,0.001,1.46,2026-06-23T13:03:14,0.001,1.46
route_mutation,20260623T130314_244065,of:0000000000000003:2 -> of:0000000000000008:3,0.001,0.00125,0.001,0.001,1.46,2026-06-23T13:03:14,0.001,1.46
route_mutation,20260623T130314_244065,of:0000000000000008:1 -> of:000000000000000b:6,0.002,0.0025,0.002,0.002,1.43,2026-06-23T13:03:14,0.002,1.43
route_mutation,20260623T130314_244065,of:0000000000000004:2 -> of:0000000000000009:2,0.001,0.00125,0.001,0.001,1.46,2026-06-23T13:03:14,0.001,1.46
route_mutation,20260623T130314_244065,of:0000000000000002:1 -> of:000000000000000b:4,0.002,0.0025,0.002,0.002,2.46,2026-06-23T13:03:14,0.002,2.46
route_mutation,20260623T130314_244065,of:0000000000000009:1 -> of:000000000000000c:6,0.002,0.0025,0.002,0.002,1.43,2026-06-23T13:03:14,0.002,1.43
route_mutation,20260623T130344_567955,of:0000000000000004:1 -> of:000000000000000c:4,0.002,0.0025,0.002,0.002,2.26,2026-06-23T13:03:44,0.002,2.26
route_mutation,20260623T130344_567955,of:0000000000000005:1 -> of:000000000000000c:5,0.002,0.0025,0.002,0.002,2.26,2026-06-23T13:03:44,0.002,2.26
route_mutation,20260623T130344_567955,of:000000000000000a:1 -> of:000000000000000d:6,0.001,0.00125,0.001,0.001,1.46,2026-06-23T13:03:44,0.001,1.46
route_mutation,20260623T130344_567955,of:000000000000000b:3 -> of:000000000000000d:2,0.002,0.0025,0.002,0.002,1.66,2026-06-23T13:03:44,0.002,1.66
route_mutation,20260623T130344_567955,of:000000000000000c:3 -> of:000000000000000d:3,0.002,0.0025,0.002,0.002,1.66,2026-06-23T13:03:44,0.002,1.66
route_mutation,20260623T130344_567955,of:0000000000000005:2 -> of:0000000000000009:3,0.002,0.0025,0.002,0.002,1.66,2026-06-23T13:03:44,0.002,1.66
route_mutation,20260623T130344_567955,of:0000000000000001:1 -> of:000000000000000b:1,0.002,0.0025,0.002,0.002,2.43,2026-06-23T13:03:44,0.002,2.43
route_mutation,20260623T130344_567955,of:000000000000000b:2 -> of:000000000000000c:2,0.001,0.00125,0.001,0.001,1.6,2026-06-23T13:03:44,0.001,1.6
route_mutation,20260623T130344_567955,of:0000000000000001:2 -> of:000000000000000c:1,0.003,0.00375,0.003,0.003,3.06,2026-06-23T13:03:44,0.003,3.06
route_mutation,20260623T130344_567955,of:0000000000000006:2 -> of:000000000000000a:2,0.002,0.0025,0.002,0.002,1.66,2026-06-23T13:03:44,0.002,1.66
route_mutation,20260623T130344_567955,of:0000000000000001:3 -> of:000000000000000d:1,0.002,0.0025,0.002,0.002,1.7,2026-06-23T13:03:44,0.002,1.7
route_mutation,20260623T130344_567955,of:0000000000000003:1 -> of:000000000000000b:5,0.002,0.0025,0.002,0.002,2.4,2026-06-23T13:03:44,0.002,2.4
route_mutation,20260623T130344_567955,of:0000000000000006:1 -> of:000000000000000d:4,0.002,0.0025,0.002,0.002,1.73,2026-06-23T13:03:44,0.002,1.73
route_mutation,20260623T130344_567955,of:0000000000000007:2 -> of:000000000000000a:3,0.002,0.0025,0.002,0.002,1.66,2026-06-23T13:03:44,0.002,1.66
route_mutation,20260623T130344_567955,of:0000000000000007:1 -> of:000000000000000d:5,0.002,0.0025,0.002,0.002,1.53,2026-06-23T13:03:44,0.002,1.53
route_mutation,20260623T130344_567955,of:0000000000000002:2 -> of:0000000000000008:2,0.002,0.0025,0.002,0.002,1.66,2026-06-23T13:03:44,0.002,1.66
route_mutation,20260623T130344_567955,of:0000000000000003:2 -> of:0000000000000008:3,0.002,0.0025,0.002,0.002,1.66,2026-06-23T13:03:44,0.002,1.66
route_mutation,20260623T130344_567955,of:0000000000000008:1 -> of:000000000000000b:6,0.001,0.00125,0.001,0.001,1.4,2026-06-23T13:03:44,0.001,1.4
route_mutation,20260623T130344_567955,of:0000000000000004:2 -> of:0000000000000009:2,0.002,0.0025,0.002,0.002,1.66,2026-06-23T13:03:44,0.002,1.66
route_mutation,20260623T130344_567955,of:0000000000000002:1 -> of:000000000000000b:4,0.002,0.0025,0.002,0.002,1.5,2026-06-23T13:03:44,0.002,1.5
route_mutation,20260623T130344_567955,of:0000000000000009:1 -> of:000000000000000c:6,0.001,0.00125,0.001,0.001,1.4,2026-06-23T13:03:44,0.001,1.4
ip_shuffle,20260623T130414_912933,of:0000000000000004:1 -> of:000000000000000c:4,0.002,0.0025,0.002,0.002,2.13,2026-06-23T13:04:14,0.002,2.16
ip_shuffle,20260623T130414_912933,of:0000000000000005:1 -> of:000000000000000c:5,0.002,0.0025,0.002,0.002,2.13,2026-06-23T13:04:14,0.002,2.16
ip_shuffle,20260623T130414_912933,of:000000000000000a:1 -> of:000000000000000d:6,0.002,0.0025,0.002,0.002,2.06,2026-06-23T13:04:14,0.002,2.1
ip_shuffle,20260623T130414_912933,of:000000000000000b:3 -> of:000000000000000d:2,0.002,0.0025,0.002,0.002,2.93,2026-06-23T13:04:14,0.002,2.93
ip_shuffle,20260623T130414_912933,of:000000000000000c:3 -> of:000000000000000d:3,0.002,0.0025,0.002,0.002,2.93,2026-06-23T13:04:14,0.002,2.93
ip_shuffle,20260623T130414_912933,of:0000000000000005:2 -> of:0000000000000009:3,0.002,0.0025,0.002,0.002,2.93,2026-06-23T13:04:14,0.002,2.93
ip_shuffle,20260623T130414_912933,of:0000000000000001:1 -> of:000000000000000b:1,0.002,0.0025,0.002,0.002,2.1,2026-06-23T13:04:14,0.002,2.03
ip_shuffle,20260623T130414_912933,of:000000000000000b:2 -> of:000000000000000c:2,0.002,0.0025,0.002,0.002,3.0,2026-06-23T13:04:14,0.002,3.0
ip_shuffle,20260623T130414_912933,of:0000000000000001:2 -> of:000000000000000c:1,0.002,0.0025,0.002,0.002,2.1,2026-06-23T13:04:14,0.002,2.03
ip_shuffle,20260623T130414_912933,of:0000000000000006:2 -> of:000000000000000a:2,0.002,0.0025,0.002,0.002,2.93,2026-06-23T13:04:14,0.002,2.93
ip_shuffle,20260623T130414_912933,of:0000000000000001:3 -> of:000000000000000d:1,0.003,0.00375,0.003,0.003,3.86,2026-06-23T13:04:14,0.003,3.96
ip_shuffle,20260623T130414_912933,of:0000000000000003:1 -> of:000000000000000b:5,0.002,0.0025,0.002,0.002,2.1,2026-06-23T13:04:14,0.002,2.16
ip_shuffle,20260623T130414_912933,of:0000000000000006:1 -> of:000000000000000d:4,0.002,0.0025,0.002,0.002,3.13,2026-06-23T13:04:14,0.002,3.16
ip_shuffle,20260623T130414_912933,of:0000000000000007:2 -> of:000000000000000a:3,0.002,0.0025,0.002,0.002,3.0,2026-06-23T13:04:14,0.002,2.96
ip_shuffle,20260623T130414_912933,of:0000000000000007:1 -> of:000000000000000d:5,0.002,0.0025,0.002,0.002,2.93,2026-06-23T13:04:14,0.002,2.86
ip_shuffle,20260623T130414_912933,of:0000000000000002:2 -> of:0000000000000008:2,0.002,0.0025,0.002,0.002,2.9,2026-06-23T13:04:14,0.002,2.9
ip_shuffle,20260623T130414_912933,of:0000000000000003:2 -> of:0000000000000008:3,0.002,0.0025,0.002,0.002,2.9,2026-06-23T13:04:14,0.002,2.9
ip_shuffle,20260623T130414_912933,of:0000000000000008:1 -> of:000000000000000b:6,0.002,0.0025,0.002,0.002,2.13,2026-06-23T13:04:14,0.002,2.16
ip_shuffle,20260623T130414_912933,of:0000000000000004:2 -> of:0000000000000009:2,0.002,0.0025,0.002,0.002,3.0,2026-06-23T13:04:14,0.002,3.0
ip_shuffle,20260623T130414_912933,of:0000000000000002:1 -> of:000000000000000b:4,0.002,0.0025,0.002,0.002,2.1,2026-06-23T13:04:14,0.002,2.16
ip_shuffle,20260623T130414_912933,of:0000000000000009:1 -> of:000000000000000c:6,0.002,0.0025,0.002,0.002,2.13,2026-06-23T13:04:14,0.002,2.16
ip_shuffle,20260623T130519_169201,of:0000000000000004:1 -> of:000000000000000c:4,0.002,0.0025,0.002,0.002,1.86,2026-06-23T13:05:19,0.002,1.86
ip_shuffle,20260623T130519_169201,of:0000000000000005:1 -> of:000000000000000c:5,0.001,0.00125,0.001,0.001,1.46,2026-06-23T13:05:19,0.001,1.46
ip_shuffle,20260623T130519_169201,of:000000000000000a:1 -> of:000000000000000d:6,0.001,0.00125,0.001,0.001,1.46,2026-06-23T13:05:19,0.001,1.46
ip_shuffle,20260623T130519_169201,of:000000000000000b:3 -> of:000000000000000d:2,0.002,0.0025,0.002,0.002,1.66,2026-06-23T13:05:19,0.002,1.66
ip_shuffle,20260623T130519_169201,of:000000000000000c:3 -> of:000000000000000d:3,0.002,0.0025,0.002,0.002,1.66,2026-06-23T13:05:19,0.002,1.66
ip_shuffle,20260623T130519_169201,of:0000000000000005:2 -> of:0000000000000009:3,0.002,0.0025,0.002,0.002,1.66,2026-06-23T13:05:19,0.002,1.66
ip_shuffle,20260623T130519_169201,of:0000000000000001:1 -> of:000000000000000b:1,0.003,0.00375,0.003,0.003,3.49,2026-06-23T13:05:19,0.003,3.55
ip_shuffle,20260623T130519_169201,of:000000000000000b:2 -> of:000000000000000c:2,0.001,0.00125,0.001,0.001,1.59,2026-06-23T13:05:19,0.001,1.59
ip_shuffle,20260623T130519_169201,of:0000000000000001:2 -> of:000000000000000c:1,0.002,0.0025,0.002,0.002,1.79,2026-06-23T13:05:19,0.002,1.89
ip_shuffle,20260623T130519_169201,of:0000000000000006:2 -> of:000000000000000a:2,0.002,0.0025,0.002,0.002,1.66,2026-06-23T13:05:19,0.002,1.66
ip_shuffle,20260623T130519_169201,of:0000000000000001:3 -> of:000000000000000d:1,0.002,0.0025,0.002,0.002,2.16,2026-06-23T13:05:19,0.002,2.13
ip_shuffle,20260623T130519_169201,of:0000000000000003:1 -> of:000000000000000b:5,0.002,0.0025,0.002,0.002,2.52,2026-06-23T13:05:19,0.002,2.46
ip_shuffle,20260623T130519_169201,of:0000000000000006:1 -> of:000000000000000d:4,0.002,0.0025,0.002,0.002,1.53,2026-06-23T13:05:19,0.002,1.53
ip_shuffle,20260623T130519_169201,of:0000000000000007:2 -> of:000000000000000a:3,0.001,0.00125,0.001,0.001,1.59,2026-06-23T13:05:19,0.001,1.59
ip_shuffle,20260623T130519_169201,of:0000000000000007:1 -> of:000000000000000d:5,0.002,0.0025,0.002,0.002,1.93,2026-06-23T13:05:19,0.002,1.93
ip_shuffle,20260623T130519_169201,of:0000000000000002:2 -> of:0000000000000008:2,0.002,0.0025,0.002,0.002,1.73,2026-06-23T13:05:19,0.002,1.73
ip_shuffle,20260623T130519_169201,of:0000000000000003:2 -> of:0000000000000008:3,0.002,0.0025,0.002,0.002,1.73,2026-06-23T13:05:19,0.002,1.73
ip_shuffle,20260623T130519_169201,of:0000000000000008:1 -> of:000000000000000b:6,0.001,0.00125,0.001,0.001,1.4,2026-06-23T13:05:19,0.001,1.4
ip_shuffle,20260623T130519_169201,of:0000000000000004:2 -> of:0000000000000009:2,0.002,0.0025,0.002,0.002,1.66,2026-06-23T13:05:19,0.002,1.66
ip_shuffle,20260623T130519_169201,of:0000000000000002:1 -> of:000000000000000b:4,0.002,0.0025,0.002,0.002,2.56,2026-06-23T13:05:19,0.002,2.49
ip_shuffle,20260623T130519_169201,of:0000000000000009:1 -> of:000000000000000c:6,0.001,0.00125,0.001,0.001,1.4,2026-06-23T13:05:19,0.001,1.4
ip_shuffle,20260623T130616_728670,of:0000000000000004:1 -> of:000000000000000c:4,0.002,0.0025,0.002,0.002,1.76,2026-06-23T13:06:16,0.002,1.73
ip_shuffle,20260623T130616_728670,of:0000000000000005:1 -> of:000000000000000c:5,0.002,0.0025,0.002,0.002,1.76,2026-06-23T13:06:16,0.002,1.73
ip_shuffle,20260623T130616_728670,of:000000000000000a:1 -> of:000000000000000d:6,0.002,0.0025,0.002,0.002,1.8,2026-06-23T13:06:16,0.002,1.8
ip_shuffle,20260623T130616_728670,of:000000000000000b:3 -> of:000000000000000d:2,0.002,0.0025,0.002,0.002,2.26,2026-06-23T13:06:16,0.002,2.26
ip_shuffle,20260623T130616_728670,of:000000000000000c:3 -> of:000000000000000d:3,0.002,0.0025,0.002,0.002,2.26,2026-06-23T13:06:16,0.002,2.26
ip_shuffle,20260623T130616_728670,of:0000000000000005:2 -> of:0000000000000009:3,0.002,0.0025,0.002,0.002,2.23,2026-06-23T13:06:16,0.002,2.23
ip_shuffle,20260623T130616_728670,of:0000000000000001:1 -> of:000000000000000b:1,0.002,0.0025,0.002,0.002,1.8,2026-06-23T13:06:16,0.002,1.86
ip_shuffle,20260623T130616_728670,of:000000000000000b:2 -> of:000000000000000c:2,0.002,0.0025,0.002,0.002,2.26,2026-06-23T13:06:16,0.002,2.26
ip_shuffle,20260623T130616_728670,of:0000000000000001:2 -> of:000000000000000c:1,0.002,0.0025,0.002,0.002,1.8,2026-06-23T13:06:16,0.002,1.86
ip_shuffle,20260623T130616_728670,of:0000000000000006:2 -> of:000000000000000a:2,0.002,0.0025,0.002,0.002,2.23,2026-06-23T13:06:16,0.002,2.23
ip_shuffle,20260623T130616_728670,of:0000000000000001:3 -> of:000000000000000d:1,0.003,0.00375,0.003,0.003,3.46,2026-06-23T13:06:16,0.003,3.36
ip_shuffle,20260623T130616_728670,of:0000000000000003:1 -> of:000000000000000b:5,0.002,0.0025,0.002,0.002,1.8,2026-06-23T13:06:16,0.002,1.73
ip_shuffle,20260623T130616_728670,of:0000000000000006:1 -> of:000000000000000d:4,0.002,0.0025,0.002,0.002,2.1,2026-06-23T13:06:16,0.002,2.06
ip_shuffle,20260623T130616_728670,of:0000000000000007:2 -> of:000000000000000a:3,0.002,0.0025,0.002,0.002,2.3,2026-06-23T13:06:16,0.002,2.3
ip_shuffle,20260623T130616_728670,of:0000000000000007:1 -> of:000000000000000d:5,0.003,0.00375,0.003,0.003,2.99,2026-06-23T13:06:16,0.003,3.06
ip_shuffle,20260623T130616_728670,of:0000000000000002:2 -> of:0000000000000008:2,0.002,0.0025,0.002,0.002,2.3,2026-06-23T13:06:16,0.002,2.3
ip_shuffle,20260623T130616_728670,of:0000000000000003:2 -> of:0000000000000008:3,0.002,0.0025,0.002,0.002,2.3,2026-06-23T13:06:16,0.002,2.3
ip_shuffle,20260623T130616_728670,of:0000000000000008:1 -> of:000000000000000b:6,0.002,0.0025,0.002,0.002,1.83,2026-06-23T13:06:16,0.002,1.8
ip_shuffle,20260623T130616_728670,of:0000000000000004:2 -> of:0000000000000009:2,0.002,0.0025,0.002,0.002,2.23,2026-06-23T13:06:16,0.002,2.23
ip_shuffle,20260623T130616_728670,of:0000000000000002:1 -> of:000000000000000b:4,0.002,0.0025,0.002,0.002,1.8,2026-06-23T13:06:16,0.002,1.73
ip_shuffle,20260623T130616_728670,of:0000000000000009:1 -> of:000000000000000c:6,0.002,0.0025,0.002,0.002,1.8,2026-06-23T13:06:16,0.002,1.8
ip_shuffle,20260623T130720_859543,of:0000000000000004:1 -> of:000000000000000c:4,0.002,0.0025,0.002,0.002,2.36,2026-06-23T13:07:20,0.002,2.4
ip_shuffle,20260623T130720_859543,of:0000000000000005:1 -> of:000000000000000c:5,0.002,0.0025,0.002,0.002,2.36,2026-06-23T13:07:20,0.002,2.4
ip_shuffle,20260623T130720_859543,of:000000000000000a:1 -> of:000000000000000d:6,0.002,0.0025,0.002,0.002,1.53,2026-06-23T13:07:20,0.001,1.5
ip_shuffle,20260623T130720_859543,of:000000000000000b:3 -> of:000000000000000d:2,0.002,0.0025,0.002,0.002,1.76,2026-06-23T13:07:20,0.002,1.76
ip_shuffle,20260623T130720_859543,of:000000000000000c:3 -> of:000000000000000d:3,0.002,0.0025,0.002,0.002,1.76,2026-06-23T13:07:20,0.002,1.76
ip_shuffle,20260623T130720_859543,of:0000000000000005:2 -> of:0000000000000009:3,0.002,0.0025,0.002,0.002,1.83,2026-06-23T13:07:20,0.002,1.83
ip_shuffle,20260623T130720_859543,of:0000000000000001:1 -> of:000000000000000b:1,0.003,0.00375,0.003,0.003,3.2,2026-06-23T13:07:20,0.003,3.13
ip_shuffle,20260623T130720_859543,of:000000000000000b:2 -> of:000000000000000c:2,0.002,0.0025,0.002,0.002,1.86,2026-06-23T13:07:20,0.002,1.86
ip_shuffle,20260623T130720_859543,of:0000000000000001:2 -> of:000000000000000c:1,0.003,0.00375,0.003,0.003,3.2,2026-06-23T13:07:20,0.003,3.13
ip_shuffle,20260623T130720_859543,of:0000000000000006:2 -> of:000000000000000a:2,0.002,0.0025,0.002,0.002,1.83,2026-06-23T13:07:20,0.002,1.83
ip_shuffle,20260623T130720_859543,of:0000000000000001:3 -> of:000000000000000d:1,0.002,0.0025,0.002,0.002,2.23,2026-06-23T13:07:20,0.002,2.33
ip_shuffle,20260623T130720_859543,of:0000000000000003:1 -> of:000000000000000b:5,0.002,0.0025,0.002,0.002,2.6,2026-06-23T13:07:20,0.002,2.63
ip_shuffle,20260623T130720_859543,of:0000000000000006:1 -> of:000000000000000d:4,0.002,0.0025,0.002,0.002,1.76,2026-06-23T13:07:20,0.002,1.63
ip_shuffle,20260623T130720_859543,of:0000000000000007:2 -> of:000000000000000a:3,0.002,0.0025,0.002,0.002,1.83,2026-06-23T13:07:20,0.002,1.83
ip_shuffle,20260623T130720_859543,of:0000000000000007:1 -> of:000000000000000d:5,0.002,0.0025,0.002,0.002,2.13,2026-06-23T13:07:20,0.002,2.2
ip_shuffle,20260623T130720_859543,of:0000000000000002:2 -> of:0000000000000008:2,0.002,0.0025,0.002,0.002,1.83,2026-06-23T13:07:20,0.002,1.83
ip_shuffle,20260623T130720_859543,of:0000000000000003:2 -> of:0000000000000008:3,0.002,0.0025,0.002,0.002,1.83,2026-06-23T13:07:20,0.002,1.83
ip_shuffle,20260623T130720_859543,of:0000000000000008:1 -> of:000000000000000b:6,0.002,0.0025,0.002,0.002,1.6,2026-06-23T13:07:20,0.002,1.6
ip_shuffle,20260623T130720_859543,of:0000000000000004:2 -> of:0000000000000009:2,0.002,0.0025,0.002,0.002,1.83,2026-06-23T13:07:20,0.002,1.83
ip_shuffle,20260623T130720_859543,of:0000000000000002:1 -> of:000000000000000b:4,0.002,0.0025,0.002,0.002,2.13,2026-06-23T13:07:20,0.002,2.16
ip_shuffle,20260623T130720_859543,of:0000000000000009:1 -> of:000000000000000c:6,0.002,0.0025,0.002,0.002,1.6,2026-06-23T13:07:20,0.002,1.6
ip_shuffle,20260623T130818_616084,of:0000000000000004:1 -> of:000000000000000c:4,0.002,0.0025,0.002,0.002,1.73,2026-06-23T13:08:18,0.002,1.66
ip_shuffle,20260623T130818_616084,of:0000000000000005:1 -> of:000000000000000c:5,0.002,0.0025,0.002,0.002,1.73,2026-06-23T13:08:18,0.002,1.66
ip_shuffle,20260623T130818_616084,of:000000000000000a:1 -> of:000000000000000d:6,0.002,0.0025,0.002,0.002,1.63,2026-06-23T13:08:18,0.002,1.6
ip_shuffle,20260623T130818_616084,of:000000000000000b:3 -> of:000000000000000d:2,0.002,0.0025,0.002,0.002,1.93,2026-06-23T13:08:18,0.002,1.93
ip_shuffle,20260623T130818_616084,of:000000000000000c:3 -> of:000000000000000d:3,0.002,0.0025,0.002,0.002,2.0,2026-06-23T13:08:18,0.002,2.0
ip_shuffle,20260623T130818_616084,of:0000000000000005:2 -> of:0000000000000009:3,0.002,0.0025,0.002,0.002,2.06,2026-06-23T13:08:18,0.002,2.06
ip_shuffle,20260623T130818_616084,of:0000000000000001:1 -> of:000000000000000b:1,0.002,0.0025,0.002,0.002,1.6,2026-06-23T13:08:18,0.002,1.66
ip_shuffle,20260623T130818_616084,of:000000000000000b:2 -> of:000000000000000c:2,0.002,0.0025,0.002,0.002,1.93,2026-06-23T13:08:18,0.002,1.93
ip_shuffle,20260623T130818_616084,of:0000000000000001:2 -> of:000000000000000c:1,0.002,0.0025,0.002,0.002,1.66,2026-06-23T13:08:18,0.002,1.73
ip_shuffle,20260623T130818_616084,of:0000000000000006:2 -> of:000000000000000a:2,0.002,0.0025,0.002,0.002,1.93,2026-06-23T13:08:18,0.002,1.93
ip_shuffle,20260623T130818_616084,of:0000000000000001:3 -> of:000000000000000d:1,0.003,0.00375,0.003,0.003,3.2,2026-06-23T13:08:18,0.003,3.1
ip_shuffle,20260623T130818_616084,of:0000000000000003:1 -> of:000000000000000b:5,0.002,0.0025,0.002,0.002,1.66,2026-06-23T13:08:18,0.002,1.6
ip_shuffle,20260623T130818_616084,of:0000000000000006:1 -> of:000000000000000d:4,0.002,0.0025,0.002,0.002,1.66,2026-06-23T13:08:18,0.002,1.63
ip_shuffle,20260623T130818_616084,of:0000000000000007:2 -> of:000000000000000a:3,0.002,0.0025,0.002,0.002,1.93,2026-06-23T13:08:18,0.002,1.93
ip_shuffle,20260623T130818_616084,of:0000000000000007:1 -> of:000000000000000d:5,0.002,0.0025,0.002,0.002,2.9,2026-06-23T13:08:18,0.002,2.93
ip_shuffle,20260623T130818_616084,of:0000000000000002:2 -> of:0000000000000008:2,0.002,0.0025,0.002,0.002,2.03,2026-06-23T13:08:18,0.002,2.03
ip_shuffle,20260623T130818_616084,of:0000000000000003:2 -> of:0000000000000008:3,0.002,0.0025,0.002,0.002,2.03,2026-06-23T13:08:18,0.002,2.03
ip_shuffle,20260623T130818_616084,of:0000000000000008:1 -> of:000000000000000b:6,0.001,0.00125,0.001,0.001,1.57,2026-06-23T13:08:18,0.001,1.53
ip_shuffle,20260623T130818_616084,of:0000000000000004:2 -> of:0000000000000009:2,0.002,0.0025,0.002,0.002,2.03,2026-06-23T13:08:18,0.002,2.03
ip_shuffle,20260623T130818_616084,of:0000000000000002:1 -> of:000000000000000b:4,0.002,0.0025,0.002,0.002,1.66,2026-06-23T13:08:18,0.002,1.6
ip_shuffle,20260623T130818_616084,of:0000000000000009:1 -> of:000000000000000c:6,0.002,0.0025,0.002,0.002,1.63,2026-06-23T13:08:18,0.002,1.6
route_mutation,20260623T130922_820415,of:0000000000000004:1 -> of:000000000000000c:4,0.002,0.0025,0.002,0.002,2.6,2026-06-23T13:09:22,0.002,2.63
route_mutation,20260623T130922_820415,of:0000000000000005:1 -> of:000000000000000c:5,0.002,0.0025,0.002,0.002,2.6,2026-06-23T13:09:22,0.002,2.63
route_mutation,20260623T130922_820415,of:000000000000000a:1 -> of:000000000000000d:6,0.002,0.0025,0.002,0.002,1.86,2026-06-23T13:09:22,0.002,1.86
route_mutation,20260623T130922_820415,of:000000000000000b:3 -> of:000000000000000d:2,0.002,0.0025,0.002,0.002,2.4,2026-06-23T13:09:22,0.002,2.4
route_mutation,20260623T130922_820415,of:000000000000000c:3 -> of:000000000000000d:3,0.002,0.0025,0.002,0.002,2.43,2026-06-23T13:09:22,0.002,2.43
route_mutation,20260623T130922_820415,of:0000000000000005:2 -> of:0000000000000009:3,0.002,0.0025,0.002,0.002,2.33,2026-06-23T13:09:22,0.002,2.33
route_mutation,20260623T130922_820415,of:0000000000000001:1 -> of:000000000000000b:1,0.002,0.0025,0.002,0.002,2.06,2026-06-23T13:09:22,0.002,2.0
route_mutation,20260623T130922_820415,of:000000000000000b:2 -> of:000000000000000c:2,0.002,0.0025,0.002,0.002,2.43,2026-06-23T13:09:22,0.002,2.43
route_mutation,20260623T130922_820415,of:0000000000000001:2 -> of:000000000000000c:1,0.003,0.00375,0.003,0.003,3.43,2026-06-23T13:09:22,0.003,3.43
route_mutation,20260623T130922_820415,of:0000000000000006:2 -> of:000000000000000a:2,0.002,0.0025,0.002,0.002,2.43,2026-06-23T13:09:22,0.002,2.43
route_mutation,20260623T130922_820415,of:0000000000000001:3 -> of:000000000000000d:1,0.003,0.00375,0.003,0.003,3.7,2026-06-23T13:09:22,0.003,3.83
route_mutation,20260623T130922_820415,of:0000000000000003:1 -> of:000000000000000b:5,0.002,0.0025,0.002,0.002,1.93,2026-06-23T13:09:22,0.002,2.0
route_mutation,20260623T130922_820415,of:0000000000000006:1 -> of:000000000000000d:4,0.003,0.00375,0.003,0.003,3.6,2026-06-23T13:09:22,0.003,3.5
route_mutation,20260623T130922_820415,of:0000000000000007:2 -> of:000000000000000a:3,0.002,0.0025,0.002,0.002,2.43,2026-06-23T13:09:22,0.002,2.43
route_mutation,20260623T130922_820415,of:0000000000000007:1 -> of:000000000000000d:5,0.002,0.0025,0.002,0.002,2.26,2026-06-23T13:09:22,0.002,2.26
route_mutation,20260623T130922_820415,of:0000000000000002:2 -> of:0000000000000008:2,0.002,0.0025,0.002,0.002,2.33,2026-06-23T13:09:22,0.002,2.33
route_mutation,20260623T130922_820415,of:0000000000000003:2 -> of:0000000000000008:3,0.002,0.0025,0.002,0.002,2.33,2026-06-23T13:09:22,0.002,2.33
route_mutation,20260623T130922_820415,of:0000000000000008:1 -> of:000000000000000b:6,0.002,0.0025,0.002,0.002,1.86,2026-06-23T13:09:22,0.002,1.86
route_mutation,20260623T130922_820415,of:0000000000000004:2 -> of:0000000000000009:2,0.002,0.0025,0.002,0.002,2.33,2026-06-23T13:09:22,0.002,2.33
route_mutation,20260623T130922_820415,of:0000000000000002:1 -> of:000000000000000b:4,0.002,0.0025,0.002,0.002,1.8,2026-06-23T13:09:22,0.002,1.8
route_mutation,20260623T130922_820415,of:0000000000000009:1 -> of:000000000000000c:6,0.002,0.0025,0.002,0.002,1.86,2026-06-23T13:09:22,0.002,1.9
route_mutation,20260623T130953_127702,of:0000000000000004:1 -> of:000000000000000c:4,0.002,0.0025,0.002,0.002,1.93,2026-06-23T13:09:53,0.002,1.86
route_mutation,20260623T130953_127702,of:0000000000000005:1 -> of:000000000000000c:5,0.002,0.0025,0.002,0.002,1.93,2026-06-23T13:09:53,0.002,1.86
route_mutation,20260623T130953_127702,of:000000000000000a:1 -> of:000000000000000d:6,0.002,0.0025,0.002,0.002,1.83,2026-06-23T13:09:53,0.002,1.8
route_mutation,20260623T130953_127702,of:000000000000000b:3 -> of:000000000000000d:2,0.002,0.0025,0.002,0.002,2.36,2026-06-23T13:09:53,0.002,2.36
route_mutation,20260623T130953_127702,of:000000000000000c:3 -> of:000000000000000d:3,0.002,0.0025,0.002,0.002,2.4,2026-06-23T13:09:53,0.002,2.4
route_mutation,20260623T130953_127702,of:0000000000000005:2 -> of:0000000000000009:3,0.002,0.0025,0.002,0.002,2.43,2026-06-23T13:09:53,0.002,2.43
route_mutation,20260623T130953_127702,of:0000000000000001:1 -> of:000000000000000b:1,0.002,0.0025,0.002,0.002,1.83,2026-06-23T13:09:53,0.002,1.86
route_mutation,20260623T130953_127702,of:000000000000000b:2 -> of:000000000000000c:2,0.002,0.0025,0.002,0.002,2.36,2026-06-23T13:09:53,0.002,2.36
route_mutation,20260623T130953_127702,of:0000000000000001:2 -> of:000000000000000c:1,0.002,0.0025,0.002,0.002,1.86,2026-06-23T13:09:53,0.002,1.93
route_mutation,20260623T130953_127702,of:0000000000000006:2 -> of:000000000000000a:2,0.002,0.0025,0.002,0.002,2.33,2026-06-23T13:09:53,0.002,2.33
route_mutation,20260623T130953_127702,of:0000000000000001:3 -> of:000000000000000d:1,0.003,0.00375,0.003,0.003,3.49,2026-06-23T13:09:53,0.003,3.39
route_mutation,20260623T130953_127702,of:0000000000000003:1 -> of:000000000000000b:5,0.002,0.0025,0.002,0.002,1.86,2026-06-23T13:09:53,0.002,1.83
route_mutation,20260623T130953_127702,of:0000000000000006:1 -> of:000000000000000d:4,0.002,0.0025,0.002,0.002,2.03,2026-06-23T13:09:53,0.002,2.06
route_mutation,20260623T130953_127702,of:0000000000000007:2 -> of:000000000000000a:3,0.002,0.0025,0.002,0.002,2.33,2026-06-23T13:09:53,0.002,2.33
route_mutation,20260623T130953_127702,of:0000000000000007:1 -> of:000000000000000d:5,0.003,0.00375,0.003,0.003,3.09,2026-06-23T13:09:53,0.003,3.06
route_mutation,20260623T130953_127702,of:0000000000000002:2 -> of:0000000000000008:2,0.002,0.0025,0.002,0.002,2.43,2026-06-23T13:09:53,0.002,2.43
route_mutation,20260623T130953_127702,of:0000000000000003:2 -> of:0000000000000008:3,0.002,0.0025,0.002,0.002,2.43,2026-06-23T13:09:53,0.002,2.43
route_mutation,20260623T130953_127702,of:0000000000000008:1 -> of:000000000000000b:6,0.002,0.0025,0.002,0.002,1.76,2026-06-23T13:09:53,0.002,1.76
route_mutation,20260623T130953_127702,of:0000000000000004:2 -> of:0000000000000009:2,0.002,0.0025,0.002,0.002,2.43,2026-06-23T13:09:53,0.002,2.43
route_mutation,20260623T130953_127702,of:0000000000000002:1 -> of:000000000000000b:4,0.002,0.0025,0.002,0.002,1.86,2026-06-23T13:09:53,0.002,1.83
route_mutation,20260623T130953_127702,of:0000000000000009:1 -> of:000000000000000c:6,0.002,0.0025,0.002,0.002,1.83,2026-06-23T13:09:53,0.002,1.8
route_mutation,20260623T131023_431501,of:0000000000000004:1 -> of:000000000000000c:4,0.001,0.00125,0.001,0.001,1.37,2026-06-23T13:10:23,0.001,1.37
route_mutation,20260623T131023_431501,of:0000000000000005:1 -> of:000000000000000c:5,0.001,0.00125,0.001,0.001,1.37,2026-06-23T13:10:23,0.001,1.37
route_mutation,20260623T131023_431501,of:000000000000000a:1 -> of:000000000000000d:6,0.001,0.00125,0.001,0.001,1.37,2026-06-23T13:10:23,0.001,1.37
route_mutation,20260623T131023_431501,of:000000000000000b:3 -> of:000000000000000d:2,0.001,0.00125,0.001,0.001,1.47,2026-06-23T13:10:23,0.001,1.47
route_mutation,20260623T131023_431501,of:000000000000000c:3 -> of:000000000000000d:3,0.001,0.00125,0.001,0.001,1.4,2026-06-23T13:10:23,0.001,1.4
route_mutation,20260623T131023_431501,of:0000000000000005:2 -> of:0000000000000009:3,0.002,0.0025,0.002,0.002,1.53,2026-06-23T13:10:23,0.002,1.53
route_mutation,20260623T131023_431501,of:0000000000000001:1 -> of:000000000000000b:1,0.002,0.0025,0.002,0.002,2.4,2026-06-23T13:10:23,0.002,2.43
route_mutation,20260623T131023_431501,of:000000000000000b:2 -> of:000000000000000c:2,0.001,0.00125,0.001,0.001,1.47,2026-06-23T13:10:23,0.001,1.47
route_mutation,20260623T131023_431501,of:0000000000000001:2 -> of:000000000000000c:1,0.001,0.00125,0.001,0.001,1.37,2026-06-23T13:10:23,0.001,1.37
route_mutation,20260623T131023_431501,of:0000000000000006:2 -> of:000000000000000a:2,0.002,0.0025,0.002,0.002,1.53,2026-06-23T13:10:23,0.002,1.53
route_mutation,20260623T131023_431501,of:0000000000000001:3 -> of:000000000000000d:1,0.001,0.00125,0.001,0.001,1.37,2026-06-23T13:10:23,0.001,1.37
route_mutation,20260623T131023_431501,of:0000000000000003:1 -> of:000000000000000b:5,0.002,0.0025,0.002,0.002,1.47,2026-06-23T13:10:23,0.002,1.47
route_mutation,20260623T131023_431501,of:0000000000000006:1 -> of:000000000000000d:4,0.001,0.00125,0.001,0.001,1.37,2026-06-23T13:10:23,0.001,1.37
route_mutation,20260623T131023_431501,of:0000000000000007:2 -> of:000000000000000a:3,0.002,0.0025,0.002,0.002,1.53,2026-06-23T13:10:23,0.002,1.53
route_mutation,20260623T131023_431501,of:0000000000000007:1 -> of:000000000000000d:5,0.001,0.00125,0.001,0.001,1.37,2026-06-23T13:10:23,0.001,1.37
route_mutation,20260623T131023_431501,of:0000000000000002:2 -> of:0000000000000008:2,0.002,0.0025,0.002,0.002,1.53,2026-06-23T13:10:23,0.002,1.53
route_mutation,20260623T131023_431501,of:0000000000000003:2 -> of:0000000000000008:3,0.002,0.0025,0.002,0.002,1.53,2026-06-23T13:10:23,0.002,1.53
route_mutation,20260623T131023_431501,of:0000000000000008:1 -> of:000000000000000b:6,0.002,0.0025,0.002,0.002,1.43,2026-06-23T13:10:23,0.002,1.43
route_mutation,20260623T131023_431501,of:0000000000000004:2 -> of:0000000000000009:2,0.002,0.0025,0.002,0.002,1.53,2026-06-23T13:10:23,0.002,1.53
route_mutation,20260623T131023_431501,of:0000000000000002:1 -> of:000000000000000b:4,0.002,0.0025,0.002,0.002,2.43,2026-06-23T13:10:23,0.002,2.43
route_mutation,20260623T131023_431501,of:0000000000000009:1 -> of:000000000000000c:6,0.001,0.00125,0.001,0.001,1.37,2026-06-23T13:10:23,0.001,1.37
ip_shuffle,20260623T131053_822812,of:0000000000000004:1 -> of:000000000000000c:4,0.002,0.0025,0.002,0.002,2.36,2026-06-23T13:10:53,0.002,2.4
ip_shuffle,20260623T131053_822812,of:0000000000000005:1 -> of:000000000000000c:5,0.002,0.0025,0.002,0.002,2.36,2026-06-23T13:10:53,0.002,2.4
ip_shuffle,20260623T131053_822812,of:000000000000000a:1 -> of:000000000000000d:6,0.002,0.0025,0.002,0.002,1.67,2026-06-23T13:10:53,0.002,1.67
ip_shuffle,20260623T131053_822812,of:000000000000000b:3 -> of:000000000000000d:2,0.002,0.0025,0.002,0.002,2.0,2026-06-23T13:10:53,0.002,2.0
ip_shuffle,20260623T131053_822812,of:000000000000000c:3 -> of:000000000000000d:3,0.002,0.0025,0.002,0.002,2.0,2026-06-23T13:10:53,0.002,2.0
ip_shuffle,20260623T131053_822812,of:0000000000000005:2 -> of:0000000000000009:3,0.002,0.0025,0.002,0.002,1.9,2026-06-23T13:10:53,0.002,1.9
ip_shuffle,20260623T131053_822812,of:0000000000000001:1 -> of:000000000000000b:1,0.002,0.0025,0.002,0.002,2.7,2026-06-23T13:10:53,0.002,2.6
ip_shuffle,20260623T131053_822812,of:000000000000000b:2 -> of:000000000000000c:2,0.002,0.0025,0.002,0.002,2.0,2026-06-23T13:10:53,0.002,2.0
ip_shuffle,20260623T131053_822812,of:0000000000000001:2 -> of:000000000000000c:1,0.003,0.00375,0.003,0.003,3.2,2026-06-23T13:10:53,0.003,3.13
ip_shuffle,20260623T131053_822812,of:0000000000000006:2 -> of:000000000000000a:2,0.002,0.0025,0.002,0.002,1.96,2026-06-23T13:10:53,0.002,1.96
ip_shuffle,20260623T131053_822812,of:0000000000000001:3 -> of:000000000000000d:1,0.002,0.0025,0.002,0.002,1.9,2026-06-23T13:10:53,0.002,1.96
ip_shuffle,20260623T131053_822812,of:0000000000000003:1 -> of:000000000000000b:5,0.002,0.0025,0.002,0.002,2.53,2026-06-23T13:10:53,0.002,2.6
ip_shuffle,20260623T131053_822812,of:0000000000000006:1 -> of:000000000000000d:4,0.002,0.0025,0.002,0.002,2.03,2026-06-23T13:10:53,0.002,1.96
ip_shuffle,20260623T131053_822812,of:0000000000000007:2 -> of:000000000000000a:3,0.002,0.0025,0.002,0.002,1.96,2026-06-23T13:10:53,0.002,1.96
ip_shuffle,20260623T131053_822812,of:0000000000000007:1 -> of:000000000000000d:5,0.002,0.0025,0.002,0.002,1.63,2026-06-23T13:10:53,0.002,1.67
ip_shuffle,20260623T131053_822812,of:0000000000000002:2 -> of:0000000000000008:2,0.002,0.0025,0.002,0.002,1.83,2026-06-23T13:10:53,0.002,1.83
ip_shuffle,20260623T131053_822812,of:0000000000000003:2 -> of:0000000000000008:3,0.002,0.0025,0.002,0.002,1.83,2026-06-23T13:10:53,0.002,1.83
ip_shuffle,20260623T131053_822812,of:0000000000000008:1 -> of:000000000000000b:6,0.002,0.0025,0.002,0.002,1.63,2026-06-23T13:10:53,0.002,1.67
ip_shuffle,20260623T131053_822812,of:0000000000000004:2 -> of:0000000000000009:2,0.002,0.0025,0.002,0.002,1.9,2026-06-23T13:10:53,0.002,1.9
ip_shuffle,20260623T131053_822812,of:0000000000000002:1 -> of:000000000000000b:4,0.002,0.0025,0.002,0.002,1.57,2026-06-23T13:10:53,0.002,1.63
ip_shuffle,20260623T131053_822812,of:0000000000000009:1 -> of:000000000000000c:6,0.002,0.0025,0.002,0.002,1.67,2026-06-23T13:10:53,0.002,1.67
ip_shuffle,20260623T131151_546938,of:0000000000000004:1 -> of:000000000000000c:4,0.002,0.0025,0.002,0.002,1.53,2026-06-23T13:11:51,0.001,1.46
ip_shuffle,20260623T131151_546938,of:0000000000000005:1 -> of:000000000000000c:5,0.002,0.0025,0.002,0.002,1.53,2026-06-23T13:11:51,0.001,1.46
ip_shuffle,20260623T131151_546938,of:000000000000000a:1 -> of:000000000000000d:6,0.001,0.00125,0.001,0.001,1.5,2026-06-23T13:11:51,0.001,1.46
ip_shuffle,20260623T131151_546938,of:000000000000000b:3 -> of:000000000000000d:2,0.001,0.00125,0.001,0.001,1.6,2026-06-23T13:11:51,0.001,1.6
ip_shuffle,20260623T131151_546938,of:000000000000000c:3 -> of:000000000000000d:3,0.001,0.00125,0.001,0.001,1.6,2026-06-23T13:11:51,0.001,1.6
ip_shuffle,20260623T131151_546938,of:0000000000000005:2 -> of:0000000000000009:3,0.002,0.0025,0.002,0.002,1.83,2026-06-23T13:11:51,0.002,1.83
ip_shuffle,20260623T131151_546938,of:0000000000000001:1 -> of:000000000000000b:1,0.002,0.0025,0.002,0.001,1.46,2026-06-23T13:11:51,0.002,1.53
ip_shuffle,20260623T131151_546938,of:000000000000000b:2 -> of:000000000000000c:2,0.001,0.00125,0.001,0.001,1.6,2026-06-23T13:11:51,0.001,1.6
ip_shuffle,20260623T131151_546938,of:0000000000000001:2 -> of:000000000000000c:1,0.002,0.0025,0.002,0.001,1.46,2026-06-23T13:11:51,0.002,1.53
ip_shuffle,20260623T131151_546938,of:0000000000000006:2 -> of:000000000000000a:2,0.002,0.0025,0.002,0.002,1.8,2026-06-23T13:11:51,0.002,1.8
ip_shuffle,20260623T131151_546938,of:0000000000000001:3 -> of:000000000000000d:1,0.002,0.0025,0.002,0.002,2.7,2026-06-23T13:11:51,0.002,2.6
ip_shuffle,20260623T131151_546938,of:0000000000000003:1 -> of:000000000000000b:5,0.002,0.0025,0.002,0.002,1.53,2026-06-23T13:11:51,0.001,1.46
ip_shuffle,20260623T131151_546938,of:0000000000000006:1 -> of:000000000000000d:4,0.002,0.0025,0.002,0.002,2.16,2026-06-23T13:11:51,0.002,2.13
ip_shuffle,20260623T131151_546938,of:0000000000000007:2 -> of:000000000000000a:3,0.002,0.0025,0.002,0.002,1.8,2026-06-23T13:11:51,0.002,1.8
ip_shuffle,20260623T131151_546938,of:0000000000000007:1 -> of:000000000000000d:5,0.002,0.0025,0.002,0.002,2.03,2026-06-23T13:11:51,0.002,2.06
ip_shuffle,20260623T131151_546938,of:0000000000000002:2 -> of:0000000000000008:2,0.002,0.0025,0.002,0.002,1.83,2026-06-23T13:11:51,0.002,1.83
ip_shuffle,20260623T131151_546938,of:0000000000000003:2 -> of:0000000000000008:3,0.002,0.0025,0.002,0.002,1.83,2026-06-23T13:11:51,0.002,1.83
ip_shuffle,20260623T131151_546938,of:0000000000000008:1 -> of:000000000000000b:6,0.001,0.00125,0.001,0.001,1.5,2026-06-23T13:11:51,0.001,1.46
ip_shuffle,20260623T131151_546938,of:0000000000000004:2 -> of:0000000000000009:2,0.002,0.0025,0.002,0.002,1.83,2026-06-23T13:11:51,0.002,1.83
ip_shuffle,20260623T131151_546938,of:0000000000000002:1 -> of:000000000000000b:4,0.002,0.0025,0.002,0.002,1.53,2026-06-23T13:11:51,0.001,1.46
ip_shuffle,20260623T131151_546938,of:0000000000000009:1 -> of:000000000000000c:6,0.001,0.00125,0.001,0.001,1.5,2026-06-23T13:11:51,0.001,1.46
route_mutation,20260623T131255_657949,of:0000000000000004:1 -> of:000000000000000c:4,0.002,0.0025,0.002,0.002,1.57,2026-06-23T13:12:55,0.002,1.57
route_mutation,20260623T131255_657949,of:0000000000000005:1 -> of:000000000000000c:5,0.002,0.0025,0.002,0.002,1.57,2026-06-23T13:12:55,0.002,1.57
route_mutation,20260623T131255_657949,of:000000000000000a:1 -> of:000000000000000d:6,0.001,0.00125,0.001,0.001,1.5,2026-06-23T13:12:55,0.001,1.5
route_mutation,20260623T131255_657949,of:000000000000000b:3 -> of:000000000000000d:2,0.002,0.0025,0.002,0.002,1.8,2026-06-23T13:12:55,0.002,1.8
route_mutation,20260623T131255_657949,of:000000000000000c:3 -> of:000000000000000d:3,0.002,0.0025,0.002,0.002,1.8,2026-06-23T13:12:55,0.002,1.8
route_mutation,20260623T131255_657949,of:0000000000000005:2 -> of:0000000000000009:3,0.002,0.0025,0.002,0.002,1.93,2026-06-23T13:12:55,0.002,1.93
route_mutation,20260623T131255_657949,of:0000000000000001:1 -> of:000000000000000b:1,0.002,0.0025,0.002,0.002,1.57,2026-06-23T13:12:55,0.002,1.6
route_mutation,20260623T131255_657949,of:000000000000000b:2 -> of:000000000000000c:2,0.002,0.0025,0.002,0.002,1.8,2026-06-23T13:12:55,0.002,1.8
route_mutation,20260623T131255_657949,of:0000000000000001:2 -> of:000000000000000c:1,0.002,0.0025,0.002,0.002,1.57,2026-06-23T13:12:55,0.002,1.6
route_mutation,20260623T131255_657949,of:0000000000000006:2 -> of:000000000000000a:2,0.002,0.0025,0.002,0.002,1.86,2026-06-23T13:12:55,0.002,1.86
route_mutation,20260623T131255_657949,of:0000000000000001:3 -> of:000000000000000d:1,0.002,0.0025,0.002,0.002,2.36,2026-06-23T13:12:55,0.002,2.3
route_mutation,20260623T131255_657949,of:0000000000000003:1 -> of:000000000000000b:5,0.002,0.0025,0.002,0.002,1.6,2026-06-23T13:12:55,0.002,1.57
route_mutation,20260623T131255_657949,of:0000000000000006:1 -> of:000000000000000d:4,0.002,0.0025,0.002,0.002,1.57,2026-06-23T13:12:55,0.002,1.57
route_mutation,20260623T131255_657949,of:0000000000000007:2 -> of:000000000000000a:3,0.002,0.0025,0.002,0.002,1.86,2026-06-23T13:12:55,0.002,1.86
route_mutation,20260623T131255_657949,of:0000000000000007:1 -> of:000000000000000d:5,0.002,0.0025,0.002,0.002,2.33,2026-06-23T13:12:55,0.002,2.36
route_mutation,20260623T131255_657949,of:0000000000000002:2 -> of:0000000000000008:2,0.002,0.0025,0.002,0.002,1.96,2026-06-23T13:12:55,0.002,1.96
route_mutation,20260623T131255_657949,of:0000000000000003:2 -> of:0000000000000008:3,0.002,0.0025,0.002,0.002,1.96,2026-06-23T13:12:55,0.002,1.96
route_mutation,20260623T131255_657949,of:0000000000000008:1 -> of:000000000000000b:6,0.002,0.0025,0.002,0.002,1.57,2026-06-23T13:12:55,0.002,1.57
route_mutation,20260623T131255_657949,of:0000000000000004:2 -> of:0000000000000009:2,0.002,0.0025,0.002,0.002,1.93,2026-06-23T13:12:55,0.002,1.93
route_mutation,20260623T131255_657949,of:0000000000000002:1 -> of:000000000000000b:4,0.002,0.0025,0.002,0.002,1.6,2026-06-23T13:12:55,0.002,1.57
route_mutation,20260623T131255_657949,of:0000000000000009:1 -> of:000000000000000c:6,0.002,0.0025,0.002,0.002,1.57,2026-06-23T13:12:55,0.002,1.57
ip_shuffle,20260623T131325_843014,of:0000000000000004:1 -> of:000000000000000c:4,0.002,0.0025,0.002,0.002,1.43,2026-06-23T13:13:25,0.002,1.43
ip_shuffle,20260623T131325_843014,of:0000000000000005:1 -> of:000000000000000c:5,0.002,0.0025,0.002,0.002,1.43,2026-06-23T13:13:25,0.002,1.43
ip_shuffle,20260623T131325_843014,of:000000000000000a:1 -> of:000000000000000d:6,0.002,0.0025,0.002,0.002,1.43,2026-06-23T13:13:25,0.002,1.43
ip_shuffle,20260623T131325_843014,of:000000000000000b:3 -> of:000000000000000d:2,0.002,0.0025,0.002,0.002,1.53,2026-06-23T13:13:25,0.002,1.53
ip_shuffle,20260623T131325_843014,of:000000000000000c:3 -> of:000000000000000d:3,0.002,0.0025,0.002,0.002,1.53,2026-06-23T13:13:25,0.002,1.53
ip_shuffle,20260623T131325_843014,of:0000000000000005:2 -> of:0000000000000009:3,0.002,0.0025,0.002,0.002,1.53,2026-06-23T13:13:25,0.002,1.53
ip_shuffle,20260623T131325_843014,of:0000000000000001:1 -> of:000000000000000b:1,0.001,0.00125,0.001,0.001,1.37,2026-06-23T13:13:25,0.001,1.37
ip_shuffle,20260623T131325_843014,of:000000000000000b:2 -> of:000000000000000c:2,0.002,0.0025,0.002,0.002,1.53,2026-06-23T13:13:25,0.002,1.53
ip_shuffle,20260623T131325_843014,of:0000000000000001:2 -> of:000000000000000c:1,0.001,0.00125,0.001,0.001,1.37,2026-06-23T13:13:25,0.001,1.37
ip_shuffle,20260623T131325_843014,of:0000000000000006:2 -> of:000000000000000a:2,0.002,0.0025,0.002,0.002,1.53,2026-06-23T13:13:25,0.002,1.53
ip_shuffle,20260623T131325_843014,of:0000000000000001:3 -> of:000000000000000d:1,0.002,0.0025,0.002,0.002,1.63,2026-06-23T13:13:25,0.002,1.63
ip_shuffle,20260623T131325_843014,of:0000000000000003:1 -> of:000000000000000b:5,0.001,0.00125,0.001,0.001,1.37,2026-06-23T13:13:25,0.001,1.37
ip_shuffle,20260623T131325_843014,of:0000000000000006:1 -> of:000000000000000d:4,0.002,0.0025,0.002,0.002,1.43,2026-06-23T13:13:25,0.002,1.43
ip_shuffle,20260623T131325_843014,of:0000000000000007:2 -> of:000000000000000a:3,0.002,0.0025,0.002,0.002,1.53,2026-06-23T13:13:25,0.002,1.53
ip_shuffle,20260623T131325_843014,of:0000000000000007:1 -> of:000000000000000d:5,0.002,0.0025,0.002,0.002,1.67,2026-06-23T13:13:25,0.002,1.67
ip_shuffle,20260623T131325_843014,of:0000000000000002:2 -> of:0000000000000008:2,0.001,0.00125,0.001,0.001,1.47,2026-06-23T13:13:25,0.001,1.47
ip_shuffle,20260623T131325_843014,of:0000000000000003:2 -> of:0000000000000008:3,0.001,0.00125,0.001,0.001,1.47,2026-06-23T13:13:25,0.001,1.47
ip_shuffle,20260623T131325_843014,of:0000000000000008:1 -> of:000000000000000b:6,0.002,0.0025,0.002,0.002,1.43,2026-06-23T13:13:25,0.002,1.43
ip_shuffle,20260623T131325_843014,of:0000000000000004:2 -> of:0000000000000009:2,0.002,0.0025,0.002,0.002,1.53,2026-06-23T13:13:25,0.002,1.53
ip_shuffle,20260623T131325_843014,of:0000000000000002:1 -> of:000000000000000b:4,0.001,0.00125,0.001,0.001,1.37,2026-06-23T13:13:25,0.001,1.37
ip_shuffle,20260623T131325_843014,of:0000000000000009:1 -> of:000000000000000c:6,0.002,0.0025,0.002,0.002,1.43,2026-06-23T13:13:25,0.002,1.43
ip_shuffle,20260623T131429_934743,of:0000000000000004:1 -> of:000000000000000c:4,0.002,0.0025,0.002,0.002,2.06,2026-06-23T13:14:29,0.002,2.06
ip_shuffle,20260623T131429_934743,of:0000000000000005:1 -> of:000000000000000c:5,0.002,0.0025,0.002,0.002,2.46,2026-06-23T13:14:29,0.002,2.46
ip_shuffle,20260623T131429_934743,of:000000000000000a:1 -> of:000000000000000d:6,0.001,0.00125,0.001,0.001,1.6,2026-06-23T13:14:29,0.001,1.6
ip_shuffle,20260623T131429_934743,of:000000000000000b:3 -> of:000000000000000d:2,0.002,0.0025,0.002,0.002,2.0,2026-06-23T13:14:29,0.002,2.0
ip_shuffle,20260623T131429_934743,of:000000000000000c:3 -> of:000000000000000d:3,0.002,0.0025,0.002,0.002,2.0,2026-06-23T13:14:29,0.002,2.0
ip_shuffle,20260623T131429_934743,of:0000000000000005:2 -> of:0000000000000009:3,0.002,0.0025,0.002,0.002,2.06,2026-06-23T13:14:29,0.002,2.06
ip_shuffle,20260623T131429_934743,of:0000000000000001:1 -> of:000000000000000b:1,0.002,0.0025,0.002,0.002,1.7,2026-06-23T13:14:29,0.002,1.7
ip_shuffle,20260623T131429_934743,of:000000000000000b:2 -> of:000000000000000c:2,0.002,0.0025,0.002,0.002,2.0,2026-06-23T13:14:29,0.002,2.0
ip_shuffle,20260623T131429_934743,of:0000000000000001:2 -> of:000000000000000c:1,0.003,0.00375,0.003,0.003,2.93,2026-06-23T13:14:29,0.003,2.93
ip_shuffle,20260623T131429_934743,of:0000000000000006:2 -> of:000000000000000a:2,0.002,0.0025,0.002,0.002,2.06,2026-06-23T13:14:29,0.002,2.06
ip_shuffle,20260623T131429_934743,of:0000000000000001:3 -> of:000000000000000d:1,0.002,0.0025,0.002,0.002,2.7,2026-06-23T13:14:29,0.002,2.7
ip_shuffle,20260623T131429_934743,of:0000000000000003:1 -> of:000000000000000b:5,0.002,0.0025,0.002,0.002,1.7,2026-06-23T13:14:29,0.002,1.7
ip_shuffle,20260623T131429_934743,of:0000000000000006:1 -> of:000000000000000d:4,0.002,0.0025,0.002,0.002,2.7,2026-06-23T13:14:29,0.002,2.7
ip_shuffle,20260623T131429_934743,of:0000000000000007:2 -> of:000000000000000a:3,0.002,0.0025,0.002,0.002,2.06,2026-06-23T13:14:29,0.002,2.06
ip_shuffle,20260623T131429_934743,of:0000000000000007:1 -> of:000000000000000d:5,0.002,0.0025,0.002,0.002,1.66,2026-06-23T13:14:29,0.002,1.66
ip_shuffle,20260623T131429_934743,of:0000000000000002:2 -> of:0000000000000008:2,0.002,0.0025,0.002,0.002,2.13,2026-06-23T13:14:29,0.002,2.13
ip_shuffle,20260623T131429_934743,of:0000000000000003:2 -> of:0000000000000008:3,0.002,0.0025,0.002,0.002,2.13,2026-06-23T13:14:29,0.002,2.13
ip_shuffle,20260623T131429_934743,of:0000000000000008:1 -> of:000000000000000b:6,0.002,0.0025,0.002,0.002,1.66,2026-06-23T13:14:29,0.002,1.66
ip_shuffle,20260623T131429_934743,of:0000000000000004:2 -> of:0000000000000009:2,0.002,0.0025,0.002,0.002,2.06,2026-06-23T13:14:29,0.002,2.06
ip_shuffle,20260623T131429_934743,of:0000000000000002:1 -> of:000000000000000b:4,0.002,0.0025,0.002,0.002,1.66,2026-06-23T13:14:29,0.002,1.66
ip_shuffle,20260623T131429_934743,of:0000000000000009:1 -> of:000000000000000c:6,0.001,0.00125,0.001,0.001,1.6,2026-06-23T13:14:29,0.001,1.6
route_mutation,20260623T131527_689455,of:0000000000000004:1 -> of:000000000000000c:4,0.001,0.00125,0.001,0.001,1.36,2026-06-23T13:15:27,0.001,1.36
route_mutation,20260623T131527_689455,of:0000000000000005:1 -> of:000000000000000c:5,0.001,0.00125,0.001,0.001,1.36,2026-06-23T13:15:27,0.001,1.36
route_mutation,20260623T131527_689455,of:000000000000000a:1 -> of:000000000000000d:6,0.002,0.0025,0.002,0.002,1.43,2026-06-23T13:15:27,0.002,1.43
route_mutation,20260623T131527_689455,of:000000000000000b:3 -> of:000000000000000d:2,0.002,0.0025,0.002,0.002,1.53,2026-06-23T13:15:27,0.002,1.53
route_mutation,20260623T131527_689455,of:000000000000000c:3 -> of:000000000000000d:3,0.002,0.0025,0.002,0.002,1.53,2026-06-23T13:15:27,0.002,1.53
route_mutation,20260623T131527_689455,of:0000000000000005:2 -> of:0000000000000009:3,0.001,0.00125,0.001,0.001,1.46,2026-06-23T13:15:27,0.001,1.46
route_mutation,20260623T131527_689455,of:0000000000000001:1 -> of:000000000000000b:1,0.002,0.0025,0.002,0.002,2.4,2026-06-23T13:15:27,0.002,2.4
route_mutation,20260623T131527_689455,of:000000000000000b:2 -> of:000000000000000c:2,0.002,0.0025,0.002,0.002,1.53,2026-06-23T13:15:27,0.002,1.53
route_mutation,20260623T131527_689455,of:0000000000000001:2 -> of:000000000000000c:1,0.002,0.0025,0.002,0.002,1.43,2026-06-23T13:15:27,0.002,1.43
route_mutation,20260623T131527_689455,of:0000000000000006:2 -> of:000000000000000a:2,0.001,0.00125,0.001,0.001,1.46,2026-06-23T13:15:27,0.001,1.46
route_mutation,20260623T131527_689455,of:0000000000000001:3 -> of:000000000000000d:1,0.002,0.0025,0.002,0.002,1.43,2026-06-23T13:15:27,0.002,1.43
route_mutation,20260623T131527_689455,of:0000000000000003:1 -> of:000000000000000b:5,0.002,0.0025,0.002,0.002,1.46,2026-06-23T13:15:27,0.002,1.46
route_mutation,20260623T131527_689455,of:0000000000000006:1 -> of:000000000000000d:4,0.001,0.00125,0.001,0.001,1.36,2026-06-23T13:15:27,0.001,1.36
route_mutation,20260623T131527_689455,of:0000000000000007:2 -> of:000000000000000a:3,0.001,0.00125,0.001,0.001,1.46,2026-06-23T13:15:27,0.001,1.46
route_mutation,20260623T131527_689455,of:0000000000000007:1 -> of:000000000000000d:5,0.001,0.00125,0.001,0.001,1.36,2026-06-23T13:15:27,0.001,1.36
route_mutation,20260623T131527_689455,of:0000000000000002:2 -> of:0000000000000008:2,0.001,0.00125,0.001,0.001,1.46,2026-06-23T13:15:27,0.001,1.46
route_mutation,20260623T131527_689455,of:0000000000000003:2 -> of:0000000000000008:3,0.001,0.00125,0.001,0.001,1.46,2026-06-23T13:15:27,0.001,1.46
route_mutation,20260623T131527_689455,of:0000000000000008:1 -> of:000000000000000b:6,0.001,0.00125,0.001,0.001,1.36,2026-06-23T13:15:27,0.001,1.36
route_mutation,20260623T131527_689455,of:0000000000000004:2 -> of:0000000000000009:2,0.001,0.00125,0.001,0.001,1.46,2026-06-23T13:15:27,0.001,1.46
route_mutation,20260623T131527_689455,of:0000000000000002:1 -> of:000000000000000b:4,0.002,0.0025,0.002,0.002,2.36,2026-06-23T13:15:27,0.002,2.36
route_mutation,20260623T131527_689455,of:0000000000000009:1 -> of:000000000000000c:6,0.002,0.0025,0.002,0.002,1.43,2026-06-23T13:15:27,0.002,1.43
route_mutation,20260623T131557_991368,of:0000000000000004:1 -> of:000000000000000c:4,0.002,0.0025,0.002,0.002,2.36,2026-06-23T13:15:57,0.002,2.4
route_mutation,20260623T131557_991368,of:0000000000000005:1 -> of:000000000000000c:5,0.002,0.0025,0.002,0.002,2.36,2026-06-23T13:15:57,0.002,2.4
route_mutation,20260623T131557_991368,of:000000000000000a:1 -> of:000000000000000d:6,0.002,0.0025,0.002,0.002,1.6,2026-06-23T13:15:57,0.002,1.6
route_mutation,20260623T131557_991368,of:000000000000000b:3 -> of:000000000000000d:2,0.002,0.0025,0.002,0.002,1.93,2026-06-23T13:15:57,0.002,1.93
route_mutation,20260623T131557_991368,of:000000000000000c:3 -> of:000000000000000d:3,0.002,0.0025,0.002,0.002,1.93,2026-06-23T13:15:57,0.002,1.93
route_mutation,20260623T131557_991368,of:0000000000000005:2 -> of:0000000000000009:3,0.002,0.0025,0.002,0.002,1.86,2026-06-23T13:15:57,0.002,1.86
route_mutation,20260623T131557_991368,of:0000000000000001:1 -> of:000000000000000b:1,0.002,0.0025,0.002,0.002,2.7,2026-06-23T13:15:57,0.002,2.63
route_mutation,20260623T131557_991368,of:000000000000000b:2 -> of:000000000000000c:2,0.002,0.0025,0.002,0.002,1.86,2026-06-23T13:15:57,0.002,1.86
route_mutation,20260623T131557_991368,of:0000000000000001:2 -> of:000000000000000c:1,0.003,0.00375,0.003,0.003,3.2,2026-06-23T13:15:57,0.003,3.13
route_mutation,20260623T131557_991368,of:0000000000000006:2 -> of:000000000000000a:2,0.002,0.0025,0.002,0.002,1.9,2026-06-23T13:15:57,0.002,1.86
route_mutation,20260623T131557_991368,of:0000000000000001:3 -> of:000000000000000d:1,0.002,0.0025,0.002,0.002,1.93,2026-06-23T13:15:57,0.002,2.03
route_mutation,20260623T131557_991368,of:0000000000000003:1 -> of:000000000000000b:5,0.002,0.0025,0.002,0.002,2.53,2026-06-23T13:15:57,0.002,2.6
route_mutation,20260623T131557_991368,of:0000000000000006:1 -> of:000000000000000d:4,0.002,0.0025,0.002,0.002,2.03,2026-06-23T13:15:57,0.002,1.96
route_mutation,20260623T131557_991368,of:0000000000000007:2 -> of:000000000000000a:3,0.002,0.0025,0.002,0.002,1.86,2026-06-23T13:15:57,0.002,1.86
route_mutation,20260623T131557_991368,of:0000000000000007:1 -> of:000000000000000d:5,0.002,0.0025,0.002,0.002,1.63,2026-06-23T13:15:57,0.002,1.66
route_mutation,20260623T131557_991368,of:0000000000000002:2 -> of:0000000000000008:2,0.002,0.0025,0.002,0.002,1.9,2026-06-23T13:15:57,0.002,1.9
route_mutation,20260623T131557_991368,of:0000000000000003:2 -> of:0000000000000008:3,0.002,0.0025,0.002,0.002,1.9,2026-06-23T13:15:57,0.002,1.9
route_mutation,20260623T131557_991368,of:0000000000000008:1 -> of:000000000000000b:6,0.002,0.0025,0.002,0.002,1.56,2026-06-23T13:15:57,0.002,1.6
route_mutation,20260623T131557_991368,of:0000000000000004:2 -> of:0000000000000009:2,0.002,0.0025,0.002,0.002,1.86,2026-06-23T13:15:57,0.002,1.86
route_mutation,20260623T131557_991368,of:0000000000000002:1 -> of:000000000000000b:4,0.002,0.0025,0.002,0.002,1.63,2026-06-23T13:15:57,0.002,1.7
route_mutation,20260623T131557_991368,of:0000000000000009:1 -> of:000000000000000c:6,0.001,0.00125,0.001,0.001,1.5,2026-06-23T13:15:57,0.001,1.53
ip_shuffle,20260623T131628_315891,of:0000000000000004:1 -> of:000000000000000c:4,0.002,0.0025,0.002,0.002,1.93,2026-06-23T13:16:28,0.002,1.93
ip_shuffle,20260623T131628_315891,of:0000000000000005:1 -> of:000000000000000c:5,0.002,0.0025,0.002,0.002,1.93,2026-06-23T13:16:28,0.002,1.93
ip_shuffle,20260623T131628_315891,of:000000000000000a:1 -> of:000000000000000d:6,0.002,0.0025,0.002,0.002,1.86,2026-06-23T13:16:28,0.002,1.9
ip_shuffle,20260623T131628_315891,of:000000000000000b:3 -> of:000000000000000d:2,0.002,0.0025,0.002,0.002,2.5,2026-06-23T13:16:28,0.002,2.5
ip_shuffle,20260623T131628_315891,of:000000000000000c:3 -> of:000000000000000d:3,0.002,0.0025,0.002,0.002,2.5,2026-06-23T13:16:28,0.002,2.5
ip_shuffle,20260623T131628_315891,of:0000000000000005:2 -> of:0000000000000009:3,0.002,0.0025,0.002,0.002,2.56,2026-06-23T13:16:28,0.002,2.56
ip_shuffle,20260623T131628_315891,of:0000000000000001:1 -> of:000000000000000b:1,0.002,0.0025,0.002,0.002,1.86,2026-06-23T13:16:28,0.002,1.86
ip_shuffle,20260623T131628_315891,of:000000000000000b:2 -> of:000000000000000c:2,0.002,0.0025,0.002,0.002,2.53,2026-06-23T13:16:28,0.002,2.53
ip_shuffle,20260623T131628_315891,of:0000000000000001:2 -> of:000000000000000c:1,0.002,0.0025,0.002,0.002,1.86,2026-06-23T13:16:28,0.002,1.86
ip_shuffle,20260623T131628_315891,of:0000000000000006:2 -> of:000000000000000a:2,0.002,0.0025,0.002,0.002,2.53,2026-06-23T13:16:28,0.002,2.56
ip_shuffle,20260623T131628_315891,of:0000000000000001:3 -> of:000000000000000d:1,0.003,0.00375,0.003,0.003,3.69,2026-06-23T13:16:28,0.003,3.73
ip_shuffle,20260623T131628_315891,of:0000000000000003:1 -> of:000000000000000b:5,0.002,0.0025,0.002,0.002,1.9,2026-06-23T13:16:28,0.002,1.86
ip_shuffle,20260623T131628_315891,of:0000000000000006:1 -> of:000000000000000d:4,0.002,0.0025,0.002,0.002,2.76,2026-06-23T13:16:28,0.002,2.9
ip_shuffle,20260623T131628_315891,of:0000000000000007:2 -> of:000000000000000a:3,0.002,0.0025,0.002,0.002,2.6,2026-06-23T13:16:28,0.002,2.6
ip_shuffle,20260623T131628_315891,of:0000000000000007:1 -> of:000000000000000d:5,0.002,0.0025,0.002,0.002,2.93,2026-06-23T13:16:28,0.002,2.83
ip_shuffle,20260623T131628_315891,of:0000000000000002:2 -> of:0000000000000008:2,0.002,0.0025,0.002,0.002,2.53,2026-06-23T13:16:28,0.002,2.53
ip_shuffle,20260623T131628_315891,of:0000000000000003:2 -> of:0000000000000008:3,0.002,0.0025,0.002,0.002,2.53,2026-06-23T13:16:28,0.002,2.53
ip_shuffle,20260623T131628_315891,of:0000000000000008:1 -> of:000000000000000b:6,0.002,0.0025,0.002,0.002,1.96,2026-06-23T13:16:28,0.002,1.93
ip_shuffle,20260623T131628_315891,of:0000000000000004:2 -> of:0000000000000009:2,0.002,0.0025,0.002,0.002,2.56,2026-06-23T13:16:28,0.002,2.56
ip_shuffle,20260623T131628_315891,of:0000000000000002:1 -> of:000000000000000b:4,0.002,0.0025,0.002,0.002,1.9,2026-06-23T13:16:28,0.002,1.86
ip_shuffle,20260623T131628_315891,of:0000000000000009:1 -> of:000000000000000c:6,0.002,0.0025,0.002,0.002,1.96,2026-06-23T13:16:28,0.002,1.93
ip_shuffle,20260623T131725_992011,of:0000000000000004:1 -> of:000000000000000c:4,0.002,0.0025,0.002,0.002,2.13,2026-06-23T13:17:25,0.002,2.16
ip_shuffle,20260623T131725_992011,of:0000000000000005:1 -> of:000000000000000c:5,0.001,0.00125,0.001,0.001,1.46,2026-06-23T13:17:25,0.001,1.46
ip_shuffle,20260623T131725_992011,of:000000000000000a:1 -> of:000000000000000d:6,0.001,0.00125,0.001,0.001,1.46,2026-06-23T13:17:25,0.001,1.46
ip_shuffle,20260623T131725_992011,of:000000000000000b:3 -> of:000000000000000d:2,0.002,0.0025,0.002,0.002,1.66,2026-06-23T13:17:25,0.002,1.66
ip_shuffle,20260623T131725_992011,of:000000000000000c:3 -> of:000000000000000d:3,0.002,0.0025,0.002,0.002,1.66,2026-06-23T13:17:25,0.002,1.66
ip_shuffle,20260623T131725_992011,of:0000000000000005:2 -> of:0000000000000009:3,0.002,0.0025,0.002,0.002,1.66,2026-06-23T13:17:25,0.002,1.66
ip_shuffle,20260623T131725_992011,of:0000000000000001:1 -> of:000000000000000b:1,0.003,0.00375,0.003,0.003,3.53,2026-06-23T13:17:25,0.003,3.53
ip_shuffle,20260623T131725_992011,of:000000000000000b:2 -> of:000000000000000c:2,0.001,0.00125,0.001,0.001,1.6,2026-06-23T13:17:25,0.001,1.6
ip_shuffle,20260623T131725_992011,of:0000000000000001:2 -> of:000000000000000c:1,0.002,0.0025,0.002,0.002,2.16,2026-06-23T13:17:25,0.002,2.13
ip_shuffle,20260623T131725_992011,of:0000000000000006:2 -> of:000000000000000a:2,0.002,0.0025,0.002,0.002,1.66,2026-06-23T13:17:25,0.002,1.66
ip_shuffle,20260623T131725_992011,of:0000000000000001:3 -> of:000000000000000d:1,0.002,0.0025,0.002,0.002,1.53,2026-06-23T13:17:25,0.002,1.53
ip_shuffle,20260623T131725_992011,of:0000000000000003:1 -> of:000000000000000b:5,0.002,0.0025,0.002,0.002,2.5,2026-06-23T13:17:25,0.002,2.5
ip_shuffle,20260623T131725_992011,of:0000000000000006:1 -> of:000000000000000d:4,0.002,0.0025,0.002,0.002,1.53,2026-06-23T13:17:25,0.002,1.53
ip_shuffle,20260623T131725_992011,of:0000000000000007:2 -> of:000000000000000a:3,0.002,0.0025,0.002,0.002,1.66,2026-06-23T13:17:25,0.002,1.66
ip_shuffle,20260623T131725_992011,of:0000000000000007:1 -> of:000000000000000d:5,0.002,0.0025,0.002,0.002,1.53,2026-06-23T13:17:25,0.002,1.53
ip_shuffle,20260623T131725_992011,of:0000000000000002:2 -> of:0000000000000008:2,0.002,0.0025,0.002,0.002,1.66,2026-06-23T13:17:25,0.002,1.66
ip_shuffle,20260623T131725_992011,of:0000000000000003:2 -> of:0000000000000008:3,0.002,0.0025,0.002,0.002,1.66,2026-06-23T13:17:25,0.002,1.66
ip_shuffle,20260623T131725_992011,of:0000000000000008:1 -> of:000000000000000b:6,0.001,0.00125,0.001,0.001,1.4,2026-06-23T13:17:25,0.001,1.4
ip_shuffle,20260623T131725_992011,of:0000000000000004:2 -> of:0000000000000009:2,0.002,0.0025,0.002,0.002,1.66,2026-06-23T13:17:25,0.002,1.66
ip_shuffle,20260623T131725_992011,of:0000000000000002:1 -> of:000000000000000b:4,0.002,0.0025,0.002,0.002,2.5,2026-06-23T13:17:25,0.002,2.5
ip_shuffle,20260623T131725_992011,of:0000000000000009:1 -> of:000000000000000c:6,0.001,0.00125,0.001,0.001,1.4,2026-06-23T13:17:25,0.001,1.4
ip_shuffle,20260623T131823_669071,of:0000000000000004:1 -> of:000000000000000c:4,0.002,0.0025,0.002,0.002,2.16,2026-06-23T13:18:23,0.002,2.16
ip_shuffle,20260623T131823_669071,of:0000000000000005:1 -> of:000000000000000c:5,0.002,0.0025,0.002,0.002,2.83,2026-06-23T13:18:23,0.002,2.86
ip_shuffle,20260623T131823_669071,of:000000000000000a:1 -> of:000000000000000d:6,0.002,0.0025,0.002,0.002,2.0,2026-06-23T13:18:23,0.002,2.03
ip_shuffle,20260623T131823_669071,of:000000000000000b:3 -> of:000000000000000d:2,0.002,0.0025,0.002,0.002,2.76,2026-06-23T13:18:23,0.002,2.76
ip_shuffle,20260623T131823_669071,of:000000000000000c:3 -> of:000000000000000d:3,0.002,0.0025,0.002,0.002,2.76,2026-06-23T13:18:23,0.002,2.76
ip_shuffle,20260623T131823_669071,of:0000000000000005:2 -> of:0000000000000009:3,0.002,0.0025,0.002,0.002,2.76,2026-06-23T13:18:23,0.002,2.76
ip_shuffle,20260623T131823_669071,of:0000000000000001:1 -> of:000000000000000b:1,0.002,0.0025,0.002,0.002,2.0,2026-06-23T13:18:23,0.002,1.93
ip_shuffle,20260623T131823_669071,of:000000000000000b:2 -> of:000000000000000c:2,0.002,0.0025,0.002,0.002,2.8,2026-06-23T13:18:23,0.002,2.8
ip_shuffle,20260623T131823_669071,of:0000000000000001:2 -> of:000000000000000c:1,0.002,0.0025,0.002,0.002,2.9,2026-06-23T13:18:23,0.002,2.86
ip_shuffle,20260623T131823_669071,of:0000000000000006:2 -> of:000000000000000a:2,0.002,0.0025,0.002,0.002,2.76,2026-06-23T13:18:23,0.002,2.76
ip_shuffle,20260623T131823_669071,of:0000000000000001:3 -> of:000000000000000d:1,0.003,0.00375,0.003,0.003,4.19,2026-06-23T13:18:23,0.003,4.33
ip_shuffle,20260623T131823_669071,of:0000000000000003:1 -> of:000000000000000b:5,0.002,0.0025,0.002,0.002,1.96,2026-06-23T13:18:23,0.002,2.0
ip_shuffle,20260623T131823_669071,of:0000000000000006:1 -> of:000000000000000d:4,0.003,0.00375,0.003,0.003,3.26,2026-06-23T13:18:23,0.003,3.33
ip_shuffle,20260623T131823_669071,of:0000000000000007:2 -> of:000000000000000a:3,0.002,0.0025,0.002,0.002,2.76,2026-06-23T13:18:23,0.002,2.76
ip_shuffle,20260623T131823_669071,of:0000000000000007:1 -> of:000000000000000d:5,0.003,0.00375,0.003,0.003,3.16,2026-06-23T13:18:23,0.002,3.1
ip_shuffle,20260623T131823_669071,of:0000000000000002:2 -> of:0000000000000008:2,0.002,0.0025,0.002,0.002,2.7,2026-06-23T13:18:23,0.002,2.7
ip_shuffle,20260623T131823_669071,of:0000000000000003:2 -> of:0000000000000008:3,0.002,0.0025,0.002,0.002,2.7,2026-06-23T13:18:23,0.002,2.7
ip_shuffle,20260623T131823_669071,of:0000000000000008:1 -> of:000000000000000b:6,0.002,0.0025,0.002,0.002,2.06,2026-06-23T13:18:23,0.002,2.06
ip_shuffle,20260623T131823_669071,of:0000000000000004:2 -> of:0000000000000009:2,0.002,0.0025,0.002,0.002,2.76,2026-06-23T13:18:23,0.002,2.76
ip_shuffle,20260623T131823_669071,of:0000000000000002:1 -> of:000000000000000b:4,0.002,0.0025,0.002,0.002,1.96,2026-06-23T13:18:23,0.002,2.0
ip_shuffle,20260623T131823_669071,of:0000000000000009:1 -> of:000000000000000c:6,0.002,0.0025,0.002,0.002,2.06,2026-06-23T13:18:23,0.002,2.06
ip_shuffle,20260623T131934_348498,of:0000000000000004:1 -> of:000000000000000c:4,0.002,0.0025,0.002,0.002,2.53,2026-06-23T13:19:34,0.002,2.56
ip_shuffle,20260623T131934_348498,of:0000000000000005:1 -> of:000000000000000c:5,0.002,0.0025,0.002,0.002,2.63,2026-06-23T13:19:34,0.002,2.66
ip_shuffle,20260623T131934_348498,of:000000000000000a:1 -> of:000000000000000d:6,0.002,0.0025,0.002,0.002,1.8,2026-06-23T13:19:34,0.002,1.8
ip_shuffle,20260623T131934_348498,of:000000000000000b:3 -> of:000000000000000d:2,0.002,0.0025,0.002,0.002,2.33,2026-06-23T13:19:34,0.002,2.33
ip_shuffle,20260623T131934_348498,of:000000000000000c:3 -> of:000000000000000d:3,0.002,0.0025,0.002,0.002,2.33,2026-06-23T13:19:34,0.002,2.33
ip_shuffle,20260623T131934_348498,of:0000000000000005:2 -> of:0000000000000009:3,0.002,0.0025,0.002,0.002,2.33,2026-06-23T13:19:34,0.002,2.33
ip_shuffle,20260623T131934_348498,of:0000000000000001:1 -> of:000000000000000b:1,0.002,0.0025,0.002,0.002,1.93,2026-06-23T13:19:34,0.002,1.8
ip_shuffle,20260623T131934_348498,of:000000000000000b:2 -> of:000000000000000c:2,0.002,0.0025,0.002,0.002,2.4,2026-06-23T13:19:34,0.002,2.4
ip_shuffle,20260623T131934_348498,of:0000000000000001:2 -> of:000000000000000c:1,0.003,0.00375,0.003,0.003,3.3,2026-06-23T13:19:34,0.003,3.23
ip_shuffle,20260623T131934_348498,of:0000000000000006:2 -> of:000000000000000a:2,0.002,0.0025,0.002,0.002,2.36,2026-06-23T13:19:34,0.002,2.36
ip_shuffle,20260623T131934_348498,of:0000000000000001:3 -> of:000000000000000d:1,0.002,0.0025,0.002,0.002,2.83,2026-06-23T13:19:34,0.002,2.93
ip_shuffle,20260623T131934_348498,of:0000000000000003:1 -> of:000000000000000b:5,0.002,0.0025,0.002,0.002,1.8,2026-06-23T13:19:34,0.002,1.93
ip_shuffle,20260623T131934_348498,of:0000000000000006:1 -> of:000000000000000d:4,0.003,0.00375,0.003,0.003,2.96,2026-06-23T13:19:34,0.002,2.93
ip_shuffle,20260623T131934_348498,of:0000000000000007:2 -> of:000000000000000a:3,0.002,0.0025,0.002,0.002,2.36,2026-06-23T13:19:34,0.002,2.36
ip_shuffle,20260623T131934_348498,of:0000000000000007:1 -> of:000000000000000d:5,0.002,0.0025,0.002,0.002,1.8,2026-06-23T13:19:34,0.002,1.8
ip_shuffle,20260623T131934_348498,of:0000000000000002:2 -> of:0000000000000008:2,0.002,0.0025,0.002,0.002,2.23,2026-06-23T13:19:34,0.002,2.23
ip_shuffle,20260623T131934_348498,of:0000000000000003:2 -> of:0000000000000008:3,0.002,0.0025,0.002,0.002,2.23,2026-06-23T13:19:34,0.002,2.23
ip_shuffle,20260623T131934_348498,of:0000000000000008:1 -> of:000000000000000b:6,0.002,0.0025,0.002,0.002,1.83,2026-06-23T13:19:34,0.002,1.86
ip_shuffle,20260623T131934_348498,of:0000000000000004:2 -> of:0000000000000009:2,0.002,0.0025,0.002,0.002,2.33,2026-06-23T13:19:34,0.002,2.33
ip_shuffle,20260623T131934_348498,of:0000000000000002:1 -> of:000000000000000b:4,0.002,0.0025,0.002,0.002,1.73,2026-06-23T13:19:34,0.002,1.8
ip_shuffle,20260623T131934_348498,of:0000000000000009:1 -> of:000000000000000c:6,0.002,0.0025,0.002,0.002,1.83,2026-06-23T13:19:34,0.002,1.86
ip_shuffle,20260623T132031_989327,of:0000000000000004:1 -> of:000000000000000c:4,0.001,0.00125,0.001,0.001,1.37,2026-06-23T13:20:31,0.001,1.37
ip_shuffle,20260623T132031_989327,of:0000000000000005:1 -> of:000000000000000c:5,0.001,0.00125,0.001,0.001,1.37,2026-06-23T13:20:31,0.001,1.37
ip_shuffle,20260623T132031_989327,of:000000000000000a:1 -> of:000000000000000d:6,0.001,0.00125,0.001,0.001,1.37,2026-06-23T13:20:31,0.001,1.37
ip_shuffle,20260623T132031_989327,of:000000000000000b:3 -> of:000000000000000d:2,0.001,0.00125,0.001,0.001,1.46,2026-06-23T13:20:31,0.001,1.46
ip_shuffle,20260623T132031_989327,of:000000000000000c:3 -> of:000000000000000d:3,0.001,0.00125,0.001,0.001,1.46,2026-06-23T13:20:31,0.001,1.46
ip_shuffle,20260623T132031_989327,of:0000000000000005:2 -> of:0000000000000009:3,0.001,0.00125,0.001,0.001,1.46,2026-06-23T13:20:31,0.001,1.46
ip_shuffle,20260623T132031_989327,of:0000000000000001:1 -> of:000000000000000b:1,0.002,0.0025,0.002,0.002,2.66,2026-06-23T13:20:31,0.002,2.66
ip_shuffle,20260623T132031_989327,of:000000000000000b:2 -> of:000000000000000c:2,0.001,0.00125,0.001,0.001,1.4,2026-06-23T13:20:31,0.001,1.4
ip_shuffle,20260623T132031_989327,of:0000000000000001:2 -> of:000000000000000c:1,0.001,0.00125,0.001,0.001,1.37,2026-06-23T13:20:31,0.001,1.37
ip_shuffle,20260623T132031_989327,of:0000000000000006:2 -> of:000000000000000a:2,0.001,0.00125,0.001,0.001,1.46,2026-06-23T13:20:31,0.001,1.46
ip_shuffle,20260623T132031_989327,of:0000000000000001:3 -> of:000000000000000d:1,0.002,0.0025,0.002,0.002,1.43,2026-06-23T13:20:31,0.002,1.43
ip_shuffle,20260623T132031_989327,of:0000000000000003:1 -> of:000000000000000b:5,0.002,0.0025,0.002,0.002,1.63,2026-06-23T13:20:31,0.002,1.63
ip_shuffle,20260623T132031_989327,of:0000000000000006:1 -> of:000000000000000d:4,0.002,0.0025,0.002,0.002,1.43,2026-06-23T13:20:31,0.002,1.43
ip_shuffle,20260623T132031_989327,of:0000000000000007:2 -> of:000000000000000a:3,0.001,0.00125,0.001,0.001,1.46,2026-06-23T13:20:31,0.001,1.46
ip_shuffle,20260623T132031_989327,of:0000000000000007:1 -> of:000000000000000d:5,0.002,0.0025,0.002,0.002,1.43,2026-06-23T13:20:31,0.002,1.43
ip_shuffle,20260623T132031_989327,of:0000000000000002:2 -> of:0000000000000008:2,0.001,0.00125,0.001,0.001,1.46,2026-06-23T13:20:31,0.001,1.46
ip_shuffle,20260623T132031_989327,of:0000000000000003:2 -> of:0000000000000008:3,0.001,0.00125,0.001,0.001,1.46,2026-06-23T13:20:31,0.001,1.46
ip_shuffle,20260623T132031_989327,of:0000000000000008:1 -> of:000000000000000b:6,0.001,0.00125,0.001,0.001,1.3,2026-06-23T13:20:31,0.001,1.3
ip_shuffle,20260623T132031_989327,of:0000000000000004:2 -> of:0000000000000009:2,0.001,0.00125,0.001,0.001,1.46,2026-06-23T13:20:31,0.001,1.46
ip_shuffle,20260623T132031_989327,of:0000000000000002:1 -> of:000000000000000b:4,0.002,0.0025,0.002,0.002,2.4,2026-06-23T13:20:31,0.002,2.4
ip_shuffle,20260623T132031_989327,of:0000000000000009:1 -> of:000000000000000c:6,0.001,0.00125,0.001,0.001,1.3,2026-06-23T13:20:31,0.001,1.3
ip_shuffle,20260623T132129_596527,of:0000000000000004:1 -> of:000000000000000c:4,0.002,0.0025,0.002,0.002,2.0,2026-06-23T13:21:29,0.002,2.0
ip_shuffle,20260623T132129_596527,of:0000000000000005:1 -> of:000000000000000c:5,0.002,0.0025,0.002,0.002,2.03,2026-06-23T13:21:29,0.002,2.03
ip_shuffle,20260623T132129_596527,of:000000000000000a:1 -> of:000000000000000d:6,0.002,0.0025,0.002,0.002,2.06,2026-06-23T13:21:29,0.002,2.06
ip_shuffle,20260623T132129_596527,of:000000000000000b:3 -> of:000000000000000d:2,0.002,0.0025,0.002,0.002,2.8,2026-06-23T13:21:29,0.002,2.8
ip_shuffle,20260623T132129_596527,of:000000000000000c:3 -> of:000000000000000d:3,0.002,0.0025,0.002,0.002,2.8,2026-06-23T13:21:29,0.002,2.8
ip_shuffle,20260623T132129_596527,of:0000000000000005:2 -> of:0000000000000009:3,0.002,0.0025,0.002,0.002,2.73,2026-06-23T13:21:29,0.002,2.73
ip_shuffle,20260623T132129_596527,of:0000000000000001:1 -> of:000000000000000b:1,0.002,0.0025,0.002,0.002,2.06,2026-06-23T13:21:29,0.002,2.1
ip_shuffle,20260623T132129_596527,of:000000000000000b:2 -> of:000000000000000c:2,0.002,0.0025,0.002,0.002,2.8,2026-06-23T13:21:29,0.002,2.8
ip_shuffle,20260623T132129_596527,of:0000000000000001:2 -> of:000000000000000c:1,0.002,0.0025,0.002,0.002,2.06,2026-06-23T13:21:29,0.002,2.1
ip_shuffle,20260623T132129_596527,of:0000000000000006:2 -> of:000000000000000a:2,0.002,0.0025,0.002,0.002,2.73,2026-06-23T13:21:29,0.002,2.73
ip_shuffle,20260623T132129_596527,of:0000000000000001:3 -> of:000000000000000d:1,0.003,0.00375,0.003,0.003,4.16,2026-06-23T13:21:29,0.003,4.06
ip_shuffle,20260623T132129_596527,of:0000000000000003:1 -> of:000000000000000b:5,0.002,0.0025,0.002,0.002,2.03,2026-06-23T13:21:29,0.002,2.0
ip_shuffle,20260623T132129_596527,of:0000000000000006:1 -> of:000000000000000d:4,0.002,0.0025,0.002,0.002,2.6,2026-06-23T13:21:29,0.002,2.66
ip_shuffle,20260623T132129_596527,of:0000000000000007:2 -> of:000000000000000a:3,0.002,0.0025,0.002,0.002,2.8,2026-06-23T13:21:29,0.002,2.8
ip_shuffle,20260623T132129_596527,of:0000000000000007:1 -> of:000000000000000d:5,0.003,0.00375,0.003,0.003,3.46,2026-06-23T13:21:29,0.003,3.46
ip_shuffle,20260623T132129_596527,of:0000000000000002:2 -> of:0000000000000008:2,0.002,0.0025,0.002,0.002,2.76,2026-06-23T13:21:29,0.002,2.76
ip_shuffle,20260623T132129_596527,of:0000000000000003:2 -> of:0000000000000008:3,0.002,0.0025,0.002,0.002,2.76,2026-06-23T13:21:29,0.002,2.76
ip_shuffle,20260623T132129_596527,of:0000000000000008:1 -> of:000000000000000b:6,0.002,0.0025,0.002,0.002,2.06,2026-06-23T13:21:29,0.002,2.06
ip_shuffle,20260623T132129_596527,of:0000000000000004:2 -> of:0000000000000009:2,0.002,0.0025,0.002,0.002,2.73,2026-06-23T13:21:29,0.002,2.73
ip_shuffle,20260623T132129_596527,of:0000000000000002:1 -> of:000000000000000b:4,0.002,0.0025,0.002,0.002,2.03,2026-06-23T13:21:29,0.002,2.0
ip_shuffle,20260623T132129_596527,of:0000000000000009:1 -> of:000000000000000c:6,0.002,0.0025,0.002,0.002,2.06,2026-06-23T13:21:29,0.002,2.06
route_mutation,20260623T132227_241127,of:0000000000000004:1 -> of:000000000000000c:4,0.002,0.0025,0.002,0.002,2.26,2026-06-23T13:22:27,0.002,2.33
route_mutation,20260623T132227_241127,of:0000000000000005:1 -> of:000000000000000c:5,0.002,0.0025,0.002,0.002,2.26,2026-06-23T13:22:27,0.002,2.33
route_mutation,20260623T132227_241127,of:000000000000000a:1 -> of:000000000000000d:6,0.001,0.00125,0.001,0.001,1.43,2026-06-23T13:22:27,0.001,1.46
route_mutation,20260623T132227_241127,of:000000000000000b:3 -> of:000000000000000d:2,0.002,0.0025,0.002,0.002,1.63,2026-06-23T13:22:27,0.002,1.63
route_mutation,20260623T132227_241127,of:000000000000000c:3 -> of:000000000000000d:3,0.002,0.0025,0.002,0.002,1.66,2026-06-23T13:22:27,0.002,1.66
route_mutation,20260623T132227_241127,of:0000000000000005:2 -> of:0000000000000009:3,0.002,0.0025,0.002,0.002,1.63,2026-06-23T13:22:27,0.002,1.63
route_mutation,20260623T132227_241127,of:0000000000000001:1 -> of:000000000000000b:1,0.003,0.00375,0.003,0.003,3.13,2026-06-23T13:22:27,0.003,3.1
route_mutation,20260623T132227_241127,of:000000000000000b:2 -> of:000000000000000c:2,0.002,0.0025,0.002,0.002,1.7,2026-06-23T13:22:27,0.002,1.7
route_mutation,20260623T132227_241127,of:0000000000000001:2 -> of:000000000000000c:1,0.003,0.00375,0.003,0.003,3.06,2026-06-23T13:22:27,0.003,3.0
route_mutation,20260623T132227_241127,of:0000000000000006:2 -> of:000000000000000a:2,0.002,0.0025,0.002,0.002,1.63,2026-06-23T13:22:27,0.002,1.63
route_mutation,20260623T132227_241127,of:0000000000000001:3 -> of:000000000000000d:1,0.001,0.00125,0.001,0.001,1.4,2026-06-23T13:22:27,0.001,1.46
route_mutation,20260623T132227_241127,of:0000000000000003:1 -> of:000000000000000b:5,0.002,0.0025,0.002,0.002,2.5,2026-06-23T13:22:27,0.002,2.53
route_mutation,20260623T132227_241127,of:0000000000000006:1 -> of:000000000000000d:4,0.002,0.0025,0.002,0.002,1.56,2026-06-23T13:22:27,0.002,1.46
route_mutation,20260623T132227_241127,of:0000000000000007:2 -> of:000000000000000a:3,0.002,0.0025,0.002,0.002,1.66,2026-06-23T13:22:27,0.002,1.66
route_mutation,20260623T132227_241127,of:0000000000000007:1 -> of:000000000000000d:5,0.001,0.00125,0.001,0.001,1.43,2026-06-23T13:22:27,0.001,1.46
route_mutation,20260623T132227_241127,of:0000000000000002:2 -> of:0000000000000008:2,0.002,0.0025,0.002,0.002,1.63,2026-06-23T13:22:27,0.002,1.63
route_mutation,20260623T132227_241127,of:0000000000000003:2 -> of:0000000000000008:3,0.002,0.0025,0.002,0.002,1.63,2026-06-23T13:22:27,0.002,1.63
route_mutation,20260623T132227_241127,of:0000000000000008:1 -> of:000000000000000b:6,0.002,0.0025,0.002,0.002,1.5,2026-06-23T13:22:27,0.002,1.5
route_mutation,20260623T132227_241127,of:0000000000000004:2 -> of:0000000000000009:2,0.002,0.0025,0.002,0.002,1.63,2026-06-23T13:22:27,0.002,1.63
route_mutation,20260623T132227_241127,of:0000000000000002:1 -> of:000000000000000b:4,0.002,0.0025,0.002,0.002,2.13,2026-06-23T13:22:27,0.002,2.16
route_mutation,20260623T132227_241127,of:0000000000000009:1 -> of:000000000000000c:6,0.002,0.0025,0.002,0.002,1.5,2026-06-23T13:22:27,0.002,1.53
ip_shuffle,20260623T132257_534650,of:0000000000000004:1 -> of:000000000000000c:4,0.002,0.0025,0.002,0.002,2.16,2026-06-23T13:22:57,0.002,2.13
ip_shuffle,20260623T132257_534650,of:0000000000000005:1 -> of:000000000000000c:5,0.002,0.0025,0.002,0.002,2.16,2026-06-23T13:22:57,0.002,2.13
ip_shuffle,20260623T132257_534650,of:000000000000000a:1 -> of:000000000000000d:6,0.002,0.0025,0.002,0.002,2.23,2026-06-23T13:22:57,0.002,2.23
ip_shuffle,20260623T132257_534650,of:000000000000000b:3 -> of:000000000000000d:2,0.002,0.0025,0.002,0.002,3.13,2026-06-23T13:22:57,0.002,3.13
ip_shuffle,20260623T132257_534650,of:000000000000000c:3 -> of:000000000000000d:3,0.002,0.0025,0.002,0.002,3.13,2026-06-23T13:22:57,0.002,3.1
ip_shuffle,20260623T132257_534650,of:0000000000000005:2 -> of:0000000000000009:3,0.002,0.0025,0.002,0.002,3.06,2026-06-23T13:22:57,0.002,3.06
ip_shuffle,20260623T132257_534650,of:0000000000000001:1 -> of:000000000000000b:1,0.002,0.0025,0.002,0.002,2.23,2026-06-23T13:22:57,0.002,2.23
ip_shuffle,20260623T132257_534650,of:000000000000000b:2 -> of:000000000000000c:2,0.002,0.0025,0.002,0.002,3.1,2026-06-23T13:22:57,0.002,3.1
ip_shuffle,20260623T132257_534650,of:0000000000000001:2 -> of:000000000000000c:1,0.002,0.0025,0.002,0.002,2.23,2026-06-23T13:22:57,0.002,2.23
ip_shuffle,20260623T132257_534650,of:0000000000000006:2 -> of:000000000000000a:2,0.002,0.0025,0.002,0.002,3.06,2026-06-23T13:22:57,0.002,3.06
ip_shuffle,20260623T132257_534650,of:0000000000000001:3 -> of:000000000000000d:1,0.003,0.00375,0.003,0.003,4.39,2026-06-23T13:22:57,0.003,4.39
ip_shuffle,20260623T132257_534650,of:0000000000000003:1 -> of:000000000000000b:5,0.002,0.0025,0.002,0.002,2.16,2026-06-23T13:22:57,0.002,2.16
ip_shuffle,20260623T132257_534650,of:0000000000000006:1 -> of:000000000000000d:4,0.003,0.00375,0.003,0.003,3.3,2026-06-23T13:22:57,0.003,3.46
ip_shuffle,20260623T132257_534650,of:0000000000000007:2 -> of:000000000000000a:3,0.002,0.0025,0.002,0.002,3.13,2026-06-23T13:22:57,0.002,3.13
ip_shuffle,20260623T132257_534650,of:0000000000000007:1 -> of:000000000000000d:5,0.003,0.00375,0.003,0.003,3.26,2026-06-23T13:22:57,0.003,3.2
ip_shuffle,20260623T132257_534650,of:0000000000000002:2 -> of:0000000000000008:2,0.002,0.0025,0.002,0.002,3.06,2026-06-23T13:22:57,0.002,3.06
ip_shuffle,20260623T132257_534650,of:0000000000000003:2 -> of:0000000000000008:3,0.002,0.0025,0.002,0.002,3.06,2026-06-23T13:22:57,0.002,3.06
ip_shuffle,20260623T132257_534650,of:0000000000000008:1 -> of:000000000000000b:6,0.002,0.0025,0.002,0.002,2.23,2026-06-23T13:22:57,0.002,2.23
ip_shuffle,20260623T132257_534650,of:0000000000000004:2 -> of:0000000000000009:2,0.002,0.0025,0.002,0.002,3.06,2026-06-23T13:22:57,0.002,3.06
ip_shuffle,20260623T132257_534650,of:0000000000000002:1 -> of:000000000000000b:4,0.002,0.0025,0.002,0.002,2.16,2026-06-23T13:22:57,0.002,2.16
ip_shuffle,20260623T132257_534650,of:0000000000000009:1 -> of:000000000000000c:6,0.002,0.0025,0.002,0.002,2.23,2026-06-23T13:22:57,0.002,2.2
route_mutation,20260623T132401_599177,of:0000000000000004:1 -> of:000000000000000c:4,0.002,0.0025,0.002,0.002,1.53,2026-06-23T13:24:01,0.002,1.53
route_mutation,20260623T132401_599177,of:0000000000000005:1 -> of:000000000000000c:5,0.002,0.0025,0.002,0.002,1.53,2026-06-23T13:24:01,0.002,1.53
route_mutation,20260623T132401_599177,of:000000000000000a:1 -> of:000000000000000d:6,0.001,0.00125,0.001,0.001,1.46,2026-06-23T13:24:01,0.001,1.46
route_mutation,20260623T132401_599177,of:000000000000000b:3 -> of:000000000000000d:2,0.002,0.0025,0.002,0.002,1.66,2026-06-23T13:24:01,0.002,1.66
route_mutation,20260623T132401_599177,of:000000000000000c:3 -> of:000000000000000d:3,0.002,0.0025,0.002,0.002,1.66,2026-06-23T13:24:01,0.002,1.66
route_mutation,20260623T132401_599177,of:0000000000000005:2 -> of:0000000000000009:3,0.002,0.0025,0.002,0.002,1.73,2026-06-23T13:24:01,0.002,1.73
route_mutation,20260623T132401_599177,of:0000000000000001:1 -> of:000000000000000b:1,0.003,0.00375,0.003,0.003,3.56,2026-06-23T13:24:01,0.003,3.56
route_mutation,20260623T132401_599177,of:000000000000000b:2 -> of:000000000000000c:2,0.002,0.0025,0.002,0.002,1.73,2026-06-23T13:24:01,0.002,1.73
route_mutation,20260623T132401_599177,of:0000000000000001:2 -> of:000000000000000c:1,0.002,0.0025,0.002,0.002,1.53,2026-06-23T13:24:01,0.002,1.53
route_mutation,20260623T132401_599177,of:0000000000000006:2 -> of:000000000000000a:2,0.002,0.0025,0.002,0.002,1.73,2026-06-23T13:24:01,0.002,1.73
route_mutation,20260623T132401_599177,of:0000000000000001:3 -> of:000000000000000d:1,0.001,0.00125,0.001,0.001,1.46,2026-06-23T13:24:01,0.001,1.46
route_mutation,20260623T132401_599177,of:0000000000000003:1 -> of:000000000000000b:5,0.002,0.0025,0.002,0.002,2.53,2026-06-23T13:24:01,0.002,2.53
route_mutation,20260623T132401_599177,of:0000000000000006:1 -> of:000000000000000d:4,0.001,0.00125,0.001,0.001,1.46,2026-06-23T13:24:01,0.001,1.46
route_mutation,20260623T132401_599177,of:0000000000000007:2 -> of:000000000000000a:3,0.002,0.0025,0.002,0.002,1.73,2026-06-23T13:24:01,0.002,1.73
route_mutation,20260623T132401_599177,of:0000000000000007:1 -> of:000000000000000d:5,0.001,0.00125,0.001,0.001,1.46,2026-06-23T13:24:01,0.001,1.46
route_mutation,20260623T132401_599177,of:0000000000000002:2 -> of:0000000000000008:2,0.002,0.0025,0.002,0.002,1.73,2026-06-23T13:24:01,0.002,1.73
route_mutation,20260623T132401_599177,of:0000000000000003:2 -> of:0000000000000008:3,0.002,0.0025,0.002,0.002,1.73,2026-06-23T13:24:01,0.002,1.73
route_mutation,20260623T132401_599177,of:0000000000000008:1 -> of:000000000000000b:6,0.002,0.0025,0.002,0.002,1.53,2026-06-23T13:24:01,0.002,1.53
route_mutation,20260623T132401_599177,of:0000000000000004:2 -> of:0000000000000009:2,0.002,0.0025,0.002,0.002,1.73,2026-06-23T13:24:01,0.002,1.73
route_mutation,20260623T132401_599177,of:0000000000000002:1 -> of:000000000000000b:4,0.002,0.0025,0.002,0.002,2.56,2026-06-23T13:24:01,0.002,2.56
route_mutation,20260623T132401_599177,of:0000000000000009:1 -> of:000000000000000c:6,0.002,0.0025,0.002,0.002,1.53,2026-06-23T13:24:01,0.002,1.53
route_mutation,20260623T132431_950856,of:0000000000000004:1 -> of:000000000000000c:4,0.002,0.0025,0.002,0.002,2.46,2026-06-23T13:24:31,0.002,2.5
route_mutation,20260623T132431_950856,of:0000000000000005:1 -> of:000000000000000c:5,0.002,0.0025,0.002,0.002,2.46,2026-06-23T13:24:31,0.002,2.5
route_mutation,20260623T132431_950856,of:000000000000000a:1 -> of:000000000000000d:6,0.002,0.0025,0.002,0.002,1.76,2026-06-23T13:24:31,0.002,1.76
route_mutation,20260623T132431_950856,of:000000000000000b:3 -> of:000000000000000d:2,0.002,0.0025,0.002,0.002,2.2,2026-06-23T13:24:31,0.002,2.2
route_mutation,20260623T132431_950856,of:000000000000000c:3 -> of:000000000000000d:3,0.002,0.0025,0.002,0.002,2.2,2026-06-23T13:24:31,0.002,2.2
route_mutation,20260623T132431_950856,of:0000000000000005:2 -> of:0000000000000009:3,0.002,0.0025,0.002,0.002,2.1,2026-06-23T13:24:31,0.002,2.1
route_mutation,20260623T132431_950856,of:0000000000000001:1 -> of:000000000000000b:1,0.002,0.0025,0.002,0.002,1.7,2026-06-23T13:24:31,0.002,1.63
route_mutation,20260623T132431_950856,of:000000000000000b:2 -> of:000000000000000c:2,0.002,0.0025,0.002,0.002,2.2,2026-06-23T13:24:31,0.002,2.2
route_mutation,20260623T132431_950856,of:0000000000000001:2 -> of:000000000000000c:1,0.003,0.00375,0.003,0.003,3.3,2026-06-23T13:24:31,0.003,3.23
route_mutation,20260623T132431_950856,of:0000000000000006:2 -> of:000000000000000a:2,0.002,0.0025,0.002,0.002,2.1,2026-06-23T13:24:31,0.002,2.1
route_mutation,20260623T132431_950856,of:0000000000000001:3 -> of:000000000000000d:1,0.002,0.0025,0.002,0.002,2.56,2026-06-23T13:24:31,0.002,2.66
route_mutation,20260623T132431_950856,of:0000000000000003:1 -> of:000000000000000b:5,0.002,0.0025,0.002,0.002,1.63,2026-06-23T13:24:31,0.002,1.7
route_mutation,20260623T132431_950856,of:0000000000000006:1 -> of:000000000000000d:4,0.002,0.0025,0.002,0.002,2.7,2026-06-23T13:24:31,0.002,2.63
route_mutation,20260623T132431_950856,of:0000000000000007:2 -> of:000000000000000a:3,0.002,0.0025,0.002,0.002,2.16,2026-06-23T13:24:31,0.002,2.16
route_mutation,20260623T132431_950856,of:0000000000000007:1 -> of:000000000000000d:5,0.002,0.0025,0.002,0.002,1.73,2026-06-23T13:24:31,0.002,1.76
route_mutation,20260623T132431_950856,of:0000000000000002:2 -> of:0000000000000008:2,0.002,0.0025,0.002,0.002,2.03,2026-06-23T13:24:31,0.002,2.03
route_mutation,20260623T132431_950856,of:0000000000000003:2 -> of:0000000000000008:3,0.002,0.0025,0.002,0.002,2.03,2026-06-23T13:24:31,0.002,2.03
route_mutation,20260623T132431_950856,of:0000000000000008:1 -> of:000000000000000b:6,0.002,0.0025,0.002,0.002,1.73,2026-06-23T13:24:31,0.002,1.76
route_mutation,20260623T132431_950856,of:0000000000000004:2 -> of:0000000000000009:2,0.002,0.0025,0.002,0.002,2.1,2026-06-23T13:24:31,0.002,2.1
route_mutation,20260623T132431_950856,of:0000000000000002:1 -> of:000000000000000b:4,0.002,0.0025,0.002,0.002,1.63,2026-06-23T13:24:31,0.002,1.7
route_mutation,20260623T132431_950856,of:0000000000000009:1 -> of:000000000000000c:6,0.002,0.0025,0.002,0.002,1.76,2026-06-23T13:24:31,0.002,1.76
ip_shuffle,20260623T132502_470152,of:0000000000000004:1 -> of:000000000000000c:4,0.002,0.0025,0.002,0.002,2.03,2026-06-23T13:25:02,0.002,2.0
ip_shuffle,20260623T132502_470152,of:0000000000000005:1 -> of:000000000000000c:5,0.002,0.0025,0.002,0.002,2.03,2026-06-23T13:25:02,0.002,2.0
ip_shuffle,20260623T132502_470152,of:000000000000000a:1 -> of:000000000000000d:6,0.002,0.0025,0.002,0.002,1.93,2026-06-23T13:25:02,0.002,1.93
ip_shuffle,20260623T132502_470152,of:000000000000000b:3 -> of:000000000000000d:2,0.002,0.0025,0.002,0.002,2.6,2026-06-23T13:25:02,0.002,2.6
ip_shuffle,20260623T132502_470152,of:000000000000000c:3 -> of:000000000000000d:3,0.002,0.0025,0.002,0.002,2.66,2026-06-23T13:25:02,0.002,2.66
ip_shuffle,20260623T132502_470152,of:0000000000000005:2 -> of:0000000000000009:3,0.002,0.0025,0.002,0.002,2.63,2026-06-23T13:25:02,0.002,2.63
ip_shuffle,20260623T132502_470152,of:0000000000000001:1 -> of:000000000000000b:1,0.002,0.0025,0.002,0.002,1.93,2026-06-23T13:25:02,0.002,2.0
ip_shuffle,20260623T132502_470152,of:000000000000000b:2 -> of:000000000000000c:2,0.002,0.0025,0.002,0.002,2.6,2026-06-23T13:25:02,0.002,2.6
ip_shuffle,20260623T132502_470152,of:0000000000000001:2 -> of:000000000000000c:1,0.002,0.0025,0.002,0.002,2.0,2026-06-23T13:25:02,0.002,2.06
ip_shuffle,20260623T132502_470152,of:0000000000000006:2 -> of:000000000000000a:2,0.002,0.0025,0.002,0.002,2.63,2026-06-23T13:25:02,0.002,2.63
ip_shuffle,20260623T132502_470152,of:0000000000000001:3 -> of:000000000000000d:1,0.003,0.00375,0.003,0.003,3.83,2026-06-23T13:25:02,0.003,3.73
ip_shuffle,20260623T132502_470152,of:0000000000000003:1 -> of:000000000000000b:5,0.002,0.0025,0.002,0.002,2.0,2026-06-23T13:25:02,0.002,1.93
ip_shuffle,20260623T132502_470152,of:0000000000000006:1 -> of:000000000000000d:4,0.002,0.0025,0.002,0.002,2.3,2026-06-23T13:25:02,0.002,2.36
ip_shuffle,20260623T132502_470152,of:0000000000000007:2 -> of:000000000000000a:3,0.002,0.0025,0.002,0.002,2.56,2026-06-23T13:25:02,0.002,2.56
ip_shuffle,20260623T132502_470152,of:0000000000000007:1 -> of:000000000000000d:5,0.003,0.00375,0.003,0.003,3.36,2026-06-23T13:25:02,0.003,3.33
ip_shuffle,20260623T132502_470152,of:0000000000000002:2 -> of:0000000000000008:2,0.002,0.0025,0.002,0.002,2.7,2026-06-23T13:25:02,0.002,2.7
ip_shuffle,20260623T132502_470152,of:0000000000000003:2 -> of:0000000000000008:3,0.002,0.0025,0.002,0.002,2.7,2026-06-23T13:25:02,0.002,2.7
ip_shuffle,20260623T132502_470152,of:0000000000000008:1 -> of:000000000000000b:6,0.002,0.0025,0.002,0.002,1.9,2026-06-23T13:25:02,0.002,1.86
ip_shuffle,20260623T132502_470152,of:0000000000000004:2 -> of:0000000000000009:2,0.002,0.0025,0.002,0.002,2.63,2026-06-23T13:25:02,0.002,2.63
ip_shuffle,20260623T132502_470152,of:0000000000000002:1 -> of:000000000000000b:4,0.002,0.0025,0.002,0.002,2.0,2026-06-23T13:25:02,0.002,1.93
ip_shuffle,20260623T132502_470152,of:0000000000000009:1 -> of:000000000000000c:6,0.002,0.0025,0.002,0.002,1.93,2026-06-23T13:25:02,0.002,1.93
ip_shuffle,20260623T132606_627196,of:0000000000000004:1 -> of:000000000000000c:4,0.002,0.0025,0.002,0.002,2.3,2026-06-23T13:26:06,0.002,2.33
ip_shuffle,20260623T132606_627196,of:0000000000000005:1 -> of:000000000000000c:5,0.002,0.0025,0.002,0.002,2.3,2026-06-23T13:26:06,0.002,2.33
ip_shuffle,20260623T132606_627196,of:000000000000000a:1 -> of:000000000000000d:6,0.002,0.0025,0.002,0.002,1.56,2026-06-23T13:26:06,0.002,1.6
ip_shuffle,20260623T132606_627196,of:000000000000000b:3 -> of:000000000000000d:2,0.002,0.0025,0.002,0.002,1.86,2026-06-23T13:26:06,0.002,1.86
ip_shuffle,20260623T132606_627196,of:000000000000000c:3 -> of:000000000000000d:3,0.002,0.0025,0.002,0.002,1.86,2026-06-23T13:26:06,0.002,1.86
ip_shuffle,20260623T132606_627196,of:0000000000000005:2 -> of:0000000000000009:3,0.002,0.0025,0.002,0.002,1.73,2026-06-23T13:26:06,0.002,1.73
ip_shuffle,20260623T132606_627196,of:0000000000000001:1 -> of:000000000000000b:1,0.003,0.00375,0.003,0.003,2.93,2026-06-23T13:26:06,0.003,2.86
ip_shuffle,20260623T132606_627196,of:000000000000000b:2 -> of:000000000000000c:2,0.002,0.0025,0.002,0.002,1.86,2026-06-23T13:26:06,0.002,1.86
ip_shuffle,20260623T132606_627196,of:0000000000000001:2 -> of:000000000000000c:1,0.003,0.00375,0.003,0.003,3.13,2026-06-23T13:26:06,0.003,3.06
ip_shuffle,20260623T132606_627196,of:0000000000000006:2 -> of:000000000000000a:2,0.002,0.0025,0.002,0.002,1.8,2026-06-23T13:26:06,0.002,1.8
ip_shuffle,20260623T132606_627196,of:0000000000000001:3 -> of:000000000000000d:1,0.002,0.0025,0.002,0.002,1.63,2026-06-23T13:26:06,0.002,1.73
ip_shuffle,20260623T132606_627196,of:0000000000000003:1 -> of:000000000000000b:5,0.002,0.0025,0.002,0.002,2.5,2026-06-23T13:26:06,0.002,2.56
ip_shuffle,20260623T132606_627196,of:0000000000000006:1 -> of:000000000000000d:4,0.002,0.0025,0.002,0.002,1.83,2026-06-23T13:26:06,0.002,1.8
ip_shuffle,20260623T132606_627196,of:0000000000000007:2 -> of:000000000000000a:3,0.002,0.0025,0.002,0.002,1.8,2026-06-23T13:26:06,0.002,1.8
ip_shuffle,20260623T132606_627196,of:0000000000000007:1 -> of:000000000000000d:5,0.002,0.0025,0.002,0.002,1.56,2026-06-23T13:26:06,0.002,1.6
ip_shuffle,20260623T132606_627196,of:0000000000000002:2 -> of:0000000000000008:2,0.002,0.0025,0.002,0.002,1.7,2026-06-23T13:26:06,0.002,1.7
ip_shuffle,20260623T132606_627196,of:0000000000000003:2 -> of:0000000000000008:3,0.002,0.0025,0.002,0.002,1.7,2026-06-23T13:26:06,0.002,1.7
ip_shuffle,20260623T132606_627196,of:0000000000000008:1 -> of:000000000000000b:6,0.002,0.0025,0.002,0.002,1.56,2026-06-23T13:26:06,0.002,1.6
ip_shuffle,20260623T132606_627196,of:0000000000000004:2 -> of:0000000000000009:2,0.002,0.0025,0.002,0.002,1.73,2026-06-23T13:26:06,0.002,1.73
ip_shuffle,20260623T132606_627196,of:0000000000000002:1 -> of:000000000000000b:4,0.002,0.0025,0.002,0.002,1.8,2026-06-23T13:26:06,0.002,1.86
ip_shuffle,20260623T132606_627196,of:0000000000000009:1 -> of:000000000000000c:6,0.002,0.0025,0.002,0.002,1.56,2026-06-23T13:26:06,0.002,1.6
route_mutation,20260623T132710_732980,of:0000000000000004:1 -> of:000000000000000c:4,0.002,0.0025,0.002,0.002,1.6,2026-06-23T13:27:10,0.002,1.56
route_mutation,20260623T132710_732980,of:0000000000000005:1 -> of:000000000000000c:5,0.002,0.0025,0.002,0.002,1.6,2026-06-23T13:27:10,0.002,1.56
route_mutation,20260623T132710_732980,of:000000000000000a:1 -> of:000000000000000d:6,0.002,0.0025,0.002,0.002,1.56,2026-06-23T13:27:10,0.002,1.53
route_mutation,20260623T132710_732980,of:000000000000000b:3 -> of:000000000000000d:2,0.002,0.0025,0.002,0.002,1.83,2026-06-23T13:27:10,0.002,1.83
route_mutation,20260623T132710_732980,of:000000000000000c:3 -> of:000000000000000d:3,0.002,0.0025,0.002,0.002,1.76,2026-06-23T13:27:10,0.002,1.76
route_mutation,20260623T132710_732980,of:0000000000000005:2 -> of:0000000000000009:3,0.002,0.0025,0.002,0.002,1.96,2026-06-23T13:27:10,0.002,1.96
route_mutation,20260623T132710_732980,of:0000000000000001:1 -> of:000000000000000b:1,0.002,0.0025,0.002,0.002,1.63,2026-06-23T13:27:10,0.002,1.7
route_mutation,20260623T132710_732980,of:000000000000000b:2 -> of:000000000000000c:2,0.002,0.0025,0.002,0.002,1.86,2026-06-23T13:27:10,0.002,1.86
route_mutation,20260623T132710_732980,of:0000000000000001:2 -> of:000000000000000c:1,0.002,0.0025,0.002,0.002,1.56,2026-06-23T13:27:10,0.002,1.63
route_mutation,20260623T132710_732980,of:0000000000000006:2 -> of:000000000000000a:2,0.002,0.0025,0.002,0.002,1.96,2026-06-23T13:27:10,0.002,1.96
route_mutation,20260623T132710_732980,of:0000000000000001:3 -> of:000000000000000d:1,0.002,0.0025,0.002,0.002,2.36,2026-06-23T13:27:10,0.002,2.26
route_mutation,20260623T132710_732980,of:0000000000000003:1 -> of:000000000000000b:5,0.002,0.0025,0.002,0.002,1.66,2026-06-23T13:27:10,0.002,1.63
route_mutation,20260623T132710_732980,of:0000000000000006:1 -> of:000000000000000d:4,0.002,0.0025,0.002,0.002,1.6,2026-06-23T13:27:10,0.002,1.53
route_mutation,20260623T132710_732980,of:0000000000000007:2 -> of:000000000000000a:3,0.002,0.0025,0.002,0.002,1.93,2026-06-23T13:27:10,0.002,1.93
route_mutation,20260623T132710_732980,of:0000000000000007:1 -> of:000000000000000d:5,0.002,0.0025,0.002,0.002,2.26,2026-06-23T13:27:10,0.002,2.33
route_mutation,20260623T132710_732980,of:0000000000000002:2 -> of:0000000000000008:2,0.002,0.0025,0.002,0.002,1.96,2026-06-23T13:27:10,0.002,1.96
route_mutation,20260623T132710_732980,of:0000000000000003:2 -> of:0000000000000008:3,0.002,0.0025,0.002,0.002,1.96,2026-06-23T13:27:10,0.002,1.96
route_mutation,20260623T132710_732980,of:0000000000000008:1 -> of:000000000000000b:6,0.002,0.0025,0.002,0.002,1.63,2026-06-23T13:27:10,0.002,1.63
route_mutation,20260623T132710_732980,of:0000000000000004:2 -> of:0000000000000009:2,0.002,0.0025,0.002,0.002,1.96,2026-06-23T13:27:10,0.002,1.96
route_mutation,20260623T132710_732980,of:0000000000000002:1 -> of:000000000000000b:4,0.002,0.0025,0.002,0.002,1.66,2026-06-23T13:27:10,0.002,1.63
route_mutation,20260623T132710_732980,of:0000000000000009:1 -> of:000000000000000c:6,0.002,0.0025,0.002,0.002,1.56,2026-06-23T13:27:10,0.002,1.56
route_mutation,20260623T132741_034680,of:0000000000000004:1 -> of:000000000000000c:4,0.002,0.0025,0.002,0.002,1.57,2026-06-23T13:27:41,0.002,1.57
route_mutation,20260623T132741_034680,of:0000000000000005:1 -> of:000000000000000c:5,0.002,0.0025,0.002,0.002,1.53,2026-06-23T13:27:41,0.002,1.53
route_mutation,20260623T132741_034680,of:000000000000000a:1 -> of:000000000000000d:6,0.002,0.0025,0.002,0.002,1.53,2026-06-23T13:27:41,0.002,1.53
route_mutation,20260623T132741_034680,of:000000000000000b:3 -> of:000000000000000d:2,0.002,0.0025,0.002,0.002,1.73,2026-06-23T13:27:41,0.002,1.73
route_mutation,20260623T132741_034680,of:000000000000000c:3 -> of:000000000000000d:3,0.002,0.0025,0.002,0.002,1.73,2026-06-23T13:27:41,0.002,1.73
route_mutation,20260623T132741_034680,of:0000000000000005:2 -> of:0000000000000009:3,0.002,0.0025,0.002,0.002,1.73,2026-06-23T13:27:41,0.002,1.73
route_mutation,20260623T132741_034680,of:0000000000000001:1 -> of:000000000000000b:1,0.003,0.00375,0.003,0.003,3.63,2026-06-23T13:27:41,0.003,3.63
route_mutation,20260623T132741_034680,of:000000000000000b:2 -> of:000000000000000c:2,0.002,0.0025,0.002,0.002,1.73,2026-06-23T13:27:41,0.002,1.73
route_mutation,20260623T132741_034680,of:0000000000000001:2 -> of:000000000000000c:1,0.002,0.0025,0.002,0.002,1.83,2026-06-23T13:27:41,0.002,1.86
route_mutation,20260623T132741_034680,of:0000000000000006:2 -> of:000000000000000a:2,0.002,0.0025,0.002,0.002,1.73,2026-06-23T13:27:41,0.002,1.73
route_mutation,20260623T132741_034680,of:0000000000000001:3 -> of:000000000000000d:1,0.002,0.0025,0.002,0.002,1.6,2026-06-23T13:27:41,0.002,1.6
route_mutation,20260623T132741_034680,of:0000000000000003:1 -> of:000000000000000b:5,0.002,0.0025,0.002,0.002,2.43,2026-06-23T13:27:41,0.002,2.36
route_mutation,20260623T132741_034680,of:0000000000000006:1 -> of:000000000000000d:4,0.002,0.0025,0.002,0.002,1.53,2026-06-23T13:27:41,0.002,1.53
route_mutation,20260623T132741_034680,of:0000000000000007:2 -> of:000000000000000a:3,0.002,0.0025,0.002,0.002,1.73,2026-06-23T13:27:41,0.002,1.73
route_mutation,20260623T132741_034680,of:0000000000000007:1 -> of:000000000000000d:5,0.002,0.0025,0.002,0.002,1.53,2026-06-23T13:27:41,0.002,1.53
route_mutation,20260623T132741_034680,of:0000000000000002:2 -> of:0000000000000008:2,0.002,0.0025,0.002,0.002,1.63,2026-06-23T13:27:41,0.002,1.63
route_mutation,20260623T132741_034680,of:0000000000000003:2 -> of:0000000000000008:3,0.002,0.0025,0.002,0.002,1.63,2026-06-23T13:27:41,0.002,1.67
route_mutation,20260623T132741_034680,of:0000000000000008:1 -> of:000000000000000b:6,0.002,0.0025,0.002,0.002,1.53,2026-06-23T13:27:41,0.002,1.53
route_mutation,20260623T132741_034680,of:0000000000000004:2 -> of:0000000000000009:2,0.002,0.0025,0.002,0.002,1.73,2026-06-23T13:27:41,0.002,1.73
route_mutation,20260623T132741_034680,of:0000000000000002:1 -> of:000000000000000b:4,0.002,0.0025,0.002,0.002,2.46,2026-06-23T13:27:41,0.002,2.5
route_mutation,20260623T132741_034680,of:0000000000000009:1 -> of:000000000000000c:6,0.002,0.0025,0.002,0.002,1.53,2026-06-23T13:27:41,0.002,1.53
ip_shuffle,20260623T132811_327877,of:0000000000000004:1 -> of:000000000000000c:4,0.002,0.0025,0.002,0.002,2.43,2026-06-23T13:28:11,0.002,2.43
ip_shuffle,20260623T132811_327877,of:0000000000000005:1 -> of:000000000000000c:5,0.002,0.0025,0.002,0.002,2.46,2026-06-23T13:28:11,0.002,2.46
ip_shuffle,20260623T132811_327877,of:000000000000000a:1 -> of:000000000000000d:6,0.002,0.0025,0.002,0.002,1.66,2026-06-23T13:28:11,0.002,1.66
ip_shuffle,20260623T132811_327877,of:000000000000000b:3 -> of:000000000000000d:2,0.002,0.0025,0.002,0.002,2.13,2026-06-23T13:28:11,0.002,2.13
ip_shuffle,20260623T132811_327877,of:000000000000000c:3 -> of:000000000000000d:3,0.002,0.0025,0.002,0.002,2.13,2026-06-23T13:28:11,0.002,2.13
ip_shuffle,20260623T132811_327877,of:0000000000000005:2 -> of:0000000000000009:3,0.002,0.0025,0.002,0.002,2.0,2026-06-23T13:28:11,0.002,2.0
ip_shuffle,20260623T132811_327877,of:0000000000000001:1 -> of:000000000000000b:1,0.002,0.0025,0.002,0.002,1.76,2026-06-23T13:28:11,0.002,1.76
ip_shuffle,20260623T132811_327877,of:000000000000000b:2 -> of:000000000000000c:2,0.002,0.0025,0.002,0.002,2.13,2026-06-23T13:28:11,0.002,2.13
ip_shuffle,20260623T132811_327877,of:0000000000000001:2 -> of:000000000000000c:1,0.003,0.00375,0.003,0.003,3.09,2026-06-23T13:28:11,0.003,3.06
ip_shuffle,20260623T132811_327877,of:0000000000000006:2 -> of:000000000000000a:2,0.002,0.0025,0.002,0.002,2.0,2026-06-23T13:28:11,0.002,2.0
ip_shuffle,20260623T132811_327877,of:0000000000000001:3 -> of:000000000000000d:1,0.002,0.0025,0.002,0.002,2.76,2026-06-23T13:28:11,0.002,2.76
ip_shuffle,20260623T132811_327877,of:0000000000000003:1 -> of:000000000000000b:5,0.002,0.0025,0.002,0.002,1.8,2026-06-23T13:28:11,0.002,1.86
ip_shuffle,20260623T132811_327877,of:0000000000000006:1 -> of:000000000000000d:4,0.002,0.0025,0.002,0.002,2.66,2026-06-23T13:28:11,0.002,2.66
ip_shuffle,20260623T132811_327877,of:0000000000000007:2 -> of:000000000000000a:3,0.002,0.0025,0.002,0.002,2.0,2026-06-23T13:28:11,0.002,2.0
ip_shuffle,20260623T132811_327877,of:0000000000000007:1 -> of:000000000000000d:5,0.002,0.0025,0.002,0.002,1.66,2026-06-23T13:28:11,0.002,1.66
ip_shuffle,20260623T132811_327877,of:0000000000000002:2 -> of:0000000000000008:2,0.002,0.0025,0.002,0.002,2.1,2026-06-23T13:28:11,0.002,2.1
ip_shuffle,20260623T132811_327877,of:0000000000000003:2 -> of:0000000000000008:3,0.002,0.0025,0.002,0.002,2.1,2026-06-23T13:28:11,0.002,2.06
ip_shuffle,20260623T132811_327877,of:0000000000000008:1 -> of:000000000000000b:6,0.002,0.0025,0.002,0.002,1.66,2026-06-23T13:28:11,0.002,1.66
ip_shuffle,20260623T132811_327877,of:0000000000000004:2 -> of:0000000000000009:2,0.002,0.0025,0.002,0.002,2.0,2026-06-23T13:28:11,0.002,2.0
ip_shuffle,20260623T132811_327877,of:0000000000000002:1 -> of:000000000000000b:4,0.002,0.0025,0.002,0.002,1.76,2026-06-23T13:28:11,0.002,1.73
ip_shuffle,20260623T132811_327877,of:0000000000000009:1 -> of:000000000000000c:6,0.002,0.0025,0.002,0.002,1.66,2026-06-23T13:28:11,0.002,1.66
ip_shuffle,20260623T132915_494220,of:0000000000000004:1 -> of:000000000000000c:4,0.002,0.0025,0.002,0.002,1.4,2026-06-23T13:29:15,0.002,1.43
ip_shuffle,20260623T132915_494220,of:0000000000000005:1 -> of:000000000000000c:5,0.002,0.0025,0.002,0.002,1.4,2026-06-23T13:29:15,0.002,1.43
ip_shuffle,20260623T132915_494220,of:000000000000000a:1 -> of:000000000000000d:6,0.002,0.0025,0.002,0.002,1.43,2026-06-23T13:29:15,0.002,1.43
ip_shuffle,20260623T132915_494220,of:000000000000000b:3 -> of:000000000000000d:2,0.002,0.0025,0.002,0.002,1.53,2026-06-23T13:29:15,0.002,1.53
ip_shuffle,20260623T132915_494220,of:000000000000000c:3 -> of:000000000000000d:3,0.002,0.0025,0.002,0.002,1.53,2026-06-23T13:29:15,0.002,1.53
ip_shuffle,20260623T132915_494220,of:0000000000000005:2 -> of:0000000000000009:3,0.002,0.0025,0.002,0.002,1.5,2026-06-23T13:29:15,0.002,1.5
ip_shuffle,20260623T132915_494220,of:0000000000000001:1 -> of:000000000000000b:1,0.002,0.0025,0.002,0.002,1.76,2026-06-23T13:29:15,0.002,1.7
ip_shuffle,20260623T132915_494220,of:000000000000000b:2 -> of:000000000000000c:2,0.002,0.0025,0.002,0.002,1.53,2026-06-23T13:29:15,0.002,1.53
ip_shuffle,20260623T132915_494220,of:0000000000000001:2 -> of:000000000000000c:1,0.002,0.0025,0.002,0.002,1.43,2026-06-23T13:29:15,0.002,1.43
ip_shuffle,20260623T132915_494220,of:0000000000000006:2 -> of:000000000000000a:2,0.002,0.0025,0.002,0.002,1.5,2026-06-23T13:29:15,0.002,1.5
ip_shuffle,20260623T132915_494220,of:0000000000000001:3 -> of:000000000000000d:1,0.002,0.0025,0.002,0.002,1.5,2026-06-23T13:29:15,0.002,1.5
ip_shuffle,20260623T132915_494220,of:0000000000000003:1 -> of:000000000000000b:5,0.001,0.00125,0.001,0.001,1.33,2026-06-23T13:29:15,0.001,1.36
ip_shuffle,20260623T132915_494220,of:0000000000000006:1 -> of:000000000000000d:4,0.002,0.0025,0.002,0.002,1.56,2026-06-23T13:29:15,0.002,1.6
ip_shuffle,20260623T132915_494220,of:0000000000000007:2 -> of:000000000000000a:3,0.002,0.0025,0.002,0.002,1.5,2026-06-23T13:29:15,0.002,1.5
ip_shuffle,20260623T132915_494220,of:0000000000000007:1 -> of:000000000000000d:5,0.002,0.0025,0.002,0.002,1.43,2026-06-23T13:29:15,0.002,1.46
ip_shuffle,20260623T132915_494220,of:0000000000000002:2 -> of:0000000000000008:2,0.001,0.00125,0.001,0.001,1.4,2026-06-23T13:29:15,0.001,1.43
ip_shuffle,20260623T132915_494220,of:0000000000000003:2 -> of:0000000000000008:3,0.001,0.00125,0.001,0.001,1.4,2026-06-23T13:29:15,0.001,1.4
ip_shuffle,20260623T132915_494220,of:0000000000000008:1 -> of:000000000000000b:6,0.002,0.0025,0.002,0.002,1.43,2026-06-23T13:29:15,0.002,1.43
ip_shuffle,20260623T132915_494220,of:0000000000000004:2 -> of:0000000000000009:2,0.002,0.0025,0.002,0.002,1.5,2026-06-23T13:29:15,0.002,1.5
ip_shuffle,20260623T132915_494220,of:0000000000000002:1 -> of:000000000000000b:4,0.002,0.0025,0.002,0.002,1.46,2026-06-23T13:29:15,0.001,1.4
ip_shuffle,20260623T132915_494220,of:0000000000000009:1 -> of:000000000000000c:6,0.002,0.0025,0.002,0.002,1.43,2026-06-23T13:29:15,0.002,1.43
route_mutation,20260623T133013_189119,of:0000000000000004:1 -> of:000000000000000c:4,0.002,0.0025,0.002,0.002,2.13,2026-06-23T13:30:13,0.002,2.16
route_mutation,20260623T133013_189119,of:0000000000000005:1 -> of:000000000000000c:5,0.002,0.0025,0.002,0.002,2.26,2026-06-23T13:30:13,0.002,2.3
route_mutation,20260623T133013_189119,of:000000000000000a:1 -> of:000000000000000d:6,0.002,0.0025,0.002,0.002,2.1,2026-06-23T13:30:13,0.002,2.1
route_mutation,20260623T133013_189119,of:000000000000000b:3 -> of:000000000000000d:2,0.002,0.0025,0.002,0.002,3.0,2026-06-23T13:30:13,0.002,3.0
route_mutation,20260623T133013_189119,of:000000000000000c:3 -> of:000000000000000d:3,0.002,0.0025,0.002,0.002,3.0,2026-06-23T13:30:13,0.002,3.0
route_mutation,20260623T133013_189119,of:0000000000000005:2 -> of:0000000000000009:3,0.002,0.0025,0.002,0.002,3.06,2026-06-23T13:30:13,0.002,3.06
route_mutation,20260623T133013_189119,of:0000000000000001:1 -> of:000000000000000b:1,0.002,0.0025,0.002,0.002,2.1,2026-06-23T13:30:13,0.002,2.1
route_mutation,20260623T133013_189119,of:000000000000000b:2 -> of:000000000000000c:2,0.002,0.0025,0.002,0.002,3.0,2026-06-23T13:30:13,0.002,3.0
route_mutation,20260623T133013_189119,of:0000000000000001:2 -> of:000000000000000c:1,0.002,0.0025,0.002,0.002,2.13,2026-06-23T13:30:13,0.002,2.13
route_mutation,20260623T133013_189119,of:0000000000000006:2 -> of:000000000000000a:2,0.002,0.0025,0.002,0.002,3.03,2026-06-23T13:30:13,0.002,3.03
route_mutation,20260623T133013_189119,of:0000000000000001:3 -> of:000000000000000d:1,0.003,0.00375,0.003,0.003,4.23,2026-06-23T13:30:13,0.003,4.19
route_mutation,20260623T133013_189119,of:0000000000000003:1 -> of:000000000000000b:5,0.002,0.0025,0.002,0.002,2.1,2026-06-23T13:30:13,0.002,2.16
route_mutation,20260623T133013_189119,of:0000000000000006:1 -> of:000000000000000d:4,0.003,0.00375,0.003,0.003,3.43,2026-06-23T13:30:13,0.003,3.46
route_mutation,20260623T133013_189119,of:0000000000000007:2 -> of:000000000000000a:3,0.002,0.0025,0.002,0.002,3.03,2026-06-23T13:30:13,0.002,3.03
route_mutation,20260623T133013_189119,of:0000000000000007:1 -> of:000000000000000d:5,0.002,0.0025,0.002,0.002,2.93,2026-06-23T13:30:13,0.002,2.86
route_mutation,20260623T133013_189119,of:0000000000000002:2 -> of:0000000000000008:2,0.002,0.0025,0.002,0.002,3.03,2026-06-23T13:30:13,0.002,3.03
route_mutation,20260623T133013_189119,of:0000000000000003:2 -> of:0000000000000008:3,0.002,0.0025,0.002,0.002,3.03,2026-06-23T13:30:13,0.002,3.03
route_mutation,20260623T133013_189119,of:0000000000000008:1 -> of:000000000000000b:6,0.002,0.0025,0.002,0.002,2.13,2026-06-23T13:30:13,0.002,2.16
route_mutation,20260623T133013_189119,of:0000000000000004:2 -> of:0000000000000009:2,0.002,0.0025,0.002,0.002,3.06,2026-06-23T13:30:13,0.002,3.06
route_mutation,20260623T133013_189119,of:0000000000000002:1 -> of:000000000000000b:4,0.002,0.0025,0.002,0.002,2.1,2026-06-23T13:30:13,0.002,2.16
route_mutation,20260623T133013_189119,of:0000000000000009:1 -> of:000000000000000c:6,0.002,0.0025,0.002,0.002,2.13,2026-06-23T13:30:13,0.002,2.16
route_mutation,20260623T133043_497241,of:0000000000000004:1 -> of:000000000000000c:4,0.002,0.0025,0.002,0.002,1.56,2026-06-23T13:30:43,0.002,1.53
route_mutation,20260623T133043_497241,of:0000000000000005:1 -> of:000000000000000c:5,0.002,0.0025,0.002,0.002,1.56,2026-06-23T13:30:43,0.002,1.53
route_mutation,20260623T133043_497241,of:000000000000000a:1 -> of:000000000000000d:6,0.002,0.0025,0.002,0.002,1.53,2026-06-23T13:30:43,0.002,1.53
route_mutation,20260623T133043_497241,of:000000000000000b:3 -> of:000000000000000d:2,0.002,0.0025,0.002,0.002,1.73,2026-06-23T13:30:43,0.002,1.73
route_mutation,20260623T133043_497241,of:000000000000000c:3 -> of:000000000000000d:3,0.002,0.0025,0.002,0.002,1.73,2026-06-23T13:30:43,0.002,1.73
route_mutation,20260623T133043_497241,of:0000000000000005:2 -> of:0000000000000009:3,0.002,0.0025,0.002,0.002,1.8,2026-06-23T13:30:43,0.002,1.8
route_mutation,20260623T133043_497241,of:0000000000000001:1 -> of:000000000000000b:1,0.002,0.0025,0.002,0.002,1.53,2026-06-23T13:30:43,0.002,1.43
route_mutation,20260623T133043_497241,of:000000000000000b:2 -> of:000000000000000c:2,0.002,0.0025,0.002,0.002,1.73,2026-06-23T13:30:43,0.002,1.73
route_mutation,20260623T133043_497241,of:0000000000000001:2 -> of:000000000000000c:1,0.002,0.0025,0.002,0.002,1.53,2026-06-23T13:30:43,0.002,1.43
route_mutation,20260623T133043_497241,of:0000000000000006:2 -> of:000000000000000a:2,0.002,0.0025,0.002,0.002,1.76,2026-06-23T13:30:43,0.002,1.76
route_mutation,20260623T133043_497241,of:0000000000000001:3 -> of:000000000000000d:1,0.002,0.0025,0.002,0.002,1.96,2026-06-23T13:30:43,0.002,2.06
route_mutation,20260623T133043_497241,of:0000000000000003:1 -> of:000000000000000b:5,0.002,0.0025,0.002,0.002,1.53,2026-06-23T13:30:43,0.001,1.46
route_mutation,20260623T133043_497241,of:0000000000000006:1 -> of:000000000000000d:4,0.002,0.0025,0.002,0.002,1.56,2026-06-23T13:30:43,0.002,1.53
route_mutation,20260623T133043_497241,of:0000000000000007:2 -> of:000000000000000a:3,0.002,0.0025,0.002,0.002,1.76,2026-06-23T13:30:43,0.002,1.76
route_mutation,20260623T133043_497241,of:0000000000000007:1 -> of:000000000000000d:5,0.002,0.0025,0.002,0.002,2.16,2026-06-23T13:30:43,0.002,2.23
route_mutation,20260623T133043_497241,of:0000000000000002:2 -> of:0000000000000008:2,0.002,0.0025,0.002,0.002,1.76,2026-06-23T13:30:43,0.002,1.76
route_mutation,20260623T133043_497241,of:0000000000000003:2 -> of:0000000000000008:3,0.002,0.0025,0.002,0.002,1.76,2026-06-23T13:30:43,0.002,1.76
route_mutation,20260623T133043_497241,of:0000000000000008:1 -> of:000000000000000b:6,0.002,0.0025,0.002,0.002,1.56,2026-06-23T13:30:43,0.002,1.53
route_mutation,20260623T133043_497241,of:0000000000000004:2 -> of:0000000000000009:2,0.002,0.0025,0.002,0.002,1.8,2026-06-23T13:30:43,0.002,1.8
route_mutation,20260623T133043_497241,of:0000000000000002:1 -> of:000000000000000b:4,0.002,0.0025,0.002,0.002,1.53,2026-06-23T13:30:43,0.001,1.46
route_mutation,20260623T133043_497241,of:0000000000000009:1 -> of:000000000000000c:6,0.002,0.0025,0.002,0.002,1.56,2026-06-23T13:30:43,0.002,1.53
ip_shuffle,20260623T133113_871562,of:0000000000000004:1 -> of:000000000000000c:4,0.002,0.0025,0.002,0.002,1.73,2026-06-23T13:31:13,0.002,1.73
ip_shuffle,20260623T133113_871562,of:0000000000000005:1 -> of:000000000000000c:5,0.001,0.00125,0.001,0.001,1.47,2026-06-23T13:31:13,0.001,1.47
ip_shuffle,20260623T133113_871562,of:000000000000000a:1 -> of:000000000000000d:6,0.002,0.0025,0.002,0.002,1.53,2026-06-23T13:31:13,0.002,1.53
ip_shuffle,20260623T133113_871562,of:000000000000000b:3 -> of:000000000000000d:2,0.002,0.0025,0.002,0.002,1.73,2026-06-23T13:31:13,0.002,1.73
ip_shuffle,20260623T133113_871562,of:000000000000000c:3 -> of:000000000000000d:3,0.002,0.0025,0.002,0.002,1.73,2026-06-23T13:31:13,0.002,1.73
ip_shuffle,20260623T133113_871562,of:0000000000000005:2 -> of:0000000000000009:3,0.002,0.0025,0.002,0.002,1.66,2026-06-23T13:31:13,0.002,1.66
ip_shuffle,20260623T133113_871562,of:0000000000000001:1 -> of:000000000000000b:1,0.003,0.00375,0.003,0.003,3.56,2026-06-23T13:31:13,0.003,3.56
ip_shuffle,20260623T133113_871562,of:000000000000000b:2 -> of:000000000000000c:2,0.002,0.0025,0.002,0.002,1.73,2026-06-23T13:31:13,0.002,1.73
ip_shuffle,20260623T133113_871562,of:0000000000000001:2 -> of:000000000000000c:1,0.002,0.0025,0.002,0.002,2.0,2026-06-23T13:31:13,0.002,2.03
ip_shuffle,20260623T133113_871562,of:0000000000000006:2 -> of:000000000000000a:2,0.002,0.0025,0.002,0.002,1.66,2026-06-23T13:31:13,0.002,1.66
ip_shuffle,20260623T133113_871562,of:0000000000000001:3 -> of:000000000000000d:1,0.002,0.0025,0.002,0.002,1.53,2026-06-23T13:31:13,0.002,1.53
ip_shuffle,20260623T133113_871562,of:0000000000000003:1 -> of:000000000000000b:5,0.002,0.0025,0.002,0.002,2.5,2026-06-23T13:31:13,0.002,2.5
ip_shuffle,20260623T133113_871562,of:0000000000000006:1 -> of:000000000000000d:4,0.001,0.00125,0.001,0.001,1.47,2026-06-23T13:31:13,0.001,1.47
ip_shuffle,20260623T133113_871562,of:0000000000000007:2 -> of:000000000000000a:3,0.002,0.0025,0.002,0.002,1.66,2026-06-23T13:31:13,0.002,1.66
ip_shuffle,20260623T133113_871562,of:0000000000000007:1 -> of:000000000000000d:5,0.001,0.00125,0.001,0.001,1.47,2026-06-23T13:31:13,0.001,1.47
ip_shuffle,20260623T133113_871562,of:0000000000000002:2 -> of:0000000000000008:2,0.002,0.0025,0.002,0.002,1.66,2026-06-23T13:31:13,0.002,1.66
ip_shuffle,20260623T133113_871562,of:0000000000000003:2 -> of:0000000000000008:3,0.002,0.0025,0.002,0.002,1.66,2026-06-23T13:31:13,0.002,1.66
ip_shuffle,20260623T133113_871562,of:0000000000000008:1 -> of:000000000000000b:6,0.001,0.00125,0.001,0.001,1.47,2026-06-23T13:31:13,0.001,1.47
ip_shuffle,20260623T133113_871562,of:0000000000000004:2 -> of:0000000000000009:2,0.002,0.0025,0.002,0.002,1.66,2026-06-23T13:31:13,0.002,1.66
ip_shuffle,20260623T133113_871562,of:0000000000000002:1 -> of:000000000000000b:4,0.002,0.0025,0.002,0.002,2.56,2026-06-23T13:31:13,0.002,2.56
ip_shuffle,20260623T133113_871562,of:0000000000000009:1 -> of:000000000000000c:6,0.002,0.0025,0.002,0.002,1.53,2026-06-23T13:31:13,0.002,1.53
ip_shuffle,20260623T133211_405573,of:0000000000000004:1 -> of:000000000000000c:4,0.002,0.0025,0.002,0.002,2.13,2026-06-23T13:32:11,0.002,2.1
ip_shuffle,20260623T133211_405573,of:0000000000000005:1 -> of:000000000000000c:5,0.002,0.0025,0.002,0.002,2.13,2026-06-23T13:32:11,0.002,2.1
ip_shuffle,20260623T133211_405573,of:000000000000000a:1 -> of:000000000000000d:6,0.002,0.0025,0.002,0.002,2.1,2026-06-23T13:32:11,0.002,2.1
ip_shuffle,20260623T133211_405573,of:000000000000000b:3 -> of:000000000000000d:2,0.002,0.0025,0.002,0.002,2.86,2026-06-23T13:32:11,0.002,2.86
ip_shuffle,20260623T133211_405573,of:000000000000000c:3 -> of:000000000000000d:3,0.002,0.0025,0.002,0.002,2.86,2026-06-23T13:32:11,0.002,2.86
ip_shuffle,20260623T133211_405573,of:0000000000000005:2 -> of:0000000000000009:3,0.002,0.0025,0.002,0.002,2.93,2026-06-23T13:32:11,0.002,2.93
ip_shuffle,20260623T133211_405573,of:0000000000000001:1 -> of:000000000000000b:1,0.002,0.0025,0.002,0.002,2.1,2026-06-23T13:32:11,0.002,2.0
ip_shuffle,20260623T133211_405573,of:000000000000000b:2 -> of:000000000000000c:2,0.002,0.0025,0.002,0.002,2.86,2026-06-23T13:32:11,0.002,2.86
ip_shuffle,20260623T133211_405573,of:0000000000000001:2 -> of:000000000000000c:1,0.002,0.0025,0.002,0.002,2.1,2026-06-23T13:32:11,0.002,2.0
ip_shuffle,20260623T133211_405573,of:0000000000000006:2 -> of:000000000000000a:2,0.002,0.0025,0.002,0.002,2.9,2026-06-23T13:32:11,0.002,2.9
ip_shuffle,20260623T133211_405573,of:0000000000000001:3 -> of:000000000000000d:1,0.003,0.00375,0.003,0.003,3.73,2026-06-23T13:32:11,0.003,3.86
ip_shuffle,20260623T133211_405573,of:0000000000000003:1 -> of:000000000000000b:5,0.002,0.0025,0.002,0.002,2.0,2026-06-23T13:32:11,0.002,2.1
ip_shuffle,20260623T133211_405573,of:0000000000000006:1 -> of:000000000000000d:4,0.002,0.0025,0.002,0.002,2.6,2026-06-23T13:32:11,0.002,2.6
ip_shuffle,20260623T133211_405573,of:0000000000000007:2 -> of:000000000000000a:3,0.002,0.0025,0.002,0.002,2.9,2026-06-23T13:32:11,0.002,2.9
ip_shuffle,20260623T133211_405573,of:0000000000000007:1 -> of:000000000000000d:5,0.003,0.00375,0.003,0.003,3.53,2026-06-23T13:32:11,0.003,3.5
ip_shuffle,20260623T133211_405573,of:0000000000000002:2 -> of:0000000000000008:2,0.002,0.0025,0.002,0.002,2.8,2026-06-23T13:32:11,0.002,2.8
ip_shuffle,20260623T133211_405573,of:0000000000000003:2 -> of:0000000000000008:3,0.002,0.0025,0.002,0.002,2.8,2026-06-23T13:32:11,0.002,2.8
ip_shuffle,20260623T133211_405573,of:0000000000000008:1 -> of:000000000000000b:6,0.002,0.0025,0.002,0.002,2.13,2026-06-23T13:32:11,0.002,2.1
ip_shuffle,20260623T133211_405573,of:0000000000000004:2 -> of:0000000000000009:2,0.002,0.0025,0.002,0.002,2.93,2026-06-23T13:32:11,0.002,2.93
ip_shuffle,20260623T133211_405573,of:0000000000000002:1 -> of:000000000000000b:4,0.002,0.0025,0.002,0.002,2.0,2026-06-23T13:32:11,0.002,2.1
ip_shuffle,20260623T133211_405573,of:0000000000000009:1 -> of:000000000000000c:6,0.002,0.0025,0.002,0.002,2.13,2026-06-23T13:32:11,0.002,2.1
ip_shuffle,20260623T133309_127731,of:0000000000000004:1 -> of:000000000000000c:4,0.002,0.0025,0.002,0.002,2.16,2026-06-23T13:33:09,0.002,2.23
ip_shuffle,20260623T133309_127731,of:0000000000000005:1 -> of:000000000000000c:5,0.002,0.0025,0.002,0.002,2.16,2026-06-23T13:33:09,0.002,2.23
ip_shuffle,20260623T133309_127731,of:000000000000000a:1 -> of:000000000000000d:6,0.001,0.00125,0.001,0.001,1.4,2026-06-23T13:33:09,0.001,1.43
ip_shuffle,20260623T133309_127731,of:000000000000000b:3 -> of:000000000000000d:2,0.002,0.0025,0.002,0.002,1.6,2026-06-23T13:33:09,0.002,1.6
ip_shuffle,20260623T133309_127731,of:000000000000000c:3 -> of:000000000000000d:3,0.002,0.0025,0.002,0.002,1.6,2026-06-23T13:33:09,0.002,1.6
ip_shuffle,20260623T133309_127731,of:0000000000000005:2 -> of:0000000000000009:3,0.001,0.00125,0.001,0.001,1.5,2026-06-23T13:33:09,0.001,1.5
ip_shuffle,20260623T133309_127731,of:0000000000000001:1 -> of:000000000000000b:1,0.003,0.00375,0.003,0.003,2.86,2026-06-23T13:33:09,0.003,2.9
ip_shuffle,20260623T133309_127731,of:000000000000000b:2 -> of:000000000000000c:2,0.001,0.00125,0.001,0.001,1.53,2026-06-23T13:33:09,0.001,1.53
ip_shuffle,20260623T133309_127731,of:0000000000000001:2 -> of:000000000000000c:1,0.003,0.00375,0.003,0.003,2.96,2026-06-23T13:33:09,0.003,3.03
ip_shuffle,20260623T133309_127731,of:0000000000000006:2 -> of:000000000000000a:2,0.002,0.0025,0.002,0.002,1.53,2026-06-23T13:33:09,0.002,1.53
ip_shuffle,20260623T133309_127731,of:0000000000000001:3 -> of:000000000000000d:1,0.002,0.0025,0.002,0.002,1.67,2026-06-23T13:33:09,0.002,1.6
ip_shuffle,20260623T133309_127731,of:0000000000000003:1 -> of:000000000000000b:5,0.002,0.0025,0.002,0.002,2.5,2026-06-23T13:33:09,0.002,2.4
ip_shuffle,20260623T133309_127731,of:0000000000000006:1 -> of:000000000000000d:4,0.002,0.0025,0.002,0.002,1.57,2026-06-23T13:33:09,0.002,1.53
ip_shuffle,20260623T133309_127731,of:0000000000000007:2 -> of:000000000000000a:3,0.002,0.0025,0.002,0.002,1.53,2026-06-23T13:33:09,0.002,1.53
ip_shuffle,20260623T133309_127731,of:0000000000000007:1 -> of:000000000000000d:5,0.002,0.0025,0.002,0.002,1.47,2026-06-23T13:33:09,0.002,1.5
ip_shuffle,20260623T133309_127731,of:0000000000000002:2 -> of:0000000000000008:2,0.002,0.0025,0.002,0.002,1.67,2026-06-23T13:33:09,0.002,1.67
ip_shuffle,20260623T133309_127731,of:0000000000000003:2 -> of:0000000000000008:3,0.002,0.0025,0.002,0.002,1.67,2026-06-23T13:33:09,0.002,1.67
ip_shuffle,20260623T133309_127731,of:0000000000000008:1 -> of:000000000000000b:6,0.001,0.00125,0.001,0.001,1.4,2026-06-23T13:33:09,0.001,1.43
ip_shuffle,20260623T133309_127731,of:0000000000000004:2 -> of:0000000000000009:2,0.001,0.00125,0.001,0.001,1.5,2026-06-23T13:33:09,0.001,1.5
ip_shuffle,20260623T133309_127731,of:0000000000000002:1 -> of:000000000000000b:4,0.002,0.0025,0.002,0.002,1.9,2026-06-23T13:33:09,0.002,1.8
ip_shuffle,20260623T133309_127731,of:0000000000000009:1 -> of:000000000000000c:6,0.001,0.00125,0.001,0.001,1.33,2026-06-23T13:33:09,0.001,1.37
ip_shuffle,20260623T133406_727646,of:0000000000000004:1 -> of:000000000000000c:4,0.001,0.00125,0.001,0.001,1.37,2026-06-23T13:34:06,0.001,1.33
ip_shuffle,20260623T133406_727646,of:0000000000000005:1 -> of:000000000000000c:5,0.001,0.00125,0.001,0.001,1.37,2026-06-23T13:34:06,0.001,1.33
ip_shuffle,20260623T133406_727646,of:000000000000000a:1 -> of:000000000000000d:6,0.002,0.0025,0.002,0.002,1.43,2026-06-23T13:34:06,0.002,1.4
ip_shuffle,20260623T133406_727646,of:000000000000000b:3 -> of:000000000000000d:2,0.002,0.0025,0.002,0.002,1.5,2026-06-23T13:34:06,0.002,1.5
ip_shuffle,20260623T133406_727646,of:000000000000000c:3 -> of:000000000000000d:3,0.002,0.0025,0.002,0.002,1.47,2026-06-23T13:34:06,0.002,1.47
ip_shuffle,20260623T133406_727646,of:0000000000000005:2 -> of:0000000000000009:3,0.001,0.00125,0.001,0.001,1.47,2026-06-23T13:34:06,0.001,1.47
ip_shuffle,20260623T133406_727646,of:0000000000000001:1 -> of:000000000000000b:1,0.002,0.0025,0.002,0.002,1.43,2026-06-23T13:34:06,0.001,1.33
ip_shuffle,20260623T133406_727646,of:000000000000000b:2 -> of:000000000000000c:2,0.002,0.0025,0.002,0.002,1.5,2026-06-23T13:34:06,0.002,1.5
ip_shuffle,20260623T133406_727646,of:0000000000000001:2 -> of:000000000000000c:1,0.002,0.0025,0.002,0.002,1.4,2026-06-23T13:34:06,0.001,1.33
ip_shuffle,20260623T133406_727646,of:0000000000000006:2 -> of:000000000000000a:2,0.001,0.00125,0.001,0.001,1.47,2026-06-23T13:34:06,0.001,1.47
ip_shuffle,20260623T133406_727646,of:0000000000000001:3 -> of:000000000000000d:1,0.002,0.0025,0.002,0.002,1.47,2026-06-23T13:34:06,0.002,1.6
ip_shuffle,20260623T133406_727646,of:0000000000000003:1 -> of:000000000000000b:5,0.002,0.0025,0.002,0.001,1.33,2026-06-23T13:34:06,0.002,1.43
ip_shuffle,20260623T133406_727646,of:0000000000000006:1 -> of:000000000000000d:4,0.001,0.00125,0.001,0.001,1.37,2026-06-23T13:34:06,0.001,1.33
ip_shuffle,20260623T133406_727646,of:0000000000000007:2 -> of:000000000000000a:3,0.001,0.00125,0.001,0.001,1.47,2026-06-23T13:34:06,0.001,1.47
ip_shuffle,20260623T133406_727646,of:0000000000000007:1 -> of:000000000000000d:5,0.002,0.0025,0.002,0.002,1.6,2026-06-23T13:34:06,0.002,1.67
ip_shuffle,20260623T133406_727646,of:0000000000000002:2 -> of:0000000000000008:2,0.001,0.00125,0.001,0.001,1.37,2026-06-23T13:34:06,0.001,1.37
ip_shuffle,20260623T133406_727646,of:0000000000000003:2 -> of:0000000000000008:3,0.001,0.00125,0.001,0.001,1.37,2026-06-23T13:34:06,0.001,1.37
ip_shuffle,20260623T133406_727646,of:0000000000000008:1 -> of:000000000000000b:6,0.001,0.00125,0.001,0.001,1.37,2026-06-23T13:34:06,0.001,1.37
ip_shuffle,20260623T133406_727646,of:0000000000000004:2 -> of:0000000000000009:2,0.001,0.00125,0.001,0.001,1.47,2026-06-23T13:34:06,0.001,1.47
ip_shuffle,20260623T133406_727646,of:0000000000000002:1 -> of:000000000000000b:4,0.002,0.0025,0.002,0.001,1.33,2026-06-23T13:34:06,0.002,1.43
ip_shuffle,20260623T133406_727646,of:0000000000000009:1 -> of:000000000000000c:6,0.002,0.0025,0.002,0.002,1.43,2026-06-23T13:34:06,0.002,1.4
ip_shuffle,20260623T133504_535050,of:0000000000000004:1 -> of:000000000000000c:4,0.002,0.0025,0.002,0.002,2.6,2026-06-23T13:35:04,0.002,2.6
ip_shuffle,20260623T133504_535050,of:0000000000000005:1 -> of:000000000000000c:5,0.002,0.0025,0.002,0.002,2.6,2026-06-23T13:35:04,0.002,2.6
ip_shuffle,20260623T133504_535050,of:000000000000000a:1 -> of:000000000000000d:6,0.002,0.0025,0.002,0.002,1.73,2026-06-23T13:35:04,0.002,1.73
ip_shuffle,20260623T133504_535050,of:000000000000000b:3 -> of:000000000000000d:2,0.002,0.0025,0.002,0.002,2.2,2026-06-23T13:35:04,0.002,2.2
ip_shuffle,20260623T133504_535050,of:000000000000000c:3 -> of:000000000000000d:3,0.002,0.0025,0.002,0.002,2.2,2026-06-23T13:35:04,0.002,2.2
ip_shuffle,20260623T133504_535050,of:0000000000000005:2 -> of:0000000000000009:3,0.002,0.0025,0.002,0.002,2.26,2026-06-23T13:35:04,0.002,2.26
ip_shuffle,20260623T133504_535050,of:0000000000000001:1 -> of:000000000000000b:1,0.002,0.0025,0.002,0.002,1.83,2026-06-23T13:35:04,0.002,2.0
ip_shuffle,20260623T133504_535050,of:000000000000000b:2 -> of:000000000000000c:2,0.002,0.0025,0.002,0.002,2.26,2026-06-23T13:35:04,0.002,2.26
ip_shuffle,20260623T133504_535050,of:0000000000000001:2 -> of:000000000000000c:1,0.003,0.00375,0.003,0.003,3.3,2026-06-23T13:35:04,0.003,3.33
ip_shuffle,20260623T133504_535050,of:0000000000000006:2 -> of:000000000000000a:2,0.002,0.0025,0.002,0.002,2.26,2026-06-23T13:35:04,0.002,2.26
ip_shuffle,20260623T133504_535050,of:0000000000000001:3 -> of:000000000000000d:1,0.003,0.00375,0.003,0.003,3.0,2026-06-23T13:35:04,0.002,2.9
ip_shuffle,20260623T133504_535050,of:0000000000000003:1 -> of:000000000000000b:5,0.002,0.0025,0.002,0.002,2.0,2026-06-23T13:35:04,0.002,1.83
ip_shuffle,20260623T133504_535050,of:0000000000000006:1 -> of:000000000000000d:4,0.002,0.0025,0.002,0.002,2.83,2026-06-23T13:35:04,0.002,2.73
ip_shuffle,20260623T133504_535050,of:0000000000000007:2 -> of:000000000000000a:3,0.002,0.0025,0.002,0.002,2.3,2026-06-23T13:35:04,0.002,2.3
ip_shuffle,20260623T133504_535050,of:0000000000000007:1 -> of:000000000000000d:5,0.002,0.0025,0.002,0.002,1.76,2026-06-23T13:35:04,0.002,1.73
ip_shuffle,20260623T133504_535050,of:0000000000000002:2 -> of:0000000000000008:2,0.002,0.0025,0.002,0.002,2.3,2026-06-23T13:35:04,0.002,2.3
ip_shuffle,20260623T133504_535050,of:0000000000000003:2 -> of:0000000000000008:3,0.002,0.0025,0.002,0.002,2.3,2026-06-23T13:35:04,0.002,2.3
ip_shuffle,20260623T133504_535050,of:0000000000000008:1 -> of:000000000000000b:6,0.002,0.0025,0.002,0.002,1.8,2026-06-23T13:35:04,0.002,1.8
ip_shuffle,20260623T133504_535050,of:0000000000000004:2 -> of:0000000000000009:2,0.002,0.0025,0.002,0.002,2.26,2026-06-23T13:35:04,0.002,2.26
ip_shuffle,20260623T133504_535050,of:0000000000000002:1 -> of:000000000000000b:4,0.002,0.0025,0.002,0.002,1.83,2026-06-23T13:35:04,0.002,1.8
ip_shuffle,20260623T133504_535050,of:0000000000000009:1 -> of:000000000000000c:6,0.002,0.0025,0.002,0.002,1.8,2026-06-23T13:35:04,0.002,1.8
route_mutation,20260623T133608_730723,of:0000000000000004:1 -> of:000000000000000c:4,0.002,0.0025,0.002,0.002,1.5,2026-06-23T13:36:08,0.002,1.5
route_mutation,20260623T133608_730723,of:0000000000000005:1 -> of:000000000000000c:5,0.002,0.0025,0.002,0.002,1.5,2026-06-23T13:36:08,0.002,1.5
route_mutation,20260623T133608_730723,of:000000000000000a:1 -> of:000000000000000d:6,0.001,0.00125,0.001,0.001,1.37,2026-06-23T13:36:08,0.001,1.37
route_mutation,20260623T133608_730723,of:000000000000000b:3 -> of:000000000000000d:2,0.001,0.00125,0.001,0.001,1.46,2026-06-23T13:36:08,0.001,1.46
route_mutation,20260623T133608_730723,of:000000000000000c:3 -> of:000000000000000d:3,0.001,0.00125,0.001,0.001,1.46,2026-06-23T13:36:08,0.001,1.46
route_mutation,20260623T133608_730723,of:0000000000000005:2 -> of:0000000000000009:3,0.002,0.0025,0.002,0.002,1.6,2026-06-23T13:36:08,0.002,1.6
route_mutation,20260623T133608_730723,of:0000000000000001:1 -> of:000000000000000b:1,0.003,0.00375,0.003,0.003,2.86,2026-06-23T13:36:08,0.003,2.86
route_mutation,20260623T133608_730723,of:000000000000000b:2 -> of:000000000000000c:2,0.001,0.00125,0.001,0.001,1.4,2026-06-23T13:36:08,0.001,1.4
route_mutation,20260623T133608_730723,of:0000000000000001:2 -> of:000000000000000c:1,0.001,0.00125,0.001,0.001,1.3,2026-06-23T13:36:08,0.001,1.3
route_mutation,20260623T133608_730723,of:0000000000000006:2 -> of:000000000000000a:2,0.001,0.00125,0.001,0.001,1.46,2026-06-23T13:36:08,0.001,1.46
route_mutation,20260623T133608_730723,of:0000000000000001:3 -> of:000000000000000d:1,0.001,0.00125,0.001,0.001,1.37,2026-06-23T13:36:08,0.001,1.37
route_mutation,20260623T133608_730723,of:0000000000000003:1 -> of:000000000000000b:5,0.002,0.0025,0.002,0.002,1.83,2026-06-23T13:36:08,0.002,1.83
route_mutation,20260623T133608_730723,of:0000000000000006:1 -> of:000000000000000d:4,0.002,0.0025,0.002,0.002,1.43,2026-06-23T13:36:08,0.002,1.43
route_mutation,20260623T133608_730723,of:0000000000000007:2 -> of:000000000000000a:3,0.001,0.00125,0.001,0.001,1.46,2026-06-23T13:36:08,0.001,1.46
route_mutation,20260623T133608_730723,of:0000000000000007:1 -> of:000000000000000d:5,0.002,0.0025,0.002,0.002,1.43,2026-06-23T13:36:08,0.002,1.43
route_mutation,20260623T133608_730723,of:0000000000000002:2 -> of:0000000000000008:2,0.001,0.00125,0.001,0.001,1.4,2026-06-23T13:36:08,0.001,1.4
route_mutation,20260623T133608_730723,of:0000000000000003:2 -> of:0000000000000008:3,0.001,0.00125,0.001,0.001,1.4,2026-06-23T13:36:08,0.001,1.4
route_mutation,20260623T133608_730723,of:0000000000000008:1 -> of:000000000000000b:6,0.001,0.00125,0.001,0.001,1.3,2026-06-23T13:36:08,0.001,1.3
route_mutation,20260623T133608_730723,of:0000000000000004:2 -> of:0000000000000009:2,0.002,0.0025,0.002,0.002,1.6,2026-06-23T13:36:08,0.002,1.6
route_mutation,20260623T133608_730723,of:0000000000000002:1 -> of:000000000000000b:4,0.002,0.0025,0.002,0.002,2.33,2026-06-23T13:36:08,0.002,2.33
route_mutation,20260623T133608_730723,of:0000000000000009:1 -> of:000000000000000c:6,0.001,0.00125,0.001,0.001,1.3,2026-06-23T13:36:08,0.001,1.3
ip_shuffle,20260623T133639_052311,of:0000000000000004:1 -> of:000000000000000c:4,0.002,0.0025,0.002,0.002,2.56,2026-06-23T13:36:39,0.002,2.46
ip_shuffle,20260623T133639_052311,of:0000000000000005:1 -> of:000000000000000c:5,0.002,0.0025,0.002,0.002,2.56,2026-06-23T13:36:39,0.002,2.46
ip_shuffle,20260623T133639_052311,of:000000000000000a:1 -> of:000000000000000d:6,0.002,0.0025,0.002,0.002,1.66,2026-06-23T13:36:39,0.002,1.66
ip_shuffle,20260623T133639_052311,of:000000000000000b:3 -> of:000000000000000d:2,0.002,0.0025,0.002,0.002,2.06,2026-06-23T13:36:39,0.002,2.06
ip_shuffle,20260623T133639_052311,of:000000000000000c:3 -> of:000000000000000d:3,0.002,0.0025,0.002,0.002,2.06,2026-06-23T13:36:39,0.002,2.06
ip_shuffle,20260623T133639_052311,of:0000000000000005:2 -> of:0000000000000009:3,0.002,0.0025,0.002,0.002,2.16,2026-06-23T13:36:39,0.002,2.16
ip_shuffle,20260623T133639_052311,of:0000000000000001:1 -> of:000000000000000b:1,0.002,0.0025,0.002,0.002,2.23,2026-06-23T13:36:39,0.002,2.3
ip_shuffle,20260623T133639_052311,of:000000000000000b:2 -> of:000000000000000c:2,0.002,0.0025,0.002,0.002,2.13,2026-06-23T13:36:39,0.002,2.13
ip_shuffle,20260623T133639_052311,of:0000000000000001:2 -> of:000000000000000c:1,0.003,0.00375,0.003,0.003,3.33,2026-06-23T13:36:39,0.003,3.39
ip_shuffle,20260623T133639_052311,of:0000000000000006:2 -> of:000000000000000a:2,0.002,0.0025,0.002,0.002,2.1,2026-06-23T13:36:39,0.002,2.1
ip_shuffle,20260623T133639_052311,of:0000000000000001:3 -> of:000000000000000d:1,0.002,0.0025,0.002,0.002,2.5,2026-06-23T13:36:39,0.002,2.46
ip_shuffle,20260623T133639_052311,of:0000000000000003:1 -> of:000000000000000b:5,0.002,0.0025,0.002,0.002,2.3,2026-06-23T13:36:39,0.002,2.23
ip_shuffle,20260623T133639_052311,of:0000000000000006:1 -> of:000000000000000d:4,0.002,0.0025,0.002,0.002,2.3,2026-06-23T13:36:39,0.002,2.2
ip_shuffle,20260623T133639_052311,of:0000000000000007:2 -> of:000000000000000a:3,0.002,0.0025,0.002,0.002,2.13,2026-06-23T13:36:39,0.002,2.13
ip_shuffle,20260623T133639_052311,of:0000000000000007:1 -> of:000000000000000d:5,0.002,0.0025,0.002,0.002,1.66,2026-06-23T13:36:39,0.002,1.66
ip_shuffle,20260623T133639_052311,of:0000000000000002:2 -> of:0000000000000008:2,0.002,0.0025,0.002,0.002,2.2,2026-06-23T13:36:39,0.002,2.2
ip_shuffle,20260623T133639_052311,of:0000000000000003:2 -> of:0000000000000008:3,0.002,0.0025,0.002,0.002,2.2,2026-06-23T13:36:39,0.002,2.2
ip_shuffle,20260623T133639_052311,of:0000000000000008:1 -> of:000000000000000b:6,0.002,0.0025,0.002,0.002,1.73,2026-06-23T13:36:39,0.002,1.73
ip_shuffle,20260623T133639_052311,of:0000000000000004:2 -> of:0000000000000009:2,0.002,0.0025,0.002,0.002,2.16,2026-06-23T13:36:39,0.002,2.16
ip_shuffle,20260623T133639_052311,of:0000000000000002:1 -> of:000000000000000b:4,0.002,0.0025,0.002,0.002,1.8,2026-06-23T13:36:39,0.002,1.73
ip_shuffle,20260623T133639_052311,of:0000000000000009:1 -> of:000000000000000c:6,0.002,0.0025,0.002,0.002,1.73,2026-06-23T13:36:39,0.002,1.73
ip_shuffle,20260623T133743_171254,of:0000000000000004:1 -> of:000000000000000c:4,0.001,0.00125,0.001,0.001,1.36,2026-06-23T13:37:43,0.001,1.36
ip_shuffle,20260623T133743_171254,of:0000000000000005:1 -> of:000000000000000c:5,0.001,0.00125,0.001,0.001,1.36,2026-06-23T13:37:43,0.001,1.36
ip_shuffle,20260623T133743_171254,of:000000000000000a:1 -> of:000000000000000d:6,0.001,0.00125,0.001,0.001,1.36,2026-06-23T13:37:43,0.001,1.36
ip_shuffle,20260623T133743_171254,of:000000000000000b:3 -> of:000000000000000d:2,0.001,0.00125,0.001,0.001,1.46,2026-06-23T13:37:43,0.001,1.46
ip_shuffle,20260623T133743_171254,of:000000000000000c:3 -> of:000000000000000d:3,0.001,0.00125,0.001,0.001,1.46,2026-06-23T13:37:43,0.001,1.46
ip_shuffle,20260623T133743_171254,of:0000000000000005:2 -> of:0000000000000009:3,0.001,0.00125,0.001,0.001,1.46,2026-06-23T13:37:43,0.001,1.46
ip_shuffle,20260623T133743_171254,of:0000000000000001:1 -> of:000000000000000b:1,0.002,0.0025,0.002,0.002,2.2,2026-06-23T13:37:43,0.002,2.2
ip_shuffle,20260623T133743_171254,of:000000000000000b:2 -> of:000000000000000c:2,0.001,0.00125,0.001,0.001,1.4,2026-06-23T13:37:43,0.001,1.4
ip_shuffle,20260623T133743_171254,of:0000000000000001:2 -> of:000000000000000c:1,0.001,0.00125,0.001,0.001,1.3,2026-06-23T13:37:43,0.001,1.3
ip_shuffle,20260623T133743_171254,of:0000000000000006:2 -> of:000000000000000a:2,0.001,0.00125,0.001,0.001,1.46,2026-06-23T13:37:43,0.001,1.46
ip_shuffle,20260623T133743_171254,of:0000000000000001:3 -> of:000000000000000d:1,0.001,0.00125,0.001,0.001,1.36,2026-06-23T13:37:43,0.001,1.36
ip_shuffle,20260623T133743_171254,of:0000000000000003:1 -> of:000000000000000b:5,0.001,0.00125,0.001,0.001,1.4,2026-06-23T13:37:43,0.001,1.4
ip_shuffle,20260623T133743_171254,of:0000000000000006:1 -> of:000000000000000d:4,0.002,0.0025,0.002,0.002,1.43,2026-06-23T13:37:43,0.002,1.43
ip_shuffle,20260623T133743_171254,of:0000000000000007:2 -> of:000000000000000a:3,0.001,0.00125,0.001,0.001,1.4,2026-06-23T13:37:43,0.001,1.4
ip_shuffle,20260623T133743_171254,of:0000000000000007:1 -> of:000000000000000d:5,0.001,0.00125,0.001,0.001,1.36,2026-06-23T13:37:43,0.001,1.36
ip_shuffle,20260623T133743_171254,of:0000000000000002:2 -> of:0000000000000008:2,0.001,0.00125,0.001,0.001,1.46,2026-06-23T13:37:43,0.001,1.46
ip_shuffle,20260623T133743_171254,of:0000000000000003:2 -> of:0000000000000008:3,0.001,0.00125,0.001,0.001,1.46,2026-06-23T13:37:43,0.001,1.46
ip_shuffle,20260623T133743_171254,of:0000000000000008:1 -> of:000000000000000b:6,0.001,0.00125,0.001,0.001,1.3,2026-06-23T13:37:43,0.001,1.3
ip_shuffle,20260623T133743_171254,of:0000000000000004:2 -> of:0000000000000009:2,0.001,0.00125,0.001,0.001,1.46,2026-06-23T13:37:43,0.001,1.46
ip_shuffle,20260623T133743_171254,of:0000000000000002:1 -> of:000000000000000b:4,0.002,0.0025,0.002,0.002,2.23,2026-06-23T13:37:43,0.002,2.23
ip_shuffle,20260623T133743_171254,of:0000000000000009:1 -> of:000000000000000c:6,0.001,0.00125,0.001,0.001,1.3,2026-06-23T13:37:43,0.001,1.3
route_mutation,20260623T133840_829413,of:0000000000000004:1 -> of:000000000000000c:4,0.002,0.0025,0.002,0.002,1.93,2026-06-23T13:38:40,0.002,2.03
route_mutation,20260623T133840_829413,of:0000000000000005:1 -> of:000000000000000c:5,0.002,0.0025,0.002,0.002,1.93,2026-06-23T13:38:40,0.002,2.03
route_mutation,20260623T133840_829413,of:000000000000000a:1 -> of:000000000000000d:6,0.002,0.0025,0.002,0.002,2.03,2026-06-23T13:38:40,0.002,2.0
route_mutation,20260623T133840_829413,of:000000000000000b:3 -> of:000000000000000d:2,0.002,0.0025,0.002,0.002,2.7,2026-06-23T13:38:40,0.002,2.7
route_mutation,20260623T133840_829413,of:000000000000000c:3 -> of:000000000000000d:3,0.002,0.0025,0.002,0.002,2.7,2026-06-23T13:38:40,0.002,2.7
route_mutation,20260623T133840_829413,of:0000000000000005:2 -> of:0000000000000009:3,0.002,0.0025,0.002,0.002,2.63,2026-06-23T13:38:40,0.002,2.63
route_mutation,20260623T133840_829413,of:0000000000000001:1 -> of:000000000000000b:1,0.002,0.0025,0.002,0.002,2.03,2026-06-23T13:38:40,0.002,1.93
route_mutation,20260623T133840_829413,of:000000000000000b:2 -> of:000000000000000c:2,0.002,0.0025,0.002,0.002,2.73,2026-06-23T13:38:40,0.002,2.73
route_mutation,20260623T133840_829413,of:0000000000000001:2 -> of:000000000000000c:1,0.002,0.0025,0.002,0.002,2.03,2026-06-23T13:38:40,0.002,1.93
route_mutation,20260623T133840_829413,of:0000000000000006:2 -> of:000000000000000a:2,0.002,0.0025,0.002,0.002,2.86,2026-06-23T13:38:40,0.002,2.86
route_mutation,20260623T133840_829413,of:0000000000000001:3 -> of:000000000000000d:1,0.003,0.00375,0.003,0.003,3.93,2026-06-23T13:38:40,0.003,4.03
route_mutation,20260623T133840_829413,of:0000000000000003:1 -> of:000000000000000b:5,0.002,0.0025,0.002,0.002,1.96,2026-06-23T13:38:40,0.002,2.03
route_mutation,20260623T133840_829413,of:0000000000000006:1 -> of:000000000000000d:4,0.003,0.00375,0.003,0.003,3.13,2026-06-23T13:38:40,0.003,3.19
route_mutation,20260623T133840_829413,of:0000000000000007:2 -> of:000000000000000a:3,0.002,0.0025,0.002,0.002,2.76,2026-06-23T13:38:40,0.002,2.76
route_mutation,20260623T133840_829413,of:0000000000000007:1 -> of:000000000000000d:5,0.003,0.00375,0.003,0.003,3.19,2026-06-23T13:38:40,0.003,3.13
route_mutation,20260623T133840_829413,of:0000000000000002:2 -> of:0000000000000008:2,0.002,0.0025,0.002,0.002,2.66,2026-06-23T13:38:40,0.002,2.7
route_mutation,20260623T133840_829413,of:0000000000000003:2 -> of:0000000000000008:3,0.002,0.0025,0.002,0.002,2.66,2026-06-23T13:38:40,0.002,2.7
route_mutation,20260623T133840_829413,of:0000000000000008:1 -> of:000000000000000b:6,0.002,0.0025,0.002,0.002,2.03,2026-06-23T13:38:40,0.002,2.03
route_mutation,20260623T133840_829413,of:0000000000000004:2 -> of:0000000000000009:2,0.002,0.0025,0.002,0.002,2.63,2026-06-23T13:38:40,0.002,2.63
route_mutation,20260623T133840_829413,of:0000000000000002:1 -> of:000000000000000b:4,0.002,0.0025,0.002,0.002,1.96,2026-06-23T13:38:40,0.002,2.03
route_mutation,20260623T133840_829413,of:0000000000000009:1 -> of:000000000000000c:6,0.002,0.0025,0.002,0.002,2.03,2026-06-23T13:38:40,0.002,2.03
ip_shuffle,20260623T133911_143628,of:0000000000000004:1 -> of:000000000000000c:4,0.001,0.00125,0.001,0.001,1.33,2026-06-23T13:39:11,0.001,1.36
ip_shuffle,20260623T133911_143628,of:0000000000000005:1 -> of:000000000000000c:5,0.001,0.00125,0.001,0.001,1.33,2026-06-23T13:39:11,0.001,1.36
ip_shuffle,20260623T133911_143628,of:000000000000000a:1 -> of:000000000000000d:6,0.001,0.00125,0.001,0.001,1.4,2026-06-23T13:39:11,0.001,1.4
ip_shuffle,20260623T133911_143628,of:000000000000000b:3 -> of:000000000000000d:2,0.002,0.0025,0.002,0.002,1.5,2026-06-23T13:39:11,0.002,1.5
ip_shuffle,20260623T133911_143628,of:000000000000000c:3 -> of:000000000000000d:3,0.001,0.00125,0.001,0.001,1.46,2026-06-23T13:39:11,0.001,1.46
ip_shuffle,20260623T133911_143628,of:0000000000000005:2 -> of:0000000000000009:3,0.001,0.00125,0.001,0.001,1.43,2026-06-23T13:39:11,0.001,1.43
ip_shuffle,20260623T133911_143628,of:0000000000000001:1 -> of:000000000000000b:1,0.001,0.00125,0.001,0.001,1.3,2026-06-23T13:39:11,0.001,1.3
ip_shuffle,20260623T133911_143628,of:000000000000000b:2 -> of:000000000000000c:2,0.001,0.00125,0.001,0.001,1.4,2026-06-23T13:39:11,0.001,1.4
ip_shuffle,20260623T133911_143628,of:0000000000000001:2 -> of:000000000000000c:1,0.001,0.00125,0.001,0.001,1.3,2026-06-23T13:39:11,0.001,1.3
ip_shuffle,20260623T133911_143628,of:0000000000000006:2 -> of:000000000000000a:2,0.001,0.00125,0.001,0.001,1.43,2026-06-23T13:39:11,0.001,1.43
ip_shuffle,20260623T133911_143628,of:0000000000000001:3 -> of:000000000000000d:1,0.002,0.0025,0.002,0.002,1.6,2026-06-23T13:39:11,0.002,1.6
ip_shuffle,20260623T133911_143628,of:0000000000000003:1 -> of:000000000000000b:5,0.001,0.00125,0.001,0.001,1.33,2026-06-23T13:39:11,0.001,1.36
ip_shuffle,20260623T133911_143628,of:0000000000000006:1 -> of:000000000000000d:4,0.002,0.0025,0.002,0.002,1.4,2026-06-23T13:39:11,0.002,1.43
ip_shuffle,20260623T133911_143628,of:0000000000000007:2 -> of:000000000000000a:3,0.001,0.00125,0.001,0.001,1.4,2026-06-23T13:39:11,0.001,1.4
ip_shuffle,20260623T133911_143628,of:0000000000000007:1 -> of:000000000000000d:5,0.002,0.0025,0.002,0.002,1.6,2026-06-23T13:39:11,0.002,1.6
ip_shuffle,20260623T133911_143628,of:0000000000000002:2 -> of:0000000000000008:2,0.001,0.00125,0.001,0.001,1.46,2026-06-23T13:39:11,0.001,1.43
ip_shuffle,20260623T133911_143628,of:0000000000000003:2 -> of:0000000000000008:3,0.001,0.00125,0.001,0.001,1.46,2026-06-23T13:39:11,0.001,1.43
ip_shuffle,20260623T133911_143628,of:0000000000000008:1 -> of:000000000000000b:6,0.001,0.00125,0.001,0.001,1.3,2026-06-23T13:39:11,0.001,1.3
ip_shuffle,20260623T133911_143628,of:0000000000000004:2 -> of:0000000000000009:2,0.001,0.00125,0.001,0.001,1.43,2026-06-23T13:39:11,0.001,1.43
ip_shuffle,20260623T133911_143628,of:0000000000000002:1 -> of:000000000000000b:4,0.001,0.00125,0.001,0.001,1.33,2026-06-23T13:39:11,0.001,1.36
ip_shuffle,20260623T133911_143628,of:0000000000000009:1 -> of:000000000000000c:6,0.001,0.00125,0.001,0.001,1.33,2026-06-23T13:39:11,0.001,1.33
ip_shuffle,20260623T134008_819374,of:0000000000000004:1 -> of:000000000000000c:4,0.002,0.0025,0.002,0.002,2.23,2026-06-23T13:40:08,0.002,2.1
ip_shuffle,20260623T134008_819374,of:0000000000000005:1 -> of:000000000000000c:5,0.002,0.0025,0.002,0.002,2.83,2026-06-23T13:40:08,0.002,2.7
ip_shuffle,20260623T134008_819374,of:000000000000000a:1 -> of:000000000000000d:6,0.002,0.0025,0.002,0.002,1.93,2026-06-23T13:40:08,0.002,1.96
ip_shuffle,20260623T134008_819374,of:000000000000000b:3 -> of:000000000000000d:2,0.002,0.0025,0.002,0.002,2.56,2026-06-23T13:40:08,0.002,2.56
ip_shuffle,20260623T134008_819374,of:000000000000000c:3 -> of:000000000000000d:3,0.002,0.0025,0.002,0.002,2.56,2026-06-23T13:40:08,0.002,2.56
ip_shuffle,20260623T134008_819374,of:0000000000000005:2 -> of:0000000000000009:3,0.002,0.0025,0.002,0.002,2.66,2026-06-23T13:40:08,0.002,2.66
ip_shuffle,20260623T134008_819374,of:0000000000000001:1 -> of:000000000000000b:1,0.002,0.0025,0.002,0.002,1.93,2026-06-23T13:40:08,0.002,2.03
ip_shuffle,20260623T134008_819374,of:000000000000000b:2 -> of:000000000000000c:2,0.002,0.0025,0.002,0.002,2.53,2026-06-23T13:40:08,0.002,2.53
ip_shuffle,20260623T134008_819374,of:0000000000000001:2 -> of:000000000000000c:1,0.002,0.0025,0.002,0.002,2.9,2026-06-23T13:40:08,0.002,3.0
ip_shuffle,20260623T134008_819374,of:0000000000000006:2 -> of:000000000000000a:2,0.002,0.0025,0.002,0.002,2.66,2026-06-23T13:40:08,0.002,2.66
ip_shuffle,20260623T134008_819374,of:0000000000000001:3 -> of:000000000000000d:1,0.003,0.00375,0.003,0.003,3.6,2026-06-23T13:40:08,0.003,3.53
ip_shuffle,20260623T134008_819374,of:0000000000000003:1 -> of:000000000000000b:5,0.002,0.0025,0.002,0.002,2.03,2026-06-23T13:40:08,0.002,1.93
ip_shuffle,20260623T134008_819374,of:0000000000000006:1 -> of:000000000000000d:4,0.003,0.00375,0.003,0.003,3.36,2026-06-23T13:40:08,0.003,3.26
ip_shuffle,20260623T134008_819374,of:0000000000000007:2 -> of:000000000000000a:3,0.002,0.0025,0.002,0.002,2.53,2026-06-23T13:40:08,0.002,2.53
ip_shuffle,20260623T134008_819374,of:0000000000000007:1 -> of:000000000000000d:5,0.002,0.0025,0.002,0.002,2.16,2026-06-23T13:40:08,0.002,2.1
ip_shuffle,20260623T134008_819374,of:0000000000000002:2 -> of:0000000000000008:2,0.002,0.0025,0.002,0.002,2.63,2026-06-23T13:40:08,0.002,2.63
ip_shuffle,20260623T134008_819374,of:0000000000000003:2 -> of:0000000000000008:3,0.002,0.0025,0.002,0.002,2.63,2026-06-23T13:40:08,0.002,2.63
ip_shuffle,20260623T134008_819374,of:0000000000000008:1 -> of:000000000000000b:6,0.002,0.0025,0.002,0.002,1.93,2026-06-23T13:40:08,0.002,1.93
ip_shuffle,20260623T134008_819374,of:0000000000000004:2 -> of:0000000000000009:2,0.002,0.0025,0.002,0.002,2.66,2026-06-23T13:40:08,0.002,2.66
ip_shuffle,20260623T134008_819374,of:0000000000000002:1 -> of:000000000000000b:4,0.002,0.0025,0.002,0.002,2.03,2026-06-23T13:40:08,0.002,1.93
ip_shuffle,20260623T134008_819374,of:0000000000000009:1 -> of:000000000000000c:6,0.002,0.0025,0.002,0.002,1.93,2026-06-23T13:40:08,0.002,1.93
ip_shuffle,20260623T134106_562607,of:0000000000000004:1 -> of:000000000000000c:4,0.001,0.00125,0.001,0.001,1.4,2026-06-23T13:41:06,0.001,1.3
ip_shuffle,20260623T134106_562607,of:0000000000000005:1 -> of:000000000000000c:5,0.001,0.00125,0.001,0.001,1.4,2026-06-23T13:41:06,0.001,1.3
ip_shuffle,20260623T134106_562607,of:000000000000000a:1 -> of:000000000000000d:6,0.001,0.00125,0.001,0.001,1.36,2026-06-23T13:41:06,0.001,1.36
ip_shuffle,20260623T134106_562607,of:000000000000000b:3 -> of:000000000000000d:2,0.001,0.00125,0.001,0.001,1.46,2026-06-23T13:41:06,0.001,1.46
ip_shuffle,20260623T134106_562607,of:000000000000000c:3 -> of:000000000000000d:3,0.001,0.00125,0.001,0.001,1.4,2026-06-23T13:41:06,0.001,1.4
ip_shuffle,20260623T134106_562607,of:0000000000000005:2 -> of:0000000000000009:3,0.002,0.0025,0.002,0.002,1.56,2026-06-23T13:41:06,0.002,1.56
ip_shuffle,20260623T134106_562607,of:0000000000000001:1 -> of:000000000000000b:1,0.003,0.00375,0.003,0.003,3.36,2026-06-23T13:41:06,0.003,3.29
ip_shuffle,20260623T134106_562607,of:000000000000000b:2 -> of:000000000000000c:2,0.001,0.00125,0.001,0.001,1.46,2026-06-23T13:41:06,0.001,1.46
ip_shuffle,20260623T134106_562607,of:0000000000000001:2 -> of:000000000000000c:1,0.001,0.00125,0.001,0.001,1.36,2026-06-23T13:41:06,0.001,1.46
ip_shuffle,20260623T134106_562607,of:0000000000000006:2 -> of:000000000000000a:2,0.002,0.0025,0.002,0.002,1.56,2026-06-23T13:41:06,0.002,1.56
ip_shuffle,20260623T134106_562607,of:0000000000000001:3 -> of:000000000000000d:1,0.001,0.00125,0.001,0.001,1.36,2026-06-23T13:41:06,0.001,1.46
ip_shuffle,20260623T134106_562607,of:0000000000000003:1 -> of:000000000000000b:5,0.002,0.0025,0.002,0.002,2.2,2026-06-23T13:41:06,0.002,2.26
ip_shuffle,20260623T134106_562607,of:0000000000000006:1 -> of:000000000000000d:4,0.001,0.00125,0.001,0.001,1.4,2026-06-23T13:41:06,0.001,1.3
ip_shuffle,20260623T134106_562607,of:0000000000000007:2 -> of:000000000000000a:3,0.002,0.0025,0.002,0.002,1.53,2026-06-23T13:41:06,0.002,1.53
ip_shuffle,20260623T134106_562607,of:0000000000000007:1 -> of:000000000000000d:5,0.001,0.00125,0.001,0.001,1.36,2026-06-23T13:41:06,0.001,1.36
ip_shuffle,20260623T134106_562607,of:0000000000000002:2 -> of:0000000000000008:2,0.002,0.0025,0.002,0.002,1.56,2026-06-23T13:41:06,0.002,1.56
ip_shuffle,20260623T134106_562607,of:0000000000000003:2 -> of:0000000000000008:3,0.002,0.0025,0.002,0.002,1.56,2026-06-23T13:41:06,0.002,1.56
ip_shuffle,20260623T134106_562607,of:0000000000000008:1 -> of:000000000000000b:6,0.002,0.0025,0.002,0.002,1.43,2026-06-23T13:41:06,0.002,1.43
ip_shuffle,20260623T134106_562607,of:0000000000000004:2 -> of:0000000000000009:2,0.002,0.0025,0.002,0.002,1.56,2026-06-23T13:41:06,0.002,1.56
ip_shuffle,20260623T134106_562607,of:0000000000000002:1 -> of:000000000000000b:4,0.002,0.0025,0.002,0.002,2.5,2026-06-23T13:41:06,0.002,2.4
ip_shuffle,20260623T134106_562607,of:0000000000000009:1 -> of:000000000000000c:6,0.001,0.00125,0.001,0.001,1.36,2026-06-23T13:41:06,0.001,1.36
ip_shuffle,20260623T134204_102280,of:0000000000000004:1 -> of:000000000000000c:4,0.002,0.0025,0.002,0.002,1.86,2026-06-23T13:42:04,0.002,2.0
ip_shuffle,20260623T134204_102280,of:0000000000000005:1 -> of:000000000000000c:5,0.002,0.0025,0.002,0.002,1.86,2026-06-23T13:42:04,0.002,2.0
ip_shuffle,20260623T134204_102280,of:000000000000000a:1 -> of:000000000000000d:6,0.002,0.0025,0.002,0.002,1.93,2026-06-23T13:42:04,0.002,1.9
ip_shuffle,20260623T134204_102280,of:000000000000000b:3 -> of:000000000000000d:2,0.002,0.0025,0.002,0.002,2.56,2026-06-23T13:42:04,0.002,2.56
ip_shuffle,20260623T134204_102280,of:000000000000000c:3 -> of:000000000000000d:3,0.002,0.0025,0.002,0.002,2.63,2026-06-23T13:42:04,0.002,2.63
ip_shuffle,20260623T134204_102280,of:0000000000000005:2 -> of:0000000000000009:3,0.002,0.0025,0.002,0.002,2.46,2026-06-23T13:42:04,0.002,2.46
ip_shuffle,20260623T134204_102280,of:0000000000000001:1 -> of:000000000000000b:1,0.002,0.0025,0.002,0.002,1.93,2026-06-23T13:42:04,0.002,1.83
ip_shuffle,20260623T134204_102280,of:000000000000000b:2 -> of:000000000000000c:2,0.002,0.0025,0.002,0.002,2.6,2026-06-23T13:42:04,0.002,2.6
ip_shuffle,20260623T134204_102280,of:0000000000000001:2 -> of:000000000000000c:1,0.002,0.0025,0.002,0.002,2.0,2026-06-23T13:42:04,0.002,1.9
ip_shuffle,20260623T134204_102280,of:0000000000000006:2 -> of:000000000000000a:2,0.002,0.0025,0.002,0.002,2.46,2026-06-23T13:42:04,0.002,2.46
ip_shuffle,20260623T134204_102280,of:0000000000000001:3 -> of:000000000000000d:1,0.003,0.00375,0.003,0.003,3.5,2026-06-23T13:42:04,0.003,3.6
ip_shuffle,20260623T134204_102280,of:0000000000000003:1 -> of:000000000000000b:5,0.002,0.0025,0.002,0.002,1.83,2026-06-23T13:42:04,0.002,1.93
ip_shuffle,20260623T134204_102280,of:0000000000000006:1 -> of:000000000000000d:4,0.002,0.0025,0.002,0.002,2.2,2026-06-23T13:42:04,0.002,2.06
ip_shuffle,20260623T134204_102280,of:0000000000000007:2 -> of:000000000000000a:3,0.002,0.0025,0.002,0.002,2.46,2026-06-23T13:42:04,0.002,2.46
ip_shuffle,20260623T134204_102280,of:0000000000000007:1 -> of:000000000000000d:5,0.003,0.00375,0.003,0.003,3.26,2026-06-23T13:42:04,0.003,3.36
ip_shuffle,20260623T134204_102280,of:0000000000000002:2 -> of:0000000000000008:2,0.002,0.0025,0.002,0.002,2.5,2026-06-23T13:42:04,0.002,2.5
ip_shuffle,20260623T134204_102280,of:0000000000000003:2 -> of:0000000000000008:3,0.002,0.0025,0.002,0.002,2.5,2026-06-23T13:42:04,0.002,2.5
ip_shuffle,20260623T134204_102280,of:0000000000000008:1 -> of:000000000000000b:6,0.002,0.0025,0.002,0.002,1.86,2026-06-23T13:42:04,0.002,1.86
ip_shuffle,20260623T134204_102280,of:0000000000000004:2 -> of:0000000000000009:2,0.002,0.0025,0.002,0.002,2.46,2026-06-23T13:42:04,0.002,2.46
ip_shuffle,20260623T134204_102280,of:0000000000000002:1 -> of:000000000000000b:4,0.002,0.0025,0.002,0.002,1.83,2026-06-23T13:42:04,0.002,1.93
ip_shuffle,20260623T134204_102280,of:0000000000000009:1 -> of:000000000000000c:6,0.002,0.0025,0.002,0.002,1.93,2026-06-23T13:42:04,0.002,1.93
route_mutation,20260623T134301_749610,of:0000000000000004:1 -> of:000000000000000c:4,0.002,0.0025,0.002,0.002,2.26,2026-06-23T13:43:01,0.002,2.23
route_mutation,20260623T134301_749610,of:0000000000000005:1 -> of:000000000000000c:5,0.002,0.0025,0.002,0.002,2.03,2026-06-23T13:43:01,0.002,2.03
route_mutation,20260623T134301_749610,of:000000000000000a:1 -> of:000000000000000d:6,0.002,0.0025,0.002,0.002,1.43,2026-06-23T13:43:01,0.002,1.43
route_mutation,20260623T134301_749610,of:000000000000000b:3 -> of:000000000000000d:2,0.002,0.0025,0.002,0.002,1.53,2026-06-23T13:43:01,0.002,1.53
route_mutation,20260623T134301_749610,of:000000000000000c:3 -> of:000000000000000d:3,0.002,0.0025,0.002,0.002,1.53,2026-06-23T13:43:01,0.002,1.53
route_mutation,20260623T134301_749610,of:0000000000000005:2 -> of:0000000000000009:3,0.002,0.0025,0.002,0.002,1.56,2026-06-23T13:43:01,0.002,1.56
route_mutation,20260623T134301_749610,of:0000000000000001:1 -> of:000000000000000b:1,0.003,0.00375,0.003,0.003,3.26,2026-06-23T13:43:01,0.003,3.23
route_mutation,20260623T134301_749610,of:000000000000000b:2 -> of:000000000000000c:2,0.002,0.0025,0.002,0.002,1.53,2026-06-23T13:43:01,0.002,1.53
route_mutation,20260623T134301_749610,of:0000000000000001:2 -> of:000000000000000c:1,0.003,0.00375,0.003,0.003,2.79,2026-06-23T13:43:01,0.003,2.76
route_mutation,20260623T134301_749610,of:0000000000000006:2 -> of:000000000000000a:2,0.001,0.00125,0.001,0.001,1.5,2026-06-23T13:43:01,0.001,1.5
route_mutation,20260623T134301_749610,of:0000000000000001:3 -> of:000000000000000d:1,0.002,0.0025,0.002,0.002,1.43,2026-06-23T13:43:01,0.002,1.43
route_mutation,20260623T134301_749610,of:0000000000000003:1 -> of:000000000000000b:5,0.002,0.0025,0.002,0.002,2.46,2026-06-23T13:43:01,0.002,2.46
route_mutation,20260623T134301_749610,of:0000000000000006:1 -> of:000000000000000d:4,0.001,0.00125,0.001,0.001,1.4,2026-06-23T13:43:01,0.001,1.4
route_mutation,20260623T134301_749610,of:0000000000000007:2 -> of:000000000000000a:3,0.001,0.00125,0.001,0.001,1.5,2026-06-23T13:43:01,0.001,1.5
route_mutation,20260623T134301_749610,of:0000000000000007:1 -> of:000000000000000d:5,0.001,0.00125,0.001,0.001,1.4,2026-06-23T13:43:01,0.001,1.36
route_mutation,20260623T134301_749610,of:0000000000000002:2 -> of:0000000000000008:2,0.002,0.0025,0.002,0.002,1.53,2026-06-23T13:43:01,0.002,1.53
route_mutation,20260623T134301_749610,of:0000000000000003:2 -> of:0000000000000008:3,0.002,0.0025,0.002,0.002,1.53,2026-06-23T13:43:01,0.002,1.53
route_mutation,20260623T134301_749610,of:0000000000000008:1 -> of:000000000000000b:6,0.002,0.0025,0.002,0.002,1.43,2026-06-23T13:43:01,0.002,1.43
route_mutation,20260623T134301_749610,of:0000000000000004:2 -> of:0000000000000009:2,0.002,0.0025,0.002,0.002,1.56,2026-06-23T13:43:01,0.002,1.56
route_mutation,20260623T134301_749610,of:0000000000000002:1 -> of:000000000000000b:4,0.002,0.0025,0.002,0.002,2.2,2026-06-23T13:43:01,0.002,2.2
route_mutation,20260623T134301_749610,of:0000000000000009:1 -> of:000000000000000c:6,0.002,0.0025,0.002,0.002,1.43,2026-06-23T13:43:01,0.002,1.43
ip_shuffle,20260623T134332_057752,of:0000000000000004:1 -> of:000000000000000c:4,0.002,0.0025,0.002,0.002,2.19,2026-06-23T13:43:32,0.002,2.13
ip_shuffle,20260623T134332_057752,of:0000000000000005:1 -> of:000000000000000c:5,0.002,0.0025,0.002,0.002,2.42,2026-06-23T13:43:32,0.002,2.32
ip_shuffle,20260623T134332_057752,of:000000000000000a:1 -> of:000000000000000d:6,0.002,0.0025,0.002,0.002,2.06,2026-06-23T13:43:32,0.002,2.06
ip_shuffle,20260623T134332_057752,of:000000000000000b:3 -> of:000000000000000d:2,0.002,0.0025,0.002,0.002,2.92,2026-06-23T13:43:32,0.002,2.92
ip_shuffle,20260623T134332_057752,of:000000000000000c:3 -> of:000000000000000d:3,0.002,0.0025,0.002,0.002,2.92,2026-06-23T13:43:32,0.002,2.92
ip_shuffle,20260623T134332_057752,of:0000000000000005:2 -> of:0000000000000009:3,0.002,0.0025,0.002,0.002,2.92,2026-06-23T13:43:32,0.002,2.92
ip_shuffle,20260623T134332_057752,of:0000000000000001:1 -> of:000000000000000b:1,0.002,0.0025,0.002,0.002,2.13,2026-06-23T13:43:32,0.002,2.19
ip_shuffle,20260623T134332_057752,of:000000000000000b:2 -> of:000000000000000c:2,0.002,0.0025,0.002,0.002,2.92,2026-06-23T13:43:32,0.002,2.92
ip_shuffle,20260623T134332_057752,of:0000000000000001:2 -> of:000000000000000c:1,0.002,0.0025,0.002,0.002,2.36,2026-06-23T13:43:32,0.002,2.46
ip_shuffle,20260623T134332_057752,of:0000000000000006:2 -> of:000000000000000a:2,0.002,0.0025,0.002,0.002,2.92,2026-06-23T13:43:32,0.002,2.92
ip_shuffle,20260623T134332_057752,of:0000000000000001:3 -> of:000000000000000d:1,0.003,0.00375,0.003,0.003,4.25,2026-06-23T13:43:32,0.003,4.22
ip_shuffle,20260623T134332_057752,of:0000000000000003:1 -> of:000000000000000b:5,0.002,0.0025,0.002,0.002,2.19,2026-06-23T13:43:32,0.002,2.13
ip_shuffle,20260623T134332_057752,of:0000000000000006:1 -> of:000000000000000d:4,0.003,0.00375,0.003,0.003,3.49,2026-06-23T13:43:32,0.003,3.39
ip_shuffle,20260623T134332_057752,of:0000000000000007:2 -> of:000000000000000a:3,0.002,0.0025,0.002,0.002,2.92,2026-06-23T13:43:32,0.002,2.92
ip_shuffle,20260623T134332_057752,of:0000000000000007:1 -> of:000000000000000d:5,0.002,0.0025,0.002,0.002,2.92,2026-06-23T13:43:32,0.002,3.02
ip_shuffle,20260623T134332_057752,of:0000000000000002:2 -> of:0000000000000008:2,0.002,0.0025,0.002,0.002,3.16,2026-06-23T13:43:32,0.002,3.16
ip_shuffle,20260623T134332_057752,of:0000000000000003:2 -> of:0000000000000008:3,0.002,0.0025,0.002,0.002,3.16,2026-06-23T13:43:32,0.002,3.16
ip_shuffle,20260623T134332_057752,of:0000000000000008:1 -> of:000000000000000b:6,0.002,0.0025,0.002,0.002,2.29,2026-06-23T13:43:32,0.002,2.19
ip_shuffle,20260623T134332_057752,of:0000000000000004:2 -> of:0000000000000009:2,0.002,0.0025,0.002,0.002,2.92,2026-06-23T13:43:32,0.002,2.92
ip_shuffle,20260623T134332_057752,of:0000000000000002:1 -> of:000000000000000b:4,0.002,0.0025,0.002,0.002,2.19,2026-06-23T13:43:32,0.002,2.13
ip_shuffle,20260623T134332_057752,of:0000000000000009:1 -> of:000000000000000c:6,0.002,0.0025,0.002,0.002,2.06,2026-06-23T13:43:32,0.002,2.06
ip_shuffle,20260623T134429_762035,of:0000000000000004:1 -> of:000000000000000c:4,0.002,0.0025,0.002,0.002,2.06,2026-06-23T13:44:29,0.002,2.06
ip_shuffle,20260623T134429_762035,of:0000000000000005:1 -> of:000000000000000c:5,0.002,0.0025,0.002,0.002,1.53,2026-06-23T13:44:29,0.002,1.53
ip_shuffle,20260623T134429_762035,of:000000000000000a:1 -> of:000000000000000d:6,0.002,0.0025,0.002,0.002,1.53,2026-06-23T13:44:29,0.002,1.53
ip_shuffle,20260623T134429_762035,of:000000000000000b:3 -> of:000000000000000d:2,0.002,0.0025,0.002,0.002,1.73,2026-06-23T13:44:29,0.002,1.73
ip_shuffle,20260623T134429_762035,of:000000000000000c:3 -> of:000000000000000d:3,0.002,0.0025,0.002,0.002,1.73,2026-06-23T13:44:29,0.002,1.73
ip_shuffle,20260623T134429_762035,of:0000000000000005:2 -> of:0000000000000009:3,0.002,0.0025,0.002,0.002,1.73,2026-06-23T13:44:29,0.002,1.73
ip_shuffle,20260623T134429_762035,of:0000000000000001:1 -> of:000000000000000b:1,0.003,0.00375,0.003,0.003,3.56,2026-06-23T13:44:29,0.003,3.56
ip_shuffle,20260623T134429_762035,of:000000000000000b:2 -> of:000000000000000c:2,0.002,0.0025,0.002,0.002,1.73,2026-06-23T13:44:29,0.002,1.73
ip_shuffle,20260623T134429_762035,of:0000000000000001:2 -> of:000000000000000c:1,0.002,0.0025,0.002,0.002,2.0,2026-06-23T13:44:29,0.002,2.0
ip_shuffle,20260623T134429_762035,of:0000000000000006:2 -> of:000000000000000a:2,0.002,0.0025,0.002,0.002,1.67,2026-06-23T13:44:29,0.002,1.67
ip_shuffle,20260623T134429_762035,of:0000000000000001:3 -> of:000000000000000d:1,0.002,0.0025,0.002,0.002,1.53,2026-06-23T13:44:29,0.002,1.53
ip_shuffle,20260623T134429_762035,of:0000000000000003:1 -> of:000000000000000b:5,0.002,0.0025,0.002,0.002,2.53,2026-06-23T13:44:29,0.002,2.53
ip_shuffle,20260623T134429_762035,of:0000000000000006:1 -> of:000000000000000d:4,0.001,0.00125,0.001,0.001,1.47,2026-06-23T13:44:29,0.001,1.47
ip_shuffle,20260623T134429_762035,of:0000000000000007:2 -> of:000000000000000a:3,0.002,0.0025,0.002,0.002,1.67,2026-06-23T13:44:29,0.002,1.67
ip_shuffle,20260623T134429_762035,of:0000000000000007:1 -> of:000000000000000d:5,0.001,0.00125,0.001,0.001,1.47,2026-06-23T13:44:29,0.001,1.47
ip_shuffle,20260623T134429_762035,of:0000000000000002:2 -> of:0000000000000008:2,0.002,0.0025,0.002,0.002,1.67,2026-06-23T13:44:29,0.002,1.67
ip_shuffle,20260623T134429_762035,of:0000000000000003:2 -> of:0000000000000008:3,0.002,0.0025,0.002,0.002,1.67,2026-06-23T13:44:29,0.002,1.67
ip_shuffle,20260623T134429_762035,of:0000000000000008:1 -> of:000000000000000b:6,0.001,0.00125,0.001,0.001,1.47,2026-06-23T13:44:29,0.001,1.47
ip_shuffle,20260623T134429_762035,of:0000000000000004:2 -> of:0000000000000009:2,0.002,0.0025,0.002,0.002,1.73,2026-06-23T13:44:29,0.002,1.73
ip_shuffle,20260623T134429_762035,of:0000000000000002:1 -> of:000000000000000b:4,0.002,0.0025,0.002,0.002,2.56,2026-06-23T13:44:29,0.002,2.56
ip_shuffle,20260623T134429_762035,of:0000000000000009:1 -> of:000000000000000c:6,0.002,0.0025,0.002,0.002,1.53,2026-06-23T13:44:29,0.002,1.53
route_mutation,20260623T134533_873624,of:0000000000000004:1 -> of:000000000000000c:4,0.002,0.0025,0.002,0.001,1.6,2026-06-23T13:45:33,0.002,1.73
route_mutation,20260623T134533_873624,of:0000000000000005:1 -> of:000000000000000c:5,0.002,0.0025,0.002,0.001,1.6,2026-06-23T13:45:33,0.002,1.73
route_mutation,20260623T134533_873624,of:000000000000000a:1 -> of:000000000000000d:6,0.002,0.0025,0.002,0.002,1.73,2026-06-23T13:45:33,0.002,1.7
route_mutation,20260623T134533_873624,of:000000000000000b:3 -> of:000000000000000d:2,0.002,0.0025,0.002,0.002,2.23,2026-06-23T13:45:33,0.002,2.23
route_mutation,20260623T134533_873624,of:000000000000000c:3 -> of:000000000000000d:3,0.002,0.0025,0.002,0.002,2.23,2026-06-23T13:45:33,0.002,2.23
route_mutation,20260623T134533_873624,of:0000000000000005:2 -> of:0000000000000009:3,0.002,0.0025,0.002,0.002,2.06,2026-06-23T13:45:33,0.002,2.06
route_mutation,20260623T134533_873624,of:0000000000000001:1 -> of:000000000000000b:1,0.002,0.0025,0.002,0.002,1.73,2026-06-23T13:45:33,0.001,1.63
route_mutation,20260623T134533_873624,of:000000000000000b:2 -> of:000000000000000c:2,0.002,0.0025,0.002,0.002,2.26,2026-06-23T13:45:33,0.002,2.26
route_mutation,20260623T134533_873624,of:0000000000000001:2 -> of:000000000000000c:1,0.002,0.0025,0.002,0.002,1.73,2026-06-23T13:45:33,0.001,1.63
route_mutation,20260623T134533_873624,of:0000000000000006:2 -> of:000000000000000a:2,0.002,0.0025,0.002,0.002,2.2,2026-06-23T13:45:33,0.002,2.2
route_mutation,20260623T134533_873624,of:0000000000000001:3 -> of:000000000000000d:1,0.002,0.0025,0.002,0.002,2.83,2026-06-23T13:45:33,0.002,2.93
route_mutation,20260623T134533_873624,of:0000000000000003:1 -> of:000000000000000b:5,0.002,0.0025,0.002,0.001,1.63,2026-06-23T13:45:33,0.002,1.73
route_mutation,20260623T134533_873624,of:0000000000000006:1 -> of:000000000000000d:4,0.002,0.0025,0.002,0.002,1.7,2026-06-23T13:45:33,0.002,1.8
route_mutation,20260623T134533_873624,of:0000000000000007:2 -> of:000000000000000a:3,0.002,0.0025,0.002,0.002,2.2,2026-06-23T13:45:33,0.002,2.2
route_mutation,20260623T134533_873624,of:0000000000000007:1 -> of:000000000000000d:5,0.003,0.00375,0.003,0.003,2.96,2026-06-23T13:45:33,0.002,2.83
route_mutation,20260623T134533_873624,of:0000000000000002:2 -> of:0000000000000008:2,0.002,0.0025,0.002,0.002,2.1,2026-06-23T13:45:33,0.002,2.1
route_mutation,20260623T134533_873624,of:0000000000000003:2 -> of:0000000000000008:3,0.002,0.0025,0.002,0.002,2.1,2026-06-23T13:45:33,0.002,2.1
route_mutation,20260623T134533_873624,of:0000000000000008:1 -> of:000000000000000b:6,0.002,0.0025,0.002,0.002,1.66,2026-06-23T13:45:33,0.002,1.8
route_mutation,20260623T134533_873624,of:0000000000000004:2 -> of:0000000000000009:2,0.002,0.0025,0.002,0.002,2.06,2026-06-23T13:45:33,0.002,2.06
route_mutation,20260623T134533_873624,of:0000000000000002:1 -> of:000000000000000b:4,0.002,0.0025,0.002,0.001,1.63,2026-06-23T13:45:33,0.002,1.73
route_mutation,20260623T134533_873624,of:0000000000000009:1 -> of:000000000000000c:6,0.002,0.0025,0.002,0.002,1.66,2026-06-23T13:45:33,0.002,1.8
route_mutation,20260623T134604_194943,of:0000000000000004:1 -> of:000000000000000c:4,0.002,0.0025,0.002,0.002,1.43,2026-06-23T13:46:04,0.002,1.43
route_mutation,20260623T134604_194943,of:0000000000000005:1 -> of:000000000000000c:5,0.002,0.0025,0.002,0.002,1.43,2026-06-23T13:46:04,0.002,1.43
route_mutation,20260623T134604_194943,of:000000000000000a:1 -> of:000000000000000d:6,0.002,0.0025,0.002,0.002,1.43,2026-06-23T13:46:04,0.002,1.43
route_mutation,20260623T134604_194943,of:000000000000000b:3 -> of:000000000000000d:2,0.002,0.0025,0.002,0.002,1.53,2026-06-23T13:46:04,0.002,1.53
route_mutation,20260623T134604_194943,of:000000000000000c:3 -> of:000000000000000d:3,0.002,0.0025,0.002,0.002,1.53,2026-06-23T13:46:04,0.002,1.53
route_mutation,20260623T134604_194943,of:0000000000000005:2 -> of:0000000000000009:3,0.001,0.00125,0.001,0.001,1.47,2026-06-23T13:46:04,0.001,1.47
route_mutation,20260623T134604_194943,of:0000000000000001:1 -> of:000000000000000b:1,0.003,0.00375,0.003,0.003,2.86,2026-06-23T13:46:04,0.003,2.86
route_mutation,20260623T134604_194943,of:000000000000000b:2 -> of:000000000000000c:2,0.002,0.0025,0.002,0.002,1.53,2026-06-23T13:46:04,0.002,1.53
route_mutation,20260623T134604_194943,of:0000000000000001:2 -> of:000000000000000c:1,0.002,0.0025,0.002,0.002,1.43,2026-06-23T13:46:04,0.002,1.43
route_mutation,20260623T134604_194943,of:0000000000000006:2 -> of:000000000000000a:2,0.001,0.00125,0.001,0.001,1.47,2026-06-23T13:46:04,0.001,1.47
route_mutation,20260623T134604_194943,of:0000000000000001:3 -> of:000000000000000d:1,0.002,0.0025,0.002,0.002,1.43,2026-06-23T13:46:04,0.002,1.43
route_mutation,20260623T134604_194943,of:0000000000000003:1 -> of:000000000000000b:5,0.002,0.0025,0.002,0.002,1.83,2026-06-23T13:46:04,0.002,1.83
route_mutation,20260623T134604_194943,of:0000000000000006:1 -> of:000000000000000d:4,0.001,0.00125,0.001,0.001,1.37,2026-06-23T13:46:04,0.001,1.37
route_mutation,20260623T134604_194943,of:0000000000000007:2 -> of:000000000000000a:3,0.001,0.00125,0.001,0.001,1.47,2026-06-23T13:46:04,0.001,1.47
route_mutation,20260623T134604_194943,of:0000000000000007:1 -> of:000000000000000d:5,0.001,0.00125,0.001,0.001,1.37,2026-06-23T13:46:04,0.001,1.37
route_mutation,20260623T134604_194943,of:0000000000000002:2 -> of:0000000000000008:2,0.001,0.00125,0.001,0.001,1.47,2026-06-23T13:46:04,0.001,1.47
route_mutation,20260623T134604_194943,of:0000000000000003:2 -> of:0000000000000008:3,0.001,0.00125,0.001,0.001,1.47,2026-06-23T13:46:04,0.001,1.47
route_mutation,20260623T134604_194943,of:0000000000000008:1 -> of:000000000000000b:6,0.001,0.00125,0.001,0.001,1.37,2026-06-23T13:46:04,0.001,1.37
route_mutation,20260623T134604_194943,of:0000000000000004:2 -> of:0000000000000009:2,0.001,0.00125,0.001,0.001,1.47,2026-06-23T13:46:04,0.001,1.47
route_mutation,20260623T134604_194943,of:0000000000000002:1 -> of:000000000000000b:4,0.002,0.0025,0.002,0.002,2.46,2026-06-23T13:46:04,0.002,2.46
route_mutation,20260623T134604_194943,of:0000000000000009:1 -> of:000000000000000c:6,0.001,0.00125,0.001,0.001,1.37,2026-06-23T13:46:04,0.001,1.37
ip_shuffle,20260623T134634_475432,of:0000000000000004:1 -> of:000000000000000c:4,0.002,0.0025,0.002,0.002,2.6,2026-06-23T13:46:34,0.002,2.5
ip_shuffle,20260623T134634_475432,of:0000000000000005:1 -> of:000000000000000c:5,0.002,0.0025,0.002,0.002,2.6,2026-06-23T13:46:34,0.002,2.5
ip_shuffle,20260623T134634_475432,of:000000000000000a:1 -> of:000000000000000d:6,0.002,0.0025,0.002,0.002,1.9,2026-06-23T13:46:34,0.002,1.8
ip_shuffle,20260623T134634_475432,of:000000000000000b:3 -> of:000000000000000d:2,0.002,0.0025,0.002,0.002,2.1,2026-06-23T13:46:34,0.002,2.1
ip_shuffle,20260623T134634_475432,of:000000000000000c:3 -> of:000000000000000d:3,0.002,0.0025,0.002,0.002,2.1,2026-06-23T13:46:34,0.002,2.1
ip_shuffle,20260623T134634_475432,of:0000000000000005:2 -> of:0000000000000009:3,0.002,0.0025,0.002,0.002,2.3,2026-06-23T13:46:34,0.002,2.3
ip_shuffle,20260623T134634_475432,of:0000000000000001:1 -> of:000000000000000b:1,0.002,0.0025,0.002,0.002,2.33,2026-06-23T13:46:34,0.002,2.4
ip_shuffle,20260623T134634_475432,of:000000000000000b:2 -> of:000000000000000c:2,0.002,0.0025,0.002,0.002,2.06,2026-06-23T13:46:34,0.002,2.06
ip_shuffle,20260623T134634_475432,of:0000000000000001:2 -> of:000000000000000c:1,0.003,0.00375,0.003,0.003,3.3,2026-06-23T13:46:34,0.003,3.36
ip_shuffle,20260623T134634_475432,of:0000000000000006:2 -> of:000000000000000a:2,0.002,0.0025,0.002,0.002,2.36,2026-06-23T13:46:34,0.002,2.36
ip_shuffle,20260623T134634_475432,of:0000000000000001:3 -> of:000000000000000d:1,0.002,0.0025,0.002,0.002,2.43,2026-06-23T13:46:34,0.002,2.36
ip_shuffle,20260623T134634_475432,of:0000000000000003:1 -> of:000000000000000b:5,0.002,0.0025,0.002,0.002,2.4,2026-06-23T13:46:34,0.002,2.33
ip_shuffle,20260623T134634_475432,of:0000000000000006:1 -> of:000000000000000d:4,0.002,0.0025,0.002,0.002,2.4,2026-06-23T13:46:34,0.002,2.5
ip_shuffle,20260623T134634_475432,of:0000000000000007:2 -> of:000000000000000a:3,0.002,0.0025,0.002,0.002,2.36,2026-06-23T13:46:34,0.002,2.36
ip_shuffle,20260623T134634_475432,of:0000000000000007:1 -> of:000000000000000d:5,0.002,0.0025,0.002,0.002,1.8,2026-06-23T13:46:34,0.002,1.73
ip_shuffle,20260623T134634_475432,of:0000000000000002:2 -> of:0000000000000008:2,0.002,0.0025,0.002,0.002,2.23,2026-06-23T13:46:34,0.002,2.23
ip_shuffle,20260623T134634_475432,of:0000000000000003:2 -> of:0000000000000008:3,0.002,0.0025,0.002,0.002,2.23,2026-06-23T13:46:34,0.002,2.23
ip_shuffle,20260623T134634_475432,of:0000000000000008:1 -> of:000000000000000b:6,0.002,0.0025,0.002,0.002,1.8,2026-06-23T13:46:34,0.002,1.7
ip_shuffle,20260623T134634_475432,of:0000000000000004:2 -> of:0000000000000009:2,0.002,0.0025,0.002,0.002,2.3,2026-06-23T13:46:34,0.002,2.3
ip_shuffle,20260623T134634_475432,of:0000000000000002:1 -> of:000000000000000b:4,0.002,0.0025,0.002,0.002,1.76,2026-06-23T13:46:34,0.002,1.7
ip_shuffle,20260623T134634_475432,of:0000000000000009:1 -> of:000000000000000c:6,0.002,0.0025,0.002,0.002,1.83,2026-06-23T13:46:34,0.002,1.7
ip_shuffle,20260623T134738_583407,of:0000000000000004:1 -> of:000000000000000c:4,0.002,0.0025,0.002,0.002,1.4,2026-06-23T13:47:38,0.002,1.53
ip_shuffle,20260623T134738_583407,of:0000000000000005:1 -> of:000000000000000c:5,0.002,0.0025,0.002,0.001,1.36,2026-06-23T13:47:38,0.002,1.5
ip_shuffle,20260623T134738_583407,of:000000000000000a:1 -> of:000000000000000d:6,0.001,0.00125,0.001,0.001,1.26,2026-06-23T13:47:38,0.001,1.43
ip_shuffle,20260623T134738_583407,of:000000000000000b:3 -> of:000000000000000d:2,0.002,0.0025,0.002,0.002,1.66,2026-06-23T13:47:38,0.002,1.66
ip_shuffle,20260623T134738_583407,of:000000000000000c:3 -> of:000000000000000d:3,0.002,0.0025,0.002,0.002,1.7,2026-06-23T13:47:38,0.002,1.7
ip_shuffle,20260623T134738_583407,of:0000000000000005:2 -> of:0000000000000009:3,0.001,0.00125,0.001,0.001,1.33,2026-06-23T13:47:38,0.001,1.33
ip_shuffle,20260623T134738_583407,of:0000000000000001:1 -> of:000000000000000b:1,0.002,0.0025,0.002,0.002,1.5,2026-06-23T13:47:38,0.002,1.4
ip_shuffle,20260623T134738_583407,of:000000000000000b:2 -> of:000000000000000c:2,0.002,0.0025,0.002,0.002,1.66,2026-06-23T13:47:38,0.002,1.66
ip_shuffle,20260623T134738_583407,of:0000000000000001:2 -> of:000000000000000c:1,0.002,0.0025,0.002,0.002,1.5,2026-06-23T13:47:38,0.002,1.4
ip_shuffle,20260623T134738_583407,of:0000000000000006:2 -> of:000000000000000a:2,0.001,0.00125,0.001,0.001,1.26,2026-06-23T13:47:38,0.001,1.26
ip_shuffle,20260623T134738_583407,of:0000000000000001:3 -> of:000000000000000d:1,0.002,0.0025,0.002,0.002,1.73,2026-06-23T13:47:38,0.002,1.9
ip_shuffle,20260623T134738_583407,of:0000000000000003:1 -> of:000000000000000b:5,0.002,0.0025,0.002,0.002,1.4,2026-06-23T13:47:38,0.002,1.5
ip_shuffle,20260623T134738_583407,of:0000000000000006:1 -> of:000000000000000d:4,0.001,0.00125,0.001,0.001,1.3,2026-06-23T13:47:38,0.001,1.43
ip_shuffle,20260623T134738_583407,of:0000000000000007:2 -> of:000000000000000a:3,0.001,0.00125,0.001,0.001,1.23,2026-06-23T13:47:38,0.001,1.26
ip_shuffle,20260623T134738_583407,of:0000000000000007:1 -> of:000000000000000d:5,0.002,0.0025,0.002,0.002,1.8,2026-06-23T13:47:38,0.002,1.6
ip_shuffle,20260623T134738_583407,of:0000000000000002:2 -> of:0000000000000008:2,0.001,0.00125,0.001,0.001,1.36,2026-06-23T13:47:38,0.001,1.36
ip_shuffle,20260623T134738_583407,of:0000000000000003:2 -> of:0000000000000008:3,0.001,0.00125,0.001,0.001,1.4,2026-06-23T13:47:38,0.001,1.4
ip_shuffle,20260623T134738_583407,of:0000000000000008:1 -> of:000000000000000b:6,0.001,0.00125,0.001,0.001,1.3,2026-06-23T13:47:38,0.001,1.43
ip_shuffle,20260623T134738_583407,of:0000000000000004:2 -> of:0000000000000009:2,0.001,0.00125,0.001,0.001,1.33,2026-06-23T13:47:38,0.001,1.33
ip_shuffle,20260623T134738_583407,of:0000000000000002:1 -> of:000000000000000b:4,0.002,0.0025,0.002,0.002,1.4,2026-06-23T13:47:38,0.002,1.5
ip_shuffle,20260623T134738_583407,of:0000000000000009:1 -> of:000000000000000c:6,0.001,0.00125,0.001,0.001,1.3,2026-06-23T13:47:38,0.001,1.43
ip_shuffle,20260623T134836_237276,of:0000000000000004:1 -> of:000000000000000c:4,0.002,0.0025,0.002,0.002,2.13,2026-06-23T13:48:36,0.002,1.96
ip_shuffle,20260623T134836_237276,of:0000000000000005:1 -> of:000000000000000c:5,0.002,0.0025,0.002,0.002,2.66,2026-06-23T13:48:36,0.002,2.53
ip_shuffle,20260623T134836_237276,of:000000000000000a:1 -> of:000000000000000d:6,0.002,0.0025,0.002,0.002,2.06,2026-06-23T13:48:36,0.002,1.93
ip_shuffle,20260623T134836_237276,of:000000000000000b:3 -> of:000000000000000d:2,0.002,0.0025,0.002,0.002,2.8,2026-06-23T13:48:36,0.002,2.8
ip_shuffle,20260623T134836_237276,of:000000000000000c:3 -> of:000000000000000d:3,0.002,0.0025,0.002,0.002,2.5,2026-06-23T13:48:36,0.002,2.5
ip_shuffle,20260623T134836_237276,of:0000000000000005:2 -> of:0000000000000009:3,0.002,0.0025,0.002,0.002,2.8,2026-06-23T13:48:36,0.002,2.8
ip_shuffle,20260623T134836_237276,of:0000000000000001:1 -> of:000000000000000b:1,0.002,0.0025,0.002,0.002,2.13,2026-06-23T13:48:36,0.002,2.06
ip_shuffle,20260623T134836_237276,of:000000000000000b:2 -> of:000000000000000c:2,0.002,0.0025,0.002,0.002,2.76,2026-06-23T13:48:36,0.002,2.76
ip_shuffle,20260623T134836_237276,of:0000000000000001:2 -> of:000000000000000c:1,0.002,0.0025,0.002,0.002,2.73,2026-06-23T13:48:36,0.002,2.86
ip_shuffle,20260623T134836_237276,of:0000000000000006:2 -> of:000000000000000a:2,0.002,0.0025,0.002,0.002,2.9,2026-06-23T13:48:36,0.002,2.9
ip_shuffle,20260623T134836_237276,of:0000000000000001:3 -> of:000000000000000d:1,0.003,0.00375,0.003,0.003,3.6,2026-06-23T13:48:36,0.003,3.5
ip_shuffle,20260623T134836_237276,of:0000000000000003:1 -> of:000000000000000b:5,0.002,0.0025,0.002,0.002,2.06,2026-06-23T13:48:36,0.002,2.13
ip_shuffle,20260623T134836_237276,of:0000000000000006:1 -> of:000000000000000d:4,0.003,0.00375,0.003,0.003,3.33,2026-06-23T13:48:36,0.003,3.23
ip_shuffle,20260623T134836_237276,of:0000000000000007:2 -> of:000000000000000a:3,0.002,0.0025,0.002,0.002,2.9,2026-06-23T13:48:36,0.002,2.9
ip_shuffle,20260623T134836_237276,of:0000000000000007:1 -> of:000000000000000d:5,0.002,0.0025,0.002,0.002,2.3,2026-06-23T13:48:36,0.002,2.43
ip_shuffle,20260623T134836_237276,of:0000000000000002:2 -> of:0000000000000008:2,0.002,0.0025,0.002,0.002,2.76,2026-06-23T13:48:36,0.002,2.76
ip_shuffle,20260623T134836_237276,of:0000000000000003:2 -> of:0000000000000008:3,0.002,0.0025,0.002,0.002,2.76,2026-06-23T13:48:36,0.002,2.76
ip_shuffle,20260623T134836_237276,of:0000000000000008:1 -> of:000000000000000b:6,0.002,0.0025,0.002,0.002,2.16,2026-06-23T13:48:36,0.002,2.2
ip_shuffle,20260623T134836_237276,of:0000000000000004:2 -> of:0000000000000009:2,0.002,0.0025,0.002,0.002,2.8,2026-06-23T13:48:36,0.002,2.8
ip_shuffle,20260623T134836_237276,of:0000000000000002:1 -> of:000000000000000b:4,0.002,0.0025,0.002,0.002,2.06,2026-06-23T13:48:36,0.002,2.13
ip_shuffle,20260623T134836_237276,of:0000000000000009:1 -> of:000000000000000c:6,0.002,0.0025,0.002,0.002,2.03,2026-06-23T13:48:36,0.002,1.9
ip_shuffle,20260623T134934_005256,of:0000000000000004:1 -> of:000000000000000c:4,0.002,0.0025,0.002,0.002,1.5,2026-06-23T13:49:34,0.002,1.43
ip_shuffle,20260623T134934_005256,of:0000000000000005:1 -> of:000000000000000c:5,0.002,0.0025,0.002,0.002,1.5,2026-06-23T13:49:34,0.002,1.43
ip_shuffle,20260623T134934_005256,of:000000000000000a:1 -> of:000000000000000d:6,0.002,0.0025,0.002,0.002,1.53,2026-06-23T13:49:34,0.002,1.43
ip_shuffle,20260623T134934_005256,of:000000000000000b:3 -> of:000000000000000d:2,0.002,0.0025,0.002,0.002,1.56,2026-06-23T13:49:34,0.002,1.56
ip_shuffle,20260623T134934_005256,of:000000000000000c:3 -> of:000000000000000d:3,0.002,0.0025,0.002,0.002,1.53,2026-06-23T13:49:34,0.002,1.53
ip_shuffle,20260623T134934_005256,of:0000000000000005:2 -> of:0000000000000009:3,0.002,0.0025,0.002,0.002,1.7,2026-06-23T13:49:34,0.002,1.7
ip_shuffle,20260623T134934_005256,of:0000000000000001:1 -> of:000000000000000b:1,0.003,0.00375,0.003,0.003,3.3,2026-06-23T13:49:34,0.003,3.36
ip_shuffle,20260623T134934_005256,of:000000000000000b:2 -> of:000000000000000c:2,0.002,0.0025,0.002,0.002,1.56,2026-06-23T13:49:34,0.002,1.56
ip_shuffle,20260623T134934_005256,of:0000000000000001:2 -> of:000000000000000c:1,0.002,0.0025,0.002,0.002,1.43,2026-06-23T13:49:34,0.002,1.46
ip_shuffle,20260623T134934_005256,of:0000000000000006:2 -> of:000000000000000a:2,0.002,0.0025,0.002,0.002,1.63,2026-06-23T13:49:34,0.002,1.7
ip_shuffle,20260623T134934_005256,of:0000000000000001:3 -> of:000000000000000d:1,0.002,0.0025,0.002,0.002,1.43,2026-06-23T13:49:34,0.002,1.46
ip_shuffle,20260623T134934_005256,of:0000000000000003:1 -> of:000000000000000b:5,0.002,0.0025,0.002,0.002,2.36,2026-06-23T13:49:34,0.002,2.33
ip_shuffle,20260623T134934_005256,of:0000000000000006:1 -> of:000000000000000d:4,0.002,0.0025,0.002,0.002,1.5,2026-06-23T13:49:34,0.002,1.43
ip_shuffle,20260623T134934_005256,of:0000000000000007:2 -> of:000000000000000a:3,0.002,0.0025,0.002,0.002,1.7,2026-06-23T13:49:34,0.002,1.7
ip_shuffle,20260623T134934_005256,of:0000000000000007:1 -> of:000000000000000d:5,0.002,0.0025,0.002,0.002,1.5,2026-06-23T13:49:34,0.002,1.43
ip_shuffle,20260623T134934_005256,of:0000000000000002:2 -> of:0000000000000008:2,0.002,0.0025,0.002,0.002,1.7,2026-06-23T13:49:34,0.002,1.7
ip_shuffle,20260623T134934_005256,of:0000000000000003:2 -> of:0000000000000008:3,0.002,0.0025,0.002,0.002,1.7,2026-06-23T13:49:34,0.002,1.7
ip_shuffle,20260623T134934_005256,of:0000000000000008:1 -> of:000000000000000b:6,0.001,0.00125,0.001,0.001,1.46,2026-06-23T13:49:34,0.001,1.46
ip_shuffle,20260623T134934_005256,of:0000000000000004:2 -> of:0000000000000009:2,0.002,0.0025,0.002,0.002,1.7,2026-06-23T13:49:34,0.002,1.7
ip_shuffle,20260623T134934_005256,of:0000000000000002:1 -> of:000000000000000b:4,0.002,0.0025,0.002,0.002,2.46,2026-06-23T13:49:34,0.002,2.5
ip_shuffle,20260623T134934_005256,of:0000000000000009:1 -> of:000000000000000c:6,0.002,0.0025,0.002,0.002,1.53,2026-06-23T13:49:34,0.002,1.43
route_mutation,20260623T135037_886797,of:0000000000000004:1 -> of:000000000000000c:4,0.002,0.0025,0.002,0.002,1.9,2026-06-23T13:50:37,0.002,2.03
route_mutation,20260623T135037_886797,of:0000000000000005:1 -> of:000000000000000c:5,0.002,0.0025,0.002,0.002,1.9,2026-06-23T13:50:37,0.002,2.03
route_mutation,20260623T135037_886797,of:000000000000000a:1 -> of:000000000000000d:6,0.002,0.0025,0.002,0.002,1.93,2026-06-23T13:50:37,0.002,2.06
route_mutation,20260623T135037_886797,of:000000000000000b:3 -> of:000000000000000d:2,0.002,0.0025,0.002,0.002,2.7,2026-06-23T13:50:37,0.002,2.66
route_mutation,20260623T135037_886797,of:000000000000000c:3 -> of:000000000000000d:3,0.002,0.0025,0.002,0.002,2.86,2026-06-23T13:50:37,0.002,2.83
route_mutation,20260623T135037_886797,of:0000000000000005:2 -> of:0000000000000009:3,0.002,0.0025,0.002,0.002,2.46,2026-06-23T13:50:37,0.002,2.46
route_mutation,20260623T135037_886797,of:0000000000000001:1 -> of:000000000000000b:1,0.002,0.0025,0.002,0.002,1.93,2026-06-23T13:50:37,0.002,2.0
route_mutation,20260623T135037_886797,of:000000000000000b:2 -> of:000000000000000c:2,0.002,0.0025,0.002,0.002,2.7,2026-06-23T13:50:37,0.002,2.7
route_mutation,20260623T135037_886797,of:0000000000000001:2 -> of:000000000000000c:1,0.002,0.0025,0.002,0.002,2.1,2026-06-23T13:50:37,0.002,2.0
route_mutation,20260623T135037_886797,of:0000000000000006:2 -> of:000000000000000a:2,0.002,0.0025,0.002,0.002,2.5,2026-06-23T13:50:37,0.002,2.5
route_mutation,20260623T135037_886797,of:0000000000000001:3 -> of:000000000000000d:1,0.003,0.00375,0.003,0.003,3.63,2026-06-23T13:50:37,0.003,3.73
route_mutation,20260623T135037_886797,of:0000000000000003:1 -> of:000000000000000b:5,0.002,0.0025,0.002,0.002,2.0,2026-06-23T13:50:37,0.002,1.93
route_mutation,20260623T135037_886797,of:0000000000000006:1 -> of:000000000000000d:4,0.002,0.0025,0.002,0.002,2.16,2026-06-23T13:50:37,0.002,2.1
route_mutation,20260623T135037_886797,of:0000000000000007:2 -> of:000000000000000a:3,0.002,0.0025,0.002,0.002,2.5,2026-06-23T13:50:37,0.002,2.5
route_mutation,20260623T135037_886797,of:0000000000000007:1 -> of:000000000000000d:5,0.003,0.00375,0.003,0.003,3.3,2026-06-23T13:50:37,0.003,3.4
route_mutation,20260623T135037_886797,of:0000000000000002:2 -> of:0000000000000008:2,0.002,0.0025,0.002,0.002,2.56,2026-06-23T13:50:37,0.002,2.56
route_mutation,20260623T135037_886797,of:0000000000000003:2 -> of:0000000000000008:3,0.002,0.0025,0.002,0.002,2.56,2026-06-23T13:50:37,0.002,2.56
route_mutation,20260623T135037_886797,of:0000000000000008:1 -> of:000000000000000b:6,0.002,0.0025,0.002,0.002,1.9,2026-06-23T13:50:37,0.002,1.86
route_mutation,20260623T135037_886797,of:0000000000000004:2 -> of:0000000000000009:2,0.002,0.0025,0.002,0.002,2.46,2026-06-23T13:50:37,0.002,2.46
route_mutation,20260623T135037_886797,of:0000000000000002:1 -> of:000000000000000b:4,0.002,0.0025,0.002,0.002,2.0,2026-06-23T13:50:37,0.002,1.93
route_mutation,20260623T135037_886797,of:0000000000000009:1 -> of:000000000000000c:6,0.002,0.0025,0.002,0.002,1.9,2026-06-23T13:50:37,0.002,2.03
route_mutation,20260623T135108_176237,of:0000000000000004:1 -> of:000000000000000c:4,0.002,0.0025,0.002,0.002,1.5,2026-06-23T13:51:08,0.002,1.5
route_mutation,20260623T135108_176237,of:0000000000000005:1 -> of:000000000000000c:5,0.002,0.0025,0.002,0.002,1.5,2026-06-23T13:51:08,0.002,1.5
route_mutation,20260623T135108_176237,of:000000000000000a:1 -> of:000000000000000d:6,0.001,0.00125,0.001,0.001,1.37,2026-06-23T13:51:08,0.001,1.37
route_mutation,20260623T135108_176237,of:000000000000000b:3 -> of:000000000000000d:2,0.001,0.00125,0.001,0.001,1.46,2026-06-23T13:51:08,0.001,1.46
route_mutation,20260623T135108_176237,of:000000000000000c:3 -> of:000000000000000d:3,0.002,0.0025,0.002,0.002,1.6,2026-06-23T13:51:08,0.002,1.6
route_mutation,20260623T135108_176237,of:0000000000000005:2 -> of:0000000000000009:3,0.002,0.0025,0.002,0.002,1.53,2026-06-23T13:51:08,0.002,1.53
route_mutation,20260623T135108_176237,of:0000000000000001:1 -> of:000000000000000b:1,0.002,0.0025,0.002,0.002,1.56,2026-06-23T13:51:08,0.002,1.56
route_mutation,20260623T135108_176237,of:000000000000000b:2 -> of:000000000000000c:2,0.002,0.0025,0.002,0.002,1.53,2026-06-23T13:51:08,0.002,1.53
route_mutation,20260623T135108_176237,of:0000000000000001:2 -> of:000000000000000c:1,0.002,0.0025,0.002,0.002,1.5,2026-06-23T13:51:08,0.002,1.5
route_mutation,20260623T135108_176237,of:0000000000000006:2 -> of:000000000000000a:2,0.001,0.00125,0.001,0.001,1.46,2026-06-23T13:51:08,0.001,1.46
route_mutation,20260623T135108_176237,of:0000000000000001:3 -> of:000000000000000d:1,0.002,0.0025,0.002,0.002,1.43,2026-06-23T13:51:08,0.002,1.43
route_mutation,20260623T135108_176237,of:0000000000000003:1 -> of:000000000000000b:5,0.001,0.00125,0.001,0.001,1.37,2026-06-23T13:51:08,0.001,1.37
route_mutation,20260623T135108_176237,of:0000000000000006:1 -> of:000000000000000d:4,0.002,0.0025,0.002,0.002,1.43,2026-06-23T13:51:08,0.002,1.43
route_mutation,20260623T135108_176237,of:0000000000000007:2 -> of:000000000000000a:3,0.001,0.00125,0.001,0.001,1.46,2026-06-23T13:51:08,0.001,1.46
route_mutation,20260623T135108_176237,of:0000000000000007:1 -> of:000000000000000d:5,0.002,0.0025,0.002,0.002,1.43,2026-06-23T13:51:08,0.002,1.43
route_mutation,20260623T135108_176237,of:0000000000000002:2 -> of:0000000000000008:2,0.002,0.0025,0.002,0.002,1.53,2026-06-23T13:51:08,0.002,1.53
route_mutation,20260623T135108_176237,of:0000000000000003:2 -> of:0000000000000008:3,0.002,0.0025,0.002,0.002,1.53,2026-06-23T13:51:08,0.002,1.53
route_mutation,20260623T135108_176237,of:0000000000000008:1 -> of:000000000000000b:6,0.001,0.00125,0.001,0.001,1.37,2026-06-23T13:51:08,0.001,1.37
route_mutation,20260623T135108_176237,of:0000000000000004:2 -> of:0000000000000009:2,0.002,0.0025,0.002,0.002,1.53,2026-06-23T13:51:08,0.002,1.53
route_mutation,20260623T135108_176237,of:0000000000000002:1 -> of:000000000000000b:4,0.002,0.0025,0.002,0.002,1.56,2026-06-23T13:51:08,0.002,1.56
route_mutation,20260623T135108_176237,of:0000000000000009:1 -> of:000000000000000c:6,0.002,0.0025,0.002,0.002,1.5,2026-06-23T13:51:08,0.002,1.5
ip_shuffle,20260623T135138_463463,of:0000000000000004:1 -> of:000000000000000c:4,0.002,0.0025,0.002,0.002,2.23,2026-06-23T13:51:38,0.002,2.23
ip_shuffle,20260623T135138_463463,of:0000000000000005:1 -> of:000000000000000c:5,0.002,0.0025,0.002,0.002,1.96,2026-06-23T13:51:38,0.002,1.96
ip_shuffle,20260623T135138_463463,of:000000000000000a:1 -> of:000000000000000d:6,0.001,0.00125,0.001,0.001,1.37,2026-06-23T13:51:38,0.001,1.37
ip_shuffle,20260623T135138_463463,of:000000000000000b:3 -> of:000000000000000d:2,0.001,0.00125,0.001,0.001,1.46,2026-06-23T13:51:38,0.001,1.46
ip_shuffle,20260623T135138_463463,of:000000000000000c:3 -> of:000000000000000d:3,0.001,0.00125,0.001,0.001,1.46,2026-06-23T13:51:38,0.001,1.46
ip_shuffle,20260623T135138_463463,of:0000000000000005:2 -> of:0000000000000009:3,0.002,0.0025,0.002,0.002,1.53,2026-06-23T13:51:38,0.002,1.53
ip_shuffle,20260623T135138_463463,of:0000000000000001:1 -> of:000000000000000b:1,0.003,0.00375,0.003,0.003,3.2,2026-06-23T13:51:38,0.003,3.2
ip_shuffle,20260623T135138_463463,of:000000000000000b:2 -> of:000000000000000c:2,0.002,0.0025,0.002,0.002,1.53,2026-06-23T13:51:38,0.002,1.53
ip_shuffle,20260623T135138_463463,of:0000000000000001:2 -> of:000000000000000c:1,0.002,0.0025,0.002,0.002,2.66,2026-06-23T13:51:38,0.002,2.7
ip_shuffle,20260623T135138_463463,of:0000000000000006:2 -> of:000000000000000a:2,0.002,0.0025,0.002,0.002,1.53,2026-06-23T13:51:38,0.002,1.53
ip_shuffle,20260623T135138_463463,of:0000000000000001:3 -> of:000000000000000d:1,0.001,0.00125,0.001,0.001,1.3,2026-06-23T13:51:38,0.001,1.3
ip_shuffle,20260623T135138_463463,of:0000000000000003:1 -> of:000000000000000b:5,0.002,0.0025,0.002,0.002,2.4,2026-06-23T13:51:38,0.002,2.4
ip_shuffle,20260623T135138_463463,of:0000000000000006:1 -> of:000000000000000d:4,0.002,0.0025,0.002,0.002,1.43,2026-06-23T13:51:38,0.001,1.37
ip_shuffle,20260623T135138_463463,of:0000000000000007:2 -> of:000000000000000a:3,0.002,0.0025,0.002,0.002,1.53,2026-06-23T13:51:38,0.002,1.53
ip_shuffle,20260623T135138_463463,of:0000000000000007:1 -> of:000000000000000d:5,0.001,0.00125,0.001,0.001,1.37,2026-06-23T13:51:38,0.001,1.37
ip_shuffle,20260623T135138_463463,of:0000000000000002:2 -> of:0000000000000008:2,0.001,0.00125,0.001,0.001,1.46,2026-06-23T13:51:38,0.001,1.46
ip_shuffle,20260623T135138_463463,of:0000000000000003:2 -> of:0000000000000008:3,0.001,0.00125,0.001,0.001,1.46,2026-06-23T13:51:38,0.001,1.46
ip_shuffle,20260623T135138_463463,of:0000000000000008:1 -> of:000000000000000b:6,0.002,0.0025,0.002,0.002,1.43,2026-06-23T13:51:38,0.002,1.43
ip_shuffle,20260623T135138_463463,of:0000000000000004:2 -> of:0000000000000009:2,0.002,0.0025,0.002,0.002,1.53,2026-06-23T13:51:38,0.002,1.53
ip_shuffle,20260623T135138_463463,of:0000000000000002:1 -> of:000000000000000b:4,0.002,0.0025,0.002,0.002,2.16,2026-06-23T13:51:38,0.002,2.16
ip_shuffle,20260623T135138_463463,of:0000000000000009:1 -> of:000000000000000c:6,0.002,0.0025,0.002,0.002,1.43,2026-06-23T13:51:38,0.002,1.43
ip_shuffle,20260623T135236_148921,of:0000000000000004:1 -> of:000000000000000c:4,0.002,0.0025,0.002,0.002,1.53,2026-06-23T13:52:36,0.001,1.5
ip_shuffle,20260623T135236_148921,of:0000000000000005:1 -> of:000000000000000c:5,0.002,0.0025,0.002,0.002,1.53,2026-06-23T13:52:36,0.001,1.5
ip_shuffle,20260623T135236_148921,of:000000000000000a:1 -> of:000000000000000d:6,0.002,0.0025,0.002,0.001,1.5,2026-06-23T13:52:36,0.002,1.63
ip_shuffle,20260623T135236_148921,of:000000000000000b:3 -> of:000000000000000d:2,0.002,0.0025,0.002,0.002,1.86,2026-06-23T13:52:36,0.002,1.86
ip_shuffle,20260623T135236_148921,of:000000000000000c:3 -> of:000000000000000d:3,0.002,0.0025,0.002,0.002,1.86,2026-06-23T13:52:36,0.002,1.86
ip_shuffle,20260623T135236_148921,of:0000000000000005:2 -> of:0000000000000009:3,0.002,0.0025,0.002,0.002,1.76,2026-06-23T13:52:36,0.002,1.76
ip_shuffle,20260623T135236_148921,of:0000000000000001:1 -> of:000000000000000b:1,0.002,0.0025,0.002,0.001,1.5,2026-06-23T13:52:36,0.002,1.57
ip_shuffle,20260623T135236_148921,of:000000000000000b:2 -> of:000000000000000c:2,0.001,0.00125,0.001,0.001,1.67,2026-06-23T13:52:36,0.001,1.67
ip_shuffle,20260623T135236_148921,of:0000000000000001:2 -> of:000000000000000c:1,0.002,0.0025,0.002,0.001,1.5,2026-06-23T13:52:36,0.002,1.57
ip_shuffle,20260623T135236_148921,of:0000000000000006:2 -> of:000000000000000a:2,0.002,0.0025,0.002,0.002,1.76,2026-06-23T13:52:36,0.002,1.76
ip_shuffle,20260623T135236_148921,of:0000000000000001:3 -> of:000000000000000d:1,0.002,0.0025,0.002,0.002,2.4,2026-06-23T13:52:36,0.002,2.56
ip_shuffle,20260623T135236_148921,of:0000000000000003:1 -> of:000000000000000b:5,0.002,0.0025,0.002,0.002,1.53,2026-06-23T13:52:36,0.001,1.5
ip_shuffle,20260623T135236_148921,of:0000000000000006:1 -> of:000000000000000d:4,0.002,0.0025,0.002,0.002,1.6,2026-06-23T13:52:36,0.002,1.7
ip_shuffle,20260623T135236_148921,of:0000000000000007:2 -> of:000000000000000a:3,0.002,0.0025,0.002,0.002,1.73,2026-06-23T13:52:36,0.002,1.73
ip_shuffle,20260623T135236_148921,of:0000000000000007:1 -> of:000000000000000d:5,0.002,0.0025,0.002,0.002,2.46,2026-06-23T13:52:36,0.002,2.3
ip_shuffle,20260623T135236_148921,of:0000000000000002:2 -> of:0000000000000008:2,0.002,0.0025,0.002,0.002,1.83,2026-06-23T13:52:36,0.002,1.83
ip_shuffle,20260623T135236_148921,of:0000000000000003:2 -> of:0000000000000008:3,0.002,0.0025,0.002,0.002,1.83,2026-06-23T13:52:36,0.002,1.83
ip_shuffle,20260623T135236_148921,of:0000000000000008:1 -> of:000000000000000b:6,0.001,0.00125,0.001,0.001,1.5,2026-06-23T13:52:36,0.001,1.5
ip_shuffle,20260623T135236_148921,of:0000000000000004:2 -> of:0000000000000009:2,0.002,0.0025,0.002,0.002,1.76,2026-06-23T13:52:36,0.002,1.76
ip_shuffle,20260623T135236_148921,of:0000000000000002:1 -> of:000000000000000b:4,0.002,0.0025,0.002,0.002,1.53,2026-06-23T13:52:36,0.001,1.5
ip_shuffle,20260623T135236_148921,of:0000000000000009:1 -> of:000000000000000c:6,0.001,0.00125,0.001,0.001,1.43,2026-06-23T13:52:36,0.001,1.43
ip_shuffle,20260623T135333_864211,of:0000000000000004:1 -> of:000000000000000c:4,0.002,0.0025,0.002,0.002,2.23,2026-06-23T13:53:33,0.002,2.3
ip_shuffle,20260623T135333_864211,of:0000000000000005:1 -> of:000000000000000c:5,0.002,0.0025,0.002,0.002,2.23,2026-06-23T13:53:33,0.002,2.3
ip_shuffle,20260623T135333_864211,of:000000000000000a:1 -> of:000000000000000d:6,0.001,0.00125,0.001,0.001,1.46,2026-06-23T13:53:33,0.001,1.4
ip_shuffle,20260623T135333_864211,of:000000000000000b:3 -> of:000000000000000d:2,0.002,0.0025,0.002,0.002,1.6,2026-06-23T13:53:33,0.002,1.6
ip_shuffle,20260623T135333_864211,of:000000000000000c:3 -> of:000000000000000d:3,0.002,0.0025,0.002,0.002,1.63,2026-06-23T13:53:33,0.002,1.63
ip_shuffle,20260623T135333_864211,of:0000000000000005:2 -> of:0000000000000009:3,0.002,0.0025,0.002,0.002,1.63,2026-06-23T13:53:33,0.002,1.63
ip_shuffle,20260623T135333_864211,of:0000000000000001:1 -> of:000000000000000b:1,0.003,0.00375,0.003,0.003,3.13,2026-06-23T13:53:33,0.003,3.13
ip_shuffle,20260623T135333_864211,of:000000000000000b:2 -> of:000000000000000c:2,0.002,0.0025,0.002,0.002,1.76,2026-06-23T13:53:33,0.002,1.76
ip_shuffle,20260623T135333_864211,of:0000000000000001:2 -> of:000000000000000c:1,0.003,0.00375,0.003,0.003,3.16,2026-06-23T13:53:33,0.003,3.09
ip_shuffle,20260623T135333_864211,of:0000000000000006:2 -> of:000000000000000a:2,0.002,0.0025,0.002,0.002,1.66,2026-06-23T13:53:33,0.002,1.66
ip_shuffle,20260623T135333_864211,of:0000000000000001:3 -> of:000000000000000d:1,0.002,0.0025,0.002,0.002,1.5,2026-06-23T13:53:33,0.001,1.43
ip_shuffle,20260623T135333_864211,of:0000000000000003:1 -> of:000000000000000b:5,0.002,0.0025,0.002,0.002,2.53,2026-06-23T13:53:33,0.002,2.56
ip_shuffle,20260623T135333_864211,of:0000000000000006:1 -> of:000000000000000d:4,0.001,0.00125,0.001,0.001,1.36,2026-06-23T13:53:33,0.001,1.46
ip_shuffle,20260623T135333_864211,of:0000000000000007:2 -> of:000000000000000a:3,0.002,0.0025,0.002,0.002,1.66,2026-06-23T13:53:33,0.002,1.66
ip_shuffle,20260623T135333_864211,of:0000000000000007:1 -> of:000000000000000d:5,0.001,0.00125,0.001,0.001,1.4,2026-06-23T13:53:33,0.001,1.33
ip_shuffle,20260623T135333_864211,of:0000000000000002:2 -> of:0000000000000008:2,0.002,0.0025,0.002,0.002,1.63,2026-06-23T13:53:33,0.002,1.63
ip_shuffle,20260623T135333_864211,of:0000000000000003:2 -> of:0000000000000008:3,0.002,0.0025,0.002,0.002,1.63,2026-06-23T13:53:33,0.002,1.63
ip_shuffle,20260623T135333_864211,of:0000000000000008:1 -> of:000000000000000b:6,0.001,0.00125,0.001,0.001,1.46,2026-06-23T13:53:33,0.001,1.46
ip_shuffle,20260623T135333_864211,of:0000000000000004:2 -> of:0000000000000009:2,0.002,0.0025,0.002,0.002,1.63,2026-06-23T13:53:33,0.002,1.63
ip_shuffle,20260623T135333_864211,of:0000000000000002:1 -> of:000000000000000b:4,0.002,0.0025,0.002,0.002,2.1,2026-06-23T13:53:33,0.002,2.1
ip_shuffle,20260623T135333_864211,of:0000000000000009:1 -> of:000000000000000c:6,0.002,0.0025,0.002,0.002,1.53,2026-06-23T13:53:33,0.002,1.56
route_mutation,20260623T135431_529369,of:0000000000000004:1 -> of:000000000000000c:4,0.001,0.00125,0.001,0.001,1.37,2026-06-23T13:54:31,0.001,1.33
route_mutation,20260623T135431_529369,of:0000000000000005:1 -> of:000000000000000c:5,0.001,0.00125,0.001,0.001,1.37,2026-06-23T13:54:31,0.001,1.33
route_mutation,20260623T135431_529369,of:000000000000000a:1 -> of:000000000000000d:6,0.002,0.0025,0.002,0.002,1.37,2026-06-23T13:54:31,0.002,1.5
route_mutation,20260623T135431_529369,of:000000000000000b:3 -> of:000000000000000d:2,0.002,0.0025,0.002,0.002,1.5,2026-06-23T13:54:31,0.002,1.5
route_mutation,20260623T135431_529369,of:000000000000000c:3 -> of:000000000000000d:3,0.002,0.0025,0.002,0.002,1.5,2026-06-23T13:54:31,0.002,1.5
route_mutation,20260623T135431_529369,of:0000000000000005:2 -> of:0000000000000009:3,0.002,0.0025,0.002,0.002,1.43,2026-06-23T13:54:31,0.002,1.43
route_mutation,20260623T135431_529369,of:0000000000000001:1 -> of:000000000000000b:1,0.001,0.00125,0.001,0.001,1.27,2026-06-23T13:54:31,0.001,1.33
route_mutation,20260623T135431_529369,of:000000000000000b:2 -> of:000000000000000c:2,0.001,0.00125,0.001,0.001,1.33,2026-06-23T13:54:31,0.001,1.33
route_mutation,20260623T135431_529369,of:0000000000000001:2 -> of:000000000000000c:1,0.001,0.00125,0.001,0.001,1.27,2026-06-23T13:54:31,0.001,1.33
route_mutation,20260623T135431_529369,of:0000000000000006:2 -> of:000000000000000a:2,0.002,0.0025,0.002,0.002,1.4,2026-06-23T13:54:31,0.002,1.4
route_mutation,20260623T135431_529369,of:0000000000000001:3 -> of:000000000000000d:1,0.002,0.0025,0.002,0.002,1.66,2026-06-23T13:54:31,0.002,1.83
route_mutation,20260623T135431_529369,of:0000000000000003:1 -> of:000000000000000b:5,0.001,0.00125,0.001,0.001,1.33,2026-06-23T13:54:31,0.001,1.27
route_mutation,20260623T135431_529369,of:0000000000000006:1 -> of:000000000000000d:4,0.002,0.0025,0.002,0.001,1.37,2026-06-23T13:54:31,0.002,1.5
route_mutation,20260623T135431_529369,of:0000000000000007:2 -> of:000000000000000a:3,0.002,0.0025,0.002,0.002,1.4,2026-06-23T13:54:31,0.002,1.4
route_mutation,20260623T135431_529369,of:0000000000000007:1 -> of:000000000000000d:5,0.002,0.0025,0.002,0.002,1.86,2026-06-23T13:54:31,0.002,1.66
route_mutation,20260623T135431_529369,of:0000000000000002:2 -> of:0000000000000008:2,0.001,0.00125,0.001,0.001,1.37,2026-06-23T13:54:31,0.001,1.37
route_mutation,20260623T135431_529369,of:0000000000000003:2 -> of:0000000000000008:3,0.001,0.00125,0.001,0.001,1.37,2026-06-23T13:54:31,0.001,1.37
route_mutation,20260623T135431_529369,of:0000000000000008:1 -> of:000000000000000b:6,0.001,0.00125,0.001,0.001,1.37,2026-06-23T13:54:31,0.001,1.33
route_mutation,20260623T135431_529369,of:0000000000000004:2 -> of:0000000000000009:2,0.002,0.0025,0.002,0.002,1.43,2026-06-23T13:54:31,0.002,1.43
route_mutation,20260623T135431_529369,of:0000000000000002:1 -> of:000000000000000b:4,0.001,0.00125,0.001,0.001,1.33,2026-06-23T13:54:31,0.001,1.27
route_mutation,20260623T135431_529369,of:0000000000000009:1 -> of:000000000000000c:6,0.001,0.00125,0.001,0.001,1.37,2026-06-23T13:54:31,0.001,1.33
route_mutation,20260623T135501_885608,of:0000000000000004:1 -> of:000000000000000c:4,0.002,0.0025,0.002,0.002,1.56,2026-06-23T13:55:01,0.002,1.56
route_mutation,20260623T135501_885608,of:0000000000000005:1 -> of:000000000000000c:5,0.001,0.00125,0.001,0.001,1.46,2026-06-23T13:55:01,0.001,1.46
route_mutation,20260623T135501_885608,of:000000000000000a:1 -> of:000000000000000d:6,0.001,0.00125,0.001,0.001,1.46,2026-06-23T13:55:01,0.001,1.36
route_mutation,20260623T135501_885608,of:000000000000000b:3 -> of:000000000000000d:2,0.002,0.0025,0.002,0.002,1.56,2026-06-23T13:55:01,0.002,1.56
route_mutation,20260623T135501_885608,of:000000000000000c:3 -> of:000000000000000d:3,0.002,0.0025,0.002,0.002,1.56,2026-06-23T13:55:01,0.002,1.56
route_mutation,20260623T135501_885608,of:0000000000000005:2 -> of:0000000000000009:3,0.002,0.0025,0.002,0.002,1.66,2026-06-23T13:55:01,0.002,1.66
route_mutation,20260623T135501_885608,of:0000000000000001:1 -> of:000000000000000b:1,0.003,0.00375,0.003,0.003,3.43,2026-06-23T13:55:01,0.003,3.49
route_mutation,20260623T135501_885608,of:000000000000000b:2 -> of:000000000000000c:2,0.002,0.0025,0.002,0.002,1.73,2026-06-23T13:55:01,0.002,1.73
route_mutation,20260623T135501_885608,of:0000000000000001:2 -> of:000000000000000c:1,0.002,0.0025,0.002,0.002,1.63,2026-06-23T13:55:01,0.002,1.63
route_mutation,20260623T135501_885608,of:0000000000000006:2 -> of:000000000000000a:2,0.002,0.0025,0.002,0.002,1.66,2026-06-23T13:55:01,0.002,1.66
route_mutation,20260623T135501_885608,of:0000000000000001:3 -> of:000000000000000d:1,0.001,0.00125,0.001,0.001,1.36,2026-06-23T13:55:01,0.001,1.46
route_mutation,20260623T135501_885608,of:0000000000000003:1 -> of:000000000000000b:5,0.002,0.0025,0.002,0.002,2.49,2026-06-23T13:55:01,0.002,2.43
route_mutation,20260623T135501_885608,of:0000000000000006:1 -> of:000000000000000d:4,0.001,0.00125,0.001,0.001,1.4,2026-06-23T13:55:01,0.001,1.3
route_mutation,20260623T135501_885608,of:0000000000000007:2 -> of:000000000000000a:3,0.002,0.0025,0.002,0.002,1.66,2026-06-23T13:55:01,0.002,1.66
route_mutation,20260623T135501_885608,of:0000000000000007:1 -> of:000000000000000d:5,0.001,0.00125,0.001,0.001,1.4,2026-06-23T13:55:01,0.001,1.3
route_mutation,20260623T135501_885608,of:0000000000000002:2 -> of:0000000000000008:2,0.002,0.0025,0.002,0.002,1.73,2026-06-23T13:55:01,0.002,1.73
route_mutation,20260623T135501_885608,of:0000000000000003:2 -> of:0000000000000008:3,0.002,0.0025,0.002,0.002,1.73,2026-06-23T13:55:01,0.002,1.73
route_mutation,20260623T135501_885608,of:0000000000000008:1 -> of:000000000000000b:6,0.002,0.0025,0.002,0.002,1.53,2026-06-23T13:55:01,0.002,1.53
route_mutation,20260623T135501_885608,of:0000000000000004:2 -> of:0000000000000009:2,0.002,0.0025,0.002,0.002,1.66,2026-06-23T13:55:01,0.002,1.66
route_mutation,20260623T135501_885608,of:0000000000000002:1 -> of:000000000000000b:4,0.002,0.0025,0.002,0.002,2.53,2026-06-23T13:55:01,0.002,2.53
route_mutation,20260623T135501_885608,of:0000000000000009:1 -> of:000000000000000c:6,0.002,0.0025,0.002,0.002,1.53,2026-06-23T13:55:01,0.002,1.53
ip_shuffle,20260623T135532_235668,of:0000000000000004:1 -> of:000000000000000c:4,0.002,0.0025,0.002,0.002,2.46,2026-06-23T13:55:32,0.002,2.46
ip_shuffle,20260623T135532_235668,of:0000000000000005:1 -> of:000000000000000c:5,0.002,0.0025,0.002,0.002,2.56,2026-06-23T13:55:32,0.002,2.56
ip_shuffle,20260623T135532_235668,of:000000000000000a:1 -> of:000000000000000d:6,0.002,0.0025,0.002,0.002,1.9,2026-06-23T13:55:32,0.002,2.0
ip_shuffle,20260623T135532_235668,of:000000000000000b:3 -> of:000000000000000d:2,0.002,0.0025,0.002,0.002,2.49,2026-06-23T13:55:32,0.002,2.49
ip_shuffle,20260623T135532_235668,of:000000000000000c:3 -> of:000000000000000d:3,0.002,0.0025,0.002,0.002,2.49,2026-06-23T13:55:32,0.002,2.49
ip_shuffle,20260623T135532_235668,of:0000000000000005:2 -> of:0000000000000009:3,0.002,0.0025,0.002,0.002,2.26,2026-06-23T13:55:32,0.002,2.26
ip_shuffle,20260623T135532_235668,of:0000000000000001:1 -> of:000000000000000b:1,0.002,0.0025,0.002,0.002,1.9,2026-06-23T13:55:32,0.002,1.8
ip_shuffle,20260623T135532_235668,of:000000000000000b:2 -> of:000000000000000c:2,0.002,0.0025,0.002,0.002,2.2,2026-06-23T13:55:32,0.002,2.2
ip_shuffle,20260623T135532_235668,of:0000000000000001:2 -> of:000000000000000c:1,0.003,0.00375,0.003,0.003,3.26,2026-06-23T13:55:32,0.003,3.23
ip_shuffle,20260623T135532_235668,of:0000000000000006:2 -> of:000000000000000a:2,0.002,0.0025,0.002,0.002,2.26,2026-06-23T13:55:32,0.002,2.26
ip_shuffle,20260623T135532_235668,of:0000000000000001:3 -> of:000000000000000d:1,0.003,0.00375,0.003,0.003,3.19,2026-06-23T13:55:32,0.003,3.19
ip_shuffle,20260623T135532_235668,of:0000000000000003:1 -> of:000000000000000b:5,0.002,0.0025,0.002,0.002,1.8,2026-06-23T13:55:32,0.002,1.9
ip_shuffle,20260623T135532_235668,of:0000000000000006:1 -> of:000000000000000d:4,0.003,0.00375,0.003,0.003,3.16,2026-06-23T13:55:32,0.003,3.19
ip_shuffle,20260623T135532_235668,of:0000000000000007:2 -> of:000000000000000a:3,0.002,0.0025,0.002,0.002,2.26,2026-06-23T13:55:32,0.002,2.26
ip_shuffle,20260623T135532_235668,of:0000000000000007:1 -> of:000000000000000d:5,0.002,0.0025,0.002,0.002,2.0,2026-06-23T13:55:32,0.002,2.1
ip_shuffle,20260623T135532_235668,of:0000000000000002:2 -> of:0000000000000008:2,0.002,0.0025,0.002,0.002,2.23,2026-06-23T13:55:32,0.002,2.23
ip_shuffle,20260623T135532_235668,of:0000000000000003:2 -> of:0000000000000008:3,0.002,0.0025,0.002,0.002,2.23,2026-06-23T13:55:32,0.002,2.23
ip_shuffle,20260623T135532_235668,of:0000000000000008:1 -> of:000000000000000b:6,0.002,0.0025,0.002,0.002,1.7,2026-06-23T13:55:32,0.002,1.7
ip_shuffle,20260623T135532_235668,of:0000000000000004:2 -> of:0000000000000009:2,0.002,0.0025,0.002,0.002,2.26,2026-06-23T13:55:32,0.002,2.26
ip_shuffle,20260623T135532_235668,of:0000000000000002:1 -> of:000000000000000b:4,0.002,0.0025,0.002,0.002,1.73,2026-06-23T13:55:32,0.002,1.76
ip_shuffle,20260623T135532_235668,of:0000000000000009:1 -> of:000000000000000c:6,0.002,0.0025,0.002,0.002,1.7,2026-06-23T13:55:32,0.002,1.7
ip_shuffle,20260623T135642_869951,of:0000000000000004:1 -> of:000000000000000c:4,0.001,0.00125,0.001,0.001,1.37,2026-06-23T13:56:42,0.001,1.37
ip_shuffle,20260623T135642_869951,of:0000000000000005:1 -> of:000000000000000c:5,0.001,0.00125,0.001,0.001,1.37,2026-06-23T13:56:42,0.001,1.37
ip_shuffle,20260623T135642_869951,of:000000000000000a:1 -> of:000000000000000d:6,0.002,0.0025,0.002,0.002,1.43,2026-06-23T13:56:42,0.002,1.43
ip_shuffle,20260623T135642_869951,of:000000000000000b:3 -> of:000000000000000d:2,0.002,0.0025,0.002,0.002,1.53,2026-06-23T13:56:42,0.002,1.53
ip_shuffle,20260623T135642_869951,of:000000000000000c:3 -> of:000000000000000d:3,0.002,0.0025,0.002,0.002,1.53,2026-06-23T13:56:42,0.002,1.53
ip_shuffle,20260623T135642_869951,of:0000000000000005:2 -> of:0000000000000009:3,0.001,0.00125,0.001,0.001,1.47,2026-06-23T13:56:42,0.001,1.47
ip_shuffle,20260623T135642_869951,of:0000000000000001:1 -> of:000000000000000b:1,0.003,0.00375,0.003,0.003,2.73,2026-06-23T13:56:42,0.003,2.73
ip_shuffle,20260623T135642_869951,of:000000000000000b:2 -> of:000000000000000c:2,0.002,0.0025,0.002,0.002,1.53,2026-06-23T13:56:42,0.002,1.53
ip_shuffle,20260623T135642_869951,of:0000000000000001:2 -> of:000000000000000c:1,0.002,0.0025,0.002,0.002,1.43,2026-06-23T13:56:42,0.002,1.43
ip_shuffle,20260623T135642_869951,of:0000000000000006:2 -> of:000000000000000a:2,0.001,0.00125,0.001,0.001,1.47,2026-06-23T13:56:42,0.001,1.47
ip_shuffle,20260623T135642_869951,of:0000000000000001:3 -> of:000000000000000d:1,0.002,0.0025,0.002,0.002,1.43,2026-06-23T13:56:42,0.002,1.43
ip_shuffle,20260623T135642_869951,of:0000000000000003:1 -> of:000000000000000b:5,0.002,0.0025,0.002,0.002,1.63,2026-06-23T13:56:42,0.002,1.63
ip_shuffle,20260623T135642_869951,of:0000000000000006:1 -> of:000000000000000d:4,0.001,0.00125,0.001,0.001,1.37,2026-06-23T13:56:42,0.001,1.37
ip_shuffle,20260623T135642_869951,of:0000000000000007:2 -> of:000000000000000a:3,0.001,0.00125,0.001,0.001,1.47,2026-06-23T13:56:42,0.001,1.47
ip_shuffle,20260623T135642_869951,of:0000000000000007:1 -> of:000000000000000d:5,0.001,0.00125,0.001,0.001,1.37,2026-06-23T13:56:42,0.001,1.37
ip_shuffle,20260623T135642_869951,of:0000000000000002:2 -> of:0000000000000008:2,0.001,0.00125,0.001,0.001,1.47,2026-06-23T13:56:42,0.001,1.47
ip_shuffle,20260623T135642_869951,of:0000000000000003:2 -> of:0000000000000008:3,0.001,0.00125,0.001,0.001,1.47,2026-06-23T13:56:42,0.001,1.47
ip_shuffle,20260623T135642_869951,of:0000000000000008:1 -> of:000000000000000b:6,0.002,0.0025,0.002,0.002,1.43,2026-06-23T13:56:42,0.002,1.43
ip_shuffle,20260623T135642_869951,of:0000000000000004:2 -> of:0000000000000009:2,0.001,0.00125,0.001,0.001,1.47,2026-06-23T13:56:42,0.001,1.47
ip_shuffle,20260623T135642_869951,of:0000000000000002:1 -> of:000000000000000b:4,0.002,0.0025,0.002,0.002,2.4,2026-06-23T13:56:42,0.002,2.4
ip_shuffle,20260623T135642_869951,of:0000000000000009:1 -> of:000000000000000c:6,0.002,0.0025,0.002,0.002,1.43,2026-06-23T13:56:42,0.002,1.43
route_mutation,20260623T135746_795226,of:0000000000000004:1 -> of:000000000000000c:4,0.002,0.0025,0.002,0.002,1.93,2026-06-23T13:57:46,0.002,1.93
route_mutation,20260623T135746_795226,of:0000000000000005:1 -> of:000000000000000c:5,0.002,0.0025,0.002,0.002,1.93,2026-06-23T13:57:46,0.002,1.93
route_mutation,20260623T135746_795226,of:000000000000000a:1 -> of:000000000000000d:6,0.002,0.0025,0.002,0.002,1.86,2026-06-23T13:57:46,0.002,1.86
route_mutation,20260623T135746_795226,of:000000000000000b:3 -> of:000000000000000d:2,0.002,0.0025,0.002,0.002,2.46,2026-06-23T13:57:46,0.002,2.46
route_mutation,20260623T135746_795226,of:000000000000000c:3 -> of:000000000000000d:3,0.002,0.0025,0.002,0.002,2.46,2026-06-23T13:57:46,0.002,2.46
route_mutation,20260623T135746_795226,of:0000000000000005:2 -> of:0000000000000009:3,0.002,0.0025,0.002,0.002,2.53,2026-06-23T13:57:46,0.002,2.53
route_mutation,20260623T135746_795226,of:0000000000000001:1 -> of:000000000000000b:1,0.002,0.0025,0.002,0.002,1.86,2026-06-23T13:57:46,0.002,1.9
route_mutation,20260623T135746_795226,of:000000000000000b:2 -> of:000000000000000c:2,0.002,0.0025,0.002,0.002,2.53,2026-06-23T13:57:46,0.002,2.53
route_mutation,20260623T135746_795226,of:0000000000000001:2 -> of:000000000000000c:1,0.002,0.0025,0.002,0.002,1.86,2026-06-23T13:57:46,0.002,1.9
route_mutation,20260623T135746_795226,of:0000000000000006:2 -> of:000000000000000a:2,0.002,0.0025,0.002,0.002,2.53,2026-06-23T13:57:46,0.002,2.53
route_mutation,20260623T135746_795226,of:0000000000000001:3 -> of:000000000000000d:1,0.003,0.00375,0.003,0.003,3.76,2026-06-23T13:57:46,0.003,3.66
route_mutation,20260623T135746_795226,of:0000000000000003:1 -> of:000000000000000b:5,0.002,0.0025,0.002,0.002,1.96,2026-06-23T13:57:46,0.002,1.93
route_mutation,20260623T135746_795226,of:0000000000000006:1 -> of:000000000000000d:4,0.002,0.0025,0.002,0.002,2.46,2026-06-23T13:57:46,0.002,2.53
route_mutation,20260623T135746_795226,of:0000000000000007:2 -> of:000000000000000a:3,0.002,0.0025,0.002,0.002,2.53,2026-06-23T13:57:46,0.002,2.53
route_mutation,20260623T135746_795226,of:0000000000000007:1 -> of:000000000000000d:5,0.003,0.00375,0.003,0.003,3.13,2026-06-23T13:57:46,0.003,3.13
route_mutation,20260623T135746_795226,of:0000000000000002:2 -> of:0000000000000008:2,0.002,0.0025,0.002,0.002,2.56,2026-06-23T13:57:46,0.002,2.56
route_mutation,20260623T135746_795226,of:0000000000000003:2 -> of:0000000000000008:3,0.002,0.0025,0.002,0.002,2.56,2026-06-23T13:57:46,0.002,2.56
route_mutation,20260623T135746_795226,of:0000000000000008:1 -> of:000000000000000b:6,0.002,0.0025,0.002,0.002,1.93,2026-06-23T13:57:46,0.002,1.93
route_mutation,20260623T135746_795226,of:0000000000000004:2 -> of:0000000000000009:2,0.002,0.0025,0.002,0.002,2.53,2026-06-23T13:57:46,0.002,2.53
route_mutation,20260623T135746_795226,of:0000000000000002:1 -> of:000000000000000b:4,0.002,0.0025,0.002,0.002,1.96,2026-06-23T13:57:46,0.002,1.93
route_mutation,20260623T135746_795226,of:0000000000000009:1 -> of:000000000000000c:6,0.002,0.0025,0.002,0.002,1.93,2026-06-23T13:57:46,0.002,1.93
route_mutation,20260623T135817_095144,of:0000000000000004:1 -> of:000000000000000c:4,0.001,0.00125,0.001,0.001,1.37,2026-06-23T13:58:17,0.001,1.37
route_mutation,20260623T135817_095144,of:0000000000000005:1 -> of:000000000000000c:5,0.001,0.00125,0.001,0.001,1.37,2026-06-23T13:58:17,0.001,1.37
route_mutation,20260623T135817_095144,of:000000000000000a:1 -> of:000000000000000d:6,0.002,0.0025,0.002,0.002,1.43,2026-06-23T13:58:17,0.002,1.43
route_mutation,20260623T135817_095144,of:000000000000000b:3 -> of:000000000000000d:2,0.002,0.0025,0.002,0.002,1.53,2026-06-23T13:58:17,0.002,1.53
route_mutation,20260623T135817_095144,of:000000000000000c:3 -> of:000000000000000d:3,0.002,0.0025,0.002,0.002,1.53,2026-06-23T13:58:17,0.002,1.53
route_mutation,20260623T135817_095144,of:0000000000000005:2 -> of:0000000000000009:3,0.001,0.00125,0.001,0.001,1.47,2026-06-23T13:58:17,0.001,1.47
route_mutation,20260623T135817_095144,of:0000000000000001:1 -> of:000000000000000b:1,0.002,0.0025,0.002,0.002,2.03,2026-06-23T13:58:17,0.002,2.03
route_mutation,20260623T135817_095144,of:000000000000000b:2 -> of:000000000000000c:2,0.002,0.0025,0.002,0.002,1.53,2026-06-23T13:58:17,0.002,1.53
route_mutation,20260623T135817_095144,of:0000000000000001:2 -> of:000000000000000c:1,0.002,0.0025,0.002,0.002,1.43,2026-06-23T13:58:17,0.002,1.43
route_mutation,20260623T135817_095144,of:0000000000000006:2 -> of:000000000000000a:2,0.001,0.00125,0.001,0.001,1.47,2026-06-23T13:58:17,0.001,1.47
route_mutation,20260623T135817_095144,of:0000000000000001:3 -> of:000000000000000d:1,0.002,0.0025,0.002,0.002,1.43,2026-06-23T13:58:17,0.002,1.43
route_mutation,20260623T135817_095144,of:0000000000000003:1 -> of:000000000000000b:5,0.001,0.00125,0.001,0.001,1.37,2026-06-23T13:58:17,0.001,1.37
route_mutation,20260623T135817_095144,of:0000000000000006:1 -> of:000000000000000d:4,0.001,0.00125,0.001,0.001,1.37,2026-06-23T13:58:17,0.001,1.37
route_mutation,20260623T135817_095144,of:0000000000000007:2 -> of:000000000000000a:3,0.001,0.00125,0.001,0.001,1.47,2026-06-23T13:58:17,0.001,1.47
route_mutation,20260623T135817_095144,of:0000000000000007:1 -> of:000000000000000d:5,0.001,0.00125,0.001,0.001,1.37,2026-06-23T13:58:17,0.001,1.37
route_mutation,20260623T135817_095144,of:0000000000000002:2 -> of:0000000000000008:2,0.001,0.00125,0.001,0.001,1.47,2026-06-23T13:58:17,0.001,1.47
route_mutation,20260623T135817_095144,of:0000000000000003:2 -> of:0000000000000008:3,0.001,0.00125,0.001,0.001,1.47,2026-06-23T13:58:17,0.001,1.47
route_mutation,20260623T135817_095144,of:0000000000000008:1 -> of:000000000000000b:6,0.002,0.0025,0.002,0.002,1.43,2026-06-23T13:58:17,0.002,1.43
route_mutation,20260623T135817_095144,of:0000000000000004:2 -> of:0000000000000009:2,0.001,0.00125,0.001,0.001,1.47,2026-06-23T13:58:17,0.001,1.47
route_mutation,20260623T135817_095144,of:0000000000000002:1 -> of:000000000000000b:4,0.002,0.0025,0.002,0.002,1.96,2026-06-23T13:58:17,0.002,1.96
route_mutation,20260623T135817_095144,of:0000000000000009:1 -> of:000000000000000c:6,0.002,0.0025,0.002,0.002,1.43,2026-06-23T13:58:17,0.002,1.43
route_mutation,20260623T135847_409805,of:0000000000000004:1 -> of:000000000000000c:4,0.002,0.0025,0.002,0.002,2.26,2026-06-23T13:58:47,0.002,2.29
route_mutation,20260623T135847_409805,of:0000000000000005:1 -> of:000000000000000c:5,0.002,0.0025,0.002,0.002,2.26,2026-06-23T13:58:47,0.002,2.29
route_mutation,20260623T135847_409805,of:000000000000000a:1 -> of:000000000000000d:6,0.002,0.0025,0.002,0.001,1.49,2026-06-23T13:58:47,0.002,1.53
route_mutation,20260623T135847_409805,of:000000000000000b:3 -> of:000000000000000d:2,0.002,0.0025,0.002,0.002,1.76,2026-06-23T13:58:47,0.002,1.76
route_mutation,20260623T135847_409805,of:000000000000000c:3 -> of:000000000000000d:3,0.002,0.0025,0.002,0.002,1.76,2026-06-23T13:58:47,0.002,1.76
route_mutation,20260623T135847_409805,of:0000000000000005:2 -> of:0000000000000009:3,0.002,0.0025,0.002,0.002,1.69,2026-06-23T13:58:47,0.002,1.69
route_mutation,20260623T135847_409805,of:0000000000000001:1 -> of:000000000000000b:1,0.003,0.00375,0.003,0.003,2.95,2026-06-23T13:58:47,0.003,2.92
route_mutation,20260623T135847_409805,of:000000000000000b:2 -> of:000000000000000c:2,0.001,0.00125,0.001,0.001,1.66,2026-06-23T13:58:47,0.001,1.66
route_mutation,20260623T135847_409805,of:0000000000000001:2 -> of:000000000000000c:1,0.003,0.00375,0.003,0.003,3.09,2026-06-23T13:58:47,0.003,3.05
route_mutation,20260623T135847_409805,of:0000000000000006:2 -> of:000000000000000a:2,0.002,0.0025,0.002,0.002,1.69,2026-06-23T13:58:47,0.002,1.69
route_mutation,20260623T135847_409805,of:0000000000000001:3 -> of:000000000000000d:1,0.002,0.0025,0.002,0.002,1.69,2026-06-23T13:58:47,0.002,1.79
route_mutation,20260623T135847_409805,of:0000000000000003:1 -> of:000000000000000b:5,0.002,0.0025,0.002,0.002,2.49,2026-06-23T13:58:47,0.002,2.52
route_mutation,20260623T135847_409805,of:0000000000000006:1 -> of:000000000000000d:4,0.002,0.0025,0.002,0.002,1.83,2026-06-23T13:58:47,0.002,1.76
route_mutation,20260623T135847_409805,of:0000000000000007:2 -> of:000000000000000a:3,0.002,0.0025,0.002,0.002,1.73,2026-06-23T13:58:47,0.002,1.73
route_mutation,20260623T135847_409805,of:0000000000000007:1 -> of:000000000000000d:5,0.002,0.0025,0.002,0.002,1.56,2026-06-23T13:58:47,0.002,1.59
route_mutation,20260623T135847_409805,of:0000000000000002:2 -> of:0000000000000008:2,0.002,0.0025,0.002,0.002,1.69,2026-06-23T13:58:47,0.002,1.69
route_mutation,20260623T135847_409805,of:0000000000000003:2 -> of:0000000000000008:3,0.002,0.0025,0.002,0.002,1.69,2026-06-23T13:58:47,0.002,1.69
route_mutation,20260623T135847_409805,of:0000000000000008:1 -> of:000000000000000b:6,0.001,0.00125,0.001,0.001,1.43,2026-06-23T13:58:47,0.001,1.43
route_mutation,20260623T135847_409805,of:0000000000000004:2 -> of:0000000000000009:2,0.002,0.0025,0.002,0.002,1.69,2026-06-23T13:58:47,0.002,1.69
route_mutation,20260623T135847_409805,of:0000000000000002:1 -> of:000000000000000b:4,0.002,0.0025,0.002,0.002,1.89,2026-06-23T13:58:47,0.002,1.93
route_mutation,20260623T135847_409805,of:0000000000000009:1 -> of:000000000000000c:6,0.001,0.00125,0.001,0.001,1.43,2026-06-23T13:58:47,0.001,1.43
route_mutation,20260623T135917_797063,of:0000000000000004:1 -> of:000000000000000c:4,0.002,0.0025,0.002,0.002,1.93,2026-06-23T13:59:17,0.002,1.93
route_mutation,20260623T135917_797063,of:0000000000000005:1 -> of:000000000000000c:5,0.002,0.0025,0.002,0.002,1.93,2026-06-23T13:59:17,0.002,1.93
route_mutation,20260623T135917_797063,of:000000000000000a:1 -> of:000000000000000d:6,0.002,0.0025,0.002,0.002,1.86,2026-06-23T13:59:17,0.002,1.86
route_mutation,20260623T135917_797063,of:000000000000000b:3 -> of:000000000000000d:2,0.002,0.0025,0.002,0.002,2.46,2026-06-23T13:59:17,0.002,2.46
route_mutation,20260623T135917_797063,of:000000000000000c:3 -> of:000000000000000d:3,0.002,0.0025,0.002,0.002,2.46,2026-06-23T13:59:17,0.002,2.46
route_mutation,20260623T135917_797063,of:0000000000000005:2 -> of:0000000000000009:3,0.002,0.0025,0.002,0.002,2.53,2026-06-23T13:59:17,0.002,2.53
route_mutation,20260623T135917_797063,of:0000000000000001:1 -> of:000000000000000b:1,0.002,0.0025,0.002,0.002,1.86,2026-06-23T13:59:17,0.002,1.86
route_mutation,20260623T135917_797063,of:000000000000000b:2 -> of:000000000000000c:2,0.002,0.0025,0.002,0.002,2.53,2026-06-23T13:59:17,0.002,2.53
route_mutation,20260623T135917_797063,of:0000000000000001:2 -> of:000000000000000c:1,0.002,0.0025,0.002,0.002,1.86,2026-06-23T13:59:17,0.002,1.86
route_mutation,20260623T135917_797063,of:0000000000000006:2 -> of:000000000000000a:2,0.002,0.0025,0.002,0.002,2.53,2026-06-23T13:59:17,0.002,2.53
route_mutation,20260623T135917_797063,of:0000000000000001:3 -> of:000000000000000d:1,0.003,0.00375,0.003,0.003,3.56,2026-06-23T13:59:17,0.003,3.59
route_mutation,20260623T135917_797063,of:0000000000000003:1 -> of:000000000000000b:5,0.002,0.0025,0.002,0.002,1.93,2026-06-23T13:59:17,0.002,1.93
route_mutation,20260623T135917_797063,of:0000000000000006:1 -> of:000000000000000d:4,0.002,0.0025,0.002,0.002,2.86,2026-06-23T13:59:17,0.002,3.0
route_mutation,20260623T135917_797063,of:0000000000000007:2 -> of:000000000000000a:3,0.002,0.0025,0.002,0.002,2.5,2026-06-23T13:59:17,0.002,2.5
route_mutation,20260623T135917_797063,of:0000000000000007:1 -> of:000000000000000d:5,0.002,0.0025,0.002,0.002,2.66,2026-06-23T13:59:17,0.002,2.53
route_mutation,20260623T135917_797063,of:0000000000000002:2 -> of:0000000000000008:2,0.002,0.0025,0.002,0.002,2.53,2026-06-23T13:59:17,0.002,2.53
route_mutation,20260623T135917_797063,of:0000000000000003:2 -> of:0000000000000008:3,0.002,0.0025,0.002,0.002,2.53,2026-06-23T13:59:17,0.002,2.53
route_mutation,20260623T135917_797063,of:0000000000000008:1 -> of:000000000000000b:6,0.002,0.0025,0.002,0.002,1.93,2026-06-23T13:59:17,0.002,1.93
route_mutation,20260623T135917_797063,of:0000000000000004:2 -> of:0000000000000009:2,0.002,0.0025,0.002,0.002,2.53,2026-06-23T13:59:17,0.002,2.53
route_mutation,20260623T135917_797063,of:0000000000000002:1 -> of:000000000000000b:4,0.002,0.0025,0.002,0.002,1.93,2026-06-23T13:59:17,0.002,1.93
route_mutation,20260623T135917_797063,of:0000000000000009:1 -> of:000000000000000c:6,0.002,0.0025,0.002,0.002,1.93,2026-06-23T13:59:17,0.002,1.93
route_mutation,20260623T135948_125790,of:0000000000000004:1 -> of:000000000000000c:4,0.001,0.00125,0.001,0.001,1.46,2026-06-23T13:59:48,0.001,1.43
route_mutation,20260623T135948_125790,of:0000000000000005:1 -> of:000000000000000c:5,0.001,0.00125,0.001,0.001,1.46,2026-06-23T13:59:48,0.001,1.43
route_mutation,20260623T135948_125790,of:000000000000000a:1 -> of:000000000000000d:6,0.002,0.0025,0.002,0.002,1.5,2026-06-23T13:59:48,0.002,1.46
route_mutation,20260623T135948_125790,of:000000000000000b:3 -> of:000000000000000d:2,0.002,0.0025,0.002,0.002,1.63,2026-06-23T13:59:48,0.002,1.63
route_mutation,20260623T135948_125790,of:000000000000000c:3 -> of:000000000000000d:3,0.002,0.0025,0.002,0.002,1.63,2026-06-23T13:59:48,0.002,1.63
route_mutation,20260623T135948_125790,of:0000000000000005:2 -> of:0000000000000009:3,0.002,0.0025,0.002,0.002,1.63,2026-06-23T13:59:48,0.002,1.63
route_mutation,20260623T135948_125790,of:0000000000000001:1 -> of:000000000000000b:1,0.002,0.0025,0.002,0.002,1.5,2026-06-23T13:59:48,0.002,1.53
route_mutation,20260623T135948_125790,of:000000000000000b:2 -> of:000000000000000c:2,0.002,0.0025,0.002,0.002,1.66,2026-06-23T13:59:48,0.002,1.66
route_mutation,20260623T135948_125790,of:0000000000000001:2 -> of:000000000000000c:1,0.002,0.0025,0.002,0.002,1.5,2026-06-23T13:59:48,0.002,1.53
route_mutation,20260623T135948_125790,of:0000000000000006:2 -> of:000000000000000a:2,0.002,0.0025,0.002,0.002,1.63,2026-06-23T13:59:48,0.002,1.63
route_mutation,20260623T135948_125790,of:0000000000000001:3 -> of:000000000000000d:1,0.002,0.0025,0.002,0.002,2.2,2026-06-23T13:59:48,0.002,2.06
route_mutation,20260623T135948_125790,of:0000000000000003:1 -> of:000000000000000b:5,0.001,0.00125,0.001,0.001,1.46,2026-06-23T13:59:48,0.001,1.43
route_mutation,20260623T135948_125790,of:0000000000000006:1 -> of:000000000000000d:4,0.001,0.00125,0.001,0.001,1.46,2026-06-23T13:59:48,0.001,1.4
route_mutation,20260623T135948_125790,of:0000000000000007:2 -> of:000000000000000a:3,0.002,0.0025,0.002,0.002,1.7,2026-06-23T13:59:48,0.002,1.7
route_mutation,20260623T135948_125790,of:0000000000000007:1 -> of:000000000000000d:5,0.002,0.0025,0.002,0.002,2.0,2026-06-23T13:59:48,0.002,2.1
route_mutation,20260623T135948_125790,of:0000000000000002:2 -> of:0000000000000008:2,0.002,0.0025,0.002,0.002,1.63,2026-06-23T13:59:48,0.002,1.63
route_mutation,20260623T135948_125790,of:0000000000000003:2 -> of:0000000000000008:3,0.002,0.0025,0.002,0.002,1.63,2026-06-23T13:59:48,0.002,1.63
route_mutation,20260623T135948_125790,of:0000000000000008:1 -> of:000000000000000b:6,0.002,0.0025,0.002,0.002,1.5,2026-06-23T13:59:48,0.002,1.5
route_mutation,20260623T135948_125790,of:0000000000000004:2 -> of:0000000000000009:2,0.002,0.0025,0.002,0.002,1.63,2026-06-23T13:59:48,0.002,1.63
route_mutation,20260623T135948_125790,of:0000000000000002:1 -> of:000000000000000b:4,0.001,0.00125,0.001,0.001,1.46,2026-06-23T13:59:48,0.001,1.43
route_mutation,20260623T135948_125790,of:0000000000000009:1 -> of:000000000000000c:6,0.002,0.0025,0.002,0.002,1.5,2026-06-23T13:59:48,0.002,1.5
ip_shuffle,20260623T140018_470345,of:0000000000000004:1 -> of:000000000000000c:4,0.001,0.00125,0.001,0.001,1.37,2026-06-23T14:00:18,0.001,1.37
ip_shuffle,20260623T140018_470345,of:0000000000000005:1 -> of:000000000000000c:5,0.001,0.00125,0.001,0.001,1.37,2026-06-23T14:00:18,0.001,1.37
ip_shuffle,20260623T140018_470345,of:000000000000000a:1 -> of:000000000000000d:6,0.001,0.00125,0.001,0.001,1.37,2026-06-23T14:00:18,0.001,1.4
ip_shuffle,20260623T140018_470345,of:000000000000000b:3 -> of:000000000000000d:2,0.001,0.00125,0.001,0.001,1.5,2026-06-23T14:00:18,0.001,1.5
ip_shuffle,20260623T140018_470345,of:000000000000000c:3 -> of:000000000000000d:3,0.001,0.00125,0.001,0.001,1.5,2026-06-23T14:00:18,0.001,1.5
ip_shuffle,20260623T140018_470345,of:0000000000000005:2 -> of:0000000000000009:3,0.001,0.00125,0.001,0.001,1.46,2026-06-23T14:00:18,0.001,1.46
ip_shuffle,20260623T140018_470345,of:0000000000000001:1 -> of:000000000000000b:1,0.003,0.00375,0.003,0.003,3.03,2026-06-23T14:00:18,0.003,3.06
ip_shuffle,20260623T140018_470345,of:000000000000000b:2 -> of:000000000000000c:2,0.001,0.00125,0.001,0.001,1.4,2026-06-23T14:00:18,0.001,1.4
ip_shuffle,20260623T140018_470345,of:0000000000000001:2 -> of:000000000000000c:1,0.001,0.00125,0.001,0.001,1.37,2026-06-23T14:00:18,0.001,1.37
ip_shuffle,20260623T140018_470345,of:0000000000000006:2 -> of:000000000000000a:2,0.001,0.00125,0.001,0.001,1.46,2026-06-23T14:00:18,0.001,1.46
ip_shuffle,20260623T140018_470345,of:0000000000000001:3 -> of:000000000000000d:1,0.002,0.0025,0.002,0.002,1.46,2026-06-23T14:00:18,0.002,1.43
ip_shuffle,20260623T140018_470345,of:0000000000000003:1 -> of:000000000000000b:5,0.002,0.0025,0.002,0.002,2.03,2026-06-23T14:00:18,0.002,2.03
ip_shuffle,20260623T140018_470345,of:0000000000000006:1 -> of:000000000000000d:4,0.002,0.0025,0.002,0.002,1.43,2026-06-23T14:00:18,0.002,1.46
ip_shuffle,20260623T140018_470345,of:0000000000000007:2 -> of:000000000000000a:3,0.001,0.00125,0.001,0.001,1.4,2026-06-23T14:00:18,0.001,1.4
ip_shuffle,20260623T140018_470345,of:0000000000000007:1 -> of:000000000000000d:5,0.001,0.00125,0.001,0.001,1.37,2026-06-23T14:00:18,0.001,1.4
ip_shuffle,20260623T140018_470345,of:0000000000000002:2 -> of:0000000000000008:2,0.001,0.00125,0.001,0.001,1.46,2026-06-23T14:00:18,0.001,1.46
ip_shuffle,20260623T140018_470345,of:0000000000000003:2 -> of:0000000000000008:3,0.001,0.00125,0.001,0.001,1.46,2026-06-23T14:00:18,0.001,1.46
ip_shuffle,20260623T140018_470345,of:0000000000000008:1 -> of:000000000000000b:6,0.001,0.00125,0.001,0.001,1.3,2026-06-23T14:00:18,0.001,1.3
ip_shuffle,20260623T140018_470345,of:0000000000000004:2 -> of:0000000000000009:2,0.001,0.00125,0.001,0.001,1.46,2026-06-23T14:00:18,0.001,1.46
ip_shuffle,20260623T140018_470345,of:0000000000000002:1 -> of:000000000000000b:4,0.002,0.0025,0.002,0.002,2.4,2026-06-23T14:00:18,0.002,2.4
ip_shuffle,20260623T140018_470345,of:0000000000000009:1 -> of:000000000000000c:6,0.001,0.00125,0.001,0.001,1.3,2026-06-23T14:00:18,0.001,1.3
ip_shuffle,20260623T140122_526406,of:0000000000000004:1 -> of:000000000000000c:4,0.002,0.0025,0.002,0.002,1.79,2026-06-23T14:01:22,0.002,1.76
ip_shuffle,20260623T140122_526406,of:0000000000000005:1 -> of:000000000000000c:5,0.002,0.0025,0.002,0.002,1.79,2026-06-23T14:01:22,0.002,1.76
ip_shuffle,20260623T140122_526406,of:000000000000000a:1 -> of:000000000000000d:6,0.002,0.0025,0.002,0.002,1.83,2026-06-23T14:01:22,0.002,1.83
ip_shuffle,20260623T140122_526406,of:000000000000000b:3 -> of:000000000000000d:2,0.002,0.0025,0.002,0.002,2.32,2026-06-23T14:01:22,0.002,2.32
ip_shuffle,20260623T140122_526406,of:000000000000000c:3 -> of:000000000000000d:3,0.002,0.0025,0.002,0.002,2.32,2026-06-23T14:01:22,0.002,2.32
ip_shuffle,20260623T140122_526406,of:0000000000000005:2 -> of:0000000000000009:3,0.002,0.0025,0.002,0.002,2.32,2026-06-23T14:01:22,0.002,2.32
ip_shuffle,20260623T140122_526406,of:0000000000000001:1 -> of:000000000000000b:1,0.002,0.0025,0.002,0.002,1.83,2026-06-23T14:01:22,0.002,1.89
ip_shuffle,20260623T140122_526406,of:000000000000000b:2 -> of:000000000000000c:2,0.002,0.0025,0.002,0.002,2.32,2026-06-23T14:01:22,0.002,2.32
ip_shuffle,20260623T140122_526406,of:0000000000000001:2 -> of:000000000000000c:1,0.002,0.0025,0.002,0.002,1.83,2026-06-23T14:01:22,0.002,1.89
ip_shuffle,20260623T140122_526406,of:0000000000000006:2 -> of:000000000000000a:2,0.002,0.0025,0.002,0.002,2.29,2026-06-23T14:01:22,0.002,2.36
ip_shuffle,20260623T140122_526406,of:0000000000000001:3 -> of:000000000000000d:1,0.003,0.00375,0.003,0.003,3.95,2026-06-23T14:01:22,0.003,3.88
ip_shuffle,20260623T140122_526406,of:0000000000000003:1 -> of:000000000000000b:5,0.002,0.0025,0.002,0.002,1.83,2026-06-23T14:01:22,0.002,1.76
ip_shuffle,20260623T140122_526406,of:0000000000000006:1 -> of:000000000000000d:4,0.002,0.0025,0.002,0.002,2.12,2026-06-23T14:01:22,0.002,2.22
ip_shuffle,20260623T140122_526406,of:0000000000000007:2 -> of:000000000000000a:3,0.002,0.0025,0.002,0.002,2.36,2026-06-23T14:01:22,0.002,2.36
ip_shuffle,20260623T140122_526406,of:0000000000000007:1 -> of:000000000000000d:5,0.003,0.00375,0.003,0.003,3.49,2026-06-23T14:01:22,0.003,3.45
ip_shuffle,20260623T140122_526406,of:0000000000000002:2 -> of:0000000000000008:2,0.002,0.0025,0.002,0.002,2.36,2026-06-23T14:01:22,0.002,2.36
ip_shuffle,20260623T140122_526406,of:0000000000000003:2 -> of:0000000000000008:3,0.002,0.0025,0.002,0.002,2.36,2026-06-23T14:01:22,0.002,2.36
ip_shuffle,20260623T140122_526406,of:0000000000000008:1 -> of:000000000000000b:6,0.002,0.0025,0.002,0.002,1.86,2026-06-23T14:01:22,0.002,1.83
ip_shuffle,20260623T140122_526406,of:0000000000000004:2 -> of:0000000000000009:2,0.002,0.0025,0.002,0.002,2.32,2026-06-23T14:01:22,0.002,2.32
ip_shuffle,20260623T140122_526406,of:0000000000000002:1 -> of:000000000000000b:4,0.002,0.0025,0.002,0.002,1.83,2026-06-23T14:01:22,0.002,1.76
ip_shuffle,20260623T140122_526406,of:0000000000000009:1 -> of:000000000000000c:6,0.002,0.0025,0.002,0.002,1.86,2026-06-23T14:01:22,0.002,1.83
ip_shuffle,20260623T140220_217607,of:0000000000000004:1 -> of:000000000000000c:4,0.002,0.0025,0.002,0.002,2.43,2026-06-23T14:02:20,0.002,2.49
ip_shuffle,20260623T140220_217607,of:0000000000000005:1 -> of:000000000000000c:5,0.002,0.0025,0.002,0.002,2.43,2026-06-23T14:02:20,0.002,2.49
ip_shuffle,20260623T140220_217607,of:000000000000000a:1 -> of:000000000000000d:6,0.002,0.0025,0.002,0.002,1.6,2026-06-23T14:02:20,0.002,1.63
ip_shuffle,20260623T140220_217607,of:000000000000000b:3 -> of:000000000000000d:2,0.002,0.0025,0.002,0.002,1.96,2026-06-23T14:02:20,0.002,1.96
ip_shuffle,20260623T140220_217607,of:000000000000000c:3 -> of:000000000000000d:3,0.002,0.0025,0.002,0.002,1.99,2026-06-23T14:02:20,0.002,1.99
ip_shuffle,20260623T140220_217607,of:0000000000000005:2 -> of:0000000000000009:3,0.002,0.0025,0.002,0.002,1.96,2026-06-23T14:02:20,0.002,1.96
ip_shuffle,20260623T140220_217607,of:0000000000000001:1 -> of:000000000000000b:1,0.002,0.0025,0.002,0.002,2.69,2026-06-23T14:02:20,0.002,2.66
ip_shuffle,20260623T140220_217607,of:000000000000000b:2 -> of:000000000000000c:2,0.002,0.0025,0.002,0.002,2.03,2026-06-23T14:02:20,0.002,2.03
ip_shuffle,20260623T140220_217607,of:0000000000000001:2 -> of:000000000000000c:1,0.003,0.00375,0.003,0.003,3.29,2026-06-23T14:02:20,0.003,3.22
ip_shuffle,20260623T140220_217607,of:0000000000000006:2 -> of:000000000000000a:2,0.002,0.0025,0.002,0.002,1.99,2026-06-23T14:02:20,0.002,1.99
ip_shuffle,20260623T140220_217607,of:0000000000000001:3 -> of:000000000000000d:1,0.002,0.0025,0.002,0.002,2.13,2026-06-23T14:02:20,0.002,2.23
ip_shuffle,20260623T140220_217607,of:0000000000000003:1 -> of:000000000000000b:5,0.002,0.0025,0.002,0.002,2.63,2026-06-23T14:02:20,0.002,2.66
ip_shuffle,20260623T140220_217607,of:0000000000000006:1 -> of:000000000000000d:4,0.002,0.0025,0.002,0.002,2.06,2026-06-23T14:02:20,0.002,2.03
ip_shuffle,20260623T140220_217607,of:0000000000000007:2 -> of:000000000000000a:3,0.002,0.0025,0.002,0.002,1.99,2026-06-23T14:02:20,0.002,1.99
ip_shuffle,20260623T140220_217607,of:0000000000000007:1 -> of:000000000000000d:5,0.002,0.0025,0.002,0.002,1.76,2026-06-23T14:02:20,0.002,1.8
ip_shuffle,20260623T140220_217607,of:0000000000000002:2 -> of:0000000000000008:2,0.002,0.0025,0.002,0.002,1.96,2026-06-23T14:02:20,0.002,1.96
ip_shuffle,20260623T140220_217607,of:0000000000000003:2 -> of:0000000000000008:3,0.002,0.0025,0.002,0.002,1.96,2026-06-23T14:02:20,0.002,1.96
ip_shuffle,20260623T140220_217607,of:0000000000000008:1 -> of:000000000000000b:6,0.002,0.0025,0.002,0.002,1.66,2026-06-23T14:02:20,0.002,1.66
ip_shuffle,20260623T140220_217607,of:0000000000000004:2 -> of:0000000000000009:2,0.002,0.0025,0.002,0.002,1.96,2026-06-23T14:02:20,0.002,1.96
ip_shuffle,20260623T140220_217607,of:0000000000000002:1 -> of:000000000000000b:4,0.002,0.0025,0.002,0.002,1.66,2026-06-23T14:02:20,0.002,1.7
ip_shuffle,20260623T140220_217607,of:0000000000000009:1 -> of:000000000000000c:6,0.002,0.0025,0.002,0.002,1.66,2026-06-23T14:02:20,0.002,1.7
ip_shuffle,20260623T140324_318657,of:0000000000000004:1 -> of:000000000000000c:4,0.002,0.0025,0.002,0.002,1.46,2026-06-23T14:03:24,0.002,1.43
ip_shuffle,20260623T140324_318657,of:0000000000000005:1 -> of:000000000000000c:5,0.002,0.0025,0.002,0.002,1.46,2026-06-23T14:03:24,0.002,1.43
ip_shuffle,20260623T140324_318657,of:000000000000000a:1 -> of:000000000000000d:6,0.001,0.00125,0.001,0.001,1.36,2026-06-23T14:03:24,0.001,1.36
ip_shuffle,20260623T140324_318657,of:000000000000000b:3 -> of:000000000000000d:2,0.001,0.00125,0.001,0.001,1.46,2026-06-23T14:03:24,0.001,1.46
ip_shuffle,20260623T140324_318657,of:000000000000000c:3 -> of:000000000000000d:3,0.002,0.0025,0.002,0.002,1.53,2026-06-23T14:03:24,0.002,1.53
ip_shuffle,20260623T140324_318657,of:0000000000000005:2 -> of:0000000000000009:3,0.001,0.00125,0.001,0.001,1.5,2026-06-23T14:03:24,0.001,1.5
ip_shuffle,20260623T140324_318657,of:0000000000000001:1 -> of:000000000000000b:1,0.002,0.0025,0.002,0.002,1.66,2026-06-23T14:03:24,0.002,1.73
ip_shuffle,20260623T140324_318657,of:000000000000000b:2 -> of:000000000000000c:2,0.001,0.00125,0.001,0.001,1.46,2026-06-23T14:03:24,0.001,1.46
ip_shuffle,20260623T140324_318657,of:0000000000000001:2 -> of:000000000000000c:1,0.002,0.0025,0.002,0.002,1.43,2026-06-23T14:03:24,0.002,1.5
ip_shuffle,20260623T140324_318657,of:0000000000000006:2 -> of:000000000000000a:2,0.001,0.00125,0.001,0.001,1.46,2026-06-23T14:03:24,0.001,1.4
ip_shuffle,20260623T140324_318657,of:0000000000000001:3 -> of:000000000000000d:1,0.002,0.0025,0.002,0.002,2.1,2026-06-23T14:03:24,0.002,2.06
ip_shuffle,20260623T140324_318657,of:0000000000000003:1 -> of:000000000000000b:5,0.001,0.00125,0.001,0.001,1.43,2026-06-23T14:03:24,0.001,1.36
ip_shuffle,20260623T140324_318657,of:0000000000000006:1 -> of:000000000000000d:4,0.002,0.0025,0.002,0.002,1.93,2026-06-23T14:03:24,0.002,1.86
ip_shuffle,20260623T140324_318657,of:0000000000000007:2 -> of:000000000000000a:3,0.001,0.00125,0.001,0.001,1.4,2026-06-23T14:03:24,0.001,1.4
ip_shuffle,20260623T140324_318657,of:0000000000000007:1 -> of:000000000000000d:5,0.001,0.00125,0.001,0.001,1.36,2026-06-23T14:03:24,0.001,1.36
ip_shuffle,20260623T140324_318657,of:0000000000000002:2 -> of:0000000000000008:2,0.001,0.00125,0.001,0.001,1.53,2026-06-23T14:03:24,0.001,1.53
ip_shuffle,20260623T140324_318657,of:0000000000000003:2 -> of:0000000000000008:3,0.001,0.00125,0.001,0.001,1.53,2026-06-23T14:03:24,0.001,1.53
ip_shuffle,20260623T140324_318657,of:0000000000000008:1 -> of:000000000000000b:6,0.001,0.00125,0.001,0.001,1.3,2026-06-23T14:03:24,0.001,1.3
ip_shuffle,20260623T140324_318657,of:0000000000000004:2 -> of:0000000000000009:2,0.001,0.00125,0.001,0.001,1.5,2026-06-23T14:03:24,0.001,1.5
ip_shuffle,20260623T140324_318657,of:0000000000000002:1 -> of:000000000000000b:4,0.002,0.0025,0.002,0.002,1.73,2026-06-23T14:03:24,0.002,1.66
ip_shuffle,20260623T140324_318657,of:0000000000000009:1 -> of:000000000000000c:6,0.001,0.00125,0.001,0.001,1.36,2026-06-23T14:03:24,0.001,1.36
ip_shuffle,20260623T140421_808903,of:0000000000000004:1 -> of:000000000000000c:4,0.002,0.0025,0.002,0.002,2.1,2026-06-23T14:04:21,0.002,2.06
ip_shuffle,20260623T140421_808903,of:0000000000000005:1 -> of:000000000000000c:5,0.002,0.0025,0.002,0.002,2.1,2026-06-23T14:04:21,0.002,2.06
ip_shuffle,20260623T140421_808903,of:000000000000000a:1 -> of:000000000000000d:6,0.002,0.0025,0.002,0.002,2.16,2026-06-23T14:04:21,0.002,2.13
ip_shuffle,20260623T140421_808903,of:000000000000000b:3 -> of:000000000000000d:2,0.002,0.0025,0.002,0.002,2.96,2026-06-23T14:04:21,0.002,2.96
ip_shuffle,20260623T140421_808903,of:000000000000000c:3 -> of:000000000000000d:3,0.002,0.0025,0.002,0.002,2.93,2026-06-23T14:04:21,0.002,2.93
ip_shuffle,20260623T140421_808903,of:0000000000000005:2 -> of:0000000000000009:3,0.002,0.0025,0.002,0.002,2.93,2026-06-23T14:04:21,0.002,2.93
ip_shuffle,20260623T140421_808903,of:0000000000000001:1 -> of:000000000000000b:1,0.002,0.0025,0.002,0.002,2.1,2026-06-23T14:04:21,0.002,2.1
ip_shuffle,20260623T140421_808903,of:000000000000000b:2 -> of:000000000000000c:2,0.002,0.0025,0.002,0.002,2.96,2026-06-23T14:04:21,0.002,2.96
ip_shuffle,20260623T140421_808903,of:0000000000000001:2 -> of:000000000000000c:1,0.002,0.0025,0.002,0.002,2.06,2026-06-23T14:04:21,0.002,2.1
ip_shuffle,20260623T140421_808903,of:0000000000000006:2 -> of:000000000000000a:2,0.002,0.0025,0.002,0.002,3.0,2026-06-23T14:04:21,0.002,3.0
ip_shuffle,20260623T140421_808903,of:0000000000000001:3 -> of:000000000000000d:1,0.004,0.005,0.004,0.004,4.83,2026-06-23T14:04:21,0.004,4.86
ip_shuffle,20260623T140421_808903,of:0000000000000003:1 -> of:000000000000000b:5,0.002,0.0025,0.002,0.002,2.1,2026-06-23T14:04:21,0.002,2.1
ip_shuffle,20260623T140421_808903,of:0000000000000006:1 -> of:000000000000000d:4,0.003,0.00375,0.003,0.003,3.33,2026-06-23T14:04:21,0.003,3.36
ip_shuffle,20260623T140421_808903,of:0000000000000007:2 -> of:000000000000000a:3,0.002,0.0025,0.002,0.002,3.0,2026-06-23T14:04:21,0.002,3.0
ip_shuffle,20260623T140421_808903,of:0000000000000007:1 -> of:000000000000000d:5,0.003,0.00375,0.003,0.003,3.7,2026-06-23T14:04:21,0.003,3.63
ip_shuffle,20260623T140421_808903,of:0000000000000002:2 -> of:0000000000000008:2,0.002,0.0025,0.002,0.002,2.93,2026-06-23T14:04:21,0.002,2.93
ip_shuffle,20260623T140421_808903,of:0000000000000003:2 -> of:0000000000000008:3,0.002,0.0025,0.002,0.002,2.93,2026-06-23T14:04:21,0.002,2.93
ip_shuffle,20260623T140421_808903,of:0000000000000008:1 -> of:000000000000000b:6,0.002,0.0025,0.002,0.002,2.16,2026-06-23T14:04:21,0.002,2.16
ip_shuffle,20260623T140421_808903,of:0000000000000004:2 -> of:0000000000000009:2,0.002,0.0025,0.002,0.002,2.93,2026-06-23T14:04:21,0.002,2.93
ip_shuffle,20260623T140421_808903,of:0000000000000002:1 -> of:000000000000000b:4,0.002,0.0025,0.002,0.002,2.1,2026-06-23T14:04:21,0.002,2.1
ip_shuffle,20260623T140421_808903,of:0000000000000009:1 -> of:000000000000000c:6,0.002,0.0025,0.002,0.002,2.16,2026-06-23T14:04:21,0.002,2.13
route_mutation,20260623T140519_506334,of:0000000000000004:1 -> of:000000000000000c:4,0.002,0.0025,0.002,0.002,2.26,2026-06-23T14:05:19,0.002,2.23
route_mutation,20260623T140519_506334,of:0000000000000005:1 -> of:000000000000000c:5,0.002,0.0025,0.002,0.002,1.73,2026-06-23T14:05:19,0.002,1.7
route_mutation,20260623T140519_506334,of:000000000000000a:1 -> of:000000000000000d:6,0.001,0.00125,0.001,0.001,1.46,2026-06-23T14:05:19,0.001,1.43
route_mutation,20260623T140519_506334,of:000000000000000b:3 -> of:000000000000000d:2,0.002,0.0025,0.002,0.002,1.63,2026-06-23T14:05:19,0.002,1.63
route_mutation,20260623T140519_506334,of:000000000000000c:3 -> of:000000000000000d:3,0.001,0.00125,0.001,0.001,1.53,2026-06-23T14:05:19,0.001,1.53
route_mutation,20260623T140519_506334,of:0000000000000005:2 -> of:0000000000000009:3,0.002,0.0025,0.002,0.002,1.73,2026-06-23T14:05:19,0.002,1.73
route_mutation,20260623T140519_506334,of:0000000000000001:1 -> of:000000000000000b:1,0.003,0.00375,0.003,0.003,3.6,2026-06-23T14:05:19,0.003,3.6
route_mutation,20260623T140519_506334,of:000000000000000b:2 -> of:000000000000000c:2,0.002,0.0025,0.002,0.002,1.63,2026-06-23T14:05:19,0.002,1.63
route_mutation,20260623T140519_506334,of:0000000000000001:2 -> of:000000000000000c:1,0.002,0.0025,0.002,0.002,2.43,2026-06-23T14:05:19,0.002,2.5
route_mutation,20260623T140519_506334,of:0000000000000006:2 -> of:000000000000000a:2,0.002,0.0025,0.002,0.002,1.76,2026-06-23T14:05:19,0.002,1.76
route_mutation,20260623T140519_506334,of:0000000000000001:3 -> of:000000000000000d:1,0.002,0.0025,0.002,0.002,1.53,2026-06-23T14:05:19,0.002,1.56
route_mutation,20260623T140519_506334,of:0000000000000003:1 -> of:000000000000000b:5,0.002,0.0025,0.002,0.002,2.6,2026-06-23T14:05:19,0.002,2.6
route_mutation,20260623T140519_506334,of:0000000000000006:1 -> of:000000000000000d:4,0.001,0.00125,0.001,0.001,1.46,2026-06-23T14:05:19,0.001,1.43
route_mutation,20260623T140519_506334,of:0000000000000007:2 -> of:000000000000000a:3,0.002,0.0025,0.002,0.002,1.73,2026-06-23T14:05:19,0.002,1.73
route_mutation,20260623T140519_506334,of:0000000000000007:1 -> of:000000000000000d:5,0.002,0.0025,0.002,0.002,1.5,2026-06-23T14:05:19,0.001,1.46
route_mutation,20260623T140519_506334,of:0000000000000002:2 -> of:0000000000000008:2,0.002,0.0025,0.002,0.002,1.73,2026-06-23T14:05:19,0.002,1.73
route_mutation,20260623T140519_506334,of:0000000000000003:2 -> of:0000000000000008:3,0.002,0.0025,0.002,0.002,1.73,2026-06-23T14:05:19,0.002,1.73
route_mutation,20260623T140519_506334,of:0000000000000008:1 -> of:000000000000000b:6,0.002,0.0025,0.002,0.002,1.53,2026-06-23T14:05:19,0.002,1.53
route_mutation,20260623T140519_506334,of:0000000000000004:2 -> of:0000000000000009:2,0.002,0.0025,0.002,0.002,1.76,2026-06-23T14:05:19,0.002,1.76
route_mutation,20260623T140519_506334,of:0000000000000002:1 -> of:000000000000000b:4,0.002,0.0025,0.002,0.002,2.56,2026-06-23T14:05:19,0.002,2.56
route_mutation,20260623T140519_506334,of:0000000000000009:1 -> of:000000000000000c:6,0.001,0.00125,0.001,0.001,1.5,2026-06-23T14:05:19,0.001,1.46
ip_shuffle,20260623T140549_859002,of:0000000000000004:1 -> of:000000000000000c:4,0.002,0.0025,0.002,0.002,2.03,2026-06-23T14:05:49,0.002,2.06
ip_shuffle,20260623T140549_859002,of:0000000000000005:1 -> of:000000000000000c:5,0.002,0.0025,0.002,0.002,2.56,2026-06-23T14:05:49,0.002,2.6
ip_shuffle,20260623T140549_859002,of:000000000000000a:1 -> of:000000000000000d:6,0.002,0.0025,0.002,0.002,2.13,2026-06-23T14:05:49,0.002,2.13
ip_shuffle,20260623T140549_859002,of:000000000000000b:3 -> of:000000000000000d:2,0.002,0.0025,0.002,0.002,2.93,2026-06-23T14:05:49,0.002,2.93
ip_shuffle,20260623T140549_859002,of:000000000000000c:3 -> of:000000000000000d:3,0.002,0.0025,0.002,0.002,2.93,2026-06-23T14:05:49,0.002,2.93
ip_shuffle,20260623T140549_859002,of:0000000000000005:2 -> of:0000000000000009:3,0.002,0.0025,0.002,0.002,2.83,2026-06-23T14:05:49,0.002,2.83
ip_shuffle,20260623T140549_859002,of:0000000000000001:1 -> of:000000000000000b:1,0.002,0.0025,0.002,0.002,2.06,2026-06-23T14:05:49,0.002,2.0
ip_shuffle,20260623T140549_859002,of:000000000000000b:2 -> of:000000000000000c:2,0.002,0.0025,0.002,0.002,2.93,2026-06-23T14:05:49,0.002,2.93
ip_shuffle,20260623T140549_859002,of:0000000000000001:2 -> of:000000000000000c:1,0.002,0.0025,0.002,0.002,2.66,2026-06-23T14:05:49,0.002,2.56
ip_shuffle,20260623T140549_859002,of:0000000000000006:2 -> of:000000000000000a:2,0.002,0.0025,0.002,0.002,2.9,2026-06-23T14:05:49,0.002,2.9
ip_shuffle,20260623T140549_859002,of:0000000000000001:3 -> of:000000000000000d:1,0.003,0.00375,0.003,0.003,3.8,2026-06-23T14:05:49,0.003,3.9
ip_shuffle,20260623T140549_859002,of:0000000000000003:1 -> of:000000000000000b:5,0.002,0.0025,0.002,0.002,2.0,2026-06-23T14:05:49,0.002,2.06
ip_shuffle,20260623T140549_859002,of:0000000000000006:1 -> of:000000000000000d:4,0.003,0.00375,0.003,0.003,3.4,2026-06-23T14:05:49,0.003,3.43
ip_shuffle,20260623T140549_859002,of:0000000000000007:2 -> of:000000000000000a:3,0.002,0.0025,0.002,0.002,2.9,2026-06-23T14:05:49,0.002,2.9
ip_shuffle,20260623T140549_859002,of:0000000000000007:1 -> of:000000000000000d:5,0.002,0.0025,0.002,0.002,2.7,2026-06-23T14:05:49,0.002,2.6
ip_shuffle,20260623T140549_859002,of:0000000000000002:2 -> of:0000000000000008:2,0.002,0.0025,0.002,0.002,2.8,2026-06-23T14:05:49,0.002,2.8
ip_shuffle,20260623T140549_859002,of:0000000000000003:2 -> of:0000000000000008:3,0.002,0.0025,0.002,0.002,2.8,2026-06-23T14:05:49,0.002,2.8
ip_shuffle,20260623T140549_859002,of:0000000000000008:1 -> of:000000000000000b:6,0.002,0.0025,0.002,0.002,2.13,2026-06-23T14:05:49,0.002,2.13
ip_shuffle,20260623T140549_859002,of:0000000000000004:2 -> of:0000000000000009:2,0.002,0.0025,0.002,0.002,2.83,2026-06-23T14:05:49,0.002,2.83
ip_shuffle,20260623T140549_859002,of:0000000000000002:1 -> of:000000000000000b:4,0.002,0.0025,0.002,0.002,2.0,2026-06-23T14:05:49,0.002,2.06
ip_shuffle,20260623T140549_859002,of:0000000000000009:1 -> of:000000000000000c:6,0.002,0.0025,0.002,0.002,2.13,2026-06-23T14:05:49,0.002,2.13
ip_shuffle,20260623T140647_572441,of:0000000000000004:1 -> of:000000000000000c:4,0.001,0.00125,0.001,0.001,1.37,2026-06-23T14:06:47,0.001,1.37
ip_shuffle,20260623T140647_572441,of:0000000000000005:1 -> of:000000000000000c:5,0.001,0.00125,0.001,0.001,1.37,2026-06-23T14:06:47,0.001,1.37
ip_shuffle,20260623T140647_572441,of:000000000000000a:1 -> of:000000000000000d:6,0.001,0.00125,0.001,0.001,1.37,2026-06-23T14:06:47,0.001,1.37
ip_shuffle,20260623T140647_572441,of:000000000000000b:3 -> of:000000000000000d:2,0.001,0.00125,0.001,0.001,1.4,2026-06-23T14:06:47,0.001,1.4
ip_shuffle,20260623T140647_572441,of:000000000000000c:3 -> of:000000000000000d:3,0.001,0.00125,0.001,0.001,1.4,2026-06-23T14:06:47,0.001,1.4
ip_shuffle,20260623T140647_572441,of:0000000000000005:2 -> of:0000000000000009:3,0.002,0.0025,0.002,0.002,1.53,2026-06-23T14:06:47,0.002,1.53
ip_shuffle,20260623T140647_572441,of:0000000000000001:1 -> of:000000000000000b:1,0.002,0.0025,0.002,0.002,1.73,2026-06-23T14:06:47,0.002,1.73
ip_shuffle,20260623T140647_572441,of:000000000000000b:2 -> of:000000000000000c:2,0.001,0.00125,0.001,0.001,1.4,2026-06-23T14:06:47,0.001,1.4
ip_shuffle,20260623T140647_572441,of:0000000000000001:2 -> of:000000000000000c:1,0.001,0.00125,0.001,0.001,1.37,2026-06-23T14:06:47,0.001,1.37
ip_shuffle,20260623T140647_572441,of:0000000000000006:2 -> of:000000000000000a:2,0.002,0.0025,0.002,0.001,1.47,2026-06-23T14:06:47,0.002,1.53
ip_shuffle,20260623T140647_572441,of:0000000000000001:3 -> of:000000000000000d:1,0.001,0.00125,0.001,0.001,1.4,2026-06-23T14:06:47,0.001,1.4
ip_shuffle,20260623T140647_572441,of:0000000000000003:1 -> of:000000000000000b:5,0.001,0.00125,0.001,0.001,1.37,2026-06-23T14:06:47,0.001,1.37
ip_shuffle,20260623T140647_572441,of:0000000000000006:1 -> of:000000000000000d:4,0.001,0.00125,0.001,0.001,1.37,2026-06-23T14:06:47,0.001,1.37
ip_shuffle,20260623T140647_572441,of:0000000000000007:2 -> of:000000000000000a:3,0.002,0.0025,0.002,0.002,1.53,2026-06-23T14:06:47,0.002,1.53
ip_shuffle,20260623T140647_572441,of:0000000000000007:1 -> of:000000000000000d:5,0.001,0.00125,0.001,0.001,1.37,2026-06-23T14:06:47,0.001,1.37
ip_shuffle,20260623T140647_572441,of:0000000000000002:2 -> of:0000000000000008:2,0.002,0.0025,0.002,0.002,1.53,2026-06-23T14:06:47,0.002,1.53
ip_shuffle,20260623T140647_572441,of:0000000000000003:2 -> of:0000000000000008:3,0.002,0.0025,0.002,0.002,1.53,2026-06-23T14:06:47,0.002,1.53
ip_shuffle,20260623T140647_572441,of:0000000000000008:1 -> of:000000000000000b:6,0.001,0.00125,0.001,0.001,1.37,2026-06-23T14:06:47,0.001,1.37
ip_shuffle,20260623T140647_572441,of:0000000000000004:2 -> of:0000000000000009:2,0.002,0.0025,0.002,0.002,1.53,2026-06-23T14:06:47,0.002,1.53
ip_shuffle,20260623T140647_572441,of:0000000000000002:1 -> of:000000000000000b:4,0.002,0.0025,0.002,0.002,1.8,2026-06-23T14:06:47,0.002,1.8
ip_shuffle,20260623T140647_572441,of:0000000000000009:1 -> of:000000000000000c:6,0.001,0.00125,0.001,0.001,1.37,2026-06-23T14:06:47,0.001,1.37
ip_shuffle,20260623T140745_223714,of:0000000000000004:1 -> of:000000000000000c:4,0.002,0.0025,0.002,0.002,2.16,2026-06-23T14:07:45,0.002,2.16
ip_shuffle,20260623T140745_223714,of:0000000000000005:1 -> of:000000000000000c:5,0.002,0.0025,0.002,0.002,2.16,2026-06-23T14:07:45,0.002,2.16
ip_shuffle,20260623T140745_223714,of:000000000000000a:1 -> of:000000000000000d:6,0.002,0.0025,0.002,0.002,2.23,2026-06-23T14:07:45,0.002,2.23
ip_shuffle,20260623T140745_223714,of:000000000000000b:3 -> of:000000000000000d:2,0.002,0.0025,0.002,0.002,3.13,2026-06-23T14:07:45,0.002,3.13
ip_shuffle,20260623T140745_223714,of:000000000000000c:3 -> of:000000000000000d:3,0.002,0.0025,0.002,0.002,3.13,2026-06-23T14:07:45,0.002,3.13
ip_shuffle,20260623T140745_223714,of:0000000000000005:2 -> of:0000000000000009:3,0.002,0.0025,0.002,0.002,2.99,2026-06-23T14:07:45,0.002,2.99
ip_shuffle,20260623T140745_223714,of:0000000000000001:1 -> of:000000000000000b:1,0.002,0.0025,0.002,0.002,2.23,2026-06-23T14:07:45,0.002,2.23
ip_shuffle,20260623T140745_223714,of:000000000000000b:2 -> of:000000000000000c:2,0.002,0.0025,0.002,0.002,3.13,2026-06-23T14:07:45,0.002,3.13
ip_shuffle,20260623T140745_223714,of:0000000000000001:2 -> of:000000000000000c:1,0.002,0.0025,0.002,0.002,2.23,2026-06-23T14:07:45,0.002,2.23
ip_shuffle,20260623T140745_223714,of:0000000000000006:2 -> of:000000000000000a:2,0.002,0.0025,0.002,0.002,3.06,2026-06-23T14:07:45,0.002,3.06
ip_shuffle,20260623T140745_223714,of:0000000000000001:3 -> of:000000000000000d:1,0.003,0.00375,0.003,0.003,4.39,2026-06-23T14:07:45,0.003,4.39
ip_shuffle,20260623T140745_223714,of:0000000000000003:1 -> of:000000000000000b:5,0.002,0.0025,0.002,0.002,2.23,2026-06-23T14:07:45,0.002,2.23
ip_shuffle,20260623T140745_223714,of:0000000000000006:1 -> of:000000000000000d:4,0.003,0.00375,0.003,0.003,3.19,2026-06-23T14:07:45,0.003,3.29
ip_shuffle,20260623T140745_223714,of:0000000000000007:2 -> of:000000000000000a:3,0.002,0.0025,0.002,0.002,3.06,2026-06-23T14:07:45,0.002,3.06
ip_shuffle,20260623T140745_223714,of:0000000000000007:1 -> of:000000000000000d:5,0.003,0.00375,0.003,0.003,3.29,2026-06-23T14:07:45,0.003,3.19
ip_shuffle,20260623T140745_223714,of:0000000000000002:2 -> of:0000000000000008:2,0.002,0.0025,0.002,0.002,3.06,2026-06-23T14:07:45,0.002,3.06
ip_shuffle,20260623T140745_223714,of:0000000000000003:2 -> of:0000000000000008:3,0.002,0.0025,0.002,0.002,3.06,2026-06-23T14:07:45,0.002,3.06
ip_shuffle,20260623T140745_223714,of:0000000000000008:1 -> of:000000000000000b:6,0.002,0.0025,0.002,0.002,2.16,2026-06-23T14:07:45,0.002,2.16
ip_shuffle,20260623T140745_223714,of:0000000000000004:2 -> of:0000000000000009:2,0.002,0.0025,0.002,0.002,2.99,2026-06-23T14:07:45,0.002,2.99
ip_shuffle,20260623T140745_223714,of:0000000000000002:1 -> of:000000000000000b:4,0.002,0.0025,0.002,0.002,2.23,2026-06-23T14:07:45,0.002,2.23
ip_shuffle,20260623T140745_223714,of:0000000000000009:1 -> of:000000000000000c:6,0.002,0.0025,0.002,0.002,2.16,2026-06-23T14:07:45,0.002,2.16
route_mutation,20260623T140843_010361,of:0000000000000004:1 -> of:000000000000000c:4,0.002,0.0025,0.002,0.002,2.23,2026-06-23T14:08:43,0.002,2.23
route_mutation,20260623T140843_010361,of:0000000000000005:1 -> of:000000000000000c:5,0.002,0.0025,0.002,0.002,1.57,2026-06-23T14:08:43,0.002,1.57
route_mutation,20260623T140843_010361,of:000000000000000a:1 -> of:000000000000000d:6,0.002,0.0025,0.002,0.002,1.53,2026-06-23T14:08:43,0.002,1.53
route_mutation,20260623T140843_010361,of:000000000000000b:3 -> of:000000000000000d:2,0.002,0.0025,0.002,0.002,1.73,2026-06-23T14:08:43,0.002,1.73
route_mutation,20260623T140843_010361,of:000000000000000c:3 -> of:000000000000000d:3,0.002,0.0025,0.002,0.002,1.73,2026-06-23T14:08:43,0.002,1.73
route_mutation,20260623T140843_010361,of:0000000000000005:2 -> of:0000000000000009:3,0.002,0.0025,0.002,0.002,1.73,2026-06-23T14:08:43,0.002,1.73
route_mutation,20260623T140843_010361,of:0000000000000001:1 -> of:000000000000000b:1,0.003,0.00375,0.003,0.003,3.53,2026-06-23T14:08:43,0.003,3.53
route_mutation,20260623T140843_010361,of:000000000000000b:2 -> of:000000000000000c:2,0.002,0.0025,0.002,0.002,1.73,2026-06-23T14:08:43,0.002,1.73
route_mutation,20260623T140843_010361,of:0000000000000001:2 -> of:000000000000000c:1,0.002,0.0025,0.002,0.002,2.2,2026-06-23T14:08:43,0.002,2.16
route_mutation,20260623T140843_010361,of:0000000000000006:2 -> of:000000000000000a:2,0.002,0.0025,0.002,0.002,1.73,2026-06-23T14:08:43,0.002,1.73
route_mutation,20260623T140843_010361,of:0000000000000001:3 -> of:000000000000000d:1,0.001,0.00125,0.001,0.001,1.47,2026-06-23T14:08:43,0.001,1.47
route_mutation,20260623T140843_010361,of:0000000000000003:1 -> of:000000000000000b:5,0.002,0.0025,0.002,0.002,2.5,2026-06-23T14:08:43,0.002,2.5
route_mutation,20260623T140843_010361,of:0000000000000006:1 -> of:000000000000000d:4,0.002,0.0025,0.002,0.002,1.53,2026-06-23T14:08:43,0.002,1.53
route_mutation,20260623T140843_010361,of:0000000000000007:2 -> of:000000000000000a:3,0.002,0.0025,0.002,0.002,1.73,2026-06-23T14:08:43,0.002,1.73
route_mutation,20260623T140843_010361,of:0000000000000007:1 -> of:000000000000000d:5,0.002,0.0025,0.002,0.002,1.53,2026-06-23T14:08:43,0.002,1.53
route_mutation,20260623T140843_010361,of:0000000000000002:2 -> of:0000000000000008:2,0.002,0.0025,0.002,0.002,1.67,2026-06-23T14:08:43,0.002,1.67
route_mutation,20260623T140843_010361,of:0000000000000003:2 -> of:0000000000000008:3,0.002,0.0025,0.002,0.002,1.67,2026-06-23T14:08:43,0.002,1.67
route_mutation,20260623T140843_010361,of:0000000000000008:1 -> of:000000000000000b:6,0.002,0.0025,0.002,0.002,1.53,2026-06-23T14:08:43,0.002,1.53
route_mutation,20260623T140843_010361,of:0000000000000004:2 -> of:0000000000000009:2,0.002,0.0025,0.002,0.002,1.73,2026-06-23T14:08:43,0.002,1.73
route_mutation,20260623T140843_010361,of:0000000000000002:1 -> of:000000000000000b:4,0.002,0.0025,0.002,0.002,2.5,2026-06-23T14:08:43,0.002,2.5
route_mutation,20260623T140843_010361,of:0000000000000009:1 -> of:000000000000000c:6,0.002,0.0025,0.002,0.002,1.53,2026-06-23T14:08:43,0.002,1.53
ip_shuffle,20260623T140913_289539,of:0000000000000004:1 -> of:000000000000000c:4,0.002,0.0025,0.002,0.002,2.03,2026-06-23T14:09:13,0.002,2.06
ip_shuffle,20260623T140913_289539,of:0000000000000005:1 -> of:000000000000000c:5,0.002,0.0025,0.002,0.002,2.7,2026-06-23T14:09:13,0.002,2.73
ip_shuffle,20260623T140913_289539,of:000000000000000a:1 -> of:000000000000000d:6,0.002,0.0025,0.002,0.002,2.03,2026-06-23T14:09:13,0.002,2.06
ip_shuffle,20260623T140913_289539,of:000000000000000b:3 -> of:000000000000000d:2,0.002,0.0025,0.002,0.002,2.76,2026-06-23T14:09:13,0.002,2.76
ip_shuffle,20260623T140913_289539,of:000000000000000c:3 -> of:000000000000000d:3,0.002,0.0025,0.002,0.002,2.76,2026-06-23T14:09:13,0.002,2.76
ip_shuffle,20260623T140913_289539,of:0000000000000005:2 -> of:0000000000000009:3,0.002,0.0025,0.002,0.002,2.63,2026-06-23T14:09:13,0.002,2.63
ip_shuffle,20260623T140913_289539,of:0000000000000001:1 -> of:000000000000000b:1,0.002,0.0025,0.002,0.002,2.03,2026-06-23T14:09:13,0.002,1.96
ip_shuffle,20260623T140913_289539,of:000000000000000b:2 -> of:000000000000000c:2,0.002,0.0025,0.002,0.002,2.73,2026-06-23T14:09:13,0.002,2.73
ip_shuffle,20260623T140913_289539,of:0000000000000001:2 -> of:000000000000000c:1,0.002,0.0025,0.002,0.002,2.9,2026-06-23T14:09:13,0.002,2.86
ip_shuffle,20260623T140913_289539,of:0000000000000006:2 -> of:000000000000000a:2,0.002,0.0025,0.002,0.002,2.63,2026-06-23T14:09:13,0.002,2.63
ip_shuffle,20260623T140913_289539,of:0000000000000001:3 -> of:000000000000000d:1,0.003,0.00375,0.003,0.003,3.56,2026-06-23T14:09:13,0.003,3.73
ip_shuffle,20260623T140913_289539,of:0000000000000003:1 -> of:000000000000000b:5,0.002,0.0025,0.002,0.002,2.0,2026-06-23T14:09:13,0.002,2.03
ip_shuffle,20260623T140913_289539,of:0000000000000006:1 -> of:000000000000000d:4,0.003,0.00375,0.003,0.003,3.23,2026-06-23T14:09:13,0.003,3.3
ip_shuffle,20260623T140913_289539,of:0000000000000007:2 -> of:000000000000000a:3,0.002,0.0025,0.002,0.002,2.66,2026-06-23T14:09:13,0.002,2.66
ip_shuffle,20260623T140913_289539,of:0000000000000007:1 -> of:000000000000000d:5,0.002,0.0025,0.002,0.002,2.36,2026-06-23T14:09:13,0.002,2.3
ip_shuffle,20260623T140913_289539,of:0000000000000002:2 -> of:0000000000000008:2,0.002,0.0025,0.002,0.002,2.63,2026-06-23T14:09:13,0.002,2.63
ip_shuffle,20260623T140913_289539,of:0000000000000003:2 -> of:0000000000000008:3,0.002,0.0025,0.002,0.002,2.63,2026-06-23T14:09:13,0.002,2.63
ip_shuffle,20260623T140913_289539,of:0000000000000008:1 -> of:000000000000000b:6,0.002,0.0025,0.002,0.002,1.96,2026-06-23T14:09:13,0.002,1.96
ip_shuffle,20260623T140913_289539,of:0000000000000004:2 -> of:0000000000000009:2,0.002,0.0025,0.002,0.002,2.63,2026-06-23T14:09:13,0.002,2.63
ip_shuffle,20260623T140913_289539,of:0000000000000002:1 -> of:000000000000000b:4,0.002,0.0025,0.002,0.002,2.0,2026-06-23T14:09:13,0.002,2.03
ip_shuffle,20260623T140913_289539,of:0000000000000009:1 -> of:000000000000000c:6,0.002,0.0025,0.002,0.002,2.03,2026-06-23T14:09:13,0.002,2.03
ip_shuffle,20260623T141010_950678,of:0000000000000004:1 -> of:000000000000000c:4,0.002,0.0025,0.002,0.002,1.43,2026-06-23T14:10:10,0.002,1.47
ip_shuffle,20260623T141010_950678,of:0000000000000005:1 -> of:000000000000000c:5,0.002,0.0025,0.002,0.002,1.43,2026-06-23T14:10:10,0.002,1.47
ip_shuffle,20260623T141010_950678,of:000000000000000a:1 -> of:000000000000000d:6,0.002,0.0025,0.002,0.002,1.47,2026-06-23T14:10:10,0.002,1.47
ip_shuffle,20260623T141010_950678,of:000000000000000b:3 -> of:000000000000000d:2,0.002,0.0025,0.002,0.002,1.6,2026-06-23T14:10:10,0.002,1.6
ip_shuffle,20260623T141010_950678,of:000000000000000c:3 -> of:000000000000000d:3,0.002,0.0025,0.002,0.002,1.6,2026-06-23T14:10:10,0.002,1.6
ip_shuffle,20260623T141010_950678,of:0000000000000005:2 -> of:0000000000000009:3,0.002,0.0025,0.002,0.002,1.53,2026-06-23T14:10:10,0.002,1.53
ip_shuffle,20260623T141010_950678,of:0000000000000001:1 -> of:000000000000000b:1,0.003,0.00375,0.003,0.003,3.13,2026-06-23T14:10:10,0.003,3.13
ip_shuffle,20260623T141010_950678,of:000000000000000b:2 -> of:000000000000000c:2,0.002,0.0025,0.002,0.002,1.6,2026-06-23T14:10:10,0.002,1.6
ip_shuffle,20260623T141010_950678,of:0000000000000001:2 -> of:000000000000000c:1,0.001,0.00125,0.001,0.001,1.4,2026-06-23T14:10:10,0.001,1.37
ip_shuffle,20260623T141010_950678,of:0000000000000006:2 -> of:000000000000000a:2,0.002,0.0025,0.002,0.002,1.57,2026-06-23T14:10:10,0.002,1.57
ip_shuffle,20260623T141010_950678,of:0000000000000001:3 -> of:000000000000000d:1,0.001,0.00125,0.001,0.001,1.4,2026-06-23T14:10:10,0.001,1.37
ip_shuffle,20260623T141010_950678,of:0000000000000003:1 -> of:000000000000000b:5,0.002,0.0025,0.002,0.002,2.1,2026-06-23T14:10:10,0.002,2.1
ip_shuffle,20260623T141010_950678,of:0000000000000006:1 -> of:000000000000000d:4,0.002,0.0025,0.002,0.002,1.43,2026-06-23T14:10:10,0.002,1.47
ip_shuffle,20260623T141010_950678,of:0000000000000007:2 -> of:000000000000000a:3,0.002,0.0025,0.002,0.002,1.57,2026-06-23T14:10:10,0.002,1.57
ip_shuffle,20260623T141010_950678,of:0000000000000007:1 -> of:000000000000000d:5,0.002,0.0025,0.002,0.002,1.43,2026-06-23T14:10:10,0.002,1.47
ip_shuffle,20260623T141010_950678,of:0000000000000002:2 -> of:0000000000000008:2,0.001,0.00125,0.001,0.001,1.47,2026-06-23T14:10:10,0.001,1.47
ip_shuffle,20260623T141010_950678,of:0000000000000003:2 -> of:0000000000000008:3,0.001,0.00125,0.001,0.001,1.47,2026-06-23T14:10:10,0.001,1.47
ip_shuffle,20260623T141010_950678,of:0000000000000008:1 -> of:000000000000000b:6,0.002,0.0025,0.002,0.002,1.43,2026-06-23T14:10:10,0.002,1.47
ip_shuffle,20260623T141010_950678,of:0000000000000004:2 -> of:0000000000000009:2,0.002,0.0025,0.002,0.002,1.53,2026-06-23T14:10:10,0.002,1.53
ip_shuffle,20260623T141010_950678,of:0000000000000002:1 -> of:000000000000000b:4,0.002,0.0025,0.002,0.002,2.4,2026-06-23T14:10:10,0.002,2.43
ip_shuffle,20260623T141010_950678,of:0000000000000009:1 -> of:000000000000000c:6,0.002,0.0025,0.002,0.002,1.43,2026-06-23T14:10:10,0.002,1.47
ip_shuffle,20260623T141108_587417,of:0000000000000004:1 -> of:000000000000000c:4,0.002,0.0025,0.002,0.002,1.96,2026-06-23T14:11:08,0.002,1.96
ip_shuffle,20260623T141108_587417,of:0000000000000005:1 -> of:000000000000000c:5,0.002,0.0025,0.002,0.002,1.96,2026-06-23T14:11:08,0.002,1.96
ip_shuffle,20260623T141108_587417,of:000000000000000a:1 -> of:000000000000000d:6,0.002,0.0025,0.002,0.002,1.96,2026-06-23T14:11:08,0.002,1.96
ip_shuffle,20260623T141108_587417,of:000000000000000b:3 -> of:000000000000000d:2,0.002,0.0025,0.002,0.002,2.66,2026-06-23T14:11:08,0.002,2.66
ip_shuffle,20260623T141108_587417,of:000000000000000c:3 -> of:000000000000000d:3,0.002,0.0025,0.002,0.002,2.66,2026-06-23T14:11:08,0.002,2.66
ip_shuffle,20260623T141108_587417,of:0000000000000005:2 -> of:0000000000000009:3,0.002,0.0025,0.002,0.002,2.66,2026-06-23T14:11:08,0.002,2.66
ip_shuffle,20260623T141108_587417,of:0000000000000001:1 -> of:000000000000000b:1,0.002,0.0025,0.002,0.002,1.96,2026-06-23T14:11:08,0.002,1.93
ip_shuffle,20260623T141108_587417,of:000000000000000b:2 -> of:000000000000000c:2,0.002,0.0025,0.002,0.002,2.6,2026-06-23T14:11:08,0.002,2.6
ip_shuffle,20260623T141108_587417,of:0000000000000001:2 -> of:000000000000000c:1,0.002,0.0025,0.002,0.002,1.96,2026-06-23T14:11:08,0.002,1.93
ip_shuffle,20260623T141108_587417,of:0000000000000006:2 -> of:000000000000000a:2,0.002,0.0025,0.002,0.002,2.63,2026-06-23T14:11:08,0.002,2.63
ip_shuffle,20260623T141108_587417,of:0000000000000001:3 -> of:000000000000000d:1,0.003,0.00375,0.003,0.003,3.56,2026-06-23T14:11:08,0.003,3.63
ip_shuffle,20260623T141108_587417,of:0000000000000003:1 -> of:000000000000000b:5,0.002,0.0025,0.002,0.002,1.93,2026-06-23T14:11:08,0.002,1.96
ip_shuffle,20260623T141108_587417,of:0000000000000006:1 -> of:000000000000000d:4,0.002,0.0025,0.002,0.002,2.33,2026-06-23T14:11:08,0.002,2.36
ip_shuffle,20260623T141108_587417,of:0000000000000007:2 -> of:000000000000000a:3,0.002,0.0025,0.002,0.002,2.63,2026-06-23T14:11:08,0.002,2.63
ip_shuffle,20260623T141108_587417,of:0000000000000007:1 -> of:000000000000000d:5,0.003,0.00375,0.003,0.003,3.33,2026-06-23T14:11:08,0.003,3.23
ip_shuffle,20260623T141108_587417,of:0000000000000002:2 -> of:0000000000000008:2,0.002,0.0025,0.002,0.002,2.7,2026-06-23T14:11:08,0.002,2.7
ip_shuffle,20260623T141108_587417,of:0000000000000003:2 -> of:0000000000000008:3,0.002,0.0025,0.002,0.002,2.7,2026-06-23T14:11:08,0.002,2.7
ip_shuffle,20260623T141108_587417,of:0000000000000008:1 -> of:000000000000000b:6,0.002,0.0025,0.002,0.002,1.96,2026-06-23T14:11:08,0.002,1.96
ip_shuffle,20260623T141108_587417,of:0000000000000004:2 -> of:0000000000000009:2,0.002,0.0025,0.002,0.002,2.66,2026-06-23T14:11:08,0.002,2.66
ip_shuffle,20260623T141108_587417,of:0000000000000002:1 -> of:000000000000000b:4,0.002,0.0025,0.002,0.002,1.93,2026-06-23T14:11:08,0.002,1.96
ip_shuffle,20260623T141108_587417,of:0000000000000009:1 -> of:000000000000000c:6,0.002,0.0025,0.002,0.002,1.9,2026-06-23T14:11:08,0.002,1.9
ip_shuffle,20260623T141212_957122,of:0000000000000004:1 -> of:000000000000000c:4,0.002,0.0025,0.002,0.002,2.26,2026-06-23T14:12:12,0.002,2.26
ip_shuffle,20260623T141212_957122,of:0000000000000005:1 -> of:000000000000000c:5,0.002,0.0025,0.002,0.002,1.73,2026-06-23T14:12:12,0.002,1.73
ip_shuffle,20260623T141212_957122,of:000000000000000a:1 -> of:000000000000000d:6,0.002,0.0025,0.002,0.002,1.53,2026-06-23T14:12:12,0.002,1.53
ip_shuffle,20260623T141212_957122,of:000000000000000b:3 -> of:000000000000000d:2,0.002,0.0025,0.002,0.002,1.73,2026-06-23T14:12:12,0.002,1.73
ip_shuffle,20260623T141212_957122,of:000000000000000c:3 -> of:000000000000000d:3,0.002,0.0025,0.002,0.002,1.73,2026-06-23T14:12:12,0.002,1.73
ip_shuffle,20260623T141212_957122,of:0000000000000005:2 -> of:0000000000000009:3,0.002,0.0025,0.002,0.002,1.66,2026-06-23T14:12:12,0.002,1.66
ip_shuffle,20260623T141212_957122,of:0000000000000001:1 -> of:000000000000000b:1,0.003,0.00375,0.003,0.003,3.6,2026-06-23T14:12:12,0.003,3.6
ip_shuffle,20260623T141212_957122,of:000000000000000b:2 -> of:000000000000000c:2,0.002,0.0025,0.002,0.002,1.73,2026-06-23T14:12:12,0.002,1.73
ip_shuffle,20260623T141212_957122,of:0000000000000001:2 -> of:000000000000000c:1,0.002,0.0025,0.002,0.002,2.53,2026-06-23T14:12:12,0.002,2.53
ip_shuffle,20260623T141212_957122,of:0000000000000006:2 -> of:000000000000000a:2,0.002,0.0025,0.002,0.002,1.66,2026-06-23T14:12:12,0.002,1.66
ip_shuffle,20260623T141212_957122,of:0000000000000001:3 -> of:000000000000000d:1,0.002,0.0025,0.002,0.002,1.53,2026-06-23T14:12:12,0.002,1.53
ip_shuffle,20260623T141212_957122,of:0000000000000003:1 -> of:000000000000000b:5,0.002,0.0025,0.002,0.002,2.56,2026-06-23T14:12:12,0.002,2.56
ip_shuffle,20260623T141212_957122,of:0000000000000006:1 -> of:000000000000000d:4,0.001,0.00125,0.001,0.001,1.47,2026-06-23T14:12:12,0.001,1.47
ip_shuffle,20260623T141212_957122,of:0000000000000007:2 -> of:000000000000000a:3,0.002,0.0025,0.002,0.002,1.66,2026-06-23T14:12:12,0.002,1.66
ip_shuffle,20260623T141212_957122,of:0000000000000007:1 -> of:000000000000000d:5,0.001,0.00125,0.001,0.001,1.47,2026-06-23T14:12:12,0.001,1.47
ip_shuffle,20260623T141212_957122,of:0000000000000002:2 -> of:0000000000000008:2,0.002,0.0025,0.002,0.002,1.73,2026-06-23T14:12:12,0.002,1.73
ip_shuffle,20260623T141212_957122,of:0000000000000003:2 -> of:0000000000000008:3,0.002,0.0025,0.002,0.002,1.73,2026-06-23T14:12:12,0.002,1.73
ip_shuffle,20260623T141212_957122,of:0000000000000008:1 -> of:000000000000000b:6,0.002,0.0025,0.002,0.002,1.53,2026-06-23T14:12:12,0.002,1.53
ip_shuffle,20260623T141212_957122,of:0000000000000004:2 -> of:0000000000000009:2,0.002,0.0025,0.002,0.002,1.66,2026-06-23T14:12:12,0.002,1.66
ip_shuffle,20260623T141212_957122,of:0000000000000002:1 -> of:000000000000000b:4,0.002,0.0025,0.002,0.002,2.56,2026-06-23T14:12:12,0.002,2.56
ip_shuffle,20260623T141212_957122,of:0000000000000009:1 -> of:000000000000000c:6,0.002,0.0025,0.002,0.002,1.53,2026-06-23T14:12:12,0.002,1.53
route_mutation,20260623T141317_098255,of:0000000000000004:1 -> of:000000000000000c:4,0.002,0.0025,0.002,0.002,1.66,2026-06-23T14:13:17,0.002,1.63
route_mutation,20260623T141317_098255,of:0000000000000005:1 -> of:000000000000000c:5,0.002,0.0025,0.002,0.002,1.66,2026-06-23T14:13:17,0.002,1.63
route_mutation,20260623T141317_098255,of:000000000000000a:1 -> of:000000000000000d:6,0.002,0.0025,0.002,0.002,1.57,2026-06-23T14:13:17,0.002,1.57
route_mutation,20260623T141317_098255,of:000000000000000b:3 -> of:000000000000000d:2,0.002,0.0025,0.002,0.002,1.86,2026-06-23T14:13:17,0.002,1.86
route_mutation,20260623T141317_098255,of:000000000000000c:3 -> of:000000000000000d:3,0.002,0.0025,0.002,0.002,1.86,2026-06-23T14:13:17,0.002,1.86
route_mutation,20260623T141317_098255,of:0000000000000005:2 -> of:0000000000000009:3,0.002,0.0025,0.002,0.002,2.0,2026-06-23T14:13:17,0.002,2.0
route_mutation,20260623T141317_098255,of:0000000000000001:1 -> of:000000000000000b:1,0.002,0.0025,0.002,0.002,1.57,2026-06-23T14:13:17,0.002,1.63
route_mutation,20260623T141317_098255,of:000000000000000b:2 -> of:000000000000000c:2,0.002,0.0025,0.002,0.002,1.93,2026-06-23T14:13:17,0.002,1.93
route_mutation,20260623T141317_098255,of:0000000000000001:2 -> of:000000000000000c:1,0.002,0.0025,0.002,0.002,1.57,2026-06-23T14:13:17,0.002,1.63
route_mutation,20260623T141317_098255,of:0000000000000006:2 -> of:000000000000000a:2,0.002,0.0025,0.002,0.002,1.96,2026-06-23T14:13:17,0.002,1.96
route_mutation,20260623T141317_098255,of:0000000000000001:3 -> of:000000000000000d:1,0.002,0.0025,0.002,0.002,2.43,2026-06-23T14:13:17,0.002,2.36
route_mutation,20260623T141317_098255,of:0000000000000003:1 -> of:000000000000000b:5,0.002,0.0025,0.002,0.002,1.7,2026-06-23T14:13:17,0.002,1.63
route_mutation,20260623T141317_098255,of:0000000000000006:1 -> of:000000000000000d:4,0.002,0.0025,0.002,0.002,1.6,2026-06-23T14:13:17,0.002,1.57
route_mutation,20260623T141317_098255,of:0000000000000007:2 -> of:000000000000000a:3,0.002,0.0025,0.002,0.002,1.96,2026-06-23T14:13:17,0.002,1.96
route_mutation,20260623T141317_098255,of:0000000000000007:1 -> of:000000000000000d:5,0.002,0.0025,0.002,0.002,2.4,2026-06-23T14:13:17,0.002,2.43
route_mutation,20260623T141317_098255,of:0000000000000002:2 -> of:0000000000000008:2,0.002,0.0025,0.002,0.002,2.03,2026-06-23T14:13:17,0.002,2.03
route_mutation,20260623T141317_098255,of:0000000000000003:2 -> of:0000000000000008:3,0.002,0.0025,0.002,0.002,2.03,2026-06-23T14:13:17,0.002,2.03
route_mutation,20260623T141317_098255,of:0000000000000008:1 -> of:000000000000000b:6,0.002,0.0025,0.002,0.002,1.66,2026-06-23T14:13:17,0.002,1.63
route_mutation,20260623T141317_098255,of:0000000000000004:2 -> of:0000000000000009:2,0.002,0.0025,0.002,0.002,2.0,2026-06-23T14:13:17,0.002,2.0
route_mutation,20260623T141317_098255,of:0000000000000002:1 -> of:000000000000000b:4,0.002,0.0025,0.002,0.002,1.7,2026-06-23T14:13:17,0.002,1.63
route_mutation,20260623T141317_098255,of:0000000000000009:1 -> of:000000000000000c:6,0.002,0.0025,0.002,0.002,1.66,2026-06-23T14:13:17,0.002,1.63
ip_shuffle,20260623T141347_395519,of:0000000000000004:1 -> of:000000000000000c:4,0.002,0.0025,0.002,0.002,1.5,2026-06-23T14:13:47,0.002,1.53
ip_shuffle,20260623T141347_395519,of:0000000000000005:1 -> of:000000000000000c:5,0.002,0.0025,0.002,0.001,1.46,2026-06-23T14:13:47,0.002,1.5
ip_shuffle,20260623T141347_395519,of:000000000000000a:1 -> of:000000000000000d:6,0.002,0.0025,0.002,0.002,1.56,2026-06-23T14:13:47,0.002,1.6
ip_shuffle,20260623T141347_395519,of:000000000000000b:3 -> of:000000000000000d:2,0.002,0.0025,0.002,0.002,1.73,2026-06-23T14:13:47,0.002,1.76
ip_shuffle,20260623T141347_395519,of:000000000000000c:3 -> of:000000000000000d:3,0.002,0.0025,0.002,0.002,1.73,2026-06-23T14:13:47,0.002,1.76
ip_shuffle,20260623T141347_395519,of:0000000000000005:2 -> of:0000000000000009:3,0.002,0.0025,0.002,0.002,1.73,2026-06-23T14:13:47,0.002,1.73
ip_shuffle,20260623T141347_395519,of:0000000000000001:1 -> of:000000000000000b:1,0.003,0.00375,0.003,0.003,3.46,2026-06-23T14:13:47,0.003,3.5
ip_shuffle,20260623T141347_395519,of:000000000000000b:2 -> of:000000000000000c:2,0.002,0.0025,0.002,0.002,1.8,2026-06-23T14:13:47,0.002,1.8
ip_shuffle,20260623T141347_395519,of:0000000000000001:2 -> of:000000000000000c:1,0.002,0.0025,0.002,0.002,1.6,2026-06-23T14:13:47,0.002,1.56
ip_shuffle,20260623T141347_395519,of:0000000000000006:2 -> of:000000000000000a:2,0.002,0.0025,0.002,0.002,1.7,2026-06-23T14:13:47,0.002,1.7
ip_shuffle,20260623T141347_395519,of:0000000000000001:3 -> of:000000000000000d:1,0.002,0.0025,0.002,0.002,1.56,2026-06-23T14:13:47,0.002,1.53
ip_shuffle,20260623T141347_395519,of:0000000000000003:1 -> of:000000000000000b:5,0.002,0.0025,0.002,0.002,2.4,2026-06-23T14:13:47,0.002,2.36
ip_shuffle,20260623T141347_395519,of:0000000000000006:1 -> of:000000000000000d:4,0.002,0.0025,0.002,0.002,1.5,2026-06-23T14:13:47,0.002,1.5
ip_shuffle,20260623T141347_395519,of:0000000000000007:2 -> of:000000000000000a:3,0.002,0.0025,0.002,0.002,1.7,2026-06-23T14:13:47,0.002,1.73
ip_shuffle,20260623T141347_395519,of:0000000000000007:1 -> of:000000000000000d:5,0.002,0.0025,0.002,0.002,1.5,2026-06-23T14:13:47,0.002,1.5
ip_shuffle,20260623T141347_395519,of:0000000000000002:2 -> of:0000000000000008:2,0.002,0.0025,0.002,0.002,1.66,2026-06-23T14:13:47,0.002,1.66
ip_shuffle,20260623T141347_395519,of:0000000000000003:2 -> of:0000000000000008:3,0.002,0.0025,0.002,0.002,1.66,2026-06-23T14:13:47,0.002,1.66
ip_shuffle,20260623T141347_395519,of:0000000000000008:1 -> of:000000000000000b:6,0.002,0.0025,0.002,0.002,1.56,2026-06-23T14:13:47,0.002,1.56
ip_shuffle,20260623T141347_395519,of:0000000000000004:2 -> of:0000000000000009:2,0.002,0.0025,0.002,0.002,1.63,2026-06-23T14:13:47,0.002,1.66
ip_shuffle,20260623T141347_395519,of:0000000000000002:1 -> of:000000000000000b:4,0.002,0.0025,0.002,0.002,2.5,2026-06-23T14:13:47,0.002,2.53
ip_shuffle,20260623T141347_395519,of:0000000000000009:1 -> of:000000000000000c:6,0.002,0.0025,0.002,0.002,1.56,2026-06-23T14:13:47,0.002,1.56
route_mutation,20260623T141458_129764,of:0000000000000004:1 -> of:000000000000000c:4,0.002,0.0025,0.002,0.002,2.16,2026-06-23T14:14:58,0.002,2.16
route_mutation,20260623T141458_129764,of:0000000000000005:1 -> of:000000000000000c:5,0.002,0.0025,0.002,0.002,2.16,2026-06-23T14:14:58,0.002,2.16
route_mutation,20260623T141458_129764,of:000000000000000a:1 -> of:000000000000000d:6,0.002,0.0025,0.002,0.002,2.1,2026-06-23T14:14:58,0.002,2.1
route_mutation,20260623T141458_129764,of:000000000000000b:3 -> of:000000000000000d:2,0.002,0.0025,0.002,0.002,2.93,2026-06-23T14:14:58,0.002,2.93
route_mutation,20260623T141458_129764,of:000000000000000c:3 -> of:000000000000000d:3,0.002,0.0025,0.002,0.002,2.93,2026-06-23T14:14:58,0.002,2.93
route_mutation,20260623T141458_129764,of:0000000000000005:2 -> of:0000000000000009:3,0.002,0.0025,0.002,0.002,3.0,2026-06-23T14:14:58,0.002,3.0
route_mutation,20260623T141458_129764,of:0000000000000001:1 -> of:000000000000000b:1,0.002,0.0025,0.002,0.002,2.1,2026-06-23T14:14:58,0.002,2.1
route_mutation,20260623T141458_129764,of:000000000000000b:2 -> of:000000000000000c:2,0.002,0.0025,0.002,0.002,3.0,2026-06-23T14:14:58,0.002,3.0
route_mutation,20260623T141458_129764,of:0000000000000001:2 -> of:000000000000000c:1,0.002,0.0025,0.002,0.002,2.1,2026-06-23T14:14:58,0.002,2.1
route_mutation,20260623T141458_129764,of:0000000000000006:2 -> of:000000000000000a:2,0.002,0.0025,0.002,0.002,3.0,2026-06-23T14:14:58,0.002,3.0
route_mutation,20260623T141458_129764,of:0000000000000001:3 -> of:000000000000000d:1,0.004,0.005,0.004,0.004,4.76,2026-06-23T14:14:58,0.004,4.76
route_mutation,20260623T141458_129764,of:0000000000000003:1 -> of:000000000000000b:5,0.002,0.0025,0.002,0.002,2.16,2026-06-23T14:14:58,0.002,2.16
route_mutation,20260623T141458_129764,of:0000000000000006:1 -> of:000000000000000d:4,0.003,0.00375,0.003,0.003,3.26,2026-06-23T14:14:58,0.003,3.26
route_mutation,20260623T141458_129764,of:0000000000000007:2 -> of:000000000000000a:3,0.002,0.0025,0.002,0.002,3.0,2026-06-23T14:14:58,0.002,3.0
route_mutation,20260623T141458_129764,of:0000000000000007:1 -> of:000000000000000d:5,0.003,0.00375,0.003,0.003,3.6,2026-06-23T14:14:58,0.003,3.6
route_mutation,20260623T141458_129764,of:0000000000000002:2 -> of:0000000000000008:2,0.002,0.0025,0.002,0.002,3.0,2026-06-23T14:14:58,0.002,3.0
route_mutation,20260623T141458_129764,of:0000000000000003:2 -> of:0000000000000008:3,0.002,0.0025,0.002,0.002,3.0,2026-06-23T14:14:58,0.002,3.0
route_mutation,20260623T141458_129764,of:0000000000000008:1 -> of:000000000000000b:6,0.002,0.0025,0.002,0.002,2.16,2026-06-23T14:14:58,0.002,2.16
route_mutation,20260623T141458_129764,of:0000000000000004:2 -> of:0000000000000009:2,0.002,0.0025,0.002,0.002,3.0,2026-06-23T14:14:58,0.002,3.0
route_mutation,20260623T141458_129764,of:0000000000000002:1 -> of:000000000000000b:4,0.002,0.0025,0.002,0.002,2.16,2026-06-23T14:14:58,0.002,2.16
route_mutation,20260623T141458_129764,of:0000000000000009:1 -> of:000000000000000c:6,0.002,0.0025,0.002,0.002,2.16,2026-06-23T14:14:58,0.002,2.16
route_mutation,20260623T141528_450710,of:0000000000000004:1 -> of:000000000000000c:4,0.001,0.00125,0.001,0.001,1.3,2026-06-23T14:15:28,0.001,1.37
route_mutation,20260623T141528_450710,of:0000000000000005:1 -> of:000000000000000c:5,0.001,0.00125,0.001,0.001,1.3,2026-06-23T14:15:28,0.001,1.37
route_mutation,20260623T141528_450710,of:000000000000000a:1 -> of:000000000000000d:6,0.002,0.0025,0.002,0.002,1.4,2026-06-23T14:15:28,0.002,1.43
route_mutation,20260623T141528_450710,of:000000000000000b:3 -> of:000000000000000d:2,0.002,0.0025,0.002,0.002,1.5,2026-06-23T14:15:28,0.002,1.5
route_mutation,20260623T141528_450710,of:000000000000000c:3 -> of:000000000000000d:3,0.002,0.0025,0.002,0.002,1.53,2026-06-23T14:15:28,0.002,1.53
route_mutation,20260623T141528_450710,of:0000000000000005:2 -> of:0000000000000009:3,0.001,0.00125,0.001,0.001,1.37,2026-06-23T14:15:28,0.001,1.37
route_mutation,20260623T141528_450710,of:0000000000000001:1 -> of:000000000000000b:1,0.002,0.0025,0.002,0.002,1.43,2026-06-23T14:15:28,0.002,1.47
route_mutation,20260623T141528_450710,of:000000000000000b:2 -> of:000000000000000c:2,0.002,0.0025,0.002,0.002,1.5,2026-06-23T14:15:28,0.002,1.5
route_mutation,20260623T141528_450710,of:0000000000000001:2 -> of:000000000000000c:1,0.002,0.0025,0.002,0.002,1.43,2026-06-23T14:15:28,0.001,1.37
route_mutation,20260623T141528_450710,of:0000000000000006:2 -> of:000000000000000a:2,0.001,0.00125,0.001,0.001,1.4,2026-06-23T14:15:28,0.001,1.4
route_mutation,20260623T141528_450710,of:0000000000000001:3 -> of:000000000000000d:1,0.002,0.0025,0.002,0.002,1.5,2026-06-23T14:15:28,0.002,1.43
route_mutation,20260623T141528_450710,of:0000000000000003:1 -> of:000000000000000b:5,0.001,0.00125,0.001,0.001,1.3,2026-06-23T14:15:28,0.001,1.33
route_mutation,20260623T141528_450710,of:0000000000000006:1 -> of:000000000000000d:4,0.001,0.00125,0.001,0.001,1.33,2026-06-23T14:15:28,0.001,1.37
route_mutation,20260623T141528_450710,of:0000000000000007:2 -> of:000000000000000a:3,0.002,0.0025,0.002,0.002,1.47,2026-06-23T14:15:28,0.002,1.47
route_mutation,20260623T141528_450710,of:0000000000000007:1 -> of:000000000000000d:5,0.002,0.0025,0.002,0.002,1.47,2026-06-23T14:15:28,0.002,1.5
route_mutation,20260623T141528_450710,of:0000000000000002:2 -> of:0000000000000008:2,0.001,0.00125,0.001,0.001,1.37,2026-06-23T14:15:28,0.001,1.37
route_mutation,20260623T141528_450710,of:0000000000000003:2 -> of:0000000000000008:3,0.001,0.00125,0.001,0.001,1.37,2026-06-23T14:15:28,0.001,1.37
route_mutation,20260623T141528_450710,of:0000000000000008:1 -> of:000000000000000b:6,0.002,0.0025,0.002,0.002,1.4,2026-06-23T14:15:28,0.002,1.4
route_mutation,20260623T141528_450710,of:0000000000000004:2 -> of:0000000000000009:2,0.001,0.00125,0.001,0.001,1.37,2026-06-23T14:15:28,0.001,1.37
route_mutation,20260623T141528_450710,of:0000000000000002:1 -> of:000000000000000b:4,0.001,0.00125,0.001,0.001,1.4,2026-06-23T14:15:28,0.001,1.37
route_mutation,20260623T141528_450710,of:0000000000000009:1 -> of:000000000000000c:6,0.002,0.0025,0.002,0.002,1.4,2026-06-23T14:15:28,0.002,1.43
ip_shuffle,20260623T141558_760639,of:0000000000000004:1 -> of:000000000000000c:4,0.002,0.0025,0.002,0.002,2.23,2026-06-23T14:15:58,0.002,2.16
ip_shuffle,20260623T141558_760639,of:0000000000000005:1 -> of:000000000000000c:5,0.002,0.0025,0.002,0.002,2.06,2026-06-23T14:15:58,0.002,2.0
ip_shuffle,20260623T141558_760639,of:000000000000000a:1 -> of:000000000000000d:6,0.001,0.00125,0.001,0.001,1.4,2026-06-23T14:15:58,0.001,1.37
ip_shuffle,20260623T141558_760639,of:000000000000000b:3 -> of:000000000000000d:2,0.001,0.00125,0.001,0.001,1.5,2026-06-23T14:15:58,0.001,1.5
ip_shuffle,20260623T141558_760639,of:000000000000000c:3 -> of:000000000000000d:3,0.001,0.00125,0.001,0.001,1.47,2026-06-23T14:15:58,0.001,1.47
ip_shuffle,20260623T141558_760639,of:0000000000000005:2 -> of:0000000000000009:3,0.002,0.0025,0.002,0.002,1.57,2026-06-23T14:15:58,0.002,1.57
ip_shuffle,20260623T141558_760639,of:0000000000000001:1 -> of:000000000000000b:1,0.003,0.00375,0.003,0.003,3.43,2026-06-23T14:15:58,0.003,3.4
ip_shuffle,20260623T141558_760639,of:000000000000000b:2 -> of:000000000000000c:2,0.001,0.00125,0.001,0.001,1.43,2026-06-23T14:15:58,0.001,1.43
ip_shuffle,20260623T141558_760639,of:0000000000000001:2 -> of:000000000000000c:1,0.003,0.00375,0.003,0.003,2.76,2026-06-23T14:15:58,0.003,2.83
ip_shuffle,20260623T141558_760639,of:0000000000000006:2 -> of:000000000000000a:2,0.002,0.0025,0.002,0.002,1.53,2026-06-23T14:15:58,0.002,1.53
ip_shuffle,20260623T141558_760639,of:0000000000000001:3 -> of:000000000000000d:1,0.002,0.0025,0.002,0.002,1.43,2026-06-23T14:15:58,0.002,1.5
ip_shuffle,20260623T141558_760639,of:0000000000000003:1 -> of:000000000000000b:5,0.002,0.0025,0.002,0.002,2.46,2026-06-23T14:15:58,0.002,2.43
ip_shuffle,20260623T141558_760639,of:0000000000000006:1 -> of:000000000000000d:4,0.002,0.0025,0.002,0.002,1.47,2026-06-23T14:15:58,0.002,1.43
ip_shuffle,20260623T141558_760639,of:0000000000000007:2 -> of:000000000000000a:3,0.001,0.00125,0.001,0.001,1.47,2026-06-23T14:15:58,0.001,1.47
ip_shuffle,20260623T141558_760639,of:0000000000000007:1 -> of:000000000000000d:5,0.001,0.00125,0.001,0.001,1.4,2026-06-23T14:15:58,0.001,1.37
ip_shuffle,20260623T141558_760639,of:0000000000000002:2 -> of:0000000000000008:2,0.002,0.0025,0.002,0.002,1.57,2026-06-23T14:15:58,0.002,1.57
ip_shuffle,20260623T141558_760639,of:0000000000000003:2 -> of:0000000000000008:3,0.002,0.0025,0.002,0.002,1.57,2026-06-23T14:15:58,0.002,1.57
ip_shuffle,20260623T141558_760639,of:0000000000000008:1 -> of:000000000000000b:6,0.001,0.00125,0.001,0.001,1.33,2026-06-23T14:15:58,0.001,1.33
ip_shuffle,20260623T141558_760639,of:0000000000000004:2 -> of:0000000000000009:2,0.002,0.0025,0.002,0.002,1.57,2026-06-23T14:15:58,0.002,1.57
ip_shuffle,20260623T141558_760639,of:0000000000000002:1 -> of:000000000000000b:4,0.002,0.0025,0.002,0.002,2.36,2026-06-23T14:15:58,0.002,2.4
ip_shuffle,20260623T141558_760639,of:0000000000000009:1 -> of:000000000000000c:6,0.001,0.00125,0.001,0.001,1.33,2026-06-23T14:15:58,0.001,1.3
route_mutation,20260623T141656_498184,of:0000000000000004:1 -> of:000000000000000c:4,0.002,0.0025,0.002,0.002,1.8,2026-06-23T14:16:56,0.002,1.76
route_mutation,20260623T141656_498184,of:0000000000000005:1 -> of:000000000000000c:5,0.002,0.0025,0.002,0.002,1.8,2026-06-23T14:16:56,0.002,1.76
route_mutation,20260623T141656_498184,of:000000000000000a:1 -> of:000000000000000d:6,0.002,0.0025,0.002,0.002,1.83,2026-06-23T14:16:56,0.002,1.8
route_mutation,20260623T141656_498184,of:000000000000000b:3 -> of:000000000000000d:2,0.002,0.0025,0.002,0.002,2.3,2026-06-23T14:16:56,0.002,2.3
route_mutation,20260623T141656_498184,of:000000000000000c:3 -> of:000000000000000d:3,0.002,0.0025,0.002,0.002,2.3,2026-06-23T14:16:56,0.002,2.3
route_mutation,20260623T141656_498184,of:0000000000000005:2 -> of:0000000000000009:3,0.002,0.0025,0.002,0.002,2.3,2026-06-23T14:16:56,0.002,2.3
route_mutation,20260623T141656_498184,of:0000000000000001:1 -> of:000000000000000b:1,0.002,0.0025,0.002,0.002,1.83,2026-06-23T14:16:56,0.002,1.9
route_mutation,20260623T141656_498184,of:000000000000000b:2 -> of:000000000000000c:2,0.002,0.0025,0.002,0.002,2.33,2026-06-23T14:16:56,0.002,2.33
route_mutation,20260623T141656_498184,of:0000000000000001:2 -> of:000000000000000c:1,0.002,0.0025,0.002,0.002,1.83,2026-06-23T14:16:56,0.002,1.9
route_mutation,20260623T141656_498184,of:0000000000000006:2 -> of:000000000000000a:2,0.002,0.0025,0.002,0.002,2.3,2026-06-23T14:16:56,0.002,2.36
route_mutation,20260623T141656_498184,of:0000000000000001:3 -> of:000000000000000d:1,0.003,0.00375,0.003,0.003,3.66,2026-06-23T14:16:56,0.003,3.53
route_mutation,20260623T141656_498184,of:0000000000000003:1 -> of:000000000000000b:5,0.002,0.0025,0.002,0.002,1.8,2026-06-23T14:16:56,0.002,1.76
route_mutation,20260623T141656_498184,of:0000000000000006:1 -> of:000000000000000d:4,0.002,0.0025,0.002,0.002,1.93,2026-06-23T14:16:56,0.002,1.93
route_mutation,20260623T141656_498184,of:0000000000000007:2 -> of:000000000000000a:3,0.002,0.0025,0.002,0.002,2.33,2026-06-23T14:16:56,0.002,2.33
route_mutation,20260623T141656_498184,of:0000000000000007:1 -> of:000000000000000d:5,0.003,0.00375,0.003,0.003,3.5,2026-06-23T14:16:56,0.003,3.53
route_mutation,20260623T141656_498184,of:0000000000000002:2 -> of:0000000000000008:2,0.002,0.0025,0.002,0.002,2.3,2026-06-23T14:16:56,0.002,2.3
route_mutation,20260623T141656_498184,of:0000000000000003:2 -> of:0000000000000008:3,0.002,0.0025,0.002,0.002,2.3,2026-06-23T14:16:56,0.002,2.3
route_mutation,20260623T141656_498184,of:0000000000000008:1 -> of:000000000000000b:6,0.002,0.0025,0.002,0.002,1.83,2026-06-23T14:16:56,0.002,1.83
route_mutation,20260623T141656_498184,of:0000000000000004:2 -> of:0000000000000009:2,0.002,0.0025,0.002,0.002,2.3,2026-06-23T14:16:56,0.002,2.3
route_mutation,20260623T141656_498184,of:0000000000000002:1 -> of:000000000000000b:4,0.002,0.0025,0.002,0.002,1.8,2026-06-23T14:16:56,0.002,1.76
route_mutation,20260623T141656_498184,of:0000000000000009:1 -> of:000000000000000c:6,0.002,0.0025,0.002,0.002,1.83,2026-06-23T14:16:56,0.002,1.83
route_mutation,20260623T141726_860892,of:0000000000000004:1 -> of:000000000000000c:4,0.001,0.00125,0.001,0.001,1.37,2026-06-23T14:17:26,0.001,1.37
route_mutation,20260623T141726_860892,of:0000000000000005:1 -> of:000000000000000c:5,0.001,0.00125,0.001,0.001,1.37,2026-06-23T14:17:26,0.001,1.37
route_mutation,20260623T141726_860892,of:000000000000000a:1 -> of:000000000000000d:6,0.001,0.00125,0.001,0.001,1.37,2026-06-23T14:17:26,0.001,1.37
route_mutation,20260623T141726_860892,of:000000000000000b:3 -> of:000000000000000d:2,0.001,0.00125,0.001,0.001,1.46,2026-06-23T14:17:26,0.001,1.46
route_mutation,20260623T141726_860892,of:000000000000000c:3 -> of:000000000000000d:3,0.001,0.00125,0.001,0.001,1.46,2026-06-23T14:17:26,0.001,1.46
route_mutation,20260623T141726_860892,of:0000000000000005:2 -> of:0000000000000009:3,0.001,0.00125,0.001,0.001,1.46,2026-06-23T14:17:26,0.001,1.46
route_mutation,20260623T141726_860892,of:0000000000000001:1 -> of:000000000000000b:1,0.002,0.0025,0.002,0.002,1.9,2026-06-23T14:17:26,0.002,1.86
route_mutation,20260623T141726_860892,of:000000000000000b:2 -> of:000000000000000c:2,0.001,0.00125,0.001,0.001,1.4,2026-06-23T14:17:26,0.001,1.4
route_mutation,20260623T141726_860892,of:0000000000000001:2 -> of:000000000000000c:1,0.001,0.00125,0.001,0.001,1.37,2026-06-23T14:17:26,0.001,1.37
route_mutation,20260623T141726_860892,of:0000000000000006:2 -> of:000000000000000a:2,0.001,0.00125,0.001,0.001,1.46,2026-06-23T14:17:26,0.001,1.4
route_mutation,20260623T141726_860892,of:0000000000000001:3 -> of:000000000000000d:1,0.002,0.0025,0.002,0.002,1.43,2026-06-23T14:17:26,0.002,1.43
route_mutation,20260623T141726_860892,of:0000000000000003:1 -> of:000000000000000b:5,0.001,0.00125,0.001,0.001,1.37,2026-06-23T14:17:26,0.001,1.37
route_mutation,20260623T141726_860892,of:0000000000000006:1 -> of:000000000000000d:4,0.002,0.0025,0.002,0.002,1.43,2026-06-23T14:17:26,0.001,1.37
route_mutation,20260623T141726_860892,of:0000000000000007:2 -> of:000000000000000a:3,0.001,0.00125,0.001,0.001,1.4,2026-06-23T14:17:26,0.001,1.4
route_mutation,20260623T141726_860892,of:0000000000000007:1 -> of:000000000000000d:5,0.001,0.00125,0.001,0.001,1.37,2026-06-23T14:17:26,0.001,1.37
route_mutation,20260623T141726_860892,of:0000000000000002:2 -> of:0000000000000008:2,0.001,0.00125,0.001,0.001,1.46,2026-06-23T14:17:26,0.001,1.46
route_mutation,20260623T141726_860892,of:0000000000000003:2 -> of:0000000000000008:3,0.001,0.00125,0.001,0.001,1.46,2026-06-23T14:17:26,0.001,1.46
route_mutation,20260623T141726_860892,of:0000000000000008:1 -> of:000000000000000b:6,0.001,0.00125,0.001,0.001,1.3,2026-06-23T14:17:26,0.001,1.3
route_mutation,20260623T141726_860892,of:0000000000000004:2 -> of:0000000000000009:2,0.001,0.00125,0.001,0.001,1.46,2026-06-23T14:17:26,0.001,1.46
route_mutation,20260623T141726_860892,of:0000000000000002:1 -> of:000000000000000b:4,0.002,0.0025,0.002,0.002,1.9,2026-06-23T14:17:26,0.002,1.9
route_mutation,20260623T141726_860892,of:0000000000000009:1 -> of:000000000000000c:6,0.001,0.00125,0.001,0.001,1.3,2026-06-23T14:17:26,0.001,1.3
ip_shuffle,20260623T141757_246394,of:0000000000000004:1 -> of:000000000000000c:4,0.002,0.0025,0.002,0.002,2.3,2026-06-23T14:17:57,0.002,2.36
ip_shuffle,20260623T141757_246394,of:0000000000000005:1 -> of:000000000000000c:5,0.002,0.0025,0.002,0.002,2.3,2026-06-23T14:17:57,0.002,2.36
ip_shuffle,20260623T141757_246394,of:000000000000000a:1 -> of:000000000000000d:6,0.001,0.00125,0.001,0.001,1.46,2026-06-23T14:17:57,0.001,1.5
ip_shuffle,20260623T141757_246394,of:000000000000000b:3 -> of:000000000000000d:2,0.002,0.0025,0.002,0.002,1.7,2026-06-23T14:17:57,0.002,1.7
ip_shuffle,20260623T141757_246394,of:000000000000000c:3 -> of:000000000000000d:3,0.002,0.0025,0.002,0.002,1.73,2026-06-23T14:17:57,0.002,1.73
ip_shuffle,20260623T141757_246394,of:0000000000000005:2 -> of:0000000000000009:3,0.002,0.0025,0.002,0.002,1.7,2026-06-23T14:17:57,0.002,1.7
ip_shuffle,20260623T141757_246394,of:0000000000000001:1 -> of:000000000000000b:1,0.003,0.00375,0.003,0.003,3.06,2026-06-23T14:17:57,0.003,3.06
ip_shuffle,20260623T141757_246394,of:000000000000000b:2 -> of:000000000000000c:2,0.002,0.0025,0.002,0.002,1.76,2026-06-23T14:17:57,0.002,1.76
ip_shuffle,20260623T141757_246394,of:0000000000000001:2 -> of:000000000000000c:1,0.003,0.00375,0.003,0.003,3.16,2026-06-23T14:17:57,0.003,3.1
ip_shuffle,20260623T141757_246394,of:0000000000000006:2 -> of:000000000000000a:2,0.002,0.0025,0.002,0.002,1.73,2026-06-23T14:17:57,0.002,1.73
ip_shuffle,20260623T141757_246394,of:0000000000000001:3 -> of:000000000000000d:1,0.002,0.0025,0.002,0.002,1.56,2026-06-23T14:17:57,0.002,1.66
ip_shuffle,20260623T141757_246394,of:0000000000000003:1 -> of:000000000000000b:5,0.002,0.0025,0.002,0.002,2.53,2026-06-23T14:17:57,0.002,2.56
ip_shuffle,20260623T141757_246394,of:0000000000000006:1 -> of:000000000000000d:4,0.002,0.0025,0.002,0.002,1.66,2026-06-23T14:17:57,0.002,1.6
ip_shuffle,20260623T141757_246394,of:0000000000000007:2 -> of:000000000000000a:3,0.002,0.0025,0.002,0.002,1.73,2026-06-23T14:17:57,0.002,1.73
ip_shuffle,20260623T141757_246394,of:0000000000000007:1 -> of:000000000000000d:5,0.001,0.00125,0.001,0.001,1.46,2026-06-23T14:17:57,0.001,1.5
ip_shuffle,20260623T141757_246394,of:0000000000000002:2 -> of:0000000000000008:2,0.002,0.0025,0.002,0.002,1.7,2026-06-23T14:17:57,0.002,1.7
ip_shuffle,20260623T141757_246394,of:0000000000000003:2 -> of:0000000000000008:3,0.002,0.0025,0.002,0.002,1.7,2026-06-23T14:17:57,0.002,1.7
ip_shuffle,20260623T141757_246394,of:0000000000000008:1 -> of:000000000000000b:6,0.002,0.0025,0.002,0.002,1.53,2026-06-23T14:17:57,0.002,1.53
ip_shuffle,20260623T141757_246394,of:0000000000000004:2 -> of:0000000000000009:2,0.002,0.0025,0.002,0.002,1.7,2026-06-23T14:17:57,0.002,1.7
ip_shuffle,20260623T141757_246394,of:0000000000000002:1 -> of:000000000000000b:4,0.002,0.0025,0.002,0.002,2.0,2026-06-23T14:17:57,0.002,2.03
ip_shuffle,20260623T141757_246394,of:0000000000000009:1 -> of:000000000000000c:6,0.002,0.0025,0.002,0.002,1.53,2026-06-23T14:17:57,0.002,1.56
ip_shuffle,20260623T141908_083432,of:0000000000000004:1 -> of:000000000000000c:4,0.002,0.0025,0.002,0.002,2.23,2026-06-23T14:19:08,0.002,2.23
ip_shuffle,20260623T141908_083432,of:0000000000000005:1 -> of:000000000000000c:5,0.002,0.0025,0.002,0.002,1.5,2026-06-23T14:19:08,0.002,1.5
ip_shuffle,20260623T141908_083432,of:000000000000000a:1 -> of:000000000000000d:6,0.001,0.00125,0.001,0.001,1.47,2026-06-23T14:19:08,0.001,1.47
ip_shuffle,20260623T141908_083432,of:000000000000000b:3 -> of:000000000000000d:2,0.002,0.0025,0.002,0.002,1.67,2026-06-23T14:19:08,0.002,1.67
ip_shuffle,20260623T141908_083432,of:000000000000000c:3 -> of:000000000000000d:3,0.001,0.00125,0.001,0.001,1.6,2026-06-23T14:19:08,0.001,1.6
ip_shuffle,20260623T141908_083432,of:0000000000000005:2 -> of:0000000000000009:3,0.002,0.0025,0.002,0.002,1.73,2026-06-23T14:19:08,0.002,1.73
ip_shuffle,20260623T141908_083432,of:0000000000000001:1 -> of:000000000000000b:1,0.003,0.00375,0.003,0.003,3.6,2026-06-23T14:19:08,0.003,3.6
ip_shuffle,20260623T141908_083432,of:000000000000000b:2 -> of:000000000000000c:2,0.002,0.0025,0.002,0.002,1.67,2026-06-23T14:19:08,0.002,1.67
ip_shuffle,20260623T141908_083432,of:0000000000000001:2 -> of:000000000000000c:1,0.002,0.0025,0.002,0.002,2.2,2026-06-23T14:19:08,0.002,2.2
ip_shuffle,20260623T141908_083432,of:0000000000000006:2 -> of:000000000000000a:2,0.002,0.0025,0.002,0.002,1.73,2026-06-23T14:19:08,0.002,1.73
ip_shuffle,20260623T141908_083432,of:0000000000000001:3 -> of:000000000000000d:1,0.001,0.00125,0.001,0.001,1.47,2026-06-23T14:19:08,0.001,1.47
ip_shuffle,20260623T141908_083432,of:0000000000000003:1 -> of:000000000000000b:5,0.002,0.0025,0.002,0.002,2.56,2026-06-23T14:19:08,0.002,2.56
ip_shuffle,20260623T141908_083432,of:0000000000000006:1 -> of:000000000000000d:4,0.001,0.00125,0.001,0.001,1.47,2026-06-23T14:19:08,0.001,1.47
ip_shuffle,20260623T141908_083432,of:0000000000000007:2 -> of:000000000000000a:3,0.002,0.0025,0.002,0.002,1.73,2026-06-23T14:19:08,0.002,1.73
ip_shuffle,20260623T141908_083432,of:0000000000000007:1 -> of:000000000000000d:5,0.001,0.00125,0.001,0.001,1.47,2026-06-23T14:19:08,0.001,1.47
ip_shuffle,20260623T141908_083432,of:0000000000000002:2 -> of:0000000000000008:2,0.002,0.0025,0.002,0.002,1.73,2026-06-23T14:19:08,0.002,1.73
ip_shuffle,20260623T141908_083432,of:0000000000000003:2 -> of:0000000000000008:3,0.002,0.0025,0.002,0.002,1.73,2026-06-23T14:19:08,0.002,1.73
ip_shuffle,20260623T141908_083432,of:0000000000000008:1 -> of:000000000000000b:6,0.002,0.0025,0.002,0.002,1.53,2026-06-23T14:19:08,0.002,1.53
ip_shuffle,20260623T141908_083432,of:0000000000000004:2 -> of:0000000000000009:2,0.002,0.0025,0.002,0.002,1.73,2026-06-23T14:19:08,0.002,1.73
ip_shuffle,20260623T141908_083432,of:0000000000000002:1 -> of:000000000000000b:4,0.002,0.0025,0.002,0.002,2.56,2026-06-23T14:19:08,0.002,2.56
ip_shuffle,20260623T141908_083432,of:0000000000000009:1 -> of:000000000000000c:6,0.001,0.00125,0.001,0.001,1.47,2026-06-23T14:19:08,0.001,1.47
ip_shuffle,20260623T142005_697266,of:0000000000000004:1 -> of:000000000000000c:4,0.002,0.0025,0.002,0.002,1.6,2026-06-23T14:20:05,0.002,1.53
ip_shuffle,20260623T142005_697266,of:0000000000000005:1 -> of:000000000000000c:5,0.002,0.0025,0.002,0.002,1.6,2026-06-23T14:20:05,0.002,1.53
ip_shuffle,20260623T142005_697266,of:000000000000000a:1 -> of:000000000000000d:6,0.001,0.00125,0.001,0.001,1.5,2026-06-23T14:20:05,0.001,1.46
ip_shuffle,20260623T142005_697266,of:000000000000000b:3 -> of:000000000000000d:2,0.002,0.0025,0.002,0.002,1.7,2026-06-23T14:20:05,0.002,1.7
ip_shuffle,20260623T142005_697266,of:000000000000000c:3 -> of:000000000000000d:3,0.002,0.0025,0.002,0.002,1.73,2026-06-23T14:20:05,0.002,1.73
ip_shuffle,20260623T142005_697266,of:0000000000000005:2 -> of:0000000000000009:3,0.002,0.0025,0.002,0.002,1.76,2026-06-23T14:20:05,0.002,1.76
ip_shuffle,20260623T142005_697266,of:0000000000000001:1 -> of:000000000000000b:1,0.002,0.0025,0.002,0.001,1.5,2026-06-23T14:20:05,0.002,1.53
ip_shuffle,20260623T142005_697266,of:000000000000000b:2 -> of:000000000000000c:2,0.002,0.0025,0.002,0.002,1.7,2026-06-23T14:20:05,0.002,1.7
ip_shuffle,20260623T142005_697266,of:0000000000000001:2 -> of:000000000000000c:1,0.002,0.0025,0.002,0.002,1.53,2026-06-23T14:20:05,0.002,1.6
ip_shuffle,20260623T142005_697266,of:0000000000000006:2 -> of:000000000000000a:2,0.001,0.00125,0.001,0.001,1.66,2026-06-23T14:20:05,0.001,1.66
ip_shuffle,20260623T142005_697266,of:0000000000000001:3 -> of:000000000000000d:1,0.002,0.0025,0.002,0.002,2.4,2026-06-23T14:20:05,0.002,2.33
ip_shuffle,20260623T142005_697266,of:0000000000000003:1 -> of:000000000000000b:5,0.002,0.0025,0.002,0.002,1.53,2026-06-23T14:20:05,0.001,1.5
ip_shuffle,20260623T142005_697266,of:0000000000000006:1 -> of:000000000000000d:4,0.001,0.00125,0.001,0.001,1.5,2026-06-23T14:20:05,0.001,1.46
ip_shuffle,20260623T142005_697266,of:0000000000000007:2 -> of:000000000000000a:3,0.001,0.00125,0.001,0.001,1.66,2026-06-23T14:20:05,0.001,1.66
ip_shuffle,20260623T142005_697266,of:0000000000000007:1 -> of:000000000000000d:5,0.002,0.0025,0.002,0.002,2.23,2026-06-23T14:20:05,0.002,2.26
ip_shuffle,20260623T142005_697266,of:0000000000000002:2 -> of:0000000000000008:2,0.002,0.0025,0.002,0.002,1.76,2026-06-23T14:20:05,0.002,1.76
ip_shuffle,20260623T142005_697266,of:0000000000000003:2 -> of:0000000000000008:3,0.002,0.0025,0.002,0.002,1.76,2026-06-23T14:20:05,0.002,1.76
ip_shuffle,20260623T142005_697266,of:0000000000000008:1 -> of:000000000000000b:6,0.001,0.00125,0.001,0.001,1.43,2026-06-23T14:20:05,0.001,1.43
ip_shuffle,20260623T142005_697266,of:0000000000000004:2 -> of:0000000000000009:2,0.002,0.0025,0.002,0.002,1.76,2026-06-23T14:20:05,0.002,1.76
ip_shuffle,20260623T142005_697266,of:0000000000000002:1 -> of:000000000000000b:4,0.002,0.0025,0.002,0.002,1.53,2026-06-23T14:20:05,0.001,1.5
ip_shuffle,20260623T142005_697266,of:0000000000000009:1 -> of:000000000000000c:6,0.001,0.00125,0.001,0.001,1.5,2026-06-23T14:20:05,0.001,1.46
route_mutation,20260623T142103_410498,of:0000000000000004:1 -> of:000000000000000c:4,0.002,0.0025,0.002,0.002,2.43,2026-06-23T14:21:03,0.002,2.43
route_mutation,20260623T142103_410498,of:0000000000000005:1 -> of:000000000000000c:5,0.002,0.0025,0.002,0.002,2.56,2026-06-23T14:21:03,0.002,2.56
route_mutation,20260623T142103_410498,of:000000000000000a:1 -> of:000000000000000d:6,0.002,0.0025,0.002,0.002,1.83,2026-06-23T14:21:03,0.002,1.83
route_mutation,20260623T142103_410498,of:000000000000000b:3 -> of:000000000000000d:2,0.002,0.0025,0.002,0.002,2.33,2026-06-23T14:21:03,0.002,2.33
route_mutation,20260623T142103_410498,of:000000000000000c:3 -> of:000000000000000d:3,0.002,0.0025,0.002,0.002,2.33,2026-06-23T14:21:03,0.002,2.33
route_mutation,20260623T142103_410498,of:0000000000000005:2 -> of:0000000000000009:3,0.002,0.0025,0.002,0.002,2.26,2026-06-23T14:21:03,0.002,2.26
route_mutation,20260623T142103_410498,of:0000000000000001:1 -> of:000000000000000b:1,0.002,0.0025,0.002,0.002,1.9,2026-06-23T14:21:03,0.002,1.8
route_mutation,20260623T142103_410498,of:000000000000000b:2 -> of:000000000000000c:2,0.002,0.0025,0.002,0.002,2.33,2026-06-23T14:21:03,0.002,2.33
route_mutation,20260623T142103_410498,of:0000000000000001:2 -> of:000000000000000c:1,0.003,0.00375,0.003,0.003,3.26,2026-06-23T14:21:03,0.003,3.23
route_mutation,20260623T142103_410498,of:0000000000000006:2 -> of:000000000000000a:2,0.002,0.0025,0.002,0.002,2.33,2026-06-23T14:21:03,0.002,2.33
route_mutation,20260623T142103_410498,of:0000000000000001:3 -> of:000000000000000d:1,0.003,0.00375,0.003,0.002,2.9,2026-06-23T14:21:03,0.003,3.0
route_mutation,20260623T142103_410498,of:0000000000000003:1 -> of:000000000000000b:5,0.002,0.0025,0.002,0.002,1.8,2026-06-23T14:21:03,0.002,1.9
route_mutation,20260623T142103_410498,of:0000000000000006:1 -> of:000000000000000d:4,0.003,0.00375,0.003,0.003,3.06,2026-06-23T14:21:03,0.003,3.0
route_mutation,20260623T142103_410498,of:0000000000000007:2 -> of:000000000000000a:3,0.002,0.0025,0.002,0.002,2.33,2026-06-23T14:21:03,0.002,2.33
route_mutation,20260623T142103_410498,of:0000000000000007:1 -> of:000000000000000d:5,0.002,0.0025,0.002,0.002,1.86,2026-06-23T14:21:03,0.002,1.86
route_mutation,20260623T142103_410498,of:0000000000000002:2 -> of:0000000000000008:2,0.002,0.0025,0.002,0.002,2.23,2026-06-23T14:21:03,0.002,2.23
route_mutation,20260623T142103_410498,of:0000000000000003:2 -> of:0000000000000008:3,0.002,0.0025,0.002,0.002,2.23,2026-06-23T14:21:03,0.002,2.23
route_mutation,20260623T142103_410498,of:0000000000000008:1 -> of:000000000000000b:6,0.002,0.0025,0.002,0.002,1.83,2026-06-23T14:21:03,0.002,1.83
route_mutation,20260623T142103_410498,of:0000000000000004:2 -> of:0000000000000009:2,0.002,0.0025,0.002,0.002,2.26,2026-06-23T14:21:03,0.002,2.26
route_mutation,20260623T142103_410498,of:0000000000000002:1 -> of:000000000000000b:4,0.002,0.0025,0.002,0.002,1.73,2026-06-23T14:21:03,0.002,1.76
route_mutation,20260623T142103_410498,of:0000000000000009:1 -> of:000000000000000c:6,0.002,0.0025,0.002,0.002,1.83,2026-06-23T14:21:03,0.002,1.83
ip_shuffle,20260623T142133_636106,of:0000000000000004:1 -> of:000000000000000c:4,0.002,0.0025,0.002,0.002,1.73,2026-06-23T14:21:33,0.002,1.73
ip_shuffle,20260623T142133_636106,of:0000000000000005:1 -> of:000000000000000c:5,0.002,0.0025,0.002,0.002,1.73,2026-06-23T14:21:33,0.002,1.73
ip_shuffle,20260623T142133_636106,of:000000000000000a:1 -> of:000000000000000d:6,0.002,0.0025,0.002,0.002,1.67,2026-06-23T14:21:33,0.002,1.67
ip_shuffle,20260623T142133_636106,of:000000000000000b:3 -> of:000000000000000d:2,0.002,0.0025,0.002,0.002,2.13,2026-06-23T14:21:33,0.002,2.13
ip_shuffle,20260623T142133_636106,of:000000000000000c:3 -> of:000000000000000d:3,0.002,0.0025,0.002,0.002,2.13,2026-06-23T14:21:33,0.002,2.13
ip_shuffle,20260623T142133_636106,of:0000000000000005:2 -> of:0000000000000009:3,0.002,0.0025,0.002,0.002,2.06,2026-06-23T14:21:33,0.002,2.06
ip_shuffle,20260623T142133_636106,of:0000000000000001:1 -> of:000000000000000b:1,0.002,0.0025,0.002,0.002,1.73,2026-06-23T14:21:33,0.002,1.76
ip_shuffle,20260623T142133_636106,of:000000000000000b:2 -> of:000000000000000c:2,0.002,0.0025,0.002,0.002,2.13,2026-06-23T14:21:33,0.002,2.13
ip_shuffle,20260623T142133_636106,of:0000000000000001:2 -> of:000000000000000c:1,0.002,0.0025,0.002,0.002,1.73,2026-06-23T14:21:33,0.002,1.76
ip_shuffle,20260623T142133_636106,of:0000000000000006:2 -> of:000000000000000a:2,0.002,0.0025,0.002,0.002,2.06,2026-06-23T14:21:33,0.002,2.0
ip_shuffle,20260623T142133_636106,of:0000000000000001:3 -> of:000000000000000d:1,0.003,0.00375,0.003,0.003,3.3,2026-06-23T14:21:33,0.003,3.2
ip_shuffle,20260623T142133_636106,of:0000000000000003:1 -> of:000000000000000b:5,0.002,0.0025,0.002,0.002,1.76,2026-06-23T14:21:33,0.002,1.73
ip_shuffle,20260623T142133_636106,of:0000000000000006:1 -> of:000000000000000d:4,0.002,0.0025,0.002,0.002,1.93,2026-06-23T14:21:33,0.002,2.0
ip_shuffle,20260623T142133_636106,of:0000000000000007:2 -> of:000000000000000a:3,0.002,0.0025,0.002,0.002,2.0,2026-06-23T14:21:33,0.002,2.0
ip_shuffle,20260623T142133_636106,of:0000000000000007:1 -> of:000000000000000d:5,0.003,0.00375,0.003,0.003,3.1,2026-06-23T14:21:33,0.003,3.1
ip_shuffle,20260623T142133_636106,of:0000000000000002:2 -> of:0000000000000008:2,0.002,0.0025,0.002,0.002,2.1,2026-06-23T14:21:33,0.002,2.1
ip_shuffle,20260623T142133_636106,of:0000000000000003:2 -> of:0000000000000008:3,0.002,0.0025,0.002,0.002,2.1,2026-06-23T14:21:33,0.002,2.1
ip_shuffle,20260623T142133_636106,of:0000000000000008:1 -> of:000000000000000b:6,0.002,0.0025,0.002,0.002,1.67,2026-06-23T14:21:33,0.002,1.67
ip_shuffle,20260623T142133_636106,of:0000000000000004:2 -> of:0000000000000009:2,0.002,0.0025,0.002,0.002,2.06,2026-06-23T14:21:33,0.002,2.06
ip_shuffle,20260623T142133_636106,of:0000000000000002:1 -> of:000000000000000b:4,0.002,0.0025,0.002,0.002,1.76,2026-06-23T14:21:33,0.002,1.73
ip_shuffle,20260623T142133_636106,of:0000000000000009:1 -> of:000000000000000c:6,0.002,0.0025,0.002,0.002,1.67,2026-06-23T14:21:33,0.002,1.67
ip_shuffle,20260623T142237_694618,of:0000000000000004:1 -> of:000000000000000c:4,0.002,0.0025,0.002,0.002,2.56,2026-06-23T14:22:37,0.002,2.6
ip_shuffle,20260623T142237_694618,of:0000000000000005:1 -> of:000000000000000c:5,0.002,0.0025,0.002,0.002,2.56,2026-06-23T14:22:37,0.002,2.6
ip_shuffle,20260623T142237_694618,of:000000000000000a:1 -> of:000000000000000d:6,0.002,0.0025,0.002,0.002,1.8,2026-06-23T14:22:37,0.002,1.8
ip_shuffle,20260623T142237_694618,of:000000000000000b:3 -> of:000000000000000d:2,0.002,0.0025,0.002,0.002,2.26,2026-06-23T14:22:37,0.002,2.26
ip_shuffle,20260623T142237_694618,of:000000000000000c:3 -> of:000000000000000d:3,0.002,0.0025,0.002,0.002,2.26,2026-06-23T14:22:37,0.002,2.26
ip_shuffle,20260623T142237_694618,of:0000000000000005:2 -> of:0000000000000009:3,0.002,0.0025,0.002,0.002,2.23,2026-06-23T14:22:37,0.002,2.23
ip_shuffle,20260623T142237_694618,of:0000000000000001:1 -> of:000000000000000b:1,0.002,0.0025,0.002,0.002,2.23,2026-06-23T14:22:37,0.002,2.16
ip_shuffle,20260623T142237_694618,of:000000000000000b:2 -> of:000000000000000c:2,0.002,0.0025,0.002,0.002,2.26,2026-06-23T14:22:37,0.002,2.26
ip_shuffle,20260623T142237_694618,of:0000000000000001:2 -> of:000000000000000c:1,0.003,0.00375,0.003,0.003,3.33,2026-06-23T14:22:37,0.003,3.26
ip_shuffle,20260623T142237_694618,of:0000000000000006:2 -> of:000000000000000a:2,0.002,0.0025,0.002,0.002,2.23,2026-06-23T14:22:37,0.002,2.23
ip_shuffle,20260623T142237_694618,of:0000000000000001:3 -> of:000000000000000d:1,0.002,0.0025,0.002,0.002,2.5,2026-06-23T14:22:37,0.002,2.53
ip_shuffle,20260623T142237_694618,of:0000000000000003:1 -> of:000000000000000b:5,0.002,0.0025,0.002,0.002,2.16,2026-06-23T14:22:37,0.002,2.23
ip_shuffle,20260623T142237_694618,of:0000000000000006:1 -> of:000000000000000d:4,0.002,0.0025,0.002,0.002,2.7,2026-06-23T14:22:37,0.002,2.66
ip_shuffle,20260623T142237_694618,of:0000000000000007:2 -> of:000000000000000a:3,0.002,0.0025,0.002,0.002,2.23,2026-06-23T14:22:37,0.002,2.23
ip_shuffle,20260623T142237_694618,of:0000000000000007:1 -> of:000000000000000d:5,0.002,0.0025,0.002,0.002,1.8,2026-06-23T14:22:37,0.002,1.83
ip_shuffle,20260623T142237_694618,of:0000000000000002:2 -> of:0000000000000008:2,0.002,0.0025,0.002,0.002,2.1,2026-06-23T14:22:37,0.002,2.1
ip_shuffle,20260623T142237_694618,of:0000000000000003:2 -> of:0000000000000008:3,0.002,0.0025,0.002,0.002,2.1,2026-06-23T14:22:37,0.002,2.1
ip_shuffle,20260623T142237_694618,of:0000000000000008:1 -> of:000000000000000b:6,0.002,0.0025,0.002,0.002,1.76,2026-06-23T14:22:37,0.002,1.8
ip_shuffle,20260623T142237_694618,of:0000000000000004:2 -> of:0000000000000009:2,0.002,0.0025,0.002,0.002,2.23,2026-06-23T14:22:37,0.002,2.23
ip_shuffle,20260623T142237_694618,of:0000000000000002:1 -> of:000000000000000b:4,0.002,0.0025,0.002,0.002,1.67,2026-06-23T14:22:37,0.002,1.73
ip_shuffle,20260623T142237_694618,of:0000000000000009:1 -> of:000000000000000c:6,0.002,0.0025,0.002,0.002,1.8,2026-06-23T14:22:37,0.002,1.8
route_mutation,20260623T142335_406162,of:0000000000000004:1 -> of:000000000000000c:4,0.001,0.00125,0.001,0.001,1.37,2026-06-23T14:23:35,0.001,1.37
route_mutation,20260623T142335_406162,of:0000000000000005:1 -> of:000000000000000c:5,0.001,0.00125,0.001,0.001,1.37,2026-06-23T14:23:35,0.001,1.37
route_mutation,20260623T142335_406162,of:000000000000000a:1 -> of:000000000000000d:6,0.001,0.00125,0.001,0.001,1.3,2026-06-23T14:23:35,0.001,1.3
route_mutation,20260623T142335_406162,of:000000000000000b:3 -> of:000000000000000d:2,0.001,0.00125,0.001,0.001,1.4,2026-06-23T14:23:35,0.001,1.4
route_mutation,20260623T142335_406162,of:000000000000000c:3 -> of:000000000000000d:3,0.001,0.00125,0.001,0.001,1.4,2026-06-23T14:23:35,0.001,1.4
route_mutation,20260623T142335_406162,of:0000000000000005:2 -> of:0000000000000009:3,0.002,0.0025,0.002,0.002,1.53,2026-06-23T14:23:35,0.002,1.53
route_mutation,20260623T142335_406162,of:0000000000000001:1 -> of:000000000000000b:1,0.002,0.0025,0.002,0.002,2.33,2026-06-23T14:23:35,0.002,2.3
route_mutation,20260623T142335_406162,of:000000000000000b:2 -> of:000000000000000c:2,0.001,0.00125,0.001,0.001,1.4,2026-06-23T14:23:35,0.001,1.4
route_mutation,20260623T142335_406162,of:0000000000000001:2 -> of:000000000000000c:1,0.001,0.00125,0.001,0.001,1.37,2026-06-23T14:23:35,0.001,1.37
route_mutation,20260623T142335_406162,of:0000000000000006:2 -> of:000000000000000a:2,0.001,0.00125,0.001,0.001,1.47,2026-06-23T14:23:35,0.001,1.47
route_mutation,20260623T142335_406162,of:0000000000000001:3 -> of:000000000000000d:1,0.001,0.00125,0.001,0.001,1.37,2026-06-23T14:23:35,0.001,1.37
route_mutation,20260623T142335_406162,of:0000000000000003:1 -> of:000000000000000b:5,0.001,0.00125,0.001,0.001,1.37,2026-06-23T14:23:35,0.001,1.4
route_mutation,20260623T142335_406162,of:0000000000000006:1 -> of:000000000000000d:4,0.001,0.00125,0.001,0.001,1.37,2026-06-23T14:23:35,0.001,1.37
route_mutation,20260623T142335_406162,of:0000000000000007:2 -> of:000000000000000a:3,0.001,0.00125,0.001,0.001,1.47,2026-06-23T14:23:35,0.001,1.47
route_mutation,20260623T142335_406162,of:0000000000000007:1 -> of:000000000000000d:5,0.001,0.00125,0.001,0.001,1.37,2026-06-23T14:23:35,0.001,1.37
route_mutation,20260623T142335_406162,of:0000000000000002:2 -> of:0000000000000008:2,0.002,0.0025,0.002,0.002,1.53,2026-06-23T14:23:35,0.002,1.53
route_mutation,20260623T142335_406162,of:0000000000000003:2 -> of:0000000000000008:3,0.002,0.0025,0.002,0.002,1.53,2026-06-23T14:23:35,0.002,1.53
route_mutation,20260623T142335_406162,of:0000000000000008:1 -> of:000000000000000b:6,0.001,0.00125,0.001,0.001,1.37,2026-06-23T14:23:35,0.001,1.37
route_mutation,20260623T142335_406162,of:0000000000000004:2 -> of:0000000000000009:2,0.002,0.0025,0.002,0.002,1.53,2026-06-23T14:23:35,0.002,1.53
route_mutation,20260623T142335_406162,of:0000000000000002:1 -> of:000000000000000b:4,0.002,0.0025,0.002,0.002,2.3,2026-06-23T14:23:35,0.002,2.3
route_mutation,20260623T142335_406162,of:0000000000000009:1 -> of:000000000000000c:6,0.001,0.00125,0.001,0.001,1.37,2026-06-23T14:23:35,0.001,1.37
ip_shuffle,20260623T142405_772591,of:0000000000000004:1 -> of:000000000000000c:4,0.002,0.0025,0.002,0.002,2.23,2026-06-23T14:24:05,0.002,2.23
ip_shuffle,20260623T142405_772591,of:0000000000000005:1 -> of:000000000000000c:5,0.002,0.0025,0.002,0.002,1.96,2026-06-23T14:24:05,0.002,1.96
ip_shuffle,20260623T142405_772591,of:000000000000000a:1 -> of:000000000000000d:6,0.002,0.0025,0.002,0.002,1.43,2026-06-23T14:24:05,0.002,1.43
ip_shuffle,20260623T142405_772591,of:000000000000000b:3 -> of:000000000000000d:2,0.002,0.0025,0.002,0.002,1.53,2026-06-23T14:24:05,0.002,1.53
ip_shuffle,20260623T142405_772591,of:000000000000000c:3 -> of:000000000000000d:3,0.002,0.0025,0.002,0.002,1.53,2026-06-23T14:24:05,0.002,1.53
ip_shuffle,20260623T142405_772591,of:0000000000000005:2 -> of:0000000000000009:3,0.002,0.0025,0.002,0.002,1.53,2026-06-23T14:24:05,0.002,1.53
ip_shuffle,20260623T142405_772591,of:0000000000000001:1 -> of:000000000000000b:1,0.002,0.0025,0.002,0.002,2.43,2026-06-23T14:24:05,0.002,2.46
ip_shuffle,20260623T142405_772591,of:000000000000000b:2 -> of:000000000000000c:2,0.002,0.0025,0.002,0.002,1.53,2026-06-23T14:24:05,0.002,1.53
ip_shuffle,20260623T142405_772591,of:0000000000000001:2 -> of:000000000000000c:1,0.002,0.0025,0.002,0.002,2.66,2026-06-23T14:24:05,0.002,2.66
ip_shuffle,20260623T142405_772591,of:0000000000000006:2 -> of:000000000000000a:2,0.002,0.0025,0.002,0.002,1.53,2026-06-23T14:24:05,0.002,1.53
ip_shuffle,20260623T142405_772591,of:0000000000000001:3 -> of:000000000000000d:1,0.001,0.00125,0.001,0.001,1.37,2026-06-23T14:24:05,0.001,1.37
ip_shuffle,20260623T142405_772591,of:0000000000000003:1 -> of:000000000000000b:5,0.002,0.0025,0.002,0.002,2.36,2026-06-23T14:24:05,0.002,2.33
ip_shuffle,20260623T142405_772591,of:0000000000000006:1 -> of:000000000000000d:4,0.002,0.0025,0.002,0.002,1.43,2026-06-23T14:24:05,0.002,1.43
ip_shuffle,20260623T142405_772591,of:0000000000000007:2 -> of:000000000000000a:3,0.002,0.0025,0.002,0.002,1.53,2026-06-23T14:24:05,0.002,1.53
ip_shuffle,20260623T142405_772591,of:0000000000000007:1 -> of:000000000000000d:5,0.002,0.0025,0.002,0.002,1.43,2026-06-23T14:24:05,0.002,1.43
ip_shuffle,20260623T142405_772591,of:0000000000000002:2 -> of:0000000000000008:2,0.001,0.00125,0.001,0.001,1.47,2026-06-23T14:24:05,0.001,1.47
ip_shuffle,20260623T142405_772591,of:0000000000000003:2 -> of:0000000000000008:3,0.001,0.00125,0.001,0.001,1.47,2026-06-23T14:24:05,0.001,1.47
ip_shuffle,20260623T142405_772591,of:0000000000000008:1 -> of:000000000000000b:6,0.002,0.0025,0.002,0.002,1.43,2026-06-23T14:24:05,0.002,1.43
ip_shuffle,20260623T142405_772591,of:0000000000000004:2 -> of:0000000000000009:2,0.002,0.0025,0.002,0.002,1.53,2026-06-23T14:24:05,0.002,1.53
ip_shuffle,20260623T142405_772591,of:0000000000000002:1 -> of:000000000000000b:4,0.002,0.0025,0.002,0.002,1.47,2026-06-23T14:24:05,0.002,1.47
ip_shuffle,20260623T142405_772591,of:0000000000000009:1 -> of:000000000000000c:6,0.002,0.0025,0.002,0.002,1.43,2026-06-23T14:24:05,0.002,1.43
ip_shuffle,20260623T142503_504280,of:0000000000000004:1 -> of:000000000000000c:4,0.001,0.00125,0.001,0.001,1.4,2026-06-23T14:25:03,0.001,1.36
ip_shuffle,20260623T142503_504280,of:0000000000000005:1 -> of:000000000000000c:5,0.001,0.00125,0.001,0.001,1.4,2026-06-23T14:25:03,0.001,1.36
ip_shuffle,20260623T142503_504280,of:000000000000000a:1 -> of:000000000000000d:6,0.001,0.00125,0.001,0.001,1.3,2026-06-23T14:25:03,0.001,1.26
ip_shuffle,20260623T142503_504280,of:000000000000000b:3 -> of:000000000000000d:2,0.001,0.00125,0.001,0.001,1.36,2026-06-23T14:25:03,0.001,1.36
ip_shuffle,20260623T142503_504280,of:000000000000000c:3 -> of:000000000000000d:3,0.001,0.00125,0.001,0.001,1.36,2026-06-23T14:25:03,0.001,1.36
ip_shuffle,20260623T142503_504280,of:0000000000000005:2 -> of:0000000000000009:3,0.001,0.00125,0.001,0.001,1.5,2026-06-23T14:25:03,0.001,1.5
ip_shuffle,20260623T142503_504280,of:0000000000000001:1 -> of:000000000000000b:1,0.001,0.00125,0.001,0.001,1.36,2026-06-23T14:25:03,0.001,1.43
ip_shuffle,20260623T142503_504280,of:000000000000000b:2 -> of:000000000000000c:2,0.001,0.00125,0.001,0.001,1.4,2026-06-23T14:25:03,0.001,1.4
ip_shuffle,20260623T142503_504280,of:0000000000000001:2 -> of:000000000000000c:1,0.001,0.00125,0.001,0.001,1.36,2026-06-23T14:25:03,0.001,1.43
ip_shuffle,20260623T142503_504280,of:0000000000000006:2 -> of:000000000000000a:2,0.001,0.00125,0.001,0.001,1.5,2026-06-23T14:25:03,0.001,1.5
ip_shuffle,20260623T142503_504280,of:0000000000000001:3 -> of:000000000000000d:1,0.002,0.0025,0.002,0.002,1.9,2026-06-23T14:25:03,0.002,1.76
ip_shuffle,20260623T142503_504280,of:0000000000000003:1 -> of:000000000000000b:5,0.001,0.00125,0.001,0.001,1.4,2026-06-23T14:25:03,0.001,1.36
ip_shuffle,20260623T142503_504280,of:0000000000000006:1 -> of:000000000000000d:4,0.001,0.00125,0.001,0.001,1.4,2026-06-23T14:25:03,0.001,1.33
ip_shuffle,20260623T142503_504280,of:0000000000000007:2 -> of:000000000000000a:3,0.001,0.00125,0.001,0.001,1.5,2026-06-23T14:25:03,0.001,1.5
ip_shuffle,20260623T142503_504280,of:0000000000000007:1 -> of:000000000000000d:5,0.002,0.0025,0.002,0.002,1.73,2026-06-23T14:25:03,0.002,1.8
ip_shuffle,20260623T142503_504280,of:0000000000000002:2 -> of:0000000000000008:2,0.002,0.0025,0.002,0.002,1.6,2026-06-23T14:25:03,0.002,1.6
ip_shuffle,20260623T142503_504280,of:0000000000000003:2 -> of:0000000000000008:3,0.002,0.0025,0.002,0.002,1.6,2026-06-23T14:25:03,0.002,1.6
ip_shuffle,20260623T142503_504280,of:0000000000000008:1 -> of:000000000000000b:6,0.001,0.00125,0.001,0.001,1.36,2026-06-23T14:25:03,0.001,1.36
ip_shuffle,20260623T142503_504280,of:0000000000000004:2 -> of:0000000000000009:2,0.001,0.00125,0.001,0.001,1.5,2026-06-23T14:25:03,0.001,1.5
ip_shuffle,20260623T142503_504280,of:0000000000000002:1 -> of:000000000000000b:4,0.001,0.00125,0.001,0.001,1.4,2026-06-23T14:25:03,0.001,1.36
ip_shuffle,20260623T142503_504280,of:0000000000000009:1 -> of:000000000000000c:6,0.001,0.00125,0.001,0.001,1.3,2026-06-23T14:25:03,0.001,1.3
ip_shuffle,20260623T142601_214230,of:0000000000000004:1 -> of:000000000000000c:4,0.002,0.0025,0.002,0.002,2.3,2026-06-23T14:26:01,0.002,2.3
ip_shuffle,20260623T142601_214230,of:0000000000000005:1 -> of:000000000000000c:5,0.002,0.0025,0.002,0.002,1.6,2026-06-23T14:26:01,0.002,1.6
ip_shuffle,20260623T142601_214230,of:000000000000000a:1 -> of:000000000000000d:6,0.002,0.0025,0.002,0.002,1.6,2026-06-23T14:26:01,0.002,1.6
ip_shuffle,20260623T142601_214230,of:000000000000000b:3 -> of:000000000000000d:2,0.002,0.0025,0.002,0.002,1.86,2026-06-23T14:26:01,0.002,1.86
ip_shuffle,20260623T142601_214230,of:000000000000000c:3 -> of:000000000000000d:3,0.002,0.0025,0.002,0.002,1.86,2026-06-23T14:26:01,0.002,1.86
ip_shuffle,20260623T142601_214230,of:0000000000000005:2 -> of:0000000000000009:3,0.002,0.0025,0.002,0.002,1.86,2026-06-23T14:26:01,0.002,1.86
ip_shuffle,20260623T142601_214230,of:0000000000000001:1 -> of:000000000000000b:1,0.003,0.00375,0.003,0.003,3.6,2026-06-23T14:26:01,0.003,3.6
ip_shuffle,20260623T142601_214230,of:000000000000000b:2 -> of:000000000000000c:2,0.002,0.0025,0.002,0.002,1.86,2026-06-23T14:26:01,0.002,1.86
ip_shuffle,20260623T142601_214230,of:0000000000000001:2 -> of:000000000000000c:1,0.002,0.0025,0.002,0.002,2.23,2026-06-23T14:26:01,0.002,2.23
ip_shuffle,20260623T142601_214230,of:0000000000000006:2 -> of:000000000000000a:2,0.002,0.0025,0.002,0.002,1.86,2026-06-23T14:26:01,0.002,1.86
ip_shuffle,20260623T142601_214230,of:0000000000000001:3 -> of:000000000000000d:1,0.002,0.0025,0.002,0.002,2.16,2026-06-23T14:26:01,0.002,2.16
ip_shuffle,20260623T142601_214230,of:0000000000000003:1 -> of:000000000000000b:5,0.002,0.0025,0.002,0.002,2.56,2026-06-23T14:26:01,0.002,2.56
ip_shuffle,20260623T142601_214230,of:0000000000000006:1 -> of:000000000000000d:4,0.002,0.0025,0.002,0.002,1.6,2026-06-23T14:26:01,0.002,1.6
ip_shuffle,20260623T142601_214230,of:0000000000000007:2 -> of:000000000000000a:3,0.002,0.0025,0.002,0.002,1.86,2026-06-23T14:26:01,0.002,1.86
ip_shuffle,20260623T142601_214230,of:0000000000000007:1 -> of:000000000000000d:5,0.002,0.0025,0.002,0.002,2.23,2026-06-23T14:26:01,0.002,2.23
ip_shuffle,20260623T142601_214230,of:0000000000000002:2 -> of:0000000000000008:2,0.002,0.0025,0.002,0.002,1.8,2026-06-23T14:26:01,0.002,1.8
ip_shuffle,20260623T142601_214230,of:0000000000000003:2 -> of:0000000000000008:3,0.002,0.0025,0.002,0.002,1.8,2026-06-23T14:26:01,0.002,1.8
ip_shuffle,20260623T142601_214230,of:0000000000000008:1 -> of:000000000000000b:6,0.002,0.0025,0.002,0.002,1.6,2026-06-23T14:26:01,0.002,1.6
ip_shuffle,20260623T142601_214230,of:0000000000000004:2 -> of:0000000000000009:2,0.002,0.0025,0.002,0.002,1.86,2026-06-23T14:26:01,0.002,1.86
ip_shuffle,20260623T142601_214230,of:0000000000000002:1 -> of:000000000000000b:4,0.002,0.0025,0.002,0.002,2.56,2026-06-23T14:26:01,0.002,2.56
ip_shuffle,20260623T142601_214230,of:0000000000000009:1 -> of:000000000000000c:6,0.002,0.0025,0.002,0.002,1.6,2026-06-23T14:26:01,0.002,1.6
ip_shuffle,20260623T142658_854737,of:0000000000000004:1 -> of:000000000000000c:4,0.002,0.0025,0.002,0.002,1.83,2026-06-23T14:26:58,0.002,1.8
ip_shuffle,20260623T142658_854737,of:0000000000000005:1 -> of:000000000000000c:5,0.002,0.0025,0.002,0.002,1.83,2026-06-23T14:26:58,0.002,1.8
ip_shuffle,20260623T142658_854737,of:000000000000000a:1 -> of:000000000000000d:6,0.002,0.0025,0.002,0.002,1.8,2026-06-23T14:26:58,0.002,1.8
ip_shuffle,20260623T142658_854737,of:000000000000000b:3 -> of:000000000000000d:2,0.002,0.0025,0.002,0.002,2.4,2026-06-23T14:26:58,0.002,2.4
ip_shuffle,20260623T142658_854737,of:000000000000000c:3 -> of:000000000000000d:3,0.002,0.0025,0.002,0.002,2.33,2026-06-23T14:26:58,0.002,2.33
ip_shuffle,20260623T142658_854737,of:0000000000000005:2 -> of:0000000000000009:3,0.002,0.0025,0.002,0.002,2.4,2026-06-23T14:26:58,0.002,2.4
ip_shuffle,20260623T142658_854737,of:0000000000000001:1 -> of:000000000000000b:1,0.002,0.0025,0.002,0.002,1.83,2026-06-23T14:26:58,0.002,1.9
ip_shuffle,20260623T142658_854737,of:000000000000000b:2 -> of:000000000000000c:2,0.002,0.0025,0.002,0.002,2.26,2026-06-23T14:26:58,0.002,2.26
ip_shuffle,20260623T142658_854737,of:0000000000000001:2 -> of:000000000000000c:1,0.002,0.0025,0.002,0.002,1.8,2026-06-23T14:26:58,0.002,1.86
ip_shuffle,20260623T142658_854737,of:0000000000000006:2 -> of:000000000000000a:2,0.002,0.0025,0.002,0.002,2.36,2026-06-23T14:26:58,0.002,2.36
ip_shuffle,20260623T142658_854737,of:0000000000000001:3 -> of:000000000000000d:1,0.003,0.00375,0.003,0.003,4.03,2026-06-23T14:26:58,0.003,3.99
ip_shuffle,20260623T142658_854737,of:0000000000000003:1 -> of:000000000000000b:5,0.002,0.0025,0.002,0.002,1.96,2026-06-23T14:26:58,0.002,1.9
ip_shuffle,20260623T142658_854737,of:0000000000000006:1 -> of:000000000000000d:4,0.002,0.0025,0.002,0.002,2.86,2026-06-23T14:26:58,0.002,2.9
ip_shuffle,20260623T142658_854737,of:0000000000000007:2 -> of:000000000000000a:3,0.002,0.0025,0.002,0.002,2.36,2026-06-23T14:26:58,0.002,2.36
ip_shuffle,20260623T142658_854737,of:0000000000000007:1 -> of:000000000000000d:5,0.003,0.00375,0.003,0.003,3.4,2026-06-23T14:26:58,0.003,3.36
ip_shuffle,20260623T142658_854737,of:0000000000000002:2 -> of:0000000000000008:2,0.002,0.0025,0.002,0.002,2.5,2026-06-23T14:26:58,0.002,2.5
ip_shuffle,20260623T142658_854737,of:0000000000000003:2 -> of:0000000000000008:3,0.002,0.0025,0.002,0.002,2.5,2026-06-23T14:26:58,0.002,2.5
ip_shuffle,20260623T142658_854737,of:0000000000000008:1 -> of:000000000000000b:6,0.002,0.0025,0.002,0.002,1.83,2026-06-23T14:26:58,0.002,1.8
ip_shuffle,20260623T142658_854737,of:0000000000000004:2 -> of:0000000000000009:2,0.002,0.0025,0.002,0.002,2.4,2026-06-23T14:26:58,0.002,2.4
ip_shuffle,20260623T142658_854737,of:0000000000000002:1 -> of:000000000000000b:4,0.002,0.0025,0.002,0.002,1.86,2026-06-23T14:26:58,0.002,1.8
ip_shuffle,20260623T142658_854737,of:0000000000000009:1 -> of:000000000000000c:6,0.002,0.0025,0.002,0.002,1.76,2026-06-23T14:26:58,0.002,1.73
route_mutation,20260623T142756_476292,of:0000000000000004:1 -> of:000000000000000c:4,0.002,0.0025,0.002,0.002,2.5,2026-06-23T14:27:56,0.002,2.53
route_mutation,20260623T142756_476292,of:0000000000000005:1 -> of:000000000000000c:5,0.002,0.0025,0.002,0.002,2.5,2026-06-23T14:27:56,0.002,2.53
route_mutation,20260623T142756_476292,of:000000000000000a:1 -> of:000000000000000d:6,0.002,0.0025,0.002,0.002,1.8,2026-06-23T14:27:56,0.002,1.8
route_mutation,20260623T142756_476292,of:000000000000000b:3 -> of:000000000000000d:2,0.002,0.0025,0.002,0.002,2.26,2026-06-23T14:27:56,0.002,2.26
route_mutation,20260623T142756_476292,of:000000000000000c:3 -> of:000000000000000d:3,0.002,0.0025,0.002,0.002,2.26,2026-06-23T14:27:56,0.002,2.26
route_mutation,20260623T142756_476292,of:0000000000000005:2 -> of:0000000000000009:3,0.002,0.0025,0.002,0.002,2.16,2026-06-23T14:27:56,0.002,2.16
route_mutation,20260623T142756_476292,of:0000000000000001:1 -> of:000000000000000b:1,0.002,0.0025,0.002,0.002,2.76,2026-06-23T14:27:56,0.002,2.8
route_mutation,20260623T142756_476292,of:000000000000000b:2 -> of:000000000000000c:2,0.002,0.0025,0.002,0.002,2.26,2026-06-23T14:27:56,0.002,2.26
route_mutation,20260623T142756_476292,of:0000000000000001:2 -> of:000000000000000c:1,0.003,0.00375,0.003,0.003,3.53,2026-06-23T14:27:56,0.003,3.6
route_mutation,20260623T142756_476292,of:0000000000000006:2 -> of:000000000000000a:2,0.002,0.0025,0.002,0.002,2.16,2026-06-23T14:27:56,0.002,2.16
route_mutation,20260623T142756_476292,of:0000000000000001:3 -> of:000000000000000d:1,0.003,0.00375,0.003,0.003,3.4,2026-06-23T14:27:56,0.003,3.36
route_mutation,20260623T142756_476292,of:0000000000000003:1 -> of:000000000000000b:5,0.002,0.0025,0.002,0.002,2.53,2026-06-23T14:27:56,0.002,2.56
route_mutation,20260623T142756_476292,of:0000000000000006:1 -> of:000000000000000d:4,0.003,0.00375,0.003,0.003,3.0,2026-06-23T14:27:56,0.002,2.9
route_mutation,20260623T142756_476292,of:0000000000000007:2 -> of:000000000000000a:3,0.002,0.0025,0.002,0.002,2.2,2026-06-23T14:27:56,0.002,2.2
route_mutation,20260623T142756_476292,of:0000000000000007:1 -> of:000000000000000d:5,0.002,0.0025,0.002,0.002,1.73,2026-06-23T14:27:56,0.002,1.73
route_mutation,20260623T142756_476292,of:0000000000000002:2 -> of:0000000000000008:2,0.002,0.0025,0.002,0.002,2.23,2026-06-23T14:27:56,0.002,2.23
route_mutation,20260623T142756_476292,of:0000000000000003:2 -> of:0000000000000008:3,0.002,0.0025,0.002,0.002,2.23,2026-06-23T14:27:56,0.002,2.23
route_mutation,20260623T142756_476292,of:0000000000000008:1 -> of:000000000000000b:6,0.002,0.0025,0.002,0.002,1.8,2026-06-23T14:27:56,0.002,1.8
route_mutation,20260623T142756_476292,of:0000000000000004:2 -> of:0000000000000009:2,0.002,0.0025,0.002,0.002,2.16,2026-06-23T14:27:56,0.002,2.16
route_mutation,20260623T142756_476292,of:0000000000000002:1 -> of:000000000000000b:4,0.002,0.0025,0.002,0.002,1.76,2026-06-23T14:27:56,0.002,1.8
route_mutation,20260623T142756_476292,of:0000000000000009:1 -> of:000000000000000c:6,0.002,0.0025,0.002,0.002,1.8,2026-06-23T14:27:56,0.002,1.8
ip_shuffle,20260623T142826_796067,of:0000000000000004:1 -> of:000000000000000c:4,0.002,0.0025,0.002,0.002,2.0,2026-06-23T14:28:26,0.002,1.96
ip_shuffle,20260623T142826_796067,of:0000000000000005:1 -> of:000000000000000c:5,0.002,0.0025,0.002,0.002,2.0,2026-06-23T14:28:26,0.002,1.96
ip_shuffle,20260623T142826_796067,of:000000000000000a:1 -> of:000000000000000d:6,0.002,0.0025,0.002,0.002,1.96,2026-06-23T14:28:26,0.002,1.96
ip_shuffle,20260623T142826_796067,of:000000000000000b:3 -> of:000000000000000d:2,0.002,0.0025,0.002,0.002,2.66,2026-06-23T14:28:26,0.002,2.66
ip_shuffle,20260623T142826_796067,of:000000000000000c:3 -> of:000000000000000d:3,0.002,0.0025,0.002,0.002,2.66,2026-06-23T14:28:26,0.002,2.66
ip_shuffle,20260623T142826_796067,of:0000000000000005:2 -> of:0000000000000009:3,0.002,0.0025,0.002,0.002,2.7,2026-06-23T14:28:26,0.002,2.7
ip_shuffle,20260623T142826_796067,of:0000000000000001:1 -> of:000000000000000b:1,0.002,0.0025,0.002,0.002,1.9,2026-06-23T14:28:26,0.002,1.83
ip_shuffle,20260623T142826_796067,of:000000000000000b:2 -> of:000000000000000c:2,0.002,0.0025,0.002,0.002,2.6,2026-06-23T14:28:26,0.002,2.6
ip_shuffle,20260623T142826_796067,of:0000000000000001:2 -> of:000000000000000c:1,0.002,0.0025,0.002,0.002,1.9,2026-06-23T14:28:26,0.002,1.83
ip_shuffle,20260623T142826_796067,of:0000000000000006:2 -> of:000000000000000a:2,0.002,0.0025,0.002,0.002,2.7,2026-06-23T14:28:26,0.002,2.7
ip_shuffle,20260623T142826_796067,of:0000000000000001:3 -> of:000000000000000d:1,0.003,0.00375,0.003,0.003,3.76,2026-06-23T14:28:26,0.003,3.79
ip_shuffle,20260623T142826_796067,of:0000000000000003:1 -> of:000000000000000b:5,0.002,0.0025,0.002,0.002,2.0,2026-06-23T14:28:26,0.002,1.96
ip_shuffle,20260623T142826_796067,of:0000000000000006:1 -> of:000000000000000d:4,0.002,0.0025,0.002,0.002,2.63,2026-06-23T14:28:26,0.002,2.73
ip_shuffle,20260623T142826_796067,of:0000000000000007:2 -> of:000000000000000a:3,0.002,0.0025,0.002,0.002,2.66,2026-06-23T14:28:26,0.002,2.66
ip_shuffle,20260623T142826_796067,of:0000000000000007:1 -> of:000000000000000d:5,0.003,0.00375,0.003,0.003,3.43,2026-06-23T14:28:26,0.003,3.43
ip_shuffle,20260623T142826_796067,of:0000000000000002:2 -> of:0000000000000008:2,0.002,0.0025,0.002,0.002,2.7,2026-06-23T14:28:26,0.002,2.7
ip_shuffle,20260623T142826_796067,of:0000000000000003:2 -> of:0000000000000008:3,0.002,0.0025,0.002,0.002,2.7,2026-06-23T14:28:26,0.002,2.7
ip_shuffle,20260623T142826_796067,of:0000000000000008:1 -> of:000000000000000b:6,0.002,0.0025,0.002,0.002,1.9,2026-06-23T14:28:26,0.002,1.9
ip_shuffle,20260623T142826_796067,of:0000000000000004:2 -> of:0000000000000009:2,0.002,0.0025,0.002,0.002,2.7,2026-06-23T14:28:26,0.002,2.7
ip_shuffle,20260623T142826_796067,of:0000000000000002:1 -> of:000000000000000b:4,0.002,0.0025,0.002,0.002,2.0,2026-06-23T14:28:26,0.002,1.96
ip_shuffle,20260623T142826_796067,of:0000000000000009:1 -> of:000000000000000c:6,0.002,0.0025,0.002,0.002,1.9,2026-06-23T14:28:26,0.002,1.9
ip_shuffle,20260623T142924_460387,of:0000000000000004:1 -> of:000000000000000c:4,0.002,0.0025,0.002,0.002,2.16,2026-06-23T14:29:24,0.002,2.13
ip_shuffle,20260623T142924_460387,of:0000000000000005:1 -> of:000000000000000c:5,0.001,0.00125,0.001,0.001,1.43,2026-06-23T14:29:24,0.001,1.4
ip_shuffle,20260623T142924_460387,of:000000000000000a:1 -> of:000000000000000d:6,0.002,0.0025,0.002,0.002,1.43,2026-06-23T14:29:24,0.002,1.43
ip_shuffle,20260623T142924_460387,of:000000000000000b:3 -> of:000000000000000d:2,0.002,0.0025,0.002,0.002,1.53,2026-06-23T14:29:24,0.002,1.53
ip_shuffle,20260623T142924_460387,of:000000000000000c:3 -> of:000000000000000d:3,0.002,0.0025,0.002,0.002,1.53,2026-06-23T14:29:24,0.002,1.53
ip_shuffle,20260623T142924_460387,of:0000000000000005:2 -> of:0000000000000009:3,0.001,0.00125,0.001,0.001,1.5,2026-06-23T14:29:24,0.001,1.5
ip_shuffle,20260623T142924_460387,of:0000000000000001:1 -> of:000000000000000b:1,0.003,0.00375,0.003,0.003,3.3,2026-06-23T14:29:24,0.003,3.3
ip_shuffle,20260623T142924_460387,of:000000000000000b:2 -> of:000000000000000c:2,0.002,0.0025,0.002,0.002,1.53,2026-06-23T14:29:24,0.002,1.53
ip_shuffle,20260623T142924_460387,of:0000000000000001:2 -> of:000000000000000c:1,0.002,0.0025,0.002,0.002,2.5,2026-06-23T14:29:24,0.002,2.5
ip_shuffle,20260623T142924_460387,of:0000000000000006:2 -> of:000000000000000a:2,0.001,0.00125,0.001,0.001,1.47,2026-06-23T14:29:24,0.001,1.47
ip_shuffle,20260623T142924_460387,of:0000000000000001:3 -> of:000000000000000d:1,0.002,0.0025,0.002,0.002,1.76,2026-06-23T14:29:24,0.002,1.76
ip_shuffle,20260623T142924_460387,of:0000000000000003:1 -> of:000000000000000b:5,0.002,0.0025,0.002,0.002,2.46,2026-06-23T14:29:24,0.002,2.4
ip_shuffle,20260623T142924_460387,of:0000000000000006:1 -> of:000000000000000d:4,0.001,0.00125,0.001,0.001,1.37,2026-06-23T14:29:24,0.001,1.37
ip_shuffle,20260623T142924_460387,of:0000000000000007:2 -> of:000000000000000a:3,0.001,0.00125,0.001,0.001,1.47,2026-06-23T14:29:24,0.001,1.47
ip_shuffle,20260623T142924_460387,of:0000000000000007:1 -> of:000000000000000d:5,0.002,0.0025,0.002,0.002,1.86,2026-06-23T14:29:24,0.002,1.86
ip_shuffle,20260623T142924_460387,of:0000000000000002:2 -> of:0000000000000008:2,0.001,0.00125,0.001,0.001,1.53,2026-06-23T14:29:24,0.001,1.53
ip_shuffle,20260623T142924_460387,of:0000000000000003:2 -> of:0000000000000008:3,0.001,0.00125,0.001,0.001,1.53,2026-06-23T14:29:24,0.001,1.53
ip_shuffle,20260623T142924_460387,of:0000000000000008:1 -> of:000000000000000b:6,0.002,0.0025,0.002,0.002,1.43,2026-06-23T14:29:24,0.002,1.43
ip_shuffle,20260623T142924_460387,of:0000000000000004:2 -> of:0000000000000009:2,0.001,0.00125,0.001,0.001,1.5,2026-06-23T14:29:24,0.001,1.5
ip_shuffle,20260623T142924_460387,of:0000000000000002:1 -> of:000000000000000b:4,0.002,0.0025,0.002,0.002,2.3,2026-06-23T14:29:24,0.002,2.23
ip_shuffle,20260623T142924_460387,of:0000000000000009:1 -> of:000000000000000c:6,0.002,0.0025,0.002,0.002,1.43,2026-06-23T14:29:24,0.002,1.43
route_mutation,20260623T143022_263679,of:0000000000000004:1 -> of:000000000000000c:4,0.002,0.0025,0.002,0.002,1.63,2026-06-23T14:30:22,0.002,1.6
route_mutation,20260623T143022_263679,of:0000000000000005:1 -> of:000000000000000c:5,0.002,0.0025,0.002,0.002,1.63,2026-06-23T14:30:22,0.002,1.6
route_mutation,20260623T143022_263679,of:000000000000000a:1 -> of:000000000000000d:6,0.002,0.0025,0.002,0.002,1.56,2026-06-23T14:30:22,0.002,1.53
route_mutation,20260623T143022_263679,of:000000000000000b:3 -> of:000000000000000d:2,0.002,0.0025,0.002,0.002,1.8,2026-06-23T14:30:22,0.002,1.83
route_mutation,20260623T143022_263679,of:000000000000000c:3 -> of:000000000000000d:3,0.002,0.0025,0.002,0.002,1.8,2026-06-23T14:30:22,0.002,1.8
route_mutation,20260623T143022_263679,of:0000000000000005:2 -> of:0000000000000009:3,0.002,0.0025,0.002,0.002,1.93,2026-06-23T14:30:22,0.002,1.93
route_mutation,20260623T143022_263679,of:0000000000000001:1 -> of:000000000000000b:1,0.002,0.0025,0.002,0.002,1.6,2026-06-23T14:30:22,0.002,1.53
route_mutation,20260623T143022_263679,of:000000000000000b:2 -> of:000000000000000c:2,0.002,0.0025,0.002,0.002,1.9,2026-06-23T14:30:22,0.002,1.9
route_mutation,20260623T143022_263679,of:0000000000000001:2 -> of:000000000000000c:1,0.002,0.0025,0.002,0.002,1.6,2026-06-23T14:30:22,0.002,1.53
route_mutation,20260623T143022_263679,of:0000000000000006:2 -> of:000000000000000a:2,0.002,0.0025,0.002,0.002,1.93,2026-06-23T14:30:22,0.002,1.93
route_mutation,20260623T143022_263679,of:0000000000000001:3 -> of:000000000000000d:1,0.002,0.0025,0.002,0.002,2.4,2026-06-23T14:30:22,0.002,2.5
route_mutation,20260623T143022_263679,of:0000000000000003:1 -> of:000000000000000b:5,0.002,0.0025,0.002,0.002,1.66,2026-06-23T14:30:22,0.002,1.63
route_mutation,20260623T143022_263679,of:0000000000000006:1 -> of:000000000000000d:4,0.002,0.0025,0.002,0.002,1.9,2026-06-23T14:30:22,0.002,1.86
route_mutation,20260623T143022_263679,of:0000000000000007:2 -> of:000000000000000a:3,0.002,0.0025,0.002,0.002,1.93,2026-06-23T14:30:22,0.002,1.93
route_mutation,20260623T143022_263679,of:0000000000000007:1 -> of:000000000000000d:5,0.002,0.0025,0.002,0.002,2.53,2026-06-23T14:30:22,0.002,2.6
route_mutation,20260623T143022_263679,of:0000000000000002:2 -> of:0000000000000008:2,0.002,0.0025,0.002,0.002,1.96,2026-06-23T14:30:22,0.002,1.96
route_mutation,20260623T143022_263679,of:0000000000000003:2 -> of:0000000000000008:3,0.002,0.0025,0.002,0.002,1.96,2026-06-23T14:30:22,0.002,1.96
route_mutation,20260623T143022_263679,of:0000000000000008:1 -> of:000000000000000b:6,0.002,0.0025,0.002,0.002,1.63,2026-06-23T14:30:22,0.002,1.63
route_mutation,20260623T143022_263679,of:0000000000000004:2 -> of:0000000000000009:2,0.002,0.0025,0.002,0.002,1.93,2026-06-23T14:30:22,0.002,1.93
route_mutation,20260623T143022_263679,of:0000000000000002:1 -> of:000000000000000b:4,0.002,0.0025,0.002,0.002,1.66,2026-06-23T14:30:22,0.002,1.63
route_mutation,20260623T143022_263679,of:0000000000000009:1 -> of:000000000000000c:6,0.002,0.0025,0.002,0.002,1.63,2026-06-23T14:30:22,0.002,1.6
ip_shuffle,20260623T143052_599625,of:0000000000000004:1 -> of:000000000000000c:4,0.001,0.00125,0.001,0.001,1.36,2026-06-23T14:30:52,0.001,1.36
ip_shuffle,20260623T143052_599625,of:0000000000000005:1 -> of:000000000000000c:5,0.001,0.00125,0.001,0.001,1.36,2026-06-23T14:30:52,0.001,1.36
ip_shuffle,20260623T143052_599625,of:000000000000000a:1 -> of:000000000000000d:6,0.002,0.0025,0.002,0.002,1.43,2026-06-23T14:30:52,0.002,1.43
ip_shuffle,20260623T143052_599625,of:000000000000000b:3 -> of:000000000000000d:2,0.002,0.0025,0.002,0.002,1.53,2026-06-23T14:30:52,0.002,1.53
ip_shuffle,20260623T143052_599625,of:000000000000000c:3 -> of:000000000000000d:3,0.002,0.0025,0.002,0.002,1.53,2026-06-23T14:30:52,0.002,1.53
ip_shuffle,20260623T143052_599625,of:0000000000000005:2 -> of:0000000000000009:3,0.001,0.00125,0.001,0.001,1.46,2026-06-23T14:30:52,0.001,1.46
ip_shuffle,20260623T143052_599625,of:0000000000000001:1 -> of:000000000000000b:1,0.003,0.00375,0.003,0.003,2.83,2026-06-23T14:30:52,0.003,2.86
ip_shuffle,20260623T143052_599625,of:000000000000000b:2 -> of:000000000000000c:2,0.002,0.0025,0.002,0.002,1.53,2026-06-23T14:30:52,0.002,1.53
ip_shuffle,20260623T143052_599625,of:0000000000000001:2 -> of:000000000000000c:1,0.002,0.0025,0.002,0.002,1.43,2026-06-23T14:30:52,0.002,1.43
ip_shuffle,20260623T143052_599625,of:0000000000000006:2 -> of:000000000000000a:2,0.001,0.00125,0.001,0.001,1.46,2026-06-23T14:30:52,0.001,1.46
ip_shuffle,20260623T143052_599625,of:0000000000000001:3 -> of:000000000000000d:1,0.002,0.0025,0.002,0.002,1.43,2026-06-23T14:30:52,0.002,1.43
ip_shuffle,20260623T143052_599625,of:0000000000000003:1 -> of:000000000000000b:5,0.002,0.0025,0.002,0.002,1.46,2026-06-23T14:30:52,0.002,1.46
ip_shuffle,20260623T143052_599625,of:0000000000000006:1 -> of:000000000000000d:4,0.001,0.00125,0.001,0.001,1.36,2026-06-23T14:30:52,0.001,1.36
ip_shuffle,20260623T143052_599625,of:0000000000000007:2 -> of:000000000000000a:3,0.002,0.0025,0.002,0.002,1.53,2026-06-23T14:30:52,0.002,1.53
ip_shuffle,20260623T143052_599625,of:0000000000000007:1 -> of:000000000000000d:5,0.002,0.0025,0.002,0.002,1.43,2026-06-23T14:30:52,0.002,1.43
ip_shuffle,20260623T143052_599625,of:0000000000000002:2 -> of:0000000000000008:2,0.001,0.00125,0.001,0.001,1.46,2026-06-23T14:30:52,0.001,1.46
ip_shuffle,20260623T143052_599625,of:0000000000000003:2 -> of:0000000000000008:3,0.001,0.00125,0.001,0.001,1.46,2026-06-23T14:30:52,0.001,1.46
ip_shuffle,20260623T143052_599625,of:0000000000000008:1 -> of:000000000000000b:6,0.002,0.0025,0.002,0.002,1.43,2026-06-23T14:30:52,0.002,1.43
ip_shuffle,20260623T143052_599625,of:0000000000000004:2 -> of:0000000000000009:2,0.001,0.00125,0.001,0.001,1.46,2026-06-23T14:30:52,0.001,1.46
ip_shuffle,20260623T143052_599625,of:0000000000000002:1 -> of:000000000000000b:4,0.002,0.0025,0.002,0.002,2.36,2026-06-23T14:30:52,0.002,2.36
ip_shuffle,20260623T143052_599625,of:0000000000000009:1 -> of:000000000000000c:6,0.002,0.0025,0.002,0.002,1.43,2026-06-23T14:30:52,0.002,1.43
ip_shuffle,20260623T143150_088827,of:0000000000000004:1 -> of:000000000000000c:4,0.002,0.0025,0.002,0.002,2.1,2026-06-23T14:31:50,0.002,2.06
ip_shuffle,20260623T143150_088827,of:0000000000000005:1 -> of:000000000000000c:5,0.002,0.0025,0.002,0.002,2.1,2026-06-23T14:31:50,0.002,2.06
ip_shuffle,20260623T143150_088827,of:000000000000000a:1 -> of:000000000000000d:6,0.002,0.0025,0.002,0.002,2.0,2026-06-23T14:31:50,0.002,2.0
ip_shuffle,20260623T143150_088827,of:000000000000000b:3 -> of:000000000000000d:2,0.002,0.0025,0.002,0.002,2.73,2026-06-23T14:31:50,0.002,2.73
ip_shuffle,20260623T143150_088827,of:000000000000000c:3 -> of:000000000000000d:3,0.002,0.0025,0.002,0.002,2.73,2026-06-23T14:31:50,0.002,2.73
ip_shuffle,20260623T143150_088827,of:0000000000000005:2 -> of:0000000000000009:3,0.002,0.0025,0.002,0.002,2.83,2026-06-23T14:31:50,0.002,2.83
ip_shuffle,20260623T143150_088827,of:0000000000000001:1 -> of:000000000000000b:1,0.002,0.0025,0.002,0.002,2.06,2026-06-23T14:31:50,0.002,2.0
ip_shuffle,20260623T143150_088827,of:000000000000000b:2 -> of:000000000000000c:2,0.002,0.0025,0.002,0.002,2.79,2026-06-23T14:31:50,0.002,2.79
ip_shuffle,20260623T143150_088827,of:0000000000000001:2 -> of:000000000000000c:1,0.002,0.0025,0.002,0.002,2.06,2026-06-23T14:31:50,0.002,2.0
ip_shuffle,20260623T143150_088827,of:0000000000000006:2 -> of:000000000000000a:2,0.002,0.0025,0.002,0.002,2.83,2026-06-23T14:31:50,0.002,2.83
ip_shuffle,20260623T143150_088827,of:0000000000000001:3 -> of:000000000000000d:1,0.003,0.00375,0.003,0.003,3.96,2026-06-23T14:31:50,0.003,4.06
ip_shuffle,20260623T143150_088827,of:0000000000000003:1 -> of:000000000000000b:5,0.002,0.0025,0.002,0.002,2.19,2026-06-23T14:31:50,0.002,2.13
ip_shuffle,20260623T143150_088827,of:0000000000000006:1 -> of:000000000000000d:4,0.002,0.0025,0.002,0.002,2.79,2026-06-23T14:31:50,0.002,2.86
ip_shuffle,20260623T143150_088827,of:0000000000000007:2 -> of:000000000000000a:3,0.002,0.0025,0.002,0.002,2.83,2026-06-23T14:31:50,0.002,2.83
ip_shuffle,20260623T143150_088827,of:0000000000000007:1 -> of:000000000000000d:5,0.003,0.00375,0.003,0.003,3.49,2026-06-23T14:31:50,0.003,3.46
ip_shuffle,20260623T143150_088827,of:0000000000000002:2 -> of:0000000000000008:2,0.002,0.0025,0.002,0.002,2.96,2026-06-23T14:31:50,0.002,2.96
ip_shuffle,20260623T143150_088827,of:0000000000000003:2 -> of:0000000000000008:3,0.002,0.0025,0.002,0.002,2.96,2026-06-23T14:31:50,0.002,2.96
ip_shuffle,20260623T143150_088827,of:0000000000000008:1 -> of:000000000000000b:6,0.002,0.0025,0.002,0.002,2.1,2026-06-23T14:31:50,0.002,2.06
ip_shuffle,20260623T143150_088827,of:0000000000000004:2 -> of:0000000000000009:2,0.002,0.0025,0.002,0.002,2.83,2026-06-23T14:31:50,0.002,2.83
ip_shuffle,20260623T143150_088827,of:0000000000000002:1 -> of:000000000000000b:4,0.002,0.0025,0.002,0.002,2.19,2026-06-23T14:31:50,0.002,2.13
ip_shuffle,20260623T143150_088827,of:0000000000000009:1 -> of:000000000000000c:6,0.002,0.0025,0.002,0.002,2.06,2026-06-23T14:31:50,0.002,2.06
ip_shuffle,20260623T143254_174232,of:0000000000000004:1 -> of:000000000000000c:4,0.002,0.0025,0.002,0.002,2.16,2026-06-23T14:32:54,0.002,2.2
ip_shuffle,20260623T143254_174232,of:0000000000000005:1 -> of:000000000000000c:5,0.002,0.0025,0.002,0.002,2.13,2026-06-23T14:32:54,0.002,2.16
ip_shuffle,20260623T143254_174232,of:000000000000000a:1 -> of:000000000000000d:6,0.001,0.00125,0.001,0.001,1.4,2026-06-23T14:32:54,0.001,1.43
ip_shuffle,20260623T143254_174232,of:000000000000000b:3 -> of:000000000000000d:2,0.002,0.0025,0.002,0.002,1.53,2026-06-23T14:32:54,0.002,1.56
ip_shuffle,20260623T143254_174232,of:000000000000000c:3 -> of:000000000000000d:3,0.002,0.0025,0.002,0.002,1.53,2026-06-23T14:32:54,0.002,1.56
ip_shuffle,20260623T143254_174232,of:0000000000000005:2 -> of:0000000000000009:3,0.001,0.00125,0.001,0.001,1.5,2026-06-23T14:32:54,0.001,1.5
ip_shuffle,20260623T143254_174232,of:0000000000000001:1 -> of:000000000000000b:1,0.003,0.00375,0.003,0.003,2.93,2026-06-23T14:32:54,0.003,3.03
ip_shuffle,20260623T143254_174232,of:000000000000000b:2 -> of:000000000000000c:2,0.001,0.00125,0.001,0.001,1.46,2026-06-23T14:32:54,0.001,1.46
ip_shuffle,20260623T143254_174232,of:0000000000000001:2 -> of:000000000000000c:1,0.003,0.00375,0.003,0.003,2.93,2026-06-23T14:32:54,0.003,3.03
ip_shuffle,20260623T143254_174232,of:0000000000000006:2 -> of:000000000000000a:2,0.001,0.00125,0.001,0.001,1.5,2026-06-23T14:32:54,0.001,1.43
ip_shuffle,20260623T143254_174232,of:0000000000000001:3 -> of:000000000000000d:1,0.002,0.0025,0.002,0.002,1.96,2026-06-23T14:32:54,0.002,1.9
ip_shuffle,20260623T143254_174232,of:0000000000000003:1 -> of:000000000000000b:5,0.002,0.0025,0.002,0.002,2.53,2026-06-23T14:32:54,0.002,2.43
ip_shuffle,20260623T143254_174232,of:0000000000000006:1 -> of:000000000000000d:4,0.002,0.0025,0.002,0.002,2.03,2026-06-23T14:32:54,0.002,1.9
ip_shuffle,20260623T143254_174232,of:0000000000000007:2 -> of:000000000000000a:3,0.001,0.00125,0.001,0.001,1.43,2026-06-23T14:32:54,0.001,1.43
ip_shuffle,20260623T143254_174232,of:0000000000000007:1 -> of:000000000000000d:5,0.001,0.00125,0.001,0.001,1.36,2026-06-23T14:32:54,0.001,1.43
ip_shuffle,20260623T143254_174232,of:0000000000000002:2 -> of:0000000000000008:2,0.002,0.0025,0.002,0.002,1.63,2026-06-23T14:32:54,0.002,1.63
ip_shuffle,20260623T143254_174232,of:0000000000000003:2 -> of:0000000000000008:3,0.002,0.0025,0.002,0.002,1.63,2026-06-23T14:32:54,0.002,1.63
ip_shuffle,20260623T143254_174232,of:0000000000000008:1 -> of:000000000000000b:6,0.001,0.00125,0.001,0.001,1.33,2026-06-23T14:32:54,0.001,1.33
ip_shuffle,20260623T143254_174232,of:0000000000000004:2 -> of:0000000000000009:2,0.001,0.00125,0.001,0.001,1.5,2026-06-23T14:32:54,0.001,1.5
ip_shuffle,20260623T143254_174232,of:0000000000000002:1 -> of:000000000000000b:4,0.002,0.0025,0.002,0.002,2.06,2026-06-23T14:32:54,0.002,1.96
ip_shuffle,20260623T143254_174232,of:0000000000000009:1 -> of:000000000000000c:6,0.001,0.00125,0.001,0.001,1.33,2026-06-23T14:32:54,0.001,1.33
ip_shuffle,20260623T143352_032454,of:0000000000000004:1 -> of:000000000000000c:4,0.001,0.00125,0.001,0.001,1.46,2026-06-23T14:33:52,0.001,1.43
ip_shuffle,20260623T143352_032454,of:0000000000000005:1 -> of:000000000000000c:5,0.001,0.00125,0.001,0.001,1.46,2026-06-23T14:33:52,0.001,1.43
ip_shuffle,20260623T143352_032454,of:000000000000000a:1 -> of:000000000000000d:6,0.002,0.0025,0.002,0.002,1.49,2026-06-23T14:33:52,0.002,1.46
ip_shuffle,20260623T143352_032454,of:000000000000000b:3 -> of:000000000000000d:2,0.002,0.0025,0.002,0.002,1.62,2026-06-23T14:33:52,0.002,1.62
ip_shuffle,20260623T143352_032454,of:000000000000000c:3 -> of:000000000000000d:3,0.002,0.0025,0.002,0.002,1.62,2026-06-23T14:33:52,0.002,1.62
ip_shuffle,20260623T143352_032454,of:0000000000000005:2 -> of:0000000000000009:3,0.002,0.0025,0.002,0.002,1.62,2026-06-23T14:33:52,0.002,1.62
ip_shuffle,20260623T143352_032454,of:0000000000000001:1 -> of:000000000000000b:1,0.002,0.0025,0.002,0.002,1.49,2026-06-23T14:33:52,0.002,1.39
ip_shuffle,20260623T143352_032454,of:000000000000000b:2 -> of:000000000000000c:2,0.002,0.0025,0.002,0.002,1.66,2026-06-23T14:33:52,0.002,1.66
ip_shuffle,20260623T143352_032454,of:0000000000000001:2 -> of:000000000000000c:1,0.002,0.0025,0.002,0.002,1.49,2026-06-23T14:33:52,0.002,1.39
ip_shuffle,20260623T143352_032454,of:0000000000000006:2 -> of:000000000000000a:2,0.002,0.0025,0.002,0.002,1.62,2026-06-23T14:33:52,0.002,1.69
ip_shuffle,20260623T143352_032454,of:0000000000000001:3 -> of:000000000000000d:1,0.002,0.0025,0.002,0.002,1.79,2026-06-23T14:33:52,0.002,1.89
ip_shuffle,20260623T143352_032454,of:0000000000000003:1 -> of:000000000000000b:5,0.002,0.0025,0.002,0.002,1.39,2026-06-23T14:33:52,0.002,1.49
ip_shuffle,20260623T143352_032454,of:0000000000000006:1 -> of:000000000000000d:4,0.002,0.0025,0.002,0.001,1.46,2026-06-23T14:33:52,0.002,1.46
ip_shuffle,20260623T143352_032454,of:0000000000000007:2 -> of:000000000000000a:3,0.002,0.0025,0.002,0.002,1.69,2026-06-23T14:33:52,0.002,1.69
ip_shuffle,20260623T143352_032454,of:0000000000000007:1 -> of:000000000000000d:5,0.002,0.0025,0.002,0.002,2.16,2026-06-23T14:33:52,0.002,2.16
ip_shuffle,20260623T143352_032454,of:0000000000000002:2 -> of:0000000000000008:2,0.002,0.0025,0.002,0.002,1.56,2026-06-23T14:33:52,0.002,1.56
ip_shuffle,20260623T143352_032454,of:0000000000000003:2 -> of:0000000000000008:3,0.002,0.0025,0.002,0.002,1.56,2026-06-23T14:33:52,0.002,1.56
ip_shuffle,20260623T143352_032454,of:0000000000000008:1 -> of:000000000000000b:6,0.002,0.0025,0.002,0.002,1.49,2026-06-23T14:33:52,0.002,1.49
ip_shuffle,20260623T143352_032454,of:0000000000000004:2 -> of:0000000000000009:2,0.002,0.0025,0.002,0.002,1.62,2026-06-23T14:33:52,0.002,1.62
ip_shuffle,20260623T143352_032454,of:0000000000000002:1 -> of:000000000000000b:4,0.002,0.0025,0.002,0.002,1.39,2026-06-23T14:33:52,0.002,1.49
ip_shuffle,20260623T143352_032454,of:0000000000000009:1 -> of:000000000000000c:6,0.002,0.0025,0.002,0.002,1.49,2026-06-23T14:33:52,0.002,1.49
route_mutation,20260623T143502_402070,of:0000000000000004:1 -> of:000000000000000c:4,0.002,0.0025,0.002,0.002,1.69,2026-06-23T14:35:02,0.002,1.79
route_mutation,20260623T143502_402070,of:0000000000000005:1 -> of:000000000000000c:5,0.002,0.0025,0.002,0.002,1.69,2026-06-23T14:35:02,0.002,1.79
route_mutation,20260623T143502_402070,of:000000000000000a:1 -> of:000000000000000d:6,0.002,0.0025,0.002,0.002,1.79,2026-06-23T14:35:02,0.002,1.79
route_mutation,20260623T143502_402070,of:000000000000000b:3 -> of:000000000000000d:2,0.002,0.0025,0.002,0.002,2.26,2026-06-23T14:35:02,0.002,2.26
route_mutation,20260623T143502_402070,of:000000000000000c:3 -> of:000000000000000d:3,0.002,0.0025,0.002,0.002,2.26,2026-06-23T14:35:02,0.002,2.26
route_mutation,20260623T143502_402070,of:0000000000000005:2 -> of:0000000000000009:3,0.002,0.0025,0.002,0.002,2.19,2026-06-23T14:35:02,0.002,2.19
route_mutation,20260623T143502_402070,of:0000000000000001:1 -> of:000000000000000b:1,0.002,0.0025,0.002,0.002,1.79,2026-06-23T14:35:02,0.002,1.69
route_mutation,20260623T143502_402070,of:000000000000000b:2 -> of:000000000000000c:2,0.002,0.0025,0.002,0.002,2.26,2026-06-23T14:35:02,0.002,2.26
route_mutation,20260623T143502_402070,of:0000000000000001:2 -> of:000000000000000c:1,0.002,0.0025,0.002,0.002,1.79,2026-06-23T14:35:02,0.002,1.69
route_mutation,20260623T143502_402070,of:0000000000000006:2 -> of:000000000000000a:2,0.002,0.0025,0.002,0.002,2.29,2026-06-23T14:35:02,0.002,2.29
route_mutation,20260623T143502_402070,of:0000000000000001:3 -> of:000000000000000d:1,0.002,0.0025,0.002,0.002,2.69,2026-06-23T14:35:02,0.002,2.82
route_mutation,20260623T143502_402070,of:0000000000000003:1 -> of:000000000000000b:5,0.002,0.0025,0.002,0.002,1.69,2026-06-23T14:35:02,0.002,1.79
route_mutation,20260623T143502_402070,of:0000000000000006:1 -> of:000000000000000d:4,0.002,0.0025,0.002,0.002,1.86,2026-06-23T14:35:02,0.002,1.83
route_mutation,20260623T143502_402070,of:0000000000000007:2 -> of:000000000000000a:3,0.002,0.0025,0.002,0.002,2.29,2026-06-23T14:35:02,0.002,2.29
route_mutation,20260623T143502_402070,of:0000000000000007:1 -> of:000000000000000d:5,0.003,0.00375,0.003,0.003,2.96,2026-06-23T14:35:02,0.003,3.02
route_mutation,20260623T143502_402070,of:0000000000000002:2 -> of:0000000000000008:2,0.002,0.0025,0.002,0.002,2.19,2026-06-23T14:35:02,0.002,2.19
route_mutation,20260623T143502_402070,of:0000000000000003:2 -> of:0000000000000008:3,0.002,0.0025,0.002,0.002,2.19,2026-06-23T14:35:02,0.002,2.19
route_mutation,20260623T143502_402070,of:0000000000000008:1 -> of:000000000000000b:6,0.002,0.0025,0.002,0.002,1.83,2026-06-23T14:35:02,0.002,1.79
route_mutation,20260623T143502_402070,of:0000000000000004:2 -> of:0000000000000009:2,0.002,0.0025,0.002,0.002,2.19,2026-06-23T14:35:02,0.002,2.19
route_mutation,20260623T143502_402070,of:0000000000000002:1 -> of:000000000000000b:4,0.002,0.0025,0.002,0.002,1.69,2026-06-23T14:35:02,0.002,1.79
route_mutation,20260623T143502_402070,of:0000000000000009:1 -> of:000000000000000c:6,0.002,0.0025,0.002,0.002,1.79,2026-06-23T14:35:02,0.002,1.79
ip_shuffle,20260623T143532_734960,of:0000000000000004:1 -> of:000000000000000c:4,0.002,0.0025,0.002,0.002,1.5,2026-06-23T14:35:32,0.002,1.43
ip_shuffle,20260623T143532_734960,of:0000000000000005:1 -> of:000000000000000c:5,0.002,0.0025,0.002,0.002,1.5,2026-06-23T14:35:32,0.002,1.43
ip_shuffle,20260623T143532_734960,of:000000000000000a:1 -> of:000000000000000d:6,0.001,0.00125,0.001,0.001,1.37,2026-06-23T14:35:32,0.001,1.37
ip_shuffle,20260623T143532_734960,of:000000000000000b:3 -> of:000000000000000d:2,0.002,0.0025,0.002,0.002,1.5,2026-06-23T14:35:32,0.002,1.5
ip_shuffle,20260623T143532_734960,of:000000000000000c:3 -> of:000000000000000d:3,0.002,0.0025,0.002,0.002,1.57,2026-06-23T14:35:32,0.002,1.57
ip_shuffle,20260623T143532_734960,of:0000000000000005:2 -> of:0000000000000009:3,0.001,0.00125,0.001,0.001,1.53,2026-06-23T14:35:32,0.001,1.53
ip_shuffle,20260623T143532_734960,of:0000000000000001:1 -> of:000000000000000b:1,0.003,0.00375,0.003,0.003,3.13,2026-06-23T14:35:32,0.003,3.16
ip_shuffle,20260623T143532_734960,of:000000000000000b:2 -> of:000000000000000c:2,0.001,0.00125,0.001,0.001,1.47,2026-06-23T14:35:32,0.001,1.47
ip_shuffle,20260623T143532_734960,of:0000000000000001:2 -> of:000000000000000c:1,0.002,0.0025,0.002,0.002,1.43,2026-06-23T14:35:32,0.002,1.47
ip_shuffle,20260623T143532_734960,of:0000000000000006:2 -> of:000000000000000a:2,0.001,0.00125,0.001,0.001,1.4,2026-06-23T14:35:32,0.001,1.4
ip_shuffle,20260623T143532_734960,of:0000000000000001:3 -> of:000000000000000d:1,0.002,0.0025,0.002,0.002,1.47,2026-06-23T14:35:32,0.002,1.5
ip_shuffle,20260623T143532_734960,of:0000000000000003:1 -> of:000000000000000b:5,0.002,0.0025,0.002,0.002,2.13,2026-06-23T14:35:32,0.002,2.16
ip_shuffle,20260623T143532_734960,of:0000000000000006:1 -> of:000000000000000d:4,0.001,0.00125,0.001,0.001,1.37,2026-06-23T14:35:32,0.001,1.37
ip_shuffle,20260623T143532_734960,of:0000000000000007:2 -> of:000000000000000a:3,0.001,0.00125,0.001,0.001,1.4,2026-06-23T14:35:32,0.001,1.4
ip_shuffle,20260623T143532_734960,of:0000000000000007:1 -> of:000000000000000d:5,0.001,0.00125,0.001,0.001,1.37,2026-06-23T14:35:32,0.001,1.37
ip_shuffle,20260623T143532_734960,of:0000000000000002:2 -> of:0000000000000008:2,0.002,0.0025,0.002,0.002,1.57,2026-06-23T14:35:32,0.002,1.57
ip_shuffle,20260623T143532_734960,of:0000000000000003:2 -> of:0000000000000008:3,0.002,0.0025,0.002,0.002,1.57,2026-06-23T14:35:32,0.002,1.57
ip_shuffle,20260623T143532_734960,of:0000000000000008:1 -> of:000000000000000b:6,0.001,0.00125,0.001,0.001,1.3,2026-06-23T14:35:32,0.001,1.3
ip_shuffle,20260623T143532_734960,of:0000000000000004:2 -> of:0000000000000009:2,0.001,0.00125,0.001,0.001,1.53,2026-06-23T14:35:32,0.001,1.53
ip_shuffle,20260623T143532_734960,of:0000000000000002:1 -> of:000000000000000b:4,0.002,0.0025,0.002,0.002,2.46,2026-06-23T14:35:32,0.002,2.4
ip_shuffle,20260623T143532_734960,of:0000000000000009:1 -> of:000000000000000c:6,0.001,0.00125,0.001,0.001,1.37,2026-06-23T14:35:32,0.001,1.37
route_mutation,20260623T143636_890715,of:0000000000000004:1 -> of:000000000000000c:4,0.002,0.0025,0.002,0.002,1.99,2026-06-23T14:36:36,0.002,2.09
route_mutation,20260623T143636_890715,of:0000000000000005:1 -> of:000000000000000c:5,0.002,0.0025,0.002,0.002,1.99,2026-06-23T14:36:36,0.002,2.09
route_mutation,20260623T143636_890715,of:000000000000000a:1 -> of:000000000000000d:6,0.002,0.0025,0.002,0.002,2.09,2026-06-23T14:36:36,0.002,2.09
route_mutation,20260623T143636_890715,of:000000000000000b:3 -> of:000000000000000d:2,0.002,0.0025,0.002,0.002,2.86,2026-06-23T14:36:36,0.002,2.86
route_mutation,20260623T143636_890715,of:000000000000000c:3 -> of:000000000000000d:3,0.002,0.0025,0.002,0.002,2.86,2026-06-23T14:36:36,0.002,2.86
route_mutation,20260623T143636_890715,of:0000000000000005:2 -> of:0000000000000009:3,0.002,0.0025,0.002,0.002,2.79,2026-06-23T14:36:36,0.002,2.79
route_mutation,20260623T143636_890715,of:0000000000000001:1 -> of:000000000000000b:1,0.002,0.0025,0.002,0.002,2.09,2026-06-23T14:36:36,0.002,1.99
route_mutation,20260623T143636_890715,of:000000000000000b:2 -> of:000000000000000c:2,0.002,0.0025,0.002,0.002,2.86,2026-06-23T14:36:36,0.002,2.86
route_mutation,20260623T143636_890715,of:0000000000000001:2 -> of:000000000000000c:1,0.002,0.0025,0.002,0.002,2.09,2026-06-23T14:36:36,0.002,1.99
route_mutation,20260623T143636_890715,of:0000000000000006:2 -> of:000000000000000a:2,0.002,0.0025,0.002,0.002,2.96,2026-06-23T14:36:36,0.002,2.96
route_mutation,20260623T143636_890715,of:0000000000000001:3 -> of:000000000000000d:1,0.003,0.00375,0.003,0.003,3.69,2026-06-23T14:36:36,0.003,3.82
route_mutation,20260623T143636_890715,of:0000000000000003:1 -> of:000000000000000b:5,0.002,0.0025,0.002,0.002,1.99,2026-06-23T14:36:36,0.002,2.09
route_mutation,20260623T143636_890715,of:0000000000000006:1 -> of:000000000000000d:4,0.002,0.0025,0.002,0.002,2.66,2026-06-23T14:36:36,0.002,2.66
route_mutation,20260623T143636_890715,of:0000000000000007:2 -> of:000000000000000a:3,0.002,0.0025,0.002,0.002,2.89,2026-06-23T14:36:36,0.002,2.89
route_mutation,20260623T143636_890715,of:0000000000000007:1 -> of:000000000000000d:5,0.003,0.00375,0.003,0.003,3.52,2026-06-23T14:36:36,0.003,3.49
route_mutation,20260623T143636_890715,of:0000000000000002:2 -> of:0000000000000008:2,0.002,0.0025,0.002,0.002,2.79,2026-06-23T14:36:36,0.002,2.79
route_mutation,20260623T143636_890715,of:0000000000000003:2 -> of:0000000000000008:3,0.002,0.0025,0.002,0.002,2.79,2026-06-23T14:36:36,0.002,2.79
route_mutation,20260623T143636_890715,of:0000000000000008:1 -> of:000000000000000b:6,0.002,0.0025,0.002,0.002,2.13,2026-06-23T14:36:36,0.002,2.09
route_mutation,20260623T143636_890715,of:0000000000000004:2 -> of:0000000000000009:2,0.002,0.0025,0.002,0.002,2.79,2026-06-23T14:36:36,0.002,2.79
route_mutation,20260623T143636_890715,of:0000000000000002:1 -> of:000000000000000b:4,0.002,0.0025,0.002,0.002,1.99,2026-06-23T14:36:36,0.002,2.09
route_mutation,20260623T143636_890715,of:0000000000000009:1 -> of:000000000000000c:6,0.002,0.0025,0.002,0.002,2.09,2026-06-23T14:36:36,0.002,2.09
route_mutation,20260623T143707_228945,of:0000000000000004:1 -> of:000000000000000c:4,0.002,0.0025,0.002,0.002,1.43,2026-06-23T14:37:07,0.002,1.43
route_mutation,20260623T143707_228945,of:0000000000000005:1 -> of:000000000000000c:5,0.002,0.0025,0.002,0.002,1.43,2026-06-23T14:37:07,0.002,1.43
route_mutation,20260623T143707_228945,of:000000000000000a:1 -> of:000000000000000d:6,0.001,0.00125,0.001,0.001,1.37,2026-06-23T14:37:07,0.001,1.37
route_mutation,20260623T143707_228945,of:000000000000000b:3 -> of:000000000000000d:2,0.002,0.0025,0.002,0.002,1.53,2026-06-23T14:37:07,0.002,1.53
route_mutation,20260623T143707_228945,of:000000000000000c:3 -> of:000000000000000d:3,0.002,0.0025,0.002,0.002,1.53,2026-06-23T14:37:07,0.002,1.53
route_mutation,20260623T143707_228945,of:0000000000000005:2 -> of:0000000000000009:3,0.001,0.00125,0.001,0.001,1.47,2026-06-23T14:37:07,0.001,1.47
route_mutation,20260623T143707_228945,of:0000000000000001:1 -> of:000000000000000b:1,0.002,0.0025,0.002,0.002,2.03,2026-06-23T14:37:07,0.002,2.03
route_mutation,20260623T143707_228945,of:000000000000000b:2 -> of:000000000000000c:2,0.002,0.0025,0.002,0.002,1.53,2026-06-23T14:37:07,0.002,1.53
route_mutation,20260623T143707_228945,of:0000000000000001:2 -> of:000000000000000c:1,0.002,0.0025,0.002,0.002,1.43,2026-06-23T14:37:07,0.002,1.43
route_mutation,20260623T143707_228945,of:0000000000000006:2 -> of:000000000000000a:2,0.002,0.0025,0.002,0.002,1.53,2026-06-23T14:37:07,0.001,1.47
route_mutation,20260623T143707_228945,of:0000000000000001:3 -> of:000000000000000d:1,0.002,0.0025,0.002,0.002,1.43,2026-06-23T14:37:07,0.002,1.43
route_mutation,20260623T143707_228945,of:0000000000000003:1 -> of:000000000000000b:5,0.002,0.0025,0.002,0.002,1.43,2026-06-23T14:37:07,0.002,1.43
route_mutation,20260623T143707_228945,of:0000000000000006:1 -> of:000000000000000d:4,0.002,0.0025,0.002,0.002,1.43,2026-06-23T14:37:07,0.002,1.43
route_mutation,20260623T143707_228945,of:0000000000000007:2 -> of:000000000000000a:3,0.001,0.00125,0.001,0.001,1.4,2026-06-23T14:37:07,0.001,1.4
route_mutation,20260623T143707_228945,of:0000000000000007:1 -> of:000000000000000d:5,0.001,0.00125,0.001,0.001,1.37,2026-06-23T14:37:07,0.001,1.37
route_mutation,20260623T143707_228945,of:0000000000000002:2 -> of:0000000000000008:2,0.001,0.00125,0.001,0.001,1.47,2026-06-23T14:37:07,0.001,1.47
route_mutation,20260623T143707_228945,of:0000000000000003:2 -> of:0000000000000008:3,0.001,0.00125,0.001,0.001,1.47,2026-06-23T14:37:07,0.001,1.47
route_mutation,20260623T143707_228945,of:0000000000000008:1 -> of:000000000000000b:6,0.001,0.00125,0.001,0.001,1.37,2026-06-23T14:37:07,0.001,1.37
route_mutation,20260623T143707_228945,of:0000000000000004:2 -> of:0000000000000009:2,0.001,0.00125,0.001,0.001,1.47,2026-06-23T14:37:07,0.001,1.47
route_mutation,20260623T143707_228945,of:0000000000000002:1 -> of:000000000000000b:4,0.002,0.0025,0.002,0.002,2.03,2026-06-23T14:37:07,0.002,2.03
route_mutation,20260623T143707_228945,of:0000000000000009:1 -> of:000000000000000c:6,0.001,0.00125,0.001,0.001,1.37,2026-06-23T14:37:07,0.001,1.37
route_mutation,20260623T143737_528862,of:0000000000000004:1 -> of:000000000000000c:4,0.002,0.0025,0.002,0.002,2.3,2026-06-23T14:37:37,0.002,2.16
route_mutation,20260623T143737_528862,of:0000000000000005:1 -> of:000000000000000c:5,0.002,0.0025,0.002,0.002,2.3,2026-06-23T14:37:37,0.002,2.16
route_mutation,20260623T143737_528862,of:000000000000000a:1 -> of:000000000000000d:6,0.001,0.00125,0.001,0.001,1.43,2026-06-23T14:37:37,0.001,1.46
route_mutation,20260623T143737_528862,of:000000000000000b:3 -> of:000000000000000d:2,0.001,0.00125,0.001,0.001,1.56,2026-06-23T14:37:37,0.001,1.56
route_mutation,20260623T143737_528862,of:000000000000000c:3 -> of:000000000000000d:3,0.001,0.00125,0.001,0.001,1.56,2026-06-23T14:37:37,0.001,1.56
route_mutation,20260623T143737_528862,of:0000000000000005:2 -> of:0000000000000009:3,0.002,0.0025,0.002,0.002,1.73,2026-06-23T14:37:37,0.002,1.73
route_mutation,20260623T143737_528862,of:0000000000000001:1 -> of:000000000000000b:1,0.003,0.00375,0.003,0.003,2.83,2026-06-23T14:37:37,0.003,2.93
route_mutation,20260623T143737_528862,of:000000000000000b:2 -> of:000000000000000c:2,0.001,0.00125,0.001,0.001,1.53,2026-06-23T14:37:37,0.001,1.53
route_mutation,20260623T143737_528862,of:0000000000000001:2 -> of:000000000000000c:1,0.003,0.00375,0.003,0.003,2.96,2026-06-23T14:37:37,0.003,3.06
route_mutation,20260623T143737_528862,of:0000000000000006:2 -> of:000000000000000a:2,0.002,0.0025,0.002,0.002,1.73,2026-06-23T14:37:37,0.002,1.8
route_mutation,20260623T143737_528862,of:0000000000000001:3 -> of:000000000000000d:1,0.002,0.0025,0.002,0.002,1.66,2026-06-23T14:37:37,0.002,1.56
route_mutation,20260623T143737_528862,of:0000000000000003:1 -> of:000000000000000b:5,0.002,0.0025,0.002,0.002,2.5,2026-06-23T14:37:37,0.002,2.4
route_mutation,20260623T143737_528862,of:0000000000000006:1 -> of:000000000000000d:4,0.002,0.0025,0.002,0.002,1.63,2026-06-23T14:37:37,0.002,1.76
route_mutation,20260623T143737_528862,of:0000000000000007:2 -> of:000000000000000a:3,0.002,0.0025,0.002,0.002,1.63,2026-06-23T14:37:37,0.002,1.63
route_mutation,20260623T143737_528862,of:0000000000000007:1 -> of:000000000000000d:5,0.001,0.00125,0.001,0.001,1.4,2026-06-23T14:37:37,0.001,1.46
route_mutation,20260623T143737_528862,of:0000000000000002:2 -> of:0000000000000008:2,0.002,0.0025,0.002,0.002,1.7,2026-06-23T14:37:37,0.002,1.7
route_mutation,20260623T143737_528862,of:0000000000000003:2 -> of:0000000000000008:3,0.002,0.0025,0.002,0.002,1.7,2026-06-23T14:37:37,0.002,1.7
route_mutation,20260623T143737_528862,of:0000000000000008:1 -> of:000000000000000b:6,0.001,0.00125,0.001,0.001,1.43,2026-06-23T14:37:37,0.001,1.43
route_mutation,20260623T143737_528862,of:0000000000000004:2 -> of:0000000000000009:2,0.002,0.0025,0.002,0.002,1.73,2026-06-23T14:37:37,0.002,1.73
route_mutation,20260623T143737_528862,of:0000000000000002:1 -> of:000000000000000b:4,0.002,0.0025,0.002,0.002,1.9,2026-06-23T14:37:37,0.002,1.8
route_mutation,20260623T143737_528862,of:0000000000000009:1 -> of:000000000000000c:6,0.001,0.00125,0.001,0.001,1.43,2026-06-23T14:37:37,0.001,1.43
ip_shuffle,20260623T143807_959254,of:0000000000000004:1 -> of:000000000000000c:4,0.002,0.0025,0.002,0.002,1.73,2026-06-23T14:38:07,0.002,1.76
ip_shuffle,20260623T143807_959254,of:0000000000000005:1 -> of:000000000000000c:5,0.002,0.0025,0.002,0.002,1.73,2026-06-23T14:38:07,0.002,1.76
ip_shuffle,20260623T143807_959254,of:000000000000000a:1 -> of:000000000000000d:6,0.002,0.0025,0.002,0.002,1.76,2026-06-23T14:38:07,0.002,1.73
ip_shuffle,20260623T143807_959254,of:000000000000000b:3 -> of:000000000000000d:2,0.002,0.0025,0.002,0.002,2.16,2026-06-23T14:38:07,0.002,2.16
ip_shuffle,20260623T143807_959254,of:000000000000000c:3 -> of:000000000000000d:3,0.002,0.0025,0.002,0.002,2.16,2026-06-23T14:38:07,0.002,2.16
ip_shuffle,20260623T143807_959254,of:0000000000000005:2 -> of:0000000000000009:3,0.002,0.0025,0.002,0.002,2.16,2026-06-23T14:38:07,0.002,2.16
ip_shuffle,20260623T143807_959254,of:0000000000000001:1 -> of:000000000000000b:1,0.002,0.0025,0.002,0.002,1.76,2026-06-23T14:38:07,0.002,1.73
ip_shuffle,20260623T143807_959254,of:000000000000000b:2 -> of:000000000000000c:2,0.002,0.0025,0.002,0.002,2.2,2026-06-23T14:38:07,0.002,2.2
ip_shuffle,20260623T143807_959254,of:0000000000000001:2 -> of:000000000000000c:1,0.002,0.0025,0.002,0.002,1.76,2026-06-23T14:38:07,0.002,1.73
ip_shuffle,20260623T143807_959254,of:0000000000000006:2 -> of:000000000000000a:2,0.002,0.0025,0.002,0.002,2.1,2026-06-23T14:38:07,0.002,2.1
ip_shuffle,20260623T143807_959254,of:0000000000000001:3 -> of:000000000000000d:1,0.002,0.0025,0.002,0.002,2.8,2026-06-23T14:38:07,0.002,2.86
ip_shuffle,20260623T143807_959254,of:0000000000000003:1 -> of:000000000000000b:5,0.002,0.0025,0.002,0.002,1.73,2026-06-23T14:38:07,0.002,1.76
ip_shuffle,20260623T143807_959254,of:0000000000000006:1 -> of:000000000000000d:4,0.002,0.0025,0.002,0.002,2.83,2026-06-23T14:38:07,0.002,2.6
ip_shuffle,20260623T143807_959254,of:0000000000000007:2 -> of:000000000000000a:3,0.002,0.0025,0.002,0.002,2.23,2026-06-23T14:38:07,0.002,2.23
ip_shuffle,20260623T143807_959254,of:0000000000000007:1 -> of:000000000000000d:5,0.002,0.0025,0.002,0.002,1.8,2026-06-23T14:38:07,0.002,1.73
ip_shuffle,20260623T143807_959254,of:0000000000000002:2 -> of:0000000000000008:2,0.002,0.0025,0.002,0.002,2.16,2026-06-23T14:38:07,0.002,2.16
ip_shuffle,20260623T143807_959254,of:0000000000000003:2 -> of:0000000000000008:3,0.002,0.0025,0.002,0.002,2.16,2026-06-23T14:38:07,0.002,2.16
ip_shuffle,20260623T143807_959254,of:0000000000000008:1 -> of:000000000000000b:6,0.002,0.0025,0.002,0.002,1.76,2026-06-23T14:38:07,0.002,1.76
ip_shuffle,20260623T143807_959254,of:0000000000000004:2 -> of:0000000000000009:2,0.002,0.0025,0.002,0.002,2.16,2026-06-23T14:38:07,0.002,2.16
ip_shuffle,20260623T143807_959254,of:0000000000000002:1 -> of:000000000000000b:4,0.002,0.0025,0.002,0.002,1.73,2026-06-23T14:38:07,0.002,1.76
ip_shuffle,20260623T143807_959254,of:0000000000000009:1 -> of:000000000000000c:6,0.002,0.0025,0.002,0.002,1.76,2026-06-23T14:38:07,0.002,1.76
ip_shuffle,20260623T143905_698854,of:0000000000000004:1 -> of:000000000000000c:4,0.001,0.00125,0.001,0.001,1.3,2026-06-23T14:39:05,0.001,1.3
ip_shuffle,20260623T143905_698854,of:0000000000000005:1 -> of:000000000000000c:5,0.001,0.00125,0.001,0.001,1.3,2026-06-23T14:39:05,0.001,1.3
ip_shuffle,20260623T143905_698854,of:000000000000000a:1 -> of:000000000000000d:6,0.001,0.00125,0.001,0.001,1.3,2026-06-23T14:39:05,0.001,1.3
ip_shuffle,20260623T143905_698854,of:000000000000000b:3 -> of:000000000000000d:2,0.001,0.00125,0.001,0.001,1.4,2026-06-23T14:39:05,0.001,1.4
ip_shuffle,20260623T143905_698854,of:000000000000000c:3 -> of:000000000000000d:3,0.001,0.00125,0.001,0.001,1.4,2026-06-23T14:39:05,0.001,1.4
ip_shuffle,20260623T143905_698854,of:0000000000000005:2 -> of:0000000000000009:3,0.001,0.00125,0.001,0.001,1.46,2026-06-23T14:39:05,0.001,1.46
ip_shuffle,20260623T143905_698854,of:0000000000000001:1 -> of:000000000000000b:1,0.002,0.0025,0.002,0.002,1.6,2026-06-23T14:39:05,0.002,1.6
ip_shuffle,20260623T143905_698854,of:000000000000000b:2 -> of:000000000000000c:2,0.001,0.00125,0.001,0.001,1.4,2026-06-23T14:39:05,0.001,1.4
ip_shuffle,20260623T143905_698854,of:0000000000000001:2 -> of:000000000000000c:1,0.001,0.00125,0.001,0.001,1.3,2026-06-23T14:39:05,0.001,1.3
ip_shuffle,20260623T143905_698854,of:0000000000000006:2 -> of:000000000000000a:2,0.001,0.00125,0.001,0.001,1.46,2026-06-23T14:39:05,0.001,1.46
ip_shuffle,20260623T143905_698854,of:0000000000000001:3 -> of:000000000000000d:1,0.001,0.00125,0.001,0.001,1.3,2026-06-23T14:39:05,0.001,1.3
ip_shuffle,20260623T143905_698854,of:0000000000000003:1 -> of:000000000000000b:5,0.001,0.00125,0.001,0.001,1.3,2026-06-23T14:39:05,0.001,1.3
ip_shuffle,20260623T143905_698854,of:0000000000000006:1 -> of:000000000000000d:4,0.001,0.00125,0.001,0.001,1.37,2026-06-23T14:39:05,0.001,1.37
ip_shuffle,20260623T143905_698854,of:0000000000000007:2 -> of:000000000000000a:3,0.002,0.0025,0.002,0.002,1.6,2026-06-23T14:39:05,0.002,1.6
ip_shuffle,20260623T143905_698854,of:0000000000000007:1 -> of:000000000000000d:5,0.002,0.0025,0.002,0.002,1.5,2026-06-23T14:39:05,0.002,1.5
ip_shuffle,20260623T143905_698854,of:0000000000000002:2 -> of:0000000000000008:2,0.001,0.00125,0.001,0.001,1.46,2026-06-23T14:39:05,0.001,1.46
ip_shuffle,20260623T143905_698854,of:0000000000000003:2 -> of:0000000000000008:3,0.001,0.00125,0.001,0.001,1.46,2026-06-23T14:39:05,0.001,1.46
ip_shuffle,20260623T143905_698854,of:0000000000000008:1 -> of:000000000000000b:6,0.001,0.00125,0.001,0.001,1.37,2026-06-23T14:39:05,0.001,1.37
ip_shuffle,20260623T143905_698854,of:0000000000000004:2 -> of:0000000000000009:2,0.001,0.00125,0.001,0.001,1.46,2026-06-23T14:39:05,0.001,1.46
ip_shuffle,20260623T143905_698854,of:0000000000000002:1 -> of:000000000000000b:4,0.002,0.0025,0.002,0.002,1.6,2026-06-23T14:39:05,0.002,1.6
ip_shuffle,20260623T143905_698854,of:0000000000000009:1 -> of:000000000000000c:6,0.001,0.00125,0.001,0.001,1.37,2026-06-23T14:39:05,0.001,1.37
ip_shuffle,20260623T144009_856296,of:0000000000000004:1 -> of:000000000000000c:4,0.002,0.0025,0.002,0.002,2.2,2026-06-23T14:40:09,0.002,2.16
ip_shuffle,20260623T144009_856296,of:0000000000000005:1 -> of:000000000000000c:5,0.002,0.0025,0.002,0.002,2.3,2026-06-23T14:40:09,0.002,2.26
ip_shuffle,20260623T144009_856296,of:000000000000000a:1 -> of:000000000000000d:6,0.002,0.0025,0.002,0.002,2.13,2026-06-23T14:40:09,0.002,2.16
ip_shuffle,20260623T144009_856296,of:000000000000000b:3 -> of:000000000000000d:2,0.002,0.0025,0.002,0.002,3.0,2026-06-23T14:40:09,0.002,3.0
ip_shuffle,20260623T144009_856296,of:000000000000000c:3 -> of:000000000000000d:3,0.002,0.0025,0.002,0.002,3.0,2026-06-23T14:40:09,0.002,3.0
ip_shuffle,20260623T144009_856296,of:0000000000000005:2 -> of:0000000000000009:3,0.002,0.0025,0.002,0.002,3.0,2026-06-23T14:40:09,0.002,3.0
ip_shuffle,20260623T144009_856296,of:0000000000000001:1 -> of:000000000000000b:1,0.002,0.0025,0.002,0.002,2.13,2026-06-23T14:40:09,0.002,2.2
ip_shuffle,20260623T144009_856296,of:000000000000000b:2 -> of:000000000000000c:2,0.002,0.0025,0.002,0.002,2.96,2026-06-23T14:40:09,0.002,2.96
ip_shuffle,20260623T144009_856296,of:0000000000000001:2 -> of:000000000000000c:1,0.002,0.0025,0.002,0.002,2.26,2026-06-23T14:40:09,0.002,2.3
ip_shuffle,20260623T144009_856296,of:0000000000000006:2 -> of:000000000000000a:2,0.002,0.0025,0.002,0.002,3.0,2026-06-23T14:40:09,0.002,3.0
ip_shuffle,20260623T144009_856296,of:0000000000000001:3 -> of:000000000000000d:1,0.003,0.00375,0.003,0.003,4.36,2026-06-23T14:40:09,0.003,4.3
ip_shuffle,20260623T144009_856296,of:0000000000000003:1 -> of:000000000000000b:5,0.002,0.0025,0.002,0.002,2.2,2026-06-23T14:40:09,0.002,2.13
ip_shuffle,20260623T144009_856296,of:0000000000000006:1 -> of:000000000000000d:4,0.003,0.00375,0.003,0.003,3.7,2026-06-23T14:40:09,0.003,3.56
ip_shuffle,20260623T144009_856296,of:0000000000000007:2 -> of:000000000000000a:3,0.002,0.0025,0.002,0.002,3.0,2026-06-23T14:40:09,0.002,3.0
ip_shuffle,20260623T144009_856296,of:0000000000000007:1 -> of:000000000000000d:5,0.003,0.00375,0.003,0.003,3.1,2026-06-23T14:40:09,0.003,3.36
ip_shuffle,20260623T144009_856296,of:0000000000000002:2 -> of:0000000000000008:2,0.002,0.0025,0.002,0.002,2.93,2026-06-23T14:40:09,0.002,2.93
ip_shuffle,20260623T144009_856296,of:0000000000000003:2 -> of:0000000000000008:3,0.002,0.0025,0.002,0.002,2.93,2026-06-23T14:40:09,0.002,2.93
ip_shuffle,20260623T144009_856296,of:0000000000000008:1 -> of:000000000000000b:6,0.002,0.0025,0.002,0.002,2.06,2026-06-23T14:40:09,0.002,2.06
ip_shuffle,20260623T144009_856296,of:0000000000000004:2 -> of:0000000000000009:2,0.002,0.0025,0.002,0.002,3.0,2026-06-23T14:40:09,0.002,3.0
ip_shuffle,20260623T144009_856296,of:0000000000000002:1 -> of:000000000000000b:4,0.002,0.0025,0.002,0.002,2.2,2026-06-23T14:40:09,0.002,2.13
ip_shuffle,20260623T144009_856296,of:0000000000000009:1 -> of:000000000000000c:6,0.002,0.0025,0.002,0.002,2.13,2026-06-23T14:40:09,0.002,2.16
route_mutation,20260623T144107_561286,of:0000000000000004:1 -> of:000000000000000c:4,0.002,0.0025,0.002,0.002,2.1,2026-06-23T14:41:07,0.002,2.1
route_mutation,20260623T144107_561286,of:0000000000000005:1 -> of:000000000000000c:5,0.002,0.0025,0.002,0.002,1.5,2026-06-23T14:41:07,0.002,1.5
route_mutation,20260623T144107_561286,of:000000000000000a:1 -> of:000000000000000d:6,0.002,0.0025,0.002,0.002,1.53,2026-06-23T14:41:07,0.002,1.53
route_mutation,20260623T144107_561286,of:000000000000000b:3 -> of:000000000000000d:2,0.002,0.0025,0.002,0.002,1.73,2026-06-23T14:41:07,0.002,1.73
route_mutation,20260623T144107_561286,of:000000000000000c:3 -> of:000000000000000d:3,0.002,0.0025,0.002,0.002,1.73,2026-06-23T14:41:07,0.002,1.73
route_mutation,20260623T144107_561286,of:0000000000000005:2 -> of:0000000000000009:3,0.002,0.0025,0.002,0.002,1.66,2026-06-23T14:41:07,0.002,1.66
route_mutation,20260623T144107_561286,of:0000000000000001:1 -> of:000000000000000b:1,0.003,0.00375,0.003,0.003,3.6,2026-06-23T14:41:07,0.003,3.6
route_mutation,20260623T144107_561286,of:000000000000000b:2 -> of:000000000000000c:2,0.002,0.0025,0.002,0.002,1.73,2026-06-23T14:41:07,0.002,1.73
route_mutation,20260623T144107_561286,of:0000000000000001:2 -> of:000000000000000c:1,0.002,0.0025,0.002,0.002,2.2,2026-06-23T14:41:07,0.002,2.2
route_mutation,20260623T144107_561286,of:0000000000000006:2 -> of:000000000000000a:2,0.002,0.0025,0.002,0.002,1.66,2026-06-23T14:41:07,0.002,1.66
route_mutation,20260623T144107_561286,of:0000000000000001:3 -> of:000000000000000d:1,0.002,0.0025,0.002,0.002,1.53,2026-06-23T14:41:07,0.002,1.53
route_mutation,20260623T144107_561286,of:0000000000000003:1 -> of:000000000000000b:5,0.002,0.0025,0.002,0.002,2.56,2026-06-23T14:41:07,0.002,2.56
route_mutation,20260623T144107_561286,of:0000000000000006:1 -> of:000000000000000d:4,0.001,0.00125,0.001,0.001,1.4,2026-06-23T14:41:07,0.001,1.46
route_mutation,20260623T144107_561286,of:0000000000000007:2 -> of:000000000000000a:3,0.002,0.0025,0.002,0.002,1.66,2026-06-23T14:41:07,0.002,1.66
route_mutation,20260623T144107_561286,of:0000000000000007:1 -> of:000000000000000d:5,0.001,0.00125,0.001,0.001,1.46,2026-06-23T14:41:07,0.001,1.46
route_mutation,20260623T144107_561286,of:0000000000000002:2 -> of:0000000000000008:2,0.002,0.0025,0.002,0.002,1.73,2026-06-23T14:41:07,0.002,1.73
route_mutation,20260623T144107_561286,of:0000000000000003:2 -> of:0000000000000008:3,0.002,0.0025,0.002,0.002,1.73,2026-06-23T14:41:07,0.002,1.73
route_mutation,20260623T144107_561286,of:0000000000000008:1 -> of:000000000000000b:6,0.002,0.0025,0.002,0.002,1.53,2026-06-23T14:41:07,0.002,1.53
route_mutation,20260623T144107_561286,of:0000000000000004:2 -> of:0000000000000009:2,0.002,0.0025,0.002,0.002,1.66,2026-06-23T14:41:07,0.002,1.66
route_mutation,20260623T144107_561286,of:0000000000000002:1 -> of:000000000000000b:4,0.002,0.0025,0.002,0.002,2.56,2026-06-23T14:41:07,0.002,2.56
route_mutation,20260623T144107_561286,of:0000000000000009:1 -> of:000000000000000c:6,0.002,0.0025,0.002,0.002,1.53,2026-06-23T14:41:07,0.002,1.53
route_mutation,20260623T144137_857410,of:0000000000000004:1 -> of:000000000000000c:4,0.002,0.0025,0.002,0.002,2.2,2026-06-23T14:41:37,0.002,2.1
route_mutation,20260623T144137_857410,of:0000000000000005:1 -> of:000000000000000c:5,0.002,0.0025,0.002,0.002,2.8,2026-06-23T14:41:37,0.002,2.7
route_mutation,20260623T144137_857410,of:000000000000000a:1 -> of:000000000000000d:6,0.002,0.0025,0.002,0.002,1.9,2026-06-23T14:41:37,0.002,1.93
route_mutation,20260623T144137_857410,of:000000000000000b:3 -> of:000000000000000d:2,0.002,0.0025,0.002,0.002,2.5,2026-06-23T14:41:37,0.002,2.5
route_mutation,20260623T144137_857410,of:000000000000000c:3 -> of:000000000000000d:3,0.002,0.0025,0.002,0.002,2.53,2026-06-23T14:41:37,0.002,2.53
route_mutation,20260623T144137_857410,of:0000000000000005:2 -> of:0000000000000009:3,0.002,0.0025,0.002,0.002,2.6,2026-06-23T14:41:37,0.002,2.6
route_mutation,20260623T144137_857410,of:0000000000000001:1 -> of:000000000000000b:1,0.002,0.0025,0.002,0.002,1.9,2026-06-23T14:41:37,0.002,2.0
route_mutation,20260623T144137_857410,of:000000000000000b:2 -> of:000000000000000c:2,0.002,0.0025,0.002,0.002,2.5,2026-06-23T14:41:37,0.002,2.5
route_mutation,20260623T144137_857410,of:0000000000000001:2 -> of:000000000000000c:1,0.002,0.0025,0.002,0.002,2.86,2026-06-23T14:41:37,0.002,2.93
route_mutation,20260623T144137_857410,of:0000000000000006:2 -> of:000000000000000a:2,0.002,0.0025,0.002,0.002,2.6,2026-06-23T14:41:37,0.002,2.6
route_mutation,20260623T144137_857410,of:0000000000000001:3 -> of:000000000000000d:1,0.003,0.00375,0.003,0.003,3.66,2026-06-23T14:41:37,0.003,3.56
route_mutation,20260623T144137_857410,of:0000000000000003:1 -> of:000000000000000b:5,0.002,0.0025,0.002,0.002,2.03,2026-06-23T14:41:37,0.002,1.9
route_mutation,20260623T144137_857410,of:0000000000000006:1 -> of:000000000000000d:4,0.003,0.00375,0.003,0.003,3.5,2026-06-23T14:41:37,0.003,3.4
route_mutation,20260623T144137_857410,of:0000000000000007:2 -> of:000000000000000a:3,0.002,0.0025,0.002,0.002,2.6,2026-06-23T14:41:37,0.002,2.6
route_mutation,20260623T144137_857410,of:0000000000000007:1 -> of:000000000000000d:5,0.002,0.0025,0.002,0.002,2.33,2026-06-23T14:41:37,0.002,2.56
route_mutation,20260623T144137_857410,of:0000000000000002:2 -> of:0000000000000008:2,0.002,0.0025,0.002,0.002,2.53,2026-06-23T14:41:37,0.002,2.53
route_mutation,20260623T144137_857410,of:0000000000000003:2 -> of:0000000000000008:3,0.002,0.0025,0.002,0.002,2.53,2026-06-23T14:41:37,0.002,2.53
route_mutation,20260623T144137_857410,of:0000000000000008:1 -> of:000000000000000b:6,0.002,0.0025,0.002,0.002,1.83,2026-06-23T14:41:37,0.002,1.83
route_mutation,20260623T144137_857410,of:0000000000000004:2 -> of:0000000000000009:2,0.002,0.0025,0.002,0.002,2.6,2026-06-23T14:41:37,0.002,2.6
route_mutation,20260623T144137_857410,of:0000000000000002:1 -> of:000000000000000b:4,0.002,0.0025,0.002,0.002,2.03,2026-06-23T14:41:37,0.002,1.9
route_mutation,20260623T144137_857410,of:0000000000000009:1 -> of:000000000000000c:6,0.002,0.0025,0.002,0.002,1.9,2026-06-23T14:41:37,0.002,1.93
ip_shuffle,20260623T144208_114050,of:0000000000000004:1 -> of:000000000000000c:4,0.002,0.0025,0.002,0.002,1.56,2026-06-23T14:42:08,0.002,1.66
ip_shuffle,20260623T144208_114050,of:0000000000000005:1 -> of:000000000000000c:5,0.002,0.0025,0.002,0.002,1.56,2026-06-23T14:42:08,0.002,1.66
ip_shuffle,20260623T144208_114050,of:000000000000000a:1 -> of:000000000000000d:6,0.002,0.0025,0.002,0.002,1.7,2026-06-23T14:42:08,0.002,1.66
ip_shuffle,20260623T144208_114050,of:000000000000000b:3 -> of:000000000000000d:2,0.002,0.0025,0.002,0.002,2.1,2026-06-23T14:42:08,0.002,2.1
ip_shuffle,20260623T144208_114050,of:000000000000000c:3 -> of:000000000000000d:3,0.002,0.0025,0.002,0.002,2.06,2026-06-23T14:42:08,0.002,2.06
ip_shuffle,20260623T144208_114050,of:0000000000000005:2 -> of:0000000000000009:3,0.002,0.0025,0.002,0.002,2.0,2026-06-23T14:42:08,0.002,2.0
ip_shuffle,20260623T144208_114050,of:0000000000000001:1 -> of:000000000000000b:1,0.001,0.00125,0.001,0.001,1.63,2026-06-23T14:42:08,0.001,1.53
ip_shuffle,20260623T144208_114050,of:000000000000000b:2 -> of:000000000000000c:2,0.002,0.0025,0.002,0.002,2.03,2026-06-23T14:42:08,0.002,2.03
ip_shuffle,20260623T144208_114050,of:0000000000000001:2 -> of:000000000000000c:1,0.001,0.00125,0.001,0.001,1.6,2026-06-23T14:42:08,0.001,1.53
ip_shuffle,20260623T144208_114050,of:0000000000000006:2 -> of:000000000000000a:2,0.002,0.0025,0.002,0.002,2.0,2026-06-23T14:42:08,0.002,2.0
ip_shuffle,20260623T144208_114050,of:0000000000000001:3 -> of:000000000000000d:1,0.002,0.0025,0.002,0.002,2.63,2026-06-23T14:42:08,0.002,2.73
ip_shuffle,20260623T144208_114050,of:0000000000000003:1 -> of:000000000000000b:5,0.001,0.00125,0.001,0.001,1.5,2026-06-23T14:42:08,0.001,1.63
ip_shuffle,20260623T144208_114050,of:0000000000000006:1 -> of:000000000000000d:4,0.002,0.0025,0.002,0.002,1.66,2026-06-23T14:42:08,0.002,1.76
ip_shuffle,20260623T144208_114050,of:0000000000000007:2 -> of:000000000000000a:3,0.002,0.0025,0.002,0.002,2.0,2026-06-23T14:42:08,0.002,2.0
ip_shuffle,20260623T144208_114050,of:0000000000000007:1 -> of:000000000000000d:5,0.002,0.0025,0.002,0.002,2.8,2026-06-23T14:42:08,0.002,2.56
ip_shuffle,20260623T144208_114050,of:0000000000000002:2 -> of:0000000000000008:2,0.002,0.0025,0.002,0.002,2.13,2026-06-23T14:42:08,0.002,2.13
ip_shuffle,20260623T144208_114050,of:0000000000000003:2 -> of:0000000000000008:3,0.002,0.0025,0.002,0.002,2.13,2026-06-23T14:42:08,0.002,2.13
ip_shuffle,20260623T144208_114050,of:0000000000000008:1 -> of:000000000000000b:6,0.002,0.0025,0.002,0.002,1.83,2026-06-23T14:42:08,0.002,1.83
ip_shuffle,20260623T144208_114050,of:0000000000000004:2 -> of:0000000000000009:2,0.002,0.0025,0.002,0.002,2.0,2026-06-23T14:42:08,0.002,2.0
ip_shuffle,20260623T144208_114050,of:0000000000000002:1 -> of:000000000000000b:4,0.001,0.00125,0.001,0.001,1.5,2026-06-23T14:42:08,0.001,1.63
ip_shuffle,20260623T144208_114050,of:0000000000000009:1 -> of:000000000000000c:6,0.001,0.00125,0.001,0.001,1.63,2026-06-23T14:42:08,0.001,1.6
route_mutation,20260623T144312_344759,of:0000000000000004:1 -> of:000000000000000c:4,0.002,0.0025,0.002,0.002,2.4,2026-06-23T14:43:12,0.002,2.4
route_mutation,20260623T144312_344759,of:0000000000000005:1 -> of:000000000000000c:5,0.002,0.0025,0.002,0.002,2.4,2026-06-23T14:43:12,0.002,2.4
route_mutation,20260623T144312_344759,of:000000000000000a:1 -> of:000000000000000d:6,0.002,0.0025,0.002,0.002,1.56,2026-06-23T14:43:12,0.002,1.6
route_mutation,20260623T144312_344759,of:000000000000000b:3 -> of:000000000000000d:2,0.002,0.0025,0.002,0.002,1.86,2026-06-23T14:43:12,0.002,1.86
route_mutation,20260623T144312_344759,of:000000000000000c:3 -> of:000000000000000d:3,0.002,0.0025,0.002,0.002,1.86,2026-06-23T14:43:12,0.002,1.86
route_mutation,20260623T144312_344759,of:0000000000000005:2 -> of:0000000000000009:3,0.002,0.0025,0.002,0.002,1.83,2026-06-23T14:43:12,0.002,1.83
route_mutation,20260623T144312_344759,of:0000000000000001:1 -> of:000000000000000b:1,0.002,0.0025,0.002,0.002,1.7,2026-06-23T14:43:12,0.002,1.83
route_mutation,20260623T144312_344759,of:000000000000000b:2 -> of:000000000000000c:2,0.002,0.0025,0.002,0.002,1.86,2026-06-23T14:43:12,0.002,1.86
route_mutation,20260623T144312_344759,of:0000000000000001:2 -> of:000000000000000c:1,0.003,0.00375,0.003,0.003,3.19,2026-06-23T14:43:12,0.003,3.16
route_mutation,20260623T144312_344759,of:0000000000000006:2 -> of:000000000000000a:2,0.002,0.0025,0.002,0.002,1.83,2026-06-23T14:43:12,0.002,1.83
route_mutation,20260623T144312_344759,of:0000000000000001:3 -> of:000000000000000d:1,0.002,0.0025,0.002,0.002,2.1,2026-06-23T14:43:12,0.002,1.86
route_mutation,20260623T144312_344759,of:0000000000000003:1 -> of:000000000000000b:5,0.002,0.0025,0.002,0.002,1.86,2026-06-23T14:43:12,0.002,1.7
route_mutation,20260623T144312_344759,of:0000000000000006:1 -> of:000000000000000d:4,0.002,0.0025,0.002,0.002,1.86,2026-06-23T14:43:12,0.002,2.1
route_mutation,20260623T144312_344759,of:0000000000000007:2 -> of:000000000000000a:3,0.002,0.0025,0.002,0.002,1.86,2026-06-23T14:43:12,0.002,1.86
route_mutation,20260623T144312_344759,of:0000000000000007:1 -> of:000000000000000d:5,0.002,0.0025,0.002,0.002,1.63,2026-06-23T14:43:12,0.002,1.6
route_mutation,20260623T144312_344759,of:0000000000000002:2 -> of:0000000000000008:2,0.002,0.0025,0.002,0.002,1.9,2026-06-23T14:43:12,0.002,1.9
route_mutation,20260623T144312_344759,of:0000000000000003:2 -> of:0000000000000008:3,0.002,0.0025,0.002,0.002,1.9,2026-06-23T14:43:12,0.002,1.9
route_mutation,20260623T144312_344759,of:0000000000000008:1 -> of:000000000000000b:6,0.002,0.0025,0.002,0.002,1.63,2026-06-23T14:43:12,0.002,1.6
route_mutation,20260623T144312_344759,of:0000000000000004:2 -> of:0000000000000009:2,0.002,0.0025,0.002,0.002,1.83,2026-06-23T14:43:12,0.002,1.83
route_mutation,20260623T144312_344759,of:0000000000000002:1 -> of:000000000000000b:4,0.002,0.0025,0.002,0.002,1.6,2026-06-23T14:43:12,0.002,1.6
route_mutation,20260623T144312_344759,of:0000000000000009:1 -> of:000000000000000c:6,0.002,0.0025,0.002,0.002,1.56,2026-06-23T14:43:12,0.002,1.6
ip_shuffle,20260623T144342_630453,of:0000000000000004:1 -> of:000000000000000c:4,0.002,0.0025,0.002,0.002,2.0,2026-06-23T14:43:42,0.002,2.1
ip_shuffle,20260623T144342_630453,of:0000000000000005:1 -> of:000000000000000c:5,0.002,0.0025,0.002,0.002,2.0,2026-06-23T14:43:42,0.002,2.1
ip_shuffle,20260623T144342_630453,of:000000000000000a:1 -> of:000000000000000d:6,0.002,0.0025,0.002,0.002,2.13,2026-06-23T14:43:42,0.002,2.1
ip_shuffle,20260623T144342_630453,of:000000000000000b:3 -> of:000000000000000d:2,0.002,0.0025,0.002,0.002,2.93,2026-06-23T14:43:42,0.002,2.93
ip_shuffle,20260623T144342_630453,of:000000000000000c:3 -> of:000000000000000d:3,0.002,0.0025,0.002,0.002,2.93,2026-06-23T14:43:42,0.002,2.93
ip_shuffle,20260623T144342_630453,of:0000000000000005:2 -> of:0000000000000009:3,0.002,0.0025,0.002,0.002,3.0,2026-06-23T14:43:42,0.002,3.0
ip_shuffle,20260623T144342_630453,of:0000000000000001:1 -> of:000000000000000b:1,0.002,0.0025,0.002,0.002,2.03,2026-06-23T14:43:42,0.002,1.96
ip_shuffle,20260623T144342_630453,of:000000000000000b:2 -> of:000000000000000c:2,0.002,0.0025,0.002,0.002,2.86,2026-06-23T14:43:42,0.002,2.86
ip_shuffle,20260623T144342_630453,of:0000000000000001:2 -> of:000000000000000c:1,0.002,0.0025,0.002,0.002,2.03,2026-06-23T14:43:42,0.002,1.96
ip_shuffle,20260623T144342_630453,of:0000000000000006:2 -> of:000000000000000a:2,0.002,0.0025,0.002,0.002,2.86,2026-06-23T14:43:42,0.002,2.86
ip_shuffle,20260623T144342_630453,of:0000000000000001:3 -> of:000000000000000d:1,0.003,0.00375,0.003,0.003,4.23,2026-06-23T14:43:42,0.003,4.36
ip_shuffle,20260623T144342_630453,of:0000000000000003:1 -> of:000000000000000b:5,0.002,0.0025,0.002,0.002,1.93,2026-06-23T14:43:42,0.002,2.03
ip_shuffle,20260623T144342_630453,of:0000000000000006:1 -> of:000000000000000d:4,0.003,0.00375,0.003,0.003,3.3,2026-06-23T14:43:42,0.002,3.16
ip_shuffle,20260623T144342_630453,of:0000000000000007:2 -> of:000000000000000a:3,0.002,0.0025,0.002,0.002,2.83,2026-06-23T14:43:42,0.002,2.83
ip_shuffle,20260623T144342_630453,of:0000000000000007:1 -> of:000000000000000d:5,0.003,0.00375,0.003,0.003,3.46,2026-06-23T14:43:42,0.003,3.6
ip_shuffle,20260623T144342_630453,of:0000000000000002:2 -> of:0000000000000008:2,0.002,0.0025,0.002,0.002,2.7,2026-06-23T14:43:42,0.002,2.7
ip_shuffle,20260623T144342_630453,of:0000000000000003:2 -> of:0000000000000008:3,0.002,0.0025,0.002,0.002,2.7,2026-06-23T14:43:42,0.002,2.7
ip_shuffle,20260623T144342_630453,of:0000000000000008:1 -> of:000000000000000b:6,0.002,0.0025,0.002,0.002,1.96,2026-06-23T14:43:42,0.002,2.1
ip_shuffle,20260623T144342_630453,of:0000000000000004:2 -> of:0000000000000009:2,0.002,0.0025,0.002,0.002,3.0,2026-06-23T14:43:42,0.002,3.0
ip_shuffle,20260623T144342_630453,of:0000000000000002:1 -> of:000000000000000b:4,0.002,0.0025,0.002,0.002,1.93,2026-06-23T14:43:42,0.002,2.03
ip_shuffle,20260623T144342_630453,of:0000000000000009:1 -> of:000000000000000c:6,0.002,0.0025,0.002,0.002,2.2,2026-06-23T14:43:42,0.002,2.16
ip_shuffle,20260623T144446_713577,of:0000000000000004:1 -> of:000000000000000c:4,0.002,0.0025,0.002,0.002,2.26,2026-06-23T14:44:46,0.002,2.33
ip_shuffle,20260623T144446_713577,of:0000000000000005:1 -> of:000000000000000c:5,0.002,0.0025,0.002,0.002,2.1,2026-06-23T14:44:46,0.002,2.13
ip_shuffle,20260623T144446_713577,of:000000000000000a:1 -> of:000000000000000d:6,0.002,0.0025,0.002,0.002,1.57,2026-06-23T14:44:46,0.002,1.5
ip_shuffle,20260623T144446_713577,of:000000000000000b:3 -> of:000000000000000d:2,0.002,0.0025,0.002,0.002,1.7,2026-06-23T14:44:46,0.002,1.66
ip_shuffle,20260623T144446_713577,of:000000000000000c:3 -> of:000000000000000d:3,0.002,0.0025,0.002,0.002,1.66,2026-06-23T14:44:46,0.002,1.66
ip_shuffle,20260623T144446_713577,of:0000000000000005:2 -> of:0000000000000009:3,0.002,0.0025,0.002,0.002,1.57,2026-06-23T14:44:46,0.002,1.57
ip_shuffle,20260623T144446_713577,of:0000000000000001:1 -> of:000000000000000b:1,0.003,0.00375,0.003,0.003,3.36,2026-06-23T14:44:46,0.003,3.5
ip_shuffle,20260623T144446_713577,of:000000000000000b:2 -> of:000000000000000c:2,0.002,0.0025,0.002,0.002,1.7,2026-06-23T14:44:46,0.002,1.66
ip_shuffle,20260623T144446_713577,of:0000000000000001:2 -> of:000000000000000c:1,0.003,0.00375,0.003,0.003,2.93,2026-06-23T14:44:46,0.003,2.9
ip_shuffle,20260623T144446_713577,of:0000000000000006:2 -> of:000000000000000a:2,0.002,0.0025,0.002,0.002,1.7,2026-06-23T14:44:46,0.002,1.7
ip_shuffle,20260623T144446_713577,of:0000000000000001:3 -> of:000000000000000d:1,0.002,0.0025,0.002,0.002,1.53,2026-06-23T14:44:46,0.002,1.47
ip_shuffle,20260623T144446_713577,of:0000000000000003:1 -> of:000000000000000b:5,0.002,0.0025,0.002,0.002,2.5,2026-06-23T14:44:46,0.002,2.53
ip_shuffle,20260623T144446_713577,of:0000000000000006:1 -> of:000000000000000d:4,0.002,0.0025,0.002,0.002,1.5,2026-06-23T14:44:46,0.002,1.6
ip_shuffle,20260623T144446_713577,of:0000000000000007:2 -> of:000000000000000a:3,0.002,0.0025,0.002,0.002,1.7,2026-06-23T14:44:46,0.002,1.7
ip_shuffle,20260623T144446_713577,of:0000000000000007:1 -> of:000000000000000d:5,0.002,0.0025,0.002,0.002,1.5,2026-06-23T14:44:46,0.002,1.5
ip_shuffle,20260623T144446_713577,of:0000000000000002:2 -> of:0000000000000008:2,0.002,0.0025,0.002,0.002,1.63,2026-06-23T14:44:46,0.002,1.63
ip_shuffle,20260623T144446_713577,of:0000000000000003:2 -> of:0000000000000008:3,0.002,0.0025,0.002,0.002,1.63,2026-06-23T14:44:46,0.002,1.63
ip_shuffle,20260623T144446_713577,of:0000000000000008:1 -> of:000000000000000b:6,0.002,0.0025,0.002,0.002,1.5,2026-06-23T14:44:46,0.002,1.5
ip_shuffle,20260623T144446_713577,of:0000000000000004:2 -> of:0000000000000009:2,0.002,0.0025,0.002,0.002,1.57,2026-06-23T14:44:46,0.002,1.57
ip_shuffle,20260623T144446_713577,of:0000000000000002:1 -> of:000000000000000b:4,0.002,0.0025,0.002,0.002,2.46,2026-06-23T14:44:46,0.002,2.3
ip_shuffle,20260623T144446_713577,of:0000000000000009:1 -> of:000000000000000c:6,0.001,0.00125,0.001,0.001,1.43,2026-06-23T14:44:46,0.001,1.47
ip_shuffle,20260623T144544_216265,of:0000000000000004:1 -> of:000000000000000c:4,0.002,0.0025,0.002,0.002,1.56,2026-06-23T14:45:44,0.002,1.66
ip_shuffle,20260623T144544_216265,of:0000000000000005:1 -> of:000000000000000c:5,0.002,0.0025,0.002,0.002,1.56,2026-06-23T14:45:44,0.002,1.66
ip_shuffle,20260623T144544_216265,of:000000000000000a:1 -> of:000000000000000d:6,0.002,0.0025,0.002,0.002,1.83,2026-06-23T14:45:44,0.002,1.79
ip_shuffle,20260623T144544_216265,of:000000000000000b:3 -> of:000000000000000d:2,0.002,0.0025,0.002,0.002,2.09,2026-06-23T14:45:44,0.002,2.09
ip_shuffle,20260623T144544_216265,of:000000000000000c:3 -> of:000000000000000d:3,0.002,0.0025,0.002,0.002,2.06,2026-06-23T14:45:44,0.002,2.06
ip_shuffle,20260623T144544_216265,of:0000000000000005:2 -> of:0000000000000009:3,0.002,0.0025,0.002,0.002,1.83,2026-06-23T14:45:44,0.002,1.83
ip_shuffle,20260623T144544_216265,of:0000000000000001:1 -> of:000000000000000b:1,0.002,0.0025,0.002,0.002,1.76,2026-06-23T14:45:44,0.002,1.66
ip_shuffle,20260623T144544_216265,of:000000000000000b:2 -> of:000000000000000c:2,0.002,0.0025,0.002,0.002,2.16,2026-06-23T14:45:44,0.002,2.16
ip_shuffle,20260623T144544_216265,of:0000000000000001:2 -> of:000000000000000c:1,0.002,0.0025,0.002,0.002,1.73,2026-06-23T14:45:44,0.002,1.66
ip_shuffle,20260623T144544_216265,of:0000000000000006:2 -> of:000000000000000a:2,0.002,0.0025,0.002,0.002,2.13,2026-06-23T14:45:44,0.002,2.13
ip_shuffle,20260623T144544_216265,of:0000000000000001:3 -> of:000000000000000d:1,0.002,0.0025,0.002,0.002,2.76,2026-06-23T14:45:44,0.002,2.86
ip_shuffle,20260623T144544_216265,of:0000000000000003:1 -> of:000000000000000b:5,0.002,0.0025,0.002,0.002,1.63,2026-06-23T14:45:44,0.002,1.76
ip_shuffle,20260623T144544_216265,of:0000000000000006:1 -> of:000000000000000d:4,0.002,0.0025,0.002,0.002,1.66,2026-06-23T14:45:44,0.002,1.73
ip_shuffle,20260623T144544_216265,of:0000000000000007:2 -> of:000000000000000a:3,0.002,0.0025,0.002,0.002,2.13,2026-06-23T14:45:44,0.002,2.13
ip_shuffle,20260623T144544_216265,of:0000000000000007:1 -> of:000000000000000d:5,0.002,0.0025,0.002,0.002,2.76,2026-06-23T14:45:44,0.002,2.56
ip_shuffle,20260623T144544_216265,of:0000000000000002:2 -> of:0000000000000008:2,0.002,0.0025,0.002,0.002,1.83,2026-06-23T14:45:44,0.002,1.83
ip_shuffle,20260623T144544_216265,of:0000000000000003:2 -> of:0000000000000008:3,0.002,0.0025,0.002,0.002,1.83,2026-06-23T14:45:44,0.002,1.83
ip_shuffle,20260623T144544_216265,of:0000000000000008:1 -> of:000000000000000b:6,0.002,0.0025,0.002,0.001,1.53,2026-06-23T14:45:44,0.002,1.69
ip_shuffle,20260623T144544_216265,of:0000000000000004:2 -> of:0000000000000009:2,0.002,0.0025,0.002,0.002,1.83,2026-06-23T14:45:44,0.002,1.83
ip_shuffle,20260623T144544_216265,of:0000000000000002:1 -> of:000000000000000b:4,0.002,0.0025,0.002,0.002,1.63,2026-06-23T14:45:44,0.002,1.76
ip_shuffle,20260623T144544_216265,of:0000000000000009:1 -> of:000000000000000c:6,0.002,0.0025,0.002,0.002,1.59,2026-06-23T14:45:44,0.002,1.73
ip_shuffle,20260623T144641_945458,of:0000000000000004:1 -> of:000000000000000c:4,0.002,0.0025,0.002,0.002,2.56,2026-06-23T14:46:41,0.002,2.5
ip_shuffle,20260623T144641_945458,of:0000000000000005:1 -> of:000000000000000c:5,0.002,0.0025,0.002,0.002,2.56,2026-06-23T14:46:41,0.002,2.5
ip_shuffle,20260623T144641_945458,of:000000000000000a:1 -> of:000000000000000d:6,0.002,0.0025,0.002,0.002,1.8,2026-06-23T14:46:41,0.002,1.76
ip_shuffle,20260623T144641_945458,of:000000000000000b:3 -> of:000000000000000d:2,0.002,0.0025,0.002,0.002,2.26,2026-06-23T14:46:41,0.002,2.26
ip_shuffle,20260623T144641_945458,of:000000000000000c:3 -> of:000000000000000d:3,0.002,0.0025,0.002,0.002,2.13,2026-06-23T14:46:41,0.002,2.13
ip_shuffle,20260623T144641_945458,of:0000000000000005:2 -> of:0000000000000009:3,0.002,0.0025,0.002,0.002,2.3,2026-06-23T14:46:41,0.002,2.3
ip_shuffle,20260623T144641_945458,of:0000000000000001:1 -> of:000000000000000b:1,0.002,0.0025,0.002,0.002,2.0,2026-06-23T14:46:41,0.002,1.86
ip_shuffle,20260623T144641_945458,of:000000000000000b:2 -> of:000000000000000c:2,0.002,0.0025,0.002,0.002,2.2,2026-06-23T14:46:41,0.002,2.2
ip_shuffle,20260623T144641_945458,of:0000000000000001:2 -> of:000000000000000c:1,0.003,0.00375,0.003,0.003,3.23,2026-06-23T14:46:41,0.003,3.3
ip_shuffle,20260623T144641_945458,of:0000000000000006:2 -> of:000000000000000a:2,0.002,0.0025,0.002,0.002,2.3,2026-06-23T14:46:41,0.002,2.3
ip_shuffle,20260623T144641_945458,of:0000000000000001:3 -> of:000000000000000d:1,0.002,0.0025,0.002,0.002,2.73,2026-06-23T14:46:41,0.002,2.56
ip_shuffle,20260623T144641_945458,of:0000000000000003:1 -> of:000000000000000b:5,0.002,0.0025,0.002,0.002,1.83,2026-06-23T14:46:41,0.002,1.93
ip_shuffle,20260623T144641_945458,of:0000000000000006:1 -> of:000000000000000d:4,0.002,0.0025,0.002,0.002,2.63,2026-06-23T14:46:41,0.002,2.86
ip_shuffle,20260623T144641_945458,of:0000000000000007:2 -> of:000000000000000a:3,0.002,0.0025,0.002,0.002,2.26,2026-06-23T14:46:41,0.002,2.26
ip_shuffle,20260623T144641_945458,of:0000000000000007:1 -> of:000000000000000d:5,0.002,0.0025,0.002,0.002,1.8,2026-06-23T14:46:41,0.002,1.76
ip_shuffle,20260623T144641_945458,of:0000000000000002:2 -> of:0000000000000008:2,0.002,0.0025,0.002,0.002,2.2,2026-06-23T14:46:41,0.002,2.2
ip_shuffle,20260623T144641_945458,of:0000000000000003:2 -> of:0000000000000008:3,0.002,0.0025,0.002,0.002,2.2,2026-06-23T14:46:41,0.002,2.2
ip_shuffle,20260623T144641_945458,of:0000000000000008:1 -> of:000000000000000b:6,0.002,0.0025,0.002,0.002,1.8,2026-06-23T14:46:41,0.002,1.83
ip_shuffle,20260623T144641_945458,of:0000000000000004:2 -> of:0000000000000009:2,0.002,0.0025,0.002,0.002,2.3,2026-06-23T14:46:41,0.002,2.3
ip_shuffle,20260623T144641_945458,of:0000000000000002:1 -> of:000000000000000b:4,0.002,0.0025,0.002,0.002,1.73,2026-06-23T14:46:41,0.002,1.76
ip_shuffle,20260623T144641_945458,of:0000000000000009:1 -> of:000000000000000c:6,0.002,0.0025,0.002,0.002,1.73,2026-06-23T14:46:41,0.002,1.7
route_mutation,20260623T144739_612106,of:0000000000000004:1 -> of:000000000000000c:4,0.002,0.0025,0.002,0.002,1.43,2026-06-23T14:47:39,0.001,1.33
route_mutation,20260623T144739_612106,of:0000000000000005:1 -> of:000000000000000c:5,0.002,0.0025,0.002,0.002,1.43,2026-06-23T14:47:39,0.001,1.33
route_mutation,20260623T144739_612106,of:000000000000000a:1 -> of:000000000000000d:6,0.001,0.00125,0.001,0.001,1.37,2026-06-23T14:47:39,0.001,1.27
route_mutation,20260623T144739_612106,of:000000000000000b:3 -> of:000000000000000d:2,0.001,0.00125,0.001,0.001,1.37,2026-06-23T14:47:39,0.001,1.37
route_mutation,20260623T144739_612106,of:000000000000000c:3 -> of:000000000000000d:3,0.001,0.00125,0.001,0.001,1.33,2026-06-23T14:47:39,0.001,1.33
route_mutation,20260623T144739_612106,of:0000000000000005:2 -> of:0000000000000009:3,0.001,0.00125,0.001,0.001,1.47,2026-06-23T14:47:39,0.001,1.47
route_mutation,20260623T144739_612106,of:0000000000000001:1 -> of:000000000000000b:1,0.002,0.0025,0.002,0.002,1.47,2026-06-23T14:47:39,0.002,1.56
route_mutation,20260623T144739_612106,of:000000000000000b:2 -> of:000000000000000c:2,0.001,0.00125,0.001,0.001,1.37,2026-06-23T14:47:39,0.001,1.37
route_mutation,20260623T144739_612106,of:0000000000000001:2 -> of:000000000000000c:1,0.002,0.0025,0.002,0.001,1.33,2026-06-23T14:47:39,0.002,1.4
route_mutation,20260623T144739_612106,of:0000000000000006:2 -> of:000000000000000a:2,0.001,0.00125,0.001,0.001,1.47,2026-06-23T14:47:39,0.001,1.47
route_mutation,20260623T144739_612106,of:0000000000000001:3 -> of:000000000000000d:1,0.002,0.0025,0.002,0.001,1.33,2026-06-23T14:47:39,0.002,1.4
route_mutation,20260623T144739_612106,of:0000000000000003:1 -> of:000000000000000b:5,0.001,0.00125,0.001,0.001,1.37,2026-06-23T14:47:39,0.001,1.37
route_mutation,20260623T144739_612106,of:0000000000000006:1 -> of:000000000000000d:4,0.002,0.0025,0.002,0.002,1.43,2026-06-23T14:47:39,0.001,1.33
route_mutation,20260623T144739_612106,of:0000000000000007:2 -> of:000000000000000a:3,0.001,0.00125,0.001,0.001,1.47,2026-06-23T14:47:39,0.001,1.47
route_mutation,20260623T144739_612106,of:0000000000000007:1 -> of:000000000000000d:5,0.002,0.0025,0.002,0.002,1.43,2026-06-23T14:47:39,0.001,1.33
route_mutation,20260623T144739_612106,of:0000000000000002:2 -> of:0000000000000008:2,0.001,0.00125,0.001,0.001,1.47,2026-06-23T14:47:39,0.001,1.47
route_mutation,20260623T144739_612106,of:0000000000000003:2 -> of:0000000000000008:3,0.001,0.00125,0.001,0.001,1.47,2026-06-23T14:47:39,0.001,1.47
route_mutation,20260623T144739_612106,of:0000000000000008:1 -> of:000000000000000b:6,0.001,0.00125,0.001,0.001,1.3,2026-06-23T14:47:39,0.001,1.3
route_mutation,20260623T144739_612106,of:0000000000000004:2 -> of:0000000000000009:2,0.001,0.00125,0.001,0.001,1.47,2026-06-23T14:47:39,0.001,1.47
route_mutation,20260623T144739_612106,of:0000000000000002:1 -> of:000000000000000b:4,0.002,0.0025,0.002,0.002,1.56,2026-06-23T14:47:39,0.002,1.5
route_mutation,20260623T144739_612106,of:0000000000000009:1 -> of:000000000000000c:6,0.001,0.00125,0.001,0.001,1.37,2026-06-23T14:47:39,0.001,1.27
ip_shuffle,20260623T144809_957395,of:0000000000000004:1 -> of:000000000000000c:4,0.002,0.0025,0.002,0.002,2.16,2026-06-23T14:48:09,0.002,2.26
ip_shuffle,20260623T144809_957395,of:0000000000000005:1 -> of:000000000000000c:5,0.002,0.0025,0.002,0.002,1.86,2026-06-23T14:48:09,0.002,1.96
ip_shuffle,20260623T144809_957395,of:000000000000000a:1 -> of:000000000000000d:6,0.002,0.0025,0.002,0.002,1.46,2026-06-23T14:48:09,0.002,1.53
ip_shuffle,20260623T144809_957395,of:000000000000000b:3 -> of:000000000000000d:2,0.002,0.0025,0.002,0.002,1.66,2026-06-23T14:48:09,0.002,1.66
ip_shuffle,20260623T144809_957395,of:000000000000000c:3 -> of:000000000000000d:3,0.002,0.0025,0.002,0.002,1.66,2026-06-23T14:48:09,0.002,1.66
ip_shuffle,20260623T144809_957395,of:0000000000000005:2 -> of:0000000000000009:3,0.002,0.0025,0.002,0.002,1.53,2026-06-23T14:48:09,0.002,1.53
ip_shuffle,20260623T144809_957395,of:0000000000000001:1 -> of:000000000000000b:1,0.003,0.00375,0.003,0.003,3.36,2026-06-23T14:48:09,0.003,3.23
ip_shuffle,20260623T144809_957395,of:000000000000000b:2 -> of:000000000000000c:2,0.002,0.0025,0.002,0.002,1.6,2026-06-23T14:48:09,0.002,1.6
ip_shuffle,20260623T144809_957395,of:0000000000000001:2 -> of:000000000000000c:1,0.002,0.0025,0.002,0.002,2.63,2026-06-23T14:48:09,0.002,2.53
ip_shuffle,20260623T144809_957395,of:0000000000000006:2 -> of:000000000000000a:2,0.002,0.0025,0.002,0.002,1.56,2026-06-23T14:48:09,0.002,1.56
ip_shuffle,20260623T144809_957395,of:0000000000000001:3 -> of:000000000000000d:1,0.001,0.00125,0.001,0.001,1.46,2026-06-23T14:48:09,0.001,1.4
ip_shuffle,20260623T144809_957395,of:0000000000000003:1 -> of:000000000000000b:5,0.002,0.0025,0.002,0.002,2.46,2026-06-23T14:48:09,0.002,2.5
ip_shuffle,20260623T144809_957395,of:0000000000000006:1 -> of:000000000000000d:4,0.002,0.0025,0.002,0.002,1.43,2026-06-23T14:48:09,0.002,1.53
ip_shuffle,20260623T144809_957395,of:0000000000000007:2 -> of:000000000000000a:3,0.002,0.0025,0.002,0.002,1.56,2026-06-23T14:48:09,0.002,1.56
ip_shuffle,20260623T144809_957395,of:0000000000000007:1 -> of:000000000000000d:5,0.002,0.0025,0.002,0.002,1.43,2026-06-23T14:48:09,0.002,1.53
ip_shuffle,20260623T144809_957395,of:0000000000000002:2 -> of:0000000000000008:2,0.002,0.0025,0.002,0.002,1.53,2026-06-23T14:48:09,0.002,1.53
ip_shuffle,20260623T144809_957395,of:0000000000000003:2 -> of:0000000000000008:3,0.002,0.0025,0.002,0.002,1.53,2026-06-23T14:48:09,0.002,1.53
ip_shuffle,20260623T144809_957395,of:0000000000000008:1 -> of:000000000000000b:6,0.002,0.0025,0.002,0.002,1.43,2026-06-23T14:48:09,0.002,1.46
ip_shuffle,20260623T144809_957395,of:0000000000000004:2 -> of:0000000000000009:2,0.002,0.0025,0.002,0.002,1.53,2026-06-23T14:48:09,0.002,1.53
ip_shuffle,20260623T144809_957395,of:0000000000000002:1 -> of:000000000000000b:4,0.002,0.0025,0.002,0.002,2.26,2026-06-23T14:48:09,0.002,2.36
ip_shuffle,20260623T144809_957395,of:0000000000000009:1 -> of:000000000000000c:6,0.001,0.00125,0.001,0.001,1.36,2026-06-23T14:48:09,0.001,1.46
ip_shuffle,20260623T144914_286510,of:0000000000000004:1 -> of:000000000000000c:4,0.002,0.0025,0.002,0.002,1.8,2026-06-23T14:49:14,0.002,1.8
ip_shuffle,20260623T144914_286510,of:0000000000000005:1 -> of:000000000000000c:5,0.002,0.0025,0.002,0.002,1.8,2026-06-23T14:49:14,0.002,1.8
ip_shuffle,20260623T144914_286510,of:000000000000000a:1 -> of:000000000000000d:6,0.002,0.0025,0.002,0.002,1.8,2026-06-23T14:49:14,0.002,1.8
ip_shuffle,20260623T144914_286510,of:000000000000000b:3 -> of:000000000000000d:2,0.002,0.0025,0.002,0.002,2.33,2026-06-23T14:49:14,0.002,2.33
ip_shuffle,20260623T144914_286510,of:000000000000000c:3 -> of:000000000000000d:3,0.002,0.0025,0.002,0.002,2.33,2026-06-23T14:49:14,0.002,2.33
ip_shuffle,20260623T144914_286510,of:0000000000000005:2 -> of:0000000000000009:3,0.002,0.0025,0.002,0.002,2.33,2026-06-23T14:49:14,0.002,2.33
ip_shuffle,20260623T144914_286510,of:0000000000000001:1 -> of:000000000000000b:1,0.002,0.0025,0.002,0.002,1.8,2026-06-23T14:49:14,0.002,1.8
ip_shuffle,20260623T144914_286510,of:000000000000000b:2 -> of:000000000000000c:2,0.002,0.0025,0.002,0.002,2.26,2026-06-23T14:49:14,0.002,2.26
ip_shuffle,20260623T144914_286510,of:0000000000000001:2 -> of:000000000000000c:1,0.002,0.0025,0.002,0.002,1.8,2026-06-23T14:49:14,0.002,1.8
ip_shuffle,20260623T144914_286510,of:0000000000000006:2 -> of:000000000000000a:2,0.002,0.0025,0.002,0.002,2.33,2026-06-23T14:49:14,0.002,2.33
ip_shuffle,20260623T144914_286510,of:0000000000000001:3 -> of:000000000000000d:1,0.003,0.00375,0.003,0.003,3.26,2026-06-23T14:49:14,0.003,3.26
ip_shuffle,20260623T144914_286510,of:0000000000000003:1 -> of:000000000000000b:5,0.002,0.0025,0.002,0.002,1.8,2026-06-23T14:49:14,0.002,1.8
ip_shuffle,20260623T144914_286510,of:0000000000000006:1 -> of:000000000000000d:4,0.002,0.0025,0.002,0.002,1.9,2026-06-23T14:49:14,0.002,1.9
ip_shuffle,20260623T144914_286510,of:0000000000000007:2 -> of:000000000000000a:3,0.002,0.0025,0.002,0.002,2.33,2026-06-23T14:49:14,0.002,2.33
ip_shuffle,20260623T144914_286510,of:0000000000000007:1 -> of:000000000000000d:5,0.003,0.00375,0.003,0.003,3.2,2026-06-23T14:49:14,0.003,3.2
ip_shuffle,20260623T144914_286510,of:0000000000000002:2 -> of:0000000000000008:2,0.002,0.0025,0.002,0.002,2.33,2026-06-23T14:49:14,0.002,2.33
ip_shuffle,20260623T144914_286510,of:0000000000000003:2 -> of:0000000000000008:3,0.002,0.0025,0.002,0.002,2.33,2026-06-23T14:49:14,0.002,2.33
ip_shuffle,20260623T144914_286510,of:0000000000000008:1 -> of:000000000000000b:6,0.002,0.0025,0.002,0.002,1.73,2026-06-23T14:49:14,0.002,1.73
ip_shuffle,20260623T144914_286510,of:0000000000000004:2 -> of:0000000000000009:2,0.002,0.0025,0.002,0.002,2.33,2026-06-23T14:49:14,0.002,2.33
ip_shuffle,20260623T144914_286510,of:0000000000000002:1 -> of:000000000000000b:4,0.002,0.0025,0.002,0.002,1.8,2026-06-23T14:49:14,0.002,1.8
ip_shuffle,20260623T144914_286510,of:0000000000000009:1 -> of:000000000000000c:6,0.002,0.0025,0.002,0.002,1.73,2026-06-23T14:49:14,0.002,1.73
ip_shuffle,20260623T145011_979085,of:0000000000000004:1 -> of:000000000000000c:4,0.002,0.0025,0.002,0.002,2.16,2026-06-23T14:50:11,0.002,2.16
ip_shuffle,20260623T145011_979085,of:0000000000000005:1 -> of:000000000000000c:5,0.002,0.0025,0.002,0.002,2.03,2026-06-23T14:50:11,0.002,2.03
ip_shuffle,20260623T145011_979085,of:000000000000000a:1 -> of:000000000000000d:6,0.001,0.00125,0.001,0.001,1.37,2026-06-23T14:50:11,0.001,1.37
ip_shuffle,20260623T145011_979085,of:000000000000000b:3 -> of:000000000000000d:2,0.001,0.00125,0.001,0.001,1.46,2026-06-23T14:50:11,0.001,1.46
ip_shuffle,20260623T145011_979085,of:000000000000000c:3 -> of:000000000000000d:3,0.001,0.00125,0.001,0.001,1.46,2026-06-23T14:50:11,0.001,1.46
ip_shuffle,20260623T145011_979085,of:0000000000000005:2 -> of:0000000000000009:3,0.001,0.00125,0.001,0.001,1.46,2026-06-23T14:50:11,0.001,1.46
ip_shuffle,20260623T145011_979085,of:0000000000000001:1 -> of:000000000000000b:1,0.003,0.00375,0.003,0.003,3.26,2026-06-23T14:50:11,0.003,3.26
ip_shuffle,20260623T145011_979085,of:000000000000000b:2 -> of:000000000000000c:2,0.002,0.0025,0.002,0.002,1.53,2026-06-23T14:50:11,0.002,1.53
ip_shuffle,20260623T145011_979085,of:0000000000000001:2 -> of:000000000000000c:1,0.003,0.00375,0.003,0.003,2.83,2026-06-23T14:50:11,0.003,2.83
ip_shuffle,20260623T145011_979085,of:0000000000000006:2 -> of:000000000000000a:2,0.002,0.0025,0.002,0.001,1.46,2026-06-23T14:50:11,0.002,1.53
ip_shuffle,20260623T145011_979085,of:0000000000000001:3 -> of:000000000000000d:1,0.001,0.00125,0.001,0.001,1.37,2026-06-23T14:50:11,0.001,1.37
ip_shuffle,20260623T145011_979085,of:0000000000000003:1 -> of:000000000000000b:5,0.002,0.0025,0.002,0.002,2.4,2026-06-23T14:50:11,0.002,2.4
ip_shuffle,20260623T145011_979085,of:0000000000000006:1 -> of:000000000000000d:4,0.001,0.00125,0.001,0.001,1.3,2026-06-23T14:50:11,0.001,1.37
ip_shuffle,20260623T145011_979085,of:0000000000000007:2 -> of:000000000000000a:3,0.002,0.0025,0.002,0.002,1.53,2026-06-23T14:50:11,0.002,1.53
ip_shuffle,20260623T145011_979085,of:0000000000000007:1 -> of:000000000000000d:5,0.001,0.00125,0.001,0.001,1.37,2026-06-23T14:50:11,0.001,1.37
ip_shuffle,20260623T145011_979085,of:0000000000000002:2 -> of:0000000000000008:2,0.001,0.00125,0.001,0.001,1.46,2026-06-23T14:50:11,0.001,1.46
ip_shuffle,20260623T145011_979085,of:0000000000000003:2 -> of:0000000000000008:3,0.001,0.00125,0.001,0.001,1.46,2026-06-23T14:50:11,0.001,1.46
ip_shuffle,20260623T145011_979085,of:0000000000000008:1 -> of:000000000000000b:6,0.002,0.0025,0.002,0.002,1.43,2026-06-23T14:50:11,0.002,1.43
ip_shuffle,20260623T145011_979085,of:0000000000000004:2 -> of:0000000000000009:2,0.001,0.00125,0.001,0.001,1.46,2026-06-23T14:50:11,0.001,1.46
ip_shuffle,20260623T145011_979085,of:0000000000000002:1 -> of:000000000000000b:4,0.002,0.0025,0.002,0.002,2.16,2026-06-23T14:50:11,0.002,2.16
ip_shuffle,20260623T145011_979085,of:0000000000000009:1 -> of:000000000000000c:6,0.002,0.0025,0.002,0.002,1.43,2026-06-23T14:50:11,0.002,1.43
route_mutation,20260623T145109_542684,of:0000000000000004:1 -> of:000000000000000c:4,0.002,0.0025,0.002,0.002,1.73,2026-06-23T14:51:09,0.002,1.66
route_mutation,20260623T145109_542684,of:0000000000000005:1 -> of:000000000000000c:5,0.002,0.0025,0.002,0.002,1.73,2026-06-23T14:51:09,0.002,1.66
route_mutation,20260623T145109_542684,of:000000000000000a:1 -> of:000000000000000d:6,0.002,0.0025,0.002,0.002,1.7,2026-06-23T14:51:09,0.002,1.83
route_mutation,20260623T145109_542684,of:000000000000000b:3 -> of:000000000000000d:2,0.002,0.0025,0.002,0.002,2.19,2026-06-23T14:51:09,0.002,2.19
route_mutation,20260623T145109_542684,of:000000000000000c:3 -> of:000000000000000d:3,0.002,0.0025,0.002,0.002,2.16,2026-06-23T14:51:09,0.002,2.16
route_mutation,20260623T145109_542684,of:0000000000000005:2 -> of:0000000000000009:3,0.002,0.0025,0.002,0.002,2.1,2026-06-23T14:51:09,0.002,2.1
route_mutation,20260623T145109_542684,of:0000000000000001:1 -> of:000000000000000b:1,0.002,0.0025,0.002,0.002,1.63,2026-06-23T14:51:09,0.002,1.66
route_mutation,20260623T145109_542684,of:000000000000000b:2 -> of:000000000000000c:2,0.002,0.0025,0.002,0.002,2.03,2026-06-23T14:51:09,0.002,2.03
route_mutation,20260623T145109_542684,of:0000000000000001:2 -> of:000000000000000c:1,0.002,0.0025,0.002,0.002,1.6,2026-06-23T14:51:09,0.002,1.66
route_mutation,20260623T145109_542684,of:0000000000000006:2 -> of:000000000000000a:2,0.002,0.0025,0.002,0.002,2.06,2026-06-23T14:51:09,0.002,2.06
route_mutation,20260623T145109_542684,of:0000000000000001:3 -> of:000000000000000d:1,0.003,0.00375,0.003,0.003,3.13,2026-06-23T14:51:09,0.003,3.26
route_mutation,20260623T145109_542684,of:0000000000000003:1 -> of:000000000000000b:5,0.002,0.0025,0.002,0.002,1.73,2026-06-23T14:51:09,0.002,1.7
route_mutation,20260623T145109_542684,of:0000000000000006:1 -> of:000000000000000d:4,0.002,0.0025,0.002,0.002,1.83,2026-06-23T14:51:09,0.002,1.9
route_mutation,20260623T145109_542684,of:0000000000000007:2 -> of:000000000000000a:3,0.002,0.0025,0.002,0.002,2.06,2026-06-23T14:51:09,0.002,2.06
route_mutation,20260623T145109_542684,of:0000000000000007:1 -> of:000000000000000d:5,0.003,0.00375,0.003,0.003,3.13,2026-06-23T14:51:09,0.003,2.99
route_mutation,20260623T145109_542684,of:0000000000000002:2 -> of:0000000000000008:2,0.002,0.0025,0.002,0.002,2.1,2026-06-23T14:51:09,0.002,2.1
route_mutation,20260623T145109_542684,of:0000000000000003:2 -> of:0000000000000008:3,0.002,0.0025,0.002,0.002,2.1,2026-06-23T14:51:09,0.002,2.1
route_mutation,20260623T145109_542684,of:0000000000000008:1 -> of:000000000000000b:6,0.002,0.0025,0.002,0.002,1.7,2026-06-23T14:51:09,0.002,1.7
route_mutation,20260623T145109_542684,of:0000000000000004:2 -> of:0000000000000009:2,0.002,0.0025,0.002,0.002,2.1,2026-06-23T14:51:09,0.002,2.1
route_mutation,20260623T145109_542684,of:0000000000000002:1 -> of:000000000000000b:4,0.002,0.0025,0.002,0.002,1.73,2026-06-23T14:51:09,0.002,1.7
route_mutation,20260623T145109_542684,of:0000000000000009:1 -> of:000000000000000c:6,0.002,0.0025,0.002,0.002,1.7,2026-06-23T14:51:09,0.002,1.66
route_mutation,20260623T145139_843417,of:0000000000000004:1 -> of:000000000000000c:4,0.001,0.00125,0.001,0.001,1.36,2026-06-23T14:51:39,0.001,1.4
route_mutation,20260623T145139_843417,of:0000000000000005:1 -> of:000000000000000c:5,0.001,0.00125,0.001,0.001,1.36,2026-06-23T14:51:39,0.001,1.4
route_mutation,20260623T145139_843417,of:000000000000000a:1 -> of:000000000000000d:6,0.001,0.00125,0.001,0.001,1.36,2026-06-23T14:51:39,0.001,1.36
route_mutation,20260623T145139_843417,of:000000000000000b:3 -> of:000000000000000d:2,0.001,0.00125,0.001,0.001,1.46,2026-06-23T14:51:39,0.001,1.46
route_mutation,20260623T145139_843417,of:000000000000000c:3 -> of:000000000000000d:3,0.001,0.00125,0.001,0.001,1.5,2026-06-23T14:51:39,0.001,1.5
route_mutation,20260623T145139_843417,of:0000000000000005:2 -> of:0000000000000009:3,0.001,0.00125,0.001,0.001,1.46,2026-06-23T14:51:39,0.001,1.46
route_mutation,20260623T145139_843417,of:0000000000000001:1 -> of:000000000000000b:1,0.003,0.00375,0.003,0.003,3.13,2026-06-23T14:51:39,0.003,3.13
route_mutation,20260623T145139_843417,of:000000000000000b:2 -> of:000000000000000c:2,0.002,0.0025,0.002,0.002,1.56,2026-06-23T14:51:39,0.002,1.56
route_mutation,20260623T145139_843417,of:0000000000000001:2 -> of:000000000000000c:1,0.002,0.0025,0.002,0.002,1.46,2026-06-23T14:51:39,0.002,1.43
route_mutation,20260623T145139_843417,of:0000000000000006:2 -> of:000000000000000a:2,0.002,0.0025,0.002,0.001,1.46,2026-06-23T14:51:39,0.002,1.53
route_mutation,20260623T145139_843417,of:0000000000000001:3 -> of:000000000000000d:1,0.001,0.00125,0.001,0.001,1.36,2026-06-23T14:51:39,0.001,1.36
route_mutation,20260623T145139_843417,of:0000000000000003:1 -> of:000000000000000b:5,0.002,0.0025,0.002,0.002,2.03,2026-06-23T14:51:39,0.002,2.03
route_mutation,20260623T145139_843417,of:0000000000000006:1 -> of:000000000000000d:4,0.001,0.00125,0.001,0.001,1.3,2026-06-23T14:51:39,0.001,1.36
route_mutation,20260623T145139_843417,of:0000000000000007:2 -> of:000000000000000a:3,0.002,0.0025,0.002,0.002,1.53,2026-06-23T14:51:39,0.002,1.53
route_mutation,20260623T145139_843417,of:0000000000000007:1 -> of:000000000000000d:5,0.001,0.00125,0.001,0.001,1.36,2026-06-23T14:51:39,0.001,1.36
route_mutation,20260623T145139_843417,of:0000000000000002:2 -> of:0000000000000008:2,0.001,0.00125,0.001,0.001,1.46,2026-06-23T14:51:39,0.001,1.46
route_mutation,20260623T145139_843417,of:0000000000000003:2 -> of:0000000000000008:3,0.001,0.00125,0.001,0.001,1.46,2026-06-23T14:51:39,0.001,1.46
route_mutation,20260623T145139_843417,of:0000000000000008:1 -> of:000000000000000b:6,0.002,0.0025,0.002,0.002,1.43,2026-06-23T14:51:39,0.002,1.43
route_mutation,20260623T145139_843417,of:0000000000000004:2 -> of:0000000000000009:2,0.001,0.00125,0.001,0.001,1.46,2026-06-23T14:51:39,0.001,1.46
route_mutation,20260623T145139_843417,of:0000000000000002:1 -> of:000000000000000b:4,0.002,0.0025,0.002,0.002,2.4,2026-06-23T14:51:39,0.002,2.4
route_mutation,20260623T145139_843417,of:0000000000000009:1 -> of:000000000000000c:6,0.002,0.0025,0.002,0.002,1.43,2026-06-23T14:51:39,0.002,1.46
route_mutation,20260623T145210_160706,of:0000000000000004:1 -> of:000000000000000c:4,0.002,0.0025,0.002,0.002,2.5,2026-06-23T14:52:10,0.002,2.53
route_mutation,20260623T145210_160706,of:0000000000000005:1 -> of:000000000000000c:5,0.002,0.0025,0.002,0.002,2.5,2026-06-23T14:52:10,0.002,2.53
route_mutation,20260623T145210_160706,of:000000000000000a:1 -> of:000000000000000d:6,0.002,0.0025,0.002,0.002,1.73,2026-06-23T14:52:10,0.002,1.66
route_mutation,20260623T145210_160706,of:000000000000000b:3 -> of:000000000000000d:2,0.002,0.0025,0.002,0.002,2.13,2026-06-23T14:52:10,0.002,2.13
route_mutation,20260623T145210_160706,of:000000000000000c:3 -> of:000000000000000d:3,0.002,0.0025,0.002,0.002,2.13,2026-06-23T14:52:10,0.002,2.13
route_mutation,20260623T145210_160706,of:0000000000000005:2 -> of:0000000000000009:3,0.002,0.0025,0.002,0.002,2.16,2026-06-23T14:52:10,0.002,2.16
route_mutation,20260623T145210_160706,of:0000000000000001:1 -> of:000000000000000b:1,0.002,0.0025,0.002,0.002,2.1,2026-06-23T14:52:10,0.002,2.06
route_mutation,20260623T145210_160706,of:000000000000000b:2 -> of:000000000000000c:2,0.002,0.0025,0.002,0.002,2.13,2026-06-23T14:52:10,0.002,2.13
route_mutation,20260623T145210_160706,of:0000000000000001:2 -> of:000000000000000c:1,0.003,0.00375,0.003,0.003,3.33,2026-06-23T14:52:10,0.003,3.3
route_mutation,20260623T145210_160706,of:0000000000000006:2 -> of:000000000000000a:2,0.002,0.0025,0.002,0.002,2.2,2026-06-23T14:52:10,0.002,2.13
route_mutation,20260623T145210_160706,of:0000000000000001:3 -> of:000000000000000d:1,0.002,0.0025,0.002,0.002,2.43,2026-06-23T14:52:10,0.002,2.36
route_mutation,20260623T145210_160706,of:0000000000000003:1 -> of:000000000000000b:5,0.002,0.0025,0.002,0.002,2.06,2026-06-23T14:52:10,0.002,2.1
route_mutation,20260623T145210_160706,of:0000000000000006:1 -> of:000000000000000d:4,0.002,0.0025,0.002,0.002,2.4,2026-06-23T14:52:10,0.002,2.43
route_mutation,20260623T145210_160706,of:0000000000000007:2 -> of:000000000000000a:3,0.002,0.0025,0.002,0.002,2.13,2026-06-23T14:52:10,0.002,2.13
route_mutation,20260623T145210_160706,of:0000000000000007:1 -> of:000000000000000d:5,0.002,0.0025,0.002,0.002,1.73,2026-06-23T14:52:10,0.002,1.66
route_mutation,20260623T145210_160706,of:0000000000000002:2 -> of:0000000000000008:2,0.002,0.0025,0.002,0.002,2.16,2026-06-23T14:52:10,0.002,2.16
route_mutation,20260623T145210_160706,of:0000000000000003:2 -> of:0000000000000008:3,0.002,0.0025,0.002,0.002,2.16,2026-06-23T14:52:10,0.002,2.16
route_mutation,20260623T145210_160706,of:0000000000000008:1 -> of:000000000000000b:6,0.001,0.00125,0.001,0.001,1.66,2026-06-23T14:52:10,0.001,1.66
route_mutation,20260623T145210_160706,of:0000000000000004:2 -> of:0000000000000009:2,0.002,0.0025,0.002,0.002,2.16,2026-06-23T14:52:10,0.002,2.16
route_mutation,20260623T145210_160706,of:0000000000000002:1 -> of:000000000000000b:4,0.002,0.0025,0.002,0.002,1.7,2026-06-23T14:52:10,0.002,1.73
route_mutation,20260623T145210_160706,of:0000000000000009:1 -> of:000000000000000c:6,0.001,0.00125,0.001,0.001,1.66,2026-06-23T14:52:10,0.001,1.66
ip_shuffle,20260623T145240_332659,of:0000000000000004:1 -> of:000000000000000c:4,0.002,0.0025,0.002,0.002,2.0,2026-06-23T14:52:40,0.002,1.93
ip_shuffle,20260623T145240_332659,of:0000000000000005:1 -> of:000000000000000c:5,0.002,0.0025,0.002,0.002,2.0,2026-06-23T14:52:40,0.002,1.93
ip_shuffle,20260623T145240_332659,of:000000000000000a:1 -> of:000000000000000d:6,0.002,0.0025,0.002,0.002,1.96,2026-06-23T14:52:40,0.002,2.03
ip_shuffle,20260623T145240_332659,of:000000000000000b:3 -> of:000000000000000d:2,0.002,0.0025,0.002,0.002,2.66,2026-06-23T14:52:40,0.002,2.66
ip_shuffle,20260623T145240_332659,of:000000000000000c:3 -> of:000000000000000d:3,0.002,0.0025,0.002,0.002,2.63,2026-06-23T14:52:40,0.002,2.63
ip_shuffle,20260623T145240_332659,of:0000000000000005:2 -> of:0000000000000009:3,0.002,0.0025,0.002,0.002,2.63,2026-06-23T14:52:40,0.002,2.63
ip_shuffle,20260623T145240_332659,of:0000000000000001:1 -> of:000000000000000b:1,0.002,0.0025,0.002,0.002,1.96,2026-06-23T14:52:40,0.002,2.0
ip_shuffle,20260623T145240_332659,of:000000000000000b:2 -> of:000000000000000c:2,0.002,0.0025,0.002,0.002,2.56,2026-06-23T14:52:40,0.002,2.56
ip_shuffle,20260623T145240_332659,of:0000000000000001:2 -> of:000000000000000c:1,0.002,0.0025,0.002,0.002,1.93,2026-06-23T14:52:40,0.002,2.0
ip_shuffle,20260623T145240_332659,of:0000000000000006:2 -> of:000000000000000a:2,0.002,0.0025,0.002,0.002,2.6,2026-06-23T14:52:40,0.002,2.6
ip_shuffle,20260623T145240_332659,of:0000000000000001:3 -> of:000000000000000d:1,0.003,0.00375,0.003,0.003,4.03,2026-06-23T14:52:40,0.003,4.1
ip_shuffle,20260623T145240_332659,of:0000000000000003:1 -> of:000000000000000b:5,0.002,0.0025,0.002,0.002,2.0,2026-06-23T14:52:40,0.002,1.96
ip_shuffle,20260623T145240_332659,of:0000000000000006:1 -> of:000000000000000d:4,0.002,0.0025,0.002,0.002,2.66,2026-06-23T14:52:40,0.002,2.56
ip_shuffle,20260623T145240_332659,of:0000000000000007:2 -> of:000000000000000a:3,0.002,0.0025,0.002,0.002,2.6,2026-06-23T14:52:40,0.002,2.6
ip_shuffle,20260623T145240_332659,of:0000000000000007:1 -> of:000000000000000d:5,0.003,0.00375,0.003,0.003,3.36,2026-06-23T14:52:40,0.003,3.43
ip_shuffle,20260623T145240_332659,of:0000000000000002:2 -> of:0000000000000008:2,0.002,0.0025,0.002,0.002,2.63,2026-06-23T14:52:40,0.002,2.63
ip_shuffle,20260623T145240_332659,of:0000000000000003:2 -> of:0000000000000008:3,0.002,0.0025,0.002,0.002,2.63,2026-06-23T14:52:40,0.002,2.63
ip_shuffle,20260623T145240_332659,of:0000000000000008:1 -> of:000000000000000b:6,0.002,0.0025,0.002,0.002,1.96,2026-06-23T14:52:40,0.002,1.96
ip_shuffle,20260623T145240_332659,of:0000000000000004:2 -> of:0000000000000009:2,0.002,0.0025,0.002,0.002,2.63,2026-06-23T14:52:40,0.002,2.63
ip_shuffle,20260623T145240_332659,of:0000000000000002:1 -> of:000000000000000b:4,0.002,0.0025,0.002,0.002,2.0,2026-06-23T14:52:40,0.002,1.96
ip_shuffle,20260623T145240_332659,of:0000000000000009:1 -> of:000000000000000c:6,0.002,0.0025,0.002,0.002,1.96,2026-06-23T14:52:40,0.002,1.93
route_mutation,20260623T145344_456316,of:0000000000000004:1 -> of:000000000000000c:4,0.002,0.0025,0.002,0.002,2.36,2026-06-23T14:53:44,0.002,2.43
route_mutation,20260623T145344_456316,of:0000000000000005:1 -> of:000000000000000c:5,0.002,0.0025,0.002,0.002,2.36,2026-06-23T14:53:44,0.002,2.43
route_mutation,20260623T145344_456316,of:000000000000000a:1 -> of:000000000000000d:6,0.002,0.0025,0.002,0.002,1.66,2026-06-23T14:53:44,0.002,1.7
route_mutation,20260623T145344_456316,of:000000000000000b:3 -> of:000000000000000d:2,0.002,0.0025,0.002,0.002,2.0,2026-06-23T14:53:44,0.002,2.0
route_mutation,20260623T145344_456316,of:000000000000000c:3 -> of:000000000000000d:3,0.002,0.0025,0.002,0.002,2.06,2026-06-23T14:53:44,0.002,2.06
route_mutation,20260623T145344_456316,of:0000000000000005:2 -> of:0000000000000009:3,0.002,0.0025,0.002,0.002,1.76,2026-06-23T14:53:44,0.002,1.76
route_mutation,20260623T145344_456316,of:0000000000000001:1 -> of:000000000000000b:1,0.003,0.00375,0.003,0.003,2.86,2026-06-23T14:53:44,0.003,2.8
route_mutation,20260623T145344_456316,of:000000000000000b:2 -> of:000000000000000c:2,0.002,0.0025,0.002,0.002,1.86,2026-06-23T14:53:44,0.002,1.86
route_mutation,20260623T145344_456316,of:0000000000000001:2 -> of:000000000000000c:1,0.003,0.00375,0.003,0.003,3.23,2026-06-23T14:53:44,0.003,3.16
route_mutation,20260623T145344_456316,of:0000000000000006:2 -> of:000000000000000a:2,0.002,0.0025,0.002,0.002,1.73,2026-06-23T14:53:44,0.002,1.73
route_mutation,20260623T145344_456316,of:0000000000000001:3 -> of:000000000000000d:1,0.002,0.0025,0.002,0.002,1.93,2026-06-23T14:53:44,0.002,2.0
route_mutation,20260623T145344_456316,of:0000000000000003:1 -> of:000000000000000b:5,0.002,0.0025,0.002,0.002,2.53,2026-06-23T14:53:44,0.002,2.6
route_mutation,20260623T145344_456316,of:0000000000000006:1 -> of:000000000000000d:4,0.002,0.0025,0.002,0.002,1.96,2026-06-23T14:53:44,0.002,1.93
route_mutation,20260623T145344_456316,of:0000000000000007:2 -> of:000000000000000a:3,0.002,0.0025,0.002,0.002,1.73,2026-06-23T14:53:44,0.002,1.73
route_mutation,20260623T145344_456316,of:0000000000000007:1 -> of:000000000000000d:5,0.002,0.0025,0.002,0.002,1.66,2026-06-23T14:53:44,0.002,1.7
route_mutation,20260623T145344_456316,of:0000000000000002:2 -> of:0000000000000008:2,0.002,0.0025,0.002,0.002,1.76,2026-06-23T14:53:44,0.002,1.76
route_mutation,20260623T145344_456316,of:0000000000000003:2 -> of:0000000000000008:3,0.002,0.0025,0.002,0.002,1.76,2026-06-23T14:53:44,0.002,1.76
route_mutation,20260623T145344_456316,of:0000000000000008:1 -> of:000000000000000b:6,0.001,0.00125,0.001,0.001,1.46,2026-06-23T14:53:44,0.001,1.5
route_mutation,20260623T145344_456316,of:0000000000000004:2 -> of:0000000000000009:2,0.002,0.0025,0.002,0.002,1.76,2026-06-23T14:53:44,0.002,1.76
route_mutation,20260623T145344_456316,of:0000000000000002:1 -> of:000000000000000b:4,0.002,0.0025,0.002,0.002,1.76,2026-06-23T14:53:44,0.002,1.83
route_mutation,20260623T145344_456316,of:0000000000000009:1 -> of:000000000000000c:6,0.002,0.0025,0.002,0.002,1.53,2026-06-23T14:53:44,0.002,1.56
ip_shuffle,20260623T145414_849439,of:0000000000000004:1 -> of:000000000000000c:4,0.002,0.0025,0.002,0.002,2.13,2026-06-23T14:54:14,0.002,2.06
ip_shuffle,20260623T145414_849439,of:0000000000000005:1 -> of:000000000000000c:5,0.002,0.0025,0.002,0.002,2.13,2026-06-23T14:54:14,0.002,2.06
ip_shuffle,20260623T145414_849439,of:000000000000000a:1 -> of:000000000000000d:6,0.002,0.0025,0.002,0.002,2.1,2026-06-23T14:54:14,0.002,2.06
ip_shuffle,20260623T145414_849439,of:000000000000000b:3 -> of:000000000000000d:2,0.002,0.0025,0.002,0.002,2.86,2026-06-23T14:54:14,0.002,2.86
ip_shuffle,20260623T145414_849439,of:000000000000000c:3 -> of:000000000000000d:3,0.002,0.0025,0.002,0.002,2.8,2026-06-23T14:54:14,0.002,2.8
ip_shuffle,20260623T145414_849439,of:0000000000000005:2 -> of:0000000000000009:3,0.002,0.0025,0.002,0.002,3.03,2026-06-23T14:54:14,0.002,3.03
ip_shuffle,20260623T145414_849439,of:0000000000000001:1 -> of:000000000000000b:1,0.002,0.0025,0.002,0.002,2.13,2026-06-23T14:54:14,0.002,2.2
ip_shuffle,20260623T145414_849439,of:000000000000000b:2 -> of:000000000000000c:2,0.002,0.0025,0.002,0.002,2.86,2026-06-23T14:54:14,0.002,2.86
ip_shuffle,20260623T145414_849439,of:0000000000000001:2 -> of:000000000000000c:1,0.002,0.0025,0.002,0.002,2.06,2026-06-23T14:54:14,0.002,2.13
ip_shuffle,20260623T145414_849439,of:0000000000000006:2 -> of:000000000000000a:2,0.002,0.0025,0.002,0.002,3.0,2026-06-23T14:54:14,0.002,3.0
ip_shuffle,20260623T145414_849439,of:0000000000000001:3 -> of:000000000000000d:1,0.003,0.00375,0.003,0.003,4.43,2026-06-23T14:54:14,0.003,4.43
ip_shuffle,20260623T145414_849439,of:0000000000000003:1 -> of:000000000000000b:5,0.002,0.0025,0.002,0.002,2.2,2026-06-23T14:54:14,0.002,2.13
ip_shuffle,20260623T145414_849439,of:0000000000000006:1 -> of:000000000000000d:4,0.002,0.0025,0.002,0.002,3.1,2026-06-23T14:54:14,0.002,3.13
ip_shuffle,20260623T145414_849439,of:0000000000000007:2 -> of:000000000000000a:3,0.002,0.0025,0.002,0.002,3.0,2026-06-23T14:54:14,0.002,3.0
ip_shuffle,20260623T145414_849439,of:0000000000000007:1 -> of:000000000000000d:5,0.003,0.00375,0.003,0.003,3.43,2026-06-23T14:54:14,0.003,3.39
ip_shuffle,20260623T145414_849439,of:0000000000000002:2 -> of:0000000000000008:2,0.002,0.0025,0.002,0.002,3.03,2026-06-23T14:54:14,0.002,3.03
ip_shuffle,20260623T145414_849439,of:0000000000000003:2 -> of:0000000000000008:3,0.002,0.0025,0.002,0.002,3.03,2026-06-23T14:54:14,0.002,3.03
ip_shuffle,20260623T145414_849439,of:0000000000000008:1 -> of:000000000000000b:6,0.002,0.0025,0.002,0.002,2.16,2026-06-23T14:54:14,0.002,2.13
ip_shuffle,20260623T145414_849439,of:0000000000000004:2 -> of:0000000000000009:2,0.002,0.0025,0.002,0.002,3.03,2026-06-23T14:54:14,0.002,3.03
ip_shuffle,20260623T145414_849439,of:0000000000000002:1 -> of:000000000000000b:4,0.002,0.0025,0.002,0.002,2.2,2026-06-23T14:54:14,0.002,2.13
ip_shuffle,20260623T145414_849439,of:0000000000000009:1 -> of:000000000000000c:6,0.002,0.0025,0.002,0.002,2.1,2026-06-23T14:54:14,0.002,2.06
ip_shuffle,20260623T145525_634172,of:0000000000000004:1 -> of:000000000000000c:4,0.002,0.0025,0.002,0.002,2.33,2026-06-23T14:55:25,0.002,2.26
ip_shuffle,20260623T145525_634172,of:0000000000000005:1 -> of:000000000000000c:5,0.002,0.0025,0.002,0.002,1.96,2026-06-23T14:55:25,0.002,1.93
ip_shuffle,20260623T145525_634172,of:000000000000000a:1 -> of:000000000000000d:6,0.001,0.00125,0.001,0.001,1.43,2026-06-23T14:55:25,0.001,1.4
ip_shuffle,20260623T145525_634172,of:000000000000000b:3 -> of:000000000000000d:2,0.002,0.0025,0.002,0.002,1.53,2026-06-23T14:55:25,0.002,1.53
ip_shuffle,20260623T145525_634172,of:000000000000000c:3 -> of:000000000000000d:3,0.002,0.0025,0.002,0.002,1.6,2026-06-23T14:55:25,0.002,1.6
ip_shuffle,20260623T145525_634172,of:0000000000000005:2 -> of:0000000000000009:3,0.002,0.0025,0.002,0.002,1.63,2026-06-23T14:55:25,0.002,1.63
ip_shuffle,20260623T145525_634172,of:0000000000000001:1 -> of:000000000000000b:1,0.003,0.00375,0.003,0.003,3.46,2026-06-23T14:55:25,0.003,3.43
ip_shuffle,20260623T145525_634172,of:000000000000000b:2 -> of:000000000000000c:2,0.002,0.0025,0.002,0.002,1.53,2026-06-23T14:55:25,0.002,1.53
ip_shuffle,20260623T145525_634172,of:0000000000000001:2 -> of:000000000000000c:1,0.003,0.00375,0.003,0.003,2.73,2026-06-23T14:55:25,0.003,2.76
ip_shuffle,20260623T145525_634172,of:0000000000000006:2 -> of:000000000000000a:2,0.002,0.0025,0.002,0.002,1.6,2026-06-23T14:55:25,0.001,1.53
ip_shuffle,20260623T145525_634172,of:0000000000000001:3 -> of:000000000000000d:1,0.002,0.0025,0.002,0.002,1.66,2026-06-23T14:55:25,0.002,1.76
ip_shuffle,20260623T145525_634172,of:0000000000000003:1 -> of:000000000000000b:5,0.002,0.0025,0.002,0.002,2.49,2026-06-23T14:55:25,0.002,2.43
ip_shuffle,20260623T145525_634172,of:0000000000000006:1 -> of:000000000000000d:4,0.001,0.00125,0.001,0.001,1.43,2026-06-23T14:55:25,0.001,1.4
ip_shuffle,20260623T145525_634172,of:0000000000000007:2 -> of:000000000000000a:3,0.001,0.00125,0.001,0.001,1.53,2026-06-23T14:55:25,0.001,1.53
ip_shuffle,20260623T145525_634172,of:0000000000000007:1 -> of:000000000000000d:5,0.002,0.0025,0.002,0.002,1.6,2026-06-23T14:55:25,0.002,1.56
ip_shuffle,20260623T145525_634172,of:0000000000000002:2 -> of:0000000000000008:2,0.002,0.0025,0.002,0.002,1.63,2026-06-23T14:55:25,0.002,1.63
ip_shuffle,20260623T145525_634172,of:0000000000000003:2 -> of:0000000000000008:3,0.002,0.0025,0.002,0.002,1.63,2026-06-23T14:55:25,0.002,1.63
ip_shuffle,20260623T145525_634172,of:0000000000000008:1 -> of:000000000000000b:6,0.001,0.00125,0.001,0.001,1.36,2026-06-23T14:55:25,0.001,1.33
ip_shuffle,20260623T145525_634172,of:0000000000000004:2 -> of:0000000000000009:2,0.002,0.0025,0.002,0.002,1.63,2026-06-23T14:55:25,0.002,1.63
ip_shuffle,20260623T145525_634172,of:0000000000000002:1 -> of:000000000000000b:4,0.002,0.0025,0.002,0.002,2.4,2026-06-23T14:55:25,0.002,2.43
ip_shuffle,20260623T145525_634172,of:0000000000000009:1 -> of:000000000000000c:6,0.001,0.00125,0.001,0.001,1.43,2026-06-23T14:55:25,0.001,1.4
route_mutation,20260623T145636_258214,of:0000000000000004:1 -> of:000000000000000c:4,0.002,0.0025,0.002,0.002,1.67,2026-06-23T14:56:36,0.002,1.67
route_mutation,20260623T145636_258214,of:0000000000000005:1 -> of:000000000000000c:5,0.002,0.0025,0.002,0.002,1.53,2026-06-23T14:56:36,0.002,1.53
route_mutation,20260623T145636_258214,of:000000000000000a:1 -> of:000000000000000d:6,0.001,0.00125,0.001,0.001,1.47,2026-06-23T14:56:36,0.001,1.47
route_mutation,20260623T145636_258214,of:000000000000000b:3 -> of:000000000000000d:2,0.002,0.0025,0.002,0.002,1.73,2026-06-23T14:56:36,0.002,1.73
route_mutation,20260623T145636_258214,of:000000000000000c:3 -> of:000000000000000d:3,0.002,0.0025,0.002,0.002,1.73,2026-06-23T14:56:36,0.002,1.73
route_mutation,20260623T145636_258214,of:0000000000000005:2 -> of:0000000000000009:3,0.002,0.0025,0.002,0.002,1.67,2026-06-23T14:56:36,0.002,1.67
route_mutation,20260623T145636_258214,of:0000000000000001:1 -> of:000000000000000b:1,0.003,0.00375,0.003,0.003,3.46,2026-06-23T14:56:36,0.003,3.53
route_mutation,20260623T145636_258214,of:000000000000000b:2 -> of:000000000000000c:2,0.002,0.0025,0.002,0.002,1.73,2026-06-23T14:56:36,0.002,1.73
route_mutation,20260623T145636_258214,of:0000000000000001:2 -> of:000000000000000c:1,0.002,0.0025,0.002,0.002,1.63,2026-06-23T14:56:36,0.002,1.63
route_mutation,20260623T145636_258214,of:0000000000000006:2 -> of:000000000000000a:2,0.002,0.0025,0.002,0.002,1.67,2026-06-23T14:56:36,0.001,1.6
route_mutation,20260623T145636_258214,of:0000000000000001:3 -> of:000000000000000d:1,0.002,0.0025,0.002,0.002,1.53,2026-06-23T14:56:36,0.002,1.53
route_mutation,20260623T145636_258214,of:0000000000000003:1 -> of:000000000000000b:5,0.002,0.0025,0.002,0.002,2.5,2026-06-23T14:56:36,0.002,2.43
route_mutation,20260623T145636_258214,of:0000000000000006:1 -> of:000000000000000d:4,0.001,0.00125,0.001,0.001,1.47,2026-06-23T14:56:36,0.001,1.47
route_mutation,20260623T145636_258214,of:0000000000000007:2 -> of:000000000000000a:3,0.001,0.00125,0.001,0.001,1.6,2026-06-23T14:56:36,0.001,1.6
route_mutation,20260623T145636_258214,of:0000000000000007:1 -> of:000000000000000d:5,0.001,0.00125,0.001,0.001,1.47,2026-06-23T14:56:36,0.001,1.47
route_mutation,20260623T145636_258214,of:0000000000000002:2 -> of:0000000000000008:2,0.002,0.0025,0.002,0.002,1.67,2026-06-23T14:56:36,0.002,1.67
route_mutation,20260623T145636_258214,of:0000000000000003:2 -> of:0000000000000008:3,0.002,0.0025,0.002,0.002,1.67,2026-06-23T14:56:36,0.002,1.67
route_mutation,20260623T145636_258214,of:0000000000000008:1 -> of:000000000000000b:6,0.001,0.00125,0.001,0.001,1.47,2026-06-23T14:56:36,0.001,1.47
route_mutation,20260623T145636_258214,of:0000000000000004:2 -> of:0000000000000009:2,0.002,0.0025,0.002,0.002,1.67,2026-06-23T14:56:36,0.002,1.67
route_mutation,20260623T145636_258214,of:0000000000000002:1 -> of:000000000000000b:4,0.002,0.0025,0.002,0.002,2.56,2026-06-23T14:56:36,0.002,2.56
route_mutation,20260623T145636_258214,of:0000000000000009:1 -> of:000000000000000c:6,0.001,0.00125,0.001,0.001,1.47,2026-06-23T14:56:36,0.001,1.47
route_mutation,20260623T145706_569425,of:0000000000000004:1 -> of:000000000000000c:4,0.002,0.0025,0.002,0.002,2.43,2026-06-23T14:57:06,0.002,2.5
route_mutation,20260623T145706_569425,of:0000000000000005:1 -> of:000000000000000c:5,0.002,0.0025,0.002,0.002,2.56,2026-06-23T14:57:06,0.002,2.63
route_mutation,20260623T145706_569425,of:000000000000000a:1 -> of:000000000000000d:6,0.002,0.0025,0.002,0.002,1.8,2026-06-23T14:57:06,0.002,1.83
route_mutation,20260623T145706_569425,of:000000000000000b:3 -> of:000000000000000d:2,0.002,0.0025,0.002,0.002,2.3,2026-06-23T14:57:06,0.002,2.3
route_mutation,20260623T145706_569425,of:000000000000000c:3 -> of:000000000000000d:3,0.002,0.0025,0.002,0.002,2.33,2026-06-23T14:57:06,0.002,2.33
route_mutation,20260623T145706_569425,of:0000000000000005:2 -> of:0000000000000009:3,0.002,0.0025,0.002,0.002,2.36,2026-06-23T14:57:06,0.002,2.36
route_mutation,20260623T145706_569425,of:0000000000000001:1 -> of:000000000000000b:1,0.002,0.0025,0.002,0.002,1.93,2026-06-23T14:57:06,0.002,1.83
route_mutation,20260623T145706_569425,of:000000000000000b:2 -> of:000000000000000c:2,0.002,0.0025,0.002,0.002,2.3,2026-06-23T14:57:06,0.002,2.3
route_mutation,20260623T145706_569425,of:0000000000000001:2 -> of:000000000000000c:1,0.003,0.00375,0.003,0.003,3.33,2026-06-23T14:57:06,0.003,3.26
route_mutation,20260623T145706_569425,of:0000000000000006:2 -> of:000000000000000a:2,0.002,0.0025,0.002,0.002,2.33,2026-06-23T14:57:06,0.002,2.4
route_mutation,20260623T145706_569425,of:0000000000000001:3 -> of:000000000000000d:1,0.003,0.00375,0.003,0.003,2.96,2026-06-23T14:57:06,0.003,3.06
route_mutation,20260623T145706_569425,of:0000000000000003:1 -> of:000000000000000b:5,0.002,0.0025,0.002,0.002,1.83,2026-06-23T14:57:06,0.002,1.93
route_mutation,20260623T145706_569425,of:0000000000000006:1 -> of:000000000000000d:4,0.003,0.00375,0.003,0.003,3.0,2026-06-23T14:57:06,0.003,3.03
route_mutation,20260623T145706_569425,of:0000000000000007:2 -> of:000000000000000a:3,0.002,0.0025,0.002,0.002,2.4,2026-06-23T14:57:06,0.002,2.4
route_mutation,20260623T145706_569425,of:0000000000000007:1 -> of:000000000000000d:5,0.002,0.0025,0.002,0.002,1.9,2026-06-23T14:57:06,0.002,1.86
route_mutation,20260623T145706_569425,of:0000000000000002:2 -> of:0000000000000008:2,0.002,0.0025,0.002,0.002,2.36,2026-06-23T14:57:06,0.002,2.36
route_mutation,20260623T145706_569425,of:0000000000000003:2 -> of:0000000000000008:3,0.002,0.0025,0.002,0.002,2.36,2026-06-23T14:57:06,0.002,2.36
route_mutation,20260623T145706_569425,of:0000000000000008:1 -> of:000000000000000b:6,0.002,0.0025,0.002,0.002,1.8,2026-06-23T14:57:06,0.002,1.8
route_mutation,20260623T145706_569425,of:0000000000000004:2 -> of:0000000000000009:2,0.002,0.0025,0.002,0.002,2.36,2026-06-23T14:57:06,0.002,2.36
route_mutation,20260623T145706_569425,of:0000000000000002:1 -> of:000000000000000b:4,0.002,0.0025,0.002,0.002,1.76,2026-06-23T14:57:06,0.002,1.8
route_mutation,20260623T145706_569425,of:0000000000000009:1 -> of:000000000000000c:6,0.002,0.0025,0.002,0.002,1.8,2026-06-23T14:57:06,0.002,1.83
route_mutation,20260623T145736_934589,of:0000000000000004:1 -> of:000000000000000c:4,0.002,0.0025,0.002,0.002,1.86,2026-06-23T14:57:36,0.002,1.8
route_mutation,20260623T145736_934589,of:0000000000000005:1 -> of:000000000000000c:5,0.002,0.0025,0.002,0.002,1.86,2026-06-23T14:57:36,0.002,1.8
route_mutation,20260623T145736_934589,of:000000000000000a:1 -> of:000000000000000d:6,0.002,0.0025,0.002,0.002,1.9,2026-06-23T14:57:36,0.002,1.86
route_mutation,20260623T145736_934589,of:000000000000000b:3 -> of:000000000000000d:2,0.002,0.0025,0.002,0.002,2.43,2026-06-23T14:57:36,0.002,2.43
route_mutation,20260623T145736_934589,of:000000000000000c:3 -> of:000000000000000d:3,0.002,0.0025,0.002,0.002,2.4,2026-06-23T14:57:36,0.002,2.4
route_mutation,20260623T145736_934589,of:0000000000000005:2 -> of:0000000000000009:3,0.002,0.0025,0.002,0.002,2.43,2026-06-23T14:57:36,0.002,2.43
route_mutation,20260623T145736_934589,of:0000000000000001:1 -> of:000000000000000b:1,0.002,0.0025,0.002,0.002,1.86,2026-06-23T14:57:36,0.002,1.9
route_mutation,20260623T145736_934589,of:000000000000000b:2 -> of:000000000000000c:2,0.002,0.0025,0.002,0.002,2.43,2026-06-23T14:57:36,0.002,2.43
route_mutation,20260623T145736_934589,of:0000000000000001:2 -> of:000000000000000c:1,0.002,0.0025,0.002,0.002,1.8,2026-06-23T14:57:36,0.002,1.86
route_mutation,20260623T145736_934589,of:0000000000000006:2 -> of:000000000000000a:2,0.002,0.0025,0.002,0.002,2.46,2026-06-23T14:57:36,0.002,2.46
route_mutation,20260623T145736_934589,of:0000000000000001:3 -> of:000000000000000d:1,0.003,0.00375,0.003,0.003,3.36,2026-06-23T14:57:36,0.003,3.26
route_mutation,20260623T145736_934589,of:0000000000000003:1 -> of:000000000000000b:5,0.002,0.0025,0.002,0.002,1.86,2026-06-23T14:57:36,0.002,1.83
route_mutation,20260623T145736_934589,of:0000000000000006:1 -> of:000000000000000d:4,0.002,0.0025,0.002,0.002,2.0,2026-06-23T14:57:36,0.002,1.96
route_mutation,20260623T145736_934589,of:0000000000000007:2 -> of:000000000000000a:3,0.002,0.0025,0.002,0.002,2.46,2026-06-23T14:57:36,0.002,2.46
route_mutation,20260623T145736_934589,of:0000000000000007:1 -> of:000000000000000d:5,0.003,0.00375,0.003,0.003,3.2,2026-06-23T14:57:36,0.003,3.23
route_mutation,20260623T145736_934589,of:0000000000000002:2 -> of:0000000000000008:2,0.002,0.0025,0.002,0.002,2.46,2026-06-23T14:57:36,0.002,2.46
route_mutation,20260623T145736_934589,of:0000000000000003:2 -> of:0000000000000008:3,0.002,0.0025,0.002,0.002,2.43,2026-06-23T14:57:36,0.002,2.43
route_mutation,20260623T145736_934589,of:0000000000000008:1 -> of:000000000000000b:6,0.002,0.0025,0.002,0.002,1.93,2026-06-23T14:57:36,0.002,1.93
route_mutation,20260623T145736_934589,of:0000000000000004:2 -> of:0000000000000009:2,0.002,0.0025,0.002,0.002,2.43,2026-06-23T14:57:36,0.002,2.43
route_mutation,20260623T145736_934589,of:0000000000000002:1 -> of:000000000000000b:4,0.002,0.0025,0.002,0.002,1.9,2026-06-23T14:57:36,0.002,1.86
route_mutation,20260623T145736_934589,of:0000000000000009:1 -> of:000000000000000c:6,0.002,0.0025,0.002,0.002,1.9,2026-06-23T14:57:36,0.002,1.86
route_mutation,20260623T145807_231635,of:0000000000000004:1 -> of:000000000000000c:4,0.002,0.0025,0.002,0.002,1.43,2026-06-23T14:58:07,0.002,1.43
route_mutation,20260623T145807_231635,of:0000000000000005:1 -> of:000000000000000c:5,0.002,0.0025,0.002,0.002,1.43,2026-06-23T14:58:07,0.002,1.43
route_mutation,20260623T145807_231635,of:000000000000000a:1 -> of:000000000000000d:6,0.001,0.00125,0.001,0.001,1.36,2026-06-23T14:58:07,0.001,1.36
route_mutation,20260623T145807_231635,of:000000000000000b:3 -> of:000000000000000d:2,0.002,0.0025,0.002,0.002,1.53,2026-06-23T14:58:07,0.002,1.53
route_mutation,20260623T145807_231635,of:000000000000000c:3 -> of:000000000000000d:3,0.002,0.0025,0.002,0.002,1.53,2026-06-23T14:58:07,0.002,1.53
route_mutation,20260623T145807_231635,of:0000000000000005:2 -> of:0000000000000009:3,0.001,0.00125,0.001,0.001,1.46,2026-06-23T14:58:07,0.001,1.46
route_mutation,20260623T145807_231635,of:0000000000000001:1 -> of:000000000000000b:1,0.002,0.0025,0.002,0.002,2.53,2026-06-23T14:58:07,0.002,2.53
route_mutation,20260623T145807_231635,of:000000000000000b:2 -> of:000000000000000c:2,0.002,0.0025,0.002,0.002,1.53,2026-06-23T14:58:07,0.002,1.53
route_mutation,20260623T145807_231635,of:0000000000000001:2 -> of:000000000000000c:1,0.002,0.0025,0.002,0.002,1.43,2026-06-23T14:58:07,0.002,1.43
route_mutation,20260623T145807_231635,of:0000000000000006:2 -> of:000000000000000a:2,0.001,0.00125,0.001,0.001,1.46,2026-06-23T14:58:07,0.001,1.4
route_mutation,20260623T145807_231635,of:0000000000000001:3 -> of:000000000000000d:1,0.002,0.0025,0.002,0.002,1.43,2026-06-23T14:58:07,0.002,1.43
route_mutation,20260623T145807_231635,of:0000000000000003:1 -> of:000000000000000b:5,0.002,0.0025,0.002,0.002,1.56,2026-06-23T14:58:07,0.002,1.56
route_mutation,20260623T145807_231635,of:0000000000000006:1 -> of:000000000000000d:4,0.001,0.00125,0.001,0.001,1.36,2026-06-23T14:58:07,0.001,1.36
route_mutation,20260623T145807_231635,of:0000000000000007:2 -> of:000000000000000a:3,0.001,0.00125,0.001,0.001,1.4,2026-06-23T14:58:07,0.001,1.4
route_mutation,20260623T145807_231635,of:0000000000000007:1 -> of:000000000000000d:5,0.001,0.00125,0.001,0.001,1.36,2026-06-23T14:58:07,0.001,1.36
route_mutation,20260623T145807_231635,of:0000000000000002:2 -> of:0000000000000008:2,0.001,0.00125,0.001,0.001,1.46,2026-06-23T14:58:07,0.001,1.46
route_mutation,20260623T145807_231635,of:0000000000000003:2 -> of:0000000000000008:3,0.001,0.00125,0.001,0.001,1.46,2026-06-23T14:58:07,0.001,1.46
route_mutation,20260623T145807_231635,of:0000000000000008:1 -> of:000000000000000b:6,0.001,0.00125,0.001,0.001,1.36,2026-06-23T14:58:07,0.001,1.36
route_mutation,20260623T145807_231635,of:0000000000000004:2 -> of:0000000000000009:2,0.001,0.00125,0.001,0.001,1.46,2026-06-23T14:58:07,0.001,1.46
route_mutation,20260623T145807_231635,of:0000000000000002:1 -> of:000000000000000b:4,0.002,0.0025,0.002,0.002,2.46,2026-06-23T14:58:07,0.002,2.46
route_mutation,20260623T145807_231635,of:0000000000000009:1 -> of:000000000000000c:6,0.001,0.00125,0.001,0.001,1.36,2026-06-23T14:58:07,0.001,1.36
ip_shuffle,20260623T145837_561752,of:0000000000000004:1 -> of:000000000000000c:4,0.002,0.0025,0.002,0.002,2.4,2026-06-23T14:58:37,0.002,2.43
ip_shuffle,20260623T145837_561752,of:0000000000000005:1 -> of:000000000000000c:5,0.002,0.0025,0.002,0.002,2.4,2026-06-23T14:58:37,0.002,2.43
ip_shuffle,20260623T145837_561752,of:000000000000000a:1 -> of:000000000000000d:6,0.002,0.0025,0.002,0.002,1.63,2026-06-23T14:58:37,0.002,1.66
ip_shuffle,20260623T145837_561752,of:000000000000000b:3 -> of:000000000000000d:2,0.002,0.0025,0.002,0.002,1.96,2026-06-23T14:58:37,0.002,1.96
ip_shuffle,20260623T145837_561752,of:000000000000000c:3 -> of:000000000000000d:3,0.002,0.0025,0.002,0.002,1.96,2026-06-23T14:58:37,0.002,1.96
ip_shuffle,20260623T145837_561752,of:0000000000000005:2 -> of:0000000000000009:3,0.002,0.0025,0.002,0.002,2.03,2026-06-23T14:58:37,0.002,2.03
ip_shuffle,20260623T145837_561752,of:0000000000000001:1 -> of:000000000000000b:1,0.002,0.0025,0.002,0.002,2.6,2026-06-23T14:58:37,0.002,2.53
ip_shuffle,20260623T145837_561752,of:000000000000000b:2 -> of:000000000000000c:2,0.002,0.0025,0.002,0.002,1.93,2026-06-23T14:58:37,0.002,1.93
ip_shuffle,20260623T145837_561752,of:0000000000000001:2 -> of:000000000000000c:1,0.003,0.00375,0.003,0.003,3.23,2026-06-23T14:58:37,0.003,3.16
ip_shuffle,20260623T145837_561752,of:0000000000000006:2 -> of:000000000000000a:2,0.002,0.0025,0.002,0.002,1.96,2026-06-23T14:58:37,0.002,2.03
ip_shuffle,20260623T145837_561752,of:0000000000000001:3 -> of:000000000000000d:1,0.002,0.0025,0.002,0.002,1.93,2026-06-23T14:58:37,0.002,2.06
ip_shuffle,20260623T145837_561752,of:0000000000000003:1 -> of:000000000000000b:5,0.002,0.0025,0.002,0.002,2.5,2026-06-23T14:58:37,0.002,2.53
ip_shuffle,20260623T145837_561752,of:0000000000000006:1 -> of:000000000000000d:4,0.002,0.0025,0.002,0.002,2.2,2026-06-23T14:58:37,0.002,2.06
ip_shuffle,20260623T145837_561752,of:0000000000000007:2 -> of:000000000000000a:3,0.002,0.0025,0.002,0.002,2.03,2026-06-23T14:58:37,0.002,2.03
ip_shuffle,20260623T145837_561752,of:0000000000000007:1 -> of:000000000000000d:5,0.002,0.0025,0.002,0.002,1.6,2026-06-23T14:58:37,0.002,1.66
ip_shuffle,20260623T145837_561752,of:0000000000000002:2 -> of:0000000000000008:2,0.002,0.0025,0.002,0.002,2.03,2026-06-23T14:58:37,0.002,2.03
ip_shuffle,20260623T145837_561752,of:0000000000000003:2 -> of:0000000000000008:3,0.002,0.0025,0.002,0.002,2.03,2026-06-23T14:58:37,0.002,2.03
ip_shuffle,20260623T145837_561752,of:0000000000000008:1 -> of:000000000000000b:6,0.002,0.0025,0.002,0.002,1.63,2026-06-23T14:58:37,0.002,1.63
ip_shuffle,20260623T145837_561752,of:0000000000000004:2 -> of:0000000000000009:2,0.002,0.0025,0.002,0.002,2.03,2026-06-23T14:58:37,0.002,2.03
ip_shuffle,20260623T145837_561752,of:0000000000000002:1 -> of:000000000000000b:4,0.002,0.0025,0.002,0.002,1.6,2026-06-23T14:58:37,0.002,1.63
ip_shuffle,20260623T145837_561752,of:0000000000000009:1 -> of:000000000000000c:6,0.002,0.0025,0.002,0.002,1.63,2026-06-23T14:58:37,0.002,1.63
ip_shuffle,20260623T145935_186342,of:0000000000000004:1 -> of:000000000000000c:4,0.001,0.00125,0.001,0.001,1.46,2026-06-23T14:59:35,0.001,1.43
ip_shuffle,20260623T145935_186342,of:0000000000000005:1 -> of:000000000000000c:5,0.001,0.00125,0.001,0.001,1.46,2026-06-23T14:59:35,0.001,1.43
ip_shuffle,20260623T145935_186342,of:000000000000000a:1 -> of:000000000000000d:6,0.002,0.0025,0.002,0.002,1.5,2026-06-23T14:59:35,0.002,1.5
ip_shuffle,20260623T145935_186342,of:000000000000000b:3 -> of:000000000000000d:2,0.002,0.0025,0.002,0.002,1.66,2026-06-23T14:59:35,0.002,1.66
ip_shuffle,20260623T145935_186342,of:000000000000000c:3 -> of:000000000000000d:3,0.002,0.0025,0.002,0.002,1.66,2026-06-23T14:59:35,0.002,1.66
ip_shuffle,20260623T145935_186342,of:0000000000000005:2 -> of:0000000000000009:3,0.001,0.00125,0.001,0.001,1.56,2026-06-23T14:59:35,0.001,1.56
ip_shuffle,20260623T145935_186342,of:0000000000000001:1 -> of:000000000000000b:1,0.002,0.0025,0.002,0.002,1.5,2026-06-23T14:59:35,0.002,1.56
ip_shuffle,20260623T145935_186342,of:000000000000000b:2 -> of:000000000000000c:2,0.002,0.0025,0.002,0.002,1.66,2026-06-23T14:59:35,0.002,1.66
ip_shuffle,20260623T145935_186342,of:0000000000000001:2 -> of:000000000000000c:1,0.002,0.0025,0.002,0.002,1.5,2026-06-23T14:59:35,0.002,1.56
ip_shuffle,20260623T145935_186342,of:0000000000000006:2 -> of:000000000000000a:2,0.002,0.0025,0.002,0.002,1.63,2026-06-23T14:59:35,0.002,1.63
ip_shuffle,20260623T145935_186342,of:0000000000000001:3 -> of:000000000000000d:1,0.002,0.0025,0.002,0.002,2.13,2026-06-23T14:59:35,0.002,2.06
ip_shuffle,20260623T145935_186342,of:0000000000000003:1 -> of:000000000000000b:5,0.002,0.0025,0.002,0.002,1.56,2026-06-23T14:59:35,0.002,1.5
ip_shuffle,20260623T145935_186342,of:0000000000000006:1 -> of:000000000000000d:4,0.001,0.00125,0.001,0.001,1.46,2026-06-23T14:59:35,0.001,1.43
ip_shuffle,20260623T145935_186342,of:0000000000000007:2 -> of:000000000000000a:3,0.002,0.0025,0.002,0.002,1.63,2026-06-23T14:59:35,0.002,1.63
ip_shuffle,20260623T145935_186342,of:0000000000000007:1 -> of:000000000000000d:5,0.002,0.0025,0.002,0.002,2.0,2026-06-23T14:59:35,0.002,2.03
ip_shuffle,20260623T145935_186342,of:0000000000000002:2 -> of:0000000000000008:2,0.002,0.0025,0.002,0.002,1.7,2026-06-23T14:59:35,0.002,1.7
ip_shuffle,20260623T145935_186342,of:0000000000000003:2 -> of:0000000000000008:3,0.002,0.0025,0.002,0.002,1.7,2026-06-23T14:59:35,0.002,1.7
ip_shuffle,20260623T145935_186342,of:0000000000000008:1 -> of:000000000000000b:6,0.001,0.00125,0.001,0.001,1.46,2026-06-23T14:59:35,0.001,1.43
ip_shuffle,20260623T145935_186342,of:0000000000000004:2 -> of:0000000000000009:2,0.001,0.00125,0.001,0.001,1.56,2026-06-23T14:59:35,0.001,1.56
ip_shuffle,20260623T145935_186342,of:0000000000000002:1 -> of:000000000000000b:4,0.002,0.0025,0.002,0.002,1.56,2026-06-23T14:59:35,0.002,1.5
ip_shuffle,20260623T145935_186342,of:0000000000000009:1 -> of:000000000000000c:6,0.001,0.00125,0.001,0.001,1.43,2026-06-23T14:59:35,0.001,1.43
route_mutation,20260623T150039_418483,of:0000000000000004:1 -> of:000000000000000c:4,0.002,0.0025,0.002,0.002,2.26,2026-06-23T15:00:39,0.002,2.3
route_mutation,20260623T150039_418483,of:0000000000000005:1 -> of:000000000000000c:5,0.002,0.0025,0.002,0.002,2.66,2026-06-23T15:00:39,0.002,2.7
route_mutation,20260623T150039_418483,of:000000000000000a:1 -> of:000000000000000d:6,0.002,0.0025,0.002,0.002,1.9,2026-06-23T15:00:39,0.002,1.93
route_mutation,20260623T150039_418483,of:000000000000000b:3 -> of:000000000000000d:2,0.002,0.0025,0.002,0.002,2.5,2026-06-23T15:00:39,0.002,2.5
route_mutation,20260623T150039_418483,of:000000000000000c:3 -> of:000000000000000d:3,0.002,0.0025,0.002,0.002,2.5,2026-06-23T15:00:39,0.002,2.5
route_mutation,20260623T150039_418483,of:0000000000000005:2 -> of:0000000000000009:3,0.002,0.0025,0.002,0.002,2.43,2026-06-23T15:00:39,0.002,2.43
route_mutation,20260623T150039_418483,of:0000000000000001:1 -> of:000000000000000b:1,0.002,0.0025,0.002,0.002,1.86,2026-06-23T15:00:39,0.002,1.8
route_mutation,20260623T150039_418483,of:000000000000000b:2 -> of:000000000000000c:2,0.002,0.0025,0.002,0.002,2.46,2026-06-23T15:00:39,0.002,2.46
route_mutation,20260623T150039_418483,of:0000000000000001:2 -> of:000000000000000c:1,0.003,0.00375,0.003,0.003,3.1,2026-06-23T15:00:39,0.003,3.03
route_mutation,20260623T150039_418483,of:0000000000000006:2 -> of:000000000000000a:2,0.002,0.0025,0.002,0.002,2.43,2026-06-23T15:00:39,0.002,2.43
route_mutation,20260623T150039_418483,of:0000000000000001:3 -> of:000000000000000d:1,0.003,0.00375,0.003,0.003,3.16,2026-06-23T15:00:39,0.003,3.3
route_mutation,20260623T150039_418483,of:0000000000000003:1 -> of:000000000000000b:5,0.002,0.0025,0.002,0.002,1.83,2026-06-23T15:00:39,0.002,1.86
route_mutation,20260623T150039_418483,of:0000000000000006:1 -> of:000000000000000d:4,0.003,0.00375,0.003,0.003,3.16,2026-06-23T15:00:39,0.003,3.3
route_mutation,20260623T150039_418483,of:0000000000000007:2 -> of:000000000000000a:3,0.002,0.0025,0.002,0.002,2.46,2026-06-23T15:00:39,0.002,2.46
route_mutation,20260623T150039_418483,of:0000000000000007:1 -> of:000000000000000d:5,0.002,0.0025,0.002,0.002,2.2,2026-06-23T15:00:39,0.002,2.16
route_mutation,20260623T150039_418483,of:0000000000000002:2 -> of:0000000000000008:2,0.002,0.0025,0.002,0.002,2.36,2026-06-23T15:00:39,0.002,2.36
route_mutation,20260623T150039_418483,of:0000000000000003:2 -> of:0000000000000008:3,0.002,0.0025,0.002,0.002,2.36,2026-06-23T15:00:39,0.002,2.36
route_mutation,20260623T150039_418483,of:0000000000000008:1 -> of:000000000000000b:6,0.002,0.0025,0.002,0.002,1.9,2026-06-23T15:00:39,0.002,1.9
route_mutation,20260623T150039_418483,of:0000000000000004:2 -> of:0000000000000009:2,0.002,0.0025,0.002,0.002,2.43,2026-06-23T15:00:39,0.002,2.43
route_mutation,20260623T150039_418483,of:0000000000000002:1 -> of:000000000000000b:4,0.002,0.0025,0.002,0.002,1.8,2026-06-23T15:00:39,0.002,1.83
route_mutation,20260623T150039_418483,of:0000000000000009:1 -> of:000000000000000c:6,0.002,0.0025,0.002,0.002,1.9,2026-06-23T15:00:39,0.002,1.9
ip_shuffle,20260623T150109_583334,of:0000000000000004:1 -> of:000000000000000c:4,0.002,0.0025,0.002,0.002,1.73,2026-06-23T15:01:09,0.002,1.7
ip_shuffle,20260623T150109_583334,of:0000000000000005:1 -> of:000000000000000c:5,0.002,0.0025,0.002,0.002,1.73,2026-06-23T15:01:09,0.002,1.7
ip_shuffle,20260623T150109_583334,of:000000000000000a:1 -> of:000000000000000d:6,0.002,0.0025,0.002,0.002,1.76,2026-06-23T15:01:09,0.002,1.73
ip_shuffle,20260623T150109_583334,of:000000000000000b:3 -> of:000000000000000d:2,0.002,0.0025,0.002,0.002,2.16,2026-06-23T15:01:09,0.002,2.16
ip_shuffle,20260623T150109_583334,of:000000000000000c:3 -> of:000000000000000d:3,0.002,0.0025,0.002,0.002,2.16,2026-06-23T15:01:09,0.002,2.16
ip_shuffle,20260623T150109_583334,of:0000000000000005:2 -> of:0000000000000009:3,0.002,0.0025,0.002,0.002,2.16,2026-06-23T15:01:09,0.002,2.16
ip_shuffle,20260623T150109_583334,of:0000000000000001:1 -> of:000000000000000b:1,0.002,0.0025,0.002,0.002,1.76,2026-06-23T15:01:09,0.002,1.83
ip_shuffle,20260623T150109_583334,of:000000000000000b:2 -> of:000000000000000c:2,0.002,0.0025,0.002,0.002,2.2,2026-06-23T15:01:09,0.002,2.2
ip_shuffle,20260623T150109_583334,of:0000000000000001:2 -> of:000000000000000c:1,0.002,0.0025,0.002,0.002,1.76,2026-06-23T15:01:09,0.002,1.83
ip_shuffle,20260623T150109_583334,of:0000000000000006:2 -> of:000000000000000a:2,0.002,0.0025,0.002,0.002,2.16,2026-06-23T15:01:09,0.002,2.16
ip_shuffle,20260623T150109_583334,of:0000000000000001:3 -> of:000000000000000d:1,0.003,0.00375,0.003,0.003,3.13,2026-06-23T15:01:09,0.003,3.0
ip_shuffle,20260623T150109_583334,of:0000000000000003:1 -> of:000000000000000b:5,0.002,0.0025,0.002,0.002,1.8,2026-06-23T15:01:09,0.002,1.76
ip_shuffle,20260623T150109_583334,of:0000000000000006:1 -> of:000000000000000d:4,0.002,0.0025,0.002,0.002,1.86,2026-06-23T15:01:09,0.002,1.8
ip_shuffle,20260623T150109_583334,of:0000000000000007:2 -> of:000000000000000a:3,0.002,0.0025,0.002,0.002,2.13,2026-06-23T15:01:09,0.002,2.13
ip_shuffle,20260623T150109_583334,of:0000000000000007:1 -> of:000000000000000d:5,0.002,0.0025,0.002,0.002,2.86,2026-06-23T15:01:09,0.002,2.9
ip_shuffle,20260623T150109_583334,of:0000000000000002:2 -> of:0000000000000008:2,0.002,0.0025,0.002,0.002,2.16,2026-06-23T15:01:09,0.002,2.16
ip_shuffle,20260623T150109_583334,of:0000000000000003:2 -> of:0000000000000008:3,0.002,0.0025,0.002,0.002,2.16,2026-06-23T15:01:09,0.002,2.16
ip_shuffle,20260623T150109_583334,of:0000000000000008:1 -> of:000000000000000b:6,0.002,0.0025,0.002,0.002,1.7,2026-06-23T15:01:09,0.002,1.7
ip_shuffle,20260623T150109_583334,of:0000000000000004:2 -> of:0000000000000009:2,0.002,0.0025,0.002,0.002,2.16,2026-06-23T15:01:09,0.002,2.16
ip_shuffle,20260623T150109_583334,of:0000000000000002:1 -> of:000000000000000b:4,0.002,0.0025,0.002,0.002,1.8,2026-06-23T15:01:09,0.002,1.76
ip_shuffle,20260623T150109_583334,of:0000000000000009:1 -> of:000000000000000c:6,0.002,0.0025,0.002,0.002,1.76,2026-06-23T15:01:09,0.002,1.76
route_mutation,20260623T150220_295079,of:0000000000000004:1 -> of:000000000000000c:4,0.002,0.0025,0.002,0.002,2.56,2026-06-23T15:02:20,0.002,2.6
route_mutation,20260623T150220_295079,of:0000000000000005:1 -> of:000000000000000c:5,0.002,0.0025,0.002,0.002,2.56,2026-06-23T15:02:20,0.002,2.6
route_mutation,20260623T150220_295079,of:000000000000000a:1 -> of:000000000000000d:6,0.002,0.0025,0.002,0.002,1.8,2026-06-23T15:02:20,0.002,1.83
route_mutation,20260623T150220_295079,of:000000000000000b:3 -> of:000000000000000d:2,0.002,0.0025,0.002,0.002,2.3,2026-06-23T15:02:20,0.002,2.3
route_mutation,20260623T150220_295079,of:000000000000000c:3 -> of:000000000000000d:3,0.002,0.0025,0.002,0.002,2.3,2026-06-23T15:02:20,0.002,2.3
route_mutation,20260623T150220_295079,of:0000000000000005:2 -> of:0000000000000009:3,0.002,0.0025,0.002,0.002,2.23,2026-06-23T15:02:20,0.002,2.23
route_mutation,20260623T150220_295079,of:0000000000000001:1 -> of:000000000000000b:1,0.002,0.0025,0.002,0.002,2.16,2026-06-23T15:02:20,0.002,2.1
route_mutation,20260623T150220_295079,of:000000000000000b:2 -> of:000000000000000c:2,0.002,0.0025,0.002,0.002,2.26,2026-06-23T15:02:20,0.002,2.26
route_mutation,20260623T150220_295079,of:0000000000000001:2 -> of:000000000000000c:1,0.003,0.00375,0.003,0.003,3.33,2026-06-23T15:02:20,0.003,3.26
route_mutation,20260623T150220_295079,of:0000000000000006:2 -> of:000000000000000a:2,0.002,0.0025,0.002,0.002,2.23,2026-06-23T15:02:20,0.002,2.23
route_mutation,20260623T150220_295079,of:0000000000000001:3 -> of:000000000000000d:1,0.002,0.0025,0.002,0.002,2.5,2026-06-23T15:02:20,0.002,2.56
route_mutation,20260623T150220_295079,of:0000000000000003:1 -> of:000000000000000b:5,0.002,0.0025,0.002,0.002,2.13,2026-06-23T15:02:20,0.002,2.16
route_mutation,20260623T150220_295079,of:0000000000000006:1 -> of:000000000000000d:4,0.002,0.0025,0.002,0.002,2.63,2026-06-23T15:02:20,0.002,2.63
route_mutation,20260623T150220_295079,of:0000000000000007:2 -> of:000000000000000a:3,0.002,0.0025,0.002,0.002,2.23,2026-06-23T15:02:20,0.002,2.23
route_mutation,20260623T150220_295079,of:0000000000000007:1 -> of:000000000000000d:5,0.002,0.0025,0.002,0.002,1.76,2026-06-23T15:02:20,0.002,1.83
route_mutation,20260623T150220_295079,of:0000000000000002:2 -> of:0000000000000008:2,0.002,0.0025,0.002,0.002,2.16,2026-06-23T15:02:20,0.002,2.16
route_mutation,20260623T150220_295079,of:0000000000000003:2 -> of:0000000000000008:3,0.002,0.0025,0.002,0.002,2.16,2026-06-23T15:02:20,0.002,2.16
route_mutation,20260623T150220_295079,of:0000000000000008:1 -> of:000000000000000b:6,0.002,0.0025,0.002,0.002,1.8,2026-06-23T15:02:20,0.002,1.8
route_mutation,20260623T150220_295079,of:0000000000000004:2 -> of:0000000000000009:2,0.002,0.0025,0.002,0.002,2.23,2026-06-23T15:02:20,0.002,2.23
route_mutation,20260623T150220_295079,of:0000000000000002:1 -> of:000000000000000b:4,0.002,0.0025,0.002,0.002,1.7,2026-06-23T15:02:20,0.002,1.73
route_mutation,20260623T150220_295079,of:0000000000000009:1 -> of:000000000000000c:6,0.002,0.0025,0.002,0.002,1.8,2026-06-23T15:02:20,0.002,1.8
route_mutation,20260623T150250_481171,of:0000000000000004:1 -> of:000000000000000c:4,0.002,0.0025,0.002,0.002,1.96,2026-06-23T15:02:50,0.002,1.93
route_mutation,20260623T150250_481171,of:0000000000000005:1 -> of:000000000000000c:5,0.002,0.0025,0.002,0.002,1.96,2026-06-23T15:02:50,0.002,1.93
route_mutation,20260623T150250_481171,of:000000000000000a:1 -> of:000000000000000d:6,0.002,0.0025,0.002,0.002,2.0,2026-06-23T15:02:50,0.002,1.96
route_mutation,20260623T150250_481171,of:000000000000000b:3 -> of:000000000000000d:2,0.002,0.0025,0.002,0.002,2.63,2026-06-23T15:02:50,0.002,2.63
route_mutation,20260623T150250_481171,of:000000000000000c:3 -> of:000000000000000d:3,0.002,0.0025,0.002,0.002,2.63,2026-06-23T15:02:50,0.002,2.63
route_mutation,20260623T150250_481171,of:0000000000000005:2 -> of:0000000000000009:3,0.002,0.0025,0.002,0.002,2.63,2026-06-23T15:02:50,0.002,2.63
route_mutation,20260623T150250_481171,of:0000000000000001:1 -> of:000000000000000b:1,0.002,0.0025,0.002,0.002,2.0,2026-06-23T15:02:50,0.002,2.06
route_mutation,20260623T150250_481171,of:000000000000000b:2 -> of:000000000000000c:2,0.002,0.0025,0.002,0.002,2.66,2026-06-23T15:02:50,0.002,2.66
route_mutation,20260623T150250_481171,of:0000000000000001:2 -> of:000000000000000c:1,0.002,0.0025,0.002,0.002,2.0,2026-06-23T15:02:50,0.002,2.06
route_mutation,20260623T150250_481171,of:0000000000000006:2 -> of:000000000000000a:2,0.002,0.0025,0.002,0.002,2.63,2026-06-23T15:02:50,0.002,2.63
route_mutation,20260623T150250_481171,of:0000000000000001:3 -> of:000000000000000d:1,0.003,0.00375,0.003,0.003,3.93,2026-06-23T15:02:50,0.003,3.86
route_mutation,20260623T150250_481171,of:0000000000000003:1 -> of:000000000000000b:5,0.002,0.0025,0.002,0.002,2.03,2026-06-23T15:02:50,0.002,2.0
route_mutation,20260623T150250_481171,of:0000000000000006:1 -> of:000000000000000d:4,0.002,0.0025,0.002,0.002,2.5,2026-06-23T15:02:50,0.002,2.56
route_mutation,20260623T150250_481171,of:0000000000000007:2 -> of:000000000000000a:3,0.002,0.0025,0.002,0.002,2.63,2026-06-23T15:02:50,0.002,2.63
route_mutation,20260623T150250_481171,of:0000000000000007:1 -> of:000000000000000d:5,0.003,0.00375,0.003,0.003,3.4,2026-06-23T15:02:50,0.003,3.33
route_mutation,20260623T150250_481171,of:0000000000000002:2 -> of:0000000000000008:2,0.002,0.0025,0.002,0.002,2.63,2026-06-23T15:02:50,0.002,2.63
route_mutation,20260623T150250_481171,of:0000000000000003:2 -> of:0000000000000008:3,0.002,0.0025,0.002,0.002,2.63,2026-06-23T15:02:50,0.002,2.63
route_mutation,20260623T150250_481171,of:0000000000000008:1 -> of:000000000000000b:6,0.002,0.0025,0.002,0.002,1.93,2026-06-23T15:02:50,0.002,1.93
route_mutation,20260623T150250_481171,of:0000000000000004:2 -> of:0000000000000009:2,0.002,0.0025,0.002,0.002,2.63,2026-06-23T15:02:50,0.002,2.63
route_mutation,20260623T150250_481171,of:0000000000000002:1 -> of:000000000000000b:4,0.002,0.0025,0.002,0.002,2.03,2026-06-23T15:02:50,0.002,2.0
route_mutation,20260623T150250_481171,of:0000000000000009:1 -> of:000000000000000c:6,0.002,0.0025,0.002,0.002,2.0,2026-06-23T15:02:50,0.002,2.0
ip_shuffle,20260623T150320_812634,of:0000000000000004:1 -> of:000000000000000c:4,0.001,0.00125,0.001,0.001,1.35,2026-06-23T15:03:20,0.001,1.35
ip_shuffle,20260623T150320_812634,of:0000000000000005:1 -> of:000000000000000c:5,0.001,0.00125,0.001,0.001,1.35,2026-06-23T15:03:20,0.001,1.35
ip_shuffle,20260623T150320_812634,of:000000000000000a:1 -> of:000000000000000d:6,0.001,0.00125,0.001,0.001,1.35,2026-06-23T15:03:20,0.001,1.35
ip_shuffle,20260623T150320_812634,of:000000000000000b:3 -> of:000000000000000d:2,0.001,0.00125,0.001,0.001,1.45,2026-06-23T15:03:20,0.001,1.45
ip_shuffle,20260623T150320_812634,of:000000000000000c:3 -> of:000000000000000d:3,0.001,0.00125,0.001,0.001,1.45,2026-06-23T15:03:20,0.001,1.45
ip_shuffle,20260623T150320_812634,of:0000000000000005:2 -> of:0000000000000009:3,0.001,0.00125,0.001,0.001,1.45,2026-06-23T15:03:20,0.001,1.45
ip_shuffle,20260623T150320_812634,of:0000000000000001:1 -> of:000000000000000b:1,0.002,0.0025,0.002,0.002,2.05,2026-06-23T15:03:20,0.002,2.05
ip_shuffle,20260623T150320_812634,of:000000000000000b:2 -> of:000000000000000c:2,0.001,0.00125,0.001,0.001,1.39,2026-06-23T15:03:20,0.001,1.39
ip_shuffle,20260623T150320_812634,of:0000000000000001:2 -> of:000000000000000c:1,0.001,0.00125,0.001,0.001,1.35,2026-06-23T15:03:20,0.001,1.35
ip_shuffle,20260623T150320_812634,of:0000000000000006:2 -> of:000000000000000a:2,0.001,0.00125,0.001,0.001,1.45,2026-06-23T15:03:20,0.001,1.45
ip_shuffle,20260623T150320_812634,of:0000000000000001:3 -> of:000000000000000d:1,0.002,0.0025,0.002,0.002,1.42,2026-06-23T15:03:20,0.002,1.42
ip_shuffle,20260623T150320_812634,of:0000000000000003:1 -> of:000000000000000b:5,0.001,0.00125,0.001,0.001,1.35,2026-06-23T15:03:20,0.001,1.35
ip_shuffle,20260623T150320_812634,of:0000000000000006:1 -> of:000000000000000d:4,0.002,0.0025,0.002,0.002,1.42,2026-06-23T15:03:20,0.002,1.42
ip_shuffle,20260623T150320_812634,of:0000000000000007:2 -> of:000000000000000a:3,0.001,0.00125,0.001,0.001,1.45,2026-06-23T15:03:20,0.001,1.45
ip_shuffle,20260623T150320_812634,of:0000000000000007:1 -> of:000000000000000d:5,0.002,0.0025,0.002,0.002,1.42,2026-06-23T15:03:20,0.002,1.42
ip_shuffle,20260623T150320_812634,of:0000000000000002:2 -> of:0000000000000008:2,0.002,0.0025,0.002,0.002,1.52,2026-06-23T15:03:20,0.002,1.52
ip_shuffle,20260623T150320_812634,of:0000000000000003:2 -> of:0000000000000008:3,0.002,0.0025,0.002,0.002,1.52,2026-06-23T15:03:20,0.002,1.52
ip_shuffle,20260623T150320_812634,of:0000000000000008:1 -> of:000000000000000b:6,0.001,0.00125,0.001,0.001,1.35,2026-06-23T15:03:20,0.001,1.35
ip_shuffle,20260623T150320_812634,of:0000000000000004:2 -> of:0000000000000009:2,0.001,0.00125,0.001,0.001,1.45,2026-06-23T15:03:20,0.001,1.45
ip_shuffle,20260623T150320_812634,of:0000000000000002:1 -> of:000000000000000b:4,0.002,0.0025,0.002,0.002,2.05,2026-06-23T15:03:20,0.002,2.05
ip_shuffle,20260623T150320_812634,of:0000000000000009:1 -> of:000000000000000c:6,0.001,0.00125,0.001,0.001,1.29,2026-06-23T15:03:20,0.001,1.29
route_mutation,20260623T150418_519109,of:0000000000000004:1 -> of:000000000000000c:4,0.002,0.0025,0.002,0.002,1.76,2026-06-23T15:04:18,0.002,1.8
route_mutation,20260623T150418_519109,of:0000000000000005:1 -> of:000000000000000c:5,0.002,0.0025,0.002,0.002,2.3,2026-06-23T15:04:18,0.002,2.33
route_mutation,20260623T150418_519109,of:000000000000000a:1 -> of:000000000000000d:6,0.002,0.0025,0.002,0.002,1.83,2026-06-23T15:04:18,0.002,1.86
route_mutation,20260623T150418_519109,of:000000000000000b:3 -> of:000000000000000d:2,0.002,0.0025,0.002,0.002,2.36,2026-06-23T15:04:18,0.002,2.36
route_mutation,20260623T150418_519109,of:000000000000000c:3 -> of:000000000000000d:3,0.002,0.0025,0.002,0.002,2.4,2026-06-23T15:04:18,0.002,2.4
route_mutation,20260623T150418_519109,of:0000000000000005:2 -> of:0000000000000009:3,0.002,0.0025,0.002,0.002,2.26,2026-06-23T15:04:18,0.002,2.26
route_mutation,20260623T150418_519109,of:0000000000000001:1 -> of:000000000000000b:1,0.002,0.0025,0.002,0.002,1.83,2026-06-23T15:04:18,0.002,1.83
route_mutation,20260623T150418_519109,of:000000000000000b:2 -> of:000000000000000c:2,0.002,0.0025,0.002,0.002,2.36,2026-06-23T15:04:18,0.002,2.36
route_mutation,20260623T150418_519109,of:0000000000000001:2 -> of:000000000000000c:1,0.002,0.0025,0.002,0.002,2.4,2026-06-23T15:04:18,0.002,2.36
route_mutation,20260623T150418_519109,of:0000000000000006:2 -> of:000000000000000a:2,0.002,0.0025,0.002,0.002,2.26,2026-06-23T15:04:18,0.002,2.26
route_mutation,20260623T150418_519109,of:0000000000000001:3 -> of:000000000000000d:1,0.003,0.00375,0.003,0.003,3.0,2026-06-23T15:04:18,0.003,3.1
route_mutation,20260623T150418_519109,of:0000000000000003:1 -> of:000000000000000b:5,0.002,0.0025,0.002,0.002,1.83,2026-06-23T15:04:18,0.002,1.83
route_mutation,20260623T150418_519109,of:0000000000000006:1 -> of:000000000000000d:4,0.003,0.00375,0.003,0.003,3.0,2026-06-23T15:04:18,0.003,3.03
route_mutation,20260623T150418_519109,of:0000000000000007:2 -> of:000000000000000a:3,0.002,0.0025,0.002,0.002,2.26,2026-06-23T15:04:18,0.002,2.26
route_mutation,20260623T150418_519109,of:0000000000000007:1 -> of:000000000000000d:5,0.002,0.0025,0.002,0.002,1.93,2026-06-23T15:04:18,0.002,1.9
route_mutation,20260623T150418_519109,of:0000000000000002:2 -> of:0000000000000008:2,0.002,0.0025,0.002,0.002,2.33,2026-06-23T15:04:18,0.002,2.33
route_mutation,20260623T150418_519109,of:0000000000000003:2 -> of:0000000000000008:3,0.002,0.0025,0.002,0.002,2.33,2026-06-23T15:04:18,0.002,2.33
route_mutation,20260623T150418_519109,of:0000000000000008:1 -> of:000000000000000b:6,0.002,0.0025,0.002,0.002,1.83,2026-06-23T15:04:18,0.002,1.83
route_mutation,20260623T150418_519109,of:0000000000000004:2 -> of:0000000000000009:2,0.002,0.0025,0.002,0.002,2.26,2026-06-23T15:04:18,0.002,2.26
route_mutation,20260623T150418_519109,of:0000000000000002:1 -> of:000000000000000b:4,0.002,0.0025,0.002,0.002,1.83,2026-06-23T15:04:18,0.002,1.83
route_mutation,20260623T150418_519109,of:0000000000000009:1 -> of:000000000000000c:6,0.002,0.0025,0.002,0.002,1.83,2026-06-23T15:04:18,0.002,1.86
route_mutation,20260623T150448_697326,of:0000000000000004:1 -> of:000000000000000c:4,0.002,0.0025,0.002,0.002,1.76,2026-06-23T15:04:48,0.002,1.73
route_mutation,20260623T150448_697326,of:0000000000000005:1 -> of:000000000000000c:5,0.002,0.0025,0.002,0.002,1.76,2026-06-23T15:04:48,0.002,1.73
route_mutation,20260623T150448_697326,of:000000000000000a:1 -> of:000000000000000d:6,0.002,0.0025,0.002,0.002,1.76,2026-06-23T15:04:48,0.002,1.73
route_mutation,20260623T150448_697326,of:000000000000000b:3 -> of:000000000000000d:2,0.002,0.0025,0.002,0.002,2.23,2026-06-23T15:04:48,0.002,2.23
route_mutation,20260623T150448_697326,of:000000000000000c:3 -> of:000000000000000d:3,0.002,0.0025,0.002,0.002,2.2,2026-06-23T15:04:48,0.002,2.2
route_mutation,20260623T150448_697326,of:0000000000000005:2 -> of:0000000000000009:3,0.002,0.0025,0.002,0.002,2.26,2026-06-23T15:04:48,0.002,2.26
route_mutation,20260623T150448_697326,of:0000000000000001:1 -> of:000000000000000b:1,0.002,0.0025,0.002,0.002,1.76,2026-06-23T15:04:48,0.002,1.76
route_mutation,20260623T150448_697326,of:000000000000000b:2 -> of:000000000000000c:2,0.002,0.0025,0.002,0.002,2.16,2026-06-23T15:04:48,0.002,2.16
route_mutation,20260623T150448_697326,of:0000000000000001:2 -> of:000000000000000c:1,0.002,0.0025,0.002,0.002,1.73,2026-06-23T15:04:48,0.002,1.76
route_mutation,20260623T150448_697326,of:0000000000000006:2 -> of:000000000000000a:2,0.002,0.0025,0.002,0.002,2.26,2026-06-23T15:04:48,0.002,2.26
route_mutation,20260623T150448_697326,of:0000000000000001:3 -> of:000000000000000d:1,0.003,0.00375,0.003,0.003,3.26,2026-06-23T15:04:48,0.003,3.16
route_mutation,20260623T150448_697326,of:0000000000000003:1 -> of:000000000000000b:5,0.002,0.0025,0.002,0.002,1.76,2026-06-23T15:04:48,0.002,1.76
route_mutation,20260623T150448_697326,of:0000000000000006:1 -> of:000000000000000d:4,0.002,0.0025,0.002,0.002,2.0,2026-06-23T15:04:48,0.002,1.96
route_mutation,20260623T150448_697326,of:0000000000000007:2 -> of:000000000000000a:3,0.002,0.0025,0.002,0.002,2.26,2026-06-23T15:04:48,0.002,2.26
route_mutation,20260623T150448_697326,of:0000000000000007:1 -> of:000000000000000d:5,0.003,0.00375,0.003,0.003,3.13,2026-06-23T15:04:48,0.003,3.16
route_mutation,20260623T150448_697326,of:0000000000000002:2 -> of:0000000000000008:2,0.002,0.0025,0.002,0.002,2.26,2026-06-23T15:04:48,0.002,2.26
route_mutation,20260623T150448_697326,of:0000000000000003:2 -> of:0000000000000008:3,0.002,0.0025,0.002,0.002,2.26,2026-06-23T15:04:48,0.002,2.26
route_mutation,20260623T150448_697326,of:0000000000000008:1 -> of:000000000000000b:6,0.002,0.0025,0.002,0.002,1.7,2026-06-23T15:04:48,0.002,1.7
route_mutation,20260623T150448_697326,of:0000000000000004:2 -> of:0000000000000009:2,0.002,0.0025,0.002,0.002,2.26,2026-06-23T15:04:48,0.002,2.26
route_mutation,20260623T150448_697326,of:0000000000000002:1 -> of:000000000000000b:4,0.002,0.0025,0.002,0.002,1.76,2026-06-23T15:04:48,0.002,1.76
route_mutation,20260623T150448_697326,of:0000000000000009:1 -> of:000000000000000c:6,0.002,0.0025,0.002,0.002,1.7,2026-06-23T15:04:48,0.001,1.66
ip_shuffle,20260623T150519_024466,of:0000000000000004:1 -> of:000000000000000c:4,0.002,0.0025,0.002,0.002,1.43,2026-06-23T15:05:19,0.002,1.43
ip_shuffle,20260623T150519_024466,of:0000000000000005:1 -> of:000000000000000c:5,0.002,0.0025,0.002,0.002,1.43,2026-06-23T15:05:19,0.002,1.43
ip_shuffle,20260623T150519_024466,of:000000000000000a:1 -> of:000000000000000d:6,0.001,0.00125,0.001,0.001,1.37,2026-06-23T15:05:19,0.001,1.37
ip_shuffle,20260623T150519_024466,of:000000000000000b:3 -> of:000000000000000d:2,0.001,0.00125,0.001,0.001,1.47,2026-06-23T15:05:19,0.001,1.47
ip_shuffle,20260623T150519_024466,of:000000000000000c:3 -> of:000000000000000d:3,0.001,0.00125,0.001,0.001,1.47,2026-06-23T15:05:19,0.001,1.47
ip_shuffle,20260623T150519_024466,of:0000000000000005:2 -> of:0000000000000009:3,0.002,0.0025,0.002,0.002,1.53,2026-06-23T15:05:19,0.002,1.53
ip_shuffle,20260623T150519_024466,of:0000000000000001:1 -> of:000000000000000b:1,0.003,0.00375,0.003,0.003,2.73,2026-06-23T15:05:19,0.003,2.73
ip_shuffle,20260623T150519_024466,of:000000000000000b:2 -> of:000000000000000c:2,0.002,0.0025,0.002,0.002,1.53,2026-06-23T15:05:19,0.002,1.53
ip_shuffle,20260623T150519_024466,of:0000000000000001:2 -> of:000000000000000c:1,0.001,0.00125,0.001,0.001,1.37,2026-06-23T15:05:19,0.001,1.37
ip_shuffle,20260623T150519_024466,of:0000000000000006:2 -> of:000000000000000a:2,0.002,0.0025,0.002,0.002,1.53,2026-06-23T15:05:19,0.002,1.53
ip_shuffle,20260623T150519_024466,of:0000000000000001:3 -> of:000000000000000d:1,0.001,0.00125,0.001,0.001,1.3,2026-06-23T15:05:19,0.001,1.3
ip_shuffle,20260623T150519_024466,of:0000000000000003:1 -> of:000000000000000b:5,0.002,0.0025,0.002,0.002,1.83,2026-06-23T15:05:19,0.002,1.83
ip_shuffle,20260623T150519_024466,of:0000000000000006:1 -> of:000000000000000d:4,0.001,0.00125,0.001,0.001,1.37,2026-06-23T15:05:19,0.001,1.37
ip_shuffle,20260623T150519_024466,of:0000000000000007:2 -> of:000000000000000a:3,0.002,0.0025,0.002,0.002,1.53,2026-06-23T15:05:19,0.002,1.53
ip_shuffle,20260623T150519_024466,of:0000000000000007:1 -> of:000000000000000d:5,0.001,0.00125,0.001,0.001,1.37,2026-06-23T15:05:19,0.001,1.37
ip_shuffle,20260623T150519_024466,of:0000000000000002:2 -> of:0000000000000008:2,0.002,0.0025,0.002,0.002,1.53,2026-06-23T15:05:19,0.002,1.53
ip_shuffle,20260623T150519_024466,of:0000000000000003:2 -> of:0000000000000008:3,0.002,0.0025,0.002,0.002,1.53,2026-06-23T15:05:19,0.002,1.53
ip_shuffle,20260623T150519_024466,of:0000000000000008:1 -> of:000000000000000b:6,0.002,0.0025,0.002,0.002,1.43,2026-06-23T15:05:19,0.002,1.43
ip_shuffle,20260623T150519_024466,of:0000000000000004:2 -> of:0000000000000009:2,0.002,0.0025,0.002,0.002,1.53,2026-06-23T15:05:19,0.002,1.53
ip_shuffle,20260623T150519_024466,of:0000000000000002:1 -> of:000000000000000b:4,0.002,0.0025,0.002,0.002,2.46,2026-06-23T15:05:19,0.002,2.46
ip_shuffle,20260623T150519_024466,of:0000000000000009:1 -> of:000000000000000c:6,0.002,0.0025,0.002,0.002,1.43,2026-06-23T15:05:19,0.002,1.43
ip_shuffle,20260623T150616_574064,of:0000000000000004:1 -> of:000000000000000c:4,0.002,0.0025,0.002,0.002,1.96,2026-06-23T15:06:16,0.002,1.93
ip_shuffle,20260623T150616_574064,of:0000000000000005:1 -> of:000000000000000c:5,0.002,0.0025,0.002,0.002,1.96,2026-06-23T15:06:16,0.002,1.93
ip_shuffle,20260623T150616_574064,of:000000000000000a:1 -> of:000000000000000d:6,0.002,0.0025,0.002,0.002,2.0,2026-06-23T15:06:16,0.002,1.96
ip_shuffle,20260623T150616_574064,of:000000000000000b:3 -> of:000000000000000d:2,0.002,0.0025,0.002,0.002,2.63,2026-06-23T15:06:16,0.002,2.63
ip_shuffle,20260623T150616_574064,of:000000000000000c:3 -> of:000000000000000d:3,0.002,0.0025,0.002,0.002,2.6,2026-06-23T15:06:16,0.002,2.6
ip_shuffle,20260623T150616_574064,of:0000000000000005:2 -> of:0000000000000009:3,0.002,0.0025,0.002,0.002,2.66,2026-06-23T15:06:16,0.002,2.66
ip_shuffle,20260623T150616_574064,of:0000000000000001:1 -> of:000000000000000b:1,0.002,0.0025,0.002,0.002,2.0,2026-06-23T15:06:16,0.002,2.0
ip_shuffle,20260623T150616_574064,of:000000000000000b:2 -> of:000000000000000c:2,0.002,0.0025,0.002,0.002,2.56,2026-06-23T15:06:16,0.002,2.56
ip_shuffle,20260623T150616_574064,of:0000000000000001:2 -> of:000000000000000c:1,0.002,0.0025,0.002,0.002,1.93,2026-06-23T15:06:16,0.002,1.96
ip_shuffle,20260623T150616_574064,of:0000000000000006:2 -> of:000000000000000a:2,0.002,0.0025,0.002,0.002,2.66,2026-06-23T15:06:16,0.002,2.6
ip_shuffle,20260623T150616_574064,of:0000000000000001:3 -> of:000000000000000d:1,0.003,0.00375,0.003,0.003,4.03,2026-06-23T15:06:16,0.003,3.96
ip_shuffle,20260623T150616_574064,of:0000000000000003:1 -> of:000000000000000b:5,0.002,0.0025,0.002,0.002,1.96,2026-06-23T15:06:16,0.002,1.96
ip_shuffle,20260623T150616_574064,of:0000000000000006:1 -> of:000000000000000d:4,0.002,0.0025,0.002,0.002,2.73,2026-06-23T15:06:16,0.002,2.63
ip_shuffle,20260623T150616_574064,of:0000000000000007:2 -> of:000000000000000a:3,0.002,0.0025,0.002,0.002,2.7,2026-06-23T15:06:16,0.002,2.7
ip_shuffle,20260623T150616_574064,of:0000000000000007:1 -> of:000000000000000d:5,0.003,0.00375,0.003,0.003,3.5,2026-06-23T15:06:16,0.003,3.46
ip_shuffle,20260623T150616_574064,of:0000000000000002:2 -> of:0000000000000008:2,0.002,0.0025,0.002,0.002,2.66,2026-06-23T15:06:16,0.002,2.66
ip_shuffle,20260623T150616_574064,of:0000000000000003:2 -> of:0000000000000008:3,0.002,0.0025,0.002,0.002,2.66,2026-06-23T15:06:16,0.002,2.66
ip_shuffle,20260623T150616_574064,of:0000000000000008:1 -> of:000000000000000b:6,0.002,0.0025,0.002,0.002,1.9,2026-06-23T15:06:16,0.002,1.9
ip_shuffle,20260623T150616_574064,of:0000000000000004:2 -> of:0000000000000009:2,0.002,0.0025,0.002,0.002,2.66,2026-06-23T15:06:16,0.002,2.66
ip_shuffle,20260623T150616_574064,of:0000000000000002:1 -> of:000000000000000b:4,0.002,0.0025,0.002,0.002,1.96,2026-06-23T15:06:16,0.002,1.96
ip_shuffle,20260623T150616_574064,of:0000000000000009:1 -> of:000000000000000c:6,0.002,0.0025,0.002,0.002,1.93,2026-06-23T15:06:16,0.002,1.9
ip_shuffle,20260623T150714_270979,of:0000000000000004:1 -> of:000000000000000c:4,0.002,0.0025,0.002,0.002,2.23,2026-06-23T15:07:14,0.002,2.26
ip_shuffle,20260623T150714_270979,of:0000000000000005:1 -> of:000000000000000c:5,0.002,0.0025,0.002,0.002,2.23,2026-06-23T15:07:14,0.002,2.26
ip_shuffle,20260623T150714_270979,of:000000000000000a:1 -> of:000000000000000d:6,0.002,0.0025,0.002,0.002,1.53,2026-06-23T15:07:14,0.002,1.56
ip_shuffle,20260623T150714_270979,of:000000000000000b:3 -> of:000000000000000d:2,0.002,0.0025,0.002,0.002,1.76,2026-06-23T15:07:14,0.002,1.76
ip_shuffle,20260623T150714_270979,of:000000000000000c:3 -> of:000000000000000d:3,0.002,0.0025,0.002,0.002,1.76,2026-06-23T15:07:14,0.002,1.76
ip_shuffle,20260623T150714_270979,of:0000000000000005:2 -> of:0000000000000009:3,0.002,0.0025,0.002,0.002,1.63,2026-06-23T15:07:14,0.002,1.63
ip_shuffle,20260623T150714_270979,of:0000000000000001:1 -> of:000000000000000b:1,0.003,0.00375,0.003,0.003,3.16,2026-06-23T15:07:14,0.003,3.1
ip_shuffle,20260623T150714_270979,of:000000000000000b:2 -> of:000000000000000c:2,0.002,0.0025,0.002,0.002,1.73,2026-06-23T15:07:14,0.002,1.73
ip_shuffle,20260623T150714_270979,of:0000000000000001:2 -> of:000000000000000c:1,0.003,0.00375,0.003,0.003,3.13,2026-06-23T15:07:14,0.003,3.06
ip_shuffle,20260623T150714_270979,of:0000000000000006:2 -> of:000000000000000a:2,0.002,0.0025,0.002,0.002,1.63,2026-06-23T15:07:14,0.002,1.7
ip_shuffle,20260623T150714_270979,of:0000000000000001:3 -> of:000000000000000d:1,0.002,0.0025,0.002,0.002,1.63,2026-06-23T15:07:14,0.002,1.73
ip_shuffle,20260623T150714_270979,of:0000000000000003:1 -> of:000000000000000b:5,0.002,0.0025,0.002,0.002,2.46,2026-06-23T15:07:14,0.002,2.5
ip_shuffle,20260623T150714_270979,of:0000000000000006:1 -> of:000000000000000d:4,0.002,0.0025,0.002,0.002,1.66,2026-06-23T15:07:14,0.002,1.63
ip_shuffle,20260623T150714_270979,of:0000000000000007:2 -> of:000000000000000a:3,0.002,0.0025,0.002,0.002,1.73,2026-06-23T15:07:14,0.002,1.73
ip_shuffle,20260623T150714_270979,of:0000000000000007:1 -> of:000000000000000d:5,0.002,0.0025,0.002,0.002,1.53,2026-06-23T15:07:14,0.002,1.56
ip_shuffle,20260623T150714_270979,of:0000000000000002:2 -> of:0000000000000008:2,0.002,0.0025,0.002,0.002,1.63,2026-06-23T15:07:14,0.002,1.63
ip_shuffle,20260623T150714_270979,of:0000000000000003:2 -> of:0000000000000008:3,0.002,0.0025,0.002,0.002,1.63,2026-06-23T15:07:14,0.002,1.63
ip_shuffle,20260623T150714_270979,of:0000000000000008:1 -> of:000000000000000b:6,0.002,0.0025,0.002,0.002,1.53,2026-06-23T15:07:14,0.002,1.53
ip_shuffle,20260623T150714_270979,of:0000000000000004:2 -> of:0000000000000009:2,0.002,0.0025,0.002,0.002,1.63,2026-06-23T15:07:14,0.002,1.63
ip_shuffle,20260623T150714_270979,of:0000000000000002:1 -> of:000000000000000b:4,0.002,0.0025,0.002,0.002,2.03,2026-06-23T15:07:14,0.002,2.06
ip_shuffle,20260623T150714_270979,of:0000000000000009:1 -> of:000000000000000c:6,0.002,0.0025,0.002,0.002,1.53,2026-06-23T15:07:14,0.002,1.53
ip_shuffle,20260623T150818_406941,of:0000000000000004:1 -> of:000000000000000c:4,0.002,0.0025,0.002,0.002,1.46,2026-06-23T15:08:18,0.002,1.43
ip_shuffle,20260623T150818_406941,of:0000000000000005:1 -> of:000000000000000c:5,0.002,0.0025,0.002,0.002,1.46,2026-06-23T15:08:18,0.002,1.43
ip_shuffle,20260623T150818_406941,of:000000000000000a:1 -> of:000000000000000d:6,0.001,0.00125,0.001,0.001,1.37,2026-06-23T15:08:18,0.001,1.33
ip_shuffle,20260623T150818_406941,of:000000000000000b:3 -> of:000000000000000d:2,0.001,0.00125,0.001,0.001,1.43,2026-06-23T15:08:18,0.001,1.43
ip_shuffle,20260623T150818_406941,of:000000000000000c:3 -> of:000000000000000d:3,0.001,0.00125,0.001,0.001,1.43,2026-06-23T15:08:18,0.001,1.43
ip_shuffle,20260623T150818_406941,of:0000000000000005:2 -> of:0000000000000009:3,0.002,0.0025,0.002,0.002,1.56,2026-06-23T15:08:18,0.002,1.56
ip_shuffle,20260623T150818_406941,of:0000000000000001:1 -> of:000000000000000b:1,0.001,0.00125,0.001,0.001,1.37,2026-06-23T15:08:18,0.001,1.4
ip_shuffle,20260623T150818_406941,of:000000000000000b:2 -> of:000000000000000c:2,0.002,0.0025,0.002,0.002,1.53,2026-06-23T15:08:18,0.002,1.53
ip_shuffle,20260623T150818_406941,of:0000000000000001:2 -> of:000000000000000c:1,0.001,0.00125,0.001,0.001,1.37,2026-06-23T15:08:18,0.001,1.4
ip_shuffle,20260623T150818_406941,of:0000000000000006:2 -> of:000000000000000a:2,0.002,0.0025,0.002,0.002,1.53,2026-06-23T15:08:18,0.002,1.53
ip_shuffle,20260623T150818_406941,of:0000000000000001:3 -> of:000000000000000d:1,0.002,0.0025,0.002,0.002,1.63,2026-06-23T15:08:18,0.002,1.53
ip_shuffle,20260623T150818_406941,of:0000000000000003:1 -> of:000000000000000b:5,0.002,0.0025,0.002,0.002,1.46,2026-06-23T15:08:18,0.002,1.43
ip_shuffle,20260623T150818_406941,of:0000000000000006:1 -> of:000000000000000d:4,0.001,0.00125,0.001,0.001,1.37,2026-06-23T15:08:18,0.001,1.33
ip_shuffle,20260623T150818_406941,of:0000000000000007:2 -> of:000000000000000a:3,0.002,0.0025,0.002,0.002,1.53,2026-06-23T15:08:18,0.002,1.53
ip_shuffle,20260623T150818_406941,of:0000000000000007:1 -> of:000000000000000d:5,0.002,0.0025,0.002,0.002,1.6,2026-06-23T15:08:18,0.002,1.66
ip_shuffle,20260623T150818_406941,of:0000000000000002:2 -> of:0000000000000008:2,0.002,0.0025,0.002,0.002,1.56,2026-06-23T15:08:18,0.002,1.56
ip_shuffle,20260623T150818_406941,of:0000000000000003:2 -> of:0000000000000008:3,0.002,0.0025,0.002,0.002,1.56,2026-06-23T15:08:18,0.002,1.56
ip_shuffle,20260623T150818_406941,of:0000000000000008:1 -> of:000000000000000b:6,0.002,0.0025,0.002,0.002,1.43,2026-06-23T15:08:18,0.002,1.43
ip_shuffle,20260623T150818_406941,of:0000000000000004:2 -> of:0000000000000009:2,0.002,0.0025,0.002,0.002,1.56,2026-06-23T15:08:18,0.002,1.56
ip_shuffle,20260623T150818_406941,of:0000000000000002:1 -> of:000000000000000b:4,0.002,0.0025,0.002,0.002,1.46,2026-06-23T15:08:18,0.002,1.43
ip_shuffle,20260623T150818_406941,of:0000000000000009:1 -> of:000000000000000c:6,0.002,0.0025,0.002,0.002,1.43,2026-06-23T15:08:18,0.002,1.43
ip_shuffle,20260623T150916_081548,of:0000000000000004:1 -> of:000000000000000c:4,0.002,0.0025,0.002,0.002,1.73,2026-06-23T15:09:16,0.002,1.76
ip_shuffle,20260623T150916_081548,of:0000000000000005:1 -> of:000000000000000c:5,0.002,0.0025,0.002,0.002,2.46,2026-06-23T15:09:16,0.002,2.5
ip_shuffle,20260623T150916_081548,of:000000000000000a:1 -> of:000000000000000d:6,0.002,0.0025,0.002,0.002,1.73,2026-06-23T15:09:16,0.002,1.76
ip_shuffle,20260623T150916_081548,of:000000000000000b:3 -> of:000000000000000d:2,0.002,0.0025,0.002,0.002,2.23,2026-06-23T15:09:16,0.002,2.23
ip_shuffle,20260623T150916_081548,of:000000000000000c:3 -> of:000000000000000d:3,0.002,0.0025,0.002,0.002,2.23,2026-06-23T15:09:16,0.002,2.23
ip_shuffle,20260623T150916_081548,of:0000000000000005:2 -> of:0000000000000009:3,0.002,0.0025,0.002,0.002,2.16,2026-06-23T15:09:16,0.002,2.16
ip_shuffle,20260623T150916_081548,of:0000000000000001:1 -> of:000000000000000b:1,0.002,0.0025,0.002,0.002,1.73,2026-06-23T15:09:16,0.002,1.66
ip_shuffle,20260623T150916_081548,of:000000000000000b:2 -> of:000000000000000c:2,0.002,0.0025,0.002,0.002,2.13,2026-06-23T15:09:16,0.002,2.13
ip_shuffle,20260623T150916_081548,of:0000000000000001:2 -> of:000000000000000c:1,0.002,0.0025,0.002,0.002,2.6,2026-06-23T15:09:16,0.002,2.53
ip_shuffle,20260623T150916_081548,of:0000000000000006:2 -> of:000000000000000a:2,0.002,0.0025,0.002,0.002,2.16,2026-06-23T15:09:16,0.002,2.1
ip_shuffle,20260623T150916_081548,of:0000000000000001:3 -> of:000000000000000d:1,0.002,0.0025,0.002,0.002,2.7,2026-06-23T15:09:16,0.002,2.83
ip_shuffle,20260623T150916_081548,of:0000000000000003:1 -> of:000000000000000b:5,0.002,0.0025,0.002,0.002,1.66,2026-06-23T15:09:16,0.002,1.73
ip_shuffle,20260623T150916_081548,of:0000000000000006:1 -> of:000000000000000d:4,0.002,0.0025,0.002,0.002,2.86,2026-06-23T15:09:16,0.002,2.73
ip_shuffle,20260623T150916_081548,of:0000000000000007:2 -> of:000000000000000a:3,0.002,0.0025,0.002,0.002,2.1,2026-06-23T15:09:16,0.002,2.1
ip_shuffle,20260623T150916_081548,of:0000000000000007:1 -> of:000000000000000d:5,0.002,0.0025,0.002,0.002,1.7,2026-06-23T15:09:16,0.002,1.76
ip_shuffle,20260623T150916_081548,of:0000000000000002:2 -> of:0000000000000008:2,0.002,0.0025,0.002,0.002,2.13,2026-06-23T15:09:16,0.002,2.13
ip_shuffle,20260623T150916_081548,of:0000000000000003:2 -> of:0000000000000008:3,0.002,0.0025,0.002,0.002,2.13,2026-06-23T15:09:16,0.002,2.13
ip_shuffle,20260623T150916_081548,of:0000000000000008:1 -> of:000000000000000b:6,0.001,0.00125,0.001,0.001,1.66,2026-06-23T15:09:16,0.001,1.66
ip_shuffle,20260623T150916_081548,of:0000000000000004:2 -> of:0000000000000009:2,0.002,0.0025,0.002,0.002,2.16,2026-06-23T15:09:16,0.002,2.16
ip_shuffle,20260623T150916_081548,of:0000000000000002:1 -> of:000000000000000b:4,0.002,0.0025,0.002,0.002,1.66,2026-06-23T15:09:16,0.002,1.73
ip_shuffle,20260623T150916_081548,of:0000000000000009:1 -> of:000000000000000c:6,0.001,0.00125,0.001,0.001,1.66,2026-06-23T15:09:16,0.001,1.66
ip_shuffle,20260623T151020_284228,of:0000000000000004:1 -> of:000000000000000c:4,0.001,0.00125,0.001,0.001,1.37,2026-06-23T15:10:20,0.001,1.37
ip_shuffle,20260623T151020_284228,of:0000000000000005:1 -> of:000000000000000c:5,0.001,0.00125,0.001,0.001,1.37,2026-06-23T15:10:20,0.001,1.37
ip_shuffle,20260623T151020_284228,of:000000000000000a:1 -> of:000000000000000d:6,0.002,0.0025,0.002,0.002,1.43,2026-06-23T15:10:20,0.002,1.43
ip_shuffle,20260623T151020_284228,of:000000000000000b:3 -> of:000000000000000d:2,0.002,0.0025,0.002,0.002,1.53,2026-06-23T15:10:20,0.002,1.53
ip_shuffle,20260623T151020_284228,of:000000000000000c:3 -> of:000000000000000d:3,0.002,0.0025,0.002,0.002,1.53,2026-06-23T15:10:20,0.002,1.53
ip_shuffle,20260623T151020_284228,of:0000000000000005:2 -> of:0000000000000009:3,0.001,0.00125,0.001,0.001,1.47,2026-06-23T15:10:20,0.001,1.47
ip_shuffle,20260623T151020_284228,of:0000000000000001:1 -> of:000000000000000b:1,0.002,0.0025,0.002,0.002,2.4,2026-06-23T15:10:20,0.002,2.4
ip_shuffle,20260623T151020_284228,of:000000000000000b:2 -> of:000000000000000c:2,0.002,0.0025,0.002,0.002,1.53,2026-06-23T15:10:20,0.002,1.53
ip_shuffle,20260623T151020_284228,of:0000000000000001:2 -> of:000000000000000c:1,0.001,0.00125,0.001,0.001,1.37,2026-06-23T15:10:20,0.001,1.37
ip_shuffle,20260623T151020_284228,of:0000000000000006:2 -> of:000000000000000a:2,0.002,0.0025,0.002,0.002,1.53,2026-06-23T15:10:20,0.002,1.53
ip_shuffle,20260623T151020_284228,of:0000000000000001:3 -> of:000000000000000d:1,0.001,0.00125,0.001,0.001,1.37,2026-06-23T15:10:20,0.001,1.37
ip_shuffle,20260623T151020_284228,of:0000000000000003:1 -> of:000000000000000b:5,0.001,0.00125,0.001,0.001,1.4,2026-06-23T15:10:20,0.001,1.4
ip_shuffle,20260623T151020_284228,of:0000000000000006:1 -> of:000000000000000d:4,0.002,0.0025,0.002,0.002,1.43,2026-06-23T15:10:20,0.002,1.43
ip_shuffle,20260623T151020_284228,of:0000000000000007:2 -> of:000000000000000a:3,0.002,0.0025,0.002,0.002,1.53,2026-06-23T15:10:20,0.002,1.53
ip_shuffle,20260623T151020_284228,of:0000000000000007:1 -> of:000000000000000d:5,0.002,0.0025,0.002,0.002,1.43,2026-06-23T15:10:20,0.002,1.43
ip_shuffle,20260623T151020_284228,of:0000000000000002:2 -> of:0000000000000008:2,0.001,0.00125,0.001,0.001,1.47,2026-06-23T15:10:20,0.001,1.47
ip_shuffle,20260623T151020_284228,of:0000000000000003:2 -> of:0000000000000008:3,0.001,0.00125,0.001,0.001,1.47,2026-06-23T15:10:20,0.001,1.47
ip_shuffle,20260623T151020_284228,of:0000000000000008:1 -> of:000000000000000b:6,0.002,0.0025,0.002,0.002,1.43,2026-06-23T15:10:20,0.002,1.43
ip_shuffle,20260623T151020_284228,of:0000000000000004:2 -> of:0000000000000009:2,0.001,0.00125,0.001,0.001,1.47,2026-06-23T15:10:20,0.001,1.47
ip_shuffle,20260623T151020_284228,of:0000000000000002:1 -> of:000000000000000b:4,0.002,0.0025,0.002,0.002,2.36,2026-06-23T15:10:20,0.002,2.36
ip_shuffle,20260623T151020_284228,of:0000000000000009:1 -> of:000000000000000c:6,0.002,0.0025,0.002,0.002,1.43,2026-06-23T15:10:20,0.002,1.43
route_mutation,20260623T151117_785902,of:0000000000000004:1 -> of:000000000000000c:4,0.002,0.0025,0.002,0.002,2.09,2026-06-23T15:11:17,0.002,2.06
route_mutation,20260623T151117_785902,of:0000000000000005:1 -> of:000000000000000c:5,0.002,0.0025,0.002,0.002,2.09,2026-06-23T15:11:17,0.002,2.06
route_mutation,20260623T151117_785902,of:000000000000000a:1 -> of:000000000000000d:6,0.002,0.0025,0.002,0.002,2.06,2026-06-23T15:11:17,0.002,2.03
route_mutation,20260623T151117_785902,of:000000000000000b:3 -> of:000000000000000d:2,0.002,0.0025,0.002,0.002,2.82,2026-06-23T15:11:17,0.002,2.82
route_mutation,20260623T151117_785902,of:000000000000000c:3 -> of:000000000000000d:3,0.002,0.0025,0.002,0.002,2.76,2026-06-23T15:11:17,0.002,2.76
route_mutation,20260623T151117_785902,of:0000000000000005:2 -> of:0000000000000009:3,0.002,0.0025,0.002,0.002,2.96,2026-06-23T15:11:17,0.002,2.96
route_mutation,20260623T151117_785902,of:0000000000000001:1 -> of:000000000000000b:1,0.002,0.0025,0.002,0.002,2.13,2026-06-23T15:11:17,0.002,2.16
route_mutation,20260623T151117_785902,of:000000000000000b:2 -> of:000000000000000c:2,0.002,0.0025,0.002,0.002,2.86,2026-06-23T15:11:17,0.002,2.86
route_mutation,20260623T151117_785902,of:0000000000000001:2 -> of:000000000000000c:1,0.002,0.0025,0.002,0.002,2.06,2026-06-23T15:11:17,0.002,2.09
route_mutation,20260623T151117_785902,of:0000000000000006:2 -> of:000000000000000a:2,0.002,0.0025,0.002,0.002,2.89,2026-06-23T15:11:17,0.002,2.96
route_mutation,20260623T151117_785902,of:0000000000000001:3 -> of:000000000000000d:1,0.003,0.00375,0.003,0.003,4.32,2026-06-23T15:11:17,0.003,4.22
route_mutation,20260623T151117_785902,of:0000000000000003:1 -> of:000000000000000b:5,0.002,0.0025,0.002,0.002,2.16,2026-06-23T15:11:17,0.002,2.13
route_mutation,20260623T151117_785902,of:0000000000000006:1 -> of:000000000000000d:4,0.002,0.0025,0.002,0.002,2.89,2026-06-23T15:11:17,0.002,2.92
route_mutation,20260623T151117_785902,of:0000000000000007:2 -> of:000000000000000a:3,0.002,0.0025,0.002,0.002,2.92,2026-06-23T15:11:17,0.002,2.92
route_mutation,20260623T151117_785902,of:0000000000000007:1 -> of:000000000000000d:5,0.003,0.00375,0.003,0.003,3.35,2026-06-23T15:11:17,0.003,3.32
route_mutation,20260623T151117_785902,of:0000000000000002:2 -> of:0000000000000008:2,0.002,0.0025,0.002,0.002,2.96,2026-06-23T15:11:17,0.002,2.96
route_mutation,20260623T151117_785902,of:0000000000000003:2 -> of:0000000000000008:3,0.002,0.0025,0.002,0.002,2.96,2026-06-23T15:11:17,0.002,2.96
route_mutation,20260623T151117_785902,of:0000000000000008:1 -> of:000000000000000b:6,0.002,0.0025,0.002,0.002,2.13,2026-06-23T15:11:17,0.002,2.13
route_mutation,20260623T151117_785902,of:0000000000000004:2 -> of:0000000000000009:2,0.002,0.0025,0.002,0.002,2.96,2026-06-23T15:11:17,0.002,2.96
route_mutation,20260623T151117_785902,of:0000000000000002:1 -> of:000000000000000b:4,0.002,0.0025,0.002,0.002,2.16,2026-06-23T15:11:17,0.002,2.13
route_mutation,20260623T151117_785902,of:0000000000000009:1 -> of:000000000000000c:6,0.002,0.0025,0.002,0.002,2.06,2026-06-23T15:11:17,0.002,2.06
ip_shuffle,20260623T151148_122300,of:0000000000000004:1 -> of:000000000000000c:4,0.001,0.00125,0.001,0.001,1.33,2026-06-23T15:11:48,0.001,1.36
ip_shuffle,20260623T151148_122300,of:0000000000000005:1 -> of:000000000000000c:5,0.001,0.00125,0.001,0.001,1.33,2026-06-23T15:11:48,0.001,1.36
ip_shuffle,20260623T151148_122300,of:000000000000000a:1 -> of:000000000000000d:6,0.002,0.0025,0.002,0.002,1.43,2026-06-23T15:11:48,0.002,1.43
ip_shuffle,20260623T151148_122300,of:000000000000000b:3 -> of:000000000000000d:2,0.002,0.0025,0.002,0.002,1.53,2026-06-23T15:11:48,0.002,1.53
ip_shuffle,20260623T151148_122300,of:000000000000000c:3 -> of:000000000000000d:3,0.002,0.0025,0.002,0.002,1.53,2026-06-23T15:11:48,0.002,1.53
ip_shuffle,20260623T151148_122300,of:0000000000000005:2 -> of:0000000000000009:3,0.001,0.00125,0.001,0.001,1.43,2026-06-23T15:11:48,0.001,1.43
ip_shuffle,20260623T151148_122300,of:0000000000000001:1 -> of:000000000000000b:1,0.002,0.0025,0.002,0.001,1.36,2026-06-23T15:11:48,0.002,1.43
ip_shuffle,20260623T151148_122300,of:000000000000000b:2 -> of:000000000000000c:2,0.002,0.0025,0.002,0.002,1.53,2026-06-23T15:11:48,0.002,1.53
ip_shuffle,20260623T151148_122300,of:0000000000000001:2 -> of:000000000000000c:1,0.001,0.00125,0.001,0.001,1.36,2026-06-23T15:11:48,0.001,1.3
ip_shuffle,20260623T151148_122300,of:0000000000000006:2 -> of:000000000000000a:2,0.002,0.0025,0.002,0.002,1.5,2026-06-23T15:11:48,0.002,1.5
ip_shuffle,20260623T151148_122300,of:0000000000000001:3 -> of:000000000000000d:1,0.001,0.00125,0.001,0.001,1.4,2026-06-23T15:11:48,0.001,1.33
ip_shuffle,20260623T151148_122300,of:0000000000000003:1 -> of:000000000000000b:5,0.001,0.00125,0.001,0.001,1.33,2026-06-23T15:11:48,0.001,1.36
ip_shuffle,20260623T151148_122300,of:0000000000000006:1 -> of:000000000000000d:4,0.002,0.0025,0.002,0.002,1.4,2026-06-23T15:11:48,0.002,1.43
ip_shuffle,20260623T151148_122300,of:0000000000000007:2 -> of:000000000000000a:3,0.002,0.0025,0.002,0.002,1.5,2026-06-23T15:11:48,0.002,1.5
ip_shuffle,20260623T151148_122300,of:0000000000000007:1 -> of:000000000000000d:5,0.002,0.0025,0.002,0.002,1.43,2026-06-23T15:11:48,0.002,1.46
ip_shuffle,20260623T151148_122300,of:0000000000000002:2 -> of:0000000000000008:2,0.001,0.00125,0.001,0.001,1.43,2026-06-23T15:11:48,0.001,1.43
ip_shuffle,20260623T151148_122300,of:0000000000000003:2 -> of:0000000000000008:3,0.001,0.00125,0.001,0.001,1.43,2026-06-23T15:11:48,0.001,1.43
ip_shuffle,20260623T151148_122300,of:0000000000000008:1 -> of:000000000000000b:6,0.002,0.0025,0.002,0.002,1.43,2026-06-23T15:11:48,0.002,1.43
ip_shuffle,20260623T151148_122300,of:0000000000000004:2 -> of:0000000000000009:2,0.001,0.00125,0.001,0.001,1.43,2026-06-23T15:11:48,0.001,1.43
ip_shuffle,20260623T151148_122300,of:0000000000000002:1 -> of:000000000000000b:4,0.002,0.0025,0.002,0.002,1.46,2026-06-23T15:11:48,0.002,1.43
ip_shuffle,20260623T151148_122300,of:0000000000000009:1 -> of:000000000000000c:6,0.002,0.0025,0.002,0.002,1.43,2026-06-23T15:11:48,0.002,1.43
ip_shuffle,20260623T151245_744020,of:0000000000000004:1 -> of:000000000000000c:4,0.002,0.0025,0.002,0.002,2.1,2026-06-23T15:12:45,0.002,2.13
ip_shuffle,20260623T151245_744020,of:0000000000000005:1 -> of:000000000000000c:5,0.002,0.0025,0.002,0.002,2.23,2026-06-23T15:12:45,0.002,2.23
ip_shuffle,20260623T151245_744020,of:000000000000000a:1 -> of:000000000000000d:6,0.002,0.0025,0.002,0.002,2.13,2026-06-23T15:12:45,0.002,2.13
ip_shuffle,20260623T151245_744020,of:000000000000000b:3 -> of:000000000000000d:2,0.002,0.0025,0.002,0.002,3.0,2026-06-23T15:12:45,0.002,3.0
ip_shuffle,20260623T151245_744020,of:000000000000000c:3 -> of:000000000000000d:3,0.002,0.0025,0.002,0.002,2.93,2026-06-23T15:12:45,0.002,2.93
ip_shuffle,20260623T151245_744020,of:0000000000000005:2 -> of:0000000000000009:3,0.002,0.0025,0.002,0.002,3.03,2026-06-23T15:12:45,0.002,3.03
ip_shuffle,20260623T151245_744020,of:0000000000000001:1 -> of:000000000000000b:1,0.002,0.0025,0.002,0.002,2.2,2026-06-23T15:12:45,0.002,2.13
ip_shuffle,20260623T151245_744020,of:000000000000000b:2 -> of:000000000000000c:2,0.002,0.0025,0.002,0.002,3.0,2026-06-23T15:12:45,0.002,3.0
ip_shuffle,20260623T151245_744020,of:0000000000000001:2 -> of:000000000000000c:1,0.002,0.0025,0.002,0.002,2.23,2026-06-23T15:12:45,0.002,2.2
ip_shuffle,20260623T151245_744020,of:0000000000000006:2 -> of:000000000000000a:2,0.002,0.0025,0.002,0.002,2.96,2026-06-23T15:12:45,0.002,3.03
ip_shuffle,20260623T151245_744020,of:0000000000000001:3 -> of:000000000000000d:1,0.003,0.00375,0.003,0.003,4.23,2026-06-23T15:12:45,0.003,4.29
ip_shuffle,20260623T151245_744020,of:0000000000000003:1 -> of:000000000000000b:5,0.002,0.0025,0.002,0.002,2.16,2026-06-23T15:12:45,0.002,2.2
ip_shuffle,20260623T151245_744020,of:0000000000000006:1 -> of:000000000000000d:4,0.003,0.00375,0.003,0.003,3.36,2026-06-23T15:12:45,0.003,3.43
ip_shuffle,20260623T151245_744020,of:0000000000000007:2 -> of:000000000000000a:3,0.002,0.0025,0.002,0.002,3.06,2026-06-23T15:12:45,0.002,3.06
ip_shuffle,20260623T151245_744020,of:0000000000000007:1 -> of:000000000000000d:5,0.002,0.0025,0.002,0.002,3.1,2026-06-23T15:12:45,0.002,3.03
ip_shuffle,20260623T151245_744020,of:0000000000000002:2 -> of:0000000000000008:2,0.002,0.0025,0.002,0.002,3.03,2026-06-23T15:12:45,0.002,3.03
ip_shuffle,20260623T151245_744020,of:0000000000000003:2 -> of:0000000000000008:3,0.002,0.0025,0.002,0.002,3.03,2026-06-23T15:12:45,0.002,3.03
ip_shuffle,20260623T151245_744020,of:0000000000000008:1 -> of:000000000000000b:6,0.002,0.0025,0.002,0.002,2.2,2026-06-23T15:12:45,0.002,2.2
ip_shuffle,20260623T151245_744020,of:0000000000000004:2 -> of:0000000000000009:2,0.002,0.0025,0.002,0.002,3.03,2026-06-23T15:12:45,0.002,3.03
ip_shuffle,20260623T151245_744020,of:0000000000000002:1 -> of:000000000000000b:4,0.002,0.0025,0.002,0.002,2.16,2026-06-23T15:12:45,0.002,2.2
ip_shuffle,20260623T151245_744020,of:0000000000000009:1 -> of:000000000000000c:6,0.002,0.0025,0.002,0.002,2.13,2026-06-23T15:12:45,0.002,2.13
route_mutation,20260623T151343_426052,of:0000000000000004:1 -> of:000000000000000c:4,0.002,0.0025,0.002,0.002,2.26,2026-06-23T15:13:43,0.002,2.23
route_mutation,20260623T151343_426052,of:0000000000000005:1 -> of:000000000000000c:5,0.002,0.0025,0.002,0.002,1.6,2026-06-23T15:13:43,0.002,1.6
route_mutation,20260623T151343_426052,of:000000000000000a:1 -> of:000000000000000d:6,0.002,0.0025,0.002,0.002,1.53,2026-06-23T15:13:43,0.002,1.53
route_mutation,20260623T151343_426052,of:000000000000000b:3 -> of:000000000000000d:2,0.002,0.0025,0.002,0.002,1.8,2026-06-23T15:13:43,0.002,1.8
route_mutation,20260623T151343_426052,of:000000000000000c:3 -> of:000000000000000d:3,0.002,0.0025,0.002,0.002,1.8,2026-06-23T15:13:43,0.002,1.8
route_mutation,20260623T151343_426052,of:0000000000000005:2 -> of:0000000000000009:3,0.002,0.0025,0.002,0.002,1.73,2026-06-23T15:13:43,0.002,1.73
route_mutation,20260623T151343_426052,of:0000000000000001:1 -> of:000000000000000b:1,0.003,0.00375,0.003,0.003,3.66,2026-06-23T15:13:43,0.003,3.66
route_mutation,20260623T151343_426052,of:000000000000000b:2 -> of:000000000000000c:2,0.002,0.0025,0.002,0.002,1.8,2026-06-23T15:13:43,0.002,1.8
route_mutation,20260623T151343_426052,of:0000000000000001:2 -> of:000000000000000c:1,0.002,0.0025,0.002,0.002,2.2,2026-06-23T15:13:43,0.002,2.2
route_mutation,20260623T151343_426052,of:0000000000000006:2 -> of:000000000000000a:2,0.002,0.0025,0.002,0.002,1.73,2026-06-23T15:13:43,0.002,1.66
route_mutation,20260623T151343_426052,of:0000000000000001:3 -> of:000000000000000d:1,0.002,0.0025,0.002,0.002,1.6,2026-06-23T15:13:43,0.002,1.6
route_mutation,20260623T151343_426052,of:0000000000000003:1 -> of:000000000000000b:5,0.002,0.0025,0.002,0.002,2.63,2026-06-23T15:13:43,0.002,2.63
route_mutation,20260623T151343_426052,of:0000000000000006:1 -> of:000000000000000d:4,0.002,0.0025,0.002,0.002,1.53,2026-06-23T15:13:43,0.002,1.53
route_mutation,20260623T151343_426052,of:0000000000000007:2 -> of:000000000000000a:3,0.002,0.0025,0.002,0.002,1.66,2026-06-23T15:13:43,0.002,1.66
route_mutation,20260623T151343_426052,of:0000000000000007:1 -> of:000000000000000d:5,0.002,0.0025,0.002,0.002,1.53,2026-06-23T15:13:43,0.002,1.53
route_mutation,20260623T151343_426052,of:0000000000000002:2 -> of:0000000000000008:2,0.002,0.0025,0.002,0.002,1.73,2026-06-23T15:13:43,0.002,1.73
route_mutation,20260623T151343_426052,of:0000000000000003:2 -> of:0000000000000008:3,0.002,0.0025,0.002,0.002,1.73,2026-06-23T15:13:43,0.002,1.73
route_mutation,20260623T151343_426052,of:0000000000000008:1 -> of:000000000000000b:6,0.002,0.0025,0.002,0.002,1.53,2026-06-23T15:13:43,0.002,1.53
route_mutation,20260623T151343_426052,of:0000000000000004:2 -> of:0000000000000009:2,0.002,0.0025,0.002,0.002,1.73,2026-06-23T15:13:43,0.002,1.73
route_mutation,20260623T151343_426052,of:0000000000000002:1 -> of:000000000000000b:4,0.002,0.0025,0.002,0.002,2.63,2026-06-23T15:13:43,0.002,2.63
route_mutation,20260623T151343_426052,of:0000000000000009:1 -> of:000000000000000c:6,0.002,0.0025,0.002,0.002,1.53,2026-06-23T15:13:43,0.002,1.53
ip_shuffle,20260623T151413_716780,of:0000000000000004:1 -> of:000000000000000c:4,0.002,0.0025,0.002,0.002,2.03,2026-06-23T15:14:13,0.002,2.1
ip_shuffle,20260623T151413_716780,of:0000000000000005:1 -> of:000000000000000c:5,0.002,0.0025,0.002,0.002,2.7,2026-06-23T15:14:13,0.002,2.73
ip_shuffle,20260623T151413_716780,of:000000000000000a:1 -> of:000000000000000d:6,0.002,0.0025,0.002,0.002,1.93,2026-06-23T15:14:13,0.002,1.93
ip_shuffle,20260623T151413_716780,of:000000000000000b:3 -> of:000000000000000d:2,0.002,0.0025,0.002,0.002,2.53,2026-06-23T15:14:13,0.002,2.53
ip_shuffle,20260623T151413_716780,of:000000000000000c:3 -> of:000000000000000d:3,0.002,0.0025,0.002,0.002,2.53,2026-06-23T15:14:13,0.002,2.53
ip_shuffle,20260623T151413_716780,of:0000000000000005:2 -> of:0000000000000009:3,0.002,0.0025,0.002,0.002,2.63,2026-06-23T15:14:13,0.002,2.63
ip_shuffle,20260623T151413_716780,of:0000000000000001:1 -> of:000000000000000b:1,0.002,0.0025,0.002,0.002,1.93,2026-06-23T15:14:13,0.002,1.86
ip_shuffle,20260623T151413_716780,of:000000000000000b:2 -> of:000000000000000c:2,0.002,0.0025,0.002,0.002,2.53,2026-06-23T15:14:13,0.002,2.53
ip_shuffle,20260623T151413_716780,of:0000000000000001:2 -> of:000000000000000c:1,0.002,0.0025,0.002,0.002,2.93,2026-06-23T15:14:13,0.002,2.86
ip_shuffle,20260623T151413_716780,of:0000000000000006:2 -> of:000000000000000a:2,0.002,0.0025,0.002,0.002,2.56,2026-06-23T15:14:13,0.002,2.63
ip_shuffle,20260623T151413_716780,of:0000000000000001:3 -> of:000000000000000d:1,0.003,0.00375,0.003,0.003,3.3,2026-06-23T15:14:13,0.003,3.4
ip_shuffle,20260623T151413_716780,of:0000000000000003:1 -> of:000000000000000b:5,0.002,0.0025,0.002,0.002,1.86,2026-06-23T15:14:13,0.002,1.93
ip_shuffle,20260623T151413_716780,of:0000000000000006:1 -> of:000000000000000d:4,0.003,0.00375,0.003,0.003,3.26,2026-06-23T15:14:13,0.003,3.23
ip_shuffle,20260623T151413_716780,of:0000000000000007:2 -> of:000000000000000a:3,0.002,0.0025,0.002,0.002,2.63,2026-06-23T15:14:13,0.002,2.63
ip_shuffle,20260623T151413_716780,of:0000000000000007:1 -> of:000000000000000d:5,0.002,0.0025,0.002,0.002,2.16,2026-06-23T15:14:13,0.002,2.13
ip_shuffle,20260623T151413_716780,of:0000000000000002:2 -> of:0000000000000008:2,0.002,0.0025,0.002,0.002,2.56,2026-06-23T15:14:13,0.002,2.56
ip_shuffle,20260623T151413_716780,of:0000000000000003:2 -> of:0000000000000008:3,0.002,0.0025,0.002,0.002,2.56,2026-06-23T15:14:13,0.002,2.56
ip_shuffle,20260623T151413_716780,of:0000000000000008:1 -> of:000000000000000b:6,0.002,0.0025,0.002,0.002,1.9,2026-06-23T15:14:13,0.002,1.93
ip_shuffle,20260623T151413_716780,of:0000000000000004:2 -> of:0000000000000009:2,0.002,0.0025,0.002,0.002,2.63,2026-06-23T15:14:13,0.002,2.63
ip_shuffle,20260623T151413_716780,of:0000000000000002:1 -> of:000000000000000b:4,0.002,0.0025,0.002,0.002,1.86,2026-06-23T15:14:13,0.002,1.93
ip_shuffle,20260623T151413_716780,of:0000000000000009:1 -> of:000000000000000c:6,0.002,0.0025,0.002,0.002,1.93,2026-06-23T15:14:13,0.002,1.93
ip_shuffle,20260623T151511_552100,of:0000000000000004:1 -> of:000000000000000c:4,0.001,0.00125,0.001,0.001,1.36,2026-06-23T15:15:11,0.001,1.4
ip_shuffle,20260623T151511_552100,of:0000000000000005:1 -> of:000000000000000c:5,0.001,0.00125,0.001,0.001,1.36,2026-06-23T15:15:11,0.001,1.4
ip_shuffle,20260623T151511_552100,of:000000000000000a:1 -> of:000000000000000d:6,0.002,0.0025,0.002,0.002,1.46,2026-06-23T15:15:11,0.002,1.5
ip_shuffle,20260623T151511_552100,of:000000000000000b:3 -> of:000000000000000d:2,0.002,0.0025,0.002,0.002,1.63,2026-06-23T15:15:11,0.002,1.63
ip_shuffle,20260623T151511_552100,of:000000000000000c:3 -> of:000000000000000d:3,0.002,0.0025,0.002,0.002,1.63,2026-06-23T15:15:11,0.002,1.63
ip_shuffle,20260623T151511_552100,of:0000000000000005:2 -> of:0000000000000009:3,0.001,0.00125,0.001,0.001,1.43,2026-06-23T15:15:11,0.001,1.43
ip_shuffle,20260623T151511_552100,of:0000000000000001:1 -> of:000000000000000b:1,0.003,0.00375,0.003,0.003,3.2,2026-06-23T15:15:11,0.003,3.2
ip_shuffle,20260623T151511_552100,of:000000000000000b:2 -> of:000000000000000c:2,0.002,0.0025,0.002,0.002,1.6,2026-06-23T15:15:11,0.002,1.6
ip_shuffle,20260623T151511_552100,of:0000000000000001:2 -> of:000000000000000c:1,0.002,0.0025,0.002,0.002,1.46,2026-06-23T15:15:11,0.002,1.43
ip_shuffle,20260623T151511_552100,of:0000000000000006:2 -> of:000000000000000a:2,0.001,0.00125,0.001,0.001,1.5,2026-06-23T15:15:11,0.001,1.5
ip_shuffle,20260623T151511_552100,of:0000000000000001:3 -> of:000000000000000d:1,0.002,0.0025,0.002,0.002,1.5,2026-06-23T15:15:11,0.002,1.43
ip_shuffle,20260623T151511_552100,of:0000000000000003:1 -> of:000000000000000b:5,0.002,0.0025,0.002,0.002,2.23,2026-06-23T15:15:11,0.002,2.23
ip_shuffle,20260623T151511_552100,of:0000000000000006:1 -> of:000000000000000d:4,0.001,0.00125,0.001,0.001,1.36,2026-06-23T15:15:11,0.001,1.43
ip_shuffle,20260623T151511_552100,of:0000000000000007:2 -> of:000000000000000a:3,0.001,0.00125,0.001,0.001,1.5,2026-06-23T15:15:11,0.001,1.5
ip_shuffle,20260623T151511_552100,of:0000000000000007:1 -> of:000000000000000d:5,0.001,0.00125,0.001,0.001,1.36,2026-06-23T15:15:11,0.001,1.43
ip_shuffle,20260623T151511_552100,of:0000000000000002:2 -> of:0000000000000008:2,0.001,0.00125,0.001,0.001,1.5,2026-06-23T15:15:11,0.001,1.5
ip_shuffle,20260623T151511_552100,of:0000000000000003:2 -> of:0000000000000008:3,0.001,0.00125,0.001,0.001,1.5,2026-06-23T15:15:11,0.001,1.5
ip_shuffle,20260623T151511_552100,of:0000000000000008:1 -> of:000000000000000b:6,0.001,0.00125,0.001,0.001,1.4,2026-06-23T15:15:11,0.001,1.4
ip_shuffle,20260623T151511_552100,of:0000000000000004:2 -> of:0000000000000009:2,0.001,0.00125,0.001,0.001,1.43,2026-06-23T15:15:11,0.001,1.43
ip_shuffle,20260623T151511_552100,of:0000000000000002:1 -> of:000000000000000b:4,0.002,0.0025,0.002,0.002,2.46,2026-06-23T15:15:11,0.002,2.5
ip_shuffle,20260623T151511_552100,of:0000000000000009:1 -> of:000000000000000c:6,0.001,0.00125,0.001,0.001,1.4,2026-06-23T15:15:11,0.001,1.4
route_mutation,20260623T151622_153110,of:0000000000000004:1 -> of:000000000000000c:4,0.002,0.0025,0.002,0.002,2.0,2026-06-23T15:16:22,0.002,1.96
route_mutation,20260623T151622_153110,of:0000000000000005:1 -> of:000000000000000c:5,0.002,0.0025,0.002,0.002,2.0,2026-06-23T15:16:22,0.002,1.96
route_mutation,20260623T151622_153110,of:000000000000000a:1 -> of:000000000000000d:6,0.002,0.0025,0.002,0.002,1.96,2026-06-23T15:16:22,0.002,1.93
route_mutation,20260623T151622_153110,of:000000000000000b:3 -> of:000000000000000d:2,0.002,0.0025,0.002,0.002,2.56,2026-06-23T15:16:22,0.002,2.56
route_mutation,20260623T151622_153110,of:000000000000000c:3 -> of:000000000000000d:3,0.002,0.0025,0.002,0.002,2.56,2026-06-23T15:16:22,0.002,2.56
route_mutation,20260623T151622_153110,of:0000000000000005:2 -> of:0000000000000009:3,0.002,0.0025,0.002,0.002,2.63,2026-06-23T15:16:22,0.002,2.63
route_mutation,20260623T151622_153110,of:0000000000000001:1 -> of:000000000000000b:1,0.002,0.0025,0.002,0.002,1.9,2026-06-23T15:16:22,0.002,1.96
route_mutation,20260623T151622_153110,of:000000000000000b:2 -> of:000000000000000c:2,0.002,0.0025,0.002,0.002,2.6,2026-06-23T15:16:22,0.002,2.6
route_mutation,20260623T151622_153110,of:0000000000000001:2 -> of:000000000000000c:1,0.002,0.0025,0.002,0.002,1.9,2026-06-23T15:16:22,0.002,1.96
route_mutation,20260623T151622_153110,of:0000000000000006:2 -> of:000000000000000a:2,0.002,0.0025,0.002,0.002,2.63,2026-06-23T15:16:22,0.002,2.63
route_mutation,20260623T151622_153110,of:0000000000000001:3 -> of:000000000000000d:1,0.003,0.00375,0.003,0.003,3.63,2026-06-23T15:16:22,0.003,3.49
route_mutation,20260623T151622_153110,of:0000000000000003:1 -> of:000000000000000b:5,0.002,0.0025,0.002,0.002,1.93,2026-06-23T15:16:22,0.002,1.9
route_mutation,20260623T151622_153110,of:0000000000000006:1 -> of:000000000000000d:4,0.002,0.0025,0.002,0.002,2.06,2026-06-23T15:16:22,0.002,2.23
route_mutation,20260623T151622_153110,of:0000000000000007:2 -> of:000000000000000a:3,0.002,0.0025,0.002,0.002,2.6,2026-06-23T15:16:22,0.002,2.6
route_mutation,20260623T151622_153110,of:0000000000000007:1 -> of:000000000000000d:5,0.003,0.00375,0.003,0.003,3.36,2026-06-23T15:16:22,0.003,3.33
route_mutation,20260623T151622_153110,of:0000000000000002:2 -> of:0000000000000008:2,0.002,0.0025,0.002,0.002,2.56,2026-06-23T15:16:22,0.002,2.56
route_mutation,20260623T151622_153110,of:0000000000000003:2 -> of:0000000000000008:3,0.002,0.0025,0.002,0.002,2.56,2026-06-23T15:16:22,0.002,2.56
route_mutation,20260623T151622_153110,of:0000000000000008:1 -> of:000000000000000b:6,0.002,0.0025,0.002,0.002,1.96,2026-06-23T15:16:22,0.002,1.96
route_mutation,20260623T151622_153110,of:0000000000000004:2 -> of:0000000000000009:2,0.002,0.0025,0.002,0.002,2.63,2026-06-23T15:16:22,0.002,2.63
route_mutation,20260623T151622_153110,of:0000000000000002:1 -> of:000000000000000b:4,0.002,0.0025,0.002,0.002,1.93,2026-06-23T15:16:22,0.002,1.9
route_mutation,20260623T151622_153110,of:0000000000000009:1 -> of:000000000000000c:6,0.002,0.0025,0.002,0.002,1.96,2026-06-23T15:16:22,0.002,1.96
ip_shuffle,20260623T151652_513102,of:0000000000000004:1 -> of:000000000000000c:4,0.001,0.00125,0.001,0.001,1.36,2026-06-23T15:16:52,0.001,1.36
ip_shuffle,20260623T151652_513102,of:0000000000000005:1 -> of:000000000000000c:5,0.001,0.00125,0.001,0.001,1.36,2026-06-23T15:16:52,0.001,1.36
ip_shuffle,20260623T151652_513102,of:000000000000000a:1 -> of:000000000000000d:6,0.002,0.0025,0.002,0.002,1.43,2026-06-23T15:16:52,0.002,1.43
ip_shuffle,20260623T151652_513102,of:000000000000000b:3 -> of:000000000000000d:2,0.002,0.0025,0.002,0.002,1.53,2026-06-23T15:16:52,0.002,1.53
ip_shuffle,20260623T151652_513102,of:000000000000000c:3 -> of:000000000000000d:3,0.002,0.0025,0.002,0.002,1.53,2026-06-23T15:16:52,0.002,1.53
ip_shuffle,20260623T151652_513102,of:0000000000000005:2 -> of:0000000000000009:3,0.001,0.00125,0.001,0.001,1.46,2026-06-23T15:16:52,0.001,1.46
ip_shuffle,20260623T151652_513102,of:0000000000000001:1 -> of:000000000000000b:1,0.002,0.0025,0.002,0.002,2.26,2026-06-23T15:16:52,0.002,2.26
ip_shuffle,20260623T151652_513102,of:000000000000000b:2 -> of:000000000000000c:2,0.002,0.0025,0.002,0.002,1.53,2026-06-23T15:16:52,0.002,1.53
ip_shuffle,20260623T151652_513102,of:0000000000000001:2 -> of:000000000000000c:1,0.002,0.0025,0.002,0.002,1.43,2026-06-23T15:16:52,0.002,1.43
ip_shuffle,20260623T151652_513102,of:0000000000000006:2 -> of:000000000000000a:2,0.001,0.00125,0.001,0.001,1.46,2026-06-23T15:16:52,0.001,1.46
ip_shuffle,20260623T151652_513102,of:0000000000000001:3 -> of:000000000000000d:1,0.002,0.0025,0.002,0.002,1.43,2026-06-23T15:16:52,0.002,1.43
ip_shuffle,20260623T151652_513102,of:0000000000000003:1 -> of:000000000000000b:5,0.002,0.0025,0.002,0.002,1.43,2026-06-23T15:16:52,0.002,1.43
ip_shuffle,20260623T151652_513102,of:0000000000000006:1 -> of:000000000000000d:4,0.001,0.00125,0.001,0.001,1.36,2026-06-23T15:16:52,0.001,1.36
ip_shuffle,20260623T151652_513102,of:0000000000000007:2 -> of:000000000000000a:3,0.001,0.00125,0.001,0.001,1.46,2026-06-23T15:16:52,0.001,1.46
ip_shuffle,20260623T151652_513102,of:0000000000000007:1 -> of:000000000000000d:5,0.001,0.00125,0.001,0.001,1.36,2026-06-23T15:16:52,0.001,1.36
ip_shuffle,20260623T151652_513102,of:0000000000000002:2 -> of:0000000000000008:2,0.001,0.00125,0.001,0.001,1.46,2026-06-23T15:16:52,0.001,1.46
ip_shuffle,20260623T151652_513102,of:0000000000000003:2 -> of:0000000000000008:3,0.001,0.00125,0.001,0.001,1.46,2026-06-23T15:16:52,0.001,1.46
ip_shuffle,20260623T151652_513102,of:0000000000000008:1 -> of:000000000000000b:6,0.001,0.00125,0.001,0.001,1.36,2026-06-23T15:16:52,0.001,1.36
ip_shuffle,20260623T151652_513102,of:0000000000000004:2 -> of:0000000000000009:2,0.001,0.00125,0.001,0.001,1.46,2026-06-23T15:16:52,0.001,1.46
ip_shuffle,20260623T151652_513102,of:0000000000000002:1 -> of:000000000000000b:4,0.002,0.0025,0.002,0.002,2.3,2026-06-23T15:16:52,0.002,2.3
ip_shuffle,20260623T151652_513102,of:0000000000000009:1 -> of:000000000000000c:6,0.002,0.0025,0.002,0.002,1.43,2026-06-23T15:16:52,0.002,1.43
route_mutation,20260623T151750_244163,of:0000000000000004:1 -> of:000000000000000c:4,0.002,0.0025,0.002,0.002,1.8,2026-06-23T15:17:50,0.002,1.83
route_mutation,20260623T151750_244163,of:0000000000000005:1 -> of:000000000000000c:5,0.002,0.0025,0.002,0.002,1.8,2026-06-23T15:17:50,0.002,1.83
route_mutation,20260623T151750_244163,of:000000000000000a:1 -> of:000000000000000d:6,0.002,0.0025,0.002,0.002,1.83,2026-06-23T15:17:50,0.002,1.86
route_mutation,20260623T151750_244163,of:000000000000000b:3 -> of:000000000000000d:2,0.002,0.0025,0.002,0.002,2.36,2026-06-23T15:17:50,0.002,2.36
route_mutation,20260623T151750_244163,of:000000000000000c:3 -> of:000000000000000d:3,0.002,0.0025,0.002,0.002,2.36,2026-06-23T15:17:50,0.002,2.36
route_mutation,20260623T151750_244163,of:0000000000000005:2 -> of:0000000000000009:3,0.002,0.0025,0.002,0.002,2.3,2026-06-23T15:17:50,0.002,2.3
route_mutation,20260623T151750_244163,of:0000000000000001:1 -> of:000000000000000b:1,0.002,0.0025,0.002,0.002,1.76,2026-06-23T15:17:50,0.002,1.7
route_mutation,20260623T151750_244163,of:000000000000000b:2 -> of:000000000000000c:2,0.002,0.0025,0.002,0.002,2.33,2026-06-23T15:17:50,0.002,2.33
route_mutation,20260623T151750_244163,of:0000000000000001:2 -> of:000000000000000c:1,0.002,0.0025,0.002,0.002,1.76,2026-06-23T15:17:50,0.002,1.7
route_mutation,20260623T151750_244163,of:0000000000000006:2 -> of:000000000000000a:2,0.002,0.0025,0.002,0.002,2.3,2026-06-23T15:17:50,0.002,2.3
route_mutation,20260623T151750_244163,of:0000000000000001:3 -> of:000000000000000d:1,0.002,0.0025,0.002,0.002,2.86,2026-06-23T15:17:50,0.002,2.99
route_mutation,20260623T151750_244163,of:0000000000000003:1 -> of:000000000000000b:5,0.002,0.0025,0.002,0.002,1.73,2026-06-23T15:17:50,0.002,1.76
route_mutation,20260623T151750_244163,of:0000000000000006:1 -> of:000000000000000d:4,0.002,0.0025,0.002,0.002,2.79,2026-06-23T15:17:50,0.002,2.93
route_mutation,20260623T151750_244163,of:0000000000000007:2 -> of:000000000000000a:3,0.002,0.0025,0.002,0.002,2.33,2026-06-23T15:17:50,0.002,2.33
route_mutation,20260623T151750_244163,of:0000000000000007:1 -> of:000000000000000d:5,0.002,0.0025,0.002,0.002,2.03,2026-06-23T15:17:50,0.002,1.96
route_mutation,20260623T151750_244163,of:0000000000000002:2 -> of:0000000000000008:2,0.002,0.0025,0.002,0.002,2.23,2026-06-23T15:17:50,0.002,2.23
route_mutation,20260623T151750_244163,of:0000000000000003:2 -> of:0000000000000008:3,0.002,0.0025,0.002,0.002,2.23,2026-06-23T15:17:50,0.002,2.23
route_mutation,20260623T151750_244163,of:0000000000000008:1 -> of:000000000000000b:6,0.002,0.0025,0.002,0.002,1.83,2026-06-23T15:17:50,0.002,1.83
route_mutation,20260623T151750_244163,of:0000000000000004:2 -> of:0000000000000009:2,0.002,0.0025,0.002,0.002,2.3,2026-06-23T15:17:50,0.002,2.3
route_mutation,20260623T151750_244163,of:0000000000000002:1 -> of:000000000000000b:4,0.002,0.0025,0.002,0.002,1.73,2026-06-23T15:17:50,0.002,1.76
route_mutation,20260623T151750_244163,of:0000000000000009:1 -> of:000000000000000c:6,0.002,0.0025,0.002,0.002,1.83,2026-06-23T15:17:50,0.002,1.83
ip_shuffle,20260623T151820_578035,of:0000000000000004:1 -> of:000000000000000c:4,0.002,0.0025,0.002,0.002,1.7,2026-06-23T15:18:20,0.002,1.66
ip_shuffle,20260623T151820_578035,of:0000000000000005:1 -> of:000000000000000c:5,0.002,0.0025,0.002,0.002,1.7,2026-06-23T15:18:20,0.002,1.66
ip_shuffle,20260623T151820_578035,of:000000000000000a:1 -> of:000000000000000d:6,0.002,0.0025,0.002,0.002,1.73,2026-06-23T15:18:20,0.002,1.7
ip_shuffle,20260623T151820_578035,of:000000000000000b:3 -> of:000000000000000d:2,0.002,0.0025,0.002,0.002,2.1,2026-06-23T15:18:20,0.002,2.1
ip_shuffle,20260623T151820_578035,of:000000000000000c:3 -> of:000000000000000d:3,0.002,0.0025,0.002,0.002,2.1,2026-06-23T15:18:20,0.002,2.1
ip_shuffle,20260623T151820_578035,of:0000000000000005:2 -> of:0000000000000009:3,0.002,0.0025,0.002,0.002,2.1,2026-06-23T15:18:20,0.002,2.1
ip_shuffle,20260623T151820_578035,of:0000000000000001:1 -> of:000000000000000b:1,0.002,0.0025,0.002,0.002,1.73,2026-06-23T15:18:20,0.002,1.8
ip_shuffle,20260623T151820_578035,of:000000000000000b:2 -> of:000000000000000c:2,0.002,0.0025,0.002,0.002,2.13,2026-06-23T15:18:20,0.002,2.13
ip_shuffle,20260623T151820_578035,of:0000000000000001:2 -> of:000000000000000c:1,0.002,0.0025,0.002,0.002,1.73,2026-06-23T15:18:20,0.002,1.8
ip_shuffle,20260623T151820_578035,of:0000000000000006:2 -> of:000000000000000a:2,0.002,0.0025,0.002,0.002,2.1,2026-06-23T15:18:20,0.002,2.1
ip_shuffle,20260623T151820_578035,of:0000000000000001:3 -> of:000000000000000d:1,0.003,0.00375,0.003,0.003,3.13,2026-06-23T15:18:20,0.003,2.99
ip_shuffle,20260623T151820_578035,of:0000000000000003:1 -> of:000000000000000b:5,0.002,0.0025,0.002,0.002,1.76,2026-06-23T15:18:20,0.002,1.73
ip_shuffle,20260623T151820_578035,of:0000000000000006:1 -> of:000000000000000d:4,0.002,0.0025,0.002,0.002,1.73,2026-06-23T15:18:20,0.002,1.66
ip_shuffle,20260623T151820_578035,of:0000000000000007:2 -> of:000000000000000a:3,0.002,0.0025,0.002,0.002,2.06,2026-06-23T15:18:20,0.002,2.06
ip_shuffle,20260623T151820_578035,of:0000000000000007:1 -> of:000000000000000d:5,0.002,0.0025,0.002,0.002,2.86,2026-06-23T15:18:20,0.002,2.93
ip_shuffle,20260623T151820_578035,of:0000000000000002:2 -> of:0000000000000008:2,0.002,0.0025,0.002,0.002,2.1,2026-06-23T15:18:20,0.002,2.1
ip_shuffle,20260623T151820_578035,of:0000000000000003:2 -> of:0000000000000008:3,0.002,0.0025,0.002,0.002,2.1,2026-06-23T15:18:20,0.002,2.1
ip_shuffle,20260623T151820_578035,of:0000000000000008:1 -> of:000000000000000b:6,0.002,0.0025,0.002,0.002,1.66,2026-06-23T15:18:20,0.002,1.66
ip_shuffle,20260623T151820_578035,of:0000000000000004:2 -> of:0000000000000009:2,0.002,0.0025,0.002,0.002,2.1,2026-06-23T15:18:20,0.002,2.1
ip_shuffle,20260623T151820_578035,of:0000000000000002:1 -> of:000000000000000b:4,0.002,0.0025,0.002,0.002,1.76,2026-06-23T15:18:20,0.002,1.73
ip_shuffle,20260623T151820_578035,of:0000000000000009:1 -> of:000000000000000c:6,0.002,0.0025,0.002,0.002,1.73,2026-06-23T15:18:20,0.002,1.73
route_mutation,20260623T151924_737698,of:0000000000000004:1 -> of:000000000000000c:4,0.002,0.0025,0.002,0.002,2.53,2026-06-23T15:19:24,0.002,2.6
route_mutation,20260623T151924_737698,of:0000000000000005:1 -> of:000000000000000c:5,0.002,0.0025,0.002,0.002,2.56,2026-06-23T15:19:24,0.002,2.63
route_mutation,20260623T151924_737698,of:000000000000000a:1 -> of:000000000000000d:6,0.002,0.0025,0.002,0.002,1.76,2026-06-23T15:19:24,0.002,1.8
route_mutation,20260623T151924_737698,of:000000000000000b:3 -> of:000000000000000d:2,0.002,0.0025,0.002,0.002,2.26,2026-06-23T15:19:24,0.002,2.23
route_mutation,20260623T151924_737698,of:000000000000000c:3 -> of:000000000000000d:3,0.002,0.0025,0.002,0.002,2.26,2026-06-23T15:19:24,0.002,2.26
route_mutation,20260623T151924_737698,of:0000000000000005:2 -> of:0000000000000009:3,0.002,0.0025,0.002,0.002,2.23,2026-06-23T15:19:24,0.002,2.23
route_mutation,20260623T151924_737698,of:0000000000000001:1 -> of:000000000000000b:1,0.002,0.0025,0.002,0.002,1.96,2026-06-23T15:19:24,0.002,2.13
route_mutation,20260623T151924_737698,of:000000000000000b:2 -> of:000000000000000c:2,0.002,0.0025,0.002,0.002,2.23,2026-06-23T15:19:24,0.002,2.23
route_mutation,20260623T151924_737698,of:0000000000000001:2 -> of:000000000000000c:1,0.003,0.00375,0.003,0.003,3.4,2026-06-23T15:19:24,0.003,3.4
route_mutation,20260623T151924_737698,of:0000000000000006:2 -> of:000000000000000a:2,0.002,0.0025,0.002,0.002,2.2,2026-06-23T15:19:24,0.002,2.2
route_mutation,20260623T151924_737698,of:0000000000000001:3 -> of:000000000000000d:1,0.002,0.0025,0.002,0.002,2.83,2026-06-23T15:19:24,0.002,2.7
route_mutation,20260623T151924_737698,of:0000000000000003:1 -> of:000000000000000b:5,0.002,0.0025,0.002,0.002,2.2,2026-06-23T15:19:24,0.002,2.23
route_mutation,20260623T151924_737698,of:0000000000000006:1 -> of:000000000000000d:4,0.002,0.0025,0.002,0.002,2.6,2026-06-23T15:19:24,0.002,2.63
route_mutation,20260623T151924_737698,of:0000000000000007:2 -> of:000000000000000a:3,0.002,0.0025,0.002,0.002,2.2,2026-06-23T15:19:24,0.002,2.2
route_mutation,20260623T151924_737698,of:0000000000000007:1 -> of:000000000000000d:5,0.002,0.0025,0.002,0.002,1.86,2026-06-23T15:19:24,0.002,1.9
route_mutation,20260623T151924_737698,of:0000000000000002:2 -> of:0000000000000008:2,0.002,0.0025,0.002,0.002,2.1,2026-06-23T15:19:24,0.002,2.1
route_mutation,20260623T151924_737698,of:0000000000000003:2 -> of:0000000000000008:3,0.002,0.0025,0.002,0.002,2.1,2026-06-23T15:19:24,0.002,2.1
route_mutation,20260623T151924_737698,of:0000000000000008:1 -> of:000000000000000b:6,0.002,0.0025,0.002,0.002,1.76,2026-06-23T15:19:24,0.002,1.76
route_mutation,20260623T151924_737698,of:0000000000000004:2 -> of:0000000000000009:2,0.002,0.0025,0.002,0.002,2.16,2026-06-23T15:19:24,0.002,2.16
route_mutation,20260623T151924_737698,of:0000000000000002:1 -> of:000000000000000b:4,0.002,0.0025,0.002,0.002,1.66,2026-06-23T15:19:24,0.002,1.7
route_mutation,20260623T151924_737698,of:0000000000000009:1 -> of:000000000000000c:6,0.002,0.0025,0.002,0.002,1.76,2026-06-23T15:19:24,0.002,1.8
ip_shuffle,20260623T151954_985869,of:0000000000000004:1 -> of:000000000000000c:4,0.002,0.0025,0.002,0.002,2.06,2026-06-23T15:19:54,0.002,2.0
ip_shuffle,20260623T151954_985869,of:0000000000000005:1 -> of:000000000000000c:5,0.002,0.0025,0.002,0.002,2.06,2026-06-23T15:19:54,0.002,2.0
ip_shuffle,20260623T151954_985869,of:000000000000000a:1 -> of:000000000000000d:6,0.002,0.0025,0.002,0.002,2.1,2026-06-23T15:19:54,0.002,2.06
ip_shuffle,20260623T151954_985869,of:000000000000000b:3 -> of:000000000000000d:2,0.002,0.0025,0.002,0.002,2.8,2026-06-23T15:19:54,0.002,2.83
ip_shuffle,20260623T151954_985869,of:000000000000000c:3 -> of:000000000000000d:3,0.002,0.0025,0.002,0.002,2.8,2026-06-23T15:19:54,0.002,2.8
ip_shuffle,20260623T151954_985869,of:0000000000000005:2 -> of:0000000000000009:3,0.002,0.0025,0.002,0.002,2.83,2026-06-23T15:19:54,0.002,2.83
ip_shuffle,20260623T151954_985869,of:0000000000000001:1 -> of:000000000000000b:1,0.002,0.0025,0.002,0.002,2.1,2026-06-23T15:19:54,0.002,2.0
ip_shuffle,20260623T151954_985869,of:000000000000000b:2 -> of:000000000000000c:2,0.002,0.0025,0.002,0.002,2.83,2026-06-23T15:19:54,0.002,2.83
ip_shuffle,20260623T151954_985869,of:0000000000000001:2 -> of:000000000000000c:1,0.002,0.0025,0.002,0.002,2.06,2026-06-23T15:19:54,0.002,2.0
ip_shuffle,20260623T151954_985869,of:0000000000000006:2 -> of:000000000000000a:2,0.002,0.0025,0.002,0.002,2.8,2026-06-23T15:19:54,0.002,2.8
ip_shuffle,20260623T151954_985869,of:0000000000000001:3 -> of:000000000000000d:1,0.003,0.00375,0.003,0.003,3.76,2026-06-23T15:19:54,0.003,3.83
ip_shuffle,20260623T151954_985869,of:0000000000000003:1 -> of:000000000000000b:5,0.002,0.0025,0.002,0.002,2.13,2026-06-23T15:19:54,0.002,2.1
ip_shuffle,20260623T151954_985869,of:0000000000000006:1 -> of:000000000000000d:4,0.002,0.0025,0.002,0.002,2.46,2026-06-23T15:19:54,0.002,2.5
ip_shuffle,20260623T151954_985869,of:0000000000000007:2 -> of:000000000000000a:3,0.002,0.0025,0.002,0.002,2.8,2026-06-23T15:19:54,0.002,2.8
ip_shuffle,20260623T151954_985869,of:0000000000000007:1 -> of:000000000000000d:5,0.003,0.00375,0.003,0.003,3.46,2026-06-23T15:19:54,0.003,3.43
ip_shuffle,20260623T151954_985869,of:0000000000000002:2 -> of:0000000000000008:2,0.002,0.0025,0.002,0.002,2.9,2026-06-23T15:19:54,0.002,2.9
ip_shuffle,20260623T151954_985869,of:0000000000000003:2 -> of:0000000000000008:3,0.002,0.0025,0.002,0.002,2.9,2026-06-23T15:19:54,0.002,2.9
ip_shuffle,20260623T151954_985869,of:0000000000000008:1 -> of:000000000000000b:6,0.002,0.0025,0.002,0.002,2.1,2026-06-23T15:19:54,0.002,2.1
ip_shuffle,20260623T151954_985869,of:0000000000000004:2 -> of:0000000000000009:2,0.002,0.0025,0.002,0.002,2.83,2026-06-23T15:19:54,0.002,2.83
ip_shuffle,20260623T151954_985869,of:0000000000000002:1 -> of:000000000000000b:4,0.002,0.0025,0.002,0.002,2.13,2026-06-23T15:19:54,0.002,2.1
ip_shuffle,20260623T151954_985869,of:0000000000000009:1 -> of:000000000000000c:6,0.002,0.0025,0.002,0.002,2.1,2026-06-23T15:19:54,0.002,2.06
route_mutation,20260623T152052_650239,of:0000000000000004:1 -> of:000000000000000c:4,0.002,0.0025,0.002,0.002,2.29,2026-06-23T15:20:52,0.002,2.33
route_mutation,20260623T152052_650239,of:0000000000000005:1 -> of:000000000000000c:5,0.002,0.0025,0.002,0.002,2.29,2026-06-23T15:20:52,0.002,2.33
route_mutation,20260623T152052_650239,of:000000000000000a:1 -> of:000000000000000d:6,0.001,0.00125,0.001,0.001,1.46,2026-06-23T15:20:52,0.001,1.46
route_mutation,20260623T152052_650239,of:000000000000000b:3 -> of:000000000000000d:2,0.002,0.0025,0.002,0.002,1.66,2026-06-23T15:20:52,0.002,1.66
route_mutation,20260623T152052_650239,of:000000000000000c:3 -> of:000000000000000d:3,0.002,0.0025,0.002,0.002,1.66,2026-06-23T15:20:52,0.002,1.66
route_mutation,20260623T152052_650239,of:0000000000000005:2 -> of:0000000000000009:3,0.002,0.0025,0.002,0.002,1.66,2026-06-23T15:20:52,0.002,1.66
route_mutation,20260623T152052_650239,of:0000000000000001:1 -> of:000000000000000b:1,0.003,0.00375,0.003,0.003,2.93,2026-06-23T15:20:52,0.003,3.06
route_mutation,20260623T152052_650239,of:000000000000000b:2 -> of:000000000000000c:2,0.002,0.0025,0.002,0.002,1.73,2026-06-23T15:20:52,0.002,1.73
route_mutation,20260623T152052_650239,of:0000000000000001:2 -> of:000000000000000c:1,0.003,0.00375,0.003,0.003,3.12,2026-06-23T15:20:52,0.003,3.22
route_mutation,20260623T152052_650239,of:0000000000000006:2 -> of:000000000000000a:2,0.002,0.0025,0.002,0.002,1.7,2026-06-23T15:20:52,0.002,1.7
route_mutation,20260623T152052_650239,of:0000000000000001:3 -> of:000000000000000d:1,0.002,0.0025,0.002,0.002,1.76,2026-06-23T15:20:52,0.002,1.63
route_mutation,20260623T152052_650239,of:0000000000000003:1 -> of:000000000000000b:5,0.002,0.0025,0.002,0.002,2.43,2026-06-23T15:20:52,0.002,2.49
route_mutation,20260623T152052_650239,of:0000000000000006:1 -> of:000000000000000d:4,0.002,0.0025,0.002,0.002,1.56,2026-06-23T15:20:52,0.002,1.53
route_mutation,20260623T152052_650239,of:0000000000000007:2 -> of:000000000000000a:3,0.002,0.0025,0.002,0.002,1.7,2026-06-23T15:20:52,0.002,1.7
route_mutation,20260623T152052_650239,of:0000000000000007:1 -> of:000000000000000d:5,0.001,0.00125,0.001,0.001,1.43,2026-06-23T15:20:52,0.001,1.46
route_mutation,20260623T152052_650239,of:0000000000000002:2 -> of:0000000000000008:2,0.002,0.0025,0.002,0.002,1.56,2026-06-23T15:20:52,0.002,1.56
route_mutation,20260623T152052_650239,of:0000000000000003:2 -> of:0000000000000008:3,0.002,0.0025,0.002,0.002,1.56,2026-06-23T15:20:52,0.002,1.56
route_mutation,20260623T152052_650239,of:0000000000000008:1 -> of:000000000000000b:6,0.002,0.0025,0.002,0.002,1.5,2026-06-23T15:20:52,0.002,1.53
route_mutation,20260623T152052_650239,of:0000000000000004:2 -> of:0000000000000009:2,0.002,0.0025,0.002,0.002,1.66,2026-06-23T15:20:52,0.002,1.66
route_mutation,20260623T152052_650239,of:0000000000000002:1 -> of:000000000000000b:4,0.002,0.0025,0.002,0.002,2.09,2026-06-23T15:20:52,0.002,2.13
route_mutation,20260623T152052_650239,of:0000000000000009:1 -> of:000000000000000c:6,0.002,0.0025,0.002,0.002,1.5,2026-06-23T15:20:52,0.002,1.53
ip_shuffle,20260623T152123_000096,of:0000000000000004:1 -> of:000000000000000c:4,0.002,0.0025,0.002,0.002,1.9,2026-06-23T15:21:23,0.002,1.9
ip_shuffle,20260623T152123_000096,of:0000000000000005:1 -> of:000000000000000c:5,0.002,0.0025,0.002,0.002,1.9,2026-06-23T15:21:23,0.002,1.9
ip_shuffle,20260623T152123_000096,of:000000000000000a:1 -> of:000000000000000d:6,0.002,0.0025,0.002,0.002,1.96,2026-06-23T15:21:23,0.002,2.0
ip_shuffle,20260623T152123_000096,of:000000000000000b:3 -> of:000000000000000d:2,0.002,0.0025,0.002,0.002,2.63,2026-06-23T15:21:23,0.002,2.63
ip_shuffle,20260623T152123_000096,of:000000000000000c:3 -> of:000000000000000d:3,0.002,0.0025,0.002,0.002,2.63,2026-06-23T15:21:23,0.002,2.63
ip_shuffle,20260623T152123_000096,of:0000000000000005:2 -> of:0000000000000009:3,0.002,0.0025,0.002,0.002,2.56,2026-06-23T15:21:23,0.002,2.56
ip_shuffle,20260623T152123_000096,of:0000000000000001:1 -> of:000000000000000b:1,0.002,0.0025,0.002,0.002,1.96,2026-06-23T15:21:23,0.002,1.96
ip_shuffle,20260623T152123_000096,of:000000000000000b:2 -> of:000000000000000c:2,0.002,0.0025,0.002,0.002,2.6,2026-06-23T15:21:23,0.002,2.6
ip_shuffle,20260623T152123_000096,of:0000000000000001:2 -> of:000000000000000c:1,0.002,0.0025,0.002,0.002,1.96,2026-06-23T15:21:23,0.002,1.96
ip_shuffle,20260623T152123_000096,of:0000000000000006:2 -> of:000000000000000a:2,0.002,0.0025,0.002,0.002,2.53,2026-06-23T15:21:23,0.002,2.53
ip_shuffle,20260623T152123_000096,of:0000000000000001:3 -> of:000000000000000d:1,0.003,0.00375,0.003,0.003,3.63,2026-06-23T15:21:23,0.003,3.66
ip_shuffle,20260623T152123_000096,of:0000000000000003:1 -> of:000000000000000b:5,0.002,0.0025,0.002,0.002,2.0,2026-06-23T15:21:23,0.002,1.96
ip_shuffle,20260623T152123_000096,of:0000000000000006:1 -> of:000000000000000d:4,0.003,0.00375,0.003,0.002,3.03,2026-06-23T15:21:23,0.003,3.13
ip_shuffle,20260623T152123_000096,of:0000000000000007:2 -> of:000000000000000a:3,0.002,0.0025,0.002,0.002,2.56,2026-06-23T15:21:23,0.002,2.56
ip_shuffle,20260623T152123_000096,of:0000000000000007:1 -> of:000000000000000d:5,0.002,0.0025,0.002,0.002,2.4,2026-06-23T15:21:23,0.002,2.33
ip_shuffle,20260623T152123_000096,of:0000000000000002:2 -> of:0000000000000008:2,0.002,0.0025,0.002,0.002,2.66,2026-06-23T15:21:23,0.002,2.66
ip_shuffle,20260623T152123_000096,of:0000000000000003:2 -> of:0000000000000008:3,0.002,0.0025,0.002,0.002,2.66,2026-06-23T15:21:23,0.002,2.66
ip_shuffle,20260623T152123_000096,of:0000000000000008:1 -> of:000000000000000b:6,0.002,0.0025,0.002,0.002,2.0,2026-06-23T15:21:23,0.002,1.96
ip_shuffle,20260623T152123_000096,of:0000000000000004:2 -> of:0000000000000009:2,0.002,0.0025,0.002,0.002,2.56,2026-06-23T15:21:23,0.002,2.56
ip_shuffle,20260623T152123_000096,of:0000000000000002:1 -> of:000000000000000b:4,0.002,0.0025,0.002,0.002,2.0,2026-06-23T15:21:23,0.002,1.96
ip_shuffle,20260623T152123_000096,of:0000000000000009:1 -> of:000000000000000c:6,0.002,0.0025,0.002,0.002,2.0,2026-06-23T15:21:23,0.002,1.96
ip_shuffle,20260623T152220_805186,of:0000000000000004:1 -> of:000000000000000c:4,0.002,0.0025,0.002,0.002,1.7,2026-06-23T15:22:20,0.002,1.63
ip_shuffle,20260623T152220_805186,of:0000000000000005:1 -> of:000000000000000c:5,0.002,0.0025,0.002,0.002,1.63,2026-06-23T15:22:20,0.002,1.6
ip_shuffle,20260623T152220_805186,of:000000000000000a:1 -> of:000000000000000d:6,0.001,0.00125,0.001,0.001,1.43,2026-06-23T15:22:20,0.001,1.46
ip_shuffle,20260623T152220_805186,of:000000000000000b:3 -> of:000000000000000d:2,0.747,0.93375,0.747,0.747,64.91,2026-06-23T15:22:20,0.728,63.28
ip_shuffle,20260623T152220_805186,of:000000000000000c:3 -> of:000000000000000d:3,0.002,0.0025,0.002,0.002,1.66,2026-06-23T15:22:20,0.002,1.66
ip_shuffle,20260623T152220_805186,of:0000000000000005:2 -> of:0000000000000009:3,0.002,0.0025,0.002,0.002,1.8,2026-06-23T15:22:20,0.002,1.8
ip_shuffle,20260623T152220_805186,of:0000000000000001:1 -> of:000000000000000b:1,0.003,0.00375,0.003,0.003,3.53,2026-06-23T15:22:20,0.003,3.4
ip_shuffle,20260623T152220_805186,of:000000000000000b:2 -> of:000000000000000c:2,0.002,0.0025,0.002,0.002,1.7,2026-06-23T15:22:20,0.002,1.7
ip_shuffle,20260623T152220_805186,of:0000000000000001:2 -> of:000000000000000c:1,0.002,0.0025,0.002,0.002,1.56,2026-06-23T15:22:20,0.002,1.6
ip_shuffle,20260623T152220_805186,of:0000000000000006:2 -> of:000000000000000a:2,0.002,0.0025,0.002,0.002,1.8,2026-06-23T15:22:20,0.002,1.8
ip_shuffle,20260623T152220_805186,of:0000000000000001:3 -> of:000000000000000d:1,0.001,0.00125,0.001,0.001,1.46,2026-06-23T15:22:20,0.001,1.5
ip_shuffle,20260623T152220_805186,of:0000000000000003:1 -> of:000000000000000b:5,0.002,0.0025,0.002,0.002,2.36,2026-06-23T15:22:20,0.002,2.5
ip_shuffle,20260623T152220_805186,of:0000000000000006:1 -> of:000000000000000d:4,0.002,0.0025,0.002,0.002,1.56,2026-06-23T15:22:20,0.002,1.53
ip_shuffle,20260623T152220_805186,of:0000000000000007:2 -> of:000000000000000a:3,0.002,0.0025,0.002,0.002,1.66,2026-06-23T15:22:20,0.002,1.66
ip_shuffle,20260623T152220_805186,of:0000000000000007:1 -> of:000000000000000d:5,0.747,0.93375,0.747,0.709,61.48,2026-06-23T15:22:20,0.747,64.71
ip_shuffle,20260623T152220_805186,of:0000000000000002:2 -> of:0000000000000008:2,0.002,0.0025,0.002,0.002,1.73,2026-06-23T15:22:20,0.002,1.73
ip_shuffle,20260623T152220_805186,of:0000000000000003:2 -> of:0000000000000008:3,0.002,0.0025,0.002,0.002,1.73,2026-06-23T15:22:20,0.002,1.73
ip_shuffle,20260623T152220_805186,of:0000000000000008:1 -> of:000000000000000b:6,0.002,0.0025,0.002,0.002,1.5,2026-06-23T15:22:20,0.002,1.5
ip_shuffle,20260623T152220_805186,of:0000000000000004:2 -> of:0000000000000009:2,0.002,0.0025,0.002,0.002,1.8,2026-06-23T15:22:20,0.002,1.8
ip_shuffle,20260623T152220_805186,of:0000000000000002:1 -> of:000000000000000b:4,0.837,1.0,0.837,0.729,64.28,2026-06-23T15:22:20,0.837,73.26
ip_shuffle,20260623T152220_805186,of:0000000000000009:1 -> of:000000000000000c:6,0.002,0.0025,0.002,0.002,1.5,2026-06-23T15:22:20,0.002,1.53
route_mutation,20260623T152325_060201,of:0000000000000004:1 -> of:000000000000000c:4,0.002,0.0025,0.002,0.002,1.8,2026-06-23T15:23:25,0.002,1.9
route_mutation,20260623T152325_060201,of:0000000000000005:1 -> of:000000000000000c:5,0.002,0.0025,0.002,0.002,1.8,2026-06-23T15:23:25,0.002,1.9
route_mutation,20260623T152325_060201,of:000000000000000a:1 -> of:000000000000000d:6,0.002,0.0025,0.002,0.002,1.83,2026-06-23T15:23:25,0.002,1.83
route_mutation,20260623T152325_060201,of:000000000000000b:3 -> of:000000000000000d:2,0.002,0.0025,0.002,0.002,2.46,2026-06-23T15:23:25,0.002,2.46
route_mutation,20260623T152325_060201,of:000000000000000c:3 -> of:000000000000000d:3,0.002,0.0025,0.002,0.002,2.46,2026-06-23T15:23:25,0.002,2.46
route_mutation,20260623T152325_060201,of:0000000000000005:2 -> of:0000000000000009:3,0.002,0.0025,0.002,0.002,2.46,2026-06-23T15:23:25,0.002,2.46
route_mutation,20260623T152325_060201,of:0000000000000001:1 -> of:000000000000000b:1,0.002,0.0025,0.002,0.002,1.83,2026-06-23T15:23:25,0.002,1.73
route_mutation,20260623T152325_060201,of:000000000000000b:2 -> of:000000000000000c:2,0.002,0.0025,0.002,0.002,2.46,2026-06-23T15:23:25,0.002,2.46
route_mutation,20260623T152325_060201,of:0000000000000001:2 -> of:000000000000000c:1,0.002,0.0025,0.002,0.002,1.83,2026-06-23T15:23:25,0.002,1.73
route_mutation,20260623T152325_060201,of:0000000000000006:2 -> of:000000000000000a:2,0.002,0.0025,0.002,0.002,2.4,2026-06-23T15:23:25,0.002,2.4
route_mutation,20260623T152325_060201,of:0000000000000001:3 -> of:000000000000000d:1,0.003,0.00375,0.003,0.003,3.3,2026-06-23T15:23:25,0.003,3.43
route_mutation,20260623T152325_060201,of:0000000000000003:1 -> of:000000000000000b:5,0.002,0.0025,0.002,0.002,1.73,2026-06-23T15:23:25,0.002,1.83
route_mutation,20260623T152325_060201,of:0000000000000006:1 -> of:000000000000000d:4,0.002,0.0025,0.002,0.002,2.2,2026-06-23T15:23:25,0.002,2.03
route_mutation,20260623T152325_060201,of:0000000000000007:2 -> of:000000000000000a:3,0.002,0.0025,0.002,0.002,2.56,2026-06-23T15:23:25,0.002,2.56
route_mutation,20260623T152325_060201,of:0000000000000007:1 -> of:000000000000000d:5,0.003,0.00375,0.003,0.003,3.33,2026-06-23T15:23:25,0.003,3.33
route_mutation,20260623T152325_060201,of:0000000000000002:2 -> of:0000000000000008:2,0.002,0.0025,0.002,0.002,2.46,2026-06-23T15:23:25,0.002,2.46
route_mutation,20260623T152325_060201,of:0000000000000003:2 -> of:0000000000000008:3,0.002,0.0025,0.002,0.002,2.46,2026-06-23T15:23:25,0.002,2.46
route_mutation,20260623T152325_060201,of:0000000000000008:1 -> of:000000000000000b:6,0.002,0.0025,0.002,0.002,1.93,2026-06-23T15:23:25,0.002,1.9
route_mutation,20260623T152325_060201,of:0000000000000004:2 -> of:0000000000000009:2,0.002,0.0025,0.002,0.002,2.46,2026-06-23T15:23:25,0.002,2.46
route_mutation,20260623T152325_060201,of:0000000000000002:1 -> of:000000000000000b:4,0.002,0.0025,0.002,0.002,1.73,2026-06-23T15:23:25,0.002,1.83
route_mutation,20260623T152325_060201,of:0000000000000009:1 -> of:000000000000000c:6,0.002,0.0025,0.002,0.002,1.86,2026-06-23T15:23:25,0.002,1.83
route_mutation,20260623T152355_840540,of:0000000000000004:1 -> of:000000000000000c:4,0.001,0.00125,0.001,0.001,1.42,2026-06-23T15:23:55,0.001,1.42
route_mutation,20260623T152355_840540,of:0000000000000005:1 -> of:000000000000000c:5,0.001,0.00125,0.001,0.001,1.42,2026-06-23T15:23:55,0.001,1.42
route_mutation,20260623T152355_840540,of:000000000000000a:1 -> of:000000000000000d:6,0.002,0.0025,0.002,0.002,1.49,2026-06-23T15:23:55,0.002,1.49
route_mutation,20260623T152355_840540,of:000000000000000b:3 -> of:000000000000000d:2,0.115,0.14375,0.115,0.061,7.44,2026-06-23T15:23:55,0.115,12.03
route_mutation,20260623T152355_840540,of:000000000000000c:3 -> of:000000000000000d:3,0.002,0.0025,0.002,0.002,1.62,2026-06-23T15:23:55,0.002,1.62
route_mutation,20260623T152355_840540,of:0000000000000005:2 -> of:0000000000000009:3,0.002,0.0025,0.002,0.002,1.55,2026-06-23T15:23:55,0.002,1.55
route_mutation,20260623T152355_840540,of:0000000000000001:1 -> of:000000000000000b:1,0.002,0.0025,0.002,0.002,2.55,2026-06-23T15:23:55,0.002,2.52
route_mutation,20260623T152355_840540,of:000000000000000b:2 -> of:000000000000000c:2,0.002,0.0025,0.002,0.002,1.68,2026-06-23T15:23:55,0.002,1.68
route_mutation,20260623T152355_840540,of:0000000000000001:2 -> of:000000000000000c:1,0.002,0.0025,0.002,0.002,1.49,2026-06-23T15:23:55,0.002,1.49
route_mutation,20260623T152355_840540,of:0000000000000006:2 -> of:000000000000000a:2,0.002,0.0025,0.002,0.002,1.55,2026-06-23T15:23:55,0.002,1.55
route_mutation,20260623T152355_840540,of:0000000000000001:3 -> of:000000000000000d:1,0.001,0.00125,0.001,0.001,1.42,2026-06-23T15:23:55,0.001,1.42
route_mutation,20260623T152355_840540,of:0000000000000003:1 -> of:000000000000000b:5,0.002,0.0025,0.002,0.002,1.55,2026-06-23T15:23:55,0.002,1.52
route_mutation,20260623T152355_840540,of:0000000000000006:1 -> of:000000000000000d:4,0.001,0.00125,0.001,0.001,1.39,2026-06-23T15:23:55,0.001,1.39
route_mutation,20260623T152355_840540,of:0000000000000007:2 -> of:000000000000000a:3,0.002,0.0025,0.002,0.002,1.68,2026-06-23T15:23:55,0.002,1.68
route_mutation,20260623T152355_840540,of:0000000000000007:1 -> of:000000000000000d:5,0.113,0.14125,0.113,0.113,11.7,2026-06-23T15:23:55,0.06,7.27
route_mutation,20260623T152355_840540,of:0000000000000002:2 -> of:0000000000000008:2,0.002,0.0025,0.002,0.002,1.62,2026-06-23T15:23:55,0.002,1.62
route_mutation,20260623T152355_840540,of:0000000000000003:2 -> of:0000000000000008:3,0.002,0.0025,0.002,0.002,1.62,2026-06-23T15:23:55,0.002,1.62
route_mutation,20260623T152355_840540,of:0000000000000008:1 -> of:000000000000000b:6,0.002,0.0025,0.002,0.002,1.55,2026-06-23T15:23:55,0.002,1.55
route_mutation,20260623T152355_840540,of:0000000000000004:2 -> of:0000000000000009:2,0.002,0.0025,0.002,0.002,1.55,2026-06-23T15:23:55,0.002,1.55
route_mutation,20260623T152355_840540,of:0000000000000002:1 -> of:000000000000000b:4,0.119,0.14875,0.119,0.119,13.16,2026-06-23T15:23:55,0.113,12.64
route_mutation,20260623T152355_840540,of:0000000000000009:1 -> of:000000000000000c:6,0.002,0.0025,0.002,0.002,1.55,2026-06-23T15:23:55,0.002,1.55
route_mutation,20260623T152426_156092,of:0000000000000004:1 -> of:000000000000000c:4,0.002,0.0025,0.002,0.002,2.3,2026-06-23T15:24:26,0.002,2.3
route_mutation,20260623T152426_156092,of:0000000000000005:1 -> of:000000000000000c:5,0.002,0.0025,0.002,0.002,1.63,2026-06-23T15:24:26,0.002,1.63
route_mutation,20260623T152426_156092,of:000000000000000a:1 -> of:000000000000000d:6,0.001,0.00125,0.001,0.001,1.5,2026-06-23T15:24:26,0.001,1.3
route_mutation,20260623T152426_156092,of:000000000000000b:3 -> of:000000000000000d:2,0.743,0.92875,0.743,0.586,51.21,2026-06-23T15:24:26,0.743,64.05
route_mutation,20260623T152426_156092,of:000000000000000c:3 -> of:000000000000000d:3,0.001,0.00125,0.001,0.001,1.6,2026-06-23T15:24:26,0.001,1.6
route_mutation,20260623T152426_156092,of:0000000000000005:2 -> of:0000000000000009:3,0.002,0.0025,0.002,0.002,1.8,2026-06-23T15:24:26,0.002,1.8
route_mutation,20260623T152426_156092,of:0000000000000001:1 -> of:000000000000000b:1,0.002,0.0025,0.002,0.002,2.33,2026-06-23T15:24:26,0.002,2.56
route_mutation,20260623T152426_156092,of:000000000000000b:2 -> of:000000000000000c:2,0.002,0.0025,0.002,0.002,1.8,2026-06-23T15:24:26,0.002,1.8
route_mutation,20260623T152426_156092,of:0000000000000001:2 -> of:000000000000000c:1,0.002,0.0025,0.002,0.002,2.3,2026-06-23T15:24:26,0.002,2.13
route_mutation,20260623T152426_156092,of:0000000000000006:2 -> of:000000000000000a:2,0.002,0.0025,0.002,0.002,1.8,2026-06-23T15:24:26,0.002,1.8
route_mutation,20260623T152426_156092,of:0000000000000001:3 -> of:000000000000000d:1,0.001,0.00125,0.001,0.001,1.23,2026-06-23T15:24:26,0.001,1.23
route_mutation,20260623T152426_156092,of:0000000000000003:1 -> of:000000000000000b:5,0.002,0.0025,0.002,0.002,2.4,2026-06-23T15:24:26,0.002,2.56
route_mutation,20260623T152426_156092,of:0000000000000006:1 -> of:000000000000000d:4,0.001,0.00125,0.001,0.001,1.5,2026-06-23T15:24:26,0.001,1.3
route_mutation,20260623T152426_156092,of:0000000000000007:2 -> of:000000000000000a:3,0.002,0.0025,0.002,0.002,1.8,2026-06-23T15:24:26,0.002,1.8
route_mutation,20260623T152426_156092,of:0000000000000007:1 -> of:000000000000000d:5,0.745,0.9312499999999999,0.745,0.745,64.15,2026-06-23T15:24:26,0.583,50.68
route_mutation,20260623T152426_156092,of:0000000000000002:2 -> of:0000000000000008:2,0.001,0.00125,0.001,0.001,1.6,2026-06-23T15:24:26,0.001,1.53
route_mutation,20260623T152426_156092,of:0000000000000003:2 -> of:0000000000000008:3,0.001,0.00125,0.001,0.001,1.6,2026-06-23T15:24:26,0.001,1.53
route_mutation,20260623T152426_156092,of:0000000000000008:1 -> of:000000000000000b:6,0.001,0.00125,0.001,0.001,1.5,2026-06-23T15:24:26,0.001,1.5
route_mutation,20260623T152426_156092,of:0000000000000004:2 -> of:0000000000000009:2,0.002,0.0025,0.002,0.002,1.8,2026-06-23T15:24:26,0.002,1.8
route_mutation,20260623T152426_156092,of:0000000000000002:1 -> of:000000000000000b:4,0.74,0.9249999999999999,0.74,0.74,63.99,2026-06-23T15:24:26,0.605,52.54
route_mutation,20260623T152426_156092,of:0000000000000009:1 -> of:000000000000000c:6,0.001,0.00125,0.001,0.001,1.5,2026-06-23T15:24:26,0.001,1.5
route_mutation,20260623T152456_483807,of:0000000000000004:1 -> of:000000000000000c:4,0.002,0.0025,0.002,0.002,1.96,2026-06-23T15:24:56,0.002,2.0
route_mutation,20260623T152456_483807,of:0000000000000005:1 -> of:000000000000000c:5,0.002,0.0025,0.002,0.002,2.63,2026-06-23T15:24:56,0.002,2.66
route_mutation,20260623T152456_483807,of:000000000000000a:1 -> of:000000000000000d:6,0.002,0.0025,0.002,0.002,2.0,2026-06-23T15:24:56,0.002,2.06
route_mutation,20260623T152456_483807,of:000000000000000b:3 -> of:000000000000000d:2,0.216,0.26999999999999996,0.216,0.216,21.14,2026-06-23T15:24:56,0.003,3.56
route_mutation,20260623T152456_483807,of:000000000000000c:3 -> of:000000000000000d:3,0.002,0.0025,0.002,0.002,2.8,2026-06-23T15:24:56,0.002,2.8
route_mutation,20260623T152456_483807,of:0000000000000005:2 -> of:0000000000000009:3,0.002,0.0025,0.002,0.002,2.7,2026-06-23T15:24:56,0.002,2.7
route_mutation,20260623T152456_483807,of:0000000000000001:1 -> of:000000000000000b:1,0.002,0.0025,0.002,0.002,2.26,2026-06-23T15:24:56,0.002,2.0
route_mutation,20260623T152456_483807,of:000000000000000b:2 -> of:000000000000000c:2,0.002,0.0025,0.002,0.002,2.8,2026-06-23T15:24:56,0.002,2.8
route_mutation,20260623T152456_483807,of:0000000000000001:2 -> of:000000000000000c:1,0.002,0.0025,0.002,0.002,2.8,2026-06-23T15:24:56,0.002,2.9
route_mutation,20260623T152456_483807,of:0000000000000006:2 -> of:000000000000000a:2,0.002,0.0025,0.002,0.002,2.7,2026-06-23T15:24:56,0.002,2.7
route_mutation,20260623T152456_483807,of:0000000000000001:3 -> of:000000000000000d:1,0.003,0.00375,0.003,0.003,3.83,2026-06-23T15:24:56,0.003,3.73
route_mutation,20260623T152456_483807,of:0000000000000003:1 -> of:000000000000000b:5,0.002,0.0025,0.002,0.002,2.13,2026-06-23T15:24:56,0.002,2.06
route_mutation,20260623T152456_483807,of:0000000000000006:1 -> of:000000000000000d:4,0.003,0.00375,0.003,0.003,3.2,2026-06-23T15:24:56,0.003,3.3
route_mutation,20260623T152456_483807,of:0000000000000007:2 -> of:000000000000000a:3,0.002,0.0025,0.002,0.002,2.7,2026-06-23T15:24:56,0.002,2.7
route_mutation,20260623T152456_483807,of:0000000000000007:1 -> of:000000000000000d:5,0.22,0.27499999999999997,0.22,0.003,2.96,2026-06-23T15:24:56,0.22,21.14
route_mutation,20260623T152456_483807,of:0000000000000002:2 -> of:0000000000000008:2,0.002,0.0025,0.002,0.002,2.83,2026-06-23T15:24:56,0.002,2.9
route_mutation,20260623T152456_483807,of:0000000000000003:2 -> of:0000000000000008:3,0.002,0.0025,0.002,0.002,2.83,2026-06-23T15:24:56,0.002,2.9
route_mutation,20260623T152456_483807,of:0000000000000008:1 -> of:000000000000000b:6,0.002,0.0025,0.002,0.002,2.03,2026-06-23T15:24:56,0.002,2.06
route_mutation,20260623T152456_483807,of:0000000000000004:2 -> of:0000000000000009:2,0.002,0.0025,0.002,0.002,2.7,2026-06-23T15:24:56,0.002,2.7
route_mutation,20260623T152456_483807,of:0000000000000002:1 -> of:000000000000000b:4,0.144,0.17999999999999997,0.144,0.002,2.4,2026-06-23T15:24:56,0.144,14.45
route_mutation,20260623T152456_483807,of:0000000000000009:1 -> of:000000000000000c:6,0.002,0.0025,0.002,0.002,2.06,2026-06-23T15:24:56,0.002,2.06
route_mutation,20260623T152526_857116,of:0000000000000004:1 -> of:000000000000000c:4,0.002,0.0025,0.002,0.002,1.56,2026-06-23T15:25:26,0.002,1.53
route_mutation,20260623T152526_857116,of:0000000000000005:1 -> of:000000000000000c:5,0.002,0.0025,0.002,0.002,1.56,2026-06-23T15:25:26,0.002,1.53
route_mutation,20260623T152526_857116,of:000000000000000a:1 -> of:000000000000000d:6,0.002,0.0025,0.002,0.002,1.53,2026-06-23T15:25:26,0.002,1.66
route_mutation,20260623T152526_857116,of:000000000000000b:3 -> of:000000000000000d:2,0.002,0.0025,0.002,0.002,1.93,2026-06-23T15:25:26,0.002,1.93
route_mutation,20260623T152526_857116,of:000000000000000c:3 -> of:000000000000000d:3,0.002,0.0025,0.002,0.002,1.93,2026-06-23T15:25:26,0.002,1.93
route_mutation,20260623T152526_857116,of:0000000000000005:2 -> of:0000000000000009:3,0.002,0.0025,0.002,0.002,1.83,2026-06-23T15:25:26,0.002,1.83
route_mutation,20260623T152526_857116,of:0000000000000001:1 -> of:000000000000000b:1,0.002,0.0025,0.002,0.002,1.53,2026-06-23T15:25:26,0.002,1.6
route_mutation,20260623T152526_857116,of:000000000000000b:2 -> of:000000000000000c:2,0.002,0.0025,0.002,0.002,1.73,2026-06-23T15:25:26,0.002,1.73
route_mutation,20260623T152526_857116,of:0000000000000001:2 -> of:000000000000000c:1,0.002,0.0025,0.002,0.002,1.53,2026-06-23T15:25:26,0.002,1.6
route_mutation,20260623T152526_857116,of:0000000000000006:2 -> of:000000000000000a:2,0.002,0.0025,0.002,0.002,1.83,2026-06-23T15:25:26,0.002,1.83
route_mutation,20260623T152526_857116,of:0000000000000001:3 -> of:000000000000000d:1,0.002,0.0025,0.002,0.002,2.66,2026-06-23T15:25:26,0.002,2.76
route_mutation,20260623T152526_857116,of:0000000000000003:1 -> of:000000000000000b:5,0.002,0.0025,0.002,0.002,1.6,2026-06-23T15:25:26,0.002,1.53
route_mutation,20260623T152526_857116,of:0000000000000006:1 -> of:000000000000000d:4,0.002,0.0025,0.002,0.002,1.63,2026-06-23T15:25:26,0.002,1.73
route_mutation,20260623T152526_857116,of:0000000000000007:2 -> of:000000000000000a:3,0.002,0.0025,0.002,0.002,1.83,2026-06-23T15:25:26,0.002,1.83
route_mutation,20260623T152526_857116,of:0000000000000007:1 -> of:000000000000000d:5,0.002,0.0025,0.002,0.002,2.73,2026-06-23T15:25:26,0.002,2.6
route_mutation,20260623T152526_857116,of:0000000000000002:2 -> of:0000000000000008:2,0.002,0.0025,0.002,0.002,1.9,2026-06-23T15:25:26,0.002,1.9
route_mutation,20260623T152526_857116,of:0000000000000003:2 -> of:0000000000000008:3,0.002,0.0025,0.002,0.002,1.9,2026-06-23T15:25:26,0.002,1.9
route_mutation,20260623T152526_857116,of:0000000000000008:1 -> of:000000000000000b:6,0.001,0.00125,0.001,0.001,1.5,2026-06-23T15:25:26,0.001,1.46
route_mutation,20260623T152526_857116,of:0000000000000004:2 -> of:0000000000000009:2,0.002,0.0025,0.002,0.002,1.83,2026-06-23T15:25:26,0.002,1.83
route_mutation,20260623T152526_857116,of:0000000000000002:1 -> of:000000000000000b:4,0.002,0.0025,0.002,0.002,1.6,2026-06-23T15:25:26,0.002,1.53
route_mutation,20260623T152526_857116,of:0000000000000009:1 -> of:000000000000000c:6,0.001,0.00125,0.001,0.001,1.46,2026-06-23T15:25:26,0.001,1.46
ip_shuffle,20260623T152557_238419,of:0000000000000004:1 -> of:000000000000000c:4,0.002,0.0025,0.002,0.002,1.6,2026-06-23T15:25:57,0.002,1.6
ip_shuffle,20260623T152557_238419,of:0000000000000005:1 -> of:000000000000000c:5,0.002,0.0025,0.002,0.002,1.53,2026-06-23T15:25:57,0.002,1.53
ip_shuffle,20260623T152557_238419,of:000000000000000a:1 -> of:000000000000000d:6,0.002,0.0025,0.002,0.002,1.53,2026-06-23T15:25:57,0.002,1.43
ip_shuffle,20260623T152557_238419,of:000000000000000b:3 -> of:000000000000000d:2,0.002,0.0025,0.002,0.002,1.63,2026-06-23T15:25:57,0.002,1.63
ip_shuffle,20260623T152557_238419,of:000000000000000c:3 -> of:000000000000000d:3,0.002,0.0025,0.002,0.002,1.63,2026-06-23T15:25:57,0.002,1.63
ip_shuffle,20260623T152557_238419,of:0000000000000005:2 -> of:0000000000000009:3,0.002,0.0025,0.002,0.002,1.73,2026-06-23T15:25:57,0.002,1.73
ip_shuffle,20260623T152557_238419,of:0000000000000001:1 -> of:000000000000000b:1,0.003,0.00375,0.003,0.003,3.4,2026-06-23T15:25:57,0.003,3.46
ip_shuffle,20260623T152557_238419,of:000000000000000b:2 -> of:000000000000000c:2,0.002,0.0025,0.002,0.002,1.73,2026-06-23T15:25:57,0.002,1.73
ip_shuffle,20260623T152557_238419,of:0000000000000001:2 -> of:000000000000000c:1,0.002,0.0025,0.002,0.002,1.53,2026-06-23T15:25:57,0.002,1.53
ip_shuffle,20260623T152557_238419,of:0000000000000006:2 -> of:000000000000000a:2,0.002,0.0025,0.002,0.002,1.73,2026-06-23T15:25:57,0.002,1.73
ip_shuffle,20260623T152557_238419,of:0000000000000001:3 -> of:000000000000000d:1,0.001,0.00125,0.001,0.001,1.37,2026-06-23T15:25:57,0.001,1.47
ip_shuffle,20260623T152557_238419,of:0000000000000003:1 -> of:000000000000000b:5,0.002,0.0025,0.002,0.002,2.5,2026-06-23T15:25:57,0.002,2.43
ip_shuffle,20260623T152557_238419,of:0000000000000006:1 -> of:000000000000000d:4,0.002,0.0025,0.002,0.002,1.53,2026-06-23T15:25:57,0.002,1.43
ip_shuffle,20260623T152557_238419,of:0000000000000007:2 -> of:000000000000000a:3,0.002,0.0025,0.002,0.002,1.73,2026-06-23T15:25:57,0.002,1.73
ip_shuffle,20260623T152557_238419,of:0000000000000007:1 -> of:000000000000000d:5,0.002,0.0025,0.002,0.002,1.53,2026-06-23T15:25:57,0.002,1.43
ip_shuffle,20260623T152557_238419,of:0000000000000002:2 -> of:0000000000000008:2,0.002,0.0025,0.002,0.002,1.73,2026-06-23T15:25:57,0.002,1.73
ip_shuffle,20260623T152557_238419,of:0000000000000003:2 -> of:0000000000000008:3,0.002,0.0025,0.002,0.002,1.73,2026-06-23T15:25:57,0.002,1.73
ip_shuffle,20260623T152557_238419,of:0000000000000008:1 -> of:000000000000000b:6,0.002,0.0025,0.002,0.002,1.53,2026-06-23T15:25:57,0.002,1.53
ip_shuffle,20260623T152557_238419,of:0000000000000004:2 -> of:0000000000000009:2,0.002,0.0025,0.002,0.002,1.73,2026-06-23T15:25:57,0.002,1.73
ip_shuffle,20260623T152557_238419,of:0000000000000002:1 -> of:000000000000000b:4,0.002,0.0025,0.002,0.002,2.56,2026-06-23T15:25:57,0.002,2.56
ip_shuffle,20260623T152557_238419,of:0000000000000009:1 -> of:000000000000000c:6,0.002,0.0025,0.002,0.002,1.53,2026-06-23T15:25:57,0.002,1.53
route_mutation,20260623T152707_743518,of:0000000000000004:1 -> of:000000000000000c:4,0.002,0.0025,0.002,0.002,1.83,2026-06-23T15:27:07,0.002,1.83
route_mutation,20260623T152707_743518,of:0000000000000005:1 -> of:000000000000000c:5,0.002,0.0025,0.002,0.002,1.83,2026-06-23T15:27:07,0.002,1.83
route_mutation,20260623T152707_743518,of:000000000000000a:1 -> of:000000000000000d:6,0.002,0.0025,0.002,0.002,1.83,2026-06-23T15:27:07,0.002,2.0
route_mutation,20260623T152707_743518,of:000000000000000b:3 -> of:000000000000000d:2,0.002,0.0025,0.002,0.002,2.6,2026-06-23T15:27:07,0.002,2.6
route_mutation,20260623T152707_743518,of:000000000000000c:3 -> of:000000000000000d:3,0.002,0.0025,0.002,0.002,2.56,2026-06-23T15:27:07,0.002,2.56
route_mutation,20260623T152707_743518,of:0000000000000005:2 -> of:0000000000000009:3,0.002,0.0025,0.002,0.002,2.4,2026-06-23T15:27:07,0.002,2.4
route_mutation,20260623T152707_743518,of:0000000000000001:1 -> of:000000000000000b:1,0.002,0.0025,0.002,0.002,2.13,2026-06-23T15:27:07,0.002,2.16
route_mutation,20260623T152707_743518,of:000000000000000b:2 -> of:000000000000000c:2,0.002,0.0025,0.002,0.002,2.33,2026-06-23T15:27:07,0.002,2.33
route_mutation,20260623T152707_743518,of:0000000000000001:2 -> of:000000000000000c:1,0.002,0.0025,0.002,0.002,1.83,2026-06-23T15:27:07,0.002,1.86
route_mutation,20260623T152707_743518,of:0000000000000006:2 -> of:000000000000000a:2,0.002,0.0025,0.002,0.002,2.4,2026-06-23T15:27:07,0.002,2.4
route_mutation,20260623T152707_743518,of:0000000000000001:3 -> of:000000000000000d:1,0.003,0.00375,0.003,0.003,4.13,2026-06-23T15:27:07,0.003,4.19
route_mutation,20260623T152707_743518,of:0000000000000003:1 -> of:000000000000000b:5,0.002,0.0025,0.002,0.002,1.86,2026-06-23T15:27:07,0.002,1.83
route_mutation,20260623T152707_743518,of:0000000000000006:1 -> of:000000000000000d:4,0.002,0.0025,0.002,0.002,2.3,2026-06-23T15:27:07,0.002,2.23
route_mutation,20260623T152707_743518,of:0000000000000007:2 -> of:000000000000000a:3,0.002,0.0025,0.002,0.002,2.33,2026-06-23T15:27:07,0.002,2.33
route_mutation,20260623T152707_743518,of:0000000000000007:1 -> of:000000000000000d:5,0.003,0.00375,0.003,0.003,3.83,2026-06-23T15:27:07,0.003,3.89
route_mutation,20260623T152707_743518,of:0000000000000002:2 -> of:0000000000000008:2,0.002,0.0025,0.002,0.002,2.43,2026-06-23T15:27:07,0.002,2.43
route_mutation,20260623T152707_743518,of:0000000000000003:2 -> of:0000000000000008:3,0.002,0.0025,0.002,0.002,2.43,2026-06-23T15:27:07,0.002,2.43
route_mutation,20260623T152707_743518,of:0000000000000008:1 -> of:000000000000000b:6,0.002,0.0025,0.002,0.002,1.76,2026-06-23T15:27:07,0.002,1.76
route_mutation,20260623T152707_743518,of:0000000000000004:2 -> of:0000000000000009:2,0.002,0.0025,0.002,0.002,2.4,2026-06-23T15:27:07,0.002,2.4
route_mutation,20260623T152707_743518,of:0000000000000002:1 -> of:000000000000000b:4,0.002,0.0025,0.002,0.002,2.16,2026-06-23T15:27:07,0.002,2.13
route_mutation,20260623T152707_743518,of:0000000000000009:1 -> of:000000000000000c:6,0.002,0.0025,0.002,0.002,1.76,2026-06-23T15:27:07,0.002,1.76
ip_shuffle,20260623T152738_095963,of:0000000000000004:1 -> of:000000000000000c:4,0.002,0.0025,0.002,0.002,1.43,2026-06-23T15:27:38,0.002,1.43
ip_shuffle,20260623T152738_095963,of:0000000000000005:1 -> of:000000000000000c:5,0.002,0.0025,0.002,0.002,1.43,2026-06-23T15:27:38,0.002,1.43
ip_shuffle,20260623T152738_095963,of:000000000000000a:1 -> of:000000000000000d:6,0.002,0.0025,0.002,0.002,1.43,2026-06-23T15:27:38,0.002,1.43
ip_shuffle,20260623T152738_095963,of:000000000000000b:3 -> of:000000000000000d:2,0.002,0.0025,0.002,0.002,1.53,2026-06-23T15:27:38,0.002,1.53
ip_shuffle,20260623T152738_095963,of:000000000000000c:3 -> of:000000000000000d:3,0.002,0.0025,0.002,0.002,1.53,2026-06-23T15:27:38,0.002,1.53
ip_shuffle,20260623T152738_095963,of:0000000000000005:2 -> of:0000000000000009:3,0.002,0.0025,0.002,0.002,1.53,2026-06-23T15:27:38,0.002,1.53
ip_shuffle,20260623T152738_095963,of:0000000000000001:1 -> of:000000000000000b:1,0.002,0.0025,0.002,0.002,2.63,2026-06-23T15:27:38,0.002,2.63
ip_shuffle,20260623T152738_095963,of:000000000000000b:2 -> of:000000000000000c:2,0.002,0.0025,0.002,0.002,1.53,2026-06-23T15:27:38,0.002,1.53
ip_shuffle,20260623T152738_095963,of:0000000000000001:2 -> of:000000000000000c:1,0.001,0.00125,0.001,0.001,1.37,2026-06-23T15:27:38,0.001,1.37
ip_shuffle,20260623T152738_095963,of:0000000000000006:2 -> of:000000000000000a:2,0.002,0.0025,0.002,0.002,1.53,2026-06-23T15:27:38,0.002,1.53
ip_shuffle,20260623T152738_095963,of:0000000000000001:3 -> of:000000000000000d:1,0.001,0.00125,0.001,0.001,1.37,2026-06-23T15:27:38,0.001,1.37
ip_shuffle,20260623T152738_095963,of:0000000000000003:1 -> of:000000000000000b:5,0.002,0.0025,0.002,0.002,1.7,2026-06-23T15:27:38,0.002,1.7
ip_shuffle,20260623T152738_095963,of:0000000000000006:1 -> of:000000000000000d:4,0.002,0.0025,0.002,0.002,1.43,2026-06-23T15:27:38,0.002,1.43
ip_shuffle,20260623T152738_095963,of:0000000000000007:2 -> of:000000000000000a:3,0.002,0.0025,0.002,0.002,1.53,2026-06-23T15:27:38,0.002,1.53
ip_shuffle,20260623T152738_095963,of:0000000000000007:1 -> of:000000000000000d:5,0.002,0.0025,0.002,0.002,1.43,2026-06-23T15:27:38,0.002,1.43
ip_shuffle,20260623T152738_095963,of:0000000000000002:2 -> of:0000000000000008:2,0.002,0.0025,0.002,0.002,1.53,2026-06-23T15:27:38,0.002,1.53
ip_shuffle,20260623T152738_095963,of:0000000000000003:2 -> of:0000000000000008:3,0.002,0.0025,0.002,0.002,1.53,2026-06-23T15:27:38,0.002,1.53
ip_shuffle,20260623T152738_095963,of:0000000000000008:1 -> of:000000000000000b:6,0.002,0.0025,0.002,0.002,1.43,2026-06-23T15:27:38,0.002,1.43
ip_shuffle,20260623T152738_095963,of:0000000000000004:2 -> of:0000000000000009:2,0.002,0.0025,0.002,0.002,1.53,2026-06-23T15:27:38,0.002,1.53
ip_shuffle,20260623T152738_095963,of:0000000000000002:1 -> of:000000000000000b:4,0.002,0.0025,0.002,0.002,2.46,2026-06-23T15:27:38,0.002,2.46
ip_shuffle,20260623T152738_095963,of:0000000000000009:1 -> of:000000000000000c:6,0.002,0.0025,0.002,0.002,1.43,2026-06-23T15:27:38,0.002,1.43
ip_shuffle,20260623T152848_541064,of:0000000000000004:1 -> of:000000000000000c:4,0.002,0.0025,0.002,0.002,1.63,2026-06-23T15:28:48,0.002,1.63
ip_shuffle,20260623T152848_541064,of:0000000000000005:1 -> of:000000000000000c:5,0.002,0.0025,0.002,0.002,1.63,2026-06-23T15:28:48,0.002,1.63
ip_shuffle,20260623T152848_541064,of:000000000000000a:1 -> of:000000000000000d:6,0.002,0.0025,0.002,0.002,1.56,2026-06-23T15:28:48,0.002,1.56
ip_shuffle,20260623T152848_541064,of:000000000000000b:3 -> of:000000000000000d:2,0.002,0.0025,0.002,0.002,1.86,2026-06-23T15:28:48,0.002,1.86
ip_shuffle,20260623T152848_541064,of:000000000000000c:3 -> of:000000000000000d:3,0.002,0.0025,0.002,0.002,1.86,2026-06-23T15:28:48,0.002,1.86
ip_shuffle,20260623T152848_541064,of:0000000000000005:2 -> of:0000000000000009:3,0.002,0.0025,0.002,0.002,1.93,2026-06-23T15:28:48,0.002,1.93
ip_shuffle,20260623T152848_541064,of:0000000000000001:1 -> of:000000000000000b:1,0.002,0.0025,0.002,0.002,1.63,2026-06-23T15:28:48,0.002,1.56
ip_shuffle,20260623T152848_541064,of:000000000000000b:2 -> of:000000000000000c:2,0.002,0.0025,0.002,0.002,1.93,2026-06-23T15:28:48,0.002,1.93
ip_shuffle,20260623T152848_541064,of:0000000000000001:2 -> of:000000000000000c:1,0.002,0.0025,0.002,0.002,1.56,2026-06-23T15:28:48,0.002,1.56
ip_shuffle,20260623T152848_541064,of:0000000000000006:2 -> of:000000000000000a:2,0.002,0.0025,0.002,0.002,1.93,2026-06-23T15:28:48,0.002,1.93
ip_shuffle,20260623T152848_541064,of:0000000000000001:3 -> of:000000000000000d:1,0.002,0.0025,0.002,0.002,2.23,2026-06-23T15:28:48,0.002,2.23
ip_shuffle,20260623T152848_541064,of:0000000000000003:1 -> of:000000000000000b:5,0.002,0.0025,0.002,0.002,1.63,2026-06-23T15:28:48,0.002,1.63
ip_shuffle,20260623T152848_541064,of:0000000000000006:1 -> of:000000000000000d:4,0.002,0.0025,0.002,0.002,1.56,2026-06-23T15:28:48,0.002,1.56
ip_shuffle,20260623T152848_541064,of:0000000000000007:2 -> of:000000000000000a:3,0.002,0.0025,0.002,0.002,1.93,2026-06-23T15:28:48,0.002,1.93
ip_shuffle,20260623T152848_541064,of:0000000000000007:1 -> of:000000000000000d:5,0.002,0.0025,0.002,0.002,2.26,2026-06-23T15:28:48,0.002,2.26
ip_shuffle,20260623T152848_541064,of:0000000000000002:2 -> of:0000000000000008:2,0.002,0.0025,0.002,0.002,1.93,2026-06-23T15:28:48,0.002,1.93
ip_shuffle,20260623T152848_541064,of:0000000000000003:2 -> of:0000000000000008:3,0.002,0.0025,0.002,0.002,1.93,2026-06-23T15:28:48,0.002,1.93
ip_shuffle,20260623T152848_541064,of:0000000000000008:1 -> of:000000000000000b:6,0.002,0.0025,0.002,0.002,1.63,2026-06-23T15:28:48,0.002,1.63
ip_shuffle,20260623T152848_541064,of:0000000000000004:2 -> of:0000000000000009:2,0.002,0.0025,0.002,0.002,1.93,2026-06-23T15:28:48,0.002,1.93
ip_shuffle,20260623T152848_541064,of:0000000000000002:1 -> of:000000000000000b:4,0.002,0.0025,0.002,0.002,1.63,2026-06-23T15:28:48,0.002,1.63
ip_shuffle,20260623T152848_541064,of:0000000000000009:1 -> of:000000000000000c:6,0.002,0.0025,0.002,0.002,1.63,2026-06-23T15:28:48,0.002,1.63
ip_shuffle,20260623T153224_515217,of:0000000000000004:1 -> of:000000000000000c:4,0.002,0.0025,0.002,0.002,1.6,2026-06-23T15:32:24,0.002,1.56
ip_shuffle,20260623T153224_515217,of:0000000000000005:1 -> of:000000000000000c:5,0.002,0.0025,0.002,0.002,1.6,2026-06-23T15:32:24,0.002,1.56
ip_shuffle,20260623T153224_515217,of:000000000000000a:1 -> of:000000000000000d:6,0.002,0.0025,0.002,0.002,1.63,2026-06-23T15:32:24,0.002,1.63
ip_shuffle,20260623T153224_515217,of:000000000000000b:3 -> of:000000000000000d:2,0.002,0.0025,0.002,0.002,1.93,2026-06-23T15:32:24,0.002,1.93
ip_shuffle,20260623T153224_515217,of:000000000000000c:3 -> of:000000000000000d:3,0.002,0.0025,0.002,0.002,1.93,2026-06-23T15:32:24,0.002,1.93
ip_shuffle,20260623T153224_515217,of:0000000000000005:2 -> of:0000000000000009:3,0.002,0.0025,0.002,0.002,1.9,2026-06-23T15:32:24,0.002,1.9
ip_shuffle,20260623T153224_515217,of:0000000000000001:1 -> of:000000000000000b:1,0.002,0.0025,0.002,0.002,1.56,2026-06-23T15:32:24,0.002,1.63
ip_shuffle,20260623T153224_515217,of:000000000000000b:2 -> of:000000000000000c:2,0.002,0.0025,0.002,0.002,1.93,2026-06-23T15:32:24,0.002,1.93
ip_shuffle,20260623T153224_515217,of:0000000000000001:2 -> of:000000000000000c:1,0.002,0.0025,0.002,0.002,1.6,2026-06-23T15:32:24,0.002,1.66
ip_shuffle,20260623T153224_515217,of:0000000000000006:2 -> of:000000000000000a:2,0.002,0.0025,0.002,0.002,2.0,2026-06-23T15:32:24,0.002,2.0
ip_shuffle,20260623T153224_515217,of:0000000000000001:3 -> of:000000000000000d:1,0.002,0.0025,0.002,0.002,2.5,2026-06-23T15:32:24,0.002,2.4
ip_shuffle,20260623T153224_515217,of:0000000000000003:1 -> of:000000000000000b:5,0.002,0.0025,0.002,0.002,1.63,2026-06-23T15:32:24,0.002,1.56
ip_shuffle,20260623T153224_515217,of:0000000000000006:1 -> of:000000000000000d:4,0.002,0.0025,0.002,0.002,1.66,2026-06-23T15:32:24,0.002,1.63
ip_shuffle,20260623T153224_515217,of:0000000000000007:2 -> of:000000000000000a:3,0.002,0.0025,0.002,0.002,1.96,2026-06-23T15:32:24,0.002,1.96
ip_shuffle,20260623T153224_515217,of:0000000000000007:1 -> of:000000000000000d:5,0.002,0.0025,0.002,0.002,2.43,2026-06-23T15:32:24,0.002,2.5
ip_shuffle,20260623T153224_515217,of:0000000000000002:2 -> of:0000000000000008:2,0.002,0.0025,0.002,0.002,1.96,2026-06-23T15:32:24,0.002,1.96
ip_shuffle,20260623T153224_515217,of:0000000000000003:2 -> of:0000000000000008:3,0.002,0.0025,0.002,0.002,1.96,2026-06-23T15:32:24,0.002,1.96
ip_shuffle,20260623T153224_515217,of:0000000000000008:1 -> of:000000000000000b:6,0.002,0.0025,0.002,0.002,1.63,2026-06-23T15:32:24,0.002,1.63
ip_shuffle,20260623T153224_515217,of:0000000000000004:2 -> of:0000000000000009:2,0.002,0.0025,0.002,0.002,1.9,2026-06-23T15:32:24,0.002,1.9
ip_shuffle,20260623T153224_515217,of:0000000000000002:1 -> of:000000000000000b:4,0.002,0.0025,0.002,0.002,1.63,2026-06-23T15:32:24,0.002,1.56
ip_shuffle,20260623T153224_515217,of:0000000000000009:1 -> of:000000000000000c:6,0.002,0.0025,0.002,0.002,1.63,2026-06-23T15:32:24,0.002,1.63
ip_shuffle,20260623T153335_070159,of:0000000000000004:1 -> of:000000000000000c:4,0.002,0.0025,0.002,0.002,2.59,2026-06-23T15:33:35,0.002,2.53
ip_shuffle,20260623T153335_070159,of:0000000000000005:1 -> of:000000000000000c:5,0.002,0.0025,0.002,0.002,2.63,2026-06-23T15:33:35,0.002,2.56
ip_shuffle,20260623T153335_070159,of:000000000000000a:1 -> of:000000000000000d:6,0.002,0.0025,0.002,0.002,1.76,2026-06-23T15:33:35,0.002,1.8
ip_shuffle,20260623T153335_070159,of:000000000000000b:3 -> of:000000000000000d:2,0.002,0.0025,0.002,0.002,2.3,2026-06-23T15:33:35,0.002,2.23
ip_shuffle,20260623T153335_070159,of:000000000000000c:3 -> of:000000000000000d:3,0.002,0.0025,0.002,0.002,2.23,2026-06-23T15:33:35,0.002,2.23
ip_shuffle,20260623T153335_070159,of:0000000000000005:2 -> of:0000000000000009:3,0.002,0.0025,0.002,0.002,2.4,2026-06-23T15:33:35,0.002,2.4
ip_shuffle,20260623T153335_070159,of:0000000000000001:1 -> of:000000000000000b:1,0.002,0.0025,0.002,0.002,2.0,2026-06-23T15:33:35,0.002,1.9
ip_shuffle,20260623T153335_070159,of:000000000000000b:2 -> of:000000000000000c:2,0.002,0.0025,0.002,0.002,2.26,2026-06-23T15:33:35,0.002,2.2
ip_shuffle,20260623T153335_070159,of:0000000000000001:2 -> of:000000000000000c:1,0.003,0.00375,0.003,0.003,3.33,2026-06-23T15:33:35,0.003,3.36
ip_shuffle,20260623T153335_070159,of:0000000000000006:2 -> of:000000000000000a:2,0.002,0.0025,0.002,0.002,2.36,2026-06-23T15:33:35,0.002,2.36
ip_shuffle,20260623T153335_070159,of:0000000000000001:3 -> of:000000000000000d:1,0.003,0.00375,0.003,0.003,3.53,2026-06-23T15:33:35,0.003,3.66
ip_shuffle,20260623T153335_070159,of:0000000000000003:1 -> of:000000000000000b:5,0.002,0.0025,0.002,0.002,2.0,2026-06-23T15:33:35,0.002,1.93
ip_shuffle,20260623T153335_070159,of:0000000000000006:1 -> of:000000000000000d:4,0.003,0.00375,0.003,0.003,3.56,2026-06-23T15:33:35,0.003,3.49
ip_shuffle,20260623T153335_070159,of:0000000000000007:2 -> of:000000000000000a:3,0.002,0.0025,0.002,0.002,2.36,2026-06-23T15:33:35,0.002,2.36
ip_shuffle,20260623T153335_070159,of:0000000000000007:1 -> of:000000000000000d:5,0.002,0.0025,0.002,0.002,1.86,2026-06-23T15:33:35,0.002,1.86
ip_shuffle,20260623T153335_070159,of:0000000000000002:2 -> of:0000000000000008:2,0.002,0.0025,0.002,0.002,2.4,2026-06-23T15:33:35,0.002,2.4
ip_shuffle,20260623T153335_070159,of:0000000000000003:2 -> of:0000000000000008:3,0.002,0.0025,0.002,0.002,2.4,2026-06-23T15:33:35,0.002,2.4
ip_shuffle,20260623T153335_070159,of:0000000000000008:1 -> of:000000000000000b:6,0.002,0.0025,0.002,0.002,1.8,2026-06-23T15:33:35,0.002,1.76
ip_shuffle,20260623T153335_070159,of:0000000000000004:2 -> of:0000000000000009:2,0.002,0.0025,0.002,0.002,2.4,2026-06-23T15:33:35,0.002,2.4
ip_shuffle,20260623T153335_070159,of:0000000000000002:1 -> of:000000000000000b:4,0.002,0.0025,0.002,0.002,1.9,2026-06-23T15:33:35,0.002,1.76
ip_shuffle,20260623T153335_070159,of:0000000000000009:1 -> of:000000000000000c:6,0.002,0.0025,0.002,0.002,1.76,2026-06-23T15:33:35,0.002,1.76
route_mutation,20260623T153433_132079,of:0000000000000004:1 -> of:000000000000000c:4,0.002,0.0025,0.002,0.002,1.53,2026-06-23T15:34:33,0.002,1.53
route_mutation,20260623T153433_132079,of:0000000000000005:1 -> of:000000000000000c:5,0.002,0.0025,0.002,0.002,1.53,2026-06-23T15:34:33,0.002,1.53
route_mutation,20260623T153433_132079,of:000000000000000a:1 -> of:000000000000000d:6,0.001,0.00125,0.001,0.001,1.46,2026-06-23T15:34:33,0.001,1.46
route_mutation,20260623T153433_132079,of:000000000000000b:3 -> of:000000000000000d:2,0.002,0.0025,0.002,0.002,1.73,2026-06-23T15:34:33,0.002,1.73
route_mutation,20260623T153433_132079,of:000000000000000c:3 -> of:000000000000000d:3,0.002,0.0025,0.002,0.002,1.73,2026-06-23T15:34:33,0.002,1.73
route_mutation,20260623T153433_132079,of:0000000000000005:2 -> of:0000000000000009:3,0.002,0.0025,0.002,0.001,1.6,2026-06-23T15:34:33,0.002,1.66
route_mutation,20260623T153433_132079,of:0000000000000001:1 -> of:000000000000000b:1,0.003,0.00375,0.003,0.003,3.0,2026-06-23T15:34:33,0.003,2.96
route_mutation,20260623T153433_132079,of:000000000000000b:2 -> of:000000000000000c:2,0.002,0.0025,0.002,0.002,1.73,2026-06-23T15:34:33,0.002,1.73
route_mutation,20260623T153433_132079,of:0000000000000001:2 -> of:000000000000000c:1,0.002,0.0025,0.002,0.002,1.53,2026-06-23T15:34:33,0.002,1.53
route_mutation,20260623T153433_132079,of:0000000000000006:2 -> of:000000000000000a:2,0.001,0.00125,0.001,0.001,1.6,2026-06-23T15:34:33,0.001,1.6
route_mutation,20260623T153433_132079,of:0000000000000001:3 -> of:000000000000000d:1,0.002,0.0025,0.002,0.002,1.53,2026-06-23T15:34:33,0.002,1.53
route_mutation,20260623T153433_132079,of:0000000000000003:1 -> of:000000000000000b:5,0.002,0.0025,0.002,0.002,1.56,2026-06-23T15:34:33,0.002,1.56
route_mutation,20260623T153433_132079,of:0000000000000006:1 -> of:000000000000000d:4,0.001,0.00125,0.001,0.001,1.46,2026-06-23T15:34:33,0.001,1.46
route_mutation,20260623T153433_132079,of:0000000000000007:2 -> of:000000000000000a:3,0.001,0.00125,0.001,0.001,1.6,2026-06-23T15:34:33,0.001,1.6
route_mutation,20260623T153433_132079,of:0000000000000007:1 -> of:000000000000000d:5,0.001,0.00125,0.001,0.001,1.46,2026-06-23T15:34:33,0.001,1.46
route_mutation,20260623T153433_132079,of:0000000000000002:2 -> of:0000000000000008:2,0.002,0.0025,0.002,0.002,1.66,2026-06-23T15:34:33,0.002,1.66
route_mutation,20260623T153433_132079,of:0000000000000003:2 -> of:0000000000000008:3,0.002,0.0025,0.002,0.002,1.66,2026-06-23T15:34:33,0.002,1.66
route_mutation,20260623T153433_132079,of:0000000000000008:1 -> of:000000000000000b:6,0.001,0.00125,0.001,0.001,1.46,2026-06-23T15:34:33,0.001,1.46
route_mutation,20260623T153433_132079,of:0000000000000004:2 -> of:0000000000000009:2,0.002,0.0025,0.002,0.001,1.6,2026-06-23T15:34:33,0.002,1.66
route_mutation,20260623T153433_132079,of:0000000000000002:1 -> of:000000000000000b:4,0.003,0.00375,0.003,0.003,2.93,2026-06-23T15:34:33,0.003,2.93
route_mutation,20260623T153433_132079,of:0000000000000009:1 -> of:000000000000000c:6,0.001,0.00125,0.001,0.001,1.46,2026-06-23T15:34:33,0.001,1.46
route_mutation,20260623T153503_533576,of:0000000000000004:1 -> of:000000000000000c:4,0.002,0.0025,0.002,0.002,2.36,2026-06-23T15:35:03,0.002,2.4
route_mutation,20260623T153503_533576,of:0000000000000005:1 -> of:000000000000000c:5,0.002,0.0025,0.002,0.002,2.36,2026-06-23T15:35:03,0.002,2.4
route_mutation,20260623T153503_533576,of:000000000000000a:1 -> of:000000000000000d:6,0.002,0.0025,0.002,0.002,1.56,2026-06-23T15:35:03,0.002,1.6
route_mutation,20260623T153503_533576,of:000000000000000b:3 -> of:000000000000000d:2,0.002,0.0025,0.002,0.002,1.86,2026-06-23T15:35:03,0.002,1.86
route_mutation,20260623T153503_533576,of:000000000000000c:3 -> of:000000000000000d:3,0.002,0.0025,0.002,0.002,1.86,2026-06-23T15:35:03,0.002,1.86
route_mutation,20260623T153503_533576,of:0000000000000005:2 -> of:0000000000000009:3,0.002,0.0025,0.002,0.002,1.93,2026-06-23T15:35:03,0.002,1.93
route_mutation,20260623T153503_533576,of:0000000000000001:1 -> of:000000000000000b:1,0.002,0.0025,0.002,0.002,2.7,2026-06-23T15:35:03,0.002,2.63
route_mutation,20260623T153503_533576,of:000000000000000b:2 -> of:000000000000000c:2,0.002,0.0025,0.002,0.002,1.86,2026-06-23T15:35:03,0.002,1.86
route_mutation,20260623T153503_533576,of:0000000000000001:2 -> of:000000000000000c:1,0.003,0.00375,0.003,0.003,3.2,2026-06-23T15:35:03,0.003,3.13
route_mutation,20260623T153503_533576,of:0000000000000006:2 -> of:000000000000000a:2,0.002,0.0025,0.002,0.002,1.93,2026-06-23T15:35:03,0.002,1.93
route_mutation,20260623T153503_533576,of:0000000000000001:3 -> of:000000000000000d:1,0.002,0.0025,0.002,0.002,1.86,2026-06-23T15:35:03,0.002,1.96
route_mutation,20260623T153503_533576,of:0000000000000003:1 -> of:000000000000000b:5,0.002,0.0025,0.002,0.002,2.53,2026-06-23T15:35:03,0.002,2.6
route_mutation,20260623T153503_533576,of:0000000000000006:1 -> of:000000000000000d:4,0.002,0.0025,0.002,0.002,1.96,2026-06-23T15:35:03,0.002,1.9
route_mutation,20260623T153503_533576,of:0000000000000007:2 -> of:000000000000000a:3,0.002,0.0025,0.002,0.002,1.93,2026-06-23T15:35:03,0.002,1.93
route_mutation,20260623T153503_533576,of:0000000000000007:1 -> of:000000000000000d:5,0.002,0.0025,0.002,0.002,1.56,2026-06-23T15:35:03,0.002,1.6
route_mutation,20260623T153503_533576,of:0000000000000002:2 -> of:0000000000000008:2,0.002,0.0025,0.002,0.002,1.9,2026-06-23T15:35:03,0.002,1.9
route_mutation,20260623T153503_533576,of:0000000000000003:2 -> of:0000000000000008:3,0.002,0.0025,0.002,0.002,1.9,2026-06-23T15:35:03,0.002,1.9
route_mutation,20260623T153503_533576,of:0000000000000008:1 -> of:000000000000000b:6,0.002,0.0025,0.002,0.002,1.56,2026-06-23T15:35:03,0.002,1.6
route_mutation,20260623T153503_533576,of:0000000000000004:2 -> of:0000000000000009:2,0.002,0.0025,0.002,0.002,1.93,2026-06-23T15:35:03,0.002,1.93
route_mutation,20260623T153503_533576,of:0000000000000002:1 -> of:000000000000000b:4,0.002,0.0025,0.002,0.002,1.63,2026-06-23T15:35:03,0.002,1.7
route_mutation,20260623T153503_533576,of:0000000000000009:1 -> of:000000000000000c:6,0.002,0.0025,0.002,0.002,1.56,2026-06-23T15:35:03,0.002,1.6
ip_shuffle,20260623T153533_748145,of:0000000000000004:1 -> of:000000000000000c:4,0.002,0.0025,0.002,0.002,2.13,2026-06-23T15:35:33,0.002,2.09
ip_shuffle,20260623T153533_748145,of:0000000000000005:1 -> of:000000000000000c:5,0.002,0.0025,0.002,0.002,2.13,2026-06-23T15:35:33,0.002,2.09
ip_shuffle,20260623T153533_748145,of:000000000000000a:1 -> of:000000000000000d:6,0.002,0.0025,0.002,0.002,2.13,2026-06-23T15:35:33,0.002,2.09
ip_shuffle,20260623T153533_748145,of:000000000000000b:3 -> of:000000000000000d:2,0.002,0.0025,0.002,0.002,2.86,2026-06-23T15:35:33,0.002,2.86
ip_shuffle,20260623T153533_748145,of:000000000000000c:3 -> of:000000000000000d:3,0.002,0.0025,0.002,0.002,2.86,2026-06-23T15:35:33,0.002,2.86
ip_shuffle,20260623T153533_748145,of:0000000000000005:2 -> of:0000000000000009:3,0.002,0.0025,0.002,0.002,2.93,2026-06-23T15:35:33,0.002,2.93
ip_shuffle,20260623T153533_748145,of:0000000000000001:1 -> of:000000000000000b:1,0.002,0.0025,0.002,0.002,2.03,2026-06-23T15:35:33,0.002,2.09
ip_shuffle,20260623T153533_748145,of:000000000000000b:2 -> of:000000000000000c:2,0.002,0.0025,0.002,0.002,2.86,2026-06-23T15:35:33,0.002,2.86
ip_shuffle,20260623T153533_748145,of:0000000000000001:2 -> of:000000000000000c:1,0.002,0.0025,0.002,0.002,2.03,2026-06-23T15:35:33,0.002,2.09
ip_shuffle,20260623T153533_748145,of:0000000000000006:2 -> of:000000000000000a:2,0.002,0.0025,0.002,0.002,2.93,2026-06-23T15:35:33,0.002,2.93
ip_shuffle,20260623T153533_748145,of:0000000000000001:3 -> of:000000000000000d:1,0.003,0.00375,0.003,0.003,4.39,2026-06-23T15:35:33,0.003,4.29
ip_shuffle,20260623T153533_748145,of:0000000000000003:1 -> of:000000000000000b:5,0.002,0.0025,0.002,0.002,2.09,2026-06-23T15:35:33,0.002,2.03
ip_shuffle,20260623T153533_748145,of:0000000000000006:1 -> of:000000000000000d:4,0.002,0.0025,0.002,0.002,3.03,2026-06-23T15:35:33,0.002,3.09
ip_shuffle,20260623T153533_748145,of:0000000000000007:2 -> of:000000000000000a:3,0.002,0.0025,0.002,0.002,2.93,2026-06-23T15:35:33,0.002,2.93
ip_shuffle,20260623T153533_748145,of:0000000000000007:1 -> of:000000000000000d:5,0.003,0.00375,0.003,0.003,3.46,2026-06-23T15:35:33,0.003,3.42
ip_shuffle,20260623T153533_748145,of:0000000000000002:2 -> of:0000000000000008:2,0.002,0.0025,0.002,0.002,2.89,2026-06-23T15:35:33,0.002,2.89
ip_shuffle,20260623T153533_748145,of:0000000000000003:2 -> of:0000000000000008:3,0.002,0.0025,0.002,0.002,2.89,2026-06-23T15:35:33,0.002,2.89
ip_shuffle,20260623T153533_748145,of:0000000000000008:1 -> of:000000000000000b:6,0.002,0.0025,0.002,0.002,2.13,2026-06-23T15:35:33,0.002,2.09
ip_shuffle,20260623T153533_748145,of:0000000000000004:2 -> of:0000000000000009:2,0.002,0.0025,0.002,0.002,2.93,2026-06-23T15:35:33,0.002,2.93
ip_shuffle,20260623T153533_748145,of:0000000000000002:1 -> of:000000000000000b:4,0.002,0.0025,0.002,0.002,2.09,2026-06-23T15:35:33,0.002,2.03
ip_shuffle,20260623T153533_748145,of:0000000000000009:1 -> of:000000000000000c:6,0.002,0.0025,0.002,0.002,2.13,2026-06-23T15:35:33,0.002,2.09
ip_shuffle,20260623T153631_466531,of:0000000000000004:1 -> of:000000000000000c:4,0.002,0.0025,0.002,0.002,2.29,2026-06-23T15:36:31,0.002,2.26
ip_shuffle,20260623T153631_466531,of:0000000000000005:1 -> of:000000000000000c:5,0.002,0.0025,0.002,0.002,1.9,2026-06-23T15:36:31,0.002,1.86
ip_shuffle,20260623T153631_466531,of:000000000000000a:1 -> of:000000000000000d:6,0.001,0.00125,0.001,0.001,1.4,2026-06-23T15:36:31,0.001,1.4
ip_shuffle,20260623T153631_466531,of:000000000000000b:3 -> of:000000000000000d:2,0.001,0.00125,0.001,0.001,1.6,2026-06-23T15:36:31,0.001,1.6
ip_shuffle,20260623T153631_466531,of:000000000000000c:3 -> of:000000000000000d:3,0.001,0.00125,0.001,0.001,1.6,2026-06-23T15:36:31,0.001,1.6
ip_shuffle,20260623T153631_466531,of:0000000000000005:2 -> of:0000000000000009:3,0.002,0.0025,0.002,0.002,1.8,2026-06-23T15:36:31,0.002,1.8
ip_shuffle,20260623T153631_466531,of:0000000000000001:1 -> of:000000000000000b:1,0.003,0.00375,0.003,0.003,3.62,2026-06-23T15:36:31,0.003,3.56
ip_shuffle,20260623T153631_466531,of:000000000000000b:2 -> of:000000000000000c:2,0.001,0.00125,0.001,0.001,1.6,2026-06-23T15:36:31,0.001,1.6
ip_shuffle,20260623T153631_466531,of:0000000000000001:2 -> of:000000000000000c:1,0.002,0.0025,0.002,0.002,2.59,2026-06-23T15:36:31,0.002,2.66
ip_shuffle,20260623T153631_466531,of:0000000000000006:2 -> of:000000000000000a:2,0.002,0.0025,0.002,0.002,1.7,2026-06-23T15:36:31,0.002,1.7
ip_shuffle,20260623T153631_466531,of:0000000000000001:3 -> of:000000000000000d:1,0.002,0.0025,0.002,0.002,1.76,2026-06-23T15:36:31,0.002,1.83
ip_shuffle,20260623T153631_466531,of:0000000000000003:1 -> of:000000000000000b:5,0.002,0.0025,0.002,0.002,2.56,2026-06-23T15:36:31,0.002,2.49
ip_shuffle,20260623T153631_466531,of:0000000000000006:1 -> of:000000000000000d:4,0.002,0.0025,0.002,0.002,1.73,2026-06-23T15:36:31,0.002,1.7
ip_shuffle,20260623T153631_466531,of:0000000000000007:2 -> of:000000000000000a:3,0.002,0.0025,0.002,0.002,1.7,2026-06-23T15:36:31,0.002,1.7
ip_shuffle,20260623T153631_466531,of:0000000000000007:1 -> of:000000000000000d:5,0.001,0.00125,0.001,0.001,1.5,2026-06-23T15:36:31,0.001,1.46
ip_shuffle,20260623T153631_466531,of:0000000000000002:2 -> of:0000000000000008:2,0.002,0.0025,0.002,0.002,1.83,2026-06-23T15:36:31,0.002,1.83
ip_shuffle,20260623T153631_466531,of:0000000000000003:2 -> of:0000000000000008:3,0.002,0.0025,0.002,0.002,1.83,2026-06-23T15:36:31,0.002,1.83
ip_shuffle,20260623T153631_466531,of:0000000000000008:1 -> of:000000000000000b:6,0.001,0.00125,0.001,0.001,1.5,2026-06-23T15:36:31,0.001,1.46
ip_shuffle,20260623T153631_466531,of:0000000000000004:2 -> of:0000000000000009:2,0.002,0.0025,0.002,0.002,1.8,2026-06-23T15:36:31,0.002,1.8
ip_shuffle,20260623T153631_466531,of:0000000000000002:1 -> of:000000000000000b:4,0.002,0.0025,0.002,0.002,2.53,2026-06-23T15:36:31,0.002,2.59
ip_shuffle,20260623T153631_466531,of:0000000000000009:1 -> of:000000000000000c:6,0.001,0.00125,0.001,0.001,1.5,2026-06-23T15:36:31,0.001,1.46
ip_shuffle,20260623T153742_171227,of:0000000000000004:1 -> of:000000000000000c:4,0.001,0.00125,0.001,0.001,1.46,2026-06-23T15:37:42,0.001,1.46
ip_shuffle,20260623T153742_171227,of:0000000000000005:1 -> of:000000000000000c:5,0.001,0.00125,0.001,0.001,1.46,2026-06-23T15:37:42,0.001,1.46
ip_shuffle,20260623T153742_171227,of:000000000000000a:1 -> of:000000000000000d:6,0.001,0.00125,0.001,0.001,1.4,2026-06-23T15:37:42,0.001,1.4
ip_shuffle,20260623T153742_171227,of:000000000000000b:3 -> of:000000000000000d:2,0.001,0.00125,0.001,0.001,1.6,2026-06-23T15:37:42,0.001,1.6
ip_shuffle,20260623T153742_171227,of:000000000000000c:3 -> of:000000000000000d:3,0.001,0.00125,0.001,0.001,1.6,2026-06-23T15:37:42,0.001,1.6
ip_shuffle,20260623T153742_171227,of:0000000000000005:2 -> of:0000000000000009:3,0.002,0.0025,0.002,0.002,1.66,2026-06-23T15:37:42,0.002,1.66
ip_shuffle,20260623T153742_171227,of:0000000000000001:1 -> of:000000000000000b:1,0.003,0.00375,0.003,0.003,2.79,2026-06-23T15:37:42,0.003,2.79
ip_shuffle,20260623T153742_171227,of:000000000000000b:2 -> of:000000000000000c:2,0.001,0.00125,0.001,0.001,1.6,2026-06-23T15:37:42,0.001,1.6
ip_shuffle,20260623T153742_171227,of:0000000000000001:2 -> of:000000000000000c:1,0.001,0.00125,0.001,0.001,1.46,2026-06-23T15:37:42,0.001,1.46
ip_shuffle,20260623T153742_171227,of:0000000000000006:2 -> of:000000000000000a:2,0.002,0.0025,0.002,0.002,1.66,2026-06-23T15:37:42,0.002,1.66
ip_shuffle,20260623T153742_171227,of:0000000000000001:3 -> of:000000000000000d:1,0.001,0.00125,0.001,0.001,1.46,2026-06-23T15:37:42,0.001,1.46
ip_shuffle,20260623T153742_171227,of:0000000000000003:1 -> of:000000000000000b:5,0.002,0.0025,0.002,0.002,1.73,2026-06-23T15:37:42,0.002,1.73
ip_shuffle,20260623T153742_171227,of:0000000000000006:1 -> of:000000000000000d:4,0.001,0.00125,0.001,0.001,1.46,2026-06-23T15:37:42,0.001,1.46
ip_shuffle,20260623T153742_171227,of:0000000000000007:2 -> of:000000000000000a:3,0.002,0.0025,0.002,0.002,1.66,2026-06-23T15:37:42,0.002,1.66
ip_shuffle,20260623T153742_171227,of:0000000000000007:1 -> of:000000000000000d:5,0.001,0.00125,0.001,0.001,1.46,2026-06-23T15:37:42,0.001,1.46
ip_shuffle,20260623T153742_171227,of:0000000000000002:2 -> of:0000000000000008:2,0.002,0.0025,0.002,0.002,1.73,2026-06-23T15:37:42,0.002,1.73
ip_shuffle,20260623T153742_171227,of:0000000000000003:2 -> of:0000000000000008:3,0.002,0.0025,0.002,0.002,1.73,2026-06-23T15:37:42,0.002,1.73
ip_shuffle,20260623T153742_171227,of:0000000000000008:1 -> of:000000000000000b:6,0.001,0.00125,0.001,0.001,1.46,2026-06-23T15:37:42,0.001,1.46
ip_shuffle,20260623T153742_171227,of:0000000000000004:2 -> of:0000000000000009:2,0.002,0.0025,0.002,0.002,1.66,2026-06-23T15:37:42,0.002,1.66
ip_shuffle,20260623T153742_171227,of:0000000000000002:1 -> of:000000000000000b:4,0.002,0.0025,0.002,0.002,2.59,2026-06-23T15:37:42,0.002,2.59
ip_shuffle,20260623T153742_171227,of:0000000000000009:1 -> of:000000000000000c:6,0.001,0.00125,0.001,0.001,1.4,2026-06-23T15:37:42,0.001,1.4
route_mutation,20260623T153839_883293,of:0000000000000004:1 -> of:000000000000000c:4,0.002,0.0025,0.002,0.002,2.06,2026-06-23T15:38:39,0.002,2.0
route_mutation,20260623T153839_883293,of:0000000000000005:1 -> of:000000000000000c:5,0.002,0.0025,0.002,0.002,2.06,2026-06-23T15:38:39,0.002,2.0
route_mutation,20260623T153839_883293,of:000000000000000a:1 -> of:000000000000000d:6,0.002,0.0025,0.002,0.002,2.1,2026-06-23T15:38:39,0.002,2.06
route_mutation,20260623T153839_883293,of:000000000000000b:3 -> of:000000000000000d:2,0.002,0.0025,0.002,0.002,2.83,2026-06-23T15:38:39,0.002,2.83
route_mutation,20260623T153839_883293,of:000000000000000c:3 -> of:000000000000000d:3,0.002,0.0025,0.002,0.002,2.8,2026-06-23T15:38:39,0.002,2.8
route_mutation,20260623T153839_883293,of:0000000000000005:2 -> of:0000000000000009:3,0.002,0.0025,0.002,0.002,2.83,2026-06-23T15:38:39,0.002,2.83
route_mutation,20260623T153839_883293,of:0000000000000001:1 -> of:000000000000000b:1,0.002,0.0025,0.002,0.002,2.1,2026-06-23T15:38:39,0.002,2.13
route_mutation,20260623T153839_883293,of:000000000000000b:2 -> of:000000000000000c:2,0.002,0.0025,0.002,0.002,2.83,2026-06-23T15:38:39,0.002,2.83
route_mutation,20260623T153839_883293,of:0000000000000001:2 -> of:000000000000000c:1,0.002,0.0025,0.002,0.002,2.06,2026-06-23T15:38:39,0.002,2.13
route_mutation,20260623T153839_883293,of:0000000000000006:2 -> of:000000000000000a:2,0.002,0.0025,0.002,0.002,2.8,2026-06-23T15:38:39,0.002,2.8
route_mutation,20260623T153839_883293,of:0000000000000001:3 -> of:000000000000000d:1,0.003,0.00375,0.003,0.003,4.43,2026-06-23T15:38:39,0.003,4.33
route_mutation,20260623T153839_883293,of:0000000000000003:1 -> of:000000000000000b:5,0.002,0.0025,0.002,0.002,2.13,2026-06-23T15:38:39,0.002,2.1
route_mutation,20260623T153839_883293,of:0000000000000006:1 -> of:000000000000000d:4,0.002,0.0025,0.002,0.002,2.83,2026-06-23T15:38:39,0.002,2.86
route_mutation,20260623T153839_883293,of:0000000000000007:2 -> of:000000000000000a:3,0.002,0.0025,0.002,0.002,2.8,2026-06-23T15:38:39,0.002,2.8
route_mutation,20260623T153839_883293,of:0000000000000007:1 -> of:000000000000000d:5,0.003,0.00375,0.003,0.003,3.4,2026-06-23T15:38:39,0.003,3.36
route_mutation,20260623T153839_883293,of:0000000000000002:2 -> of:0000000000000008:2,0.002,0.0025,0.002,0.002,2.83,2026-06-23T15:38:39,0.002,2.83
route_mutation,20260623T153839_883293,of:0000000000000003:2 -> of:0000000000000008:3,0.002,0.0025,0.002,0.002,2.83,2026-06-23T15:38:39,0.002,2.83
route_mutation,20260623T153839_883293,of:0000000000000008:1 -> of:000000000000000b:6,0.002,0.0025,0.002,0.002,2.03,2026-06-23T15:38:39,0.002,2.03
route_mutation,20260623T153839_883293,of:0000000000000004:2 -> of:0000000000000009:2,0.002,0.0025,0.002,0.002,2.83,2026-06-23T15:38:39,0.002,2.83
route_mutation,20260623T153839_883293,of:0000000000000002:1 -> of:000000000000000b:4,0.002,0.0025,0.002,0.002,2.13,2026-06-23T15:38:39,0.002,2.1
route_mutation,20260623T153839_883293,of:0000000000000009:1 -> of:000000000000000c:6,0.002,0.0025,0.002,0.002,2.1,2026-06-23T15:38:39,0.002,2.06
ip_shuffle,20260623T153910_180140,of:0000000000000004:1 -> of:000000000000000c:4,0.001,0.00125,0.001,0.001,1.33,2026-06-23T15:39:10,0.001,1.4
ip_shuffle,20260623T153910_180140,of:0000000000000005:1 -> of:000000000000000c:5,0.001,0.00125,0.001,0.001,1.33,2026-06-23T15:39:10,0.001,1.4
ip_shuffle,20260623T153910_180140,of:000000000000000a:1 -> of:000000000000000d:6,0.001,0.00125,0.001,0.001,1.3,2026-06-23T15:39:10,0.001,1.33
ip_shuffle,20260623T153910_180140,of:000000000000000b:3 -> of:000000000000000d:2,0.001,0.00125,0.001,0.001,1.43,2026-06-23T15:39:10,0.001,1.43
ip_shuffle,20260623T153910_180140,of:000000000000000c:3 -> of:000000000000000d:3,0.001,0.00125,0.001,0.001,1.46,2026-06-23T15:39:10,0.001,1.46
ip_shuffle,20260623T153910_180140,of:0000000000000005:2 -> of:0000000000000009:3,0.001,0.00125,0.001,0.001,1.43,2026-06-23T15:39:10,0.001,1.43
ip_shuffle,20260623T153910_180140,of:0000000000000001:1 -> of:000000000000000b:1,0.002,0.0025,0.002,0.002,1.43,2026-06-23T15:39:10,0.002,1.53
ip_shuffle,20260623T153910_180140,of:000000000000000b:2 -> of:000000000000000c:2,0.001,0.00125,0.001,0.001,1.43,2026-06-23T15:39:10,0.001,1.43
ip_shuffle,20260623T153910_180140,of:0000000000000001:2 -> of:000000000000000c:1,0.001,0.00125,0.001,0.001,1.4,2026-06-23T15:39:10,0.001,1.33
ip_shuffle,20260623T153910_180140,of:0000000000000006:2 -> of:000000000000000a:2,0.001,0.00125,0.001,0.001,1.46,2026-06-23T15:39:10,0.001,1.46
ip_shuffle,20260623T153910_180140,of:0000000000000001:3 -> of:000000000000000d:1,0.001,0.00125,0.001,0.001,1.43,2026-06-23T15:39:10,0.001,1.36
ip_shuffle,20260623T153910_180140,of:0000000000000003:1 -> of:000000000000000b:5,0.001,0.00125,0.001,0.001,1.33,2026-06-23T15:39:10,0.001,1.36
ip_shuffle,20260623T153910_180140,of:0000000000000006:1 -> of:000000000000000d:4,0.001,0.00125,0.001,0.001,1.36,2026-06-23T15:39:10,0.001,1.4
ip_shuffle,20260623T153910_180140,of:0000000000000007:2 -> of:000000000000000a:3,0.001,0.00125,0.001,0.001,1.46,2026-06-23T15:39:10,0.001,1.46
ip_shuffle,20260623T153910_180140,of:0000000000000007:1 -> of:000000000000000d:5,0.001,0.00125,0.001,0.001,1.4,2026-06-23T15:39:10,0.001,1.43
ip_shuffle,20260623T153910_180140,of:0000000000000002:2 -> of:0000000000000008:2,0.002,0.0025,0.002,0.002,1.5,2026-06-23T15:39:10,0.002,1.5
ip_shuffle,20260623T153910_180140,of:0000000000000003:2 -> of:0000000000000008:3,0.002,0.0025,0.002,0.002,1.5,2026-06-23T15:39:10,0.002,1.5
ip_shuffle,20260623T153910_180140,of:0000000000000008:1 -> of:000000000000000b:6,0.001,0.00125,0.001,0.001,1.36,2026-06-23T15:39:10,0.001,1.36
ip_shuffle,20260623T153910_180140,of:0000000000000004:2 -> of:0000000000000009:2,0.001,0.00125,0.001,0.001,1.43,2026-06-23T15:39:10,0.001,1.43
ip_shuffle,20260623T153910_180140,of:0000000000000002:1 -> of:000000000000000b:4,0.002,0.0025,0.002,0.002,1.53,2026-06-23T15:39:10,0.002,1.43
ip_shuffle,20260623T153910_180140,of:0000000000000009:1 -> of:000000000000000c:6,0.001,0.00125,0.001,0.001,1.3,2026-06-23T15:39:10,0.001,1.33
route_mutation,20260623T154008_010805,of:0000000000000004:1 -> of:000000000000000c:4,0.002,0.0025,0.002,0.002,2.53,2026-06-23T15:40:08,0.002,2.46
route_mutation,20260623T154008_010805,of:0000000000000005:1 -> of:000000000000000c:5,0.002,0.0025,0.002,0.002,1.93,2026-06-23T15:40:08,0.002,1.86
route_mutation,20260623T154008_010805,of:000000000000000a:1 -> of:000000000000000d:6,0.002,0.0025,0.002,0.002,1.7,2026-06-23T15:40:08,0.002,1.66
route_mutation,20260623T154008_010805,of:000000000000000b:3 -> of:000000000000000d:2,0.002,0.0025,0.002,0.002,2.03,2026-06-23T15:40:08,0.002,2.03
route_mutation,20260623T154008_010805,of:000000000000000c:3 -> of:000000000000000d:3,0.002,0.0025,0.002,0.002,2.0,2026-06-23T15:40:08,0.002,2.0
route_mutation,20260623T154008_010805,of:0000000000000005:2 -> of:0000000000000009:3,0.002,0.0025,0.002,0.002,2.1,2026-06-23T15:40:08,0.002,2.1
route_mutation,20260623T154008_010805,of:0000000000000001:1 -> of:000000000000000b:1,0.003,0.00375,0.003,0.003,3.83,2026-06-23T15:40:08,0.003,3.73
route_mutation,20260623T154008_010805,of:000000000000000b:2 -> of:000000000000000c:2,0.002,0.0025,0.002,0.002,2.03,2026-06-23T15:40:08,0.002,2.03
route_mutation,20260623T154008_010805,of:0000000000000001:2 -> of:000000000000000c:1,0.002,0.0025,0.002,0.002,2.6,2026-06-23T15:40:08,0.002,2.63
route_mutation,20260623T154008_010805,of:0000000000000006:2 -> of:000000000000000a:2,0.002,0.0025,0.002,0.002,2.06,2026-06-23T15:40:08,0.002,2.06
route_mutation,20260623T154008_010805,of:0000000000000001:3 -> of:000000000000000d:1,0.002,0.0025,0.002,0.002,2.23,2026-06-23T15:40:08,0.002,2.3
route_mutation,20260623T154008_010805,of:0000000000000003:1 -> of:000000000000000b:5,0.002,0.0025,0.002,0.002,2.8,2026-06-23T15:40:08,0.002,2.76
route_mutation,20260623T154008_010805,of:0000000000000006:1 -> of:000000000000000d:4,0.002,0.0025,0.002,0.002,2.33,2026-06-23T15:40:08,0.002,2.3
route_mutation,20260623T154008_010805,of:0000000000000007:2 -> of:000000000000000a:3,0.002,0.0025,0.002,0.002,2.06,2026-06-23T15:40:08,0.002,2.06
route_mutation,20260623T154008_010805,of:0000000000000007:1 -> of:000000000000000d:5,0.002,0.0025,0.002,0.002,1.7,2026-06-23T15:40:08,0.002,1.66
route_mutation,20260623T154008_010805,of:0000000000000002:2 -> of:0000000000000008:2,0.002,0.0025,0.002,0.002,2.03,2026-06-23T15:40:08,0.002,2.03
route_mutation,20260623T154008_010805,of:0000000000000003:2 -> of:0000000000000008:3,0.002,0.0025,0.002,0.002,2.03,2026-06-23T15:40:08,0.002,2.03
route_mutation,20260623T154008_010805,of:0000000000000008:1 -> of:000000000000000b:6,0.002,0.0025,0.002,0.002,1.7,2026-06-23T15:40:08,0.002,1.7
route_mutation,20260623T154008_010805,of:0000000000000004:2 -> of:0000000000000009:2,0.002,0.0025,0.002,0.002,2.1,2026-06-23T15:40:08,0.002,2.1
route_mutation,20260623T154008_010805,of:0000000000000002:1 -> of:000000000000000b:4,0.002,0.0025,0.002,0.002,2.6,2026-06-23T15:40:08,0.002,2.7
route_mutation,20260623T154008_010805,of:0000000000000009:1 -> of:000000000000000c:6,0.002,0.0025,0.002,0.002,1.7,2026-06-23T15:40:08,0.002,1.66
ip_shuffle,20260623T154038_255427,of:0000000000000004:1 -> of:000000000000000c:4,0.002,0.0025,0.002,0.002,2.0,2026-06-23T15:40:38,0.002,2.03
ip_shuffle,20260623T154038_255427,of:0000000000000005:1 -> of:000000000000000c:5,0.002,0.0025,0.002,0.002,2.6,2026-06-23T15:40:38,0.002,2.63
ip_shuffle,20260623T154038_255427,of:000000000000000a:1 -> of:000000000000000d:6,0.002,0.0025,0.002,0.002,2.1,2026-06-23T15:40:38,0.002,2.13
ip_shuffle,20260623T154038_255427,of:000000000000000b:3 -> of:000000000000000d:2,0.002,0.0025,0.002,0.002,2.9,2026-06-23T15:40:38,0.002,2.9
ip_shuffle,20260623T154038_255427,of:000000000000000c:3 -> of:000000000000000d:3,0.002,0.0025,0.002,0.002,2.9,2026-06-23T15:40:38,0.002,2.9
ip_shuffle,20260623T154038_255427,of:0000000000000005:2 -> of:0000000000000009:3,0.002,0.0025,0.002,0.002,2.76,2026-06-23T15:40:38,0.002,2.76
ip_shuffle,20260623T154038_255427,of:0000000000000001:1 -> of:000000000000000b:1,0.002,0.0025,0.002,0.002,2.1,2026-06-23T15:40:38,0.002,2.03
ip_shuffle,20260623T154038_255427,of:000000000000000b:2 -> of:000000000000000c:2,0.002,0.0025,0.002,0.002,2.86,2026-06-23T15:40:38,0.002,2.86
ip_shuffle,20260623T154038_255427,of:0000000000000001:2 -> of:000000000000000c:1,0.002,0.0025,0.002,0.002,2.7,2026-06-23T15:40:38,0.002,2.66
ip_shuffle,20260623T154038_255427,of:0000000000000006:2 -> of:000000000000000a:2,0.002,0.0025,0.002,0.002,2.76,2026-06-23T15:40:38,0.002,2.76
ip_shuffle,20260623T154038_255427,of:0000000000000001:3 -> of:000000000000000d:1,0.003,0.00375,0.003,0.003,3.7,2026-06-23T15:40:38,0.003,3.83
ip_shuffle,20260623T154038_255427,of:0000000000000003:1 -> of:000000000000000b:5,0.002,0.0025,0.002,0.002,2.06,2026-06-23T15:40:38,0.002,2.1
ip_shuffle,20260623T154038_255427,of:0000000000000006:1 -> of:000000000000000d:4,0.003,0.00375,0.003,0.003,3.3,2026-06-23T15:40:38,0.003,3.36
ip_shuffle,20260623T154038_255427,of:0000000000000007:2 -> of:000000000000000a:3,0.002,0.0025,0.002,0.002,2.76,2026-06-23T15:40:38,0.002,2.76
ip_shuffle,20260623T154038_255427,of:0000000000000007:1 -> of:000000000000000d:5,0.002,0.0025,0.002,0.002,2.56,2026-06-23T15:40:38,0.002,2.46
ip_shuffle,20260623T154038_255427,of:0000000000000002:2 -> of:0000000000000008:2,0.002,0.0025,0.002,0.002,2.83,2026-06-23T15:40:38,0.002,2.83
ip_shuffle,20260623T154038_255427,of:0000000000000003:2 -> of:0000000000000008:3,0.002,0.0025,0.002,0.002,2.83,2026-06-23T15:40:38,0.002,2.83
ip_shuffle,20260623T154038_255427,of:0000000000000008:1 -> of:000000000000000b:6,0.002,0.0025,0.002,0.002,2.1,2026-06-23T15:40:38,0.002,2.1
ip_shuffle,20260623T154038_255427,of:0000000000000004:2 -> of:0000000000000009:2,0.002,0.0025,0.002,0.002,2.76,2026-06-23T15:40:38,0.002,2.76
ip_shuffle,20260623T154038_255427,of:0000000000000002:1 -> of:000000000000000b:4,0.002,0.0025,0.002,0.002,2.06,2026-06-23T15:40:38,0.002,2.1
ip_shuffle,20260623T154038_255427,of:0000000000000009:1 -> of:000000000000000c:6,0.002,0.0025,0.002,0.002,2.1,2026-06-23T15:40:38,0.002,2.1
